,0,1,2,3,4,5,6,7,8,9,10,11,12,13,14,15,16,17,18,19,20,21,22,23,24,25,26,27,28,29,30,31,32,33,34,35,36,37,38,39,40,41,42,43,44,45,46,47,48,49,50,51,52,53,54,55,56,57,58,59,60,61,62,63,64,65,66,67,68,69,70,71,72,73,74,75,76,77,78,79,80,81,82,83,84,85,86,87,88,89,90,91,92,93,94
0,-2.3607287498549155e-16,2.0852439139903516e-16,-2.3003286592750423e-16,5.669289767544167e-16,5.756948544863149e-17,1.138585538705892e-16,-0.3176092807475577,-0.07312617348736217,-0.0005102026104361799,1.216934038824916e-10,1.685787345169797e-16,-3.5487485337448085e-17,-7.658570240174661e-17,-5.055901391752561e-16,4.621273336133632e-11,3.953655223170175e-13,6.662972157930978e-16,1.6106304710518602e-13,-7.269599570084176e-10,1.2649089250801093e-16,-1.5099091376614766e-12,-1.5062823044632864e-16,1.258745035829317e-15,-0.1615022747869758,0.6160160701793854,-5.11093849484672e-06,0.3892805297930533,1.0726702710664682e-13,4.6221980905804436e-12,-7.389926064078901e-14,-5.349595039069325e-12,0.03777067090157203,-1.0022726566930704e-09,-1.0752759421723683e-09,-5.35236452887943e-13,4.319230474971899e-06,-2.623986387626396e-06,4.780699948691366e-06,-9.662609785553983e-10,-1.6076502327864824e-11,-9.29944583367261e-06,-2.5253992094654275e-09,-5.747305031328156e-08,-3.143881729461266e-11,-1.5041945813853465e-11,-3.6638559047777225e-05,-9.096582870933033e-05,1.4554996082954563e-09,-1.0362406475066923e-08,-2.258114189334688e-05,-9.662809203161751e-09,0.013799856418398464,5.1673390078722436e-08,-6.294487321031106e-07,0.03963546388748961,-1.273960464196704e-07,4.5999449912632575e-07,2.542197889504679e-08,-0.011225472237536288,-2.9009732847833293e-07,-0.0006938369038901631,0.00047970322752422407,-5.7995046980338087e-05,2.3596611169549e-05,-0.0024340727278773073,0.002498455105223033,0.0007308228536443866,0.00010400477282603867,-0.0003382224187635625,-0.00013904606724196857,-0.0008564914967607435,-0.0006281488063486432,0.00034267524690096676,0.0007408496062855104,0.0024450100344274883,-0.0004543420915070178,0.00019997121564200887,-0.00081224611285564,0.0019848269433097947,-0.5773502691896278,-0.00035087140700716413,1.1955153935998674e-05,0.000961083636873899,0.0008046390268125557,-0.0009620354533914205,0.0013079599507314138,-0.00015081104294795917,2.8465170946523548e-05,-0.0002916747763510126,-0.0002661836611835495,-0.0002209055718354948,-8.841239254306311e-05,-2.8610559236362957e-06,-0.0003504384871565997,0.0005287323671528228
1,2.3143986563829984e-16,-2.446459052926624e-16,5.0806398323814e-16,-5.996966190812086e-16,-1.4131463468143536e-16,2.4948863734501707e-16,0.09628647002910697,0.3151642620146426,-0.0022962318180656835,-3.6288718075925986e-11,-1.098955542819232e-16,1.7720350923955454e-16,6.003857582679967e-18,1.627180158254064e-16,-1.0535106857391758e-10,-1.3648819138593603e-13,-1.8885185859975795e-16,-3.6613945201741357e-13,2.4351936572572693e-10,1.640497504514095e-17,7.19741954483506e-10,1.0082207546345623e-15,-1.902941631723666e-15,0.6942527784018278,-0.18645905185263906,1.5076245606821643e-06,-0.11762531259364828,-3.154087261161562e-14,-1.5915262292826436e-12,1.4950198641887045e-13,2.6606632436841327e-12,-0.16189489267006596,1.3144921536682595e-09,2.7721919605595006e-10,1.5742665631348193e-12,-7.930979915732832e-07,2.477634511916133e-07,-7.283423043059164e-06,1.3868870258149384e-09,4.061467361909847e-12,2.1032353912186677e-06,5.122736540978806e-10,1.2692102451248483e-08,5.061820137788308e-11,-9.905431591989307e-12,1.1807074297218731e-05,-0.0006791282887924151,-6.739461271127957e-10,6.3615310827351595e-09,1.3758641992563519e-05,4.618814129629864e-09,-0.007728613728975302,-3.197359884504184e-08,3.9908000188342874e-07,-0.008475694834400896,7.105336170009627e-08,-3.7852011630580184e-07,-1.5132367258839575e-09,0.03326561785953182,6.970540418795323e-07,-0.0005057863598173586,0.0003322262839500845,-7.768189270953968e-05,1.5720836908775888e-05,-0.0004941115147127702,0.001589941879900901,0.0005210431787026075,0.0004111177463634351,0.002568418844001797,0.0008919847651829845,0.0010220289264515328,0.0004346953938710958,0.0006402032965664562,2.0776156376843744e-05,0.0005149296593343564,0.00011557004621720379,-0.0005343178878081801,9.058584979463225e-05,0.00014765807136597344,-0.5773502691896251,0.0002919882075313741,-1.2963040236809955e-05,-0.000677202302083489,-0.0018893684747309809,0.0018084011649441608,-0.0015969989579048328,0.0001756596713614063,-2.5435156778593223e-05,0.00021624786049481085,-9.968265479651269e-05,3.2067535098554215e-05,0.0002051238969287849,-1.7726096182332302e-06,0.00033623462512559634,-0.0004505053834329318
2,3.6118129369095164e-16,-2.3238730113592322e-17,1.943725848100179e-16,1.9621736531820146e-16,-3.7208718458387613e-16,-2.055852419225251e-16,0.22132281071845092,-0.24203808852727998,0.0028064344285017293,-8.54045525004951e-11,1.236193829235066e-16,-3.7194890941454906e-16,2.941545238861502e-16,1.2741588270776777e-17,5.913854478852971e-11,-2.589428076795101e-13,-4.965032263155257e-16,2.0543693792606807e-13,4.834418232069102e-10,-2.8709825004191406e-17,-7.182323551521976e-10,-1.1008448237462062e-15,8.338904213482382e-16,-0.5327505036148396,-0.4295570183267448,3.6033139358919152e-06,-0.27165521719940017,-7.528598818117456e-14,-3.030566163888818e-12,-7.60579982559501e-14,2.6886983111833178e-12,0.12412422176847399,-3.1221869704704683e-10,7.980565337364768e-10,-1.039291739677277e-12,-3.5261324840792083e-06,2.3762229357197333e-06,2.50272309283209e-06,-4.206262814533865e-10,1.2014699553762422e-11,7.196210444316568e-06,2.013125234964339e-09,4.478094788580382e-08,-1.91794706746718e-11,2.494760750546588e-11,2.4831484748707673e-05,0.0007700941175011607,-7.815530760002921e-10,4.000875414751856e-09,8.822499900469645e-06,5.043994667291701e-09,-0.006071242689449815,-1.9699791344672176e-08,2.3036873015929192e-07,-0.031159769053009163,5.6342684905815494e-08,-8.147438360019583e-08,-2.3908742400213422e-08,-0.022040145622096042,-4.069567134965339e-07,0.0011996232636983784,-0.000811929511467437,0.00013567693968910303,-3.931744807788399e-05,0.0029281842425330613,-0.004088396985064734,-0.0012518660323289456,-0.0005151225191863935,-0.002230196425248742,-0.000752938697945727,-0.0001655374297176576,0.0001934534124622753,-0.0009828785434574968,-0.0007616257626413501,-0.0029599396937012783,0.0003387720453292396,0.0003343466721475411,0.0007216602630447255,-0.002132485014642437,-0.5773502691896245,5.888319948502518e-05,1.0078862973906049e-06,-0.00028388133477001465,0.0010847294479303204,-0.0008463657115712411,0.0002890390071898754,-2.4848628414706326e-05,-3.0300141688882766e-06,7.542691579056746e-05,0.0003658663159667468,0.00018883803676008034,-0.00011671150437621418,4.633665541622535e-06,1.4203862025236182e-05,-7.822698371119317e-05
3,1.2831256330672137e-16,-9.505535239138757e-17,1.422264062577659e-17,2.37012614183826e-16,1.765183881946228e-16,1.5882180525671899e-16,0.7124318497896518,-0.21672413476602692,0.5805504991094155,-1.4116330272090658e-10,-5.180764436073575e-17,5.179967540196124e-17,-7.151896544660139e-17,-1.3439132578887746e-16,8.979530371824968e-13,-2.450826944254115e-13,4.0187807558520255e-16,-3.342229030932409e-16,1.9007876392800562e-11,-8.703335590895415e-17,6.80809139936512e-11,2.53036083087696e-16,8.853078391247542e-18,0.09292884274978694,0.24073371682428954,-1.9740606959982623e-06,0.19727495828547825,3.699956464366726e-14,1.884978665166104e-12,5.343251903526194e-16,-2.449242206436364e-12,-0.02988873636602378,-2.529666500188301e-10,-7.296144923015133e-10,1.7135486364897407e-13,3.5281742037173925e-06,-2.218644495038658e-06,1.0503673411676178e-06,-2.3114487402214106e-10,-1.1167023960768823e-11,-6.957890550752423e-06,-1.8868111664889732e-09,-4.3203427571264126e-08,-5.748062214909568e-12,-2.0172384455094587e-11,-3.246515980904959e-05,-0.008485866192805537,1.210635762456576e-09,-8.370421870530591e-09,-1.7348189208943232e-05,-7.862523093349485e-09,0.011271831939550817,3.988704538492124e-08,-4.841986624534617e-07,0.041402335332539154,-1.0397928219787019e-07,3.0784298766622055e-07,2.858171645745982e-08,0.005775424001828392,6.231617225698977e-08,-0.0011062387693664374,0.0007549082533893127,-0.00011587207375976337,3.6905334067777307e-05,-0.0030697647925007113,0.0038679898456688328,0.0011691970880876661,0.0004121943375924275,0.0016259983857712045,0.0005695732503362173,0.0041629496898853875,-0.0036009566931826443,0.0006830537444094406,0.0010519264576598398,0.003595433258718093,-0.0004606902949574096,-6.733384035514138e-05,-0.0010723051615634928,0.0027411403840850146,-1.5847941336890596e-15,0.00010193248633222631,-7.599913736677798e-05,0.0010317974714362525,0.00027693980725233206,-0.0005673346144307377,0.0006262494446223574,-9.760164891485885e-05,0.00010674020207465174,8.323270541874411e-05,-0.0006415150052016926,-0.0002552958636907373,1.3372605750426238e-05,-3.9116098429535874e-05,-9.889238582208087e-05,0.00022499312582918078
4,2.4477416486795787e-16,7.858592820303161e-18,1.5615228467256878e-16,-1.7412749622711876e-16,-2.530715460014516e-16,7.864347675157913e-17,-0.5499466943930681,-0.5031614377660589,0.5790274197725718,1.1408457534540013e-10,1.5324694875935323e-18,8.311520038615553e-17,1.5498010629699602e-17,1.6396217273841894e-16,6.699927353158862e-11,2.0811173971935444e-13,-2.619194537962526e-16,1.0977088333093916e-13,-2.1919199391121803e-11,5.400452845034936e-17,6.844944584705278e-11,2.496055890176651e-16,-6.265479942771895e-16,0.2133014258838024,-0.18403665525292998,1.4923660060031933e-06,-0.1517574549401593,-2.7895981544888988e-14,-1.5280523035102272e-12,5.958879548753419e-14,2.4429471572630713e-12,-0.0703329300632277,8.256080610158417e-10,5.318049660211305e-10,7.43891298310816e-13,-2.3228329768638565e-06,1.2932521026020116e-06,-5.1898775822735225e-06,9.497135508016622e-10,8.086461092830865e-12,4.869034094562001e-06,1.2796844408028638e-09,3.0019799076510606e-08,3.521887578453511e-11,2.9749079975978178e-12,2.732635442263632e-05,-0.008339366972887955,-1.095939808770249e-09,8.207189812945055e-09,2.0857670251642216e-05,8.170885213406347e-09,-0.012583357608300413,-4.8359880049690955e-08,5.977367970022273e-07,-0.028549120830955566,1.1581062782419481e-07,-4.899077591701405e-07,-1.6035009457768915e-08,0.025854425885429366,5.800310111436953e-07,0.00015841143281125752,-0.00012019615777998901,-9.739725843757047e-06,-6.2898362908623935e-06,0.0013988084226349842,-0.0007228778009813932,-0.0001746493731042166,0.000220182934152408,0.0022512966109422055,0.0008268051709588735,0.005753919404596503,-0.0024333476484273485,4.4519987888492e-05,-0.000331774253255638,-0.0009789587635760854,0.0003995825551417401,-0.0004459276273616665,0.0004497724823456113,-0.0009846958882224375,1.0865088314188645e-15,0.0007654946342444003,-9.865349250528602e-05,-0.0007694692038036998,-0.0012351322264717278,0.0012366713793483598,-0.0018372105874539975,0.00018653334617189747,5.3025409410201326e-05,0.000634277773859701,-0.00013830544713327528,0.00016341410321281565,0.00018095325565320214,-3.3692738373645614e-05,0.0005601106533618896,-0.0007690433603693749
5,-2.230589834748006e-16,2.4728354095315647e-16,2.688591867357271e-16,-2.3388767244737446e-16,4.848850310429807e-16,4.581939838443318e-19,-0.1672438540549562,0.7313459473232543,0.5721726072663296,3.79654990533185e-11,6.157391893695534e-17,-7.818357567535026e-17,9.798274089217287e-17,-1.4863947364608255e-18,-8.369631409695226e-11,5.184201333157987e-14,-4.5024086039868477e-17,-1.4199580885181334e-13,-8.208864496608891e-12,-6.528836570477227e-17,-1.0724596905748024e-10,-4.802753886829767e-16,6.269722535869379e-16,-0.3041463957918904,-0.05546487820570098,4.6983950970346875e-07,-0.046293545063108246,-8.707526258271863e-15,-3.5281296193079456e-13,-6.017451664590729e-14,9.69900919004689e-15,0.1030213747834411,-5.889544958992218e-10,2.0659554218846758e-10,-9.40465468433219e-13,-1.2484698305961912e-06,9.61649916565068e-07,4.317170370700172e-06,-7.451881796101984e-10,3.222188077105967e-12,2.1941643315364844e-06,6.373651168830395e-10,1.384949509687215e-08,-3.074024686607482e-11,1.821816882844501e-11,8.058051594266275e-06,-0.00724564017521311,-2.7915900250121162e-11,-1.969885590501254e-09,-2.4210791059013526e-06,5.069300512272465e-10,0.0007767484577776803,6.244081157498167e-09,-8.822662340495288e-08,-0.013590618078244689,-6.774117854144389e-09,1.6654510205558983e-07,-1.3379210543784997e-08,-0.033647783868371396,-6.639488039602096e-07,0.0010803036219038551,-0.0007262639720220079,0.00013242002905121896,-3.506787664462662e-05,0.0023059191488587335,-0.003644368253700489,-0.001132750270378661,-0.0005388139206452094,-0.0024971400850653616,-0.0008233454508344377,0.0038554568095515323,-0.0032413636288411503,-0.0011484211994088295,-0.0003705783264377681,-0.0019423454542075967,0.00018075675209658994,0.0005656651258879493,0.0002800225818489246,-0.001261873603896902,6.281452665864825e-16,0.00021329141026736446,-7.408924860537027e-05,0.0004997459741045412,0.002315355802151012,-0.0021544370556346414,0.0011706361756643404,-0.00014441761659479997,0.00010102245728620484,0.00022573261751030233,5.014062218139709e-05,0.0001026324921176511,-0.00020784739737068317,-3.033261523915837e-05,-7.218188287451166e-05,7.792349126852592e-05
6,1.110006899689767e-17,-9.92311780701358e-17,-9.973837250407941e-17,-3.6812898066830937e-16,-3.9640037917668557e-16,8.317405977870825e-18,-0.04152946626966995,0.009301827340831079,-0.009145694284254258,-1.2185871593538026e-09,-1.9765316390997706e-16,-6.031246774890921e-16,7.093231315744648e-16,5.46181936065883e-16,1.220785327863463e-10,-3.869554170968841e-12,-2.230906876465919e-16,3.7214401972896166e-13,4.247067633351599e-09,1.5033153909033029e-16,-1.8705235281237766e-09,-2.65010642397308e-16,-3.2247440521742445e-16,-0.04994062226078493,-0.36631240674563065,3.5511928468961914e-06,0.49366113726204847,-1.4005003238306978e-13,-7.566065434448719e-13,-1.9849930546898473e-15,-6.770543488070275e-12,-0.165416385821135,-1.1428523961194157e-09,-4.433232214914622e-09,1.0153228473955168e-12,2.8096434794482038e-05,-1.737081161530303e-05,6.2406940884015495e-06,-1.2842259486567918e-09,-7.075928555221489e-11,-4.929811658468637e-05,-1.304198999121468e-08,-3.070943311877067e-07,-3.1780226047372744e-11,-1.9396602083021766e-10,-0.0002851246900542303,-0.4788577792873908,1.3132302320790695e-08,-1.1454585958570523e-07,-0.00015764868190934508,-6.663227206184291e-08,0.10926085888619873,3.7020735970206827e-07,-4.539378163898536e-06,0.457813431685704,-1.0040799165032877e-06,2.75634234597462e-06,3.147888186708253e-07,0.08222972880085384,1.3649593706586425e-06,-0.011868411562495934,0.008069636927384145,-0.0014034496023870807,0.00039581197291926114,-0.027428630977800076,0.04105098024944499,0.012691837944720187,0.007205511455371194,0.04670157335181205,0.01784312603889562,0.2816618195922934,-0.1978018693759039,0.0023983273516040024,0.018830400612590913,0.056468511298564436,-0.0035781160494991865,-0.000824550397784048,-0.018837993600185954,0.042466745840631724,-1.2575730434194016e-14,0.019786628372570957,-0.005127543487910203,0.024407719499703103,0.023079401467784894,-0.0289306199232425,0.004582865942899995,-0.0018612463793710057,0.005642319862004119,0.01713056686353282,-0.020353607445084933,-0.00296523973271748,0.0002716052061036616,-0.0022158255075696936,0.005791129129573019,-0.0056909473467347685
7,-2.2027832979038502e-16,3.196745542320761e-16,3.578435104095328e-18,1.3957689789605808e-16,8.032854308197829e-18,-2.324541019428557e-16,0.032459588262954794,0.02232052395658651,-0.009487973657919525,9.496552347531157e-10,2.629665589434786e-16,-9.617990839074457e-17,1.385012435672756e-16,2.9698008884637453e-16,1.0818172183740534e-09,3.2464059762315865e-12,4.533509125768336e-16,3.231568479839676e-12,-3.510223041332933e-09,1.4745219537839164e-16,-2.2340383257442886e-09,-5.896491402728901e-16,2.6943886352404936e-15,-0.12078518765773213,0.2868599814362059,-2.7482858754268874e-06,-0.3872239870652416,1.0867312601183863e-13,6.51391850873533e-13,4.805068991612637e-14,7.057035742846615e-12,-0.4064268394188278,4.5313866098067615e-09,3.2347066550355323e-09,4.220989712043207e-12,-1.7528507312840593e-05,9.372124125387734e-06,-4.316841769418784e-05,7.002600358694043e-09,5.1189283181303055e-11,3.418803789537651e-05,8.736038061628673e-09,2.1120223382225894e-07,2.9316020334226014e-10,1.0415755290685481e-11,0.00031561271151341557,-0.47464895281807756,-9.465022463889076e-09,5.13552709559465e-08,0.0002491220097197616,9.905595997470324e-08,-0.1500660959548367,-5.796456690104869e-07,7.199666269676356e-06,-0.30419986936658033,1.3797740037271978e-06,-6.07960635470609e-06,-1.6388827392369507e-07,0.3406683164821473,7.81776429950141e-06,0.0015609724612863543,-0.0012527360473520285,-0.00031484666992057705,-6.673757629022529e-05,0.02193714021520132,-0.008387233242310154,-0.0017218387591363344,0.00554435718510093,0.056790428277922446,0.021788542062145068,0.2989422481995514,-0.18260849298199727,-0.003981748069970285,0.003027365263062547,0.004785373102079023,0.0065004975725234705,-0.0059160011157661715,-0.001256384885566743,-0.00011284845910721371,1.3214722181705416e-14,0.0276704157733413,-0.005369266935238137,0.0028047800820700007,0.0030634528695735724,-0.005706464732283353,-0.025829231108807728,0.0016455484925316389,0.0049507684083741205,0.023628945950290102,-0.014567986068598656,0.0019203998759777404,0.002485118965823939,-0.0021398557307960053,0.013737391370886077,-0.017618006057452625
8,-5.884491720581623e-17,-9.612704284568983e-17,-1.4255798145965306e-16,-2.7975982677417766e-18,2.7689737596395475e-16,-1.99550585715088e-17,0.01002992867704778,-0.033792686537857775,-0.010935707653684373,3.0521493380029476e-10,3.6429245272583865e-16,3.2939375741230473e-16,-1.5347590321128886e-16,-2.6692852912706804e-18,-1.3120606895916444e-09,7.18102573439098e-13,3.1263945544961023e-16,-3.927231453398243e-12,-8.465849384458815e-10,-2.7186352536011135e-17,4.485335088634111e-09,1.0143714840017646e-15,-2.560819805345696e-15,0.18412254098629088,0.08921288503812674,-9.100460082254437e-07,-0.12097093657323515,3.54599889744296e-14,1.160125023766328e-13,-5.041066236095833e-14,-2.4781875319617846e-13,0.6263308425668516,-3.756276005788776e-09,1.3332374682178718e-09,-5.729981705297586e-12,-1.0452038647808121e-05,8.202826190048135e-06,4.092404354325722e-05,-6.289588273373949e-09,2.1732297303424822e-11,1.6765198070319033e-05,4.8161681223304435e-09,1.0645498194102508e-07,-2.8985572781389494e-10,2.0518034034224714e-10,0.00011655093928741562,-0.43539004526469527,1.6997660709116309e-09,-5.9029965364379835e-08,-2.6802995969808598e-05,1.2493047066762229e-08,0.010368074973053512,7.513206512162171e-08,-1.104519505823628e-06,-0.15791717373876737,-8.850095986119694e-08,2.1381695286107126e-06,-1.6509015000840714e-07,-0.47171279936593313,-9.061404580372654e-06,0.015708523176730473,-0.010596552556339746,0.0018107305824262875,-0.0005134051537035451,0.03833159350470323,-0.05404724082980031,-0.01658866278374964,-0.0057113545484545015,-0.012945023623742766,-0.0025293627756374226,0.25735537311131074,-0.18290820677239655,-0.02151593063885368,0.0007854288679098619,-0.014339873314500623,0.003927179962316611,0.008678278523360797,-0.0019489944085394274,-0.008216542603346387,-3.2193276241291684e-15,0.01889035656950937,-0.004745015387631861,0.018913127954506153,0.05241026265756913,-0.05218735776112985,0.016307790287280462,-0.002912549443510253,0.005316354404609972,0.017033580096775584,-0.010480916569402542,0.0013994999527555,-0.003117404833400276,-0.0019683951107899024,0.004596949735661142,-0.005542960634705942
9,-4.505329345189875e-15,-9.487556757397005e-16,-3.1327163042849757e-16,1.2480845888744768e-14,7.886267291338443e-17,-3.024278434310461e-16,0.0034169546286504492,-0.0005926961539812998,0.00016232456971255967,8.9896985758275e-09,-4.140182607710149e-16,1.4532413691906699e-16,-4.0467324937913366e-16,-2.693102941759219e-16,-1.4360773139696719e-09,2.0013160499022007e-11,1.8423467093649448e-16,-3.2320966254636396e-12,-1.1463611090456716e-08,2.7072219944116895e-16,4.910674703273285e-09,1.2776002851294996e-18,-2.4550167363201347e-16,0.022392273307977908,0.22114099467373982,-2.4606533514840775e-06,-0.414919349504388,1.4909264042140435e-13,-5.617903533059609e-13,-7.980204822994461e-15,4.9384278556666395e-12,0.12910854209471953,-6.822800050894037e-11,3.316037268904945e-10,-1.0430629624599895e-12,8.611817144066255e-06,-4.633208232547964e-06,4.7737714183544835e-06,-7.007726501267739e-10,1.1408159909464701e-12,-7.886572903066103e-06,-1.5426790599500226e-09,-5.070296593347335e-08,-3.021134288983084e-11,-1.4796358603444878e-10,-0.00036350193761163434,0.35553001731383166,8.479753052410233e-09,-3.527095080650175e-08,-0.00021180501524408886,-9.380909498526667e-08,0.1464021570613522,4.986422503699621e-07,-6.160050331800096e-06,0.5977695905598956,-1.3422392701721677e-06,3.960207447918835e-06,4.044893480803554e-07,0.10780729431174502,1.5150417229322047e-06,-0.017637664613339488,0.012030968976581666,-0.0020334408613622615,0.0005942716559337189,-0.04371221199393665,0.06235119858189428,0.019196560526899015,0.010085258132816249,0.06230716583201831,0.02376475873614936,0.3755956031457427,-0.26757490631942343,0.004804673716378482,0.028168313276975852,0.08607940232978936,-0.005681264902372383,-0.0013309645520297056,-0.028777739846002067,0.06588448073502538,-1.468887489856673e-14,0.03215515128154241,-0.008484162983951531,0.0368389197321051,0.034926425609032065,-0.04302205991022415,0.007316611654376545,-0.002926180365468286,0.008954633856007923,0.02752578406933124,-0.03282695821264018,-0.004780764316706487,0.0004445933018703197,-0.0036742532454725678,0.008750223329192196,-0.008479592351766447
10,3.691427315681618e-15,-3.538897654075721e-15,3.4120218008810305e-16,-2.6876099432419753e-14,-1.6399716548386681e-16,1.6763784358077616e-16,-0.0026780858032241887,-0.0014356665023641804,0.00021663549645560814,-7.010334983149649e-09,-2.7706967283678927e-16,1.9081702603578705e-16,-2.2896026788040963e-17,-2.436904104707534e-16,-8.081731001888595e-09,-1.7228801092312478e-11,-5.721131522140039e-16,-1.752560551399512e-11,9.724873494441456e-09,-1.897135736743693e-16,7.26032018118711e-09,5.834096500470961e-16,-5.839992965444594e-15,0.054456043230198835,-0.17335170232892919,1.914277455975268e-06,0.3252721230307247,-1.1526646590770973e-13,3.988244664686155e-13,-9.955851073667478e-14,-6.182203144326499e-12,0.3170404978286999,-2.557344520272917e-09,-1.1135678119841751e-10,-3.113958549671299e-12,-8.733191742943064e-06,4.75593722725161e-06,-2.009001405902118e-06,-1.2639532250454254e-09,1.4120513616668668e-12,7.318628023175839e-06,1.556722682396918e-09,4.6754067435737744e-08,1.0044856865503485e-11,2.7568830645216612e-11,0.0002440310369571801,0.35307341644525675,-1.1699837514509453e-08,1.1706858685340303e-07,0.0002515903321820651,8.317534452580004e-08,-0.17159363549087925,-6.183381786469378e-07,7.943751577774261e-06,-0.40593838844685054,1.5621739942470824e-06,-6.934055261986716e-06,-2.170113750831339e-07,0.4523890685681587,1.0095909100297556e-05,0.0019487536487145303,-0.0015923244410534008,-0.000422995690452899,-8.763688510417161e-05,0.029438798737229013,-0.011236668287745402,-0.0023059351628416467,0.0075464309033354314,0.07731518637554481,0.029660978079815433,0.4024047630682067,-0.24466003224103497,-0.005070176960151423,0.003673519809117398,0.005581491379163177,0.010529523316608922,-0.009550681314752937,-0.001282198953866072,-0.0010215722308173957,2.2119503966448183e-14,0.04480491132758421,-0.008872881088953307,0.003050602289370919,0.0033747565756014953,-0.006658150026355682,-0.04094529408846149,0.0026434722706168054,0.007852155298840901,0.03792336962730471,-0.02356819552095921,0.0030977818807100717,0.0040289566554998,-0.003551124152577277,0.021306060086192274,-0.027310313136710104
11,1.1135315824464851e-15,5.2780655770974536e-15,-1.7534428359539026e-16,-2.5143338407743227e-14,-1.1018859433732684e-16,-1.9312434180541444e-17,-0.0008312509696359169,0.0022019855179267996,0.00036771857265742306,-2.279817972998148e-09,-3.50926312294205e-17,-1.520396895867578e-16,3.707393987296799e-16,-3.328733076029734e-17,1.033270795845486e-08,-3.33646488261995e-12,2.412292418719985e-18,2.2507361946158866e-11,2.0868091190889147e-09,4.1153388243486835e-17,-1.3229771858139827e-08,-5.612687372121512e-16,6.79168234115232e-15,-0.08375216048200462,-0.05400317791330042,6.918677732706995e-07,0.10152038666917312,-3.880213968829809e-14,1.8887926352746738e-13,1.1568008785195636e-13,1.288579868478901e-12,-0.48812370346600154,3.2016074670372415e-09,-1.7377178770015536e-10,4.540634501732223e-12,-3.835091030472952e-06,2.0003426290716845e-06,-5.180760926902058e-06,2.3681567649768685e-09,-1.6179385226097651e-12,1.3403982521321216e-06,1.3606409070107651e-11,8.471160682192494e-09,3.763605728770396e-11,1.2892574572397547e-10,5.1040995224997864e-05,0.3228976866625461,-2.1478267139666946e-09,1.8471978981518662e-08,-4.560485481545775e-05,-3.2179368515215636e-09,0.017788902866000673,1.1468886803431926e-07,-1.5931699273509593e-06,-0.2073708459042535,-1.5793583672133014e-07,2.773697577414031e-06,-2.0741734957263846e-07,-0.6201910639939139,-1.1994372112167028e-05,0.021854145612940024,-0.01478110759572417,0.0026167259086694265,-0.0007265638432460576,0.05311720567684978,-0.07751805613676645,-0.02394904658933598,-0.009069173929818932,-0.025984408090354755,-0.006418452925991279,0.34368256971388766,-0.24796724493762876,-0.032005590124227865,0.000321329569626048,-0.023922479049748386,0.00639157458967024,0.01405380608551896,-0.002432529690228344,-0.013686819330570461,-9.997344717526489e-15,0.030659959231738174,-0.007849335255151982,0.028359195865605355,0.0813554613581691,-0.07966245515504075,0.02600909383020834,-0.0046103179619480465,0.008444331127190641,0.027351008815720154,-0.016970837335249265,0.0022684277187625715,-0.005066659865717734,-0.003267010010440133,0.006893553207527261,-0.00828447645611233
12,3.052306030595555e-11,8.549767375593048e-12,8.556014675905113e-17,4.1631226641713497e-11,-1.2281714777503474e-16,6.737995538480936e-17,-1.4005259723170104e-05,1.9341900894968407e-06,8.358173219888386e-08,-1.2983760149707363e-06,2.9246984702921134e-16,-1.1412556655711928e-16,-1.3990456895717827e-16,-1.5503799872708358e-16,2.8063799739182647e-07,-2.055598888016121e-09,3.1044612385650385e-15,4.698122904016493e-10,6.216482968860537e-07,8.492229816064696e-16,-2.757475770782435e-07,5.479487586481291e-15,7.34919587284054e-14,-0.0003790430872139422,-0.004550554569977484,7.831914592978717e-06,0.010395884551344714,-2.4822920590384453e-12,3.017087761178759e-11,7.233739824941099e-13,2.878376585218097e-11,-0.0030851349876384357,1.9807163042006834e-08,7.693691601195228e-08,7.801366215702512e-12,-0.0004715653649095474,0.0002975034099080777,-9.981755887142646e-05,2.8873667849745104e-08,1.2728484776901805e-09,0.0009528739375709028,2.5303978641670745e-07,5.949196590993377e-06,4.5469063263862956e-10,3.073096909308671e-09,0.00299392331869173,-0.00802587932157626,-1.220145802297439e-07,6.683449366165265e-07,0.0005561216923624262,4.5096489888636676e-07,-0.10375702467141722,-8.102585198950511e-07,5.521600356161941e-06,-0.1292290439048383,1.21897081868952e-06,4.197854435280271e-06,-3.5683856672064165e-07,-0.06227421886232509,-9.657298431519942e-06,-0.08008375832696947,0.05624129293679447,-0.007545851917532393,0.0029753429164710533,-0.31496099093737273,0.3433504044743419,0.1029574098785534,0.022364163523505617,0.001030494858965847,-0.00269601877906557,-0.1701615472587063,-0.04702684764781418,0.07996982749978272,0.1319800376344539,0.4753735885666837,-0.045272164082777434,-0.010729157475271443,-0.15880328618490663,0.4103565409540545,-1.550773411349731e-14,0.2374615199324689,-0.07007353917106915,0.17843610162855908,0.158251798917989,-0.16911896523952866,0.06050838310808848,-0.019334164575360028,0.05885011794641769,0.19020004594365347,-0.24280978938211678,-0.038555884976244355,0.003662310606113562,-0.030809348526037506,0.035678917531879954,-0.0270199705032702
13,-2.4216674674081153e-11,2.2734220322424665e-11,2.2147701230191204e-17,1.0979225933431088e-10,-7.24922093876595e-17,4.59019853440651e-17,1.1121897058845992e-05,4.752499750879761e-06,-2.444988745815712e-07,1.0208758010738941e-06,2.9749194143422715e-16,-1.763951396403285e-16,1.264639096696131e-16,4.3096142331552765e-16,1.2074453076446071e-06,1.8474579933028456e-09,-2.3924487694397457e-15,1.934829702983592e-09,-5.560409862785496e-07,3.227121943500511e-15,-4.749299642240527e-07,-6.8806390923290415e-15,3.224268757549602e-13,-0.0009918835269258032,0.003814850146670082,-1.1551029789228194e-05,-0.008853691093171903,1.958789834180053e-12,-2.3474333592761635e-11,2.780327953976354e-12,2.0758694490460757e-11,-0.008451003479726842,-3.7998304310336995e-08,-6.158344595119847e-08,-5.050976507141568e-12,0.00042952817547563363,-0.00023491184163569452,0.0008462519065293461,-1.1422997385066465e-07,-1.0070027369500514e-09,-0.0007033649848447931,-1.7618974788123886e-07,-4.344117716118542e-06,-5.739449596383555e-09,2.3972198931337567e-10,-0.002994585840080331,-0.013371314459597479,1.6783016095910704e-07,-1.3498660406138747e-06,-0.001965819473482851,-9.35650596308233e-07,0.7506596050713195,3.947422472630469e-06,-4.3244089096519016e-05,-0.17756511713758202,-7.287680308023419e-06,3.137869600677315e-05,-4.941889162100539e-08,0.060075784381597365,-7.220520589071323e-06,-0.0003267391224973863,-0.00026761902346158904,-5.848480863158323e-06,-9.009939223720374e-05,0.02649748833470051,-0.015524066841770082,-0.003943402201337027,0.006569036110835217,0.0678079445252602,0.024880605270004564,0.0033689188244672968,0.07348149502860647,0.01529168073055507,-0.02625355828667085,-0.06149741562950922,0.08370990101798846,-0.07626871907344072,0.028502153060115033,-0.05922295935249352,3.580677911183e-14,0.3366466512155783,-0.07320417188228609,-0.05056061188482394,-0.06262520701587396,0.07639599013953698,-0.29395212844483903,0.021764673846257725,0.05058990019339207,0.27059563537577924,-0.1709025178166897,0.02500978575983026,0.0327544263121819,-0.02981211467376208,0.12595573510778005,-0.16188710930514283
14,-7.300829643113086e-12,-3.415188523049577e-11,1.618408451704545e-17,1.0689068595508555e-10,-5.347199229656937e-18,1.4430753956410078e-16,3.414458395837021e-06,-7.229999527979057e-06,-8.535985446066036e-07,3.394079064375453e-07,-2.6629230514786933e-16,8.890352273688888e-17,4.141106331403057e-17,1.377520122629847e-16,-1.5931647721771643e-06,3.0199454032542295e-10,-5.640922259512726e-16,-2.561538183641432e-09,-1.0260920969594665e-07,-4.542270380617179e-15,7.991157234344703e-07,1.1253228754332722e-15,-4.1671290796847223e-13,0.0014243258923827002,0.001109878759006335,-8.67230299431415e-06,-0.002535977390714316,7.648647107669525e-13,-8.513318738064467e-12,-3.4647106052199205e-12,-5.090783860277113e-11,0.011718504513286659,-1.5640065077055968e-08,-2.368906960861484e-08,-2.321157283047946e-12,0.0002792836392667667,-0.00020025059917223227,-0.0006714645273517946,7.525936112479876e-08,-4.0267032325680885e-10,-0.00032872481118857835,-8.738828167240775e-08,-2.07700417936023e-06,4.727304773899727e-09,-3.5648756727165184e-09,-0.000974965440583729,-0.007390997245101295,5.582979949011007e-09,2.6302347881399903e-07,0.00024933415394203347,-8.282566609626604e-08,-0.031581457240295215,-5.062227581840601e-07,5.943032707366877e-06,0.07200739631239038,2.9115607654449144e-07,-9.110077868070035e-06,4.00010233924205e-07,0.1574536289127121,1.9374498669019894e-06,0.04482199813798423,-0.03179642208303061,0.008978540365159963,-0.001953775477376369,0.10052430854557401,-0.24746145651654164,-0.08237110986421511,-0.06398733957827096,-0.3873133523925571,-0.13636894667129157,-0.13248967357505043,-0.06461151882905321,-0.14193743737970735,-0.04011586558137203,-0.2329046038867109,0.050848268473163045,0.11225683844156399,0.01590827242444306,-0.13697643720125308,-2.251068899075397e-15,0.22713295182839233,-0.06482838768800568,0.12391777609888587,0.4875121235188545,-0.42095887371955165,0.19330872157837223,-0.03159180163787705,0.05580121021054468,0.19105766679333272,-0.12066265958677617,0.018436045349312126,-0.04132905727975678,-0.027431266809457806,0.025994431043845776,-0.030272053200564263
15,1.1152260206312318e-14,-1.2321302452998263e-14,-4.3955274169327116e-17,-1.8656132603055973e-13,4.761759833142388e-17,-7.51923860084758e-17,-1.385658865291918e-07,-5.980472632234721e-08,3.672923678448441e-09,-1.8808087366201447e-08,-3.906711110499355e-16,2.1135052979402728e-16,5.696050935694243e-17,-2.5642799566081687e-16,-2.6805971327407258e-08,-4.4922644373279714e-11,-2.410680528823885e-16,-5.566609077914675e-11,2.1368581034917646e-08,-1.855236975247393e-17,2.172323793390508e-08,3.8196071860624165e-16,-1.4679819634785593e-14,6.646160309248197e-05,-0.0002430393598618192,7.286353809192272e-07,0.0006900796738192299,-1.1619891097556644e-13,1.5628391528805882e-12,-1.9644758849810514e-13,-1.6498237823821943e-12,0.0008111304226276134,3.673181505870103e-09,6.8409217749143894e-09,4.843839081640955e-13,-6.619080287869428e-05,3.498668480927602e-05,-0.00011798894707971662,1.3722654999349602e-08,1.1624361633630161e-10,9.210919625779803e-05,2.2346625799045226e-08,5.712207924532741e-07,7.967961660518594e-10,-6.085536210589427e-11,0.0011297568748281875,0.004536522713986811,-5.079577814577078e-08,4.3605431657416756e-07,0.0010801596912410436,4.118426095034904e-07,-0.5723113321642398,-2.466262050745076e-06,2.9881292910737285e-05,0.21913946271753149,5.363413753180859e-06,-2.5428151944988463e-05,5.222354669478573e-08,-0.1250532729776832,1.3450593926820004e-05,0.03316327675068267,-0.022492252459151114,-6.380109836780661e-05,-0.0009084866767956023,0.15387183816763636,-0.07964569208677653,-0.018484976410215053,0.02083429434021538,0.19302900075910287,0.0676344137415436,0.0071282155633457115,0.1499154677823825,0.02763202054978186,-0.04279149123808374,-0.09351038157513296,0.08632942209206974,-0.07888737030484916,0.04076282939804134,-0.07958215853565243,-1.013850784590845e-14,0.35877822931101294,-0.07391494508982016,-0.07189448685870017,-0.0810863037762214,0.10654808472367505,-0.35369999124561197,0.02592531169183177,0.05743000934551771,0.2968752660053534,-0.18410253831180487,0.025084163609257425,0.03284367968644428,-0.02983665469199569,0.15932513931841782,-0.20648512975323338
16,-2.3372854808806484e-07,-7.161606604166948e-08,2.1626900029020533e-16,-5.857430767255757e-07,-6.344425513883206e-17,2.5079692184007006e-17,4.9503439205941934e-08,-5.39037315380667e-09,-1.2805647041400857e-09,0.00024920305601575544,-3.9686776561334984e-16,1.8482547956909152e-16,2.486707051183794e-16,1.0921533450496474e-16,-6.36877910359659e-05,2.9696098503391563e-07,-4.582433423698524e-13,-8.151497861684035e-08,-5.720492141449841e-05,-1.4443465856361464e-13,2.5838872334048603e-05,-4.343777022327724e-13,-8.139826741197941e-12,5.187105726304499e-06,8.18666599781484e-05,0.00017061936450869764,-0.0002286991928642692,1.4877637427687083e-10,-1.6789582820564417e-09,-5.7317460114272626e-11,-1.5443708386719945e-09,5.7486808556038954e-05,3.6568094390133296e-07,-2.5932864059126762e-06,-3.44026792642607e-10,0.007923774655991173,-0.005414850674188847,0.0008163660295435346,-6.046405873623514e-07,-4.154830904888084e-08,-0.02856050700753559,-8.08133159593874e-06,-0.0001783085617585816,2.606168966442842e-09,-5.0373425914517475e-08,-0.03512736388672672,1.9913374460877386e-05,1.5597810742475105e-06,-7.704931878218349e-06,-0.0028284680920931506,-2.413460019887912e-06,0.050521230323525866,2.77158921447155e-06,-3.561229959373209e-06,0.01183560456895137,-2.0006136396335883e-06,-4.763379367755098e-05,1.2934281705990542e-06,0.03282090804382812,3.875929795209371e-05,0.16275129649825523,-0.10922361161616678,0.010084163031460864,-0.004641642563534554,0.4233358184508007,-0.4053616171804303,-0.1126180165617378,-0.006704774541717812,0.07471865871050688,0.028297909982248057,0.011153385784292657,0.0744592852619411,0.037789388893270354,0.03531157652703994,0.21138052740984015,-0.10441361554238707,-0.012144972435496355,-0.06292513545589738,0.3044362990193317,-8.539728555770302e-15,0.1808448261989445,-0.13005627217772833,-0.00902039059347209,-0.1649305057998827,0.19072040581285857,0.3387778950498244,-0.028554603147289304,0.0027435445611355253,0.03433114422499042,-0.24962119643269534,-0.07769578093634277,0.007061107609548829,-0.06190639469064035,-0.21174874680862257,0.29165677016167973
17,1.8748748790712282e-07,-1.8672610971622904e-07,-5.3838455702113444e-17,-7.191617512043376e-07,6.093637790948243e-17,-8.419474330268457e-17,-3.904842044038107e-08,-1.3351473319866314e-08,2.8464051350694513e-10,-0.0001928197300139311,2.547695694040617e-16,-4.171708026398172e-17,-1.136569607914147e-16,2.4635292039421605e-16,-0.0002340685473144197,-2.6970568994736276e-07,4.2087692824974616e-13,-2.8877996913716345e-07,5.068556780921088e-05,-5.183362812287499e-13,4.6005879198141845e-05,5.499380543699709e-13,-3.0033470352241375e-11,1.4365775268657443e-05,-6.61753718475786e-05,0.0012101029793576508,0.00018620646099170023,-1.1248480958195416e-10,1.1315439886390397e-09,-1.711393127750409e-10,-1.3142776171040358e-09,0.00017268533421082785,2.3996135726958964e-06,1.7224833794167988e-06,1.2461828132432898e-10,-0.011782500917277727,0.006635712193852964,-0.023106489366961275,3.6247770603079903e-06,2.672624893503878e-08,0.015008091838415791,3.597622695676556e-06,9.132475519011267e-05,1.6013132389104208e-07,-1.1663933081191836e-08,0.013173166352789737,0.0004673124381787537,-1.4492914889683421e-06,1.121448019357278e-05,0.005929132217413427,5.698300901837357e-06,-0.08875668330622283,-7.364447843565462e-06,4.4632805241333555e-05,0.019827842812383974,2.9609312212466233e-06,2.7209060376294186e-06,4.4611588322150125e-07,-0.012826213819199662,-5.178621033669505e-05,-0.07829419345686432,0.05175306028916189,0.003008922706386293,0.0016768524009523722,-0.35401856298228995,0.09413914460268384,0.010678571353285905,-0.06445165104271662,-0.4786702002686495,-0.16063530913856788,0.004204834800216064,-0.19893289740831605,-0.05268745506946634,-0.007533135031203035,-0.1166806748535659,0.1325579640942979,-0.12586522448803825,0.06912602035956157,-0.1474104408684613,7.538540838435813e-15,0.2791727181584597,-0.13378045968370886,-0.1384673559137437,-0.33210627222794836,0.29279713721092826,0.07113959174537204,0.013827706608200438,-0.03455473144167468,0.07623362048502194,-0.07509541056407187,0.049711765278369784,0.06518749758415991,-0.059829801955467415,-0.22141134851685526,0.28980994063943993
18,5.658280675622654e-08,2.813712387307314e-07,4.8339107633404934e-17,-6.866706073462029e-07,7.684654399349988e-17,-1.2059125284366666e-16,-1.1975610291776796e-08,2.0419890650157293e-08,2.255060006774463e-09,-6.712744395537157e-05,1.0878652418993838e-16,-8.299551345228286e-17,-7.838681553911234e-18,-7.968948352107005e-17,0.00032319001209307557,-3.6634679474340817e-08,5.147532256993869e-14,4.02175188928127e-07,8.373874668648427e-06,7.196661239067787e-13,-7.905143778316817e-05,-1.1551385270626446e-13,4.185037618951415e-11,-2.1020862741483677e-05,-1.9036610356469524e-05,0.0011019454357730405,5.257893869627699e-05,-5.118408412907763e-11,4.4890279319553704e-10,2.2051869967253776e-10,2.8528431433235945e-09,-0.00024561947537456207,1.5868675468868937e-06,8.009093740451666e-07,5.1560990458694375e-11,-0.010871520899586574,0.007708843644424957,0.0231783152977678,-3.002012593565637e-06,1.3083462959435748e-08,0.008969412798869373,2.25820304325325e-06,5.6197000401594086e-05,-1.6189686397610313e-07,6.762218421687699e-08,0.008666072589965787,8.577488365536494e-05,4.2363297820900306e-08,-4.9696150769897875e-06,-0.0022134167027921163,1.9732613704249938e-06,0.01727967180399079,3.7949601869895863e-06,-3.846190890545403e-05,-0.022467147315517234,-2.3616118063143732e-07,5.5360392240599306e-05,-2.282108556321495e-06,-0.031180801805172808,1.5493105119748063e-05,-0.09419661569698153,0.06369239162382564,-0.0200464638619586,0.00338632477545334,-0.055571524755309853,0.33278238504212526,0.10945708624937922,0.08180470142193305,0.48676193207558466,0.16113607927396995,0.0523842673473129,0.1419601819654261,0.014945434775517519,-0.05808930018319417,-0.2586493608431915,0.0818927638862811,0.21534351305364868,0.0892177084662243,-0.2511849535422924,3.5491357452838388e-15,0.19815937564491018,-0.12082434263544266,-0.08051206831987287,0.16644719360318344,0.015824640473936103,0.42518050748610425,-0.03903912928416487,0.008866973978741562,0.07747760515178082,-0.06023688381382771,0.03680047758144936,-0.08319414480790623,-0.05512628953296211,-0.1734593498779051,0.22215433512605293
19,0.0014024024921701476,0.00047742678115395666,-9.41769088744491e-17,0.004048686184140174,-8.642078710302294e-17,-2.534853240604714e-16,-2.3860073327903993e-10,2.0658663758440763e-11,8.690774026330066e-12,-0.037568277819621805,-1.5524136540963707e-14,-5.917289749059833e-16,-3.2506904022839264e-16,-7.377148257380385e-15,0.011255325652788842,-3.3588275505528606e-05,5.2307382407127246e-11,1.1041544907110668e-05,0.004125339273749607,1.983360371423795e-11,-0.0019193455015994764,2.6580019560695126e-11,6.892613598052292e-10,-1.7204047148762973e-07,-4.181070775853647e-06,-0.11619723340012919,1.3218294733236829e-05,-6.736663472085447e-09,7.8805774629013e-08,4.100976977223274e-09,7.238017468174155e-08,-4.1200407325979226e-06,-0.000140640129752294,7.239255227708559e-05,1.584934457553758e-08,0.12266410514761865,-0.060620515673445945,0.046097537308985005,1.6923372126756794e-06,1.1356445670327372e-06,0.7736578888610367,0.00024756214184999784,0.004864392211349134,-6.574929443569346e-07,6.64177932233396e-07,0.4380353550470379,2.0347503988385625e-05,-1.740222918742996e-05,8.054541893707597e-05,0.006793922560217166,-2.8032610452339e-05,0.002984735943353816,-4.169679691042749e-06,-4.58679097631859e-05,0.00017960562762234412,3.469842181440471e-06,0.00019440325792222145,-3.356638161504828e-06,-6.888613096954787e-05,-8.748396814382935e-05,-0.11305661737348037,0.06819938128089789,0.008380566353392413,0.0011502040890147317,-0.011289494919768378,-0.028165951653556023,-0.017467530445935596,-0.012796159602997815,-0.011875745246896849,-0.002574208995154363,0.051096880172952185,0.07282960334996771,-0.039402729838219,-0.05620850029213034,-0.08013896806278423,-0.1507702987919104,-0.01619133857679757,-0.0029248455817447046,0.04421018451001536,5.43685881713822e-16,-0.003171766040268523,-0.1640796197525642,0.02811000670858931,-0.0905622010453448,-0.06563756732433938,0.03879938135783033,-0.0018509114686086536,-0.03454131663430023,-0.14116859825365802,-0.13016056448498253,-0.1080743852624889,0.009681335961047779,-0.08590859158391102,0.05344512224502004,-0.09333400824942417
20,-0.001167873846545693,0.0012207096655656596,-4.199146995453661e-16,0.004236280551313394,7.180778426591877e-18,2.1387383557219662e-16,1.8784644673788208e-10,5.144972856595674e-11,-1.3767528256152628e-12,0.029719853646833126,1.2843114137577157e-14,6.698273894941158e-16,-7.681969631704164e-16,-1.4599630242456894e-14,0.03709215461091061,3.24600845847557e-05,-5.127528031274851e-11,3.5452238728731836e-05,-0.0038610371549478275,6.428974248150982e-11,-0.003667081262632026,-3.8603890741863024e-11,2.329010555558728e-09,-4.773441385067347e-07,9.439772206550003e-07,-0.16147375272638906,-9.641738883301457e-06,5.7610726603765526e-09,-4.1296491461682536e-08,9.689130427159908e-09,7.451244761353539e-08,-1.2659317374811536e-05,-0.00020044652181635836,-3.9532122642513536e-05,1.8433037106450332e-09,0.48868368889185904,-0.28958352226366685,0.6060413135357924,-0.00010968794611422967,-5.691477859313062e-07,-0.18667712527708463,-1.766758415966117e-05,-0.0010525767389145662,-4.383831708420948e-06,2.8455365387837227e-07,0.04276902163920864,1.5158751923100926e-05,1.3582870673857145e-05,-0.00010808134696100818,-0.04716248388664338,-8.675384409803295e-05,-0.0001481962322520148,5.120447040951249e-05,-0.00028015595071263213,-0.00020234657172043294,-1.422947833749718e-05,-2.267097124799913e-05,-1.5986617473446989e-06,0.0006057493731433659,0.00014779059646120795,0.054375295048622985,-0.03128235980889004,0.0033376562735570477,-0.0003753081903935968,0.13008830680408862,0.0868776992914555,0.03719761478700013,0.02274084214193609,0.040367317532752404,0.001008992141967343,-0.08336254123021287,-0.09965433227549358,-0.03427597773104453,0.03389211770329271,0.05444452706265975,0.15182721428785606,-0.15558885183411017,-0.0215471079238971,-0.08258975199325701,-1.4796101235729072e-15,0.07798964904299346,-0.1682501760727412,0.0840755475563978,-0.0923318125208668,-0.1668719884917413,-0.021640253043440326,0.02115414544591597,-0.08182168588535449,-0.13949535650717354,0.0908680528072018,0.06883885332836544,0.0902837311922691,-0.08298590959328399,-0.031414696669966845,0.013265433633449137
21,-0.0003616937949905568,-0.0018345802293519371,5.732697005263668e-18,0.003957028394321574,-1.4084225784552072e-17,-8.878844918038569e-17,5.77457756508906e-11,-7.876880337743709e-11,-9.875731960285046e-12,0.01087047802134182,4.102428792326538e-15,1.261307390166511e-16,1.186897314873195e-15,2.4171067968403236e-14,-0.051758510945683386,3.41538907253469e-06,-4.5593986933214005e-12,-4.985827759304625e-05,-0.0005384419102966681,-9.01899656541392e-11,0.006214025123422795,1.1273535345747672e-11,-3.3290098328530627e-09,6.554175987675595e-07,-6.995401109743096e-07,-0.1512099404750569,-2.4326531272493694e-06,3.0280293828436187e-09,-1.4600266204183837e-08,-1.0495353694734474e-08,-1.216582981074171e-07,1.7460337205513023e-05,-0.00016481660444993344,-1.881744799786742e-05,3.0238131535769737e-09,0.4803248929665754,-0.3265250127361504,-0.6168989875816262,9.024387118455177e-05,-2.8542739442687306e-07,-0.1102237133079218,-6.6200226269192305e-06,-0.0006506365766486575,4.18832858499014e-06,-1.015534293465886e-06,0.039630910360153905,2.6771177431027077e-06,-3.3494291536878253e-06,7.923597106002972e-05,0.013285766682503551,-5.350579328607618e-05,0.00017923175903312384,-2.329804326023958e-05,0.00023351281459608694,0.0003833673045872897,-1.446720560079903e-06,-0.00034068623402494876,1.2388195422998836e-05,0.001150207441240672,-7.495854442224578e-05,0.10503669271583159,-0.06473420279281893,0.030308426822267132,-0.0026676681590457672,-0.12049372818158272,-0.08497741360963092,-0.024673630500052657,-0.0071884653289821165,-0.016085550717346724,0.008912607472499246,0.02748114455269188,0.03332240363654419,0.11313984979122318,0.026072708474343172,0.12654340163256286,0.0914898110762294,0.2672506745345782,-0.0012808843810386186,-0.08828061376586926,-1.7734614547400715e-15,0.04403724063589221,-0.15284855508256712,-0.015939542945434274,-0.047443962712693875,0.0327279219695102,0.05079459466176983,-0.004219126602748206,-0.026131031884721573,-0.0722423618877812,0.06537127772653588,0.05095683125883737,-0.11549934587727448,-0.07649391515658695,0.07335679531747004,-0.125822751556563
22,-0.5423730380334467,-0.15671774013432901,-1.5079516116480223e-17,-0.41877617882862284,-7.949192458519637e-17,6.980303635738528e-17,1.4439484657030189e-11,-1.0820684498353722e-12,-9.129293644712036e-13,0.32507298495427706,2.211238634085463e-13,9.561742401180793e-15,3.372941861817659e-15,8.756709425109444e-14,-0.07916494488169275,0.000212241752765178,-3.3462268006593816e-10,-5.7509872070724784e-05,-0.015015025232177858,-1.0463796174661922e-10,0.005592580616909224,-8.150439784541383e-11,-2.0289999484881197e-09,4.0818855331314085e-08,2.40507885632391e-06,0.22045434810654102,-2.6111877314747884e-06,1.3574638861293201e-08,-1.335416279593516e-07,-6.415925985536321e-09,-9.200907076464219e-08,9.854622701099928e-07,0.0001292921885709957,-4.524121656033276e-05,-1.4219403717848875e-08,-0.03948539394160058,0.02404762138722927,-0.01774109790373029,-4.010750830503656e-09,-6.4235785030676e-07,-0.3014504887025779,-0.00010855886099902764,-0.0018712586601465763,2.3728080637511453e-07,1.8200984238663103e-07,0.21372390060245333,1.7084332554767318e-05,-6.745356020503877e-06,3.4240678606068776e-05,0.005192748648449552,-1.3035738557716181e-05,-0.0015570417325243028,-3.6401716494373492e-06,-2.956118363280092e-05,-0.00033417320436645106,2.899636705841344e-06,0.00015110108941985913,-2.8572894309788716e-06,-0.002235534963143786,-7.95769616880482e-05,-0.12040838155823443,0.07356867602738716,0.007036771973519642,0.0014496577464794393,-0.03864839352733502,-0.0036599490969815513,-0.010912479880584195,-0.013076643382599324,-0.018483499127494175,-0.004907524567782099,0.054529655925937184,0.07213811388880864,-0.04488993559497328,-0.06333298909606225,-0.10378553028727062,-0.1657644939965125,-0.01782714930364615,0.002540629244144693,0.03076151053149957,9.132522744755219e-16,-0.006369681676076805,-0.17870148889731013,0.02598928118728822,-0.09296018291396954,-0.07192847810760097,0.03355590007608886,-0.0012969988952425023,-0.037266623781894166,-0.15365433157407068,-0.13893231432759567,-0.1194033050888835,0.010605647257693918,-0.09383486913529318,0.06187414705596666,-0.10637337104908619
23,0.42571467157889664,-0.3776739900633243,-8.648375659769278e-17,-0.412986792479041,-1.611569890176541e-16,6.415009750620461e-17,-1.177077500153614e-11,-2.8386273455537153e-12,2.658495852621599e-13,-0.24242198747776855,-1.711323325593236e-13,-7.650224802597982e-15,7.057678344809297e-15,1.6191544845767848e-13,-0.24571181175967916,-0.0001934451253795818,3.0936926261885827e-10,-0.00017388117071856033,0.013258081175353072,-3.1938589757467145e-10,0.010083609287848558,1.1188844578819404e-10,-6.452459675527288e-09,7.476155270489315e-08,2.384510709116678e-06,0.2860663802607998,7.554007597838707e-07,-1.0984869499498277e-08,6.529958454108328e-08,-1.419896076620156e-08,-8.987791321110288e-08,2.3419818330677167e-06,0.00017023470016746894,2.279351004219368e-05,-1.863080800730471e-09,-0.09665605913810908,0.06834600420088938,-0.17621864987973448,5.305874244474243e-05,2.9427931783707806e-07,0.05736215786216853,3.007830724045064e-06,0.0003091692905257217,1.3056557960742725e-06,6.616239685512145e-08,0.010665212693697782,-1.2303775110452755e-05,5.115892836941845e-06,-4.389704766587227e-05,-0.028581936154124046,-4.434311686032276e-05,0.004494925533809249,3.2977300352721657e-05,-0.00018750716569481795,-0.0009693217249545724,-9.760931748489566e-06,-1.6466792853885093e-05,-1.251119074857103e-06,0.0012979729160486893,0.0001246228577524945,0.05493515468518983,-0.032191012765263025,0.0025185782299753942,-0.000457807916376708,0.14312247296900785,0.07430000634119488,0.033877253104123733,0.02516020591745515,0.06413358548112696,0.009406695038670877,-0.08214689370739452,-0.08860234637198798,-0.03136372890180996,0.035066383368784676,0.06129692078949437,0.1563400671123642,-0.1602125145108502,-0.024951222002382326,-0.07546905698361235,-1.2666693274329431e-15,0.07533480346515388,-0.1727400297122734,0.08994454050332899,-0.08068397693193043,-0.17780932353069426,-0.017039692244564777,0.020660258826813927,-0.08323889938765622,-0.1454909170186736,0.09574158515459098,0.07169967181438319,0.09376314739114999,-0.08540420785388284,-0.029941313068746832,0.011317481687857947
24,0.13264950219391572,0.5710594484368791,-3.9679110879548926e-17,-0.38811377566326066,3.96397599310739e-17,-2.907664283873359e-17,-3.5865054569493156e-12,4.2791534832703145e-12,8.108380470667637e-13,-0.08924146691227347,-5.455234323215575e-14,-2.3860280080595917e-15,-1.1300038518055378e-14,-2.657178522823816e-13,0.34498384858539016,-2.0420325680459192e-05,2.7578973790921078e-11,0.00024605225796844724,0.0018543748055868242,4.5083396452965214e-10,-0.01718721133678986,-3.3050440177576737e-11,9.28325359150151e-09,-4.121489504268492e-08,2.409461992581989e-06,0.2696011051776396,-2.0078026002604837e-07,-5.832147290010999e-09,2.30977146931225e-08,1.53862953737161e-08,1.4606993197072302e-07,-2.922831053120026e-06,0.0001415421150346562,1.0944334937890481e-05,-2.790967598706951e-09,-0.09638732535617238,0.07721302566126317,0.18085424245513834,-4.3877862251134276e-05,1.4893618202918738e-07,0.03387912267413329,-1.8257993996693274e-07,0.00019231787626545414,-1.2427952111738712e-06,-2.569458938319012e-07,0.011762091667568298,1.6993339661426047e-06,-1.0636410106901453e-06,3.0380066435430454e-05,0.008350471045078313,-2.6771451668626133e-05,-0.0007513985090948958,-1.531760407972003e-05,0.00015862405738986579,0.0014841936124896512,-8.807183683095135e-07,-0.00024142378989713592,9.364571087423044e-06,0.002438140615049852,-6.166397244409431e-05,0.10040174720728372,-0.0624128224292992,0.02860184338187508,-0.002634433747188696,-0.1089893307963472,-0.09687912014478212,-0.028782120860649508,-0.010738478196082434,-0.03790161075055942,0.0012764036852756947,0.025215410658042354,0.026427183077318405,0.11276699027738085,0.029211315244183016,0.14022651992755247,0.09464405061617522,0.2764308409370092,-0.004710530981799668,-0.07831918325895254,-1.7779820854715635e-15,0.042939404673176494,-0.15790670758677852,-0.015523778812197681,-0.058430758416806755,0.03996932007923317,0.04080003473796425,-0.0032682980775403676,-0.026921539204623784,-0.07524185064756499,0.068617515009467,0.053272926833079624,-0.12056088198648063,-0.0792103883932467,0.07780342666440634,-0.13165347226374985
25,0.5500144727676831,0.1588577804413082,1.2022116833049486e-16,0.4218907422025418,5.205276915218118e-17,-2.7943789699095045e-18,1.4619602678597277e-11,-1.1136128812432266e-12,-8.988604285361273e-13,0.309852022170712,2.0433584420613767e-13,8.98107582512568e-15,3.1409076248357497e-15,8.133367169188617e-14,-0.07552444547280401,0.00020500351018529247,-3.2307975851208396e-10,-5.557323401552258e-05,-0.01472022781199728,-1.0106207201125011e-10,0.005502047285218735,-8.018924087385581e-11,-1.9948150749952144e-09,4.0908510286868065e-08,2.351739172794901e-06,0.21334877576030445,-2.646722599451206e-06,1.3459517055818273e-08,-1.3221014583301306e-07,-6.3400253813136e-09,-9.14531395897434e-08,1.0034113050561698e-06,0.00012967020497988457,-4.5408590741645505e-05,-1.4222598961624622e-08,-0.0451867939453469,0.027415916201454834,-0.018430954946610893,9.871073674193255e-08,-6.458479410846551e-07,-0.30619560492044123,-0.00011024972106257805,-0.0019020109029740922,2.46087051127748e-07,1.7842681739138643e-07,0.20945048588494544,1.680181959309555e-05,-6.628787487315864e-06,3.365916376009134e-05,0.005277685391723214,-1.2231119292923767e-05,-0.0015837298856873898,-3.721829234045499e-06,-2.8989905067148353e-05,-0.0003376297000414066,2.9292229564992244e-06,0.00015091666045686386,-2.8655413191738853e-06,-0.0022452160552885896,-7.937276720080486e-05,-0.12033361825841891,0.07352734962491213,0.006966019775886414,0.0014515601797415922,-0.038752527586405176,-0.0035111934689335766,-0.010863971791781234,-0.013067561188592881,-0.018510517375047743,-0.004920177392089156,0.054498717911078604,0.07206876486086848,-0.04489827760584044,-0.06331800328316792,-0.10386148765508751,-0.16577375130560604,-0.017830710761834255,0.00257058834423464,0.030723195744997527,8.832020715672532e-16,-0.006438181692973169,-0.17870082058120568,0.02593562852799697,-0.09281299658281116,-0.07186737444335815,0.03343507441876651,-0.0012928151769496083,-0.03724088525620757,-0.15363042893367204,-0.1388804188261709,-0.11941135317152671,0.010606099483716989,-0.09384170221394894,0.061900284636870063,-0.10637770182330898
26,-0.43158275162731635,0.3826947649715383,-3.204103064716563e-17,0.41557123827602516,-3.7824127079492364e-17,1.3060053435554225e-16,-1.203624097414532e-11,-2.9362196333881752e-12,2.6455387216242157e-13,-0.23193727036776993,-1.589770144668255e-13,-7.117876941710086e-15,6.396558702433504e-15,1.499403604671535e-13,-0.23520727141340325,-0.00018724310993119947,2.9929697729981016e-10,-0.00016844702491014598,0.013031281560463018,-3.0927074748701857e-10,0.009920084558751345,1.1024079231464647e-10,-6.3496995504059595e-09,7.651887506285679e-08,2.3065601649066293e-06,0.2787937749503867,8.15479633225764e-07,-1.0886792891222828e-08,6.53199191643737e-08,-1.408655956751558e-08,-8.94013605067703e-08,2.4076317349357988e-06,0.0001708509417061746,2.293117743060828e-05,-1.866243919436035e-09,-0.10425140969230995,0.07286367326137061,-0.17990703035647782,5.363279272222435e-05,2.9612608378155457e-07,0.05655403437456185,2.3241748551377683e-06,0.00030277621092361873,1.334584172295007e-06,6.414427225088048e-08,0.008164634118573872,-1.2606000180011409e-05,5.0773703949416e-06,-4.353555859254853e-05,-0.02828613079225164,-4.3294685385536414e-05,0.0045038209066798444,3.269041640138281e-05,-0.00018607722823724528,-0.0009735192885526037,-9.673100136205726e-06,-1.6041601675658587e-05,-1.2618669347040447e-06,0.001297296665011746,0.00012430256260174247,0.05483677286203207,-0.032137761265243696,0.002458816399023948,-0.00045582786862907927,0.1430478945911619,0.07417852186032124,0.03383060550316258,0.025151587202772458,0.06421303487144343,0.00944404791922728,-0.08208582981937408,-0.08848405334495041,-0.03134311954076551,0.035058256381578556,0.061277749734356235,0.15633427539174669,-0.1602143360380666,-0.024955644473537975,-0.0753536830109529,-1.1010530489711643e-15,0.07525124588720244,-0.17273967126720785,0.0899150043115992,-0.0804869217084167,-0.1777555377571813,-0.017079051229297027,0.02065173798676051,-0.08320611219203522,-0.14548072698891384,0.09577938908973346,0.07170606272256849,0.09377012818751335,-0.08541087204217868,-0.029902695020491164,0.011299520018210076
27,-0.13448254085910413,-0.5786736871968444,1.0006385682110771e-16,0.3905924410840086,1.5312137278419768e-16,-5.3986621831831215e-17,-3.6953141954801e-12,4.447232396048632e-12,8.267183637422358e-13,-0.0854460881466273,-5.0655431140934416e-14,-2.1579768252669373e-15,-1.0379030098812275e-14,-2.466561634975638e-13,0.33025974148675546,-2.0145968191291873e-05,2.731885467481967e-11,0.00023837821599260512,0.0018404049838216994,4.365796376144074e-10,-0.01690679629542054,-3.233198111214798e-11,9.128905354464548e-09,-4.548034942789523e-08,2.3430631663590323e-06,0.2627120484495011,-1.749440444679358e-07,-5.7718935147507614e-09,2.3314810877443524e-08,1.5326357896041852e-08,1.457934502874622e-07,-3.0195680493940494e-06,0.00014207346403056164,1.1015663505822593e-05,-2.79570202083613e-09,-0.1037337475642383,0.08183557766160796,0.18411375274316144,-4.42195980577492e-05,1.4982745199362656e-07,0.03295273446687951,-8.281551228084429e-07,0.00018562364524776176,-1.2625611982107395e-06,-2.506426328178122e-07,0.009512640772899232,1.517817626428855e-06,-1.0118635659429102e-06,2.9716693328671088e-05,0.008377113538400994,-2.591504156840063e-05,-0.0007624948469691989,-1.529246547030715e-05,0.00015798767221275682,0.0014869478591198152,-8.418347202762072e-07,-0.00023977826881125454,9.307723411573372e-06,0.0024398554965386343,-6.142869442309717e-05,0.10020030717292633,-0.06229435073693424,0.02850855559481383,-0.002629197019161433,-0.10879792264378309,-0.09682942710022555,-0.02877400881849268,-0.010753882275343176,-0.03802391708886352,0.0012186033627924681,0.02517841613649203,0.026354522587114883,0.11267029995162063,0.0292168245851534,0.14020893139957316,0.09463808746145105,0.2764232097854631,-0.004726941965901606,-0.07817514141873463,-1.979413035748516e-15,0.04287402069684395,-0.15790651004861253,-0.015534508194461035,-0.05839182001319191,0.040035292547611,0.040652124152892086,-0.0032599149148925754,-0.026900700216900802,-0.0752285607280564,0.06864594046825201,0.053277462027165844,-0.12056990849650678,-0.07921664326378254,0.0778159791863119,-0.131635488090463
28,-0.008949037892879924,-0.002584974975440908,-1.3264074034908391e-17,-0.006880187256360963,2.244103672022547e-16,2.8046240777602084e-16,-1.2281274471245186e-11,7.181107169273706e-13,1.0913463631360489e-12,-0.6561999647290594,-8.124014352295416e-13,-3.6076212350443205e-14,-1.2752680879770255e-14,-3.1093365546016793e-13,0.16019457170703005,-0.00026673520005522476,4.283288320629568e-10,7.415849256257469e-05,0.005860025331663696,1.380885277995586e-10,-0.001191375614503168,1.4343654140210749e-11,5.437729521802901e-10,-9.082195255347589e-09,-3.548470703807716e-06,-0.44911941824797275,-1.9367821132913417e-06,4.256092687752079e-09,-9.680322034925e-09,1.6500487750581946e-09,-1.9131192769219987e-08,9.981501492730893e-07,-3.506321784724503e-05,-3.405057718955756e-05,-3.770428446271587e-09,-0.16205227028865443,0.08876761373873435,-0.02750531860191844,-5.121823016900496e-07,-5.169992120712844e-07,-0.3246621391051355,-0.00010779650673244609,-0.002043561293532389,3.559671988178093e-07,3.9283670713572686e-08,0.03215219209014839,5.536112650268783e-06,-1.9051026066035704e-06,9.811433599912865e-06,0.008704676876366174,2.0988502061876746e-05,-0.0024502195430340266,-7.089371689167008e-06,-4.143686527854312e-06,-0.00042757194621753685,4.138915492752694e-06,0.00014034735743801422,-3.1840667770497295e-06,-0.0024999576824771596,-6.91421434720532e-05,-0.11518573567994661,0.0705425433472056,0.003716602947935064,0.0015064146106047453,-0.04124320393038697,0.0015190908216629266,-0.009060145656120296,-0.012578191588048964,-0.019220418848304045,-0.005321637706207348,0.052793138863092934,0.06876752175307851,-0.04487444444117638,-0.06212637274621413,-0.10597298559189118,-0.1659787444039331,-0.017986009104096447,0.0036991935114502727,0.030119534283447703,1.751640653982648e-15,-0.008733741452547857,-0.17849602626812835,0.023210117057406547,-0.08622060869989155,-0.06770625941790513,0.029281571046003447,-0.0012306455076129463,-0.03583782114219797,-0.1515980344569397,-0.13702090434004352,-0.11964998498575422,0.010619429999537298,-0.09404374190784592,0.061751265982076656,-0.10458245071255642
29,1.3911728453926579e-05,4.733578956622783e-06,-3.8275257770665745e-17,3.986104966802327e-05,-2.3104645454075515e-18,-3.858764558877684e-17,5.361404924477526e-13,-3.167412377349083e-14,-5.783033929179897e-14,0.0430273774495014,3.367553666846318e-14,1.111954740680288e-15,6.937994830664741e-16,1.509913227852188e-14,-0.012784900727473488,2.3448207512597217e-05,-3.722746572799369e-11,-7.806654555699787e-06,-0.0008461605086994015,-1.436773427999557e-11,0.0002090075232648537,-2.3995674516066903e-12,-9.474294207726841e-11,2.4843335671367365e-09,9.137697278534037e-07,0.11429566945422329,6.373633845293171e-07,-1.0057050021163258e-09,2.627693394660357e-09,-4.809595897692944e-10,6.4508100625361505e-09,-4.2870649852118745e-07,1.5202064926693929e-05,1.7819467358466418e-05,1.6167907060366913e-09,0.13846880407147188,-0.07178074793093252,0.020053210789565987,2.9933521386665227e-07,2.8549779991426774e-07,0.21524633324949352,6.816231837464025e-05,0.0013631710735709816,-2.578145243574903e-07,-9.383501514973792e-08,-0.8332312449511461,-4.387878257089811e-05,8.235182167947729e-06,-5.775726524391743e-05,0.04211206947644742,0.0002866718906440269,-0.006861887170402426,-2.610642540370058e-05,-1.3074256755422877e-05,-0.0008450190916225404,1.2062868697398597e-05,0.0003692622210320647,-6.840306167213026e-06,-0.004132162625361439,-0.00011760028988406509,-0.15062535996471954,0.09065376894721763,-0.029333827256641902,0.0028234673384768586,-0.05393206916165173,0.0019531166984700162,-0.011516940192625278,-0.015228155915115558,-0.022929392034972094,-0.0063069485007603695,0.060146659530844325,0.07784974118441747,-0.04966943122801777,-0.06733538999340292,-0.1131138759437291,-0.17352893217300658,-0.018977136235937334,0.0038917915865695134,0.03118788924624779,2.2418103098528754e-15,-0.005960522743258926,-0.17997949242196326,0.024384046104452852,-0.08836546852226096,-0.07078816885454683,0.029310265111056947,-0.0012270903315439179,-0.03488623843786094,-0.1422174568741907,-0.11999028510813879,-0.1198422413277856,0.01063409349105801,-0.09401536654352163,0.06285190768315554,-0.10671380047120128
30,0.007010690686196007,-0.006214543569931299,-7.03961552527244e-17,-0.006719918945632768,7.229416317629321e-18,-3.0671933956325155e-16,9.259915651859606e-12,1.7645419785000974e-12,-3.927687649703282e-13,0.4548674619776071,6.086973165548681e-13,2.751252068326902e-14,-2.6823989166787855e-14,-5.927462232955903e-13,0.45410851632040367,0.00023321473884224325,-3.822048976716813e-10,0.00020222940533458662,-0.004118465194619173,3.794284533881894e-10,-0.0026749136103336136,-1.9401072496404767e-11,1.598783295623493e-09,6.023058329701566e-08,-4.286836298868397e-06,-0.41515948737545627,3.1083827932293095e-06,-1.0934767988991968e-09,5.668940751132751e-08,-1.1180410193551641e-09,-1.6501428038003957e-08,3.352007734026337e-06,1.9429733833105845e-06,2.424065348986122e-05,4.4955796219299735e-09,-0.2681027425087651,0.16060270706839658,-0.2409636667587565,5.2421283362125185e-05,3.307428353073386e-07,0.07062315820118402,7.320239824555357e-06,0.0003742261594337811,1.7902829648797403e-06,-1.251529808472367e-08,-0.09307423528333776,-2.112423589634277e-05,3.532541560419998e-06,-2.8808643722997303e-05,-0.015535292188480517,3.170012310886138e-07,0.004329614108376749,2.0143406000418096e-05,-0.00012275047038686257,-0.001048179980974573,-5.799162716380468e-06,2.099078770165471e-06,-1.7159360011035252e-06,0.0011765822866165794,0.00010906187223173297,0.04969148859804167,-0.029286869237955607,-0.0002903936692192042,-0.00035308810723722116,0.13695762190379096,0.0688823249588808,0.031627366671332764,0.02432227451618598,0.06520590587881613,0.010331142562260748,-0.07883325454284709,-0.08357956280014331,-0.03050525072308036,0.034456227673078516,0.05937648073705456,0.15595755373856696,-0.160161720439627,-0.02465452112273641,-0.07043961359212418,-4.827467405804514e-16,0.07234641273859109,-0.17254799001963622,0.08737323484167568,-0.07244312964153272,-0.172920874724865,-0.018449565731797235,0.020216687843775786,-0.08142836412258932,-0.14389954678297823,0.09672382225039647,0.07189791186594212,0.09397819677311624,-0.0856080178943428,-0.029083402789891306,0.011894762174762295
31,0.002184779012848421,0.009397513268540885,1.1966717049566482e-16,-0.0063181514796196115,-9.524556150366788e-17,5.886721329628935e-17,2.8419986607556266e-12,-2.629883298973299e-12,-7.096407180650147e-13,0.1676725795778646,1.8979998089496306e-13,8.315337884610398e-15,4.1401816141532684e-14,9.442438954140267e-13,-0.6382724863121734,4.025190423323286e-06,6.92526858491682e-13,-0.0002867151434799056,0.00035006385319871026,-5.368652375386156e-10,0.004994841719707472,1.95324223219179e-11,-2.8579370396730513e-09,-1.813809053463324e-07,-3.740329577223796e-06,-0.3933109712949138,1.4022599261556427e-06,3.812183443506415e-10,3.736598741600711e-08,7.803124251596117e-09,8.545687662714401e-08,-5.0124692471054215e-06,-1.1742442922453823e-05,1.3009232088567662e-05,3.3234221718169267e-09,-0.2620286357247533,0.17192481206759255,0.23887123536875066,-4.3365357847859705e-05,1.8480042375848932e-07,0.04224316297490436,3.185951287035721e-06,0.00023205046724361476,-1.5998151702175114e-06,-1.5311771414630454e-08,-0.08164255959234203,-4.932811822286879e-06,1.0361666303794924e-06,3.0790380605824394e-06,0.009351768406425926,9.583173574028426e-06,-0.0011571036764589553,-1.4011990148385468e-05,0.00012893698253745988,0.0014780172852247747,8.272751820997574e-07,-0.00016643685080981572,6.7310913617549005e-06,0.0023297788390108597,-5.026286015270119e-05,0.09004496001790852,-0.05625588053448196,0.023968920200645057,-0.002357825509056954,-0.09977952850271764,-0.09225134572194635,-0.027663132180226504,-0.010996533441110793,-0.041102782605626255,-0.0006764759158403813,0.023578431015120985,0.02348500355298525,0.10768698573466455,0.02905049432282034,0.13738569550205204,0.09430749982101466,0.275810497728955,-0.005003351300496573,-0.07234757340899335,-1.0037067198438271e-15,0.04060255692903539,-0.15773221812482005,-0.016412086469118667,-0.05550388137468815,0.04310446110092456,0.035611602079369475,-0.0030418731610474354,-0.02573930040172354,-0.07381416684735587,0.06934027122569407,0.05341277181273293,-0.12083721542577856,-0.07940171613303608,0.07712219761128594,-0.1289853356198298
32,4.367491362354843e-06,1.26158845750466e-06,2.7395968040544527e-15,3.4009928289215396e-06,1.0214783678442018e-15,-7.711328145693664e-15,1.9880049567674922e-13,-9.507838685269343e-15,-2.2097931596495238e-14,0.018240411737026747,2.8727901486456592e-11,1.3656635172358682e-12,4.844406502629981e-13,1.0519739648321613e-11,-0.0041766636630644885,-0.0058757643426355964,9.086224595979401e-09,0.0016290544955884375,0.5258431655617786,2.881588434065137e-09,-0.21644434834839058,2.644685506631918e-09,8.456329762398377e-08,2.9035073528700136e-09,1.0883550833710449e-07,0.010368267362991172,-3.6019688302038384e-08,-3.9472256639727917e-07,2.9211192673410997e-06,1.5143619874255256e-07,1.9490451053366184e-06,9.429036395822607e-09,-0.004950744697786174,0.0003186410965612727,3.088228049835937e-07,-0.22550490458659997,-0.35776846914969407,0.010733014176351207,-0.00013628708712573468,3.5794597509153628e-06,0.018847637597704928,0.0005604550152559344,-7.76267162057785e-05,-3.783847002969568e-07,-3.946669185247279e-06,-0.015418865842817339,-2.4380700679552867e-06,8.74398263182735e-05,-0.0003264753979603213,-0.1160353662582486,-0.0007144737644630057,0.00037473833413991333,1.7811124908184642e-05,0.0009084319679805144,0.0002489469994999959,-1.3207842714172298e-05,-0.0019371939546510794,1.3341540389484045e-05,0.001894612449120242,0.000680191663211083,0.3744865401983899,-0.21264172161271672,0.08146483258652493,-0.005503574004311993,-0.01656474950713322,0.1716389382544776,0.07396729720207976,0.027128191805024203,-0.013119507301169446,-0.011704056638715337,-0.07355796164575364,-0.1331362237950985,-0.0031052132990953773,0.03332794499292515,-0.11974817221533571,-0.12238220734989072,-0.018304951011771615,0.04559188673576153,0.020665482278260063,5.659000018398976e-15,-0.10695382547857234,-0.156339338985391,-0.10654109379893975,0.20627590986077668,0.15929453099163757,-0.1189241474264675,-0.0014124368720190696,0.02368559491040338,-0.10185327574535248,-0.17527761155426164,-0.12593873900144542,0.01094380426544033,-0.10055397183415939,0.018325850196249313,0.030233595496161246
33,-3.4276974701973398e-06,3.035500525974952e-06,-2.157614451643406e-15,3.2471410241590456e-06,2.198434913888992e-15,-8.122979440739776e-15,-1.5833838324631865e-13,-2.4417686566668255e-14,1.024867195197251e-14,-0.014128705858248564,-2.3059994350792882e-11,-1.0955845263259902e-12,1.1392297509633625e-12,2.3464277088822812e-11,-0.014251527380118893,0.004928893481856381,-7.609063264728482e-09,0.004440226708408757,-0.49166593291490496,7.945605038409311e-09,-0.36864490911174125,-4.035710947423865e-09,2.347112954762315e-07,5.115692481342001e-09,8.447876881214554e-08,0.010203832335738076,-2.190772434339958e-08,2.99667193901241e-07,-2.2767271255739078e-06,3.5215353110778884e-07,2.08591184214505e-06,3.965955723247318e-09,-0.005294065856480152,-0.00033451444776027987,1.1178471455507194e-07,-0.2452790528661078,-0.3993932678584489,0.019731466224061397,-0.0005956548290188472,-3.785323236467262e-06,0.004496317911576721,0.0003583340668908249,0.0006955746183838626,-1.5589470703672653e-06,-2.1287341351213395e-06,0.012481163327045868,2.577760421894176e-06,-0.00010316271432134255,0.0008406377336690562,0.3404196029434922,0.0005236940985446892,0.0007392784202660857,-0.0003878057791842405,0.002324232829263035,2.9338177076002976e-05,0.0001124152522115462,-0.00012558304393698325,-3.2954933072247945e-06,-0.0002161799969068925,-0.0004009070022364301,-0.06607199884290978,0.034632015061562285,-0.007300228668494679,-9.790920506119711e-05,-0.14299276977543268,-0.1557918662884759,-0.056959892587399315,-0.012397649647094921,0.061726575305463494,0.033772477214145856,0.048492618088610585,0.08847689741903399,0.019492834327393974,0.01932771188357778,-0.02151636981953779,0.1605250388864344,-0.1517535274493382,-0.001319616449210649,0.12880092071297428,-2.1987336710216284e-15,-0.041719019051714865,-0.1556906450931118,-0.05118985367487429,0.25756916214454995,0.09588986806542615,-0.06691141748606816,0.00034413176086851936,-0.0014116260657177275,-0.07978729517972713,0.06719398156008417,0.07860644285017286,0.10051551200743289,-0.0918775774794815,-0.018146596012865456,0.07503252648745952
34,-1.0682138469692393e-06,-4.587458981821761e-06,-6.785826460145638e-16,3.050903992248349e-06,-3.482333635144718e-15,-7.354061844463156e-15,-4.8308885973789954e-14,3.549295487649939e-14,1.3059167122586505e-14,-0.00492197851767155,-7.059671823268424e-12,-3.354607822863883e-13,-1.7009802422860652e-12,-3.560406707913775e-11,0.01882983420894301,0.0013746011817277488,-2.133553351487841e-09,-0.006180342591942116,-0.0918557035336164,-1.1030044396757167e-08,0.5815046075134845,9.940833294133572e-10,-3.1337450940958485e-07,-4.286873950829434e-09,9.605196431297994e-08,0.010696225607891022,-2.7389903874647983e-08,1.5813720944621015e-07,-1.1906195550581217e-06,-4.5832805185224683e-07,-3.7189523202357447e-06,4.2142865295337774e-09,-0.00466628467349242,-0.00020956196496361892,1.165446928380455e-07,-0.2068217971459021,-0.3399034536536822,0.004072676250786474,0.00035813426379360526,-2.5081999063625537e-06,0.006060761541117913,0.0003264341763769638,0.0005490038905081647,-4.307631051679656e-07,8.129492548628392e-06,0.0030165137150256903,-5.77401320607533e-07,2.759835367314283e-05,-0.0006550244788618777,-0.08551755875622585,0.00033440274862152043,-9.353502535245568e-05,0.0001225872765195712,-0.0011463824677747344,-0.0005109456642227012,3.286053958924721e-05,0.002043477972288509,-8.454133351346522e-05,-0.001445278822063122,0.0005517576998014167,-0.25728305071586655,0.15457795322637405,-0.07711116704276208,0.005991912401682962,0.3255217579339013,0.15056253549429602,0.04254023858235252,-0.0035057427050891104,-0.10529375441957488,-0.061806756942066714,-0.06327846352060497,-0.1141583277068184,-0.10487344532701022,0.026711009735138753,-0.008141266678348186,0.09940901122667127,0.2460173377157602,-0.007175336653806737,0.1579574369687036,-1.152276684660274e-15,-0.04938096861193656,-0.14238033887445942,-0.0647913522992175,0.09706210193213027,0.18281317308182676,-0.14316756189978977,0.002731736655234605,0.02632203211976915,-0.020486832555828973,0.038978627295504255,0.0582228578420588,-0.12927322864603963,-0.08528363142439593,0.01574443436599441,0.03161637943583478
35,-7.669998659168639e-10,-3.0734587426759553e-10,1.8395840726733074e-18,-8.160204010407125e-09,2.9318724204333218e-18,-1.542111884245352e-18,-8.0065069687861e-16,4.7772811197272004e-17,1.040110824405676e-16,-9.476470943851176e-05,-3.48202578575103e-17,-5.4329512300489e-18,-1.319778644902825e-16,-8.383908184139315e-17,3.387374140814847e-05,-6.79820492745472e-08,1.0681453530221962e-13,2.6727388952798798e-08,3.853288425762877e-06,4.859871127405242e-14,-1.1292588531923928e-06,1.2475565244963233e-14,5.088061464769572e-13,-1.9486252985850013e-11,-6.824122148875023e-09,-0.000845367363601018,-5.7887834245487976e-09,6.997461933277746e-12,-2.048316856169479e-11,3.969873821145063e-12,-5.97049223644489e-11,4.759387468416674e-09,-1.6992926134838606e-07,-2.275675173027304e-07,-1.7928081463645616e-11,-0.002412285263636759,0.0012109738259284072,-0.00031786796412436774,-4.119249290609273e-09,-3.7822666095242735e-09,-0.003215223451949155,-9.87712419148786e-07,-2.044158698445696e-05,4.070111373348342e-09,2.5972932929760104e-09,0.03292459306213539,1.5778939789434508e-06,-2.673336718636522e-07,1.9878936224584176e-06,-0.002306673729242144,-1.296930659242956e-05,0.0004946088053749373,1.5943335539854053e-06,8.686882127236264e-07,8.960347601763708e-05,-8.445250295677413e-07,-2.7983200121454177e-05,6.420176012400735e-07,0.0006496518362079158,1.7044428586094367e-05,0.11309463869702434,-0.086006791925408,-0.738971928120971,0.01881358627523383,-0.040949588172268965,0.0011330767329749748,-0.005554071069833621,-0.0033731563366236304,-0.004007779867033078,-0.000988078217123033,0.004164303680477983,0.004447360755613142,-0.0007535548841945736,0.0017586189548513625,0.006863117263963584,-0.342760643161126,-0.04169379286311061,-0.0003890580990200886,-0.004863747028850995,-5.529280927627556e-15,0.07516688678160896,-0.2077210994206186,-0.002543416788455072,0.017980620030411502,0.008491325637282618,-0.010903166940144251,0.0005045121968808726,0.026315175457579023,0.22610054914279362,0.43070959882418114,-0.12252635468487437,0.010826638245079161,-0.09274633132760125,-0.015248977223410839,0.02428976941473508
36,1.4818184596755021e-13,6.992724069747486e-14,-1.2025256942841754e-19,5.8529313912321006e-12,-4.680479250089538e-19,-3.2316788554687493e-18,4.1836461558662204e-18,-2.5211432663487964e-19,-6.543539075281719e-19,7.297489193590768e-07,1.0334436454096995e-17,-1.9618121982563195e-17,-1.722717589005007e-17,-3.2817442434649033e-16,-3.136520985731445e-07,6.886241133031492e-10,-1.050484551269505e-15,-3.195259103181956e-10,-6.119702103611114e-08,-5.48445862362389e-16,2.125849498157859e-08,-1.8684870606633524e-16,-9.445564800680393e-15,5.310419547167474e-13,1.771459518588405e-10,2.173562818158776e-05,1.8240030620436331e-10,-1.6914040093469403e-13,5.54858968010292e-13,-1.1378471057161466e-13,1.9166153272153364e-12,-1.8285162702392561e-10,6.57277719631491e-09,1.0035982405614226e-08,6.878250537971617e-13,0.00014422263448553773,-7.016494673433394e-05,1.7328982090722288e-05,1.9550263187432494e-10,1.7292879505744694e-10,0.00016538049571501314,4.931430176655533e-08,1.0554624418852883e-06,-2.2100716325714607e-10,-2.429801805200577e-10,-0.004310130185893128,-1.8915979926696143e-07,2.9103452705477904e-08,-2.2869519076003949e-07,0.00040665481634052496,1.923606314108836e-06,-0.00011067589085960586,-3.0939889155004674e-07,-1.8135761028467196e-07,-2.730036276948637e-05,1.8436995391310603e-07,6.530127037679205e-06,-1.7813437094520302e-07,-0.0002597366539059297,-6.469085691698246e-06,-0.08152445940625959,0.06438806391090549,0.6443117734929138,-0.016661826113034732,0.042822759998421465,-0.0012554902549197866,0.006466489186803116,0.005462549970799042,0.007528913969120513,0.0020039897362634264,-0.01699152661204002,-0.02184694831886937,0.013998373494717203,0.01987389275854544,0.03556748179657349,-0.3679362401364395,-0.04508286251898941,-0.001335314448921691,-0.012227129813192907,-7.322963203723815e-15,0.08767067703722076,-0.21182101599120343,-0.008451863555658285,0.03871520278149669,0.02546306019384624,-0.01806615842240665,0.0008091793901528341,0.036475319300688626,0.2848149259028315,0.5166410263811098,-0.12297034205250246,0.010859481071798039,-0.0926109481458786,-0.030041943202321002,0.04935974270192193
37,3.004988031972402e-09,-3.1343143684388206e-09,-1.1011761332270258e-18,-1.0588129951743135e-08,-8.330093247112559e-18,7.536297991223839e-17,3.822364998335539e-15,5.954382238565169e-16,-2.99022312822053e-16,0.0005071646108506565,5.276028297158243e-13,2.4327101536145673e-14,-2.995690167205614e-14,-6.351054490475513e-13,0.0006186301205084909,-0.00023480314795854747,3.585409483797907e-10,-0.00025132463340364397,0.037513187681316035,-4.4476163302432276e-10,0.03371103460321858,3.53198013993623e-10,-2.1327567831899673e-08,-6.995231336749365e-10,-1.0948120328326011e-08,-0.0013085192079579184,3.5222402218573288e-09,-3.5957278839831504e-08,3.092105406076015e-07,-5.0930630410334466e-08,-3.4249056559732867e-07,-7.994149343319403e-10,0.0010754964278661017,7.923990342756476e-05,-2.2502137250977506e-08,0.08429893105319827,0.13193760900332793,-0.006041059813593856,0.00015401249316659564,9.359448664275971e-07,-0.0012815821301743842,-9.849804206230266e-05,-0.0001991849343750668,4.749505796263494e-07,1.3486885468856569e-06,-0.013780977036881099,-2.430372277838288e-06,8.274360275452952e-05,-0.0007387040623605065,-0.7212215749654419,-0.0007397476624105689,-0.003577596174822863,0.0010848206295567522,-0.008378183727293589,0.00053257270029986,-0.00048610929815363837,0.0007559669508340514,0.00020703300522628595,-0.0009510618381013106,-0.0020263034408656,-0.13970016964131107,0.07150783232495678,-0.01387996064105001,-0.0001847782546693917,-0.25174806351186635,-0.26867388895258715,-0.09662914985107475,-0.01928987665668227,0.09331469828835576,0.050395651297002346,0.0669019692800094,0.12054313068291694,0.025414184858950275,0.024208323686952356,-0.026193806944074506,0.16308346493959222,-0.15440567095807411,-0.0015651413172655245,0.14862822371552786,-1.3015481567512948e-15,-0.043100403110804486,-0.1564521144981469,-0.06056254533200485,0.2922618455493541,0.11249176720946567,-0.07337048381457038,0.0003755376239951561,-0.0015049725361254138,-0.08363970625917382,0.06979582116428434,0.07871624788741315,0.10064289382620752,-0.09190297648283183,-0.020370826806820973,0.08455356228657573
38,-2.5913264675068517e-08,-7.478533594706155e-09,-4.67127653301353e-13,-2.1232245462726393e-08,-1.5885516866088818e-13,1.331734348383502e-12,-3.790637495256879e-14,1.4595130504198665e-15,5.1733584831923556e-15,-0.00563629250356129,-1.5946245437033012e-10,-7.850773108423981e-12,-2.777106154255838e-12,-5.784910719571735e-11,0.0011412609524410018,0.012767036071513884,-2.0058491524065718e-08,-0.0036883531761435265,-0.5149573123312019,-6.639142356463017e-09,0.212391074718343,-1.745318236793759e-09,-9.469069452238904e-08,-3.91957579394797e-09,-6.730477767992444e-08,-0.0018324969782700284,2.4088841863666105e-07,1.0822797492579386e-07,-3.4937077114230207e-07,-6.768288284207851e-08,-3.510144409802098e-07,-9.430231187467835e-08,0.010359448905634918,0.00019219596756147008,-3.7073020880604814e-07,0.22138618873156232,0.3573869112646853,-0.010165041624417689,0.0001340470961284402,2.3153028897842804e-06,0.016648095566604144,-0.0005127264679044537,-0.00044993392239868355,9.401486306491629e-07,-3.680682274472586e-06,-0.011104120982071692,-1.5146266443266694e-06,3.5949788249655466e-05,-2.3329251877068203e-06,0.02057547950672455,-0.0004373399440124066,0.0009826552539629236,-0.00014481718387420166,0.0019450144417531652,0.00022083896231402879,5.126582534992306e-05,-0.0018566591381323609,-8.128841882531318e-06,0.0020999056663828955,0.0008060682078741691,0.38989480158793205,-0.2218813057799426,0.082662267323207,-0.005662859116657395,-0.005825439645255822,0.1821245099163503,0.07875606778602852,0.029346068747602275,-0.014325904042446559,-0.012494141741734164,-0.08037157013151344,-0.14349889128783072,0.002157940361091574,0.03725804919587875,-0.11319729969797876,-0.11915762825634654,-0.01802667529822516,0.04714987380303795,0.011051060610643103,6.444541926785295e-15,-0.11342760317759597,-0.1539704036071226,-0.108605606138337,0.2122758478638043,0.16319304639813256,-0.12465001937330396,-0.0014306153512397446,0.02796763058889203,-0.09517352854345999,-0.1774211622650658,-0.12643897526602704,0.010953645648421837,-0.10106111105883009,0.01455195691656202,0.037281128219823746
39,2.0333493692748023e-08,-1.7996755107179576e-08,3.6648513099320435e-13,-1.8541079785680368e-08,-3.83032572913006e-13,1.3211470712943252e-12,2.996697068682624e-14,3.85775472082107e-15,-2.6681210314775845e-15,0.004348273960326339,1.247561537497698e-10,6.145552944551346e-12,-6.371054910858874e-12,-1.2696568791787042e-10,0.004529889714705172,-0.01012776595040956,1.5893710585023975e-08,-0.008940855842273908,0.44422032927320787,-1.626335054885224e-08,0.32732879099938894,2.9328998587746203e-09,-2.007030270579265e-07,-9.490609139738274e-09,1.862109524038008e-08,-0.0022426156070619674,-1.7925774848396616e-07,-4.67627205877409e-08,5.20071663671674e-08,-6.338005130021963e-08,-2.4265637938622063e-07,-2.881456829877259e-07,0.009158124454195535,-8.018786114051317e-05,-3.850007893065526e-07,0.16563517772467917,0.24295753203838072,0.015275453369390493,-0.00012639916515516653,-9.782665507368776e-07,-0.020719028125359855,-0.0005232361553803862,-0.00017933145302682533,-1.1446060404902539e-08,-2.7374797621754054e-06,0.025447116450182206,5.303825853659721e-06,-0.0001340948870681851,0.001115130807098038,0.5747384243344043,0.0007835504487408143,0.0014029193331909634,-0.0007239081693851072,0.004814954316894517,-1.5147180950213286e-05,0.00025546135488540314,-0.0003110864346919714,-5.6241161586198414e-05,-0.00014266825860267824,4.0752995798405863e-07,-0.05589988651757973,0.030055537869270493,-0.006129237533508777,-5.76172319927195e-08,-0.13141081599383866,-0.13957498937772228,-0.05209769690947021,-0.013325895788787538,0.05083651280191551,0.030492235589841467,0.054590423543901936,0.0949485486998292,0.0235337722048181,0.01388153533318998,-0.022398195152700116,0.15949550780033972,-0.14997417860644413,-0.00016438788067701203,0.13136020742904367,-3.138742990051077e-15,-0.04961352031821883,-0.1536536552365986,-0.053910511128557936,0.2605482750423662,0.10231965906851312,-0.06423678030804099,-0.0013187846405368646,0.004817280010360931,-0.07149857430672067,0.06403144200614956,0.07911232905212802,0.1009992669753348,-0.09236557726515639,-0.016499705712537775,0.07400741386409722
40,6.336507527866592e-09,2.721348413648154e-08,1.1426784133406556e-13,-1.751833494666678e-08,5.789843830631266e-13,1.2353749776474885e-12,9.127555837149602e-15,-5.646302732937854e-15,-2.7510721492287523e-15,0.0014748426787856985,3.939753802416577e-11,1.9360357365767734e-12,9.77192519865691e-12,1.9744604383984278e-10,-0.005983049017937299,-0.0030307923052591895,4.7794230125946505e-09,0.013458990944020626,0.09017643751563824,2.440855152366812e-08,-0.5695581787265676,-1.2420414570515123e-09,3.1289574053334775e-07,1.3122762262818441e-08,-2.7440424325828126e-08,-0.004196565655249372,-3.89144077602081e-08,-7.76775847607126e-08,4.2298496683293584e-07,1.1399610301174067e-07,3.466563427803301e-07,4.002725050940893e-07,0.00964703095672483,3.4312119563690985e-05,-3.7365495681359944e-07,0.21866219839792142,0.3253640330987611,-0.03305835215124326,0.0002283280288611811,3.290569373566406e-07,-0.017378843838190106,-0.0005594062257450468,-0.00035788812723647813,9.573780443970091e-07,4.2853777063373875e-06,0.012367855943324013,7.297881053947286e-07,-7.744009361149335e-06,-0.00024158895654550393,0.031546268969966276,0.0003959085647199035,0.0003764065046289452,-2.992133738743986e-05,-5.6237749338042046e-05,-0.0006283721004947435,8.064487719319027e-05,0.0017380709008427795,-9.360921814560328e-05,-0.0015129261926300542,0.0006354924095605913,-0.2589904406576008,0.15638864378353823,-0.07860530348400098,0.006211407392004261,0.34109587077030384,0.16427717391402594,0.04689585201780833,-0.0024183828399212547,-0.10595524937377078,-0.06375643502808379,-0.0665853917058296,-0.11879871683009795,-0.116452008020951,0.023058473869137966,-0.01594622857783266,0.0990166343221294,0.24299707546098248,-0.0078891964377612,0.16605346268331445,-1.3831878858477822e-15,-0.055559280986054914,-0.14062472715431037,-0.061705594426966985,0.09538076472380909,0.17983895483591994,-0.15141762036051315,0.0031485675628204735,0.029965357558366032,-0.014327531098263289,0.03629059625147686,0.058591656192262816,-0.12994432737328696,-0.08574221475699963,0.010441869516258884,0.041225180451632426
41,6.341864339014793e-12,1.82968820003257e-12,1.901104597862942e-09,6.2236347853052464e-12,6.464461804116115e-10,-5.448595670756582e-09,3.8167868311190635e-16,-1.1117022701378206e-17,-7.268712193546335e-17,0.00014085089307757246,2.1028300578984813e-08,1.0740705087510263e-09,3.778006789238101e-10,7.540991529614654e-09,-2.7963203908630477e-06,-0.5461842881304508,8.785386604044313e-07,0.16233193648066196,-0.003877049736607346,2.9961678631494053e-07,0.0013206820396900196,-3.388337439854861e-08,4.240534527487386e-07,1.4923492358559074e-11,7.228279463359379e-10,4.455472580556497e-05,-2.813780745262857e-09,8.931169066190223e-06,-7.162526125212145e-05,-2.6262163707406454e-06,-4.018639106294913e-05,-1.6006012320535017e-09,-0.4219604529224513,-0.009124105158341004,1.3842492376906268e-05,0.0014069452748281506,0.002124407964659627,-6.82833532367985e-05,0.0007676733306608965,-9.952208622585617e-05,-0.0007595471476051938,0.0068882706477182976,0.012712124116438205,-8.228640157525533e-06,6.0846237745871445e-05,0.0013974197017401421,1.972908810449964e-07,-0.0006819473651770908,0.0011643061242541876,0.017580313512286273,0.004835274089947379,-2.324809654085506e-05,0.0008715595938704846,-0.011886968249026379,-5.5317686480590186e-05,-0.00024137998640746266,0.010508398717158356,2.4155915521739808e-05,-0.0004504140614677858,-0.002324476901892142,-0.17243647256963499,0.06393015496241362,-0.041543025939384734,0.0003644047034192328,0.014649419656425584,-0.11699688381267245,-0.020009530775381517,0.02795090351179997,0.04199675051898308,0.02774146038096623,-0.08422333521036522,-0.1138424764434043,0.19175954218881294,0.0550284494161233,0.2133104090485059,-0.041007785548638584,-0.01299365556177002,0.03622772781741013,-0.3639145433642269,5.617081165377108e-15,-0.23369205434917856,-0.08577125948504886,0.020096247229464157,0.03448843226285715,-0.049416811209911704,-0.12420154502858513,-0.0014505891755892564,0.1129147091977601,0.11241618572827178,-0.1948447537505707,-0.1379197957308058,0.011142998297605547,-0.11274521514405014,-0.08583983610354777,0.13506581601286044
42,-4.975968006905134e-12,4.402186310335632e-12,-1.4914975136829015e-09,3.881390069854718e-12,1.5591975297860044e-09,-5.380018230720437e-09,-3.009302270624005e-16,-3.0420244453143707e-17,4.251474889782663e-17,-0.00010934696413282126,-1.6433063403485633e-08,-8.399768748326566e-10,8.73174359367493e-10,1.6813570760164467e-08,-0.00014266001106705135,0.43149951760686356,-6.932311023328094e-07,0.37792268782172106,0.003584487215283784,7.037202587958854e-07,0.0026451469744555077,3.1514875303762656e-08,-3.839187101874192e-07,3.565191849400509e-11,2.3192495058160895e-10,4.805827138375928e-05,1.5553940703029883e-09,-6.7845741466466515e-06,5.359566480307595e-05,-7.306638752864098e-06,-4.293877644830496e-05,8.885454932152218e-10,-0.40930081911999816,0.00507749471948401,1.8243037633168677e-05,0.002764502712567105,0.004938430337297122,-0.0006768992774690873,0.01020416531378021,5.700502698672794e-05,0.00027074455215515293,0.011306469910623106,-0.003939843833281577,1.2005308899838896e-05,3.4423147370282975e-05,-0.0014046329554880655,-2.699166269768018e-07,0.0010442426320544538,-0.007815744136965024,-0.04089880343886253,-0.0018442203718908082,-8.19019015916911e-05,-0.0010368256775163931,0.01273719802894207,-6.833778449289368e-06,0.0009679730669505805,-0.0004964747384725341,-0.000629740708716923,0.00013325388284050999,0.006018913577157303,0.0779125537083,-0.024933497790508834,0.013735799188069163,0.0032601128135182652,0.14023164841952296,0.20799491548397023,0.05069367030070644,-0.035980056068983746,-0.21688016007349015,-0.04621019908291722,0.22570445606080033,0.29641746655266976,0.15932767971885625,-0.17861000234067473,0.06412738529121362,0.11826047155749068,-0.09905182067098635,0.005750577019990316,-0.0018866465196599722,2.467074030124469e-15,-0.21217852734164788,-0.09361884088402109,0.026613728174379937,-0.010909265274726585,-0.011405593528874606,0.11884631732977519,-0.041332671954128083,0.14272730168430234,0.17133608980001766,-0.010802904465917154,0.09092026159202868,0.1121736494184855,-0.103590189984571,0.027651955622562455,-0.039137033403764905
43,-1.550760295037522e-12,-6.658375952236983e-12,-4.650433613574198e-10,3.824172621965712e-12,-2.3567167813517527e-09,-5.048749273967006e-09,-9.198636252203697e-17,4.430031562583007e-17,3.3241089976920154e-17,-3.577456687639958e-05,-5.211058349767163e-09,-2.654975296563634e-10,-1.3355496816372682e-09,-2.6003520291615982e-08,0.0001544744200215759,0.13090054322302894,-2.1141410209986973e-07,-0.5766887640910979,0.00036407512272012454,-1.0709560700550574e-06,-0.004262727955989898,1.4613961444302704e-08,-3.3142338269407555e-07,-3.48013197021618e-11,4.035665480230323e-10,4.7833736076286824e-05,1.129891156988846e-10,-2.5956356880622904e-06,2.264947121842315e-05,1.0818131754522886e-05,9.472047098214184e-05,-6.7186360309212515e-09,-0.391161515388039,0.0028048150794770976,1.6892248119316207e-05,0.0011525808266955636,0.0024599575291011293,0.000361520892616504,-0.010984454127635282,3.571618842175584e-05,0.00013421074904017592,0.0105301531089732,-0.0025179982831599907,-6.4359743167192626e-06,-0.0001169701130447137,-0.00041020731597181604,1.3489018233453919e-08,-0.00012384055439242827,0.006558618884496281,0.009322119138302306,-0.004414385078357298,3.290208896455231e-05,1.4948832153604194e-06,0.001441163677048101,8.008660117829418e-05,-0.0005615265310043691,-0.012159146342037568,0.000545212202431897,0.000334715909723905,-0.002919507461317273,0.10570403945922177,-0.05576500514917201,0.03361093911740864,-0.0007008295753325836,-0.14347013053982421,-0.0550864509860985,-0.020967888270832447,0.011323948445072706,0.09532174714442147,0.02032309328445765,0.006994650176624532,0.03596942858922238,-0.2248357928795994,-0.12999144486854064,-0.1113722216330604,0.0769156968437081,0.14833108468999867,-0.03948327882098143,0.1517209728467586,8.538240694909226e-16,-0.17728980145789808,-0.08816236667356966,0.15705730046910923,-0.19340082461944805,-0.19802631211569477,-0.20767878628919523,0.012129282337498498,0.09923725120863443,0.16347667418672274,-0.024981320942869915,0.06714893545381971,-0.14540425191954326,-0.09630185151543894,-0.1263302495931896,0.20510584615414787
44,-6.099518679585199e-14,-1.7596075509416432e-14,-1.9610223597564018e-07,-9.764175126769317e-14,-6.670536769755341e-08,5.64213813702196e-07,-1.3227860057006632e-16,3.058343742148517e-18,3.21940954034568e-17,-8.592605796320332e-05,-6.489419000376371e-08,-3.445419480182893e-09,-1.2078364487145737e-09,-2.307694945143842e-08,-7.247534800186895e-06,0.5429722660555342,-8.921512618240808e-07,-0.16136621940998536,0.014122664131522794,-3.0487741048607975e-07,-0.005702129240259553,-7.661875772391144e-09,2.399999779169924e-07,8.8952694986957e-11,8.530186289839169e-10,-4.97302627102302e-05,-6.397233551475367e-09,1.6077416889436615e-06,-1.9807460373967804e-05,-5.310836984115833e-07,-1.5463277859140977e-05,5.180089103748276e-09,0.41940350530924575,-0.004247262144635775,-1.8450485649953742e-05,-0.006506934850238707,-0.011021694793677289,0.0003771249559263629,-9.90586399099872e-05,-5.099742390248943e-05,-0.0007383505178073326,-0.00725299938314492,0.005167932593995891,-4.482226029143665e-06,4.9965901874397436e-05,0.0015333007568979402,2.1456819850419038e-07,-0.0006097781421861557,0.0011252350574876132,0.017099513449040087,0.00434925205910935,-3.8073244067602926e-05,0.0008083474541835633,-0.011083310992271002,-5.827319557904959e-05,-0.0002466333844266152,0.00977392203457431,3.382697784425143e-05,-0.0004818328984288235,-0.0023117560579059776,-0.17833495467726468,0.068645554763223,-0.042973415490343,0.0003759267672513675,0.013517456236307646,-0.12166356098842807,-0.022209531288578725,0.026932064436863967,0.04485350545989391,0.027936201515006188,-0.08581683731593208,-0.11539487344302676,0.18931078769864854,0.05876035282966735,0.21525909233744303,-0.03916850226437672,-0.012876576180638654,0.03532894993964905,-0.36622701532103136,5.733091682860909e-15,-0.23432169184274043,-0.08387881016268685,0.02051226575246904,0.031158776191796994,-0.051036156321325146,-0.1216902799164745,-0.0012001848526239887,0.11252060553974073,0.1154474320083059,-0.19385634239773475,-0.1381971314107486,0.011148592478158519,-0.11302381647454247,-0.08586884641797576,0.1333558910223736
45,4.786208449334625e-14,-4.232657687231192e-14,1.5385961283403882e-07,-1.2976879921246726e-14,-1.6087689583943213e-07,5.564418314540273e-07,1.0453759627407926e-16,8.691804038967783e-18,-2.017337298046053e-17,6.722611551306844e-05,5.0661210460459286e-08,2.6921552476440263e-09,-2.8094159700542097e-09,-5.215490879509435e-08,9.741419915690046e-05,-0.43154087595261204,7.077662390539596e-07,-0.3783699536720709,-0.012363055227674514,-7.191938272995984e-07,-0.009040824084137946,-1.5124134318372596e-08,2.9247438020892203e-07,2.3410115301291047e-10,-1.4264466608663643e-09,-3.689051493386657e-05,5.855827270743433e-09,-1.0377808287349313e-06,1.2547713651080195e-05,-1.3793845999756884e-06,-1.2461662799388932e-05,1.1075855221358672e-08,0.4165597287773977,0.00353589466735031,-1.5970713244119305e-05,-0.00417645142204028,-0.0062436229214635,-0.0006427557458774465,0.004998016236564555,3.7454372192450245e-05,0.0008426244916826454,-0.004421938795656793,-0.0050629032947016915,8.092146303760781e-06,2.7377041491916676e-05,-0.001778641537027712,-3.4840581055676114e-07,0.0008027340783747267,-0.006245057048111517,-0.04888028215135105,-0.001516779504913985,-0.00010204046813592025,-0.0008933145173228446,0.011184783494562698,-6.355358304879769e-06,0.0008457856244189754,-0.0004438650754867326,-0.0005704322378265144,0.00013345079794473594,0.005628703077165218,0.07781551332178216,-0.024804667912327136,0.01363400638063922,0.003071914305856065,0.14007395635646352,0.20695757150016325,0.050872494534030165,-0.03539615739668784,-0.2139183204362124,-0.04668623629668438,0.22062946322858143,0.28912369228518736,0.15586938654346774,-0.17597822979859937,0.062299610541540984,0.11683541139526249,-0.09761299255249754,0.005685599228078778,-0.002387046093238658,2.538903529257184e-15,-0.21396764477423827,-0.09193187300083272,0.02583629590965776,-0.016247973177649037,-0.011181150893344502,0.12391812932271264,-0.041781732909871624,0.14352989402474994,0.17504249677831474,-0.011911482403828302,0.09120548650930106,0.1124434542156196,-0.10385706606579434,0.030079794722943372,-0.04427503848590879
46,1.4915747188203298e-14,6.402157680798466e-14,4.797420672913705e-08,-2.1415807061368664e-14,2.431544169447184e-07,5.227264462243991e-07,3.192934402254704e-17,-1.2513676014167123e-17,-1.3372830248073655e-17,2.1586208421445643e-05,1.6126442527372646e-08,8.534783348721543e-10,4.276705037728172e-09,8.009032041604967e-08,-9.51396797815705e-05,-0.13012372984958392,2.1493377527578396e-07,0.573297085096086,-0.002241896589086633,1.0876976398802822e-06,0.015641022098520776,-1.3019373291821418e-08,3.006140449747138e-07,-3.4946150276573867e-10,-1.636755082532135e-10,1.8459516514634568e-05,1.7381806129339243e-09,-2.516222837895852e-07,3.6732273636574395e-06,1.6894174305810722e-06,2.2022639698082025e-05,-9.54990736295976e-09,0.38882737643353105,0.0020692962817882962,-1.5237372383986335e-05,-0.006417462915063763,-0.009667048381544193,0.0011718299678728492,-0.005667218970055998,2.2901734227145526e-05,0.0006522913074252756,-0.004306009768920825,-0.0037601908207603946,-2.700424993778914e-06,-8.50830246316282e-05,-0.0006087958853230164,-8.529266007836633e-10,-0.00012882761815771534,0.005259531041221862,0.008694405362462642,-0.0036096571496419877,2.65660522537027e-05,1.212532136486111e-05,0.0011514659335230533,8.918937989568485e-05,-0.000518600264866745,-0.010903938394110205,0.0005076510250261987,0.0003554087247331901,-0.002799686014672814,0.10918059099017849,-0.057679632593118084,0.03469420264909576,-0.0009443048407184785,-0.14968185906331946,-0.059083743514741945,-0.022039809961999512,0.011107980510252656,0.0989610434564423,0.02166340483505082,0.005775275123160075,0.0347756618151842,-0.224497485554462,-0.12741797026240925,-0.11410288679679705,0.07604796146802502,0.1456085602809246,-0.03969545987122067,0.1515990662224951,7.548542722005181e-16,-0.17826141755888247,-0.08667725851142576,0.15772302696361082,-0.196867043684685,-0.20170758826190197,-0.20574207275778505,0.012441332092872808,0.09868427133362853,0.16565161365241207,-0.025763641850983638,0.0673553796397557,-0.14577481174354062,-0.09655275316629709,-0.12682052887757161,0.20426068320018276
47,2.9836788543477705e-19,1.4970553987925671e-16,0.5459282167102467,-4.2152678733720817e-17,0.1575656814168738,-0.41861400168696355,-4.662169573552578e-17,-3.927950991944156e-17,-1.528099913966721e-16,-2.937913115337758e-08,-0.0001653220938549391,-9.471284776649608e-06,-2.7699020403012203e-06,-4.878862704268786e-05,-6.039185659278443e-09,0.00034139499570835313,-1.6685118330122333e-05,-0.00012505931853001848,2.598346131335955e-05,-5.085053824415271e-06,-1.4179653081818077e-05,-1.531150603808292e-05,0.00026025326615061647,6.307394255660909e-13,7.781836563667814e-12,-2.100341020519556e-07,-1.0015227701609183e-10,0.0012734130832509388,-0.00832317048418015,-0.00029972864957836145,-0.0035566428684951986,1.0354810272249616e-10,0.003501976087265969,-0.286907684711577,-0.00018304962998776282,0.00018714383611347665,0.00040953364955993455,-3.180030057194782e-05,0.027576560824458023,-0.0028079368803073175,-0.0014778665168709148,0.17125376942346635,0.23650359140870938,-0.00011609502451606827,-0.00041666250135111095,-9.868472234422307e-05,-1.2157642678966955e-08,0.00509685487167814,-0.007436903989786545,-0.0019728669649688372,-0.04295636876553953,5.158725656138059e-06,-0.007521504184854184,0.09899949746185246,2.7877256262666193e-06,0.0008955601608119192,-0.08538310619211537,0.0003574384823874342,3.8660804428103853e-05,0.010644167081869072,0.11630095233984673,0.1539680759099141,0.002173489249290453,-0.0034935472044531493,0.002067663388948318,0.04600304030997364,-0.07855915762340479,-0.15655799183771543,0.03295823429337703,-0.08288993659093202,0.06369526655740493,0.10778869066131837,-0.21780003802876632,0.13724919158575963,0.0877185971959386,0.07958683768668287,0.008841514356859953,-0.04870145978504899,-0.07463412732043559,4.93586596189516e-16,-0.0476646424369753,0.07173908965828595,-0.02247920267188398,0.03522140436211194,0.03473117115443142,0.01538516308865064,0.10254932027808626,-0.22069086219733866,0.09446754661855433,-0.012580227443696142,-0.17124254227755448,0.011300554134515061,-0.1419272799516096,-0.043158801968586305,-0.043418790790316845
48,-2.340960225206693e-19,-1.1723692213208412e-16,-0.4282797867382579,-6.76999353903416e-17,0.379957408904915,-0.41266515890926764,3.4767661191484367e-17,5.463653882853502e-17,-1.1394672004821969e-17,2.295264981720931e-08,0.00012759111531885554,7.321451994438775e-06,-6.451378621510996e-06,-0.0001111729492221434,4.447767354890189e-08,-0.0002700983344335953,1.260653111772406e-05,-0.0002927068646772583,-2.2255159055641467e-05,-1.0718550923604374e-05,-2.0905834084789223e-05,-1.3775745954089992e-06,9.28386389041872e-05,1.6713571005549691e-12,-8.777228167765111e-12,-1.0191851101854977e-07,8.257039845349417e-11,-0.0008948824562840497,0.005618463665660594,-0.000790555232121957,-0.0039864060992497495,2.9204247039849674e-10,0.0034669048530828078,0.15990150801505745,5.4301562182298666e-05,2.757787771939833e-05,2.7194616706726733e-05,7.192334511282717e-05,0.27255887902741455,0.001537778405889839,0.0001789808081977363,0.26018902896286805,-0.04846876781835987,0.00016498040183088945,-0.00025913890003916056,7.16703393424951e-05,4.687063278356182e-09,-0.010097558780511709,0.07723619325484245,0.002782088673285607,0.020277151341504873,5.898961262891042e-07,0.010855224211352021,-0.12564483055177544,9.824045393838505e-07,-0.010185282290221104,0.002504601601149789,0.005563387937464714,-7.207071517538996e-06,-0.039236854171429025,0.0004859852395929489,0.022603659371665513,-0.0034156001275930043,-0.019582934846103132,-0.023268878531563217,-0.045786547586245126,0.021297297916519627,-0.0002836809497548243,0.08854387073782406,-0.10285749685481661,-0.09430539705016895,-0.14572080351690778,0.022329410398664616,-0.31209973844164124,0.03654482469215579,-0.047223756740805145,0.04942356163126073,0.04530699552551094,0.025547202997940374,1.4020840346121413e-15,-0.0562287168931837,0.050429744334865245,0.04317051233530563,0.02735200623404374,0.07784382893362184,0.059898527906476276,0.10276755230654189,-0.23244878335217056,0.10041922994169601,-0.03025311532670514,0.11794783434901748,0.13939224990669413,-0.13076187729626143,0.02028850742544434,-0.06560268173157968
49,-7.296388534302564e-20,-3.684387885284286e-17,-0.13355531472497253,-6.493677261346823e-17,-0.5743577355721085,-0.3878321353666937,-7.18207716385234e-17,1.1937261627438574e-16,8.894725528071874e-17,7.323783351023269e-09,4.0817373222748035e-05,2.3297510408963065e-06,9.81056481261001e-06,0.00017015818861356466,-4.070950740816182e-08,-8.163835480602929e-05,4.158486886621749e-06,0.000445562242327256,-4.432589655701339e-06,1.670427467636815e-05,3.7446121040627533e-05,-4.552804911587083e-06,9.625840595674427e-05,-2.4667698013511647e-12,-3.959638459628588e-13,2.060220692052117e-07,2.328875503401735e-11,-0.0003232663954289627,0.0022544757333288925,0.0011296067063223559,0.00763094187828327,-3.5856113982169e-10,0.0031728649151894477,0.09888028943408769,3.1833371874186885e-05,0.00017549805631941382,0.0002801337486221716,-8.347285825852908e-05,-0.31337563115752165,0.001071223422036209,0.00013305285426525393,0.2445660005308502,-0.036923959278999614,-0.0001141095739026584,0.000954228647727473,4.786366455604987e-05,9.943092029459026e-09,0.0008664705314420841,-0.0706840103364124,-0.0002734146518855074,0.05513061192493827,-6.3855323224532035e-06,1.2045619221270443e-05,-0.016767127929027313,-2.799972063083358e-06,0.005388461453643654,0.12918777962950115,-0.004940473523476323,-1.842398927399556e-05,0.02189443196986781,0.0015783863117241014,0.027963308003930584,-0.0052102354219891005,-0.017070426235409487,0.02283520731431104,0.009772922056229302,0.010619732551252441,-0.07796289079954366,-0.01586766888613786,0.0038410454414624646,-0.0016379718715677312,-0.01432838759979357,0.2869887632286639,0.17757099821258707,-0.17214759256440296,-0.02253328664716439,-0.07211560414518876,0.013365059114220671,0.10318621949141707,1.132903438536966e-15,-0.04998188474781218,0.035379702425449536,-0.04276411227361133,-0.03313354504919976,-0.0974350091894331,-0.008493772465001822,0.09706229888569616,-0.20891122471977666,0.0883060481656553,-0.02583597754327973,0.0872868000560771,-0.18591191105426078,-0.12215953319740842,-0.060014890719866126,-0.012628524421700774
50,-2.941505488897413e-22,-1.5303348668539677e-19,-0.0005580776196159161,-7.167135614349368e-20,-0.0001610848465138363,0.0004284429698856188,-1.5017890469625893e-19,1.6692560713758518e-20,1.9822576846579884e-18,1.3681359296418129e-09,0.012854676243438595,0.000760074672989542,0.00022001874726717966,0.0037452596244370254,4.687347598933258e-10,-2.2060982810393597e-05,0.000604646735262966,8.297419531122465e-06,-3.0497502107262486e-06,0.00017882168475537454,1.8577256580761319e-06,0.0006477171936657718,-0.01203240544123275,-1.2204872759580617e-13,-2.4263261896386767e-12,4.582759783894191e-08,4.03323101208845e-11,-0.015891488627253397,0.0875759250506286,0.0034577861856392575,0.03057757684537659,-5.049560432613456e-11,-0.0005701311998364665,0.5751841017047058,0.001250741001328824,7.455040514906233e-05,0.0002307879959042563,-4.402800450540335e-05,-0.036283079664359646,0.0031938279498448714,-0.0035397396362577254,-0.12482125797086535,0.5641063673353369,-0.0005528829132823502,0.0019966198793094784,-2.088834933885032e-06,-1.432290498771729e-10,0.003008513062867271,-0.01142087410168989,0.0003666446992695555,0.03260880472122847,-4.55026258317204e-06,0.007289494767304286,-0.08883968562116593,2.246204711883121e-06,-0.00902605587129615,0.0757511239244735,0.0024525765721628025,7.94706215655005e-06,0.009291308485018523,-0.15529912444304994,-0.29402997637404593,0.0103199377688217,-0.03291501689601879,-0.0007853754772046237,0.009393798809566895,0.04674576862803,0.16494634357330504,-0.0880225609955298,0.12259769306047358,0.06059071788328479,0.09763205981481568,-0.17784881106565406,0.08879317842050613,0.04823957896468494,0.089161070531529,0.011212914467783337,-0.023478540526392845,-0.024224831754666703,1.9673663618549557e-16,-0.008633370298539556,0.08716298623554049,-0.013963075014620272,0.01574631146191921,0.02083200788243664,0.017501341662788075,0.06610386134578163,-0.12023417742266104,0.04786851166472423,0.016685205151999147,-0.1732300663439415,0.011269929466901276,-0.14347669088089668,-0.006697810564316419,-0.021673979186508884
51,2.3041909869164927e-22,1.1965651668434443e-19,0.00043708642147328227,9.316257326476366e-20,-0.0003876853995734682,0.0004197321393142817,-9.808585837646732e-20,2.9363440167383686e-20,-1.4215292158289467e-18,-9.927621190095636e-10,-0.009635399850036933,-0.0005712598737104994,0.0005111442201928393,0.00854026943981902,-2.0842823190370805e-09,1.5734193928229397e-05,-0.0004290410127870725,1.6939705706314605e-05,2.150148141538793e-06,0.0003784787917108995,1.928417484077803e-06,0.00039979649268091923,-0.00916456776688746,-2.6930719325257075e-13,1.6273927342228546e-12,4.923124916969255e-09,-1.9042673464363e-11,0.009162671439010344,-0.046276373370453774,0.008489702266690878,0.03757489254376385,-6.09492734024478e-11,-0.00016187227114687782,-0.135242596427671,0.0002916451925325894,1.8836477204627028e-05,2.230399386215605e-05,-2.597521083968391e-05,-0.085666685424168,-0.0005497637021396863,0.00046008733935781016,-0.010315606171955836,-0.06950888927111896,0.000604528202787685,0.0011220075528885528,3.000115166152092e-05,7.417310342477865e-08,0.11793770220493013,-0.6172317852653382,-0.0013265030757715092,-0.2167182864988296,1.657041113495709e-05,-0.04428789052985393,0.46899921370032926,-4.1361601881939395e-06,0.059431883466463706,-0.08623908823176549,0.0042766917560817614,-4.634065968894795e-05,0.06181150611651072,-0.16506196667840292,-0.2541116508929733,0.00275457924011191,-0.032030775937713925,-0.016823394745246672,-0.03908717705723666,0.045903098400451744,0.20432053815415194,-0.04079405490052371,0.12787363149018968,-0.04712566300585482,-0.07045527427360544,-0.03231021552917162,-0.15979914200294945,0.02601255066528509,-0.0650425776763655,0.0643735807338091,0.01868022939093023,0.009499621765946755,6.916270588313253e-16,-0.020044188430874417,0.06473937859794092,0.01678253677395097,0.0143893346468842,0.04212953685437365,0.02707387139161097,0.07167503298065399,-0.13660716736455691,0.04714052919547273,-0.022996299185647256,0.11960829657134207,0.141021715649227,-0.13218126011998904,0.03104256555806711,-0.0182039866284431
52,7.181800066690632e-23,3.758812629299465e-20,0.0001363018111995721,-1.280330520217007e-20,0.0005860400913671161,0.00039447468637346963,1.2579117135072452e-19,-9.873499898162608e-20,-5.694856061321648e-19,-3.1636112366203373e-10,-0.003008817060498714,-0.0001773758140899615,-0.000769231685086555,-0.012916825289824772,1.7542482303431019e-09,4.805191244219983e-06,-0.00013454553395851658,-2.593631604074507e-05,4.804327268250709e-07,-0.0005738109951385856,-3.67933312112589e-06,0.0004305721763201892,-0.008638954888988106,3.7751826515052755e-13,1.7305605971861925e-13,-3.557263315090555e-08,-6.890036743106126e-12,0.0028159185436925985,-0.01605125823068834,-0.011523391495386233,-0.06010545433587022,8.812431835939768e-11,-0.00014318135991080817,-0.08490610443379877,0.00030598202885644084,-5.1714904415201306e-05,-8.80185004690645e-05,3.571419651240085e-05,0.10213722452471777,-0.0005501091588258074,0.0003250232689814771,-0.012156052798303793,-0.049725858004785364,-0.0005848005865482095,-0.015555528641390608,-0.00019867780730896585,-8.124425094151896e-08,0.0227123054404883,0.562395385978697,-0.0021823343883380225,-0.4135902182284954,1.3817655858726549e-05,-0.009412208201150697,0.16212426145357206,-1.2235051607704017e-05,0.0016244390794198109,-0.4436756362737207,-0.0221776267113338,-5.906383112372276e-05,-0.017777226960887516,-0.15252072738331957,-0.22780507917958528,0.0005499849601970313,-0.028505142126934807,0.015872307064834043,-0.004791011597916097,0.048086659170734465,0.17452192463917723,-0.09148299299603228,0.12649843155593285,0.014221167612215136,0.014357131916329665,0.12654671521798033,0.11169400923177926,-0.08242772460883806,-0.03367287911088777,-0.0934437225044938,0.0032938556196868865,0.04274492153098613,1.0861059268508388e-15,-0.018612407716175287,0.047715189624526595,-0.023982288585080377,-0.008091919889693964,-0.03928079258664818,0.009136017967701079,0.062054908799993355,-0.11488884533293446,0.038160296466471524,-0.017226187939736827,0.08848470103805889,-0.18834539657963434,-0.12352782066754815,-0.014580511796589438,-0.009144763585878814
53,2.4766073809953783e-25,1.338342853112041e-22,4.880744931863808e-07,-2.873903628451025e-23,1.4087339549555138e-07,-3.7797052261320556e-07,-1.8866500482364015e-20,1.5500595257109737e-19,-8.182093963422918e-17,1.1967503485038348e-11,-0.538574551298188,-0.03288296590548587,-0.00945169675364548,-0.15546376187458166,-7.635784798129398e-12,1.7363225947418767e-07,-0.011270176229534974,-7.797483329355283e-08,1.3768826850909708e-07,-0.0032541204969023696,1.3742093993381842e-07,-0.021732510109866567,0.4146735067622591,-9.530995896802626e-14,1.143987724262221e-12,-1.3993158517266496e-08,4.152999511511521e-12,0.08078390911975951,-0.3520594976056918,-0.016876302673021596,-0.10044467523170902,-3.759714389556659e-12,-9.742123987167607e-06,0.002517642875640505,-0.008647821672177433,-3.0449238692230648e-06,-8.660016030296345e-06,1.0194529555884648e-06,-0.0007309609349140157,0.0021167826171133363,7.465693503766098e-05,0.0022388631438527737,-0.012235737972330291,-0.00036204092635090066,0.05468330455365755,-2.642271413313615e-05,4.326447193673851e-09,-0.25525399061685944,-0.05856490010652002,0.0016991732651497405,-0.2999616943449953,-8.25542089893368e-06,0.0028720109097293525,-0.1365288850132395,2.720845635592294e-06,-0.007076699872139161,0.16994887583755722,0.004411048152280931,1.3918219234696015e-05,-0.07097161416457122,0.07803915272785843,0.1422526284937455,-0.004799496634447954,0.032529371481580485,-0.0013987629833137076,-0.03432255296921649,0.07044069153058272,0.15107945466133874,-0.056082692912536716,0.10575263989239962,-0.007274383134647286,-0.013503324802179107,0.03167478453667974,-0.033829373881614486,-0.02723481993828592,0.09627424990009631,0.01356056653564158,0.01881722476093571,0.04308351030691712,-1.362658005729065e-15,0.04012926745534634,0.10315839555658823,0.006055705507756504,-0.016154575303824793,-0.009841420846099522,0.010479492172013792,-0.010945777595031266,0.0450874305623667,-0.02044534439539809,0.05037208217962947,-0.17478273092607127,0.011208753200505742,-0.14489645085207317,0.037770896453298924,0.01742660464843602
54,-1.941933416434994e-25,-1.0476232424174885e-22,-3.826511967519272e-07,-2.927001780495086e-23,3.390410377520139e-07,-3.6340303250548457e-07,1.4953039508381418e-20,-1.2157588418905612e-19,6.401324092546081e-17,-9.582429224857594e-12,0.42248910972991494,0.025834352014633386,-0.02311818253723438,-0.37491538922286866,-7.857096103137842e-12,-1.1149742557783816e-07,0.00884095236696304,-1.2691422748844422e-07,-8.821513364650529e-08,-0.00784507705700981,1.677253491402214e-07,-0.020342095930660182,0.40866098784645716,1.3589284017354527e-13,-9.217917696952003e-13,7.442717322932835e-09,-6.646999956430491e-12,-0.06458790030805327,0.2740949490545587,-0.0616706281758301,-0.24584395165890977,-7.2031313037709425e-12,3.2547942750943563e-06,-0.0011278227447758709,-0.008557269934872044,4.181390712539886e-07,1.7587591661367404e-06,-9.193357854395533e-08,-0.0019564792588656877,-0.0016797147093772623,-1.8970723399976172e-05,0.00016547193359797924,0.003043598204915376,-0.0015749234025619512,0.038420060273385875,-2.9416308460562026e-05,-2.0565757822851075e-08,-0.28788764472343076,0.12042794638698241,-0.0026369272812662337,0.14498847134920434,1.821620545338321e-06,-0.022188024554015695,0.24977596312015007,9.17619592453236e-07,0.03435758916732199,0.11852189650632537,0.004509101554754147,1.5615990959610963e-06,0.07171733789821069,0.0786232326106653,0.1435109743703477,-0.004249242726739754,0.031265178440180195,0.000853595854408734,-0.004840226917030478,-0.02357331481957647,0.11467585807214214,-0.0745342988659343,0.19182177897797917,-0.003904143612385691,-0.0019520135725723965,-0.017387408960966324,0.030827307063288747,-0.002033417456359626,-0.08653072727458083,0.0808222185464833,-0.01172217937265156,-0.010189389619306117,-5.374336053758646e-16,0.025392977982927556,0.07999482212059737,-0.01234553293059231,-0.007617171940792936,-0.014744655881836637,-0.020708617776144134,0.006718755468567317,0.015990133302353014,-0.026669943294405994,-0.013325789015546353,0.12162851680095436,0.14273791324401308,-0.1335280638509291,0.03971058043181269,0.04829993095460562
55,-6.057711592459911e-26,-3.2923082999694767e-23,-1.1942952493857828e-07,-5.196829181362079e-23,-5.127119170226666e-07,-3.4197932469413194e-07,4.56313053935997e-21,-3.789264300490831e-20,2.0202101256328795e-17,-4.007055875024163e-12,0.13177470060452745,0.008004280860860934,0.0347997536592767,0.5667216544228704,1.5906096846325125e-11,-2.544853628246219e-08,0.002756446887531805,1.9133429484463867e-07,-1.7712697180980567e-08,0.01185920244185016,3.8867450715001355e-07,-0.01974515126556656,0.3840493582143714,-4.014238355915127e-14,-2.706764011786031e-13,7.607229014270168e-09,2.6560239996971777e-12,-0.018274317789219507,0.0888614169248216,0.08394715332921858,0.37003147234500444,1.1707500976450841e-11,1.3582950262120383e-05,-0.007763398569905256,-0.008059648364845245,8.968415507411016e-07,6.955058670611977e-07,2.2571343765195822e-07,0.0034526649216018476,-0.0004909757918428068,1.9126312138387477e-05,0.0012322266853777466,-0.003008404306484613,0.002206823610030428,0.0502783664228665,3.754155792885954e-05,1.7223505606959935e-08,-0.2487082817934862,-0.13349158678193093,0.0008730038615383716,0.13179678954894167,6.500025486083695e-06,0.013889943223539383,-0.11716627255021658,-2.741991904648175e-06,-0.02863782411546603,-0.2914313767817944,-0.008158730970323828,-1.064568891696744e-06,-0.09553627521771059,0.07077226552465704,0.13171147640518258,-0.004345141987621415,0.029246434874517016,0.0005392581298178279,-0.012521586020173345,-0.001306914899076771,0.1726899569045502,-0.04925415076977814,0.07449744795633619,0.003840719450881971,0.006437250597253653,-0.038517618109902806,-0.01889213782338837,0.03391526747292678,-0.047524419058461595,-0.11684124791795877,-0.0053140508354045215,-0.03570404648361953,-1.1199761597631465e-16,0.020948123924423495,0.0608388079786109,0.007671352755114448,0.018784612210651898,0.030707495203190084,0.023715316930295056,-0.005047062579993514,0.03183580271995692,-0.030824184575076588,-0.0060954832647179,0.08996413384174724,-0.19089651772460367,-0.12483902344711269,0.0412056090550607,0.0032386199928059758
56,-5.91341448513526e-28,-3.3209312099011334e-25,-1.211124909437757e-09,8.333539807123881e-26,-3.4957029408372034e-10,9.746323289210351e-10,1.6363591843530206e-21,-1.3490468569435621e-20,5.4697078834307784e-18,-1.42762239990783e-12,0.03599211023659059,0.032941256569561185,0.01004035841394786,0.010354426013712495,9.762843210240199e-13,-2.662454257138121e-08,0.001820253058505151,1.2266892929714017e-08,-3.94094442673478e-08,0.0005252684115342868,1.9348617567341573e-08,0.02755899088928781,-0.027826794448821288,7.193893322637913e-14,-7.037874525653347e-13,8.181752751187049e-09,-5.382171421552362e-12,-0.15978885546156732,0.25677572230224877,0.04720013008479548,0.07200010468521406,5.753212192862549e-12,3.0506093355505074e-05,-0.050770586806706916,0.001331609218501723,-6.023241496467962e-06,-1.7181275456491872e-05,1.8266683588652473e-06,0.0030602567023183787,0.6186796056421946,0.00024857382759672887,0.006868148238361906,-0.03948083498791887,-0.18068037215497793,-0.12171747797509275,-5.898115906474483e-06,2.5934949692892615e-09,0.21265143859251298,-0.004913535090975102,0.000798357294322348,-0.15770007002151654,-4.955162615916752e-06,-0.47131263592716194,-0.12457531718089475,1.3761466592852445e-06,-0.008270151683353946,0.08627335012417078,0.00206156507658049,7.236783542111396e-06,-0.035165536327771675,0.053366526435795904,0.0959679002377028,-0.0026517581448609008,0.018598356185882466,0.0017360911269238455,0.015552040694444496,-0.08927026764867718,0.09137120229485451,-0.02794842491225314,0.07608167191741025,-0.026517814568054538,-0.04378892826707538,0.07606074415536064,-0.06973394294107232,-0.039832964784917824,0.09696772668037185,0.014287704709797972,0.02938545523349841,0.05900603533589454,-1.5305425717081317e-15,0.04894682458095596,0.10581759208698455,0.012316016324629607,-0.014069124172590142,-0.009638511673734352,0.0020335743917669308,-0.03299635915196998,0.08139997425765393,-0.03417428290011073,0.05594684119750364,-0.17499236685369754,0.01123591729453457,-0.1452362323809008,-0.048066178800838806,-0.03871626185722225
57,4.638108592729376e-28,2.6005751433861645e-25,9.49807286085189e-10,-4.5291423389580456e-26,-8.411101531228084e-10,8.742864581824584e-10,-1.2860412996855113e-21,1.0600479860813874e-20,-4.27108159879862e-18,1.0876754926746534e-12,-0.028215325865298457,-0.02607462691980065,0.022617231861494957,0.02506508722541496,8.496202718582455e-13,2.0026776667500558e-08,-0.001428117833258539,1.9228505434810656e-08,3.003607748423267e-08,0.001267248096109653,-4.902019639752661e-10,0.020617388909985192,-0.027761238660510033,-9.629004201318142e-14,5.495457516924361e-13,-4.19592857295652e-09,6.550298552134896e-12,0.13318376959270375,-0.19649185687332568,0.11507810335142953,0.17950230886980606,8.614643812038785e-12,-1.3717786625806516e-05,0.030151899507453755,0.0014162405859763738,2.3750674355071338e-07,5.3329783645124425e-06,-1.7683568191278535e-06,0.008313973053409708,-0.4862990626619823,-0.0001438537925887811,-0.004091603713588031,0.022818797445709277,-0.430577574231192,-0.10361579378966858,-9.323544310684533e-06,-1.6655071335973953e-08,0.1849812269515716,0.13882379774167247,-0.0014532086979368963,0.11372517698019419,-9.201144456045838e-07,-0.4658414383791965,0.036632651836149215,5.342695558063673e-07,0.007034860300089218,0.05306271667866199,0.0006559367118649453,6.687706748463447e-07,0.20567863344660026,0.06852419443367416,0.12301866413245949,-0.0035512615895823803,0.02531102668414841,0.00012117304527198373,-0.01188357494009441,0.011299212919421908,0.10286872257889414,-0.04028682163606482,0.0659702164820601,0.013337910673944684,0.02199008019771473,-0.01187375012914564,0.07050921155236334,-0.007533196038068456,-0.09064617438378698,0.08409949819811585,-0.015719458385860276,-0.009930240696576692,-6.988407651010762e-16,0.03399721434848908,0.08262696074952498,-0.016480007726576075,-0.003959315748148058,-0.02127958944197796,-0.03741856201509294,-0.014166849448769444,0.05164745858588497,-0.04192154740832766,-0.01166456406393617,0.12204606891417007,0.14310772335965105,-0.1338698632265094,-0.05753553180228687,-0.005015909632768485
58,1.4469489373147812e-28,8.16999388562611e-26,2.9647378645941747e-10,-1.057925349371392e-25,1.272209704031584e-09,8.290567400764098e-10,-3.9785825358297787e-22,3.282185615124548e-21,-1.3591299773816886e-18,4.187076864593948e-13,-0.008825887746305442,-0.0078231293235754,-0.03488480739196656,-0.03784742530311013,-1.9348019047057074e-12,5.849927519665496e-09,-0.0004450483954889832,-3.249194172131262e-08,8.342899085340634e-09,-0.001915454419141118,-6.915947912625147e-08,0.02417940240444101,-0.025810759498353906,2.46680773215084e-14,1.7244215503196741e-13,-4.3494177801505205e-09,-1.1804041144486219e-12,0.03453072304645088,-0.06734575759741053,-0.17028097669567158,-0.2694038751062481,-1.5380135952368333e-11,-1.941521987421952e-05,0.02398069911203845,0.001337431572679438,6.827386474719433e-06,1.4814725870780062e-05,-4.1342091393391564e-07,-0.012261732729694153,-0.15134390732389869,-0.00013464344922466587,-0.00394326265761449,0.021516220442528617,0.6517400650757529,-0.11367619622447246,4.454638379918954e-05,1.578640919959194e-08,0.18827298913959015,-0.09104693664900278,0.0005017703010742254,0.12572340443684757,2.4189639763070654e-06,-0.42891707624762465,-0.12782087545951681,-7.470286271172627e-07,-0.02145358024437347,-0.14715619658753348,-0.003517875994714326,3.5318973752280364e-06,-0.0409656311875174,0.05165237365860727,0.09256798964752773,-0.002789503133436265,0.01921674755870041,-0.0010445769706454826,-0.023186491878825623,0.06435407800956225,0.003223493502289343,-0.034822837721871946,0.11866914764184455,-0.006952404429680291,-0.006283597615791836,-0.07389915600881895,-0.06067635668188857,0.058221287739781254,-0.05005505184524142,-0.12023231989980572,-0.003901346681473712,-0.045884556980227274,-1.180369692562686e-16,0.028191684071294777,0.06302879598246057,0.016314850438297276,0.030602131779432853,0.04929294456394954,0.01970387631150232,-0.024655132762041874,0.06426011363190072,-0.0443865747224696,-0.004120616682434719,0.090247553466169,-0.19130061157203312,-0.12515443030398907,-0.034839191134433733,-0.05261313483158307
59,-4.338120465662065e-27,-2.4379263893927608e-24,-8.890983935065415e-09,-6.742428376501519e-25,-2.5662296130133047e-09,7.174575092377783e-09,1.9299561504753824e-20,-1.572986649971165e-19,8.316938990125026e-17,-6.681649148731542e-11,0.5474522781357708,0.03131658789017175,0.008955405165283483,0.15802410745450574,-2.0990181035347503e-11,1.0381393622766773e-06,-0.001252416691632175,-3.88838916960055e-07,1.9614044538454712e-07,-0.00036187546106787735,-3.8250433179495877e-07,0.0193033371508446,-0.4212809140760911,-8.036708523756521e-14,1.0849347447497782e-12,-1.3916481119005125e-08,2.299489520466501e-12,0.08138935630802413,-0.31190888268326344,-0.018525023601021713,-0.08904132952687424,-1.5534646091492678e-12,1.2875468773844706e-05,-0.016874752495105096,-0.0009689961018636571,-5.424521697121548e-06,-1.6034142634036454e-05,2.624400091583458e-06,0.0005405520731694322,-0.08392895777167933,0.00019172407311228055,0.006405885117607783,-0.030855915535411196,0.024714872793532003,0.05762593977865151,-2.5873317341714875e-05,4.436307286039061e-09,-0.2216767777183355,-0.056264867081206774,0.0017756621058432627,-0.3071227522416655,-8.357956209659194e-06,0.06865224365461216,-0.1324093867728868,2.747719698232433e-06,-0.006498421501177246,0.1745537310920622,0.004526131487700955,1.4058317540228876e-05,-0.07373305706347956,0.08506984060959857,0.1560096882302911,-0.005416653410478809,0.034818222217185946,-0.0018314140031757597,-0.04160564549448028,0.09138161377216457,0.1488198627915778,-0.05467121645052655,0.10156110493345796,-0.007664330342449603,-0.01434019394202404,0.03544223069767481,-0.03421214515940172,-0.028879552437674417,0.0964708737554181,0.01357025907073978,0.01921948938175224,0.04381673177111512,-1.3778172193791523e-15,0.04105454362779524,0.10347415901965834,0.006099092255504632,-0.017840277799393605,-0.011289757070403608,0.011221246261975609,-0.01150930934182063,0.04758792704675224,-0.021610590125588875,0.05106739789652728,-0.1748204650098699,0.011205073960221254,-0.14490410885465294,0.05100062390475102,0.02661747712160005
60,3.402554123312977e-27,1.9091134725942035e-24,6.972640559154299e-09,-8.152571837672515e-25,-6.174639557300726e-09,6.404896201971855e-09,-1.5143181400653907e-20,1.2339522663835722e-19,-6.506983927773357e-17,5.1359794493961735e-11,-0.42946057948478356,-0.02459363128293047,0.022060850773953415,0.38110432868714633,1.0289052315744819e-10,-8.107533139191082e-07,0.000982196667134165,-8.055393387772081e-07,-1.7307445495916707e-07,-0.0008699999559833623,-3.532779363696554e-07,0.020557120808171896,-0.4154505897720373,1.2722520033218436e-13,-8.428330829628577e-13,5.993742075527386e-09,-5.361163977127577e-12,-0.06568928343819874,0.24115181635250268,-0.06146443799622272,-0.21680187303884577,-4.2824304330095675e-12,1.122184413664457e-05,0.0025336294958356537,-0.0009535427443174142,-1.6948266093401113e-07,1.1439674791193288e-06,1.1750078509653908e-06,0.0010813541133750239,0.06585988537504825,-3.584338951264522e-05,0.00045789934045665376,0.005618387182331394,0.05814917876752844,0.038236911630362594,-2.995943946141214e-05,-2.3324969445996684e-08,-0.2595659634320507,0.14531359781661557,-0.002653197129492841,0.15801082684941367,1.4443923093464708e-06,0.04239785780411152,0.2517169120374746,1.1074601884693964e-06,0.03459626332298341,0.12779540490235902,0.004717263718466257,3.3831379351870943e-06,0.05374056231922293,0.08419125728830751,0.1519430329706582,-0.0042929986500986695,0.032402978335891806,0.0017876003657904664,-0.001116980079861345,-0.03216004140457982,0.10292885713071773,-0.07684361425442619,0.20345678473925968,-0.004058304083856177,-0.0018248923779033489,-0.017034347424517395,0.03434958941392497,-0.0025891616555827777,-0.08690049326065732,0.08109005814459687,-0.012555996025429627,-0.011124074728418781,-7.147522072541171e-16,0.026212754272703895,0.08028472537746587,-0.01307551199801515,-0.009088484474716543,-0.01646640085930883,-0.02063518446014283,0.006499636160562728,0.01806478242423256,-0.02787712873393885,-0.01312418771335896,0.12165607967442499,0.1427605909871258,-0.13353211615605795,0.05280153449890763,0.058239326664440656
61,1.0614907470180608e-27,5.997630747350411e-25,2.1764412829877163e-09,1.5085473765249648e-24,9.339387868221085e-09,6.077885284384242e-09,-4.719659665494161e-21,3.8486661574751483e-20,-2.0533950322538087e-17,1.7784043760875582e-11,-0.13394240493579998,-0.007633731873849918,-0.0331394910930114,-0.5760721682807313,-8.660590116293344e-11,-2.731424184343684e-07,0.00030717453752341343,1.2893655662326674e-06,-5.448698930044887e-08,0.0013165537600554138,5.1812559193117666e-08,0.01833169887903834,-0.39049376717389134,-4.8529162363814296e-14,-2.3194801290002473e-13,7.538093294476828e-09,2.428241667769765e-12,-0.018361551527344522,0.07838473035220678,0.08487330252579305,0.3262638988127258,7.732186654613633e-12,1.9634076861939087e-05,-0.004882862297143558,-0.0009125281385239906,2.7059017728453176e-06,3.932745978823209e-06,-1.6523299450839072e-06,-0.0001969816895462844,0.020542272599222363,6.518981803436523e-06,0.0015702114229288516,-0.0010666992767962796,-0.0882694387808034,0.05375805540180575,4.539721601175752e-05,2.0037792988159522e-08,-0.2184595280071962,-0.15021293058811416,0.0009950579667552845,0.1491484527155598,6.29621180689016e-06,0.07560261858009099,-0.11993325595247838,-2.4570854112530272e-06,-0.0290008987554585,-0.2853291546704073,-0.0077035112415116255,6.571674004302592e-07,-0.09931762033745603,0.07715924529032006,0.14180293726314233,-0.004420699577774852,0.030851742583495982,1.1074548579852626e-05,-0.010212930393078651,-0.013577067509022595,0.18622496770615093,-0.0458101658767949,0.05951188890886525,0.00486453701756486,0.007829124072946446,-0.04083073501279425,-0.018961216442627778,0.0357727189632958,-0.04777838548428514,-0.11736750445015093,-0.005895979274087872,-0.03779350694973929,-1.443523626848061e-16,0.021690932187757108,0.061096137902847555,0.007915114624023507,0.01834059839195778,0.031204862378421655,0.024803579128174172,-0.005494356684472091,0.03403821146270365,-0.03203086445249078,-0.005873990515451081,0.08998946584772118,-0.190948667847136,-0.12484548562497799,0.05364345507211587,0.01123969085812485
62,1.0855074371004522e-30,6.348801772067801e-28,2.315428101993154e-12,-9.653604115601312e-29,6.683540362916536e-13,-2.166702506390474e-12,-5.869943386736766e-21,5.0903726767195836e-20,5.390946141668526e-18,-6.186429520171939e-14,0.03570855484784418,-0.5978171146698033,-0.18171978089512894,0.010906758276825659,3.0089576560313236e-14,-1.74470087591024e-10,1.5918222398039853e-05,6.965551392966564e-11,2.270285255938947e-09,8.13294607185852e-06,-1.4156256799412586e-08,-0.4671480987670507,-0.023374597109879203,2.0433249253356564e-14,-2.391043055585533e-13,2.9107227718009556e-09,-1.9306309001509345e-15,0.21160568248324335,0.04323723461010287,-0.08660627575281,0.016724692808596713,6.818604789655164e-14,-6.956417641621794e-07,0.0028064245590710113,1.076453501878505e-05,7.252250092734169e-07,1.9770771456335596e-06,-1.957146126066602e-07,-0.00012136904563717871,-0.040088811664125375,-2.2201733450548824e-05,-0.00057474039074097,0.0035609289241370578,0.013843595377161719,0.17965695038516316,5.4187158366631825e-06,-2.1702383996077783e-09,0.02369394951031958,0.01891353575927001,-0.0008119235801679113,0.1058637996981137,4.3297785899285046e-06,0.025206694192632047,0.08494256370711509,-1.5670088755157913e-06,0.0064378326527111665,-0.07725081867825791,-0.001862060396380577,-8.200350158541632e-06,-0.023786566230111772,-0.03333990280516423,-0.06029031567059598,0.002684892564001854,-0.017204887948992047,0.00535475485532847,0.08188872287148112,-0.2798473044271544,-0.03570240008339204,0.02929143516173379,-0.012687736631417187,-0.046144253063385675,-0.0751041581858713,0.12670569532800993,-0.10579433972792616,-0.0535357562756708,0.09747299122452228,0.015220313334404508,0.04049018890738138,0.07589926606418741,-1.4184972784012448e-15,0.05831315968039112,0.10855894768077255,0.018985552188961686,-0.01101353154092477,-0.009569108184301981,-0.008532326724791052,-0.05829010409053883,0.12176495692438291,-0.04919407929802008,0.06166921831196806,-0.17522890590549436,0.011303415817091848,-0.14561616217348786,-0.15260796916911207,-0.10645474851523445
63,-8.514921241995254e-31,-4.972675469342472e-28,-1.8160340792975563e-12,3.338677224908007e-28,1.6075518058704448e-12,-1.4663170388674635e-12,4.657583506483275e-21,-4.039212765256712e-20,-4.391059180149703e-18,4.243487132182743e-14,-0.02846970633052322,0.47474149786035397,-0.41155369857720425,0.024788773701745485,4.003651348786876e-14,1.744294449413957e-10,-1.2023648739352904e-05,1.5970527786459995e-10,-1.125618397120295e-09,1.105662329927409e-05,-1.0911456680273145e-08,-0.4378028846451487,-0.0217247462541224,-3.0898967262268647e-15,2.402042569747597e-13,-3.443038198512815e-09,6.317643689294156e-13,-0.21161526826548413,-0.04699665921213219,-0.1680360517671231,0.036004278990686055,2.921793700389778e-13,8.562480869422059e-07,-0.0022528373640605735,6.163195651923086e-06,-1.850315230861015e-07,-9.890708781854543e-07,1.9776337316142484e-07,-0.00035077573617616804,0.03555332054654546,1.6374532949524494e-05,0.00042755689447124105,-0.0026212307344680133,0.032399837562202834,0.2150791114814805,6.995865747256917e-06,6.038516716760168e-09,0.04072766945852613,-0.03748566827891392,0.0013105806735940868,-0.0683401734980794,-1.8716329730663882e-06,0.05623606005741282,-0.15503903251774453,-7.794739327223956e-07,-0.022657693520801086,-0.07313542648221995,-0.0046893606271565785,-4.609899263554966e-06,0.25352175023699564,-0.002149793049160064,-0.004784417963303105,4.0018371869665224e-05,-0.0012436293638522623,-0.0010732976897954549,-0.01583181125587552,0.060015089042169255,0.03715150449923594,0.026818047559045963,-0.1478982602341407,0.03684099628275029,0.05424010792560495,-0.0035617527854863765,0.12089057336672694,-0.014243791261514104,-0.09517349153379889,0.08777167087780559,-0.020589460791966413,-0.00963321271161901,-6.719981698966273e-16,0.043320821489651655,0.08538409767916116,-0.021401366861509327,0.0007228430777060021,-0.029105206116714657,-0.057231059877224724,-0.038707338485485736,0.09210003536404174,-0.058836493371667915,-0.009953897377187942,0.1225107212372546,0.1435347705550788,-0.13425116733111644,-0.17678196684455777,-0.07096144424853287
64,-2.6561491886508707e-31,-1.5614110665347906e-28,-5.668089580260869e-13,-4.6288052653031935e-28,-2.4318414226297154e-12,-1.4575172532122075e-12,1.3887367591456998e-21,-1.2041145670483688e-20,-1.1562014534783586e-18,2.1461250618695716e-14,-0.00831203309177859,0.141039282341396,0.632861292892171,-0.03806725611200353,-7.477572133719543e-14,1.1411530145873004e-10,-6.971923670785527e-06,-2.6165836187917603e-10,4.702006435621552e-11,-1.6355663214236745e-05,-8.019553634041907e-09,-0.43108377898290023,-0.02153638830380919,-1.7208924818857932e-14,5.5572916516056455e-14,-2.644443313237757e-10,-5.490011644798388e-13,-0.05685427844194271,-0.006476873852183795,0.23591272820083994,-0.04931986072911634,-3.2978789067198743e-13,-1.4277757852274462e-08,-0.001049225922432786,6.546009853800693e-06,-6.532005255043148e-07,-1.3817567455158062e-06,5.360464878651521e-08,0.0004361994585548569,0.01202518126555842,1.030286967057637e-05,0.00026791757087416625,-0.0016618033582070947,-0.04217596435996035,0.16807107293994933,-1.3029459151867567e-05,-5.229868870261892e-09,0.02594149565123139,0.03614945522961666,-0.000337580242613767,-0.044150435101588156,-2.826286069100611e-06,0.020685542871156145,0.05550184829952998,1.8283299569650792e-06,0.013267449833844392,0.13782752371634857,0.004824556136857515,4.6417715322325e-06,0.010541163912482908,-0.023964360207791868,-0.04759004236898123,0.0016438871557649115,-0.010492692550339322,-0.003056025626437836,-0.029133551934061183,0.1403221415894344,-0.24994623265422103,0.004214760480654317,0.12273506374260498,-0.017928513718639655,-0.019092291640438446,-0.11117253602192824,-0.10451706745490094,0.08431670391498836,-0.05279018647720631,-0.12350492141808085,-0.0024095043078101374,-0.056473371436707866,-3.043588044021745e-16,0.035911859553838396,0.06527825050143576,0.025650094596343813,0.04380108724593293,0.06903235558746253,0.01396651309777718,-0.04719461884858375,0.10032898271069378,-0.05912263260604849,-0.0020531859978872966,0.09058294246828459,-0.1917305781138715,-0.12550138095697363,-0.1276984000388793,-0.11926812481629077
65,-6.081454004839716e-33,-3.7061620558380684e-30,-1.3516807230302889e-14,6.437851572425928e-31,-3.902156725312265e-15,1.923306746008898e-14,9.71919929776344e-22,-8.432257971800498e-21,-9.30837824229857e-19,1.810504425880842e-14,-0.006164622977164401,0.09971776121027379,0.030536543365574296,-0.0018947466187931156,-9.717410976466011e-15,8.605083929580774e-11,-6.9193626742534146e-06,-3.204178999783899e-11,-1.678103562780179e-09,-3.2201669942335884e-06,5.136200245219389e-09,0.08623527074756702,0.004594749618566054,-6.802366850932825e-14,7.923261113574228e-13,-9.575343839978999e-09,1.5989217500702342e-12,-0.5461122830537103,-0.17381772350999822,0.20091877207211345,-0.0570413837476002,-1.967557943176006e-12,-9.380459360088206e-06,0.015001297812069742,2.329883898377586e-05,1.9768450292454698e-06,5.664976158116042e-06,-6.128183351139275e-07,-0.0008735072631697953,-0.18208013268448958,-7.738436803084713e-05,-0.0021506705355392093,0.012319650425495295,0.048698760410054026,-0.4419382130283045,6.806232134916245e-06,-1.6461145145247923e-10,-0.12491556988900568,-0.007359562618340676,-0.0007544282551688846,0.11856309524399837,5.237357085574357e-06,0.1401604991401075,0.09023797948687907,-2.0710978658192826e-06,0.005025841107973236,-0.10896706153220577,-0.0030980643217836017,-1.1267145359215813e-05,0.031523583546266935,-0.04310050733753977,-0.07796533188517837,0.003325498913780414,-0.02136138823596569,0.005872159360442809,0.09096673299864155,-0.30647643906370664,-0.0532296279883072,0.03477830513238771,-0.016565188847009183,-0.04943374936892292,-0.08010276026963263,0.13236376574611208,-0.11184791248529669,-0.05481694680992049,0.09760243944266801,0.015244114682696175,0.04194452736613124,0.07782491596405743,-1.800484780411842e-15,0.059249319105249464,0.10882887755791726,0.019966872570547883,-0.010669142114504671,-0.009238065482449369,-0.00938890574041888,-0.06086772573149403,0.12583463529221736,-0.05067369752473927,0.062305363769586626,-0.1752621680022841,0.011303219442688908,-0.14565022609189288,-0.16292927172923444,-0.1134333998118332
66,4.770642240092785e-33,2.903257143030312e-30,1.0602007839730792e-14,-2.8246169453177023e-30,-9.38141285258313e-15,4.1259122644497975e-15,-7.691682863779915e-22,6.673470223155727e-21,7.549295759617913e-19,-1.2740337292332055e-14,0.0048976164175122665,-0.07897080687858408,0.06832985695582194,-0.004258262349808737,-1.1481279701038872e-14,-6.395956339408591e-11,4.899539834317972e-06,-6.938260948570184e-11,1.2727636334060685e-09,-4.031811349709206e-06,1.052479595760489e-09,0.0605538746842926,0.0030003830539015444,2.8190767050819188e-14,-6.688390694931122e-13,8.848043928491798e-09,-3.185013723788661e-12,0.45730532199833795,0.15271451340400558,0.3626561931368177,-0.1232456923736768,-3.0874280939975477e-12,3.623228647067218e-06,-0.008690086351607437,-2.8358355263494094e-05,-1.0689244702438138e-07,-1.6658972692333935e-06,5.170020920001041e-07,-0.002470209857613546,0.1437645741596347,4.254037868770084e-05,0.0011613022276003178,-0.006750620371105595,0.12666538919169287,-0.3718873944394768,9.58433869611984e-06,1.2035769324657382e-08,-0.09645315599719632,-0.09243505946518187,0.0019938878774118526,-0.11577516068461713,-2.320461344849973e-06,0.17809319013808866,-0.20933414040487408,-1.1737140903109525e-06,-0.031092701352486214,-0.10634877981266509,-0.006515992564815916,-7.241065699032373e-06,0.3476571116686018,-0.009035464845831774,-0.017436668099633772,0.00046552094733978304,-0.004111487823903099,-0.000996647463133889,-0.01333549966449628,0.0555507494803373,0.024777153832329948,0.03217242059925792,-0.15944979171065835,0.0372574652556209,0.05479215621447416,-0.002452648947334362,0.12228179587021439,-0.014573852077332443,-0.0955032956109572,0.08800757873640644,-0.020635278746149333,-0.009415936199239918,-8.494359109437003e-16,0.04417608040424046,0.08563452408785499,-0.021440598633252178,0.0012356104752210349,-0.029328756046296253,-0.05877241052377916,-0.04100320376840924,0.09584295333029597,-0.060365966919548736,-0.009727632811658523,0.122543025582221,0.1435618721822799,-0.13428421823772313,-0.18742606400968914,-0.0772135192284567
67,1.487973034059472e-33,9.111298513681011e-31,3.3086447648130352e-15,-1.4212654396179681e-30,1.4193895728382565e-14,6.014593886236425e-15,-2.309868341689026e-22,2.003741480886414e-21,2.018455880066644e-19,-5.961367131802135e-15,0.0014452386906486068,-0.02364136749408569,-0.10560903456286894,0.006572089168793799,2.2703012747993434e-14,-3.455079652181358e-11,2.478315084131406e-06,1.1013839305416229e-10,2.710540694474594e-10,7.3333034563560295e-06,-6.0244327506744e-10,0.07456814664930092,0.0038990633038530832,4.325948418376779e-14,-1.5709123661463586e-13,1.1181514422438545e-09,1.623855209646564e-12,0.11537975706892127,0.027747244399619092,-0.5922997405428311,0.19037051107671676,5.38579717638719e-12,6.2077539243296324e-06,-0.006732281937812161,-5.362631664861687e-06,-1.9645830834075867e-06,-4.10766590691819e-06,7.407977888037715e-08,0.0036099399208797504,0.040015832056897724,3.584009429217878e-05,0.001022698132014147,-0.005721261706398589,-0.19241965099799938,-0.4109250903545584,-2.08613543939025e-05,-5.762481401402946e-09,-0.11063073721141785,0.027208938344471186,-0.0002214441529760561,-0.0843871868351652,-3.6399472424772333e-06,0.1253040459547303,0.06103109814900438,1.9945681734855676e-06,0.014797449716184812,0.16193219585560528,0.005154635401343004,3.657322413848805e-06,0.06270561428508196,-0.032593888237792835,-0.06364736905500526,0.002182858417378704,-0.013985380986979903,-0.0031835180089067818,-0.028340652504063348,0.1441516411490464,-0.28104877854686516,0.00786970756426933,0.12810402774077412,-0.020092261401762422,-0.02181790932230651,-0.11514385154510336,-0.11108376347094595,0.08733206618732975,-0.053021110507636166,-0.1239175832743565,-0.002038287227456493,-0.057539463130098924,-3.8979088839912814e-16,0.03668379223678738,0.06549930066128744,0.026880208133185344,0.045242493139772716,0.07144541048816405,0.01358023182031867,-0.04950566387636037,0.10398886592161896,-0.06059633460630654,-0.0018129096857469617,0.09061238276071824,-0.19178125026065893,-0.12553243236373407,-0.13695043459190945,-0.12620679653654612
68,-1.889777936569322e-32,-1.1522568251814202e-29,-4.202416849449961e-14,9.287746143849924e-30,-1.213181620401711e-14,6.077153223506836e-14,4.553695366488541e-21,-3.951742739816191e-20,-4.4634984663375034e-18,1.440452136338247e-13,-0.02955541265586524,0.46915950442246057,0.1423317766591209,-0.008982611431113443,-9.645712564297006e-14,2.5876176563125187e-09,-0.00018026014524557705,-1.2338504546753137e-09,5.5188492033482604e-09,-5.4065524088456645e-05,2.883411306565162e-09,0.356889172915339,0.018905405251183036,3.394895347382857e-14,-4.443525561665261e-13,5.4796708244943145e-09,-9.935041414864337e-15,0.4217761784042278,0.07748540282664208,-0.14286166865661526,0.02600933009798093,9.673805654890611e-14,-9.65758281401382e-07,0.003801416658476244,-0.00014101494417304957,8.894445806229324e-07,2.4289371455984526e-06,-2.3996574330915534e-07,-0.0001595625512844003,-0.054142713092143774,-2.827774367681949e-05,-0.0007271999218001338,0.004528044613240143,0.018052923485281067,0.3232217907232453,5.557560473427107e-06,-3.0235240873590184e-09,0.040263314529408435,0.02657060913781241,-0.0009537488018774181,0.12043253127296888,4.748003280124692e-06,0.031451578132721286,0.10101377205797292,-1.6039785115052987e-06,0.008305480706517146,-0.07795849795925784,-0.0016646205068591316,-8.177593876734266e-06,-0.0488755239074042,-0.03691295643294674,-0.06666178093777944,0.0028755108810690207,-0.01856429491447754,0.005417006668966153,0.08334537636998815,-0.28350821593566683,-0.038860612355816684,0.032019706483923896,-0.019669862768649092,-0.04616104546011515,-0.07527475996676482,0.12841521213256046,-0.10578184685690294,-0.05413594104672726,0.0974423353259101,0.015302606666290625,0.040727898359483795,0.07643120028259272,-1.5442021106348768e-15,0.05868665213268602,0.1086682969920652,0.019065914202104274,-0.010904724896042148,-0.009759457811164024,-0.00909345971432344,-0.05929196018799048,0.12337578664573555,-0.04981167197417441,0.06185592506744052,-0.17523342440521023,0.011311218319370788,-0.1456311068679858,-0.15701555139671383,-0.10912970514091265
69,1.4832466478557178e-32,9.03138215249479e-30,3.298044259276271e-14,-3.1025820835486263e-30,-2.9186275169136456e-14,1.2184818884395946e-14,-3.666721931640903e-21,3.1821645905851753e-20,3.683654367532709e-18,-1.0830620782389231e-13,0.0239037675382943,-0.37808144110807623,0.32875718505434803,-0.02089938232854597,-8.608378461850358e-14,-2.1147033320383024e-09,0.0001458564466738186,-1.9199513457273505e-09,-5.164789802097831e-09,-0.00013092415785123,8.829819424076489e-09,0.3785878387572277,0.020249534891518286,-3.3552176837481544e-15,3.79391386877476e-13,-5.523919250361349e-09,9.65007926829601e-13,-0.34493510348428985,-0.07295491097066642,-0.2807099310586844,0.055922818192345854,4.100637547171969e-13,1.1804077063735813e-06,-0.002871886211703132,-0.0001381728268159988,-2.183400628439804e-07,-1.199081032387469e-06,2.4727480789270066e-07,-0.000453878412677151,0.04450769106269893,2.0298577312732726e-05,0.0005444823262590633,-0.003248551894909256,0.0407471229917975,0.34547589286019215,7.035542023281975e-06,5.875121792627445e-09,0.05644728138084196,-0.03513985658410364,0.001264196086796152,-0.06612919664119123,-1.7184143703555073e-06,0.06083789868787384,-0.145927988944612,-7.133139455276551e-07,-0.021297896906680464,-0.06916493175812716,-0.004287975278506756,-3.7920982620537255e-06,0.2084428727255853,-0.005834312812030347,-0.011306145560130022,0.0001827054286789572,-0.0024420881850012494,-0.0012362064473004917,-0.017570445536691234,0.067369402997571,0.037167646079096,0.030658778184889945,-0.16308671973928895,0.03896972290388365,0.0571721500153094,-0.0033637255697175957,0.12516545659547373,-0.01472541963412358,-0.09543215107023899,0.08800197601422825,-0.02105602201566515,-0.009734270935516409,-5.958525498990299e-16,0.043742254418462134,0.08550761664142285,-0.02187589604166658,0.0008927012241289702,-0.029764167684948318,-0.05831538627078281,-0.039812317845363626,0.09393119646281103,-0.059619659888877526,-0.009920561767911344,0.12253828097922471,0.14356198204902812,-0.13426685490543677,-0.18251538765018277,-0.07391641206852695
70,4.6237567475708776e-33,2.8326948194261264e-30,1.0286590868110092e-14,-2.5552426446228173e-30,4.412913165643599e-14,1.835374567388085e-14,-1.075505352799215e-21,9.332078018486687e-21,9.63317942517306e-19,-4.3418327417954485e-14,0.006888067466400624,-0.11053935426684099,-0.4966050861884596,0.03148278195136535,1.9235654528701613e-13,-6.671872901838247e-10,4.617905695412657e-05,3.2811504216685716e-09,-1.6893899523183158e-09,0.00018923844916658302,1.7522125850151226e-08,0.33512627206538875,0.01780066982889157,-3.4433418264107256e-14,7.114121168954292e-14,4.808606246839119e-11,-9.8903314133622e-13,-0.07709250330018894,-0.005842004815670205,0.4502231756804198,-0.08588066181707413,-5.153894242001919e-13,-3.080963393509386e-08,-0.0014436112485392352,-0.0001365773026184818,-8.539539111431212e-07,-1.8316431635246312e-06,7.57812958595276e-08,0.0006180564076614192,0.01563259749239017,1.3992155658862979e-05,0.00037731692803600437,-0.0022567863837421923,-0.056401561958822906,0.30259106387122553,-1.5073387235821462e-05,-6.518242777584831e-09,0.04194059028515804,0.04636915014036138,-0.00044093233913005634,-0.04460409065451463,-2.9138744355087965e-06,0.026408603928121787,0.06927028917105749,1.9692274938816374e-06,0.015594028832042035,0.15150135865140754,0.005386448789418948,5.144090992895559e-06,-0.009133851071415972,-0.027045805869315865,-0.05322079172697147,0.0018016164883236786,-0.011616914454812128,-0.0031776620586941758,-0.030035667971092084,0.1453803460914518,-0.25765486314804564,0.006183064007657121,0.11962901931805689,-0.017757350475592897,-0.01877583437865451,-0.1125041683079941,-0.10498906281262282,0.08511958644695049,-0.05292618843397031,-0.12357873968122647,-0.0024805635880969143,-0.056887468905282255,-3.4410290954281717e-16,0.03621965039499301,0.06536783171918013,0.025848819842968742,0.044262053077831015,0.06955842612572628,0.013607063148446482,-0.04807914887625592,0.10175408237879288,-0.05971386147040947,-0.0019919215284458715,0.09059934908887345,-0.1917426059810271,-0.1255148532638766,-0.13156421838210952,-0.12184878447500669
71,1.5491770421584454e-29,9.059161316233667e-27,3.303904488552576e-11,-1.024628602332057e-28,9.536790631500442e-12,-3.0829349397163376e-11,-2.077263364166079e-21,1.6936427390951134e-20,-8.960884159781689e-18,1.2232093747465137e-11,-0.05898395708342947,-0.00326275820013819,-0.0009299880132188053,-0.01702588423894703,6.3924991791208304e-12,-1.7649201898330083e-07,0.053690227055109806,7.288262994033123e-08,-1.0105328049760902e-07,0.015501170524887833,1.0896266924557693e-07,-0.0016302020779862712,0.04533086194043391,1.4639364178151702e-13,-1.5364709393574617e-12,1.8256043218908256e-08,-9.082198301539554e-12,-0.09605524912700927,0.5077368853655729,0.0173741700860113,0.14446250590449272,9.897536162702768e-12,4.6786429001346826e-05,-0.0667378259862515,0.04121071085025822,-8.933331564680838e-06,-2.5514280849504443e-05,5.378407206177131e-06,0.004410374924485449,-0.39774370269969733,0.0003807439814870053,0.010527930061996323,-0.06025951706201843,0.11569217072174415,-0.04939191914921216,-4.544828094664476e-06,3.323804614372942e-09,0.4104191676995771,0.005378912725400736,0.0015182771262804466,-0.20953926526114328,-6.068044130450979e-06,0.30755002923244046,-0.0759789318179578,1.889181567082291e-06,-0.002484023786184251,0.1347017772223507,0.003412454382278194,8.910392749893606e-06,-0.052842267829584226,0.07923070185083742,0.15129542366578674,-0.006281557063926951,0.03163971154984014,-0.0037248327026776673,-0.06750041840425795,0.17888675069528895,0.09070318611968908,-0.029938293068502587,0.04599151643758539,-0.008567198450240097,-0.016893642171110904,0.05259118348733885,-0.033628946056903745,-0.035585017759260804,0.09717474100339142,0.013598400648463085,0.020385243766685324,0.04597760805655319,-1.4000408374236404e-15,0.0445527232183361,0.10459044496685148,0.006081182937844904,-0.025166693493381864,-0.017870299072752043,0.014304260555883701,-0.013803994109520806,0.05755483888976341,-0.0261548989654511,0.053678432670263815,-0.17494820884854015,0.011188907141699195,-0.14487857154449324,0.10961854350331851,0.06773509466840939
72,-1.2152031749246965e-29,-7.095551899230547e-27,-2.5913148689964095e-11,-1.7472404473525422e-27,2.2938338469532328e-11,-2.0982465034443535e-11,1.6295862562436086e-21,-1.328621587224638e-20,7.010878076350014e-18,-9.41894394291549e-12,0.04627166323074095,0.0025618703505009503,-0.0023013154826109364,-0.041062180365308794,-2.121512403530345e-11,1.3629253320877934e-07,-0.04212093141773805,1.3247557961007954e-07,8.203997545668319e-08,0.037375235786650515,7.378571801771082e-08,-0.0025366445150198603,0.04479545058997899,-1.8155621776066995e-13,1.2166546655653782e-12,-1.0333578391408551e-08,1.200158215295072e-11,0.07666771869211775,-0.39554001764071256,0.07574475192001436,0.3561160867681756,1.5237733947625335e-11,-2.1792050925922978e-05,0.039195600413021614,0.04078737278393371,2.0000892280262667e-07,7.920354947657995e-06,3.6608901432075962e-06,0.012805345501728288,0.3121454313912636,-0.0002463557903992931,-0.007413568497551574,0.03907975019043526,0.27577596329527637,-0.07033926078441251,-1.0623080820568941e-05,-2.384361173954488e-08,0.36287501402269257,0.2072153348186568,-0.0017644981234253532,0.1655413162807707,-3.185796296188872e-07,0.2852708557327791,0.17701725684064656,1.3690359080238365e-06,0.02422286713988187,0.11831020756461925,0.003879360968046256,8.31166289817303e-06,-0.024443041635197782,0.07181114329338396,0.12278147042230135,-0.0025422304939742508,0.02409126335166591,0.006106734369915592,0.021928586040543405,-0.07491997444022723,0.003778942301124294,-0.06837366752609439,0.2161773723630105,-0.004038885710475339,-0.0004961052106355912,-0.013540089567772081,0.05037422994352633,-0.005076883311246402,-0.08823541598045635,0.08204767184977026,-0.016162374431381868,-0.015314983378113623,-6.834828496164767e-16,0.029322941448766796,0.08130616426652985,-0.016087220801189406,-0.0155955263021104,-0.024108970312652325,-0.02006514105966164,0.005496158789627867,0.026442673575119292,-0.03256983605061442,-0.01231960853041596,0.12172989930409171,0.14281869589183016,-0.1334893576289382,0.11076283383867579,0.10210586132770713
73,-3.790710520899966e-30,-2.2279936899211355e-27,-8.087844413289268e-12,8.271443364256704e-28,-3.470018993391426e-11,-2.0830015805122077e-11,5.082159186803337e-22,-4.143759540588078e-21,2.2123293888651975e-18,-3.193820302087726e-12,0.01443110536073226,0.0007958186778676104,0.0034524659469841717,0.06206858713045721,1.5662770381616758e-11,4.6321767393872965e-08,-0.013134101886310475,-2.204502726212439e-07,2.419665708548173e-08,-0.05649976158388077,-1.16179013906241e-07,-0.0018628148517833973,0.04211265493081586,3.504464611860841e-14,3.572485974559182e-13,-8.537609111830403e-09,-2.807068655755994e-12,0.02216273453542341,-0.12689640259549734,-0.09925459763358732,-0.5347373840018991,-2.6040742579830374e-11,-3.350993652998807e-05,0.036384883406816275,0.03834882629952975,1.0996708494638413e-05,2.4558175969024844e-05,-1.0691838507310443e-05,-0.018895152377876076,0.0971825411540435,-0.00021434067321350842,-0.006681783890826675,0.0341297768863973,-0.41842055632400565,-0.04313545749763991,6.415983650121981e-05,2.1761971506280692e-08,0.3689212170061941,-0.11653297067367034,0.0011145039968575585,0.17058747944296526,3.523331574949114e-06,0.29537958910459267,-0.08897159554845653,-7.38742647581488e-07,-0.020685228929270688,-0.17175070456029354,-0.0037365106004938263,5.993313956316734e-06,-0.07667841142439596,0.07138056278867241,0.12500156718972455,-0.002895547746886637,0.02558249168826482,-0.002523141462034269,0.0065883027641003115,-0.07532228276396186,0.20263048848002668,-0.013225656422429077,-0.041579107467034596,0.009825852579331436,0.014448726846182855,-0.048499549162463525,-0.017427814037277823,0.04290753473568052,-0.048698845169885874,-0.11927415978726097,-0.008513818935545515,-0.04644027825581716,-5.2082966039912224e-17,0.02451356265366485,0.06200541629147195,0.008714799867333405,0.0158293650592113,0.03227002506571955,0.02917968632491729,-0.007343418787465455,0.04285053752562965,-0.036708339331031334,-0.005002207774435254,0.09006147812828928,-0.1911102485045401,-0.12481815455888733,0.1086375068894215,0.04735450672807003
74,-2.0606442167036278e-32,-1.2558563053860129e-29,-4.580255199908357e-14,1.3739889395736712e-29,-1.3222697717453732e-14,6.517549390819012e-14,1.1058475570611636e-22,-9.02195645207803e-22,4.777863368400167e-19,-1.8282634189386835e-12,0.0031449747400331463,0.00016572677611283109,4.6931660767976124e-05,0.0009077775622333137,-4.580019424301983e-12,-9.616588648037548e-07,-0.5661566827007163,3.237026309441838e-07,-5.074771264492159e-09,-0.1634535857818661,1.138391701367778e-09,0.00011309456793704362,-0.002422585446283656,-5.867921187220479e-15,4.414022841654308e-14,-4.703121518048602e-10,5.316091712146816e-13,0.0018195345784212378,-0.0173231689386824,-9.066957750069712e-05,-0.004905050067285464,-4.933189168501022e-12,-2.2975994324563346e-05,0.008059245631355513,-0.43558894516613605,1.646858422234018e-06,4.662445035814188e-06,-8.281444171641651e-07,-0.00043674478306183557,0.04731454938081199,-5.940830216865398e-05,-0.0016974443677107293,0.009475260468165814,-0.013808328788654924,-0.0017540650035005373,8.991735554565135e-06,-2.4913382497515634e-09,-0.02166592596225307,0.018280264956069357,-0.0012953771150579251,0.16990091452851755,7.2775496977169045e-06,-0.04068217259659303,0.12096079965017893,-3.108589215223112e-06,0.007687450017157096,-0.14722689586143692,-0.004344101220970992,-2.0251017031590554e-05,0.10336580843093947,-0.03368707399160826,-0.03514363682975308,-0.003338675263275756,-0.009433910187518525,-0.007835416025686708,-0.10870931234645616,0.35813065299318686,-0.14769249161935052,0.06641370472163394,-0.15978671542785716,-0.008822589689270955,-0.02013796986752791,0.09154216300082882,-0.02787719721645997,-0.049306156251473644,0.09847371051125571,0.013635416394749125,0.02180634006796496,0.04875250432887936,-1.156829890737849e-15,0.05127467548555968,0.10684455278919176,0.005649930830972727,-0.04105875934822235,-0.03270688445848044,0.020730534657617646,-0.01849820486518463,0.07756185829757897,-0.035111054715070276,0.058646853879974925,-0.17527806977759056,0.011147165205623534,-0.14518818481024387,0.23874526094498397,0.15904073534096683
75,1.6164884930691745e-32,9.837874501181304e-30,3.592558608205713e-14,-1.1570957664226907e-29,-3.178952053711353e-14,1.3980823287451128e-14,-8.67526596667817e-23,7.07758347862755e-22,-3.738201333291861e-19,1.4174399560537833e-12,-0.002467198745608837,-0.00013010175424556982,0.00011716871840994721,0.0021894748660756342,6.202280631186477e-12,7.551003968105951e-07,0.44416501125260516,7.717938196924789e-07,4.066968410538791e-09,-0.39411965196243304,2.1409805810293757e-09,8.674380250023822e-05,-0.002386518255332073,5.238482057966701e-15,-3.4411738616342085e-14,3.426205883634072e-10,-5.880953923570585e-13,-0.0014248545191040511,0.013542319719652661,-0.001635433345433832,-0.012274231481984412,-5.0673467300384225e-12,-1.6458598104782912e-05,-0.004020247839666631,-0.4294133053633349,-1.6500857336930253e-07,-1.4298900524462377e-06,-4.1195586285079924e-07,-0.0012584806551915614,-0.037128758508730986,3.261711579250368e-05,0.0008168961085287949,-0.005192204966051575,-0.03278268900275053,0.005521500985627731,9.781593761993627e-06,1.0165129953903043e-08,-0.003484756845126328,-0.07084673059592844,0.0017106020065465546,-0.10225528569159863,-2.2038941141861895e-06,-0.021592414565924364,-0.19416333503596422,-3.311665728058748e-07,-0.026816930051167618,-0.07829724752049057,-0.0036199137521019265,6.726945190591459e-06,-0.15213333529915415,-0.055194246512639995,-0.11833436802870673,0.006274647753593866,-0.028203973601378916,0.015951902437039516,0.08855402137317138,-0.1808345573489643,-0.3226251911173645,-0.007462152128922355,0.15729598204909548,-0.0024950626386496867,0.004074940050840923,-0.0019245448524187884,0.08669183893829979,-0.010616535868081577,-0.09074124731285066,0.08381548594226092,-0.023971133479097607,-0.02466113419326108,-3.827636071632432e-16,0.03532114913786747,0.0833678602623906,-0.02232546072566036,-0.029915409671566202,-0.0410109691076409,-0.01838410858327412,0.003233387091758242,0.04346475205064139,-0.04179045709960801,-0.010697411878556905,0.12194537092624204,0.14299648209463817,-0.13374976695705051,0.238366977412343,0.19845042916267286
76,5.041856813857407e-33,3.0874187096664405e-30,1.1211547492028355e-14,5.837825391169758e-30,4.8096912890638583e-14,2.0377706768275195e-14,-2.705510992635319e-23,2.207323325067497e-22,-1.1795533318684658e-19,4.65406759283142e-13,-0.0007694372329768648,-4.0449329701093235e-05,-0.0001753271269346674,-0.003309485121882689,-1.6555654717121697e-12,2.345319088203842e-07,0.13849625552727574,-1.170574652047339e-06,1.050516627457356e-09,0.595777563476383,-7.811110933751236e-09,0.00010393349468874581,-0.002241206915854039,6.300498844091624e-16,-1.0362490459464344e-14,1.2570491179879148e-10,1.940950454315383e-14,-0.00045308433863853516,0.004257008565340751,0.001825357397076199,0.018332833775286248,-2.386291571217655e-12,-1.5252306749760952e-05,-0.0027852223355984114,-0.4035762630526286,-1.5115383869557998e-06,-3.1514416009534107e-06,1.2472989642080234e-06,0.0017257383863655267,-0.01156326658193504,2.2167369981065803e-05,0.0005544460301398762,-0.0035421472748356025,0.049772508587381546,-0.0014234302798298178,-2.289792955356691e-05,-8.124845942345727e-09,-0.013727700021226327,0.051132231878855426,-0.0005111396247826939,-0.08370850659245099,-5.0224324904685484e-06,-0.04341186938590221,0.0737079393193874,3.1143440224077513e-06,0.019893565540914072,0.22692606539842536,0.007757868625078932,7.489872789768817e-06,0.0946852553669542,-0.0336474673031731,-0.07633652908959486,0.00519101076890686,-0.017654415735385013,-0.008465378517802035,0.05934044808531384,-0.2279359315626696,0.13808875296209,0.09767778579932276,-0.3420314469963221,0.021705371748168893,0.03005484458414973,-0.06024713296365278,-0.010402432617899306,0.0565872278018686,-0.050434942629869084,-0.12284890527530083,-0.014374806652576455,-0.06440247326196713,-8.64164846381062e-17,0.02996624035531284,0.06384510821944732,0.009954813044273604,0.009312154208444518,0.03250306839521101,0.03802707374573821,-0.011178472600508043,0.060605197585698836,-0.04587471518096788,-0.003266229213417278,0.09026736803584803,-0.19156996355719133,-0.12509365753219628,0.22957931773737197,0.12812353525901488
77,1.8771379658765271e-34,1.1939324960674328e-31,4.354513505340624e-16,-4.314654640298988e-31,1.2573429564355402e-16,-1.4290818892120962e-15,-3.462461793700792e-23,2.8263228534684286e-22,-1.4978189313700147e-19,1.0717406734162608e-12,-0.0009859230922302066,-5.000876108403272e-05,-1.4072080686956453e-05,-0.0002845709284112322,3.813318010137629e-12,9.062088554314966e-07,0.5228316766658616,-3.0613844995341896e-07,1.571706707255324e-08,0.15094573165259095,-1.188587915833734e-08,-9.476104310751156e-05,0.0007699966873722301,-2.3305324527828457e-14,2.3734351497376514e-13,-2.79557402726781e-09,1.5969078761972727e-12,0.014482403114725565,-0.08017108701695852,-0.002487823235476542,-0.02278480993570057,2.233367869685982e-12,8.147077087110612e-06,0.01425458571393823,0.402281945483308,2.5323520230319177e-06,7.132759146820217e-06,-1.347855933438715e-06,-0.0008693544616095489,0.08974424123632019,-9.542754358324967e-05,-0.0025744624075000125,0.015166618686785354,-0.026142274380223957,0.005019149205395221,9.616463064468048e-06,-2.9452720502886756e-09,-0.07238821233741476,0.0179026906909755,-0.0015210200914672087,0.19892191944831655,8.327877667990744e-06,-0.07376884786278493,0.13604719924780173,-3.502041167812231e-06,0.008448182829894044,-0.16956464156687306,-0.004958421199801492,-2.254375864298764e-05,0.11576232451309929,-0.0427730863313781,-0.050220480202028385,-0.003086274771479437,-0.012720391784247631,-0.008140006140721492,-0.11165675833412073,0.37133653261146765,-0.16614322301799322,0.07385144479138601,-0.17562928558477392,-0.008829697826537216,-0.020362458024444755,0.09444056791568195,-0.02741965814819855,-0.05031710420889982,0.0985660230522604,0.013637652642637492,0.021903764824844945,0.04894428568817182,-1.4071128267167637e-15,0.0517669447020349,0.10700946350930765,0.005615161820870561,-0.04223668567369822,-0.03381037341245745,0.0212050878007148,-0.018844162269817957,0.07903414570054118,-0.035769181221565444,0.059009629513481134,-0.1752986233012128,0.011143738552192469,-0.1452122092362011,0.24833240949848281,0.16582474704830422
78,-1.472584201590753e-34,-9.353967564339123e-32,-3.415602700786007e-16,3.1533978981241664e-31,3.0212299828016546e-16,4.2162261780819534e-16,2.7162710398985927e-23,-2.2172107688048556e-22,1.171900275692798e-19,-8.330384863301114e-13,0.0007734480655145548,3.925370070292845e-05,-3.543557607933933e-05,-0.0006863980160483605,-4.569076094806186e-12,-7.114032735395575e-07,-0.41017229857778653,-7.265374816847454e-07,-1.2573058087337463e-08,0.3639573496874179,-7.284071934643513e-09,4.324808370444278e-05,0.0007432910883264423,2.8131754937314265e-14,-1.8859450485160095e-13,1.628997530011153e-09,-1.9900423535107044e-12,-0.011545616022285394,0.0625166411782885,-0.011511664309793742,-0.05630613385189258,1.3428232499955937e-12,2.1624430432730736e-05,-0.009138066677454156,0.3965203200229032,-2.397259926708973e-07,-2.4733587400354913e-06,-7.560424385231373e-07,-0.0026030322107936463,-0.07043082392159535,6.270362303729607e-05,0.0018325345995486677,-0.009970660753876965,-0.06219718941405068,0.014603061394668557,1.100019919622394e-05,1.2940599400539239e-08,-0.0486279003752621,-0.09489219082177063,0.0019776273024943894,-0.12437925617940082,-2.326718751078822e-06,-0.0513675471182237,-0.22314779072887594,-4.7431402300578846e-07,-0.03080057677609179,-0.09418204147749833,-0.0042175879892305075,6.5169338874659e-06,-0.1612482450017356,-0.06532348834724351,-0.13747445560534366,0.006963758207288888,-0.032322752091147475,0.01668496311913453,0.09361037695029735,-0.18878139957087106,-0.34759378820434106,-0.002652260443246155,0.1523333413372006,-0.0023702055632573078,0.004425602277025534,-0.0010365518947143457,0.08939536678888668,-0.011027847687512743,-0.09092477841754495,0.08394368263566958,-0.024550205025035493,-0.025356328877989696,-5.1965663780722835e-16,0.03576104879240101,0.08351961497071654,-0.022786031029309036,-0.030978494863113847,-0.042266204177228754,-0.018256312806046168,0.003064987120494689,0.044719604833881835,-0.04246804774034189,-0.010578025440288682,0.12196224943046514,0.14300863905414102,-0.13377130876810814,0.24784245851005438,0.20560294263795034
79,-4.5924635564298153e-35,-2.9340060356548114e-32,-1.0658125364457901e-16,6.964717116360048e-32,-4.571808743926337e-16,9.329887771989923e-17,8.470943660834662e-24,-6.914782473000554e-23,3.697684845326753e-20,-2.704559751496007e-13,0.0002412069783326432,1.2210993720001437e-05,5.2893278088352134e-05,0.0010375010475480824,7.455814011736706e-13,-2.211841588695346e-07,-0.12789707540388848,1.1034801695766936e-06,-3.5611666137876038e-09,-0.5501829030724985,2.193921250193525e-08,-3.9119794937295605e-05,0.0006963028446032879,-4.917426701869395e-15,-5.574009814922433e-14,1.2925833624065602e-09,4.150087011091749e-13,-0.003344923974695957,0.020032764059194415,0.014940819057523909,0.08451694638259097,8.28644972259676e-12,2.2142685882634423e-05,-0.007652440349755917,0.3726627432607306,-2.726347210731565e-06,-5.9539679991974855e-06,2.432786510410627e-06,0.0038290545957543995,-0.021932037386779867,4.8928969321158777e-05,0.0014892392630582259,-0.0078056462823245885,0.09441630630776156,0.004614023992309316,-3.040375600711823e-05,-1.0585432951511393e-08,-0.05931459355581342,0.06385283746628313,-0.0006462122846722886,-0.10494976046956656,-5.670328143403072e-06,-0.07535449543663164,0.08641482252163586,3.3993289693650498e-06,0.023055875204952492,0.2574476091963371,0.008627171910202087,7.5237584333994075e-06,0.10827960543665979,-0.042093662980061015,-0.09243659036678238,0.005824245792780256,-0.02108448699573249,-0.00890873995336502,0.06336563369234094,-0.23938002242787723,0.13260716772236858,0.10617717600847329,-0.364863699396518,0.02259373426141658,0.031220431996633515,-0.061085052771837754,-0.00985595841606316,0.057589308557260126,-0.050562314714339314,-0.12310897671120653,-0.014810750122311119,-0.06572904816701629,-1.7696311722814086e-16,0.03036621193139609,0.06398063952996484,0.010043263189977137,0.008821550959076673,0.03250610025076572,0.03867854393107028,-0.011461606653085607,0.061912754236743146,-0.046548006575677044,-0.0031385986724335,0.09028327980016203,-0.1916025605716626,-0.12511605791272806,0.23855892823964325,0.13412962325744046
80,-3.201543311202849e-19,-1.4992250777654623e-16,-0.5466928384678328,-6.38222861207031e-17,-0.1578545964300926,0.42200319668643793,-9.953716264287694e-17,-3.9491270840602275e-17,8.700809379764878e-17,-2.7944172859191967e-08,-0.00017869026549950003,-1.0263273630780066e-05,-2.9974774492950884e-06,-5.265380866214335e-05,-5.893434828490261e-09,0.00032888680090129593,-1.728182744791054e-05,-0.00012046165734142341,2.5398881397935052e-05,-5.258055120992322e-06,-1.3873772653778949e-05,-1.5886474778441737e-05,0.00027078943890651954,6.21205092964881e-13,7.702603421350341e-12,-2.05335244031783e-07,-9.91978327540231e-11,0.0012859410494043396,-0.008385609140265074,-0.0003019856399896858,-0.003572187834269212,1.0197489016308645e-10,0.003374378653926447,-0.28566599938948817,-0.0001830160040206053,0.00018360287164939144,0.0004022615886212416,-3.1288490212455484e-05,0.027281799178618952,-0.00279236988417014,-0.0014527635257087902,0.1653060457867445,0.23276233566102184,-0.00011394219765792963,-0.0004204391482264453,-9.860062586177234e-05,-1.2142710782028279e-08,0.005097177996135368,-0.007426989838090218,-0.0019739698201719723,-0.04305773190208343,5.16710240746838e-06,-0.007541644844914033,0.09925603529190048,2.7821061430587595e-06,0.0008763828591108275,-0.08559756418998306,0.00036488371872070696,3.865133048280354e-05,0.01064439606558991,0.11665119101014948,0.1545858112188485,0.002154880152961821,-0.0035602241486283447,0.002072664675903435,0.04603722027079303,-0.07872275517899388,-0.15697431741816797,0.033121782619285826,-0.0831565118545848,0.06368742476490655,0.10778472742965224,-0.21782243126950437,0.13731119038584824,0.08778844548732456,0.07956480441261839,0.008836634468677886,-0.048702070507899944,-0.07472354403044999,6.205595250526973e-16,-0.04773237779343166,0.07170555574196343,-0.022488336107732262,0.035246975796091984,0.03473894412496979,0.01537470777634582,0.10263153266446988,-0.22078293815143984,0.09452963120241409,-0.012634322652878116,-0.1712385151696068,0.01130072309989912,-0.14192364891883363,-0.043212863238969924,-0.04343451840828235
81,2.511901897599025e-19,1.1738359046308055e-16,0.4288796357461253,-9.792509705854612e-18,-0.38065411020949014,0.41600621602550586,8.776118407738224e-18,6.082010492530944e-17,-5.809193824398502e-17,2.1829643448900985e-08,0.0001375710460459356,7.914282063685946e-06,-6.979656259332173e-06,-0.000119980323432369,4.245246203776835e-08,-0.0002601519532274357,1.3028893332634032e-05,-0.0002819246881037623,-2.1742456000375395e-05,-1.1084456939362513e-05,-2.041896204563162e-05,-1.7298807681817562e-06,0.00010082515187184722,1.6465342522562859e-12,-8.641587880143792e-12,-9.838726709489777e-08,8.168658219045199e-11,-0.0009021873769724305,0.0056520492269480724,-0.0007961211560487691,-0.004005381364590981,2.8862077967749514e-10,0.00334014110721762,0.15941051117666266,5.428290804598393e-05,2.49948433873597e-05,2.2401523340472864e-05,7.178296897778795e-05,0.2705638424029106,0.001531444139549625,0.00018613912974146745,0.2535436563415709,-0.04924701735732177,0.0001631480288344404,-0.00026125511076271297,7.147030976078883e-05,4.5253595680745875e-09,-0.010301768884957511,0.07831607294493012,0.0027817067157247222,0.020632318808336596,5.553303127554402e-07,0.010933834020161366,-0.12648809678047943,9.888061235435892e-07,-0.01025818408873736,0.0026304518150925844,0.005590885180020383,-7.138436135382522e-06,-0.03937254429231957,0.0007262295914257824,0.02299086840027855,-0.003425715352979271,-0.01966970825290248,-0.023262586132528233,-0.0457729701521419,0.021268400277908266,-0.0005604321731382151,0.08869086800293535,-0.10316331410673489,-0.09434189125443827,-0.14578518918420882,0.02241479880937595,-0.3123020071950387,0.0365641213249198,-0.04718650257508177,0.049391662945359974,0.04532561361048784,0.025566779641712434,1.2082367168533004e-15,-0.05629027990108016,0.05039864506071129,0.043182447740108404,0.027365553352280678,0.07787596223986255,0.0599517015806466,0.10283866376653705,-0.23253126790338305,0.10049478138147916,-0.030261188073172043,0.11794426001654852,0.1393889782484728,-0.13075849832182443,0.020272729732531237,-0.06566574656182791
82,7.829136848201729e-20,3.692200808637065e-17,0.13374237128024835,1.0179652352399969e-16,0.5754108898247448,0.3909721257424568,2.8496312418562006e-16,-6.060150940141693e-17,2.9777898342619776e-17,6.963021465600028e-09,4.3920234267207825e-05,2.513006223130883e-06,1.0604702926117922e-05,0.00018346397539255392,-3.872727106741214e-08,-7.863893014360259e-05,4.29054081387302e-06,0.00042923034954278643,-4.339988671522313e-06,1.7258728408603908e-05,3.6605057470270966e-05,-4.9332525898664915e-06,0.00010379238957551827,-2.429829345461313e-12,-3.79886276929839e-13,2.043651072393267e-07,2.3027215609042e-11,-0.0003255339444983853,0.0022662617906448247,0.0011371854622124634,0.007661680317322963,-3.55535194998439e-10,0.003054592636436133,0.09857543199750432,3.182120131170917e-05,0.00017234585699888127,0.00027435840773628776,-8.272237308598796e-05,-0.31106898288763757,0.0010665060471598173,0.0001395697392584895,0.2382855679342152,-0.03763251225658746,-0.00011171731424320272,0.0009820631958667252,4.814663368295151e-05,1.0083347078933688e-08,0.0008299054069796728,-0.07166760548624229,-0.0002695232888510389,0.05582738819579213,-6.410850420174839e-06,2.5917687152697955e-05,-0.017025302811525013,-2.776859332050776e-06,0.005400971697693776,0.12999012569899432,-0.004957583127848166,-1.8329393147154067e-05,0.021946524402909794,0.0018054967850015626,0.028317383601057223,-0.005217424273283048,-0.017152231189725847,0.022828785610651374,0.009785998752795842,0.010567478289412102,-0.07829400670075012,-0.015756386689816788,0.003678746077758532,-0.0016583916139113598,-0.014362395355434435,0.2871649201653472,0.1776381540705238,-0.17227183271017527,-0.02251023567083929,-0.07206927226774915,0.01336252452256235,0.103268785786609,1.0318450749684198e-15,-0.05003450636825313,0.03535284412011714,-0.04274848190940676,-0.033180152365109496,-0.0975109517217638,-0.008530266877341687,0.09714198673609768,-0.20899766310729495,0.0883777087529107,-0.025847349158088628,0.0872841836714323,-0.18590675273183516,-0.12215626486871888,-0.06008265955239636,-0.012616641592982555
83,-1.141256823404007e-23,-5.937298952314065e-21,-2.1650379714343472e-05,-4.397729607296271e-21,-7.359267275845034e-06,6.16500037844003e-05,-2.882500992153333e-21,4.276897334150547e-21,4.727727040566823e-21,4.701830922892254e-11,1.6906466893736904e-07,9.401935267701675e-09,3.240008313454639e-09,5.878467938857612e-08,1.1797507826818323e-11,-7.235709083276787e-07,3.497507811842992e-08,3.123204711861637e-07,-8.779341853389799e-08,1.2565144642608133e-08,5.6813420096177774e-08,5.8247079496911337e-08,-1.022202870407336e-06,-3.715020649821634e-15,-4.4479380791916954e-14,1.1660145700695122e-09,7.050319645035322e-13,-6.711485422882124e-06,4.951997929580124e-05,1.859905968138506e-06,2.5165877884362177e-05,-8.705413313243657e-13,-2.853863780027227e-05,0.002933420091550314,1.5787007498032412e-06,-2.5229673758836436e-06,-5.4037553237876674e-06,4.1140686923792036e-07,-0.00027167575949871384,2.9950100997473534e-05,1.761323946572461e-05,-0.001745308761600185,-0.002847467113773433,1.514010046386105e-06,1.1289432351802978e-05,4.998635145418428e-06,5.040252418649782e-10,-0.00019821730220904847,0.0004198858937847884,0.00027566561928978804,0.0030691400124276606,3.715394970413398e-06,0.0020289696040176448,-0.07016448675581612,3.489679258192104e-07,0.5907357686311303,-0.023066300776977865,-0.17055191100302683,4.867965517584051e-07,0.0002745008038030921,-0.02890127666756744,-0.0606003914737702,0.016451879737688677,0.541184795189764,-0.0002300033301034041,0.0008692034389564591,-0.008146384040925192,-0.020577078648029087,0.010479058860187618,-0.0145074520618902,-0.011599863204260343,-0.020778708198664814,0.05452396404264941,-0.05967572941236447,-0.08593938189299362,0.012022700485779596,0.0011392725461482705,-0.492402953533755,-0.06894072680041793,1.5202821960636268e-16,-0.011227082906610456,0.01182471622548053,-0.002349427709848414,0.011256764880371719,0.05590027501992294,-0.01980837095055035,-0.19852377470527535,-0.10452432341764309,0.027613635611351522,-0.003926896429090596,-0.02320242847277063,0.0012224873836300311,-0.023487294337720382,-0.0022933123700524835,0.0034531983345259935
84,8.954349185436152e-24,4.648676157785147e-21,1.698468339897264e-05,-2.061692561661955e-21,-1.774638350141688e-05,6.077353414166752e-05,-7.045688198621405e-21,5.410640527273087e-21,-4.657837454394904e-21,-3.673335533044575e-11,-1.3049127131233594e-07,-7.268434514889108e-09,7.546604100272807e-09,1.3394705796764504e-07,-8.566977626853227e-11,5.72418469844719e-07,-2.6437490328031308e-08,7.310564037915454e-07,7.513343729116041e-08,2.6472704117741844e-08,8.337943100782571e-08,4.356313940471984e-09,-3.5005428177431777e-07,-9.866801841228935e-15,4.9712982180391786e-14,5.498155989949155e-10,-5.801244810975172e-13,4.733323199508987e-06,-3.360116289708598e-05,4.923596326141391e-06,2.7845982840284444e-05,-2.493384707859242e-12,-2.8247284204808226e-05,-0.0016663321489063074,-5.045635761466968e-07,-1.7964930202608153e-07,1.6200198032911822e-08,-9.436743465145648e-07,-0.0029697518793994205,-1.6719707179242103e-05,-2.852565379515435e-06,-0.0028088242857623544,0.0006886824952022543,-2.1592486475650938e-06,6.185882807471452e-06,-3.5773778017679523e-06,-2.1508238827247182e-10,0.0003267418723136262,-0.00268823877310431,-0.00029667667017631793,-0.0014424218924559435,-3.663644452962212e-06,-0.0019659151173457116,0.05904355994238524,5.464425131310445e-07,-0.4618380437191234,0.03409494294090777,-0.41753130622280565,-4.4868516581012625e-07,-0.0022051125770444647,-0.027157985751965295,-0.05816822483535721,0.01647291498839341,0.5375086573990598,0.00044206531043598275,0.004123199308725374,-0.012151933505380757,-0.02981597946893211,0.006780546886265321,-0.013257715384347491,0.008603095209989132,0.015186367236259877,-0.0008785936551914922,0.11621694406555297,-0.030769243049161277,-0.006915433995300866,0.007270245554713251,0.29166645119710755,0.004162275146795442,5.692974575534862e-16,-0.012653221190596623,0.008840962940735955,0.374302648907746,0.007643031419855631,0.13933332768644074,-0.007277151717310203,-0.19826297416056354,-0.10702541150272955,0.028719489450321756,-0.00697488787102747,0.01656300775005548,0.01887917258806974,-0.021963232087226555,0.02251025388403102,-0.00592539669910933
85,2.7906745265327207e-24,1.4622025280257726e-21,5.296524823958202e-06,2.4755561775646872e-21,2.6826236208364026e-05,5.711767109485783e-05,6.4615438544832895e-21,4.2230966566607735e-21,4.569275386688261e-21,-1.1719752718905523e-11,-4.1744743937714086e-08,-2.3128842740517947e-09,-1.1478234842194977e-08,-2.0506002604692282e-07,7.826077710077448e-11,1.730408520723071e-07,-8.720554707385826e-09,-1.1132362727357547e-06,1.5031393208040457e-08,-4.1284623144702573e-08,-1.497231985870127e-07,1.6735316875511123e-08,-3.671467571759242e-07,1.456644757895515e-14,2.3234481396664864e-15,-1.153303528112557e-09,-1.6374709570872156e-13,1.7094434061688382e-06,-1.3457735605783841e-05,-7.04304275895241e-06,-5.382382293772412e-05,3.0794647712630115e-12,-2.5850032352916236e-05,-0.0010141104683208983,-2.9483731275724444e-07,-2.3135792090249884e-06,-3.5211793224529322e-06,1.0430113360018332e-06,0.003394550072641857,-1.1409266707089936e-05,-2.0380535886487135e-06,-0.0026335710976038177,0.0005055926924044154,1.4078534233154444e-06,-2.3594880690752914e-05,-2.1237948467415698e-06,-3.6575021205086447e-10,-2.6894804949479874e-05,0.002330009260770943,-4.827357360372454e-06,-0.0028487531588552543,-8.417040256078975e-08,-0.00025879597661894677,0.015102789115870738,-1.0955403887914067e-06,-0.145359118374363,-0.014142923870083693,0.6422416225819316,-2.2269387539211425e-06,0.0032307780245001737,-0.025726998182323074,-0.05432563226497881,0.015162545458575072,0.4956250009058204,-0.0003373059039851175,0.0024129415657212125,-0.010521545150415246,-0.02352183717614747,0.011723700962242003,-0.0181428933146903,-0.0021400121466355363,-0.0019562725178637725,-0.04858437777629344,-0.059988441876400386,0.12067501517127228,-0.003235597394987771,-0.011113137984041064,0.21207491071325735,0.06623758222448185,2.5631693145779543e-16,-0.011638783787046098,0.00671807731833095,-0.38820754989153955,-0.021666481041563435,-0.2028332248486244,-0.026282784760761967,-0.19822375313265578,-0.10218990672132122,0.026552163660260968,-0.00622675203523868,0.012391489285680181,-0.026056646796054544,-0.02077851279244868,-0.00937897838965212,0.015970001193607194
86,-5.445384018072096e-18,5.671045848080643e-18,-1.7640867200793153e-11,5.4800623826728104e-18,2.172397727823699e-11,-2.3684443636997197e-10,-3.2100833198311928e-19,-2.695579061455512e-20,7.455046531204666e-20,-3.0391474015344607e-07,-1.4761710624234404e-10,-7.617945476669471e-12,9.370951100941191e-12,1.7911015224007966e-10,-5.291933508963044e-07,0.002563662669498302,-4.160731694054209e-09,0.0026508787018663348,0.00011488010500918388,4.985574031422493e-09,9.945824907151106e-05,1.5974038278295544e-10,-3.1986500933005624e-09,-3.7152999703953744e-12,2.1575479479447262e-11,5.527210369688659e-07,-1.0726519842240663e-10,1.4643376798267098e-08,-1.9793109065623609e-07,2.301281317859929e-08,2.3251248669288206e-07,-2.4667795177949927e-10,-0.009339360830012194,-9.018781020264919e-05,3.5528862993060334e-07,0.00014349768692041532,0.00020805560156298076,2.018052478049087e-05,-0.00013700519776354476,-9.897597594377365e-07,-2.4992532470391564e-05,0.00012738679019633594,0.00015072879419966928,-2.5308254461582636e-07,-1.4520246660756268e-06,0.000130066347865449,2.343319127095661e-08,-4.924386815279749e-05,0.00040385574524602147,0.004729260496828982,0.00012481407142468564,1.2305143316587796e-05,9.449119755150704e-05,-0.0012656134883890602,1.0124381640756085e-06,-9.971505821364745e-05,5.561853208428503e-05,8.35920831917351e-05,-2.6952827276640525e-05,-0.0010870321466942676,-0.025431286241849906,0.008344985692673033,-0.005141492193564937,-0.0011717789556583743,-0.06016848585760663,-0.09252618626366105,-0.023522459176791792,0.020193593412991512,0.13301756382921723,0.03028566694257771,-0.1969065463127371,-0.2753580321697263,-0.19587893686291294,0.31759941463521246,-0.16538259837099886,0.1331546188696629,-0.11271972423158326,-0.027123352060807352,0.08254360834121818,4.5142112568842316e-15,-0.28473761315071694,-0.09568684739622317,-0.13360914831958884,-0.19285358871812375,0.08095864377396075,0.3867567268234733,-0.11792204829053493,0.27567021639316097,0.2719786469687746,-0.01674829903242002,0.09236071891185377,0.11375303883679817,-0.10426318534311649,0.19094834764427412,-0.3374050420404452
87,8.227912163698745e-18,2.7672356795299388e-18,0.0014327652964805009,3.216019804153914e-17,0.000487471434774574,-0.004136278261863597,5.565294894282275e-19,8.127398054282044e-20,-1.4982034088018543e-18,5.209312770437006e-07,1.2793041948622342e-05,7.119685071673491e-07,2.4830789517136167e-07,4.502735807211976e-06,8.81227352187644e-08,-0.004532974800223605,2.7184435249685907e-06,0.0013923546625664639,-0.00020998993628172492,1.0046093448832414e-06,9.468406152297232e-05,5.152379395491799e-06,-9.193133743974621e-05,-2.6953369474483558e-12,-3.437552728738507e-11,9.622623660569108e-07,3.4070586863628953e-10,-0.0006362801020902692,0.004952650140329448,0.00019481533506225028,0.0028172012762673077,-2.758432914933744e-10,-0.01012266842685778,0.4517549262837248,0.0002058869067895415,-0.00030685754810522175,-0.0007110946018295269,6.483969546455946e-05,-0.05039232895110443,0.0048800324279372935,0.003751742680610037,-0.3392697495271063,-0.5932685573781489,0.0003599385279104923,-0.00156927985277931,-1.6950581620967075e-05,2.065502995579504e-09,0.013016762782768284,-0.01656654330805936,-0.0011362384861103268,-0.07592634941282245,6.674135453408844e-06,-0.01099966723853185,0.1393441635257735,-3.730804687662367e-07,0.0010505960750353401,-0.11456859853679252,0.0005157568111809908,1.6916633314123832e-05,0.011954765745946372,0.11449215771785456,0.1681148487131963,-0.00014308257430841782,-0.004239040688987531,0.0022476104610177276,0.03959482055972756,-0.08119867778903321,-0.15675428664398441,0.037603826694655694,-0.08249620060723768,0.0546061050967785,0.09416837169842057,-0.19901757234509088,0.13414657965536952,0.08970860688176371,0.0671923324841146,0.007222508496371247,-0.04341084558958624,-0.08263704968800836,6.99657567345074e-16,-0.04778140022551488,0.06420036525357783,-0.02215677561444156,0.0359490621104315,0.03288447291370322,0.011001165532597003,0.09660362846973877,-0.20465652647703705,0.08781132599892283,-0.018228209709238944,-0.1574184735078664,0.010431031018909648,-0.13103279613745888,-0.042380712247346214,-0.03791374406172511
88,-6.4558172683422444e-18,5.401593383475657e-18,-0.0011240020267820968,-1.0688260682252202e-17,0.001175499538525223,-0.00407749865815055,-1.1992802768778622e-18,-7.540613967973525e-19,-2.0781200035504695e-19,-4.06974497729184e-07,-9.849511869967451e-06,-5.490349858776243e-07,5.781809261434627e-07,1.0259955429535194e-05,-6.502018855052507e-07,0.0035864698528509757,-2.0500267527695933e-06,0.0032600194300408977,0.0001800286112439415,2.1181438761676494e-06,0.00014038723397072608,5.335580102506697e-07,-3.377504249852423e-05,-7.148530807757309e-12,3.9366970717870185e-11,4.859193053349407e-07,-2.8398195639644275e-10,0.0004470062096391253,-0.0033448951625552306,0.0005141302530624647,0.003146151923340278,-7.913862202325868e-10,-0.010176283957763693,-0.25472970014279406,-6.310373752410758e-05,-7.088043418061782e-05,-8.875538058387175e-05,-0.00010702523903889652,-0.5229346517427436,-0.0027049442060586657,-0.0006673642389618901,-0.5438985219692107,0.14239852562394756,-0.0005218500823211262,-0.0010059798862864693,-2.0430766860946064e-05,-2.6078247740786087e-08,-0.028043506382588866,0.192735437061795,0.0010689020837685312,0.037675570893367163,-3.983260809421358e-06,0.016285149932709568,-0.18096354990047095,1.003537659100602e-06,-0.014445741092337079,0.003475759588334668,0.007122708021842506,1.9291451882837284e-06,-0.04572164836541451,0.007270154221167074,0.02571247120085236,-0.0027783822048236917,-0.020622084342836713,-0.017322365550958285,-0.03621045803521432,0.023051348146203413,-0.005273732707931553,0.07953738649823641,-0.10593284754824348,-0.08231870605284602,-0.12907863912551296,0.025913345134585552,-0.30019478012148854,0.034599704806536756,-0.037968489605501254,0.03984274703653711,0.04213570485670997,0.02710846272074632,1.3176123589630967e-15,-0.05449870760772385,0.04495551655016776,0.03925248569161455,0.026214483290960475,0.0745235577446796,0.06255079753539337,0.0949020332531533,-0.21366939194219176,0.0959840466100385,-0.02550172583899061,0.10840923464414019,0.1282260868513905,-0.12074951612053529,0.020893251234318597,-0.0662882859812731
89,-2.0119905463562673e-18,-8.733993043099567e-18,-0.0003505102221130063,-4.36581450296126e-18,-0.0017769287584405453,-0.003832126195771106,-7.573042806029924e-19,4.3891203414979037e-20,2.2539941440168586e-19,-1.2984415467974586e-07,-3.1445426278770724e-06,-1.743364288866846e-07,-8.784874408946422e-07,-1.5689026292294227e-05,5.953393501102043e-07,0.0010838126150648092,-6.749760588090272e-07,-0.004962191530686568,3.5697656565956985e-05,-3.2981443362436636e-06,-0.0002509099123172106,1.5811574620042454e-06,-3.487086389759544e-05,1.0555299586710257e-11,1.6273541471963954e-12,-9.380688793057324e-07,-7.874780656426777e-11,0.00016133743849064,-0.0013410026390643203,-0.0007346030169540225,-0.006037677191076714,9.540347897269259e-10,-0.00932632516657915,-0.15656934459814575,-3.705648280484507e-05,-0.00024936427440626477,-0.00041763083791113793,0.00012378359285006145,0.5994125590250112,-0.001867203898342457,-0.0004883521373901603,-0.5100304563970605,0.10731046502124095,0.00034055253060970823,0.003880933519865624,5.328161355993288e-05,2.512370747402288e-08,0.00201738799302745,-0.17742111142018052,0.0004460426322659733,0.10227044255370968,-5.8127653203061965e-06,7.285950424081073e-05,-0.02485966900233002,1.3328418381448042e-06,0.007512982984609607,0.17756222849537223,-0.006294466412593466,-1.7542572547706213e-06,0.02549446480088321,0.008787170930174885,0.029536581245386696,-0.0038386437976795753,-0.018218847255680445,0.016540922742717384,0.00752985636326536,0.009101401024528409,-0.08000630544512226,-0.009748189834255941,0.0026907874613949475,-0.0025226308846321172,-0.014146468486295073,0.26391788875706534,0.1649335591195421,-0.16847298572656388,-0.018027975352344856,-0.0589928005978534,0.010740961249900953,0.10453014786269399,9.75033299289338e-16,-0.04780414041148881,0.03152321936805686,-0.03528999915292391,-0.03686790527970572,-0.09651155952420953,-0.013666337393045482,0.09177554247108378,-0.19368733217061,0.08467089349759915,-0.022597465081349397,0.08029054448275708,-0.1710736457296078,-0.11278828529369125,-0.0594250308831232,-0.006963220028840701
90,4.686580853497347e-25,2.530863096208442e-22,9.229059351624761e-07,1.4191209692873078e-22,3.1382438952792226e-07,-2.641316839174148e-06,-5.473193194775589e-22,2.150365623100297e-22,-8.553983118098136e-20,-9.481664885766711e-11,-0.0005613328075148164,-3.219475369439923e-05,-1.1063417937265366e-05,-0.00019416369146035923,-3.9549933784295856e-11,2.050655699413054e-06,-5.556718793940772e-05,-9.239204889279222e-07,4.6616519168058777e-07,-1.968037911875844e-05,-3.452089666996627e-07,-0.0001147652537577314,0.0022205418891769694,3.542862957793182e-14,6.628742114694936e-13,-1.2372426436049618e-08,-1.4101045656728605e-11,0.003982256811904424,-0.025227450797132695,-0.0010699992515497976,-0.010955590311928167,2.308646925670845e-11,0.0002631477343004554,-0.32100118692683677,-0.0005709057695688902,-6.836795883754462e-05,-0.00020011922729013944,3.436782676093415e-05,0.02264020189958274,-0.001881901063714817,0.002509443566841797,0.08434766539896438,-0.40240171915368483,0.0004286927784792183,-0.005272775757659521,0.00010989092614015633,1.4061342894724328e-09,-0.01493978336954306,0.07974734685369947,0.001722482254756987,0.37603921728509626,-1.2827193762030935e-05,0.026595544704970445,-0.2803431895101979,4.540816275205011e-06,-0.026424762436158367,0.20125214458068097,0.005370136721829042,1.3544302070071521e-05,0.01627202375712459,-0.21626861168052527,-0.4060315727280846,0.013825904621561457,-0.04397369782126291,-0.001021427470328693,0.012117302843044183,0.05990139178180419,0.20392949306887895,-0.10749088109889138,0.1488715510589578,0.07105328694613165,0.1138374011621542,-0.20318624446351904,0.09953503839699904,0.05333892897229014,0.08992698610888047,0.011318321829065062,-0.025631622739814224,-0.02608897716863504,-4.510164750432456e-17,-0.008785047415033618,0.08740174553146993,-0.015224796247621686,0.016815708003702044,0.022619770930382144,0.018368268600620883,0.06920726038293608,-0.12437481461695477,0.04908359829644184,0.017026766716584436,-0.1733818348018024,0.011279022949288042,-0.14351648651934504,-0.007114029460698209,-0.023065606468531973
91,-7.887447495202362e-36,-5.009892142333699e-33,-1.8296524871630668e-17,1.686308653034054e-32,1.9071073992492587e-17,-2.5124552906734312e-17,5.038878086557782e-23,-4.374824022165337e-22,-5.2609377204331993e-20,2.4073185713208167e-15,-0.0003406723027440718,0.005231097051403394,-0.0053723660873105815,0.0003517592356671979,2.307021230723266e-15,6.217700690961672e-11,-4.242688512337539e-06,6.685372580894843e-11,2.406950603211198e-10,4.509461815776677e-06,-4.905050799432977e-10,-0.02015609669762134,-0.0011179969659230993,2.6738572930954804e-16,-2.944405284823978e-14,4.2469977963010597e-10,-9.19532186958011e-14,0.02488721802186922,0.005924467730227115,0.024199328984731282,-0.005435648469118706,-4.829254047995377e-14,-1.4004594107027727e-07,0.0003927162750159834,1.6254033335563412e-05,4.179311192122126e-08,2.2158532385935128e-07,-4.2692431147043515e-08,6.724761775428813e-05,-0.006330344908864118,-3.2858521327086157e-06,-8.5290650408811e-05,0.0005280818034406417,-0.007004049394661365,-0.11126710584376681,-3.4589878492883594e-06,-2.5760250590058072e-09,-0.021904122954108138,0.01461829154146324,-0.000940922771582777,0.038465611414007915,1.8655923979695364e-06,-0.052389891567148725,0.14115935136180513,1.414088190220846e-06,0.022178493917157836,0.08074327955775779,0.00694436772812595,1.646851117163838e-05,-0.7520881608250043,-0.03627913689919877,-0.06320001532763504,0.0007451523068371021,-0.009712720152285479,-0.0039605742528150975,-0.05308259232991916,0.19453614938542757,0.08622463214437992,0.0665102328183015,-0.3435229739808006,0.06936512492577887,0.09919181911051346,-0.005348168810693441,0.18436115492587654,-0.020577953796463305,-0.0978888698746037,0.09048738759320787,-0.028069528603104084,-0.012360969929910802,-8.944039215099782e-16,0.046100108376437854,0.08618592518239666,-0.029032471730324777,0.0011008773541388891,-0.038911280539223235,-0.06783006836968776,-0.04593341935535556,0.10423676642482255,-0.0643458107099713,-0.010547826503772853,0.12282600962529389,0.1438693989247323,-0.13434232546266053,-0.2209492818347506,-0.09007475199826528
92,5.1172563002150286e-27,2.7629136437197973e-24,1.0075637028261301e-08,4.785425044808585e-25,3.139252772037662e-09,-2.822419434915999e-08,-1.4883427467119606e-24,-2.7974954085765728e-24,-6.928800200323226e-24,-8.766403639437218e-13,-2.013490594796111e-09,-1.0872592442217777e-10,-3.456716716096447e-11,-6.487438717296191e-10,-3.869566900372375e-13,1.783403337803374e-08,-8.46043636124551e-10,-7.0819909081039296e-09,3.4431691225017416e-09,-2.8566968077389e-10,-2.211238494592251e-09,-1.675672320467844e-09,2.6171519297516693e-08,1.9105379510422443e-16,3.051032474354135e-15,-5.908113756981785e-11,-5.656661527607414e-14,3.963031998011174e-07,-3.2751458562432015e-06,-9.746115275988708e-08,-1.7098166810322774e-06,5.208337475784374e-14,6.979761594465216e-07,-0.00031988938826161715,-1.3202893915952668e-07,2.0309850045372315e-07,4.842604237501096e-07,-5.156949592376153e-08,2.480310824951924e-06,-3.4113283410508818e-06,-1.8739760717547914e-06,-1.4806745312894806e-05,0.0003181833523593671,-2.0505694614281404e-07,-2.9423040030094516e-06,-2.0440846482965753e-06,-1.7956752505335914e-10,7.503426643348222e-05,-0.00021756064815834766,-0.000173328728104535,-0.0015206662891858564,-3.2664073073981797e-06,-0.0014527783952706596,0.054901710147266025,-4.1457234539742163e-07,-0.48933268479748554,0.02233884007870797,0.13546469252911342,-2.83420994306894e-06,-0.0008355362656175488,0.003412842559386486,0.014708659524324166,-0.007436410974419158,-0.23303371668896186,-0.00014412724747632591,-0.006001518621126635,0.012634656210202237,0.026861407107878505,-0.006501539122811592,0.014724973864182372,-0.01404015044535714,-0.025740328152947366,0.07344108785047514,-0.07583781138610947,-0.10865263131356925,0.011021879235687173,0.0006890538257494617,-0.5968921204890161,-0.08566669318695344,7.101167100706013e-17,-0.01486812898050693,0.011850898391007551,0.010040206885107001,0.008683682900726943,0.0686566032930064,-0.05048608679034907,-0.4983770037398477,-0.18946794120132612,0.04146156207715035,-0.006152528659906044,-0.020199096923665002,0.0004501777603008663,-0.023391241639016798,0.010641308147570501,0.021572426008095
93,-4.013035329838299e-27,-2.1627554069630826e-24,-7.900487251654459e-09,4.857523081623856e-25,7.651782541844757e-09,-2.744992408061941e-08,-2.0464533144912029e-25,2.5790422099373802e-24,1.3079963814012884e-24,6.848206908171061e-13,1.5655951351404414e-09,8.463254914877336e-11,-8.08023318783317e-11,-1.4746035439023322e-09,1.6437677837827488e-12,-1.4066565144774267e-08,6.50971939560604e-10,-1.662833730602674e-08,-2.8870338416125707e-09,-5.89404161119221e-10,-2.88253826275134e-09,7.205616592443262e-10,-5.03417639938669e-09,5.266559504573229e-16,-2.994025586760772e-15,-1.3039223482056963e-11,4.551922064104531e-14,-2.9498666039500103e-07,2.3797596272103207e-06,-2.7443482814510097e-07,-1.5658308341812072e-06,1.8369649603299614e-13,6.85549624029543e-07,0.0002085049822588038,7.425532777996062e-08,-1.5316378001184714e-07,-3.2564768403568436e-07,1.2959203337648473e-07,0.000296275464908743,2.1725374589293816e-06,9.160301870437711e-07,0.00012835484038848378,-0.00016585099250841106,2.9916065835605283e-07,-1.0632909674814946e-06,1.4349725457430892e-06,8.770383944262197e-11,-8.854588996220339e-05,0.0007532040743390049,0.00016530597476541314,0.0007086260645480046,2.9950776733126713e-06,0.0012817784590840502,-0.044571616935810576,-4.7449175108466053e-07,0.3824717966033432,-0.02799260318178417,0.33001955783516534,7.587418918275939e-07,0.0040191622184917,0.01376400513611623,0.026546431356032612,-0.006828679406586524,-0.22939149640135748,0.002681050522788366,0.004307335783142226,0.001198592272608926,0.005426018204877786,-0.014777543992949069,0.017858774475821893,0.01959110989087009,0.032263313520394285,-0.003939261072225768,0.16366201871438274,-0.042856165298804455,-0.006208649871225997,0.006194297782153244,0.3430820934966495,-0.0031223364368711285,6.637506016277556e-16,-0.016174661398452007,0.009166938207710732,0.4711563554805293,0.004957689486881289,0.17142025316850257,-0.03719682200349973,-0.4958763982937443,-0.19131608319729598,0.042418349786699214,-0.009016578056954978,0.015135963008805053,0.015864363483379385,-0.02203031639081948,0.03758131824783357,0.011064393216548866
94,-1.2504729736858908e-27,-6.794475585184626e-25,-2.4631925791608637e-09,-2.4355904129400144e-24,-1.1710223661806774e-08,-2.7113389887837278e-08,-1.1169270919542067e-24,3.0403168716929924e-24,-4.545280100751995e-24,2.1729968176938684e-13,5.0041805887518e-10,2.6933715789436277e-11,1.2501870328718106e-10,2.300908215152939e-09,-1.3545679763168574e-12,-4.2760485315380875e-09,2.144058148837545e-10,2.5713818812664965e-08,-6.409153538590124e-10,9.463936716389658e-10,5.53005876480517e-09,7.760285992181422e-11,-1.0905939254890406e-09,-7.793291290499613e-16,-2.1372937355207816e-16,6.732012390519109e-11,1.2954127690167907e-14,-1.0614480550469015e-07,9.303231967506693e-07,3.995644486867168e-07,3.500326871746694e-06,-2.4301764657979594e-13,6.252884769028375e-07,0.00011324659030415212,4.2633033070211775e-08,1.4073324790067866e-07,1.643609666470981e-07,-1.0042899061222792e-07,-0.00032131093808120543,1.2851433457219575e-06,6.026391421063747e-07,0.00011427088711054915,-0.00010821125604070372,-1.250963249613109e-07,4.639781302106265e-06,7.214723377489719e-07,1.0479305964371779e-10,6.6385089902308434e-06,-0.0005709748543067523,1.2805716081240907e-05,0.000988916272309449,3.202236518176885e-07,0.000217366178361289,-0.011948996117953466,9.862104667139512e-07,0.11987246100066991,0.006268001574768869,-0.5053637110948952,2.7464994171561757e-06,-0.0036735817515974115,0.01285058106753642,0.02388544978994609,-0.0059662649628821,-0.20865487924101525,-0.0026592555813483073,-0.00204432099119338,0.0019225112845508644,0.015557910816378303,0.0012874262149934357,0.0006923133237458626,-0.00016942327320410128,0.0022190041003380956,-0.08634749166262606,-0.08957109611022533,0.16552467643638838,-0.0028178207173309854,-0.010186460134540096,0.259014484250794,0.07209142037049104,2.489604294947663e-16,-0.015053098690698735,0.007336068234397176,-0.48672725024744246,-0.028235412472448453,-0.25088895498664565,-0.05535198654244098,-0.47872862456802556,-0.1819525233362214,0.03963617576309711,-0.00819872470512547,0.011211646286724327,-0.02290470557194118,-0.02102325729916384,0.0015529751107334886,0.03439827341225723
