,0,1,2,3,4,5,6,7,8,9,10,11,12,13,14,15,16,17,18,19,20,21,22,23,24,25,26,27,28,29,30,31,32,33,34,35,36,37,38,39,40,41,42,43,44,45,46,47,48,49,50,51,52,53,54,55,56,57,58,59,60,61,62,63,64,65,66,67,68,69,70,71,72,73,74,75,76,77,78,79,80,81,82,83,84,85,86,87,88,89,90,91,92,93,94
0,-2.3668716307401806e-16,-1.797966098736183e-16,4.0078843263999036e-16,-3.4909446727120667e-16,4.508813054885788e-17,3.5479247283779077e-16,0.31766445549487393,0.07313145991761123,-0.0005080834967579664,-2.2088918126359205e-16,1.1806775573797962e-16,-1.224327436296373e-10,4.8061792529454953e-17,4.3200983260738263e-16,4.6627049889417605e-11,-4.0021315678464597e-13,-9.449809064222003e-17,-1.6241451038123534e-13,7.428355954532692e-10,-6.40692212766803e-17,-5.495315792061323e-13,4.48895226343142e-17,-1.0283336103426026e-16,-0.618782475946481,-6.043357916805456e-06,0.1615595022439346,0.3848422254552841,1.1786142705436387e-13,4.5977547951148105e-12,-7.491794887768175e-14,4.8786776342489215e-12,-0.037477179233122666,-9.691712339359607e-10,-1.0878804909701393e-12,1.092223872675748e-09,-4.1653364752121225e-06,2.7366512401478464e-06,4.733599835317761e-06,9.236153611446364e-06,9.451203581473035e-10,1.5895138959032865e-11,-2.3217374407686994e-09,-3.956724565088155e-08,-6.856926143015574e-10,-9.060103437952738e-05,-1.517916131406123e-11,3.652725789370414e-05,-1.413351572708851e-09,1.0278430407009586e-08,-9.754923866183426e-09,2.2624037419886833e-05,0.039476249881194914,5.086352235258163e-08,0.013825247909911204,6.333282756364587e-07,-1.2695916380508962e-07,-4.582182803710987e-07,2.4404011424754288e-08,0.011213023136196383,2.924255430281802e-07,0.0006838850941927721,-0.0004996400996149135,-5.781088240314995e-05,-2.5011060252997536e-05,0.0024637424667475704,0.0024589911345740544,0.0006915736949012446,0.00010181592347350177,-0.00034233921933604476,-0.00013884176098195953,0.0008390797939653647,0.0006440318025486662,0.0003449267298203877,-0.0007387851525317577,-0.0024384310136827286,0.001976398102688881,0.00045297169571513056,-0.00019919422798117558,-1.1862958139224556e-05,0.00035035490077698825,-0.5773502691896254,-0.0008099112630358972,0.0009563102221712423,0.0007993224897663643,0.0009599128513681295,0.001302005063203863,0.00015593048043716459,2.898410398425329e-05,-0.0002898763451638103,-0.00022005987644208995,-8.830163802194633e-05,-2.858601175719665e-06,-0.0002652863900405161,0.0003561697472434685,0.0005290607377267159
1,4.540526237236697e-16,-1.8954391837797835e-16,-5.316606089568272e-16,4.627888419640851e-17,-2.1752381680055252e-16,-1.7963689934897939e-16,-0.09630458270589679,-0.3151934319331518,-0.0022861778689646124,5.624415715278961e-17,8.035680341803967e-18,3.6503519915703665e-11,2.719078230179476e-17,-8.134746763582918e-19,-1.0634714915449189e-10,1.387389085501911e-13,2.769480318283471e-16,3.711688029725521e-13,-2.4895954903863497e-10,-5.586297619482033e-16,7.362120526972625e-10,2.5336405724833705e-16,-8.958387305668114e-16,0.18730122202440616,1.7881623626135269e-06,-0.6945319826470305,-0.11628677680362444,-3.6071392267011045e-14,-2.210080646674155e-12,1.4363021818565445e-13,-2.5324348451239015e-12,0.16064037584362945,1.2106755245019705e-09,3.946104697811768e-12,-2.8136418480855145e-10,7.677747255885966e-07,-2.7634927549817144e-07,-7.241214632730059e-06,-2.0849562526463137e-06,-1.3726492429529268e-09,-3.995415756538599e-12,4.6508700798503824e-10,8.620306017034753e-09,1.0512133350918592e-09,-0.0006751391113704667,-9.53013408235328e-12,-1.1762533465279721e-05,6.523861813869825e-10,-6.315650684290838e-09,4.671513483940718e-09,-1.3793056655661487e-05,-0.008410218135324691,-3.146277899056487e-08,-0.007740231596535037,-4.0123944015121125e-07,7.114052544849296e-08,3.7782437369024605e-07,-1.4336529657548918e-09,-0.03318186889614107,-7.113316886641418e-07,0.0004980211538494367,-0.0003463154131937595,-7.79473768969615e-05,-1.72742375457014e-05,0.0005167146952825829,0.0015894899264459743,0.0005008302426713412,0.00041045771202902464,0.0025643918223094203,0.000872064592044579,-0.001005815824014011,-0.00045282636073843584,0.0006375254560503264,-2.0005550310022065e-05,-0.0005157368884937795,0.00014086887706558942,-0.0001154248604417751,0.000532828686288799,1.2938401595195707e-05,-0.00029102544235848647,-0.5773502691896228,8.655038385653735e-05,-0.0006684384785556603,-0.0018819142879882445,-0.0018090410317845504,-0.0015886922307562922,-0.00018178261579081782,-2.5907168988937953e-05,0.0002157570713162,3.177032247619963e-05,0.00020454824146273653,-1.7803590734692383e-06,-9.942753018243289e-05,-0.00034297236949097187,-0.000454410366359861
2,-4.4182258437373e-17,1.9514849433987052e-16,-1.0921393334901892e-16,7.392941569455649e-17,7.750858173660195e-16,-1.1502114324552817e-16,-0.2213598727889778,0.2420619720155411,0.0027942613657215777,1.6719151539976173e-16,-3.3455496279356904e-16,8.592906005115947e-11,1.6600619941164673e-16,-4.1363860797204865e-16,5.971975103079435e-11,2.6224651071073435e-13,-3.512427459650814e-16,-2.0832290483628533e-13,-4.938762349734757e-10,1.2628844459987318e-17,-7.356638677625934e-10,-6.202627017728225e-16,8.164392357711639e-16,0.43148125392207276,4.2551955551982095e-06,0.5329724804030979,-0.26855544865166,-8.214169706182384e-14,-2.3876548102466814e-12,-6.887315788458169e-14,-2.346427028381359e-12,-0.12316319661051094,-2.4150448741593744e-10,-2.858617254634046e-12,-8.108597077778972e-10,3.3975617488672525e-06,-2.4603019647638864e-06,2.5076147968137143e-06,-7.151197363011325e-06,4.2752831638809014e-10,-1.1899986499001442e-11,1.8566504278062002e-09,3.094693948153038e-08,-3.655204449596342e-10,0.0007657401457470883,2.4709740705446464e-11,-2.476472442678843e-05,7.609645847204558e-10,-3.962778486135257e-09,5.083410792572267e-09,-8.830980763613772e-06,-0.031066031745892436,-1.9400743214018736e-08,-0.006085016313419274,-2.3208883619597425e-07,5.581863859910692e-08,8.039390619549155e-08,-2.2970358525192838e-08,0.021968845759981193,4.1890614560727273e-07,-0.0011819062480399203,0.0008459555128081199,0.00013575825930024204,4.22852977989107e-05,-0.0029804571620230245,-0.004048481061008363,-0.0011924039375690576,-0.0005122736355004841,-0.002222052602979153,-0.0007332228310650798,0.00016673603005472367,-0.0001912054418054849,-0.0009824521858711366,0.0007587907028454966,0.0029541679021966743,-0.0021172669797706635,-0.00033754683521791,-0.0003336344583300733,-1.0754434566862646e-06,-5.932945838863956e-05,-0.5773502691896292,0.0007233608791836339,-0.0002878717436244583,0.0010825917982202925,0.000849128180408835,0.0002866871675662196,2.5852135356444534e-05,-3.076934994525799e-06,7.411927382965127e-05,0.00018828955393326976,-0.00011624660345329798,4.638960248639715e-06,0.000364713920191895,-1.3197377752813577e-05,-7.465037136813806e-05
3,-1.5371319705256926e-16,1.6226669361242128e-16,2.8359885048353966e-16,3.832726193230995e-17,-1.0655550696154579e-16,9.483327140658658e-17,-0.7124228884007373,0.21674150398432193,0.5805368189939124,-9.947285973539105e-17,7.949247385224658e-17,1.4077745572910803e-10,-1.735751356181295e-17,1.8623848045714442e-16,9.258595935287433e-13,2.4510619164222306e-13,5.287556702779001e-17,2.7125847344499213e-16,-1.561126372840292e-11,-1.7918141233853023e-16,7.130806278714135e-11,1.0306354427640168e-16,-1.951981016804497e-16,-0.24227446439792819,-2.34340026335491e-06,-0.09299989744416332,0.19545992837683845,4.103355841886034e-14,1.7327678435675837e-12,-1.6398609913821727e-15,2.211166988244454e-12,0.02970440909439587,-2.664694699012663e-10,6.106793422052775e-13,7.423378862671393e-10,-3.403079754953051e-06,2.3082979054102036e-06,1.0275040687213231e-06,6.914698581846816e-06,2.1972513424836604e-10,1.1079069195794003e-11,-1.7372578487089956e-09,-2.982451309376415e-08,-1.478670151519386e-10,-0.00845973287498241,-2.0141574541647774e-11,3.240120334385447e-05,-1.177159255758269e-09,8.330093634903158e-09,-7.940322031781545e-09,1.7386287041389897e-05,0.041260427665778324,3.927956249319162e-08,0.011298670916610114,4.875818050944907e-07,-1.0346123317542473e-07,-3.0634894977393833e-07,2.745013818013268e-08,-0.005743784104150732,-6.771932768202379e-08,0.0010901571585227715,-0.0007864938284864965,-0.0001158635319373407,-3.951124757690371e-05,0.003117685718417138,0.00382337194537719,0.001111675593647065,0.000409596153538352,0.0016201014428818125,0.0005552520502518201,-0.0042271313761430155,0.003500692536086718,0.0006868804540123449,-0.0010483581876634764,-0.0035866989658429687,0.002726880923139991,0.0004591551945847829,6.739374556230919e-05,7.585500755630064e-05,-0.0001005438673909608,1.2960178275728337e-15,-0.0010708710201495768,0.0010290069799461677,0.0002732964215769218,0.0005641599655460876,0.0006240098070106415,9.999762381799034e-05,0.00010678683131168868,8.507906366704098e-05,-0.00025440562743286985,1.3167319837799804e-05,-3.9015845061308614e-05,-0.0006391445057313556,0.00010159093538129628,0.00022555718065138953
4,-2.514455375326761e-16,2.284080327257595e-16,-2.3480211867875546e-16,1.897091242843435e-17,-6.502125796360086e-17,5.627620167156247e-18,0.5499311912931106,0.5031689915624704,0.5790201076343136,4.417012122033913e-17,-3.148192401379575e-17,-1.137086949726475e-10,-9.522748884419764e-18,-1.4266130105888772e-16,6.700503543743012e-11,-2.08006352292638e-13,1.5761806583588493e-17,-1.0942605233537047e-13,1.925239832725222e-11,-2.025722890201186e-16,7.144625444362537e-11,3.5674629395695883e-17,-2.957546805759305e-16,0.18522817531250105,1.774083357692405e-06,-0.21346108271106473,-0.1503695782095906,-3.1415833221633386e-14,-1.6876940371621613e-12,5.85486486288633e-14,-2.269635047566695e-12,0.06990050295515489,7.787241311409858e-10,1.7769569928558937e-12,-5.40939414260631e-10,2.2425564078576275e-06,-1.3577744045966554e-06,-5.152122974148768e-06,-4.8359845258495686e-06,-9.355757166880926e-10,-8.009244385783227e-12,1.1742488912132977e-09,2.064143226961239e-08,7.472200066628622e-10,-0.008313761724325443,3.2312200167173307e-12,-2.7241459627775e-05,1.063734605632617e-09,-8.124012986241725e-09,8.255143305411147e-09,-2.0909173872072233e-05,-0.02841988727810724,-4.760529759170726e-08,-0.012608041949804307,-6.014221377527394e-07,1.156190723087567e-07,4.885605215694967e-07,-1.538416441984068e-08,-0.02580173341987849,-5.896628587656972e-07,-0.00015645820915601805,0.00012502943149592785,-1.0059532782907717e-05,6.272115392870433e-06,-0.001405521887281447,-0.0006951398450894828,-0.00016007422848466593,0.0002216235377324319,0.0022530068855569803,0.0008121080128419476,-0.005785735354133527,0.0023035656724626164,4.415709198270876e-05,0.0003314603438248597,0.0009752183085536921,-0.0009829682287731418,-0.00039845763376576763,0.0004444876528181675,9.833285789110087e-05,-0.0007630800229197762,4.629946122662143e-16,0.0004467503464664833,-0.0007632211612828528,-0.0012287022079468849,-0.0012357777004247358,-0.001828088501183787,-0.00019376196458065136,5.209651922073181e-05,0.000632688112578715,0.00016266773976685798,0.00018052452394643249,-3.359757709172119e-05,-0.00013766628245782562,-0.0005681520737913986,-0.0007690431471987823
5,-1.2624087119525929e-16,3.2646979145062276e-16,6.053412968050834e-17,-4.81388551485728e-16,-5.146785271755437e-16,2.4751250357646253e-16,0.16723026026633545,-0.7313211021872768,0.5721954971794125,1.1239381574823096e-16,-6.903664693094858e-17,-3.783102192906515e-11,4.1890581586415756e-17,-1.0622029918476315e-17,-8.370627537425076e-11,-5.193435426400548e-14,-2.590834508270395e-16,1.4190296537316652e-13,7.567606132122057e-12,1.597987638539819e-16,-1.1321683337005275e-10,-1.582175911678308e-16,6.086264474723805e-16,0.05582605106206111,5.557657701316491e-07,0.30439236863908886,-0.04587117344917804,-9.221773960607871e-15,-4.365048146820545e-14,-5.694505370485027e-14,5.6188407401245676e-14,-0.10239409758223468,-5.26917721460335e-10,-2.454138023796573e-12,-2.1035862972739263e-10,1.201925768958715e-06,-9.875714310851642e-07,4.301148810726853e-06,-2.183401943269357e-06,7.423294404282627e-10,-3.211318484487317e-12,5.910201308391214e-10,9.646684209470504e-09,-6.250089190259506e-10,-0.007226016605122615,1.7905790009109474e-11,-8.035287041770371e-06,2.936421399838647e-11,1.9863245555863945e-09,4.993337528554821e-10,2.4381824040212147e-06,-0.013574843734733175,6.1392924649433314e-09,0.0007764192550246046,8.85065275401159e-08,-7.140778655824204e-09,-1.668829346223571e-07,-1.2867794345378942e-08,0.033554270437137976,6.799764807037954e-07,-0.0010642727369024121,0.0007568333132495697,0.00013259776384459587,3.7893033482035474e-05,-0.002354163180441811,-0.00361590229619606,-0.001081061791677278,-0.0005361637235922523,-0.0024879560244173648,-0.0008012033471388502,-0.003917416565246304,0.003145279697849084,-0.001143783618514032,0.00036882442586871016,0.0019400801428581744,-0.0012473897961792987,-0.00017992335892731115,-0.0005642084989605976,7.381726479663983e-05,-0.0002127384198032785,-2.0118800469696585e-15,0.0002845712068225707,0.0004895043917483092,0.0023075834810283888,0.002156364708900906,0.0011639348337471316,0.00014870081911388816,0.00010098094077110143,0.00022509871593998494,0.00010245433061832308,-0.00020715369545800882,-3.0223037605855243e-05,5.0284336378954905e-05,7.677453377027464e-05,8.521925998951917e-05
6,6.36111262898559e-17,-5.949173540335044e-17,-3.803160483648528e-16,4.088173497609969e-17,-5.414436173577448e-16,-9.709528350857461e-17,0.04138318405921735,-0.009278205022142098,-0.009119930356115639,2.1970053001009385e-16,1.912173159388791e-16,1.2338633576973293e-09,-1.9831317184529658e-16,-9.327566862164617e-17,1.2367977748748452e-10,3.920529803616732e-12,6.47217738160569e-16,-3.789743237190085e-13,-4.313462539492318e-09,-8.527242294236211e-17,-1.902096472050752e-09,3.19373426666773e-16,-2.5685475855417283e-16,0.36265357852950464,4.05553850746032e-06,0.04962586572318533,0.4963934772041565,-1.4684640503964096e-13,-4.700201916995436e-13,-3.772533694402043e-15,6.25170305000014e-12,0.1655616409958451,-1.2316636800145035e-09,3.4706413438795434e-12,4.537375027124446e-09,-2.7199851753429094e-05,1.814691997013769e-05,6.099074564319266e-06,4.916123226711449e-05,1.215024107206878e-09,7.077670344758437e-11,-1.2045200922789206e-08,-2.1301538233313172e-07,-8.756676467175921e-10,-0.47883461588942966,-1.9436633749991345e-10,0.0002862350605882253,-1.2811174178421517e-08,1.1553493021863375e-07,-6.768327962754727e-08,0.00015865320669853524,0.45768931304941024,3.659564865226683e-07,0.10995160617321834,4.590378336032799e-06,-1.0019984519804511e-06,-2.7530989533187625e-06,3.032059508389568e-07,-0.08201567154777367,-1.4344433731583844e-06,0.011727460286623163,-0.00843092387928419,-0.0014097912595490846,-0.000427427835440951,0.028005782961100602,0.04081249238022397,0.012141238598060189,0.007216502909278351,0.04682824180129526,0.017569624637411817,-0.28584571822257043,0.1916571751482334,0.0025811042185494614,-0.01881282982003749,-0.05647191707359529,0.04242930224896291,0.0035764946694884737,0.0008242774287962975,0.005127539035554496,-0.019748596932857798,1.1167013260447577e-14,-0.018829866350045035,0.02434417860271258,0.023034310878693575,0.028972085486445264,0.0045902441937613805,0.001878094907033328,0.005642483685142103,0.01719337011943595,-0.00296341863778209,0.00026900657741868466,-0.002215613082503895,-0.020326844898962252,-0.005795539578862471,-0.005572766943867195
7,-1.861438266295796e-16,-3.2668793862170353e-18,-8.684964741224515e-18,-2.7204149424198233e-16,3.722403706717715e-16,1.871514380211842e-16,-0.03234446752540743,-0.02226103186220729,-0.009460643680090348,3.77772145602097e-17,8.44199572619329e-17,-9.614549440552773e-10,1.6152930056614744e-16,2.2954177376885013e-17,1.093948478875979e-09,-3.287613866582062e-12,1.6518444754981183e-16,-3.2693692797389773e-12,3.565854474424237e-09,6.108765078395451e-16,-2.263126832774303e-09,-1.161806894321056e-15,-1.960872185700802e-15,-0.28398504282435433,-3.1426846662246226e-06,0.12000032139868506,-0.389352417342235,1.1325072685204353e-13,5.830974989437569e-13,5.153220937176283e-14,-6.726632731104347e-12,0.40671081921669033,4.294729349529812e-09,1.0262252038577217e-11,-3.3096120544629214e-09,1.6988825007027677e-05,-9.901303748021697e-06,-4.2987346298328474e-05,-3.4071005695304186e-05,-6.924675337138589e-09,-5.109588371809534e-11,8.037319813753455e-09,1.458229062676587e-07,6.2345522259798476e-09,-0.4746241106546092,1.3191723136066322e-11,-0.0003151392141729646,9.217418376785184e-09,-4.974783301192153e-08,1.0028415597687805e-07,-0.0002504603186987539,-0.30369925626075867,-5.721770226473624e-07,-0.1507772491765738,-7.263927799392037e-06,1.3819366496849533e-06,6.080286414776378e-06,-1.5774845087565565e-07,-0.3408032878033665,-7.968310419815336e-06,-0.0015538682874167143,0.0013101182962941126,-0.00032152571052672916,6.361964903727574e-05,-0.022097400956411276,-0.007970621841503907,-0.0015334388091838955,0.005593389931779409,0.05701813331832356,0.021495274955517635,-0.30276270299883573,0.17611033913572222,-0.0038731141669297513,-0.0030059934950876707,-0.004777092700637262,-0.00010285214686843038,-0.006500373357959998,0.005909162889673905,0.005367970048750938,-0.027642012575459673,3.853964556488958e-15,-0.001253329735757753,0.0027960081393488784,0.003093063863116442,0.005732185716560856,-0.02576357619786596,-0.0017573025331219002,0.004937260920739841,0.023669780761633223,0.0019170768143473515,0.0024848205717307565,-0.0021395359117230947,-0.014543981011123776,-0.01389638157196284,-0.01754620384867397
8,3.684076040434093e-17,1.2732022491791639e-16,5.4756342287727496e-17,2.0152610778715454e-16,3.9815163708589257e-16,8.386913018082171e-17,-0.009993725511752361,0.03369867715643864,-0.010902026961260048,-2.035809641003719e-16,-1.4420255984982074e-16,-3.0910718459896563e-10,-1.7337686526897804e-17,-8.22361871352128e-17,-1.3267723571919035e-09,-7.286310070042662e-13,-5.055046433813367e-16,3.9740119773027225e-12,8.588538130197027e-10,-1.8902824023470888e-17,4.550788192099409e-09,1.4794367367680569e-16,2.6176926560536997e-15,-0.08831025388541519,-1.0332608138070066e-06,-0.182896119541152,-0.12162614790706207,3.744815182619644e-14,-1.2176054223983138e-13,-5.156922760786187e-14,4.576464596940117e-13,-0.6266665863869186,-3.3994587129797883e-09,-1.503159147093671e-11,-1.3655676203823622e-09,1.009312094930901e-05,-8.440412264480108e-06,4.086229751475796e-05,-1.6741469385157124e-05,6.277928836393947e-09,-2.1848085445789863e-11,4.484188298834043e-09,7.460238017811262e-08,-5.9364037021084576e-09,-0.435452974382997,2.0201949673945882e-10,-0.00011609802127499115,-1.626030900163877e-09,6.022397303465944e-08,1.238059127286885e-08,2.7147232618936303e-05,-0.15824791546319622,7.411351621450286e-08,0.010418780869094984,1.1124928470730697e-06,-9.344630991394442e-08,-2.1495503937192246e-06,-1.5927640698902923e-07,0.47156366853069914,9.308318663896292e-06,-0.015518045073258643,0.01107185492562482,0.0018160258337034507,0.0005542087324267521,-0.0391630795610728,-0.05366760594395697,-0.015841953483145273,-0.0056688444262773426,-0.012770244670284746,-0.0023372044069067555,-0.2613315639311881,0.17725960184910097,-0.021387599013081175,-0.0007888037758341196,0.014388519243674083,-0.008015592044560352,-0.003921812717827225,-0.008677748708004217,0.004744057473435927,-0.018873889002034624,-1.5092384938890466e-14,-0.0018474622934150204,0.018719989617582887,0.05236443077054188,0.05234618134900407,0.016251883827770142,0.0029739040506329135,0.005317523625989065,0.01707110727408297,0.0014010471746022466,-0.0031144181365874504,-0.0019680057722176614,-0.010462441040834372,-0.004556711086551296,-0.005343630086885635
9,-4.538053869390249e-15,-1.170717698101558e-15,3.644994321071571e-17,-2.0342652987163302e-16,1.2453626622213727e-14,-2.2509287184699223e-16,-0.003393715987894255,0.0005896764434742572,0.00016153523646344933,-1.17240763457388e-16,9.924052146502373e-17,-9.083250870214248e-09,1.4652906419883248e-16,-5.663333259408713e-17,-1.4499962015140658e-09,-2.0232833284741427e-11,-1.376025536745525e-16,3.2728617069803244e-12,1.1608312629380419e-08,1.1856401971832872e-16,4.977932302375494e-09,-4.661441913481815e-16,7.62218647605822e-16,-0.21823123455662208,-2.758560330715155e-06,-0.02218019789245582,-0.4164164252985507,1.5436060601587654e-13,-7.655628688587326e-13,-5.823889724205614e-15,-4.477326009648988e-12,-0.1291728247943682,3.009798876505732e-12,-2.9605223973222295e-12,-3.398477045603561e-10,-8.293838439907031e-06,4.835702995301473e-06,4.721326571565483e-06,7.728264542972112e-06,6.913745610089852e-10,-9.006197490233224e-13,-1.3816215369430642e-09,-3.503344641124783e-08,-6.82812624295215e-10,0.3555071779539057,-1.4813476756089274e-10,0.0003636245906242856,-8.282010783842022e-09,3.4074558861159826e-08,-9.500807358008728e-08,0.000213044935418872,0.5976634717171853,4.926553801474019e-07,0.14729183470085627,6.226231272353167e-06,-1.339756511807535e-06,-3.9546647969853824e-06,3.896220366599263e-07,-0.10753402378290966,-1.6087229003537673e-06,0.0174334272308554,-0.012572069196344052,-0.0020422949475867973,-0.0006406547539113744,0.044604852178362756,0.06195172001574373,0.018353005444697607,0.010094868886183463,0.06246110238825729,0.02339203264748058,-0.38126376037810245,0.2593865797284984,0.005063691335191521,-0.028148240235260965,-0.08609681848740602,0.06583013221814778,0.005679550384685978,0.0013305201553135855,0.008484262455811771,-0.03209390736808692,1.0518662250142312e-14,-0.028769439840231368,0.036748303040460555,0.03485773363849303,0.04308302171397701,0.007329220475718008,0.002953264093141768,0.008955155283929634,0.027627214269683568,-0.004778322164068454,0.00044039179753371295,-0.0036739664779073277,-0.03278591604889705,-0.008755279556886394,-0.00829996202189213
10,3.925365815044062e-15,-3.3360741781181256e-15,1.9204933686801087e-16,-3.991704091960271e-18,-2.6847266896143404e-14,2.1530697223538425e-16,0.0026598089744610284,0.0014281486112004012,0.00021538598559201052,3.2147426245373316e-17,1.2532527402061413e-17,7.0823497263114365e-09,-3.081793872618651e-16,1.605329780261297e-17,-8.157922960677557e-09,1.7409573655233338e-11,-2.617105339588641e-16,1.7691196135546712e-11,-9.850272259236743e-09,-3.556381994246529e-16,7.337702732437229e-09,7.902828000551829e-16,4.8973477535537144e-15,0.1710666833910198,2.1475815676051243e-06,-0.053930259415558145,0.3264372326105006,-1.186664721020284e-13,4.882290024313979e-13,-1.0418490683400222e-13,5.9039037149420396e-12,-0.3171439469743137,-2.371741373046892e-09,-7.822179704869806e-12,1.1426710872825167e-10,8.432962255299569e-06,-4.978304236311307e-06,-1.8365905900490998e-06,-7.203187182282596e-06,1.2864062483250529e-09,-1.6159697196608562e-12,1.409626817092308e-09,3.236303932860271e-08,2.6309468887635664e-10,0.353046643372374,2.967467343645874e-11,-0.000244979861303055,1.1394868760188487e-08,-1.1782327919047488e-07,8.457860863860866e-08,-0.00025336007465046186,-0.4053509666736661,-6.106996129717338e-07,-0.17258745711148335,-8.025129028244562e-06,1.5648921659215703e-06,6.941591562697643e-06,-2.0882843322232855e-07,-0.45261375688286865,-1.0297524366925294e-05,-0.0019409035893437395,0.001665019111223696,-0.0004319180056236999,8.334772069598617e-05,-0.029652957667377106,-0.010675532445922745,-0.002052548341303005,0.007613026435625912,0.07762372804003916,0.02926104709129765,-0.40752892018761644,0.23591813256177127,-0.004926630698672549,-0.0036438616134145396,-0.005571082685515732,-0.0010096508431528392,-0.010530172054831597,0.00954034248081474,0.008870940592948198,-0.04476033212513225,-7.14276162328982e-16,-0.0012794225888683142,0.003042574666226174,0.003420939522267037,0.0066910598071193,-0.04084510910632609,-0.002821085856231649,0.007830767654528809,0.03799075222311916,0.0030927321718590664,0.004028746949106023,-0.003550654069794422,-0.023530503144906782,-0.02155663166685101,-0.027205896843364382
11,1.0198496093845316e-15,5.119328279509915e-15,-5.723140086252206e-18,-1.2720741760898076e-16,-2.5434328590220433e-14,-8.26556172654234e-17,0.0008255251604640613,-0.002190146667914678,0.0003653964590348146,-4.944887467535046e-17,2.4169049115246686e-16,2.3041917155152e-09,-1.8080559965176645e-17,9.337471974552728e-17,1.0428557574520423e-08,3.38101926462921e-12,3.2232460029566486e-16,-2.2726468380264035e-11,-2.1099352395056183e-09,-2.5636741725573897e-16,-1.3384803751742444e-08,-1.3469563714963258e-16,-6.355241070534428e-15,0.05328721006131344,7.649848299750854e-07,0.0829309636709154,0.10187760222830898,-4.100858796415063e-14,3.1605651431074256e-13,1.1730068649867102e-13,-1.4901302131035607e-12,0.4882086985619028,2.9218264602946806e-09,1.1785901135878117e-11,1.783680316519248e-10,3.7007677137749126e-06,-2.0948353168786214e-06,-5.279831044981935e-06,-1.2853014989733359e-06,-2.376787755673918e-09,1.5801781798254597e-12,-1.5720398115946597e-11,5.676374469668914e-09,7.681295798065729e-10,0.3229410074669523,1.2749776481554603e-10,-5.172475718867623e-05,2.1097869358803097e-09,-1.928559286439859e-08,-3.2816423470075833e-09,4.596178967510911e-05,-0.20782417634165595,1.1305750306784168e-07,0.01783374687168777,1.6035412398027602e-06,-1.6361888591509507e-07,-2.7869817129710664e-06,-2.0006306056513418e-07,0.6200303837714851,1.2320371081542319e-05,-0.02159516849018755,0.015447089185195259,0.0026260659691667593,0.0007851248465811907,-0.05430904146801795,-0.07702668928326122,-0.02288985891038009,-0.009014865925763211,-0.025765747714245543,-0.006103129247916023,-0.34908776942080183,0.24041772095763006,-0.031834394561301924,-0.00032888997974605145,0.02399932173692051,-0.01337576533174318,-0.006383281228030573,-0.014053940543013314,0.007847923622461226,-0.030633711487931717,-1.2654982457139522e-14,-0.0022757748485299433,0.02806417326303797,0.08128903217555024,0.07991058261651393,0.02592214100352117,0.004708486850253693,0.008446463450120442,0.02741222636531833,0.002271130977387088,-0.005062138102662332,-0.003266433389807833,-0.016941656934140202,-0.006827969480242569,-0.007976005573856236
12,3.0768007070011004e-11,8.613479344045098e-12,-2.0811507333028746e-16,-4.335200666269046e-16,4.179373373961613e-11,6.024616647890143e-17,1.386756403792216e-05,-1.9196461093723164e-06,8.205890826439004e-08,-2.8651171728270127e-17,1.280292119915133e-16,1.3094269635487933e-06,1.8619781454740232e-16,5.997052701249824e-17,2.8272264524170667e-07,2.073694812367951e-09,2.7755708690751877e-15,-4.741326324449878e-10,-6.27664057915306e-07,-7.86763118488124e-16,-2.786600009071894e-07,5.390572122461855e-15,-4.840976051780581e-14,0.004481541394859348,7.839602964477217e-06,0.00037462526630841105,0.010422274794986733,-2.5359948707379886e-12,3.091190537726013e-11,7.194942642149874e-13,-2.944507496838497e-11,0.0030860758044567774,1.968239081919345e-08,7.90524566675364e-12,-7.874472065898681e-08,0.0004563352461296275,-0.00031040784031629166,-9.801516828035841e-05,-0.0009498485167534611,-2.7694903231137844e-08,-1.2757090839849647e-09,2.3373641627256734e-07,4.129011579009129e-06,1.402552267083437e-08,-0.008026569017739512,3.0685234440873936e-09,-0.0029936881551685633,1.1922224408136463e-07,-6.644079167188177e-07,4.556884986348619e-07,-0.0005569921774782707,-0.12902678798762865,-8.053938379416077e-07,-0.10401148473859388,-5.565125107784419e-06,1.2119238983720985e-06,-4.210805524493552e-06,-3.451044033828952e-07,0.06225627092885823,9.609026183850653e-06,0.07931158502734607,-0.05882814591327264,-0.00756197443281364,-0.0031663877434734374,0.32034151151872864,0.3396158263504559,0.09798926672341375,0.022109906932948935,0.00023452272403601143,-0.0031148721107624867,0.1690584549936856,0.050828626911164396,0.08052446153686467,-0.1320829192702127,-0.47579103783608157,0.4099440936878589,0.04526755447025364,0.010727088135893301,0.07007587466389742,-0.23700834704333695,-1.1152375317723357e-14,-0.1589069113355953,0.1782135972166126,0.15785922324632112,0.16925049621295865,0.06058284387522259,0.019567528884064322,0.05886526126274231,0.19095286068057843,-0.03854196092545158,0.0036283065705122845,-0.030807703086872217,-0.24256389328794964,-0.035578244387226364,-0.026188808534176676
13,-2.4410791068632675e-11,2.2897213063399035e-11,1.443094060427692e-16,1.2143651828089545e-16,1.1010054968069456e-10,2.3330335578304754e-16,-1.1011661523973641e-05,-4.715817573202958e-06,-2.421597755819225e-07,-1.0853699569163018e-16,4.139554543338378e-17,-1.0294027494167361e-06,-1.5233993403859302e-16,-2.5494008291764253e-16,1.2167714240225855e-06,-1.8625054776291005e-09,-2.584199616970333e-15,-1.9493671366559515e-09,5.61621902928229e-07,-3.574513525729226e-15,-4.788895196314241e-07,-6.565785600451346e-15,-2.8140978881821685e-13,-0.0037559614905118485,-1.1578378552315306e-05,0.0009797945905506951,-0.008873901048767681,2.002024694590014e-12,-2.4060526865153135e-11,2.8524912493874982e-12,-2.1301443430209657e-11,0.008449582818635955,-3.803314143633896e-08,-4.952857805612638e-12,6.299499452096748e-08,-0.00041676640005139474,0.0002480312255668136,0.0008410054346597827,0.0007007813817009005,1.1231830643093594e-07,1.0070076040882257e-09,-1.6183647448267836e-07,-2.9985315253950283e-06,-1.219673733360893e-07,-0.013350003937115097,1.831083219773952e-10,0.0029918369945940273,-1.6330358776664335e-07,1.3433652778769644e-06,-9.45774567396415e-07,0.001970406268138945,-0.17881117308267783,3.892447873394837e-06,0.7504107128162181,4.342125612808321e-05,-7.301048529263842e-06,-3.124114852478525e-05,-4.544199113911475e-08,-0.060727469804465396,7.1748184855947666e-06,0.00033750294000969925,0.00025358723992519754,-1.0338017607989284e-05,9.011584789500765e-05,-0.026624753148141,-0.014943013618283107,-0.0036205818506166313,0.006616158055688945,0.06790133189339069,0.024447145375014,-0.0016991635579111104,-0.07341176977784851,0.01512129433579937,0.026281967008633892,0.06139698670484876,-0.05927829051018327,-0.08372794699384437,0.07619667968305815,0.07319056123292075,-0.3363377838845951,7.917527223231696e-15,0.028381246544363047,-0.05026213977621276,-0.06224508017901596,-0.076490139826367,-0.2933054404959497,-0.023044376745399,0.05043788656046854,0.2710994366096365,0.02497260082344879,0.032755905435767674,-0.029808856308953236,-0.17066837866944037,-0.12763149632264406,-0.1616117004877782
14,-7.358526642242297e-12,-3.439293500403367e-11,-4.080997825878807e-17,-2.585179315844018e-17,1.0718461489406169e-10,-1.4009999205934337e-17,-3.380595100105761e-06,7.173535364514436e-06,-8.455279445610993e-07,8.808240364759326e-17,-1.5920157762649976e-17,-3.4241957758486833e-07,8.57287119852492e-17,-7.619468195259539e-17,-1.6050937899429877e-06,-3.059157305983875e-10,-2.761774246898658e-16,2.581200141658477e-09,1.0338636445949169e-07,4.632469200552477e-15,8.063365222631805e-07,8.299739357928169e-16,3.4684382677208154e-13,-0.0010929535765504743,-8.696814912480794e-06,-0.0014072362264015176,-0.0025422210015029474,7.817491969866709e-13,-8.741963988088851e-12,-3.5321484168460388e-12,5.21399461950147e-11,-0.011718085704597873,-1.564381755528949e-08,-2.5126821606378082e-12,2.4248059883501023e-08,-0.00027026196996859144,0.0002072499078611066,-0.0006691426007445854,0.00032778787609018733,-7.481358537384231e-08,4.04988851399459e-10,-8.082701368659063e-08,-1.450331189974465e-06,9.718106786344338e-08,-0.007392341652143255,-3.513110592663153e-09,0.000975544551721742,-5.857928392474259e-09,-2.6276917450608126e-07,-8.193738276690181e-08,-0.000250588866949903,0.0721952682891336,-4.990195338873165e-07,-0.03165896074186052,-5.950363748517763e-06,3.1979506351220143e-07,9.124874729632809e-06,3.8777650204502087e-07,-0.15730865480380685,-1.9817874516938235e-06,-0.044477059730959854,0.03331173686065783,0.00906839165956989,0.0021391344495189394,-0.10417837788186488,-0.24774645195657857,-0.0793972800700961,-0.0640712822829483,-0.38788008354288606,-0.13373887520921693,0.13064549201412995,0.06707439845834724,-0.1419896070252453,0.039961547425312,0.23334800238735337,-0.13504663648295823,-0.05078886313410812,-0.11227050054630966,0.06481869818804936,-0.2269509803702234,9.843299528940968e-15,0.016815499080807324,0.12230742093266504,0.487197088542987,0.42241491017185173,0.1927004406997731,0.032332044969866636,0.05582546750290498,0.1915024399162207,0.01846025702182813,-0.04129600893395309,-0.027427210114014788,-0.12048097005667625,-0.025417848643317184,-0.028490722113410735
15,1.120682446042612e-14,-1.2367477147570163e-14,1.445367715389786e-16,-9.033717943243956e-17,-1.870120668271001e-13,-1.07054964898615e-16,1.3657013645485648e-07,5.907038435330179e-08,3.62084269434006e-09,3.697034534500325e-16,-1.5258122259501978e-16,1.8967959898421382e-08,9.862623205580729e-17,2.4596691580069066e-16,-2.6996308456151394e-08,4.529924324606371e-11,-1.703916656240541e-17,5.605634910345585e-11,-2.1588462098417426e-08,-7.522192380011051e-17,2.1893421978684838e-08,5.404805786325568e-16,1.263281058923644e-14,0.0002384202253887275,7.28823240269238e-07,-6.535341300560508e-05,0.000689814682182067,-1.187123620623623e-13,1.6027507917588842e-12,-2.0155741710482505e-13,1.6922568739221874e-12,-0.0008089363885611815,3.669965189432475e-09,4.739021464366788e-13,-6.98275499866447e-09,6.400327284793227e-05,-3.684959928788776e-05,-0.00011671393609473653,-9.139158923123738e-05,-1.343295717202917e-08,-1.1627691133978365e-10,2.0430264625229485e-08,3.9333220112299234e-07,1.6923082023824497e-08,0.004518364476539545,-4.6389878862085406e-11,-0.0011277048335615008,4.932169965135824e-08,-4.336356926462551e-07,4.163042487115413e-07,-0.0010823632099190334,0.21991069032872798,-2.4255035080518722e-06,-0.57170539639903,-2.9993841603296834e-05,5.357416425158616e-06,2.529597952156036e-05,4.779063638999928e-08,0.12556008200942217,-1.3327825445578354e-05,-0.032770950940045715,0.023500174726968238,-0.0001127847017567486,0.00093352758142426,-0.1553182219072452,-0.07694722923148295,-0.01697283691399067,0.02103366794588871,0.1938686086888951,0.06656575572220771,-0.003600520499578527,-0.14988297104836276,0.027332754275402743,0.04284885756813282,0.09341498085595254,-0.07967938313098297,-0.08634861931456654,0.07881539439517926,0.0739023656937766,-0.3584878945614427,-4.5648630151864005e-14,0.04062788632145807,-0.07152955880714824,-0.08063167835013103,-0.10674722377790744,-0.35301066074179577,-0.027464454097417514,0.0572707347507255,0.29746514964282145,0.025046922897581838,0.03284527703702016,-0.02983342691766238,-0.18385723340577248,-0.1615082907298464,-0.2062060746410795
16,-2.352023290432535e-07,-7.202674908857409e-08,-1.374263564366656e-16,-1.352537893301059e-16,-5.874389767704897e-07,6.998486328602111e-17,-4.886643465643686e-08,5.337088661833498e-09,-1.2623296133911907e-09,9.890411870821346e-17,-3.952637381242623e-16,-0.00025091831519929704,1.7809511603187342e-16,-2.385759868644846e-16,-6.405178555932306e-05,-2.990769083778892e-07,-4.637583701848781e-13,8.207733405880872e-08,5.7657447845128475e-05,1.460722877666412e-13,2.60638084912449e-05,-4.406694355431922e-13,5.809559515197618e-12,-8.045595368216422e-05,0.0001727493692165054,-5.117489139616711e-06,-0.00022902166532376872,1.5159808651020282e-10,-1.7154527030640134e-09,-5.734938813274631e-11,1.5770773938324126e-09,-5.7519268632295e-05,3.764013754481576e-07,-3.469520445056525e-10,2.6558660539608567e-06,-0.007650868091865248,0.005622313065074658,0.0007857497136465468,0.028529226497904153,5.738078799082738e-07,4.159071698127558e-08,-7.504660149159368e-06,-0.0001240110278180736,-1.0679616331170531e-07,2.065088583539447e-05,-5.0237996194734716e-08,0.03508582646390444,-1.5249696316404692e-06,7.65149143144105e-06,-2.44930955427892e-06,0.0028256716548518616,0.011722761944409403,2.7793002761677853e-06,0.05060128877547061,3.6399115278028967e-06,-1.9473259669619714e-06,4.7573709961731264e-05,1.2511989907628543e-06,-0.03284029777543043,-3.8413998495415554e-05,-0.16081003841506764,0.11414110730809596,0.010047322425488593,0.004926755623982668,-0.42967754724746526,-0.39966153265897264,-0.10652013013679534,-0.006410552726371687,0.07562698161365235,0.028127768171357002,-0.009289543357381759,-0.07446001885144132,0.03797307711889837,-0.03548190134023378,-0.21184181014271614,0.30344984993089397,0.10437921226072751,0.012174265398596317,0.1300659176337813,-0.18037864024370515,2.8555499611020875e-14,-0.06335281978253349,-0.008334322821296649,-0.1655069275162395,-0.19170859260629267,0.3380964128891797,0.029984435528301233,0.002904213677033252,0.035138363936963915,-0.07766837656934959,0.006993143795409086,-0.061903671016328383,-0.2497512501215402,0.2141602412201928,0.2901657682872333
17,1.8866823208493782e-07,-1.8776125277551126e-07,9.556118038936787e-17,4.4684342795336045e-17,-7.211776739754576e-07,-5.0448810372575244e-17,3.8544186532576304e-08,1.321615766886728e-08,2.7949543981532725e-10,4.580107282815389e-17,3.2424518932654947e-16,0.00019411211508081256,1.4371599482593003e-16,-5.0086812928660093e-17,-0.00023552635263582178,2.713816914781538e-07,4.2550561591984123e-13,2.9049844036966357e-07,-5.110543635554195e-05,5.241425152684338e-13,4.631501374124465e-05,5.513287702907794e-13,2.602118149297532e-11,6.502515380761647e-05,0.001214169329936308,-1.4159428647768218e-05,0.00018644945270244133,-1.1485814036559888e-10,1.1591327484314575e-09,-1.7501060168737342e-10,1.34546371373113e-09,-0.00017262072463254934,2.407394553789871e-06,1.2496182389947036e-10,-1.7630587386945922e-06,0.01148134970223501,-0.007031139197430809,-0.02303879606914141,-0.01500912271792647,-3.5781174652723107e-06,-2.664250127582241e-08,3.29421868401007e-06,6.286701107240014e-05,3.344455245059102e-06,0.0004660469941686453,-1.0873131920774247e-08,-0.013158750841035695,1.4108961602076581e-06,-1.1150436478887345e-05,5.732321060006169e-06,-0.005930388028476353,0.02005904564811869,-7.319445814213744e-06,-0.08889894326125064,-4.461678844649207e-05,3.130863788085992e-06,-2.6385294515521927e-06,4.342403096679751e-07,0.012936570723281225,5.151489169485442e-05,0.07721364828589253,-0.05400765005705602,0.00316813080316624,-0.0016859342859471315,0.35582576149291406,0.08739800035017098,0.00828573900598773,-0.06475302620701381,-0.47994330901276244,-0.15761921940566773,-0.009334713206291895,0.19793045778689958,-0.052294116379383034,0.0076365332685697646,0.11680098438865168,-0.1480721302446873,-0.13264853173294222,0.12578678433602097,0.1337586734633265,-0.27902686591200326,-2.38262441313189e-14,0.06873656946356052,-0.1376924730851463,-0.33222873243419854,-0.29374980846029725,0.07061404113708739,-0.01357259964450978,-0.034590849205112593,0.07646700238645372,0.04963905841320371,0.0651916046236549,-0.05982374694282142,-0.07534491932065929,0.22329460404787263,0.2874085327333695
18,5.693405801420106e-08,2.8289800364370076e-07,8.14263793312029e-17,1.4994999662198105e-16,-6.886142762563441e-07,-7.344681930544661e-17,1.1820866509080282e-08,-2.021075226419202e-08,2.227082580589521e-09,4.418795926054316e-17,3.3543057424003764e-16,6.76176396039799e-05,-1.3263393765465074e-16,-7.476484873305731e-17,0.00032511155660284546,3.7157322604230724e-08,5.24547231244617e-14,-4.045865066201138e-07,-8.419219184013226e-06,-7.276889837906503e-13,-7.963280442932926e-05,-1.1029545459241161e-13,-3.486654164246425e-11,1.8707759756327908e-05,0.0011058631071056593,2.0721850136081612e-05,5.2655128021540875e-05,-5.231206737062918e-11,4.614757583018815e-10,2.245759948038278e-10,-2.9172284098779747e-09,0.00024555534597796086,1.5928618953738327e-06,5.176784921297163e-11,-8.198130504829901e-07,0.010558223344397235,-0.008013469715679126,0.023144507763261754,-0.008969058583844615,2.9881855017315034e-06,-1.3127208293025803e-08,2.081201801749407e-06,3.922501254723064e-05,-3.360116804020853e-06,8.595136410968415e-05,6.655852669713586e-08,-0.008664644271402244,-3.4213583080061376e-08,4.951375163131426e-06,1.9565683723588985e-06,0.0022174542120285273,-0.022543995314618804,3.739928246208669e-06,0.017329689127922435,3.833157061587899e-05,-4.62376408743332e-07,-5.536491001030664e-05,-2.2177145534301324e-06,0.03110734664273945,-1.5591313444833992e-05,0.09319809329318961,-0.06663119004757323,-0.0201881660477415,-0.0037776835086495387,0.060338302785113845,0.3342144008907738,0.10555088035266962,0.08184123187007841,0.48727260955714435,0.15776420197316404,-0.048637708726224936,-0.14238257643547697,0.014185829062433531,0.05824126263934322,0.2592137333088897,-0.25043048115295413,-0.08181144864107982,-0.21537260284771784,0.12080713142086089,-0.19805380511154222,-4.730986190610388e-15,0.0894073364072911,-0.0806793461042364,0.1663125926753698,-0.015508171353784373,0.42412715288717523,0.0407920663522661,0.008986715669263009,0.07773891020067045,0.03685003229767554,-0.08312887512444947,-0.05511856971282631,-0.06032271872961898,0.1758995096527806,0.22204054568133536
19,0.0014088439253444396,0.0004793367699341213,1.5885252305528286e-16,-1.1736033583900373e-16,0.004059479509057185,1.540898201805431e-16,2.3480236646530816e-10,-2.0404735597834372e-11,8.542986885908819e-12,5.48444505477474e-16,1.5982197852434395e-14,0.03776583849709375,-5.303265452545569e-16,7.98561847035485e-15,0.011301116715331901,3.3772580461301314e-05,5.290322038102542e-11,-1.1094431436272266e-05,-0.004150685208814438,-2.0028302551017773e-11,-0.0019321353353079348,2.699895399389661e-11,-5.152524508652431e-10,4.298472158056176e-06,-0.11674871471200583,1.6989559260049626e-07,1.3253489451498006e-05,-6.833569148201018e-09,8.012896806612825e-08,4.1143765262299565e-09,-7.379262664191161e-08,4.141909902040524e-06,-0.00014166126863618595,1.601256945083719e-08,-7.420672712786112e-05,-0.12176375365088074,0.0661294045438346,0.046429349790817316,-0.7738881933598373,-1.104657658288932e-06,-1.1369027457200796e-06,0.00023200084041863312,0.003397703772645928,-7.052420331831808e-06,1.97655171209597e-05,6.619508003619139e-07,-0.4369162076188707,1.7016891018681696e-05,-7.991993353750803e-05,-2.757411489828258e-05,-0.006769300925446082,0.00017577111033293508,-4.279833184070221e-06,0.0029710746960091407,4.5440874853452396e-05,3.0160074997474598e-06,-0.00019386433998007523,-3.217338135386779e-06,6.67715546173769e-05,8.666829795939428e-05,0.11113395363967828,-0.07110646127746695,0.008444947488618564,-0.0010776299376748391,0.010795253279942142,-0.028834569343822627,-0.017199301801514064,-0.012731016834922906,-0.01168989417950041,-0.0023269670245675994,-0.04948019137094881,-0.0739064158209443,-0.039625100941938024,0.056079993064580946,0.0799285440801949,0.04432309929401431,0.15071724695559488,0.016252365087125752,0.1640995020245997,0.0034160645995744377,2.220825517906361e-15,-0.0026922620633984887,0.027863459171031234,-0.09054354736507599,0.06569668072978829,0.039096151132633934,0.0021364433948969906,-0.03439771509890345,-0.14079750094907492,-0.10803715417965641,0.009587341507155194,-0.0859058391209663,-0.13063597470701382,-0.054142913142617904,-0.09300934050608993
20,-0.0011732219045989037,0.0012254650550074142,-3.1025122134652783e-17,1.1133212782852336e-16,0.004247572093481653,-5.4352946308113673e-17,-1.8484948097151261e-10,-5.080215603854083e-11,-1.3408186913540552e-12,-4.739574241545383e-16,-1.3180506239344053e-14,-0.029870125185417096,-5.73955272428949e-17,1.4090263971912817e-14,0.03726597898024967,-3.259776631897328e-05,-5.1778602956623336e-11,-3.560567027417095e-05,0.0038862671090124506,-6.489119101356067e-11,-0.003685348847309113,-3.865547267229139e-11,-2.005498279467667e-09,-6.556278851957e-07,-0.16213457453665875,4.700579487681942e-07,-9.661650885193543e-06,5.890407433285753e-09,-4.2490738836069604e-08,9.86767353335698e-09,-7.607073896918992e-08,1.2703387944657656e-05,-0.00020138896917074425,1.9060409840058264e-09,4.0452701855680214e-05,-0.47777781558573157,0.3069455711442152,0.6055985209377607,0.18811335022459774,0.00010860544587556253,5.635832177942632e-07,-1.3944861246672941e-05,-0.0007054663485578593,-8.808980862802236e-05,1.4954393141276708e-05,2.726824060097969e-07,-0.042487931088177625,-1.321077481015656e-05,0.0001073213831832221,-8.670317014500255e-05,0.04707645001155929,-0.00020770495917819546,5.0896721447934164e-05,-0.00013180679386337005,0.00027924219187454356,-1.5397016395526628e-05,2.2243191225710543e-05,-1.5266673174177643e-06,-0.0006072248946881655,-0.00014685041237239715,-0.053362316619403646,0.032619818455834955,0.003201608591904364,0.0004544834380829161,-0.1286507815076484,0.08949617152534185,0.03637951027293011,0.02255911818387838,0.03987427156673132,0.00045247211915368403,0.08120477652937697,0.10156060951505926,-0.03403329584453949,-0.033889948698899316,-0.05434408094380036,-0.0825040075400148,-0.15198940124654745,0.15553505727513042,0.1682271857257994,-0.07814845452434165,1.235093058133622e-15,-0.02132405712652104,0.08351458219779231,-0.09244402443543973,0.16717447794093215,-0.021676779332193793,-0.021176365437253302,-0.08182892379730373,-0.13981219284017685,0.06873902450828394,0.09029072678700431,-0.08297846372556225,0.0902443570030201,0.03154214647051164,0.013008162332719196
21,-0.0003633330434585788,-0.0018415656628676883,-2.7228512701123392e-17,9.126331556581902e-17,0.003968048273184167,5.319576310945366e-17,-5.682307129726711e-11,7.776913736524025e-11,-9.7247339311124e-12,-3.316443031033179e-16,-3.6940200167131795e-15,-0.01093263298371485,1.0819503464246829e-15,-2.40993395776561e-14,-0.05198716993588385,-3.4763358872857863e-06,-4.697372266866524e-12,5.007445969216928e-05,0.0005402334648195007,9.103456570946909e-11,0.006249587078978533,1.0846230751574947e-11,2.7757326689087213e-09,9.399323372874217e-07,-0.15184189347038382,-6.439109808239358e-07,-2.4358002999601703e-06,3.104204294102543e-09,-1.523842788077714e-08,-1.068413577610617e-08,1.242330059386828e-07,-1.75219376496958e-05,-0.00016564951001411834,3.080956193412623e-09,1.923627631266012e-05,-0.46850507400508734,0.34189624726352175,-0.617359191929542,0.11112784900932772,-8.999169598226749e-05,2.844384358932413e-07,-4.531190574116684e-06,-0.00044728972775996803,8.951052132408952e-05,2.6092628064070143e-06,-9.979945902684553e-07,-0.03938690738255858,3.1684541691121263e-06,-7.876316345062774e-05,-5.310638427761957e-05,-0.013274291871090612,0.0003863944580801724,-2.2888855541723744e-05,0.0001754944953789898,-0.0002319256300530025,-8.208552573388121e-08,0.0003400020631170275,1.2069607877696946e-05,-0.0011457405948822601,7.51657400621054e-05,-0.1033821858362711,0.06754331230333593,0.030324715176075632,0.003196380626290492,0.11916349516902047,-0.0868519955422544,-0.023753109801154283,-0.007037655219784262,-0.015655238210740347,0.009151405636172517,-0.026826471126783047,-0.034124666555518726,0.11317741066971075,-0.02579251831183896,-0.12641724066114984,-0.08881357196901014,-0.09141840650983396,-0.26731397023909875,0.15282853979402083,-0.044122304976534056,1.6051778686711535e-15,-0.0014847063833324313,-0.015592315608448573,-0.04683202718302461,-0.03255970415502055,0.051135945092716496,0.004546949140771266,-0.026047309430762812,-0.07244133505111332,0.05102636159136361,-0.11541000991877616,-0.07648397932139644,0.06507359737718774,-0.07421499806027339,-0.12520144448389842
22,-0.5423801249917347,-0.15674334566026255,-1.1978754014911692e-16,2.1352207798519056e-16,-0.4187666343960647,-2.365611346439338e-16,-1.4119958079379226e-11,1.0649362523150913e-12,-8.843038098182758e-13,-9.764167196512777e-15,-2.2190156137497887e-13,-0.32514365010671387,3.0295968576747113e-15,-8.789876119714837e-14,-0.07914674166976433,-0.0002122643378519884,-3.3662870454294195e-10,5.751775663565351e-05,0.01501769940383333,1.0517607412871295e-10,0.005600058852769038,-8.249294280084637e-11,1.512319600366821e-09,-2.721939263427105e-06,0.22068638065987933,-4.1007439216171036e-08,-2.6211580923459393e-06,1.3671649386465083e-08,-1.3474686791491306e-07,-6.395701433833958e-09,9.313462624387594e-08,-9.917061512831326e-07,0.00012945550192314598,-1.428231151737945e-08,4.607653921247554e-05,0.03869837357941867,-0.02565067404486926,-0.017803455534887592,0.30085594112958686,-2.8003082992009403e-07,6.345239936769624e-07,-0.00010178374910034508,-0.001296976930614186,2.6890855923206473e-06,1.6787589933888846e-05,1.828777021923698e-07,-0.21416122432670653,6.627862028065631e-06,-3.417706581837853e-05,-1.2858819026245365e-05,-0.005185690257757221,-0.00032766327536703436,-3.7160273431573705e-06,-0.0015573750527513412,2.9339657279252155e-05,2.577817891587196e-06,-0.000150934296289415,-2.743387557617272e-06,0.0022296600712007927,7.888660648303056e-05,0.11843984912455743,-0.07672809867742938,0.007112037925350409,-0.0014046299947190796,0.03846195173778231,-0.004787292525980342,-0.01104244596556655,-0.013029809901265585,-0.018327292597683766,-0.004621280894039712,-0.05295102933047773,-0.07333543729607468,-0.0451386756038668,0.06320245620899144,0.1035430675485053,0.030981957115435128,0.16570366624779742,0.01789453034066183,0.17872309416756899,0.006623608404369599,7.176314089051168e-16,0.002789645420936159,0.025722142449192076,-0.09293497088450794,0.07202028830838746,0.03391301533218444,0.001571495004773798,-0.037115359860022686,-0.15326278703111199,-0.11935695720856533,0.010502047973430116,-0.09383095962244149,-0.13945774473579325,-0.06266834039385039,-0.10598553361122785
23,0.4257143774419967,-0.3776961971779836,-1.4910293330984718e-16,4.272485818134277e-18,-0.4129772002716766,8.687491514911444e-17,1.1513127525259375e-11,2.793745136172562e-12,2.530903740678526e-13,7.241634401195566e-15,1.7194323859159093e-13,0.2424259027702023,7.411388126252006e-15,-1.6215436282484786e-13,-0.245806267145293,0.00019322570406571244,3.107343482245435e-10,0.0001738254195656973,-0.013265633207642376,3.208843872001543e-10,0.010080315799255935,1.1162883327160337e-10,5.535284608617985e-09,-2.8081566387656463e-06,0.28618498862957076,-7.45276113062255e-08,7.57078290261568e-07,-1.1153599682110636e-08,6.669763531072359e-08,-1.4365175043719863e-08,9.110194009842966e-08,-2.3536568025101343e-06,0.00017003272297688013,-1.9089633566564364e-09,-2.3169294568418392e-05,0.09377076234571925,-0.0716096729320052,-0.17597009006083478,-0.0577973224545962,-5.249742457337693e-05,-2.8717447751395755e-07,1.7246775527584003e-06,0.00020292081100090593,2.562591375555096e-05,-1.223938361995237e-05,6.376037148109857e-08,-0.01067742370139347,-4.9996122713981475e-06,4.3846095634089e-05,-4.4526985723381886e-05,0.028615328961683208,-0.000983847001785485,3.2831680693884516e-05,0.004501618489902428,0.00018733431699032209,-1.0570937959807373e-05,1.6183772991975486e-05,-1.197902677415459e-06,-0.001302151805764471,-0.00012393052581612766,-0.0539481230060425,0.0335703497383978,0.002387192846409533,0.0005258790172280366,-0.14189323125813938,0.07720838697592322,0.03328861335706656,0.02500027226478213,0.06367299356600616,0.008690157745892262,0.08028848620449353,0.09057723588365545,-0.0311542911584974,-0.035070421898962326,-0.06118132183762437,-0.07539305739522552,-0.1565067363229391,0.1601578687755732,0.17271570822206206,-0.07551429365974173,2.0000370848887763e-15,-0.024707049080385856,0.08934318501100263,-0.08084407019830109,0.17812709489707088,-0.017097858591836854,-0.020664064326088603,-0.08324614532032472,-0.1458172372504683,0.07159257872681148,0.09376793162397694,-0.08539573962092177,0.09509696774285546,0.030082264278495835,0.011118871969510998
24,0.1326431841957126,0.571042997516786,-2.9965428559804496e-17,-7.311998848360652e-17,-0.3881510029373499,-9.959540732255341e-17,3.506750476575793e-12,-4.210877298587257e-12,7.921422326508505e-13,2.533447126544314e-15,5.512125633220729e-14,0.08930175370259608,-1.1400699837397263e-14,2.657301779078375e-13,0.3450243303867867,2.0674720172046766e-05,2.8261300429809827e-11,-0.00024597531845560374,-0.001849488347433845,-4.5295100369395435e-10,-0.017194291665877822,-3.168628639136444e-11,-7.712220420780806e-09,-2.8057559499274736e-06,0.2697359519690492,3.9284051923617374e-08,-2.0235922023487376e-07,-5.937700864587233e-09,2.3944650082610496e-08,1.5561140463779405e-08,-1.4809473820578626e-07,2.9382311374484365e-06,0.00014142440799224838,-2.8262200222013674e-09,-1.1112317532585852e-05,0.09330663193292654,-0.07998379807888939,0.1808660366134026,-0.034162937954358985,4.3718649344872445e-05,-1.4627127646291433e-07,-8.955348469329037e-07,0.00013010204374256832,-2.623893091440858e-05,1.6780062339596107e-06,-2.54682918330926e-07,-0.011767150667917484,1.0084077201400448e-06,-3.039705888516246e-05,-2.669214527114708e-05,-0.008367520406969635,0.0014879068373341638,-1.5075986485674095e-05,-0.0007546735959669269,-0.000157922001020699,6.466335119486614e-08,0.00024139537141681212,9.128822542366946e-06,-0.002427698977835583,6.189699460141622e-05,-0.09888840637830602,0.06514872102314566,0.02863893022027045,0.003137034656834367,0.10755571760172408,-0.09868288035713425,-0.027708832891581804,-0.010587825720915019,-0.03746131263981353,0.0016817901826710504,-0.02475095183358198,-0.027234449141098942,0.11286235435318882,-0.02893188945117588,-0.14010472598284693,-0.07895068407471931,-0.09457021983878569,-0.27649757556630455,0.1578850965584891,-0.04303562476906613,1.7683662160902049e-15,-0.004930237568276331,-0.015144047506800005,-0.05778178579148228,-0.03982267173748298,0.041208860605638296,0.0035608388722601623,-0.02683818638832261,-0.07544939040995212,0.053343627917856205,-0.12046444438572795,-0.07919917193191756,0.06831049831713065,-0.0787286408909989,-0.1310444483208124
25,0.5500156063432967,0.15888200911097067,1.4197648937236287e-16,4.707446811941526e-17,0.4218708632649618,-1.115227036276277e-16,-1.4304123936517248e-11,1.0964804270442547e-12,-8.711910022842761e-13,-8.896297443549747e-15,-2.0537136572759967e-13,-0.3099265654457451,2.8621608655808314e-15,-8.164029985809125e-14,-0.07550915734023704,-0.0002050308920588311,-3.250250509119912e-10,5.558311881153022e-05,0.014723385359711209,1.0158616943151603e-10,0.005509641724839539,-8.116028174826596e-11,1.486605931763236e-09,-2.658290306148369e-06,0.21360150250711976,-4.107402639948546e-08,-2.6570807635774356e-06,1.3557348526182401e-08,-1.3342261423418356e-07,-6.3207647534320496e-09,9.25813170540844e-08,-1.0098607256553026e-06,0.0001298686405623119,-1.4287610019652258e-08,4.625236675065419e-05,0.04430284174514149,-0.029234549623683083,-0.01849363585738396,0.3056166808643738,-3.8347434727652245e-07,6.381426739841773e-07,-0.00010339068034373381,-0.0013187868707310686,2.7931782303472384e-06,1.6511336557425146e-05,1.7928599201166823e-07,-0.2098953063259864,6.513669123297397e-06,-3.3598627549212444e-05,-1.206003881497479e-05,-0.005270362532103641,-0.00033107915021545555,-3.7970299263234727e-06,-0.0015840813346125148,2.8770020328301726e-05,2.6102631369073035e-06,-0.00015074881926690527,-2.751804399746637e-06,0.0022393695460001446,7.868312824900872e-05,0.1183665091068188,-0.0766850502733125,0.007041390886357422,-0.001407609284502628,0.038568661262763836,-0.004639252501611761,-0.010995944211882856,-0.013020855021239588,-0.018354793899002797,-0.004633983733033288,-0.052921661803062764,-0.07326540688688399,-0.04514698622689875,0.06318751933810907,0.10361929926387177,0.030943771574587144,0.16571293787397634,0.017898100547039806,0.17872243155913906,0.0066920099046945455,8.743687513772248e-16,0.0028195667161723197,0.025668578294302084,-0.09278777496806505,0.07195923720463722,0.03379218489704748,0.0015667215198455005,-0.0370897077177206,-0.15323908876588915,-0.11936501863562857,0.010502494972348774,-0.09383779457304918,-0.13940570403340846,-0.0626946642635204,-0.1059897583750018
26,-0.43157710755946366,0.3827125850623244,3.5389447302891733e-17,-1.5922870716045505e-16,0.4155502047369956,2.645478072392287e-17,1.1779827718879429e-11,2.890789935307093e-12,2.5216905762077654e-13,6.7493635434522966e-15,1.5972846049694558e-13,0.23194729590064628,6.993275035563703e-15,-1.5013632512186e-13,-0.23530412000841464,0.00018703925617036406,3.0063179891988227e-10,0.0001683989743258327,-0.013039273981097844,3.107326673265578e-10,0.009917325970900797,1.0998798092999254e-10,5.447643738538485e-09,-2.7199987465562445e-06,0.2789360597940411,-7.624008062417117e-08,8.174886181666433e-07,-1.1053799654060336e-08,6.670671357877296e-08,-1.4253346869199596e-08,9.06300909159061e-08,-2.4198595718245005e-06,0.0001706878305538104,-1.913490894698122e-09,-2.3310812951406105e-05,0.1012281701442585,-0.07641152384719699,-0.17966833251153624,-0.057003359452142265,-5.3068077725881e-05,-2.889878224777599e-07,1.0547668929682432e-06,0.00019812949022914288,2.6166085411125316e-05,-1.2537155999328042e-05,6.179964163661683e-08,-0.008184995122230103,-4.9620466371227924e-06,4.348607969704803e-05,-4.348219388329468e-05,0.02831993038401432,-0.0009880748463087534,3.254578705023514e-05,0.0045105664491184964,0.00018590730883872314,-1.0477400145160087e-05,1.5761384745101474e-05,-1.208710561701535e-06,-0.001301499771897536,-0.00012361259361035097,-0.05385161642970222,0.03351472893266404,0.002327745409726786,0.0005229316536093581,-0.14182093223273498,0.07708518831272991,0.03324342825606888,0.024991923197676087,0.06375341286685421,0.008727372442964157,0.08023022751380612,0.0904577729467315,-0.03113391768483501,-0.03506239299565268,-0.06116226932500866,-0.07527740429888555,-0.1565009672545944,0.16015971110559188,0.172715353246792,-0.07543078574676752,2.0385575560050307e-15,-0.024711582981811028,0.0893138379178618,-0.08064702003680442,0.17807332957588243,-0.017137123614018916,-0.020655746801465535,-0.08321338263033916,-0.14580720287602986,0.07159897123158765,0.09377492713323005,-0.08540240516766066,0.09513492944142404,0.03004350626408863,0.011101362023040691
27,-0.1344744908932017,-0.5786500237470702,1.7776841305403007e-16,-2.50199028579086e-16,0.3906193355248729,-5.762875869558764e-17,3.6157664097810763e-12,-4.378568569304557e-12,8.078097969013227e-13,2.356868662621714e-15,5.120197646551533e-14,0.08550618398577145,-1.0500687499125499e-14,2.4668999554555e-13,0.3303074502181946,2.039019271282643e-05,2.7978361625859457e-11,-0.0002383123691936124,-0.0018356708540612906,-4.3864552290249625e-10,-0.016914533084303667,-3.099120217055001e-11,-7.583842396377968e-09,-2.7295755969428464e-06,0.26286848295350346,4.3519252508228796e-08,-1.764326940865279e-07,-5.875983986522143e-09,2.4151180491206457e-08,1.550082757299919e-08,-1.4782369608962156e-07,3.035693437073932e-06,0.00014199082993790287,-2.8322722703430646e-09,-1.118514802110818e-05,0.10051258240662428,-0.08487222422861793,0.18414404239682658,-0.033246085299551316,4.406191791775385e-05,-1.4713575021881124e-07,-1.5246329553087098e-06,0.00012522177480124108,-2.671185410516415e-05,1.5001109723111595e-06,-2.4848145283361863e-07,-0.009524609633595343,9.584496342485606e-07,-2.9736809937353874e-05,-2.5840944222149226e-05,-0.008393960172820453,0.001490691389579865,-1.5052323472162673e-05,-0.000765767399832214,-0.00015729160948581433,9.92026898110398e-08,0.00023975306464853064,9.073122173091437e-06,-0.002429418198867802,6.166054998516652e-05,-0.09869034962772734,0.06502505417895692,0.028545832032257985,0.003130255045983398,0.10736513618375132,-0.09863112464299155,-0.02770128244136126,-0.010603476524016596,-0.03758453237508815,0.0016246122729778954,-0.024715639891417385,-0.02716093167653005,0.11276589981350882,-0.028937696484834356,-0.14008747479907013,-0.07880656280231146,-0.09456427255079947,-0.2764899659423053,0.15788490077326256,-0.0429702889946558,1.689796475613571e-15,-0.004946779623685646,-0.01515463150450384,-0.057743219380388705,-0.0398890379334773,0.041061014772626206,0.0035517653043388503,-0.02681742053635876,-0.07543621978228246,0.0533481749632774,-0.12047347834056553,-0.07920542745083738,0.06833905735642463,-0.07874137298196816,-0.13102677330170442
28,-0.00894900965806337,-0.0025853525768113183,1.7521643488017646e-16,-2.387917549778677e-16,-0.006879706638661592,4.669914385558752e-16,1.1908881461180113e-11,-7.022535358838493e-13,1.0463368802258615e-12,3.644273937970481e-14,8.160727778352483e-13,0.6561675554519057,-1.268057791124406e-14,3.1118077438041783e-13,0.16010160572231794,0.0002666105717174132,4.306729022292487e-10,-7.408318841038341e-05,-0.005843819661087675,-1.3864186991160547e-10,-0.0011836770727762565,1.470925434393833e-11,-4.2867573833153163e-10,4.209099673739531e-06,-0.44869727605152715,1.0569596036160498e-08,-1.948419265815962e-06,4.406124824556278e-09,-1.102250900482014e-08,1.623132560487226e-09,1.971440529580682e-08,-1.0068539144255336e-06,-3.3809231190281465e-05,-3.829090779227136e-09,3.4800728121464115e-05,0.1596972173764149,-0.09513383170266337,-0.027586751073306364,0.3246594001431857,2.484437790263317e-07,5.150890062981143e-07,-0.00010114781357168306,-0.0014277813038732895,4.160508921426934e-06,5.494999024941344e-06,3.965524072456897e-08,-0.03275532822826969,1.8821481081070994e-06,-9.852135287966027e-06,2.0941355764448146e-05,-0.00868869138992241,-0.00041985118375995886,-7.136452566752193e-06,-0.0024509568813765167,3.987647885933107e-06,3.948379014207369e-06,-0.00014013606211641665,-3.0792560792013003e-06,0.002495046285100576,6.849195856046663e-05,0.11330656635681559,-0.07357178712695786,0.003795770722691612,-0.0015107857299182768,0.041146795590372244,0.00039088388924066067,-0.009256304935538848,-0.012536273887918975,-0.019083127467061624,-0.005040694383908017,-0.05128908876401932,-0.06992547797733627,-0.045118875323137964,0.06199728630388064,0.10573968558456225,0.030342921950092198,0.16591837179406638,0.018053589372470084,0.17851783528237217,0.008983927779887293,5.821295657054554e-16,0.003942247071787655,0.022952410849590262,-0.08619807983268461,0.06779516533795227,0.02963371220121224,0.0014826501821664174,-0.035690643076907835,-0.15121414417052334,-0.1196040607376964,0.010515673891748805,-0.09403990279961953,-0.13753747777438896,-0.06253789287105492,-0.10419831342802971
29,1.3915111551266435e-05,4.731926830995469e-06,-4.5432987534989176e-18,4.4679524887339654e-17,3.979202349315461e-05,-5.865989295654082e-17,-5.174494577644348e-13,3.082760585520343e-14,-5.517698221422313e-14,-1.4559997511203395e-15,-3.368836438143983e-14,-0.04303185921426143,2.7340960824566644e-16,-1.4993283115170915e-14,-0.012769111332150543,-2.3443676910142196e-05,-3.7441911051691563e-11,7.7945083044037e-06,0.0008440543965951691,1.4417759161695407e-11,0.00020753989503827092,-2.4560225853300445e-12,7.454467883011151e-11,-1.0792127748373047e-06,0.11390264743418207,-2.875414788462484e-09,6.390720492983014e-07,-1.0414616660131553e-09,2.9929805227819283e-09,-4.728113798198605e-10,-6.643082062293304e-09,4.309991611750518e-07,1.4623712568093224e-05,1.6380611879807787e-09,-1.8158005857909608e-05,-0.13569106889803592,0.07662582613831057,0.019969274270498764,-0.21392002493611312,-1.4427368869404013e-07,-2.8455527332610097e-07,6.35201477976288e-05,0.0009489717463621024,-3.0107363751083975e-06,-4.283879739535762e-05,-9.419509886330957e-08,0.8336487942057041,-8.064282483155663e-06,5.7768624044897876e-05,0.00028599456032671707,-0.04206680309538212,-0.0008311443511717815,-2.6401475834582697e-05,-0.006869396497303996,1.2587525721083013e-05,1.154758445597388e-05,-0.00036899716267203896,-6.634475265141812e-06,0.00413077243500585,0.0001165851395205217,0.1482154743259581,-0.09464147562587281,-0.029214178391527443,-0.0033615305955481756,0.05384219642095637,0.0005028048898834754,-0.011766396977565723,-0.015182188331345912,-0.02277509308692957,-0.005975413198801035,-0.058447932958071935,-0.07917090674816267,-0.04994306259248839,0.06719919482414254,0.1128806752316429,0.031421623390529715,0.1734708510457966,0.019050795549112407,0.1800051651561867,0.006179316257219511,9.48824903544262e-16,0.004148448399914107,0.02411824955791162,-0.08835424788444536,0.07089252123579892,0.029665547422672824,0.0014786829675919246,-0.034748447085013276,-0.14189183668672617,-0.11979678428755236,0.010530253610109997,-0.09401183973674046,-0.12048142292042073,-0.0636602115560946,-0.10633298857654953
30,0.007010557135093366,-0.0062147950455234005,7.425980203127743e-17,1.6281716045757957e-17,-0.006719491654690837,1.9297504181647065e-16,-8.98331177841537e-12,-1.7260721801095035e-12,-3.7146101399338755e-13,-2.7237976229613038e-14,-6.114528127989726e-13,-0.45473220547079524,-2.7527720101631643e-14,5.948889943371749e-13,0.4541309779033779,-0.0002326378599224096,-3.8335370712198254e-10,-0.0002019860640642663,0.004103565685705596,-3.808815338871741e-10,-0.002657068498775052,-1.9318949375342833e-11,-1.3474261503571356e-09,4.880922638391306e-06,-0.4147724932051584,-5.780939421216322e-08,3.1227114247373343e-06,-1.04588949633391e-09,5.66398186982088e-08,-1.2320975766703037e-09,1.7174479319512884e-08,-3.373982026962284e-06,3.0420006759713993e-06,4.463612813427033e-09,-2.470214743192882e-05,0.26272645413492185,-0.17044360595015054,-0.2409488622176083,-0.07110090696019472,-5.1880650115602e-05,-3.248510363600776e-07,5.610721005740325e-06,0.00024281833331903996,3.5095573673338944e-05,-2.0896248770947914e-05,-1.2785184544927686e-08,0.09281135838663028,-3.454783550380642e-06,2.8805672608260642e-05,1.4580128056222272e-08,0.015579095385084231,-0.0010626000282520983,2.003894269297783e-05,0.0043374467256941775,0.0001226828700489209,-6.347755979949206e-06,-2.263512768479471e-06,-1.666166397056097e-06,-0.0011811443725315241,-0.00010847843332346392,-0.04879999246677812,0.030536367708734642,-0.0004058351189553362,0.0003752287934000707,-0.1358252372997003,0.07165978093455552,0.031095367739726532,0.024173470902359336,0.06478230698920076,0.00962499706827667,0.07709001352926231,0.08548501055179794,-0.03030637497935211,-0.034463977891232365,-0.059265230630476555,-0.07035418616703092,-0.15612471642836495,0.16010767885516192,0.17252381485762294,-0.07252704135366507,2.143592925652595e-15,-0.024418202384632902,0.08678651880602199,-0.0726050489082295,0.17323149093508905,-0.018507085692733183,-0.020228953867750366,-0.08143686093785167,-0.14423019396254635,0.0717908732760452,0.09398344732090537,-0.08559960380700299,0.09608832238052473,0.029226564658794484,0.011706408350381309
31,0.002184636204188041,0.009397072770466352,-2.553386117015161e-16,1.5007703315318423e-16,-0.006318502904031098,2.898283557832545e-16,-2.7553701270516223e-12,2.572293346220999e-12,-6.866108923616716e-13,-8.61661333384548e-15,-1.9167158257973063e-13,-0.1677340481430499,4.193860234919093e-14,-9.461617123215043e-13,-0.6381364038985882,-4.483400045360561e-06,-2.5000083917742285e-13,0.000286358198084084,-0.0003526367739131918,5.388956834576169e-10,0.004974427281820708,1.9099292286964777e-11,2.3915813467864353e-09,4.308864560920971e-06,-0.39298628757283993,1.801537342165986e-07,1.4079270131662092e-06,4.479203183477824e-10,3.7054077767968745e-08,7.865462172161087e-09,-8.684969893687518e-08,5.043650049694747e-06,-1.0708831020744367e-05,3.2984557006372815e-09,-1.3243758137638284e-05,0.2563744211918456,-0.18088795298479873,0.23925234014718763,-0.04251453684931512,4.323704074328547e-05,-1.8235628785969575e-07,2.1503061396648856e-06,0.00015392366588984506,-3.4666255843735564e-05,-4.812294598625345e-06,-1.6686562448971205e-08,0.08142945723003779,-1.0195227753227279e-06,-3.1958419215458995e-06,9.468595506312429e-06,-0.009360860246576213,0.001482533456788143,-1.3837001064499005e-05,-0.0011600470827681745,-0.00012849468819011649,1.5720205157797732e-06,0.00016652500103057357,6.548434614307629e-06,-0.0023197501747627314,5.043990585468427e-05,-0.0886990431740231,0.05871950315880014,0.02401322747157876,0.002783302092747637,0.09841745321022657,-0.09393900617834579,-0.02664214903983422,-0.010857643889483777,-0.0407022513833316,-0.00025945736968202717,-0.02317912644747089,-0.024250267944955457,0.10778860502199561,-0.028785173191825657,-0.13727514464001186,-0.07296992806356258,-0.09423423532342066,-0.27587773392912585,0.1577106842214587,-0.04070007742955337,1.4467150515640722e-15,-0.0052269896926373715,-0.016027609018645708,-0.05487450698817829,-0.04297426009543491,0.03601741473488678,0.003308642726274319,-0.025659286549800514,-0.07402515737502094,0.05348384134961894,-0.12074101815932008,-0.07939052981035653,0.06904073434932796,-0.07803873054839261,-0.12839479141424193
32,4.367454154386478e-06,1.2617650291415646e-06,-2.813309596929128e-15,8.759352592639218e-16,3.400532398879165e-06,-7.873348644652632e-15,-1.9160864558694158e-13,9.252665705391037e-15,-2.1042243622739516e-14,-1.3725966510483207e-12,-2.88747115233104e-11,-0.018236283951440776,4.864146334274257e-13,-1.0562113082767332e-11,-0.004174379678619471,0.005875744281028984,9.139161178185302e-09,-0.0016299286910477857,-0.5257554181685017,-2.8977112990712283e-09,-0.2166683701572726,2.6815250399570695e-09,-6.456640333371285e-08,-1.2377291041068053e-07,0.010347968491049336,-2.9284980320961382e-09,-3.672632880957578e-08,-3.982864780832703e-07,2.9525435541793456e-06,1.5138512536484174e-07,-1.9703831886403097e-06,-9.65293893902746e-09,-0.0049498037242587415,3.1041914591662514e-07,-0.0003229910285672834,0.23778955588788173,0.3498035395525267,0.010194659480426487,-0.01859085523248878,0.00013508444121920564,-3.4498412572546673e-06,0.0005491320819245506,-0.0001200442864976682,-1.7844385898276381e-06,-2.4008385084279616e-06,-3.955618883081976e-06,0.015425666909496765,-8.591899234450349e-05,0.0003240837310356949,-0.0007142647467407579,0.11575955323695429,0.00024543550711948666,2.0273717293994713e-05,0.00037434574779117647,-0.0009042341027329535,-6.493861843675646e-06,0.001936419505444245,1.2324147640082276e-05,-0.0018804648753734628,-0.0006762321531345651,-0.368370934121073,0.22230284322026686,0.08116629627359546,0.006942772736984459,0.01953324118199127,0.17328392708106732,0.0719983255721058,0.02694616082483542,-0.013813967280581749,-0.012049289582356501,0.07062354614728764,0.13477511630884648,-0.0029522386217220938,-0.033330596340612105,0.11986772601174507,0.020882227300660593,0.12237261729872104,0.018344506840777382,0.1563539880056341,0.10724443324145229,-4.831262205497583e-15,0.045404560113512404,-0.1062240274708854,0.20617355324949188,-0.1595238674677222,-0.11891287335685942,0.0008375382695253359,0.02372439122638739,-0.10131931322702607,-0.12590456336869424,0.010836022229573994,-0.10055057797588648,-0.1754162016168364,-0.018287492853720923,0.03026860287191586
33,-3.4276116195336417e-06,3.035605031420404e-06,2.207226660738854e-15,2.3841795998990937e-15,3.246994377975199e-06,-8.015801740813587e-15,1.526162771911256e-13,2.3763351176423715e-14,9.651414420168169e-15,1.101067795268374e-12,2.3177228828372412e-11,0.014122257116366744,1.143626394134178e-12,-2.357161064681761e-11,-0.014248297116450953,-0.0049291629411884605,-7.653783861721586e-09,-0.004439806890377774,0.4918155709724906,-7.984808900446276e-09,-0.368468401321869,-4.026385440711628e-09,-2.0115425033361278e-07,-9.911412995251248e-08,0.010185625927438243,-5.145445321665831e-09,-2.1316741195238224e-08,3.0253049001543863e-07,-2.3014238657308727e-06,3.567123703799076e-07,-2.1120535190930492e-06,-4.5828944601925855e-09,-0.005290915521152903,1.1349274619703126e-07,0.0003384136106186532,0.2589484307198935,0.3905016129011016,0.01903738465679075,-0.004348179273569924,0.000589816015549532,3.6287884040058595e-06,0.0003608888063606157,0.000669965568517008,-4.152125411363723e-06,2.5422493436104803e-06,-2.0532918206232463e-06,-0.01249453228436106,0.00010075388736864773,-0.0008381789799419293,0.000526058159195063,-0.34065525952627135,2.9053633874904054e-05,-0.0003857620087504124,0.0007425790161493936,-0.0023198976436645292,0.0001228855401138451,0.00012730584362290317,-3.793210396307145e-06,0.0002141097085117076,0.00039867002313612637,0.0648517280278984,-0.03622707441251743,-0.007136525084419192,-4.399436240617018e-05,0.1403333500462293,-0.15864199090020442,-0.055207720298204706,-0.012143800788124706,0.06258922002856446,0.03372102635801478,-0.04640586963116259,-0.08940424726451458,0.01930890363648028,-0.019406060104827923,0.021528163700704036,0.12917515601125942,-0.16064969750724797,0.15170534948109288,0.15567164860026478,0.04159385694975416,3.1974291168475597e-15,-0.0015134079610305104,-0.050994635388220966,0.2573156897032962,-0.09608916997248607,-0.0670382830451702,-0.0006829236281390859,-0.001438663116567943,-0.07998030162524991,0.07850123759502585,0.10053583881629442,-0.09187007105351681,0.06703654299035229,0.018642657230344462,0.0750233087826262
34,-1.0681385769505518e-06,-4.587216100570611e-06,6.980516307472558e-16,-3.4599277611442544e-15,3.051106230946348e-06,-7.37933148034426e-15,4.653987060248981e-14,-3.454125601841143e-14,1.2546398578825764e-14,3.3714802474923135e-13,7.0956238554167274e-12,0.004922957487473698,-1.7082866997878012e-12,3.57564852241096e-11,0.01882220672400892,-0.0013742848420520897,-2.1455481984876803e-09,0.006180237617291615,0.09163718076458917,1.1085391073014267e-08,0.5815194273664345,9.4621795446907e-10,2.6010506575357764e-07,-1.1150439610457424e-07,0.010685938105990733,4.283075234845619e-09,-2.7227748539944345e-08,1.5944865900242783e-07,-1.2035142454598757e-06,-4.62023101169107e-07,3.761241411085769e-06,-3.4913513128755257e-09,-0.004665622210942482,1.180147221782643e-07,0.0002118228938006036,0.2185634913529816,0.3325514060023056,0.003622851021847218,-0.005924498071647819,-0.00035952165366081397,2.418615299675827e-06,0.0003279817533750356,0.0005233410845822388,-9.20579840568181e-07,-5.730495436696953e-07,8.024974628954504e-06,-0.0030391908259856924,-2.6168285487187375e-05,0.0006530780371504242,0.0003331550837619752,0.08537758559805249,-0.0005104733164349702,0.00012069665212994709,-9.260191447296386e-05,0.0011378091751714347,2.619722088508456e-05,-0.0020416793098359132,-8.292760440657763e-05,0.001433086382979599,-0.0005524759477749061,0.25326207447623766,-0.16141831874823256,-0.07715087536810586,-0.007321807807619738,-0.3231135190564863,0.15507898181067561,0.040941763621395455,-0.003889293804128223,-0.10654888247970712,-0.06145988072571531,0.060683330155722595,0.11559338176107212,-0.10457030592752677,-0.026990085587905707,0.007927182558433304,0.15782435198906947,-0.09931630127173863,-0.2461048416872421,0.14236035913662096,0.04931986431755169,6.843748803055663e-16,-0.007546201654100928,-0.06423070331356125,0.09683256173893384,-0.18335180363544604,-0.1430379390932322,-0.00339971965346167,0.026294279673659795,-0.020577296796741206,0.05830543879636698,-0.12918443418912143,-0.08527269794660938,0.03905831685976016,-0.015846423711418357,0.03132834000041031
35,-7.673751170965973e-10,-3.070867552084978e-10,1.0602318323084107e-17,1.3159684287703676e-17,-8.132603135259702e-09,-3.194966797679216e-18,7.692523421046834e-16,-4.62835433535667e-17,9.877973555721175e-17,-1.7127909648234252e-17,5.783389050135231e-17,9.478833864314596e-05,-1.308716202393677e-16,1.0212455897182417e-17,3.381118528589604e-05,6.798621311817268e-08,1.072662956917634e-13,-2.6672578312654096e-08,-3.844643330598733e-06,-4.8914968708241465e-14,-1.1207808167690979e-06,1.2710023803141952e-14,-3.996729633409903e-13,8.031231100098001e-09,-0.0008407340906753034,2.2454190239814228e-11,-5.789355547329134e-09,7.248116771715097e-12,-2.333673801351412e-11,3.9006809792441454e-12,6.145317055511971e-11,-4.773170373070411e-09,-1.6318310141518305e-07,-1.813254910115335e-11,2.3141677857187504e-07,0.002356237435698679,-0.0012897078949183414,-0.0003151489922606255,0.003182877891057267,1.976979358677756e-09,3.770785996385856e-09,-9.163572240049113e-07,-1.4197757103622784e-05,4.750540095414055e-08,1.5371777809979403e-06,2.6024653306911935e-09,-0.03291486264845336,2.612892371218407e-07,-1.9869744435074828e-06,-1.2938788484384559e-05,0.002303614741299343,8.789326032580064e-05,1.6087706593620428e-06,0.0004948520759660931,-8.361173643264336e-07,-8.064769708706412e-07,2.7944320569587482e-05,6.203247457888635e-07,-0.0006462521156499669,-1.686204709638112e-05,-0.11081292010956449,0.08858180820836262,-0.7386122660820421,-0.03028548881845693,0.04131023093185233,0.00029396193868109165,-0.0056753147533797526,-0.0033798571935227716,-0.0040081712472427155,-0.0009399363919078872,-0.004075392329304843,-0.004542357542201587,-0.0007635773571370751,-0.0017471477757418775,-0.006809932851033783,-0.004890133330340845,0.34277137396104995,0.04191347460043063,0.20782950711911438,-0.07594885453384238,2.5909819007546577e-15,-0.00041183407081606555,-0.0025003004604247643,0.017916322327789207,-0.008465089935880228,-0.01100825314918676,-0.0006045884717168583,0.026111846935570247,0.22468149887958003,-0.12249240402929781,0.010722242876234257,-0.09275034176720764,0.43126134996992405,0.015397525882631607,0.024137991964839976
36,1.4829081224352711e-13,6.983375686247218e-14,4.262658216246318e-19,2.8742938465002808e-18,5.823491083851969e-12,-1.3617404506709288e-18,-4.001475355640768e-18,2.431403794725114e-19,-6.185728825032728e-19,-2.460349511752697e-17,-5.627818830103316e-17,-7.300366103451689e-07,-1.5607410160505457e-16,4.458726525407236e-18,-3.1288165497935786e-07,-6.888410628669624e-10,-1.0707134172514256e-15,3.1871327170305375e-10,6.107467306529555e-08,4.675240259276081e-16,2.1088637658556977e-08,-2.616282497991895e-16,7.529282103193003e-15,-2.0775192251476514e-10,2.1572588672196634e-05,-6.092481334081549e-13,1.8195375335317246e-10,-1.7562822978839457e-13,6.321760778404106e-13,-1.1164446047529594e-13,-1.972021651916197e-12,1.8294014140363326e-10,6.301129650078268e-09,6.947143871071141e-13,-1.0185217086243705e-08,-0.00014042645722175847,7.455722070208832e-05,1.7107005183795935e-05,-0.0001630873567795558,-9.343823453181348e-11,-1.724488686002875e-10,4.5552419745658444e-08,7.314256237831962e-07,-2.5782169771407352e-09,-1.8390644967070374e-07,-2.4303612544350713e-10,0.004305668546727115,-2.839438626982535e-08,2.2844770737993504e-07,1.919097483251835e-06,-0.00040602470525083397,-2.672478489654621e-05,-3.1159444033569103e-07,-0.00011067415312608771,1.7451636311156765e-07,1.756986018764112e-07,-6.5174047928894575e-06,-1.7160107478810185e-07,0.000257583979036379,6.391140621958946e-06,0.0798184194632496,-0.06618553282161209,0.6439859376954015,0.026673684347491428,-0.04311583321949044,-0.000325107191354972,0.006607337309363076,0.0054576740357943285,0.007494885504383956,0.001900789664843216,0.016517203753909398,0.02221999676168166,0.014074449481180968,-0.019830055633985603,-0.03546887091292313,-0.0123093563812336,0.3679570363867707,0.045324398455765934,0.21194124674868067,-0.08860840968834603,3.728493616267092e-15,-0.0014210699406766551,-0.008347208196221085,0.03864828650154295,-0.025467359925757573,-0.018255491948343625,-0.0009713716519238427,0.03621818123314146,0.28312631049530584,-0.12293787980438153,0.010754942736205636,-0.09261592685802995,0.5173590762482687,0.03037906183694041,0.04911698708620226
37,3.005652453491231e-09,-3.132871992952934e-09,-2.4263193007564628e-17,-5.2886317993512404e-17,-1.0570103650274413e-08,3.279544806564578e-17,-3.667325905060254e-15,-5.767877114572923e-16,-2.802666461195178e-16,-2.437963300141256e-14,-5.304507282368277e-13,-0.0005070086345616908,-2.9714939107855443e-14,6.376738377069939e-13,0.0006180994338115434,0.00023487779568070143,3.607428578811156e-10,0.000251171343519604,-0.03753434339026586,4.467258486263226e-10,0.03367735179868187,3.517558173265579e-10,1.8245652036816805e-08,1.2795369679706477e-08,-0.0013032668991484534,7.00188189144933e-10,3.417406611750931e-09,-3.6310413734567256e-08,3.1265313910420087e-07,-5.15609233561889e-08,3.4658564556535475e-07,9.212016655848143e-10,0.0010727449794862046,-2.280098699243079e-08,-7.997269740193378e-05,-0.08864064781378965,-0.12863234665852447,-0.005797605972191807,0.0012335414171067605,-0.00015174065545748295,-8.975216772799132e-07,-9.867623082552807e-05,-0.00019132419458296382,1.2641858312043635e-06,-2.3885099248899615e-06,1.2974789093596099e-06,0.013776787185247991,-8.057634673151704e-05,0.0007357753956776123,-0.0007431028031752735,0.7212953425627099,0.0005419166737629207,0.0010724758949301303,-0.003584914928822435,0.008355056407225489,-0.0005266097194620769,-0.0007639107037205476,0.00020729266696401197,0.00094904179024967,0.0020230923268085015,0.1371877785419107,-0.07489074848938945,-0.013568798693705022,-8.324475579614413e-05,0.24724435808871167,-0.2737657442344062,-0.09365789941793472,-0.01890640871099627,0.09469654481782185,0.050342665810249265,-0.06405515577083554,-0.12183773910608516,0.025177384627773636,-0.024308984961502,0.02621489799409169,0.14907931455525228,-0.16321074043926737,0.15435925934006814,0.15643436142590927,0.04297346883112298,4.258284681841926e-15,-0.0017957166652603222,-0.06035340940093162,0.2920365859827703,-0.11275708597190587,-0.07351842349624656,-0.0007454405158388165,-0.0015339726111014878,-0.08384728751259594,0.0786110137930997,0.10066346527488705,-0.09189555468472592,0.06963363153238522,0.020931507472953418,0.08455686966053416
38,-2.5912891183971682e-08,-7.479541359487576e-09,4.693464200949433e-13,-1.59313500771015e-13,-2.1223216443526234e-08,1.3353622897202414e-12,3.632771250145632e-14,-1.4139006795727717e-15,4.895390191095587e-15,7.889753445338636e-12,1.6027799506803431e-10,0.005634115535542545,-2.788428050154993e-12,5.808951112099011e-11,0.0011409565241725804,-0.012767006252491025,-2.017537114415111e-08,0.00368970216266027,0.5148708367374953,6.675059681322805e-09,0.21260935739840447,-1.7877930921183665e-09,7.503952523353864e-08,6.916797638336296e-08,-0.0018253772675367599,3.893009534629047e-09,2.420360845694262e-07,1.0916917203393819e-07,-3.529395237585347e-07,-6.828020870730684e-08,3.5635990198508784e-07,9.506309507507384e-08,0.010357813550892147,-3.7431681237464e-07,-0.0001936369207722023,-0.23373756817732574,-0.3494584452955463,-0.009601734147031506,-0.016781209853450718,-0.00013088380427274014,-2.2203191106401293e-06,-0.0005156405860788838,-0.00046421085994980527,2.244033701268769e-06,-1.4954107164113533e-06,-3.655282924564616e-06,0.011170689596737131,-3.5602391690494034e-05,2.2591211769781768e-06,-0.0004370531497333565,-0.020437066907227262,0.00021608089238352345,-0.00014066582183207537,0.0009820385316380155,-0.0019345877647882323,6.245210917861015e-05,0.0018565057942850232,-9.110179831258113e-06,-0.0020852188563293688,-0.000801628031328742,-0.38348629576947624,0.23192298494735528,0.08234231899784336,0.00712874998839062,0.008997547818693923,0.18400748162086458,0.07667483747429457,0.029146924028791647,-0.015070648210939648,-0.012864564368772077,0.07719977259448822,0.14527207918553484,0.0023355559190797047,-0.03724288376525257,0.11334472411127958,0.01125769291280999,0.11915111649966366,0.018064590301431722,0.15398458360556286,0.11372005010878955,-4.723982625567539e-15,0.046950460545735546,-0.10827290817562409,0.2121838849632596,-0.1634206631916201,-0.1246682636530629,0.0008174913220321997,0.02799733002750611,-0.09463234601966865,-0.12640572637226916,0.010845555450397906,-0.10105776308992448,-0.17752517211984353,-0.014461475879665134,0.03729376827644536
39,2.033287389147788e-08,-1.799727250015665e-08,-3.682427939501541e-13,-3.847325210940754e-13,-1.8543909889798325e-08,1.3245674561543758e-12,-2.872075587808316e-14,-3.73674694430459e-15,-2.5022859670256625e-15,-6.175638882765245e-12,-1.2539004127477323e-10,-0.004345796009552172,-6.398932537513789e-12,1.2754089274193606e-10,0.004527825232252794,0.010128025731495155,1.598663846941515e-08,0.00894071853342446,-0.4443447722804167,1.63449459907964e-08,0.3271893004161561,2.930301671994711e-09,1.7093937432077357e-07,-1.4833916465798192e-08,-0.00223673910382547,9.395618452766947e-09,-1.8017525777323474e-07,-4.728110254004445e-08,5.280401409280534e-08,-6.396824198845027e-08,2.452523141323405e-07,2.8984364641201043e-07,0.009158376801236386,-3.878787794264742e-07,8.100452932071283e-05,-0.17407829734306687,-0.23725562888055468,0.015586573164327686,0.020575769039922528,0.00012526069754951297,9.459328794489186e-07,-0.0005189654116457352,-0.00013221815466142733,-2.1660430587015565e-06,5.230086635025225e-06,-2.6386933336614363e-06,-0.025419819125074652,0.00013073384696493946,-0.0011105378901314278,0.0007864195161048678,-0.5746055993309239,-1.6438398746617777e-05,-0.000717863391424898,0.0014066036989322623,-0.0048005808962910115,0.0002776208464007536,0.00031503353711340187,-5.683001651328561e-05,0.0001409256858367097,-2.0685164415520508e-06,0.05486499233785555,-0.03141266718134792,-0.005984977524876862,-0.00012141172192917522,0.1290359044314336,-0.14221598400363095,-0.05054065962397192,-0.013078794857843412,0.05165516326734969,0.0305054338717068,-0.05238127483295441,-0.09603579801251125,0.023330903667289248,-0.013953163516146923,0.022405498244202036,0.13173051978798125,-0.1596166952820925,0.14992677694881523,0.15363500895170035,0.04949424397469463,3.2691839277142397e-15,-0.0003622735545188553,-0.053683803513798214,0.26030396090788677,-0.10252621656982028,-0.06436637252507663,0.0009843184267212216,0.004789860757380114,-0.071678374248302,0.0790072993547822,0.1010207617950014,-0.09235813381288319,0.06391658917428764,0.016990608335070396,0.07401654402917357
40,6.336031904335021e-09,2.7211878677915206e-08,-1.148002206161647e-13,5.81145887017833e-13,-1.7521686605926702e-08,1.2387403682143434e-12,-8.74432982329871e-15,5.4688474761267444e-15,-2.6267735565183388e-15,-1.94563270108924e-12,-3.959864605116503e-11,-0.0014749357571436092,9.81337701685207e-12,-1.9829330106309954e-10,-0.005979776789330401,0.003030208943709686,4.806494130418065e-09,-0.013458665469837846,-0.08996250020924225,-2.4530846381265554e-08,-0.5695720308412766,-1.1939559855946302e-09,-2.607164624289864e-07,3.366322929953596e-08,-0.004193139685219795,-1.2978207142315055e-08,-3.9215102638462344e-08,-7.825381922815061e-08,4.270982541436544e-07,1.1488133672204205e-07,-3.502975831453823e-07,-4.027691463196277e-07,0.009646573665778809,-3.7676593445953276e-07,-3.463208784654535e-05,-0.22985372682752736,-0.31767618764620464,-0.032537798487443696,0.01720800281001215,-0.00022422277684958476,-3.052742606983335e-07,-0.0005566193543762262,-0.0003128791377160302,5.436775518680907e-06,7.106449985663425e-07,4.241651661540949e-06,-0.012354542255745839,7.98800655061707e-06,0.00024178341255155328,0.0003950817547857302,-0.03135645797174042,-0.0006288380516352615,-2.9978934420802578e-05,0.0003773802136577837,5.40436811899768e-05,7.905851313423159e-05,-0.0017358261483025547,-9.213675588705285e-05,0.0015002335624451951,-0.00063585108107261,0.2549638992793255,-0.16329584945485723,-0.07865812426574322,-0.0075670499005161896,-0.33845528111570256,0.16905516188986097,0.0451424765970148,-0.002824017861858333,-0.1072762298253682,-0.06342744399366655,0.0638902276891376,0.12032025698466006,-0.11614853575985425,-0.023366034911019015,0.01571672743573067,0.16595634896048717,-0.09892326002412932,-0.24308515421061969,0.1406049405647464,0.05550162854776107,7.31063561337944e-16,-0.008243257661083327,-0.061167390414035,0.09510078301399646,-0.18039644742284305,-0.15131321089698702,-0.0038639236529173005,0.029929130139021796,-0.014409018077996502,0.05867516877679028,-0.1298561504594292,-0.08573131051007618,0.036402456010324935,-0.010487579827836936,0.04087571272899183
41,6.341736734154916e-12,1.8299234632057946e-12,-1.9098163914996786e-09,6.49021918895772e-10,6.213713292193946e-12,-5.462996194097056e-09,-3.628050724171101e-16,1.0706532933008017e-17,-6.80402051658514e-17,-1.0794110469547987e-09,-2.1135852612914424e-08,-0.00014074054532531188,3.793341954353021e-10,-7.57327213752482e-09,-3.175877200516659e-06,0.5461834967354098,8.836583433498198e-07,-0.1623716888912912,0.0038767732733701885,-3.011980325453242e-07,0.0013223297110989513,-3.366959123384904e-08,-4.2368781569742344e-07,-7.776060710298625e-10,4.445279302170834e-05,-1.462859278122268e-11,-2.8077658243912116e-09,9.012570052267718e-06,-7.239416115028241e-05,-2.612715656765212e-06,4.05957553751588e-05,1.3507546654234227e-09,-0.4219442168663067,1.3981817169625495e-05,0.009244130359220512,-0.0014785287047451182,-0.0020793077570037486,-6.598149586359837e-05,0.000729189436979691,-0.0007946154531553571,9.548771343598661e-05,0.007159481706609207,0.012484406192776746,-7.905587685465953e-06,1.9392789769863308e-07,6.073431584183794e-05,-0.0013980334293394942,0.0006741653830744384,-0.0011557062761140388,0.004831666748078681,-0.017554332540877245,-5.467622334357469e-05,0.0008459673343491073,-2.307545810018005e-05,0.011834914851000905,-0.00030844274659057097,-0.010515402025208712,2.8708197945019845e-05,0.0004456252220760744,0.0023184860500988736,0.1704440320364546,-0.06842223708298541,-0.04144889541562659,-0.0010171623125516136,-0.01651114060337157,-0.11724832909763012,-0.01855274552965416,0.02795562079303898,0.042247007917201936,0.027245097148963376,0.08162402675773374,0.11536914638776696,0.19207707495239362,-0.05443966794098826,-0.2125387576209992,-0.36408703713293095,0.041060797285785086,0.012992137655745101,0.08577526105507957,0.23397407242507468,-7.00761555147412e-15,0.03618103845421511,0.020146164067695694,0.03495810808016103,0.0498323980803448,-0.12496646461076229,0.0005579648299213242,0.11271850002339935,0.11298665682753281,-0.1379085673065309,0.01102810519027669,-0.11274357063237748,-0.19408120552698768,0.08696370540611432,0.13468494417002144
42,-4.975787855860893e-12,4.4022867648567324e-12,1.498306587246991e-09,1.5652562571282637e-09,3.8871784144214435e-12,-5.394200522189924e-09,2.860651009579888e-16,2.928365466228719e-17,3.951479686050663e-17,8.441334093240293e-10,1.65165590926109e-08,0.00010924605912094775,8.770691336390582e-10,-1.6888993244691676e-08,-0.00014223345396539912,-0.431506813194488,-6.972772875661151e-07,-0.37793176090367464,-0.0035852170542946316,-7.072816583322911e-07,0.0026438092991257997,3.1358779189798685e-08,3.837777001685171e-07,-3.068717099143631e-10,4.793536162557967e-05,-3.45583481121232e-11,1.5541237401301347e-09,-6.847428237113084e-06,5.4174286732901555e-05,-7.404631279317101e-06,4.3464343295105704e-05,-1.131619195298746e-09,-0.40929202886016247,1.8380211067479036e-05,-0.005155462652883173,-0.0029299445566768195,-0.004831022246934542,-0.0006650126547252049,-0.0002630827123741631,-0.01016603235134066,-5.49406105763362e-05,0.011302681233014863,-0.004001376251987714,1.1785438983338566e-05,-2.656892470312686e-07,3.336759672777421e-05,0.00140384886264709,-0.001022115317893282,0.007793674565698626,-0.0018533521719476176,0.040900105098385736,-6.990244815218225e-06,-0.0010089971869742692,-8.229083233103515e-05,-0.012709154554983724,0.001034832156821179,0.0005220482453765937,-0.0006285102448675974,-0.00013148750912829154,-0.006013545077736977,-0.07687007973843911,0.026877211759134628,0.013610133100048988,-0.003041042425058958,-0.13680452499291365,0.21038830564156608,0.04820563544458193,-0.03581626315497542,-0.21706696783501062,-0.04461803220930554,-0.21953179930779657,-0.301859271575996,0.1585551677473036,0.1788839123060325,-0.06411597186548752,-0.0019021088168118178,-0.11829770467696075,0.09902296956945124,0.09361052555037463,0.2122092576658353,-2.9606461662027068e-15,0.005955444688618955,0.0269510916260354,-0.010594229849822745,0.011544051379761517,0.11863692999026912,0.041658529686105596,0.1427080714128455,0.17144472543505965,0.0908198249370457,0.11222313722546658,-0.10358491780621433,-0.009877596867881321,-0.02770468864028365,-0.0385601747053941
43,-1.5506356250941599e-12,-6.657943636232577e-12,4.671480095305878e-10,-2.3656619259533927e-09,3.82775926042865e-12,-5.062685297890294e-09,8.741131595984065e-17,-4.2645392101730054e-17,3.1412061423764185e-17,2.6680555211926326e-10,5.237648297138005e-09,3.57587924458571e-05,-1.3411818595716103e-09,2.611535051904905e-08,0.00015441169766031802,-0.1308782748888043,-2.1261693876959417e-07,0.576671953282489,-0.0003628268313585379,1.0763165675230073e-06,-0.004262699758776186,1.4595463463925012e-08,3.3230929561842985e-07,-4.725623852450022e-10,4.7650947536281526e-05,3.311318698396465e-11,1.1435284972290568e-10,-2.619587723674349e-06,2.2912929303863876e-05,1.0907981986645682e-05,-9.582029848106869e-05,6.5004531443252945e-09,-0.39119204413703296,1.702648794831736e-05,-0.002844800520308245,-0.0012383168503316887,-0.0024177618387787895,0.0003621371872446232,-0.00012939604279338891,0.010972461114896925,-3.486057243712958e-05,0.010541964473909827,-0.0025773967267112737,-6.3394549771491545e-06,1.3639116305189086e-08,-0.00011575064819872199,0.00041093741669004954,0.00011098112776505548,-0.006545632142880719,-0.004402688481283747,-0.00933217993932599,7.978059588383353e-05,3.89562865593777e-06,3.286321852615518e-05,-0.0014111293691296523,-0.0005476142682829172,0.012145660894873275,0.0005384459458671741,-0.0003312009987116909,0.002919942611691825,-0.10423451439961899,0.058587613566244395,0.03365693977773362,0.0012613635928235805,0.1425195803189172,-0.05709209970255489,-0.020398048704948626,0.01138813744084535,0.09567000113972766,0.019819081063557627,-0.005959890597618365,-0.03565358268617516,-0.22511465679827808,0.12938172759390631,0.11104323545831482,0.15246852884369333,-0.07682231469712648,-0.14841675291642115,0.08814832148256557,0.17731244913759156,-5.2149022842575485e-15,-0.03883953975779414,0.1562458832918029,-0.1945029304254364,0.1978159710512973,-0.20824667937535873,-0.013331342587226097,0.09900454499055789,0.1635673138500683,0.06725441145358727,-0.14533110152533155,-0.09629219450914635,-0.024110382328344733,0.12750562210971003,0.20355653764505705
44,-6.099361335305832e-14,-1.759822405236591e-14,1.9700198661957835e-07,-6.697150909574055e-08,-9.719396816027338e-14,5.657108449281755e-07,1.2493491336190175e-16,-2.9306087107947193e-18,2.9918049641518106e-17,3.4625702195592845e-09,6.522625143441829e-08,8.584335389441555e-05,-1.2128608729583919e-09,2.3177835601842192e-08,-6.871325001680616e-06,-0.5429715184032167,-8.97350236554922e-07,0.16140577217763866,-0.014120688125878033,3.0648452494256305e-07,-0.005707858020312853,-7.652204254713845e-09,-2.3956904757477915e-07,-7.607216618948596e-10,-4.966966069037157e-05,-8.804893582022101e-11,-6.422962412094857e-09,1.6232801655929355e-06,-2.0034059263396323e-05,-5.243258911475035e-07,1.5632631740225662e-05,-4.95586084637312e-09,0.4193885481456183,-1.859080348719367e-05,0.004300460684659178,0.00688554245972109,0.010782363986369774,0.0003589792546896952,0.0007292667179141912,8.447297054323001e-05,4.929118863279311e-05,-0.007239761251770646,0.005154485115621705,-4.381969974275051e-06,2.1100116618572663e-07,4.9874121814972406e-05,-0.0015350624800725865,0.0006024960869031211,-0.0011169657463871998,0.004346073983414336,-0.017076472104145243,-5.7560263024473307e-05,0.0007844511452003481,-3.7888450225105495e-05,0.011034327422868704,-0.0003093141940125957,-0.009780332255968024,3.8094448135888686e-05,0.0004768099031814195,0.0023055807177986324,0.17620414525401398,-0.07328735054585965,-0.04287284350808451,-0.0010567867985239877,-0.015463054968615516,-0.12196500309486774,-0.020697103449374168,0.026933379302379087,0.045104601325772486,0.02743144501142856,0.08318032503896736,0.1169525949543927,0.18964443107654008,-0.05816472658203523,-0.21449100457828774,-0.3664125609879965,0.03922233482584023,0.012874197621025622,0.08388258125449775,0.23460162474156576,-6.828536881631905e-15,0.03527546809484749,0.020559002850349506,0.03163801070136483,0.05145840687399643,-0.12245628915804785,0.00031947249378422597,0.11232212532252031,0.1160142759912547,-0.13818643506184042,0.011033534674177864,-0.11302223199523014,-0.19308254557390392,0.08698689673104054,0.13298150186111976
45,4.786007731575779e-14,-4.2327291786904754e-14,-1.5456288782148156e-07,-1.6150293207717556e-07,-1.3275300528229646e-14,5.579173205676945e-07,-9.87368579053551e-17,-8.322824252827872e-18,-1.8638416283313576e-17,-2.7054846387436587e-09,-5.091849273793615e-08,-6.715338349942583e-05,-2.8218558291068636e-09,5.238715763092586e-08,9.701726624246445e-05,0.43154886443710766,7.118971349659406e-07,0.3783777447303278,0.012366055350563667,7.228333341773923e-07,-0.00903693721640113,-1.5210980636432148e-08,-2.9340690782330023e-07,1.461611551674776e-09,-3.681723007582769e-05,-2.3126838269742418e-10,5.872186957897174e-09,-1.0461936469770344e-06,1.2668696627112716e-05,-1.400485571481548e-06,1.2642758026208111e-05,-1.087404660463528e-08,0.41653456381946796,-1.61138842857836e-05,-0.003575945563635706,0.0043939446210973145,0.006104425246491944,-0.000647471969065746,-0.0008265590853255868,-0.00495795225974597,-3.572521915293061e-05,-0.0045806677812179316,-0.004960812085700193,7.936445086706869e-06,-3.4309943123272304e-07,2.6577672852584013e-05,0.001777301939887625,-0.0007850250600135604,0.006227005431326021,-0.0015242803895383452,0.04887874418464102,-6.489509814958272e-06,-0.0008687647295541297,-0.00010247555018515081,-0.01115979445062872,0.000904666752032814,0.00046599423197158393,-0.0005691589259318466,-0.00013168426961600744,-0.0056232326918449205,-0.07677949344628586,0.026746506828474556,0.013506220572614473,-0.002854589551834393,-0.1366655977825465,0.2093616531178216,0.04839871428559208,-0.03524559583504496,-0.2141268103169931,-0.04512175098866308,-0.21461934917425066,-0.29445640094932196,0.15512020502586593,0.17625519975431386,-0.062299351714837574,-0.002422440519723767,-0.11687094099113914,0.09758468979779907,0.09192384646418394,0.21400123237156493,-2.6107155938882713e-15,0.005888043997728726,0.02617517168510631,-0.01592127504051337,0.01132285231367313,0.12371727208155645,0.042132494324956374,0.14351292417245348,0.1751556484134634,0.09110517352311104,0.11249362940698666,-0.10385186746122671,-0.010972444886370707,-0.030164132578122258,-0.04367583238225755
46,1.491446729977782e-14,6.401703932732775e-14,-4.819159850473232e-08,2.4407869302309025e-07,-2.157243495546938e-14,5.241754040834096e-07,-3.014864056577827e-17,1.1983597025299794e-17,-1.2541034361823069e-17,-8.576700749148686e-10,-1.620851288952457e-08,-2.1571606908954076e-05,4.294777361261832e-09,-8.043526738591953e-08,-9.511489560459958e-05,0.13010160326407477,2.1615726265816069e-07,-0.5732804222970502,0.0022364318325624397,-1.093142292694755e-06,0.015641336839558765,-1.3090137602753768e-08,-3.03641018547406e-07,1.3060857034671122e-10,1.8564501991097908e-05,3.4560704363749754e-10,1.7425965102464416e-09,-2.5337097247844066e-07,3.7063492566003024e-06,1.7025891532004772e-06,-2.2257246047345954e-05,9.838086389961895e-09,0.3888584964735752,-1.5371948302787132e-05,-0.002089460018675239,0.006746743069029765,0.009440085640865532,0.0011538702727640915,-0.0006385854859385882,0.005641721383286425,-2.1950899322034985e-05,-0.004442052490200581,-0.0036707532756180094,-2.8308549292364795e-06,-3.6283752182923835e-10,-8.413157852506436e-05,0.0006091702654398962,0.0001184892886753882,-0.005248939140467886,-0.003600077618491842,-0.008708059729924207,8.88927492007344e-05,1.397638808815668e-05,2.6516635796304654e-05,-0.0011249712536039278,-0.0005068011434507223,0.01089127124309464,0.0005013355650359385,-0.0003517227312688924,0.0027999766633797617,-0.10766575859198241,0.060596516953494536,0.034740301518460776,0.0015230662507300298,0.14866370700671577,-0.06117536246959177,-0.021424614955026476,0.01117552505381813,0.0993237917083759,0.021141983684432954,-0.004766907529176283,-0.034435917277677607,-0.22476759049702733,0.12681504367796984,0.11376662711334108,0.15234782574731046,-0.07595521166860258,-0.14569375994460057,0.08666337616532063,0.1782851681889912,-5.021849173435621e-15,-0.03904499758633306,0.15689151493930653,-0.19797160064873268,0.20150290456865813,-0.20631110077879058,-0.013633708465006987,0.09845001976908228,0.1657439892695214,0.06746139013501078,-0.1457020328132332,-0.09654314476116678,-0.024885188376283476,0.1279941029629116,0.20271076612769365
47,2.999655987219239e-19,1.4695154786123358e-16,-0.5459297309949238,0.15758884634305526,1.0369977353367192e-16,-0.41859387279341564,-1.1648716080832794e-16,-1.3161515642787602e-16,5.50933646155434e-17,9.472233560161559e-06,0.00016535862033843576,2.9503469919505464e-08,-2.770210844821086e-06,4.8803209364546994e-05,-5.85594582025949e-09,-0.00034337156596807685,-1.6693592790119344e-05,0.00012572767306998168,-2.6156895316517232e-05,5.087634586181494e-06,-1.4282353169744961e-05,-1.524088820619122e-05,-0.0002598903277502177,-7.290112336395247e-12,-2.1067520209945616e-07,-6.1376639181687e-13,-1.0068057368780132e-10,0.0012762944902797908,-0.008351834834255107,-0.00029669664215480166,0.0035700738219033258,-1.0300472291709982e-10,0.003544437436671406,-0.00018258147690299089,0.2893470207447969,-0.00019760075947931955,-0.0003954567417908716,-3.077555437559285e-05,0.0009990028574347754,-0.02817777375086317,0.002661615880475612,0.1752790180448314,0.2303224118674787,-0.00010976002703868652,-1.1869122598776795e-08,-0.0004195836085226039,9.841993048611807e-05,-0.005073013207497155,0.007424116530231044,-0.043085997967585964,0.001965712701705626,2.738561149940999e-06,-0.007327476554256029,5.164405976528943e-06,-0.0988040768176221,0.0014469478530252506,0.08561241489297765,0.0003238631698561576,-3.8076107921918546e-05,-0.010641179251327902,-0.12032955976171428,-0.15087628002257786,0.002211647899391277,0.00309573446890634,-0.0015586356034656115,0.04505155940728202,-0.07922118174480614,-0.15704633877287752,0.03228864748723362,-0.0819009124839331,-0.06129322546963797,-0.10890495274743241,-0.21778176021400647,-0.13748738428115567,-0.08756054815161245,-0.07489811567346569,-0.07951414982843165,-0.008875602933142043,-0.07174149470930122,0.04767801603012632,-1.670397432469725e-15,-0.049402019922675844,-0.022290044377976673,0.03546379927904794,-0.03466441711443266,0.01589174482095416,-0.10209437963166942,-0.2208918809457257,0.09443243717209084,-0.17126460839410246,0.011165209185548067,-0.14193170779976957,-0.012258570926915525,0.04288238172164879,-0.0437276465671056
48,-2.3534623038913477e-19,-1.1507390020271433e-16,0.42827359380171925,0.3799760490529058,-7.579168665716883e-17,-0.412644950005093,-2.6493181059139372e-17,3.205432999960638e-17,-6.879825133360607e-18,-7.321924558381999e-06,-0.0001276129216401895,-2.304732682452804e-08,-6.453025819832416e-06,0.0001112028331819472,4.446777808225923e-08,0.0002716675862814269,1.261181049351475e-05,0.0002942036853077453,2.2412353670436065e-05,1.0724824335221644e-05,-2.1029550183723563e-05,-1.4410830371711973e-06,-9.319796096278746e-05,8.783067379735751e-12,-1.0229202790449134e-07,-1.6496855683071137e-12,8.29957276978169e-11,-0.0008967961649029308,0.0056356465066414695,-0.0007956203820814241,0.004007181593084338,-2.935784814646932e-10,0.003508876269887493,5.379944882328593e-05,-0.1616337376039151,-2.7974537149642904e-05,-2.5523984003711476e-05,7.15271374585663e-05,-9.993814331049177e-05,-0.2720985492674174,-0.0014603686184259347,0.2591351867736156,-0.05014809418504271,0.0001583159766261665,4.2052881349052255e-09,-0.00025347576884546046,-7.142878376735934e-05,0.009954226707232611,-0.0775279157903049,0.020483743054492087,-0.0027764089127365246,9.93374632686139e-07,0.010613498274985004,5.524763054845685e-07,0.12571554900729606,-0.010862913145687212,-0.0028148245457549417,0.005571407974695386,7.016913379268029e-06,0.039295968866644895,-0.0011445139989354348,-0.022565948327736004,-0.003676659982837336,0.01950691057547211,0.022587564048188992,-0.04570615640590081,0.021717864425960177,-0.001255348036388065,0.08781424041720423,-0.10346983035915717,0.09114043779899302,0.14773011931842622,0.022031862537804765,0.3119317701275684,-0.03646343737011281,0.0255427259821257,0.047241642004490075,-0.04936987921478477,-0.05041205528107372,0.05626257934275885,-1.0334269741349733e-15,0.04579130177054801,0.04405986518683341,0.027541722672273547,-0.07790422467038628,0.060622525806836254,-0.10205308470382787,-0.23262548158608787,0.10041985343501135,0.11784977937483845,0.13949559876729678,-0.1307633079549336,-0.029869911799579613,-0.020817571192667954,-0.06541631939559481
49,-7.334969300653519e-20,-3.6168655373781876e-17,0.1335481417742452,-0.5743342597343251,-2.6291027207844483e-17,-0.3878593721019623,-8.470739284558051e-17,-3.603677933759491e-17,1.859472215839592e-16,-2.3297169766511694e-06,-4.0823501600595354e-05,-7.356623571827146e-09,9.811437615436936e-06,-0.00017018451089626598,-4.0891739677151006e-08,8.209704188844895e-05,4.1602572315696425e-06,-0.00044781780533583126,4.452644093750775e-06,-1.671149771680111e-05,3.7683408544723826e-05,-4.574292019559957e-06,-9.652975132849722e-05,4.565905996399556e-14,2.069421702477151e-07,2.4268608850030335e-12,2.3403088487712497e-11,-0.0003238547257890173,0.0022626059373364584,0.0011318536433905547,-0.007664705309852728,3.650615318423098e-10,0.0032118864572796986,3.149845790565897e-05,-0.0997588610524909,-0.0001824213038985302,-0.00026960707779779647,-8.227008824423696e-05,-7.430661587817837e-05,0.31356512923849766,-0.0010296114462030556,0.2436014840548708,-0.03836008404576091,-0.00010952334565033626,1.0091073700781574e-08,0.0009537092901424211,-4.7777079438048275e-05,-0.000739151125708042,0.07098916644116379,0.05521703117956566,0.00027561425664346856,-2.7754381381094847e-06,-1.426503001631847e-05,-6.362112476512674e-06,0.016509015893862656,0.005242483938443036,-0.12931456351011913,-0.004888519603402926,1.8167878736924335e-05,-0.021916028186618346,-0.0023182973213175793,-0.0279269521075429,-0.005470266073068228,0.01694433139352289,-0.022644470493097514,0.010200416635688643,0.010488397251921973,-0.07800424947122701,-0.015973651202212183,0.0043918790045580575,0.0011573082804705102,0.013916974761517537,0.2871781074493737,-0.17707078202680776,0.17181807553090564,0.10353443677514725,0.022501715973425606,0.07207500131143256,-0.03537593590444101,0.05001156467053094,-1.4508811589606965e-15,0.01366608997580069,-0.04390411317815079,-0.03354251791318323,0.09734649087200925,-0.0080267246467705,-0.09672490215304176,-0.2091175903027984,0.08831085695864341,0.08744226035647312,-0.18585883430112243,-0.1221540928421295,-0.025514375282611478,0.05984873661886442,-0.013282916948250482
50,-2.957329026648622e-22,-1.502174129204297e-19,0.0005580762766379936,-0.00016110748322254037,-1.0543179428488882e-19,0.00042841259591515856,-1.854152318303671e-20,2.3935295618352966e-20,2.0094493283496724e-20,-0.0007600061985867915,-0.012854956617010572,-1.373780535051524e-09,0.00022000832793644492,-0.0037457172648725483,4.575770419550791e-10,2.2189454586489268e-05,0.000604671935751354,-8.341066795195894e-06,3.0702854607407585e-06,-0.00017883461687893967,1.8716553957049526e-06,0.0006465036639832483,0.012024608871436233,2.263458293759781e-12,4.565985291800396e-08,3.374405733240874e-14,4.018917981150765e-11,-0.015891335590868538,0.08760490022580525,0.0034197653887737176,-0.030563263075956644,5.0459826437402195e-11,-0.0005737839801682167,0.0012432008248101365,-0.5672110792266261,-8.095709169867042e-05,-0.00022624678499698394,-4.465562281500503e-05,0.002514827443024705,0.03606041968003248,-0.002727256851659051,-0.1191392904150595,0.5733823846451904,-0.0005468198023174178,-1.0405441325265198e-10,0.002000478870749241,2.1519956243674964e-06,-0.0029545070359759673,0.011412228488933945,0.032626103677014344,-0.00036364319564230116,2.2277158704962207e-06,0.007102040342342225,-4.563291687784019e-06,0.08849193583791097,-0.009533813673950415,-0.07583802297494276,0.002486586300729142,-7.861702034229992e-06,-0.00931315440696517,0.16308218503781358,0.2897321927217071,0.009591932458223353,0.033845708061318355,0.0010730997143456023,0.009873247835583914,0.046719850774636626,0.1660750651434536,-0.08693353920002156,0.12207613660866334,-0.05830724282471922,-0.09856970368451859,-0.17772236081682546,-0.08899034776990308,-0.048200027312451384,-0.024379838986110396,-0.08909504625093523,-0.011248197980194408,-0.08716687313245887,0.008608759643635293,-4.0311188579631624e-16,-0.023895437184797516,-0.013878695431245475,0.0158545017978741,-0.020826462282020234,0.017860811300850748,-0.06582424755124477,-0.12035212419837377,0.047790999713467945,-0.17325544097513024,0.011133592399025175,-0.1434825332053199,0.01681585256149116,0.006564838549765746,-0.021732453259419332
51,2.316552425847615e-22,1.174483944553276e-19,-0.00043707765775334074,-0.0003877022786148163,9.365178854523963e-20,0.00041970640421470717,4.42588148740987e-20,1.0536960756131299e-19,1.9278698144526658e-19,0.0005711997211348861,0.009635311710092279,9.967472261937606e-10,0.0005111677006897561,-0.008540744787891982,-2.081984229591947e-09,-1.582553999019472e-05,-0.0004290364254071819,-1.702641815889221e-05,-2.1652709172925636e-06,-0.00037850139825373007,1.9408938741788984e-06,0.00040060861892540214,0.009165132361943863,-1.5846085520818527e-12,5.046911805512854e-09,3.0870213777121625e-13,-1.9075957413133127e-11,0.009162406172437396,-0.04627502516514526,0.008509198859619597,-0.037585661665672794,6.145185349011822e-11,-0.00016436010877032825,0.0002930589081917547,0.1341066789817802,-1.9286999870657178e-05,-2.0870723876521288e-05,-2.5242272275547845e-05,-0.00033513918705500503,0.08503626434525594,0.00045040981955360616,-0.01073797537534561,-0.07111185206088064,0.0006063215661964558,7.566735390620678e-08,0.001027043280688362,-2.983772402401493e-05,-0.11645651853327889,0.6174424641119499,-0.21772047653619805,0.0013176110698958395,-4.083056555495742e-06,-0.04335297765151518,1.6747091689390537e-05,-0.46856368023375233,0.06202481965911928,0.08742897490011323,0.004264332852523025,4.581374575999511e-05,-0.06198718875744374,0.17149865025329325,0.24927881983298555,0.002089214092392977,0.032744035756827446,0.01634868085544433,-0.03877550828773601,0.046476062011207374,0.20516154494350664,-0.03973609649037611,0.12664894603410964,0.04571908793449498,0.07166930330486997,-0.03230679353656857,0.15970474317104058,-0.025954074116279004,0.009493537013484956,0.06506372490873266,-0.06431303597069629,-0.0647200972468085,0.020069096367781786,-7.339386580830671e-16,0.018885283487557036,0.017262989014026592,0.014472942261192123,-0.04218281054677889,0.02754358497529009,-0.07130932537065743,-0.13672075932169775,0.04714986010053497,0.11951162540667874,0.14112971336574984,-0.13218419258453915,-0.022823791040999054,-0.031210290031938395,-0.01797446318546087
52,7.219946179866001e-23,3.6898760559129116e-20,-0.00013629372893599525,0.0005860129022697469,-2.794508008667809e-20,0.0003944975141984583,8.647027674944425e-20,-2.469948473685487e-19,-1.5006381723052466e-19,0.00017733868464295642,0.003008676863896724,3.1772917450920665e-10,-0.0007691605123851281,0.012916368236515829,1.7625645413015595e-09,-4.832205091139662e-06,-0.00013453944154165364,2.606759260004872e-05,-4.827349061363978e-07,0.0005737902276155445,-3.701807165473702e-06,0.00043078554687563645,0.008640268090908582,-1.042689232305854e-13,-3.560372720812482e-08,-3.5394439159502044e-13,-6.813783975126993e-12,0.002813895126848157,-0.01605862538232323,-0.011516068682541764,0.06010741301645997,-8.90617532011997e-11,-0.00014536210016293153,0.00030691978182752655,0.0840677187499638,5.3888068094256894e-05,8.505012170266142e-05,3.515909235889483e-05,-0.000235892578064277,-0.10157641598583024,0.00048817502840814577,-0.012399849505288394,-0.05093152651575812,-0.0005873768540645919,-8.228307391785554e-08,-0.015492494035589426,0.00019773757751169013,-0.02378733066142122,-0.5628017112848482,-0.4133963598671774,0.0021688634656971007,-1.2171387458458261e-05,-0.00911488378611237,1.3773673749647743e-05,-0.1610122900981211,0.002716375136056769,0.44398920379119655,-0.022428627006927607,5.839371426035823e-05,0.017766057434635045,0.1583611201326945,0.22338848462838243,-6.900335257467597e-05,0.029129360472502225,-0.015789986747182135,-0.004066705358591103,0.048248812971901436,0.17548117093990556,-0.09038973591757324,0.1258148295966472,-0.013908225196307342,-0.014745991308603797,0.1267942872336514,-0.11142342601910475,0.08230476955975026,0.04289207361823244,0.03362599075972456,0.093413106886143,-0.047710290858263116,0.01863396922239605,-7.716251361455703e-16,0.0033885274586004013,-0.024516607080017325,-0.00825583139618632,0.03927678659764544,0.009458716982602262,-0.061812182737972114,-0.11499930966761417,0.03817249118699973,0.08864410155603664,-0.18829502269695195,-0.12352358667167075,-0.01710171153131772,0.014499877228613197,-0.009328533251822901
53,2.489996743118652e-25,1.3137072153829818e-22,-4.880706636120927e-07,1.4089230876261293e-07,9.568939736313377e-23,-3.779198814058099e-07,2.2415932434624748e-20,-1.9749438541021522e-19,-8.659778234254339e-20,0.0328796801661044,0.5385792855896946,-1.202720572183514e-11,-0.009451644062445917,0.15548748564923837,-7.56834125969605e-12,-1.746985407832685e-07,-0.011270270173809499,7.836879441712643e-08,-1.3875270427142656e-07,0.0032546155349728123,9.89041779082324e-08,-0.021728909084229517,-0.41465798642097906,-9.950785060569725e-13,-1.3396372392895993e-08,4.3865523789814933e-13,4.374190287622442e-12,0.08076813111539602,-0.35207431144337753,-0.016741878497364325,0.10045742120551751,3.969170971153068e-12,-9.916855980999738e-06,-0.008647377155347857,-0.002698130442246314,3.278728363071055e-06,8.420208731312004e-06,9.631828354858999e-07,-5.154801861605659e-05,0.0007540342824184695,-0.0021180112656271856,0.002074726003749445,-0.012242132014026302,-0.00036220933723516845,4.452893455836049e-09,0.0546583870200236,2.618198568679543e-05,0.2554992662373585,0.057722968935448565,-0.2997505218460785,-0.0016963818503909266,2.7124354377951994e-06,0.002592371028628485,-8.271555031895646e-06,0.13628347098561766,-0.007889818198961552,-0.17040949112989198,0.004490874326112816,-1.3843357045661213e-05,0.07112594333590588,-0.08175011089553,-0.1400357330295254,-0.004196217143976949,-0.03289170888714303,0.001018357527414739,-0.0335062866920397,0.07110444497394434,0.15180969174514233,-0.05518412288997255,0.10492058079210892,0.006988836993808401,0.013639009711095528,0.03166485330691346,0.03380442772684457,0.02712610129334877,0.04313525655423956,-0.09622180985784005,-0.013595316011413557,-0.10316363269129296,-0.04019706882224172,1.559877739461411e-15,0.01899096321040721,0.005968349716815308,-0.01625632568804212,0.009784860386559874,0.010467426585459162,0.01091709524811272,0.04512325042479711,-0.020557543265442225,-0.17481189936617983,0.011071821219967581,-0.14490426181406701,0.050243561434289784,-0.03764973154164484,0.017685415705428975
54,-1.9524026842777059e-25,-1.0282860565956706e-22,3.826411853505285e-07,3.390540791692536e-07,-4.825792078952617e-24,-3.6338843754020746e-07,-1.7480053974913226e-20,1.5473010440435772e-19,-2.0914061174886107e-19,-0.025831753773120508,-0.4224854437501673,9.631490937387898e-12,-0.02311917551073382,0.37493592032221806,-7.959847049937559e-12,1.1208152975976291e-07,0.008840871049415857,1.2761484745224364e-07,8.869131487954851e-08,0.007845503978490901,1.298560435866025e-07,-0.02035134092819879,-0.40864619271675745,8.097316211508175e-13,6.9976740945549475e-09,-3.9839028625483105e-13,-6.460652849737771e-12,-0.06458820996322792,0.2740639947106437,-0.06177769276049839,0.24586050621261954,7.500455458419787e-12,3.32405743098635e-06,-0.008557027853583317,0.0012261839469856085,-4.6831793900510776e-07,-1.7142209453422442e-06,-3.300212849391961e-07,1.2998826595735083e-05,0.0020173677830038726,0.001680391376836935,0.00020284212417447843,0.003000436236354805,-0.0015748675812739619,-2.075970215216804e-08,0.03848496452033476,2.9255285871683178e-05,0.2875433865049551,-0.12092113078841828,0.14512031685694982,0.002632216395605565,9.187019689212052e-07,-0.021662424464886237,1.9410226549672773e-06,-0.24991893961753928,0.03563590321192786,-0.11796358838879793,0.004578532393015876,-1.4762610095494278e-06,-0.07184992888861864,-0.08242977814582378,-0.1413919252876684,-0.0036705570945618758,-0.031670750563099134,-0.0009800356960900053,-0.0052309393283337625,-0.023148700995528355,0.11608870825927975,-0.07325058507218811,0.19143978319911417,0.003902718710032773,0.002100297126317889,-0.017289357999748116,-0.030816150650643744,0.002035786507250108,-0.010173091880814953,0.08654995222005582,-0.080753508349967,-0.07997444025102102,-0.025379359654534802,-5.621746831145224e-16,-0.01179844583689595,-0.012469721714516683,-0.007689470349224447,0.014718144235968789,-0.020711088931039713,-0.006866963050232516,0.015983979831925406,-0.026638692338091303,0.12153302633084714,0.14285126032927495,-0.1335331590405807,-0.013430448018858588,-0.03936887508456251,0.04855264184354646
55,-6.090048289267084e-26,-3.231882683359203e-23,1.1942178104320408e-07,-5.126851537694981e-07,-1.7553489028906528e-23,-3.42002810672155e-07,-5.50704998267557e-21,4.849029239116841e-20,3.1581653343014615e-19,-0.00800257783233432,-0.13176850926415848,4.027584291739265e-12,0.03479661237569951,-0.5667017024480336,1.5956937046384474e-11,2.55586759035045e-08,0.0027563126017208957,-1.9227406233767715e-07,1.7671795931877917e-08,-0.01185877948251511,3.5460549102801315e-07,-0.019750620033560436,-0.38408131943443297,2.262174539464808e-13,7.434713946570165e-09,-4.846856543933082e-14,2.217807684406253e-12,-0.0182575895426288,0.08889442691492065,0.0839048366605084,-0.3700179580458294,-1.1852253115061372e-11,1.375913004629247e-05,-0.008060304091868673,0.007740748405223704,-8.958982524218735e-07,-6.207038256264359e-07,5.622039744304919e-07,-1.3978781796473151e-05,-0.00352987091265533,0.00048507878950253947,0.0012084843078754542,-0.0031250449710614036,0.0022073156021259334,1.7466444136102136e-08,0.050276726745772146,-3.736097166053607e-05,0.24897565157191429,0.13301308922687577,0.13179055892895922,-0.0008720743800370999,-2.7399233838637064e-06,0.013643641699834216,6.385920855877437e-06,0.11765437798520824,-0.029131106963189664,0.2911569428029389,-0.00830435076998182,1.0274259693811705e-06,0.09565945562525768,-0.07424678765157294,-0.1297683047342972,-0.003804152275674508,-0.029605364477490317,-0.0007354791449919126,-0.012578041005240568,-0.0009429560299698613,0.17327565041996346,-0.04849501685571286,0.07360687383111382,-0.0036608980687815157,-0.006433700573491432,-0.03848310583619779,0.018824782379389046,-0.033792024018012894,-0.03580064654245923,0.04745613019794277,0.11682279016027079,-0.060833083617889666,-0.020937029048889878,6.17207765522211e-16,-0.00540088360614388,0.00794425807429732,0.018923191423375074,-0.030616273157753473,0.023721404860020223,0.005096941132847564,0.03187260173686062,-0.030793933150419884,0.09012748595452914,-0.19084902964747189,-0.12483653833241343,-0.006228974481723424,-0.04112709585963104,0.0036420632665915237
56,-5.945552058511034e-28,-3.259780491694427e-25,1.2111084651189765e-09,-3.4961475750037233e-10,-6.315375595125119e-26,9.742440122638165e-10,-1.9851634307472656e-21,1.783218870532715e-20,9.578930641823044e-21,-0.03294052988536171,-0.03599268740275995,1.434610375725353e-12,0.010043693975713934,-0.010355941123891668,9.660116630720132e-13,2.678281903246048e-08,0.0018202683968344573,-1.2322387282589184e-08,3.968385617500815e-08,-0.0005253478846413423,2.2066651157358614e-08,0.027537149125563702,0.027826472726177207,5.99680052659422e-13,7.726140910430744e-09,-3.2193851603507347e-13,-5.532337109807687e-12,-0.15977179688688137,0.2568038090865255,0.04713627581349168,-0.07200744842466601,-5.8313129494332215e-12,3.065593763167795e-05,0.0013320710375248751,0.04984176830044355,6.492280577680751e-06,1.68127168194549e-05,-2.3111613192258793e-05,-0.00017667143947150952,-0.0030633856787278375,-0.6187197138574898,0.006476498925664844,-0.04010289254364891,-0.18071601056466707,2.5906468955511305e-09,-0.12174888562260164,5.86102409536064e-06,-0.2125603823421081,0.005225089925383108,-0.15766316684670634,-0.0007921201316095962,1.3724136763568624e-06,-0.47155272450481484,-4.974348966608659e-06,0.1234564161404247,-0.00889081359332402,-0.08665312764504954,0.002102682871052312,-7.198019346759259e-06,0.03523981886573358,-0.05590639327220713,-0.09452533129315836,-0.0023000359168946923,-0.018897446707419562,-0.0016848625734009156,0.014437079802138824,-0.08929848129948724,0.09189571215045793,-0.027408880335781875,0.07567282369473147,0.025548645303870035,0.04426428741229545,0.07600702846156988,0.06976137311958903,0.03970071615147679,0.059105067086474575,-0.09691846838170488,-0.014321442365875767,-0.10582267352232727,-0.04902131720498595,1.9551606395338675e-15,0.029691990467845947,0.012248329806170721,-0.014154323871325902,0.009568907350031514,0.001900221078100269,0.03289390184936247,0.08146818746624046,-0.03428861759450257,-0.1750222354591348,0.011098880134067707,-0.14524392714098236,0.0557692448632586,0.047737843047443246,-0.03909409724101161
57,4.663246399370464e-28,2.55256355089624e-25,-9.497772122447758e-10,-8.411382521199831e-10,1.5935635402737986e-25,8.744072555429887e-10,1.5603454760465257e-21,-1.4016562761716292e-20,2.2497674976558162e-20,0.026075321274657465,0.02821512948704216,-1.0930262913477602e-12,0.022616853239635644,-0.0250665982715457,8.643466399554852e-13,-2.013863235891568e-08,-0.0014281051919627524,-1.9336817201669007e-08,-3.023326421921175e-08,-0.0012673169855964281,2.197334830087234e-09,0.02063936547693935,0.027758894299431854,-4.724961484628334e-13,-3.8623392331919835e-09,2.846327636594294e-13,6.407263108315971e-12,0.1332015155038282,-0.19644105823618085,0.11513402029450813,-0.17951610934789422,-8.80072211998276e-12,-1.3749621667854635e-05,0.00141586050121044,-0.029542135745296724,-4.05611586942106e-07,-5.322822505392924e-06,-6.135555048653892e-05,0.00010222856348619378,-0.008267837897529521,0.48632192017737436,-0.003854813863086497,0.023168500533817804,-0.4305965640029763,-1.6940735127695442e-08,-0.10357735073146,9.326766366854165e-06,-0.18532761332638334,-0.1383197372932995,0.11376687933229851,0.0014556577192934457,5.287808118931955e-07,-0.4657461424628157,-8.891966761888219e-07,-0.03763344232128586,0.0072769634441623605,-0.05297965957462149,0.0006873949315636738,-5.071451470946477e-07,-0.20566572378072293,-0.07177097266971734,-0.1211448276361264,-0.0030768689754761503,-0.025647369632202578,-0.00028304017440088986,-0.011812176719286855,0.011703081368083934,0.10341159054955253,-0.039675893571557645,0.06544374165923178,-0.012849351148303344,-0.022246696665070165,-0.011769023450379336,-0.07046241179122217,0.007525403041882163,-0.009899657769628874,0.09066420132591158,-0.08402865447346745,-0.08260617597057725,-0.03398577731772864,-5.780331000129822e-16,-0.015845144091057087,-0.016696532657691335,-0.004007081520144593,0.021261548321375844,-0.0375706080025407,0.013904421527693151,0.05167022859147295,-0.04188402293756097,0.12195057666827784,0.14322194871961602,-0.1338748876785634,-0.011823143196137458,0.05747314117256909,-0.005499909544666519
58,1.4547152692031368e-28,8.019945706539201e-26,-2.9645323884985685e-10,1.272136142676374e-09,1.061127250418449e-25,8.291988349419753e-10,4.826821808371316e-22,-4.33393562341804e-21,-3.426631406668928e-20,0.00782077586569548,0.008825696928322324,-4.2081754479261437e-13,-0.034883792440608595,0.037846171528403284,-1.9396186243185245e-12,-5.8826769670865646e-09,-0.00044502630576199624,3.265266889505569e-08,-8.38188779008296e-09,0.001915386356787998,-6.712703462529335e-08,0.02418150319671586,0.025812846769551583,-1.4215623392303467e-13,-4.212448931013579e-09,4.374883302304911e-14,-8.654132696326658e-13,0.034484364808773836,-0.06742040800113468,-0.17025134628144675,0.2693948860626779,1.5596689450333428e-11,-1.955101541115925e-05,0.0013373172280701049,-0.023600571669946703,-7.2126391634046396e-06,-1.4385525978223551e-05,8.96981141784502e-05,9.548264704513522e-05,0.012211995326023087,0.15135072583412426,-0.0037314222899286634,0.02185190179822413,0.6517171489281276,1.593329804564389e-08,-0.11371328401859167,-4.427574297430503e-05,-0.1881259922313543,0.09153766464242571,0.12562864045082076,-0.0004958099030122514,-7.511170705937837e-07,-0.4292190639242998,2.344944124877755e-06,0.12710574111956602,-0.0219899499571945,0.1468654765888788,-0.003588584159691266,-3.497482603469496e-06,0.04107716773190321,-0.054075051318719126,-0.09111661531453046,-0.0024270910498970263,-0.019455628095431984,0.0008152220967634666,-0.02244970320774455,0.0648129171980578,0.00406045217917354,-0.03417326389184493,0.11874378810240052,0.006860982955028962,0.0065399652255743726,-0.07393830046810107,0.06053599719046448,-0.058055571782717856,-0.04601800463310326,0.049982591151533126,0.12021639620332462,-0.06302265369183913,-0.028182275761665793,7.429150754254207e-16,-0.003999050813725575,0.01679139424996792,0.030846118999819917,-0.04919127523036676,0.01960231655348963,0.024654554952397975,0.06432892069256171,-0.044350852907759745,0.0904114165411305,-0.1912534445787392,-0.12515183212575082,-0.004302288421187315,0.034502017340337914,-0.05274873128324804
59,-4.3616990778886246e-27,-2.3930348216029407e-24,8.890862338939176e-09,-2.566555692178415e-09,-1.7986677805570673e-24,7.171554743112401e-09,-2.2646976864402595e-20,2.0035783473748004e-19,8.777186934064636e-20,-0.03131328607187544,-0.5474570758131622,6.709583621602087e-11,0.008955133050958918,-0.15804824610708798,-2.0464042909744136e-11,-1.0441433199769208e-06,-0.001252426457748514,3.908560382005158e-07,-1.973223028173358e-07,0.0003619288538262966,-3.448416828421914e-07,0.019313845576459238,0.4212663698431249,-9.47563433342302e-13,-1.3384380477993095e-08,3.8298648051162226e-13,2.4997327588574987e-12,0.08137642858609051,-0.3119221392647829,-0.01840880770717957,0.08905131312317328,1.6425379284713048e-12,1.2865700232983715e-05,-0.0009685859812889777,0.016480578211472065,5.862444644073713e-06,1.5651704341440352e-05,6.054402664360312e-06,-0.00013484929099570684,-0.0005117189825785755,0.083912340112985,0.006059729122363031,-0.031182432485543532,0.024719257464717388,4.555943278521883e-09,0.0575988095171011,2.5636769798377698e-05,0.22191934163308827,0.055495491252293985,-0.306926922454462,-0.001773387404365958,2.739631303713842e-06,0.06837879969547668,-8.372796130677148e-06,0.1322958505419674,-0.0073034990321004765,-0.1750085283002621,0.004608022484762394,-1.3985384880137083e-05,0.07389613075744464,-0.08913954228836163,-0.15358678142208382,-0.004767176583209116,-0.035214859659263846,0.0013813285139157036,-0.04053079427164741,0.09213489625641738,0.14950633117182147,-0.05379403537159611,0.10070704285732068,0.007355713996062909,0.014474948828657077,0.03542999564912727,0.034189290107359466,0.028767613890863353,0.04387136886898703,-0.09641860331122284,-0.01360509900887788,-0.10347948699287654,-0.041123291632740706,1.7517810928787468e-15,0.019401334186004662,0.006001089159187502,-0.017953396496738272,0.01123234567692331,0.011208205157453906,0.011476542202077925,0.0476262456561306,-0.021723889828770437,-0.17484969547793613,0.011068126513928675,-0.1449120431194406,0.05093414608664101,-0.05080857801847234,0.026973902536792247
60,3.420997217977048e-27,1.8738674587096676e-24,-6.972419110353227e-09,-6.174845308121064e-09,-7.732953207115759e-25,6.405897620178393e-09,1.7763646506629385e-20,-1.5717123035557338e-19,2.1180476972628632e-19,0.024590943533980038,0.42945685451501125,-5.1570791597753204e-11,0.022061887717788126,-0.38112519116365706,1.0276794096611054e-10,8.155021032515771e-07,0.0009821892742625804,8.096693949780371e-07,1.7441421175692888e-07,0.0008700475913721339,-3.1603126709579487e-07,0.020552854068138744,0.4154351032978959,7.452029635937208e-13,5.598992436589771e-09,-3.597917357652581e-13,-5.195990351032303e-12,-0.06568980225096167,0.24112432459966923,-0.06155617190394819,0.2168167289012987,4.432521888522997e-12,1.1393977687749154e-05,-0.0009536089001508198,-0.002448086222781473,1.3025669791532886e-07,-1.143364694666979e-06,9.171297339396286e-06,2.525199140605001e-05,-0.001006587437450606,-0.0658563525117473,0.0005120579033230961,0.0056347925771641815,0.05815174034305719,-2.3576823071431804e-08,0.03830327809342248,2.9801556908090886e-05,0.25916158735250916,-0.1457342493181373,0.15815619572641967,0.0026481149332056994,1.1071797304205628e-06,0.04292666226078643,1.5652225202495103e-06,-0.2517596696046447,0.035869056442630165,-0.12723360272169834,0.004790481182506832,-3.2871158187634967e-06,-0.053884143418617275,-0.08821281647009908,-0.1496655422990627,-0.0036916043508882484,-0.03283475176158525,-0.0018757522622124658,-0.0016062214972814364,-0.03177351701136511,0.10442529106551586,-0.07552330666860205,0.2031771408649979,0.004058351305470495,0.0019726950690049697,-0.016935290738818866,-0.03433726250320906,0.0025903437056255052,-0.011108540824543836,0.08691978148594012,-0.08102127594758293,-0.08026436860851413,-0.026199349244061566,-3.469731114978308e-16,-0.012638279787225737,-0.013214890692810925,-0.009170895662971643,0.016440124499386834,-0.020639405617722182,-0.00665545454644207,0.018059690337437383,-0.027845722700021006,0.12156064760576185,0.14287404747852142,-0.1335373381183857,-0.013233735643439956,-0.05238415175904736,0.058589302050354855
61,1.0671887415367592e-27,5.887478373524258e-25,-2.176290259798399e-09,9.338846940540356e-09,-1.360159309940986e-26,6.078986130563203e-09,5.5418751448454546e-21,-4.901799397253981e-20,-3.200652467223769e-19,0.007632148291208073,0.1339361036609411,-1.7861836955253753e-11,-0.03313635882075567,0.5760519040293002,-8.70379725186361e-11,2.7472701436445064e-07,0.00030716025370759395,-1.2958995844615026e-06,5.4924809084998796e-08,-0.0013165064189287496,8.924131320026073e-08,0.018336428564803105,0.39052558185406994,1.9250711574887288e-13,7.387250170914308e-09,-3.1850837900371196e-14,2.0429877668165163e-12,-0.018342055338763298,0.07842131685456494,0.08483657462747562,-0.3262525272108327,-7.920766551184834e-12,1.988858086765998e-05,-0.0009126170844243584,0.0048712360339377295,-2.786942085331257e-06,-3.7555578192675003e-06,-1.3805647109918213e-05,-4.836150315210472e-06,0.00010874248329082028,-0.02054427478699909,0.0015579607313219294,-0.001133147500005441,-0.08826573384353162,2.030938871712004e-08,0.053753471364940554,-4.5173205946160824e-05,0.21875408613595704,0.1498210502061035,0.14911731827591895,-0.0009942017909355789,-2.4568042485219117e-06,0.07535655735650708,6.181432437576093e-06,0.12052278094366448,-0.029523144372965313,0.28505341914424254,-0.007845517706477413,-6.762320599238823e-07,0.09943948507637125,-0.0808961336263792,-0.13968048734470334,-0.0038475204497298915,-0.03123999027358396,-0.00019874886187497878,-0.010423638920158915,-0.01324757599288248,0.1867106673115273,-0.045106963008130205,0.05852745637178159,-0.004654780397627896,-0.007844767734487652,-0.04079811803935516,0.018889540777471202,-0.03564456100397656,-0.03789568680599012,0.04770973255190176,0.11734923606097182,-0.06109044876859069,-0.021680073851536932,5.10173721185748e-16,-0.005989296835369084,0.00819573309117373,0.018478189530719526,-0.031110990841187996,0.024809330917403907,0.005542084260755268,0.03407729936400447,-0.03200052145583512,0.09015291357415461,-0.19090125701049215,-0.12484311255359418,-0.0060122545465919565,-0.05350260886221834,0.011739546749985298
62,1.0914411639358507e-30,6.231857036809559e-28,-2.3153832093407775e-12,6.684338502173097e-13,1.9797784509441232e-28,-2.163331844722182e-12,8.153379783265375e-21,-7.743998102174251e-20,-6.77716426608005e-20,0.5978079380357586,-0.035703789819658625,6.175092104832046e-14,-0.18178612657833712,-0.010909766117768033,2.960762541599453e-14,1.7516139895708277e-10,1.5910875788338282e-05,-7.030730758036609e-11,-2.2950635546015264e-09,-8.140854399310514e-06,-1.206125686776547e-08,-0.4671020432362396,0.02337593501121977,2.2145152544794244e-13,2.8946502367176513e-09,-6.119205923218051e-14,-3.082223842984224e-14,0.21165958179408148,0.043198184155118634,-0.08667829570859117,-0.0167290671431313,-7.509563669213303e-14,-6.839372143447153e-07,1.0716271362146555e-05,-0.0027302044356868373,-7.777504207357035e-07,-1.925520722954153e-06,1.717178970876727e-06,1.5616003309725972e-05,0.00011900391681248495,0.04008915496809334,-0.0005354682394634452,0.0035945525446806144,0.013848544366855925,-2.200531337691178e-09,0.1796702153676062,-5.366823983875397e-06,-0.023789454824577273,-0.018737828255393597,0.10578649355179333,0.000809598250898701,-1.5578626957474865e-06,0.025388265760556028,4.344804755389002e-06,-0.08471394204998015,0.006922404283808491,0.07749308138416212,-0.0018990518251847976,8.100791252605034e-06,0.02356503642229403,0.03483876699636393,0.059204856020909524,0.0023699590641971485,0.017260360941781995,-0.004678958654364942,0.07850133807811774,-0.28094257368504755,-0.03581410696716959,0.02899588661943214,-0.012302159164099616,0.044462656846938176,0.07591596392412633,0.12659384550859085,0.10589748499982304,0.05337854705253012,0.0760513448678212,-0.0974273436717759,-0.015252535542707796,-0.10856373112578281,-0.05839432206868981,2.354131935409793e-15,0.04093820751939382,0.01893709827249925,-0.011075002683326608,0.009485592156324014,-0.008807019512024523,0.058102634357678935,0.12186855859962172,-0.049309278822431746,-0.17525942585842588,0.011166191938572545,-0.14562361642245067,0.06143875103251131,0.1517367380080771,-0.10760797597790885
63,-8.561342171125463e-31,-4.88085093717999e-28,1.8159662922742054e-12,1.6075974379331487e-12,-1.0051856983651393e-28,-1.4683254149437505e-12,-6.470593911545617e-21,6.145994352481078e-20,-1.5338139106116928e-19,-0.47476249742811893,0.028468760491465427,-4.2510904962632594e-14,-0.4115457408628735,-0.024787462619629858,3.9902697081706236e-14,-1.75647445087858e-10,-1.202471889793975e-05,-1.6013488340413e-10,1.124576412016636e-09,-1.1060084842502214e-05,-8.971916040386796e-09,-0.43782772751076887,0.021730716144986388,-2.2123588105869597e-13,-3.4134780902542075e-09,5.030953218056354e-14,6.015308334626896e-13,-0.21160825958976903,-0.047061046439802405,-0.16796167890425803,-0.035999862928618474,-3.041089891413212e-13,8.538023132625731e-07,6.221370027948039e-06,0.0021925753697556874,2.1457385331951615e-07,9.7324358360438e-07,4.684459168792642e-06,-1.1523709312342504e-05,0.000340408937244453,-0.03556013600794249,0.00039828599156739743,-0.0026456936615357647,0.03240406353260375,6.100363316035041e-09,0.21501213191227717,-6.971869144352606e-06,-0.0406241104824603,0.037556768675897884,-0.06838129533308733,-0.0013094250254318833,-7.855168032390832e-07,0.055903126318707544,-1.953244600759602e-06,0.155344487299466,-0.023481245734240538,0.07280185427013469,-0.004730605204426698,4.731150730345586e-06,-0.2533758025658062,0.002288259169640326,0.004749973914906913,1.8739718654712435e-05,0.0012808152140198034,0.0009573472139943474,-0.015078679559232384,0.06015377341944578,0.03617984521813022,0.026174558305430563,-0.1483633709778314,-0.0356918672127116,-0.05504570233756416,-0.0034579814758054733,-0.12078582794559314,0.014224025495811926,-0.009584196775817386,0.09518993263897338,-0.08769824491001033,-0.08536286288599311,-0.04331179642019166,-6.605721741081771e-16,-0.020775363958201728,-0.02172949595068768,0.0007068102170340219,0.02909777527744227,-0.0575591454378212,0.038315056981327165,0.09215668668143262,-0.05879160454216859,0.12241518981196185,0.1436498904593709,-0.13425602221841154,-0.010171311295738648,0.17622136067037208,-0.07235027944729489
64,-2.670490840390996e-31,-1.5327145433351162e-28,5.667668267901809e-13,-2.4316867608432484e-12,-6.640005453665546e-29,-1.4586816166625981e-12,-1.9275836577390796e-21,1.8305112476737873e-20,2.3588671985916e-19,-0.1409945636259767,0.008307193220892814,-2.1502070096458822e-14,0.6328463428567718,0.03806438710594205,-7.38378917365448e-14,-1.1513138837824863e-10,-6.977203711951649e-06,2.631002255505783e-10,-5.648889848459784e-11,1.6348371301227476e-05,-6.0717386139838695e-09,-0.4311220609466328,0.021542274601471307,-5.2370846694945236e-14,-2.726544780382609e-10,2.242447259287365e-14,-4.907474233539398e-13,-0.05672119197579377,-0.006361429645318295,0.23593517263986608,0.04931842684576842,3.4745799253890057e-13,-2.4688336841823963e-08,6.5579163326060265e-06,0.0010198130916515278,6.877322129495851e-07,1.337397725632969e-06,-5.780776434544654e-06,-7.230551418772839e-06,-0.00042466147154655035,-0.012026132385410964,0.0002496299933153585,-0.0016772692697680318,-0.04217254116698334,-5.287849986028753e-09,0.1680915136955754,1.2954551528741172e-05,-0.026019887134648492,-0.03608722818332516,-0.04414153844928362,0.00033699356895620144,1.8237895916399286e-06,0.020809539581904155,-2.7729104127283592e-06,-0.05567721438114779,0.013494906716341643,-0.13769515233125998,0.004894295067650821,-4.593766049036659e-06,-0.010606276794001558,0.025247488653656888,0.046987494399126396,0.0014545505249789021,0.010656101947637825,0.002891098283957429,-0.02745037205075891,0.1406721786796917,-0.24917287238681793,0.004364471953654797,0.12421453726739708,0.017559222347688384,0.019600397348428392,-0.11130466407358171,0.10430890528859162,-0.08410727276468578,-0.0566438194551878,0.05271311733086868,0.12349180860507993,-0.06527160848941446,-0.03590415877921092,1.0108930974615235e-15,-0.0025188659033711803,0.026343912556783925,0.044162337945564185,-0.06892094354126892,0.013739007601579502,0.04713465076797833,0.10043310707781515,-0.0590803946752099,0.0907472364778259,-0.19168358138625596,-0.12549856703468654,-0.002286472273316053,0.12686232002288492,-0.12006750207964195
65,-6.114902955318238e-33,-3.637872191703921e-30,1.3516468886170204e-14,-3.902590684759299e-15,1.6604807570722295e-30,1.9144822997970968e-14,-1.351579951173387e-21,1.2842775052627907e-20,1.135538171518198e-20,-0.0997161449646828,0.006163823658332722,-1.815322315037846e-14,0.030547400888229603,0.0018952424590515738,-9.631504522789895e-15,-8.651004029035711e-11,-6.917918284707313e-06,3.239528819135855e-11,1.6909936151967392e-09,3.220856561621302e-06,4.721433123386931e-09,0.08614933141718704,-0.004589561570131405,-7.221235307422596e-13,-9.431628900213466e-09,2.3518170605024057e-13,1.702771896322748e-12,-0.546069597624338,-0.1737059916287381,0.20117289209324937,0.05706136491449824,1.995353107709609e-12,-9.437027540441668e-06,2.3175860859573727e-05,-0.014726016486225325,-2.1316472246212096e-06,-5.538284177479403e-06,6.106674567242085e-06,5.489251216753884e-05,0.0008762746991628777,0.18210162607702535,-0.002025966863911755,0.012500734766398462,0.04870056857055065,-1.5000893260568572e-10,-0.44191513745055977,-6.755791211156178e-06,0.12491142041967943,0.0071062787412461935,0.11855728475063111,0.000751424761845578,-2.0610482597112897e-06,0.14033223425242197,5.244838030631357e-06,-0.08974670842078049,0.005536330750026134,0.10922466594249662,-0.0031498960940971347,1.1172892295853847e-05,-0.031698556249787284,0.045050713781275016,0.07658532443332826,0.002932983028451634,0.021453653876498252,-0.005111730960933915,0.08724983837190028,-0.3076793951852985,-0.05335962760680602,0.03441460872969882,-0.01607549512710237,0.04763732108356696,0.08097099327626446,0.1322427337313267,0.11195234645233006,0.05465759753873158,0.07798217930448413,-0.09755702329929555,-0.01527634992811072,-0.10883365961821066,-0.05933127548161537,2.3341213148989815e-15,0.04241023946581011,0.019924390791515433,-0.010727761175832901,0.009153330597061847,-0.009677730901650946,0.06067284685239999,0.12594212239479144,-0.05078926575585438,-0.17529274163973624,0.011165970259834838,-0.14565766944010167,0.06206957508543973,0.16200304638699822,-0.1146628485132296
66,4.796812636416861e-33,2.8496348332913903e-30,-1.0601552799862923e-14,-9.381634984202025e-15,-4.2546936168020176e-30,4.185805808698812e-15,1.0697943658855334e-21,-1.0165634885478741e-20,2.538979920385497e-20,0.07897363845868566,-0.004897412738301605,1.2793896617761092e-14,0.06832840360828504,0.004258043742181901,-1.1545625154979305e-14,6.432176671068201e-11,4.898134749975808e-06,6.956374542294045e-11,-1.2803411389634596e-09,4.0324841358975505e-06,7.970400773028027e-10,0.06063918054137451,-0.0030068477876660582,6.075420024980684e-13,8.705989584274622e-09,-1.7938947238372494e-13,-3.0808599196265093e-12,0.4573940605304121,0.1528582987777887,0.3624836948831476,0.12323791634288218,3.1576483766631567e-12,3.627878171984785e-06,-2.8313000913413576e-05,0.008510032998302657,1.583061911792954e-07,1.6577826417513947e-06,1.8046261626285116e-05,-3.0192197459807957e-05,0.00245837673677837,-0.1437708883756044,0.0010909075612472088,-0.006846632856754461,0.12667057315221056,1.2197737357186085e-08,-0.3719240935847136,-9.568811615032577e-06,0.09672896627354331,0.09206013368544913,-0.11575777741316058,-0.001992659635414033,-1.181032512874226e-06,0.17763091017633742,-2.4338326616897755e-06,0.20994741750331375,-0.03221522498615255,0.1058921147958862,-0.006575318819843546,7.395466586529942e-06,-0.3474642888976552,0.009496860883487269,0.0171948285022496,0.0003905453091745202,0.0041789848906547186,0.0009106211720501069,-0.012643149137851207,0.05567177473683713,0.023737142960835053,0.03144048126786392,-0.15986832331240025,-0.03610300802059249,-0.05561669088796265,-0.002353983864120617,-0.12217910244966768,0.014553333952385573,-0.009365872014187255,0.0955196803675185,-0.08793403325314711,-0.08561323512302667,-0.04416726691990554,-5.326243153751305e-16,-0.020822675080210462,-0.02177276368990587,0.0012233972650659494,0.029322266258120292,-0.0591161355111523,0.04060004019208307,0.09590246357584886,-0.0603204567145873,0.1224475038190095,0.14367706049977635,-0.1342890611526743,-0.009950545842028008,0.1868171871407768,-0.07868144686663087
67,1.4960575172274754e-33,8.943728737119836e-31,-3.3083813641261635e-15,1.4192912009791813e-14,1.5762269419391895e-30,6.0440507715969826e-15,3.2100780037880344e-22,-3.0498138795006207e-21,-3.924678157739235e-20,0.02363411040959735,-0.0014444418184512058,5.9882347821927215e-15,-0.10560644597178472,-0.006571595960958723,2.2627961473049115e-14,3.4815126037331346e-11,2.4797327511894496e-06,-1.107344276828171e-10,-2.711200175690544e-10,-7.331525974473793e-06,-9.650686350236579e-10,0.074573762087735,-0.003900122034679671,1.4537923721100665e-13,1.1124999547261415e-09,-6.560011111708823e-14,1.4026564423589944e-12,0.11521009592909562,0.027475753396831757,-0.5923195405131367,-0.19035904540379975,-5.4891449750535206e-12,6.263289191817312e-06,-5.286999569243401e-06,0.006631741809160418,2.0691733409187913e-06,3.983502483019114e-06,-2.6532795800680212e-05,-2.542849088566228e-05,-0.0035985774142891285,-0.04001239256345401,0.0009674353978861334,-0.005810707222907132,-0.1924200034603037,-5.805268070862971e-09,-0.41095734595649147,2.0728607658291556e-05,0.11063775549266558,-0.027579936716768255,-0.08428865011500722,0.00022029054968941898,1.9895147576989e-06,0.12543488252337068,-3.5811174354053867e-06,-0.0610446032093684,0.015026845731240317,-0.16179746502300973,0.005236411856520133,-3.5896799464384094e-06,-0.0627352924474589,0.03429651090705435,0.0628013727805681,0.0019284703461300214,0.01419185064446627,0.0030387788229497155,-0.02661695396524512,0.1444968729342737,-0.28023999983649867,0.007983394655911233,0.12975530978274233,0.019661803091369535,0.022370513903910837,-0.11528857028596563,0.11086296579517449,-0.08711752216956034,-0.057714377942615795,0.052943651075750116,0.1239046545427516,-0.06549262492995597,-0.036676317050578416,9.445900822911741e-16,-0.0021469003453059342,0.027600964813315115,0.0456167002568566,-0.07133283586452581,0.013340133486243773,0.04944068258138158,0.10409676233621448,-0.06055357915783215,0.09077673085674891,-0.19173428271682455,-0.12552960908892213,-0.0020514411210092827,0.13606297707004578,-0.12707167337717903
68,-1.900172834142672e-32,-1.1310252190494015e-29,4.2023113729704745e-14,-1.2133164184094484e-14,1.1854763141284276e-29,6.048509730614548e-14,-6.3367150194583156e-21,6.022657651299073e-20,5.284794159110956e-20,-0.469152425132934,0.02955169389424213,-1.444495620988291e-13,0.1423841171503634,0.008985058376430976,-9.517207983119989e-14,-2.6025325770951646e-09,-0.00018025605429579784,1.23903120140295e-09,-5.548804426849064e-09,5.408001720695686e-05,1.1646736225515084e-09,0.356943173363757,-0.01891251253888747,4.126489386648055e-13,5.458901364287489e-09,-1.0828432442144745e-13,-5.6571947012752595e-14,0.4216736799620259,0.07739669664168614,-0.1430485107591777,-0.02602460526734206,-1.0465338071372125e-13,-9.492848363957655e-07,-0.00014108495798354284,-0.00370064989188913,-9.539512159732418e-07,-2.3666641533457165e-06,2.254714861303041e-06,1.9915910467722673e-05,0.00015663351712185894,0.054138469806560355,-0.0006778668384557205,0.004573760758565517,0.018062824301276238,-3.0657126566331698e-09,0.32324821989361885,-5.501605478758649e-06,-0.040393029196569966,-0.026319154892437267,0.12033369418492008,0.000950973957975371,-1.5940812739341196e-06,0.03167272647174151,4.7691291427140605e-06,-0.10076137548917719,0.008874425241086085,0.0782468980238741,-0.0017020892497194952,8.062639337561135e-06,0.048607259505688456,0.03857962694910338,0.06547795487944989,0.0025352522768850813,0.018636529209151903,-0.004726502859901982,0.07992094350478031,-0.28464840297414856,-0.03902735781975871,0.031677071076564055,-0.01926240031240766,0.044476062803571345,0.07608661931087637,0.12830283463348505,0.10589181100967875,0.053977531946809605,0.07658549427458854,-0.09739691207685605,-0.015334661090509714,-0.10867305622384595,-0.05876800058122632,2.4282703532300366e-15,0.04117946872454549,0.019015827022331608,-0.01096546065919718,0.009675281460133975,-0.009373939727604438,0.05910036343647274,0.12348060633990995,-0.04992672051065566,-0.175263974059015,0.011173988475614911,-0.14563855261910827,0.061623363464900556,0.15612231604872662,-0.11031582276353898
69,1.491385136784535e-32,8.864581776712137e-30,-3.2979051021454135e-14,-2.918697750020596e-14,-8.121529453453802e-30,1.2380108456618168e-14,5.103480552447474e-21,-4.850766797945112e-20,1.2194121420597536e-19,0.3781066073201278,-0.023903555915106792,1.0869407259880553e-13,0.32875472233312625,0.020898649660416078,-8.726410750040639e-14,2.127066485044873e-09,0.0001458644054421097,1.9308949502273577e-09,5.207775777749247e-09,0.00013093694599382102,6.9800891787772965e-09,0.37849856133817494,-0.020247250653534946,-3.4941394738992824e-13,-5.483071851153852e-09,7.665325366108367e-14,9.170494944480166e-13,-0.3450931142463136,-0.07307993027689011,-0.28062183211091446,-0.05591904366078996,-4.2529132872970256e-13,1.1788478673910865e-06,-0.00013808656346465356,0.0027973175970740266,2.5438263072788997e-07,1.1808849598300224e-06,5.889767888639867e-06,-1.4296800026383367e-05,0.0004410235218067151,-0.04451786247966499,0.0005083292356298403,-0.0032810457047553416,0.040753086833648894,5.934784439842761e-09,0.34540149220469823,-7.0103233372779605e-06,-0.0563571257171102,0.035268892880684674,-0.06618322815208094,-0.0012631788139357558,-7.186796486305609e-07,0.06052639836029412,-1.7950506585942151e-06,0.14622730883332363,-0.022073272011585106,0.06885052038425435,-0.004327301568937866,3.891056296230795e-06,-0.2083009962992235,0.006152033378798498,0.01118370594607178,0.0001390445432909946,0.0025019423521248224,0.0011089505257991154,-0.016715304159960732,0.0674903235402367,0.03608089200332914,0.029937279298958747,-0.16357027609303693,-0.037757149429435116,-0.05802222121622629,-0.0032571515631256696,-0.1250536346570131,0.014704902306094069,-0.00968400242506525,0.09544846318632705,-0.08792835730492563,-0.08548637633586778,-0.043733348353206955,-5.308690721062236e-16,-0.02124713394407009,-0.022212914750158283,0.0008776154782834663,0.029757253591480445,-0.05865191147086643,0.03941346829757081,0.09398957156481212,-0.05957440211151041,0.12244273958131517,0.14367714957833322,-0.13427170942552488,-0.010140577055035868,0.18193312097392964,-0.07534978925553835
70,4.64888056741237e-33,2.7805970396536725e-30,-1.0285771141005506e-14,4.412607021432059e-14,7.993657850136837e-30,1.8449155647488183e-14,1.4956287668006398e-21,-1.4213091328885807e-20,-1.8424210932657976e-19,0.11050400726900071,-0.00688423495059524,4.36042561070851e-14,-0.49659348626976113,-0.03148048234480075,1.9217700048832432e-13,6.713604036919576e-10,4.618050230102805e-05,-3.2974445353449883e-09,1.7062368237269991e-09,-0.00018922688923769638,1.597189777172556e-08,0.335157468555247,-0.0178053581347383,-6.921714118186915e-14,2.688213883206831e-11,3.5829664612132814e-14,-8.898439859054193e-13,-0.07702748830061774,-0.0056435477385853115,0.45021505276673024,0.08587213159382101,5.461741827637476e-13,-4.6036572490729696e-08,-0.00013658127176616587,0.0014043547735117612,9.002725081113075e-07,1.7740909006256608e-06,-7.725655509166094e-06,-9.827177347669181e-06,-0.0006025646005352632,-0.015637129900431597,0.0003525320589947993,-0.0022793823845992656,-0.056394452604118836,-6.592661179590624e-09,0.3026346128638747,1.4988518144324768e-05,-0.042053385760202504,-0.04624736039956623,-0.04460707445164031,0.000440008973565019,1.964943545993449e-06,0.02656679580732428,-2.8519971002811226e-06,-0.0694489123388888,0.015887311331337722,-0.1513345162590421,0.005462844007461966,-5.1047076645785755e-06,0.009038914072433615,0.02848015526745658,0.052538778202015926,0.001591390443975259,0.011797969213085036,0.0030092344352320136,-0.028285502170415103,0.14572079795559098,-0.2569107886830427,0.006300653126066497,0.1211511222777898,0.017395944786077686,0.01928273612891261,-0.11263828770339465,0.10478163568079629,-0.0849088670905178,-0.057058909328501335,0.05284889045836363,0.12356580081805241,-0.06536116555238576,-0.036211985918383975,8.777469314042576e-16,-0.0025915063435852873,0.02654822782190737,0.0446273046878907,-0.0694467562890827,0.013374395584857413,0.048016188247555366,0.10185949122636201,-0.059671276537855436,0.09076365192331666,-0.19169560739040992,-0.12551203191559507,-0.002227217422043086,0.13070846537012726,-0.12267623737526583
71,1.5576451251702706e-29,8.892292060517433e-27,-3.3038405052438986e-11,9.537929848183607e-12,4.2013416151585375e-27,-3.078222379666577e-11,2.437308881947569e-21,-2.157019120858736e-20,-9.443280110960078e-21,0.003262404442978584,0.058984469094260576,-1.2281584616882747e-11,-0.000929948030632578,0.017028484790974987,6.25414579036263e-12,1.7751365354563477e-07,0.05369066673416215,-7.324682928757332e-08,1.0171715751141668e-07,-0.015503531703509309,1.052615591679804e-07,-0.0016368659629664522,-0.04532983961401882,1.3282387109314566e-12,1.7408800202132392e-08,-6.398878117764135e-13,-9.383444867901583e-12,-0.0960357240363962,0.5077499680149329,0.017172797721795367,-0.14448344457762963,-1.062213188658343e-11,4.7060070955419376e-05,0.04120986536782818,0.0661560510940598,9.631080068481459e-06,2.4989443384964016e-05,2.1438491288777025e-05,-0.0002715275030336106,-0.004411021828466057,0.39769263146321876,0.009968482510529755,-0.061322400549772116,0.11571288707284352,3.2928213557467242e-09,-0.049435622141600334,4.528473047922595e-06,-0.41032940200152107,-0.004644027431148881,-0.20961719249577213,-0.0015182357562057794,1.8855578827855804e-06,0.307382324391767,-6.0730428885369205e-06,0.07639231034999065,-0.0030081941301843534,-0.1349729114820577,0.0034750548432473456,-8.881874532092448e-06,0.053000057578533384,-0.0831757420438356,-0.14900217634013552,-0.005679075209367561,-0.03201101418060563,0.0030555348501185883,-0.06532849377220215,0.1798704193530395,0.09092994906881745,-0.029458885842744018,0.04528194206230436,0.008175310576816511,0.016998998251877714,0.05255947345449471,0.033620994244565466,0.03546074610222316,0.04604372896696389,-0.09712310883967482,-0.01363358165902669,-0.10459623031111252,-0.044625048094794284,1.76395242375961e-15,0.02059701239139361,0.005934507436363613,-0.025328805893183245,0.01781031938733502,0.014286883077865816,0.013754227663965108,0.0576031658903936,-0.026272195917969525,-0.17497765169662294,0.01105192573513678,-0.14488715190502713,0.05352695434358539,-0.10910946360534635,0.06852429681307695
72,-1.221827951908617e-29,-6.964526815679309e-27,2.5912181990454908e-11,2.293898996835086e-11,-4.5825939489377626e-27,-2.101043414360496e-11,-1.9120035886866034e-21,1.6921116669077554e-20,-2.2789591396132715e-20,-0.0025615787626812312,-0.04627125835496758,9.45623446045594e-12,-0.0023014277749149195,0.041064422000223505,-2.115899285662734e-11,-1.3708392560818072e-07,-0.04212055244642712,-1.3317149326324882e-07,-8.262222749465403e-08,-0.03737726464995182,7.006694891583894e-08,-0.002531044169677802,-0.04479344735359668,-1.060433188343486e-12,-9.700776858315706e-09,5.625002913407238e-13,1.1718002508506e-11,0.07666363744120283,-0.3955026009058263,0.07590318351906628,-0.35613651175938266,-1.614126257786683e-11,-2.1874654209415337e-05,0.040785409761546515,-0.03887942889988321,-4.5097029461753734e-07,-7.905577150907855e-06,4.166328686747506e-05,0.0001753435260395238,-0.01277930334215545,-0.31211287493606354,-0.007032332097766588,0.039722921245702245,0.27578755181649345,-2.4273486079068743e-08,-0.07031015076821387,1.0655665464921163e-05,-0.36338941594447505,-0.20625810991760254,0.16551418926718575,0.0017599956370553127,1.3641266586759119e-06,0.2856369182768539,-2.311706051165601e-07,-0.1766598994551001,0.0250620290049552,-0.11789749424131145,0.003941611746200103,-8.208916440631112e-06,0.024285825475164724,-0.07503989403733853,-0.12083395026977138,-0.0020928965408555313,-0.02445741283878475,-0.005931521908292123,0.02096692802847425,-0.07487760449046714,0.005364344763932869,-0.06720261512450725,0.21658333600801224,0.004054903819877531,0.0006165337377415506,-0.013448411799230012,-0.05035148912011794,0.0050729206906780745,-0.015302395277929409,0.08825496277174122,-0.08197868432153209,-0.08128603286049232,-0.029310425945123196,-4.362264953660516e-16,-0.016270145783203585,-0.01629344530170423,-0.015722055768651582,0.02408434974828486,-0.020076733660715725,-0.005682302149558472,0.0264421716774761,-0.032537828523767326,0.1216347642677372,0.1429325879334127,-0.13349524660066597,-0.01244797903527542,-0.11001100261139923,0.10288654146689691
73,-3.811177634669378e-30,-2.187046441365884e-27,8.087243418467558e-12,-3.469798381058142e-11,-1.3789575264737797e-27,-2.084631380101158e-11,-5.962708456678193e-22,5.277018179752736e-21,3.44374890258275e-20,-0.0007956553658392672,-0.01443042468208329,3.2073486080271267e-12,0.0034521316359548047,-0.06206639692654693,1.5750779361699736e-11,-4.658916102503342e-08,-0.013133465250484103,2.2156620992091445e-07,-2.434939097300457e-08,0.056497749249668945,-1.208929586439927e-07,-0.0018628173606594842,-0.042115777671974844,-2.994026588987304e-13,-8.296203972663548e-09,9.232346859348419e-14,-2.18130060812687e-12,0.022143168026802683,-0.12693535653661014,-0.09919408482645008,0.5347181192443587,2.5905005212326632e-11,-3.377638518621574e-05,0.03835158385399491,-0.035983803216651525,-1.164204687090457e-05,-2.3894633650680925e-05,-6.847268687711992e-05,0.0001524954974724725,0.01885663041962797,-0.09714498730871642,-0.0063534705629681235,0.03473096885874969,-0.4184059674516569,2.1944953827105902e-08,-0.04317449815424366,-6.37606735608504e-05,-0.36875453699998945,0.11748516926982668,0.17034234700491596,-0.0011141288849241678,-7.446217071238779e-07,0.29521846652015754,3.4445508974599004e-06,0.0897587333850718,-0.021132425935788016,0.17157901229209,-0.003821152343969363,-5.943828390213901e-06,0.07675309659031858,-0.07466623449240209,-0.12303424397686534,-0.0024136863114729823,-0.02593258282051201,0.002461492439815606,0.00561648672230525,-0.07530644177091787,0.20241951412710232,-0.013049983734713621,-0.042766031215146466,-0.009480471407086027,-0.014568906967983358,-0.04848466344904222,0.01734402641036144,-0.0427608002176629,-0.046564197106911225,0.04862889170240703,0.11925662837251075,-0.061999965565818105,-0.024503677497421487,7.224243788676292e-16,-0.008634447243040716,0.00901915261180728,0.01595834773772937,-0.03216579305841885,0.029183639594989947,0.00738156703698213,0.042898857358131814,-0.03667765663975747,0.09022530715529241,-0.19106319537417898,-0.12481637097229521,-0.00515880395061516,-0.10821670671867797,0.0482787001418486
74,-2.0719781620861853e-32,-1.2327158466678576e-29,4.58014051888765e-14,-1.3224168138018306e-14,7.281604601007656e-30,6.48766941357917e-14,-1.297535241060214e-22,1.1488594811493847e-21,5.024843010813427e-22,-0.0001657081025189184,-0.003145001974629086,1.8349217504210913e-12,4.69290156100683e-05,-0.0009079164893284802,-4.466475223950322e-12,9.672835761839992e-07,-0.5661614111431154,-3.253986759436184e-07,5.109533275771409e-09,0.1634785367096624,1.3803397715949926e-09,0.00011311427083393913,0.002422507885740298,-3.711287957323879e-14,-4.4231911314098237e-10,2.2258712416799827e-14,5.408401982060352e-13,0.00181899725100127,-0.017323303370432003,-8.332024791280738e-05,0.004906053372163732,1.1391180545599094e-11,-2.314638190376241e-05,-0.43557354897361905,-0.007955059928076312,-1.7728323679577528e-06,-4.552250994797354e-06,-2.743924633643126e-06,4.2060265291481695e-05,0.00043385909393688554,-0.047307956774072346,-0.0016013222080306924,0.00960274022586908,-0.013810751161750325,-2.5197504963568777e-09,-0.0017345614737502933,-8.910800076257524e-06,0.021559426875822206,-0.018183406813093904,0.1698155023583127,0.001292498677896484,-3.0905364041874452e-06,-0.040437137263848295,7.2911837805613285e-06,-0.12071901622093742,0.00840875050010732,0.14756241503209894,-0.004411202070433789,2.007015552331702e-05,-0.1032741123685865,0.03460310657701555,0.034322819102768666,-0.003489324940471617,0.009594031054017111,0.006906903601055919,-0.10425260974251008,0.35922409552985163,-0.14907465012232288,0.06532999871989555,-0.159620635963154,0.00828605772511125,0.02012536630338251,0.09144716683621057,0.027914023470241054,0.04915804694189767,0.04884152374417163,-0.09842322807988851,-0.013671257775531874,-0.10685032956679878,-0.051353408862859,1.888695350632056e-15,0.022072808486436116,0.005392867946055401,-0.04132618255411028,0.032643330666034684,0.020703473215993796,0.01841286953849283,0.07762976236103623,-0.035235307966508846,-0.1753077364838163,0.011010091963256904,-0.14519664578706273,0.05845958854405673,-0.23753087561124522,0.16078273570384496
75,1.6253561535746186e-32,9.65617178238652e-30,-3.59240438778372e-14,-3.1790272961919284e-14,-3.859307796509551e-30,1.4183593911879973e-14,1.0178908374913786e-22,-9.012537579627341e-22,1.2128726647975252e-21,0.00013008614398452131,0.002467177131614339,-1.422480179267751e-12,0.00011717457364691061,-0.002189594154373015,6.120410960196439e-12,-7.595066491046709e-07,0.44416107810705824,-7.757292741788698e-07,-4.0951598792919115e-09,0.3941411391189604,2.378201607693759e-09,8.676828459264563e-05,0.0023864204490633527,2.8951099840314317e-14,3.216630245448002e-10,-1.8330581928887012e-14,-5.770691035757706e-13,-0.0014244894126466533,0.013541327307412622,-0.001641184927923243,0.012274774394853276,1.1444515191370196e-11,-1.6617810440679675e-05,-0.4293975771573784,0.003973243192605391,2.086378862694428e-07,1.413780261788353e-06,-4.926638426446043e-06,-2.3084985406650112e-05,0.0012470177832596516,0.03712510342944035,0.0007635681642757,-0.00525670445800452,-0.03278412758049308,1.0285195483337458e-08,0.005496252457393221,-9.753532494095099e-06,0.0036832473529080584,0.07073745447083457,-0.10222013312447921,-0.00170703931623613,-3.3755718939371736e-07,-0.02199239947514782,-2.2946263993997663e-06,0.19414919887541296,-0.027810025860000042,0.07784572756055637,-0.0036688269411406823,-6.7328341251613625e-06,0.1520665043775824,0.05833768198533458,0.11675991677493323,0.0057404466615101225,0.02846441836778953,-0.014968095027657944,0.08645277222120133,-0.18196085379454552,-0.3214702942793317,-0.007321636236231158,0.1597462633051967,0.002567070185739255,-0.004067793397507138,-0.0018739827061977365,-0.08663471946234616,0.010601403639166118,-0.024654051643264785,0.09076106632204888,-0.08374600939129014,-0.08334732929269915,-0.035310092886291736,-2.7741039450948765e-16,-0.02413298776567541,-0.022678383445574775,-0.030137773088037067,0.04099097952456875,-0.018411249057980434,-0.0034803128414039263,0.04347365168327336,-0.0417568944239633,0.1218505719510257,0.14311109049173362,-0.13375561735291494,-0.010862567904778415,-0.23687835577340877,0.2001782804853873
76,5.069250519227965e-33,3.030636630932581e-30,-1.1210654872867382e-14,4.8093579128708677e-14,-2.2713720145273225e-30,2.0477474064322385e-14,3.1742548387207236e-23,-2.8105805168682617e-22,-1.832676053964899e-21,4.044111930262632e-05,0.0007694008762311511,-4.67179873720391e-13,-0.00017530965016262376,0.0033093684024982457,-1.6908104868674524e-12,-2.3588721512719543e-07,0.13848956276816868,1.1764525237101816e-06,-1.0552167612536276e-09,-0.5957565078238947,-7.648168912624451e-09,0.00010395012506083904,0.0022413896244618393,8.612497199948644e-15,1.1786552489296298e-10,-4.42054052794049e-15,-1.5514091480460222e-15,-0.0004528382001561947,0.004257497419240201,0.001823286394558068,-0.01833217106860857,8.349566716925375e-12,-1.5394782571199227e-05,-0.40360959573077443,0.002747047252982103,1.591013231329883e-06,3.0557378021038657e-06,8.114859035029387e-06,-1.569146691620793e-05,-0.001710601495775689,0.011559948774020277,0.0005187637409250196,-0.0035923834395060346,0.04977076218880515,-8.206777365984908e-09,-0.0014157779561748236,2.276146004317902e-05,0.013644772063393854,-0.05121198536459748,-0.08365143264960487,0.0005111015328710466,3.1044626888025576e-06,-0.04325840378841343,-4.940379957154088e-06,-0.07415387398504568,0.02018633396821192,-0.22675026262362202,0.00787293095668019,-7.349441853779318e-06,-0.0947717591053214,0.03565548853749398,0.07537949063405454,0.004868854126770668,0.017837098556493593,0.008896895081361744,0.05651611200959106,-0.22898952901686884,0.1357757776306592,0.09605860332956306,-0.3431682066253324,-0.021053172453363456,-0.03044687458500444,-0.06029122750811748,0.01030645851652668,-0.056405298473664316,-0.06456858565347376,0.050362389384167525,0.1228324287020464,-0.06383937459365593,-0.029958004721105422,8.004435864933689e-16,-0.014553098687147964,0.010291940718496788,0.009414521713038766,-0.032378348328011834,0.0380263492173004,0.01119539580175291,0.0606717214175146,-0.045843017599783036,0.0904318463637122,-0.1915230616205853,-0.12509177201199784,-0.003458583551069791,-0.2285335231363394,0.12997652998233644
77,1.8875322778898738e-34,1.1719258101055447e-31,-4.354379900920181e-16,1.257471468630539e-16,-2.7857586376683526e-31,-1.4162849068604893e-15,4.0627488104239264e-23,-3.5986416943774906e-22,-1.572814786454967e-22,5.000295500599331e-05,0.000985931601012162,-1.075458939688272e-12,-1.407119325814715e-05,0.0002846145693713489,3.7167509181576375e-12,-9.115086418858603e-07,0.5228360339453992,3.0774024214837297e-07,-1.5822671509215422e-08,-0.15096876822794603,-1.2023241177929242e-08,-9.386601069555916e-05,-0.0007698806694154519,-2.0505994755059121e-13,-2.6625295378552517e-09,1.0137770506875079e-13,1.6429950168598587e-12,0.014479381760289343,-0.0801728886074604,-0.002455765933594012,0.022788256397799186,-8.177209679224439e-12,8.255075992546436e-06,0.40226747083942954,-0.014104745177736244,-2.7257669530871594e-06,-6.971276244216141e-06,-4.9751551966395115e-06,6.777227647805829e-05,0.0008670854898945813,-0.0897329259090913,-0.002426122454053078,0.01539681256039156,-0.026146916784268892,-2.9699749348543964e-09,0.0050442535945310315,-9.53269439675602e-06,0.07226894648217094,-0.01789415972649098,0.19884219643477247,0.0015179410606383642,-3.4822912060183156e-06,-0.07349190846267165,8.342852670962448e-06,-0.13582924837704782,0.009266296133275108,0.1699462757814026,-0.005035777503441804,2.2346553352408903e-05,-0.11567583020164157,0.044082171506176285,0.049148567301453616,-0.003297367275964755,0.012923297337197541,0.0071938205810958555,-0.10703145791062424,0.37243538963437584,-0.16764884917537914,0.07264701852335048,-0.17539437579989375,0.008282698374989576,0.020340739753734485,0.0943407410345124,0.02745989245638749,0.05016725244678902,0.04903499168361243,-0.09851563249993048,-0.013673542394666623,-0.10701523550930912,-0.051846143937821526,1.9931493964962666e-15,0.022174216987606406,0.005349885590670831,-0.042511908737853515,0.03374656979404616,0.021177307060550776,0.018756198411675702,0.07910348743268941,-0.035893936185359084,-0.17532831597410042,0.011006662324498704,-0.1452206542178113,0.05881973899281027,-0.24706560567823058,0.16763748167608578
78,-1.4807173136256982e-34,-9.181165720853501e-32,3.4154368577431564e-16,3.0212880011047544e-16,3.0172808733819462e-31,4.1254965461127763e-16,-3.1871486555427654e-23,2.8230543529683327e-22,-3.7969369917921225e-22,-3.924880355548751e-05,-0.0007734412854932016,8.358606956602565e-13,-3.543733347804775e-05,0.0006864353321143924,-4.4973700654417046e-12,7.155540661945292e-07,-0.41016866582471423,7.302444417226513e-07,1.2660369265894874e-08,-0.36397719026678066,-7.41114589300761e-09,4.240965094173393e-05,-0.0007433117912484093,1.641561201534083e-13,1.5293573100398265e-09,-8.8473693390349e-14,-1.9444160452138926e-12,-0.011544901920135622,0.06251096189579025,-0.011536849467659116,0.056309171461529,-7.169027710340505e-12,2.178099064561398e-05,0.3965060032503253,0.009044443102544155,3.155586894569482e-07,2.4517482907990085e-06,-9.32370002196293e-06,-4.449000855501763e-05,0.002589914980257589,0.07042300712946599,0.0017326481946839261,-0.01011358022503716,-0.0621998779494852,1.3109350573322475e-08,0.014574219425326647,-1.0977069576503115e-05,0.048886834782911635,0.09466203152001593,-0.12433441844076655,-0.001973417484630118,-4.80746908428926e-07,-0.05182712504244467,-2.4314079003115836e-06,0.22309559493685485,-0.03193554545888693,0.09366243775139721,-0.0042753813767932025,-6.5317714477425745e-06,0.16118900950809478,0.06897238360142649,0.1356188625381133,0.006352020961652957,0.032633086624479946,-0.01563954262731542,0.09142378914811365,-0.18999726367016234,-0.3464750925110522,-0.0025930370126552977,0.15493905366386732,0.002446516509313404,-0.0044272222402196955,-0.000989207071143568,-0.08933561613262639,0.011011890168831608,-0.025349646908543525,0.09094461178153772,-0.0838741715992224,-0.08349904921053325,-0.035750097457443966,-4.012519800855383e-16,-0.024716062007427767,-0.023149840376254716,-0.031207964278141282,0.04224656580261325,-0.018284603694546375,-0.0033163866828376065,0.044729197284468385,-0.042434366857824105,0.12186746880486703,0.14312330198509055,-0.1337771468916003,-0.010745882102204962,-0.24629911382604983,0.20740111523816646
79,-4.6175847487897806e-35,-2.880007205485847e-32,1.065721817837928e-16,-4.571465407340468e-16,1.2315990766724354e-31,8.918568992001798e-17,-9.938855315836911e-24,8.803612070103344e-23,5.736997616239206e-22,-1.2208529804115942e-05,-0.00024119556341389167,2.7143552647767915e-13,5.2887899646061434e-05,-0.0010374644701243525,7.734206916637669e-13,2.224623517895747e-07,-0.1278908941489573,-1.1090214243748122e-06,3.581089449549311e-09,0.5501634534707956,2.200842151227374e-08,-3.921260998817763e-05,-0.0006964053713157973,4.700218791441358e-14,1.2548022581720204e-09,-1.5421724175102405e-14,3.1646188002989837e-13,-0.003342032556373863,0.020038600643677525,0.014931274096623513,-0.08451397659387001,-1.387982870486128e-11,2.2323865916021185e-05,0.3726936773939916,0.007558294423747829,2.8798289176762784e-06,5.7845368883727905e-06,1.546624361030477e-05,-3.47276101250427e-05,-0.003810973368706033,0.021923978135904198,0.0014126293574346506,-0.007930504346637477,0.0944129927659197,-1.0686557178931713e-08,0.0046263381631400525,3.0219508975127568e-05,0.059214601544529004,-0.0640494111797936,-0.10486293458324208,0.0006461492501981732,3.389224040064959e-06,-0.07517688587449853,-5.5757974507370016e-06,-0.08696548570835368,0.023407641610937058,-0.25724545392543324,0.008757522828007623,-7.377034151757482e-06,-0.10837840090550223,0.04452482470491667,0.09124425591554203,0.005438195317180992,0.02130986506481246,0.009378364244955296,0.06040254939714296,-0.24051560595964996,0.1301343225005245,0.10442043591284121,-0.36599331694533066,-0.02191869989563225,-0.031632923285857005,-0.061133659947550066,0.009759180435965454,-0.05740480441521811,-0.0658982544131713,0.050489568046150235,0.12309257849489122,-0.06397487987743035,-0.030358095386404015,1.1164860009227752e-15,-0.014993307117475489,0.010382693415963694,0.00892189129378504,-0.032379876201240276,0.038677467911833484,0.011476951390833129,0.06198061516881206,-0.04651623129496818,0.09044779973032223,-0.19155567058268413,-0.12511415646355548,-0.0033335774579633035,-0.2374666577682457,0.13605154210190817
80,-3.218549223998005e-19,-1.4716632121833774e-16,0.5467004247154702,-0.15787953494200122,-1.0421601451503414e-16,0.42199326455055747,-1.1138781430519273e-16,4.0877002337001944e-17,1.8142228382452183e-17,1.0264005980879985e-05,0.0001787245468599022,2.8062272538686045e-08,-2.9977328340929293e-06,5.2668110932128234e-05,-5.7173139963827566e-09,-0.00033079096542797283,-1.729003622708181e-05,0.00012110548023913477,-2.5568408481700528e-05,5.260555240009923e-06,-1.3974231192120122e-05,-1.581423518513364e-05,-0.0002704090171586149,-7.2195389297780666e-12,-2.0595852951347038e-07,-6.047169351833224e-13,-9.971679329354205e-11,0.0012887776530335767,-0.008413937695884045,-0.0002989143067783209,0.003585401599516587,-1.0148276985175483e-10,0.0034152864905494535,-0.0001825302908437702,0.28806666272873493,-0.0001938760189995972,-0.00038843246431070113,-3.0278947026833578e-05,0.000981476245686134,-0.027878091239306048,0.002646388159139445,0.16926248237299957,0.22666495124122787,-0.00010768186269697084,-1.1854426762167039e-08,-0.0004233675607599368,9.833552435371427e-05,-0.005073414420960853,0.007414237024227754,-0.0431875346544175,0.0019668068085840883,2.7329821073858632e-06,-0.007347096148197026,5.172843046543497e-06,-0.09906001209481649,0.0014290582836589524,0.08582726899294393,0.0003312658925627286,-3.806651102339987e-05,-0.010641374807767494,-0.12069620103025311,-0.15148467507823293,0.002192410352552425,0.003160772614521125,-0.0015635583637359407,0.04508388138036054,-0.07938546302025895,-0.1574647902120004,0.032449909010889316,-0.08216557602703449,-0.06128563121420325,-0.10890102998513047,-0.21780431486750645,-0.13754942445214716,-0.08763024908206368,-0.07498767375623673,-0.07949210628084095,-0.00887071872272852,-0.07170795785429906,0.047745825534203215,-1.8010722332497637e-15,-0.04940287646324215,-0.022299108668481487,0.035489569114927594,-0.03467211359785113,0.015881571119914308,-0.10217652136813007,-0.22098411785118688,0.09449463599368016,-0.17126057372703543,0.011165379914756005,-0.1419280743271313,-0.01231237913413019,0.04293636151382698,-0.043743741675266824
81,2.525208411594385e-19,1.152187509847031e-16,-0.42887819582530495,-0.3806769585509352,1.0149953059751889e-16,0.41599605589963823,9.307261116984559e-17,8.434886460403256e-17,9.427829701605123e-17,-7.914591160468278e-06,-0.0001375909930712582,-2.1919573872063128e-08,-6.9812294454675e-06,0.00012000899912246934,4.2441505358938955e-08,0.00026166343793306745,1.3033967672048758e-05,0.0002833664082303669,2.1896028390456576e-05,1.1090556414947897e-05,-2.053981956116304e-05,-1.7938001847426729e-06,-0.00010117709702804219,8.643616114709206e-12,-9.875063931200865e-08,-1.6253083626018403e-12,8.210442255426473e-11,-0.0009040750410050594,0.005669040737778641,-0.0008011640337234901,0.004025907696419128,-2.901828282242361e-10,0.003380577400177607,5.378345310049949e-05,-0.16112391912206378,-2.527534360464505e-05,-2.0911358357056645e-05,7.137384342683302e-05,-0.00010512187532048561,-0.27009593137323684,-0.0014540665673863232,0.25246149514278526,-0.05084198589794397,0.00015649109746068343,4.041539004530861e-09,-0.00025542186865139623,-7.122941130922703e-05,0.010155698020012378,-0.07860747484332664,0.020840423488070994,-0.0027760146553452744,9.997018492506599e-07,0.010690413058836926,5.175737465475239e-07,0.1265581242125916,-0.010940298632566887,-0.002942730058955769,0.005599043688840591,6.948951560372783e-06,0.03943196364886099,-0.0013947272856106518,-0.022946362104397697,-0.0036878722703993063,0.019592831117931232,0.022581369851985257,-0.04569265731974966,0.02168847909292422,-0.0015344308629665396,0.08795887876197378,-0.10377463413025118,0.09117535457382336,0.14779496241805545,0.022116797607077576,0.31213407600821286,-0.03648272935481455,0.025562306706282914,0.047204377046125345,-0.04933799417883364,-0.05038095988330535,0.05632415502065586,-8.67822612024992e-16,0.04581018723718264,0.044072250197503375,0.02755542210686012,-0.07793641059504669,0.0606761521861426,-0.10212381072851816,-0.2327080856383235,0.10049541055271077,0.11784620190412962,0.1394923166131837,-0.13075992637702208,-0.02987765935716552,-0.020802243517297054,-0.06547943968871049
82,7.870201201401005e-20,3.624634072701076e-17,-0.13373667311823953,0.5753936799837921,-3.0367556789963115e-17,0.39100918202690926,1.2718470819519788e-17,-1.266613943744946e-16,-1.20648171510306e-17,-2.512904687263187e-06,-4.392570559256643e-05,-6.994189503597941e-09,1.0605357165544713e-05,-0.00018348730214928422,-3.8900931115072516e-08,7.908076695419999e-05,4.292244238822112e-06,-0.00043140325605565223,4.359638646668409e-06,-1.7265636173703155e-05,3.683701927317199e-05,-4.954583859901637e-06,-0.00010405740620942594,3.265364164664917e-14,2.052661846440562e-07,2.390187967292818e-12,2.313900832892823e-11,-0.00032611279120121065,0.002274331104605161,0.001139379291230564,-0.0076950290084708125,3.6191730041671327e-10,0.0030921663538077252,3.148944484896073e-05,-0.09944288171374352,-0.00017912489411500734,-0.00026404129623905506,-8.153474165034068e-05,-7.902898696116915e-05,0.3112445646174972,-0.0010248334071220552,0.2372955913117087,-0.03899341966122473,-0.00010718532187847546,1.0233145254036599e-08,0.0009814037071931895,-4.805837113709233e-05,-0.0007007312827168851,0.07197286646900018,0.05591313581037034,0.00027174719747351006,-2.752422727902341e-06,-8.67467054729814e-07,-6.387340568226886e-06,0.01676518645577641,0.005253259859362726,-0.13011731966922363,-0.004905373058106653,1.80742746868601e-05,-0.021968125920325696,-0.0025545905339424964,-0.02827470954882314,-0.005478490139918617,0.017025374066513187,-0.022638016659165185,0.010212885403708493,0.01043579937153177,-0.07833668662499163,-0.015863938701161553,0.00423115470121408,0.0011767948555309073,0.013951006838416461,0.2873541929446732,-0.17713776976585657,0.17194212916921817,0.10361731618203951,0.022478694682147925,0.07202864965909088,-0.03534908043741094,0.05006419713684559,-1.7028166933801981e-15,0.013663860932833038,-0.043889150108494125,-0.03358950243649414,0.09742239439093553,-0.008062930427267101,-0.0968046427497232,-0.2092042058282657,0.08838252239123033,0.08743963555097173,-0.18585366969629918,-0.12215082246646428,-0.025525440278957923,0.05991649559163254,-0.013271761501042915
83,-1.1525044283580315e-23,-5.853998135943117e-21,2.1746722576425663e-05,-7.387613694239447e-06,-4.147471508071743e-21,6.180375198281814e-05,-6.835071630222845e-21,7.365171649141079e-21,-2.844921937683683e-21,-9.445142332807601e-09,-1.6986285925111515e-07,-4.742580374039086e-11,3.2525226264417442e-09,-5.902296407185681e-08,1.1485403283943174e-11,7.310731713643174e-07,3.515208820368573e-08,-3.15184320811503e-07,8.878639553851277e-08,-1.2619305370275202e-08,5.7446790159510655e-08,5.8124899783206034e-08,1.0234008126973396e-06,4.173204023814674e-14,1.1722408955545731e-09,3.6156755433823575e-15,7.099490766205617e-13,-6.758215440893969e-06,4.992595495739807e-05,1.8478773738482092e-06,-2.5360991252336037e-05,8.684139751952682e-13,-2.8962325481560508e-05,1.5787255983472519e-06,-0.0029654340834818155,2.669332782349803e-06,5.230048545656401e-06,3.985386326131776e-07,-1.1892362265584767e-05,0.00027857973222487756,-2.853642478384454e-05,-0.0017923276876473512,-0.002781345842825543,1.438095263890057e-06,4.926091594758748e-10,1.1410532361098519e-05,-5.012669100430085e-06,0.00019778969535318185,-0.00042221821053099046,0.003106264377992576,-0.00027809010871873165,3.428206320578307e-07,0.001986881856487234,3.502376165155632e-06,0.07341003160830906,0.5905943643196753,0.02254558124897081,-0.17066134268246094,-4.815176117143211e-07,-0.00028179241966279855,0.030927748488825,0.06093803472332288,0.024886068235202945,-0.5408379373287915,0.00021227980423817373,0.000724229306499848,-0.007984557539922155,-0.020615007025774193,0.010329844491062074,-0.014425963683473892,0.011194023778209447,0.021085818765058977,0.05488529065800116,0.06041484399337905,0.08673498524908506,-0.06868477876508507,-0.012020752178833846,-0.0011469947842647288,-0.01182678591813023,0.011218887677712298,-1.019519279682779e-16,-0.4919369841512915,-0.0011888295886472258,0.011346258742712239,-0.05517547022815771,-0.020669259629438,0.1983074512281177,-0.10413900195548906,0.02754324492074309,-0.02323286431307018,0.0012072517642557046,-0.02348915502349445,-0.003833289503900495,0.0023271236519772295,0.0034984213478751417
84,9.042474809085798e-24,4.583190959531012e-21,-1.7059970132141426e-05,-1.7812994007599282e-05,5.517874107433988e-21,6.0925042418017324e-05,1.5824928480296855e-21,1.3765313650907413e-20,-2.6175799791177874e-21,7.301578280391464e-09,1.3110082280611318e-07,3.704775985258787e-11,7.576847702553154e-09,-1.3448601526748258e-07,-8.596298416101125e-11,-5.783649192532603e-07,-2.6568961372344284e-08,-7.375899841298369e-07,-7.601227984991811e-08,-2.6588936757979325e-08,8.419757257584171e-08,4.613695012338146e-09,3.524106146648423e-07,-4.9743060226337184e-14,5.531401324277746e-10,9.73831421668123e-15,-5.841036464834074e-13,4.765739831247918e-06,-3.386426345694828e-05,4.9750669516900135e-06,-2.8103272449716733e-05,2.512263688602806e-12,-2.866609072015198e-05,-5.015437219971361e-07,0.0016880603666003225,1.752784237469573e-07,-2.506437770116081e-08,-9.374656340013995e-07,1.6841511863324e-06,0.002964493058118159,1.595343733608741e-05,-0.002794809081093528,0.0007061381339635946,-2.0797980888140468e-06,-1.9674354723946625e-10,6.060726717187902e-06,3.5851542023414454e-06,-0.00032311709830947736,0.0027121608017063002,-0.0014670021920947355,0.0002992167352465812,5.382680686029747e-07,-0.0019280994977896248,-3.5023274560984375e-06,-0.06165199422745732,-0.46168870620367386,-0.03395343850093624,-0.4177189050774078,4.4547342480447204e-07,0.0021981752508084874,0.029115048928837137,0.058546452989138104,0.024851690443416608,-0.5371649398082234,-0.0004247106929553381,0.0039495832369052675,-0.012058988213315745,-0.02985556053370572,0.006628135901351867,-0.013051533073226861,-0.008356638660135546,-0.015508609729037552,-0.0008663123155240126,-0.11734033625568517,0.030919268223367248,0.004110286981699644,0.006926003943329761,-0.007270268462801361,-0.0088369077397373,0.012649673502695042,-9.305062114191327e-16,0.29194353156107355,0.37380290123754834,0.007714282178715354,-0.13797726053547799,-0.008079761654484882,0.19811065167048023,-0.10663557616980204,0.02865622299750675,0.016566100661503172,0.018915780641648335,-0.021962954539718207,-0.006872262401106349,-0.0225524670358144,-0.005658507171801614
85,2.8179844472245066e-24,1.4418021765284994e-21,-5.319793507763648e-06,2.6924505965654853e-05,3.3657746527504678e-21,5.726688770395189e-05,-4.96788581563319e-21,5.650607764080601e-21,-1.2180544207896668e-20,2.32324774777178e-09,4.193887972860839e-08,1.18242714784312e-11,-1.1522313426216003e-08,2.058615731032635e-07,7.889940985623481e-11,-1.7480524183331968e-07,-8.763991701065288e-09,1.1231277818770634e-06,-1.5169273767375126e-08,4.145952145663751e-08,-1.512557667999648e-07,1.6861934882208235e-08,3.6918101689174624e-07,-3.3970592809630523e-16,-1.1610755779325494e-09,-1.4326883646195818e-14,-1.6482920662557954e-13,1.720628508137234e-06,-1.3570540060163206e-05,-7.084799574976973e-06,5.4277365432855114e-05,-3.1404795394697603e-12,-2.6238261706384328e-05,-2.9278401585126066e-07,0.0010254582574352458,2.406446699496737e-06,3.3958997121180884e-06,1.0282749784070968e-06,1.2006505283019788e-06,-0.0033966447260874275,1.1014157505284866e-05,-0.0026213508555405526,0.0005207853187878037,1.3576256446110212e-06,-3.7165915066268776e-10,-2.3654693373758953e-05,2.1311208502245546e-06,2.3147276919781025e-05,-0.002352119753958244,-0.0028741036800757026,4.832309074028472e-06,-1.07857349012529e-06,-0.00025061148246286917,-2.5254218145178548e-08,-0.015838138147186275,-0.14532674599489198,0.014584936861704345,0.6424435403308932,2.2070040686379655e-06,-0.003226663211227701,0.027553129330472756,0.054664742768996695,0.02289194007988307,-0.4953762212167104,0.0003399837273773199,0.0022458773627862336,-0.010418320614357648,-0.023587890144267792,0.011562520260702073,-0.018050796749108755,0.002103928839080163,0.002034455349871522,-0.049007794728173834,0.06038930303754114,-0.1216804282203553,0.06600731182746043,0.003235373099226826,0.011115200119291218,-0.0067138291599693365,0.011633354067159991,-3.8126510240592614e-16,0.2113294482825142,-0.3889362038271358,-0.02184872928576974,0.200681882754492,-0.027139480276305274,0.19793687868381787,-0.10179633394583774,0.026487103863312156,0.012424534304024164,-0.02607421406591856,-0.020776066532494142,-0.006133965571180146,0.009449821520656038,0.015841945134691664
86,-5.446495008609934e-18,5.6683392126259695e-18,1.7725861546230147e-11,2.1797744765186393e-11,5.596818359471034e-18,-2.370800977311524e-10,3.0183266692053796e-19,2.5693657973337722e-20,6.856070703000682e-20,7.657725699659474e-12,1.4840428042262003e-10,3.0362978933920875e-07,9.408058422240573e-12,-1.7981948827867993e-10,-5.267164372109156e-07,-0.002564358168632313,-4.186075022929713e-09,-0.00264963111938331,-0.00011493595135891874,-5.008340519147005e-09,9.936755122137016e-05,1.6039251952102105e-10,3.203531660892477e-09,-2.203086717642746e-11,5.505143966713732e-07,3.65447202371318e-12,-1.0729448103845165e-10,1.4765606980045335e-08,-1.998900913007909e-07,2.335317047218557e-08,-2.3577405491090698e-07,2.4161010323162677e-10,-0.009323204035019258,3.5787301181304986e-07,9.102927704309816e-05,-0.0001505048908801076,-0.00020296623260375316,2.0243269603872958e-05,2.4423750204579065e-05,0.00013535203027155055,9.443090188668098e-07,0.00013139635026765834,0.00014736430295575635,-2.480880807083231e-07,2.3031905701767482e-08,-1.4072426177368733e-06,-0.00012987732190982058,4.8074873972604425e-05,-0.0004024504452546916,0.0001254325478859936,-0.0047281328651745365,1.0319429018162978e-06,9.172941854372583e-05,1.2351895499390496e-05,0.0012625125229580468,-0.00010645432704855365,-5.836174026650616e-05,8.318206022257973e-05,2.652603904420943e-05,0.001084699628014026,0.025078004048095733,-0.008984823527034332,-0.005093260446607643,0.0010844869249426368,0.05862508177300421,-0.09348079354237818,-0.02237806837642171,0.020073265665554434,0.1328022279760291,0.02922462699072962,0.19106599259191218,0.2800524035961494,-0.19476605356785856,-0.31773498749317153,0.16467358526083456,0.08135580827805722,-0.1331989189635119,0.11270314003391256,0.09568459595900765,0.2849367216725304,-7.544370643775939e-16,-0.027741645785980627,-0.13373675147212324,-0.192272830569999,-0.08091253746911957,0.3871435533795455,0.11952521441965998,0.2760726501144391,0.2723475238811001,0.09225982470423749,0.11380524281566544,-0.10425828958845453,-0.015430969105960446,-0.19301118863498293,-0.33565865838208775
87,8.227767257409419e-18,2.762083352624103e-18,-0.0014393471799027098,0.0004894190735933528,3.219207118691405e-17,-0.004147304809054051,4.605008607706535e-20,4.201387004411642e-19,-3.8802590942692187e-19,-7.155181923375102e-07,-1.2858554818542393e-05,-5.206951700622299e-07,2.493651702639277e-07,-4.5228076784079915e-06,8.511139767827285e-08,0.004537071799156819,2.7342970695254324e-06,-0.0013940272428455609,0.00021032385324477995,-1.0097344938206575e-06,9.49561519804868e-05,5.147288005036886e-06,9.213555451712995e-05,3.2158214410357185e-11,9.627447495676746e-07,2.655171851088973e-12,3.4196191086334754e-10,-0.000642153812591078,0.0050067001744168935,0.00019407600930202337,-0.002847706538065642,2.733188588732666e-10,-0.010210769162611117,0.00020653454759120285,-0.4584442452768983,0.0003236545417289169,0.0006853037605394037,6.32652899852313e-05,-0.0025741206925279153,0.0516159300885473,-0.004687155208540834,-0.3484682614665057,-0.5827494447261204,0.00034610323245098734,2.0822117418854245e-09,-0.0015676174094366234,1.708353356567825e-05,-0.012900796654242513,0.01645250017571948,-0.07585751992123499,0.0011330644336181605,-3.773609010605992e-07,-0.010700949604583131,6.68773528982939e-06,-0.13877699583872455,0.001808337550298497,0.11468058064659115,0.00047318069855580453,-1.665088154996023e-05,-0.011944098914363674,-0.11890343327821763,-0.16498650890347188,-9.52423801404774e-05,0.0037810037508517365,-0.001844888399146621,0.03862563725181256,-0.08174420023406102,-0.15722830709997504,0.03690215427074904,-0.08153080011504472,-0.05253068478617084,-0.09514325587803392,-0.19899366708696573,-0.13431946436875483,-0.08950061082574194,-0.08283896786523526,-0.06715473475177818,-0.007254548002314474,-0.0642080162583129,0.04779191832113899,-1.6784540656882722e-15,-0.044082667127669034,-0.02196927792122762,0.0361822826287586,-0.03280568702924868,0.011474995447774729,-0.09619496744112206,-0.20484521453182922,0.0877980855348948,-0.1574415939255203,0.010306435202736088,-0.13103741534196395,-0.017896614910346283,0.04213749626628569,-0.03821863745873383
88,-6.455599133839903e-18,5.406020230849352e-18,0.0011291460437497355,0.001180080524444027,-1.0601875454165098e-17,-0.004088364882067952,3.3254596783680906e-19,-1.2112696692759913e-18,5.936737060337683e-19,5.517545193678754e-07,9.899487541664005e-06,4.067466232692981e-07,5.807243169027187e-07,-1.030535729778159e-05,-6.475102458781947e-07,-0.003589784658595266,-2.061807148013131e-06,-0.003263185813702633,-0.00018038484549013058,-2.12911006159933e-06,0.00014060422835189405,5.564469068710619e-07,3.4019587810947175e-05,-3.9411208017252204e-11,4.862634030543748e-07,7.038487725259593e-12,-2.8493470794621627e-10,0.0004510832992315744,-0.003380171200285589,0.0005207692248236688,-0.003184789346571955,7.931404505505024e-10,-0.010263020156276757,-6.290714743122937e-05,0.2590748735703692,7.235066080142485e-05,8.367299878722648e-05,-0.0001069278967353365,0.0004287176672040031,0.5223783646821605,0.0026021622953946947,-0.5414424287359947,0.1469726059142611,-0.000508968759670711,-2.6393164976886476e-08,-0.0009749970639202876,2.0036540989227454e-05,0.027510303335956998,-0.1922633479705353,0.037898554068251385,-0.0010712059385447764,9.998817166908347e-07,0.015899026297557822,-4.035168438873672e-06,0.18066402851160518,-0.015381241393461953,-0.0038991348755041686,0.0071288154486465576,-1.9710153614541414e-06,0.04575506894040944,-0.007959186284443876,-0.02548080735203689,-0.0030632527213191605,0.020545031345709352,0.016813725932316514,-0.03606017321364792,0.023337623270541986,-0.006228429675980228,0.07880551707871186,-0.10641397904736824,0.07952649434039813,0.13083761186641837,0.025587110294545065,0.29999947397968746,-0.0345313549444614,0.027080215177426495,0.03800671379461387,-0.039817521754805595,-0.04494387612256312,0.05452148891761705,-1.2095539235825643e-15,0.04259148330030285,0.040105391171958805,0.02640201907408495,-0.07457203189860932,0.06320513046297516,-0.09421078641565918,-0.21383643836729194,0.09596989525593395,0.10832107933015334,0.12832260746205465,-0.12075114564195806,-0.02514712211660715,-0.02140592576528834,-0.0660643484278056
89,-2.0118348011131445e-18,-8.732103297316062e-18,0.0003521005190403679,-0.0017836931297869974,-4.086348413803914e-18,-0.0038427965497261187,1.4199665035891516e-19,-7.263799962296734e-19,2.2751487155765166e-19,1.751860698267123e-07,3.160433602345719e-06,1.2981786125613848e-07,-8.822073902252995e-07,1.575668942917036e-05,5.956579908336571e-07,-0.0010846076126240182,-6.788598546966336e-07,0.004966756975550391,-3.56775452458121e-05,3.3147223802332624e-06,-0.00025140316357875295,1.5938602808712528e-06,3.508912549119657e-05,-5.836342309633419e-14,-9.398423499336173e-07,-1.0395606057538584e-11,-7.903457652703472e-11,0.00016275900395277962,-0.0013558988934951866,-0.0007408115258689667,0.006107090554139332,-9.696923086406024e-10,-0.009407654471462492,-3.6901415484594915e-05,0.15893893732223455,0.0002586545341534538,0.00040032400110581935,0.00012193524053857405,0.00031184253483309166,-0.6001814041867062,0.0018174678641346715,-0.5078521039892568,0.11111786364811219,0.0003323835735758716,2.540029506545448e-08,0.0038453590409402113,-5.297291038964083e-05,-0.0016586260192133185,0.17706366948175287,0.10199613684218367,-0.000439288182711122,1.321895972593911e-06,3.21204777408079e-05,-5.781030322743003e-06,0.024430555745536795,0.007293861806510417,-0.1774131771692306,-0.00622391374333634,1.7355501337270156e-06,-0.025497960800483218,-0.009536861762921648,-0.029296043156798925,-0.004116191323036847,0.01810452274380516,-0.01641052065832864,0.007869876122122293,0.008993372969625983,-0.08003403727196173,-0.00987870188033033,0.0032245736436484033,0.0020590302987366868,0.013789735111715449,0.26409912239435696,-0.1644837508136009,0.16811392421589078,0.104843966948812,0.018014060063442805,0.05898211437981804,-0.03152300471781986,0.04782585810074139,-1.4565442496044034e-15,0.011049356064770222,-0.03640194971016086,-0.03726602148664196,0.09639829982587746,-0.013215131875969227,-0.09148526575731622,-0.19388391424305618,0.08466179951287642,0.08043472580459873,-0.1710267007748058,-0.11278372117460464,-0.022293474837227153,0.059279716187012485,-0.007639653270385114
90,4.7131011007784805e-25,2.4849045344076664e-22,-9.231311303138124e-07,3.137132296323532e-07,1.6650732380624228e-22,-2.63674077536918e-06,6.146408792745891e-23,-1.4697060770458123e-22,-1.914948888810929e-22,3.2200199006297976e-05,0.000561492443240849,9.522248023625012e-11,-1.1057206854274123e-05,0.00019408770448894736,-3.858316107293915e-11,-2.063164146361708e-06,-5.558477060907327e-05,9.282771537210273e-07,-4.6943455973809086e-07,1.9671137489704336e-05,-3.4760074722433204e-07,-0.00011433002038287808,-0.0022147957084732647,-6.156965627363762e-13,-1.22961560074628e-08,-9.740908120810279e-15,-1.400423756171299e-11,0.00398339049559163,-0.025243897855107757,-0.001057552708023173,0.010943199468594724,-2.299237901478115e-11,0.00026420205347867147,-0.0005661103200882957,0.31560295425201323,7.382009322567133e-05,0.00019539714305945262,3.460590982225856e-05,-0.0017717380771500907,-0.022356381938012877,0.0016076247556050173,0.07995002409764689,-0.4075228392395404,0.0004236244415386251,1.0019651771167621e-09,-0.0052521893897769685,-0.00010938248870727814,0.014531208212691164,-0.07933531056186748,0.37620252929299763,-0.0017095744976575772,4.5106278845304785e-06,0.026023737986261793,-1.2873590353475491e-05,0.279362933926682,-0.028003174543686556,-0.20163400672878612,0.0054598195716852585,-1.3419573399555123e-05,-0.016322373816657274,0.22714663254365366,0.400267469206051,0.012850602174647334,0.04526167494993914,0.0013960271701076504,0.012739038059129975,0.05986846829020589,0.2053779832751563,-0.10619861393428688,0.14826864952719523,-0.06839107639995556,-0.11494409039681294,-0.2030530557888876,-0.09976099186885366,-0.05330182654737715,-0.026257595367386838,-0.08986055106653691,-0.01135403528200736,-0.08740601460556119,0.008760256306378637,-5.953138484013121e-16,-0.02609194336807625,-0.015135484052968416,0.016933059700625412,-0.022616869624913577,0.01874669041495505,-0.06892362639604704,-0.124504158440003,0.04900570989576441,-0.17340731779306026,0.011142585409029203,-0.14352235893270276,0.017160257363179703,0.0069734352834743924,-0.0231297189049525
91,-7.942226878522022e-36,-4.9242812695227915e-33,1.8321503647161533e-17,1.9084245148059045e-17,8.454290144689223e-33,-2.5514580286872157e-17,-7.030951864994475e-23,6.68547956616182e-22,-1.988601558499954e-21,-0.005238920565913013,0.00034115726862701356,-2.4232397892938353e-15,-0.005375986042608831,-0.0003519871275570758,2.34280207763072e-15,-6.263141584357837e-11,-4.249086760531256e-06,-6.728154929124398e-11,-2.4305443083344954e-10,-4.513035712245648e-06,-3.8803024708839665e-10,-0.020141260206693216,0.0011173038593271488,2.707158520975347e-14,4.2118608256505154e-10,-6.239185247937783e-15,-8.725009895904725e-14,0.024935887643948693,0.005943667490474252,0.02420929207309742,0.005439285899530993,5.0003904768484804e-14,-1.3978661357445172e-07,1.6235158384767896e-05,-0.00038218574675155735,-4.8586282414335874e-08,-2.1796747787857385e-07,-1.0134047813526319e-06,2.3075890306677884e-06,-6.51315949870794e-05,0.006342004508069445,-7.935192734988378e-05,0.0005327563698383833,-0.007010590125814505,-2.5997733169500717e-09,-0.11117717352931929,3.449193516970765e-06,0.021855220380019174,-0.014684533974844287,0.03856828771324449,0.0009417594551663463,1.4230288302425853e-06,-0.05207645886684752,1.95183050379636e-06,-0.14171779242346066,0.022960526814474306,-0.08049962096041473,0.006986431019903319,-1.680534249141961e-05,0.7521778331767582,0.038112181131291445,0.06250437710791898,0.0005650798614110981,0.010003548050412621,0.0035512096653525305,-0.05047152632351789,0.19446648746400483,0.08369612760418932,0.06497866470536841,-0.3444649802283415,-0.06721514871268723,-0.10063301207585779,-0.005176376495241301,-0.1841312534119964,0.02054944188414662,-0.01229606462822655,0.09790325867407766,-0.09041115847424355,-0.08616487318123334,-0.04609195585772024,-3.974390971743463e-16,-0.028333862007402916,-0.029487573883407833,0.0010823800983014184,0.038907635593956894,-0.06822239396462966,0.04548487247638938,0.10430796136864347,-0.0642976360351564,0.12273016804792022,0.14398491251450402,-0.13434725817153798,-0.01078129867384128,0.22025944667739034,-0.09182374480356008
92,5.176684325503992e-27,2.7288015170860157e-24,-1.013776905218e-08,3.156663195257681e-09,1.0266666702627285e-24,-2.8299663749051746e-08,1.0984462146345948e-24,5.665428858598934e-25,-1.9730949817499364e-24,1.0941369004308236e-10,2.0264861524115253e-09,8.856762982277626e-13,-3.4757125064984116e-11,6.5244849144116e-10,-3.808321366585715e-13,-1.8050489037888154e-08,-8.518017736463197e-10,7.159256382404614e-09,-3.4882844601971737e-09,2.8735777463112924e-10,-2.2395534164907393e-09,-1.6671272662839792e-09,-2.6160261216829828e-08,-2.8900709803406387e-15,-5.939157544130176e-11,-1.8497320808842677e-16,-5.68936791472278e-14,3.997624757290589e-07,-3.3078289225118243e-06,-9.65628941468184e-08,1.7252212967828575e-06,-5.2626541226056975e-14,7.084741190586905e-07,-1.3187942874805122e-07,0.00032333050977852444,-2.1655021664793434e-07,-4.6912331536532167e-07,-5.023498138247322e-08,1.2477341127855818e-06,-3.413139218400271e-06,3.2608641894940828e-06,-9.445642795475513e-06,0.0003126381145802789,-1.955647907560108e-07,-1.7497646332999743e-10,-2.9786366823600504e-06,2.051712208463294e-06,-7.479653968105774e-05,0.00021913497472137204,-0.001542474005045801,0.00017514938176382301,-4.072298827634228e-07,-0.001421941856544039,-3.0880951276748374e-06,-0.057529998545897146,-0.4887785322760199,-0.02191044924165856,0.13541021653512228,2.7960990364619376e-06,0.0008421447642653547,-0.00394282646636258,-0.015027135691448618,-0.011058778904860683,0.23252319847175873,9.049322238689757e-05,-0.005847029296958425,0.012677676328792294,0.02694483998106162,-0.006365977218312141,0.014551260934594417,0.01357068956001621,0.02616294656809773,0.07399456492935895,0.07681603059587497,0.10974365910663651,-0.08542842756508853,-0.011023741976924966,-0.0006983981175962693,-0.011853597009675516,0.014857290630380925,-2.306041691270416e-16,-0.5968278072645042,0.011461065603523257,0.00877311550333961,-0.06778226458213807,-0.0527482373432468,0.498583421805891,-0.18875199633339798,0.041347339229709075,-0.020236035053976264,0.00044002591685781073,-0.023393385552531575,-0.006018502535731344,-0.010513195756769445,0.02182748770724988
93,-4.059559355100925e-27,-2.1359290437788867e-24,7.949021732566191e-09,7.693190123739014e-09,1.4215374574529063e-25,-2.752330919271738e-08,-6.0640389821947606e-24,-7.067423035497159e-24,-8.681783645613055e-25,-8.51652930321713e-11,-1.575633192305353e-09,-6.918126691016945e-13,-8.126328961283747e-11,1.4830311678324688e-09,1.650513351116931e-12,1.423741772101447e-08,6.553595351192869e-10,1.6805128355889385e-08,2.925843583057554e-09,5.930124343820206e-10,-2.915796518146367e-09,7.11706172122716e-10,4.983582915467433e-09,2.9566264681366347e-15,-1.3165998575945619e-11,-5.191221378607558e-16,4.578154522629142e-14,-2.9754293564007634e-07,2.402890703519027e-06,-2.7810567223183643e-07,1.5839345891951352e-06,-1.8582201082432836e-13,6.9582374954365e-07,7.405271440066627e-08,-0.0002108966419252441,1.6238007543275052e-07,3.156077635295645e-07,1.2780656363494935e-07,-5.983553546680815e-07,-0.0002949537100372742,-2.0729623460927513e-06,0.00012521419264702576,-0.00016431355354551788,2.8771698579912525e-07,8.176379084133035e-11,-1.0359167998097607e-06,-1.4396017963525854e-06,8.75657715062633e-05,-0.0007610081366966787,0.0007210830307786524,-0.0001670586337249655,-4.68252835351453e-07,0.0012560286269307796,2.860026016222806e-06,0.04666404053229036,0.3820198493365158,0.027854613608872127,0.3298286132207901,-7.44860607957058e-07,-0.004021615578003825,-0.014627978400848967,-0.026618702178769656,-0.010387500815226772,0.2288506954266888,-0.002613056321957574,0.004382482880644196,0.0010649896051353178,0.005500830295286045,-0.014656319274629466,0.01794425351369803,-0.01900221917596114,-0.032872714506896786,-0.003880865841600204,-0.16522725503370436,0.04312529188501817,-0.003200519210818938,0.006221690222402804,-0.006199633640162441,-0.009163089358936187,0.016168851874020944,-1.2908881320468397e-15,0.3437328104704828,0.4709741474848062,0.005027661736873458,-0.16982478735679682,-0.039381237983826325,0.4961456497956654,-0.19059961160010472,0.042311859569302265,0.015144205909754752,0.01590837655650679,-0.022030018660035473,-0.008875497048679279,-0.0375521649248787,0.011556699138322558
94,-1.2648894391056675e-27,-6.710907709110117e-25,2.47820412407806e-09,-1.177206537949213e-08,-3.1811854904348516e-24,-2.7185545216295885e-08,-5.652067817032033e-25,1.0103754760202252e-24,-3.0826286910112293e-24,-2.7101847021255875e-11,-5.036251861928208e-10,-2.1957903866020135e-13,1.2570273445664142e-10,-2.3136631045704014e-09,-1.36831891474693e-12,4.327179905489893e-09,2.1586272472429494e-10,-2.598498652385413e-08,6.481634257793958e-10,-9.519601399688369e-10,5.595988810232771e-09,7.45409528672458e-11,1.0588160812885548e-09,9.491525504346561e-17,6.774880387828324e-11,7.645152869398479e-16,1.3026041756516383e-14,-1.0705582988160589e-07,9.399491315709762e-07,4.024967004800779e-07,-3.5355692893258256e-06,2.469381611593487e-13,6.347687383661835e-07,4.25506462530659e-08,-0.00011440288331348074,-1.450176160877415e-07,-1.5813610025514755e-07,-9.914866780076013e-08,-3.9599629700436456e-07,0.00032087121223928363,-1.2373259510411294e-06,0.00011197558491009165,-0.00010725388235659007,-1.2147154301898137e-07,1.0609680246117718e-10,4.6529593545596956e-06,-7.247946804708332e-07,-5.812539328388352e-06,0.0005775502193562292,0.0010003406903517345,-1.2909944009867131e-05,9.711172744269206e-07,0.00021121344661907232,2.7173418261865083e-07,0.012552612293795798,0.11974012032220534,-0.006589291945899329,-0.5050231107115039,-2.715650023847722e-06,0.0036712688092411616,-0.013636214766610368,-0.02394291074497448,-0.009201297887393435,0.2082215142132284,0.0026429083077477715,-0.0020401139930798316,0.0018681997245011954,0.01554320822189436,0.0013486811869639077,0.0005434814116348366,0.0002567880101627364,-0.0021170790859076165,-0.08699464950547638,0.09016236886740515,-0.16694674890718988,0.0718264463605826,0.00282012634140403,0.010192897310862552,-0.007330787684615972,0.0150453742079488,-7.071835490910469e-16,0.2583069424341887,-0.4880465426640829,-0.028476212858154666,0.24843383811546876,-0.057526174589080624,0.47885329483316647,-0.18125344253187062,0.03953005460348329,0.011245085136144936,-0.02293184063752232,-0.021020390175667748,-0.008068759889175386,-0.0013838605306972839,0.034452017196122266
