,0,1,2,3,4,5,6,7,8,9,10,11,12,13,14,15,16,17,18,19,20,21,22,23,24,25,26,27,28,29,30,31,32,33,34,35,36,37,38,39,40,41,42,43,44,45,46,47,48,49,50,51,52,53,54,55,56,57,58,59,60,61,62,63,64,65,66,67,68,69,70,71,72,73,74,75,76,77,78,79,80,81,82,83,84,85,86,87,88,89,90,91,92,93,94
0,-3.200173634525052e-17,2.6684843016134397e-16,-1.3651182577586357e-16,9.312691322962555e-17,-6.165673235190766e-17,-2.687761999388287e-16,-2.1163335606674208e-16,-2.826514430081452e-17,5.436741907479524e-13,1.8935500698802177e-16,3.259499111065403e-17,-3.72195952548017e-15,-5.042159038997014e-12,-2.0985812523508665e-16,0.011162743949281566,6.661069070266111e-16,-4.545829292643435e-16,-0.3082721961440406,0.06341428793031502,-1.04221161862311e-10,-2.2032455300680267e-12,3.880332556483847e-10,8.863444094406797e-17,0.003423793951769294,2.1925289933695216e-11,9.557374316655149e-14,-4.3638748568465197e-16,-7.656539609694515e-17,1.393348386229036e-14,-1.01818777024096e-14,-6.310522049791024e-12,-9.946886859498094e-17,4.576009880199976e-17,9.106608791971058e-16,-6.979057676610656e-15,-1.5449328426309217e-07,0.2226833424858596,9.985444512398874e-16,8.641731058530894e-15,-1.9887183156369662e-13,1.3489250562905524e-12,0.6983579312189373,0.09703419496867259,-0.0699342162668103,0.10433593403965073,-0.00010733808703667779,-2.4443599012048257e-06,2.6918183847604523e-09,3.3747875821288524e-07,1.7887962853554891e-07,4.797218235594486e-07,0.00021102811200158098,-1.0810756865263259e-05,-0.006155994135873713,3.4235454551445786e-05,-3.9899932175840565e-06,9.512234560806526e-09,-5.431248935779457e-07,-0.00015906071959973452,-1.2109010440811075e-06,2.460317216572508e-06,-1.2190588577111516e-05,-9.04786024147086e-05,-0.0033135115625156446,0.009469139371571735,-0.06416414906351367,-0.00783312910686762,0.021726512181819094,0.0021073684201267924,-0.009697485876319913,4.933708164723685e-05,0.00016082978655604268,0.0019880228378161917,0.0031755615924830153,-0.004707457164439403,-0.004712665303716816,0.5773502691896305,0.0001698075282064042,-0.005086367177235259,0.0017783590994854025,0.0006353780929439116,0.0008046088821036142,0.0020442538051524536,0.002291850844881804,0.0012098677128945829,-0.001994680411211579,-7.254272728286732e-05,0.0005749583714465209,-0.0006696287961512454,-0.00048482445167595474,0.00015546400558380494,0.0007069925780372376,0.0006788929639206471,-0.0001834134690729778,-0.00034697704208836024
1,-8.761441487504782e-17,2.4284519238728205e-16,2.179490719833093e-17,5.659649212819169e-17,1.8242361669242044e-16,5.69141503941007e-17,1.8664527902928383e-16,-5.924561217868714e-17,1.2324046140384347e-12,-2.9395742320508473e-16,1.7796031351059632e-16,-9.379927860548289e-15,-6.824620453639659e-12,3.954622765993272e-16,0.022734610912551124,-1.8522061013545542e-16,1.8877948779151147e-16,0.10265477734815638,-0.3058565580409924,-2.2316254071264164e-10,-4.727049586606656e-12,3.93897409476006e-10,3.3122049309681597e-16,0.0064387702354741574,-3.3738657835757556e-11,-3.577339546777963e-13,-5.5261204433442195e-17,-1.7867857221703928e-16,2.5128445277736583e-14,-1.8023778914740595e-14,1.867448162834952e-11,-2.436716341664997e-16,1.4396979575801273e-16,2.252324736005087e-15,-2.044509408384467e-14,-2.2657197156032643e-07,-0.0701395474349949,1.487918421284415e-15,2.4531260335422143e-14,1.2704984201632262e-13,-2.1367710381497071e-13,-0.22187410145304665,-0.3135285911982504,0.40856461009617295,-0.4896363940556452,0.00047015225315677977,8.923339380535e-06,-1.6398305721818328e-09,-3.809219364213922e-07,-2.1675528578112252e-07,-6.831810804477363e-07,-0.0003621436306923266,1.8970645353623747e-05,-0.01576049330554299,-0.00022403040057782363,5.236144388747146e-05,-2.7540841622557127e-08,2.968740119653332e-06,-0.0002931025756744702,-6.495744572511367e-06,4.1881328964590805e-06,-7.97203824700705e-07,1.3009810645973217e-05,0.0007622497652027267,-0.0032034948195226584,0.020803607247999678,0.002744392580372033,-0.007493638615317921,0.000853419466134181,0.045699791894917095,-4.318577604638194e-05,-0.000220428965761403,-0.0024618960828446577,-0.0024121377834852146,0.002574441716016589,-0.0018720198081174989,0.5773502691896353,-0.0007651007990733963,-0.00015706857056698015,-0.0017542483554737,-0.00020315495044120996,-5.767125140541727e-05,-0.00012297589199248036,0.0022415330719607143,-0.0005836371773602718,0.0037191910379057802,9.690952645003916e-05,-0.0031844550526530023,-0.0008717575564440622,-0.0017565022805797572,0.0004278247432667292,8.548487597314964e-05,-0.0005380192023346963,4.0606308248405056e-05,0.0007293737677197143
2,5.834913204493227e-17,1.5640071488005065e-16,1.781373268820744e-16,3.082079232494568e-16,1.6785536909543883e-17,8.88941207734557e-17,-2.3786916945014514e-18,7.127903039144368e-17,-1.776434872139681e-12,1.0475665916977806e-16,-1.0698988497339987e-16,1.3481365629545521e-14,1.186724085423293e-11,-6.977536643084228e-16,-0.03389735486183292,-1.6575195278267127e-16,2.6253733542109085e-16,0.20561741879588358,0.24244227011067718,3.273780199615874e-10,6.930535362495576e-12,-7.819310814580409e-10,-5.119332953044011e-16,-0.009862564187243867,1.1813183304722288e-11,2.622386387369063e-13,1.7742554922858758e-16,7.053552687499964e-16,-3.897410382278983e-14,2.8435766013633664e-14,-1.2363842905750505e-11,1.0928826293224612e-16,-8.470365601701893e-17,-2.8360900615870378e-15,2.7287032508654953e-14,3.810652548966259e-07,-0.1525437950508646,-2.678150015142992e-15,-3.326085079121207e-14,7.234312847413636e-14,-1.1355816990074342e-12,-0.47648382976588993,0.21649439622958094,-0.3386303938293628,0.38530046001599433,-0.00036281416612127997,-6.478979478426734e-06,-1.0519877346340124e-09,4.3443178635163026e-08,3.7875656766385263e-08,2.034592563233441e-07,0.00015111551868934834,-8.159888488917509e-06,0.0219164874414234,0.00018979494602851203,-4.837145067031317e-05,1.802860848895638e-08,-2.4256152264849785e-06,0.00045216329527583194,7.706645616370651e-06,-6.648450113531715e-06,1.298779240139999e-05,7.746879176754874e-05,0.0025512617972781285,-0.006265644552011131,0.043360541815546605,0.00508873652649122,-0.014232873566496225,-0.002960787886259953,-0.03600230601861051,-6.15130560039171e-06,5.959917920501084e-05,0.0004738732450458713,-0.0007634238089566818,0.002133015448346081,0.006584685111756803,0.5773502691896115,0.0005952932708854296,0.005243435747667484,-2.4110743964385327e-05,-0.0004322231424149385,-0.0007469376306443703,-0.001921277913113079,-0.004533383916796489,-0.0006262305355180689,-0.0017245106267456565,-2.4366799167552657e-05,0.0026094966812189946,0.0015413863525799306,0.002241326732244867,-0.0005832887488472052,-0.0007924774539939379,-0.000140873761567263,0.00014280716082032047,-0.00038239672564091787
3,1.3354915479955402e-16,-2.3733868051854595e-16,-1.2705938642322562e-17,-2.1842745147390254e-16,-3.1043749431789217e-16,-1.4786365176795494e-16,-5.367457644535232e-16,-1.4670201796682888e-16,9.828842003400171e-11,-2.1521244969456632e-16,1.7034379219674992e-16,-5.150243673476592e-13,-3.439960734926997e-10,-1.0311820949411113e-15,0.43189460433828886,-2.1838125031287354e-15,6.590320561046928e-16,0.741959133137539,0.29818358799545414,-5.376668559868815e-09,-1.0375337034240681e-10,5.0620628763528165e-09,6.197607327824859e-16,0.24830319467480025,-1.3288977958856826e-09,-2.4893312126580845e-11,-1.8025064887034128e-16,-5.035648128196362e-15,1.0272613755348944e-12,-6.17392239214678e-13,-2.2375422430026787e-10,-4.8668433335594176e-18,1.2937184747878682e-16,2.787902268234263e-14,-2.6500255796018354e-13,-1.7517750784355008e-06,0.023918091280603012,2.0723975107254342e-14,1.997120380324319e-13,3.602145695329149e-13,7.823673393594269e-13,0.3013316067008595,-0.04285704395376399,0.075490454088904,-0.06060308667612488,5.256662397665919e-05,6.830977813039272e-07,1.1045066094503459e-09,1.965779161980942e-07,1.5224580456814113e-07,7.03791607418188e-07,0.000480820131421227,-2.5885018016465853e-05,0.06829835938531617,0.000716179874723003,-0.000144110950095028,5.4597319816613726e-08,-7.608105910532127e-06,0.0013742516476023643,2.41312068129069e-05,-2.065443924756453e-05,3.122886313978217e-05,0.00013989812955503088,0.003348958328393359,0.00011970290426412544,-0.06485358549724125,-0.005472569893979287,0.0173934432269108,0.004720349385428846,0.01747216407554306,6.181260780913773e-05,0.00018989624527523944,0.003822563233815374,0.006031614884230345,-0.010158377246508329,-0.005454584190743856,1.0045010285462893e-14,0.00011032920411126098,-0.006365281666526781,0.0011965338608442868,-0.0001367673031588863,0.001336417302009778,0.0026667412652682195,0.0011323763897376322,0.0020057309814825665,0.0002794640053137114,-0.00015826946815243533,0.000960639140893919,-0.001034990890584445,-0.004990777516036955,-0.00021959940360447282,0.0006449765944248232,0.001401421930520295,6.452810515300711e-05,0.0006984157555672894
4,-1.1090522660950392e-16,3.1811659433004065e-16,-1.539891761123739e-17,3.677656589439191e-19,2.7511550320260325e-16,-8.837869304939421e-17,-6.749120637778386e-16,2.7525522062503553e-16,1.0494016870217672e-10,3.0891948658929296e-16,4.659620106877977e-16,-5.502212346886242e-13,-3.834809724075694e-10,5.521016095378313e-17,0.4860312910063333,-6.491254345646344e-16,-1.0795805621974825e-15,-0.5305655435843025,0.5509216153694302,-5.921524952514972e-09,-1.1490250570301482e-10,6.779001430633163e-09,5.73641158001782e-16,0.2560967577171414,-1.2693617372857075e-09,-2.460328822355519e-11,8.936996955873411e-17,-5.422114222891686e-15,1.0585675218933734e-12,-6.379565973018785e-13,-2.3275851929926597e-10,-1.4064212609107124e-16,3.571781343866279e-17,2.845053227756985e-14,-2.7040053275760684e-13,-1.776644608904118e-06,-0.021979776537225524,2.0191089770284193e-14,2.0133443355203036e-13,3.578345832553775e-13,4.2299319599240987e-13,-0.23019932161070775,-0.12521305516486547,0.13428229994159363,-0.12662268640588825,0.00012064159468140973,2.2439407914223265e-06,-8.699054615175817e-10,-1.6829252317163648e-07,-4.573118975128473e-08,1.506146296843241e-07,0.00023002675707424572,-1.2996009049912015e-05,0.07686158120251038,0.0006711227915571419,-0.00013901387713388566,4.2667005961970394e-08,-6.907862230863292e-06,0.0015981055969176503,2.5779768375831083e-05,-2.41345134716824e-05,5.026690111724219e-05,0.0002854261025184626,0.008755627555161329,-0.01572147365748831,0.04479968355229403,0.007832536083917204,-0.019588047957492444,0.0010261455906642424,0.03452120862099856,-2.515788018019688e-05,-9.434518389839931e-05,0.00026931814142283075,0.00030990079907249247,-0.0016120242313530063,0.0031160561478944426,1.1350351723159559e-15,-0.00021377444004635294,0.0031976877784468906,-0.002141944341235917,-0.0013481235856950804,-0.0001962826629600638,-0.001136686309973327,-0.0030667144125657584,-0.00017934407246147,0.004050079757283477,-2.8058499547203206e-05,-9.900618060426262e-05,0.0002063802926688453,-0.004092949398780987,-0.0005049028143829388,-0.0006952403597388776,0.00011294747932630781,0.00041196228227531254,0.0013568251719240458
5,5.539913112454687e-16,1.0223886187210985e-16,5.604317246450415e-17,-2.0886160454281814e-16,2.783599543053956e-16,2.2950071467605935e-16,3.758841880066783e-16,-2.2858938760361707e-16,1.2004229024101975e-10,-7.484868204006618e-16,1.2271584964991953e-15,-6.310584593757268e-13,-4.3689773187006773e-10,8.95513011883134e-16,0.5962888148808159,-1.39729721509245e-16,-4.877659534945529e-16,-0.10681426470517308,-0.6680715431380075,-7.088204819876789e-09,-1.388252193626079e-10,8.521889303590255e-09,4.416757261770913e-16,0.2707532944282626,-1.3609744562919045e-09,-2.5684729446862314e-11,8.470204585204281e-17,-5.217866344948525e-15,1.1184657044661389e-12,-6.766888416888452e-13,-2.0611336909466237e-10,-1.276640947904388e-16,1.3442521222373327e-16,2.984770463718334e-14,-2.8572508270347253e-13,-1.8131169945405418e-06,-0.007523124139997664,2.1775440778956615e-14,2.077872351791643e-13,3.5915969391400974e-13,4.796415439219027e-13,-0.06132754133638885,0.14088864413875885,-0.20918716121597883,0.18319961064079338,-0.0001775340272676817,-3.454046600976407e-06,3.328879331765918e-10,2.43547188267749e-07,1.9416510381812204e-07,9.384046081678085e-07,0.0006604112318133188,-3.5613557582038754e-05,0.09878502640809217,0.0009659679023640462,-0.0002059037401749716,7.720893257586688e-08,-1.0735419263547816e-05,0.002010603222253369,3.4623294342110964e-05,-3.0058551738778423e-05,5.1511894055260146e-05,0.00026450080834401085,0.0075118617583773825,-0.010362261477835508,0.00924737628945886,0.003170997428207989,-0.006832851537910351,-0.00046989345035199374,-0.045823098931697816,5.096920094393135e-05,0.0002952284492008483,0.004669529249666401,0.004656080940541936,-0.006285903770521173,0.006520585739541516,-1.1021267157279678e-15,0.001246537477558326,0.003492995193012663,0.0011512712402418923,-0.0009608061312119894,-8.642465989117928e-05,-0.0009078840459964202,-0.007173613832545119,0.0008747307021871529,-0.002980440136266206,-0.00020200678876684748,0.005769928103463886,0.0018224617927087123,-0.0008401490705706972,-0.0012900354115498737,-0.0008572905476128392,0.0011340568932047387,0.00033504307146589525,-2.7204600843195915e-05
6,1.8331933903102045e-17,-1.883389731047011e-16,6.056053037741291e-18,1.4235800548424843e-16,4.856740665837956e-16,-9.005264654458461e-17,2.3160365113420364e-16,6.532547521961083e-17,-6.031659354882862e-10,7.209837430167331e-17,-2.7265547758313115e-16,1.914772394654828e-12,9.099146446541034e-10,-2.975714361199826e-17,-0.2252054019490329,7.248614588048215e-16,-2.6581387648995573e-16,-0.08154196145187055,-0.03525922719874539,4.358466164380098e-09,7.106814846361228e-11,-8.457337315851563e-10,5.325377384033637e-16,0.3430500157253133,-1.5386233434322927e-09,-2.1243412250023535e-11,7.776699742908752e-17,-4.6838340540820155e-15,1.3814927448823763e-12,-9.405701100834492e-13,-5.620103743093047e-10,4.935308819346271e-16,-1.9827404869233297e-17,6.196742319119044e-14,-6.580577271233644e-13,-4.652855069322273e-06,-0.6195760691638831,5.304097818235646e-14,5.582493606248128e-13,1.8559096712379346e-12,-1.5652781096842373e-12,0.12286995091716607,-0.10001575465069291,0.11417461452565812,0.17598373989686583,-0.000173306072685847,-3.5228099864485073e-06,8.681811300801896e-10,7.147289191692344e-07,6.091454403855619e-07,3.037931716700657e-06,0.002139302851282577,-0.00011545173383721252,0.3154043199340174,0.003329045866560111,-0.0006645871636097515,2.492763909959445e-07,-3.503911041260488e-05,0.006330908116676944,0.00011153759939749897,-9.525283149066155e-05,0.00013631127027860632,0.000561430016554561,0.011709737004623329,0.01607280689235857,-0.4549842265598046,-0.04193131154285027,0.12848424099708125,0.032796494246138744,0.17671858385800515,0.00035960275891507964,0.0009148265739655586,0.01983386980740332,0.0354094959759485,-0.061944349663257035,-0.04908308127539963,3.704969858743896e-14,-0.0011440275759945335,-0.05272689685953813,0.007510101315200568,0.000989683164828347,0.0100104703375852,0.020943688302671144,0.019720913875762053,0.012853659839139874,0.005534822556198888,-0.000806067504553583,-0.0019217974638242276,-0.010303214370387954,-0.033343276689627104,0.0005289543430288197,0.006310726213439556,0.008394039184469137,-0.00019554541108855449,0.004722526595066085
7,4.561360937023387e-16,2.6541979925020957e-16,1.0287741388992449e-16,3.544126825645293e-16,-2.476707177106561e-16,-4.84112646196863e-16,-9.762348933853691e-17,9.347989645539972e-18,-6.445793070210114e-10,1.9579071669751513e-17,-4.462504389444525e-16,2.0333908848131802e-12,1.0988480932853442e-09,9.372799930990049e-18,-0.2427119688602177,8.59978825159878e-16,-3.2613684494368843e-16,0.04320252703802777,-0.052064425420262135,4.682234209785641e-09,7.59727273356343e-11,-1.3578102067776592e-09,1.324858769635573e-16,0.36829762586785886,-1.2870407003620232e-09,-2.039832389216162e-11,-3.1421990987065957e-16,-6.081473870411988e-15,1.4822906047430503e-12,-1.0141350814654385e-12,-6.428774941823756e-10,-5.687317043357364e-16,2.1682844008963573e-16,6.547090642062351e-14,-6.818996037269187e-13,-5.376139290576855e-06,0.45267554504860275,5.305391771704083e-14,5.75811974032201e-13,4.786437506417932e-13,4.0867844116208155e-12,-0.07664318540817606,-0.2263484989212973,0.2039388261972333,0.35892457531881056,-0.0003532680283733802,-7.16197175030422e-06,8.9580879524183e-10,-6.686111953082865e-07,-1.9642367511771534e-07,4.910403687236243e-07,0.0008575704501689682,-4.8782003086944086e-05,0.3351204886359731,0.0028301597400480567,-0.0005826714575982558,1.701710001051725e-07,-2.8512443396453906e-05,0.007026330740046528,0.0001106506170600673,-0.00010656417517429783,0.00024448223089772837,0.0014580790053697861,0.04626602557746534,-0.09126699604789493,0.3176396982071043,0.050952917000276564,-0.13058174874925918,0.007449792898301734,0.34793395890493123,-0.0003096153425383588,-0.0013765723172244344,-0.00910819367430548,-0.009535217623154268,0.004595229200281942,0.010741457458371179,-3.493600409505725e-14,-0.004729316658178702,0.01894048674135962,-0.019848592848506576,-0.008331180421128714,-0.001810869914162954,-0.007569015399324036,-0.007647059772113992,-0.0038407522464770976,0.038835609796774195,0.00027223619573351634,-0.014200476381561768,-0.0022711670917479002,-0.028187772340262412,-0.0008906595996878925,-0.003664121858763103,-0.002289604953880853,0.002429418493419142,0.010536891655237596
8,-1.5867007273460732e-16,9.927735020297167e-17,2.8655670045032753e-16,-7.185077607076885e-18,-3.5337433377531817e-16,9.381950096842573e-17,5.117634938250284e-17,1.5591510318463983e-16,-7.336445995227074e-10,-3.6484580618320647e-16,1.1610069840528504e-17,2.3188295446594343e-12,1.2060498815463716e-09,9.203080159121978e-17,-0.278716328676048,9.235238089368462e-16,-5.736219018046197e-16,0.0010260554204958425,0.025772592299323587,5.345765109597358e-09,8.700535744470421e-11,-1.1702180910431315e-09,3.07005810022305e-16,0.42160153740073925,-1.6407280020508928e-09,-2.539863207649805e-11,4.830088284522703e-16,-6.456799160913328e-15,1.6974641910175164e-12,-1.158973861700083e-12,-2.2587605814953475e-10,-4.894433375405269e-16,-1.2628000807172053e-16,7.570715121108561e-14,-8.002580022636114e-13,-6.34288762640824e-06,0.11263035351111784,6.394109685833844e-14,6.936875970536608e-13,1.1411863681746105e-12,2.979303894380905e-12,-0.019076586372209103,0.2100947517178884,-0.30421755310660714,-0.47120709569690694,0.0004362199055525107,7.384762503702724e-06,3.996265865062434e-10,1.007123761971147e-06,7.820591336194766e-07,3.7244210162166277e-06,0.0026047728558295257,-0.00014037717641044638,0.3891263156322531,0.0037422094550983087,-0.000793578472650342,3.039538338579395e-07,-4.198442238614239e-05,0.007940043293500794,0.00013608789956365394,-0.00011856680511103057,0.0002035287388111522,0.001034065896794762,0.02912133642840801,-0.03989501918419164,0.06782048156133277,0.013980028845955852,-0.03279528122248779,-0.01340178526712329,-0.4471609833658275,0.0003366112256364144,0.00210826056187813,0.02817119266895513,0.024443879809772452,-0.026867884499188414,0.05158866890752844,3.8571659914846445e-14,0.010295543279517731,0.03078397241150869,0.01232404088578073,-0.003939296032699062,-0.0026136623088790956,-0.008938729571454137,-0.04966548852850291,0.003699659473047905,-0.03439159485064562,-0.0011955951532455632,0.04321330234973309,0.015470435928852567,0.01232148008556283,-0.008328464451215763,-0.006187827387093559,0.006179693200438563,0.0014876968264961074,-0.004949982839189368
9,-1.8296392650452116e-15,1.1190996251421228e-15,-1.1909799676766473e-15,-2.052673577342727e-16,1.873925759695115e-17,2.374354570255782e-16,4.3619997394878025e-16,2.3854155269074578e-17,3.2775135463599054e-09,7.634911739249847e-17,-1.2705404210966467e-16,-7.207378020138058e-12,-2.138236712100474e-09,6.495808827599112e-16,0.09464376050028926,-1.4671602514986027e-16,1.5344977017438478e-16,0.014233403794367867,0.010195631555392154,-4.821515379595031e-09,-6.278074221894544e-11,-2.946646395123584e-09,-7.587687039741278e-16,-0.31829931518076604,2.700552687087931e-09,3.758329166441607e-11,1.1280693145587834e-16,5.504983786104081e-15,-1.3381228222312158e-12,7.30709936253394e-13,8.148530900356423e-10,-7.921570140672644e-16,-5.106188121671169e-16,-1.0303909083579651e-14,-6.016560715472322e-15,-2.412095555724654e-06,0.4533988486531219,3.3210582696180934e-15,1.8700217142091654e-13,-3.863654172151035e-13,3.271616392796972e-12,-0.1939472011714239,0.04885747947371064,-0.11492521185344962,-0.12667331846444427,0.00011355991175596966,1.7183374734059831e-06,-1.605062287732947e-10,6.068724351177644e-07,5.625632050903587e-07,3.0703808273046404e-06,0.0022774480432573535,-0.00012345968225795507,0.39624781328090986,0.003896322704157485,-0.0007766613391124508,2.842807924849022e-07,-4.098106913313052e-05,0.008056412757149176,0.00013740510021774293,-0.00012143596858633893,0.0001928213135312848,0.0008413601356326523,0.018880205477119806,0.014463233869827867,-0.5867131631047777,-0.05235494501435726,0.16247999896161722,0.044487087955044975,0.22964168821979594,0.000506743247237098,0.0013333257471209593,0.0287878748228199,0.051218526426830925,-0.0902362678109261,-0.07054229106401949,5.3071770329722684e-14,-0.0019901906532529276,-0.08124970889013992,0.0114739018519975,0.0017433484660479327,0.015720990986169123,0.031614227991467805,0.028548522698859425,0.018537629974551054,0.008764600159446715,-0.0011763942004698776,-0.002657910045277909,-0.015437748333324678,-0.04979847521355382,0.000715105526043943,0.009941517625577044,0.012939549117476773,-0.0003545742550641606,0.007322468833303874
10,-1.737858930613164e-15,-3.578017899802156e-16,-1.864401890284074e-15,-1.9419079441161346e-16,4.173851760530487e-16,-2.327248976626742e-17,-8.936018554134816e-17,-4.4328588008333764e-16,3.5295368546733132e-09,2.555265970083803e-16,-3.4748703242375644e-16,-7.621826120302141e-12,-3.84242078440116e-09,-5.734647860614892e-16,0.10127022384520247,-4.47838016476563e-17,1.2920265388668465e-16,-0.0020471168569401637,0.012093323926789109,-5.285425216524776e-09,-6.512902807719518e-11,-5.440623220233807e-10,-3.374496683331684e-16,-0.3404489560214665,1.0049530557260938e-09,2.5743074496925028e-11,4.0141874014627853e-16,8.441586340304306e-15,-1.423659552497107e-12,7.970529280342078e-13,1.2037008702071329e-09,6.818416786505658e-16,-4.686327701929855e-16,-7.981458530571396e-15,-7.147392562969724e-14,-2.2534840364399144e-06,-0.32771890322105013,1.1505678170724253e-14,2.4867549276605753e-13,1.2235795857219443e-12,1.8689283043280567e-15,0.1550337826015505,0.141604074637827,-0.21342148869983474,-0.2487557505395073,0.0002256007770981911,3.545693325248312e-06,1.1183192685497631e-09,3.299552525560427e-07,3.6719284005997197e-07,2.2766230279740567e-06,0.0018231122827179072,-9.954274492495862e-05,0.4236310580879327,0.003683596199015177,-0.0007560534223058061,2.521081634659068e-07,-3.846078867465692e-05,0.00885955092600034,0.00014111770382465273,-0.00013422932229385608,0.00031179861845890416,0.0018762511433586908,0.05977512034162082,-0.11845025095312929,0.40968947088678787,0.06601381664885736,-0.16900924491235828,0.009918706089754184,0.45549835997765153,-0.0004041233513235233,-0.0017889048692027922,-0.011578841516235453,-0.012666167302297145,0.005762413286150695,0.016499668125529467,-4.7939638421090913e-14,-0.007813696748755492,0.02906451083151471,-0.0307744796118352,-0.013044338389811607,-0.0028829531537672482,-0.011495979871718208,-0.01186948318757253,-0.0053424861984919265,0.06119881976514536,0.00033947019792689246,-0.02092783326161171,-0.0034123934425934884,-0.042343450166009516,-0.0014068855856180069,-0.005632511228295778,-0.003835334849563618,0.0037613465180613057,0.016600574127542615
11,-1.810614685301982e-15,3.092900722094557e-16,-3.4461123763529834e-16,1.7179597771856136e-18,-6.068133422445446e-17,9.326627458271743e-17,7.709122746897123e-17,-3.6050546613211863e-16,3.991380066291024e-09,3.4604672256097364e-16,-8.51302815869168e-18,-8.653972598200289e-12,-3.8036891533480465e-09,-4.3199679148148744e-16,0.11557883611950105,-6.340702337443938e-16,3.930187531773953e-16,0.003984167942696652,0.0060030138884187316,-5.9500316214154385e-09,-7.417267962798632e-11,-4.807866411309766e-09,-3.7256139454653384e-16,-0.38822943847114366,2.0787161258925147e-09,4.347254884820846e-11,-1.998775105598052e-16,8.405797379959946e-15,-1.6257776613809862e-12,9.041400321623489e-13,-1.286333033956856e-09,3.133133849809666e-16,1.6131430747597148e-16,-1.1345803361135597e-14,-1.9787324064873452e-14,-1.9510238816630012e-06,-0.07963770347346655,7.0525365647522604e-15,2.0238495097555376e-13,7.301706287979736e-13,7.017043410820476e-13,0.04959144142260148,-0.24138081269562212,0.26581277932325864,0.2953437135739729,-0.00028849234540167265,-5.735336805411815e-06,8.641849539873314e-10,2.964893903363161e-07,4.285217704655197e-07,2.9213436958047424e-06,0.0023517893763193632,-0.00012831142945512637,0.479434517302184,0.004392689670447981,-0.0008957912206890115,3.1805260279080206e-07,-4.691223479332658e-05,0.009886605854343748,0.00016368751299182315,-0.00014868263786109743,0.00027878890332020247,0.0014535599662527786,0.04144230550136138,-0.057612081410142374,0.08452963462988781,0.01946532815333692,-0.04466662328562312,-0.0162604300646211,-0.5825913994899677,0.00045926170280315577,0.0028665787702443967,0.03977606659897078,0.035352179781216936,-0.03973602453192986,0.07409653786132224,4.759933232048913e-14,0.016427010705392788,0.047502662408031214,0.01914988250882035,-0.0059257573856271615,-0.004267959614197324,-0.013475588461896067,-0.07273489658784617,0.005466347156386376,-0.054390342033390784,-0.001702712458690599,0.06401337500752673,0.02318057865859426,0.018468407932489092,-0.012254852782266531,-0.009648289143537986,0.009551443777436906,0.0022497018037776254,-0.00812951845776221
12,9.014140308515936e-12,-7.776516135930441e-12,5.872542595315141e-12,-3.7585338341586077e-16,-1.8672414454562396e-16,2.2277764975731584e-16,1.924612506123693e-17,1.0546513931617635e-17,-3.6313960948381666e-07,-2.106010309100133e-16,9.374807910657362e-16,5.859195036379824e-10,-3.973281846012069e-09,3.114433028329187e-17,-0.00151891369989654,2.140721320708191e-17,3.6981297531830987e-17,-0.00014452391640512423,-0.00016358245701506133,1.4341127839700047e-07,1.771478171101465e-09,1.2373332153243555e-07,-3.4889561934494482e-15,0.008406799914121996,-1.0983575779320387e-07,-9.427627040708184e-10,-1.0513541760902958e-15,7.354412732683387e-14,2.105103486040342e-12,4.851296690265634e-12,-5.789594516746472e-08,1.6313500545663503e-15,-3.0795372332612904e-16,-1.0224392698215473e-12,1.147234976586825e-11,0.00010574518298861712,-0.010407982658924387,-8.871930976861076e-13,-1.0704818921271438e-11,-6.551379681790279e-12,-1.9853831260385092e-11,0.004730806272689225,0.025158110741807856,0.021638752415805207,0.003903671227002075,5.6208821082678636e-05,4.268163908325013e-06,-2.6672535757739567e-09,-1.0053744552400675e-05,-6.92552818408924e-06,-2.618138986379075e-05,-0.014894405092037514,0.0007858352388083855,-0.1189777924410674,-0.010625935399716447,0.002308675390473816,-1.1274143308158764e-06,0.00012083524365924937,0.0013041531121305702,-0.00014157197757050548,-3.064837464109946e-05,0.0008160385765061211,0.0054631826791307885,0.17457705166318174,-0.28911999481983186,0.07453032668959483,0.08457587150994114,-0.16594972118061782,0.08425183107536796,-0.08856359355944776,0.0018652592722383618,0.007155309914196073,0.14693403813872846,0.24126595167721962,-0.44342906339816807,-0.26135317159331084,2.478098164332457e-13,-0.01788187774285951,-0.5390012911353653,0.07767901483817398,0.015701543484972037,0.11901276383450582,0.1858326256003552,0.09424915274937909,0.08187421011740562,0.060253534271625386,-0.006315858962424845,0.01637058955600952,-0.08094255900342348,-0.285241860850616,-0.00438131354911266,0.07265398493010915,0.09350246045534331,-0.0028561668230429613,0.05289413001224892
13,9.827230911666398e-12,3.987772383607239e-12,1.0124830907193974e-11,2.940004615522931e-17,-7.970212568827085e-18,3.973779739135945e-17,-8.778308225020407e-19,1.174949324342628e-16,-4.009623967360447e-07,2.7682515089988084e-16,4.766163889973538e-16,6.08975093203719e-10,3.671260984251623e-07,-2.1412199946989864e-16,-0.001763522364888769,2.404920660449052e-16,-1.322377899292092e-16,-5.000923314485673e-05,-0.00019782606670903165,1.770367230641613e-07,1.5952973020159432e-09,-2.9463409073673957e-07,-3.83451056229577e-15,0.010413473493064816,7.272170834193272e-08,6.565888774836301e-10,1.7328550318909505e-15,-2.3379072459561836e-13,1.564265566407031e-12,3.852588277624108e-12,-1.0399791700476662e-07,2.0725183243705496e-15,-2.2172689936841966e-15,-1.2902466328613942e-12,1.54398506345948e-11,0.00011236639817801091,0.0134171960133881,-1.2755358480371746e-12,-1.3195596551022295e-11,-3.0417453281413785e-11,-4.658863064875077e-11,-0.04315084805574906,0.5848497974372628,0.45408286090163413,0.020889029186991308,0.00021408865716516847,1.6808336114425252e-05,-1.6943089719230082e-08,1.641032876961789e-05,8.735739545753755e-06,2.4316180695328152e-05,0.010938002914109403,-0.0005605735066693745,0.0036875750199218188,0.0012374518478784871,0.00011593720288043272,5.511084439057175e-07,-3.11416122648143e-05,4.289185096522916e-08,1.2618590325392083e-05,-4.30035492109034e-07,0.00016512003424186725,0.0013588921452568692,0.04607228153538824,-0.07714162456169305,-0.06599576068044745,0.016648981163796595,-0.02441617419809271,0.013394491837583216,-0.03900349881482475,0.0002242567406077669,0.0016220149113538378,0.03938415553342102,0.019652553895750147,-0.05231307447041537,0.13874352957833083,-1.2067068288063776e-13,-0.06699388383904888,0.20535761638045466,-0.20697141487495543,-0.10174643032412096,-0.022548594425536434,-0.0737108061153772,-0.12082666798103632,-0.00804064348710845,0.449556431091366,-0.0018458934179984398,-0.07108729445046573,-0.010144009766627892,-0.2500349547598522,-0.017935302975457,-0.041663769565068086,-0.03071353970346066,0.027963938289017255,0.12683522079399537
14,1.1171288817774666e-11,2.842845202184336e-14,-6.258801320596045e-12,2.010086042204746e-16,-1.1524813160371935e-16,-1.71775963852861e-17,1.4720664179215712e-16,2.429413258900738e-17,-4.418140321851659e-07,4.087496502335296e-17,7.622347986358592e-16,6.778914208828513e-10,2.7944239553972465e-07,-2.387641347308369e-16,-0.0018475983819369723,9.252838823484966e-17,-4.8616262739513144e-17,-9.132558772854918e-05,-0.00016924169046265687,1.8660708222891087e-07,1.7352822319443526e-09,5.268479849274583e-07,-4.055935978505725e-15,0.010225373138540616,-2.4504653869737866e-08,-1.3148607009081266e-09,-1.0786160391982997e-15,-8.18299035828325e-14,2.0243633429164227e-12,4.8481985445467e-12,1.568431487047399e-07,1.2171369879367385e-15,-9.671564000579972e-16,-1.203255176452693e-12,1.3676004839052425e-11,9.211590138682721e-05,0.0019381941439830335,-1.1040109458314419e-12,-1.1035444957388953e-11,-2.3356873896377426e-11,-2.756181245318184e-11,-0.004614988231308115,0.04599189786044382,0.021508913425145583,-0.004777580070865506,8.585177190693688e-05,5.97264919822627e-06,-3.807308607243905e-09,-1.2155191111280011e-05,-8.092690879145317e-06,-3.108072065504862e-05,-0.01818959731277534,0.0009595204021484967,-0.14042616932553165,-0.007676350502371916,0.002517864605775634,-1.4495308095212369e-06,0.00014064012844260248,0.00039962431070782027,-0.00016541426310003396,-3.8144900345651663e-05,0.0009303043875707539,0.006304060080576338,0.20030790271586013,-0.31464714955512657,-0.13123330982691225,0.07531698102803404,-0.12718964169816652,0.06949123952534532,0.141930598703107,0.0010416668487498828,0.005639285646868685,0.14916190022040213,0.17625202077694774,-0.2536704939715492,0.28802638312307693,-5.215374410249978e-14,0.1325598413150839,0.3135091024957013,0.12699817856026507,-0.04260007028324511,-0.03390644797092538,-0.07419910545734426,-0.35530437695869294,0.03482908382175405,-0.3956553883494035,-0.0070138670409212785,0.3328306175743926,0.12657935952461305,0.05822774204924678,-0.0637735085557461,-0.07078677166890762,0.07201201379492107,0.016138421113571947,-0.0637521294972419
15,-8.650973403520224e-15,-5.530645197286022e-15,-1.994023470545373e-14,4.500701528480934e-16,6.673116687452915e-17,-3.3158962090646975e-17,1.2836757314343222e-16,-2.0485570277096366e-16,1.4716671458358562e-08,-4.659161816254196e-16,-5.941655988372618e-17,-2.918337061081876e-11,-1.9916658836933696e-08,-6.976652448803958e-17,0.0001411952966914527,1.3781963653551692e-16,3.3718341547548745e-16,4.526118608236384e-06,1.837722916767228e-05,-1.3366402915159942e-08,-1.23559270705796e-10,2.5308954725114155e-08,2.456606612320954e-16,-0.00141624946399941,-8.836833778391776e-09,-7.425456119868322e-11,-1.0574967118343211e-16,2.826076602990787e-14,-2.0941362208371625e-13,-5.540952621252679e-13,1.8383808065263074e-08,-4.4662161196558495e-16,6.832965476775321e-16,2.580461091506501e-13,-3.547850021405228e-12,-3.5896321861329266e-05,-0.005596251139765055,3.1325431134681286e-13,3.98973917624853e-12,1.0766496998700355e-11,2.0451238713672396e-11,0.033459338474627426,-0.5246454470882504,-0.40154537950931607,-0.013512796216246525,-0.00013875064744242954,-1.095494692688452e-05,1.2598941976299076e-08,-2.521663848235664e-05,-1.456730944517128e-05,-4.7947694681722886e-05,-0.025050178602499827,0.0013065415910647083,-0.11447012289799172,-0.006806093936084348,-0.00044775881990223473,-1.8048284048427795e-06,0.00013233289485649352,0.00012419578302659104,-0.00013819571166461052,-2.9487083512913935e-05,0.0005353110202793223,0.003382629057202285,0.1027947828540214,-0.1454171550525303,-0.10955615424545721,0.028622708336146448,-0.04146818175248535,0.01940350747322461,-0.05568077859288342,0.000315921046854599,0.0022560672491868895,0.05190005162181479,0.024948318948267302,-0.06418221526525643,0.1689205689092178,-1.1159262934002546e-13,-0.06692455698766914,0.2175226411963626,-0.22055537736449035,-0.10207683790086933,-0.022695078665255768,-0.08144792849876527,-0.14241894991163767,-0.01009862640960735,0.46611683425499884,-0.0023846415572904736,-0.08171227815062997,-0.011377572420344388,-0.28167502492035307,-0.020992729880672863,-0.04272777870492825,-0.03135374089047372,0.028760015456948517,0.12957039797919248
16,-5.4987050089449244e-08,7.958858632910424e-08,-4.539774053125967e-08,-1.9756428912650661e-16,-1.169668113138555e-16,-4.5912304761789035e-17,7.384854221734176e-17,7.23770275928581e-18,5.602878827497272e-05,2.606692673718179e-16,-9.585015237007578e-14,-7.507445036036063e-08,3.914699731780388e-05,2.887453454487221e-14,2.1277832194766992e-05,-1.0486478217423572e-14,-4.63974779792558e-16,1.642926647280786e-06,2.5476291934567205e-06,-9.895374303125396e-06,-1.7093434823376252e-07,5.011610197718226e-06,2.9667119223307477e-13,-0.00019653578082721857,1.3213737397633386e-05,6.99178598629362e-08,9.493434863724973e-14,-1.612145546186524e-11,-1.2778542158482087e-10,-2.7144046173123166e-10,8.927997125712993e-06,-1.036359985359744e-13,-3.4906816761722694e-14,3.361971815030748e-11,-3.261962281394765e-10,-0.0031855825672904054,0.00014218559785723677,2.2311619571070456e-11,2.907786843052912e-10,-2.4350501470092514e-10,2.3192766272151674e-10,0.0006801141848068961,-0.014696474979552928,-0.011002503799887889,-0.0003946206764537034,-0.0005223173399164634,-3.7497954300310334e-05,1.6524622088811526e-08,7.652651048013042e-05,5.3285761908382484e-05,0.00017752947453677058,0.08886317576065761,-0.0046479692883152285,0.02227251083939983,0.08499612317909262,-0.018529369522557116,4.852530356369901e-06,-0.0006264259810039968,-0.02188015135212064,0.0004862192046788393,0.00024543961547346095,-0.002069430950678499,-0.009857073445974562,-0.26115350245784685,0.2901374768629221,0.05816273256442135,-0.04920427719149822,0.0760272855930562,-0.10315578024737769,0.063533612186201,-0.002222435021507277,-0.003952766738448259,0.012252345820823664,-0.04717761555784247,0.02141644982030729,0.5330760724854048,2.4886472672746095e-14,-0.027591072571428527,-0.4515824693054311,0.07588002353043162,0.024946885630493944,0.20853508747047259,0.04021636168122247,-0.3795851775692647,-0.04864735826182457,0.055052764607749057,-0.0021042884612620647,0.19474815967126663,0.0384253867148451,-0.16790290798406057,-0.05901096129176072,0.09529361164547442,0.15685597106106153,0.0015111726340544065,0.08365432702964892
17,-6.239548647528451e-08,-5.202977325250559e-08,-9.033587918382676e-08,-1.4137732760033845e-16,-1.9371285880904271e-16,1.7115935020899092e-16,9.050957814624094e-17,3.4101243193418196e-17,5.938995882605056e-05,-2.408122328156021e-16,-1.0144726165232275e-13,-6.498891495072826e-08,-6.294918920821494e-05,2.5897587957423903e-14,2.332098474775585e-05,-1.1351561315626045e-15,-1.1578418553653158e-16,1.1842823213232587e-06,2.826019851567066e-06,-1.2809065268752533e-05,-9.499556690311096e-08,9.508508989980581e-05,2.646053461958717e-13,-0.000220118478407503,-1.1780789603156477e-05,-1.8307398516121752e-07,-3.135718251624609e-13,2.3883234951174145e-11,-1.932716682089064e-11,-5.669149774677772e-11,1.4164356632541726e-05,-1.0206088129288526e-13,1.6135761640690728e-13,2.9948163192275435e-11,-3.116676079496182e-10,-0.001112874892225684,-0.00032839058859587285,2.4215115093801e-11,1.5926958708279159e-10,4.0784260842152304e-10,4.480982869881055e-10,0.002119025377891417,-0.03302126953456286,-0.02498734194229166,-0.0008296863315298594,-0.00092414182594459,-6.678427318734822e-05,4.1673834210553657e-08,8.688049314661628e-05,5.042791595394578e-05,0.00019380837904825075,0.1087751122825703,-0.005705546903766711,0.01564502806616473,0.012438737970663345,0.03323550456489084,9.812173800493307e-06,-0.00044482394210492576,-0.0071158279212937365,0.000405948047387651,0.00028540558944432475,-0.0018261637913846833,-0.009873330964661468,-0.26456851663632075,0.2701646933904432,0.11081688645678017,-0.04289641718766203,0.0657755062986817,0.061943743757649425,0.035036393633691806,0.0017108204830839943,0.004085027118593029,0.08693688022824916,0.27087725929245143,-0.2837195010015609,-0.26067431791902873,2.1114112905906563e-14,-0.12978161705469365,0.1342048582207887,0.04292428179083477,-0.19877888338501842,-0.041197154635669204,0.05461246823767248,-0.0087840638385697,0.1232061281772207,0.311996480200875,-0.003859450421844966,0.46835935613223995,0.09611755457639067,0.36439583135142584,-0.01995407897623903,-0.06446662755212793,-0.023564284593929733,0.036972614218320016,0.1658234232990803
18,-7.109299654180092e-08,-8.418879621987381e-09,9.560824182761655e-08,-1.326267731840852e-16,-1.1075903290349569e-16,-2.359572390742855e-17,8.542481406592012e-17,9.41431889253881e-18,6.864702736775309e-05,-4.2927603045856866e-17,-1.172358550615098e-13,-8.004776222671475e-08,-3.837735413602717e-05,3.149358361055929e-14,2.5981146606670906e-05,-4.659388730768519e-15,-2.824784882431033e-16,1.541906027244757e-06,2.9958193100690473e-06,-1.5054299658133441e-05,-1.1213104788427234e-07,-0.00011425888598346207,3.184889317331935e-13,-0.00024094829067421297,2.3530112104361262e-06,1.859755852502932e-07,2.0980157805665716e-13,2.2766119760117847e-12,-9.426165082557698e-11,-2.2170208989299602e-10,-2.100007907983606e-05,1.772047971152297e-14,1.541896058909642e-14,3.763992149463954e-11,-3.762385015083813e-10,-0.0014471058620502458,-0.00013957487573671885,2.950792105070868e-11,2.2091145916263964e-10,6.991646451971962e-10,4.470314312531747e-10,0.0013511973906992882,-0.021964621693956663,-0.016111875850897062,-0.0003803969616684847,-0.0008755504103572345,-6.290915127971147e-05,3.076968087043101e-08,0.00010558703742911076,6.588366945628834e-05,0.00022411107078265885,0.12277245401271004,-0.006410951791661017,0.025618794054001255,0.014018504581878616,-0.03064091938891942,7.731014027573088e-06,-0.000769226885415848,-0.009678947057641885,0.0005827280175644032,0.0003297924030456435,-0.0023433651351424806,-0.01200064707050459,-0.3222960292127893,0.33764773800998554,0.12262277651003645,-0.053815034920125515,0.08090745344857207,0.02628574444211359,0.004472242858226644,0.0006578154393228198,0.0009329688945698204,0.02598229023675448,0.06233427989748658,-0.30317660849766487,-0.1693990793042891,4.3331525098668554e-15,0.24802501153930331,0.2877674068449051,-0.0300819985844068,-0.07938976466699059,-0.05158856975064333,-0.02767311835666094,0.004352329113628296,0.015574817743358792,-0.2915282078860134,-0.0013519697397124256,-0.18129399596807932,-0.042557922489922836,-0.5569990004400567,-0.012589538744690024,-0.10483148384569656,0.11632305089784147,0.03250572600812007,-0.05461646446256881
19,0.00024923093525350515,-0.0006795662320986154,0.0003598314096836275,-6.59774151849411e-17,8.182014889995397e-17,-9.838849556839581e-17,-6.430990938921657e-16,-4.786603277976301e-17,-0.006805627341451552,-3.9204823196788545e-15,1.161886458584297e-11,8.475207119728958e-06,-0.012512264721673532,-3.255869893096819e-12,-3.9491835823084164e-07,1.800830294675804e-12,5.1288223369373447e-14,-2.999218917770044e-08,-5.453734040550395e-08,0.0003922696592097184,1.691341844879265e-05,-0.004370877309482357,-2.1052632710243445e-11,6.303334567792549e-06,-0.001334969968811252,-2.8120201563875923e-06,-6.374404012205726e-12,1.9598720915661997e-09,7.89398191481905e-09,1.493844671455182e-08,-0.0010013048483994483,7.343717485624156e-12,4.879914992449544e-12,-9.511706930912981e-10,7.77344595658188e-09,0.10363495892902773,2.0147321476636162e-06,-4.08453177864489e-10,-8.081638346282834e-09,2.1760006714495614e-08,8.409920278927795e-11,-0.00022019359724604476,0.004721571619218523,0.0034582182214057122,7.404096271858312e-05,0.00120329930471033,8.355839846388201e-05,3.756590827701613e-08,-0.00032163505728277425,-0.00028380690493168146,-0.0007864750844242901,-0.28369564084288645,0.014732767675144623,0.0143478908064951,-0.8204012457162834,0.12653782580294826,-5.3482906353657e-07,0.002572940962989917,0.14491080121507213,-0.001582025377126511,-0.0004568626615253519,0.0028655085701903174,0.004871321612243478,0.0394356589651826,0.08313636157211848,0.0496424565508669,-0.046930274557823025,0.09937346909911315,0.1563169159756869,-0.00224673750064556,0.003059622605629754,0.002119053704222312,-0.0706583767249076,-0.02547434540578553,0.04184837123460657,-0.09147352437588821,-2.2056135107292822e-16,-0.025086576091253022,0.02020523404388692,0.012930528778966882,0.020308296926242617,0.2371378474669408,-0.12267949473576942,-0.1062997310726636,0.008442169328722335,-0.0060127739660306755,0.003946058103241574,0.046700932370228855,0.08229183119046092,-0.051318910901271345,-0.0171709109860505,0.05994398502192957,0.16815176184280378,0.011143218400036368,0.08099330936445485
20,0.0003175244591528874,0.00048634978141878804,0.0007488382335929442,-1.0468768436279079e-16,-5.993580652870115e-17,-7.64422930330508e-18,-6.49897608956691e-16,-1.9590730898903623e-17,-0.007135761364818438,-3.989423940921544e-15,1.2186855451685684e-11,5.032157473325833e-06,0.011359959944119485,-2.0714129977132585e-12,-4.240291331055822e-07,-5.12980885211158e-13,9.956795317153849e-15,-2.774364106075849e-08,-5.8779920757332246e-08,0.0007918752925838402,3.7354973069232814e-06,-0.02109484233087731,-1.3729590458418571e-11,6.81318222421552e-06,0.0015290195277054333,3.097285089463645e-05,4.759093937102468e-11,-2.657712004989633e-09,-3.78620513399407e-09,-7.038495250149252e-09,-0.0017011225931802315,8.215597799745767e-12,-1.3599797764441142e-11,-5.830375654968948e-10,5.953056236991687e-09,0.0016248249782223041,1.8918339822478128e-05,-4.5136357447050306e-10,-9.819791886195833e-10,-5.002541514139805e-09,-7.620967251107062e-09,-0.00035007037810264047,0.006973656840205226,0.005122276168702687,0.00011642460705934646,0.012167880475352204,0.0008804892078586159,-6.229884606646561e-07,-0.0004493935465013631,-0.00019109756995035621,-0.0009524519001581305,-0.5438755037916063,0.028556077740375437,0.0062660064776766024,0.08127075047820942,-0.6632166940562071,-7.129481810574352e-05,-0.00038045770838251476,-0.011380128532110055,-0.00040818063062094556,-0.0007499282085165282,0.0009429228263364275,0.004865347682463872,0.07471864117762353,0.07227899452502884,0.016839328864397225,-0.02536305285962191,0.03652839450253372,-0.13445385400074628,0.00319463946146571,-0.0030352998126474146,-0.008063792836727677,-0.09147917868373236,-0.17492988477410054,-0.12086498428917618,-0.02291931242400006,1.891145968018093e-14,-0.15266581444594207,0.02871950253167764,0.20174574000453047,-0.24841771637066673,-0.04706634653021343,0.08043844093854971,0.011161301837553005,-0.07742860458625557,-0.030528750982004322,0.002784326800082694,0.03947577094405674,0.02800137891039148,-0.05045280321765782,-0.008761861325900606,-0.0700836260106423,0.01637876022828129,0.03408696014943546,0.13015356936837896
21,0.0003693592409802252,9.692954879002177e-05,-0.0009059811797387835,-9.889408244914786e-18,-5.06791672049336e-17,-9.691561327340328e-18,-9.682573876275933e-16,4.9148384598675e-18,-0.008579777386869,-4.76014016414425e-15,1.4651172247988496e-11,7.387983381670615e-06,0.0054827520005568875,-2.956757759864479e-12,-4.808351889427732e-07,1.8583757687648634e-13,2.688793979207518e-14,-3.30223844718205e-08,-6.573152426210954e-08,0.0010800474646751026,2.7772423356512737e-06,0.02353596211047131,-1.8341473451268198e-11,7.67847976119549e-06,-0.00035375625056951706,-2.82876058688661e-05,-3.7017854572748717e-11,3.244760741999197e-10,4.483329511080784e-09,1.0323742705919694e-08,0.0023500162903238825,-8.371123616696728e-12,3.880398416696015e-12,-9.623865770872426e-10,8.359688362611549e-09,-0.0041250111331800916,1.4083337490029589e-05,-6.87642672934063e-10,-2.7818110439402736e-09,-2.640914707331949e-08,-6.3885565976903515e-09,-0.00033861293541422136,0.006919134054791059,0.005044514562945455,0.00010334769888281521,0.008066551990082644,0.0005726759131430456,-1.6170414447816929e-07,-0.0006867680745924558,-0.0004087274988388256,-0.001131470964870532,-0.6057808779676382,0.031165005393881222,0.00789212434722764,0.28884653968046486,0.5372072815565901,-1.6822424233321845e-05,0.004225619410589932,-0.020537303766551603,-0.0022161722153378393,-0.0009414419253769178,0.002755188999353718,0.007731560270890235,0.12219952046057025,0.09937274039499107,0.04447750525968158,-0.05305392100911634,0.09943986053083592,-0.13201020662825497,0.008888692339194202,-0.0019063358611576056,-0.00430786887330835,-0.026362403049657788,0.07505691721716792,0.10090461052569298,-0.019095649138118478,-8.14412217236216e-15,0.3027611925568036,-0.031000182596283413,-0.09181264487332896,-0.10815802222080992,-0.04492492387333514,0.09001353139290103,0.041171619998656414,0.056289256043126706,0.03702899387399632,0.00041761330165720556,0.1589329436720014,-0.039751634261135704,-0.06972393612547804,0.0008082924657805448,-0.0858034740008027,0.12252614691208055,0.03797092109566537,0.010817108571695435
22,-0.33378471044367525,0.5780549122673008,-0.2161007672349845,-7.398126335368799e-17,2.876112606200633e-16,-2.921211279081305e-16,3.623540768103524e-14,-1.1537848926960026e-15,0.21812250993423435,1.3065296438915286e-13,-3.722633002469096e-10,-0.00020809980175774353,0.27316425971928215,8.079094379327491e-11,8.207121242909201e-09,-4.029172496014643e-11,-1.1885857109521432e-12,8.361603715995612e-10,1.5370326010178724e-09,-0.006021257197827199,-0.00025724718006862044,0.06056051334024525,3.2204732840733237e-10,-2.963222789658011e-07,0.012990845549597474,2.8900529381758943e-05,6.684801766439932e-11,-1.937587186573637e-08,-6.915199161164212e-08,-1.2203062438880017e-07,0.006735760434789427,-5.595577556458984e-11,-3.7873258779671786e-11,5.499295465333544e-09,-3.883205266484344e-08,-0.37965492087733493,4.442959130556347e-08,1.882634922139911e-09,3.104983000643288e-08,-7.390978219727656e-08,-1.067027188235569e-09,9.625874366503629e-06,-0.00028210521161639866,-0.00020095488144365636,-2.2252586664171954e-06,-0.0009033462960185668,-5.900368607985648e-05,-1.0375372220667252e-07,0.00015010797025033365,0.00014241446680947245,0.0002798143215654001,0.04736827836227325,-0.0023226232422821763,-0.004787287241415082,0.15719429388644532,-0.02738200062447911,-5.8235282261926084e-06,-0.0002156492697487114,0.007204810935792333,-0.00016930070645283205,-0.00018756118405687384,0.0018912126983481935,0.005823832421193562,0.10345228929901205,-0.010586367446714743,0.019455784498870237,-0.0260414063918962,0.061629824330330096,0.12834193685890272,-0.012130903819730495,0.002604388733934659,0.0015384891618192501,-0.07911905904636743,-0.0376048222109268,0.07217093018398404,-0.14696854917806101,-5.148375370555792e-15,-0.024172108520404835,0.06196521034168718,0.007369902707122256,0.016956121507350062,0.2572454976595547,-0.1324147517100313,-0.05313285326854916,0.008516739287819916,-0.00953072617779683,0.00446411884579808,0.024122648728889796,0.08115243802632613,-0.019591098742911605,-0.008185372150563194,0.058603531323212714,0.18048367345119914,0.013194808604002812,0.08720181556350613
23,-0.4008175791832698,-0.3899285523943693,-0.42387934366914537,-2.823972583277786e-17,1.226337942641388e-16,1.2239713367012949e-16,4.029886963501041e-14,-1.6316872546333797e-15,0.2155394442198483,1.2369818518669749e-13,-3.6798669441943817e-10,-0.00011596608760820382,-0.23316759914011412,4.826994921592083e-11,1.3061917936033362e-09,1.0909566132268034e-11,-2.1488445524470877e-13,7.165936165542508e-10,1.1019127441945262e-09,-0.011568444312983208,-5.2678615512188906e-05,0.2744934484721645,1.968609838627205e-10,-2.0076687919511732e-07,-0.014057962986123945,-0.000306369593490657,-4.747381248513821e-10,2.474484259072273e-08,3.2000506772588225e-08,5.5783626100586544e-08,0.010793115095135848,-5.911871072803832e-11,9.896299117162876e-11,3.117129728265601e-09,-2.7676905375677442e-08,-0.00102489211354386,-1.7468032617768203e-06,1.96321829480281e-09,2.9948447685159883e-09,1.4594478971744134e-08,1.8567426090947714e-08,5.3871698709319264e-05,-0.0012028172176513443,-0.0008738267656403843,-3.275746740622669e-05,-0.019722700258567493,-0.0014196550559860358,8.963226731550738e-07,0.00022762695471180804,6.718269592462765e-05,0.0003462078613246337,0.16612866038191068,-0.008537006976164632,-0.003692505138883137,-0.0355845737692118,0.21263925685518537,1.880066466954557e-05,0.0006364261951877663,0.007059705942310558,-0.00031109305731378607,-0.00019290246942777034,0.0011672904333037354,0.005661139428304176,0.11893303119014803,-0.01653792607523877,-0.008713251501118359,-0.011390079336592583,0.018697758554329338,-0.11566140872669047,-0.00459295504279569,-0.002672648106835632,-0.007356253375406272,-0.09898351807043208,-0.1930347096316934,-0.04667900155212422,-0.003690343631489974,1.2665123018570233e-14,-0.15389031302611658,0.011409291073576243,0.20447672207548862,-0.259521456329873,-0.04640345112712261,0.07757728409197044,0.026502099985383866,-0.08208957587650624,-0.05467834294333057,0.0033861373620093587,-0.005097020964005279,0.018053652460375866,-0.06048481329237599,-0.003214033573624023,-0.06998372076077167,0.02243497726530732,0.033893982464615655,0.128521574342916
24,-0.4690945555888515,-0.07818822394735812,0.5159648125092864,-4.984074933228432e-17,1.0278961989487334e-16,-3.762549039006288e-17,4.770555984332394e-14,-1.8114554099765204e-15,0.26082371743170185,1.5216792583763736e-13,-4.452459239920817e-10,-0.00017166699766805196,-0.11304990092937237,6.945189701159944e-11,7.3245266587768254e-09,-3.866441269462336e-12,-5.844693436287497e-13,9.996514330333942e-11,6.953275722826006e-10,-0.015912586660438606,-3.8765921283972686e-05,-0.30801281982192547,2.651334125329184e-10,-2.0548248761286678e-07,0.0032762604494281375,0.0002813155033810959,3.718933116111716e-10,-3.0928715906615904e-09,-3.7044567748993916e-08,-7.967963802687197e-08,-0.01499064173718044,6.130342964939911e-11,-2.8914227232382455e-11,5.252991971629363e-09,-3.945523784620054e-08,0.021217680589405447,-1.3648938636747504e-06,3.049331772730269e-09,9.58336090325129e-09,8.345006317888345e-08,1.541661681525947e-08,5.37329233846544e-05,-0.0012236417512210829,-0.0008834378860489596,-2.5251317404482325e-05,-0.012473625033260176,-0.0008787133185098979,1.872085017236816e-07,0.0003960517464229987,0.00021124355090484435,0.000425799135139052,0.18568116449521785,-0.009212258918757951,-0.00476795778645396,-0.0994530846472641,-0.17015010272867948,-2.0840647131235456e-06,-0.0006342643807551024,0.01039897084579136,-0.00012972531256050043,-0.00021659779015069348,0.0018955094278394658,0.00744809149658821,0.15466409538418385,-0.011656222261021042,0.007181199918657149,-0.027694251428485573,0.05748887635521757,-0.10935738354712489,0.00044760978473969604,-0.0017021095427258725,-0.004269090710822847,-0.04486352359976029,0.03027190841032988,0.1523494808368123,-0.015422092065657308,-1.4215659289011086e-14,0.31523666022067903,-0.05387571313709492,-0.08865255069264,-0.11772404219024159,-0.043177181485227104,0.0908476117665847,0.058269899530624385,0.03961892166768421,0.05525808138626552,0.0014102817419743136,0.14805723220861308,-0.03741576545909322,-0.01489867163532926,0.005943826077083258,-0.08487664597711926,0.12645212782777174,0.03867957383730268,0.017428470687300995
25,0.33906602126575264,-0.5869681818409921,0.21933370048097175,-5.118653377205854e-17,3.0113722856517167e-16,-3.0303031788552683e-16,3.326687160245022e-14,-1.1164396930786016e-15,0.20663749270493348,1.2346162152439663e-13,-3.526704827095909e-10,-0.00019862034306877198,0.2580303950561062,7.711100398319966e-11,8.602112902955357e-09,-3.825556896666565e-11,-1.1324225705934922e-12,8.611418819698325e-10,1.5827992495997826e-09,-0.005938962932712039,-0.0002485622437097674,0.056714222440689896,3.1284484517915197e-10,-3.0117785022611506e-07,0.012708126832990737,2.9511594934274414e-05,6.692849924140978e-11,-1.8937434558920036e-08,-6.789437409037882e-08,-1.2001634519909728e-07,0.006585446242966342,-5.47584861388607e-11,-3.727016534283311e-11,5.440628010220954e-09,-3.847994989869743e-08,-0.3764290290054036,4.5667775460616107e-08,1.8695249510471043e-09,3.079208380931222e-08,-7.321880497598444e-08,-1.03906813002709e-09,9.938760872425929e-06,-0.0002887719874873787,-0.00020586023360033117,-2.350327159746561e-06,-0.0009112974158170379,-5.957876459200547e-05,-1.0327378824275694e-07,0.00015029282320280738,0.00014261049310056818,0.0002805726590015416,0.04764782753671819,-0.002337375779663539,-0.004812451207784924,0.1590150750884287,-0.027422389214275665,-5.82669985281331e-06,-0.0002191398730248215,0.0068614292813324864,-0.00016677645377173567,-0.00018696949548286526,0.0018864045167414356,0.0058185354156697145,0.1034609932988933,-0.010724044411169809,0.01938512033565705,-0.02598119685638285,0.06150204656870614,0.12810715491424807,-0.012136148103517277,0.0026002725564108127,0.0015346874818776824,-0.07906927168329374,-0.037576892397469204,0.0721769110865491,-0.14699787904194445,-5.348289443746116e-15,-0.02416493236838936,0.06204751114017874,0.0073487017352401665,0.016947001527281017,0.25723002632399306,-0.13236767168116736,-0.05298254985516356,0.008523916402654099,-0.009541864077140784,0.004461364461756183,0.024080710776099787,0.08110536582564672,-0.01953924205279961,-0.0081624748088163,0.05858031249531726,0.18046559934941692,0.013196946076439902,0.08719015848916947
26,0.4071239756838838,0.395885990705192,0.430135631076127,-2.6585924822180566e-17,1.1289493380184973e-16,9.587477186717554e-17,3.72489645660374e-14,-1.4669062988073376e-15,0.20533152140704214,1.177522890653487e-13,-3.5056300000785677e-10,-0.0001124704686704474,-0.22226557539512462,4.675340122141855e-11,2.0397175956691922e-09,1.0194808195017682e-11,-2.1453792139620624e-13,7.387264754206471e-10,1.1716154763740034e-09,-0.011320256514006895,-5.1363308124605525e-05,0.2619656892527449,1.9281238051118207e-10,-2.0909524840783703e-07,-0.01369055054733758,-0.00029620653117116996,-4.593523973478901e-10,2.4111058142215656e-08,3.102415407096774e-08,5.409876789897383e-08,0.01054202395587698,-5.767460782662098e-11,9.690416480728265e-11,3.0977881866094925e-09,-2.749795415273849e-08,-0.0010323205489136782,-1.7747433027194328e-06,1.952083975756762e-09,3.001655878350779e-09,1.4673471935562754e-08,1.8486177549267843e-08,5.434360797667541e-05,-0.0012121449380963175,-0.0008806984871809144,-3.285185642874561e-05,-0.01967116117284392,-0.001415962479018728,8.942163065663791e-07,0.00022799761125634298,6.734050620219754e-05,0.00034734481646916514,0.1668603809995491,-0.008576092677496823,-0.0037006956523554504,-0.03559701968538274,0.2144959112493281,1.8947030826106e-05,0.0006400586374216312,0.007078820683572065,-0.000311736580171784,-0.00019170277984576322,0.0011675174709541226,0.005657593980906871,0.11890387363142557,-0.01665541102457538,-0.008733567231530662,-0.011372820544982346,0.01868865927050646,-0.11554642504977165,-0.004601551871328066,-0.0026698007209494286,-0.007348943979509846,-0.09892207304363124,-0.19290181415526086,-0.046468317305148964,-0.003643633426427724,1.2461733911510861e-14,-0.15387908956347943,0.011373722843384119,0.20441780297904083,-0.25951965253118375,-0.04639931865029859,0.0775505734002007,0.0265204683523045,-0.08202318324701398,-0.054741176539086736,0.0033847563132044962,-0.0051774555838937295,0.018014592313719976,-0.06053374539457698,-0.003201720594524464,-0.06997693816522173,0.022451216822121294,0.03388926567009219,0.12849311113182885
27,0.47647972183515463,0.07938365285776525,-0.5235909480414764,-5.119680345901856e-17,5.580650538314508e-17,-3.432831609789287e-17,4.4283412350856773e-14,-1.7503775842335598e-15,0.24847750879515138,1.4470279105871593e-13,-4.241765978486371e-10,-0.00016574730173324318,-0.10774300427973206,6.701478756413369e-11,7.858996668128159e-09,-3.9130959254590824e-12,-5.678105687912613e-13,1.5951563772990422e-10,7.929210829927643e-10,-0.015469233682053756,-3.987123626124347e-05,-0.2939405596632152,2.5963428000989577e-10,-2.152650851351704e-07,0.0031541801543375865,0.00027155308594073294,3.5845240015163273e-10,-2.924197291707533e-09,-3.631112647413715e-08,-7.817922708212688e-08,-0.014659968720738728,5.955827836949457e-11,-2.791172551034551e-11,5.2056375753754964e-09,-3.915856934804588e-08,0.020319945688390375,-1.3794571929627652e-06,3.0245921680028545e-09,9.56157820302686e-09,8.26956229403653e-08,1.5355357716111904e-08,5.408512526109092e-05,-0.0012309625874127555,-0.0008887340801022203,-2.5318994886044374e-05,-0.012452848915825295,-0.0008772955171369683,1.8742656896891564e-07,0.0003966490913559884,0.0002116767999504256,0.00042712943599273925,0.18648676319674232,-0.00925384452756647,-0.004775423664118405,-0.10043632121741129,-0.1717788312813673,-2.089304933114528e-06,-0.0006436257104385483,0.010513673429408349,-0.00012497283472349087,-0.00021489986359383783,0.001891045574501365,0.0074376916286706335,0.15451261210172157,-0.011825050248420944,0.007110883109594909,-0.027623491670180245,0.057359477203207804,-0.10919223344291057,0.0004319500841634981,-0.0017001935311269994,-0.004266995144448719,-0.04490455488704164,0.030102025810566157,0.15231144417925455,-0.01541344069358199,-1.4258540490605498e-14,0.3152301999460729,-0.05392220918781804,-0.08859928116447877,-0.11773195858007003,-0.04316612611288723,0.09081653800432207,0.05824066517070062,0.03953379011237841,0.05531174970425773,0.0014126561304336903,0.14800421337758565,-0.03737335877529612,-0.014764414413328961,0.005943607063989799,-0.08485783275371213,0.12644117861260676,0.0386757337513831,0.017452602357880292
28,-0.005529725348643744,0.00958813290940089,-0.0035896236306689555,2.040527909625584e-16,8.489631699796247e-17,5.938285690758024e-16,-1.409456401941563e-13,5.375604559461503e-15,-0.4953309070446496,-3.1480602300432633e-13,8.448670851570835e-10,0.00038539482812056914,-0.6743448509870685,-1.495594423424656e-10,1.3187471889122658e-08,8.725441834985802e-11,2.3324899676906043e-12,8.247813284673042e-10,1.6497066195242044e-09,-0.0006848304314206647,0.00029666993766830065,-0.18373716803426923,-2.659405071360584e-10,-2.7860675097307933e-07,-0.0055190732428507016,6.760712506502537e-05,7.053923315164378e-11,9.303351464019113e-09,1.3715374197129671e-08,1.1340150422996082e-08,-0.0033733090377040696,2.362671286811718e-11,2.3036957296294507e-12,1.5097693196627826e-09,-1.4535482987272141e-08,-0.14539462030395636,-2.6149646637529157e-08,9.728605962934385e-10,1.2532007864785778e-08,-2.2567035187013484e-08,1.1484815997432153e-09,2.0246464175163745e-05,-0.0004970842792109503,-0.000359610930300677,-7.068797526691401e-06,-0.0016400230164474133,-0.00011238704560486702,-5.613789558511323e-08,0.0001480234055559827,0.00013603399666684113,0.0002815307100620215,0.055968326641561386,-0.002781686521441296,-0.005273734883309253,0.19743675031313998,-0.029247088224906907,-5.2908607171984295e-06,-0.000317790370074458,-0.004151962444211583,-7.641845115125104e-05,-0.00015742156618384632,0.0016530690308747703,0.005449098552511248,0.10060808304734907,-0.014682882758292722,0.016582965665241985,-0.023413950648878218,0.05584122315049576,0.1167083800191164,-0.011986042552728938,0.0023967824385098735,0.0013528217228871706,-0.076124157810683,-0.03597340344052898,0.07171537070195572,-0.14564738719395895,-5.269328337918569e-15,-0.023869038130325603,0.06419024735899688,0.006558113115060476,0.01660718877963944,0.25636509754114356,-0.12955305492173053,-0.047427109550733294,0.008715950837187264,-0.009808332500320632,0.004295838919163159,0.022877996198259223,0.07876507724257929,-0.017779028309521897,-0.007330497724018905,0.05762631637501097,0.1795097890749282,0.013250630866906908,0.08661513684606476
29,1.660560075567728e-05,-4.539788868892492e-05,2.4109463970356735e-05,6.445328418623707e-17,2.38850128134487e-17,-7.85782209130277e-17,1.1768794538553361e-14,-5.580528566100796e-16,0.06801633250385884,4.158933488157068e-14,-1.1605544757187183e-10,-7.132739039142752e-05,0.14390240172863916,2.7347181722295215e-11,-4.493146501313159e-09,-1.8037265063475702e-11,-4.622156267827349e-13,-3.285394417130557e-10,-6.798204982170205e-10,0.0002168924573367214,-9.697855615020195e-05,0.06843046790868235,8.585253884386148e-11,1.9602507916272237e-07,0.003285972289592705,-3.6343217255450616e-05,-3.7431954959161555e-11,-5.427580194569446e-09,-9.45518528716071e-09,-8.686960387364776e-09,0.0036606936209111745,-2.0416648389787954e-11,-1.9555698183457224e-12,-2.0702909604304706e-09,2.7092844648475513e-08,0.8236443891883319,-6.58486755273245e-07,-2.1387740248860775e-09,-5.473438778189691e-08,2.607276683201944e-07,1.5317831164406793e-08,5.5121891432577456e-05,-0.0011857575255330053,-0.000867716369242495,-2.425778103210976e-05,-0.005611510800792209,-0.00038120089692481106,-1.5995819130353888e-07,0.0002653684891504083,0.0002373117862257142,0.0004681663184596075,0.08983727067976834,-0.004448244833052008,-0.006399310321391549,0.2793933369115797,-0.04303626040997456,-7.964028412239948e-06,-0.00046218956983986925,-0.041443900663819824,-0.00010217145477869831,-0.0002568604654124878,0.0019901421137441954,0.006331543864766715,0.11492745746589408,-0.016284963496979856,0.017928629612136062,-0.02550119925153502,0.0606655106183843,0.12218280023073981,-0.012498872769197644,0.002490070484480438,0.0014002868176892697,-0.07739152913690457,-0.035954197015431295,0.06976067087816594,-0.14018183077079494,-5.6593718968929435e-15,-0.023289995821890182,0.06416812314034069,0.006575540188350527,0.016230115337457007,0.2508485773103074,-0.13303473102455265,-0.03527200638503363,0.008654629878897709,-0.009711022097066271,0.004331399978546976,0.02569986607056989,0.08224641257804362,-0.018691606422707754,0.007822733808265446,0.056798146479002914,0.1766074274629514,0.013075252253056453,0.08523846451775197
30,-0.006619330394714716,-0.0064350059837335865,-0.006990203445437691,-1.4551627958693066e-16,-2.3104464393383876e-16,-3.235353948819113e-16,-1.5155108622550437e-13,6.4188359780483636e-15,-0.42272558838186886,-2.507150464603068e-13,7.214587820068054e-10,0.00010626201862919845,0.4537487143851693,-4.801109994915053e-11,2.5515118963925868e-08,-3.38477595233576e-11,-1.805819296932954e-13,6.998405606200754e-10,2.393377841237736e-09,0.004478129953603056,3.135629480872033e-05,-0.5268573115121017,-6.465781301270503e-11,-3.658986318650084e-07,0.010084220676334008,0.00035637030892682857,5.282751021044081e-10,-1.6870769840008995e-08,-3.25187263650501e-08,-5.61376497411774e-08,-0.006211586416845226,3.744687312016177e-11,-3.886426425850593e-11,1.770377242670537e-09,-1.5028824569611157e-08,-0.001463509307904805,-2.230508980262521e-06,1.1676341970702182e-09,3.4641415606309725e-09,2.046900073825655e-08,1.1930471467851615e-08,6.130746031399931e-05,-0.001345066291555992,-0.000978990552063294,-3.0079613559213396e-05,-0.014468300160404856,-0.001041472530135979,6.520097997836024e-07,0.0002245363852531551,7.253517412721008e-05,0.0003543635507417062,0.17561310119092025,-0.009061802004973305,-0.003758149232535618,-0.03518738644694081,0.24142834438334115,2.11564581125064e-05,0.000658062289344847,0.007342051086152258,-0.00030510252030882166,-0.00014376447823531658,0.0011409075160543406,0.005372869387573705,0.11455762656216012,-0.01974964481884802,-0.0089467738135164,-0.010754832894469709,0.018429648056130437,-0.1095680055443051,-0.004743355254431911,-0.0025223920302627906,-0.006964204314181975,-0.0951381122046125,-0.18474959663706786,-0.03825551334649592,-0.002268640950327906,1.2783852614877566e-14,-0.15330878272591233,0.010109508146431198,0.2010836796099234,-0.25918182311940596,-0.0462117513277177,0.07623041477874798,0.026953478668250416,-0.07814413285423168,-0.05638993751107953,0.0032814935260125017,-0.007012376441714005,0.016503938121234133,-0.06143772507230928,-0.0027513351998487024,-0.0696236865826267,0.02301365437932624,0.03366882655492235,0.12726333532573303
31,-0.007747029466836008,-0.001290025646951866,0.008508731384560526,1.6305367453902677e-16,-9.21475086029123e-17,-2.0720136414980633e-17,-1.763168901286751e-13,7.296128023262442e-15,-0.5116758091584827,-3.1205634303950683e-13,8.730693022621833e-10,0.00020349738925377935,0.21986980808642564,-8.489128625242968e-11,1.7541042150919965e-08,-6.367560549342633e-12,4.768940843897224e-13,2.2684513033146037e-09,3.6859474345675747e-09,0.012517924419628209,-0.00010624547524918926,0.591489563328342,-9.070394632956707e-11,-4.4773559070396204e-07,-0.004733098275915637,-0.0003545491325695429,-5.027928080265993e-10,7.940665999453646e-09,1.1654067416030216e-08,2.044900709620354e-08,0.007381248170549499,-5.51275305239554e-11,3.798091080698344e-11,1.9725309883446603e-09,-1.8520677190617115e-08,-0.04383938965962153,-1.564846846037697e-06,1.2926658451450315e-09,7.871544723944888e-09,2.6520747951167315e-08,1.0449017339299029e-08,5.746827001999003e-05,-0.0013003997495340594,-0.0009385685954209743,-2.3922438488743398e-05,-0.010333023866066791,-0.0007316731844186699,2.0831298142693156e-07,0.00036962651791947333,0.00020092402968453595,0.0004312066936313627,0.19463048588225806,-0.009723536909839466,-0.0047479096821153935,-0.11760699918717407,-0.19513414186689543,-1.4365616770541702e-06,-0.0008424297341949342,0.013417875781426713,2.2029493839998793e-05,-0.00015130090146032104,0.0016774763997813274,0.006859299457004237,0.14474707008632873,-0.016854201554137666,0.004707453901445333,-0.024677874028864382,0.051812052446315385,-0.10113854334053968,-0.00017479667022752177,-0.0016019437489790222,-0.004139390819836823,-0.04619843003490905,0.022852380173501677,0.14838514259972513,-0.015403863482349303,-1.438645145483119e-14,0.31469735536857324,-0.054934562816119366,-0.08592969050364427,-0.11792291876769734,-0.04269577493522412,0.08894222058837108,0.05642619235382572,0.035650440947140434,0.05665936701337113,0.00149725789310665,0.1444796936129335,-0.03541073287185534,-0.010688522428209031,0.005813649664350391,-0.08402699875061331,0.12585990521333693,0.038465299610704565,0.01831572806754592
32,2.6997329917318467e-06,-4.6870292725311e-06,1.7605459536376323e-06,7.089069328506256e-16,1.3722327422668992e-15,-6.846972121752736e-16,4.726830575535146e-12,-2.1201670787484392e-13,0.012965969191102968,1.151351591637649e-12,7.468477897023297e-12,0.003612941958288104,0.015081675311710587,-1.4079261447689662e-09,5.105431281003003e-09,3.1561152210404376e-10,1.614872738646614e-11,9.293197293205694e-11,1.8277105079583564e-10,0.30195150538344956,0.00974707553438322,-0.0018834649526724002,-1.3192941396402632e-08,-9.226841463884712e-09,-0.5685454665775405,-0.001415649183378398,-3.400453439252724e-09,8.72843494231808e-07,2.641256497501778e-06,4.34633297730673e-06,-0.3081549233092993,2.3015707081665058e-09,1.451510671554965e-09,-1.1176063335858122e-07,5.360173739482794e-07,0.0024010979379640875,4.408235347890265e-08,-8.875807103587832e-09,-9.09011597123037e-08,-6.823381958628618e-07,-4.5621679872783824e-08,-3.3204904855539074e-06,8.879905846413229e-05,6.345904938353776e-05,5.042234701653429e-06,0.004531773416020668,0.00014250516238037772,3.21335937040519e-06,-0.001297097340087045,-0.0014188551890748921,-0.0021625372708981207,-0.0210001141119573,-0.0002085698990621846,0.0018172524290427244,-0.029447042417110353,0.010765492618120672,5.68509998795219e-05,-0.0017213010236602083,-0.00046590066681459626,0.0033626137223022575,0.002068822760114041,-0.011581409277326983,-0.021280807258615277,-0.22826755123082637,-0.11635206425900742,-0.1058187476873496,0.10137342414239495,-0.22628167603427607,-0.4336041660390306,0.007772368449027359,-0.007483467102865606,-0.007013211932687779,0.07661315968261999,0.03899055708953626,0.05313140918784272,-0.07817655957215429,-8.311626942904088e-16,-0.017379023027077986,0.12111290606161099,-0.023601225053548832,0.006962310715350074,0.26646312659020915,0.03916283762447978,0.049511146530150686,0.013975676101906715,-0.01689515399092905,-0.004006665544858403,-0.03967729505254785,-0.05873717074601174,0.053367913122116827,-0.11700191047560539,0.026304060591143267,0.16196653603510683,0.0162192736335976,0.07355579362391568
33,3.2407172365361376e-06,3.1499365479343627e-06,3.429351398196222e-06,7.789440800051797e-16,-8.267448105329718e-16,-1.3789108699168805e-15,5.948095078561196e-12,-2.668212143483089e-13,0.014177826380891751,2.917186213534606e-13,-1.4513248752292659e-11,0.00499944330002978,-0.01716181081553709,-1.942796876340691e-09,8.281593988080311e-09,4.788410807894323e-10,2.3506074690267843e-11,2.1564431838558682e-10,3.391694081177351e-10,0.5011973525906898,0.00027081157107401754,0.01633866964378651,-7.2010211338530585e-09,-7.738183038831602e-09,0.47617039340844763,0.008265235434592831,1.2952772395110154e-08,-8.2938488814817e-07,-1.2190891748505725e-06,-2.2133839947759783e-06,-0.39005472783765166,1.9651158915186445e-09,-3.3802740804770937e-09,-6.259516440521099e-08,5.455570207439614e-07,0.0017594573942166622,1.243342044635575e-07,-3.6461644704877014e-08,-4.864642208757963e-09,1.2828297561280605e-07,-2.8477194522947964e-07,6.984749862877181e-06,-5.3125239089556445e-05,-4.3072496875928264e-05,0.00022686174576768453,0.24043143661693436,0.017318537955675655,-1.143438230475376e-05,-0.00038255687466001725,0.0002330480830052068,-0.00033060523364949974,-0.013577251324169282,-0.00010061431517728696,0.0007594939618860061,0.00465131287004173,-0.009766913933150089,9.039562509266816e-06,-0.0021922154901925623,-0.0015154919605691098,0.0009167960833439208,0.0016875923269905788,-0.0008687668794420223,-0.009410402466251007,-0.1370358412812058,-0.10193741915159145,-0.002747659551103005,0.01240775400704361,0.00953725822701202,0.1644648794787313,-0.00547699017326014,0.00418863247994874,0.010613256934236787,0.08782425049398665,0.20880157715709588,0.28092039123768076,0.04107513913763504,1.452555732879213e-14,-0.1291572005713722,-0.03637351416450081,0.043772558696860406,-0.23948798161070278,-0.03926192769260406,0.0159964501078172,0.03874093241165744,0.10584382786062987,-0.10103560225994837,-0.0020067780386958433,-0.04553252469775332,-0.04142709389134287,-0.0706326214359968,0.017295499179709704,-0.0534035864158071,0.04234423628977042,0.02392363291341775,0.07564580785275812
34,3.7869867612668942e-06,6.243769721338728e-07,-4.1514148334429e-06,8.558830219483146e-16,-1.2347872187842392e-16,1.7592845318773636e-15,6.6212220710686e-12,-2.9734120176381494e-13,0.015664576018891225,6.98060820613487e-13,-7.156065488767865e-12,0.00513906508826315,-0.007888181526169845,-2.0011643595361445e-09,7.540950308070342e-09,5.047530481437885e-10,2.4789446284971685e-11,1.21097183786436e-10,2.3511479235662936e-10,0.44764679790002826,0.004282166203812086,-0.023168274866446858,-1.0130152676601082e-08,-3.3054991172646614e-09,-0.05812929352923565,-0.006929766977221972,-8.641093644048748e-09,1.628317901639325e-08,1.059630701737873e-06,2.3731373963182255e-06,0.5463991532241784,-2.3075256469545402e-09,1.0696442856913846e-09,-1.325136014655087e-07,9.260999377240734e-07,0.0036627707811581604,1.3714005703880125e-07,-7.357870833047102e-08,-2.4183526687873626e-07,-1.5337503148027132e-06,-1.879490931240514e-07,-2.6679866600166544e-06,0.00011547627550265558,8.06962976074605e-05,9.060014986066096e-05,0.09476225628334566,0.006543104595303827,5.363019942927896e-07,-0.0016514582549944149,-0.0006885355543350917,-0.00028535568902073835,-0.03907090437740899,-0.000586334276726222,0.001954208858110845,0.012255188683090189,0.01960486934507685,4.186519869655531e-05,-0.003982200369761805,-0.0038060118887277786,0.0043765798775183065,0.0019710943859066092,-0.006803167404089099,-0.018040820697229815,-0.30105043223239064,-0.17419726926248616,-0.07679643903679853,0.08985559665142734,-0.1659212675140897,0.2636962679819202,-0.02462007872537934,0.0030225927163498832,0.002195051607799321,-0.0895805179022405,-0.2734551831228661,-0.07078915182834074,-0.012123598595009007,-9.19790009152489e-15,0.2894999213545981,-0.07427091225137838,0.03343195050813911,-0.12254442191041885,-0.03427137177061518,-0.009189282793513142,-0.006810782731312933,-0.12951715430562913,0.09107085719597163,0.004603310288815015,-0.025947553470961747,0.056396529318805934,0.1175863136530123,0.028638467562510324,-0.05036091394936953,0.09334351016310023,0.028206227502191206,0.0471028743552631
35,-1.7664456003997171e-09,7.60319057998304e-09,-5.718185152048453e-09,3.6463275869958834e-18,-1.0099945601539473e-17,4.184348845018427e-18,-3.619917345884196e-17,2.455668545285423e-18,-0.00029713825471268764,-1.257142607679568e-16,5.072196717281371e-13,4.053347217572438e-07,-0.000923797617915485,-1.5371492855268638e-13,4.2215985846515875e-11,1.1268501856383603e-13,2.7155782064889526e-15,3.4779233639422137e-12,7.381127971608143e-12,-1.924482554496226e-06,8.821821880448017e-07,-0.0006885351139223297,-7.734377919306728e-13,-3.0753680444005796e-09,-4.626108893244337e-05,4.77395807269552e-07,4.875668852570471e-13,7.537829170336643e-11,1.4643979787645183e-10,1.4366012573114297e-10,-7.377467676896626e-05,3.6275311299782755e-13,3.437186408352701e-14,4.685925334807253e-11,-6.997060223278796e-10,-0.02890939239564605,2.9517769158595034e-08,5.874973609977678e-11,1.8254347271510677e-09,-1.005771992883856e-08,-7.193064669159542e-10,-4.3064096457305965e-06,0.00010531567378382736,7.61047550072323e-05,1.614010527848928e-06,0.0003739897434689718,2.5533368549396375e-05,1.20429372473098e-08,-3.770235262038396e-05,-3.620573084685633e-05,-8.268039224661754e-05,-0.018089874165048616,0.0009096294620886342,0.016056752453508613,-0.12381388436983687,0.013798620581233682,2.2015947637583244e-06,0.00016160753046704608,-0.7520096106311547,8.732601572532338e-05,-0.000983062980104831,0.0002657069975390796,0.00039627729972117296,0.0036762406936843603,0.00038372515447838946,-0.0015005913564175484,0.0016409487812674482,-0.004292836216338055,-0.025185114000653153,0.002850291120093131,-0.0006243929098205686,-0.0003859977156621433,0.03390344966924376,0.024255061308315402,-0.08522920335502342,0.20725612510010566,-1.2026285975849584e-15,-0.009547588868635477,0.04028181199616971,0.0043733699371193875,0.00682274249646041,0.10752390792375384,-0.1397221657821138,0.347776755371756,-0.006826061748939148,-0.005093585758775709,-0.0023461897125739537,0.08004121396153283,0.11463773733922783,-0.028865321573734098,0.4258474069388171,0.02750527217760219,0.08287834456755136,0.006460529337663364,0.04019169864557159
36,6.584160297263978e-13,-4.461478929271122e-12,4.7513323708054025e-12,7.170808568698916e-19,-6.28935768150932e-18,2.7866938467772135e-18,3.486236573522656e-18,-1.2926141890263024e-17,4.524367923348675e-06,-8.664574356410498e-17,-7.70539667316339e-15,-8.014568660330467e-09,2.0614339500207636e-05,2.9864106158852927e-15,-1.3731500024701312e-12,-2.3960067067595695e-15,1.5657343453641316e-16,-1.2724373761219254e-13,-2.7686412747042776e-13,5.915819271565667e-08,-2.7793101205900513e-08,2.3961279783773328e-05,2.4134839060396494e-14,1.654965023137248e-10,2.2394092310520555e-06,-2.1592801900408394e-08,-2.2020150089572715e-14,-3.600711153240981e-12,-7.78195921823257e-12,-8.138615776675369e-12,5.064117388492109e-06,-2.2026680199957534e-14,-1.9933045586609096e-15,-3.5977297740537402e-12,6.096976422494934e-11,0.0033668428634245997,-4.308040292128338e-09,-5.429198392652e-12,-2.026615738511899e-10,1.2788663198954817e-09,1.0949985088057565e-10,1.018290247143633e-06,-2.7605554377121202e-05,-1.9751575784028503e-05,-3.337755244004787e-07,-7.745046049005166e-05,-5.3103124715520984e-06,-2.762380547218862e-09,1.3878375780868526e-05,1.3948499500633788e-05,3.4789418997864035e-05,0.008186543549763484,-0.00041502713690674207,-0.012821918564675175,0.07707323224357751,-0.007713054158729766,-1.1594066251823108e-06,-9.324622969213689e-05,0.6398939069388523,-6.272575579636517e-05,0.0008612008581020036,-0.000596011154991779,-0.0017611794748494643,-0.03196824295071557,0.004808148701621434,-0.006001520637502062,0.008164738020751947,-0.019706231058337423,-0.05496856205477777,0.0059103821562680415,-0.0012378304641447366,-0.0007338601202840502,0.05464648611938601,0.03521385613104476,-0.11310847221492693,0.26972772481895774,-9.630233126910148e-16,-0.007997928096188314,0.03804076929609711,0.00418303394530276,0.005764190608580003,0.09142990127952488,-0.14457685907045412,0.4178041975858296,-0.009629490664641078,-0.004600429688113826,-0.0035739602003270437,0.09059734237600438,0.12265470169599671,-0.03119270116329819,0.5030553620935427,0.024290346789239917,0.07251153583249786,0.005738725633126194,0.035214728644920104
37,-5.484451162130225e-09,-8.398303932140178e-09,-1.2957923813838386e-08,-3.75586750800033e-17,-2.169556887200848e-18,-1.3080614603217275e-18,-2.6811957016723915e-13,1.1769244885491267e-14,-0.0010320802335636102,-2.0320901169849655e-14,1.0569206796531348e-12,-0.0004803855919751978,0.0018783540400046628,1.8461337187002884e-10,-1.3724950610610464e-09,-5.0915342663509903e-11,-2.4039032532898327e-12,-4.082834495015748e-11,-6.607221613788003e-11,-0.077969795539899,-4.3303068721249837e-05,-0.0029223000592317407,1.1390238155718554e-09,2.3084386488850866e-09,-0.12498811600050416,-0.002001377641003767,-3.1041693398883166e-09,2.142643573842966e-07,3.5813354708625585e-07,7.033564950410138e-07,0.1581203002901124,-6.812952601795081e-10,1.1573260356873294e-09,2.9437935862230685e-08,-3.056328924062858e-07,-0.0015329873943437267,-1.624890230304373e-07,2.222655609807058e-08,3.921418286737522e-09,-1.2977198152778942e-07,4.0517769673074844e-07,-3.7389385386839036e-05,0.00055625654566424,0.0004145470265686796,-0.0007076789251927531,-0.7535626501168897,-0.0550600702766012,5.303431443908983e-05,-0.002607450169832372,0.001344068527253629,-0.0014912173011168584,-0.052522344138868145,-0.00038333953322652794,0.0016171895515596792,0.011879581907493983,-0.027803663056836826,2.7640077622757627e-05,-0.006029162273936059,-0.0031142203394858626,0.0020893861992767036,0.003415699368674836,-0.0013417528278074548,-0.013517223165445602,-0.1902117010917086,-0.13353124843108582,-0.003430557117164166,0.015703652688832462,0.012014121089673993,0.19421096258236642,-0.00642728990332962,0.0048873474974384535,0.0123153649769328,0.09950467951857046,0.23259785145596745,0.30803797368483266,0.0448787697449027,1.5326779886904343e-14,-0.12799876962918408,-0.03714184869817973,0.044832564290567166,-0.23786580224685294,-0.039061154687748706,0.016681784696006487,0.04168558395681746,0.1173277461379663,-0.1020601039418628,-0.002253376322591209,-0.048406552748880644,-0.04352005239723068,-0.07436044931113932,0.018547919841337163,-0.0536444861777907,0.04243547678523364,0.02406661051216607,0.0758362175790003
38,-1.602430527862605e-08,2.7847997672849348e-08,-1.0539311775690364e-08,-8.33663558156882e-14,-2.2684317279273983e-13,1.20044772243774e-13,-2.630911178258529e-11,1.2252614860951846e-12,-0.003896309996975095,-5.24275289148471e-12,-1.2086155437837122e-10,-0.007848416816156237,-0.003318219271701653,3.1069242660157953e-09,-5.56394164944241e-09,-5.41623784504821e-10,-3.02953464557041e-11,-1.365615932572272e-10,-2.690440992109177e-10,-0.2956951373890468,-0.017058736324740618,0.004819247962850727,2.0002954825243054e-08,2.8708218273277414e-08,0.557819307801514,-0.0014571251117748826,1.7627288036225277e-10,-9.16649478565555e-07,-1.7685017061947131e-06,-2.2220548363709724e-06,0.3014785586293503,-2.182805944736913e-09,-5.793999775219766e-10,-1.0156461292065444e-08,1.8634125304067395e-07,0.013076602641912042,3.847416100908202e-08,-1.8387881544717793e-08,-6.266615307972335e-08,-4.381058952932906e-07,-4.422885873398636e-08,-4.197181260632524e-06,0.00011204370752010828,8.023195984337936e-05,8.346906476548874e-06,0.0077454081715048004,0.00041750035985489313,2.337173811896292e-06,-0.001091314915367784,-0.0010742652015478607,-0.0016599610597552786,-0.023761859789939683,2.5572142280675623e-05,0.0020868178161752115,-0.03938749964355158,0.011967706707665966,4.807953318107636e-05,-0.001650125206910436,-0.0002696042110404341,0.0030656377012756794,0.00191021826593109,-0.011081774696466875,-0.02117094605500482,-0.235640003666003,-0.11679359601488709,-0.10770828564069644,0.10379499868951539,-0.2313816141933946,-0.44291079041746106,0.00846392035500897,-0.007731841946515463,-0.007177690350460087,0.08395329190909745,0.040686562202177486,0.04911194537636415,-0.06932820178852965,-6.970443781446647e-16,-0.016702907673413238,0.12372665843918056,-0.02556113081805183,0.006103810513268011,0.2662338813402767,0.05207779404080326,0.05567990268539444,0.01260202465967711,-0.01713470401467554,-0.004427783955571833,-0.04379853777984111,-0.06819246702624511,0.05836105498241825,-0.12166160789038659,0.023428109296386206,0.1595136556756849,0.01637534153254888,0.07202523699286283
39,-1.923553560486032e-08,-1.8674135673095022e-08,-2.0432307316643163e-08,-1.0007704915024615e-13,1.5307437311766888e-13,2.3572332196087803e-13,-3.132440700530419e-11,1.4593327029493528e-12,-0.004414903634525606,1.4021700793684394e-13,2.866167877131317e-12,-0.009612209142288355,0.006003214887719335,3.799200583524935e-09,-7.638933286859298e-09,-7.508602247656115e-10,-3.962310818898463e-11,-2.1815021755196305e-10,-3.8723848139737756e-10,-0.4124600891298501,0.004761501636512396,-0.0025754465124095552,1.0673973200765625e-09,3.022133356793125e-08,-0.33925760837699087,-0.011308161321839445,-1.644260124994588e-08,5.51342769010668e-07,1.2452011366339894e-06,2.1410018711655916e-06,0.21933797854103398,-1.4206229272502914e-09,1.0699060651064454e-09,-8.382045983082014e-08,6.737051894192296e-07,0.003004232956232168,3.8579030370082167e-07,-5.0792548630459565e-08,-8.607417065097306e-08,-3.225545705285e-07,-4.524937542593976e-07,1.880554478911452e-05,-0.00018374826176540852,-0.00014310065313406306,0.000561254067967044,0.5949401625755119,0.04319200383013274,-3.5831998124395767e-05,0.0005353707546385978,-0.0004562390972622571,0.0002230918504318843,-0.01078315434481681,0.0007371425486520217,0.0007088489695796098,0.004176777109628117,-0.01713731228543251,1.1197409837985305e-06,-0.00037967638226596217,-0.0014321521572193475,0.0006167903027474854,0.0007964649923103912,-0.0010739642399024126,-0.00828231802795273,-0.1286106953592788,-0.08937589585322243,-0.004235954215914847,0.014684439074081656,0.0010066132418850976,0.1670845645993703,-0.005276420656354429,0.0041945147869433255,0.010625547872679999,0.09110393453128149,0.21578791768174005,0.2821891386972864,0.04102143584330472,1.5040427686678257e-14,-0.12824856944146631,-0.0397976400925798,0.030027979985953527,-0.23953091483957037,-0.03889378474108094,0.010374200827062106,0.03704153041926146,0.10882298564251768,-0.10353014994180748,-0.002149999890831265,-0.04641514562637094,-0.043862121518406474,-0.06696063400840364,0.018056169498527785,-0.051968579072047175,0.044060637067656,0.023067898659706754,0.07134957601301563
40,-2.2497918948903377e-08,-3.6769720621118132e-09,2.4536917545840134e-08,-1.171612818136837e-13,3.072944384023082e-14,-2.8635039938696836e-13,-3.6687913037493533e-11,1.708992290227128e-12,-0.00509027769483528,-2.0421296901960637e-12,-4.7603269998221164e-11,-0.011098099457268744,0.003562640469605658,4.389624166972154e-09,-8.201714458614726e-09,-1.0073851968514841e-09,-5.148623026531774e-11,-2.0452296942242414e-10,-3.891915139465572e-10,-0.4383212253643398,-0.003291735362736303,0.011188942253290925,8.943891016713264e-09,3.28963338497252e-08,0.05825770455123209,0.013577490104681176,1.7889687627051883e-08,-5.437759088443229e-08,-5.408449043792677e-07,-1.355987321180346e-06,-0.5376521178524007,3.386704293660955e-09,-1.588719283628203e-09,7.04052472585216e-09,3.94145369956979e-09,0.004348017290810487,1.5810071543881428e-07,5.934623617518594e-09,-2.1458138863851786e-08,-3.2395149415212485e-07,-2.743304911139161e-08,-1.1735216893950712e-05,0.00026061912905568977,0.00018809056087654497,-4.991695179695666e-05,-0.05530437793869649,-0.004245097308357167,8.011790397142002e-06,-0.00161305206079232,-0.000408157770827303,-0.0006057062473727742,-0.052867988253340464,0.00030873974151974376,0.002276030499877257,0.019031234826232712,0.028194550964914817,3.9009404264656275e-05,-0.0038744353910349356,-0.004636156905303295,0.0039638356223800466,0.00213561216195076,-0.006830171875789215,-0.019018187707177697,-0.3153921394071689,-0.17728480184912046,-0.07806299950685001,0.09274823726360008,-0.17059370366470558,0.2739617275719354,-0.024883949311512926,0.0032554926803746225,0.002916061496132555,-0.0834704753643089,-0.27593018129446517,-0.07745076227984632,-0.010976556436956292,-8.334652097562072e-15,0.28739849520469163,-0.07450903691062341,0.04288725521248399,-0.12205262103698455,-0.03316435267303859,-0.016634236078488494,-0.01053093463904785,-0.13299780491342134,0.0926428151046066,0.004477136095894808,-0.04015714558507296,0.061400574454042005,0.12393428753289962,0.028868143182910824,-0.04719789091813272,0.09029826277240335,0.02718388320649548,0.04928831953973665
41,3.9241999744547165e-12,-6.828548571130038e-12,2.6272767609494247e-12,3.3841248111564347e-10,9.223540001705292e-10,-4.882072671472323e-10,3.485872457875369e-09,-1.6871220585842928e-10,9.956821343566597e-05,6.056656629411876e-10,1.3846194656132426e-08,0.3351814259194114,0.00020789524016605757,-1.3585706443771025e-07,3.3031407293279425e-11,1.1732576719616667e-08,8.866458729341942e-10,6.822218106033949e-13,4.845757470764729e-13,-0.008330409965341916,0.584262863097462,0.00030683107162798493,-5.58361370943064e-07,-1.2527059931239273e-10,0.002750990615885855,0.22318663273739028,2.710712069850376e-07,2.5312568643063075e-06,-3.132534443188187e-05,-7.59671419749108e-05,0.0023432096550278477,7.0309034319538945e-09,-3.949037041772611e-08,2.784615655015676e-06,-1.3314118705076408e-05,-0.00023317627414669678,-3.1472268956680857e-09,2.658973336720735e-07,1.9474142784140967e-06,1.3050593597771589e-05,4.910279226546729e-07,2.01576638414228e-07,-6.926069734726397e-06,-4.871837405919635e-06,-2.185000780871233e-06,-0.002298754979308263,0.0020357184345550223,-3.6932352806690965e-05,0.010711409291701526,0.015878487757051887,0.023266684496237762,0.0029517984390138863,0.006188514731745352,-0.0002807794278896198,0.0029009003211790335,-0.0014322655790672259,-0.00044890385658708236,0.005445964616783698,0.0001886486419136858,-0.01725966010902044,-0.00967140347023885,0.037579692554156975,0.0370817882678205,0.08352485251635047,0.06947487615755771,0.04616771068147104,-0.030207546606221176,0.08739946916355096,0.20826652764851702,0.0017040839317658627,9.800686890205204e-05,0.001512132485532674,0.12667790511512408,-0.03389612788758616,-0.11118621178217192,0.21464734456285978,-9.15692336631866e-16,0.002516601899995198,0.13920736577805579,-0.059902096283496846,-0.01719319746297329,0.2416658249214668,0.335572505046422,0.15640877954505267,-0.06631823592961697,-0.014785628193111045,-0.0078496319695986,-0.1189147803020387,-0.24752975765756965,0.15893750143854454,-0.12822097254455553,-0.052642600577555265,0.07992407945853068,0.01842528116636609,0.026063284483116275
42,4.7108140845907324e-12,4.563118385659134e-12,5.048302654907328e-12,4.063646515597155e-10,-6.223706105686834e-10,-9.58283549279376e-10,4.12042456174072e-09,-1.9949418115630506e-10,0.00011732147363657791,-1.5734207472115182e-10,-2.973336384108086e-09,0.40626041204615526,4.8549188679199216e-05,-1.6434879806182803e-07,-8.718844488640517e-11,1.927616340977354e-08,1.2146342706216713e-09,-6.512559055445345e-13,-5.925329721316929e-13,0.0008211632879000758,-0.3925055147532126,3.5402075865317196e-06,3.81792795379748e-07,-1.9341566463567206e-10,-0.006987270886232759,0.41745358719039816,5.639428783739505e-07,1.6349193071100008e-06,-1.1447834901233183e-05,-1.5042569900159032e-05,0.004379406479508043,2.3779185123948998e-08,3.8929983316966164e-08,2.4516289070006458e-06,-1.739992471204319e-05,-0.00012148673458368724,-1.0597311380874715e-08,1.1717022466430003e-06,-7.000703097457495e-08,-6.49104107813884e-06,4.0791921738569315e-06,-5.460458835701079e-07,2.885546510545523e-06,2.5320600552012977e-06,-1.9172266325110943e-05,-0.020395459261013403,0.002985323608663281,-9.483545670517812e-05,0.012422419106209165,-0.014317673081735453,0.009677979396574872,0.0035012705721987297,0.01567526939770999,-0.0002313621851233555,-0.0006500015517954081,0.00032917951712689195,-9.738074847719506e-05,0.03732922061496786,0.00044987757627151174,-0.0021974179333818906,-0.021405895475150347,-0.011438441226182261,0.026000747332786154,0.16017635285091583,0.3060782005191622,-0.09441212338731338,0.11170507890247217,-0.35385646896364414,0.05826525492004329,-0.004593846487539398,-0.0016112525993966856,-0.006105215217897842,-0.0008409951536879338,-0.010591094973466992,-0.04014938359818256,-0.01164802366080987,1.0147987282277469e-14,-0.094902416623916,-0.11530175303201129,-0.311953503391186,-0.2231749232299373,-0.02643377631292489,-0.13545203190774557,-0.041915639366606014,-0.008744137766697472,-0.1284164020614765,-0.0008094265562357172,-0.040268604089536884,-0.05987914519477911,0.0997225472471907,0.02579026942432096,-0.008864007161387664,0.0829911627987466,-0.0011357900116833008,-0.04375986797993962
43,5.5119144413188685e-12,8.88826865635704e-13,-5.9503332245105276e-12,4.755475019261876e-10,-1.2492580243337093e-10,1.1652784653138493e-09,4.828791170316074e-09,-2.33781575971487e-10,0.0001370314028663743,1.1693712017956055e-10,3.182910483982381e-09,0.47269278470129206,0.00012606153142804503,-1.9131616817145513e-07,-6.159901562511235e-11,4.357679999125216e-08,2.2884286439569598e-09,-1.0876987420888555e-12,-1.3943282856755015e-12,-0.0031365900572480295,-0.07182874184952506,-0.00017142150395275642,7.52762081159016e-08,-2.795963947075728e-10,0.003591782854029199,-0.5243274264005835,-7.175584333700545e-07,5.717651718291657e-07,-1.0125213163800012e-05,-1.607052326704462e-05,-0.003935474318455362,-5.1007725681351117e-08,1.6192199595050268e-08,2.13662894103053e-06,-1.4660896717291177e-05,-0.00017477516495817094,-7.640799493803814e-09,1.1658657709402653e-06,4.889000863807742e-06,3.234719873040688e-05,1.49071746885494e-06,1.912687714682801e-07,-9.067564441715369e-06,-6.290167950980723e-06,-6.5302294794279275e-06,-0.00692282830927967,0.004059660881645907,-7.464484258406091e-05,0.015060662542150003,0.006964036902394017,-0.005216919667817412,0.0054638924284164956,0.02140510501643752,-0.00030630129298671907,-0.0008024903629061307,-0.0020822004825585463,-0.00026330611069978684,0.02468827199965841,0.0005520243665264369,-0.027259053790812282,-0.003006888689081082,0.010857099969736937,0.0025418217184212653,0.11660774706660174,0.11580416731514294,0.028102665874439752,-0.012579957407532337,0.03512805717937355,-0.07447275133588602,0.015304581243916631,0.0026057817452166334,0.018608533944733982,0.259268157525488,0.13354264659960133,-0.03486516397583849,0.02840482660074906,-7.33818866478173e-15,0.22139532992460673,-0.04697916715780677,0.25674043065405855,-0.10783643233406037,-0.0005071750309481145,-0.17899227692428246,-0.06909484588357567,0.00015364820535554126,0.09652885599753669,-0.007143840055701315,-0.3715044444003495,0.12055527851490892,0.18066029114499188,-0.00950448413080106,0.03667687555432988,0.008167011821907006,-0.001297875914343266,0.10029356904496153
44,-3.777086884891673e-14,6.584866362877191e-14,-2.624972056625443e-14,-3.487764392836568e-08,-9.508015414700914e-08,5.0327228530374303e-08,-1.0859966475248796e-08,5.471909488748903e-10,-6.178223862627512e-05,-1.749435521251681e-09,-3.777643153737005e-08,-0.3332233671579164,-0.0001872791262145659,1.380729017636776e-07,8.435322582205596e-11,7.201613453992566e-09,-1.1872709632078787e-10,2.605310902458768e-12,6.026318511305649e-12,0.014176646489322993,-0.5796915266978725,-0.000413875282656566,5.676333730954009e-07,-7.892626122361168e-10,-0.0140962541272557,-0.22108433604662303,-2.9577120853329014e-07,-4.6317672933940636e-07,1.8608574242525875e-06,2.028332802077847e-06,-0.008141483767036304,-1.1034575004297853e-08,5.486645456747748e-09,9.650509142220138e-07,-6.416295806371139e-06,-0.0004613077233067663,-3.6122913941431367e-09,2.8300048502280837e-07,1.468300905758483e-06,1.0116385953942365e-05,4.687212526107161e-07,2.588857786176938e-07,-8.477039370100049e-06,-5.982288500041952e-06,-2.324994689921144e-06,-0.0024255279662958188,0.0016920395786834022,-3.181762894242424e-05,0.009360422876578407,0.013060750537757222,0.018864098021453963,0.0032907399133908772,0.006086821449934955,-0.00031090638127944124,0.0034741872487482335,-0.001599880118755991,-0.0003910882672511211,0.005717990125933693,0.0001915078863104498,-0.016052113406015932,-0.008796722038299325,0.035452424260037675,0.03561490868079687,0.08733795743058367,0.07156073891160114,0.04782423617758495,-0.03195303242419312,0.09074331728963435,0.21565363694714876,0.001575840944050081,0.00031137834001819184,0.0018022627214369738,0.12519432810750367,-0.03421261199677986,-0.11273170356225136,0.2170028933830838,-5.61054483942465e-16,0.0026695016616252046,0.13879156480590604,-0.06023065545867052,-0.01752688804564903,0.2412521326282939,0.3387313870964198,0.1557339501873994,-0.06655740284576461,-0.01469087039072678,-0.007740383243386239,-0.11971351381984402,-0.24857630773136632,0.1595797238801392,-0.12603268364804984,-0.054517126878221606,0.07776540696788281,0.018439628729725037,0.02477308964965072
45,-4.5354202369794375e-14,-4.3778061924717236e-14,-4.962127329220621e-14,-4.188463763217616e-08,6.415394085515835e-08,9.877816747933135e-08,-1.2693307056666668e-08,6.400235146291597e-10,-7.431445385762875e-05,7.456167010763983e-10,1.5056380687688098e-08,-0.4086494140495512,-0.00011653619521948932,1.68607307259514e-07,2.4407625669902155e-10,3.6823392237250658e-09,-2.406569550896842e-10,5.470521213371152e-12,9.537227505000745e-12,0.007094440895169851,0.39724128888165333,-2.7437660417769305e-05,-3.898329251334223e-07,-8.374627201012147e-10,0.012806692026427922,-0.4257779122404824,-5.900764330407882e-07,-3.0941065333905856e-07,-2.0830598633493047e-06,-5.401025300516806e-06,-0.006658022477824502,-1.9990601687727856e-08,6.231322775371417e-10,9.581373556634687e-07,-7.769105298704434e-06,-0.00016246610530809072,-1.6517801903837814e-08,5.909734797088666e-07,9.918001758606393e-07,3.054543522953487e-06,2.4174886188417857e-06,-8.283626115572075e-07,5.773348190027571e-06,4.766268367289217e-06,-2.7392736071921562e-05,-0.029091259372133662,0.0013224476495130274,-7.135096383547026e-05,0.010854438708696899,-0.010627442462850255,0.007465102572071781,0.003486592898338399,0.014137323902859322,-0.00023487604467118487,-0.0006909105093917268,0.0005838345465455424,-9.853522831030362e-05,0.03278938130759893,0.00045622210097541417,-0.0033449852804366843,-0.018963025188329378,-0.010091236188062765,0.024665628615090317,0.1572884837847202,0.29706671959367864,-0.09050342434655327,0.10686813280422486,-0.34023460907341224,0.051925498479024654,-0.004165152041853428,-0.0016551075005953031,-0.006040999607903477,-0.00035245253983583224,-0.014808240592347508,-0.047550507252492075,-0.01237623202461249,9.817274476440394e-15,-0.09427088943970688,-0.11633023485029244,-0.31723101674764215,-0.22255892943702296,-0.026127536922366617,-0.13782373519957133,-0.04335265281831021,-0.011496520093526953,-0.12827982102030813,-0.0008219056797218962,-0.04130369142560253,-0.05883820625910888,0.1031010719302565,0.0253274022764885,-0.007717848365302189,0.08371472368714519,-0.0017489585678500234,-0.04653868116671377
46,-5.3063730725978014e-14,-8.374598368859694e-15,5.600406190305964e-14,-4.9009680206786614e-08,1.2868484864182436e-08,-1.20170809327818e-07,-1.4840136499240524e-08,7.482925508985502e-10,-8.604531113396236e-05,-8.403322073901118e-11,-2.644530393948314e-09,-0.4698340615403346,-0.00017219733954793948,1.9405393567369403e-07,2.32013464797831e-10,-6.435743804074148e-08,-3.2180026251283047e-09,5.992890430108783e-12,1.0850893931287665e-11,0.011773365010093484,0.07110058092678444,-5.269551665491005e-06,-7.256532623787042e-08,-8.708043232795965e-10,-0.00518812347172131,0.5198525191603429,7.097409338731863e-07,1.202185258640334e-06,-9.758880887221063e-06,-2.0703361187172823e-05,0.015535456412255157,1.6305562427000922e-08,2.60368037368015e-09,1.4101592204318453e-06,-9.465262534702653e-06,-0.00023112607124505847,-9.869082547090508e-09,6.030213448312101e-07,2.0026432200327926e-06,1.442313303125937e-05,1.4532190170417348e-06,3.82231792344736e-07,-1.3124480908641423e-05,-9.226521239800126e-06,-5.3251733125481e-06,-0.00559182499820739,0.0031952851353533878,-6.281553590471214e-05,0.013144086333872873,0.005112595106336603,-0.0024107266936403016,0.006101487554356459,0.018549438516289367,-0.00034303346748511694,-0.001097795256140613,-0.0024830543286692517,-0.00024126864958838693,0.023086397003707185,0.0006258556953915763,-0.024146800393486646,-0.003942898835825359,0.01051928145866054,0.0041914361569136815,0.12315643725543135,0.12251488377960947,0.027863647032703755,-0.012641694694696507,0.03241574753404746,-0.07745396840065008,0.015588300482828707,0.0024552065064342094,0.018156016111590706,0.2593582967733368,0.13949525593056095,-0.03358782042404779,0.02934696279565917,-7.41434498110348e-15,0.2200917515418088,-0.046201906987479606,0.2593166714939819,-0.10746245065131671,-6.813511410975094e-05,-0.18091514808000175,-0.06889818713279382,0.003164526755076906,0.09608289909365239,-0.007247551760071478,-0.3734422308494824,0.11955478669032563,0.179942003357077,-0.010450537067898752,0.03876867382358736,0.006006292328853359,-0.002037806520182493,0.10134361549162968
47,5.681618213382867e-20,-6.724969562539251e-19,-2.0292787239199947e-18,0.33654049231122735,0.5825436871982963,-0.2176425125249515,-0.00010226035874251084,5.565274554958665e-06,-5.538786099320283e-09,-1.0211727434285449e-05,-0.00020033863479940948,-5.091771466113839e-05,-3.2325061406164676e-08,1.066044232150592e-05,4.767053474280898e-14,9.358237869920784e-05,4.1379109392347075e-06,1.7012007284497909e-15,3.6847094981653075e-15,4.607890828759947e-06,-0.00014434035819591156,-1.4132810867214846e-07,2.703060757107271e-05,-9.063144749026734e-13,-9.592243891519914e-06,-8.198364476523556e-05,-2.6179947319820408e-05,0.0013991008885089438,-0.017255146974790043,-0.04004190574646841,-6.965465059815734e-06,1.8142293950626662e-06,-2.1270818119939078e-05,0.0009552714701181294,-0.0035183053315500914,-2.517472379624322e-06,-7.627987030936801e-11,2.389305408752656e-05,0.00028411166103970765,0.0014695240167918718,8.682207282117222e-06,1.099015762286441e-08,-4.194974423168317e-07,-2.840782901797715e-07,-4.079887437563207e-06,-0.0057309648075862625,0.07821813765102513,-0.001031194748102943,0.12961676069073863,0.2579135194350862,0.3407195015012614,-0.0015253215208576617,-0.002331184044473119,4.475454422504865e-05,-0.0004647173006687821,0.0003540246293031686,-0.0026137971323513497,-0.022259808791075024,-3.998490370952285e-05,-0.0032060407743105357,0.006328847225374491,-0.13535155150213518,-0.13641782360873927,-0.0019316999487436685,-0.013256375313128285,-0.004402466028907148,-0.024263147526384282,-0.01312717074125425,-0.0316523294316398,-0.0014484018359559043,0.013462932511624455,0.023697986909773393,-0.15972899730429263,0.0793697200529244,-0.016708847505707725,-0.03693118761843515,-3.2334511252646486e-16,0.018082388195453252,-0.006671522702458679,-0.008446166238845945,-0.04739364615544792,0.1734187090988937,0.13150402759130164,-0.1895684368711477,0.06383445361316599,0.006636298598115676,0.01380630342429776,-0.10920795623711448,0.021068761648081857,0.046901503294589496,0.24059341580837798,-0.18085458145055947,-0.1277759024971017,0.009974125752931481,-0.08360420994204107
48,6.821543597442164e-20,4.538318498707791e-19,-2.1679825563786085e-18,0.4040607613696881,-0.39292190075466443,-0.4269538254108706,-0.00011561109201850398,6.307281431266413e-06,-6.653987326468207e-09,5.615853478062033e-06,0.00010874185154473737,-6.191731065176664e-05,-2.5439559185156853e-08,1.1023780831401886e-05,9.514306169705707e-14,0.00012664441753903148,5.849062585852654e-06,2.8147438850269626e-15,5.2472067660078914e-15,3.1819748107052965e-06,9.804581614804606e-05,-2.3482820238259613e-08,-9.336117296946055e-06,-9.980681036468252e-13,6.291352220957355e-06,-0.00015572642861638004,-1.4342121367888346e-05,0.0006848688484439798,-0.004884688218733179,-0.004561294024512698,-2.8418828426321954e-06,8.875547716626238e-06,2.0201353053447448e-05,0.0007708694877552702,-0.004603834485335498,-1.5312274962995075e-06,-1.9429169000203322e-10,0.0002830306447991776,-0.00025297488620618514,-0.0025415259623250614,0.00046600367456437505,-1.2832291487015512e-08,2.8325316516029076e-07,2.1200224555505154e-07,-1.1088842937601323e-05,-0.015508619730003342,0.20850432665018326,-0.004060210387201265,0.12090828453139596,-0.30993768374197483,0.1518973619192663,0.003134048010753279,0.06647715512744368,3.297589627815645e-05,0.00018014098091333582,-0.00039521771300141687,0.0003591543877815151,0.11939196252622528,-7.187162746895603e-05,0.03564870116674916,0.008852023188244339,0.05051640290996599,-0.051541970755443735,-0.021289408313989747,-0.046220308386581734,0.009543457627827693,-0.05846704875865566,0.026581226607419534,-0.01210573983294029,-0.0015237613035780308,-0.01998490426432955,-0.06973933585233588,-0.18854449182232874,0.12252269048205747,-0.05769944062370929,0.08682094489003647,3.736665234161784e-15,-0.026171174406993077,0.0023958208621741002,-0.0425713437141777,-0.12480494258202052,0.009683898140142914,0.0679953557455633,0.11011221478326971,0.0014608678388523567,0.04359256423677638,0.02688512312185803,-0.08187519804460427,0.2792004955571147,0.015005649880285656,-0.1717136760686372,0.10180826616560351,0.07795025308075819,-0.05267680994365363,-0.22909256752846294
49,7.983729935937075e-20,9.121016599225297e-20,-4.187673101962321e-18,0.4729027191930724,-0.07884285640887817,0.5196861770051521,-0.00013616041398074844,7.426031637105749e-06,-7.750034656806013e-09,7.64028022444787e-07,1.4243868230543083e-05,-7.181621727318602e-05,-3.426224956500756e-08,1.311475588252402e-05,9.740718622849051e-14,-0.00014192483904853774,-6.667461537037755e-06,3.1375434873020435e-15,6.194484085304611e-15,4.543578006080429e-06,1.796363890189762e-05,-3.764728905357903e-08,9.182282952683417e-07,-1.121959545358996e-12,-2.937694884219988e-06,0.00018980152680213305,8.8806317773182e-06,0.0009235925126139202,-0.007705211719896745,-0.01085911118179414,1.6090526870108946e-05,-2.0708046517281494e-05,8.040758405694646e-06,0.0006430379979893396,-0.003528626120292009,-2.0811551598024987e-06,-1.6985343469790763e-10,0.00028223327847838467,0.0010346317247946926,0.005712787489834494,6.17928102108745e-05,1.1846498286475116e-08,-2.9814946883063437e-07,-2.0001907714400735e-07,-1.1454557946147584e-05,-0.016117100353328296,0.22095205622353167,-0.0025757458495115353,0.19324113077252267,0.1553103796106776,-0.2178694124596194,0.00946743283365859,0.18607894166780514,6.7215054535922e-05,0.00018878216756792232,7.285298846263711e-05,-0.0008836974295379301,0.05048932917194442,-0.0001073364531959079,-0.037566088545391105,0.013407870056113444,-0.025094860176966882,0.061055665813768756,-0.02656054802314794,-0.03789136643942644,-0.0008771220841127163,-0.03913335106425988,0.0004794435431205216,-0.007546128370156506,-0.003963964131071916,-0.00877249775071858,-0.03948629867639729,-0.26823784536888123,0.08301680393058011,-0.07870345380565008,0.07792276313658701,-4.119437981706929e-15,0.09447083058011872,0.011069054554406283,0.03473452086552921,-0.08140653727556793,0.043687107449406806,-0.14619345089081956,0.04032039989041383,0.11273432141344528,-0.0366143198232265,-0.007758990982385777,0.009996324254046755,-0.24850012382006945,0.026063911782471857,-0.05285828863183893,0.1885356616623133,-0.15410323424801545,-0.0625545893723841,0.13302790234704462
50,-5.627033782615302e-23,6.848575914371652e-22,2.0819671030281663e-21,-0.0003448615958318753,-0.0005979412159327496,0.00022382312885051763,0.008312214751039462,-0.00046690311012534267,3.1293028535332214e-10,0.0008171379450702789,0.015469948299890188,3.7496161536471816e-06,2.585991438427804e-09,-0.00042729097451894854,-9.542962979409198e-15,-0.0063926384066692815,-0.00029820742768607795,-4.2473913407759923e-16,-9.541938178714787e-16,-6.223061060592939e-07,1.3722355002650001e-05,2.030233255797264e-08,-0.0009585858309401447,1.3861485971562498e-14,4.273372012748274e-06,1.5073939990881388e-05,0.0006770123932596984,-0.026528961069322895,0.3111879747075851,0.7086060184193373,-8.467783080061973e-07,-2.4718976664275524e-06,-1.7528098243559066e-05,-0.010715789999453931,0.03046289061045546,-1.2661696384774125e-07,2.5304264067187367e-12,0.0005686315774984893,-0.0003333568299160129,-0.0008525848185604186,0.00012072727299662129,-2.7804134895969223e-09,5.377865008544504e-09,4.914459067173018e-09,2.234394122664127e-06,0.0031681633689907315,-0.04444367121977965,0.0005820028985326424,-0.01269744823123102,-0.0971598194369523,-0.07021175350032312,0.0026654532864895113,0.0459423440988154,-1.1035447569771304e-05,0.00018449740522873776,2.2230251394994888e-05,-0.00010451035754826072,-0.0523651179660567,0.00015570165885433673,-0.11426365295276833,-0.15682568815624856,0.34761372166444693,0.290392505339494,-0.03493157898296617,-0.021210830302815637,-0.0062204786422546295,0.003887016307330756,-0.007787243473080007,-0.03260122987240437,-0.0011756304021943163,0.010316963346365381,-0.014770364736412574,-0.1035274556285032,0.04445999773428068,-0.005393906840239137,-0.029659201237923347,-4.052052823588091e-16,0.0199568304770864,-0.02181405260394365,0.0022030679647491195,-0.04906431669176298,0.15429425160037907,0.040130428683343815,-0.1089005837627753,0.04948903137372883,0.006939965595767908,0.010066588471579225,-0.0498507886537243,0.023502597768377806,0.014246455924693384,0.13366755988109275,-0.1667574113018275,-0.1384161956106161,0.0008769269808103488,-0.08207182326343528
51,-6.735129226017118e-23,-4.59987642883015e-22,2.221312127096719e-21,-0.0004127266994582865,0.00040127005999012925,0.00043592925064125,0.009078415913248683,-0.0005118616586477145,2.7671895592496106e-10,-0.0004698244078805654,-0.008806567335292045,3.589170965692046e-06,1.8115690459852538e-09,-0.00040770443510093385,-9.091863458690378e-15,-0.009621812927117616,-0.00046405163509413304,-3.2331969228517267e-16,-6.32861334797647e-16,-3.3675186396227234e-07,-5.583537808644984e-06,3.990140512283847e-09,0.00039212289244402386,-8.234062330346866e-15,-3.251956961860881e-07,9.273355285383857e-06,0.0004397059866232958,-0.008615915034144295,0.04312151839319948,0.001817054365348422,-4.537814275357215e-07,-1.8940513581367563e-07,-2.985556552409204e-06,-0.007911412765240045,0.043002398648255294,8.971542604159751e-07,1.4217236231348953e-10,-0.002255658210510987,0.0061027209954756375,0.03868133019933251,-0.003004020935563942,-7.896434560447105e-09,-7.166026217748493e-07,-4.785450266344566e-07,2.7231221446330505e-05,0.03849837312396814,-0.5352319395385037,0.011386117306350982,0.023126897122165455,0.33205042058184153,-0.11254027431936747,0.005707864905218789,0.09953424416582268,-0.0001369955294894026,0.0003323256908058653,-0.0009322443972491677,0.005164973461416098,0.3834062100387357,0.00041255832096431826,0.2929539532987728,-0.35783767141338646,-0.21089097926049338,0.16781656367220335,-0.025670085639147872,-0.03643831788590842,0.009349545820362187,0.0024198343815175355,0.042927852106660766,-0.009541653307940387,-0.000674069492852016,-0.009821334645088092,-0.00427075522645059,-0.10420581742616716,0.05188099140935152,-0.032489582028013386,0.05026704837698949,2.825318553563168e-15,-0.01591013114856918,0.016631587266981527,0.006874528736465748,-0.10747095495351466,0.0138296029645612,0.0446899709280786,0.06117357484536421,0.03631107272213224,0.05359027284136844,0.016144518342382633,-0.04041612902442713,0.145999607026554,0.001910068523988201,-0.09289179356911269,0.10550920003021858,0.062342950846144274,-0.057401030193216455,-0.21369489607054135
52,-7.88262730052128e-23,-9.252845548028722e-23,4.271769846949189e-21,-0.0004830461484704923,8.051733467660636e-05,-0.0005306128542983096,0.01062994404343986,-0.0005992300094405461,3.37985847466282e-10,-9.40474410300442e-05,-0.001757590527433977,4.187781014504455e-06,2.3117747029612946e-09,-0.00047847889509345867,-9.84940022421369e-15,0.01166347248704992,0.000564141589689787,-3.649082000932058e-16,-7.407245528903148e-16,-4.435903274330026e-07,-8.944151903141832e-07,6.351781090719571e-09,6.654795051826245e-05,-1.1346354896937006e-14,5.111357071854621e-07,-1.0439438153673579e-05,-0.0005121606684205082,-0.010484047149319733,0.05750972738307669,0.021669927283553735,-2.174333866356444e-06,2.1843892007967022e-06,-2.187931349507649e-06,-0.0028796048401556374,0.0167591391559477,1.1058271550903005e-06,1.427812256322721e-10,-0.0022902106113187343,-0.010758248324576064,-0.054384201694982266,0.0007240384141448062,-2.0058514057708942e-08,-4.185673859674902e-07,-2.700987261240484e-07,2.8753117562513405e-05,0.04068548309380092,-0.5672010487179374,0.0029191186010571074,-0.058822882969208054,-0.20930688937435457,0.22098843581686095,0.006000175723536712,0.10817132978346436,0.000332847635983845,0.00037227770845230714,-0.0010327433991664096,0.0029859208804763845,0.17188264004397913,-0.0005467387923095884,-0.49692953313931604,0.24097435464113828,0.021982229479314774,-0.3033309271106398,0.00020386648319138496,-0.016850345878968342,-0.0008269338903628216,-0.010288633960911672,0.0023568499149899482,0.0014839642923810564,-0.002555602503722765,-0.005998998592427712,-0.018282581547474537,-0.14625662949989204,0.046388390030848825,-0.03628010245423649,0.03692239259084861,-3.1162182793446474e-15,0.07576658626879602,0.01450325175974045,-0.008392463256423009,-0.07627721198855807,0.047768298508408434,-0.055278619541490256,0.024116831911351635,0.03321653024275836,-0.042699732291475126,-0.007198375046463931,0.024499585813227965,-0.12467263040860914,0.0012760243262545838,-0.026482013319448886,0.17547309213147727,-0.15092629379995456,-0.06503658998637799,0.10877841985040383
53,4.750848700146779e-26,-5.95161835029296e-25,-1.824372270246139e-24,3.017071119870916e-07,5.238345205456912e-07,-1.9677676217011413e-07,-0.33161897806879725,0.019296909188750846,-9.758774497622422e-10,-0.0316488534157117,-0.5751470375188604,-1.6866071112829057e-08,5.637888918897332e-12,0.006999160936488876,1.0912574095279791e-15,0.2145137605037099,0.010610320103522433,-1.8508933546859658e-16,-4.0157991305725945e-16,1.6945843186348993e-08,-1.3799993053370826e-07,-6.05955455107455e-10,0.012218414362482626,1.0282394208045162e-12,-2.903891771679353e-07,-7.152011610583066e-07,-0.004648112505888816,0.05066020505583491,-0.20848198996781134,0.04905420856240017,-7.032720213517284e-08,1.729175403292766e-07,-3.386646597789929e-07,-0.07998654668600004,0.36912236929869224,-3.498333766610438e-08,-8.621231694017445e-12,0.0030978421754746257,-0.02472217597258029,-0.13705768932442292,-0.007431489878156402,2.334133168434504e-09,9.288809939274744e-08,5.861142460580436e-08,-2.7648597581963e-06,-0.003923873334232915,0.05519231302396268,-0.002587587069821249,-0.11959715616792463,0.07186062268026117,0.002605212175307884,-0.0052136641947072085,-0.11422212900139891,7.753828684195206e-05,0.0002645434594157315,-0.0009691290334555834,0.005001607438656847,0.25839005616827593,-0.0003683163963660315,0.059627676339815985,0.2969821550796509,0.0714023930028637,0.13544554338581813,-0.008033840849726376,5.507987141671281e-05,-2.883330065707252e-07,0.030461631142489662,0.010362259366494944,0.00011355128078457103,6.524709031705832e-05,-0.004107256958697547,-0.048423276157668824,0.03398968468987435,-0.024865563947199732,0.008995341328739335,-0.000911556726930874,-4.3384096036354945e-16,0.02156575462256036,-0.03527495979339795,0.014265953485482085,-0.04939754876348153,0.1252440822576103,-0.08296970084145033,0.043658938091760885,0.0013376838806774068,0.0060745750243165735,-0.0023575028939836415,0.04329790213059083,0.014156001822739019,-0.029937343826862868,-0.060260715243645964,-0.1325611576413628,-0.13990004718644863,-0.010493322191294506,-0.07287913268184257
54,5.692776624657221e-26,3.9938625795589044e-25,-1.9526597061258464e-24,3.6149876854745527e-07,-3.5105757398888424e-07,-3.818173389271315e-07,-0.3982882620928423,0.023192086967082894,6.600697980400605e-10,0.02135112068128485,0.38701136789194557,-5.645233588813685e-08,4.8042633665575324e-12,0.008421963433702514,7.889710662158099e-16,0.42199163450787136,0.021143174060592646,-4.9162483737175004e-17,-4.420761385820902e-16,1.6805791910919383e-08,3.5459646851980214e-09,-4.198870980156747e-10,-0.008239277417945048,1.2361402334931962e-12,-1.249594117757709e-07,-4.581890843772646e-07,-0.00896565399920538,0.06102257826229781,-0.2328682008951788,0.11291884357129271,-1.3255796899096953e-07,-3.1888398807418475e-08,-1.7999455670959944e-06,0.05388257832653439,-0.24725421487228316,4.430231806215697e-08,-1.0524710897194906e-11,0.007759763848519717,-0.055002167852798614,-0.27043688632001883,0.010936582899301092,3.445139842301694e-09,1.898973890099611e-07,1.2117990452050805e-07,-4.775417883516794e-06,-0.006778706301722413,0.09540286860162983,-0.011550255611128553,-0.21108099403154598,0.005389456364870792,0.024800014410416654,-0.00020097117052528474,-0.014179037625040943,7.987910316833894e-05,9.91722351919341e-05,-0.0002656199173957759,0.0015084395161267974,0.0014326338669174046,1.6324853409017067e-05,-0.23839970564418586,-0.08502037278307248,-0.24683686763921606,0.1770667070557275,-0.00824123614490776,-0.0005381423146402914,0.002409467937588898,0.07102432279857525,0.03250332762228941,-0.001962084391995002,0.0002611941250709744,0.006490856900310071,0.07272018124404273,0.01941077940023305,-0.04543249947151542,0.004428751665652866,-0.00585217787478242,1.8876058285475823e-15,-0.003925902090715793,0.03213277846544374,0.06470327543995462,-0.08521567918781355,0.018619756462442297,0.007159794672283293,-0.012632805995505963,0.06920848234567777,0.06120743283729127,-0.0035809558494179984,0.019207723763111226,-0.04687601860699306,-0.013854702577485402,0.0240428900156483,0.10582445878035396,0.03978904952647923,-0.06054994367957849,-0.1853363374430009
55,6.663953582417128e-26,7.977249077982327e-26,-3.7376596070209314e-24,4.231732312978307e-07,-6.983757528470187e-08,4.6399458466678367e-07,-0.4662852360454972,0.027143644353912578,1.370090497665095e-10,0.0043310284483923465,0.07872064617139647,-1.3711984009431727e-08,-9.696369091614016e-11,0.00988603107542387,-1.4949508970732672e-16,-0.5133476283893745,-0.025712056015132295,9.580221123167794e-17,2.605603417535916e-16,2.264706955951021e-08,-8.810585103996995e-08,-6.408317459874916e-10,-0.001597936151893943,1.4479282511595074e-12,-2.1243569187811186e-07,-5.04223123993714e-07,0.010991569006134025,0.07110638326872515,-0.276879937149843,0.11952214706018294,-8.426504795057519e-08,-4.50565569652215e-08,-1.8232594347824196e-06,0.008337288916391086,-0.050067397041473755,-8.700053744385458e-08,-8.084252414974076e-12,0.007370917535757617,0.07140381308570341,0.3279620409951636,-0.006018944089513849,3.807448614662441e-09,1.8719064607536548e-07,1.1914038319328079e-07,-4.992320026494024e-06,-0.007088125054847113,0.0998229798539268,0.013521135101891775,-0.1907180989654236,0.06772948951802872,-0.023833773246245075,-0.005235494248665626,-0.11748211823243819,-3.157488329180408e-05,0.000221169227174858,-0.0006856878807881312,0.004259077892482001,0.14113562370605168,0.00022473196653311357,-0.03825017264155126,-0.21302608184612076,0.1602990189390637,-0.2370537870369256,0.009933018200756682,0.005602097204496302,-5.9467066938214024e-05,0.03324396034943388,0.009795728976225965,0.002604204467083909,9.515215684120368e-05,0.0010021069062059827,0.01229711085094165,0.029549736040783644,-0.001977988834447404,0.02211538818003683,-0.022505189975648335,-1.5200261083080307e-15,0.053477266142211814,0.016749778040748987,-0.058483805331246634,-0.06958540077795496,0.05266961720410462,0.06694767970681156,-0.00842420469362138,-0.06223269330170191,-0.04614223019836768,-0.00018142104421685207,0.0289318113882559,0.056243103847995926,-0.02723921468073618,0.018409270216161035,0.15015033099498046,-0.142827831312434,-0.06538326915771142,0.07256592478743935
56,-1.1377481394344556e-28,1.4677818909583782e-27,4.539406760979556e-27,-7.489894448697396e-10,-1.3022746330455118e-09,4.923621165050242e-10,0.022231384262764452,-0.02011748118359845,6.551353147139327e-11,0.03522385419729685,0.038705915202740866,2.9636564636406692e-09,2.609930534505637e-12,-0.0011312444575814387,-1.6876785607185994e-16,-0.014523369942113427,-0.013428056467583615,1.5222493682250193e-17,-1.845759791092044e-17,-4.921226674630299e-09,3.170624344813528e-08,1.9521548785851857e-10,-0.0019871605089082783,-7.443608699918045e-13,3.395905209790911e-09,3.6030693912052537e-07,0.0007698066065350616,-0.0967124599972236,0.1410779104258425,-0.05606127310359462,1.1526106355174096e-07,-7.984813213080852e-08,8.246120961081577e-07,0.16424017253915035,-0.27506710572750875,-9.660468660043033e-09,-4.233646889335217e-12,-0.38136320483504726,0.05440144668847854,0.11228618028500026,0.6686336254990355,9.350605194024413e-10,5.2167235224793073e-08,3.2760639603383336e-08,-1.7659101960531793e-06,-0.00251090227528774,0.03552309391925446,0.24149997062384876,-0.06813166588025758,0.048293737810202034,0.006179177327100956,-0.0034246412452581584,-0.07380973162804184,4.640543953570892e-05,0.00014351919848277228,-0.0005763158704844741,0.0029862722042748847,0.15601316634513518,-0.00022750648265020495,0.04242480299002669,0.1857802118343334,0.013643627619522637,0.06082881805257673,-0.002596429528265555,-0.0019644528295477033,-0.001055201029397717,-0.05669975931057698,-0.023710918125105007,0.004409861320355343,0.0007414525288162245,0.008026387684922925,0.1011350831760229,0.042372490605831335,-0.012214161435563798,0.013336301450592771,0.004780019644416588,-4.492212445913297e-16,0.022186429860816346,-0.03845843417554892,0.017435278571199423,-0.05073213964076507,0.1236878337773694,-0.10885710992072721,0.0761789968497797,-0.05629606858511547,0.006481671419093483,-0.0012365293021191382,0.06311055667035755,0.010134212035170726,-0.038835487140558275,-0.10097988236561715,-0.13057612250225684,-0.14315069841566486,-0.01259908247478687,-0.07408246851110531
57,-1.3643089462586452e-28,-9.831617115699366e-28,4.873022222444351e-27,-8.980937140364236e-10,8.705036672980118e-10,9.497808243103628e-10,0.02669338684688411,-0.024384769968565437,-4.457093336317919e-11,-0.02308997583340168,-0.02607742412298579,6.761626772165757e-09,4.026363038858382e-12,-0.0013620514450186122,-1.6827105348227664e-16,-0.028626401419904975,-0.023244187530054874,2.0098899725555442e-17,2.451549079660074e-17,-5.380146051207416e-09,1.0667815252839643e-08,1.7837712583383073e-10,0.0013330770041216566,-8.84074635348561e-13,-8.367741567855674e-08,3.299899653276349e-07,0.001453767618820786,-0.1264892747272862,0.16116898523413598,-0.0873230002936155,1.6301661323315896e-07,9.213955324458073e-09,1.5751111956507022e-06,-0.12620613912892645,0.16862912391274226,-1.43627760152191e-07,-1.4639066460799398e-11,-0.46070911337834053,0.10324946444092234,0.18908676967644164,-0.4379903496266835,9.307318783529654e-10,1.3713976061208242e-07,8.95951276480061e-08,-4.655486948939068e-06,-0.006600463770544664,0.09257141960646185,0.48532551095754023,-0.03389186927014076,-0.0330058980202027,-0.005388719853716118,-0.007450871188865294,-0.1519318475056653,7.247130430375697e-05,8.606516076955238e-05,-0.00029012777555434996,0.0019805802398677385,-0.005953167543612775,-1.082188443478091e-05,-0.21602575001157587,-0.04684906387596921,-0.16131050025213492,0.11342296485526675,-0.004768739415249412,-0.0015204889822721765,0.00016626734962652516,-0.0074268926697155435,-0.0022364263452567144,0.0017447399549089498,0.0003433110543701033,-0.00016421117497322744,-0.0140472142014005,0.04560660523939832,-0.018981869658705314,0.022663440766266876,-0.029568576989311677,2.115329949921859e-15,-0.0025197482167208392,0.03658142604663639,0.08074838808651061,-0.08410881149352788,0.019944512151566486,-0.003128355821593872,-0.03520552508219426,-0.03318915929926451,0.06603263200595659,-0.0024326763516976783,0.03724387398593254,-0.09908858148459519,-0.01837832051425342,0.05911297132586368,0.10869673011383553,0.0385726399223795,-0.06320653374216677,-0.1892006032765462
58,-1.5970847931795e-28,-1.946815874768938e-28,9.28043265598324e-27,-1.051333639852221e-09,1.7126519629352862e-10,-1.1492751183184299e-09,0.03126166436065933,-0.028408253217709543,-9.507202626221442e-12,-0.0038031992094211147,-0.005388013930691583,4.226963546271603e-09,1.1717671830800462e-11,-0.0015983910918581268,-1.311982578313533e-16,0.03470547536502953,0.032111190587279875,-6.56637422178088e-17,-5.1248908697233877e-17,-6.6611492440218694e-09,2.5544739272792682e-08,2.3319509742712917e-10,0.00026293420001359134,-1.0473258930098288e-12,-5.816120318875881e-08,3.9070091873589965e-07,-0.0017867963637635109,-0.13924814949187822,0.192958055055263,-0.09725767272772683,1.673517320768187e-07,-3.753393157226911e-09,1.6976958906319744e-06,-0.018146235532026947,0.033386983372520815,-8.103712058896914e-08,-1.885181580467258e-11,-0.536584554148335,-0.1716294861675899,-0.22978735284855575,-0.0944548151490708,5.3780060626015735e-09,1.4959353023481656e-07,9.525637354691912e-08,-4.9345521175195005e-06,-0.006988049130382503,0.09764075314806957,-0.5920940007401574,-0.1277535210352217,0.05981934681293357,-0.026251927727862178,-0.0025532303318509184,-0.058391213739138983,-4.316835094834827e-05,0.00010015369111781176,-0.00031472613151279597,0.0021652106770450982,0.07014575788300853,0.00017075952572872144,0.016647022734781736,-0.14140983668094362,0.09029566183496845,-0.11540913782976067,0.005128897575400561,-0.0006577931934501368,-0.0018669114141952009,-0.0809979618502442,-0.03518465891639348,0.005814356441125266,0.0007611785830638107,0.00028896013183929756,-0.01175593802143121,0.0933518782002043,-0.0719479563376745,0.026519920542285233,-0.02702392964483245,-9.951121343758204e-16,0.0516963995376569,0.017168386212892368,-0.07167464928504051,-0.06996231121845706,0.05469004242178858,0.09462757889996522,-0.01198516001598064,0.03574042436002813,-0.04938036167075658,-0.006210730896476735,0.025573613233368125,0.10205334186296265,-0.032392417493143665,0.022355090537291445,0.15038514652734494,-0.1465029850893986,-0.06692735909947181,0.07157050712969588
59,-8.347029927622147e-28,1.0772865781988376e-26,3.332817103418642e-26,-5.498436521042831e-09,-9.559480692917088e-09,3.614531361788177e-09,0.3372429377210285,-0.018332620853441294,9.793637943294862e-10,0.02984492663528958,0.5838591132333509,-1.7987851251232986e-07,-1.567441141033501e-10,0.0007878843059479533,-1.168088390439547e-16,-0.21697161542165236,-0.00991617837214919,1.541869904123257e-16,1.4126035744408032e-16,3.826849980661478e-08,-7.033403054330088e-07,-1.2885937475971368e-09,0.001409742735308265,8.934797374156655e-13,-3.835355060158251e-07,-1.184051250571908e-06,-0.0005822617193296216,0.05111328041169273,-0.19131223381870643,0.019651444564667435,-3.429705150269611e-08,2.327569849448779e-07,2.71730408649934e-07,-0.07994588110580127,0.3207354729073791,-2.8727140404227344e-08,-8.076394358333527e-12,0.056001849385994514,-0.024420801822138172,-0.1209509759162123,-0.09994499120191257,2.524548612587982e-09,9.489608524627958e-08,5.982904950168326e-08,-2.837898488627911e-06,-0.0040273426631995905,0.05663879371837504,-0.03567866775139746,-0.12256685605189457,0.07640002793925334,0.004843575359175641,-0.0054003020096373595,-0.11801288864521163,7.992868855390677e-05,0.0002661929015463703,-0.0009946993809271576,0.0051308089030622245,0.26661791270583335,-0.0003829712354108051,0.06461753062670966,0.3097936004584195,0.063775511200795,0.13094311354740246,-0.0071201521757813325,0.00138365096852942,0.00044557118565899785,0.04310928099490694,0.015716796933819336,0.0010930248627625174,3.0092878226880754e-05,-0.006396881830454744,-0.06980402412077069,0.03893586873051164,-0.029613302368365173,0.00899149255943348,-0.0003203610493664336,-4.0593738318818103e-16,0.021470498545409687,-0.03543547821779742,0.014448882048291863,-0.04913245330187837,0.12413542166048495,-0.08493670734471576,0.0460716959690433,0.006951381885873555,0.006051481348583275,-0.0030753715634302824,0.044683200640912565,0.014140794549100569,-0.030618366257194347,-0.06339784637715677,-0.13155165478607425,-0.13929744248761314,-0.010604863269966302,-0.07242962293347464
60,-1.0009063242193195e-27,-7.215751222259551e-27,3.5778052176647143e-26,-6.592952978722708e-09,6.3896926826846896e-09,6.97245635491965e-09,0.4048850289971583,-0.02201649467190812,-6.827670866121352e-10,-0.020243230443254098,-0.3931357651674906,-1.4859201136124425e-07,-1.3699971909158685e-10,0.0009427542833177485,2.541813468128938e-16,-0.4285514419315032,-0.020134874947411993,6.976586471456087e-17,5.10077173931206e-16,2.6068246336828542e-08,2.3253369890401434e-07,-5.032618138272685e-10,-0.0008850249055951847,1.0750780828791633e-12,-8.194464545632679e-08,-8.075171644949337e-07,-0.000980091652836186,0.061817345481476105,-0.20363209907082602,0.09797278760711851,-1.0165550734526783e-07,-1.6999226428780983e-08,-1.4652691335453517e-06,0.05604437992902603,-0.21503363098914793,5.3049945403654015e-09,-1.513620501875009e-11,0.0709602288446139,-0.05316163016137766,-0.23474899934172208,0.07039593923418813,3.927440678545957e-09,2.1848344015502253e-07,1.4002744442026102e-07,-5.676016623042247e-06,-0.008051847960302632,0.11309729014935135,-0.07855832495920846,-0.22688340411903926,-0.002784738570879368,0.031685972833722265,0.0003443757728716792,-0.0033460826127493285,8.404235779612585e-05,8.731936111575918e-05,-0.00022669257253260782,0.001257174527537064,-0.011149560104902843,4.433258636937017e-06,-0.2469157990249375,-0.07493492262573334,-0.24395102990736206,0.17467999982540397,-0.007402928631364472,0.0014025298584058922,0.002309791612247186,0.0831551088736624,0.035847416225983954,-0.002045932172702698,0.00028914321444170084,0.008049315996716365,0.08684916224987028,0.0215133217729217,-0.05303178995350317,0.0036918138125151766,-0.0052524438811631675,1.9650923574410485e-15,-0.003607390725713091,0.03211507717284095,0.06494172049533398,-0.08424230602660915,0.018646234414153043,0.006771498463802502,-0.012895321744112728,0.08361826717810457,0.06076613005907567,-0.004625623762810035,0.019458366743336213,-0.04841328418037399,-0.013922643614883068,0.024534505748920323,0.10512859431557176,0.03887575765489484,-0.06018709942438373,-0.18325928752351192
61,-1.171667972099693e-27,-1.4280526241514785e-27,6.812599694719587e-26,-7.717819074216225e-09,1.2563434397253027e-09,-8.434632041076146e-09,0.4738981062079015,-0.02576636151405164,-1.527067376993736e-10,-0.004158146320727957,-0.07940715341575054,-2.3042974658195156e-07,-6.69246496448548e-11,0.001073101221708371,1.6767706936802798e-15,0.5202764496795874,0.023857342622272786,1.2502655002681248e-16,-3.5552363358584893e-17,3.231194111731471e-08,6.633062604322974e-09,-6.844136291038228e-10,-0.00020975475251261368,1.2614023435326924e-12,-1.7857317965487967e-07,3.219402125005406e-08,0.0012580984704584756,0.07117343755984355,-0.24235593781643736,0.10446572211783513,-2.1661132985581397e-09,-1.152129383320704e-07,-1.540480282645681e-06,0.00887657608038227,-0.0445250261324209,-1.1310387803137454e-07,-1.2935517894214969e-11,0.08138767972295441,0.07594020298818673,0.28566045059028927,0.008063678136570336,4.300952440252851e-09,2.0213361555086069e-07,1.287281602721087e-07,-5.991366737299633e-06,-0.008503298003892936,0.11961909174511097,0.0945996836819343,-0.19175972468353017,0.07522223880062935,-0.031338618908570995,-0.005652313697648078,-0.12575758342096152,-4.167623563799285e-05,0.00021692133658534322,-0.0006764055474136142,0.004303130745950873,0.14001335626666006,0.00024645080905557286,-0.026001750215050173,-0.22587245188811692,0.16430140071748905,-0.23600090273235105,0.010474039567763412,0.007338649290273603,0.0002525738183351399,0.050945981913596936,0.016442367749655205,0.0021390780280601033,0.00013000783646579432,0.0014503959796264582,0.017219137158269286,0.02879185438715255,0.005187376290045057,0.02405183363065336,-0.024483013492969944,-1.502713819074579e-15,0.052751452304703836,0.016850727652339047,-0.05888229084918378,-0.06921324436117174,0.052425004605732115,0.06872967782527217,-0.009453486050681404,-0.0791952500453541,-0.045843348854715735,0.000973177402109768,0.029409549827127845,0.058117360358028385,-0.027723871036768582,0.01992883501292777,0.14928621010892368,-0.1417705550952477,-0.06519661663057358,0.07121306888008204
62,2.0955583475259487e-31,-2.7894266848093948e-30,-8.719469196490999e-30,1.4327418878666624e-12,2.4956643279786523e-12,-9.55928072432042e-13,0.020795643878759366,0.3659181489364094,5.903730670686053e-11,-0.6403083657404323,0.03440235266443036,-3.0924629447246017e-10,-9.157234211389027e-13,-2.731095502238351e-05,-1.8730096205962048e-16,-0.01213991770463319,0.24922391048005416,-1.47194624458407e-16,-1.2225378869294536e-16,2.063503226389268e-10,-7.835037421684503e-10,-1.1612277612837173e-11,-2.1142293748207973e-05,-1.2743980088661528e-13,2.7602512288040277e-07,-9.743828948474354e-08,-3.0516529986105726e-06,0.13303425731453822,0.02745072000215717,-0.007457134295453916,2.8969444814184624e-09,5.2528698679113345e-09,9.339027654251436e-08,-0.24004369579806845,-0.04555912758316401,-6.682174706345139e-09,1.5248025085831019e-12,0.032868949690259275,-0.11058027804299891,0.01972284759260881,-0.04165828895568794,-6.221981503902777e-10,-2.9836137816201276e-08,-1.8729422850205685e-08,7.23183051874191e-07,0.0010277921853294875,-0.014518254787504967,-0.013289177075964076,0.04789957166779842,-0.02361811455853551,-0.0009165500447227939,0.0016968156106559593,0.038211625492684906,-3.186280613337413e-05,-0.00011539311445816386,0.00038153131886999286,-0.0019378361895030125,-0.09928023830508736,0.00013247769573079693,-0.011602208106401073,-0.10170179733184888,-0.06297957030336954,-0.06798208800450398,0.005782051055688776,-0.004106295803700328,-0.00226001216274232,-0.16072828347357926,-0.06418527248717198,0.009432331825336173,0.001525425476906753,0.02285289547909153,0.2840568986682218,0.04852373142472636,0.00590739877496684,0.01777604659564618,0.012221784055072809,-4.857436006153337e-16,0.022392638526506116,-0.04368777526710604,0.022968104716695418,-0.05199449529694558,0.12524736577404305,-0.14291299821255068,0.11507307037139826,-0.12724053179726696,0.008142036351069791,0.00038580023846955796,0.08610939739545989,0.0033337348745448225,-0.04881886359410552,-0.14994635969652706,-0.13725248142679494,-0.14824173914908637,-0.013393586756411417,-0.07914213685505493
63,2.5140161302901496e-31,1.862336634411627e-30,-9.390091704972262e-30,1.718790825800381e-12,-1.6607548772826406e-12,-1.8260543826803615e-12,0.025454376469841774,0.446543446755362,-3.972683200132602e-11,0.4291475168043583,-0.023139048321508468,-3.2894368351037234e-10,-1.5473007634565994e-12,-2.5263390059800887e-05,-1.1175103663889992e-16,-0.021663888588410576,0.44580803107415445,-5.683305817358104e-16,-4.256331444145609e-16,3.4227166494130494e-10,-1.462091895783242e-09,-1.7885084428289184e-11,-1.977441694953765e-06,-2.0723174277262601e-13,4.3843265056885475e-07,-1.4686755563189517e-07,-2.1471959127020988e-05,0.2089163276786186,0.04502042481202679,-0.010390890649460686,-1.160192917657947e-09,-5.685024914944662e-09,8.457422663272085e-08,0.20866329814916093,0.04456937154718962,-1.7661435893409587e-08,2.5886903093677446e-12,0.0333571556860148,-0.2015564955623719,0.04076054520268793,0.029029462957155326,-1.1021261858343523e-09,-7.792678322070332e-08,-4.909377752769098e-08,1.5256094150569994e-06,0.002168642783800977,-0.030651749157491342,-0.04161851947624745,0.19291306466856914,-0.02054698991561543,-0.04828070727780138,-0.00990182090555438,-0.19149567513603635,-2.609980488518928e-06,2.1818989777479523e-05,-0.00014954843291133924,0.0013667204027828033,0.012595383634387777,-3.9853021584619914e-06,-0.0047643190014753185,0.00989126633410405,0.0477967138332226,-0.03455074848432454,0.0023165771441709215,-0.0023892123028993895,-0.0030082954484021867,-0.1163859294318615,-0.0506809777556619,0.006640960530284068,0.00042643735280166846,-0.008913855714330269,-0.12668410888675713,0.07697237384578431,0.016302443510797196,0.044965204762442534,-0.05841937564097892,2.062733850614416e-15,-0.0017208285880200658,0.04181835298083509,0.10069389295710653,-0.08348031243801468,0.021146631493968875,-0.01630842811612572,-0.06207639733909063,-0.1637666921026878,0.07294457309322373,-0.0007797466397815767,0.05887461052388456,-0.16198909486387866,-0.023614218227921088,0.10081432934712306,0.11156823198526244,0.03948125938228404,-0.06632756514622488,-0.1974288978383876
64,2.94282819694187e-31,3.640262461999117e-31,-1.7773685444764296e-29,2.011975895138469e-12,-3.2122397417083387e-13,2.1848008049618597e-12,0.02943505031509406,0.5172948987095952,-6.354759364212356e-12,0.07095131576687781,-0.003694733354121197,5.954893280135009e-10,1.9519119664693395e-12,1.3005692975296624e-05,5.936082792884034e-16,0.028212538904746894,-0.5781692368167506,8.640844497005685e-16,2.312431266604898e-16,2.536027016780549e-10,-1.0496736330472629e-09,-1.5200338807101838e-11,6.301257789745235e-06,-1.8270704966141623e-13,3.8921375785231404e-07,-1.3272137454482133e-07,-3.107110674595341e-05,0.1861674829979932,0.039458819846483015,-0.009559797255722573,1.291102083385316e-09,-1.4398746085617628e-09,9.130619509025424e-08,-0.00028942451800392284,-0.0017816988971310359,4.078716071565742e-08,2.8629964466681506e-12,0.027903820011813435,0.22817612270564627,-0.04380698210843571,0.008726261278679037,-1.2544985635975276e-09,-5.997803956380128e-08,-3.7901265372553345e-08,1.4170916850029716e-06,0.0020123778872595537,-0.028356574992185805,0.03157824270476996,0.0884986465187702,-0.025700423718041612,2.7877550918877566e-05,0.0006206551388413214,0.018322669158231056,-2.0331879836142077e-06,-0.00010391136510043966,0.0002965916964661991,-0.001633512300164563,-0.06608167400133387,-5.838925113295167e-05,0.026953091524256737,0.06898086295550038,-0.07176402375260943,0.11370036195196405,-0.003948799908367936,-0.008984887304064486,-0.0037877285066831314,-0.2122983245467917,-0.08610870150838058,0.009119708668198742,0.001533740711406558,-0.0006280456132285832,-0.04145677077877228,0.16727721432565967,-0.1571543278468472,0.030535701928148692,-0.03156374521110196,-1.074974343693113e-15,0.05137116873390673,0.01891700121644527,-0.08963245625850451,-0.07132027330398154,0.055630267388094796,0.1312839491935183,-0.017582305842563484,0.1606939160633452,-0.05529310922748463,-0.013526309879385,0.019670486185564766,0.15780081420909564,-0.037673183908127746,0.02873386759578311,0.15902454950860148,-0.15252865773839142,-0.07033161296955266,0.07642418119092877
65,-1.1782657161455671e-33,1.6200510777845335e-32,5.134246796768503e-32,-8.369695284775017e-15,-1.4617107733884765e-14,5.745158300972341e-15,-0.0035996177183941795,-0.06107741991711857,-1.0266627367921534e-11,0.1071927360690365,-0.0059855445503328285,4.880630929676294e-11,1.736316621119784e-13,7.202009410241796e-06,2.789367877575464e-17,0.0020678028100759352,-0.040884828764732734,3.437754180210365e-17,-4.48619481576717e-17,-1.7716826604391123e-10,7.348240557768832e-10,1.266164261361891e-11,9.78488909915393e-06,4.953814681774429e-13,-7.104182034114399e-07,1.9908070969466047e-07,2.286689033091119e-05,-0.32622301084603456,-0.10145967217910665,0.03434712087988698,-4.4622456965353465e-08,-1.999683253301245e-09,-5.058006261805652e-07,0.5947057843000362,0.18004607700468295,3.772370240002756e-08,1.989611274147208e-12,0.0889296540362143,0.28083175767078955,-0.07820496309407689,-0.19088715513864393,-7.635124397699956e-10,-4.0340361181588057e-08,-2.532688610144726e-08,1.0507754993760656e-06,0.0014939518775271693,-0.021128815564105882,-0.07007220767439955,0.06302150539956981,-0.03276098297836968,-0.002304583037769786,0.0023172652501394797,0.051814705411539264,-4.175695923690306e-05,-0.0001470562896093572,0.0005005594979534604,-0.002547808530506996,-0.13109795474762018,0.00017774926410599038,-0.01833023581530719,-0.1378485600870098,-0.07139802666155406,-0.0834505907443537,0.006764148223999003,-0.004331173746941278,-0.0023914704544208,-0.17214789445085552,-0.06862505581187243,0.009978873579428931,0.0016100622155407443,0.02447842264907788,0.30411318182896674,0.0490510181251721,0.008019834507430115,0.018236518656674715,0.013037149397989741,-4.768278850238141e-16,0.022375432365877527,-0.04423142836379134,0.02357326309769166,-0.052036956170685815,0.1252877871317777,-0.14654957545713948,0.11922801931587756,-0.13509281911214388,0.008324295545792386,0.0005748920272515382,0.08853291247434186,0.00251737875379669,-0.04984323766035334,-0.1551722103755694,-0.13795521554966653,-0.14861417855858672,-0.013423613411905158,-0.0796125745961286
66,-1.4139564935437915e-33,-1.0758767649224696e-32,5.549697089103109e-32,-1.0043701351111844e-14,9.65719219106129e-15,1.0797725715184524e-14,-0.0043710108644762465,-0.07403642544526416,6.7264020616807875e-12,-0.07010867621577599,0.003918409626592261,3.5071696326934275e-11,2.719813291923945e-13,6.295180304388612e-06,-9.447672610310984e-18,0.0035525966767968762,-0.07045784163291473,1.2221054405859378e-16,4.6674832683417317e-17,-2.4867298831661235e-10,1.09133298212336e-09,1.699441148399992e-11,1.4632087623863826e-06,6.458928297751665e-13,-9.355435317365347e-07,2.593887577199063e-07,4.091434135363592e-05,-0.4287086394681636,-0.1328387014481482,0.042635321799124944,-4.602408587892311e-08,1.2604761133360145e-08,-5.716475412091675e-07,-0.38977028890962245,-0.12301697633313691,9.411178664658974e-08,6.698883657968665e-12,0.14183837523387682,0.3345004791716926,-0.10947866056084098,0.14819131333843086,-1.6695732350007237e-09,-1.379103120048642e-07,-8.742541013361005e-08,3.059870288133298e-06,0.004346201376364313,-0.06128961541747494,-0.17391440000480196,0.30854050134582617,-0.0267792292351017,-0.07966201249156017,-0.01595542198216058,-0.30916135909631465,-3.311307065868912e-06,5.0018527169198785e-05,-0.00028085397733993204,0.0024138327457098757,0.031196678616959062,2.887508709954773e-06,-0.01095206220062115,0.003806377278831243,0.06326924395558235,-0.04758259755758707,0.0028974565636313266,-0.0022958254788121675,-0.0031933713689240137,-0.12137395544874262,-0.053059799790389224,0.006934313433967759,0.0004205632480492211,-0.009569833365523523,-0.1349066275343053,0.0784254349336245,0.01975154905333562,0.04657301447312245,-0.06053113882033504,2.259289840796128e-15,-0.0015992358784362184,0.04219526694252296,0.1022514000678214,-0.08345630629835948,0.02131159790446108,-0.017517079248637758,-0.06408439906140025,-0.1745424803542565,0.07343858743817215,-0.0005830992272489764,0.060520987805202285,-0.16709076778338672,-0.023965470635918838,0.10393647936512979,0.1117660506369321,0.0394031082274065,-0.0665681654406988,-0.19794253321283864
67,-1.6550555729982373e-33,-2.063104920712958e-33,1.0423049695250588e-31,-1.1756348232478632e-14,1.8204087150346075e-15,-1.2583853979186582e-14,-0.005085510983355368,-0.08621412845469593,1.0428344852946469e-12,-0.011170471620918315,0.000605463791508502,-1.0493202921856089e-10,-3.4504961703532634e-13,1.2679645401692991e-06,-6.619458013369878e-17,-0.005025433652047203,0.09850946849542687,-1.3006904753555188e-16,-2.5620545975366388e-17,-2.4893527117281316e-10,1.0761666419684681e-09,1.7949049839176344e-11,8.718323298686586e-07,7.157010501176783e-13,-1.0258775759945472e-06,2.8429760291040055e-07,4.8291929157520695e-05,-0.47003487401174465,-0.1468453981089599,0.0481943452684928,-5.7338064057193585e-08,8.837121750790174e-09,-6.70607213496948e-07,-0.0015319507665500886,-0.001574626214320721,-5.035605636156362e-08,5.68368143169419e-12,0.17202881116499652,-0.552048756588474,0.16131614361456414,0.016983454471834327,-2.0907375911803023e-09,-7.18835179174879e-08,-4.548777995134752e-08,1.9356922609018265e-06,0.0027452748612760603,-0.038530784635563864,0.1774658733321049,0.07597354564953288,-0.033313761538042996,0.015286790616866115,0.0034843478939658164,0.07615332282814306,5.577584215847712e-07,-0.00014236771611823653,0.0004289846319496023,-0.0025538144093784727,-0.08865518898152987,-9.059189968069111e-05,0.03994794981762412,0.10077254311136843,-0.08793164240088724,0.13941545350927498,-0.004945388339170335,-0.009980232131462105,-0.004050069198353197,-0.228942795496984,-0.0926285656077546,0.009545005842905713,0.0016211321779855293,-0.0008514619972912957,-0.04632864001101248,0.17583877484547822,-0.16622077184890782,0.031191986829186953,-0.032365671713292556,-9.813677506632173e-16,0.05125180589660796,0.019175052234743573,-0.09126068748433874,-0.07136109824546792,0.05559337909091497,0.135103238765046,-0.01854673415337981,0.1732222141296788,-0.055768889433036324,-0.01432249692028797,0.019182613430841267,0.1630814299901476,-0.03824431607110577,0.029954295411598775,0.15989470998102465,-0.15284870005332887,-0.07065184195284886,0.0767271430436341
68,-3.6615251075534756e-33,5.03638867561055e-32,1.5965607858137679e-31,-2.6021600169248966e-14,-4.5446327189159584e-14,1.7874842621585793e-14,-0.017264793908764193,-0.2871899411436258,-4.8993925726625346e-11,0.5015004438494612,-0.02857561438584522,-5.850401150821148e-11,2.693331615703244e-13,0.0001258229191445223,1.1746198205667807e-16,0.010173557409738401,-0.1961589369209027,1.1206160334275164e-16,4.205136266572099e-17,7.140005103080966e-10,-4.128771666908165e-09,-3.36486982630121e-11,0.00019785870162635847,-2.1357684840275552e-13,5.002819100528856e-07,-1.9372521763633053e-07,-9.537487596292462e-05,0.2451090754933644,0.046250095261824206,-0.01292339388665739,5.3126046021340654e-09,1.3326464828894589e-08,1.7170373143227272e-07,-0.4441480473795087,-0.07656046184737744,-1.6131288377599406e-08,1.758980553204213e-12,0.047986881281676656,-0.20492456630401673,0.03380194532460307,-0.056464975690339675,-6.824288374894615e-10,-3.254547749038737e-08,-2.0428247968491105e-08,8.029770172177512e-07,0.0011411814087612722,-0.016119444786835427,-0.018037022143916503,0.05195392369604336,-0.02603945811978663,-0.0011927191600806153,0.0018453646753820198,0.04150756985692676,-3.441488609452633e-05,-0.00012391719999193835,0.0004128517662500066,-0.0020973779562430722,-0.10775423175522797,0.00014460924135565302,-0.013658642958688063,-0.11146360930987817,-0.0657701825352091,-0.07239241575690272,0.0060711669275393875,-0.004178436937272365,-0.0022993882352771093,-0.1642720052942266,-0.06555975161619758,0.009606414135480246,0.0015531147784319744,0.023394839712449017,0.29077012592179924,0.048668550957403786,0.006593914618337178,0.01791020432977548,0.012536604562008124,-4.007283935997959e-16,0.022400777100932294,-0.04393588984002607,0.023183191247439092,-0.052034357108299324,0.1253945679677047,-0.14428564435772948,0.11657496672007604,-0.12979288435695588,0.008206193562768018,0.0004482011706064947,0.08695742522897072,0.0031057087971145857,-0.04918779870953568,-0.15185562808794278,-0.13772261734657104,-0.1485132091931728,-0.013383028493489284,-0.07936422670239808
69,-4.398478118777371e-33,-3.349937911256531e-32,1.7270912704915387e-31,-3.125963677790094e-14,3.00719277658286e-14,3.366286303367525e-14,-0.021745463608906248,-0.36064264140233837,3.475361367301697e-11,-0.3532411534013607,0.020243193090381497,-2.86882456855002e-10,6.44934266162976e-13,0.0001555788460892469,-5.955103468631645e-17,0.019706106790252968,-0.37736347859473485,6.246874865025481e-16,2.116562068771155e-16,8.344691896364813e-10,-2.3031700089410056e-09,-3.6566088232653905e-11,-0.00013858368096259007,-3.1520384553811276e-13,7.081506448328615e-07,-2.4668522838828673e-07,-0.0001865362110953626,0.33971305807011043,0.0688380814246889,-0.014951122140899274,-2.832997424996601e-09,-9.97604543687135e-09,1.095552510655052e-07,0.3348276550273937,0.06626373963353312,-3.078941514827439e-08,2.59309771065625e-12,0.0398173057272343,-0.3136961947656513,0.05747264485403812,0.03185635381100294,-1.0003912187363765e-09,-7.085097211761944e-08,-4.4751534894729624e-08,1.4518655276583098e-06,0.0020633386740388244,-0.029143178204732237,-0.04391467671773162,0.15707786769833312,-0.015646008681686682,-0.036690678313239675,-0.007017451658814917,-0.13458787603005332,-1.0097097204906877e-05,6.506933161114956e-07,-6.713424540842353e-05,0.0007621928129128262,0.005055202213604263,-6.490731473567943e-06,0.0204537328939401,0.018591897472321046,0.060724263760153156,-0.04249922010425864,0.0027151563387779456,-0.002522765366611918,-0.0032208186722486733,-0.1244084756978247,-0.05416106008289959,0.006959710306087006,0.0004373803273931068,-0.009419803373497826,-0.1333073460471084,0.07922677483605052,0.01786217038900919,0.046249344960903466,-0.06007184648330575,2.188016372431981e-15,-0.0017314825889414747,0.04212407537888919,0.10175949756368727,-0.08338724173693601,0.021112614727152156,-0.01688657215655279,-0.06361742637621522,-0.17057171503972962,0.07333860910898858,-0.0007254525419253141,0.060038615575583536,-0.16528566855317484,-0.02390855209889299,0.10319163921388474,0.1117370657688821,0.039690037554671674,-0.06646968344307998,-0.19790470495288975
70,-5.1431878851980014e-33,-6.411370977307271e-33,3.2409551712462377e-31,-3.6550888333308516e-14,5.6568072340296966e-15,-3.910582310320023e-14,-0.02443237124918967,-0.4060520044578451,5.4649070040537265e-12,-0.05634780807648157,0.0031666932058783373,-9.33454099593224e-10,-2.5330429279908342e-12,0.000137177804224484,-3.3373237666489273e-16,-0.02342865967623974,0.45063250527576587,-5.78207593854938e-16,-1.0370756877060307e-16,1.0110905640287357e-09,-4.0005266829557965e-09,-4.4105373129554664e-11,-3.1689860115879386e-05,-3.185274538637742e-13,7.422848188410982e-07,-2.669148978540366e-07,0.00014627412618108186,0.35899313803143096,0.06979138288993655,-0.015942244362397384,2.435890040453497e-09,-4.083016426107011e-09,1.4204513021684654e-07,0.010239154305021345,-0.0026858024128146147,6.690311293530589e-08,3.712143221869655e-12,0.035198418137143216,0.412592363016235,-0.07207565663649704,0.014620857045167312,-1.5235892387347673e-09,-7.264688228774691e-08,-4.5924213089655334e-08,1.7402776661746605e-06,0.0024709071219376003,-0.03480010652143906,0.04014131330895879,0.11232652801441881,-0.030184524234767536,-0.0040399588726437105,-0.0003702788776505429,-0.0006194500139124127,1.0063469660452143e-06,-0.00010410077604847395,0.00028948128944650904,-0.0015504662144728975,-0.06779014524444579,-6.503873298193246e-05,0.021042061238173718,0.07366657616854559,-0.07922392521777166,0.12256627283626935,-0.004314809718126012,-0.009243109144377669,-0.0038226097293599143,-0.21554577485203041,-0.08732044811431537,0.009189036467368824,0.0015585210651879366,-0.0006028164509806239,-0.04174059291061782,0.1695786368024157,-0.16036285073391277,0.030522993288253072,-0.03153560077324302,-9.807551455800949e-16,0.051408813646400056,0.018966395153149514,-0.09048906740461553,-0.07141281567265284,0.055676576954899026,0.13278368217243203,-0.01763689719958735,0.1659860949753947,-0.05561751185155867,-0.013791015714063477,0.019301413852967228,0.16026833581280858,-0.03782853960841081,0.028730983235299073,0.15948491508685272,-0.15287516933168246,-0.07048278565463004,0.0768015840112203
71,2.9910886006062562e-30,-3.9808303283665876e-29,-1.2443743588221933e-28,2.0447160605230693e-11,3.5614776309126195e-11,-1.3639254012634413e-11,-0.036510884100927385,0.0019159413898617724,-1.0519311990844029e-10,-0.003113321913416409,-0.06333454186574518,2.9999792984766576e-08,3.7220495268917926e-11,-0.033400397735904225,-2.7878544444876187e-16,0.02355307174446999,0.0010400885613107112,-4.6207930828879615e-17,-1.1576263785756831e-16,-1.6533867811356695e-08,1.4595090253195043e-07,5.749005409366488e-10,-0.05820442650257653,-1.5450296565104554e-12,3.1126920738235834e-07,7.332703757992396e-07,0.022025851759251713,-0.061918739134118994,0.29956969251830484,-0.10611378871898472,2.1534254107818707e-07,-1.764918057083775e-07,1.460335453643257e-06,0.1010911717769763,-0.5625088425510123,7.364583670213068e-09,5.595149178062208e-13,0.24404428056242336,0.03931212689992188,0.20398120693526417,-0.42327212900831734,2.2080025942017487e-09,6.979147581370742e-08,4.386102265854707e-08,-1.908542068897349e-06,-0.002709750730817567,0.038157622013344,-0.14871026928791486,-0.0919096719319994,0.06353178493151333,0.009601748247686531,-0.004130251852154631,-0.08950591845706904,5.873544750368377e-05,0.00018129647425374913,-0.0007338703645608977,0.0037856971767889257,0.20042602212385668,-0.0002946326529942559,0.05853035971166852,0.24208410501532568,0.01869737485896179,0.07011858423750855,-0.0008471100851471322,0.00783761526738895,0.002546370321948455,0.09952276671875179,0.03984449481328214,0.00574023713703827,-0.00013876587946603518,-0.016698965924067343,-0.16506362909534592,0.05994102155725791,-0.050184633976518254,0.008736166072232853,0.002174300546094682,-4.959627644653038e-16,0.021023257715619418,-0.0353243237784676,0.014683734460566955,-0.047799622427019774,0.11836146337943723,-0.09077104909669874,0.054958946042198656,0.03228976537518567,0.005706133112413447,-0.006270580494928567,0.04953538981841555,0.013991886289810225,-0.03289051385247961,-0.07479413937083138,-0.12481744224488539,-0.1354658390098737,-0.011237088010654334,-0.0694518879031593
72,3.588335174045572e-30,2.6578471930452527e-29,-1.3399514661160618e-28,2.4529194825843648e-11,-2.370097635505741e-11,-2.6062353865576462e-11,-0.04384674569271796,0.0023013054598278048,7.52980218369696e-11,0.002122991557325272,0.042676652438000125,2.6367363661119605e-08,3.486147036002673e-11,-0.04020381235744065,-3.445050624047536e-16,0.046709140068289974,0.002138881512413305,9.736486372171061e-18,-1.20450364874346e-16,-1.3442118723547523e-08,3.1236355577998975e-09,3.8561270756751054e-10,0.039231303441806156,-1.8610925726020446e-12,1.8972100716918446e-07,5.577471973295858e-07,0.04280784918367008,-0.0746689383640513,0.3455813191622276,-0.1756883376645917,3.0835211176245587e-07,1.3257347321567481e-08,3.0549526670269034e-06,-0.06259513262920681,0.3754270540083117,-2.4966480239878155e-07,-2.2856204782278042e-11,0.28783898666803376,0.08468116052523485,0.4193993400524608,0.2672151610897585,3.985022795049347e-09,2.2927634579489516e-07,1.4863456414065958e-07,-6.288352727163362e-06,-0.008906471657398591,0.12450307175012672,-0.30276154519028897,-0.19658415956060882,-0.024590020798550848,0.04033655560397584,0.0017124104389379853,0.02718297991910005,6.524304786376505e-05,2.3811599553037628e-05,-4.221424198951387e-05,0.00014901710605594163,-0.042283045136979905,-2.730788746863931e-05,-0.18464043220813003,-0.022201127383147497,-0.1486231960906864,0.10466256327749959,-0.0010452260107567612,0.010933629163077434,0.001474930176034512,0.13053679753184338,0.046967126244261075,-0.002107270741903715,0.00039387534572618007,0.014655171111797245,0.1455233230468075,0.03050159260108094,-0.0849619274812572,0.0004475504308210167,-0.002541190101823278,1.880041108649101e-15,-0.0019936636466783295,0.03131234719425827,0.063739216005959,-0.07920818361047684,0.018770523859481927,0.0054410737204297985,-0.01347171571131084,0.1440145958314633,0.057279011485123085,-0.009212354003066072,0.020153704322174552,-0.052707506406204724,-0.014028539047446527,0.025709007836754068,0.10092735981366796,0.03342512136978662,-0.057842551407204255,-0.17069328056336966
73,4.20035854515745e-30,5.19393578451179e-30,-2.53645263544073e-28,2.8713056570323203e-11,-4.583211264824413e-12,3.118133161486218e-11,-0.051314269330514056,0.0026930771371452156,1.7927293499499224e-11,0.00044156466199967635,0.00859360511030175,3.7463575641203727e-08,3.174645559989776e-11,-0.04700211377932638,-5.572188219184304e-16,-0.056586546952546564,-0.0024605340494504007,6.299255936515988e-18,-6.604226219644155e-17,-1.7131669143610576e-08,4.503810182534479e-08,5.063312529362664e-10,0.007716667709274165,-2.1772701371585123e-12,2.7282747937723576e-07,5.894823166219776e-07,-0.0523418586956869,-0.0869987613710073,0.4077444448413156,-0.194272772137729,2.9825355348998086e-07,1.442075779301386e-08,3.293669936326897e-06,-0.0068382393943008535,0.07330309485446948,-5.7678136839163256e-08,-2.7131103219186817e-11,0.3389318259486939,-0.07035876167445008,-0.505384331107046,0.0676046571697565,4.275701856714475e-09,1.745842071558629e-07,1.1117787111519426e-07,-7.0121383398526695e-06,-0.009943671501773764,0.1395432229324662,0.36671565265267814,-0.131187007482004,0.0719065399588774,-0.04194938739687694,-0.004935045198213511,-0.1070023875323034,-5.55985649107433e-05,0.0001304446335764307,-0.0004220295224369265,0.0029788155090641217,0.089133508716297,0.00022116305740592222,0.01684249030538513,-0.18223707246969964,0.11980290833059574,-0.15389962174823,0.009891278543692426,0.014430777573553,0.0018454922942122921,0.13333969278964145,0.04807615424323671,-0.00043180320724232955,0.00029358667064831214,0.0035834548874400934,0.040453094468234516,0.023650173979626755,0.037309270634267075,0.0317218833331585,-0.032282923989869566,-1.3855804398844887e-15,0.0490458089017483,0.016977532442717568,-0.058438080603523346,-0.06720383435368152,0.05103126809051632,0.07381499266979612,-0.013483583058292064,-0.1518400547425366,-0.04318365902481248,0.006256889360244708,0.030864081738008545,0.06379045543937772,-0.029184588037497794,0.02571578721076564,0.143126892897735,-0.13502212371205707,-0.06359940445968622,0.06290930969603226
74,-3.9930228511655564e-33,5.490204951730949e-32,1.7400712392616444e-31,-2.8365417975814517e-14,-4.953656326222989e-14,1.9469712589702616e-14,0.0019468960160119006,-9.710623062624009e-05,5.34840397166855e-12,0.00015596515840977948,0.003372191047146341,1.479862295492093e-07,6.9808247379495586e-12,0.3481025001447388,-2.6039291999302004e-17,-0.0012259333204832777,-2.810596633270612e-05,-1.420734497612563e-16,2.491025404925522e-16,6.753247462689829e-09,6.141739425738237e-07,6.848771544488854e-11,0.6031800225209458,5.137823758542061e-14,3.3878708004499677e-09,3.3004912865565303e-07,-0.22639924875746412,0.0010638471219243475,-0.008818391484169545,0.00622019081824647,-1.4485626012297112e-08,-2.252243990579843e-09,-1.2243720274070863e-07,-0.0019547703634716935,0.018496110960009953,5.654403908385117e-09,1.785031715597477e-12,-0.02807141193408771,-0.0016103124280833503,-0.005845045786498701,0.04791772040213218,-1.0789060386739818e-09,-4.773772527160146e-08,-2.9969855474598794e-08,1.1287994021634084e-06,0.001603907640066595,-0.02264047289876547,0.01594464194485656,0.07518178051905217,-0.03822870379337497,-0.0007101660052214506,0.003088100144401894,0.06879100414297146,-5.6186368106925686e-05,-0.0001966900672641431,0.0006448406690673181,-0.003284306205357257,-0.1656171687276498,0.00021765588896988225,-0.010437714811087325,-0.16266481897135826,-0.1008823535461556,-0.13524794108863655,0.017142608141348166,0.02395924598569272,0.007756907218699079,0.2356475646197582,0.09840586472482481,0.017518478751643786,-0.0005695563250052554,-0.04254380525603276,-0.4042690940232556,0.11322525619921486,-0.1038274382628046,0.007985723122795153,0.008951040514895951,-6.4239461076688465e-16,0.02154141291472787,-0.03981196164830313,0.018366603278848717,-0.04941645915523902,0.12061124188783197,-0.11534023563299034,0.08047022374205742,0.09927554281384167,0.006766310318438073,-0.014549186071099124,0.06456129806672294,0.01358150598180313,-0.040653735737706725,-0.1081615652226694,-0.130661571246914,-0.14135274173979415,-0.012229763495939017,-0.07366530346915545
75,-4.791857133542755e-33,-3.6460580296432377e-32,1.8807853539788436e-31,-3.403948357223667e-14,3.2727667169774025e-14,3.660393962214602e-14,0.002340016181275456,-0.00011672054544096054,-4.318023340609001e-12,-0.00010880090938719543,-0.002278464817934185,1.7915550958685797e-07,9.757407846647909e-12,0.41943616819865864,6.492443181554201e-17,-0.0024837544047867067,-8.319338534548232e-05,-2.3468043881784206e-16,4.157362185992275e-16,-5.801739691929026e-09,-4.1177494126145415e-07,-3.016338024241088e-11,-0.40737109479715794,6.300063009190281e-14,-5.6836454320637e-09,6.087314656575457e-07,-0.44151365828559747,0.0012728510010048698,-0.011239003989355437,0.0064023010254015906,-1.7150885569789107e-08,-5.197775869012719e-10,-1.2963003524593818e-07,0.0007141247988779431,-0.012295672889202134,2.423098637550726e-08,4.7813645500665666e-12,-0.033766389229942226,-0.0030590827135233787,-0.013409752658493066,-0.03116429919769898,-1.5962882023487261e-09,-9.213743221404048e-08,-5.8633962522832697e-08,2.0944701839839664e-06,0.0029733864314379194,-0.0418588271652303,0.034170992011093256,0.12108698314654752,-0.01127838828342012,-0.010329557699341407,0.0009975759130184973,0.027584724799842454,-5.777309674494907e-05,-0.00012534218669532337,0.00033549490304030094,-0.001817487003251626,-0.044051798808326575,-3.551705811708778e-05,0.16483837467753057,0.09480137920740732,0.20722009670436103,-0.14950030830984773,0.017684551669206367,0.03480967283112746,-0.0009580716033584382,0.23758698282583712,0.06976154789938822,-0.0020065003843281076,0.0006412099079725601,0.03099257711585491,0.2905667604450919,0.053587028017017445,-0.16871408530593632,-0.008306869547343193,0.004818071566039246,1.7713633706416394e-15,-0.0011550599407017862,0.03291222482176751,0.07142942882148759,-0.07690955193600706,0.019241150074689392,0.0003455336506720879,-0.015440528455986494,0.30378685255229665,0.059277477687950525,-0.021148316687610382,0.022663262021847704,-0.07042931814487886,-0.014693252466752505,0.029770189166359116,0.09988199178186635,0.03252975217332007,-0.058001456495913754,-0.17022024571507147
76,-5.608821701945535e-33,-6.989320420976054e-33,3.532434187652729e-31,-3.9843043348526256e-14,6.167040106534088e-15,-4.264295845186747e-14,0.002737155594217609,-0.00013652858729887502,-1.3067770855656274e-12,-2.3989433530265557e-05,-0.0004588259694529405,2.0886516961713644e-07,1.1624100740086316e-11,0.49003330246849536,5.954691908706991e-17,0.0030335873789030035,0.00015377310698257537,-2.3811498937976075e-16,3.708317185132725e-16,-2.002618105396262e-09,-7.681219467373001e-08,1.2361041847398047e-11,-0.08003757502410412,7.239859197061813e-14,-1.034187094128137e-08,-7.720404214454578e-07,0.5385834534951991,0.0016159725135509548,-0.013185954781044503,0.00698891385569955,-2.2984456216413694e-08,6.984073707469454e-09,-1.3758850185810583e-07,-0.00017134405537346558,-0.0021884038537925586,1.9201713091745513e-08,5.071340961676837e-12,-0.03941511889785598,-0.0008705994424685953,0.015863313177876016,-0.006633210262467097,-1.7645642691386932e-09,-8.939270250795587e-08,-5.650901035701151e-08,2.283875144195002e-06,0.0032437345049854877,-0.04572992857849202,-0.04117567861066504,0.11622940276382623,-0.039178573652695343,0.00972949301584371,0.003272044068061473,0.07469419883352364,-1.3290229153625306e-05,-0.0001965476540638451,0.0005691606659069427,-0.0032321648794031853,-0.11851622694105295,-0.00010099000567397298,0.07228654583278545,0.12915436430722874,-0.08835174923374985,0.15661343931779834,0.004209539981030045,0.03062430284293768,0.005938681091619453,0.33694520947346995,0.12707661158962402,-0.00722814746847209,0.0007092802089076607,0.009018912420375015,0.0997135126266948,0.0097004686723615,0.12184644538881123,0.052447695979842675,-0.05355845353890946,-1.3434790815783977e-15,0.04829550473623787,0.019255760052447383,-0.06816114227481479,-0.068409929892867,0.051689308681396436,0.09624401268901764,-0.024998661624826484,-0.34390871889058344,-0.04612626032241973,0.020057068908964467,0.03574408361827371,0.08563563615079807,-0.03462469189714648,0.04259471674432363,0.1500882322163732,-0.13828997528359893,-0.06673371522518294,0.06356848577939923
77,3.6516630021596717e-35,-5.198905254611142e-34,-1.6833636615474616e-33,2.698762239218253e-16,4.732508307510002e-16,-1.9614703895628043e-16,-0.0006103491127984414,2.9250268218960456e-05,-1.5674869452295744e-12,-4.636931201567005e-05,-0.0010568095843934099,-1.3951010471099484e-07,-9.04036740446927e-12,-0.3213503050122943,1.0363110961813404e-17,0.00036892250443599047,-7.520721590381126e-06,1.306410158909587e-16,-2.8612732277150484e-16,-4.687171894125378e-09,-5.839687956049696e-07,-1.2468184474468088e-10,-0.5579961735590364,2.4352684157422774e-13,-4.903435920036724e-08,-4.082650110892351e-07,0.2095169543146164,0.009330071072306129,-0.04690439228186183,0.017434552183643235,-3.937184552072411e-08,2.711871983575609e-08,-2.5727107481383297e-07,-0.015306750972983134,0.08842958866176856,4.8750518954804686e-09,1.6887881558657793e-12,-0.05420823040321267,-0.0067403928637816135,-0.031484747855339584,0.09313410115969283,-1.3426065880774861e-09,-5.695385113330598e-08,-3.575629848120777e-08,1.3594955615760997e-06,0.0019316034002246994,-0.02726145751682745,0.031831974735804104,0.08838345189087457,-0.0463105980489961,-0.0016514260281742415,0.0036552048110932837,0.08122103877844739,-6.52112836546917e-05,-0.00022610955348556947,0.0007529426561275844,-0.0038386735120073687,-0.19433181390370655,0.00025775345506064113,-0.015819475582522793,-0.1943237553308903,-0.10967884181954088,-0.15081725043271962,0.018494461002539597,0.02516842878641511,0.0081375653608294,0.2457777631371,0.10274116526328554,0.018364726881640057,-0.000600026782789861,-0.04438016688749057,-0.42122709316438334,0.11704097421475051,-0.10765477032103922,0.007948206603913528,0.009405238741804031,-5.787736888732353e-16,0.021581215895583747,-0.040052079950742434,0.018597815804339786,-0.049549399711104766,0.12064717604014452,-0.11690614408677152,0.08220509786111721,0.10402340154914533,0.006831501579816266,-0.015139541786910932,0.06560709103210889,0.013554357626453165,-0.04119548705275705,-0.11041371086204818,-0.13074374661871419,-0.1416583346434087,-0.01236045227515521,-0.07390738925933528
78,4.383049778477293e-35,3.422797321777121e-34,-1.8286540139816946e-33,3.239255733357463e-16,-3.090317828837405e-16,-3.585180158930075e-16,-0.0007336563965505342,3.516014667339423e-05,1.485354426474259e-12,3.3347680712836526e-05,0.000715714437729872,-1.68384007572602e-07,-1.1628662088759615e-11,-0.3869981589727474,2.5896751086314482e-17,0.0007708606888779468,7.467334279675822e-06,1.5568670201759344e-16,-3.308553676870251e-16,6.900021681698296e-09,3.8083600711155475e-07,-2.2030091245836467e-11,0.3765076279624466,2.9278537940997895e-13,-3.060184642770268e-08,-6.551513991891288e-07,0.4079779027969313,0.011269425040104438,-0.05427007119834636,0.02796050796550416,-5.4770494471654394e-08,5.164504935395194e-10,-4.969718537083434e-07,0.00918971809527826,-0.0589469203724498,5.273870420527302e-08,7.1792731316308625e-12,-0.06451910987637746,-0.014027253546353508,-0.06576552538972434,-0.059588066551919616,-2.0561473493683378e-09,-1.1878533617343449e-07,-7.584880880467643e-08,2.7933675908032877e-06,0.003963595908262259,-0.05571494158898146,0.06654391055976754,0.14672223009694765,-0.009821042155735375,-0.01465409989703436,0.0009172891663350269,0.027137877133406943,-6.758369715232477e-05,-0.00013667717073795622,0.0003639075659515329,-0.0019627190918454873,-0.04380947777561296,-3.551909823231318e-05,0.1924455333433968,0.10341354039622692,0.23459889051303212,-0.1690748882809378,0.019117140501934197,0.036621677665307405,-0.001134058075057495,0.24579373496917803,0.07154705508124307,-0.0019918138115806714,0.0006594735284321654,0.03217941125602797,0.30108878592857546,0.05534961858942593,-0.17482787438314532,-0.00890897302735845,0.0053259528731169955,1.7850796154675605e-15,-0.0010450110653366172,0.03301337380628836,0.07192406343423358,-0.07679696936681611,0.01937082257920596,-1.2576229850147937e-05,-0.015556522190045906,0.3153151974017685,0.0593713594929536,-0.022020094973695708,0.02290080622116906,-0.07163315198420735,-0.01478478017154508,0.030034122978109,0.09982641223285248,0.03227386366385616,-0.05805343910967851,-0.17011914808130102
79,5.130121796094894e-35,6.365172332322169e-35,-3.3951247517005664e-33,3.791382699455723e-16,-5.585422079514047e-17,3.9253684853281016e-16,-0.0008581590071026485,4.112696541026606e-05,5.629108540628815e-13,7.944331692809905e-06,0.00014484075558508693,-1.966187864095101e-07,-1.3556686436092588e-11,-0.45228745186574376,-1.5763586303968077e-17,-0.0009648296076262517,-6.705607734351285e-05,2.24765979521571e-16,-3.830533802777485e-16,3.730163764197664e-09,6.552373015245813e-08,-7.545650640281085e-11,0.0740468243553864,3.4303790471076316e-13,-3.807421168116582e-08,6.160412652178859e-07,-0.4980999622867817,0.013020515693798598,-0.06380230283856946,0.03152069072774645,-5.414122218513427e-08,-3.0144918028323208e-09,-5.496372755875296e-07,0.0008000521907262542,-0.01139298845199104,2.3424022608869827e-08,8.013239970008356e-12,-0.07566101250281868,0.008990161706758776,0.07904890704893935,-0.013982115427303184,-2.2596414247400224e-09,-1.1051570984601975e-07,-6.992319680881357e-08,3.066369177663391e-06,0.004353649425785268,-0.06131785770996001,-0.08037687173352806,0.13545134440621437,-0.04826949435411417,0.014175532851406058,0.003934949484022772,0.08931718460118042,-9.610543204381411e-06,-0.00022194894574136488,0.0006463134806944064,-0.0037200541288278156,-0.1347392061685364,-0.000126836370692277,0.07607922446683264,0.1538285069312181,-0.10460283365253757,0.18040827922433506,0.003769869020774398,0.031838039530571634,0.006246608101256326,0.3522085212209569,0.13300115242453134,-0.0077205791430280234,0.0007396798540224236,0.009402304270669874,0.10390987026317007,0.00876081211855829,0.12786194145111815,0.053942841478937895,-0.05508189029915092,-1.2703025014880253e-15,0.048222663812148694,0.019397136166724116,-0.06876591607979363,-0.06853319174026365,0.05180568501177376,0.09773019287630921,-0.02577712874049588,-0.35765078746246104,-0.04626703643801955,0.02104561863595443,0.03613930913517715,0.08714657652648515,-0.03503893100877254,0.043742045772662164,0.15044631213383322,-0.13851994488262057,-0.0669587767001713,0.06341179525139884
80,-6.0618492911729e-20,6.830689751769374e-19,2.0219256123528418e-18,-0.3364313371804447,-0.5825881613205663,0.21775873657384004,-0.00011113229401988581,6.064204648140401e-06,-5.2717692089433445e-09,-1.1078798631510954e-05,-0.0002167308830892635,-4.905215746511672e-05,-3.113463196776262e-08,1.1108444224149967e-05,4.723013628235839e-14,0.00010030239421173134,4.4519529791264515e-06,1.6414104639766016e-15,3.8805124719058295e-15,4.483469543493708e-06,-0.0001390485831006486,-1.3716593011979744e-07,2.802396446095146e-05,-8.936017897647885e-13,-9.395534257393041e-06,-7.901071674817592e-05,-2.687500230229908e-05,0.0014265043419975929,-0.017575168491958934,-0.040768020688287575,-6.791577450076163e-06,1.926411098621501e-06,-2.1697147530857908e-05,0.000966258745172141,-0.003549774663615444,-2.499895914077528e-06,-7.612539555252207e-11,2.3388239867150526e-05,0.0002846483860274764,0.001471466507787367,8.590181864283226e-06,1.0964838640599501e-08,-4.1831503756621765e-07,-2.832646449958468e-07,-4.08381036246098e-06,-0.005736579896532254,0.07829878818175333,-0.0010321384610744013,0.12953230612673955,0.25764419732410215,0.3399954932331211,-0.0015196442272529113,-0.002257442171889152,4.47869603111924e-05,-0.0004644165432522325,0.0003535244905384411,-0.0026004828577391747,-0.022078391041046818,-4.034439698872228e-05,-0.00299185576673351,0.006653350594860307,-0.1360920687537877,-0.1370478633678953,-0.0018709058585447264,-0.01323515287579176,-0.004393979695073013,-0.024304218525392277,-0.013122623856998868,-0.03162551526627879,-0.0014484928163040975,0.01348595315482819,0.023747324344814982,-0.15977918645677222,0.07940648172777644,-0.01673321183344189,-0.03691767527999105,-5.318550607689771e-16,0.01807848937742222,-0.006639034339192843,-0.008465098422823529,-0.04738898781785541,0.17345102743361132,0.13164573422234976,-0.18964694122197337,0.0638422132528765,0.006634159325406728,0.013819458936053582,-0.10928866559777019,0.021041990801334187,0.0469550806583136,0.24070596815598905,-0.1808663660076712,-0.12774544172059832,0.009980624056297701,-0.08359745335806137
81,-7.278096786033341e-20,-4.608024015916844e-19,2.1549841684827264e-18,-0.4039301141457957,0.3929525239974024,0.42718278838702556,-0.00012528528526833846,6.853368661363299e-06,-6.332664565250657e-09,6.114351822204814e-06,0.00011807247588430652,-5.962731895360108e-05,-2.470760932739739e-08,1.1451157690281632e-05,9.275291157918248e-14,0.00013677363440014545,6.338452286032626e-06,2.7006854319197574e-15,5.31272833210091e-15,3.120764671696027e-06,9.441426184992161e-05,-2.3221108500290148e-08,-9.741121941793831e-06,-9.850646525034818e-13,6.1067232572220856e-06,-0.00014997888427013622,-1.4792543913961725e-05,0.0006939599748292318,-0.00493120639754635,-0.00456719947946199,-2.6974810792852905e-06,9.175435160126184e-06,2.0555713876716305e-05,0.0007790413772153185,-0.004647940152659881,-1.5263064388954849e-06,-1.9360530140189484e-10,0.0002853602378269606,-0.000258660402052138,-0.002577258362429372,0.00046884202598441625,-1.2730843824194983e-08,2.8292589719504786e-07,2.1167470605374889e-07,-1.1112312790147044e-05,-0.015542602963275096,0.20901072227896747,-0.00406974867061866,0.12083168159367395,-0.30955475464290394,0.15150345086064765,0.003127975514336181,0.066375826833317,3.328976668065819e-05,0.00017938046001990835,-0.0003925623993202433,0.00035646103458859173,0.11847891657901793,-7.275127054088938e-05,0.034972575415719645,0.009587389433622742,0.050926052803982866,-0.05187075886360921,-0.02125953608918914,-0.046193231140134135,0.009532254893871162,-0.05853499873241697,0.026515551086318558,-0.01210244711791579,-0.0015252730377409806,-0.020011466463788572,-0.06982246417807891,-0.18864199323114036,0.12260549733772066,-0.05773276792325115,0.08686133209163803,3.556589301521684e-15,-0.026191026520248163,0.002366956657658658,-0.04266139580855919,-0.12483635461519912,0.009675240336451408,0.06800944605039792,0.11016480894225564,0.0014126927626805475,0.0435651811559894,0.026917925042188578,-0.08192653356292393,0.2793508194616234,0.015030398023986688,-0.1718026658223477,0.10179351289225264,0.07797274346286844,-0.05267279730646738,-0.22909921981880463
82,-8.517979892597276e-20,-9.250717611269044e-20,4.1990599847135124e-18,-0.4727494322068563,0.07884890207927359,-0.5199639371319065,-0.000147479173233787,8.064828616115805e-06,-7.378185501905235e-09,8.645507855743298e-07,1.6119716312412647e-05,-6.918496485014444e-05,-3.317506775154158e-08,1.3616024906106547e-05,9.514301345486787e-14,-0.00015420306456726964,-7.262419870028879e-06,3.1258221420600306e-15,6.032944330646843e-15,4.4410198823861134e-06,1.731444671281777e-05,-3.764312533126734e-08,8.504617142776325e-07,-1.108172270253288e-12,-2.863460470119718e-06,0.0001827831776148118,9.399311410336016e-06,0.0009347032732208372,-0.007767920282437016,-0.01088903653648335,1.576440403358173e-05,-2.1184029296246655e-05,8.162869851161592e-06,0.0006463190088536984,-0.003547297309265612,-2.0739368740339185e-06,-1.6952502765731418e-10,0.0002845955000188634,0.0010451527378841764,0.005764798761535018,6.124431160878943e-05,1.1818795873032828e-08,-2.96000667111474e-07,-1.9855035459826917e-07,-1.1481486733188888e-05,-0.016155312868609717,0.22148879879892888,-0.0025790433217814466,0.1931114137384966,0.15510408478572263,-0.21727126244528613,0.009436678090640886,0.18552805518927276,6.652368326947594e-05,0.0001876095481917715,7.464437065734608e-05,-0.0008797811990317446,0.0501733693057574,-0.000106207740732398,-0.03647240715231514,0.012915547744692378,-0.025162362239173442,0.061612540397392106,-0.02658248159334373,-0.03790435044819146,-0.0008737106750431389,-0.03917138939793759,0.00048188625572549324,-0.007566727078749666,-0.003963924826743713,-0.008778910365796398,-0.039509438695544026,-0.26835653865178466,0.08307317516650337,-0.07875675581242542,0.07797377661436626,-4.127293937918563e-15,0.09450681357155857,0.011059836113567612,0.03481219764588674,-0.08141562370810025,0.04367811513393834,-0.14631944363799385,0.04033241756030105,0.11283246733974898,-0.03659513191858957,-0.00778601488832073,0.009943023632996505,-0.24863477220273483,0.026110217333518804,-0.05289022125480584,0.18854135988848056,-0.1540954816270044,-0.06255187604352147,0.13305924044809114
83,-6.394324442117865e-25,1.2225258148849682e-23,1.867302787527523e-23,-3.918267839246693e-06,-1.0672066684202687e-05,5.645002244217618e-06,3.064399609371195e-08,-1.616676369203333e-09,2.638443820964943e-12,4.637295247561366e-09,9.400294961517673e-08,3.1598913280181544e-08,2.2556054610307476e-11,-6.531676418469283e-09,-4.994328371877975e-17,-6.244248202098679e-08,-2.6624413826710627e-09,-2.0134207532908487e-18,-4.523742649091478e-18,-4.439695684318468e-09,1.3902728801577168e-07,1.5220806175497195e-10,-2.5911425001289974e-08,1.5614867089548779e-15,1.4247657771993155e-08,1.1210468755190762e-07,3.613923730488688e-08,-2.094211077364134e-06,2.860515017552884e-05,7.063744495222882e-05,1.3678385953119968e-08,-0.00200512949190172,0.023291087515091402,-2.340799269306624e-06,1.011411862904693e-05,9.607542110617977e-09,4.4974546593567744e-13,-1.2790578147991522e-07,-1.1120536112594941e-06,-6.605819722224311e-06,-2.01823019384158e-07,-8.32820054163088e-11,3.617403273407881e-09,2.392153036926085e-09,4.2503853478436215e-08,5.982463647719616e-05,-0.000821085019484884,1.3625091053330992e-05,-0.0032409728070764855,-0.003190557147607733,-0.005570268403925552,-0.00015396615891894624,-0.0040378080519960485,8.974458678560659e-07,5.683941634458503e-06,-3.5959105609650817e-06,-0.3921383961060708,0.005365667055040862,-1.6852435198805822e-06,-5.379744032693244e-05,0.00018929330255058682,0.003275527248310174,0.004076071470580909,-0.0006478268284062487,-0.0011298092394620195,0.0007451711674501362,-0.0012548471569345495,0.001971283002129746,0.009250433963066506,-0.0004926045409439051,-0.7835420163588607,0.07871328627910272,-0.0019162768621541707,0.001331659578301069,0.007031250384821656,-0.011654594207612055,1.4581239173419721e-16,0.0057033516358863555,-0.001039005521548431,0.0003245650355097654,-0.020499177915497185,0.02731841789470608,0.008218119252279313,-0.016838807258854723,-0.0091131723925468,-0.002615529344386549,-0.2660340952243248,-0.0023714327616312777,0.003427668445999094,-0.0005219477795836802,0.021524757174536068,0.09383723038513228,-0.06521987358045186,0.3678505651759076,-0.062197914270320315
84,-7.676909358588277e-25,-8.249690771563318e-24,1.551071294245726e-23,-4.704179674633058e-06,7.197883035365343e-06,1.1073636059239896e-05,3.462500951012049e-08,-1.8311693411281244e-09,3.1637604084444337e-12,-2.5404402778306986e-09,-5.081173151608249e-08,3.832197694217689e-08,1.7874628910189646e-11,-6.758387296918789e-09,-9.701741845813333e-17,-8.433723376480846e-08,-3.756515441803032e-09,-3.2831018892554753e-18,-6.326361732128118e-18,-3.108528567544646e-09,-9.415330417181508e-08,2.7245108924168628e-11,8.735028601534466e-09,1.7199191351039357e-15,-9.086096369828328e-09,2.1259725716506784e-07,1.9970319796857242e-08,-1.0623197617226413e-06,8.66859753446534e-06,9.199711298880935e-06,5.195542426580444e-09,-0.009543395011714011,-0.020482243467142208,-1.926250166622539e-06,1.295384523937686e-05,6.305527679723882e-09,9.523186317308978e-13,-8.382430840755262e-07,6.123421171135512e-07,8.057889783822766e-06,-2.20402937642866e-06,7.109132801187525e-11,-1.3676884180536912e-09,-1.098641068749275e-09,8.409280696039487e-08,0.00011793112664100787,-0.0015989739392017115,3.3199567786905524e-05,-0.0032547700304533887,0.002418131208931504,-0.0035748965223258698,-0.00021580164205458493,-0.005028305715213975,1.1662313870494311e-06,-3.864415679108498e-06,6.517883340840118e-06,-0.40940786370705395,0.003632414876013688,-1.1836834686099285e-06,-0.0006749651730032761,0.00015283043433235614,-0.002799539065249252,0.00017467417923800393,0.00031614941307259414,0.0011995507646132314,-0.0008736553638536023,0.0020178619431776394,-0.0021642179286678344,-0.0053500367815056534,0.00018504360599278866,0.5882663816610265,-0.057651177546403275,-0.027898741629649032,0.014944590790614682,0.0034895939857408054,0.0017677873542247407,2.0147569819921284e-16,0.003384141640082704,-0.0005951344283599529,-0.0019914820508784223,-0.0241212902802287,0.019853050113228115,0.005831913045531801,0.01106238838744311,-0.028344601503927504,-0.0004353462696723435,-0.5699294497838461,-0.0014367612106161577,0.026358252665715738,-0.002911550571646124,-0.015718865889841293,0.10746801832033216,-0.05478836629225203,0.36618627800481807,-0.07064707798058158
85,-8.984710089566116e-25,-1.657741909213601e-24,6.062367646834576e-23,-5.505583683859366e-06,1.4441182758826799e-06,-1.34780828744313e-05,4.076395765612684e-08,-2.155183461973898e-09,3.68324460700814e-12,-3.3884273044949734e-10,-6.507378156044563e-09,4.442659437566517e-08,2.3972075485831076e-11,-8.03287022009851e-09,-9.967418685085112e-17,9.391435137186798e-08,4.259443846541447e-09,-3.6381739435886884e-18,-7.215427478414706e-18,-4.402806543398217e-09,-1.7103052538280267e-08,4.2846744726333874e-11,-1.0708139197058687e-09,1.9375233103355607e-15,4.448405365884003e-09,-2.583464532088333e-07,-1.124815887521631e-08,-1.4213805266334982e-06,1.3416059180035223e-05,2.0672367685510248e-05,-3.318219735101097e-08,0.021275875599098267,-0.0077432904938321235,-1.6615379328955955e-06,1.0357471152458805e-05,8.317840369565664e-09,8.675888313830117e-13,-8.424438642029957e-07,-3.541562445672216e-06,-2.213172667089715e-05,-4.864427214857378e-07,-8.802389064093333e-11,2.7864130337712282e-09,1.812276545381e-09,8.848647307626516e-08,0.00012465253354353146,-0.0017147834911387832,2.4876183566642014e-05,-0.004182031053993884,-0.0021594154208726553,-0.00010450746414390095,-0.0003048451196718453,-0.006827242380274488,8.043200184853793e-07,-3.902086141224595e-06,5.650947969109906e-07,-0.45835376345181994,0.005181851073465781,-8.817398861021751e-07,0.00042578451266467863,0.00011133307254879903,-0.0005336121807872532,-0.003635165373454894,0.0003991225861225452,0.00041442326857021866,0.00010058555649095529,0.00016535752009843397,0.00011761296304481607,-0.002703321778684317,0.0003774812756181788,0.16458704154172138,-0.016459670067881745,0.040648824785908436,-0.022360447543345777,-0.004900678350551138,0.0047929417502172765,-1.5139278083378722e-16,0.010301574567585878,0.00012657122080605252,0.004093837923631908,-0.022017318088217518,0.021387152963106688,-0.016965039608960026,0.006600769122593642,0.029888022912960385,-0.005929989598594041,0.7719258266746323,0.012670267244007157,-0.030838066338493914,-0.0023269192519959816,-0.005610641018834897,0.1168443572902529,-0.06989915520444229,0.3734279484635786,-0.04888910509095321
86,9.953802866529326e-18,1.5123527504723125e-17,2.427017016577211e-17,9.263741335338009e-12,-2.233434412411546e-11,-4.869017498633221e-11,7.147044478963194e-11,-3.494559690090863e-12,6.601658897768688e-07,-6.4135059162026166e-12,-1.337952755765771e-10,0.004700926624171719,1.5105747319431448e-06,-1.919782433023038e-09,-4.582942410768542e-12,-4.648791087716618e-11,2.931393363673669e-12,-1.152542592560504e-13,-2.0588740880993198e-13,-0.0001260289095269301,-0.007229055074301284,5.504370741876651e-07,7.0270529723062505e-09,2.56825342818938e-11,-0.000354445957853815,0.011031704663122748,1.515878250560231e-08,8.453332971980124e-09,6.310833341268664e-08,1.7406968721006306e-07,0.00025814622735998935,6.891708928317614e-10,-2.127689941386135e-11,-4.135232896403364e-08,3.7820736054447077e-07,1.039111259313414e-05,1.3016777011890338e-09,-3.0417228623775835e-08,-6.066192578291493e-08,-2.1198454276993448e-07,-1.980001843765254e-07,1.00574186209946e-07,-7.66376303464407e-07,-6.273084371033331e-07,2.9561847901389395e-06,0.003143436123252735,-0.00014343565531991858,8.435887985143061e-06,-0.0019149441337313114,0.0019453830329654086,-0.001466355749155935,-0.0007252323121922649,-0.0029594349672343455,7.381647570215655e-05,0.00018262430380798202,-0.00014263527509978215,2.3023279120634306e-05,-0.008200757962342747,-0.00014953131721851564,0.0009782278617786674,0.006334141088632333,0.005567522315013763,-0.01715744634576234,-0.12574911470197914,-0.32288379561538283,0.14342819752396638,-0.14961333037039543,0.49621101142517915,-0.18705730315891825,0.017596236785908666,0.008314742953516065,0.037186088290487876,0.1668595656769412,-0.1299051449417475,-0.21238131253888995,-0.049674720958098245,1.078584457253451e-14,-0.09704605519428727,-0.15668639530767295,-0.4408002074759041,-0.23323436758385263,-0.027757008842547046,-0.2354371581841926,-0.12115847991273486,-0.07763546481347129,-0.15559855438765516,-0.013905730743844338,-0.09290730366679689,-0.11071718667529272,0.19991665424306448,0.0663350366882855,-0.008900324173171529,0.0945753800755805,-0.002043233135114345,-0.052741818948733935
87,5.0884925583510976e-18,-8.90146105188663e-18,3.8184362790905055e-18,0.00025460116183609837,0.0006942118087552664,-0.00036754076905796084,2.1798804207617018e-06,-1.1528253895556413e-07,3.463626214194073e-07,3.347204890800513e-07,6.770871155864879e-06,0.0024521144324681295,1.3785489004541206e-06,-4.5021415979127277e-07,-1.3751840292784076e-12,-4.501132055870631e-06,-1.9247605928030627e-07,-4.360280038796e-14,-9.377607598907674e-14,-0.00014189157943150066,0.004372841457149409,3.8505988668395765e-06,-1.8338078007954582e-06,1.567427332401388e-11,0.000184282392536229,0.0017282651448211448,2.5673770072711885e-06,-0.00014601214773363186,0.0020139616042088512,0.00499943854302465,9.944371160557049e-05,-2.456079688778952e-07,2.826470544978454e-06,-0.00016557375868643645,0.0007027340070367199,1.895493336760835e-05,3.6954690409289213e-10,-5.41895835579787e-06,-7.539667483738818e-05,-0.0004583132520867219,-4.321716174848767e-06,-2.980444454565584e-08,1.4163214535390824e-06,9.67344905332947e-07,2.8668013532216117e-06,0.0038756221363446014,-0.04684586995851549,0.0007160427783789773,-0.18914361700146948,-0.379411126658452,-0.5814834806936314,0.000331540437750383,-0.02608909745061199,-5.745149742297292e-05,0.0002057600846851267,-0.00013169306411579183,0.00807353917917198,0.023918746377116145,-7.510366339899977e-05,0.18580076236925147,0.1283141553856909,-0.34568933229139714,-0.27584324464895343,0.026611219059052726,0.004847549608408619,0.0018520565556995037,-0.03608869836097813,-0.006063317964455787,-0.006939880701052318,-0.0009134671884526567,0.016548225674443293,0.03067756187683195,-0.14022047735213977,0.07904004355805444,-0.029890948154547577,-0.012610712682473412,-6.283123087075129e-16,0.017625542206545948,0.007217924511877801,-0.011577381981769764,-0.043175487810699506,0.1705274986378633,0.15834997224683975,-0.17199279744298096,0.054737897825496665,0.0056247779973683625,0.013590681855732291,-0.1280746837720512,-0.003556735310586816,0.06731080774272635,0.22326974317090736,-0.16515401889583664,-0.09758630036760133,0.01223945235852272,-0.06805243785294308
88,6.109792366300348e-18,5.867937323680423e-18,6.999767058007536e-18,0.00030568221506534817,-0.00046824206289646815,-0.0007210139674552108,2.457686735184821e-06,-1.3029432523315413e-07,4.1618142785537516e-07,-1.846780570270981e-07,-3.687513935246615e-06,0.002982661477415739,1.0841722850510558e-06,-4.644623545433083e-07,-2.7609360539716733e-12,-6.1347140654973e-06,-2.73916156082399e-07,-7.315671641689532e-14,-1.3362062388633608e-13,-9.752977169176219e-05,-0.0029746010283048505,6.204928211144771e-07,6.373502938328421e-07,1.7255798610375015e-11,-0.00012513054058652988,0.003300935411081129,1.4160218863741783e-06,-7.140217814714458e-05,0.0005707073690073245,0.0005731581886978499,4.3650780034562215e-05,-1.1967190518178866e-06,-2.68593541153116e-06,-0.00013388139552398477,0.0009188963822887254,1.0059130066784765e-05,9.627475351522125e-10,-6.031421989905228e-05,6.372304490159195e-05,0.0007567438282396542,-0.00017664867856833334,6.351189737511019e-08,-2.2787895929642303e-07,-2.3541139305107745e-07,8.360722209546828e-06,0.011030869578103286,-0.12023187002871047,0.0026574346273625328,-0.18166906483867168,0.43169666372770804,-0.2518854142747235,-0.0094574871942017,-0.17466587806364134,3.2154752688429614e-05,-0.0005898351404449402,0.0016687139703374398,-0.0003010659021494664,-0.5166820277626449,-0.00022930680269456457,-0.14984765419498738,0.2726179325122241,0.14934531300164477,-0.10498356163747659,0.0073153381826940415,-0.0053588238160752755,2.0981700243783136e-05,-0.06274682402962982,-0.01786177716395414,-0.007021480077881524,-0.001537678181689438,-0.023431395623988185,-0.0796040931505216,-0.18235160316933458,0.12862056384063944,-0.06408137052486398,0.087360709514508,4.033798156867496e-15,-0.027804700432171252,-0.011054739941994313,-0.06605618438566774,-0.12876498707900672,0.004881594052332422,0.04836037594444681,0.10311260369027114,-0.0061533522991345626,0.0282248797430079,0.0288680002780626,-0.09674120730142192,0.26643603535610905,0.03202697960603788,-0.167527715437838,0.08350873501334534,0.08187950206597726,-0.0438330785922363,-0.20139855584940508
89,7.14965251974857e-18,1.09158090563779e-18,-7.17893735775587e-18,0.0003577626142312749,-9.395631867895851e-05,0.0008776132169742646,2.893063333731387e-06,-1.533265492704403e-07,4.847564904184174e-07,-2.6060612180281728e-08,-5.022683013611492e-07,0.0034595016854250342,1.4607069414506862e-06,-5.522374480350641e-07,-2.8231568824522e-12,6.912142285463318e-06,3.136992269963424e-07,-8.089000666704694e-14,-1.521797516192659e-13,-0.00013959012905572342,-0.0005462673651199392,1.0008200587993934e-06,-5.671974522374286e-08,1.936075529981609e-11,5.6137219461075074e-05,-0.004027958984310577,-8.904602353643773e-07,-9.615904247421861e-05,0.0008977487322163773,0.0013542979580831495,-0.00021990670222258454,2.789984017923168e-06,-1.0699297999745261e-06,-0.0001119353540792363,0.000707358388715327,1.40666164484815e-05,7.906982667592401e-10,-6.020097597374613e-05,-0.00026997137094543315,-0.0017404850465204853,-2.5825200107717957e-05,-2.1554116594616374e-08,1.5318778661987172e-06,1.0301965002439098e-06,7.625126885897339e-06,0.010375033280986446,-0.1277359555902705,0.0017382566674668729,-0.27850353756364987,-0.2172484525442901,0.3289023660508335,-0.02180293745814433,-0.40352981032293583,-0.00028920794583902243,-0.0007101786557100152,0.0011207621290606053,0.00334977866849756,-0.2878062201363938,0.000381377321668995,0.4407009461429048,-0.08816256025304739,-0.050912239496264576,0.15532905529774552,-0.0063641342724677025,-0.013437782234714413,0.00042651108499224807,-0.048266648012186025,-0.007835151978596957,-0.01035166770559413,-0.0024330048246890604,-0.00946002792286971,-0.040691208263835654,-0.2429492655436114,0.09702192856555854,-0.08671729217205243,0.08559605336050843,-3.739802691548592e-15,0.09957366695335675,0.0042719728286046265,0.049827147642706106,-0.08226036667155259,0.03747150564505106,-0.15828909843704775,0.03464696784551693,0.11485041785515676,-0.02725045533457344,-0.011295621361339075,-0.032995525806152774,-0.23786677999442835,0.05094534903407116,-0.05519425467229146,0.1656724196915113,-0.12678699915906724,-0.0524974047284788,0.13223131423765666
90,1.7359106235641335e-25,-3.42304339694483e-24,-5.257995563940038e-24,1.101703949829884e-06,3.0118836962395617e-06,-1.5994190276079765e-06,-0.0007289980602339105,3.961045398453738e-05,-4.544135631516994e-11,-0.00011440479697175516,-0.002247252766943165,-7.343442499144108e-07,-5.841693707917868e-10,8.267469695930071e-05,3.4427223769563534e-15,0.0013987975547156434,6.251183452911528e-05,1.8079353282524962e-16,4.174310941263635e-16,2.089214244637168e-07,-4.755611512014532e-06,-8.021083128036831e-09,0.000328059390765429,-1.0393581222741846e-14,-2.706824540466191e-06,-8.614395965969058e-06,-0.00038188740494985254,0.016463098413538248,-0.22850866557528365,-0.5787602502353288,9.837653459423582e-07,2.2803442955567576e-06,1.588477465713352e-05,0.015788373213466482,-0.0613901915812132,8.142804507111299e-07,5.1605857323563564e-11,-0.0013573376311060044,0.0016252474733545242,0.012114722533862763,0.0014656485360027725,-7.760800787487656e-09,1.3210803403895439e-08,1.2207074595296577e-08,7.792181430230454e-06,0.011017530826056339,-0.15326800931236323,0.0016974459152382614,-0.023663416362928975,-0.1763827485201826,-0.12175242309832769,0.004469588805410451,0.0767660351388809,-1.555961377956483e-05,0.0002764087658951795,3.441445433256839e-05,-0.00016510353263234981,-0.0802476442732501,0.000216756690337178,-0.1649440103207093,-0.2171202385658229,0.43218130198927407,0.34971995829177244,-0.04142111234884067,-0.02448450599652304,-0.007017952669092078,0.004414140784455647,-0.008823363895836059,-0.03578986162835294,-0.0012866055393413462,0.011258633717290424,-0.016073930525789214,-0.11131557189724396,0.04739377408406437,-0.005703437505745136,-0.031303160028670375,-4.182619235460701e-17,0.020004136802319245,-0.02221987011349704,0.00224767252650309,-0.049239482562502906,0.15498478882759922,0.04133614974735114,-0.11402859868863434,0.05262187156045615,0.0070283156373648166,0.010774626106109094,-0.05187103258508805,0.024302542058312244,0.014747987660852113,0.13971809321720394,-0.1683745766736131,-0.13958214971486477,0.0008861249091277374,-0.08277925692258813
91,4.4054473631343216e-36,5.453052783430536e-35,-1.1868877161816254e-34,3.256272996847015e-17,-4.9331519859242423e-17,-7.823161384413076e-17,0.0005886874578237048,0.009461346713145913,-1.5032127249748083e-12,0.014778077914773815,-0.0008758835152560633,1.623462454429667e-11,-4.1357523664411387e-14,-8.710249458757307e-06,-7.577918126126834e-18,-0.0012292650245391316,0.02267287012736522,-3.387104924007892e-17,-1.519534016799278e-17,-7.476911375668491e-11,2.1177511722751617e-10,3.7346451260295435e-12,1.2613211463674997e-05,5.1394361965317705e-14,-1.0298115950853003e-07,3.333511914718812e-08,2.497004843474882e-05,-0.04869380420025534,-0.011080252725249255,0.00258134477629853,6.054338509924255e-10,1.8603400928284432e-09,-2.0205656438489563e-08,-0.08122543595493276,-0.018593995202436993,1.221306700758395e-08,-1.3682451285232835e-12,-0.011967201780699635,0.1173635185161665,-0.025424353990007986,-0.0177661712537085,1.0543859162346837e-09,8.863044394986799e-08,5.503561811775169e-08,-1.2434126417606619e-06,-0.0017708446839083544,0.025171702664302433,0.04409547897263447,-0.3896932149616538,0.04352898170026073,0.13085456396320655,0.03187183817341834,0.6298215911205036,-8.059978222177351e-05,-0.00025921483188742707,0.000981817972834266,-0.007055256676034152,-0.10483819331246812,-4.2399249885655264e-05,0.2734563594663977,0.11250898874031179,0.14587877228685237,-0.0856953062648826,0.005069113868492836,-0.004163558411029053,-0.004826378146382897,-0.19150469444226942,-0.08259776915080874,0.00937415576436698,0.0005823012010598891,-0.012408773365464393,-0.17382562545965352,0.0989129128844212,0.021634142409929457,0.05447503129031119,-0.07031151578934845,1.6172680656079093e-15,-0.0017180025058578182,0.043916218431289754,0.10662664762683391,-0.08303875175089209,0.02108208075271103,-0.018239587377612918,-0.07250180689537698,-0.2047946422434237,0.07509476066464262,-0.0008912370996815978,0.067015280857412,-0.18076811411811247,-0.02624388999597351,0.11692331418992326,0.11335912789122299,0.04011037317553458,-0.06759733544734531,-0.20011996212015898
92,3.754579370691788e-28,-4.163053732034019e-27,-1.350283902720271e-26,2.3821987314123834e-09,3.6637568662857122e-09,-2.1186317112987068e-09,-4.5508126295212253e-10,2.3317373668284576e-11,-6.23566373627677e-14,-5.3454918027863025e-11,-1.1330227756278945e-09,-9.543204634017783e-10,-6.875492034307144e-13,1.857704250320882e-10,2.384959473211463e-18,1.0382046401157395e-09,4.123626370582216e-11,9.577300846442067e-20,2.1643748487341021e-19,1.8147135348018615e-10,-4.961227295981259e-09,-6.723627266535804e-12,9.328117955612886e-10,-1.9581812327519325e-17,-1.69666723873727e-09,-6.79144837526408e-09,-2.5317016365083942e-09,1.5035034690836113e-07,-3.5252143901609736e-06,-1.9097371763646364e-05,5.300535913923689e-09,0.22768746847923466,-0.781110924407649,2.3375341415404063e-07,-1.8324771471139346e-06,-1.4618563055169229e-09,-2.0071162881612843e-13,1.4221603056417782e-07,2.6787038926465376e-07,1.4932425842023262e-06,2.8430183333342965e-07,1.1166499109648671e-11,-6.530066731603808e-10,-3.910099056703522e-10,-2.6082660980991122e-08,-3.672075035114198e-05,0.0005040550993595802,-9.600247243141443e-06,0.0022730134507916227,0.0005680454150922922,0.0020791327841795004,0.0001842298773590963,0.00435249702067286,-1.5069919285027861e-06,1.2351844424290827e-06,-1.3939787500112923e-06,0.4007310924071579,-0.0049775985165363594,2.1041129174995504e-06,0.00011872824227331855,-0.0002655654195911184,0.0008157511047387816,0.0008531806363136378,0.00034699181769195115,0.0007100682233421161,-1.2950924720149921e-05,0.0009372215231562772,-5.764801492832869e-05,0.0006767341049927879,6.457477034157306e-05,-0.01677944444540478,0.0026055361931263668,0.008134180813587322,-0.0042154674011517,0.002436930706694034,-0.0022488731570480436,7.676015845639554e-18,0.0066948691008956555,-0.0005460734746908536,0.001041305679203042,-0.022676150516368457,0.023529007965659307,-0.0017025336693611524,0.0003832548063410469,-0.0021350857133220266,-0.003340239905622978,0.008192280591826038,0.0041608392837164,-0.0017447866566271738,-0.00237603168055685,0.0001867309405481311,0.11257530435067015,-0.06688609753529792,0.3932039847932956,-0.0633713850930812
93,4.177039913071706e-28,2.4113732584417364e-27,-1.2593330369166215e-26,2.6503045624747005e-09,-2.1190666629140905e-09,-3.879505889372783e-09,-5.04183012962685e-10,2.5843146768527327e-11,-7.210791582091332e-14,2.2217003124845818e-11,4.6162562882854057e-10,-1.130849841749441e-09,-6.441191302018731e-13,2.0175685235135262e-10,4.561205557133191e-18,1.2329332248194778e-09,5.1358194087230036e-11,1.7827985711055135e-19,3.5275747394697445e-19,1.5167687089062136e-10,3.380075170830756e-09,-1.3638180757516901e-12,-2.6986792438996767e-10,-1.2127865364105115e-16,1.3258211469902407e-09,-1.3455252511491661e-08,-8.537384992182791e-10,4.070835296711147e-08,9.735328637171053e-07,1.1373086275338737e-05,2.2614593980794293e-09,0.5593745963757027,0.5929350608992323,2.707469860440924e-07,-1.4226657058741108e-06,-1.6219021089908105e-09,-1.6749865721067282e-13,6.804084234875936e-08,3.6246141387682396e-07,2.2437498577422513e-06,1.7411098038477594e-07,1.740873838482962e-11,-8.475878848160715e-10,-5.284714683070477e-10,-2.3694732000102642e-08,-3.3380579975938513e-05,0.00045915748555235605,-8.603624220377213e-06,0.002248920670343242,0.000772014057893841,0.002148481825645655,0.0001801850739240167,0.004276057614588667,-1.4901903806231234e-06,8.751424143882877e-07,-1.0221029117493732e-06,0.39716493764522925,-0.005005671458929293,2.1120854446465837e-06,9.81788078554585e-05,-0.0002656355391850119,0.0006098841174182572,0.0007097283196388493,0.00037867872397653017,0.0007841177313633077,-6.400927419427018e-05,0.0010391752286682484,-0.0001887494871578623,0.00020671165514322273,8.692985421234316e-05,0.026801752758710017,-0.0017245651514024751,0.007440409654975455,-0.0038571323221489057,0.002302849450992577,-0.0018112016213547273,7.667142548142558e-17,0.006637205457652765,-0.000530373123101775,0.0009813879206952314,-0.022783292238536722,0.02329726301270867,-0.0018272183120352863,0.0012617422006424939,-0.0026202960582985325,-0.0032831511893641435,0.0013994522213081604,0.00421898290369405,-0.0011434882472909152,-0.002449140823772205,-0.000976314458678686,0.11300476635826341,-0.06658314863231266,0.3931001659509039,-0.06357950983503978
94,4.7793291535577885e-28,2.6812305522354705e-28,-2.7921614856074786e-26,3.0325457435170627e-09,-2.3351583393302665e-10,4.038715505890796e-09,-5.933888782837534e-10,3.03821595745221e-11,-8.598100905736068e-14,-2.73131875485593e-12,-6.471123051747482e-11,-1.370922442915576e-09,-8.575328581598142e-13,2.488008859161383e-10,5.419604372907064e-18,-9.71336711622991e-10,-4.2944606262158596e-11,2.3021766481388197e-19,4.748773158801111e-19,2.273116030557105e-10,6.04294858159398e-10,-3.3744461242083007e-12,1.4491469044378038e-10,-2.9317155981855642e-16,-3.1986535270257904e-10,1.8064871392713897e-08,5.652479614238015e-10,1.4122784011544276e-07,-1.506973499497837e-06,-7.119110420708642e-07,-5.756602019770932e-09,-0.7966873393865431,0.1930590044741206,1.9160635746609722e-07,-1.23871811381888e-06,-1.3125590115759658e-09,-1.5838461622537603e-13,5.383232162957667e-08,1.0744656967396796e-07,6.848940806161372e-07,2.2980353387930703e-07,1.130096109808627e-11,-6.748100198282086e-10,-4.0965138380457496e-10,-2.240822678150976e-08,-3.155297510501823e-05,0.00043334230878722243,-8.50721230748043e-06,0.0021564643304035572,0.0006096738310897594,0.002175447468698659,0.00017351921645908505,0.004125238532225445,-1.4743602925388205e-06,8.867904373797141e-07,-1.1821947782086951e-06,0.3870364295918062,-0.004855750733201623,2.083024525139068e-06,0.00012538148921440454,-0.00026221770865257626,0.0006742003549148799,0.0006277760710378535,0.00037440185546810885,0.0007538191178523565,-3.7132888469121383e-05,0.000981412732945691,-0.00012439053016424903,0.0003071130067993155,8.874821232768199e-05,0.013343466901348107,-0.0004127857861877429,0.008981520232876218,-0.00469344891869167,0.0021254381165527907,-0.0017802881105822036,-5.2451573549663474e-17,0.006788813676410921,-0.0005158300290338361,0.00111643929937482,-0.022723873062258693,0.023345526222560534,-0.0023041308476874603,0.0010811541581884157,-0.0012944385506207087,-0.003403690605165291,0.031436127333742944,0.0045102170169715045,-0.0024315563284455937,-0.0024253176206521895,-0.0006479151856013852,0.11310608672619381,-0.06690321113752351,0.3930426619015468,-0.06306613273764045
