,0,1,2,3,4,5,6,7,8,9,10,11,12,13,14,15,16,17,18,19,20,21,22,23,24,25,26,27,28,29,30,31,32,33,34,35,36,37,38,39,40,41,42,43,44,45,46,47,48,49,50,51,52,53,54,55,56,57,58,59,60,61,62,63,64,65,66,67,68,69,70,71,72,73,74,75,76,77,78,79,80,81,82,83,84,85,86,87,88,89,90,91,92,93,94
0,(-4.54971522307294e-16+6.15077799061812e-16j),(2.3642029927471122e-17+1.838124475134436e-16j),(-0.2929566695864173-2.4071056910722304e-05j),(-0.0667138395382353-0.00017709971855332796j),(-7.527088232469229e-05-1.7260993276188012e-05j),(-2.430543368470903e-16-3.2449798529492493e-16j),(-2.3685692694089205e-16+3.4967609347849716e-16j),(8.181563998212967e-17+1.6542879556628602e-16j),(2.126351407055189e-16-6.991724808794829e-17j),(0.7399541202637498+0j),(-0.16839293030508365-0.00036957278014456557j),(-1.422979219190389e-16-2.0885313125417022e-16j),(7.63574558558656e-18+7.014001689040112e-17j),(6.678920158594871e-10+6.901052181237387e-10j),(1.8564501573095086e-10+2.6957079187106927e-11j),(-3.322653524481982e-17-1.570831862069436e-17j),(1.1113699821822267e-17-1.1041771123314588e-17j),(1.0945765662638846e-12-1.1769449716415591e-14j),(-7.660868731934379e-17-9.061317282977934e-17j),(3.682074021619421e-13-1.4661900683499983e-15j),(-1.726880421366982e-09-1.4105540001438303e-10j),(1.059058694027211e-09-3.091832167355095e-10j),(-1.176666269791934e-16-2.7293437533996792e-17j),(-4.956225802685541e-17-5.3715997032908784e-17j),(-2.4514999248824992e-17+1.5918797039902586e-16j),(-3.8812681837379713e-11+8.602726702657502e-11j),(1.8669051207567087e-07+6.026634911631053e-08j),(8.207836619420288e-12+1.2218831780394156e-12j),(5.1721237743423814e-08+2.298185434005947e-08j),(3.1974314484527504e-13+2.9872353150970804e-13j),(0.019156789132629314+0.0014278803122942767j),(-6.653272191600629e-14-3.987107486417918e-14j),(0.0035237609128445867+0.00018708946290480128j),(8.346749414304442e-08-3.8283479593904007e-07j),(1.3647020339659939e-10+1.6710767947102804e-10j),(1.4039703076565765e-13+1.2659184682364783e-13j),(1.885284566910682e-12-6.924596341628315e-13j),(-7.3713670070862386e-09-1.0756507999606102e-09j),(-1.7355601115759245e-15-5.365857620248184e-15j),(3.0471515147370134e-13+3.9943166652440755e-15j),(-8.871046299286039e-14-6.225338461383426e-14j),(-7.099469090658088e-12-3.984469092764053e-13j),(-2.3182247133779333e-13+3.4047137725803167e-13j),(4.130478155863833e-05+1.5469058299128648e-05j),(1.2930330929690626e-13-1.908325703286293e-14j),(5.106004647076572e-13-1.7530612658764313e-13j),(7.97452774689239e-12-5.885700882806174e-12j),(3.4633250092877374e-06-9.538001699454888e-07j),(7.574064536732947e-10+7.805596732492221e-10j),(1.4506188167071196e-10+8.441842139856394e-11j),(2.4127412402370014e-06-1.2567417224210818e-06j),(5.9204459947771e-09+1.3007670742539945e-09j),(0.0029127684467620944-0.0009102745718944083j),(4.146780949991255e-09-4.479936044303182e-09j),(0.010031632397963496+0.000840883705558271j),(-5.295652294070345e-08-1.991870495505374e-09j),(5.610544581595381e-09+5.808049230578849e-09j),(4.1016965432593584e-08-2.0401660509175778e-09j),(0.0030542671768775988-0.0001614037013463593j),(-3.7771345565731044e-08-6.488452162096344e-09j),(3.586165921223995e-08-3.315034519523157e-08j),(1.1334841915157774e-06-1.067044504166089e-06j),(-0.00022352336204481253+1.5668214586184325e-05j),(7.013655340996929e-06+5.3075047903120214e-05j),(-0.0001962565510497101+0.00010653847390797328j),(-1.029666289084996e-06+1.72888044487007e-05j),(-0.0007916538092103873-6.366527800661596e-05j),(-0.00023005338964381092+0.0002157236374060267j),(0.0001775875753256933+1.0968348663428052e-05j),(-1.7985882427414898e-06-2.419394110010135e-06j),(1.6242880785484123e-07+1.69308813446516e-07j),(-2.4435343172481554e-08+1.7208603021764688e-08j),(5.9621978620427476e-06+2.084002839039674e-06j),(-1.9424596745557253e-08+9.067919747307715e-09j),(1.2576921790225497e-06+7.2210227455524745e-06j),(-0.00023957859518062766-2.164992081090657e-05j),(2.640686295889486e-05-3.7186567007877852e-06j),(0.0001542188727007584+2.4206421820339385e-05j),(4.788427490954255e-05-9.918460573902725e-06j),(-2.1406960653708757e-05+5.448325433605424e-07j),(0.00017667909770552426+2.2525512044378258e-05j),(-0.0003387069272077301+4.661372547181636e-05j),(-0.00014100493421668596-3.118544966336395e-05j),(6.0761176292322764e-05+1.710550116346689e-05j),(-0.00012344035485934525-3.189486068789574e-06j),(0.5773502691896264+0j),(-0.0002451215407499144+9.479212281610193e-05j),(0.0003686528637106705+6.186706620264673e-06j),(-0.0004654804893277813-8.939695109365538e-05j),(1.134448260196428e-05+3.078580760129085e-05j),(-0.0001585762100648091-2.060115467497202e-05j),(-3.37898733083971e-05+6.804455919044764e-05j),(0.00045178776638666164-9.645655284056185e-05j),(0.0004440588676725808+7.365198041065415e-05j),(-1.9827976165057026e-05-4.452893153956292e-05j)
1,(6.56578806299988e-17-6.170189659670617e-17j),(4.259216936520653e-16-3.574704793738214e-16j),(0.08875314339176925-0.00013183293424313285j),(0.28728735217849183+0.00015044206370024016j),(-0.00022705289193998318-5.72721377473244e-05j),(-4.678943765041037e-17-2.061907765753506e-16j),(2.0267090765177887e-16-2.1276536071614006e-16j),(-1.4825704598912192e-17-1.315263192211552e-16j),(-8.09836527389052e-17+5.639898941352355e-17j),(-0.22414717303371903+0.0003620155281124082j),(0.7250260866470936+0j),(-1.1134394532768543e-16-1.4022054471893652e-16j),(2.4438744897910546e-17+3.7667109580197e-20j),(-2.0040601699638153e-10-2.0534267020321828e-10j),(-5.005422988432908e-10-5.679254615682247e-11j),(-1.60044653107042e-18-5.513051991235844e-17j),(-2.7077291029139172e-17+3.493666292066693e-17j),(-3.6706291526823097e-13-9.656390434821204e-16j),(-9.574036536969232e-17-1.0593214417150922e-16j),(-9.510533809740276e-13+6.155517262470097e-14j),(3.6858069983237335e-10+1.9708126086179392e-11j),(-3.6646774969970457e-10+1.0764380793806064e-10j),(-4.411662877796905e-17+4.2638451901965505e-18j),(5.0653232594849946e-17-3.676412160422941e-17j),(1.97962808426948e-17+1.0846661606474033e-16j),(-1.3572995349257704e-09+4.872641688141655e-10j),(-5.1684608776680194e-08-1.678635193668487e-08j),(-2.2721277046903994e-12-9.105852886861917e-13j),(-7.431870258604027e-08-2.056141061330177e-08j),(-3.230009070831893e-12+3.690544199773659e-12j),(-0.005774245420766938-0.0004094062352661934j),(1.530232854775637e-14+7.902138765265387e-15j),(-0.015035154520530312-0.0007029024935146541j),(-1.2223521906063368e-08+1.1420911771798156e-07j),(-4.0607700209550104e-11-3.466208827470532e-11j),(-4.1065672018995094e-14-3.690460530597367e-14j),(-5.699187340562618e-13+2.016760299740346e-13j),(1.755398112671363e-09-3.3088873306775244e-10j),(8.880470344022738e-16+1.1881324086629668e-15j),(-8.012436790390064e-13+3.452587758687236e-13j),(-1.1472187775219065e-14+1.2218974196512368e-14j),(1.8306119419133215e-12+1.1869765281814926e-13j),(5.4336576325217914e-14-8.634437644710224e-14j),(0.00022096260100324888+0.00012858507521094044j),(-1.0994214793927142e-13+5.026403013698486e-15j),(-1.4556178326092141e-13+3.666026309642563e-14j),(-2.736748434257872e-12+2.092492493553215e-12j),(-9.817316725761113e-07+2.732283000229322e-07j),(-7.256484251155457e-10-2.824812369965104e-10j),(-9.704124725899724e-11-3.2370194863373205e-11j),(-1.6241253414678467e-06+8.492328035301716e-07j),(-3.344518163201226e-09-9.097604399069538e-10j),(-0.0018461797745498306+0.0004750395849980289j),(-3.3669945849813978e-09+2.976421487480971e-09j),(-0.0020875662561892785-0.000575817264509405j),(4.127975949043058e-08-1.1285808300516256e-10j),(-1.4512678464846166e-09-4.305954346553549e-09j),(1.7266781198288823e-08-1.1989257736551938e-08j),(-0.008962935885950526-0.0001856946274272431j),(4.036241633471519e-08-1.7860711904201627e-08j),(-4.267792635175091e-08+1.234867462301313e-07j),(1.2068588381975613e-06-7.280838497340459e-07j),(-0.00012510035639339947+3.022352469232471e-05j),(1.12154592147726e-05+2.5135332093539997e-05j),(0.0003580237363657554+0.0001092526366677971j),(-5.5122294522648274e-06+1.7256360544853482e-06j),(-0.0004395717815351194+0.00015534860932393474j),(0.00016527465977260092+0.00016967642017650888j),(-0.0006371479153616038-0.00011914830351831941j),(5.492975933019966e-08+3.187623521160419e-07j),(9.170323738220477e-09+1.4352397610337515e-06j),(-8.513395686128033e-08-1.0979983297847061e-07j),(-1.830470730670644e-06-6.52428838521703e-07j),(-3.331910412407254e-06-1.1302440647514135e-06j),(-1.1667482065862638e-05-1.1971034146542027e-05j),(0.00022180611067665232+4.781191221948233e-05j),(6.193734044588709e-06+4.8312444584192725e-06j),(-5.008573382898413e-05-1.4443031817961806e-05j),(-0.00016576489328293454-1.617022819130708e-07j),(3.336606966691953e-05+1.5684288529049998e-06j),(0.0001267164557862503-5.5129261867113626e-05j),(0.00026061204048987417-1.2992179180858858e-05j),(0.00015000706618427677+3.9659677583882294e-05j),(-0.00010194107444172745-2.459698830763184e-05j),(3.0187790689844993e-05+9.550733102819988e-06j),(0.5773502691896261-7.008282842946301e-16j),(-3.3006442988333057e-06-6.387411725983633e-05j),(-0.00046769987800192276-3.1453705321420476e-05j),(-0.00031556950534685163+1.414444635622873e-05j),(-2.7646219358394675e-06-3.360780430160885e-05j),(9.224511244057478e-05-6.662633610247384e-05j),(5.760863423769243e-05-8.163239124086662e-05j),(-0.0005561861965376503+3.688650985956207e-05j),(0.00013065534777833036-6.22928374637783e-05j),(-3.835255995341659e-05-1.3873212070525936e-05j)
2,(2.0409690471569058e-16-1.9696120520763187e-16j),(-4.563010079489042e-16+1.466931972492656e-16j),(0.2042035261946481+0.0001559039911537205j),(-0.22057351264025699+2.6657654853032287e-05j),(0.0003023237742644148+7.453313102349773e-05j),(-2.957685688412348e-17+1.4488362978060059e-16j),(-2.4908885423877266e-17-9.534288802442877e-17j),(-6.0713678390091e-17+4.3230119214214974e-16j),(-4.481850633543643e-16+9.207237785180677e-17j),(-0.5158069472300314-0.0003620155281128523j),(-0.5566331563420106+0.00036957278014448924j),(-1.569627140095992e-16-2.7511646584473796e-16j),(1.1073037138546866e-17-8.39736764077148e-18j),(-4.674862821045829e-10-4.847625443192003e-10j),(3.148971441435371e-10+2.9835680674597524e-11j),(-3.62224525325105e-17-6.388639803323075e-17j),(7.087476592658352e-17+6.576853460886906e-17j),(-7.279715274122268e-13+1.1455641024118782e-14j),(-8.432794836429187e-17-4.4658706275263135e-17j),(5.826489579493822e-13-5.960116290249444e-14j),(1.3582991933714133e-09+1.2134895823035742e-10j),(-6.925917038660313e-10+2.015409878594736e-10j),(-1.2662871867995024e-16+3.341691264992982e-17j),(3.914396128475914e-18-3.0595073114884696e-17j),(-3.2240671548737123e-18+9.760039489389822e-17j),(1.3961119537055064e-09-5.732908082580806e-10j),(-1.3500590415821065e-07-4.34799961602671e-08j),(-5.935205975804892e-12-3.112462188306105e-13j),(2.2597466721466553e-08-2.420445325621254e-09j),(2.9106545621121126e-12-3.989025580239259e-12j),(-0.013382543711860182-0.001018474077028644j),(5.139848397334899e-14+3.239161013000114e-14j),(0.011511393607687912+0.0005158130306090734j),(-7.124397078065118e-08+2.6862567442435823e-07j),(-9.586227265519553e-11-1.324453038272382e-10j),(-9.927162250886623e-14-8.979882435514165e-14j),(-1.3157231944909493e-12+4.905978248526901e-13j),(5.615968663039416e-09+1.4065394879519947e-09j),(1.2976743192134864e-15+4.164336737946966e-15j),(4.964898534001914e-13-3.495377488407231e-13j),(9.980884383589433e-14+5.024693635452632e-14j),(5.268645053129377e-12+2.792093829194862e-13j),(1.7739810652218937e-13-2.54279526323366e-13j),(-0.00026226738256643665-0.00014405413350482396j),(-1.9418254959329903e-14+1.385860185008702e-14j),(-3.6503163512482205e-13+1.386797576884253e-13j),(-5.237574702704579e-12+3.7931414800021435e-12j),(-2.481593334662835e-06+6.805718699181756e-07j),(-3.175840604262782e-11-4.980782315085385e-10j),(-4.802052624033908e-11-5.2048244939069675e-11j),(-7.886158998005875e-07+4.075089191276869e-07j),(-2.5759280650556355e-09-3.910065856055341e-10j),(-0.001066588672290236+0.00043523498694587485j),(-7.797860779332438e-10+1.5035143334178807e-09j),(-0.007944066141846827-0.000265066441045641j),(1.1676763002916728e-08+2.104728350402453e-09j),(-4.159276617214226e-09-1.5020956927586941e-09j),(-5.828374665204594e-08+1.4029423856966452e-08j),(0.005908668709076822+0.00034709832875815753j),(-2.5910703931845867e-09+2.4349164324496222e-08j),(6.816267205149622e-09-9.033640125768274e-08j),(-2.340343030031945e-06+1.7951283545328232e-06j),(0.0003486237184258352-4.5891739280036546e-05j),(-1.82291145553881e-05-7.82103799923806e-05j),(-0.0001617671853323542-0.00021579111057917706j),(6.541895741027868e-06-1.901444050197636e-05j),(0.001231225590688713-9.1683331366574e-05j),(6.477872984191039e-05-0.000385400057578232j),(0.00045956034006840196+0.00010817995487337213j),(1.7436584846611794e-06+2.1006317571006743e-06j),(-1.7159913114463087e-07-1.6045485746873565e-06j),(1.0956929963699437e-07+9.259122985769248e-08j),(-4.1317271229900025e-06-1.431574005022288e-06j),(3.351335009698269e-06+1.1211761453046156e-06j),(1.0409789885892569e-05+4.750011402595102e-06j),(1.777248445210779e-05-2.6161991437540574e-05j),(-3.260059699779531e-05-1.1125877467252867e-06j),(-0.00010413313885778802-9.76338993609911e-06j),(0.00011788061838406428+1.0080162873503582e-05j),(-1.1959109018057135e-05-2.1132613990955856e-06j),(-0.0003033955534521213+3.2603749854383474e-05j),(7.809488661952129e-05-3.3621546311379966e-05j),(-9.002131976276207e-06-8.47422795413624e-06j),(4.1179898153066175e-05+7.491487162548121e-06j),(9.325256415752454e-05-6.361247069262922e-06j),(0.5773502691896252-7.147060721024445e-16j),(0.0002484221849765913-3.091800555997214e-05j),(9.904701430848077e-05+2.526699877810184e-05j),(0.0007810499945693594+7.525250464396468e-05j),(-8.57986067602416e-06+2.8219967090097575e-06j),(6.63310975911738e-05+8.722749079208531e-05j),(-2.3818760944366645e-05+1.3587832051164513e-05j),(0.00010439843016715682+5.957004291535746e-05j),(-0.0005747142154867145-1.1359142924204221e-05j),(5.8180536117100545e-05+5.840214359367932e-05j)
3,(5.680224073229804e-16+1.0714522256344732e-16j),(-4.32677636945396e-16-5.665956594758556e-16j),(0.7250819183351097+0j),(-0.2237768639774285+0.0005029291321577839j),(0.577810013665001+0j),(-1.2432307856532986e-17-1.1812743315423723e-16j),(-4.3518959182529617e-17+1.7873311517392276e-16j),(1.8984932927556292e-17-3.009879978732439e-17j),(1.035039312841532e-16+4.094832211161212e-18j),(0.28678845671796693+0.00015016902212509897j),(0.08879664653362769-0.0001281661234971039j),(1.0451681592579315e-18+4.649085595494497e-18j),(-1.314728548865701e-18-3.714166161548345e-18j),(2.8113816262839245e-10+2.6441332765217984e-10j),(-3.254952143401919e-11+3.44235072285859e-13j),(-2.771868420585851e-18+3.0615145142889516e-18j),(1.3057065536417356e-18+3.227492385217094e-18j),(4.999545553135518e-13-2.203718515826675e-14j),(-9.710387818895415e-18+1.5914855117242747e-18j),(-5.877626321226123e-14+1.865841003975068e-14j),(-9.420182355805781e-10-5.633504488726271e-11j),(5.432816700939523e-10-1.6851611759354795e-10j),(4.439620329919861e-18-5.1652753453942845e-18j),(-8.770040493778967e-18+1.668798006325781e-17j),(1.0754460780774582e-17-1.0711468586631935e-17j),(-4.5150437486640153e-10+2.167544042026577e-10j),(1.0618873733914813e-07+3.4074698100471503e-08j),(4.5626132720259355e-12+4.957683834408437e-13j),(9.997085942147831e-09+8.615188096018666e-09j),(-8.131803881263641e-13+1.3702945322341535e-12j),(0.011084526791399632+0.0007823134968706594j),(-3.8229877241955903e-14-2.330960227179041e-14j),(-0.0026707313969534787-6.850735907327642e-05j),(5.0236225919438696e-08-2.2264173821723922e-07j),(8.10821839311134e-11+9.978953312366819e-11j),(8.078908209558715e-14+7.148017794952638e-14j),(1.0819468438456063e-12-4.1017081049178397e-13j),(-4.669006565327626e-09-8.555558540496347e-10j),(-1.0914332899704257e-15-3.2125919118105557e-15j),(-5.978544222592127e-14+1.216279460681069e-13j),(-6.429954311405383e-14-3.7809900389255655e-14j),(-4.367774677059689e-12-2.0588330835464355e-13j),(-1.441122593679545e-13+2.1127738670280897e-13j),(0.0013812559055102643+0.00028459211866603583j),(5.404551126248393e-14-1.1470472844557274e-14j),(3.2190602830002076e-13-1.1553124076584873e-13j),(4.618938237871009e-12-3.473851116415379e-12j),(2.1783038309935676e-06-6.006083718958249e-07j),(2.8296605097773636e-10+4.6503774731822595e-10j),(7.067734472926484e-11+4.868420052509459e-11j),(1.159931590233831e-06-6.174380475586159e-07j),(3.0945441739241917e-09+5.914363847763894e-10j),(0.00145443025121064-0.0005102731742134675j),(1.7770400392221515e-09-2.206924680514194e-09j),(0.00671501658375936+0.00041861269462115515j),(-2.3656447768141437e-08-1.2209446826648987e-09j),(3.628084287907429e-09+2.6586236497295152e-09j),(3.699306882499062e-08-6.018317997452852e-09j),(-0.000985611176739352-0.00016216651607703911j),(-1.4440045734931793e-08-1.137984867541392e-08j),(1.1271233512354684e-08+2.023293881157959e-08j),(1.2348171879254256e-06-1.0364571576565628e-06j),(-0.00019954354168494657+3.345459837056112e-05j),(1.1455245030007582e-05+4.368535936997648e-05j),(0.0008839817632751048+0.0002884993063699365j),(-1.5440481516248333e-05-3.6353050037946763e-06j),(-0.0008269793736286426+9.4981480955797e-05j),(-0.00010280790870442808+0.0003375494734351375j),(8.619142348192343e-06-5.79340479945078e-05j),(-1.3082283285324228e-06-1.8856815071593548e-06j),(1.833407493340832e-07+6.02262121429068e-07j),(-4.5154605700955187e-08-1.08926723097181e-08j),(3.849250371145532e-06+1.3444641800674195e-06j),(-1.2030754136925304e-06-3.814793652603026e-07j),(-1.520946699862276e-06+3.0742139480081996e-06j),(-0.00013828785527436943-5.45404708824495e-06j),(3.545777856248615e-05+4.283569662763864e-06j),(9.045249930131951e-05+1.3464481694753046e-05j),(-2.16172962064303e-05-6.58732899366864e-06j),(-8.209215028521306e-06+8.246693530481699e-07j),(0.00018343062707662267+6.2860457747279484e-06j),(-0.00023160783764356448+2.152499255004692e-05j),(8.900418372472379e-06-2.8561737416067206e-06j),(-4.2295386638476614e-05-3.5015735950942473e-06j),(-7.83220990061011e-05+3.873201322843479e-06j),(2.771808137485215e-16+2.408202294812193e-16j),(-0.00021623370062148268+5.6297037872136654e-05j),(0.00012277019063450218+1.4695249993263023e-06j),(-0.00045932361828323535-6.16672942360877e-05j),(3.5033809529300854e-05+1.0628542103331111e-05j),(-0.00014529601245171642-4.760166628872854e-05j),(-5.08693255261103e-06+2.2259423781704446e-05j),(0.000169140307380715-5.076386397544677e-05j),(0.0003826510938920398+3.8961871273037965e-05j),(-2.4559818666095587e-05-4.095406258703868e-05j)
4,(-1.959556258848984e-16+3.5956215506342277e-16j),(-9.035140706451959e-17+1.7195689477327867e-16j),(-0.5571158513672367+0.00025998171864791055j),(-0.5154722864134551-0.00015454885523857875j),(0.5775335802999929-6.332086403369741e-05j),(4.4836125110642697e-17+8.767654196949064e-18j),(1.204954219106056e-16-7.859691234896918e-17j),(-3.0359653323003437e-17-5.557847608159877e-17j),(-8.882680840128398e-17+1.6621598848899696e-17j),(-0.22015044921979937+3.823490971324728e-05j),(0.20429663902763162+0.0001675273407744926j),(-4.690140701965593e-19+1.0508840886342818e-17j),(-5.865539706167986e-18+4.742459538013036e-18j),(-2.1554007839762396e-10-2.0151913628425528e-10j),(-1.770277381848238e-10-1.6537968829796728e-11j),(1.1550346486645519e-18+2.902615607227874e-19j),(3.5040447265365605e-18+4.2864171189836476e-19j),(-4.0310502811449196e-13+1.538666463867543e-14j),(1.1150217155526347e-17+7.958375669745199e-21j),(-3.807002571371263e-13+2.6421171162073227e-14j),(6.657129960656375e-10+4.8232624362419014e-11j),(-4.4504605117339536e-10+1.3788431874289245e-10j),(1.3293218256809147e-17-8.370896950733475e-18j),(4.0526668147340095e-18-9.516720603669145e-18j),(-6.178653184935033e-18+2.0229595365636957e-18j),(-4.147159439953175e-10+1.329359795592813e-10j),(-7.94438967244195e-08-2.5789707838288828e-08j),(-3.4149574148078076e-12-6.978729862609356e-13j),(-4.1717035526272936e-08-1.437079971878425e-08j),(-1.123912397718083e-12+1.079441578740143e-12j),(-0.00857937495035908-0.0006165049900182984j),(2.6722438709336413e-14+1.5748432850394707e-14j),(-0.0063504601163576375-0.0002586673886828242j),(-3.204241541147459e-08+1.7112781808486137e-07j),(-6.152795652286926e-11-6.863335564859292e-11j),(-6.16602813178544e-14-5.471761622217997e-14j),(-8.392367367429571e-13+3.1191597262776495e-13j),(3.175852128703885e-09+2.0827053216274543e-10j),(9.26485806390849e-16+2.233516779952646e-15j),(-3.7693199914209287e-13+1.187252917584505e-13j),(2.7074218329336572e-14+2.5757431442215526e-14j),(3.2079767469556607e-12+1.6873992376285416e-13j),(1.0256018483872606e-13-1.535120083961564e-13j),(0.0013359971833454155+0.00026789960909190917j),(-8.561802664017785e-14+9.24985459755179e-15j),(-2.3344508901238567e-13+7.852546139920471e-14j),(-4.1014784297506e-12+3.021615760902112e-12j),(-1.6605074054262531e-06+4.6222316039697607e-07j),(-5.567166196569297e-10-4.01728519878739e-10j),(-9.110317292746773e-11-4.515465775567081e-11j),(-1.5354294941810747e-06+7.870677807725284e-07j),(-3.5087246927780694e-09-8.626959823524187e-10j),(-0.0018138002630183779+0.0005086659019641001j),(-2.8721840210792143e-09+2.802909083094141e-09j),(-0.004574750278080147-0.000551910186850301j),(3.5748129352444746e-08+1.085652853349016e-09j),(-2.6558612595398793e-09-3.867746851376913e-09j),(-9.118131202707215e-09-3.801930145055635e-09j),(-0.004430654960182467+1.163958388405821e-05j),(2.8144781203879684e-08-3.997726295965164e-09j),(-2.9247198290581433e-08+5.753529973199984e-08j),(-4.905293858882442e-08+1.6838167918356327e-07j),(5.37426230950318e-05+1.6304681972718164e-05j),(3.6233139809158357e-06-1.6470398142274788e-05j),(0.0011068152735922237+0.00016809882076426045j),(-1.423554836507877e-05-2.3242275000144884e-05j),(7.078925606701585e-05+0.00016953294732056733j),(0.0001587393994603806+9.352579341672801e-05j),(-0.000192974548466405-7.09201529510089e-05j),(7.345824040291572e-07+8.659492150934755e-07j),(-1.2234000184245868e-09+4.09671932178723e-07j),(-1.7204703757141316e-08-3.045763765692377e-08j),(-2.9474607820648975e-06-1.0535255556791307e-06j),(-1.1808778260290454e-06-3.917629797125373e-07j),(-2.928736297782955e-06-5.13033338072689e-06j),(0.0001339182007189348+1.9838872421724563e-05j),(5.330812270569465e-06+8.435704073211452e-06j),(-8.532513175341525e-05-1.4655576661501185e-05j),(-7.625252774570452e-05+4.561523574096292e-06j),(1.6125374051376413e-05+2.690651308110866e-07j),(-1.742615621658955e-05-1.986610792099813e-05j),(0.00015382180378463296-3.0515375404198238e-05j),(0.00016949168408811357+3.313590481621105e-05j),(-0.00011149887516305556-2.3197480728118813e-05j),(6.23831356229364e-05+7.91226268944847e-06j),(-1.6145418091803715e-16-1.907962013594099e-16j),(6.291927163425715e-05-5.079720772466989e-05j),(-0.00029714886242234394-6.765140517197833e-06j),(7.013684067447327e-05+4.1548027780751315e-05j),(2.2205027116695925e-05-2.4485265304741934e-05j),(3.512606487926824e-05-2.367973249225068e-05j),(3.3611690900401655e-05-5.5142536519626606e-05j),(-0.0003455740545445575+5.762990152233847e-05j),(-0.00012275388554817593-4.6334426298201255e-05j),(-2.129130500575499e-06+9.793597553552191e-06j)
5,(-8.35916154929487e-17-2.7397930863221062e-18j),(4.878684474125862e-16+1.5012942045513874e-16j),(-0.16866580568534933-0.0004276984507608785j),(0.740643904656893+0j),(0.5766997207649737-0.00027344024542119705j),(2.4847133325850973e-17+6.109221218115233e-17j),(-9.990714234784589e-17-7.855230822054411e-17j),(9.263224814714757e-18+1.136770311701793e-16j),(-8.786219519979913e-17-2.4062543879402547e-17j),(-0.06658827546213289-0.00017587301475398276j),(-0.2929960594908703-1.418830521732195e-05j),(3.2507862885505422e-18-2.7920775122174303e-18j),(-1.8344690989330663e-18-2.3728401986654935e-18j),(-6.656729906916727e-11-6.293692755771636e-11j),(2.1217569191633063e-10+1.6664035052118398e-11j),(-1.0413348980046571e-19+2.375851443880889e-19j),(-3.0285621005977546e-18-2.047438141584489e-18j),(-1.0031188317233309e-13+6.439654960341974e-15j),(-8.005584805914457e-19-7.431030986454e-19j),(4.496198056443231e-13-4.359470263056941e-14j),(3.2272301589064484e-10+3.5582468345249185e-11j),(-1.0306394969270081e-10+3.124498505795155e-11j),(-1.2636190370210223e-17+8.814707700931434e-18j),(3.468704894556903e-18-2.7654085890268794e-18j),(2.291322757744282e-18-9.741827015134644e-19j),(8.968212331437501e-10-3.531081996240319e-10j),(-2.80521282803915e-08-9.115218598846615e-09j),(-1.2067718491176648e-12+1.8888932145185898e-13j),(3.259291084763784e-08+6.1976112443105554e-09j),(2.0221623200278194e-12-2.508351148358794e-12j),(-0.0026523483264892004-0.0002164086823642987j),(1.1824548990216634e-14+8.1903799292754e-15j),(0.009350035958320502+0.0004531228278547598j),(-2.051101848956697e-08+5.3769530084721956e-08j),(-1.936708139943217e-11-3.39220200115613e-11j),(-1.9974117382309084e-14-1.7965427107871198e-14j),(-2.585867192596823e-13+1.0136462308183163e-13j),(1.3140076228549682e-09+5.787622978823354e-10j),(1.2462897406707476e-16+1.037882848494683e-15j),(4.552952418327346e-13-2.4420951168120287e-13j),(3.8664544206561195e-14+1.3178652089932769e-14j),(1.2543430226425112e-12+5.483287711433193e-14j),(4.4690828407247813e-14-6.109770323568556e-14j),(0.0010936322977888385+0.0001284760420181705j),(3.312422211039812e-14+3.588373667466632e-15j),(-7.507365409450841e-14+3.773614264320483e-14j),(-1.1089901649999175e-12+7.127722460834289e-13j),(-5.723428160818446e-07+1.577770937470686e-07j),(2.4817966529133417e-10-8.764014757312465e-11j),(1.708394647699219e-11-9.238075832289825e-12j),(2.7893946725339293e-07-1.6201426133393965e-07j),(2.214324191919869e-10+1.5389956644077855e-10j),(0.00025760237311659703-2.2834785932532845e-05j),(9.018215038430723e-10-5.246916900047486e-10j),(-0.0022263276464234987+0.00010123607139331321j),(-1.0560174254370836e-08+1.1560621341904242e-09j),(-1.0355232906631504e-09+9.658106863719459e-10j),(-2.855030354609695e-08+9.642850099516709e-09j),(0.005677263384544119+0.0002452041621159528j),(-1.740390748213525e-08+1.6075043523503535e-08j),(1.916554597415571e-08-8.162662566403611e-08j),(-1.4153119757901273e-06+9.897220322226482e-07j),(0.0001955582097268637-1.7600786327202672e-05j),(-9.030520768186596e-06-4.4976182584317766e-05j),(0.0007009836991853719+4.33865841835481e-05j),(-7.979808553853231e-06-2.5187692962956437e-05j),(0.0005698451109820274-5.377999075796525e-06j),(-2.8235818776963266e-05-9.939661696458795e-05j),(0.0005300628922183981+6.626900106880765e-05j),(6.723741268694764e-07+5.035476314645493e-07j),(-1.07665637526008e-08-1.2220840477969093e-06j),(7.962260686931378e-08+9.516017744124578e-08j),(-8.608258613501734e-07-3.029185837733965e-07j),(2.617738237174734e-06+9.091728831591025e-07j),(1.0287982659937689e-05+8.498500635230331e-06j),(-0.00011801514125572711-3.5134649950144024e-05j),(-1.716328784810604e-06+2.9053455008818416e-06j),(-2.8259813985160777e-05+1.9820013696870403e-06j),(0.00011276667608423638+5.303433269490875e-06j),(-2.1796664842450064e-05-1.6130284584638583e-06j),(-0.00016169918055410418+4.244461173177148e-05j),(-0.00014267369390186406-1.6493938797239748e-05j),(-1.3313443654721084e-06-1.2542432725204511e-05j),(4.619518556253267e-06+5.17188472610135e-06j),(2.8001804507028516e-05-3.0736884467577494e-06j),(-2.8645561415674573e-16+1.5057397132508617e-16j),(6.647970384525274e-05+2.1879679622819873e-05j),(0.0002355150166371697+3.0570598449721873e-05j),(0.000429318241840698+2.6451714893793124e-05j),(2.524882946618263e-05+1.3816851460256945e-05j),(-7.006229225119779e-05+5.1874993554122444e-05j),(-3.225972521509308e-05+3.766310645838157e-05j),(0.00028782020061653076+1.739396004019926e-05j),(-0.0002717294849701765+2.4176587049006242e-05j),(4.148307926288174e-05+2.570461471806351e-05j)
6,(1.5738460084870657e-16-1.2813425270036344e-16j),(-1.9354483521941483e-16+1.9227024089542223e-16j),(-0.004225270598653561-0.0002506690960998718j),(0.0010449659776637444+3.83475016924294e-05j),(-0.0014981499422579453-0.0002816218239455516j),(-1.7433500518034482e-16+6.475655043509249e-17j),(-3.217849040791173e-16-2.5108093569911107e-16j),(3.7939995251795404e-17-8.126718515137202e-18j),(-8.102258684477816e-18+7.04082461076269e-17j),(-0.024511421989625675-0.0015960548309395667j),(-0.005852268681606698-0.00021554591505270454j),(7.877499077555148e-17-6.606424717265183e-17j),(8.638627348435961e-17-3.859631561252926e-16j),(3.4185400050789746e-09-8.866578831930976e-10j),(-6.938020196430692e-10+2.305837738939174e-10j),(1.2711177587810965e-17+1.6970733232977362e-16j),(-6.401631006953321e-17+2.8860641382722004e-16j),(1.3364285380545706e-11-3.61999444081109e-12j),(-6.86337210304211e-16+3.752892656059191e-16j),(-2.4313020247060055e-12+1.1526887190033573e-12j),(-3.700599078689743e-08+3.900343368047372e-09j),(2.321044840376293e-08-1.0110273290973087e-08j),(1.2010607885082814e-16-1.38108340777389e-16j),(-5.454463734789226e-16+7.624055178186929e-16j),(2.6091458033398684e-16-3.181350176423022e-16j),(-2.2237070789245334e-08+1.329946777551068e-08j),(5.60406262374034e-06+1.4118227278016118e-06j),(2.2448180440213418e-10+9.917489095199384e-12j),(4.817600098563069e-07+4.1425969246662987e-07j),(-3.833140813729657e-11+7.400048992901512e-11j),(0.6189908347742599+0j),(-1.972506840402208e-12-1.0224879679246566e-12j),(-0.17229704905079365+0.00927591920474206j),(1.716920300468825e-06-1.2651015994283912e-05j),(5.108509352511746e-09+4.951535446766138e-09j),(4.612865344126874e-12+3.439759416396815e-12j),(5.7742286340957593e-11-2.722571159549806e-11j),(-3.1138673953295124e-07-3.4860497264940423e-08j),(-8.25922069400854e-14-1.7034091333301163e-13j),(-3.715241088894077e-12+7.849119529574524e-12j),(-3.789488102234935e-12-1.835049499859207e-12j),(-2.622211034062494e-10+6.84935784188688e-12j),(-7.894100575134372e-12+1.3373103552345729e-11j),(0.482205082294075+0j),(3.2836814714327453e-12-8.407781811389915e-13j),(2.1578095403254514e-11-9.169797068053356e-12j),(2.316527371170451e-10-2.0774273113111894e-10j),(0.0001377780907089883-4.602769470515825e-05j),(1.553669741768573e-08+2.782080402719783e-08j),(4.2729460354197355e-09+2.451129283595185e-09j),(6.253777758460673e-05-4.157623298473006e-05j),(1.8243862363195664e-07+1.7746766447945597e-08j),(0.08206904255588834-0.03989977519871034j),(8.500242818038866e-08-1.3836418280032753e-07j),(0.4558882525874983+0.00011774179513583324j),(-1.3302309574695721e-06+7.574525776530139e-08j),(2.4678087610835155e-07+1.329550289679443e-07j),(2.5610282345588103e-06-6.117678759331396e-07j),(-0.07620405907373859-0.0050067028098917075j),(-1.2554637746344825e-06-6.639296375895772e-07j),(7.408251213700671e-07+1.4414095917235796e-06j),(6.803852927288522e-05-6.416384241911851e-05j),(-0.00896947616358654+0.005338597030617281j),(0.0012400243156287319+0.0012895376650012712j),(0.3388333486662153+0.009310671141646847j),(-0.0059137120679058335-0.004479176841303389j),(-0.07284410166183358+0.039749718629694605j),(0.004340829234438123+0.05686062238522023j),(0.030390529056848418-0.01808338869139618j),(-0.00010215355780040947-0.0001805076708635695j),(2.783772539213152e-05+2.3618254299692194e-05j),(-7.884255138863597e-07+3.84427743666255e-06j),(0.00027841983822749297+7.721254926054215e-05j),(-7.51170008395071e-05-1.905478477068504e-05j),(0.000565851258026662+0.0006839221623413778j),(-0.02142787293778892+0.00090403540227649j),(0.006730328331490707+0.000887339331888676j),(0.004108929631133214+0.00113007549937542j),(-0.0006958576717343265-0.0003949164814370089j),(-0.001820926616563496+0.00034139759353008794j),(0.014650279895906752+0.002265963457988283j),(-0.037529888162295404+0.004576849683487726j),(0.018865193473411812-0.0021015619254980307j),(-0.018457854401495898+0.0008728991928796722j),(-0.004124717041580283+0.001210644883743483j),(3.074728246064022e-14+1.0997131271872809e-14j),(-0.023148246919537235+0.009121612186424955j),(0.013498086720798717+0.0006625041672638715j),(-0.03025567685176217-0.0028463115347925096j),(0.010593684605465755-0.0012557648018690158j),(-0.028224933205514037-0.0011730461561513714j),(-0.00031566070092237943+0.0018469434423136848j),(0.021152257875092013-0.004158736151504741j),(0.027253828368321728+0.0029827351195096195j),(-0.0007329699308264253-0.003737689784189289j)
7,(-1.2465147233689756e-16+8.889265008987644e-17j),(2.4188407312351177e-16-1.64975225562107e-16j),(0.0032984564097875584+0.00020357012320892177j),(0.0024830097899152946+0.00011393719118666062j),(-0.001545091385405857-0.0002922851692769397j),(2.6750018468264404e-16-1.7250434718492028e-16j),(3.9295534738190637e-16-3.807106812774642e-17j),(-2.5719160764307063e-17-1.518918162444876e-17j),(-1.17426014912721e-16-1.8822780177586144e-17j),(0.01914989842146183+0.001299570525698959j),(-0.013930771454507275-0.0006526708096788545j),(-6.215642437094845e-17+3.1729040970788624e-16j),(-2.1985967905466044e-16+1.317361844449366e-16j),(-2.692883399759647e-09+6.783624712112749e-10j),(-3.7451334539498546e-09+7.142856702354804e-10j),(-2.0098639099590336e-17+2.570293276247726e-16j),(2.612202320203845e-16+4.6083209459198646e-17j),(-1.1143681624708e-11+2.8518887108440696e-12j),(3.588245756191226e-16-1.2741782063665375e-16j),(-1.494609924483432e-11+3.1742208880166675e-12j),(3.298741278819993e-08+6.533442496827935e-10j),(-1.9408428898206782e-08+8.38449085322034e-09j),(3.59059193776922e-16-3.198451461814185e-17j),(4.6844930754287116e-17-5.165272646308691e-16j),(-4.142380006530817e-16+1.7353040081957085e-16j),(-2.3793344715127915e-08+1.0278351916739309e-08j),(-4.24454490037311e-06-1.1060946821758865e-06j),(-1.713916676157938e-10-2.6847793065765953e-11j),(-2.4666509372346013e-06-6.680476289440353e-07j),(-6.160426156069329e-11+6.895107707528392e-11j),(-0.4873515243063405-0.002968839012735827j),(1.3614784616388293e-12+7.184337122046658e-13j),(-0.426640903871468+0.009984207860429306j),(-1.089446434581188e-06+9.768069125157118e-06j),(-3.7430862918657385e-09-3.555161536222625e-09j),(-3.5641810100563708e-12-2.6895510979983265e-12j),(-4.564599440130625e-11+2.1071809785824427e-11j),(1.6510724164332102e-07-1.1004888529920629e-08j),(6.06495621707452e-14+1.2006109004372914e-13j),(-2.4013311813983942e-11+9.953098718016148e-12j),(1.4946622686173786e-12+1.3442491539879189e-12j),(1.9832791935045111e-10-4.482582922232904e-12j),(5.6094193018232036e-12-9.82960435565415e-12j),(0.4750620188871933-0.0011187303100530857j),(-5.554261337914213e-12+9.961007474187508e-13j),(-1.2683204205173884e-11+5.552632028730795e-12j),(-2.9898899203645365e-10+2.478936964139171e-10j),(-0.00010859728147215228+3.927702215160108e-05j),(-4.445828845425483e-08-2.5823903712662406e-08j),(-6.971377132969968e-09-3.0810745470063806e-09j),(-0.00011344942965112726+6.404600415918283e-05j),(-2.6498526636336996e-07-5.391137874058851e-08j),(-0.13540915803583106+0.04186057978311674j),(-2.1209479208216848e-07+2.1867523002178103e-07j),(-0.3031696866143265-0.02294957456072417j),(2.732861890066955e-06-5.753765663745507e-09j),(-1.9728932235813171e-07-2.8736706838563495e-07j),(-4.1715482993544613e-07-3.276425311169325e-07j),(-0.3365548483401616+0.018639879341912607j),(1.752073549755719e-06-4.0305364173897163e-07j),(-1.9646236711777683e-06+4.5168682583598405e-06j),(-8.411585556197142e-06+1.867122821614301e-05j),(0.007427829206067375+0.0032776860117671772j),(0.0005123131430601613-0.0025992824491383026j),(0.35108396415088766+0.00024227790424240225j),(-0.00587785526047632-0.005728799640477381j),(-0.013610828384664868+0.04150903991953711j),(0.021501043789768803+0.039650810358637954j),(0.014048615130060555-0.01853608855585728j),(4.685451932128336e-05-1.5362315664138793e-06j),(1.4404988750245107e-05+1.6844361006824078e-05j),(7.030510894239599e-07+1.9353298543641056e-06j),(-0.00019875500413679104-6.185539113800712e-05j),(-8.605038934637412e-05-2.4251467305757636e-05j),(0.0003900488817584772+8.558682130501185e-05j),(-0.002030449709456861+0.00175944393028562j),(0.004674572020032407+0.0012837680900865136j),(-0.008065249974092257-0.00015882077261683428j),(-0.004978281919638421+0.0005594317228759154j),(-4.443501356336918e-05+0.00021714505669092064j),(0.001450514594310108+0.0010425573866708923j),(-0.010485789685172-0.00043932106634980684j),(0.030189008946620195-0.00014623690010898312j),(-0.02339515810665159-0.00026823038237968125j),(0.0055161293071414345+0.0009691037247776071j),(-1.4566709150173324e-14-1.8237873794418974e-14j),(-0.004612459415149173+0.0005468982194701015j),(-0.016720047811825692+0.0015556350650251672j),(0.004713220664562769+0.0021274410111867346j),(0.009474194917930816-0.003701108185691364j),(-0.015371993389490145-0.0004738540779142354j),(0.002220673357057815-0.0038386587927932065j),(-0.015390957960945707+0.005232907941927252j),(-0.006757319614303509-0.0010887462758792316j),(0.0008206951994251168-0.00043848584238688124j)
8,(-8.672071129958632e-17+1.7509801387023282e-16j),(1.8691900686114784e-16-1.3569378667705328e-16j),(0.0010188883092932715+6.953073751392796e-05j),(-0.003710287172597861-0.00019838667326298794j),(-0.0016862304213083694-0.0003275084930578532j),(-2.6705307906979865e-16+2.0603593853560657e-16j),(3.574062220213158e-16+6.758765812917298e-17j),(1.6548575366181415e-16-1.25767621946605e-16j),(-8.99214767515263e-17-1.795717097613051e-16j),(0.005923532696949776+0.0004441217414201664j),(0.02085989347490784+0.0011547046476813915j),(3.081594499017608e-16+1.9578476327541588e-16j),(-1.3614421605489121e-16-3.1901815676786356e-16j),(-8.714704624130233e-10+2.041502317582106e-10j),(4.876327334390804e-09-8.900346659582707e-10j),(-4.737567859663099e-17+2.1261992671182697e-17j),(-1.7408966330263145e-16+1.168925075779263e-16j),(-2.747419296949167e-12+7.722179032629669e-13j),(9.749035242973554e-17+2.7425254812398785e-16j),(1.910236382448783e-11-4.1706159045340034e-12j),(1.9077477384881613e-08+1.7095294899074492e-09j),(-4.311447001744713e-09+1.8310088635355961e-09j),(-3.5335563042391254e-16+2.2547614835611625e-16j),(1.694563766496688e-16-2.47302853738378e-16j),(1.3594340297042751e-16-2.379351713026753e-16j),(5.0978243004481787e-08-2.4447468000312936e-08j),(-1.5623423308497493e-06-4.148157814293324e-07j),(-6.19993921613184e-11+1.564426737449094e-11j),(2.1400409844816016e-06+3.2340792333623067e-07j),(1.1332410882444053e-10-1.5332040883071244e-10j),(-0.15395417553783974-0.003259574163776875j),(6.4595657730522e-13+4.2729841515896486e-13j),(0.6581312597976169+0j),(-1.109829624044482e-06+3.1649163533328284e-06j),(-1.2329321588075467e-09-2.0355303507961684e-09j),(-1.1857796679906549e-12-9.16024563778799e-13j),(-1.4336540955812428e-11+6.988342615309531e-12j),(6.241907657328034e-08+2.9155357695358705e-08j),(8.191391611491163e-15+6.286264264657846e-14j),(3.0980972278648854e-11-1.862764867995534e-11j),(2.5343574598278486e-12+6.579567457537866e-13j),(8.309236292069638e-11-2.75541872986546e-12j),(2.654087515595976e-12-4.172748078408837e-12j),(0.4343417535504123-0.014722895972753065j),(2.7659404740190067e-12+1.7676139523938857e-13j),(-3.061056134784138e-12+2.492501756034616e-12j),(-1.0977281404123326e-10+8.096678900493502e-11j),(-3.949237193230902e-05+1.502490222655121e-05j),(1.6874825802842617e-08-7.552867489221889e-09j),(1.1204085851119964e-09-1.0336947166771453e-09j),(1.686181265004781e-05-1.3201669842216057e-05j),(9.635428059801915e-09+6.948698894859364e-09j),(0.015917145483584107-0.0046513489279688715j),(5.908623224179072e-08-4.193777624264005e-08j),(-0.15730601859983984+0.0168899786132106j),(-7.492891663349954e-07+1.8283622398598095e-07j),(-7.425504953049674e-08+6.903941567997715e-08j),(-2.119367734301476e-06+8.387826823790109e-07j),(0.46796142736355817+0.00010256067968281157j),(-1.664930435842863e-06+1.42669579204958e-06j),(1.2593187322989884e-06-6.769921235107483e-06j),(-0.0001206526257887023+9.518256277438909e-05j),(0.0196736328485996-0.00027341133864760767j),(-0.0006970580426784658-0.005033569352445742j),(0.3031258943578474-0.011875607563980255j),(-0.00515712237442878-0.005698248053816728j),(0.031442744412427406+0.0242124477289264j),(0.006436820343993549+0.021658529752240207j),(0.07105997800274276-0.009701108656277584j),(4.8278585743734055e-05-1.650757807002756e-05j),(5.2823789997436045e-06-0.0001168884716497773j),(9.21369214086697e-06+1.158658520340608e-05j),(-5.232814159416542e-05-1.7865422419733032e-05j),(0.00023192554721050996+6.844014089404313e-05j),(0.0014873793450034063+0.0010832006645916544j),(-0.021096437084208657-0.0015743150765387993j),(0.0037231185790733883+0.0007790580281878694j),(-0.0039012213259067867+0.0008755862241883859j),(0.01032894641525331-5.496631940953185e-05j),(-0.0029870682201438535+0.00020623552425932023j),(-0.01105486099740434+0.006426580758046007j),(-0.03195744451345399+0.0017739866098450104j),(0.015594355886979064-0.0032316940868319394j),(-0.013149057777200776+0.0016857164959629876j),(0.003164127249552339+0.0001615992737062672j),(-1.3181182493267559e-14+1.2099805503458592e-14j),(-0.002372112230029042+0.005921372783602203j),(0.02523786984692479+0.002457588786575594j),(0.036248943276608415-3.69290657799351e-05j),(0.009348285946738994-0.0007043449081593665j),(-0.02197249177945618+0.006369220518304736j),(-0.0026780024941035715+0.003709368246743802j),(0.03385918969932555-0.00014472448563811365j),(-0.020845350659056232+0.004806221333457299j),(0.004482444814915883+0.0009552483676329866j)
9,(-1.2462723409856183e-14+2.1146665965989176e-15j),(4.042206561454402e-15-9.26412251558376e-16j),(3.654798191479883e-05+4.354924760497061e-06j),(-7.447902641618163e-06-5.77840081533274e-07j),(5.1498386772377e-06+2.0874201556041103e-06j),(-2.420362501638783e-16+1.8586157724531339e-16j),(-1.887205630720488e-14-3.4994818911557533e-15j),(-7.591291853567389e-17+3.159281178068103e-17j),(1.906321568787759e-16+2.5150359883975747e-16j),(0.0028595401164914973+0.0003555548136073267j),(0.000553859590078731+4.16064493082735e-05j),(-3.1956976554452487e-16+2.433295163982448e-16j),(1.72129561144905e-16+2.9438628488341885e-16j),(-2.5735160295746447e-08+5.574807266811274e-09j),(6.194857812085191e-09-1.6419390623336541e-09j),(5.932512659018406e-17-1.447836984550504e-16j),(3.64711286963048e-17-5.411051566263774e-17j),(-6.705318343401404e-11+1.5152723289180435e-11j),(5.285211198638143e-16-6.87683203061281e-16j),(1.5421717333186473e-11-5.317001286672862e-12j),(7.392878495159809e-08-1.3324646759011647e-08j),(-6.234175483144849e-08+2.3135790415223722e-08j),(-4.974177420744578e-16+1.4904907730959382e-16j),(-2.2670626266753746e-17-1.1022609054923714e-15j),(-4.8702156221781584e-17+1.1171829566349403e-17j),(5.344525600998302e-08-2.8066294968109857e-08j),(-8.0714025139019e-06-1.4058318346951869e-06j),(-4.229753847978348e-10+2.0358361011725206e-11j),(-2.885296057170333e-07-4.124567689934681e-07j),(7.992175190757102e-11-1.7060436084155636e-10j),(-0.45919921753961673-0.0002173733801150296j),(3.765998482188067e-12+1.4662756489951444e-12j),(0.12770177588215306-0.006827473014900786j),(-2.478342189339811e-06+9.299671362919392e-06j),(-3.0253307761361543e-09-5.312153710229411e-09j),(-5.0608526798164975e-12-4.4481683455837125e-12j),(-5.095412195706746e-11+1.7595811563515837e-11j),(6.937022841203416e-08+7.661012829502168e-08j),(2.907241463818921e-14+1.5920306811213545e-13j),(5.331493071724093e-12-5.078455887350261e-12j),(2.8587962244249796e-12+1.5017799110473865e-12j),(-3.071470821054103e-11+3.710938250757762e-11j),(-3.640382426950686e-13+2.5251236620837643e-12j),(-0.3559785230297787-0.00016508306712675544j),(1.276657279785038e-12-5.238157768164146e-13j),(7.904308637658988e-12-7.115997051696428e-12j),(2.1915075917352811e-10-2.40521900743484e-10j),(0.00013483505512610405-5.7104571712183394e-05j),(2.1583326992590725e-08+2.8767100482668206e-08j),(5.475912475645626e-09+2.825281232727363e-09j),(8.07676370297657e-05-5.5307895888574356e-05j),(2.2913394658889837e-07+2.0612494713066102e-08j),(0.11115886189138778-0.0536202810586776j),(1.1862204308366099e-07-1.8324187935129183e-07j),(0.6116469828042593+0j),(-1.8562485580508506e-06+9.358946173098259e-08j),(3.200264643272817e-07+1.8534728752535245e-07j),(3.2931412826901196e-06-7.957285820870428e-07j),(-0.10200139820152754-0.006696391743973934j),(-1.656574524165776e-06-9.388743602894824e-07j),(1.1059754336436724e-06+1.94145757790868e-06j),(0.00010119590493110601-9.95052815154854e-05j),(-0.014697512252419774+0.007683765627652255j),(0.0018545077158052502+0.0023510188947213104j),(0.455938560945748+0.013979366963911055j),(-0.007980496922281095-0.005826298303371244j),(-0.10890827292328151+0.05391192831754881j),(0.00348094144821922+0.07998352656711598j),(0.04234544866861417-0.02464909228248112j),(-0.00017357492590153105-0.00027123879626611444j),(4.2550445424512654e-05+3.7416881726254843e-05j),(-1.132261017755218e-06+6.6554845754518376e-06j),(0.0004668892861827629+0.00012855906407139008j),(-0.00012563376684278238-3.178414298371963e-05j),(0.000766716825201189+0.0010034639012729061j),(-0.03212014289645526+0.0012273648802962871j),(0.011208397019117126+0.0014726920040470438j),(0.006801363769085106+0.00187029423360522j),(-0.0011500001401218418-0.000652386967146793j),(-0.0027199844018902346+0.0004884272131983831j),(0.023064090237498697+0.0032974696545102575j),(-0.057859257857273604+0.007145925005428018j),(0.030609040881205328-0.0034387787284007685j),(-0.030238481195374298+0.0014494256503441733j),(-0.006814061380185358+0.002003699574773322j),(3.6504647881515634e-14+1.4516693704000358e-14j),(-0.03629653795105811+0.01418208234566765j),(0.02183133100013099+0.0010538367381652432j),(-0.0488174333033081-0.004445334102888096j),(0.017126643602262216-0.0020310889361919906j),(-0.04414866022035645-0.0019707931345701404j),(-0.0005056257406000789+0.00299924456680751j),(0.03372715132283849-0.0066913745717479805j),(0.04417393704934176+0.004694275543241512j),(-0.0012638346512097076-0.005945121324940426j)
10,(9.960297324234701e-15-1.901652452938559e-15j),(1.0655766077649744e-14-1.8184944176842287e-15j),(-2.8696757206610535e-05-3.544526854611029e-06j),(-1.793977516464755e-05-1.6550774895204895e-06j),(5.861627601347127e-06+2.327786611098546e-06j),(2.2316748576552457e-16-7.063884308501305e-17j),(-4.195877082024088e-14+1.1068285796809364e-14j),(2.8569503329050396e-17-1.746116387933103e-16j),(1.7711601938319797e-16+2.0280780805748237e-16j),(-0.002246203297635661-0.00028980835729045375j),(0.001335698812687001+0.00012104952127791198j),(-9.477420503961302e-17-5.627010628592294e-17j),(2.235353018842432e-16-1.219872511598749e-16j),(2.0348595848167517e-08-4.246962702852476e-09j),(2.7504841862757528e-08-4.662025112903762e-09j),(3.0465214767202824e-17-1.88217856452112e-16j),(2.6040064487355925e-17+2.2516764617642087e-17j),(5.697419498333824e-11-1.1860585996992773e-11j),(-6.600195873956141e-16+4.3085526393479286e-16j),(7.319296077928653e-11-1.3182449966504974e-11j),(-1.1907558803738755e-07-1.295645155063797e-08j),(5.2111304951834025e-08-1.924228907159308e-08j),(-2.1324868198776925e-15+1.5120555844248665e-15j),(1.1937135079068008e-16+9.58006105949907e-16j),(5.292393845235841e-16-2.6335222107147424e-16j),(6.934379664906962e-08-2.7097213081277198e-08j),(6.024039772368709e-06+1.0818910447016451e-06j),(3.2195444409612967e-10+3.287261669608543e-11j),(4.14351308968912e-06+7.726554613977796e-07j),(1.5256387986814783e-10-2.0153566035881649e-10j),(0.3615361323552912+0.0023707113995174722j),(-2.4337070555499546e-12-1.115410159671901e-12j),(0.31621524876706486-0.007289833407719333j),(2.0720408476805485e-06-6.968131218897129e-06j),(1.7727579268186454e-09+4.3418287534149565e-09j),(3.879917031728347e-12+3.4275448335668722e-12j),(3.988606985032925e-11-1.4173784562161678e-11j),(8.151317635099952e-08-1.4095071633360903e-08j),(4.47678105321642e-16-1.177415159726044e-13j),(1.9439724902913278e-11-7.554120725235447e-12j),(-5.102422989989303e-13-9.509276658667104e-13j),(1.6742306612634743e-11-2.2361040754969322e-11j),(6.231729377665395e-13-1.851886011882019e-12j),(-0.3508496474144234+0.0007071620207747022j),(-1.809224960544795e-12+4.318362369708844e-13j),(-1.0165908918485163e-11+5.99790083970212e-12j),(-1.2099651661324027e-10+1.596267772790533e-10j),(-0.00010443309086155138+4.3163481858849405e-05j),(-3.853623675703545e-08-2.449129336732804e-08j),(-7.259548352134951e-09-2.4682253380754222e-09j),(-0.00011850032577916454+7.559975505329931e-05j),(-2.770650625207321e-07-4.661988906658342e-08j),(-0.16023114857383303+0.05670885976409935j),(-2.3530708489125412e-07+2.548172180534123e-07j),(-0.41341831661932066-0.028821018426177195j),(3.254391401733864e-06-8.886899654312905e-08j),(-2.488450364598315e-07-3.405100475316561e-07j),(-6.665882411010038e-07-3.7197983683115925e-07j),(-0.45632460824768645+0.026371787128829455j),(2.4995232101527095e-06-6.141982572643216e-07j),(-2.600544297233105e-06+6.120134066409321e-06j),(-1.0113631224847199e-05+2.399889167560941e-05j),(0.010083104722490606+0.004490347732662589j),(0.0006914769931736819-0.0035267228419749493j),(0.47537800364129446+0j),(-0.00795929634229587-0.007759992364933403j),(-0.017927927221048322+0.05654104937051091j),(0.029642633047622293+0.05358946201365505j),(0.017296971948204874-0.025295716539024342j),(7.126078206824489e-05+4.092792341345398e-06j),(2.130261607803361e-05+2.694529804147361e-05j),(1.3528652908444468e-06+3.4181286711686746e-06j),(-0.0003327493375298243-0.00010327032169293637j),(-0.00014434759494527625-4.05966233852554e-05j),(0.0004948632922209304+7.635420167536203e-05j),(-0.0016151772655145502+0.0024380297754231723j),(0.007796547055764947+0.0021337736972484246j),(-0.013385634569812437-0.0002565352149675j),(-0.008250860219415386+0.0009310755657332649j),(7.772164829460933e-05+0.00028352153108915314j),(0.0019880443353163225+0.0014141094926276247j),(-0.014713443075791418-0.0010690504790181598j),(0.04922543397544877-0.00025670353594173245j),(-0.03838236179934181-0.00042401271939068556j),(0.009094794958828992+0.0015839497687614849j),(-2.0336453206735067e-14-2.4395119452063577e-14j),(-0.006636628267295731+0.00038533060770968566j),(-0.027470898781127157+0.00258249780560133j),(0.007593966122321248+0.003503508790033372j),(0.015287275053907135-0.006031608532003989j),(-0.02345631497267174-0.0009101258229495425j),(0.003598798838438973-0.006282163596275961j),(-0.02545431537145449+0.008639023984746976j),(-0.011086489182640918-0.0018544610478410783j),(0.0012644191591378198-0.0006186693369908548j)
11,(3.127487773225292e-15-5.070789837994165e-16j),(-1.6090004530340657e-14+2.256856904421455e-15j),(-8.936670195659415e-06-1.1874792856746156e-06j),(2.729491261130128e-05+2.9103334394533953e-06j),(7.551616774495551e-06+2.927742940990008e-06j),(6.361079787843157e-17-7.143298289075657e-17j),(-3.9451890600656905e-14+8.69228278601884e-15j),(5.483417052869269e-18-1.435098813787194e-16j),(-1.3232851591013295e-16+1.5436531945377929e-16j),(-0.0007002316406263323-9.731777182014498e-05j),(-0.0020356116116261435-0.00021586421356918194j),(1.6963591978463794e-16-2.1891042756438304e-16j),(9.646016887713008e-18+1.980228611658285e-16j),(6.638742644552774e-09-1.2675664997794072e-09j),(-3.6799179856661136e-08+5.841761860562225e-09j),(-1.8491796683950853e-16-1.3014874778511478e-16j),(-8.81083481580911e-17-2.003502663670469e-17j),(1.3232435490074792e-11-3.284384395278327e-12j),(1.3733482813558294e-16-7.333930754379739e-17j),(-9.674202939863539e-11+1.74180636786992e-11j),(-8.458229593168788e-08-1.349188468019694e-08j),(9.756798500903354e-09-3.6561941014304373e-09j),(2.422513595409165e-15-1.475611049722377e-15j),(2.5731488852313895e-17+3.895137081013962e-16j),(-2.2173623032085423e-18-5.3355131474728964e-17j),(-1.3315837474909335e-07+5.66532724956538e-08j),(2.3507305325151434e-06+4.3436717524109794e-07j),(1.1806666202319697e-10-5.227560447152946e-11j),(-4.104758273351737e-06-4.5946673059362273e-07j),(-2.5830954681182757e-10+3.950821322486319e-10j),(0.11419507772362064+0.002468773915166988j),(-1.310078944555306e-12-8.563002084259618e-13j),(-0.48770641134058323-0.00014558548906788704j),(1.7220755245173056e-06-2.1250888624094013e-06j),(1.6087435498446342e-10+2.8137713998166227e-09j),(1.3242918708676814e-12+1.187597401309681e-12j),(1.2359151110469353e-11-5.248158973182324e-12j),(7.196748353867204e-08-1.3580924849414379e-08j),(3.224058275415893e-14-6.8884441838199e-14j),(-2.751822089017685e-11+1.3034691937430391e-11j),(-2.538553301793797e-12-7.277852459576736e-13j),(-1.7284819719419206e-12-8.057436875636091e-12j),(8.202343779832491e-14-4.585969730282216e-13j),(-0.32054386609593355+0.0107370134574446j),(1.112736001661687e-14-1.3072941806635941e-13j),(-4.4668578803774864e-12+2.6830238470766256e-12j),(-1.308839853744025e-11+2.0655420374646445e-11j),(-3.683213705703518e-05+1.4799934786359215e-05j),(1.7791604578331532e-08-7.732970293452605e-09j),(1.31398438984637e-09-9.626835768451675e-10j),(2.155185203182023e-05-1.7446137423724166e-05j),(2.0478514950316186e-08+7.951807540496156e-09j),(0.022534521479609222-0.006435480226691902j),(7.381944337967742e-08-5.5351815386689866e-08j),(-0.21116459271101665+0.022844300726484745j),(-9.704426165112245e-07+2.290048489812663e-07j),(-8.680479212737519e-08+9.216421604601781e-08j),(-2.706744815194976e-06+1.1130801809281352e-06j),(0.6283328702541536+0j),(-2.0888787111898497e-06+1.9179698479484796e-06j),(1.635516812879276e-06-9.09705904881846e-06j),(-0.00016694289704973547+0.00013557124948009473j),(0.02803405096722526-0.0007788619424492129j),(-0.0011336635775261597-0.0070921205010795645j),(0.4076515067794696-0.01623617752746856j),(-0.006942755835082338-0.007814291245568875j),(0.049132298836901116+0.030771247147429386j),(0.006830360189859885+0.027301530951601635j),(0.1053281168155318-0.012077971740088601j),(7.292954968970272e-05-2.1290440030860695e-05j),(-1.4775133177398898e-06-0.00018243742708577446j),(1.577554948871603e-05+1.9666818909824718e-05j),(-8.738584437638789e-05-2.9891282467523827e-05j),(0.0003904834056385603+0.00011448898478864792j),(0.0022034630185145355+0.0016175856400194118j),(-0.03162775280015381-0.0026438849179192874j),(0.006213002845701427+0.0012954655333518128j),(-0.006479597438042436+0.0014564255667630845j),(0.017134368541605473-9.420034578467868e-05j),(-0.004555398587678028+0.0002836726315524j),(-0.017696586457327135+0.010023739593705514j),(-0.049071533419052495+0.0026151697349367994j),(0.025288503242785757-0.005270353233643872j),(-0.021513483829521975+0.002767901277052391j),(0.005212220604111249+0.0002572251940422077j),(-1.9362308163051664e-14+1.706954075250757e-14j),(-0.003170798024926678+0.008972169503731116j),(0.040927411880165646+0.00395424191060023j),(0.05803584185959841-6.41213638804955e-05j),(0.015115456778323188-0.0011249267943302444j),(-0.03413821322722695+0.010095279254034894j),(-0.004333586863876916+0.006034653335532653j),(0.054229923094068586-0.00021029588304901682j),(-0.03380647052670806+0.007732975317551776j),(0.0071604017598212635+0.001593742589545501j)
12,(7.970512687204117e-11-1.1476626084308639e-11j),(-2.5635418720897726e-11+4.2864005307426266e-12j),(-1.679844989019744e-08-3.019303443173229e-09j),(2.8666470999385795e-09+3.4953079279594506e-10j),(-6.817036288879044e-10-5.398900369580402e-10j),(5.967538200474788e-17-3.9201272956791953e-17j),(1.609886431914185e-10-1.5719851932927495e-11j),(3.3359439368047994e-17-9.371105089571481e-17j),(-1.465903885403981e-16+8.447351388120204e-18j),(-1.6086111197056545e-05-2.874619650322175e-06j),(-2.6107415197831893e-06-2.969824638761376e-07j),(-1.6215032037582258e-16+6.6539914884873475e-18j),(1.5388966283244473e-16-1.3049372057248306e-16j),(3.7981807201486266e-06-6.990669660518999e-07j),(-1.046265158571014e-06+2.2727183365748249e-07j),(-6.179352037287611e-17-8.27534542906087e-17j),(-1.3426411532812293e-16+6.354113794367619e-17j),(6.7088878892256124e-09-1.2362367900228954e-09j),(-1.0038281130125855e-13+5.0681695710804535e-14j),(-1.8361025173881358e-09+4.79864603780929e-10j),(1.184963570274071e-06+1.221688613994747e-06j),(3.435110965363912e-06-1.06283743873163e-06j),(4.8582929448217245e-14-3.3632719066363865e-14j),(7.68406256153926e-15+8.832755309882805e-14j),(2.3282448911812834e-16-3.2709146195054766e-15j),(-2.6962969631854304e-06+1.1982186211172835e-06j),(0.00020271303337488818+1.1407680097504945e-05j),(1.5338621002573588e-08-2.5838157642841942e-09j),(-1.286759445146683e-05+4.126953304367737e-06j),(-3.4776265679768448e-09+8.198279432834777e-09j),(0.010699260195706922+9.286208531159197e-06j),(-1.397439559871152e-10-2.420005095397434e-11j),(-0.002963400269236298+0.00015867137672930854j),(2.6457898303212178e-05+5.123931134612284e-07j),(-2.238504540921572e-08+3.204124714355371e-08j),(7.394309639972228e-11+9.276358789022278e-11j),(3.47110215265711e-10+1.4471551423244042e-10j),(1.883183647970652e-06-9.836967788050952e-07j),(4.236326924655498e-13-6.959843544543574e-13j),(-9.489952264908439e-11-2.766347379073108e-11j),(-4.1268604873277795e-12-5.522840961517199e-12j),(5.4825069263974536e-09-5.525453161507942e-10j),(1.4732197973563294e-10-2.733977597914191e-10j),(0.008210868837616766+2.2760787766662807e-05j),(-5.948072699641925e-11+1.8472306765085277e-11j),(-3.616170081843221e-10+1.3671045794012953e-10j),(-5.03573639501805e-09+3.40446784709277e-09j),(-0.00166856266529932+0.00029238468042649176j),(-9.930934716248448e-08-2.9126490873923005e-07j),(-2.0510020622804363e-08-2.4065737396963338e-08j),(-0.0002655064488866671+9.311230661671105e-05j),(-9.66652024280274e-07-1.6240156176871837e-07j),(-0.07383456454915814+0.019768625717376573j),(-3.7507366345676075e-08+3.11409192872593e-07j),(-0.13057914374589402-0.007207133500928655j),(-5.073586338119399e-07-1.9451560492727747e-07j),(-5.833055882709317e-07+4.829251811900729e-08j),(-5.881572674319588e-06+9.175508353887786e-07j),(0.0461055779332339-0.004102133592787424j),(8.381946543186993e-07-1.3138436714259885e-06j),(3.911502483193265e-06-2.984059327646829e-07j),(0.00036840559666578696-0.0005166774440781008j),(-0.10734481589556899+0.01886120997980391j),(0.007568289578774201+0.025370524423711942j),(-0.1326587595173906+0.06537088762201057j),(0.0015266657517706058+0.01022056532629172j),(-0.437107855979485+0.0021390285652017615j),(-0.09999309910248476+0.12475414250177831j),(0.041282832850446885-0.004526431496376205j),(-0.0015520346638433142-0.0011190922571479652j),(0.00021435847569588226+0.0002480921892651394j),(-2.4868077214699237e-06+6.593554173333333e-05j),(0.004092416642261781+0.001095093183225373j),(-0.0010909080907245373-0.0002740542474638813j),(-0.00020796105062929494+0.003189084709942594j),(-0.1308274521125431-0.00024138106013896904j),(0.09374268883471215+0.012182544873276647j),(0.05658033922689038+0.015299236254151229j),(-0.009638829960398712-0.005307702120429656j),(-0.010578355121658136+0.0010149952080280257j),(0.14136436631201485+0.008887728177280702j),(-0.30036468554477025+0.04052334849211756j),(0.22070767961163992-0.025733352145165783j),(-0.23094465654303556+0.011492894137620571j),(-0.05588219509492308+0.01618657259828172j),(-9.090909359187794e-15-2.3936726002402652e-14j),(-0.21507096644718665+0.07855165813735956j),(0.15694050334926954+0.0068695482568982905j),(-0.34962057879834496-0.026326577955631064j),(0.12156805217517652-0.013993782012376256j),(-0.2544411562245697-0.018104328762759157j),(-0.0034876028757405055+0.0221711274730364j),(0.22221772407292106-0.0468058864784088j),(0.32425411498768564+0.02872409495428646j),(-0.01260878488594394-0.03880104254719437j)
13,(-6.394979654440839e-11+8.73470324040027e-12j),(-6.832019169615961e-11+9.364121416441745e-12j),(1.3232414539856297e-08+2.4546040801319305e-09j),(6.9451981698855996e-09+9.738526408047893e-10j),(-1.1297126105985813e-09-7.360413500665199e-10j),(5.0239779226907426e-17+2.2434252630781604e-17j),(2.1871072373417922e-10-4.281133656293907e-11j),(-3.8627216648311103e-16+1.4950185362722452e-17j),(-5.02881751147108e-17-7.435896056014006e-17j),(1.2883257197309025e-05+2.4143431401186864e-06j),(-6.435305673976544e-06-8.701344636299207e-07j),(1.0483885666955053e-16-5.799090045070003e-17j),(-1.6066369901883547e-16+1.7292669748166244e-17j),(-3.0373954116530187e-06+5.351085714898815e-07j),(-4.02207038170154e-06+6.014093867083741e-07j),(-1.804771368458232e-16-5.785849512166924e-17j),(4.1554572399512467e-16+3.66238679801184e-17j),(-5.885902850260909e-09+9.666201021609245e-10j),(8.889604175790684e-14-4.2413170214354494e-14j),(-7.277706434948311e-09+1.0820800299615683e-09j),(1.1869949350307376e-05+1.6755505472636762e-06j),(-2.7733397645577827e-06+8.393524483119174e-07j),(2.028247951072858e-13-1.0968621846791503e-13j),(-1.2702664137766945e-14-6.891686048866717e-14j),(1.4328665397355097e-16+2.563345801562526e-15j),(-4.064364628616323e-06+1.402579838551783e-06j),(-0.00014629883378815928-6.580704938485957e-06j),(-1.163692139632443e-08-5.586991360897506e-10j),(-0.00013476270115316062-1.1388739795038221e-05j),(-7.525481005437102e-09+1.172034475945644e-08j),(-0.009142899349310772-0.00014821559904477032j),(8.063977747880362e-11+3.948936417503057e-11j),(-0.008142553071122058+8.143878176511518e-05j),(-6.744118200126091e-05-1.8051017222790604e-05j),(6.678850805298546e-08-9.222931177936252e-08j),(-5.5006283182740766e-11-6.766368475038887e-11j),(-2.2443022397690273e-10-4.151983758708373e-11j),(-7.4070800648053135e-06-4.847593551630306e-07j),(-2.9903826603580166e-12+1.327838408372853e-12j),(-7.641948326601735e-11+1.3056283618713195e-12j),(-2.7511777877036247e-11-3.199283745344068e-12j),(-3.693972466336997e-09+1.0390692310471245e-10j),(-1.1696914891777055e-10+1.9506246999426667e-10j),(0.010516514731374469-0.00014689893662898207j),(1.1891023963810594e-10-1.849560397137326e-11j),(3.1567095645909503e-10-9.945296526933785e-11j),(4.899132550678883e-09-3.3742241339180526e-09j),(0.0013274361841669768-0.0003025731162786762j),(5.779961877453892e-07+3.261027665542269e-07j),(6.607430241798971e-08+4.7086756594940555e-08j),(0.0010787693522760163-0.0003575143230071913j),(2.4535027192998794e-06+8.004107068905306e-07j),(0.7527727815738412+0j),(1.656510596626035e-06-1.3079522058067478e-06j),(-0.14001996914769904+0.0692905618243429j),(-1.4480508489962571e-05-2.6810527076930467e-06j),(5.831975674624448e-07+1.5869775707103048e-06j),(-3.4859712217583404e-06+2.3856616117830198e-06j),(-0.06054580031893366+0.03717266248515762j),(4.620504372602561e-06-2.360772157648235e-06j),(1.7261997295813363e-06+6.245680272575327e-07j),(3.690013990605095e-05-3.3981115890533795e-05j),(0.0035287680498682535+0.0016892218013397524j),(-0.00012983238876087492-0.0009370857837520977j),(-0.010218556526358813-0.008669815499460758j),(0.00032028621074659056-0.0002271669936510037j),(0.03011885687869051+0.013519558888457593j),(0.026410014464761766-0.009105342283671422j),(-0.08459255005917496-0.005920785994287067j),(0.000364591589570628+0.00029986668334253054j),(7.946436047572078e-05+0.00018962124125865217j),(1.8761428261639278e-05+3.616298213922815e-05j),(-0.0028971760391540233-0.0008911134164624101j),(-0.0012676581483007645-0.0003541939137005119j),(-0.0016572261499752656-0.0018932679582607476j),(0.05496148889617893+0.001943438705507049j),(0.06528933342540677+0.017783054751444136j),(-0.11093455842098292-0.0021705974065274816j),(-0.06842477113902748+0.007801889517062784j),(0.006614305501003563-0.0005944359184296949j),(-0.0004511923308986196-0.0011208381209081909j),(-0.011897327313342507-0.02266757247768288j),(0.3684007454447888-0.0016230321624404465j),(-0.29666841824358603-0.0033587426515362395j),(0.07291845877750544+0.012102310290615658j),(4.6701773628528696e-14-7.331567115206162e-15j),(-0.012812986442496965-0.018144885438953602j),(-0.21838523355131234+0.020931979929179292j),(0.05396143924395228+0.028184383393502682j),(0.10708775629029844-0.04492904364192463j),(-0.10836794258139369-0.01298063136082504j),(0.02644651414311202-0.048650358858066j),(-0.21018549503135153+0.06956385684361396j),(-0.08741430698219027-0.017972202686602823j),(0.0063501938431873815-0.0004889515009262307j)
14,(-1.958412060496089e-11+2.287551637711319e-12j),(1.0346324364330229e-10-1.1955169180036009e-11j),(4.128426227545835e-09+8.119288390501509e-10j),(-1.0634362835934376e-08-1.6942939680990885e-09j),(-1.951425680573059e-09-1.10527284085876e-09j),(-6.164219463611486e-18+1.1581832282187554e-18j),(2.044888804528484e-10-3.978716710832858e-11j),(-2.1571483528404357e-16-7.234271513216918e-17j),(-2.194039751637628e-17-1.4833657306350342e-17j),(3.955853707387171e-06+7.759850718974899e-07j),(9.699466790341015e-06+1.4763909636119454e-06j),(8.859800685445545e-17-1.220239806611092e-16j),(3.9720278614327856e-17+3.484779881637052e-17j),(-1.0071970162604176e-06+1.6026008651874823e-07j),(5.467549549867946e-06-7.506793142467161e-07j),(7.609693481431032e-17-3.6695268112800055e-18j),(6.74427552707918e-17-1.1898773039022947e-17j),(-1.291314980568552e-09+2.921032820372795e-10j),(1.8939108779791254e-14-1.0666511557888223e-14j),(9.809676101841467e-09-1.4155457772602078e-09j),(9.973561717625817e-06+1.4905156963116312e-06j),(-3.5192271224141374e-07+1.0791360475363068e-07j),(-2.7364175977084514e-13+1.4650954553691206e-13j),(3.605293671254455e-15-2.69660639727692e-14j),(-3.240791402072742e-16+9.759500268402677e-16j),(6.984344774195836e-06-2.593176987810641e-06j),(-6.374651476408957e-05-3.759847422539634e-06j),(-4.310724572350773e-09+3.079930184586546e-09j),(0.00015001830421157078+8.670696130847704e-06j),(1.1577292868799402e-08-2.040929456690174e-08j),(-0.002655277441788619-5.8494113478957106e-05j),(5.300123447779525e-11+4.2416833388673017e-11j),(0.011354204762400238+4.900193688108911e-06j),(-5.5426051859818503e-05-1.52566952848482e-05j),(5.606667627110014e-08-8.067687842355805e-08j),(-2.022370264491065e-11-2.404322725357854e-11j),(-5.1946082045997245e-11+2.6988680142259132e-11j),(-5.137199554933275e-06-9.231523686008547e-07j),(-2.7178723209908932e-12+1.1834983870455667e-12j),(1.813935283246536e-10+3.538440486228942e-11j),(3.0344923002015814e-11+1.2339426586775393e-11j),(-1.3372607569190313e-09+1.0900873982555701e-11j),(-5.4277774053509506e-11+7.847669818686123e-11j),(0.007411577179813981-0.00023524272682473623j),(-4.8446214195016615e-11-1.05528814349106e-12j),(1.2027906550750435e-10-5.7325315157750064e-11j),(1.3759163824085613e-09-8.150236255058396e-10j),(0.0005010655478890685-0.00013508948676974403j),(-2.3271394114482964e-07+8.702356652784736e-08j),(-1.3113076188386666e-08+9.635117537450871e-09j),(-0.00013268558907815196+6.775723400843953e-05j),(-1.578388330893405e-08-6.388622728143254e-08j),(-0.027061136295724195+0.007408848545561198j),(-3.274895007955133e-07+1.9128684699187895e-07j),(0.06206342071386458-0.010117568657162231j),(2.7985055714260567e-06-7.022717115529728e-07j),(4.0898391510232085e-07-1.6946844059635664e-07j),(6.071497351129666e-06-1.0877216353671058e-06j),(-0.1481888709358975-0.0038824346452496494j),(5.722573051104546e-06-1.1406182431192952e-07j),(-2.6978161101548398e-06+1.9315181811467597e-06j),(-0.00016392456813377697+0.000293516422616205j),(0.060660691919878-0.017715190772624484j),(-0.00807961844894203-0.012105085035676928j),(-0.13039126611607044-0.00128268570905107j),(0.0020216514285396185-0.004230128869336171j),(0.28616101678142347-0.08680252720276722j),(-0.07742259155248421-0.09068102526083467j),(0.38283748016290897+0.04853183586372958j),(0.00034464147901614215+6.811338469463956e-05j),(-0.00040242139953138446-0.0010328050426552792j),(0.00015115615786033784+0.0001812028704038494j),(-0.0007531186402769472-0.00026062441069097487j),(0.0034768275792119467+0.0009922510077901407j),(0.007979516208029554+0.006350927328461171j),(-0.12835753903324593-0.02265575645926449j),(0.05203286635366094+0.01079970111028851j),(-0.0536338966389909+0.012005047276983313j),(0.14174895945350394-0.000719811054328362j),(-0.021731747515787988+6.62298931879881e-05j),(-0.12050283575020274+0.05686466930178618j),(-0.2453453146851104+0.007872079591765502j),(0.1815484788998436-0.039043655058139934j),(-0.16237196691850234+0.021165629875458503j),(0.041427752814372554+0.0016050005293660012j),(1.0152941640874004e-15+1.012137870275432e-16j),(0.005399260206439983+0.039665412245532466j),(0.29890449891411724+0.02788591122755392j),(0.39481529316283526+0j),(0.10725955413769801-0.006913419258451462j),(-0.1862055217816195+0.06381301041010187j),(-0.03142934393849578+0.044930062093764406j),(0.3676057057805302+0j),(-0.24850530300191287+0.05345721718225058j),(0.047838228451151515+0.013776830390007322j)
15,(3.221187364460932e-14-2.2536304408106613e-15j),(4.070611342828319e-14-2.0902639318751936e-15j),(-1.8977955410229963e-11-6.762249616628321e-12j),(-1.0043066839831481e-11-3.087805237140311e-12j),(1.7149648993854125e-12+1.5541132770177365e-12j),(-1.0116167279359051e-16+4.2131930811592435e-17j),(-2.8761077393667297e-13+6.265053912618815e-14j),(3.3096892175811855e-16-1.1788667114730395e-16j),(2.8497145872366186e-17+6.214459517168864e-17j),(-2.2787849855912285e-07-8.060681633345512e-08j),(1.1498071728209251e-07+3.423044811611375e-08j),(-2.385625012468151e-16-3.1045730425054204e-17j),(4.738600877643468e-17+6.78975683535434e-17j),(5.946452127156294e-08-6.011269660950592e-09j),(9.354516708305958e-08-5.207158262344585e-09j),(-1.5196992548596905e-17+7.596750041630237e-17j),(-2.390514129652696e-16-1.2733726791946785e-16j),(1.5881134012866419e-10-1.492862524731296e-11j),(-2.4571846854243048e-15+8.975684979979006e-16j),(2.3399493200177587e-10-1.4763747219589124e-11j),(-4.752496873483819e-07-1.029212807681236e-07j),(1.1923942766226318e-07-2.731028623053939e-08j),(-6.700016261086257e-15+2.7365424136526284e-15j),(4.663867505494878e-16+2.3627470351803594e-15j),(-1.3483111870893701e-17-7.627481336334022e-17j),(2.1106858370798488e-07-5.321532174787039e-08j),(8.594177063622122e-06+1.6248829113988245e-06j),(5.878351683387184e-10+1.182853334359707e-10j),(8.20478587017591e-06+1.908900080176686e-06j),(4.76592506625406e-10-5.407619492110117e-10j),(0.0007044888905863995+8.713052188129354e-05j),(-3.888124700092642e-12-2.6931515570809425e-12j),(0.0007569689719803896+8.27009243461735e-05j),(5.1488273493914365e-06+1.6893318755133352e-06j),(-4.779182971678379e-09+6.941046317303244e-09j),(3.2665979768979064e-12+4.659522471191417e-12j),(1.6428172129552863e-11+4.256987139867099e-12j),(8.637772164577481e-07+3.65936639929612e-08j),(2.2057551857214601e-13-1.0520846621487313e-13j),(6.841143797421145e-12+4.84378052139653e-13j),(2.1281238345781588e-12+4.393749233528662e-13j),(4.600526304366974e-10-3.4854443315412395e-12j),(1.700714599875956e-11-2.4126513921183668e-11j),(-0.00220169926850207+0.00010486272830742755j),(-1.8980248210904938e-11+1.170052924686424e-12j),(-5.946220290972571e-11+2.035302071484688e-11j),(-1.0992285986899305e-09+8.133062644759705e-10j),(-0.0004619092539768049+0.0001015608477208233j),(-1.9540753915516825e-07-1.3996273093752338e-07j),(-3.0563038245654854e-08-1.990387859215453e-08j),(-0.0005858266302812218+0.00018716711412941392j),(-1.1663313297296524e-06-4.709016216316548e-07j),(-0.5861097796039246-0.020324758183472097j),(-1.1612061301745987e-06+7.267581917967771e-07j),(0.18639384353078545-0.048039893525616856j),(1.1117944800598807e-05+3.1322103187625124e-06j),(-2.885410573421219e-07-1.3103263823354233e-06j),(3.797489553865133e-06-1.904078887691925e-06j),(0.12480841310039992-0.032420692653594596j),(-8.632329441942213e-06+3.5518111999851536e-06j),(-2.810415078458255e-06-1.7441435222435585e-06j),(-0.0002136828493716111+0.0002274780854862596j),(0.03517640773922961-0.005262552543005221j),(-0.0009866145173961765-0.009399055268034216j),(-0.040959294808291635-0.04066639898448608j),(0.0014900669683714032-0.0008073051195685098j),(0.12417641914658356+0.020198745489035802j),(0.09419164031690022-0.0588058429444616j),(-0.21807899453479593+0.014484154228660145j),(0.0003503264239649304+0.0007570188331992163j),(-2.3696839764813187e-05+0.00034957417101421723j),(1.5572813379209166e-05+3.253575458698371e-05j),(-0.0026644946304565657-0.0008696608341346586j),(-0.0011570989079362133-0.000346226711152183j),(-0.004201108763014607-0.004203482996791814j),(0.10744658464112658+0.0002652973051957344j),(0.06561833705962347+0.017984746378682786j),(-0.11269310990385986-0.002257300408066841j),(-0.06974870125250626+0.008057454584275044j),(0.01213041554132521-0.001638888819616029j),(-0.0008020323227997439-0.0018151994834143073j),(-0.018462854942141144-0.03523352145701639j),(0.41054302396930803+0j),(-0.3198121097708975-0.004586632626642925j),(0.07766006772481882+0.01319785838354108j),(-1.6232233450770557e-14+2.0693487549541107e-14j),(-0.0199960932489094-0.027079062892445827j),(-0.260392442922873+0.02710458749585927j),(0.07710121650389529+0.037369308982848126j),(0.12302294066443992-0.05062467155015935j),(-0.15089874404571538-0.018458176809145754j),(0.03249664010056875-0.05847958311732373j),(-0.2696396002514868+0.09335931067987913j),(-0.11162886605808225-0.020713706654264967j),(0.008637246997003667-0.0007942905801137825j)
16,(-5.956688095644273e-07+6.690249664865166e-08j),(1.952839075628461e-07-2.6603063499430366e-08j),(6.6180566329801376e-12+1.6010227189552958e-12j),(-9.521045076250578e-13-1.6152866334902543e-13j),(-4.134207414087288e-14+6.16466463642262e-14j),(2.6813499414196566e-17+1.8751589445801875e-17j),(-1.2575131422952796e-06+1.962317838277905e-07j),(4.602081846402994e-18-5.1578224286448284e-17j),(7.972138699002513e-17-4.8720937814790615e-19j),(7.788292401924324e-08+1.8280941719540375e-08j),(1.0503837590424563e-08+1.617115117583982e-09j),(-4.255948053880977e-17+1.070568901111319e-17j),(5.511814604574032e-16+2.869289519233839e-18j),(-0.0007415150823951854+0.00011541310061228919j),(0.00021976575935834004-4.010594343403422e-05j),(-3.705414389436222e-16+1.245217237030647e-16j),(8.981838979168287e-17-2.3564871941724942e-18j),(-9.478122670973669e-07+1.4269977522678376e-07j),(1.439521610781725e-11-6.6702637357712115e-12j),(2.793661059033797e-07-5.8738190615129336e-08j),(-0.0011739915222262337-0.00012637136123027704j),(-0.0003350764489548193+9.615723113562893e-05j),(-7.596826865983905e-12+4.715541331428271e-12j),(5.024020180349873e-13-9.559744585932621e-12j),(-6.487863039386154e-14+3.5865302621087076e-13j),(0.00024340921785490576-9.740007636607367e-05j),(-0.013490757679082126-0.0003715024707418779j),(-1.1595653992466808e-06+2.6430600692828546e-07j),(0.0013688689520962103-0.00022949308392503854j),(2.877588382328447e-07-7.196016510933032e-07j),(-0.00021751949088762517-3.9425408954546167e-07j),(1.0464958586974117e-08-5.860149018437412e-10j),(5.498116960584461e-05-3.429175071847189e-06j),(0.0010047506059005775+0.00027888261062392376j),(-7.214411044203489e-07+2.12894235192252e-06j),(-4.364373926415358e-09-5.921964240631624e-09j),(-2.1012158648748434e-08-1.1407945985453054e-08j),(0.00010300159428325958+4.972853810385684e-05j),(9.836266686101985e-11-2.156489071526855e-11j),(4.4477973836194435e-09+1.3529844517963358e-09j),(3.04870212086437e-10+2.456764352147874e-10j),(-1.9412779059589272e-07+1.156331072540197e-08j),(-4.790539732625148e-09+8.77653583568975e-09j),(-0.00013546922950576884-8.4572244452509e-06j),(1.4916515641232594e-09-4.716643753576037e-10j),(8.141076857355815e-09-1.9532210030993203e-09j),(9.918963955173156e-08-4.883330905039636e-08j),(0.02393960016127322-0.001284251892306157j),(4.004944672073841e-07+3.768128150795885e-06j),(1.2471797806606332e-07+1.941165283544199e-07j),(0.00158574695832801-0.0003162520324387392j),(6.728639411683046e-06+1.6266707650722745e-06j),(0.037412668140542636-0.0077010725469917815j),(-6.745923448615078e-07-1.436359912968756e-06j),(0.015720272969419528+0.005144941599614751j),(1.2845619935275125e-05+2.255235465849564e-06j),(3.0565425883831513e-06-1.1178413563752587e-06j),(3.04253998254538e-05-3.963376308252001e-06j),(-0.0218286072247131+0.0040375867127936775j),(-6.069020549820757e-06+7.768438677177458e-06j),(-1.8214782480250115e-05-2.170357365456688e-06j),(-0.0013385141656290613+0.001298282347993651j),(0.20006213400690553-0.025788919312321648j),(-0.002994863284880734-0.04804347211576632j),(0.035107406866696333-0.08537450837194469j),(0.004216377211902776-0.01015080574014625j),(0.5456034544284987+0j),(0.15388618609409763-0.17604929152536972j),(-0.1298218300353951+0.011402142833578169j),(-0.0009553083052578907+0.0018889944933416314j),(0.0004091526279822805-0.00011369031203215985j),(6.520474450632323e-05+0.0002127666734700491j),(0.008760412313603444+0.0022596167333429843j),(-0.0025983213921936484-0.0005938029006997125j),(-0.0017227047039567332-0.003485248856412128j),(0.08020070129312767+0.013354140998885706j),(0.17372222652792432+0.022436669065310465j),(0.11103267755114801+0.02629959712482873j),(-0.01662961622179344-0.009758615666649964j),(0.008272889810739046-0.000686689330767249j),(0.0157351697785124-0.047355004875851286j),(0.2271065396372571+0.023274545056994292j),(0.09942101543542492-0.019956415082769057j),(-0.23511801281945516+0.011650616303736941j),(-0.1091759860286013+0.02473193273502956j),(-1.80576763419679e-14+7.174487974744317e-15j),(0.035201603762989454-0.006467476350363275j),(0.22212853656013537-0.018332530875361394j),(-0.3409111087423061-0.013256776064234838j),(0.06213358369322212+0.008987776779490732j),(0.162182765439148-0.028558912737354437j),(-0.012574965150340909+0.04438014291358168j),(0.20269157249264005-0.09633271360171632j),(0.38101315317743023+0j),(-0.033575084863931424-0.01405419795213378j)
17,(4.841374954545618e-07-5.0652962046740805e-08j),(5.133306418134364e-07-5.6085378215122106e-08j),(-5.2112256032025974e-12-1.2938798188007147e-12j),(-2.3080567151020467e-12-4.377002668645683e-13j),(1.8040202764686843e-13+1.7929974896093992e-13j),(8.891938976408029e-18+1.480298123819319e-17j),(-1.413458444087727e-06+2.5196497832779825e-07j),(-2.6333777629215853e-17+1.946058316416982e-16j),(-1.0035066142188142e-16-5.923901687168218e-17j),(-6.189106141391308e-08-1.505126289180249e-08j),(2.613947547750969e-08+4.6648670915218526e-09j),(-3.449305245141601e-17+4.5971949517453123e-17j),(-5.017326808767386e-16+2.5578193293876008e-17j),(0.000586227190742979-8.852288627837871e-05j),(0.0007620681020897756-0.00010146515603193633j),(-5.252493125713617e-16+2.619280073168899e-16j),(-8.814189021268063e-17+5.1036839249743545e-18j),(8.302385686274952e-07-1.1032921903076869e-07j),(-1.2688164790400743e-11+5.602956062720499e-12j),(9.906066647817758e-07-1.2390268327472146e-07j),(-0.002106738015032923-0.00018213905304518521j),(0.0002236969897266488-5.526656468606238e-05j),(-2.7974270038930937e-11+1.426334889327834e-11j),(6.429999460446892e-13+7.33259982570007e-12j),(9.573721681463358e-15-2.896939470579408e-13j),(0.0003705030371383117-0.00011821703985957355j),(0.008357636708693317-0.00012794109960363557j),(7.913252765479847e-07+2.994152432494967e-08j),(0.009141916075941194+0.0004025323518602478j),(6.065035729874562e-07-1.0608603610211493e-06j),(0.0001792798604292101+2.816230213042309e-06j),(-5.342417795641504e-09-4.183199193144391e-09j),(0.00016129435355603442-1.424037284908815e-06j),(0.005294574465316164+0.0013245062460379062j),(-5.758723326117703e-06+7.5246317499034206e-06j),(2.7289209930486645e-09+3.4973094439637512e-09j),(7.45425300105131e-09-8.121688406311854e-10j),(0.0003824144262740666+6.580991664873763e-05j),(2.7042835662055113e-10-9.723681140977673e-11j),(3.8912863201100265e-09+1.9310804501195777e-10j),(1.475201443903207e-09+1.7994900396673943e-10j),(8.227847026088011e-08+1.4593606181050055e-08j),(3.169059549309496e-09-4.435073304052795e-09j),(-0.0002518107978910153+1.6448274483023633e-05j),(-2.6689877110134326e-09+3.4936269182088836e-10j),(-5.408503075161972e-09+8.191730836823424e-10j),(-7.08232852756808e-08+3.329313162980366e-08j),(-0.0067962777099626545+0.0010923361123215548j),(-5.113933043170966e-06-1.7640566197180216e-06j),(-2.94649111915254e-07-3.583223653034663e-07j),(-0.003964279804112158+0.0007276725687803187j),(-1.1452432935270504e-05-3.4526903657330347e-06j),(-0.08683132398745937+0.008659657687762327j),(-2.450468270138014e-06+3.2775237082016828e-06j),(0.015567843824174732-0.011038317542405127j),(5.096684923899613e-06-7.223509776032463e-06j),(-1.121164512752847e-06+4.0686590920355586e-07j),(-3.6258989061911804e-06+1.7359213766487785e-08j),(0.010344843274172955-0.006571764404089118j),(2.8419259141256932e-05-7.143907551487709e-06j),(9.574528371274869e-06+1.0314947313842928e-06j),(0.0007657754573280076-0.0006186195793024929j),(-0.09285804071340358+0.0020907876573882794j),(-0.0016239875771713232+0.02579638518481152j),(-0.025756770983306844+0.07941498449359674j),(-0.0030831977224992473+0.0021540151855586227j),(-0.22620135536658897-0.0930355862175522j),(-0.2748529045167281+0.1004265886787731j),(0.5044588553022163+0j),(0.0011496719777586554-0.0018093961004731903j),(0.0008126153151986514-0.0006716724592871024j),(0.00011945947241813805+0.00015002276880624304j),(-0.007683482150005092-0.0020850437160330353j),(-0.003499870191457802-0.0008605865588617477j),(0.00801989663979637+0.009120509493568046j),(-0.13044977251206472-0.02643717811222679j),(0.11849561700958436+0.032252610999210216j),(-0.1905988010757293-0.004823627739911421j),(-0.11832285114873806+0.013459635739136437j),(-0.013246748773127821-0.0005906461778264699j),(-0.05189850987205676-0.03585265985958959j),(0.3794753558252453+0j),(0.16169659222954358-0.012889187042505697j),(-0.25306913118478336+0.002742881586394838j),(0.08781183015899999+0.007915520831677902j),(7.20825086543466e-15-2.8882143407092184e-15j),(0.17531908144300928-0.038368925499946485j),(-0.08268866340124492+0.005241577168814876j),(-0.08204792896048552-0.02186149113443025j),(-0.02300484753342277-0.01726860815126125j),(0.4372958674653917+0j),(-0.010429839787503132-0.009354490908625631j),(0.013391939063648613-0.025400540340042407j),(0.016285908905103147-0.021953015451487205j),(-0.021229903853240986+0.02042975148389384j)
18,(1.4897419665542747e-07-1.2745663036525975e-08j),(-7.789822513090049e-07+6.990554835542076e-08j),(-1.6275982772200381e-12-4.249298416346207e-13j),(3.5460265561390853e-12+7.528546765317275e-13j),(4.927025708315041e-13+3.4726361078330684e-13j),(-5.0980103928379075e-17+5.809233648525555e-17j),(-1.3123778123412898e-06+2.5236533980399834e-07j),(-1.7193905378544225e-16+9.928010006035412e-17j),(9.859328478749958e-18+1.381499666587442e-17j),(-1.897543121860052e-08-4.822012654585384e-09j),(-3.966694525875407e-08-7.871454241810467e-09j),(-8.441451217467135e-17-6.770892303761113e-17j),(-1.4828358138604786e-17+3.499881841903501e-17j),(0.00020238022210392628-2.7050402881993246e-05j),(-0.0010747089806581358+0.00012862679481587708j),(1.274560835087199e-15-2.482673207821894e-16j),(-1.3712480433348767e-16+3.384706194917634e-17j),(1.778543948597065e-07-3.924889847781178e-08j),(-2.629005846438117e-12+1.454810843004332e-12j),(-1.4044893910990266e-06+1.6470031914709138e-07j),(-0.0019274802558675492-0.00015088555450819253j),(6.442837594415089e-06+2.666259023447821e-06j),(3.9721999437694294e-11-1.9886844333553757e-11j),(-8.221842299080899e-13+2.9821943402009187e-12j),(5.1672559549745915e-14-9.685144752751574e-14j),(-0.0006257074787734584+0.00021339538728554983j),(0.004020106192375476+4.21354286454271e-05j),(3.009328006672206e-07-2.738494475870696e-07j),(-0.011112748673272619-0.00032482183236169507j),(-9.424979773538219e-07+1.8112374062027817e-06j),(5.139677821058935e-05+1.397530085375219e-06j),(-4.314245599347792e-09-4.906828312728078e-09j),(-0.00022953094067216316+3.326674983138882e-08j),(0.0050033015877828215+0.0012358697661426186j),(-5.4639487138893426e-06+7.407320003034508e-06j),(1.0293985555569323e-09+1.2720940992403768e-09j),(-1.9127068950753676e-10-4.232498816626841e-09j),(0.0003303651411128969+7.406969569859945e-05j),(2.682632416051128e-10-9.838577622376807e-11j),(-9.26818046821627e-09-2.077952484896476e-09j),(-1.7658954916887161e-09-8.190022494978277e-10j),(2.9395373036204474e-08+1.1881355657665962e-08j),(1.927415778555761e-09-2.004720377149442e-09j),(-0.0001341912239486832-1.0073598124220843e-06j),(1.6240001877533992e-09+3.1129966138339437e-11j),(-2.8554059795951444e-09+9.445800003027862e-10j),(-2.6530831741273853e-08+1.0151833031428061e-08j),(-0.004590049877244461+0.0010031842015141728j),(3.1918478930295492e-06-7.341513729336893e-07j),(1.6551231450859049e-07-1.2598599199374903e-07j),(0.00122877046240102-0.0004260365035577621j),(-6.947808121141278e-07+7.820230876764796e-07j),(0.014955159599473036-0.004219826014068775j),(2.6197110721879465e-06-1.2711855810809068e-06j),(-0.017538131114426737+0.004205702671208912j),(-1.7328604039286347e-05+4.303818556875725e-06j),(-3.38791052788569e-06+7.078308104782865e-07j),(-3.675570963693147e-05+3.149033945601719e-06j),(0.027155569618617138+0.002708163480108508j),(-3.0407326348769025e-05-2.5330933804372728e-06j),(9.414189556917267e-06+1.0671361130264039e-06j),(0.0007160572703729273-0.0007741672486329014j),(-0.12156834672073479+0.02421662059396129j),(0.01179873375255124+0.02539405482393241j),(0.04974494362360926-0.003371053764237307j),(-0.0031164641630951583+0.007519957478747698j),(-0.3347663181072066+0.11261009160399388j),(0.1657379804175091+0.09115599148438196j),(-0.4912250630050633-0.05314808078445166j),(0.0004529637391678051-0.000117652297234632j),(-0.0014086902519811408+0.0008282876947219287j),(0.00045158695039891383+0.0004786880486581274j),(-0.0019185992695762153-0.0005466673376448386j),(0.008065068932794829+0.0021590636069892676j),(-0.0076103096654780295-0.008808653656146633j),(0.1259985911642476+0.024460764218664176j),(0.09529686984576301+0.020297710857778782j),(-0.09356570394230299+0.020204424438474644j),(0.25851976093784973-0.0012013512161684475j),(0.014104038570288855+0.0004856855498139691j),(-0.04497680927826988-0.014696516641621426j),(0.24527443187686057-0.010799294426954167j),(0.08477708205524315-0.02788354089108124j),(-0.14884335014071506+0.018815631547821635j),(0.05571592544641364-0.0009223901964668622j),(-3.5027317328091452e-15+3.3971840557508624e-15j),(0.13141218791149514-0.054646029284921155j),(0.34939451558388107+0j),(0.18505892285217226-0.008053485014199682j),(0.060339628506643685+0.01647696245893155j),(0.1839782593379324+0.009639926892390882j),(-0.03499753300570586+0.06481211841754334j),(0.2758791016885116-0.04557025620595892j),(-0.21572725960422762+0.03243433865172654j),(0.019419193551892686+0.023238993950764245j)
19,(0.0034991018760420697-0.0002781662613408377j),(-0.0011796265695641558+0.00012108274571698881j),(-3.348138204286509e-15-1.0246837978731172e-15j),(4.0577212993474335e-16+9.1293009754539e-17j),(9.502369962112189e-17+2.791671730311171e-17j),(-9.526788025022804e-17+1.4610394591489475e-16j),(0.007195462495864062-0.0012532984875251035j),(-3.437838408444729e-16+1.6943237342380901e-16j),(-2.8731759522383267e-16+1.459917488811252e-16j),(-6.770640781634727e-10-2.916526182821945e-10j),(-7.795283031272542e-11-1.7277431364246583e-11j),(5.534529365806691e-15-1.0529569681783953e-15j),(-1.4620498615938875e-13+3.120818152644053e-14j),(0.11387811674160947-0.014232539526483467j),(-0.036323473073324106+0.005345592777544615j),(7.963336532730453e-14-1.3963566912163929e-14j),(-2.8923271703261363e-15+3.428899015094064e-16j),(0.00010499366883067277-1.188251871004845e-05j),(-1.6201850109296088e-09+6.787989981169509e-10j),(-3.3130432217340724e-05+5.274885923666342e-06j),(0.2812855651900389-0.0057463800475821974j),(0.027884844662829245-0.008324261082213423j),(9.23510481438135e-10-5.107683268963119e-10j),(-1.7179252016717828e-10+7.956856942821661e-10j),(1.0428112019604278e-11-3.019007848530855e-11j),(-0.018193738953602934+0.00654927346265002j),(0.7387188990097847+0j),(7.104780919727086e-05-2.1393667524253405e-05j),(-0.10598723982789605+0.010799502746056656j),(-1.946016321748131e-05+5.227178882177657e-05j),(-1.119467914094145e-05-8.022770905079092e-06j),(-5.779681867165282e-07+3.311982458262187e-07j),(1.2237540519132069e-06+8.355460623628178e-08j),(-0.2705061776289342-0.031920154702838294j),(0.00025549088626529524-0.0004607798215514193j),(2.1826706675118022e-07+3.154370790594712e-07j),(1.2105681156751009e-06+7.975103509709008e-07j),(-0.01406094930172798-0.003266722312827415j),(-1.688855882923605e-08+5.966524838437285e-09j),(-1.6482649540766406e-07-5.243933037249407e-08j),(-1.7481232163916655e-08-5.33485471709586e-09j),(6.031288234079476e-06-4.901145601559363e-07j),(1.188202533645896e-07-2.419851954861232e-07j),(3.471850188630171e-07-2.2601924550952956e-08j),(-3.1243671338070373e-08+1.1078104520390375e-08j),(-1.4415962537908814e-07+1.7140311058831497e-08j),(-1.5379258725054063e-06+5.377140042707699e-07j),(-0.31434947583247536-0.010378218663250803j),(8.270894443811291e-06-4.465745411518506e-05j),(-4.260512043146189e-07-2.663818241933104e-07j),(-0.004449045459674132+0.0002062783416828032j),(-2.2078837748696275e-05-1.2854708109591702e-05j),(0.00023960123640506058+5.8990041801754064e-05j),(7.2880036350036805e-06+4.9418522149320816e-06j),(-9.376568967693437e-05-7.655673181087843e-05j),(-7.705275996640053e-05-1.098395017187433e-05j),(-1.2133382414080478e-05+4.488688182123364e-06j),(-0.00011405127079830585+7.693674532773271e-06j),(0.0005827260159222033-4.19868136358992e-05j),(2.554719420396725e-05-2.031712702285834e-05j),(5.143843917552007e-05+9.782165456616151e-06j),(0.002518575582629532-0.0013451579695096447j),(-0.12848918049949964-0.005953345246293533j),(-0.02452775816545653+0.02983897942631358j),(0.003605546040130736+0.0034926722973630244j),(-0.005254003663509018-0.0017551591151685982j),(0.0030984226272243705-0.016256041893951793j),(-0.032423853485371454+0.002527481635092631j),(0.01363717724240612+0.006996504933004043j),(0.0020858886208141403+0.0021904153890202056j),(-0.00021836441366471167-0.0006213286524957815j),(0.00031660202964615833+0.0004906817305530488j),(0.013792917818319454+0.003286302079277362j),(-0.004217549821366904-0.0009033096691411711j),(0.0003742290486202657-0.001342029351113639j),(0.08460449196996998+0.0013222210531306268j),(0.21556477253891063+0.027692963674271424j),(0.1424865088908484+0.029371594862930277j),(-0.022338880871870203-0.01056127419418696j),(0.006697908668672153+0.00029144547848303747j),(-0.052998514696110194+0.01616356071724712j),(-0.05818276659810891+0.0008174895924465964j),(-0.08826617473088685+0.0019421100634516783j),(-0.09873078095425236+0.004740648311804065j),(-0.12364188225805373+0.02493213148762767j),(-2.9355193233084445e-15+1.2546192821909665e-15j),(0.03553521179177652+0.004727303117323119j),(0.040870476140499726-0.009663068968158545j),(0.11503731239409416+0.017855270342156747j),(-0.03113241969868819+0.020491073272834365j),(0.013031555886207408+0.018584800418217567j),(0.0023997857980423533+0.011448434925824282j),(-0.11236085954657385+0.013337849697364984j),(0.07536745088993137-0.020849481352549628j),(-0.00724798020149881+0.007096561248624761j)
20,(-0.0029306794787681304+0.00021842682309024556j),(-0.0030615178009402375+0.00024608019661938535j),(2.6343475823674098e-15+8.241629835196356e-16j),(9.87471021037414e-16+2.3603340854169343e-16j),(-4.083377547628354e-17-5.620728185449952e-17j),(3.23332447370604e-16-9.280198408771635e-17j),(0.007485354678482364-0.0013304608969661033j),(4.248181865549839e-17-9.321640571783598e-17j),(6.092517513975242e-17+3.364638218519204e-17j),(5.414801603709401e-10+2.3942617833167686e-10j),(-1.9809186273098885e-10-4.866401929482196e-11j),(-5.4721012200550874e-15+1.5348580157101446e-15j),(1.213300731204243e-13-2.572792874957382e-14j),(-0.0921063177736984+0.011752516054860052j),(-0.1176072979984039+0.013282837637985809j),(1.5011339054840692e-13-3.47520322934992e-14j),(-6.286184762035339e-15+1.1768643822343116e-15j),(-9.630763912448525e-05+1.001338844986922e-05j),(1.4914737931369728e-09-6.07226692568078e-10j),(-0.00011051996611374044+1.065839538395687e-05j),(0.34688363332033467+0j),(-0.012755595837853174+0.0012186769696651497j),(3.1658005744933185e-09-1.5007760947598936e-09j),(-1.112228560720222e-11-6.429431304518112e-10j),(-2.940348957176171e-12+2.6153151801837997e-11j),(-0.02868789335957339+0.008367573850674381j),(-0.3705929202056476+0.028415650800282966j),(-4.3043135298562814e-05-3.389487929049355e-06j),(-0.5303465465665207-0.008128519045532481j),(-4.1511474136075375e-05+8.093477462165344e-05j),(1.1981549511557977e-05-7.3923759682445424e-06j),(3.3222090438650986e-07+4.870413553474113e-07j),(4.768435443102928e-06+6.48477365419031e-07j),(-0.43211389264636213-0.07969054976764475j),(0.0004824068454482163-0.0006481365940441102j),(-9.823747254021743e-08-1.353714939844056e-07j),(4.964717274529979e-08+3.135016697905254e-07j),(-0.021198447676879305-0.004544587912495617j),(-2.395262602775014e-08+8.064720346599294e-09j),(-1.6889107336702128e-07-1.8682427122357756e-08j),(-6.868513867861705e-08-6.137922706693787e-09j),(-8.6528160882127e-07-1.1543761258733846e-06j),(-8.311335247433167e-08+6.873499970545336e-08j),(-1.1520436794576804e-06-6.177368919600552e-07j),(5.5653755915003094e-08-3.496875099780206e-09j),(8.75541874339384e-08+1.4013489811658907e-09j),(1.007437610944917e-06-2.728836126937801e-07j),(-0.016116889753489613-0.00027652627709459534j),(6.207715660922329e-05+8.506558460311308e-06j),(2.250215380944232e-06+4.535328832312033e-06j),(0.033999020549840026-0.0022845718334246535j),(0.00010819518284373316+3.371224128717159e-05j),(0.00177200823373177-0.0005390965813127824j),(1.9131657601983565e-05-2.1771410444221198e-05j),(-0.0003611320136076646+0.0003942111624663478j),(-3.792504712902056e-05+4.311073074884946e-05j),(6.86739748648164e-06-3.580956822210729e-06j),(1.564889295347952e-05-4.067106690641277e-06j),(-0.0005106211142784361+0.000285398031222103j),(-9.325758136223151e-05+1.1435936470238684e-05j),(-2.525177358078386e-05-2.9176540213013925e-06j),(-0.001451173007208014+0.0007027247044433582j),(0.06535636950046265+0.005629585273880328j),(0.0016120555759141439-0.017574401841818285j),(-0.005666478219370743-0.016920637909530526j),(0.0031410829919687132+0.002628777246495521j),(0.0016758190014707457+0.051647207551140606j),(0.14952830840315456-0.010224793387869982j),(-0.042904461169944966-0.015005433566300812j),(-0.0019835631205681347-0.0019155351679032j),(-0.0006594290475532743-0.0011736950078107343j),(0.00039872163566233987+0.0003714703598793036j),(-0.012799252957263368-0.0031575054707828837j),(-0.006028847092707674-0.0013699453541869936j),(0.0015280004918890773+0.0003836841031746482j),(-0.10563762401704807+0.013127073365610031j),(0.14507075166870279+0.03992367525759531j),(-0.22386285615470558-0.0076841754567507775j),(-0.14237629883858738+0.017145276377761504j),(-0.012806611640454331+0.003092662147602039j),(0.0221449733410378+0.033918428811162846j),(-0.1873248908014318+0.019816936570945826j),(-0.1178812002664539-0.009989936932562553j),(-0.0737556905905432+0.0039193452006374j),(0.07335199428628811-0.002255225168919534j),(2.8267970916793664e-15-3.008447466600663e-15j),(-0.026846590901991083+0.04993677673494991j),(-0.02347344907338754+0.016294086279813054j),(0.023359549669966725-0.03582073759596534j),(-0.13279955772513874+0.015276197911245744j),(0.13697232975119872+0.016205247439784447j),(-0.0236667294409844+0.0048852780893257775j),(0.0457843951484791+0.0003664249580306745j),(0.004855778726532309-0.0016310342191807876j),(-0.008321425293740208+0.008484563113795321j)
21,(-0.0009197367416283564+5.59070973802587e-05j),(0.004643419273813643-0.00030051645546507084j),(8.23351413097433e-16+2.696510758688147e-16j),(-1.5167190931240644e-15-4.040531506436652e-16j),(-1.8636116755147011e-16-1.4814467301368914e-16j),(-1.6819668478607116e-16-6.424143040751844e-17j),(0.006893303208062565-0.001375898764748485j),(-8.252547845391308e-17+1.586403813873318e-17j),(1.0944585251321997e-16-4.543503526142976e-17j),(1.6440387557530051e-10+7.771209559815406e-11j),(2.9999857955384574e-10+8.06310394676053e-11j),(-1.4824616511624748e-15-1.9179303018748552e-16j),(3.8567759112975414e-14-7.32088872696706e-15j),(-0.032904315237556735+0.0038433127006768505j),(0.16703124934520638-0.017200829676661866j),(-2.5163674755219785e-13+4.800155463805064e-14j),(9.565734212367861e-15-1.7596787623850541e-15j),(-1.9934642553303895e-05+4.777911408972089e-06j),(2.938728511250719e-10-1.697167238885249e-10j),(0.00015915767220808655-1.4587110480441298e-05j),(0.32048266005949877-0.005564072850176918j),(0.003364449112305305-0.002421198870307289j),(-4.560135326041036e-09+2.1372451410785907e-09j),(9.604744233203768e-11-2.6354554923708255e-10j),(-5.7404098364059685e-12+8.48197039538172e-12j),(0.04378747389760451-0.01353390129581011j),(-0.17704851581305314+0.007379649015694573j),(-1.4881335535904066e-05+1.7880962495025204e-05j),(0.6463314489033595+0j),(5.996443537940489e-05-0.0001254719848109409j),(4.004971582111361e-06-8.721151413469434e-06j),(3.229349813527805e-07+5.329219504935755e-07j),(-7.695943838097622e-06-7.196159438704492e-07j),(-0.4121657374197244-0.07209056004356929j),(0.0004586551032226144-0.000632533249207653j),(-2.707925585916831e-08-3.769337677366219e-08j),(3.311174920522331e-07+4.3734096794292167e-07j),(-0.019141976888074203-0.004333850810547356j),(-2.3268015567700733e-08+8.102375671455841e-09j),(3.773366381589311e-07+9.483398224340913e-08j),(8.088383278523627e-08+4.514771440027857e-08j),(1.9163150471764541e-07-9.616971697300067e-07j),(-5.8090086416642146e-08+2.1310552576517624e-08j),(-4.6670607331562075e-07-2.8184714424567255e-07j),(-4.359596630211406e-08+2.5043025260354644e-10j),(5.1659034064203903e-08-9.087552196070683e-09j),(3.674645368005979e-07-4.2289564120117514e-08j),(-0.01486962773552409+0.0005244814493535547j),(-3.156629712901901e-05-2.174151057822963e-06j),(-1.5915392385919837e-06+1.839408670982336e-06j),(-0.0074541045045413545+0.001533225480447807j),(2.225710189619868e-05-8.546650369509935e-06j),(-0.0003232605690267709+0.0001493702026637458j),(-1.75816614832904e-05+6.5889546264874525e-06j),(0.000681554678570418-0.00016128492242235343j),(0.00010076953490700103-1.7610921621545697e-05j),(2.2947962548282594e-05-3.991489098532131e-06j),(0.0001988182350010582-8.94771636184002e-06j),(-0.0011746894117025829-0.00012963723051306376j),(0.0001222995730753334+2.0575415483738152e-05j),(-2.8824093166586524e-05-5.6978535184017175e-06j),(-0.0017444642932379797+0.001160292132388584j),(0.11560925025340771-0.009334968252428903j),(-0.009793316190156415-0.024664588921049273j),(0.00025314198649563943+0.01334547962170993j),(0.005180755328763752-0.00125234097588078j),(0.01886993092987672-0.04189320794668171j),(-0.14443676372021425-0.008606295200631539j),(0.008361341360531682+0.012426635723473323j),(-0.0005667035468472538-0.0006988364801871657j),(0.0010664147122524726+0.002472211369773805j),(0.0010323925664360981+0.0009335767693587971j),(-0.003185355437968115-0.0008058174658568274j),(0.013777419485366064+0.0033044423881949244j),(-0.00363429080333753+0.000614441176653833j),(0.0583234024539248+0.004595463020134258j),(0.11635466870717646+0.02566130071271366j),(-0.10890505394058135+0.02217847658014533j),(0.3083240704847418-2.0917368335759967e-05j),(0.013823950116067133+0.00035757099563381994j),(0.12300931431903656-0.011050290208521128j),(-0.039351410763321604+0.015692347693675075j),(-0.07089472476556237+0.003393989467024086j),(-0.033249367244278155+0.0032396305743049355j),(0.04847834125687313-0.006142694170959353j),(1.860992964479183e-15-2.335494393500644e-15j),(-0.05964995474476206-0.0014819972372045395j),(0.07022453827032252-0.009553984397512542j),(-0.08955145062809242-0.016908885893917307j),(-0.022942215015336144+0.02322897638034948j),(0.03247385930141114-0.00894268845994496j),(0.00024975978218074076+0.01738558381832074j),(-0.1555657648394425+0.02036106843518386j),(-0.06540942183641368+0.0022716415220119662j),(-0.011838368265125541-0.004275031259943494j)
22,(-0.5419911420213731+0.0002579321799931755j),(0.15424047823355214-0.0058899152134435015j),(3.4127132688705146e-16+4.4670297873726344e-17j),(1.3963177719937693e-16-1.1610897466645168e-16j),(-8.954834430558e-17-2.3317580761992186e-18j),(3.452705726279336e-16-4.3082367471996374e-16j),(-0.4230164958837601+0.0011591532827076867j),(-6.871057677514957e-17-1.1602843403050634e-16j),(-3.269237509909022e-16-2.0625780785301052e-16j),(1.4754985774351384e-10+3.356941090762866e-10j),(2.0413830069544106e-11+9.668217018164019e-12j),(-3.0502307628204804e-14+2.8805077546876816e-15j),(7.371434879413909e-13-8.389083394585748e-14j),(-0.34268338436502704+0.00809227688922192j),(0.08618015146187213-0.005621525496321113j),(-3.239716480692406e-13+2.9087733218942175e-14j),(1.2236745221457287e-14-1.2393563655817734e-15j),(-0.000198785866904051-2.3658119502754045e-06j),(3.2053007711904713e-09-8.927695717960159e-10j),(4.749478319898279e-05-2.1000781802236002e-06j),(-0.2529339553003732-0.036885475972354656j),(-0.023754914635010695+0.002489567523589844j),(-1.3905358275091928e-09+5.728725775833493e-10j),(5.022772566132523e-10-8.476085897032266e-10j),(-2.4705864937193807e-11+3.2830250028186483e-11j),(0.009847661080548423-0.0014109365859589916j),(-0.198994855082659-0.011510981891187946j),(-3.403520995582543e-05+1.0053589396626626e-05j),(0.023797245178961736-0.0008973705189625719j),(9.323927263002146e-06-2.46923065774379e-05j),(4.940360353949996e-06+6.954649539038134e-07j),(2.564788638755005e-07-1.5134739532798324e-07j),(-8.987956149090898e-07+1.751691489659204e-08j),(-0.007365650105442559+0.026800699314869378j),(-9.267184462089419e-05-3.8211870180506865e-05j),(-2.777066450217193e-09-7.098858383517595e-08j),(5.2300556611702264e-08-1.2203493589480698e-07j),(-0.005414216506166215+0.0005440590234865046j),(1.3249021786000432e-09+3.1264846570811797e-09j),(-3.0884746941891916e-08+1.1557672731723481e-09j),(-1.0050930856087237e-09+8.317492901419225e-10j),(2.4360343307042785e-06-7.221598395763648e-07j),(3.925147061364571e-08-1.1149333100109392e-07j),(9.191144169595807e-07+4.807241905451372e-07j),(-1.6586964161076652e-08+7.112158043659334e-09j),(-8.980152034518458e-08+2.229675566109357e-08j),(-1.0435285444766426e-06+4.863197684564189e-07j),(-0.2548439951828219+0.004471299437693092j),(5.686049625507963e-06-3.669319599269137e-05j),(-3.884035012746629e-07-2.5154673744152203e-07j),(-0.004157281179928961+0.0003286225492982597j),(-2.0430345103790528e-05-1.0896854468405406e-05j),(-0.0010120519149953067+0.0001974049437331451j),(6.676761116303444e-06+4.53025434354576e-06j),(-0.00038797540729964403-0.00024483028226849864j),(-7.240354933674043e-05-9.266886598841441e-06j),(-1.1475398627110714e-05+4.387578224288286e-06j),(-0.00011028012664144425+8.754863935464958e-06j),(0.0012120395516653666-0.00013546930494041964j),(2.514649214331907e-05-2.0695904735469862e-05j),(5.15717710821477e-05+9.382030621753103e-06j),(0.002597920309212839-0.0014427705598146472j),(-0.13922502006740417-0.005154378579788815j),(-0.02509485043749498+0.03263490538220594j),(0.003074269220597377+0.00581116423231142j),(-0.005691626534267099-0.001549518516579516j),(-0.01075022146374003-0.017847246971394358j),(-0.03850529489282805+0.007158528245690989j),(0.01821423660808088+0.007237480728486402j),(0.0023318407515480993+0.0022647695568817077j),(-0.0002603145239001203-0.0006632218117528652j),(0.0003487324572674942+0.0005410876052202474j),(0.015214105220165943+0.0036185859541232285j),(-0.004655547761621944-0.0009943845773048936j),(0.00044330109244157675-0.0013409021497377202j),(0.08898230126091997+0.0006207873396781721j),(0.2348361298485735+0.030154335094315414j),(0.1555101972767647+0.03195694023893791j),(-0.02441617024011323-0.01149221842941222j),(0.007005543197465822+0.00028116246161286984j),(-0.05856871281130073+0.018069161966421367j),(-0.06289333198805881-0.00011069351967595703j),(-0.09680716911990513+0.002191219011951663j),(-0.10553125056707838+0.005391132430139962j),(-0.13390898648534832+0.02716460120470942j),(-2.9852256444248744e-15+1.6059886813848165e-15j),(0.03966414721042849+0.004318740109124194j),(0.041027132162274015-0.010606282718697657j),(0.13225692340543949+0.020089155782403063j),(-0.03444259256281409+0.021986656446589883j),(0.013314923010701946+0.020416085050681643j),(0.002891468314099189+0.011764322942256083j),(-0.1250933079529758+0.015710106211894916j),(0.07383484023600405-0.023189343648889575j),(-0.007139984249419095+0.008230803156562832j)
23,(0.42769219779386314+0.001907325805868304j),(0.37676207421361313-0.006061905720951416j),(-2.3071970578337653e-16+5.0022942757066304e-18j),(2.074887338995767e-18+1.5133623718575198e-16j),(4.145100054954479e-17-3.161520862575253e-17j),(-3.7548121278301817e-16-4.980666595867722e-16j),(-0.4150083433484115+0.0025701747608081194j),(-2.752906285802299e-16+1.767303898442583e-16j),(-4.2400968009616364e-16+1.7029234180962278e-16j),(-1.2689675550244715e-10-2.639931884378163e-10j),(5.720250926746644e-11+2.4602682316624616e-11j),(2.424688443930703e-14-2.663498078339063e-15j),(-5.765307831673297e-13+6.497381624673095e-14j),(0.261358536841654-0.0068645217028599145j),(0.2621246612538281-0.008283584853116747j),(-5.778569861700162e-13+8.490106732684291e-14j),(2.5084357934810892e-14-3.3959912248369574e-15j),(0.00017177406253966529+3.5790042952421294e-06j),(-2.778762349912719e-09+7.442546257227649e-10j),(0.00014816162264425666+2.5647042523882832e-06j),(-0.29181974911565417-0.04877511411398709j),(0.009745403724374338+0.0009579078466153124j),(-4.450410060076418e-09+1.5170559820647853e-09j),(-2.1893476018886678e-10+7.001894475045924e-10j),(1.3100825766352956e-11-2.91067446872922e-11j),(0.01446450367924466-0.001177345176427369j),(0.09258998442526578-0.0020453828995345286j),(1.9245070073622783e-05+1.7296580371699994e-06j),(0.10881738234493586+0.007931751397078737j),(1.8679020269748616e-05-3.6079690535568374e-05j),(-4.360899520559245e-06-9.425284184935828e-07j),(-1.3692618420660796e-07-2.103554070122954e-07j),(-2.4289486180720644e-06-1.2445994727860656e-07j),(-0.017268310017745384+0.03887270735098705j),(-0.0001204899377002939-7.622628322739546e-05j),(1.0207757747463266e-09+2.7999865414549134e-08j),(1.7582912659434672e-08-1.3922603934270284e-08j),(-0.007795905296256804+0.0008801989226277932j),(1.5605718393986612e-09+4.228514093108949e-09j),(-2.7310673284255923e-08+6.912888264716543e-09j),(-3.0648959355848384e-09+4.080283636144419e-09j),(-4.6443752571268327e-07-3.669745301044084e-07j),(-3.0847172513638086e-08+3.34352031683161e-08j),(2.7466394120019443e-06-2.8199388661413225e-07j),(2.841666189735026e-08-3.761333551636323e-09j),(5.246768205213937e-08-5.821502701816642e-09j),(6.517525100362321e-07-2.496417969832568e-07j),(-0.010293493136083392+0.00041275956961737926j),(4.7957006614301366e-05+5.75271203774476e-06j),(2.0157644207460043e-06+3.5857479247799403e-06j),(0.02848359137754161-0.0028749208831986934j),(8.974159069302147e-05+2.554561497954146e-05j),(0.0034076809650583836-0.000629417572583991j),(1.6162209349306857e-05-1.90456327453353e-05j),(-0.0005900409101173139+0.0005943993230614461j),(-3.2566964391476466e-05+3.8652988380183106e-05j),(6.019505252304782e-06-3.2283622272299755e-06j),(1.4177021231011291e-05-3.7494058121669616e-06j),(-0.0007135241848713549+0.00039764200110439026j),(-8.769225296223948e-05+1.2009313754228391e-05j),(-2.3935009613875516e-05-2.621567858067027e-06j),(-0.001412116991299472+0.0007099267620919559j),(0.06667367567818303+0.005357024422625086j),(0.0016757425119950115-0.01796287224326871j),(-0.004855476610349591-0.018662024702316704j),(0.0032149417430265437+0.002511349347481795j),(0.007887878219002484+0.0536431440985036j),(0.15477416208518083-0.012891746952275948j),(-0.05444127305712887-0.015452087915054214j),(-0.00208180522424717-0.0018585438395383718j),(-0.0007139089964841422-0.001161052850577262j),(0.0004145118857409307+0.00038560907626063656j),(-0.013305001496726506-0.0032774161237635693j),(-0.006270719618598086-0.001421068359783324j),(0.001364949067938176+0.00016303085214917115j),(-0.10376817968378482+0.014262803373844602j),(0.14879784032633503+0.040999131537995455j),(-0.22977758522024186-0.007920447677555079j),(-0.14617705065392658+0.017614886162672698j),(-0.012662917373610203+0.0031679795969243954j),(0.023306507896318877+0.034788807056598765j),(-0.1950340457590167+0.020092438101829486j),(-0.12358614097936801-0.010575052717423095j),(-0.07297675026402535+0.00445668359111534j),(0.07463395806691178-0.002560027288060828j),(3.5428825010634524e-15-1.317953670481057e-15j),(-0.029998958135478482+0.05106821213388287j),(-0.020804510556662353+0.016643010609697723j),(0.023608584167996965-0.03631344554594339j),(-0.1360966271496615+0.01609684207715465j),(0.13328126669051146+0.015483524253613337j),(-0.024362125710573716+0.005593566792263239j),(0.049676872808103324-0.00020966301255392894j),(0.00595830286447911-0.0010558681611084887j),(-0.00814069714830115+0.008291854962071904j)
24,(0.1348959497409955+0.0024473967966771454j),(-0.5743462861073879+0.0002937112131267128j),(-6.879498399669263e-17-1.6207822419497108e-17j),(-3.739653041004893e-18-5.055966480216441e-17j),(-1.630563190717439e-16+1.0421659142785445e-16j),(-1.7971834871047163e-16-4.31323823512991e-16j),(-0.38591103366379853+0.010538031822669991j),(8.855552874306988e-17-4.639517753185246e-17j),(-3.1358570686201566e-16+5.118824255470575e-17j),(-3.3666785515926465e-11-8.856216065750425e-11j),(-8.40264097478962e-11-3.932841496984061e-11j),(7.724592689102919e-15-3.3907389916602265e-16j),(-1.854545284722796e-13+1.8486978136884577e-14j),(0.09386368471215908-0.0014729314472484451j),(-0.3742787154372162+0.008153693251726872j),(9.70999741739889e-13-1.038098202250375e-13j),(-3.963203545896553e-14+4.350375850767437e-15j),(3.6356063264306183e-05-4.0674507598871554e-06j),(-5.617151876892952e-10+2.370878530929681e-10j),(-0.00021460311128432448-4.7181855695692236e-06j),(-0.27208627349850595-0.04059842490389873j),(-0.003005824049943011+0.001406781485203492j),(6.447266366473067e-09-2.1666266656969587e-09j),(-2.0004929923463863e-10+2.5258495666859097e-10j),(9.843272448537747e-12-7.711253745927528e-12j),(-0.02219840927103205+0.0021458129153419866j),(0.044367255322183816+0.0006131488930497427j),(6.7305161306586105e-06-8.06767386197201e-06j),(-0.1335801438420803-0.007668811844116028j),(-2.707415590003068e-05+5.605293541710589e-05j),(-1.5600188984714361e-06-4.4302206610551657e-07j),(-1.3485725647235923e-07-2.3094322519103092e-07j),(3.339286591931756e-06+2.841601836575636e-07j),(-0.01614841122365384+0.03737445908290476j),(-0.00011814204208719615-7.275358164578048e-05j),(-4.0787906779624805e-11+7.455562363826143e-09j),(2.6635630873247054e-08-3.7967650166030495e-08j),(-0.007098064065174991+0.0007148927160642263j),(1.5676801984149102e-09+4.1310034765657336e-09j),(6.486464886595206e-08-6.859019076438812e-09j),(6.095310101786685e-09-3.54465215824398e-09j),(-2.777762211920242e-08-3.816829285465263e-07j),(-2.28507080248375e-08+1.2429620278761383e-08j),(7.982888776015921e-07+2.0428118298673422e-07j),(-2.2245529001916976e-08+1.6041892065943754e-09j),(3.028294084133909e-08-9.378704829781598e-09j),(2.432132488725503e-07-5.4092438619523993e-08j),(-0.009917784388224597+0.0009004383843629808j),(-2.46705169185309e-05-9.324272587102415e-07j),(-1.2319250368915066e-06+1.5521314003042425e-06j),(-0.006327639227837001+0.0015234152970211834j),(1.7937851033094437e-05-7.540908024005464e-06j),(-0.0006656509950436072+0.0002174377621050925j),(-1.5194206831420745e-05+5.997598659994518e-06j),(0.0010506473309949496-0.00022962442982658545j),(8.934143760164602e-05-1.7193968306049698e-05j),(2.0306033760181257e-05-3.783596774834392e-06j),(0.0001804237770190112-1.0201267173836043e-05j),(-0.001642521592104499-0.00020094366065114152j),(0.00011530975018698945+1.7838637010520986e-05j),(-2.7320485303491864e-05-5.183891407533755e-06j),(-0.0016897644320934206+0.001159358401423605j),(0.11647722538996423-0.010037187307806991j),(-0.009950603325892371-0.02481407913534351j),(-0.0004501435528928622+0.013166730227978476j),(0.005212666548228328-0.0014567346556421136j),(0.026268778116343885-0.04367815319033168j),(-0.14677545873601683-0.010252457104886453j),(0.01819012656813713+0.013883031721302015j),(-0.0006019845558964519-0.0006967078062498797j),(0.0011747056614401417+0.002478069382403662j),(0.0010832385951792555+0.0009773428530081456j),(-0.0033293499088776855-0.0008414421002411485j),(0.014408028876278182+0.003449147559151186j),(-0.0035148823728483407+0.0008110716511755586j),(0.05674567594196801+0.0038400671994022664j),(0.12004193261829+0.026521733966406027j),(-0.11241453314899494+0.022869560769506553j),(0.3182913061589203+0j),(0.013780202623549216+0.00029495835722684197j),(0.12620782404016068-0.011584345341485544j),(-0.04179053710161552+0.015748257325538584j),(-0.07380012622008407+0.0036687447870344496j),(-0.03310535613415626+0.0033627198492083513j),(0.04971022695707325-0.006429659782842965j),(1.5368932079102878e-15-2.3849384212568293e-15j),(-0.0629152236515683-0.0010027805135869455j),(0.06709156410491542-0.010435964723137906j),(-0.09745728292395932-0.017323861901756145j),(-0.02422119066444508+0.023572927635170455j),(0.031570587197210905-0.010063846133679883j),(0.0009675143027544457+0.016985961751878383j),(-0.1644140999569292+0.020955342055051052j),(-0.06236102710187197+0.001954488572890909j),(-0.012652703886747132-0.0048640754460200965j)
25,(0.5476501682911215+0j),(-0.1556779374899186+0.005873133149976041j),(-1.4885970878841673e-16+5.669937166199764e-17j),(-1.7962570027072755e-16+1.243560167293079e-16j),(-7.401845526972674e-17+5.663253335986637e-17j),(-3.931857358741499e-16+4.0450665605653837e-16j),(0.42323543601412145+0j),(-2.4720765476408384e-17-2.0009197848778283e-16j),(6.557565188492895e-16-2.032465071841908e-17j),(1.485840620442933e-10+3.24253186728226e-10j),(2.0499579723629807e-11+9.426505925572298e-12j),(-2.8476372437754326e-14+2.5144538696507797e-15j),(6.885162748502021e-13-7.937424132167171e-14j),(-0.3295333633058717+0.008249749008525771j),(0.08322081634615605-0.005563855750974364j),(-3.0441807587782506e-13+2.7642561662899012e-14j),(1.1461340550814669e-14-1.0582671824612522e-15j),(-0.00019455079618051208-1.8823897327658685e-06j),(3.134299893400444e-09-8.805650863728658e-10j),(4.680496358618083e-05-2.2020626148137824e-06j),(-0.25401751050258276-0.03359004610561597j),(-0.023777255175670017+0.0026717601372904932j),(-1.368624152727244e-09+5.684248358338538e-10j),(4.912954562485359e-10-8.440831222156221e-10j),(-2.4203101445187434e-11+3.2673694841298507e-11j),(0.010029193602479461-0.0015345901914014168j),(-0.20851634706123842-0.010787285789890508j),(-3.466501188979297e-05+1.0337976186921202e-05j),(0.02573592911374015-0.0011168738400682402j),(9.512052459506584e-06-2.5304963549280573e-05j),(5.080058155926693e-06+9.74812931106289e-07j),(2.5917094825972456e-07-1.623601374623081e-07j),(-9.109288543590279e-07+1.4064419621560556e-08j),(0.005002159032457787+0.026381647712489197j),(-0.0001013133551440094-1.599177450583939e-05j),(-6.8777327441183956e-09-7.531805073886988e-08j),(2.089357379229128e-08-1.397340549452955e-07j),(-0.004841378923422742+0.00061497659188011j),(1.9962504599724987e-09+2.7308359747254877e-09j),(-2.8621167000161104e-08+1.6948998522830003e-09j),(-6.804648954907575e-10+6.600127583348225e-10j),(2.3289514008106524e-06-6.916743904219734e-07j),(3.8257167028285904e-08-1.075806553984542e-07j),(9.511966595919939e-07+4.824955636296985e-07j),(-1.619628970756806e-08+6.911146530579988e-09j),(-8.835664051354081e-08+2.2125435460882678e-08j),(-1.0292501127870295e-06+4.812627315409715e-07j),(-0.2514246224100604+0.004541247020818647j),(5.491058665471346e-06-3.6242533070766277e-05j),(-3.891436493278885e-07-2.701603106768824e-07j),(-0.0042077054752559144+0.00033615178089110815j),(-2.0663883576286673e-05-1.0830915926113962e-05j),(-0.001025606631655273+0.00020089214559580997j),(6.615741285626297e-06+4.542823938983474e-06j),(-0.00039223928136298316-0.0002460424111215311j),(-7.202796177327712e-05-9.264140337105656e-06j),(-1.1461991465547616e-05+4.382554157865179e-06j),(-0.00011003921460339512+8.772222349057537e-06j),(0.0012174485930378373-0.00013713893564108075j),(2.5012403916589378e-05-2.0646480237313565e-05j),(5.143362085485122e-05+9.352284769425839e-06j),(0.002593492884738258-0.0014414517038816032j),(-0.13911912062710688-0.005118234780791611j),(-0.025019244506614396+0.03261319848783979j),(0.0030616573817342074+0.0058326735382598655j),(-0.005688401087672743-0.0015431897538887432j),(-0.010923835058805434-0.017820043566009316j),(-0.0385027455383489+0.0072137925525187895j),(0.01825477562785111+0.0072237574612691955j),(0.00233206423040343+0.002261841652760084j),(-0.0002606532197693476-0.0006628240122825507j),(0.0003492769984833304+0.0005414633307791714j),(0.01521771773051296+0.003618999320159156j),(-0.004656633125795808-0.0009945347106802502j),(0.0004442501732185294-0.0013385934757595857j),(0.08888229137197677+0.0006055364134956789j),(0.23484346706166265+0.030153177124512702j),(0.15551682957448731+0.031955067625889774j),(-0.024418764809586282-0.01149137044462993j),(0.00699563058879881+0.0002797760492570091j),(-0.05857938887508597+0.01806559868887872j),(-0.06283612380854943-0.00013746344579687944j),(-0.09682189268447379+0.0021996724117955627j),(-0.10544992556014204+0.005388529139059885j),(-0.1338962246003723+0.02716189910791071j),(-2.852944046794973e-15+1.5681415473347583e-15j),(0.039647542819569045+0.004295138742045783j),(0.040937773956094985-0.010598140194115908j),(0.13230804049772835+0.020098341729843885j),(-0.03443856091397523+0.021977503474142037j),(0.013193652601632487+0.02041306284198014j),(0.00290023981995576+0.011742723653885406j),(-0.12509418374520045+0.015725960510673438j),(0.0737018917571466-0.023179208213039846j),(-0.00711992725798044+0.008228042833746353j)
26,(-0.43183102960120456-0.0021571114162279303j),(-0.37992733672873324+0.005916061388456545j),(1.1397386385878557e-16+5.128854292963227e-17j),(1.7371231639818645e-16-2.367731894257278e-16j),(-5.790292874198878e-17-2.1528933501396263e-17j),(1.6687788423639046e-16+5.465979067802879e-16j),(0.41437859111869213-0.0012811248018395616j),(-3.3026879425957516e-16+2.509723385756567e-16j),(5.692720325178841e-16+2.1959308905787234e-16j),(-1.285710643483094e-10-2.5640033481054876e-10j),(5.749993548546971e-11+2.4149978464634512e-11j),(2.2700825135924306e-14-2.5059568009332524e-15j),(-5.409962895908045e-13+6.199030447191426e-14j),(0.25265506364094803-0.007099659230984892j),(0.2541863167403281-0.008442712732502682j),(-5.427961989963423e-13+8.087316195360449e-14j),(2.3575732489197566e-14-3.2462410642192844e-15j),(0.0001689299483218039+3.0235576598985232e-06j),(-2.729813700214506e-09+7.397936484010977e-10j),(0.00014653814049782256+2.084915549406622e-06j),(-0.29390562754763966-0.04534471452850462j),(0.009827244590670631+0.0009587048596573038j),(-4.395923921308587e-09+1.5137167468397306e-09j),(-2.1237347596880588e-10+6.991314102901669e-10j),(1.2799067873542423e-11-2.9046084948089503e-11j),(0.014813447895910674-0.0013660726930809703j),(0.09605594137402755-0.002865427410733319j),(1.9680574671198795e-05+1.7822901399002111e-06j),(0.11703949175731514+0.007480368284803829j),(1.9149682334689655e-05-3.719989320859477e-05j),(-4.519084875464778e-06-6.388567351712578e-07j),(-1.4329795484996425e-07-2.226429864287457e-07j),(-2.5032081893542893e-06-1.3187654996287732e-07j),(-0.002605324230093832+0.038958036959680135j),(-0.0001321960875149185-5.1074728097576214e-05j),(1.6534829987948031e-09+2.8878208927644152e-08j),(2.126136515446248e-09-2.681006408361671e-08j),(-0.007136932614503722+0.0009674158574368402j),(2.332528893013972e-09+3.7979855338892355e-09j),(-2.4582986841529196e-08+7.115514833410831e-09j),(-1.9338633370831785e-09+3.9087621396500795e-09j),(-4.887157009629161e-07-3.2992688563066777e-07j),(-2.9623269617098425e-08+3.362580394222213e-08j),(2.813822262067304e-06-2.8192478379109755e-07j),(2.7848418882030764e-08-3.776050373848941e-09j),(5.170248505130937e-08-5.9372507523042756e-09j),(6.440477426816683e-07-2.4900960596327263e-07j),(-0.008803006364572761+0.0003367380755248412j),(4.739456782352828e-05+5.872698752178281e-06j),(2.001715449422567e-06+3.53953314323595e-06j),(0.0282389475847978-0.0028651331327387607j),(8.882775931508331e-05+2.5352839659862422e-05j),(0.0034205795401287646-0.0006300427149294422j),(1.6042981631259873e-05-1.8913154901102944e-05j),(-0.0005933626390035101+0.0005961489925976817j),(-3.231321047798387e-05+3.8437336667501824e-05j),(5.964731115361694e-06-3.2014735433599873e-06j),(1.4018375911934888e-05-3.6890842083604103e-06j),(-0.0007142442875473049+0.00039830496546673866j),(-8.748697883343454e-05+1.1996534600844555e-05j),(-2.387827412678234e-05-2.620541468958369e-06j),(-0.001409155865235617+0.0007085796446461945j),(0.0665852885430063+0.005362998986586372j),(0.001704660383717511-0.01794204029714054j),(-0.004843415862967295-0.01866347326629595j),(0.0032110531788675477+0.002507112586237058j),(0.00794842338945052+0.053606073742552496j),(0.1546709530746327-0.012910414684412494j),(-0.054544647013966614-0.015434951250126998j),(-0.00208182567752093-0.001855334602585275j),(-0.0007144846017911093-0.001159688734887259j),(0.00041506311185986585+0.00038592035577919917j),(-0.01330906067092437-0.003277881553071511j),(-0.006272645270259384-0.0014213421204457752j),(0.001361517702285864+0.00016000102255031646j),(-0.10366825917443352+0.014258390612770695j),(0.1488020481827649+0.04099902430823099j),(-0.22977659355340405-0.007920770733519211j),(-0.1461791250508046+0.017616097906331646j),(-0.012653145907355876+0.003165151558461893j),(0.023285899268982987+0.034770901724872946j),(-0.1949727366708891+0.02007488846827852j),(-0.12362638471421201-0.010568515093885088j),(-0.07288444478118197+0.00445605070327983j),(0.07461974191233692-0.0025655771199131552j),(3.6740375454659996e-15-1.3631015026026434e-15j),(-0.030036575199452874+0.051040100729866804j),(-0.02079348032272076+0.01664120023332201j),(0.02360370497273287-0.03628356120698946j),(-0.13607123044163535+0.01609946508724519j),(0.13303860397886852+0.015468378729230074j),(-0.02435280725256161+0.005591049747321303j),(0.049707628891357776-0.00021904861887239203j),(0.005946528072095522-0.0010443983435653162j),(-0.008124584372578623+0.008277943963490794j)
27,(-0.13621187812065821-0.0025432977056081482j),(0.5792238738901045+0j),(7.345598656460595e-17-9.384441799491859e-17j),(5.264838445099342e-17+5.805322097314001e-17j),(8.500159013337546e-17-2.6246931821703247e-17j),(-3.598417059379419e-17+3.2738141842277063e-16j),(0.38543624270294646-0.00934412501997775j),(7.110129742512249e-17-4.982703539400246e-17j),(6.311066936315407e-16+8.966557260526244e-17j),(-3.454166305625438e-11-8.60853834337258e-11j),(-8.464274350756501e-11-3.866348812194657e-11j),(7.189195329847726e-15-3.053254931297859e-16j),(-1.7425463085755663e-13+1.7679502463515857e-14j),(0.0908418892151873-0.0016325820543689785j),(-0.3629650370285807+0.008515016344274519j),(9.13970005587174e-13-9.925328212293316e-14j),(-3.714312175037156e-14+4.078161556186249e-15j),(3.5932178890425166e-05-4.087023354056468e-06j),(-5.547688851731374e-10+2.3532475084691097e-10j),(-0.0002122269864144328-3.975998426300622e-06j),(-0.27390253701167333-0.03736624963210729j),(-0.003001173409912998+0.0014833274433006009j),(6.367211768527556e-09-2.162902477501926e-09j),(-1.969967581289529e-10+2.536976208367221e-10j),(9.724312846651605e-12-7.775037920377717e-12j),(-0.02267187431004345+0.0023990858255240927j),(0.045749197522005416+0.0003232115420005316j),(6.8560133643107695e-06-8.265600022741265e-06j),(-0.14328568713640913-0.006971398811845423j),(-2.769747749797422e-05+5.759781673570214e-05j),(-1.6011774562776957e-06-1.4037201308987573e-07j),(-1.4157022147510348e-07-2.433824064259735e-07j),(3.4784912662566037e-06+2.8297187952814446e-07j),(-0.0022568036309354687+0.03729013942757042j),(-0.00012902376002453338-4.8632843803802524e-05j),(-4.1365336372413213e-10+7.265783245613014e-09j),(8.060818976227311e-09-5.1425516924646687e-08j),(-0.006489112299431324+0.0007918081925912673j),(2.3005512380769337e-09+3.7099733510655372e-09j),(5.86057251795764e-08-8.09004485586347e-09j),(4.733929519287746e-09-4.392469016350862e-09j),(-6.008888289163021e-08-3.476090129652651e-07j),(-2.1821036513725882e-08+1.302551962626084e-08j),(8.369428909660103e-07+2.0708634601689467e-07j),(-2.1601018377703712e-08+1.5247866218775758e-09j),(2.9786783272930706e-08-9.353779947578782e-09j),(2.407934729900399e-07-5.505218200750182e-08j),(-0.008641334253109884+0.0007833191198182516j),(-2.4528002886937278e-05-7.65462749690054e-07j),(-1.223041029393651e-06+1.5256876649620511e-06j),(-0.006333610455603065+0.0015267178289930857j),(1.7537780753010605e-05-7.466367365912582e-06j),(-0.0006704625070771687+0.00021923648961604553j),(-1.5119172802626155e-05+5.9879844417133736e-06j),(0.0010527091679557136-0.00023048561211699595j),(8.891529651734126e-05-1.715285501690421e-05j),(2.0172721716953455e-05-3.753714997076788e-06j),(0.00017948430021216005-1.0131275265390426e-05j),(-0.0016458794597106114-0.00020160898502527178j),(0.00011485398797870151+1.7753490645641694e-05j),(-2.7238428317042633e-05-5.170088717497516e-06j),(-0.0016854259791180626+0.0011568618445261386j),(0.11628526405121647-0.010015934332175j),(-0.009911975547450286-0.024774185952564167j),(-0.00046315333213750197+0.013147468127361001j),(0.005204233105754275-0.0014577433204223202j),(0.026336305042994296-0.043648698669473546j),(-0.1465966420877578-0.010260101532748686j),(0.018345137509271133+0.013877196454274016j),(-0.0006020651199375492-0.0006956615140370968j),(0.00117610443288045+0.0024748838336510932j),(0.0010841078945202857+0.0009778466350718537j),(-0.0033304715415584415-0.0008415484130560931j),(0.014413163723534073+0.00344971694449071j),(-0.0035077795392111704+0.0008134494138928028j),(0.05663471737826582+0.0038200896773215205j),(0.12004500495527472+0.026521552761678252j),(-0.11241243444793232+0.022868895738118806j),(0.3182885707917073+1.8661504581907185e-07j),(0.013761475610882477+0.0002931912623976695j),(0.12611815234734625-0.011584353770949102j),(-0.04176781758159021+0.01572270098183204j),(-0.07381277543433398+0.003678344793033212j),(-0.03304281922204521+0.0033561476019921925j),(0.04970080059151559-0.006432575723293499j),(1.4772588843390188e-15-2.2418353211466774e-15j),(-0.06292244236072782-0.0009992309908834j),(0.06695590867158023-0.010432709184908455j),(-0.097499368630906-0.01729994845808016j),(-0.024221953631921523+0.023560456333980573j),(0.03144530467495209-0.010067491358848907j),(0.0009827690558461746+0.016956816923658143j),(-0.1644306446805079+0.020956563871702024j),(-0.06228223986462322+0.0019460272162885109j),(-0.012649514763219157-0.004874044099028183j)
28,(-0.008895498749433536-3.2359130592747587e-06j),(0.002528328210292141-9.435037178222891e-05j),(3.1661094907887185e-18-1.5254506333632209e-18j),(2.6396534602221668e-18-1.2819663311719416e-18j),(-4.330267650343003e-19-5.873300447343808e-19j),(2.1074700020739313e-16-2.387994946712904e-16j),(-0.006868603211828599-6.240997218390568e-06j),(3.240464944316516e-16-2.6828704531316733e-16j),(-1.8980534349068769e-16+9.987663495229392e-17j),(-1.1018025738368996e-10-5.670282376914474e-10j),(-1.9819574448243124e-11-1.4220405337190336e-11j),(1.07889193020817e-13-1.0020184571335085e-14j),(-2.506246338425551e-12+2.512816908792406e-13j),(0.6223837803867399+0j),(-0.15142338860470655+0.005633543033288602j),(1.0301479593065209e-12-8.92626753431344e-14j),(-4.1242893349506067e-14+3.732076984472196e-15j),(0.00016800565797166577+1.8282906988851186e-05j),(-2.8233491061761344e-09+5.006750010366391e-10j),(-3.113378147606798e-05-3.65997461786462e-06j),(0.29868460104710426+0.0957697935674078j),(0.0012716391092025983+0.003023690414292731j),(9.831288100337295e-10-2.294154348284931e-10j),(-4.3984025556268067e-10-3.862675051956702e-11j),(1.9234270928718613e-11+6.190020115146199e-13j),(0.0068844003567372905-0.003934036549841731j),(-0.36228147611413686+0.010135329926808545j),(-2.9340325556468126e-05+8.274753380183482e-06j),(0.06490747815599197-0.006800893749105478j),(8.765144346106247e-06-2.230186882769049e-05j),(7.382659501720548e-06+9.178392351235322e-06j),(2.3665076263834235e-07-1.7408833915658622e-07j),(-8.50398468379588e-07-1.2861669181449675e-07j),(0.3832003783942469-0.023374859830102013j),(-0.0002285356796022112+0.0007093944676796888j),(-1.27334030737479e-07-1.5882993929660872e-07j),(-9.628870780419549e-07-5.671465837002664e-07j),(0.01752477340836323+0.002195444210559264j),(2.0200408656771818e-08-1.3400094391234176e-08j),(5.337379328009102e-08+1.750539395733143e-08j),(9.33299876553726e-09-5.089414088440976e-09j),(-1.9452945318660382e-06+6.63154670157258e-07j),(-2.9330616186294676e-10+5.303622539006501e-08j),(1.2927401987896097e-06+4.102118461526027e-07j),(4.073769670306845e-10-1.7899298042959058e-09j),(-2.451623078497592e-08+1.3096556664279e-08j),(-3.889990787801534e-07+2.4197593841478185e-07j),(-0.09530831300749538+0.006401061786319825j),(-3.127919730807016e-06-1.556491073600099e-05j),(-4.2188519638847765e-07-1.0956175597904965e-06j),(-0.00639906032952062+0.000680305803742512j),(-3.074231041519048e-05-7.661948940127635e-06j),(-0.0014502647680749415+0.0003136111353716232j),(3.767038403603387e-06+5.048656275492085e-06j),(-0.0004989253101084187-0.0002748323597783754j),(-5.40356023855319e-05-9.06982776408095e-06j),(-1.0704700147473465e-05+4.0879310915079865e-06j),(-9.77138260128555e-05+9.382298138005444e-06j),(0.0013516973120129003-0.000188527066350989j),(1.8571018760954056e-05-1.8134637783897868e-05j),(4.451387918736142e-05+7.913607223804132e-06j),(0.0023621755392482543-0.0013624613056233146j),(-0.1322712038851442-0.0035881450633506243j),(-0.021348636557464874+0.031145137516828576j),(0.0026357439504784332+0.006377390572446368j),(-0.005482735737565739-0.0012886672333965827j),(-0.016283914680351303-0.01650137908597539j),(-0.03738642895857991+0.008865537237280435j),(0.01938667673223439+0.006598934659607123j),(0.002326321459762917+0.002119945394359149j),(-0.00027352513175981686-0.0006411257906760118j),(0.00037368585957845953+0.0005577614891824821j),(0.015369712573078754+0.0036347767682724397j),(-0.004701934364352752-0.0010006090047382159j),(0.00047774303859834564-0.0012402311635959272j),(0.08410798703694883-4.361434760382504e-05j),(0.2350114678198977+0.030065919898373487j),(0.15570150876952618+0.03186085836413624j),(-0.02451817157385635-0.011453629499577947j),(0.006533979175824994+0.00020912636758759254j),(-0.058737999708524266+0.01751750703327493j),(-0.05841489849793091-0.0012517472207823933j),(-0.09643025968872909+0.0024906996995014904j),(-0.1024171430570853+0.00530407977075515j),(-0.1332215902754172+0.02704349005051729j),(-2.780900549063227e-15+2.094277424380881e-15j),(0.03895579145751535+0.003117163582482284j),(0.037730566844234564-0.01026146273071099j),(0.13231440924866306+0.02040429206366747j),(-0.0337158655030838+0.02148367032324016j),(0.00841116510657039+0.020034390071592342j),(0.00322829433521667+0.010906072211248476j),(-0.12336561652772651+0.01587456039599502j),(0.06898886089769682-0.02261493291286912j),(-0.006313182982620268+0.007999670744250457j)
29,(1.5109197454280008e-05+1.0304361265899325e-06j),(-5.099384474116513e-06-2.3063937877776077e-07j),(5.106857225190519e-21+4.99924288888161e-21j),(-7.463704312510993e-21+2.8590822307673365e-21j),(-5.0107847660529e-22-4.0123247527631284e-22j),(-7.895435561994731e-17+3.4768669598407074e-17j),(3.090584906212419e-05-6.143165132814092e-07j),(-9.780954324873287e-17-5.323015306861161e-17j),(-1.8520155738860467e-18-4.651858567647305e-17j),(1.1239594859981115e-12+3.7863737896894255e-11j),(1.1338890686466117e-12+1.132655244644319e-12j),(-4.9081296107596916e-15+1.5527271998922728e-17j),(1.1444532638370748e-13-3.3929524601914916e-15j),(-0.04288777191748434-0.003328024651769029j),(0.012546092137741965+0.0007709474604113697j),(-5.6108307618005506e-14+4.178598506697288e-17j),(2.393702399428879e-15+1.2338261526002962e-16j),(-1.6163604219951973e-05-2.9825352874115907e-06j),(2.7614517859351746e-10-2.8274449822914395e-11j),(3.6028745530786557e-06+7.642705045563247e-07j),(-0.04440854680192907-0.01834217447958912j),(-0.00016582584910077247-0.0004985193596594279j),(-1.1707618450458167e-10+1.6247080544013382e-11j),(5.7630406811029466e-11+3.611067762008047e-12j),(-2.4243633052084153e-12-1.8466056746428493e-14j),(-0.001422858271150184+0.0006376509612499887j),(0.08536624087055039+0.011938926249873014j),(6.06911714101645e-06-6.210755928283926e-07j),(-0.016271546869227705-0.0010852164584054772j),(-2.516918368901182e-06+4.117267444781302e-06j),(-1.992156977206307e-06-3.2891298863044946e-06j),(-5.407418660284324e-08+2.6858254248934403e-08j),(3.389427362307331e-07+1.0686484767956879e-07j),(-0.12546116985076688-0.0010332825538258428j),(6.410059670845612e-05-0.00022062909631338903j),(2.9992914970553084e-08+4.473672816829673e-08j),(2.819570863671448e-07+2.0099210388564135e-07j),(-0.00981205241074006-0.0009113008366058806j),(-6.148995821048559e-09+4.378738889716144e-09j),(-2.0020831751552584e-08-9.191021713821415e-09j),(-3.2543631377405246e-09+1.3361799158055333e-09j),(1.2058239517521722e-06-3.7059678613832814e-07j),(3.977788966617272e-09-3.430758930066882e-08j),(-1.9710260593424428e-06-4.776796727399007e-07j),(-5.97955230090113e-10+1.5072069296547032e-09j),(2.9347526575246224e-08-1.7450852122633494e-08j),(6.772602907604211e-07-4.987341950161418e-07j),(0.8684912388707252+0j),(-9.060713712521771e-05+0.00010725147650008327j),(-7.963482713150206e-07-1.331472151952361e-05j),(-0.03272582993948255+0.004628948898371853j),(-0.00022250147933854588+1.2825731254101691e-05j),(-0.00396976860002665+0.0010210522610931813j),(1.5668277967088596e-05+1.4779819240470605e-05j),(-0.0010285335969037904-0.00043950549629549377j),(-0.00014880152991288208-1.0405933431832906e-05j),(-2.676499337151744e-05+1.4684867347430391e-05j),(-0.00021352709003702412+4.018630588721963e-05j),(0.0022609238038650893-0.0005116405698011871j),(3.127635973829896e-05-3.2122295461824476e-05j),(7.703105991302853e-05+8.906106470100568e-06j),(0.0033781472255168562-0.0019309870475110141j),(-0.17123268055797708+0.007280960022977817j),(0.005895831827992963+0.04063056541917079j),(0.0032743642927978364+0.008100490431902401j),(-0.006922225380844918-0.0017232715959086009j),(-0.020982464910414517-0.0198712990685759j),(-0.04647727278280591+0.012488571041935983j),(0.02308761625331933+0.007303392801420438j),(0.0024025717728732923+0.0025979971705805843j),(-0.0002395779766184177-0.0007415934086454532j),(0.0003476755616079937+0.0005314512667801598j),(0.01477330218346736+0.003581943448271917j),(-0.00450525605029621-0.0009871907655710757j),(0.0005399509720393455-0.0014523219582254314j),(0.0949001504290947-0.0007262375110895225j),(0.2387550833596208+0.029187230515405244j),(0.16084113672405886+0.031012568172492344j),(-0.025615195198200456-0.011407473493398917j),(0.007294709512454871+0.00016287955296888715j),(-0.06388903893892578+0.019621085965615213j),(-0.0629236588430026-0.0012908554497412014j),(-0.09332342103909541+0.0025229919595978617j),(-0.09429376165098878+0.005961009865538908j),(-0.11504872033660785+0.02672008060057127j),(-4.138107914415881e-15+1.3984614313717435e-15j),(0.04174629864800607+0.003091467304589427j),(0.03779200746392227-0.010472735663928336j),(0.13944134568065403+0.020280671845642292j),(-0.03323073020182596+0.02113547217469724j),(0.008838520820092772+0.02102383998575987j),(0.003233557244426531+0.0109904907930303j),(-0.12674057972962663+0.016977763030266203j),(0.07049967845758534-0.0236576871535746j),(-0.006546614181280037+0.008381509912635641j)
30,(0.007000986760443614+3.67496951271507e-05j),(0.006154619052284509-9.422775443909204e-05j),(5.09960052818595e-20+9.597265371363936e-19j),(-4.289119722256288e-18+4.248665832468805e-18j),(3.115787957660055e-20+2.3318328109816504e-19j),(-2.1813896174000264e-17+8.336716072859538e-17j),(-0.006674927493674113+8.73491526902706e-06j),(1.6272333164216955e-16-8.756983423461145e-17j),(-2.2912474793408195e-16-2.029787256990272e-16j),(9.301449263019472e-11+4.0431976086423026e-10j),(-5.2809158010123923e-11-3.0912810375627375e-11j),(-8.107825296093086e-14+7.305005438892121e-15j),(1.878110528791496e-12-1.865383409906958e-13j),(-0.43312538333008227+0.002555316020218995j),(-0.4099670595008779+0.0038550342348094985j),(1.8984092858262002e-12-2.351878216955758e-13j),(-8.534108432908447e-14+1.0477245526841791e-14j),(-0.00012730673711945872-1.5517590709346252e-05j),(2.1528379378063337e-09-3.493313755959397e-10j),(-7.743820622675422e-05-1.5521835081464342e-05j),(0.2520383117746974+0.09611717489967068j),(0.01179201340740179-0.002996205711053623j),(2.5238341943355293e-09-3.789092439730339e-10j),(1.687069062256289e-10-2.6708489262106114e-13j),(-8.889162316605966e-12+1.373749581268808e-12j),(0.012664908159514088-0.005827742812725435j),(0.17597327817462238-0.022860158557683544j),(2.374693741311262e-05+3.002011255548657e-07j),(0.29616698248502993-0.007103810286696231j),(2.0271175199985453e-05-3.926654838850998e-05j),(-7.253178582258988e-06+8.890464091327957e-06j),(-1.9592797685930444e-07-2.612739913157518e-07j),(-3.689295190634064e-06-3.5579054171398444e-07j),(0.45006015834205965+0j),(-0.00034385722039905863+0.0007812198599889773j),(2.3571726739433498e-08+5.338451901941051e-08j),(-4.783506609667348e-07-3.5728800180836446e-07j),(0.018527123091917615+0.003005647217676287j),(2.3577158226703915e-08-1.3841257798242391e-08j),(7.17624293566632e-08+1.0337375930245556e-08j),(3.37478489815313e-08-3.377424362023262e-09j),(-1.3916810271816242e-06+1.1615550503052298e-06j),(1.9007020358364022e-08+4.036356428058239e-08j),(3.892311552003624e-06-2.988522528663006e-07j),(4.213180604181502e-09-4.115944208097986e-09j),(1.9279183636243397e-08-1.023194597435015e-08j),(3.1182284684544047e-07-2.162716345402814e-07j),(0.05800440805553896-0.0036301967716227696j),(2.2104425841725516e-05+1.1352118721863523e-05j),(1.3415723342710772e-06+1.451114315290962e-06j),(0.01703031324075427-0.0023422517086476714j),(4.719823547359138e-05+1.6710399760984238e-05j),(0.0034870786227056538-0.0006001000657791234j),(1.053380386454344e-05-1.2776049359580082e-05j),(-0.0006563711539850484+0.0006101686504073889j),(-2.0435977329085808e-05+2.8336271243480297e-05j),(3.456516217910758e-06-1.9657703969971006e-06j),(6.8616582219653624e-06-9.447099284560665e-07j),(-0.0006819596037381311+0.00038884634390297726j),(-7.745993952808413e-05+1.1296113227854605e-05j),(-2.115385421136709e-05-2.5649638586369493e-06j),(-0.0012630981058856805+0.0006398446900928931j),(0.06169893347021435+0.005650473921461535j),(0.003062117093712977-0.01675709948460011j),(-0.0043727721290966-0.018197900597720633j),(0.0029992051404054898+0.0023123458387713665j),(0.009406429210620817+0.051182234758093664j),(0.1476545062570058-0.013078211750653865j),(-0.05641819541866584-0.01466316875674021j),(-0.0020657981662829798-0.0017074773495142754j),(-0.0007334938671975486-0.0010935800637522524j),(0.0004395559348433299+0.0003993386247336623j),(-0.013473070297871963-0.0032952056483638555j),(-0.006351778911726664-0.001432242835648673j),(0.0012388568748178189+6.574782874221101e-05j),(-0.0992125850451248+0.013848150211722917j),(0.14888480744177232+0.040950817528886484j),(-0.2296002076535092-0.007921114092325765j),(-0.14618207052993026+0.017652670877837923j),(-0.012206759106662014+0.003014002359058683j),(0.02190679963289456+0.03354778847392873j),(-0.18892296362934646+0.019136369980045413j),(-0.12395148063569511-0.010286148244780864j),(-0.0695844985643475+0.004426347823004086j),(0.07406141331151893-0.0027724171562328835j),(3.9614890659950595e-15-1.6790197162667444e-16j),(-0.030655220124654305+0.04923068180226753j),(-0.020550951087853146+0.016539276887629097j),(0.022805222911096934-0.034835791659641284j),(-0.13428599445900471+0.016048122592211254j),(0.12343072598614216+0.014666096571942119j),(-0.023864281136043646+0.005401184818552424j),(0.051116764500899525-0.0007699836412593461j),(0.005417527267051506-0.0005881832309401233j),(-0.007435932807259604+0.007699417386224404j)
31,(0.002208732132862761+4.171916907237867e-05j),(-0.009384135382705923-2.3657063338705653e-06j),(-5.654134655033016e-19+8.387157910725745e-20j),(-2.0930351844517182e-18-7.464854885885736e-19j),(5.2401423531261735e-19-4.584068109295519e-20j),(2.324415083028837e-16-6.372488730586407e-17j),(-0.006211405042273034+0.0001401401549299187j),(-5.295281388400411e-17+1.0959452961887516e-16j),(-1.429335558349263e-16-6.646854864703083e-17j),(2.0272925086382103e-11+1.3682596710104873e-10j),(7.621052607452937e-11+4.9047659515745316e-11j),(-2.5533461465583215e-14+1.9891492945136693e-15j),(5.933527298786802e-13-5.1714956817920173e-14j),(-0.15605198752278523-0.000630741653228406j),(0.5873425896195218+0j),(-3.0824632940490034e-12+2.8692148207875803e-13j),(1.325347521096443e-13-1.282619393205608e-14j),(-1.9287354227277712e-05+4.3923036591709e-06j),(2.9145073733019056e-10-1.647999449001168e-10j),(0.00011911276205934981+2.3440238514530405e-05j),(0.239987737828962+0.08511788381289903j),(0.0064363035238452345-0.00038321950584236156j),(-3.864682192518672e-09+5.946083408215597e-10j),(6.379014220777359e-11+3.6801321672373126e-11j),(-3.0576127300010963e-12-2.105384684354889e-12j),(-0.021106684568786078+0.008733866007304126j),(0.08279831084678138-0.007951521052981074j),(9.289155296935076e-06-9.999232805418645e-06j),(-0.3552866358270069+0.014224268883507321j),(-2.9416208996836335e-05+6.381919457997227e-05j),(-2.000078086436063e-06+9.181879801854234e-06j),(-1.8983192043620363e-07-2.823957203044258e-07j),(6.305429717638029e-06+1.427237137618321e-07j),(0.4263434122876942-0.00479425407827111j),(-0.00032145076015404825+0.0007483725115302937j),(-8.600562215956135e-09+7.958756700627897e-09j),(-5.708588057890747e-07-3.9277134941509835e-07j),(0.017229085260977467+0.0025386395913876147j),(2.2414816793752924e-08-1.3434474926457647e-08j),(-1.617677371576666e-07-4.2585562855515315e-08j),(-4.024264772650983e-08-2.8425502545712007e-08j),(-1.2886611662982077e-06+1.0380680573688982e-06j),(1.941010197321075e-08+3.6181947730374864e-08j),(1.4770006014419813e-06+2.298882211078584e-07j),(5.3060068945138216e-09-2.1055596315234315e-09j),(8.979942821916486e-09-7.883488986443374e-09j),(1.3809168216287403e-07-9.651307903960129e-08j),(0.04855441986755357-0.004944925606211432j),(-1.7927442509886067e-05+6.706957809921899e-06j),(-8.223697943669197e-07+3.2854835225019936e-07j),(-0.006529046210790655+0.0016590287690634847j),(-4.4531459165659843e-07-3.968067176524347e-06j),(-0.0008123845307319826+0.00027499220183128915j),(-1.1617107779603226e-05+5.480162452742493e-06j),(0.0010462993456137075-0.000242900795342335j),(6.898582442455603e-05-1.5075470650466287e-05j),(1.398009205303702e-05-2.3651793763436434e-06j),(0.0001354080029376955-6.799418279375095e-06j),(-0.0016368673207447476-0.0002199389422927058j),(9.300492516668525e-05+1.3799096024191892e-05j),(-2.331269564723459e-05-4.509131470567877e-06j),(-0.0014738378810278852+0.001031345470685062j),(0.1061600681462399-0.008814515909998051j),(-0.00797337111305469-0.022669607633635694j),(-0.0007933253504159904+0.012169475013891415j),(0.004770781862319557-0.0014537160384405611j),(0.027507924244079406-0.04137307096622553j),(-0.13659220707105452-0.010087215359277035j),(0.02285815453598255+0.013292849177400227j),(-0.0006002691944934004-0.0006452389082121195j),(0.001227549806223752+0.002317727938578784j),(0.001122104606572985+0.0009992414663553455j),(-0.003375272248054391-0.0008454639698520022j),(0.014626788698119023+0.0034715419946869074j),(-0.003199358859166118+0.0008743546076802823j),(0.05180342134381305+0.002993143470648966j),(0.12009738209667403+0.026478733217386724j),(-0.11225404309394854+0.022834196623715122j),(0.3179612769543321+7.465889783203616e-07j),(0.012888905040139443+0.00021140720127745677j),(0.1210376616943018-0.01161842735742901j),(-0.03899085015327035+0.014410120051005976j),(-0.07349184979054037+0.0039725866792290135j),(-0.03079291953660616+0.0031273305223614555j),(0.049320233554774454-0.006541466172042744j),(1.45801554831077e-15-1.5089314225990947e-15j),(-0.06218173732773232-0.001150189675920045j),(0.06214775289185579-0.010243092719230257j),(-0.09805038139207214-0.016199140609038674j),(-0.023773373138456587+0.02294205656437768j),(0.02651075442005054-0.010134743352656163j),(0.0015061438954638122+0.01585640294257617j),(-0.16281695359858678+0.020627699716150142j),(-0.05942141842755493+0.0017581614347324317j),(-0.012330473143842136-0.005194788597251821j)
32,(4.333450229413676e-06+2.581960572497264e-09j),(-1.2314572468903779e-06+4.5619725599580334e-08j),(1.9062677979811203e-21+1.6553560639841264e-21j),(-8.170679250094671e-22+4.2310650875430214e-22j),(-4.0539718567697194e-22-8.829955205442726e-23j),(-6.982172400733557e-15+5.854089317473174e-16j),(3.3596433163739845e-06-3.453348697913872e-10j),(2.2479087208898234e-15-2.5776092651321153e-16j),(-1.397591931978142e-14+2.2873858716609335e-15j),(9.728262801467653e-13+1.3880303758821321e-11j),(3.362057888057886e-13+3.042122825503982e-13j),(-3.9930315254773915e-12+4.280900923069278e-13j),(8.588663596102559e-11-8.876767043165141e-12j),(-0.016153633776895868-8.75286028680566e-05j),(0.0036717459770803577-0.00014611943336313282j),(-3.2896359867147695e-11+3.668770196693521e-12j),(1.4728118211474801e-12-1.6981577803230424e-13j),(0.005872005574576198+2.7299486050167085e-06j),(-9.378751931625661e-08+2.7367086229265495e-08j),(-0.001591833910969508+7.870575854081814e-05j),(-0.01506705741453104-0.001050603947441153j),(0.5203433490819253+0j),(4.6241823745900494e-08-1.9423475920184013e-08j),(-1.6696908131706166e-08+2.8607543724451564e-08j),(8.244051878060983e-10-1.1232991731168075e-09j),(-0.21954345953967597+0.003648127355491325j),(-0.013283189954129382+0.006680012758657781j),(0.0005270785700043484-0.00022808829481325458j),(0.008576115512743183-0.003733829692687777j),(-0.00016054658348408667+0.0005106370778546253j),(2.8119599285613423e-07-5.257909059227193e-07j),(-2.2912733295308962e-07+1.0117843621050069e-05j),(-7.147224779800914e-08-1.0626664608676829e-08j),(-0.025361621527512875-0.0049298926881624645j),(0.004922522416058936-3.9129620279051806e-05j),(-1.5664937548962896e-06-5.351613914540783e-07j),(-7.237977927759944e-06-1.6908074351968832e-06j),(0.43219224533779244+0.008522580822938802j),(-9.518889499451642e-08-1.00164105045055e-07j),(2.587666533712887e-06+4.903168661746558e-07j),(2.4615971123003693e-07+1.1779277664010228e-07j),(-0.00011860091123041725+2.8173973730731262e-05j),(-1.5773857848984527e-06+4.715999566298883e-06j),(1.2732099113694254e-07-3.305478159413085e-08j),(5.144532619290459e-07-2.5197815771547676e-07j),(1.9304691938017175e-06-1.7345116444532937e-07j),(1.6783797777268588e-05-4.530885373576419e-06j),(0.01344061613497574-0.0023600565162825824j),(0.00022075095861433632+4.3314802763195686e-05j),(-2.7969061521900926e-07+4.2771900020929984e-05j),(0.07934098341038469-0.007322858389957445j),(0.0007807703324106262+2.2451695296958564e-05j),(0.0003088073839876326-4.596821719581193e-05j),(-0.00017244328182537165-4.238792316015365e-05j),(0.00018095327073396072+0.00010004836900811341j),(0.0012199302617179888+3.0780075614759896e-05j),(0.00012433614806975035-7.16283265848998e-05j),(0.0011347817618025545-0.0001432522497760929j),(-0.0008353078690126838+2.8463419825206936e-05j),(-0.0003168686366318324+0.00016985057735625033j),(-0.00044081849930438293-6.2805153543904e-05j),(-0.013910409294054933+0.005579449854249566j),(0.4283004830223166+0.00010521038866398436j),(-0.01570445699187817-0.09944956260343858j),(-0.015444047379250979+0.010021112506720206j),(0.012864487235906346+0.011366710482544283j),(-0.16065630145211732+0.06047613161267869j),(0.08306210676214722+0.04016507269474007j),(0.02991387552915156-0.024194076608368784j),(0.0012974731398650472-0.006885541523104865j),(-0.0009722009926103981+0.0009519242008369422j),(0.001576575324950004+0.001398160912532987j),(0.024955117349967703+0.004605182583498584j),(-0.007656601059795-0.0013428762725064222j),(0.001257811607183243+0.004002966037243103j),(-0.18562948436332316-0.02383043192965105j),(0.2159609252955762+0.03003374304688326j),(0.131291806529498+0.03158534832249139j),(-0.022178798553930828-0.00987273045887831j),(-0.01763081040166499-0.002766585220748507j),(-0.027346052102525175-0.025808198438889186j),(0.19567120103651386-0.04550751061287652j),(-0.07245670396211203+0.012274534918714653j),(-0.0311310791791643-0.0023623254085237697j),(-0.20310576391793037+0.02149284082274045j),(4.350373433210616e-15-3.694772774907271e-15j),(-0.0050918202855714766-0.0495141291029478j),(-0.0816734657541381+0.004719841799599188j),(0.03993201998208808+0.030418554536217727j),(0.006901900049921176+0.0001375544519132186j),(-0.18056269469167927-0.007257463318328373j),(0.015631331314914898-0.022348831134437457j),(0.010212491431313664+0.00357210430031432j),(-0.1132950183737581+0.009784329246322838j),(0.027248098321472628-0.006135508513346397j)
33,(-3.4166079865533666e-06-1.906453733531277e-08j),(-2.999282576645369e-06+4.488615485233066e-08j),(-2.105998179783769e-21-1.7117003114165006e-21j),(1.2031515301245534e-22-2.228854797494133e-21j),(1.2581662178729271e-21+1.759549198642801e-23j),(5.512036963248907e-15-4.3379729585210444e-16j),(3.224450822409567e-06+5.269690245217448e-09j),(5.8771339440150695e-15-4.592025921378896e-16j),(-1.3660500877042876e-14+2.3865187383718986e-15j),(-8.569087490372126e-13-1.0948634687612276e-11j),(9.999681264453153e-13+7.229907824927067e-13j),(3.22925229438796e-12-3.2326893492304026e-13j),(-6.948857976154163e-11+6.670871303750518e-12j),(0.01256822057969595+0.00012146580272062854j),(0.011580933655420648+0.00014364278322042084j),(-7.34471337070939e-11+8.064315062413064e-12j),(3.4936709990780775e-12-3.892935795787797e-13j),(-0.004989273636774738-5.2886697546288487e-05j),(7.986364254224104e-08-2.2435561574937595e-08j),(-0.004489161646643556+1.3047997560489914e-05j),(0.003710532769061744-0.0037829334141164534j),(-0.4990023809216998-0.006240054935978422j),(1.331922597205746e-07-4.861468496579524e-08j),(1.0515827927534744e-08-2.340156331695905e-08j),(-5.400806813835834e-10+9.782013173065106e-10j),(-0.3678265915309548+0.0011605107427927405j),(0.008317382166093335-0.0019281696145431915j),(-0.00043805633962446926+3.1563917942865026e-07j),(0.02244515905723385-0.008175308105440735j),(-0.0003937727990291938+0.000885354382848465j),(1.0063112829377669e-07-4.578338850650732e-07j),(6.173351621825301e-06+1.0671581876549078e-05j),(-9.576096428154753e-08-3.95185787183913e-09j),(-0.023372014058302245-0.004084049734903032j),(0.004853737111234361-0.00017193271460721029j),(1.2175795588476277e-06+3.9186680986217164e-07j),(6.438996670157903e-06+1.2953795361766047e-06j),(0.44364238009018986+0j),(-1.2558243856463824e-07-9.77524354206876e-08j),(2.4635321298441244e-06+5.557640544275916e-09j),(6.814527771053087e-07+4.280220493665545e-08j),(-1.1442446183061641e-06+2.568738350893007e-05j),(1.1808320736423906e-06-5.438233246138877e-07j),(-4.281246979131336e-08+5.180138994871965e-08j),(-8.382265407387655e-07+5.017986439334053e-08j),(-1.2954144326255673e-06-1.0951193897196007e-08j),(-1.4730083337419295e-05+3.7803591948050475e-06j),(-0.011785981629524787+0.0016995029757397996j),(-0.0007430055144418536-0.00012457280868413074j),(-2.2903268820833467e-05-4.820415061364098e-05j),(-0.3588695328842325+0.007981270230769503j),(-0.0011030518183136576-0.00039985901293253083j),(0.00039920775713704577-0.00018033424982951727j),(-0.00023428982109237597+0.00021014686964936777j),(4.3609444364275846e-05-2.9150552080368218e-06j),(0.0006542845863358417-0.000389273273892162j),(-5.887631244737872e-05+2.032597129575558e-05j),(-1.3845451791901967e-05+1.929067619037481e-05j),(9.734484935120736e-05-8.512464711070375e-06j),(0.000344638644980408+8.516555966509251e-06j),(2.8509948954154396e-05+2.640629656927696e-06j),(0.003031373014534375-0.001053789186291702j),(-0.08159620099574111-0.011583028351840892j),(-0.000654733713164617+0.02159876678167949j),(0.012566275132890057+0.009907318272316116j),(-0.003595889255195611-0.005321543869150808j),(0.05407159797917856-0.06279693423968334j),(-0.18624594412435602-0.013950607691720338j),(-0.0816657633484378+0.017488883155817883j),(-0.001159483073873186+0.003667325276259614j),(-0.001428291494711537+0.0020736673818916415j),(0.0015559857410184388+0.0010182345565560476j),(-0.01881955033561583-0.003910338754906513j),(-0.009992221174182754-0.0018735012218766087j),(-0.003428620159880124-0.0025406392667885144j),(0.06891493558777963-0.005615949814590647j),(0.14125680152328565+0.040135614031321674j),(-0.22863833927129829-0.005347239005594848j),(-0.14132908401063396+0.01846126891813614j),(0.005650277924422857-0.0037725584267821115j),(-0.03552639670977527-0.0332001619273269j),(0.15250325244427262-0.024444413073695603j),(-0.11010995028490864+0.001787376809223487j),(0.03611587325460092+0.002575588196752838j),(0.013148067516497516-0.007827699505249738j),(-2.088837042597849e-15+3.043932072917345e-15j),(-0.03834278975220991-0.039846834667687715j),(-0.01528625083929833+0.011950143212290692j),(-0.039590412800020736+0.03039227857268755j),(-0.04337154373802099+0.010628230493815831j),(-0.2573825107459697-0.024260823750567304j),(-0.0013232771628053158-0.004544780109693076j),(0.11848240587090327-0.02996321688382357j),(-0.019991565678357266+0.019910520923942573j),(0.021500482490651195-0.016733979904885007j)
34,(-1.077831359029085e-06-2.0545214784909604e-08j),(4.57014678282936e-06+2.2809474264853096e-09j),(-4.7760473081431094e-23-6.75078120805003e-22j),(8.983251495785626e-22+1.388057055496272e-21j),(2.193660181739747e-22-4.348359275905863e-22j),(1.7350560796645757e-15-1.089554122036314e-16j),(2.9985221028300953e-06-6.006564608936194e-08j),(-8.66490701120895e-15+5.461422972863449e-16j),(-1.2675073007512085e-14+2.4248511192661075e-15j),(-7.645891738619651e-14-3.5583138667055335e-12j),(-1.376482941086746e-12-1.0911376614275418e-12j),(1.0003387741888422e-12-8.889130345545816e-14j),(-2.1531278145471592e-11+1.8395526657811138e-12j),(0.004301765448474+6.145732025268343e-05j),(-0.015664831913225537-0.00021142911266391765j),(1.1264665827605756e-10-1.0173248484860275e-11j),(-5.261382880262801e-12+4.868873312606657e-13j),(-0.0013994200916245972-2.945967219117464e-05j),(2.2519050048544905e-08-6.070639968434668e-09j),(0.006208294846543927-3.8894278370053825e-06j),(-0.00154861492589288-0.002282842397950875j),(-0.09264521129314628-0.004035206723319362j),(-1.8418676508900654e-07+6.680037555688221e-08j),(9.24458671903192e-09-8.701657809072435e-09j),(-4.1938154021888247e-10+2.7584029321012485e-10j),(0.5804036834479497+0j),(0.01097874863337533-0.0031457720698004525j),(-0.00017871030795299823+0.0002277395150114489j),(-0.029781667100147458+0.011310188178782828j),(0.0005365132465181371-0.0013801942725430792j),(1.5977089376065876e-07-4.451424654719387e-07j),(6.547454488324022e-06+1.081461386184616e-05j),(1.9318023709959086e-08-2.354670315770617e-08j),(-0.02266120070930567-0.0035877218033952604j),(0.004619095157586468-8.095691882644427e-05j),(6.760691188003943e-07+2.714642291066119e-07j),(3.7128008492985315e-06+8.558244810779145e-07j),(0.4014333333765989+0.00010224582188797515j),(-1.1698405256984916e-07-9.608256328363728e-08j),(-4.733619436081549e-06-4.968913202367624e-07j),(-8.090008039834075e-07-1.235819721183032e-07j),(-1.3824806203371221e-05+2.3594804692133106e-05j),(9.351997231687158e-07+5.7147194981826956e-08j),(7.542654845786389e-08-1.5588826787399686e-08j),(8.180798277956442e-07-7.44427378769349e-08j),(-8.394448153893175e-07+1.6915358253183873e-07j),(-5.957245414167374e-06+7.002063567024284e-07j),(-0.004093890533078461+0.0006668967003515269j),(0.00041244596936169757-1.1174871881692913e-05j),(1.8285887162487375e-05-1.9165157207766065e-05j),(0.051615009914691395-0.008822515785742464j),(-0.0002728057764625276+5.49289002976228e-05j),(6.210005085470496e-05-1.2585331250138561e-05j),(0.00011360342132446364-4.029350455918228e-05j),(-0.0003410194122793155+4.042600284607284e-05j),(-0.0005970509811337976+7.145427964250353e-05j),(-0.0002067809004958732+2.9224119995966085e-05j),(-0.0014705019503559382+4.644482248728965e-05j),(0.0006968819060988492+0.00010780972340635085j),(-0.0008470173510997423-0.00012387662918654635j),(8.729450036004746e-05+2.823961330279753e-05j),(0.005980970079958294-0.0032906301357796984j),(-0.28407778400812655+0.01939062664653056j),(0.025191720208025334+0.06043891608087328j),(-0.010365183896716087-0.03470530546649376j),(-0.01201138081158489+0.00036434348753348433j),(0.044579912555456236+0.08114032924555464j),(0.3453277105299539+0.00046262631218765837j),(0.15062464290229408-0.019078892138691045j),(-0.0006003946060081199+0.0007349561067666148j),(0.00304283166578146-0.004526801140314334j),(0.002794505769878223+0.001934907462828703j),(-0.004104791589318069-0.0010012079811520997j),(0.02305999375022426+0.004327981924199356j),(0.009531468257643828+0.0027803257502720343j),(-0.16830250641469566-0.027066749612447327j),(0.11307957589240261+0.026067514731280772j),(-0.11240411184516563+0.0234254311936558j),(0.29959094760031146-0.00022412964826361292j),(-0.026186351509045743-0.003057265916291376j),(-0.11023640168903687-0.01816572431966583j),(0.12559874994217837-0.04553104404707331j),(-0.04454634475780733+0.013837897715765308j),(0.03876239805789629-0.005039634835119048j),(0.001478547107634321-0.00693297960161833j),(-2.1613447055835146e-15+8.713896740213033e-16j),(-0.010794649242100005-0.013689363273662332j),(-0.11492709489489483-0.000710255461244591j),(-0.10328719637772071+0.032612172626587485j),(0.005663382757195191-0.004371730716021415j),(-0.16746173152724383-0.012399316861404549j),(0.020130990166168344-0.02671501399573935j),(-0.03389967689433134-0.004862275416728058j),(0.045889766839926474+2.679680565284906e-05j),(0.005529448331540456-0.01658135321781801j)
35,(-9.05876794406897e-10-1.237116216183605e-10j),(3.6214298673283514e-10+4.644501000876992e-11j),(-1.6162018396886178e-24-1.5631711982661826e-24j),(3.015408760903566e-25+9.380496663337606e-26j),(-4.7342561240506976e-27+3.8235232337764484e-26j),(1.9159289778552134e-18-2.791368634756347e-19j),(-4.917203023072271e-09+1.9959124697874113e-10j),(-8.167878635523296e-18-8.976298512793611e-18j),(-1.0631137363266394e-17-8.679924814783078e-18j),(1.0318375779984467e-14-8.284776681193412e-14j),(-2.0908792328152445e-15-2.8547959103638437e-15j),(-2.2417890389704535e-17-5.2037827541964756e-17j),(-1.3515342904102396e-16+1.4192792716229466e-18j),(9.845368327750822e-05+1.493914074223406e-05j),(-3.412904472487629e-05-5.277195854455954e-06j),(5.259284616926275e-17-4.1305797380653435e-17j),(-3.408408486304261e-17-5.392323230239417e-17j),(5.069175708375951e-08+1.299229207712863e-08j),(-8.79470830860504e-13+3.001757949720557e-14j),(-1.3347415946830692e-08-4.021892339785728e-09j),(0.00020623504468983506+0.00010314192624180528j),(6.571977503432325e-07+2.538478980351548e-06j),(4.453053104354268e-13-2.4445598425785323e-14j),(-2.405708818251485e-13-9.699510435062367e-15j),(9.971685129614637e-15-1.245259892561243e-16j),(8.773062101670766e-06-3.0785106469198063e-06j),(-0.0005808705896872024-0.00016555551238797893j),(-3.693619360279524e-08-1.6862479343421673e-09j),(0.00011649022167869739+2.452115299900829e-05j),(1.888092253281568e-08-2.254074101982125e-08j),(1.482198197105225e-08+3.143017108264776e-08j),(3.5602715013646286e-10-1.1549491923469334e-10j),(-3.5082268737390833e-09-1.5680631336877994e-09j),(0.00113129744920635+7.084436505431851e-05j),(-5.103026094911237e-07+1.915405577362118e-06j),(-2.047365577716493e-10-3.5675879972845087e-10j),(-2.3178948036761867e-09-1.9062843011713972e-09j),(0.000131088389571246+9.410796207378023e-06j),(5.248417475709131e-11-3.943931308808718e-11j),(1.991557358208926e-10+1.1285165251501962e-10j),(3.064244911360923e-11-9.612554768487958e-12j),(-1.723722269056974e-08+4.912799751255922e-09j),(-9.463832095951891e-11+5.016303019041266e-10j),(4.5908579352766147e-08+9.710999232771354e-09j),(1.2962958573454137e-11-2.5779460453730883e-11j),(-6.118655312777558e-10+3.816690297030157e-10j),(-1.6684685127087922e-08+1.3054373156373016e-08j),(-0.031730225500340103-0.00030028208832193117j),(3.8168759412894e-06-3.711400823012386e-06j),(5.6481473608238196e-08+6.081789477914577e-07j),(0.001759114568742842-0.00022540127126578245j),(1.0938532404609199e-05+5.051409159991295e-08j),(0.0002906045047982199-6.44254242834934e-05j),(-8.871368969277857e-07-1.0128798329060527e-06j),(9.828905841384727e-05+6.310368879244266e-05j),(1.0770919485656936e-05+1.6235039237057078e-06j),(2.0851697162244707e-06-8.48553342989552e-07j),(1.9310535998797782e-05-1.4060430419611837e-06j),(-0.00032378815261779675-1.1137851288614347e-06j),(-4.631083488312667e-06+4.130601466742995e-06j),(-1.0345004219528291e-05-2.943446866958373e-06j),(-0.001034072869285682+0.0006090778965561466j),(0.03727531886212612+0.16600926135578178j),(0.7285443209992333+0j),(0.001056328614563323+0.0036902927869634046j),(-0.002853793687497573-0.0013348290465342717j),(-0.00948113937212975-0.0018504309973512304j),(-0.012577750481362187+0.012114513656940294j),(0.0035521071182666904-0.0003026071891174028j),(-0.00024428645860027383+0.0003758302915528676j),(8.710640397634939e-05-4.9662079032270935e-05j),(9.727359541927385e-05+0.00020537826865630183j),(0.00682542272770196+0.0022121820698402356j),(-0.001972949113914167-0.0005998098101116663j),(1.8143267471491948e-05-0.0001722289919466011j),(0.004202057102102481-0.0014273629822372678j),(0.30750492847515476+0.0025407186683805427j),(0.2668881115561102+0.00299965152919425j),(-0.04928492222379399-0.007991156029357262j),(0.00018050871348464754-0.0001365194966392276j),(0.0016404850945953425+0.0007496831934229143j),(0.0029406089745015454+0.0002918447278513346j),(0.08364616873504407+0.0018579003231203803j),(0.20117720884059953+0.02019145419773976j),(0.4680108475034346+0.0018103744079078499j),(1.3028679482566123e-15-7.413022623614547e-16j),(-0.00242482918575316-0.0008499390800875583j),(-0.014482837158797805+0.0018190417818458472j),(-0.0141047268062503-0.0061470074379928775j),(0.019565568047807378-0.012349236632779289j),(-0.000942970580727219-0.0024849376174010417j),(-0.0011482702374131686-0.003652834588015962j),(0.025603947855777926+0.0004611631697664072j),(-0.016190677022938+0.0020815171768716013j),(0.0010591937328676855-0.0009934148378374444j)
36,(1.8943430526865135e-13+3.9061905482314257e-14j),(-8.950096010786952e-14-1.9067366932018664e-14j),(9.578723912296697e-28+1.1078307896927517e-27j),(-2.1145506902455507e-28-6.789726561629759e-29j),(-2.805872095640352e-29-5.167950509003513e-29j),(5.670903649406285e-19-1.1146342405510735e-19j),(2.7400437832077467e-12-1.6807580025477307e-13j),(-2.3317053750716846e-18-1.1695243316042833e-18j),(-2.271319013729357e-18-2.9786373015451603e-18j),(-1.7606175883995807e-16+6.19003192228626e-16j),(1.2587580153932645e-17+2.4253274474034876e-17j),(-9.666206412059525e-17-1.6852011437603933e-17j),(5.2021336183043915e-18+1.2532207784581176e-17j),(-7.860886402850301e-07-1.786804007516182e-07j),(3.2175577639139335e-07+8.048883897292451e-08j),(-3.970756258513774e-18+8.032183652579215e-17j),(2.9917450799960386e-17-2.0215286808460908e-17j),(-5.527796394399798e-10-1.8258638605877176e-10j),(9.735073265280474e-15+3.275964291765486e-16j),(1.7139229512177965e-10+6.764069102189497e-11j),(-3.320632423071341e-06-1.9693477107984535e-06j),(-8.443142519855108e-09-4.486097374000218e-08j),(-5.874864794386687e-15-1.8758491380226074e-16j),(3.429915762708305e-15+3.1477486369795953e-17j),(-2.2117048219835685e-17-5.2635546135449333e-17j),(-1.8697528852449043e-07+4.860805058822692e-08j),(1.3481988564975156e-05+5.942002904273891e-06j),(7.664694864862769e-10+1.4909785386876717e-10j),(-2.8438447912711765e-06-1.0285798112048167e-06j),(-4.668303226615563e-10+4.144682524190753e-10j),(-3.6172337925805914e-10-1.0290296571098291e-09j),(-7.970879942138248e-12+1.3478532997607587e-12j),(1.240261403758302e-10+7.325460269006209e-11j),(-3.5329576092820136e-05-4.118009593886839e-06j),(1.4006295820472543e-08-5.774945126363894e-08j),(4.774391269819285e-12+9.828923475545595e-12j),(6.573923474037441e-11+6.202323369854713e-11j),(-6.050207758537157e-06-3.0673004711128616e-07j),(-1.554926303427026e-12+1.232070718330113e-12j),(-6.811141657624334e-12-4.653735928653893e-12j),(-9.937442837047263e-13+2.216344454135956e-13j),(8.501772710583619e-10-2.2425632394143236e-10j),(6.586373336053368e-12-2.5187220113562573e-11j),(-3.645702039886515e-09-6.611651733667975e-10j),(-9.252158228501832e-13+1.5030751739112544e-12j),(4.3627218823309354e-11-2.8520707713272155e-11j),(1.397124397573284e-09-1.1596986614192704e-09j),(0.003876384142868161+6.71079677802334e-05j),(-5.236923137677228e-07+4.2408015659611967e-07j),(-1.1393313363783054e-08-9.1354996325548e-08j),(-0.0003066215778247208+3.609053324313065e-05j),(-1.7540407365284647e-06-1.0514459926590477e-07j),(-6.629106850375037e-05+1.2857580778781613e-05j),(1.5991056922460593e-07+2.158603838752348e-07j),(-2.7379945271119456e-05-2.284850631700324e-05j),(-2.4268811707720253e-06-5.306807051010297e-07j),(-4.963097676737448e-07+1.48599532625125e-07j),(-5.208647416932306e-06-8.392124042633553e-08j),(0.00012093241336089025+1.8582682461304218e-05j),(1.7924824999555113e-06-1.4606023582051373e-06j),(3.7352749483211934e-06+1.5074801696919335e-06j),(0.0005880228185471033-0.00035347547122841394j),(-0.012395170267023595-0.1455502012726385j),(-0.6431242004158764-0.0022934118359194122j),(-0.0014533043574805318-0.004436135157444258j),(0.003549372299605954+0.001385468219034331j),(0.01122415404545182+0.004913866861077419j),(0.018148294401668437-0.012006251680331417j),(-0.00728057246529977-0.0015051732706409964j),(-0.000496635002610095-0.0005706330301167619j),(4.934066712093132e-05+0.00015301588590130243j),(6.54877492837591e-05+0.00016137416139308682j),(0.005681158525881121+0.002010927624901476j),(-0.0016150200503230695-0.0005429061176247192j),(-0.00014125475148378343+0.00043619191434786093j),(-0.02660030919040838+0.0003273621790456996j),(0.31225573119802325+0j),(0.27780085401721777+0j),(-0.05187247266143842-0.007556766673752359j),(-0.0020410374884443894-5.5042200597698655e-05j),(0.018710066848968386-0.0052440700281218625j),(0.019144751214570998+0.0005445401564156227j),(0.11084449592636933+0.00209174970443924j),(0.24362173567675208+0.022889534746892176j),(0.5495135055961115+0j),(-8.026988769964424e-17+4.552412524270824e-16j),(-0.012944850460212862-0.001390316869579457j),(-0.023399907836943686+0.004031704163437033j),(-0.0473091487895789-0.010257003787666353j),(0.028134384989746034-0.017627875978459048j),(-0.0030305916400590093-0.007461703934141676j),(-0.0018807837152980534-0.006214816665378935j),(0.05456344921320795-0.0033410407962768196j),(-0.03226798253662147+0.007382805072045997j),(0.0025718278033172942-0.002959289920027613j)
37,(3.2713229745738477e-09+2.400708514055442e-10j),(3.4044658045906926e-09+2.299963040542958e-10j),(7.273790763839666e-24+4.3572299866808006e-24j),(9.977650857112893e-25+3.141195954137922e-24j),(-5.476248398222036e-25+2.84664420255995e-25j),(-1.4199854449012264e-17+2.473965333224491e-18j),(-8.171027585328499e-09+1.5615013229768118e-10j),(-7.014453328847392e-18+2.0620921607586824e-17j),(3.3201452525242556e-17-3.629683289360536e-18j),(-3.1250659542346095e-14+3.932769283375873e-13j),(-3.1457395412244315e-14-3.134641885920094e-14j),(-7.917006613257156e-14+2.458324785379386e-15j),(1.755553619687969e-12-4.6807908710808384e-14j),(-0.00047327100041291226-4.015673143382223e-05j),(-0.000519073337985231-5.588038569669679e-05j),(2.2136481609424174e-12-5.505451731406195e-14j),(-1.0228529623684006e-13+2.7416635013923867e-15j),(0.0002611306913450183+2.130272956189079e-05j),(-4.247035185184182e-09+8.769494983223132e-10j),(0.00028122870390617603+2.3750645038465656e-05j),(-0.0003216939461497606+0.0002816764151728447j),(0.04182824595902607+0.0035233912897330547j),(-8.578197239143544e-09+2.3133682249596883e-09j),(-6.927507890267961e-10+1.6446105902146733e-09j),(3.4720251157351544e-11-6.650992928271161e-11j),(0.03726008136209189+0.003225540297819719j),(-0.0010295783271132414+8.011080734865282e-05j),(4.473859685858041e-05+7.09793492550735e-06j),(-0.0029626287732074214+0.000589046194053353j),(5.503073743250435e-05-8.442442646426649e-05j),(-2.4408159908026404e-08+7.092744972259606e-08j),(-4.6801317817135366e-07-1.2194876379211166e-06j),(1.8489095738893917e-08+3.1976456109970753e-09j),(0.0036947880195289245+0.0008760991073971391j),(-0.0007372166129594837+4.490506269780618e-05j),(-1.5745909750238915e-07-6.417887596007719e-08j),(-9.661509922605518e-07-2.7193167609100704e-07j),(-0.11076637399791311+0.002842777292977574j),(1.9695113655740454e-08+1.4431624850796598e-08j),(-4.589852979215279e-07-4.509857390287273e-08j),(-1.0915173477386014e-07-1.7337461426637383e-08j),(4.6904913151045943e-07-6.9055394050717495e-06j),(-3.4473076951970604e-07+1.2491479346590366e-07j),(2.01861795828008e-08-2.6594125290954845e-08j),(2.9662119710726605e-07+1.4474230509803434e-08j),(5.703597405349792e-07-1.2044309440096877e-08j),(8.118182602665711e-06-2.457057012543604e-06j),(0.011524247677749068-0.0015246365147878447j),(0.0007375444022065278+0.0002507538198948887j),(3.840290839875697e-05+6.798508646409795e-05j),(0.7382137963453788+0j),(0.0017573337056993057+0.0008967961796428841j),(-0.002171641224413022+0.0006747673444089757j),(0.0008456854238957151-0.000422705254796846j),(0.0002152090264966615-0.00034081819695156763j),(-0.003829477436372544+0.0008394729705011052j),(0.0003162613504287054+4.5555346908337024e-05j),(0.00029684813417556915+4.551735012586392e-05j),(0.0003933461301723863-0.0002051175390516699j),(0.0017969090360625565-0.0001846161830379943j),(0.00013722942911124564-2.8903033042761626e-05j),(0.007714203348483726-0.0025584496306052256j),(-0.15586828245605935-0.012358618142334118j),(-0.0013342049012600513+0.04069119154831735j),(0.020711612948574928+0.01684268218025817j),(-0.005794281879931202-0.00902644165589855j),(0.08222034307575413-0.1076037669712835j),(-0.30746114337215025-0.007864301585345568j),(-0.11897851376072231+0.030639773708273026j),(-0.00233373421541526+0.004524085194299478j),(-0.0023226847427244525+0.0023336956520066047j),(0.0014401197569840556+0.0009785439429192975j),(-0.018008772079410363-0.003908469110807441j),(-0.009522587579812173-0.0018795764536967607j),(-0.0049803258352787-0.003527346820809867j),(0.0923232639918507-0.008671388804559057j),(0.14156112154635536+0.04028478127382986j),(-0.23038415098571352-0.005346725195492119j),(-0.14265066528210085+0.0188059325057272j),(0.007333047574015998-0.005080073642604021j),(-0.04518834308962652-0.04107338458752846j),(0.18722705418685934-0.030055751955913736j),(-0.11627670013267113+0.0016851427397407207j),(0.037509222620750085+0.0027159116866375243j),(0.013589659041400654-0.008062558797805552j),(-3.598578528697033e-15+3.618983013350141e-15j),(-0.047042825877181456-0.04797851410886157j),(-0.016631191851123904+0.013118576244400748j),(-0.046120537403494914+0.03641253642554529j),(-0.04645689260409499+0.011241489661270582j),(-0.30160662127826166-0.028615304702183358j),(-0.0014334631173610242-0.004996621705822317j),(0.13386364842584103-0.03481641550749481j),(-0.022280621548607937+0.02261046341702381j),(0.024808840700341426-0.01959296162085436j)
38,(-2.5662510127121714e-08-2.1291791340774933e-11j),(7.285090918639386e-09-2.68388695492255e-10j),(-5.099584726398855e-23-3.451937653444413e-23j),(1.547180650462191e-23-6.5042151032681154e-24j),(5.532784871308959e-24+1.6073607993888004e-24j),(1.159605573155655e-12-9.079632101024959e-14j),(-2.0217484953568616e-08+1.396451711861768e-10j),(-3.8954773336991684e-13+3.938294210115603e-14j),(2.3483203220662978e-12-3.919809835750947e-13j),(1.4213585389890902e-13-3.8038583337241125e-12j),(-6.298463182295447e-14-7.074457415119302e-14j),(2.2964388642652406e-11-2.459359821358285e-12j),(-4.767740247094151e-10+4.927633501983447e-11j),(0.004706997687227856+5.184824940464338e-05j),(-0.0009526293757730332+5.132475164678306e-05j),(1.8044187304500425e-10-2.0828085113385686e-11j),(-8.43517203774724e-12+9.968508088032733e-13j),(-0.012743253069184562-2.813380686911873e-06j),(2.048809085446697e-07-5.96624777839663e-08j),(0.003616386885984141-0.0001500750140097215j),(0.010085307655811247-0.000615283755140575j),(-0.509147539119048-0.00013065857988208557j),(-1.0595857604118846e-07+4.338741568271067e-08j),(2.9088404778548413e-08-3.5384920004550324e-08j),(-1.4552448404732624e-09+1.4325960547169418e-09j),(0.21503496275050052-0.003391904960078771j),(0.03161434734706683-0.0060496452601471115j),(-0.00029528652035169263+0.00023801144937022668j),(-0.010845618604269469+0.003963299390355795j),(0.00010507558268207858-0.0004980589329957378j),(-8.071785935354258e-07+2.682753684423959e-07j),(-1.836883163030441e-05-3.246321005640377e-05j),(1.4595674691853512e-07+1.2428844646458892e-08j),(0.017142506651282727+0.0052870581690694024j),(-0.010313743479235181+2.9744568301573286e-05j),(4.2743296198173115e-07+1.864562165161357e-07j),(1.1173534170790838e-07+4.86746931808022e-07j),(-0.42598662494977474-0.008091645274339795j),(2.2972522362298613e-07+2.1079899728481387e-07j),(-2.592686591659652e-07-1.3890386793899918e-08j),(-1.2289279378464977e-07-3.9970025191237287e-08j),(2.1590907685304897e-05-2.231421426433741e-05j),(-7.893433982509085e-07-2.953281854954099e-07j),(-8.171113800506661e-08-5.089389210178551e-08j),(7.241486825825788e-09+2.5939661588895852e-08j),(8.972182275758355e-07-1.7331449870709404e-07j),(9.00064731563253e-06-2.892425844613805e-06j),(0.015996563553796472-0.00216265230324033j),(5.733634931278632e-05+2.2000077500202835e-05j),(-4.222549239851555e-06+2.728585690374219e-05j),(-0.005959861823384849-0.0014858480116599956j),(0.0004481249198689023-5.545272900451414e-05j),(0.000554097641486998-0.00013288144538522325j),(-0.00021392300966911558+9.197091085434703e-06j),(0.00019741495602990203+0.00013642570229385338j),(0.001366407253526728-7.156456980253099e-05j),(8.740175981983277e-05-6.374320314421913e-05j),(0.0010255827407584033-0.0001305001186596652j),(-0.0009238707904204121+5.0863116617545973e-05j),(-0.00038899895892737033+0.0001784641213539157j),(-0.00040613149000243024-5.742968352928095e-05j),(-0.013936623904399278+0.005772393029922998j),(0.44334591597630457+0j),(-0.014874632893541392-0.10307324913714704j),(-0.01618406198214199+0.009459402445729676j),(0.013874015218980395+0.011660225680386363j),(-0.1627050372481269+0.0644446655203701j),(0.09215358796252138+0.039298378083690126j),(0.03060179322824677-0.025712260399946466j),(0.0010876372240560634-0.007399004457606864j),(-0.0008926162548702353+0.0010619959166051996j),(0.0017526854150569176+0.001495373839458389j),(0.025848271908448277+0.004687020801144341j),(-0.007995712374094473-0.0013734711511078613j),(0.0012353269070077089+0.00423954063069125j),(-0.19580439955656595-0.02352825314893188j),(0.21410369255007453+0.029901653451357653j),(0.12939584803775855+0.031424753491206596j),(-0.021900396560852055-0.00976278733381642j),(-0.018267936607344368-0.002649889196150879j),(-0.019593290828643747-0.026704672106026305j),(0.19900705902655716-0.0449205999699791j),(-0.06807092924548706+0.012848252243171546j),(-0.025343661680820227-0.0029382719700205345j),(-0.2071747509975761+0.021067801100655724j),(5.330745805225586e-15-2.636412121692029e-15j),(-0.006616607580451388-0.049991741723043555j),(-0.08864130261539285+0.005473815619551854j),(0.033021742443227045+0.028339530588689998j),(0.010672687827308305-0.0017551740150401956j),(-0.17901331016840738-0.008723468287336682j),(0.016132817401560685-0.02429137437543856j),(0.018419214674437145+0.0035072875278305696j),(-0.12499428097384327+0.011550998242590517j),(0.02840724767800835-0.006304455665799779j)
39,(2.0230407201565456e-08+1.1818795159552402e-10j),(1.773870341457248e-08-2.610699809538494e-10j),(3.776427533890748e-23+2.753342550935561e-23j),(8.468751967732264e-24+1.3466511281831636e-23j),(2.884823740453899e-25-3.8263856501406064e-24j),(-9.142299630574781e-13+6.691582433010113e-14j),(-1.8733884689657736e-08-1.5739200675226069e-10j),(-9.54667206726901e-13+7.566547328825816e-14j),(2.306443921945887e-12-3.9385942005583805e-13j),(-9.937691854109263e-14+2.9928126134578807e-12j),(-2.0749836367021486e-13-1.7648470857994623e-13j),(-1.806296627999216e-11+1.842783278375094e-12j),(3.7480905158247094e-10-3.678358563324708e-11j),(-0.0036628581838683404-6.229985535059963e-05j),(-0.0033746435073142163-8.72989709603363e-05j),(3.9636086759110237e-10-4.4109105365064826e-11j),(-1.9486223240990663e-11+2.203099390319394e-12j),(0.010170445398946137+5.7460385026891204e-05j),(-1.6369147725418923e-07+4.671003951605282e-08j),(0.008932488508572584-0.00011212693827806781j),(-0.006317101224390778+0.0017059946044612586j),(0.44650919293856317+0.0026594844095478784j),(-2.6547283075485464e-07+9.954611903658454e-08j),(-1.804942934421035e-08+2.799393712806083e-08j),(9.325070559181013e-10-1.2453496684825058e-09j),(0.32227549153325846-0.0042098584023775865j),(-0.01862757883328416+0.002036281038240672j),(0.0002133423690821014-1.9837973496334603e-05j),(-0.03341566945659486+0.006945998958929037j),(0.00019006444141612876-0.0007828844280442267j),(4.47800175585492e-07+1.7351182223964665e-07j),(-2.091491321803662e-05-2.923600154558162e-05j),(3.6142721965929217e-07+2.7143891028719694e-08j),(0.006070071183567699+0.0018850873370719612j),(-0.009175698717927701+0.00010996066180920302j),(-1.92265793690991e-07-1.2181651176649549e-08j),(-6.077641551718682e-07+3.897191534064358e-07j),(-0.32031401047974706-0.0035840430064956325j),(2.067201855217043e-07+1.8856921115548944e-07j),(-1.144378748151348e-07-5.5392424363563713e-08j),(-1.0213905077118319e-07-2.2773249121240423e-08j),(5.718435160679218e-05-2.158900600044897e-05j),(4.288004790707369e-07-2.1798101011643824e-06j),(-4.012506088535928e-07+7.751492203882378e-08j),(-7.646365346365943e-07+1.4688899992566962e-07j),(-1.199933213287577e-06+5.089808178386066e-08j),(-1.4408078313091524e-05+4.4819391093427965e-06j),(-0.019429481942086664+0.0024970156775263605j),(-0.0009076603625736479-0.0001896706428948422j),(-3.346354968409251e-05-6.587683772181705e-05j),(-0.5553698799597525+0.006852687708306694j),(-0.0015683939733684045-0.0006394641756810684j),(0.0006621284948870863-0.0002894383745871412j),(-0.0004517755351026151+0.0003206609589462715j),(4.7596428699764e-05+2.1644566713253444e-05j),(0.0016076263952568889-0.000596714121953291j),(-0.00014104992731577725+9.878763221928109e-06j),(-9.735199982360451e-05+9.802478297263314e-06j),(8.47876556779029e-05+3.0685138449763463e-06j),(-3.927310626829131e-06+3.2749879853737564e-05j),(2.7488061335825394e-05+1.0307432940717491e-05j),(0.0022128300038554327-0.0008625407070480757j),(-0.07368327574240244-0.011531555886345007j),(-0.0006841514421687261+0.019615350890591996j),(0.011574454811924763+0.009801160438197665j),(-0.0033941541129187116-0.004853690893076819j),(0.048903281559905434-0.05883363878000829j),(-0.1753778608990267-0.013565139706522983j),(-0.07116987353642121+0.017047909318208772j),(-0.0006563750981113456+0.0038377680510439474j),(-0.0011349838338334086+0.0022425306640847286j),(0.00174075511259766+0.0011003985676278291j),(-0.019591849676658453-0.0039790242260803466j),(-0.010495623826609499-0.001920896703512138j),(-0.0033978572281866174-0.002426767859820508j),(0.07976998275964446-0.005943988001315598j),(0.1403371475064272+0.03993731631866731j),(-0.22757062134723555-0.005170243570014249j),(-0.14035766350671636+0.01839259490541037j),(0.007198025282110452-0.0037556211214682216j),(-0.03348087167517076-0.034387427706222995j),(0.158691283341072-0.02385160268721928j),(-0.10520690529571305+0.002758197875705519j),(0.04408380018781787+0.0023663269271750106j),(0.008529836938232623-0.008163696046895054j),(-2.7695123174695822e-15+2.3382067593892094e-15j),(-0.03453667382842425-0.042131326449035895j),(-0.012779521394512112+0.01077314916940324j),(-0.04102558883933038+0.031937027791914194j),(-0.03436130166351011+0.009918452750619778j),(-0.2625901928930974-0.024953877404095215j),(0.0003289614869909038-0.004747334676260908j),(0.11643765000167351-0.030170735130807445j),(-0.020048554927998737+0.02008689736749888j),(0.021822216611928916-0.017078813572905846j)
40,(6.38325636478798e-09+1.2341877122113083e-10j),(-2.704716659313009e-08-2.0226260471773703e-11j),(1.056236812722845e-23+1.2040390919830434e-23j),(-1.8194715951842657e-23-1.2865796210394267e-23j),(-5.681687389914793e-24-4.507568002436853e-24j),(-2.8911122422748795e-13+1.7304538386323376e-14j),(-1.746822841384394e-08+2.564475574764078e-10j),(1.4556089937450914e-12-9.243744111479709e-14j),(2.1337390793668343e-12-4.099991788128325e-13j),(-7.990028966073284e-14+9.60561751141307e-13j),(2.8333687236586727e-13+2.685025592428298e-13j),(-5.7745670945143495e-12+5.140261816664261e-13j),(1.2010897859734574e-10-1.02897222553671e-11j),(-0.001231846699956881-2.898369468936612e-05j),(0.004582969088548452+0.0001125167174572825j),(-6.245511882235046e-10+5.660358151058148e-11j),(3.0228565721214415e-11-2.8013763455771637e-12j),(0.003081664153514406+6.239301954489425e-05j),(-4.9910929011086606e-08+1.3456233682325496e-08j),(-0.013504947113437839+3.134686770759308e-06j),(-0.0015036775961103466+0.0006813608771418523j),(0.09078377621878464+0.0039523053031587j),(4.0274701849397936e-07-1.4550100258772552e-07j),(-1.877036827690053e-08+1.176599501478602e-08j),(8.470573154939859e-10-3.4175205591943424e-10j),(-0.5673627318478184-0.00036932344389328797j),(-0.016321679703325036+0.0030142245153314774j),(0.00011696855650320643-0.00022813278643517618j),(0.04660229667228115-0.0107773824164605j),(-0.00031718364875135577+0.0013534518516079399j),(3.485495810034075e-09+1.831970278099944e-07j),(-2.2335067185610647e-05-2.9845165415382312e-05j),(-4.551387517213437e-07-7.036206134699008e-09j),(0.009840883151710184+0.0025024770644845244j),(-0.009515685424308924+0.00018458763272515j),(-3.452741966400519e-07-1.2565460142757392e-07j),(-1.8108867408511657e-06-7.201338377258326e-08j),(-0.3949329180899294+6.947391750974918e-05j),(2.2008340939250175e-07+1.9509321349346127e-07j),(5.081918655299279e-07+3.302939711245557e-08j),(2.078397780573827e-07+1.8178545610909104e-08j),(4.6382365670928796e-05-2.6491083253045155e-05j),(-5.693329066602729e-08-1.617224065324203e-06j),(-1.2680741535386189e-07-2.2062737158610866e-08j),(6.834929599811085e-08+9.955130808193308e-08j),(-5.264548550797505e-07+1.4288483895892665e-07j),(-4.545126680727756e-06+1.3771543864546437e-06j),(-0.008409081689867558+0.001405257510373346j),(0.00019653168134473113-1.3373436899462933e-05j),(8.822096961729815e-06-2.091361202250931e-05j),(-0.014669444411645546+0.00021793403900015356j),(-0.0003697799878801606+2.071186035638962e-06j),(0.00023209043087389067-9.049768338839004e-05j),(5.006481607410393e-05+5.187130556303966e-06j),(-0.00039928311847551077+7.002910286282179e-05j),(-0.0003199165924621264-2.3252591230450747e-05j),(-0.00019530449772599078+2.7346279005481488e-05j),(-0.0013187432213850909+4.761584689520014e-05j),(0.0007694488584053718+0.000130293615880591j),(-0.0008484357764011829-9.324610888204148e-05j),(9.802230920925044e-05+2.8543883353618125e-05j),(0.005839982860470813-0.0032749733743418505j),(-0.28911830780488296+0.01962088662444042j),(0.02576529749279231+0.06137898636554222j),(-0.010802385290991763-0.035899757606708965j),(-0.012254286232056566+0.000594066127423732j),(0.04283937092700903+0.08595252701675163j),(0.3603989525606235+0j),(0.1522087486866512-0.020686540534919057j),(-0.0004961567076093477+0.0008229285228314914j),(0.002962143840151867-0.0049801005518459365j),(0.003019831097281414+0.002040636391126967j),(-0.004240701012143859-0.0010126530250687917j),(0.02394306740151251+0.004408297740595569j),(0.009978192648136302+0.0027404486180215245j),(-0.17406747144693968-0.027102225943805035j),(0.11230404183718566+0.025941175507684787j),(-0.11196914687463279+0.023380229339529265j),(0.2974301918065926-0.0002824814087128702j),(-0.02758651585763314-0.0029857545772945413j),(-0.12136787180896286-0.016658728184059404j),(0.12548633263948106-0.046040640531110115j),(-0.04031810710304813+0.014316840763111821j),(0.04398142353590892-0.00567596707042504j),(-0.0020011674109990454-0.006935911421355903j),(-2.161593433723081e-15+1.221517149958577e-15j),(-0.0045765614973330825-0.012441407335645539j),(-0.12618687635272133-0.0002566677987027796j),(-0.09942780807062784+0.03389850207904714j),(0.008367724444006063-0.0066933703611603045j),(-0.16865679148322973-0.01222561129705476j),(0.021057002944029818-0.02938059631868669j),(-0.024376367402148047-0.005912104499796572j),(0.05448180203384227-0.0007287569701622913j),(0.006106341734079181-0.016346367474796158j)
41,(6.2687280818973056e-12+6.724367958758217e-15j),(-1.778646427881615e-12+6.516547744599238e-14j),(3.815566131354171e-26+3.1028570283860206e-26j),(-5.119784065101237e-27+6.038184441923642e-28j),(-3.1937602497493523e-27-2.349774690614606e-27j),(-4.72738797736165e-09+3.7121403160301375e-10j),(5.180293206033891e-12-1.6017948303757944e-13j),(1.5894307862442112e-09-1.6127429381703986e-10j),(-9.625476089665627e-09+1.6218744944944323e-09j),(-1.831503122724666e-14+6.746803411895995e-14j),(5.567264439838542e-16+9.29009115790374e-16j),(-3.1440559566749777e-09+3.3592801039300873e-10j),(6.289125505162266e-08-6.493336012932633e-09j),(-0.00010181697507672908-2.6714942092340583e-06j),(1.2407250350746374e-05-4.022633386300246e-06j),(-2.347957181051244e-08+2.787207731494204e-09j),(1.1471676956785012e-09-1.3844977394218404e-10j),(0.5447938454902616+0j),(-8.845769977944963e-06+2.566771741747974e-06j),(-0.15967368082493816+0.005719206936477081j),(7.814263703321848e-05-2.1822994354131425e-05j),(-0.0039023253139025965-3.9522519549087514e-05j),(4.726184451924021e-06-1.8959436530056635e-06j),(-6.571427248003856e-07+2.7429277511480675e-07j),(3.571173860091417e-08-1.2895915757329284e-08j),(0.0012773069238358314-7.974783040581377e-05j),(-6.358817259237765e-05-3.0187340158793115e-05j),(-0.008960809307784087+0.00010436996418502001j),(-1.6350112369792945e-05+2.0762192139449596e-05j),(0.002549193504741508-0.00024450007646377545j),(1.3442070214195255e-08+9.509693607658057e-09j),(0.0022686084933047513+0.0020230651857929766j),(-2.243215250791515e-10-1.3478069247262224e-10j),(0.0005722656096710836-0.0006217728172534333j),(0.42492171454223837+0j),(3.553294991090602e-05+9.667844868117948e-06j),(0.00020994196190506293+1.8738746454526624e-05j),(-0.0029296628538373263-0.00010539898619353822j),(-9.706747960388366e-06-8.746514765791107e-06j),(-6.373113222653332e-05-1.101523506674777e-05j),(-4.626931435170566e-06-1.9784936639211638e-06j),(0.001751843419750692+7.017180125775194e-06j),(4.266417755984208e-05-7.614820115597086e-05j),(-3.522181752484719e-09+2.511469552960339e-09j),(-6.458597475134833e-06+3.229922381793637e-06j),(-3.0246306460110037e-05+7.189180569861196e-07j),(-0.00022189093096049964+3.831941398720248e-05j),(-0.0011368965444704003+0.0002538158710887843j),(-0.0010667578028986985-0.00023152006424387534j),(7.610317845415107e-05-0.0003043558494977305j),(-0.013437781918454156+0.0016886893636090532j),(-0.004800896550095189+0.0003615026454926087j),(-2.2325535236891562e-05-6.868042388147384e-08j),(0.0017331844672269293-6.854078448972286e-05j),(-3.2984874510122434e-05-1.3574949497112556e-05j),(-0.008935165476381277+0.0004045971774879506j),(-0.0006026950201907748+0.00041645154825619264j),(-0.005409950577654721+0.0007498382822315336j),(0.00017070409373117358+6.080856320909021e-06j),(0.0012544942933994463-0.0006396619548348149j),(0.0023167108840493897+0.00022505593274195287j),(0.029929822731439362-0.0041465209024912535j),(-0.17795895236337717-0.0009932875655298268j),(0.012290448302299601+0.0407981098199594j),(0.007755270322054184-0.007314558667233999j),(0.017812919450026877-0.009568024810481614j),(0.09839781182401007-0.02694994208902224j),(-0.04104095606341686-0.027670424812947143j),(-0.054614808268531316+0.00488935930713769j),(-0.010145660887546183-0.011386331362939825j),(0.0020752417931935367+0.003787801848452458j),(0.007765546771751894+0.0044772518953505765j),(0.05193898852563845+0.00665479945489952j),(-0.01747679085342615-0.00222825634043916j),(-0.0055566510340634735+0.002606965568172823j),(-0.0804844908223431+0.02769968807389495j),(0.1604135299774334+0.023825842927546977j),(0.08061565446550115+0.024719686954223757j),(-0.016074785084812932-0.006130065375948519j),(0.003894036816687721+0.005347107136737368j),(0.26447812958453215+0j),(-0.0738228835138938+0.05418883108270997j),(0.08074157608109941+0.02121993616588646j),(0.11464465173705128-0.015389609722379311j),(-0.2608297411044818+0.010372061138251842j),(-1.1138838514078323e-15+3.8828858902976637e-16j),(-0.016424951593070107+0.01593915435921671j),(-0.18558816936649175+0.014323323453986798j),(-0.1274005550377435-0.07699642824082084j),(0.10207146014361385-0.047989271822935144j),(0.1711507251738244-0.028414746199768703j),(0.014407520549113127-0.05136838343889271j),(0.17848173566322462+0.011885792271949063j),(-0.3268699945891162+0.03787085756762254j),(0.023559591008447817+0.006855514040299391j)
42,(-4.941412048831248e-12-3.012320754908706e-14j),(-4.328174685860126e-12+6.266622196406764e-14j),(-3.115794871099577e-26-2.482521222832076e-26j),(-4.948994819879554e-27-7.334529039052822e-27j),(-5.533013669345165e-29+1.3143418143547273e-27j),(3.727138867086884e-09-2.7362219934163393e-10j),(4.38181341293842e-12+1.2730612548274024e-13j),(3.894384962868018e-09-3.095750009560183e-10j),(-9.441960362474343e-09+1.6238614535143429e-09j),(1.4389199247182135e-14-5.3073993595068744e-14j),(2.350456192670435e-15+2.5939213957019216e-15j),(2.4691901467753306e-09-2.520717317655615e-10j),(-4.935513080547542e-08+4.853441482275545e-09j),(7.960948271376421e-05+2.5976754048002054e-06j),(7.845567658958536e-05+6.411611961459132e-06j),(-5.254866573204439e-08+5.773817873445639e-09j),(2.6736092101640285e-09-2.9895343213073636e-10j),(-0.4325778080969343-0.0021680078371785977j),(7.030149590417845e-06-2.0019593419471453e-06j),(-0.3762543452783669+0.0057735624563041155j),(-7.574588349252697e-05+3.7345656483448666e-06j),(0.003640077670786044+4.8873167464295365e-05j),(1.1254349686486276e-05-4.240247625019124e-06j),(6.475602770334375e-07-4.457894476549213e-07j),(-3.3594832204163094e-08+2.3418700373083003e-08j),(0.0026137065620342667-3.115759981003988e-05j),(7.254047643501693e-05+3.0216518675490263e-05j),(0.00692341106761498-4.498947255905878e-05j),(-1.177968419525816e-05+6.153241188141197e-05j),(0.006703975234638278-0.00034451594599940597j),(3.2322835770935038e-09+8.893541177758052e-09j),(0.0021069399660001028+0.0019043296812841222j),(-2.1979911951677392e-09-4.582458294626224e-10j),(0.0006340123141667458-0.0005827332999006927j),(0.4108441201674784-0.001584213475207208j),(-2.751297899360431e-05-1.1494012061109153e-05j),(-0.00012232366913076818-5.406785026544434e-05j),(-0.004340752385882604+0.0001218945740220945j),(-8.71346612679029e-06-8.388340311938462e-06j),(-5.9863614893594205e-05+9.640356146200817e-07j),(-1.488633060518761e-05-1.2065387367360277e-07j),(-0.0008382332479844291+2.26139946254947e-05j),(-1.576771764902353e-05+3.7115511661097666e-05j),(7.843667517619907e-09-3.683359993892928e-09j),(1.8886906315614644e-05-2.9705544707793828e-06j),(2.239249457928521e-05+2.0190070466516872e-06j),(0.00021830947314861515-3.3944437777972536e-05j),(0.0010652539219101428-0.00020855453386114687j),(0.005706284972544462+9.7541004389893e-05j),(2.8389917660916577e-05+0.00019054864407173704j),(0.037017997214534776-0.0028898408018038163j),(0.0026861400491457726-9.503854608073183e-05j),(-3.600892122012113e-05+2.052013034417511e-05j),(-0.0014639516312960747+1.2719154167666312e-05j),(-6.304627765367302e-06+6.42355608597372e-06j),(0.009507003398493533-0.00020061491198356766j),(-0.0009056996031175243-0.0003058729962796992j),(-0.001578728453414124-0.0002510121087296838j),(-4.610000509894977e-05+1.228826680815825e-06j),(-0.006503675797381701-2.109807874380704e-05j),(0.0005013675967229737+0.00014712835069237684j),(-0.012557610640804759+0.0018981611544605865j),(0.08503581125532804+0.012151540978426703j),(-0.0031192677342244818-0.021961300277479237j),(-0.015661987199904307-0.004289118363976647j),(0.004791106326995395+0.00744658897513108j),(-0.0912742526372728+0.0603718336977372j),(0.19724137830290966+0.03420967987801045j),(0.22640298516330326+0.015138269512852895j),(0.013653766724715606+0.006282618317050005j),(0.00839665005754351+0.0052518418675885185j),(0.007896686045414124+0.0035937453976489465j),(-0.04124932843219772-0.005814499965402319j),(-0.02474060986452059-0.0032388284303218728j),(-0.002672187858137456+0.0014798287779583172j),(0.41266138954541687+0j),(0.11158862853977379+0.032140826204118324j),(-0.18682529908353537-0.0009050840072536148j),(-0.11028655528236896+0.016134158285911547j),(0.056272604810223704+0.002284606333619675j),(0.11796254258664715-0.0089504982136945j),(-0.01027692048041759+0.060217414033938474j),(0.06439775285037666+0.02413105458259556j),(0.2259304162110793-0.0031123208512492326j),(-0.08996672240826523-0.015794440032133934j),(-5.896184467660634e-16-3.1421414805192015e-16j),(0.10589516510137208-0.025147243714770603j),(0.09182886157083414-0.03015391045212934j),(-0.025463760917409088+0.012761550418751816j),(0.1977538074729377-0.009525548251721042j),(-0.029942502904266928-0.012838407782611961j),(0.033772002789374256+0.003401472361697912j),(-0.02220601671899868-0.010064946401571028j),(0.014616461191719334+0.004009167548406856j),(0.00014630654601506803-0.002356408609793183j)
43,(-1.5594524214859166e-12-3.053301986531815e-14j),(6.602317920947908e-12+6.651658876784054e-15j),(-9.40438804024436e-27-7.701698302621346e-27j),(1.1273940359328933e-26+7.434814854163333e-27j),(1.9164217635273003e-27+7.321798575562033e-28j),(1.1786761141880528e-09-7.082252073734945e-11j),(4.131198405761004e-12-1.5519029427697649e-15j),(-5.938011589072179e-09+3.7852608158187823e-10j),(-8.743323012222895e-09+1.6936769260828069e-09j),(5.220261352310503e-15-1.6787696647939906e-14j),(-3.0455918189543774e-15-3.851135321149856e-15j),(7.918988525257854e-10-7.048711950728653e-11j),(-1.5878759900477532e-08+1.3645041696880633e-09j),(2.6088130607660346e-05+1.0532091805329059e-06j),(-9.73925874310024e-05-4.368406597372314e-06j),(8.223127053252802e-08-7.479344680900776e-09j),(-4.132143516900237e-09+3.8361213458409326e-10j),(-0.1330034178757013-0.0026334937901511908j),(2.175632940122856e-06-5.848866371224383e-07j),(0.5784319778121265+0j),(-3.344599013859638e-05-8.765432874420143e-06j),(0.0003025755678807415-2.618040698261659e-05j),(-1.738143593559376e-05+6.250215875214453e-06j),(7.874911472179172e-07-2.2201961331438038e-07j),(-3.532849109440313e-08+4.344837278244933e-09j),(-0.004336345916909052-7.479286173114267e-05j),(1.2035045586108906e-06+3.8709364679506995e-05j),(0.0024018708248379696+4.925168936987948e-05j),(4.5770229403476206e-05-7.786157474542098e-05j),(-0.009996495225129857+0.00041416076765303717j),(6.429810770239247e-09+8.40724175111066e-09j),(0.0020537149115603154+0.0017665520004377154j),(4.3467037027132325e-09+3.5113273002906565e-10j),(0.0005595597092351354-0.0005667355462036235j),(0.38791639962395574-0.009358858892544064j),(-1.0967347348714172e-05-6.143970273057591e-06j),(-4.473549473150898e-05-3.6791519191073374e-05j),(-0.0028419746591023375-2.8850038044027316e-05j),(-8.439722010945953e-06-7.747982206304165e-06j),(0.00011212748498408592+1.2724531198510745e-05j),(1.858766038353487e-05+3.4633379631572077e-06j),(-0.0005194597697987841+3.4620427217562505e-05j),(-1.2901672550409626e-05+2.406885749731322e-05j),(-3.994374310995487e-10+8.81823879656328e-10j),(-1.5160899714929082e-05-2.66794734998943e-07j),(1.9363472716308606e-05-2.4846997210609244e-06j),(0.00013210923564245912-1.2623525990238931e-05j),(0.00035499028390624065-7.571091438234137e-05j),(-0.004488199646868416+0.0001829040331960824j),(-0.00019924816879191083+0.0002506751735014698j),(-0.006400446301735046+0.001501225813230392j),(0.0043653244235312-3.047316592421495e-06j),(4.8087309026410615e-06-3.8202503310251366e-06j),(-0.00045955120993681564+1.2656550624840459e-05j),(4.9930975011917223e-05-1.2234867005611558e-06j),(0.0025184984659025423+0.0003001354242438422j),(0.0016515276170361018-0.000199241060920066j),(0.00922305059732623-6.858748585174051e-05j),(-0.0001324620113360945-2.01094313978056e-05j),(0.004125095139181209+0.0006862573837201527j),(0.0004703106105442185-0.00011294570793465848j),(-0.006615779960477419+0.0018035292040263625j),(0.11190569842224461-0.007444714608332979j),(-0.01157426664593084-0.023468810663042124j),(0.005664440853379453+0.014082810220706612j),(0.004508307291282797+0.0009908094404457238j),(-0.029629392868946176-0.031524979012080734j),(-0.14122166533514435+0.002531866235506941j),(-0.10038994030692763+0.004584923417307457j),(0.0024008542108928978+0.004053249640339477j),(-0.0065605070507149775-0.012037341939167242j),(0.010548941571041996+0.005274138545131913j),(-0.007936662724043872-0.0014003421550129326j),(0.05081548854792223+0.006458679003497884j),(0.0022374432887447985-0.004522444984071352j),(0.03851018465078929+0.0204120253494227j),(0.08787785882272955+0.0206590905906462j),(-0.09246585338407233+0.020339989828754318j),(0.22394329230960203-0.0012818386921823605j),(-0.012737963516421117+0.004143581453116551j),(-0.20703199103877262+0.05713893074638618j),(-0.153716366892942+0.03229457181013876j),(0.09459311683443336+0.01865248230782489j),(0.15851818382611096-0.020108446825295875j),(-0.07347620242638728-0.006826776766561071j),(8.115831649475574e-16+2.1003409073317107e-15j),(0.1702508182340226+0.06090344978855391j),(-0.31346408695630534+0.004518602053891055j),(0.08834479047235502+0.009289498701226646j),(0.07287512537958366-0.06170048817601581j),(0.08595806259797337+0.0037908086936512594j),(0.027379875817097443-0.0723828151139433j),(0.19872355343997744-0.017029234973565902j),(0.25424988349861855-0.028739390791759564j),(0.00266025755052785+0.012205438446691605j)
44,(-6.017892228851012e-14-7.928057510088493e-17j),(1.7071042296667522e-14-6.215866471094075e-16j),(-1.1008248302881327e-27-1.0110903387969862e-27j),(9.923705484546739e-29+2.872352775631011e-29j),(1.2482765595090456e-28+1.975624125749466e-28j),(4.885326682704573e-07-3.848262943413241e-08j),(-5.596585749082035e-14+5.4654530496929634e-15j),(-1.6436825090057603e-07+1.6715916635148088e-08j),(9.997857072594029e-07-1.6995104752044547e-07j),(1.4151802374147648e-14-3.398419860710749e-14j),(-1.546010582723273e-16-3.8088023520604805e-16j),(1.0098003810571952e-08-1.0746475817700484e-09j),(-1.9423691654870552e-07+2.0001209803239993e-08j),(5.7958781923695886e-05+1.9720280576975007e-06j),(-4.297855369978622e-06+3.4293195063579e-06j),(7.176967189717167e-08-8.689530088197295e-09j),(-3.668117734861046e-09+4.49276070670473e-10j),(-0.5414978927193689+1.532971409233747e-05j),(8.87137180217586e-06-2.564208236874558e-06j),(0.15870279778610963-0.005699054181356258j),(-0.00025822642323007573+4.0030338485248735e-05j),(0.014028250647898732+3.61783039575386e-05j),(-4.732865757850238e-06+1.8916044067692655e-06j),(-2.1424697034291252e-07+3.3101843545955137e-07j),(3.9103925938808936e-09-1.3575738831396528e-08j),(-0.005705141090754046+0.00014611149176759115j),(-0.0008181241329586895+0.0001302545328829961j),(0.00041535597416574065-0.0007570586670092686j),(0.00026685955238278463-0.00010634036698156066j),(-0.0006335353675299228+0.0002694222295664692j),(1.2815383917269424e-08-1.3169888299134126e-08j),(-0.004717354147031147-0.002413264779915406j),(-4.233098700169187e-09-1.3607922230573654e-10j),(-0.0009203664625301273+0.0005000446757114387j),(-0.42222174269645596+3.201458306123506e-06j),(7.067891304054614e-06+4.91434549246704e-06j),(3.7144501042089554e-05+3.697605758788025e-05j),(0.01224056396337656+0.00014748345837241458j),(8.880953884990005e-06+8.619615943718638e-06j),(-1.3406418557522202e-05-5.062323052155204e-06j),(2.279337763403617e-07-9.392117042169654e-07j),(0.000825907179845923-4.781295122099449e-05j),(2.015806233952582e-05-3.763166661923393e-05j),(-1.1288629633528039e-09+3.307588033067584e-09j),(-4.08487510083537e-06+1.8899052988023302e-06j),(-2.274059564915853e-05+1.4410672776572595e-06j),(-0.00018266773918088592+3.6858645405930765e-05j),(-0.001365063392396381+0.0002831103574666491j),(-0.0009884925172906833-0.00020201885004360307j),(6.56592064243072e-05-0.00027336362128788647j),(-0.013245799181355811+0.0017129135938433375j),(-0.004313008073118692+0.00033442805330651795j),(-3.0462592211726863e-05+1.913795449750207e-06j),(0.0015604116108804027-6.018589086079131e-05j),(-3.574481992309039e-05-1.5598139772669007e-05j),(-0.00832184584276232+0.0003784536716011566j),(-0.0005391482730860716+0.0003854631429188289j),(-0.005055383214822249+0.0006913223492317441j),(0.000184136208807447+5.326125309605299e-06j),(0.0012782633648575307-0.0006078599425978977j),(0.002038330136364421+0.0002231529572811201j),(0.028757864755801492-0.004244390452330832j),(-0.18520319868759633-0.0010186508617049672j),(0.01256949120610016+0.042489118116139285j),(0.008087151940031624-0.007475358521468896j),(0.016503181650518672-0.009743644749209218j),(0.10156864287590092-0.02835197607432241j),(-0.04369529885941249-0.028484662687731435j),(-0.056757651814041285+0.005177836918440457j),(-0.010443337361523771-0.011063953332952431j),(0.0020815290692600525+0.0037126775718996172j),(0.008091852600832148+0.004585539271613649j),(0.05282086515577344+0.006697401314492317j),(-0.01779592833048984-0.002255613605134951j),(-0.005438855210458462+0.0024718954500188217j),(-0.08113042814824356+0.02816944999192206j),(0.15888661791184952+0.023617633731891092j),(0.07936628659002007+0.024502578134786235j),(-0.015944934397547128-0.0060322699695913055j),(0.003629056051343048+0.005328462206892967j),(0.26349421791638866+0.0003257251879163203j),(-0.07697497130846624+0.05397858357711016j),(0.08333601507459862+0.02108969733311344j),(0.1166365616299601-0.015579138168716679j),(-0.2604413667169786+0.010174919492280651j),(-1.0881603800068436e-15-7.97624936454153e-16j),(-0.018933421310389383+0.01717882730036898j),(-0.1845605547813404+0.014281526741133185j),(-0.12868739922570427-0.07804236324197159j),(0.10219951211237809-0.04844067408511379j),(0.17553579062002195-0.028198793634825078j),(0.013807898780682174-0.05098253686309882j),(0.17810112350924154+0.012293774637319422j),(-0.32753413862762837+0.03790709837068934j),(0.022866250469448336+0.006982678136473359j)
45,(4.7440083594538604e-14+3.015314319902232e-16j),(4.151014621988205e-14-5.905516822090746e-16j),(8.764608325727043e-28+8.173178573945828e-28j),(1.7313903778982318e-28+1.4045074055731714e-28j),(-6.73314906580698e-29-1.2246841456614606e-28j),(-3.8518779179631966e-07+2.8372173076242047e-08j),(-3.7564560057201635e-14-3.848730239693965e-15j),(-4.0269963295270265e-07+3.210820838883477e-08j),(9.802158636716552e-07-1.6995171094269967e-07j),(-1.1244582154875985e-14+2.6853939320820653e-14j),(-8.865363746724441e-16-1.1784065200897266e-15j),(-7.911266155662728e-09+8.095593633754179e-10j),(1.520320905087645e-07-1.500878956296327e-08j),(-4.564710210584249e-05-1.8614057492577852e-06j),(-4.69634059079895e-05-5.272854470585784e-06j),(1.632002007975817e-07-1.7724178469939627e-08j),(-8.61311110235773e-09+9.5287904231871e-10j),(0.4327124268180005+0.002368774576568462j),(-7.094143177781471e-06+2.0089868429352744e-06j),(0.3768377996781598-0.005536664148821646j),(0.00020843764082737574-2.873632496687223e-05j),(-0.012423354373614397-8.306649467075674e-05j),(-1.1347651114229417e-05+4.25341985914614e-06j),(-9.384700505010797e-07+5.253585559034677e-07j),(4.647707175017484e-08-2.5085723340321554e-08j),(-0.00886072192296592+0.00015211363982304106j),(0.00046771210389928697-5.982751810695413e-05j),(-0.0003223619366278161+0.0005550546101652437j),(0.000841929466885878-0.00018183496715175866j),(-0.0015769323285271472+0.0006405095784707315j),(-2.189595068508272e-08-1.0950641912489464e-08j),(-0.0046239722425475555-0.0023586285372925835j),(-1.0332604973774606e-08-6.650327636865471e-10j),(-0.0006048484016553784+0.0005833226986022883j),(-0.41548510943656214+0.0017397083893966603j),(-3.4661396761772553e-06+1.3216409791368107e-06j),(-5.097262552090424e-05+1.7284888109326886e-05j),(0.008788147128028348+0.00020720279826194664j),(8.9761123854241e-06+8.406380616507779e-06j),(-7.042120280436666e-06+4.884053566734041e-07j),(-1.8867174818750048e-06-2.5099481820781774e-07j),(-0.0006064946081318008+2.070469877905003e-05j),(-1.3148544145524357e-05+2.6974475372431265e-05j),(1.497307498614113e-08-4.736711277674892e-09j),(1.1682188661731556e-05-1.9773166693050927e-06j),(1.425006275912146e-05+7.974180097623258e-07j),(0.00014476100122862582-2.8715342434724774e-05j),(0.0013388464759775665-0.0002428280735912537j),(0.004563344367060565+8.706909939264163e-05j),(3.118755868307425e-05+0.00015490971562973386j),(0.04468788583268451-0.0029669798758277435j),(0.0022419310470526968-6.659060789497204e-05j),(-4.5340332907717496e-05+2.455159144384599e-05j),(-0.0012834501672356127+4.735511155927489e-06j),(-6.871858911192083e-06+5.994343283401616e-06j),(0.008363484739192944-0.00018860637383884054j),(-0.0007934175725457319-0.0002707910280232576j),(-0.0014405909207893428-0.0002269329849912032j),(-4.678498845702597e-05+1.1519415536709604e-06j),(-0.0060175605575617085+1.0674542309461674e-05j),(0.0003157583250040221+0.00014593732576871922j),(-0.01259821390882054+0.001952131286288054j),(0.08515430729246484+0.012132942150364874j),(-0.0030867062831539793-0.021995759856806716j),(-0.015649341270515035-0.0043784137274755375j),(0.004196948942916775+0.007481273680780449j),(-0.09082446526795672+0.060541975370435486j),(0.1973540699974447+0.0338361248781244j),(0.2243973023775238+0.014410148084500987j),(0.013656441470301768+0.005975355562724375j),(0.008440342591152556+0.005021970137058765j),(0.008222853795182226+0.003682428610864609j),(-0.04195699503696356-0.005860491898937625j),(-0.025230791163316352-0.00327692653797621j),(-0.002445704284393159+0.0015108894682522968j),(0.40448401393087824-0.0003441530469036197j),(0.11073078878294473+0.031882411017895615j),(-0.18546960091678266-0.0008074355524394922j),(-0.10939263643904508+0.016051564627539743j),(0.05535912513351916+0.0022740506873180303j),(0.11637329788305184-0.008405433551997028j),(-0.012155941782244767+0.059415637675480415j),(0.06763862111473012+0.02432951614438621j),(0.22854039398419385-0.0032174391167271513j),(-0.0913559818039786-0.015873974857156706j),(-4.3328205628316986e-16+6.697122705888379e-16j),(0.10507818990038004-0.02435935303265835j),(0.09532503201704826-0.031123098255580108j),(-0.023802512053039744+0.012532134024971064j),(0.2008177710224659-0.00966037599235586j),(-0.02539231334214981-0.011823928147878086j),(0.0339525559162682+0.004111754072970361j),(-0.027595474978291568-0.009048899047634708j),(0.01614474556120862+0.003405224757478428j),(-0.000640138503997361-0.0020393974456096387j)
46,(1.4972310085841063e-14+2.966579890015931e-16j),(-6.333504442770148e-14-8.021907118520486e-17j),(2.6177119403061367e-28+2.5715907313045654e-28j),(-2.7201721489033805e-28-1.9221030494843463e-28j),(-6.077171818078673e-29-9.040042182282735e-29j),(-1.2181502983031446e-07+7.349970357072642e-09j),(-3.6879835565919594e-14-1.5977174879783671e-15j),(6.140032982646094e-07-3.928606505552503e-08j),(9.080501142769191e-07-1.7726312041101144e-07j),(-3.8161437963743375e-15+8.395152537591473e-15j),(1.0814823127135481e-15+1.6972358705559392e-15j),(-2.5417298958016113e-09+2.2747606288289856e-10j),(4.904031473140599e-08-4.249579929840675e-09j),(-1.4717409579856757e-05-7.172719806079531e-07j),(5.474429172752134e-05+2.9516154366277534e-06j),(-2.5320009601849e-07+2.3109491712209952e-08j),(1.3234769204412975e-08-1.2308992891587874e-09j),(0.13219246358360381+0.0026100340805577478j),(-2.182675226180883e-06+5.844498401719614e-07j),(-0.5749435923966462+1.9126334396657452e-05j),(7.203515343746247e-05+1.5280021376016492e-06j),(-0.002183784556191478-5.024479898716353e-05j),(1.7393254088552998e-05-6.233034183856601e-06j),(-1.0996885602247952e-06+3.444204006512859e-07j),(4.9541822614255784e-08-9.561216219854161e-09j),(0.015667372321796675+6.902895369365796e-05j),(0.00040795201980876905-9.196608974723576e-05j),(-0.0001704729444014192+0.00018031826153687764j),(-0.0011885269410195007+0.0002774611355005229j),(0.0023836806979068456-0.0009161793233577058j),(-9.107460613038499e-09-1.043139974228663e-08j),(-0.004355835766159114-0.0021031127968954323j),(1.2412223903288803e-08+5.710955593084786e-10j),(-0.0006629102661455587+0.0005296502981715096j),(-0.38546365688640744+0.009290147839840779j),(-3.389898319644274e-07+2.1843561466168028e-06j),(-2.5498428611416533e-05+2.1048315872678354e-05j),(0.011175449071590479-7.707193186092236e-05j),(8.447917106087518e-06+7.632747014177777e-06j),(3.674471327121218e-05+2.665269145924344e-06j),(3.748049001393701e-06+2.3405698909955628e-07j),(-0.0003790993015362516+2.697520595907898e-05j),(-9.698708095940328e-06+1.7495263336314232e-05j),(2.5293543841363558e-09+1.23233238070756e-09j),(-8.104603494851713e-06-3.1060883123798724e-07j),(1.1220125619072139e-05-2.11336642162075e-06j),(7.948141681084259e-05-1.0763749683525184e-05j),(0.00048052373499240874-9.630981321621225e-05j),(-0.0035720082229173215+0.00014939148969159112j),(-0.00015496093375468975+0.000204115711907631j),(-0.006089174515948819+0.001496454597576784j),(0.0035478741312068283-1.9402750153005646e-05j),(1.2164386655224223e-06-2.425901654574082e-06j),(-0.0004024966271108706+1.1486456041057529e-05j),(5.5627993008175336e-05-2.2926714462278875e-06j),(0.0021328729424761063+0.0002634269072603673j),(0.0014668772576529707-0.00017479071535146938j),(0.008286259112112455-7.846095798784165e-05j),(-0.00014323881494184633-2.2026739995469912e-05j),(0.0038945658264924648+0.0006150080194716333j),(0.00030337747053042237-9.282406611436857e-05j),(-0.006850686000714011+0.0018904889846458588j),(0.11587674779520872-0.007737070710273228j),(-0.011941610278097363-0.02429780745886462j),(0.005898370651758257+0.01462423156996633j),(0.0041872637660886934+0.0010102754698656019j),(-0.029928807202795664-0.03314068460955859j),(-0.14757080408635653+0.0024780224296349768j),(-0.10396795080540024+0.004898140712878293j),(0.0024001133067957977+0.003988773507843191j),(-0.006899321750612482-0.01174666530284981j),(0.010926711540874393+0.005387858862478053j),(-0.008050034341884152-0.0014146529413159073j),(0.05178105000688196+0.0065039508422428645j),(0.002047923866319932-0.004559503686682489j),(0.03855425293310483+0.02107471423380467j),(0.08714713984413414+0.02047596977498413j),(-0.09177362020044515+0.020215176851146557j),(0.22167927513214614-0.0012874360723029166j),(-0.012530850992368673+0.00417498985620567j),(-0.20612061121820818+0.057563650527665405j),(-0.15541634741944446+0.032300646241143954j),(0.09678779623599928+0.01845439785909743j),(0.15978095953254562-0.020319850252498176j),(-0.0743200536746521-0.006767113784177273j),(7.347194517524969e-16+2.4739062816440164e-15j),(0.16899389529544476+0.061270394852694636j),(-0.3133358551275789+0.004480677075228076j),(0.09213100146704281+0.008851532173466271j),(0.07272376418979805-0.06220988819530991j),(0.08928958663772328+0.004438822623148295j),(0.026868027085101623-0.072179389192665j),(0.199603286463195-0.016765010348424217j),(0.25637436850027573-0.029203272609006084j),(0.0023345793325818087+0.012641787139697729j)
47,(3.368935905260473e-18-2.600153050312867e-19j),(-1.0950258485102937e-18+1.0764935016400807e-19j),(-2.52437659080604e-27-8.046946304335246e-27j),(7.849196146624983e-27+4.436757498008598e-26j),(-5.616300149520714e-23-8.36966399083919e-23j),(-0.5436692987493867-0.0002611932823859686j),(2.5189850583349868e-17-2.6413617592356984e-16j),(0.15428902892581176-0.005709533073516782j),(-0.419805978552201-0.0011652758711390154j),(1.2268935969201834e-16-1.2210111167199806e-16j),(5.07102079268142e-17-2.5683240826784572e-17j),(1.005148112710338e-05-1.1565045677961979e-07j),(-0.00017825795171333463+1.3878710495972838e-06j),(6.130110636783132e-08-4.8902077206344e-09j),(-2.4523318118523204e-09+6.47713608142672e-09j),(5.2931252852227016e-05-2.2701283052885945e-06j),(-2.9542125751856552e-06+1.3080602532210908e-07j),(-0.0013828025725834748+0.00022953332401605295j),(2.1351332820678077e-05-7.658223330020828e-07j),(0.0005969936950824531-0.00012344732519574623j),(-2.976734461270887e-06+1.5957218693740693e-06j),(0.00020418416817903054-9.329644441247111e-05j),(-7.156104884467084e-06+5.715938634901022e-07j),(-0.0002585451799303142+6.0695742616363884e-05j),(1.2675853656618653e-05-2.7271300105001267e-06j),(-7.984203157684712e-05+0.0003164252491347209j),(3.14606476695808e-05-1.0925634810034926e-06j),(-0.3128634534381153-0.0011993295043505325j),(-7.246299121674459e-06+2.2786020621980856e-06j),(0.08293402163180894-0.003951376103305678j),(-3.57293891904576e-10+7.940475594610259e-11j),(-0.2387527814792983+0.00041288069490935664j),(5.473376103369572e-11+4.861794847115166e-12j),(9.785119388224887e-06-9.81099195247711e-07j),(0.002943400889783213+0.0012339538512537575j),(0.00036161090751202663+0.00040908048163813707j),(0.0001175680227318724+0.0012554535515856325j),(-9.689011347821522e-05-9.520003232859051e-06j),(8.158598498710866e-07-1.1238809483731456e-05j),(0.0006064483615652918-0.00011757857261588791j),(1.548419623020131e-05-1.575867771060059e-05j),(-0.035926666029815285+0.006405323091386499j),(-0.0007209404354073404+0.0017044553962023187j),(1.1243999640498668e-10-8.962242652992861e-11j),(0.0001356845899933968-8.498599811532637e-05j),(0.0006470287533800975-4.2546187556023916e-05j),(0.004170322152027294-0.0007217010378293793j),(5.131961648981964e-05-1.5299750994565773e-05j),(0.013395523362968145+0.002963858242966556j),(-0.001158347291402534+0.004175497696748473j),(0.0007982352889545162-0.00032409583418136666j),(0.06465118892819674-0.005694606362066545j),(1.6734512754176835e-06+7.060036454720243e-07j),(-0.023371655579636205+0.001501910435339615j),(1.2762936079795485e-06+1.305258878962548e-06j),(0.09432842962699882-0.005775905780662664j),(0.007852868898208892-0.004639230069088863j),(0.051853980391100125-0.009012345694466958j),(-1.2779168309545067e-05-4.234875676652779e-06j),(-0.0035484034246263613+0.005353379538036198j),(-0.037184670250423005-0.0005527269310532843j),(-0.21840582510605+0.0048929339554458495j),(0.014611514917804061+0.005929309195272656j),(-0.0010748731733324613-0.0037334123406425395j),(-0.003500743652553141-0.0023989728807729625j),(-0.17065695233927153+0.012801292909459095j),(-0.01302438049368998-0.002151853904947566j),(0.004933466016266471+0.005655920744694539j),(0.016807665526760572+0.0030510205133136284j),(-0.01792047924367589+0.0459468563438836j),(0.006216875993418138-0.011476287986533178j),(0.049633215666270575+0.01613424278064614j),(0.13679142507861466+0.010135232530493152j),(-0.053643831451125494-0.00440869165637981j),(0.021907170427264908-0.012541945778088143j),(0.09007401786289651-0.009041733798073201j),(0.030523497973531984+0.0035708870837126124j),(-0.001647233671916441+0.0028173528807732594j),(0.0008622229406140872-0.0002493217238035091j),(-0.007323559056380239-0.009261566977594546j),(-0.2414665536555639-0.011773216479568888j),(-0.03790652924648276-0.05302300998161843j),(0.15801906414013456-0.025529104759244962j),(0.085613007637047-0.017348750050108743j),(-0.08336047487993266+0.0050777918152809486j),(-2.430805845444751e-16+1.892801446831007e-16j),(-0.1509135071221833+0.03627416943536696j),(0.04239124137992897+0.05165472831686215j),(-0.1102710119039045-0.01573316462177906j),(-0.19435392783850497-0.02513507001426126j),(0.03956797767561814-0.002235727110837486j),(-0.12323798497623042+0.04780882287204904j),(-0.00861036372836368+0.0025500649736130464j),(-0.1075922707290402+0.022461944877146547j),(-0.06956475633383456-0.013518905492998435j)
48,(-2.6559417866485982e-18+1.9143787166265942e-19j),(-2.6831766491378843e-18+2.0505576275662502e-19j),(8.583236652255271e-28+4.0285316926478266e-27j),(-1.0602215063880528e-27-2.615640360680936e-26j),(3.3360070515063446e-23+3.4120588083417964e-23j),(0.4284356881230396+0.0023802716762799936j),(-4.945569697347116e-17+1.6076603302034061e-16j),(0.3774188108750142-0.005743306395138488j),(-0.4116873736893445+0.000212502822475924j),(4.7387738031333693e-17+1.7349137361365437e-16j),(3.866590113924262e-17+1.2043019156364215e-17j),(-7.759646574873547e-06+7.15887930582786e-08j),(0.00013736015893092474-7.420039953708073e-07j),(-4.8239454972461856e-08+3.5343042972844238e-09j),(-6.912584412544097e-08-2.206119961274663e-09j),(0.00012139001865496969-3.38221972872619e-06j),(-6.940368562501236e-06+2.1098531537386865e-07j),(0.0011006947738542439-0.00017682396803558168j),(-1.5980953798545407e-05+5.915895852281274e-07j),(0.0014193930701182607-0.0002623198038085925j),(2.3445765265825894e-06-1.2641258049289782e-06j),(-0.0001766577177680917+7.990050313598656e-05j),(-1.4973690053207899e-05+1.1579023593109138e-06j),(-0.000160667150355436+2.7417482210156013e-05j),(7.718782824590407e-06-9.188898208486467e-07j),(-0.0001296763404304157+0.00044166095325262714j),(-1.869801469657572e-05-1.2193885859454066e-07j),(0.23983098648238294+0.00019888152597900832j),(-2.3639569323144525e-05+2.584013221558038e-06j),(0.2193994062981865-0.0017146025508436198j),(3.4719508922064924e-10+1.2498142448611126e-10j),(-0.23623194736011538-2.8338456832224107e-05j),(1.5057270238619566e-10+2.112937369454975e-11j),(4.111510927103014e-06-3.7459900168641955e-06j),(0.002917276509966614+0.0012047016475875186j),(-0.00024125997004223422-0.00026274910326989107j),(-5.2672912825614196e-05-0.0007731695864507421j),(-3.531298985750589e-05-1.2540310706100102e-05j),(5.049975010862978e-07-2.222722962282185e-06j),(0.0005491608440068805-0.0002221785491220113j),(2.2888669306603486e-05-6.509232001068816e-05j),(0.015051723277786356-0.003237966165942719j),(0.00016879906877120837-0.0007151832012488085j),(-2.5753717037780325e-10+1.2129342853727324e-10j),(-0.0004307085655028482+9.59998601206144e-05j),(-0.0005423480724260003-1.3074471178808995e-05j),(-0.005430087949521163+0.0010137112109270827j),(-4.632340075412961e-05+2.5366165673767224e-05j),(-0.11430732214970497+0.001368206054658691j),(-9.562805444565171e-05-0.003689426621734082j),(-0.0013264992449857071+0.00040608947203397847j),(-0.04760541574632872+0.0030575827175048816j),(-5.868915750849708e-08-1.7377405608886723e-06j),(0.019842009616037843-0.0007706651105039133j),(6.209384334280889e-07-2.2131535172902754e-07j),(-0.12882213111941582+0.0027916878783946913j),(0.012957964632669775+0.0038438351616857267j),(0.017387864260837556+0.00249715195347638j),(2.308658037633311e-06-7.310773557014697e-08j),(0.05880146517740196+0.003116968815940792j),(-0.022197242132695312-0.00017353949683426677j),(-0.009478719038221324+0.007282634757457886j),(-0.010046446385568097-8.462870562320549e-05j),(0.0008146330406664187+0.002348143933565279j),(0.0010928191857150836-0.0014681129935359962j),(-0.08201667642915705+0.007347513504210798j),(0.01604798642214216-0.010723405264621273j),(-0.0302748768383525-0.0052772349269740865j),(-0.049242829617544503-0.00495490530228207j),(0.022903421218179627-0.040626818672222065j),(0.019648662839974768-0.030213695454687668j),(0.05231391074519537+0.013967457374454857j),(-0.12713166651529847-0.00957876471889913j),(-0.08502126100332266-0.006543026921001456j),(0.022135160126078395+0.002497548765257718j),(-0.15137993897259322+0.01434567095829132j),(0.026691309161643983+0.005184050397905629j),(-0.027598534419636913+0.005153784100867813j),(-0.010825925745723082+0.003448877199818233j),(0.013629615890801845+0.013158315980623786j),(0.08443390510627774+0.04255907064206884j),(-0.033212599146104936+0.08059962857648997j),(0.14771081384182144-0.023431799405702593j),(0.10153833274222414-0.015273454163727895j),(-0.05757338625361813+0.00017170866887725872j),(-8.299667026281364e-16-5.91420248740425e-16j),(0.3234596169159949+2.5089362573615936e-06j),(0.11648291376914786+0.03863047012768841j),(-0.05513027734262875+0.04040662268259945j),(-0.1568431185009696-0.014438035334021233j),(-0.10132998011154373-0.021989933053519383j),(-0.13536714460730184+0.05682337564020379j),(-0.09726858481745616-0.004453283879988057j),(0.010702026663908275+0.0013532168937403785j),(-0.07058780045502389-0.020037958371162366j)
49,(-8.399916678056895e-19+4.9342486382606117e-20j),(4.091035206347164e-18-2.481260515064702e-19j),(1.770695791717404e-29+1.4135287955067847e-27j),(2.900343903588288e-28-8.690750274748629e-27j),(2.4491554967701324e-24+1.3006301896582342e-23j),(0.13536657241403008+0.0025486793169510052j),(-3.2355805411346275e-17+1.0760181543372155e-16j),(-0.5749598240561167-0.00026696179853392954j),(-0.38290193079097734+0.008285732490364212j),(1.0094659460532094e-16-1.4034596516924308e-17j),(2.4818331233879723e-17-6.746834207026334e-17j),(-2.493602196783875e-06-9.134446180959336e-09j),(4.43769605379751e-05+2.940679018302471e-07j),(-1.5491495130452062e-08+1.0012421898800185e-09j),(7.68385797456658e-08-3.181792965913406e-09j),(-0.00018715373518358875+2.21437167738611e-06j),(1.0626097984621945e-05-1.4774347509127302e-07j),(0.0003380453775867733-4.925286790471536e-05j),(-5.311093928605357e-06+1.419099197383251e-07j),(-0.0021815091672949334+0.0003695751309506568j),(8.220428465783768e-07-3.2194599826821027e-07j),(-3.526594093104969e-05+1.5062060123720963e-05j),(2.3532371301192372e-05-1.4052386121555538e-06j),(-0.0001538709441061974+3.03225188832422e-05j),(7.546323065719963e-06-1.2911826941883172e-06j),(0.00024508676926698073-0.0008127388044159686j),(-1.4770143593188856e-05+1.2330498791315536e-06j),(0.081897681962935+0.0021965853283953465j),(3.324942126295707e-05-4.474569674795419e-06j),(-0.3256468557456187-0.0005993060948976323j),(9.913050207573091e-11+9.596022091276974e-11j),(-0.21993772206126844+0.004632455535039482j),(-1.992027800238579e-10-2.4367527399189476e-11j),(5.765037340520295e-06-2.731172487935802e-06j),(0.0027190352589826516+0.0010666434204570825j),(-8.303464627840557e-05-9.462971837355164e-05j),(-1.3077591717784265e-05-0.0003111290477847837j),(-8.087241667879758e-05-1.0539625434064028e-05j),(4.384386066455116e-07-2.5467811450487446e-06j),(-0.0011398592421789466+0.00033996767839419867j),(-4.0968784410841563e-05+8.253008301013025e-05j),(0.010056949777083133-0.0025981607023832674j),(0.00018489515151730415-0.0005126757622997775j),(2.5642253591164008e-12-3.473443868567233e-11j),(0.0003979813657461716-2.3814862799131527e-05j),(-0.0005201632864379218+0.00010234013335817265j),(-0.0037597117797912175+0.0005317172032608247j),(-1.6349326958196773e-05-7.63124052431346e-06j),(0.09808277293033746-0.006038037361432953j),(0.004526407428138003-0.005260566474453378j),(0.0002666169155702721+7.331932939777735e-05j),(-0.09008100530078848+0.00017235876373561387j),(-9.312834698060172e-07+1.8797893772168586e-07j),(0.006500834511482798-0.00012966535204972263j),(-6.534779450770075e-07-4.4153617398304273e-07j),(-0.04288627758109956-0.004853991668537862j),(-0.02446378018456788+0.003307416031111712j),(-0.12672775290654484+0.0002931136594356114j),(4.262535379670841e-06+1.248582388651334e-06j),(-0.03918714944683897-0.009110234338031284j),(-0.020129224302467344+0.002638870230203093j),(-0.018309875583032414+0.006420716488287332j),(-0.01120954217389752+0.0020903176465644603j),(0.0015688939462296634+0.0020645251907894227j),(-0.00212984921470905-0.0030061799399573475j),(-0.06543683565198177+0.007962388666082182j),(0.004617100870957754+0.002860567396249612j),(0.01898728602480043+8.596839564408917e-06j),(0.02169186978240254+0.0005751205139504778j),(0.007104056829896302-0.012219868772098876j),(-0.030661963179940115+0.04652440717903994j),(0.05730339025937451+0.01716163955521133j),(-0.02299324920943675-0.002201838850691443j),(0.15006796087015972+0.010160762188113398j),(-0.013023942859624979+0.005317128996678615j),(0.002548133073061051-0.005838010913817254j),(0.02242625352481566+0.003743498656883922j),(-0.017128914112400383+0.006042725237281537j),(0.032481340391956354-0.003492661118051939j),(0.04259234933715324-0.006097784091804292j),(0.2289100231709772-0.03524584568618616j),(0.12227474460136963-0.030756494266917133j),(0.1456429935870081-0.02595022556639367j),(0.08501882799020093-0.01869856989836477j),(-0.050371667834552124+0.0023529605280551806j),(1.1487746381495767e-15+1.4163924673056456e-16j),(-0.18555890249976126-0.0674098611837833j),(-0.02060185980959387+0.0416106936159479j),(0.2324856321711113+0.008224111876444673j),(-0.1792164117124651-0.023593120523021822j),(0.005527438894533877+0.045710719043780004j),(-0.10002716731534522+0.0345572653646144j),(0.0347212423876617-0.00712532534898023j),(0.1526675129992053-0.02397397251887612j),(-0.038799343730743695+0.01280485235147179j)
50,(-3.411568558462879e-21+2.620481242421367e-22j),(1.1083278602883686e-21-1.084769862885611e-22j),(3.244129055205621e-30+7.059665529549404e-30j),(-8.125799563140478e-30-4.268704669663027e-29j),(6.993990546584433e-26+9.204470995241585e-26j),(0.0005548357328649443+4.6932859169170993e-07j),(-4.3931825401154104e-20+2.307126496318449e-19j),(-0.00015742240763425515+5.760478496722346e-06j),(0.0004275525261180181+1.7443573216707352e-06j),(-3.428375245072265e-18+4.755726253445864e-18j),(-1.3717256312066657e-17+1.6568581591064228e-17j),(-0.0007522955387984519+2.402901712939595e-07j),(0.012887524037372344+4.8202899092458264e-05j),(-2.738895242041691e-09+1.8569864865052723e-10j),(-5.927749582357813e-11-3.610663275064313e-10j),(-0.0036993311225728244+0.00011826264864364232j),(0.00021455343638173343-7.234183353419516e-06j),(9.059291070553855e-05-1.4166818959783723e-05j),(-0.0006183965680382032-5.591090022128174e-06j),(-4.03689051381476e-05+7.720118074053634e-06j),(3.405723940821361e-07-1.7166273331901294e-07j),(-2.465986552316763e-05+1.0757196439789755e-05j),(0.00018127269572804474-4.064916377356728e-06j),(0.011240066658372435-7.467749704762787e-05j),(-0.0005824285706354224+1.6124497281666647e-06j),(1.2547342466985836e-05-4.283731196990344e-05j),(-6.397772777662545e-06-8.672713156183162e-07j),(0.049322508401661046+0.007936808291222019j),(1.272545405442564e-06-2.5345950205247447e-07j),(-0.010678643531448314-0.0008918769135774435j),(1.1673833851780422e-10+2.380768436744445e-11j),(0.012490982675833066+0.0030004216449718507j),(-1.8397017129928845e-11-7.44936169606477e-12j),(-1.6521838997002635e-06-2.604630406131345e-07j),(-0.000292183707149184-0.00010467752276283828j),(0.015046203259598216+0.0006657474650109344j),(0.09523321435077717+0.004965013607065784j),(8.573288256516055e-05-4.708904197368784e-05j),(-0.0007368447775236808+4.8323880527908634e-05j),(-0.03473087783210434-0.0034119573995661182j),(-0.0027415156959505506-0.000911943053324839j),(0.8112082613653513+0j),(0.018769736950151546-0.03466677171100251j),(5.872014516668702e-11-3.405730050833565e-11j),(-0.0020427135180908066+0.0012663461156115468j),(-0.00397994355436826-0.0008569999602665119j),(-0.00805903264970834-0.0038640113523991824j),(3.4728555469503787e-06-2.541710017739952e-06j),(0.005012362058579091-0.006812688263425535j),(-0.0004385899165516928-0.0024438798775627954j),(0.0001450841858545373+0.00016379238162441505j),(-0.058246269995848754-0.007005352540031248j),(-8.265497347840769e-07-3.3991395076561155e-07j),(0.002317157746261495+0.00031861990727620666j),(6.849718431226569e-07-5.274929940321424e-07j),(-0.07014152225335951+0.004829169111145795j),(-0.0006418137619178898+0.0029487352970577353j),(-0.028848269797237234+0.011785381451438006j),(6.351527745218403e-08+4.0883967578165615e-06j),(-0.02599316986784652-0.009719875439007264j),(0.01992480395416913+0.004605732186205736j),(0.36852534861428576-0.0018824843969110164j),(0.024307971952827474-0.007638439360749465j),(-0.00264199839144871-0.004997281921871859j),(0.0016327631610188952+0.005393387455363814j),(0.20166889310963398-0.002048266250312989j),(-0.01713526731676408+0.010599233625902246j),(0.011825431906090929+0.003355122486516063j),(0.018751313830121043+0.0006722114677896063j),(-0.027925832847613668+0.02396595918037939j),(0.00866864990389504-0.00477954692230821j),(0.08202119575840784+0.017301376558756288j),(0.16066752254485878+0.009485422364993445j),(-0.06543510280037743-0.0045510706723934785j),(-0.00910640204411066+3.525596574036906e-05j),(0.07249162261094674-0.0101033261085656j),(0.013908981121715125+0.0007996462605432673j),(-0.010694002799821096-4.432352863496282e-05j),(0.002533866019268711+0.0004815334924747521j),(-0.019873397893464536-0.0023631887565648702j),(-0.1773577527788029-0.00429057697441422j),(-0.022978909069631237-0.037006366634989435j),(0.10262585463203246-0.022405162424505028j),(0.05508246501958123-0.013125348323936055j),(-0.04335485763115178+0.004477061091199323j),(1.8614160236149297e-16+9.043237436996174e-17j),(-0.09638678361459205+0.02462726015396069j),(0.037613727144557074+0.02673572876684199j),(-0.06627966613791124-0.004890697831203342j),(-0.13642651878302836-0.007225462926645874j),(0.017543921522924368-3.444712280798571e-05j),(-0.05284829666558202+0.029750617032328754j),(-0.011650692612278968+0.0010309795259123298j),(-0.05376544150582992+0.01366892405274579j),(-0.05603264409137226-0.00809811406707999j)
51,(2.68469327716584e-21-1.928502311444131e-22j),(2.7101219720163814e-21-2.0643626501195466e-22j),(-8.53028916051049e-31-5.117311480794872e-30j),(4.021789449701277e-31+2.6423142569510544e-29j),(-9.567016767555425e-27-5.080586755400619e-26j),(-0.0004364441728462469-2.5305594332456502e-06j),(4.864833380518878e-20-2.321622365653228e-19j),(-0.00038425376335514844+5.757190944911832e-06j),(0.00041726836749250717+3.7160928436746595e-07j),(2.4329051321911932e-18-3.587598850512628e-18j),(1.0252774925225058e-17-1.2467169826063897e-17j),(0.0005653871422342934+5.18098166411263e-07j),(-0.009657293978955574-4.883035282445512e-05j),(1.9914120870420727e-09-1.3555487604699049e-10j),(2.9665866601745196e-09+1.6599231885520194e-10j),(-0.008502962411385557+0.00013269803827452775j),(0.000503321187053465-9.358093670520966e-06j),(-6.410308292085831e-05+1.0304740473224806e-05j),(0.0004351939962730009+2.2045250798341808e-06j),(-8.211054658008857e-05+1.5215820687886033e-05j),(-2.1803835737211863e-07+1.1697897921115645e-07j),(1.699432545961864e-05-7.724483475555012e-06j),(0.0003822505347727002-6.181105644006022e-06j),(0.009267678209355226-2.115102405293853e-05j),(-0.00047553557024332117-5.889764704769502e-06j),(1.1706928826009903e-05-4.043884745145669e-05j),(2.949991100637797e-06+3.279782088987219e-07j),(-0.029711212192365714-0.0031380615576199374j),(2.9287512861048634e-06-9.348221593393038e-08j),(-0.02165583510726265-0.0014288709724994192j),(-6.11453970969063e-11-1.842212560204122e-11j),(0.009411296273659891+0.0016696016522905611j),(-2.602964462908883e-11-5.688131742059947e-12j),(7.614625107399654e-08+3.070363110200755e-07j),(-0.00016139811837847552-7.084792342380396e-05j),(-0.008308127035372363-5.062431647101354e-05j),(-0.046792249966296176-0.0001726725697320762j),(-1.200699851516017e-05+1.0044160698563068e-05j),(-0.00040585242809330246-1.0114365624776635e-05j),(-0.03791949340366692+0.001219118533044631j),(-0.007844504780301548+0.0004611631844794032j),(-0.11220610050360541+0.01197198008854209j),(0.0010882232393371208+0.004813486948325091j),(1.1945284199712302e-10-1.0029287063740224e-10j),(0.0055282145518740725-0.0008475126329363057j),(0.007216707081625856+0.000703686187460972j),(0.06616725651377164-0.005732308817559886j),(4.8211828537621374e-05-9.559952271483464e-05j),(0.6545956252056897+0j),(-0.007320512515418633+0.025509725854829267j),(-0.0015619253943326811-0.0010010222741441773j),(0.3132645554640706-0.023666816322414186j),(4.683621948836299e-06+2.469945327564411e-06j),(-0.014011690613778903-0.0019120578992222604j),(-2.3313801110538787e-06-1.331935864777108e-06j),(0.4389285356827375+0j),(0.009755062839418932-0.017987578272040915j),(0.009294410891854125-0.011134449767807426j),(1.466400277001311e-05+1.6458705018662752e-06j),(-0.10451595687469215-0.015425583812817034j),(0.0037370000324614596+0.0046050262820922705j),(0.2587084512660832-0.03128145679766597j),(-0.006683164188510685-0.008382380610572532j),(-0.0003774527221499989+0.0022960096730791643j),(0.004768171012206235+0.004435044029735187j),(0.20302862214255196-0.013985723510837938j),(0.00915310301313974+0.00020357255685284157j),(-0.018378463505855924-0.005407535681654542j),(-0.030481106665554356-0.004009263042509601j),(0.012743849543642823-0.024351935235958855j),(0.017808423114034938-0.015757321992745692j),(0.0849382111745704+0.014430722455987286j),(-0.15167798808473248-0.008718951349224242j),(-0.1048464443034432-0.006515577076847856j),(-0.0104234691084653+0.004710576501078725j),(-0.08763902756856434+0.005032045015030753j),(0.015513419013515481+0.0015751745594715094j),(-0.006872283775515529+0.005512360228721922j),(0.0012523636146614132+0.0017665297437147022j),(-0.015267950308632029+0.008226902248183995j),(0.028280538294252304+0.027331865470865194j),(-0.020927540519796166+0.041996599290314705j),(0.09542775640169279-0.020667170378765497j),(0.05784579574143026-0.012678771481738165j),(-0.037702791999532505+0.0024144490325989833j),(-4.223170527229945e-16-4.793765424631034e-16j),(0.17752114401990055+0.0031909889284274656j),(0.06768685886378109+0.021048702025393197j),(-0.03536882600048179+0.024076585508672598j),(-0.11463755954743-0.0030575206499897697j),(-0.057349400521598884-0.011732378019107686j),(-0.0664030434389407+0.03116358464367316j),(-0.055258998744552965-0.0018579432305656307j),(0.0021478691215268755+0.0016016152507072668j),(-0.05375273799851911-0.011384348495675135j)
52,(8.49088431487366e-22-4.9669432193853423e-23j),(-4.132022339667646e-21+2.4957319943865276e-22j),(-1.018112896505642e-30-2.5512459345887348e-30j),(3.5967738479222645e-30+1.3896831536044724e-29j),(-2.305209871750715e-26-3.5114705689591206e-26j),(-0.00013789664456499993-2.6297546275151642e-06j),(1.6913230406073824e-20-5.955803260451062e-20j),(0.0005853704255702064+4.0909058254914074e-07j),(0.00038810464494929586-7.85209091672519e-06j),(7.85651238030426e-19-1.132151040783429e-18j),(3.215431683520141e-18-3.92874271656636e-18j),(0.00017782025069320494+2.720036171003192e-06j),(-0.003054990640193513-5.652689427324323e-05j),(6.388817607363375e-10-3.770508851967022e-11j),(-3.1259864647148263e-09+1.1730886276808203e-10j),(0.012960171752788041+3.38383946637405e-07j),(-0.0007630481755245575+1.8955702691976083e-06j),(-1.987556789757759e-05+2.902248693958841e-06j),(0.000138194969558183+2.4534378836669126e-06j),(0.0001270066345381187-2.151311050143974e-05j),(-7.555561817709267e-08+3.1847224483858114e-08j),(3.839129794478983e-06-1.6298197415120157e-06j),(-0.0005840423205034278+1.2864505082035784e-07j),(0.008631361310425172-0.00020317310526781016j),(-0.0004472969841807402+7.45746890277275e-06j),(-2.3960186689215286e-05+7.965943870605353e-05j),(2.017795527702005e-06+4.3328220840128524e-08j),(-0.010251091831683191-0.001370606177751547j),(-4.129450677525003e-06+2.8193053256276033e-07j),(0.032302079614722964+0.0024823383097564962j),(-1.7031096436567055e-11-9.32276670918182e-12j),(0.008826942738421+0.0013785370019231418j),(3.7212878800288655e-11+8.49162877624962e-12j),(-2.701839229582851e-07+1.6550670482717734e-07j),(-0.00015043439161702333-6.258389576125562e-05j),(-0.002539370231781558-7.433805745130056e-05j),(-0.016386915158313003-0.0001694466309295991j),(4.387993664268087e-06+5.629830630395063e-06j),(-0.00038086716380215094+2.0047702722843274e-06j),(0.061234008155806555-0.00025696138615579484j),(0.01030715052593973+0.0001900276883273623j),(-0.07396708428833547+0.011466287839910244j),(-0.0007087898542650499+0.003510708460645851j),(-2.6663850153522416e-11+4.9215926315825067e-11j),(-0.006686622593024096+0.0004059430983790024j),(0.007829499647339325-0.0005440111193046886j),(0.053460376316453895-0.0037306905341999083j),(2.1897875089000968e-05+5.992951645973341e-05j),(-0.5555749053766765+0.029166422490704308j),(-0.03050102700533529+0.030948698813353857j),(0.0001790770409832024-0.0009146314654454642j),(0.5214598770306814+0j),(1.4693349495316958e-06+1.4017463509810406e-06j),(-0.0077091016491222675-0.0008355739992868568j),(-8.19404424531345e-06+5.075694451504767e-07j),(0.22070251365306243+0.007104293840444184j),(-0.0007850971220907093-0.007967168893214322j),(0.36245107370012236+0j),(2.2026231409953698e-05+2.049677589527942e-06j),(0.04244505589378448+0.018980910086501636j),(0.0022326891661390235+0.00010107026375222664j),(0.22893541126937964-0.034620105128552486j),(-0.008546116920185245-0.005765125140601235j),(0.00039656174903968827+0.002167635665202875j),(0.0020130104763468742+0.002279072319747459j),(0.18122446035201994-0.01823291286186738j),(0.0013759017772881476+0.009788223443708322j),(0.019025215180272295-0.0014641799630203556j),(0.018643048736429964-0.000790189918232341j),(0.0007435599449096878-0.007985348395330768j),(-0.023531327222784407+0.026551052903780178j),(0.09029528818702535+0.018041398252936387j),(-0.02741022858208539-0.001968085341820098j),(0.1831813002971706+0.008811918552283776j),(-0.014494828493382779+0.005835733092476373j),(0.010063297467472303-0.007198591880024025j),(0.013695310639982106+0.0013941795518478137j),(-0.006878238847710217+0.0039400542026308445j),(0.007819908794660763-0.0034796183817013887j),(0.003043829218846733+0.00042985347900187723j),(0.12250137320260868-0.019582869818981247j),(0.07236058253921882-0.020961802578606345j),(0.09235900627705124-0.022144134924803955j),(0.050771419179500496-0.013780488645763068j),(-0.033234935746627094+0.0032844842410805347j),(4.96333788115566e-16+9.40213249252882e-17j),(-0.11557625727636711-0.03739756808105202j),(0.0033743926608290785+0.02132909890608617j),(0.12692576590752436+0.004885803176396378j),(-0.12286539772317823-0.005647616097417387j),(0.000724655923507041+0.026366732555558586j),(-0.04054057418267537+0.021589305019211344j),(0.013690615822684951-0.003638637312850049j),(0.07673601846610709-0.01274423067246528j),(-0.034059308744117216+0.007136500747120602j)
53,(2.954668700735221e-24-2.2625034606328815e-25j),(-9.592865798650248e-25+9.360344196847209e-26j),(-1.6178218587356232e-33-6.1431927903866833e-33j),(9.004713929252973e-33+4.0204156441743934e-32j),(-3.882173673256523e-29-6.975126042503015e-29j),(-4.843425593292444e-07-5.232009151827516e-10j),(6.128302568033634e-23-3.3491339382939933e-22j),(1.3737406436534454e-07-4.988633349430993e-09j),(-3.7341789425698683e-07-1.7019707738056731e-09j),(1.0357891614880704e-16-1.455861629356793e-16j),(5.693028519903709e-16-6.939963817942469e-16j),(0.03240817771196682-0.0001223312744687774j),(-0.5373771177424187-1.6215780604761365e-05j),(-3.306677218698734e-11+3.892530068690613e-12j),(1.0764556387037865e-11+3.105692340454792e-13j),(0.15257635791170046-0.005729316984733335j),(-0.009166087014699979+0.00035729331309179366j),(-6.809734647998608e-07+2.6863977613382595e-08j),(0.011296558417821295+6.913712338247301e-06j),(3.9021605675637734e-07+7.81910748881251e-08j),(-1.171471836008187e-08+5.014602534208226e-09j),(9.408736825789637e-07-3.8210517418910454e-07j),(-0.0032112751704168755+0.00011674634318706658j),(-0.4172881476021089+2.7838163625074075e-05j),(0.022430627009676518+0.00014850970851292347j),(-7.126345869326266e-07+2.1483489789908924e-06j),(6.47342859732991e-07+3.20671616714822e-07j),(-0.0030719362060664885-0.0013356632452897897j),(-9.679485464063614e-08+1.1472980629277573e-08j),(0.0004504605564171151+0.00013461769498560763j),(4.544609144657257e-11-2.8616948440988147e-11j),(1.0261259057872263e-05-0.00021848250109981752j),(-5.857435442958177e-12+2.9467886753654642e-12j),(-5.109385594855787e-07-4.5251638488526647e-07j),(1.1168830105604313e-05-2.0855885008315702e-05j),(-0.07430353438387276-0.00045290435249577575j),(-0.3565294945473644+0.001414902267309462j),(1.0475247387592461e-06+7.418663125936202e-07j),(0.00882802087581254-4.112109051547259e-05j),(0.0999701339748999-0.004414458337261035j),(0.013628586319809302+0.0022177741800454504j),(-0.0023903694494264876+0.004803855426716661j),(0.01634640113165405-0.0014344980593124475j),(-1.7975278498479177e-11+1.0158666631403878e-11j),(-0.0049074015569055204+0.0009503659875297934j),(-0.04838192426592859-0.0011741850165093992j),(-0.2774674024592491+0.003809129385597118j),(6.1259050899435915e-06-8.054006431583132e-06j),(0.039708654944545285+0.006713891584793852j),(0.027216591898841652+0.007721138758374546j),(-0.001366433208491502-0.00011390394264488595j),(0.2326431638412168-0.03743027708215853j),(-2.1131269262842865e-06-1.5430756544754115e-06j),(0.02717117553684041-0.0005126933820495263j),(2.7892271065600834e-06-6.935883444798188e-08j),(-0.21581791391344887-0.01813604020006407j),(-0.013571637960728248+0.009099692906635303j),(-0.17723560925059592-0.008583698927778164j),(-5.2428042664927335e-06-5.267007041957603e-07j),(0.09119207764831665+0.006732612625190907j),(0.0030550575513681086-0.002714381729387773j),(-0.11788911759492042-0.0022654235385576402j),(-0.0070199718074527295-0.0019271648773329618j),(0.0004014148904888141+0.002234572745327134j),(0.003639379992155434+0.0039844016525122615j),(0.2144188018543616-0.025702484885469352j),(0.0007920588262390216+0.004797479265436053j),(0.001451880706069331-0.0017080681130589366j),(0.00029545077464442375-0.0005434263990890961j),(-0.004215741292470588-0.0050362248693058935j),(0.001521222307175739+0.0012481139710563058j),(0.14904835538104994+0.016406899475146973j),(0.20859599260068318+0.0062620791861587345j),(-0.08902697435038809-0.0038981371412916375j),(-0.030740506320567827+0.01206178372029038j),(-0.006725968131079277-0.0011584868358752j),(-0.00605398577723576-0.002585098067897088j),(-0.021065405265552187-0.0034696472209039472j),(0.004378371128455561+0.0013505746635111926j),(-0.014349669615962374+0.005794450647146022j),(0.020190540186586378+0.00437599094103374j),(0.005383348184908469+0.006241929033442634j),(0.009948136358916584-0.013947200811551557j),(0.008442453824900581-0.006093383884879803j),(0.010837482803747358+0.0035583371214095508j),(2.7719520044262036e-16+2.3775966722771515e-16j),(0.024225922719471247-0.003474304268355618j),(0.015663711317106314-0.012917502376141535j),(0.016510811918052336+0.00725109633444003j),(-0.024401473518702445+0.018380627367785785j),(-0.01288594860730492+0.0010103107597988616j),(0.05531435625718538-0.0036058907997236905j),(-0.006660538510721308-0.0012860547440688695j),(0.027583238780831243-0.0021267111920291876j),(-0.0027788342529912313+0.0016489691106232112j)
54,(-2.327390645424598e-24+1.6656230702829801e-25j),(-2.3457124121024625e-24+1.7810301611743182e-25j),(3.143970620818332e-33+4.9684249565606205e-33j),(-1.1798479686997795e-32-3.105817452992234e-32j),(4.8889816528397544e-29+5.501178537342381e-29j),(3.8136400471202144e-07+2.3117730323497217e-09j),(-5.2453817277206807e-23+2.1362446040680545e-22j),(3.3529486533422967e-07-4.946883998271081e-09j),(-3.613471692334643e-07-1.0169447335488995e-09j),(-8.219355286347036e-17+1.1431407841138553e-16j),(-4.513462698400886e-16+5.446271129403481e-16j),(-0.025578889115526762-2.563156606921399e-05j),(0.42345407894916776+0.0021315253969771686j),(2.7187077765989127e-11-2.3705733473069095e-12j),(2.902087013377126e-11-3.3558038538603514e-12j),(0.37326195567855625-0.0058138436493180845j),(-0.022769165247608806+0.000420417959475625j),(2.8844730990112595e-07-8.172012889529369e-08j),(-0.008900858050359412-5.0353950317035944e-05j),(5.129681649824785e-07+6.555269648660445e-08j),(1.001826014156878e-08-5.9270531913781016e-09j),(-8.412605545581856e-07+4.1499066629809034e-07j),(-0.007852789461769944+0.00011876454951323368j),(-0.40917976580271315+0.0013607160662929413j),(0.02185188000845513+0.00014613469475529411j),(-2.8283693589052566e-07+1.1562773195871548e-06j),(-4.456002011393517e-07-2.3377115522886676e-07j),(0.0024302587211781817+0.0009465255577345163j),(-2.0843320601265155e-07-4.129728026752396e-08j),(0.0009000172996917686+0.00021376517856443736j),(-3.658869977798528e-11+2.1777677109106433e-11j),(0.00020832154025818866-5.529294563116118e-05j),(-1.2991162091661753e-11+7.330120923036627e-12j),(4.2413381984482903e-07+3.622389563344567e-07j),(-2.855355126713492e-06+1.694214753478364e-05j),(0.059986779070590496+0.0005113320139618362j),(0.2782047983002409+0.0006464490997125233j),(-2.047028253648631e-06-5.007703671230307e-08j),(0.008669045990023933+2.651590378738907e-05j),(0.24930391428644666-0.004671151756938913j),(0.057441001534336684-0.0025721560517516784j),(-0.00938223926437223-0.004551231097454088j),(-0.01345153275915062+0.00167363152736821j),(-1.9893242971603358e-11+1.5525102119933812e-11j),(-0.013412857167221145+0.0017041339167243696j),(-0.04258741870480977-0.002163245554337865j),(-0.28076957336974195+0.007153406259464298j),(-1.3028762559366975e-06+1.5692488868887593e-05j),(-0.12701472284351759-0.0041708006854351j),(0.0333479408550403-0.016219137347881513j),(0.0013896388396831855-6.891772754728342e-05j),(-0.1242053694183334+0.013821054326432998j),(1.7072618497099124e-06+2.1093368565741123e-06j),(-0.024008218969991564+0.0004208804374469333j),(1.0423149567567138e-06-4.865847898536197e-07j),(0.23261650708660786-0.006727568725677147j),(-0.011689178249540412-0.008344392852360577j),(-0.14565839650741244-0.005959901399810867j),(-2.655680413139626e-06-1.6284348221245935e-06j),(-0.12070507291142425-0.009583701482884562j),(-0.003117781578965897+0.001993356128228277j),(-0.1564436713823689-0.01494521527963957j),(-0.011683380372760729-0.00200110151792977j),(0.0005849489632269217+0.003389091116434128j),(0.004217322394963155+0.00428688165288603j),(0.22956365836505033-0.02779847763330844j),(0.0028733807363603807+0.0037045160680142385j),(-0.0018351504739824657-0.0022703089187836993j),(-0.001993017789696445+0.0001911337919718888j),(0.0031983183093808303+0.0003476593696246892j),(0.003949253722947531+0.0015772463169966406j),(0.1457132823435435+0.012366493442286991j),(-0.18391255123097297-0.007848575332952502j),(-0.1372927466159486-0.0057193468458161915j),(-0.03733006185683248+0.002848770923765871j),(0.0014367172096591743-0.0014479931886827381j),(0.0020496068082139947-0.0027888800568503843j),(0.018046213629725236+0.00584070225433385j),(0.01552778308112479-0.00024898329547183573j),(-0.03641252844103522-0.001394127138674952j),(-0.009447929713845834-0.0009432591948607466j),(0.0012995253435624152-0.005742769090068914j),(0.013591151572482488-0.013380528426025582j),(-0.0020693196297829077-0.007917896284534803j),(-0.009330957203489875+0.0048749849510883615j),(-3.0603450280960083e-16-2.88749367524811e-16j),(-0.019517119007221962-0.00010984355306721885j),(-0.006027191991307096-0.006571944560350351j),(0.0022697970996004052-0.0017862520648312104j),(-0.033701783478722144+0.012366667528895385j),(0.006486691832100079+0.002343805557804125j),(0.03541320777152806-0.008696376304360105j),(0.007797841644859819+0.001348142126739943j),(-0.004541543519605601-3.3478274078370656e-05j),(-0.006519948737888806+0.0012131952540035047j)
55,(-7.366241335573342e-25+4.293258909680149e-26j),(3.577648803703381e-24-2.151752302101576e-25j),(5.994453078468727e-34+1.725964397817124e-33j),(-9.453430344750898e-34-9.227766764547967e-33j),(6.604490433682947e-30+1.8021739690582228e-29j),(1.2058271535463222e-07+2.3251864211105054e-09j),(-1.6816997494104273e-23+6.002640994768147e-23j),(-5.109760934356983e-07-4.788856550387356e-10j),(-3.363395949774908e-07+6.1713239776945985e-09j),(-2.6465422022929767e-17+3.5774085478793935e-17j),(-1.4497902689539715e-16+1.7018705617532384e-16j),(-0.008027943804644258-0.00012502704608488287j),(0.13381856894437902+0.0024882586320128866j),(1.1420898783357095e-11-5.177866947954758e-13j),(-4.3389561101620266e-11+3.2155571904563896e-12j),(-0.5686139966389961-2.535260612496204e-05j),(0.03453107799885661-8.24450735646097e-05j),(1.8561153080740371e-09-4.4165670658825284e-08j),(-0.0028114362003942386-5.208386304605755e-05j),(-6.15131764839228e-07+1.4374192485704772e-07j),(3.9671384392521945e-09-2.6043765077484884e-09j),(-2.8071452278823125e-07+1.5538836039073325e-07j),(0.011962585382808647+7.077107594721192e-06j),(-0.38054721340080827+0.009302291318444553j),(0.020408923955229794-0.000347214393919687j),(1.1295581906198866e-06-3.769708331528462e-06j),(-2.3895583591471797e-07-9.101876165067302e-08j),(0.0009371292622887685+0.0003555511798104396j),(3.2973483123682663e-07+3.503668049969985e-08j),(-0.0014921180330807909-0.0003811149661176393j),(-1.123420075792019e-11+7.256343914215532e-12j),(0.0001698009693476434-7.678636895204319e-05j),(2.07877454152137e-11-1.0412410645169592e-11j),(1.2243355530361287e-07+1.1783707445090376e-07j),(-3.503162467704746e-06+7.166082152021395e-06j),(0.016960526961504366+0.0006050258639252562j),(0.09145055280761694+0.0007038463601594658j),(-2.3430774884268717e-06+5.419877149929186e-07j),(0.00805433586555404-0.000158112600813927j),(-0.3774386972381841+0.0017076610091408262j),(-0.07653712147423684-0.0012246804790578304j),(-0.01901920261652407-0.005800629252067334j),(-0.004612284898510294+0.0009453047911772913j),(-1.5435017628079034e-11+5.673670902258252e-12j),(0.020727723560089596-0.0015223587650485177j),(-0.043724384753888824+0.00023837242320732047j),(-0.25876745234356774+0.011427909114480286j),(-1.6515096700054878e-06-1.1385105258930858e-05j),(0.09878042619044408-0.005421305854618506j),(0.030557788372520666-0.01310722192495992j),(6.872218694694976e-06+0.0002490899117205016j),(-0.12447497343511713+0.00309292718541624j),(3.2197864717954927e-07-7.058892391260244e-07j),(-0.0040432347159075595+8.555200644003241e-05j),(-2.8305266053336205e-06+1.2545145629810303e-06j),(-0.034060003582386936+0.01843692389935183j),(0.02607219507021846-6.0610753401022345e-05j),(0.3042359324731586+0.003089383809175776j),(3.464264269425937e-06-1.5432769186117465e-06j),(0.1553030458502884+0.03189594667560216j),(-0.0024740621726856227-0.004960819582183005j),(-0.12607374104887656-0.00573170565137386j),(-0.010174238821883114-0.0012144557571801204j),(0.0006802461209737926+0.002847833378591356j),(0.0034265304644887137+0.0032712830371948117j),(0.19406954029976103-0.030096909194654183j),(0.0017339675453788856+0.004461352122292195j),(0.002975115657117917-0.0017189957030467524j),(0.001549908228610211-0.0004900471109915558j),(0.0004069742487614406-0.0005168640150330778j),(-0.004298445190918161-0.001643708590500357j),(0.15070866569340485+0.016569040548224j),(-0.03027176510754601-0.0024908330897588492j),(0.2321583204240255+0.0064521931782175815j),(-0.0034652822276116544+0.001497742459866245j),(0.003227218354987086-0.0016827344618301158j),(0.003158138606454742-0.001461725579257328j),(0.00555658274971191+0.0013553820618523343j),(-0.02170967511966212-0.0033976491160543605j),(-0.03779385165693622+0.006516193948507356j),(-0.009279161888237707-0.0001599439277888996j),(-0.0044200043799721925+0.000856188246521022j),(0.010837701814782628-0.013483976941740236j),(0.002941606470153043-0.006162443663402126j),(-0.008621459704082454+0.004075666566857435j),(-2.7870748179404005e-16-2.8745391536892844e-17j),(0.009362196852764494+0.0040924706357191j),(0.024226429603843413-0.008641231485898335j),(-0.019643491518348953-0.002214781594604826j),(-0.026414613103002235+0.01733941284344859j),(-0.0036764831217182847-0.0031306914662720237j),(0.04552772422954381-0.0020400565916965617j),(-0.009406538935278869+0.0005293450016783962j),(-0.022664976047101167+0.0009482960391131567j),(-0.006521166691555378-0.0013749750631385004j)
56,(-7.261443008218146e-27+5.543695599756307e-28j),(2.356129241449234e-27-2.292172955485661e-28j),(6.263074678886804e-36+1.9483302337651487e-35j),(-1.9437998652049392e-35-9.654471051882682e-35j),(1.470855197195273e-31+2.4823972932937056e-31j),(1.1996137264051513e-09+1.5671684251706742e-12j),(-1.3740289321060827e-25+4.0911204747520626e-25j),(-3.4013993820489546e-10+1.2259587234201798e-11j),(9.32588367652193e-10+2.176595068560314e-12j),(-6.9255541400887565e-18+9.736116940228377e-18j),(-3.8067912407756505e-17+4.6416259170428836e-17j),(-0.03280528942345033+7.766244811620825e-06j),(0.0359382080452727+1.0120231655445441e-05j),(3.754864696460689e-12-3.916938175009407e-13j),(-1.1703857688242835e-12-5.906132887009961e-14j),(-0.010164072321953167+0.00038057694753811013j),(0.009920330239210658-0.00034881798018660394j),(9.556687888085227e-08-7.677166750360652e-09j),(-0.001839810379961856+7.746001322962237e-08j),(-5.462383455182352e-08-3.3629543106865502e-09j),(3.5001715124907163e-09-1.6781225524675585e-09j),(-2.9887213446654494e-07+1.320648821271709e-07j),(0.0005233296700619505-1.962247166151286e-05j),(0.028021156747912345-3.703080603024121e-06j),(-0.02610511137576408+0.00013470025387949183j),(2.7766251864427464e-07-8.045803806194159e-07j),(-3.2550899835236785e-07-2.4096189892473277e-07j),(0.001221171511867888+0.0007330440266836561j),(4.554977094205838e-08-4.272511417255027e-09j),(-0.00014675729572432048-6.0872666732968256e-05j),(-4.180380514735697e-11+2.0453540857244058e-11j),(2.9923109646983206e-05+5.964870284902649e-05j),(5.563158780556475e-12-1.8282681762752076e-12j),(4.653963760150322e-07+3.675655837630483e-07j),(-2.5722528263617395e-06+1.7639544589903922e-05j),(0.15569149112067185+0.00036131457188696796j),(0.27008876528544495-0.0026023765084520964j),(-6.243505746983861e-06+4.9880860603861636e-06j),(-0.0014451078365273968+4.401766425412494e-05j),(-0.07475212385175146+0.0038593101362831977j),(-0.04504060823895816-0.000580245122537076j),(-0.07360194436286913+0.027268109807491198j),(0.6125485219957352+0j),(1.1388759332104216e-11-7.135741360178798e-12j),(-0.17769669858414325+0.0055061515292254785j),(0.12374709924252512+0.0008944612219447768j),(0.23290185550393394-0.008943160726880256j),(1.5308399308746994e-07-1.9039590497490627e-06j),(0.01536154584689846+0.0021161620808882015j),(0.4710214715446351+0j),(-0.0008868555310382819-5.253333113613077e-05j),(0.14082972083561449-0.04644726848048628j),(-1.1826662661305267e-06-9.113183840722794e-07j),(0.01601103958715106-0.0005261124590663755j),(1.3913918646292005e-06+3.0206997417428507e-08j),(-0.12285294500644539-0.009968649728747586j),(-0.007161862883821793+0.005007689215527113j),(-0.08951560136043514-0.007051776306034673j),(-2.6106559524156515e-06-5.639787657364586e-07j),(0.04751904663487644+0.006255486889787537j),(0.00032640473900366336-0.0016947072284076534j),(-0.08644549147260845-0.003092603950575939j),(-0.0059245601800483345-0.0003826991371024364j),(0.0004542358752571725+0.0016025231723688995j),(0.0013994032700194534+0.0014534710423432325j),(0.08411958741607514-0.004111565273815357j),(0.002359151681970024+0.0011930423331360097j),(-0.00013648099844781327-0.0011248697926164823j),(-0.0006806050732829864+0.0018885094697667676j),(-0.00011357364912318332-0.007707532848356641j),(0.0007732790160270072+0.001681281906086274j),(0.11865683959963053+0.01907043841662689j),(0.19683084097682985+0.007428992015157648j),(-0.08130681986289136-0.00418230024713876j),(-0.1778583821111197+0.011285214895861817j),(-0.01767151308270298-0.0023663355964046746j),(-0.006067400082061085-0.0026144448246881334j),(-0.021266417675003164-0.003480095928322078j),(0.004503798173292917+0.0013356508603302078j),(-0.027615448252183906+0.006861561159541919j),(0.043738401861763206+0.00910803727369337j),(0.0054793376980046896+0.013645817847711395j),(0.01513908144277782-0.019737292131029628j),(0.00949859095902615-0.007662499626623275j),(0.01098921832162519+0.004407055747408671j),(1.782357231264754e-16+5.152929920035659e-16j),(0.04567665504836067-0.003371318292583206j),(0.025248558387605802-0.02917852200411312j),(0.021947794578610763+0.008863419656094128j),(-0.04453405052992118+0.02805282869339855j),(-0.016187825376134824-0.0012477108702826185j),(0.14377143876141052-0.0015648786874224302j),(-0.004845788718607819-0.0018239936378884412j),(0.033948353932716044-0.002920314272481222j),(0.009112526904069114+0.002875999805078612j)
57,(5.722021005419146e-27-4.079461311621638e-28j),(5.760387993577276e-27-4.36046513747576e-28j),(-6.206533684392554e-36-1.4969756236403075e-35j),(2.5043641788594527e-35+8.876459950264189e-35j),(-1.9097585978459047e-31-2.1488977696042904e-31j),(-9.449195008885087e-10-5.9818806146754974e-12j),(1.351673215655703e-25-9.440480054715699e-26j),(-8.299735578402752e-10+1.2068221716085284e-11j),(8.827928934645894e-10+5.637975201056142e-12j),(5.49202692778321e-18-7.638998723133973e-18j),(3.015989211249842e-17-3.639822953047861e-17j),(0.02611298165258736+0.00010979493073937693j),(-0.028298621312336868-0.00015085745475388983j),(-2.9258652775974267e-12+2.595038009608151e-13j),(-3.233476261042225e-12+3.8152256246453053e-13j),(-0.024973011825862833+0.00038411722982239355j),(0.022444412549317283-0.00034902373263333546j),(-6.286486970241928e-08+1.0238448549000961e-08j),(0.001449854164870778+7.13489843385737e-06j),(-6.872347234136536e-08-1.275340412249611e-09j),(-2.803611547280264e-09+1.4577695327417162e-09j),(2.4723946419103626e-07-1.1356494120223365e-07j),(0.0012810699324411158-2.0673999998262172e-05j),(0.027618688695915952-0.0001151406937717767j),(-0.023117054414597882-0.00021445084596303718j),(3.3609460339601735e-08-2.6784455446419766e-07j),(2.2944943751533157e-07+1.8458640572512696e-07j),(-0.0009449388704476668-0.0005611633151587605j),(8.522215906154027e-08+2.954321750657161e-08j),(-0.00027683933199615097-9.031184478082565e-05j),(3.2311562374382126e-11-1.5612050755171887e-11j),(-4.7560095132040834e-05-2.4776202404677655e-05j),(1.148801880369823e-11-5.4675880972773805e-12j),(-3.66334972609873e-07-2.909116474051567e-07j),(2.0496663435475564e-07-1.3046547048519328e-05j),(-0.13125390599276152-0.0007755623403237018j),(-0.20738157777611804-9.227633383955547e-05j),(4.56646272577557e-06-3.3004286048575215e-06j),(-0.001442163441002221-1.607084536543431e-05j),(-0.19058655614211117+0.00435009368518656j),(-0.11250966200316691+0.0025273513758649647j),(0.04717789440743079-0.01953597749629591j),(-0.48456514147109936-0.0018370078228257258j),(6.0608388461716175e-12+3.1145150340875265e-13j),(-0.42733424867740305+0.004987038230250186j),(0.09511237347671404-0.0043377910957852935j),(0.22209161383142773-0.00779361995967591j),(-6.963348166652797e-06+1.7113001703918775e-05j),(-0.11767764761808631-0.004378882962998747j),(0.45976702113074547-0.015574839336276625j),(0.0006946784333286226+7.093677275924132e-05j),(-0.07924582089914779-0.016917572025100212j),(2.3910401087314857e-07+6.332303460301912e-07j),(-0.009196404703936449+0.00033368980469102537j),(7.89394848459732e-08-1.7779819595724737e-07j),(0.05296603087391412-0.004822969199517309j),(-0.005538372508886125-0.0015268967534771353j),(-0.03580228666825018+0.007796348061463919j),(-3.4685356888747417e-06-1.123675001031755e-06j),(-0.2086205520651226-0.0017533247656948484j),(-0.0030685610297915824+0.004305974105879785j),(-0.12815311858963874-0.01320365121163107j),(-0.0076378293853018794-0.0009259307930788697j),(0.0003786736647869209+0.002197666571277391j),(0.0025501466722317977+0.0026592838091033864j),(0.14280465443690687-0.01690264749428645j),(0.0013261066564401137+0.002539064441589684j),(-0.00014336834875067238-0.0012285019362301833j),(0.0004687257455935343-0.0004523343738359355j),(0.0013146275662597737+0.002757895475922386j),(0.0015857176969056369+0.002774532710220208j),(0.11433377507737963+0.01525403667061117j),(-0.1694088985800981-0.008917016032648299j),(-0.12373971668299343-0.006396279979898008j),(0.024396920970907624+0.004176308327201722j),(0.0014327669071040887+0.0006192597528462339j),(0.0020684591047726813-0.002818331781257076j),(0.018387778730480198+0.005979390664422531j),(0.01591950501131354-0.0002946076672166375j),(0.07264263625827522+0.0017072167287393546j),(-0.018806030548435833-0.004586960997038233j),(0.002148260963075182-0.009880902337472573j),(0.019907619054114565-0.01966848792585457j),(-0.0017037140849103555-0.009886487689825646j),(-0.010446651433608282+0.005739075251723331j),(-4.025640806193352e-16-3.2680168093373284e-16j),(-0.03872131240146523-0.0016160013778033985j),(-0.00027635212324094056-0.02406321019584489j),(0.003515997010606536-0.005064647459221284j),(-0.058007501454272435+0.0217580614039858j),(0.014187669986878983+0.0028363151581189427j),(0.13357898778455943-0.006249153141519206j),(0.01625680838306371+0.0019784934275570458j),(-0.006648274301281381-0.00017039969121482096j),(0.006911527599404248+0.003095432090884852j)
58,(1.811318840178002e-27-1.0506581243109101e-28j),(-8.78742121685047e-27+5.26226180864025e-28j),(-7.852389584824907e-37-2.6234791272397436e-36j),(-4.081146775201402e-36+1.5952414181100453e-35j),(1.8523738986640443e-32-3.48445698272455e-32j),(-2.988184281705223e-10-5.8445515748913524e-12j),(4.257763689086608e-26-9.861863729451108e-26j),(1.2651364263484873e-09+1.4937776989272817e-12j),(8.239267807537323e-10-1.2570790261197005e-11j),(1.7731499208362864e-18-2.398233251417773e-18j),(9.714453313402831e-18-1.1410452538162208e-17j),(0.00791782370917904+0.0001681181658514711j),(-0.008969850595746492-0.00016720642235483647j),(-1.1331321355876183e-12+6.522549094880828e-14j),(4.784830882527357e-12-2.7851293927667417e-13j),(0.03799815434466335+1.0046278700576172e-05j),(-0.03495989570389902+1.5260090627253545e-06j),(-1.5019721894148475e-08+4.541932254132114e-09j),(0.00045767289466413727+8.262303684526632e-06j),(1.1346828709128694e-07-1.5044118311268498e-08j),(-1.023090026313545e-09+5.174184589487007e-10j),(7.771792602609472e-08-3.5164577215645666e-08j),(-0.0019514397141914695-1.985924336895357e-07j),(0.025564244373126557-0.0006283884070728976j),(-0.023563249628275173+0.0006211359094215243j),(-3.6654528437340807e-07+1.1823017549772324e-06j),(1.0997280957197959e-07+6.856892315503625e-08j),(-0.0003401928803657913-0.00020472899678902138j),(-1.4096132497977675e-07-2.954756363859695e-08j),(0.00045910480906801116+0.00017162643179327114j),(1.124344742254967e-11-5.141824126311765e-12j),(-3.288455662422402e-05-7.664225830130002e-06j),(-1.8680661858269728e-11+7.42932603196724e-12j),(-1.15853288979081e-07-9.489589484725805e-08j),(1.7803450528641429e-06-5.665337655425951e-06j),(-0.03337438554791225-0.0011670915041126957j),(-0.07222736610793401+0.0005894799691009561j),(3.004208925316785e-06-2.2429400141796542e-06j),(-0.0013312648964403744+1.5849263070724347e-05j),(0.2877991185539318-0.0024429842707867078j),(0.16628187795871915+0.0009641078355920735j),(0.04052327108668679-0.005556680298338033j),(-0.15224924346773586-0.004461376905843972j),(1.605394028635025e-11-1.461599633262857e-11j),(0.6502662452173416+0j),(0.11781492891922517+0.003776113081099054j),(0.20434813339136756-0.012613564642073194j),(-5.105754796735065e-06-7.977108111333327e-06j),(0.08564704075654617-0.006474209436169796j),(0.43498766299575986-0.023712191467803123j),(-9.702532015380276e-05+0.00022972375508038917j),(-0.1015693070356636-0.02258613862791707j),(1.9095594495164645e-08-5.437061856759838e-07j),(-0.0010314262650089614-0.00017913571116623194j),(-1.0715257141513927e-06+6.813223276836006e-07j),(-0.040838484399914846+0.011153462403659603j),(0.015072089446239882+0.0007148940646922057j),(0.1510288957315346+0.001778251892032623j),(3.6185260163464387e-07-9.782766591706273e-07j),(0.07442249336887093+0.018647042874225257j),(-0.0013297971004129134-0.002535594446309929j),(-0.08038873175304614-0.002800868635682398j),(-0.004130430065822299-0.0004110746106684095j),(0.00020025818551910998+0.0012303525194837892j),(0.0015891227200950393+0.0016153051107962201j),(0.08579612338272122-0.010620778052729655j),(0.00038872003568209883+0.001472125907114958j),(-0.0005273975631720812-0.0006735681029451836j),(-0.0020750577920682096-0.001088414088710836j),(0.0008579111805341515+0.0010096369958711134j),(-0.0015367347173514772-0.005253625992143408j),(0.12161713589323837+0.019403700833456106j),(-0.027966702932844464-0.0025640191323951073j),(0.2150510983836201+0.0078875776535727j),(0.08677063914182663-0.008402873664619104j),(0.016449216302396368-1.8752112553769608e-05j),(0.0031772279705178756-0.0014814192683131797j),(0.005668337632605108+0.0013912997949833271j),(-0.02207930220672749-0.0034600769159068793j),(-0.17100690560587958-0.011864048320854616j),(-0.009565235986584509+0.0007067558756746585j),(-0.012181443541154344+0.004785439640751579j),(0.015535731691396602-0.018853541736691622j),(0.0035938964385963355-0.007633212100478708j),(-0.009502988147592782+0.004769373889059768j),(-7.830205073945797e-17-1.3944639938384553e-16j),(0.028397423877985904+0.010609436246063265j),(0.03517655141994115-0.022603591271210727j),(-0.032922158009756536-0.004547748171785227j),(-0.044669859865563696+0.026587288859703684j),(-0.004337641734152968-0.0074979846361892585j),(0.12346005484724824-0.0020755271159947283j),(-0.00997096364070282+0.0001820906043045387j),(-0.03071475985930375+0.0011089989648222325j),(0.00227097716094994-0.002157151466148216j)
59,(-5.329799621443229e-26+4.06891300101662e-27j),(1.7293480341070275e-26-1.682418090105574e-27j),(4.995381849868526e-35+1.4383030055763704e-34j),(-2.3271818151860754e-34-8.299017295677963e-34j),(3.649528087209199e-31+1.938090131259422e-30j),(8.80619853285717e-09+1.1517890703431795e-11j),(-1.3041586074510876e-24+6.3648271316234585e-24j),(-2.496907213922595e-09+8.999795923777593e-11j),(6.84955917449221e-09+1.4576445402045708e-11j),(-1.052465495507508e-16+1.4794574556254092e-16j),(-5.786546408477379e-16+7.054374356728173e-16j),(-0.03084114822935162+0.00012511796475598788j),(0.546223485009611+0j),(1.3761374932402706e-10-1.0486837241542736e-11j),(-4.0230781627816045e-13+1.7120541204722895e-11j),(-0.15508463622395283+0.005841978324278949j),(0.008671219681166614-0.00034241126337010213j),(-4.168620927352493e-06+7.122046616098005e-07j),(0.001336550313656941-6.864901867671832e-06j),(1.8148576452734067e-06-4.7128817834362934e-07j),(-2.2741379545416486e-08+1.2254703200813973e-08j),(1.7303081130129241e-06-8.013343611276403e-07j),(-0.000384322193919719+1.58769439067151e-05j),(0.42402958336327085+0j),(-0.020957974093718884-0.00021998803477951342j),(-1.0282784216241287e-06+3.4100580021162634e-06j),(7.850740756590528e-07+3.109478269406918e-07j),(-0.004399350154023193-0.0013800453011502587j),(-1.2790415332110408e-07+1.9590058331765167e-08j),(0.0007706855289452046+0.0001321260297090092j),(3.6720795092009403e-11-2.6052360711965664e-11j),(-0.0006852193165264224-0.00014838629278589896j),(-4.632190119130063e-12+2.8439679020910783e-12j),(-3.9824835837309867e-07-3.9500801832283454e-07j),(2.08972793525437e-05-1.4544961543135405e-05j),(-0.07612221571416405-0.0003990815840753738j),(-0.31886475605448256+0.0014816936600582503j),(-1.7979784545209439e-06+2.006293432965108e-06j),(0.0011518766790924947-8.168039667118601e-05j),(0.08970447915032656-0.0038938398468298246j),(0.01566598567640052+0.0018765304736053645j),(-0.02656608534253647+0.0010130929174045535j),(-0.07032234279518623+0.00011685135138003733j),(-1.7734080470824616e-11+1.010476435610946e-11j),(0.020023224523197956-2.598787630953437e-06j),(-0.05214759008498966-0.0008299596761585613j),(-0.2483651025367012+0.004605850318980781j),(6.162333335463234e-06-8.190561762861722e-06j),(0.040831913965135636+0.007650398937591474j),(-0.04008065020009287+0.009602715599159465j),(-0.0013978734655788396-0.00012123036264457545j),(0.23906925295766113-0.03393032082961929j),(-2.165658583257394e-06-1.581229524381978e-06j),(0.027967808951679173-0.0005203427072438102j),(2.8936508494214046e-06-6.520326606483736e-08j),(-0.22134875897907483-0.018728668679360738j),(-0.014092499534610546+0.009363190179844995j),(-0.18419089806723088-0.008829305357512284j),(-5.488282641276418e-06-6.577976651118564e-07j),(0.09611323169289092+0.006878492395422693j),(0.0025672228556888757-0.002968658579372303j),(-0.13418877332246565-0.0017894727557942278j),(-0.008064180114464567-0.0017982897031681906j),(0.0005022826133463427+0.0024903427422015333j),(0.0038279772977090967+0.004035125065239533j),(0.22041159627197382-0.028475694261792108j),(0.0013270598444179843+0.004772038755879145j),(0.0011256809044995829-0.0019208496243614324j),(-0.00045518881974512706-0.0009213676837791331j),(-0.0036416935109703395-0.005911521053235518j),(0.0012636938016970295+0.001428428452885851j),(0.15798787073603543+0.01569849635106325j),(0.2130053277860794+0.00589190008211158j),(-0.09151096946924271-0.003822687269921016j),(-0.01019923261973793+0.012325167715124805j),(-0.008895710629651624-0.0005103924319780702j),(-0.007009983903635914-0.002742613358186138j),(-0.021525753644135344-0.003632320334489134j),(0.004446610178627588+0.0013951875098575798j),(-0.01142559083902473+0.0058103263702802815j),(0.026167799506483343+0.004063524297819523j),(0.0066632348280657346+0.007218943921768754j),(0.0046884847842560175-0.012631956742759794j),(0.006026621614168053-0.005503292713811201j),(0.01340683502365845+0.0033762297492197675j),(2.6163760058273607e-16+4.743897436921268e-16j),(0.026736553875617623-0.004800163714336128j),(0.013132188543259671-0.012426707950584872j),(0.0195828998806448+0.007533637355613617j),(-0.01596237113202898+0.018112916171044033j),(-0.013740085447632997+0.0013662862596205312j),(0.04759612333250532-0.005454663154706232j),(-0.006604327960611932-0.0013193860992190885j),(0.030425273566462904-0.002755446898599259j),(-0.0017820695562988215+0.001920245345188858j)
60,(4.199897885911565e-26-2.9941573724375837e-27j),(4.227984647322349e-26-3.2003873138822564e-27j),(-1.0554602621372145e-36-8.42528143270031e-35j),(3.111572605546252e-35+4.508860697236179e-34j),(-1.8247638749092801e-31-9.690450266819998e-31j),(-6.936544476697301e-09-4.3932008315951606e-11j),(1.5887415227654223e-24-3.0165668772802e-24j),(-6.092652412189205e-09+8.857907080297639e-11j),(6.4771310911062635e-09+4.247646596950894e-11j),(8.352191557280462e-17-1.1616823770805508e-16j),(4.587791947115924e-16-5.536094650251513e-16j),(0.02433100261426858+1.87178165975627e-05j),(-0.43043346375165054-0.0021616206998382737j),(-1.0673705372018568e-10+7.231110989065676e-12j),(-1.5062848426591908e-10-7.419742782520176e-12j),(-0.37941142902446545+0.005916376148006608j),(0.02171760747849164-0.0004048127366517761j),(3.3726538549755406e-06-4.777989690844579e-07j),(-0.0010535215773766048-2.2179717284678694e-07j),(3.8112800881915955e-06-8.305548892310296e-07j),(1.4997876292155232e-08-7.049547861221792e-09j),(-1.2127760943654862e-06+5.108696896240099e-07j),(-0.0009376639346118467+2.0300537584891674e-05j),(0.41590226283591797-0.0013765941260028142j),(-0.020941708605893214-5.397145988180439e-05j),(-6.341147836837866e-07+2.4888919779895344e-06j),(-4.736278594284166e-07-2.2227644255282094e-07j),(0.002954207616571432+0.000965073407201938j),(-2.784255550556999e-07-3.1924651936293115e-08j),(0.0015267241861732683+0.00021363083183953652j),(-3.070798005382995e-11+1.9936289252408866e-11j),(-0.00040718375035314435+3.5374938308066625e-05j),(-1.0741100690335361e-11+6.69159494800727e-12j),(3.803122157202932e-07+3.092796279279836e-07j),(4.655636069032157e-06+1.7986860634460142e-05j),(0.06191105388809458+0.0004565882821587737j),(0.24735566487762603+0.0003732092717637983j),(-1.482720825544834e-06-2.3614845913430536e-07j),(0.0011303807092664438+2.0427372765831602e-06j),(0.2223181692790568-0.004446653332302347j),(0.05800093275604449-0.0023877940507959546j),(-0.005809417902364914-0.001789834189696621j),(0.054594231891241025+0.0014159446083721501j),(-2.1868223367335607e-11+1.7766729301642428e-11j),(0.04624659251955409+0.0008868275800524156j),(-0.04317236323769296-0.0013022055993834145j),(-0.2551893043137159+0.007910808747515832j),(-2.8301941697202304e-06+1.9155724535004786e-05j),(-0.15109726676020535-0.0036940338020113525j),(-0.031577267049697905-0.015888411928278647j),(0.0015109799688168423-4.505017783173291e-05j),(-0.1411867321785084+0.019749917954888j),(1.6699751088055584e-06+2.1503163734225093e-06j),(-0.024785283335774233+0.0005124315405610176j),(1.227290933133394e-06-4.704031909236828e-07j),(0.23263257321068326-0.0068285661037249396j),(-0.012581042336821823-0.008287041468594757j),(-0.15660015708916294-0.006674458167160658j),(-3.09987738237242e-06-1.719474819385085e-06j),(-0.10625000474596503-0.009868962579454956j),(-0.0032425178760380384+0.0015624475826409732j),(-0.16778203130394975-0.013527483854398782j),(-0.011760419625670787-0.0017745892515579169j),(0.0006195352980411803+0.0034003180912483355j),(0.004193814260543849+0.004267730172935358j),(0.2299923801227858-0.02860797700357667j),(0.002634432148161135+0.0038159917658445704j),(-0.0012479066834422095-0.002141976729018688j),(-0.0009232902141220137+0.0004856038382569576j),(0.0029472477709637543+0.001215791363231524j),(0.0035617738436809336+0.0021652279548705715j),(0.15445206251220095+0.011559216399233529j),(-0.18790005349738748-0.00761355531965322j),(-0.14117486574679822-0.005558092111125774j),(-0.04587504171539186+0.002309551437566797j),(0.005721868790893281-0.0019945936913540476j),(0.0013996430298403545-0.002993396131578823j),(0.01918644130718391+0.005832799810949099j),(0.016148695303471235-0.0003384637647236644j),(-0.05145735929613683-0.00241353954938856j),(-0.00988318442664097-0.001806197890673906j),(0.0022106381247756417-0.007410760992180217j),(0.008686808700954937-0.012056481615195378j),(-0.005004884386812606-0.007376031290296946j),(-0.007790333905586527+0.004854325268219751j),(-2.066542833899121e-16-3.9143954285565744e-16j),(-0.026193538559757618-4.0794220922830624e-05j),(-0.010404854972126449-0.005360607845399962j),(0.0038631594021133384-0.002579928139177957j),(-0.02614934143659365+0.011676435032693094j),(0.008477837198919947+0.0029205683891546062j),(0.026148336188785738-0.010876533238175378j),(0.009624901294169192+0.001399073400254664j),(-0.0045643341793169725-8.902209555769654e-05j),(-0.005999178634547466+0.0015334325609581583j)
61,(1.329484890154395e-26-7.711805840863228e-28j),(-6.449768006906621e-26+3.862278812464848e-27j),(-3.4236623280650525e-36-3.3061644222311716e-35j),(2.286332815512512e-35+1.7413636563460724e-34j),(-1.8814271755957386e-31-4.662748582887455e-31j),(-2.193587922733164e-09-4.2902250900594774e-11j),(1.7126338085452299e-25-1.1962035509306443e-24j),(9.287114226732645e-09+1.0977723845729215e-11j),(6.0462000584656394e-09-9.149787718972047e-11j),(2.6888456170828202e-17-3.635486905262856e-17j),(1.4734590414805442e-16-1.7299682181447978e-16j),(0.007651396721589752+0.00011548988948871844j),(-0.13601830087112549-0.002515988581799404j),(-3.7731400078083784e-11+1.909514900278638e-12j),(1.6283938967977644e-10-7.742959331640055e-12j),(0.5779792360361078+0j),(-0.032859412313991115+8.56971482441661e-05j),(1.1972843963600954e-06-1.2422240989640985e-07j),(-0.0003339851003018213-5.494653818134411e-06j),(-6.349596620959359e-06+9.541168411460767e-07j),(5.105293649435595e-09-1.4066026501143562e-09j),(-2.9258913898827696e-07+8.662339295942825e-08j),(0.0014305978455128139-6.30408105313122e-06j),(0.386814638408363-0.009451539409381232j),(-0.01917893219567237+0.0002904183245017013j),(1.7888660781910075e-06-5.819553365753229e-06j),(-2.63388897632955e-07-8.493636826909918e-08j),(0.00103661800420011+0.0003921516675327291j),(4.1974024312621474e-07+2.2661590202408313e-08j),(-0.0023463991853579845-0.00040965057965590586j),(-9.669628682436638e-12+6.776605238964471e-12j),(-0.0003986389596302847+2.1833167876185757e-05j),(1.738841293582825e-11-9.50938814563665e-12j),(1.2322505194818908e-07+9.728543370680345e-08j),(3.5366592630803602e-06+8.989185535403587e-06j),(0.017164312485345737+0.0005954040574141057j),(0.08168994438530523+0.0004916545576780264j),(-2.273942512529499e-06+3.775753820219033e-07j),(0.001043061599069017-3.124946654198881e-05j),(-0.3366469509916221+0.001876752263084841j),(-0.07888270130612267-0.0010674382804398141j),(-0.015405252379036394-0.004539051700538217j),(0.016920843956927754+0.0011515850082368254j),(-1.2342093904746094e-11+2.8624196207343132e-12j),(-0.07042300170328528-0.001523994824398786j),(-0.04829909623300247-0.0001819013494563917j),(-0.234218804067962+0.011572153212415559j),(-2.3797392390866773e-06-1.3558892046638765e-05j),(0.1189952277614354-0.006090662112763122j),(-0.029751895037249995-0.01151921025159302j),(1.8983932771764377e-05+0.00028351686730181976j),(-0.14654819737502997+0.00765056777240708j),(2.914876505389208e-07-7.671794587137494e-07j),(-0.0040316727789591065+0.0001494937034271972j),(-2.683417085576144e-06+1.2818097113102617e-06j),(-0.04142322349328807+0.018934355168361887j),(0.026968440418096207+0.00016282348790822628j),(0.3037561971661181+0.003245331462458402j),(2.9438618590076946e-06-1.6586169726317121e-06j),(0.16124061289065203+0.03208575583839325j),(-0.0026699399830080826-0.005179071602619493j),(-0.13848027489995798-0.0044220281384454736j),(-0.010431379764013362-0.0010700415846529006j),(0.0007159803863149676+0.002920588701145663j),(0.0035449556630187226+0.003349398052564404j),(0.19821905797954334-0.03179620359637867j),(0.0018152962683082154+0.004393397999839552j),(0.0025994916100784368-0.0017722583482538742j),(0.001201979660349546-0.0003756321759833868j),(0.00030936800597630026-0.0003234432353965783j),(-0.0037142015146477327-0.002442812214464097j),(0.15907640324065117+0.01581173648462073j),(-0.030790007810327133-0.0025133069244714637j),(0.23756609087386107+0.006075027186269066j),(-0.01484519886131076+0.002415516441136893j),(0.0010351139823445987-0.001597214513459883j),(0.0026485390561894378-0.0015951044384519583j),(0.006135257144238351+0.0012258256027087183j),(-0.02306156929552523-0.0033838655711224373j),(-0.02020196675800833+0.009112292441662798j),(-0.015470922341350828+0.0006379135765750537j),(-0.006992255187090203+0.0013440742739856714j),(0.006186169092304609-0.012223264986867613j),(0.0005368696703307188-0.005559164421276468j),(-0.007294278040124134+0.003999986334056859j),(-6.647317460125112e-17-2.1376418085761892e-16j),(0.01254515483513801+0.005139475109808433j),(0.02351331227047842-0.008030976467451108j),(-0.02465952439344401-0.0022281754275562254j),(-0.018994647313886413+0.017011924541523272j),(-0.00372215530725649-0.003914146514779835j),(0.038285360371308-0.0031380356560614525j),(-0.010341945936194873+0.000770761548889036j),(-0.02617193555295183+0.0015794087013956317j),(-0.006306563340924973-0.001675641698245691j)
62,(1.3746379605490105e-29-1.0461612757473761e-30j),(-4.457758581015333e-30+4.3228882204448114e-31j),(2.680826793882325e-39-2.060634960892115e-38j),(-4.815971560265198e-38+1.0701318682257205e-37j),(-3.563991099018169e-35-1.8926658436810135e-34j),(-2.2890588934608833e-12-3.531419665666014e-15j),(2.2079748797942253e-28-1.023163652620742e-27j),(6.488761578958733e-13-2.3197389000665308e-14j),(-1.8338870436351096e-12+1.714782712699401e-14j),(-6.8051147228722084e-18+9.501986762500822e-18j),(-3.7380301625269734e-17+4.5272106060471234e-17j),(0.5958479894668671+0j),(0.03514172235271504-0.000140094696186149j),(1.921041223351644e-13-2.0662816445947593e-14j),(-7.056853493463737e-14+3.626327424226631e-15j),(-0.010668886182077425+0.000405402987087077j),(-0.1797355425972626+0.0063821280310936215j),(-8.876220729785674e-11-7.124022379967968e-10j),(-1.2866052870239423e-05+1.3154714256044833e-06j),(-1.0322053750166345e-09+1.977345029416165e-09j),(-1.3113646664734515e-10+6.805730966034562e-11j),(1.323158485529958e-08-6.061357601969785e-09j),(9.575859131450798e-06+6.3269945859285335e-06j),(0.024490755084865666+0.00018650949650794724j),(0.46784891068235723+0j),(-2.3549939617583858e-08+5.875634698648309e-08j),(2.711130637362527e-08+7.106287031884456e-08j),(-8.276805565592669e-05-0.00010019450345166729j),(-7.047395019986538e-09+2.7847511651825083e-10j),(7.615652854063384e-06+5.2908150685641005e-06j),(-2.48964988401353e-12+3.2190833784722e-12j),(-3.048884799719942e-06-5.302411077454572e-06j),(5.024062991838584e-13-4.2598290052463504e-13j),(3.4561028939699586e-08+4.387198224738566e-08j),(-2.0213163148419136e-06+9.836335678284724e-07j),(-0.21804894018551224-0.0007400604873726397j),(0.03923244425581359+0.0010285491034693166j),(1.7290095637527254e-07-3.53029333335181e-07j),(-5.4866420237908135e-06+5.04970326658983e-06j),(-0.014539942964535858+0.00031902378775074906j),(0.0846696240384075-0.003109577749174884j),(0.0038551037432163074-0.00250615579717846j),(-0.04083217418371407+0.000677630083680953j),(3.327663689439955e-12-1.2330998953592633e-12j),(0.015492662326554569+0.0010583698528774921j),(-0.18307413455094532-9.512199399436955e-05j),(0.025015384376028554+0.0012498137430756008j),(-1.1773966851472466e-06+2.311003804286221e-06j),(-0.013230786638745115-0.0019376740481124128j),(-0.03271215309780796-0.003924528429145367j),(0.0005477495328401442+1.4163814625500526e-06j),(-0.08182403754499988+0.01561185926476517j),(1.130183254037877e-06+7.712816823599308e-07j),(-0.01223581052648023+0.0002559465884276779j),(-1.3351112925539716e-06+5.773851050783834e-08j),(0.11462702590856011+0.005385595878837232j),(0.005504910417021103-0.004831492156377867j),(0.07461120596706589-0.0003375924246185862j),(3.5170407919991455e-06-3.1730583624279724e-08j),(-0.005965487746952417-0.004312484122346534j),(-0.002450248016877126+0.00011025246738916649j),(0.03595268539165718-0.0006534379614885718j),(-0.00046115034436135856+0.00166432902715365j),(0.0002496026668988681-0.00033445962910269274j),(-0.0025291312746107894-0.002889766544383179j),(-0.14383227036784063+0.028528973304223867j),(0.003372205415484686-0.004345507115010524j),(-0.0020746012547518417+0.00022315630224426734j),(-0.0016788636159021995+0.004709680338829486j),(0.004463937532071738-0.00998825400066527j),(-0.00025177786507890983+0.0019480326724375557j),(0.0900707654572758+0.02104254658893976j),(0.1857036648208305+0.008646470036070848j),(-0.07350220414382551-0.004627646444250117j),(-0.3376728611314794+0.007464887204760393j),(-0.029659361705145278-0.0034392226330561236j),(-0.006077500104706232-0.0026505973894106827j),(-0.02144836670646247-0.003507011340699348j),(0.004642268857977131+0.0013291226486152538j),(-0.03440879944402319+0.00637156840728652j),(0.06923320295519447+0.014174875308228606j),(0.005273655753706051+0.021646044070486103j),(0.020792449419155996-0.025971324583394233j),(0.010586370908717495-0.009323821831362667j),(0.01108977510468543+0.005312092821666357j),(4.255660279419162e-16+4.663526616765356e-16j),(0.06818319836813316-0.0029884940252817224j),(0.035628002101911554-0.047425358586986j),(0.02752957876023178+0.010290884084542947j),(-0.0667793541942985+0.03853197535867126j),(-0.019063167622175938-0.0038776547292093543j),(0.24378677401541626+0.0010757436608519744j),(-0.002254678137303647-0.0024349905210450315j),(0.04038508910906224-0.0036984014157071116j),(0.02344802865653939+0.00418906742401813j)
63,(-1.0833948406508896e-29+7.69479725260295e-31j),(-1.0895394910469609e-29+8.22250428470046e-31j),(3.1961861213124386e-39+2.0532723281978627e-38j),(2.0719901798598636e-39-1.2348446283496948e-37j),(9.18665449632031e-35+2.2767326562022746e-34j),(1.8033591078948226e-12+1.189569731138616e-14j),(-2.0382436595330746e-28+8.031788797059252e-28j),(1.5826730902109786e-12-2.267603460271589e-14j),(-1.633741911110428e-12-2.765684743632101e-14j),(5.494588867826487e-18-7.60469128293439e-18j),(3.015834490349192e-17-3.621575393978106e-17j),(-0.4762416843620955-0.002226994662262158j),(-0.02820991497849805-6.445779112242492e-06j),(-1.3124467163895409e-13+1.712856858050125e-14j),(-1.5688195211502507e-13+2.148362724315734e-14j),(-0.024371637927525933+0.0004421512704316649j),(-0.40917912252389843+0.006026781197680464j),(-1.208102410986139e-09-5.415011955467639e-10j),(1.2317471509142476e-05+1.2227135331328089e-06j),(-1.3959999344389173e-09+1.878323261155871e-09j),(1.3572594863384045e-10-5.985585930411032e-11j),(-1.3329318642192784e-08+5.936650724929493e-09j),(1.1131034906340675e-05+5.790303554488629e-06j),(0.023136176569985182+0.00013878955491343232j),(0.4434518525373422-0.0009092857790534981j),(8.515422226660495e-09-2.4639313598213075e-09j),(-2.274951939044024e-08-6.581208955327669e-08j),(7.871056854185224e-05+9.251927336810818e-05j),(-6.665950368738216e-09-6.633040768778965e-09j),(1.5187575851951222e-05+8.223547843494198e-06j),(4.365317625209896e-12-2.9042144431093762e-12j),(1.9440745806924107e-06+6.29243770891524e-06j),(1.1199883334671306e-12-8.956635602631204e-13j),(-4.660209964551035e-08-3.984282984978732e-08j),(1.8348845743865256e-06-1.4315980747620073e-06j),(0.20946454393907749+0.0010048108766398743j),(-0.04317522856832254+0.0008331735390737314j),(-2.0365274061171315e-07+2.903902353233601e-07j),(-3.7782264930140124e-06-1.5015647551153369e-05j),(-0.031973749797106044+0.00013008205143791654j),(0.16601637844207673-0.0009236341406951981j),(-0.0034939115018897643+0.0017848645329512688j),(0.03770762888175715+0.00040836219531516747j),(4.374898195056185e-12-2.942871940124698e-12j),(0.03546288156241818+0.0012886924995402765j),(-0.20163565851717083+0.0039602679151342825j),(0.030506120330679773+8.149664244330897e-05j),(7.931388649960165e-07-5.338413896237528e-06j),(0.04167710209704838+0.0026903943101966466j),(-0.044851906832012844+0.007296512490671574j),(-0.0006591709193351242+6.845456009904054e-05j),(0.058514799198088996-0.005645137263957392j),(-1.4633727341909174e-06-1.504189244858697e-06j),(0.014443863024134253+0.0004170721156498811j),(-1.4609082799154348e-06+2.2974925464369263e-07j),(-0.1817102726157805-0.002275266589363195j),(0.006442083738019305+0.007218522003599743j),(0.13390785306731037+0.023316632767686488j),(-1.504940847708907e-06+3.369781574996933e-07j),(-0.20943404821761333+0.00699274178233162j),(-0.0007535149464077797+0.005196170507711116j),(0.0022788561711772-0.0032320424651776573j),(0.0021438270252373817+0.0006307981256279365j),(-0.00014095878536064823-0.0006190145410621175j),(-0.0008283211820868605-0.0007477253888850672j),(-0.03941908451035466+0.00298266752290215j),(-0.0015916961615968298-3.723251536820254e-05j),(0.002266103050950116+0.0007459716509377441j),(0.003827617492655421-0.0013265981552653566j),(-0.0014517058223365252+0.00577507491951036j),(-0.0015751323009666096+0.0038002307152350655j),(0.08408278129473243+0.01741145472659123j),(-0.15398428832159458-0.01009386552149831j),(-0.10961530884957253-0.007167334002227892j),(0.11071147457640727+0.0039032658705223204j),(0.001568310929872363+0.003454319131906698j),(0.0020903145919084942-0.0028489992728846676j),(0.018757628764975817+0.006133953428299605j),(0.016345458920944803-0.0003370495755359165j),(0.2142458449798704+0.004148353266970307j),(-0.030357695088666405-0.009129019545486368j),(0.00304564662796466-0.014880035278567098j),(0.026938345630080348-0.02659174402147087j),(-0.001311985946423633-0.012025150157921369j),(-0.011678276713295875+0.006665546652776045j),(-1.7154618779627206e-16-2.45901445629146e-16j),(-0.06215082845923796-0.003305404955508663j),(0.006229710783062902-0.04417795471304949j),(0.004850164910072834-0.009100288015929258j),(-0.08540086666262467+0.032152195967820756j),(0.023582940589289107+0.003354652168167784j),(0.24712501444519602-0.0027798459569975398j),(0.02632512286471492+0.0026656864722108932j),(-0.009196792488601658-0.00030401570295244314j),(0.023451298386835275+0.005247018615291144j)
64,(-3.429371463644681e-30+1.979791756125244e-31j),(1.6623309385459882e-29-9.91056385434232e-31j),(8.174492594164976e-40+6.602438032345792e-39j),(3.3096156372618564e-39-3.474449490678845e-38j),(-8.065859143119767e-36+8.725913295754853e-35j),(5.702628898721728e-13+1.1309255227304192e-14j),(-5.314233318073063e-29+1.7083239531486112e-28j),(-2.4129274171388212e-12-3.4487021134181996e-15j),(-1.539716243455808e-12+1.1863791237701908e-14j),(1.6633470006134823e-18-2.208734132851162e-18j),(9.097502952777721e-18-1.0495460352514053e-17j),(-0.14289639560715325-0.0031217958810676218j),(-0.0083120767844706-0.0001652322487390068j),(-6.731596128019083e-14+5.166132581264614e-15j),(2.346489170792584e-13-2.280829036658053e-14j),(0.0377434034988915-0.00012387723949940088j),(0.6346570287903001+0j),(-1.017008141105211e-09-5.259945865676041e-10j),(8.6675762071579e-06+1.4024307819533996e-06j),(1.8406284433042556e-10+1.7027666754038326e-09j),(4.243963865554843e-11-1.537144314343399e-11j),(-3.81364553716836e-09+1.6565163398609973e-09j),(-1.3278102053935775e-05+5.687946110147293e-06j),(0.022355351141880152-0.0003563750631911085j),(0.4270554768166536-0.010086655261447836j),(1.98788928947357e-08-5.848946700664713e-08j),(-9.83456193987786e-09-1.867943864302649e-08j),(2.490082070709632e-05+2.7022635595891094e-05j),(1.321894346459442e-08+6.004947680188327e-09j),(-1.97278332090552e-05-1.4139555289040936e-05j),(-1.1843848519049067e-12-8.909163466231249e-13j),(6.597358510368789e-07+2.758448982639757e-06j),(-1.5617016713192776e-12+1.2426779649314586e-12j),(4.717442036159167e-09-1.193706190475277e-08j),(5.459308493268477e-07+2.334711377416634e-07j),(0.05000608386774401+0.0007353726575224375j),(-0.0038011780327571127-0.002085521597919291j),(-6.111904660675539e-08+1.5206190393548814e-07j),(-1.1324333346353893e-05+6.052391363612552e-06j),(0.04434350861908743+0.00024068502884327242j),(-0.24051613965524615-0.0005731017113775466j),(-0.0018512916015918895+0.0009431887686815889j),(0.013137050811760722+0.0005747548462871083j),(2.6147303729849605e-12-1.8186369482680065e-13j),(-0.04301908633141426+0.0016776172792137168j),(-0.1688940742395975+0.0032795945389846115j),(0.024499313831966803+0.0001767590172455421j),(9.531305503915794e-07+2.711455607205091e-06j),(-0.026173114806905727+0.0018742018792510173j),(-0.031561215034930735+0.0036822170506194164j),(-5.00844440484886e-06-8.701380722442943e-05j),(0.03936012755277987-0.0011034971226084218j),(-9.203740213742905e-08+2.907881994011412e-07j),(0.0014013114596222688+4.5441029458079755e-05j),(1.7158490642560789e-06-5.755467925342446e-07j),(0.014661914616720676-0.009405607749085818j),(-0.010880972690564185+3.532971368987257e-05j),(-0.1507686106448355-0.001044044321383976j),(-2.6912266566600393e-06+5.058916636744775e-07j),(-0.05453716340596962-0.017206186696314865j),(0.0015746946838605135+0.0017959961594862506j),(0.05304890606868915+0.0027179668979547744j),(0.007135490692954906+0.0005993738547967527j),(-0.0006502592586714231-0.001828805069675767j),(-0.0017825682440577478-0.0015126587597539924j),(-0.10902524563316376+0.02100300044787869j),(-0.0019893228878843676-0.0032426070839591623j),(-0.0049179035059917576+0.0011480384657808452j),(-0.006304695793533449-0.001754450155320564j),(0.001159473840325958+0.003069100418441604j),(0.0017875546844556204-0.009134013780916607j),(0.09426645544574896+0.021583955044847156j),(-0.02542000384981342-0.0027906121124186504j),(0.19859454837534216+0.009384127570303748j),(0.19680570201012562-0.02159761861044153j),(0.031592132006516595+0.002241811227361705j),(0.0031976140518317707-0.0014967348553208562j),(0.005788693147412319+0.0014412354188411023j),(-0.02243297029618642-0.0035459437810580353j),(-0.31580973754054265-0.035152727191381086j),(-0.009792477693095051+0.001574236811581641j),(-0.0209370044460448+0.009080729919011899j),(0.020617831844771877-0.024617582419432578j),(0.0042701007542807175-0.009188316610609329j),(-0.01043274814055821+0.005487075279508645j),(-2.6978462568530474e-16-5.964062407490489e-17j),(0.04889140590130639+0.018015807228313252j),(0.04688823827855958-0.03826943563277519j),(-0.04734748457613483-0.007328497614851798j),(-0.06472726801857054+0.03660201779913412j),(-0.004566771321644528-0.012398540832817398j),(0.2114231206605042-0.001936778158849975j),(-0.01003821593317309-0.0002708094979554552j),(-0.03933751757006346+0.001250595993390606j),(0.013098265071396404-0.0030606896263563155j)
65,(-7.947810652715065e-32+6.029548124427176e-33j),(2.576065992778613e-32-2.4896801531311084e-33j),(1.725526528170388e-42+1.3774244283871948e-40j),(-3.5824561202022184e-41-8.925859149580853e-40j),(-9.122455010072378e-38+1.548254653901813e-36j),(1.3338158441003821e-14+2.3736367037550933e-17j),(-1.0002222915188418e-30+5.249158183976779e-30j),(-3.7802699024495695e-15+1.3396817405783593e-16j),(1.155355663906169e-14-5.276983700118003e-16j),(1.1750613471951576e-18-1.6412414145759518e-18j),(6.454768808501957e-18-7.819872611176605e-18j),(-0.09938567489021942+3.7426731999551377e-06j),(-0.006069337956966668+2.3602679853644906e-05j),(-5.319393588531471e-14+5.7353373764327e-15j),(1.9217591105260078e-14-5.015566370209453e-16j),(0.0018543379711936266-6.942872541339977e-05j),(0.030213347371450882-0.0010580636672963628j),(-2.019105146414712e-10+1.2775033560218474e-10j),(6.166668429769882e-06-2.0986522443291658e-07j),(2.5045782753480954e-10-3.1227347410900573e-10j),(1.1571021696413838e-10-5.6223899055856666e-11j),(-1.2310746410762808e-08+5.66951686096352e-09j),(-3.4491984120657464e-06-1.0805095569956061e-06j),(-0.004377284846432055+5.172724930693285e-06j),(-0.08013648964451234+0.0005778669028361494j),(3.025760242401323e-08-6.632085133248635e-08j),(-2.528484823483657e-08-1.4231516050137745e-07j),(8.75741004600228e-05+0.00015064777626718314j),(1.1445784526721295e-08-4.917176211368359e-10j),(-5.306106858329123e-06-5.853580091923717e-06j),(1.6950915480344407e-11-1.2931624892509767e-11j),(2.351916311487774e-06+8.93290448320792e-06j),(-2.6953011373461847e-12+1.4238348939328055e-12j),(-2.0669842567099483e-07-2.012798200688653e-07j),(5.225914110233066e-06-6.659230267570397e-06j),(0.5458997977321561+0j),(-0.16476530890065114-0.001609107829259937j),(1.9419932751976764e-06-1.475193336830616e-06j),(-1.2512126238973058e-05-2.3635767050124738e-05j),(0.05372386386154243-0.0016049022585634606j),(-0.20468198767766016+0.006992500100976691j),(0.022816424605958334-0.007726494096402707j),(-0.18272517857859427-0.0011678828904471694j),(-1.1191410782041788e-11+5.119610981392985e-12j),(0.043975616636878094-0.005979730597766434j),(0.4464803463254656+0j),(-0.1227842587070528+0.0006171467360774827j),(-8.398093159684804e-07+1.6163780865041993e-06j),(-0.009955491601796033-0.003299209987933966j),(-0.140286795766299-0.0030128121934539093j),(0.0006631159470100967+1.880210076241653e-05j),(-0.10267314644278946+0.02382119605307973j),(1.2597906185368178e-06+8.471061825579913e-07j),(-0.014337549889073167+0.0002603697551491779j),(-1.8393949138087928e-06+8.449657483971974e-08j),(0.12633051983252308+0.008584098906110192j),(0.007746608206592941-0.005391916922541094j),(0.10891895951028092+0.002214290555538798j),(4.047539657199635e-06+6.410387552524971e-08j),(-0.045107045048989304-0.002380436297582061j),(-0.002904971415663222+0.0011408114744816335j),(0.047657133243831855-0.0010143139697391015j),(2.6981809432896175e-05+0.0018977999968184938j),(0.00023201816480295266-0.0005194127954819464j),(-0.002953245516960289-0.003360716773383408j),(-0.16871923491964985+0.03234800821712899j),(0.003537099568351333-0.005006135385612991j),(-0.002404363269032404+0.0003780191850953419j),(-0.0018835245023546554+0.005082395354532743j),(0.005062006883611921-0.010274788583549074j),(-0.00029812287197829133+0.0019513567116930183j),(0.08723021882601294+0.021211229271936558j),(0.18431072041688087+0.008809226009986912j),(-0.0728266124875972-0.004648150080051885j),(-0.35779682482172553+0.0072668533957001916j),(-0.03100154112309101-0.0036079553379411954j),(-0.006078804811925914-0.0026538954624783498j),(-0.021472725824603727-0.003510756542846296j),(0.004651206230802774+0.001329956535758446j),(-0.038332949041107775+0.006683856346296303j),(0.07238839201213035+0.014784128808053517j),(0.005220835904926756+0.022673496715987406j),(0.021347849766850984-0.026591510524381707j),(0.010704462765948556-0.00948636623045174j),(0.011114079548680853+0.005401406579356316j),(3.7837762951316187e-16+4.891109004704547e-16j),(0.07122239006561393-0.0029801097534699755j),(0.03674662908638677-0.04926465820989343j),(0.02810405633549226+0.010514193214228643j),(-0.06896972625418728+0.03958819342715286j),(-0.01953663407520656-0.004184504386169507j),(0.253787021471463+0.001363639307135775j),(-0.002103278864809676-0.002499846416371334j),(0.04112192214498493-0.0037875293643087025j),(0.0248776929710106+0.004311199197807183j)
66,(6.264402282058975e-32-4.433232305852739e-33j),(6.293923568154733e-32-4.735909786243548e-33j),(-1.437951229318285e-42-1.147853488921264e-40j),(-1.0783435939565315e-41+6.431641097457293e-40j),(-6.480982277460626e-37-1.4090360487781283e-36j),(-1.05088417354245e-14-7.197826457362182e-17j),(1.9427393995454486e-30-6.1622328059268775e-30j),(-9.215759175544339e-15+1.3015174457262774e-16j),(8.839075058022234e-15+4.582011584782637e-16j),(-9.442250866939643e-19+1.3078613298698015e-18j),(-5.182966972358346e-18+6.228726598228024e-18j),(0.0791539838895671+0.000348543882717621j),(0.004850318343423564+4.485902415853234e-07j),(3.758535398071992e-14-4.378676985151834e-15j),(4.2990599426978066e-14-5.72979389450048e-15j),(0.0041822689638149856-7.849784228467958e-05j),(0.06784512496149762-0.0010435598421618068j),(2.84112769964859e-10+5.915950351473235e-11j),(-4.6185575568374106e-06-1.8393606270212424e-07j),(4.1492401023331697e-10-2.6919382701959146e-10j),(-1.0061433222325845e-10+4.606740131810279e-11j),(1.0691905956077696e-08-4.798737939593821e-09j),(-3.588340813970607e-06-7.872671651070528e-07j),(-0.0037639979898602734-8.166469604208731e-05j),(-0.06985045463213499-0.0008076406742310131j),(-1.4505262706405348e-08+1.4800398038050066e-08j),(1.7913700864556783e-08+1.1811569390508577e-07j),(-7.277757556112363e-05-0.00012592434537174162j),(5.019254869044553e-09+9.97651405745965e-09j),(-1.1923312660198595e-05-8.333496515109634e-06j),(-1.8143128727726026e-11+1.0210119174617618e-11j),(-1.506904816513487e-06-7.569856340879724e-06j),(-5.366326754417422e-12+3.3068851183226946e-12j),(1.98577490172913e-07+1.6076964734433368e-07j),(-4.024108300677873e-06+6.294004147625989e-06j),(-0.4620751157399669-0.0017498772903098666j),(0.14781905091139605-0.0022508217928501884j),(-1.2083504845562623e-06+9.200526431075169e-07j),(1.2508921443084499e-05+3.8169332076040155e-05j),(0.11713239598907416-0.0017580093714206421j),(-0.35959126653415213+0.003132479889712797j),(-0.012632605213636216+0.006212800885558892j),(0.14295626607041184-0.00013365114963370672j),(-8.190206089860447e-12+1.6804086754238712e-12j),(0.12382058852977211-0.004896427263382204j),(0.3871469360761639+0.0005543589717460461j),(-0.1089809261636278-3.548755634505407e-06j),(2.490740558689924e-06-1.0017883844802609e-05j),(0.07341653192670362+0.0032191074010842584j),(-0.1560229411462043+0.012104012229896294j),(-0.0009474462673518743+7.781822423565819e-05j),(0.08785494293427078-0.0037889036486949412j),(-1.945710933199113e-06-2.0450403752868023e-06j),(0.01996688851764977+0.0004884544400525864j),(-2.0168512871998952e-06+2.960177965101129e-07j),(-0.2443298327056735-0.00244021280390902j),(0.0091792968651355+0.009658726835554448j),(0.18357044455325952+0.031243808859538917j),(-1.721165762395086e-06+5.197426778294113e-07j),(-0.28049136005368175+0.009458772328981076j),(-0.0009584054063365055+0.007009218439521226j),(0.009844158466650961-0.004301863388004759j),(0.002819181733981641+0.000770058146666793j),(-0.00018784677823966523-0.0008209241529634657j),(-0.0011400676509445756-0.0010471808858990427j),(-0.056195883194469234+0.005797330650400024j),(-0.0017588961355122835-0.0003739644174268388j),(0.0022682518698537183+0.0009327685253918447j),(0.003955173724194054-0.0012959785896675935j),(-0.0015184933790510207+0.005990880083891903j),(-0.0017525302733084477+0.003860998798003718j),(0.0813621427032484+0.01761267698386159j),(-0.15288398042458803-0.010157583461830233j),(-0.1085356864981323-0.007200919952269664j),(0.11375370607136309+0.00398920147620368j),(0.0015135881374073257+0.0036238493149633334j),(0.0020917046867125135-0.0028512688626853772j),(0.01878177981656245+0.006145503146283399j),(0.016374743768771762-0.00033993035364175087j),(0.22161179060305286+0.004702628497484734j),(-0.030694870152140414-0.009401595696746397j),(0.003049296960704003-0.015039853859828135j),(0.027541501737838394-0.027205009637999523j),(-0.0012677279414769248-0.012210372351061545j),(-0.011771846129683662+0.006746751466798825j),(-1.761557476799982e-16-1.5725181818974542e-16j),(-0.06319923246115326-0.0034567937716129295j),(0.006891388025412426-0.045964670507907646j),(0.004911313190533349-0.009361112952646949j),(-0.08776260425129634+0.03310314524139378j),(0.02417640201185167+0.0033305307004611756j),(0.2570712295777837-0.002563453086238482j),(0.027062582360430402+0.002715452805889924j),(-0.009355838762942367-0.000322466885117419j),(0.02487260848694026+0.005400503976150167j)
67,(1.9827366731837533e-32-1.1395469221689887e-33j),(-9.604044329388666e-32+5.700802325729262e-33j),(5.379797352830022e-42-2.87682606620575e-41j),(-5.336862432242224e-41+1.5256199416980678e-40j),(4.020843128096127e-38-2.9464830310950883e-37j),(-3.3227959201552015e-15-6.67437779288515e-17j),(6.180361216481486e-31-1.886771318447651e-30j),(1.4052702828134256e-14+2.350688420817853e-17j),(8.591656298168938e-15+1.1356087574150722e-16j),(-2.8899246145854795e-19+3.8431090046755175e-19j),(-1.5808153002500512e-18+1.8263331583416833e-18j),(0.023945003842774565+0.0005146499255321434j),(0.001445538356010319+2.809749328641577e-05j),(1.7781002422505094e-14-1.2829340386360936e-15j),(-6.613980029829549e-14+5.502829000442015e-15j),(-0.006519368449557054+2.0167798254898568e-05j),(-0.10591776889349033-7.22851108357625e-06j),(1.9736682977468112e-10+6.850217410753231e-11j),(-2.726886077494337e-06-2.458041215986389e-07j),(-2.3734284265022735e-10-2.3071913738812725e-10j),(-2.8157401837641693e-11+1.1416488409687587e-11j),(2.839022196608822e-09-1.192723548035101e-09j),(6.588536812352451e-06-9.139555059126249e-07j),(-0.0039310477491263625+8.152496466485746e-05j),(-0.07213331529218481+0.0019861022853035204j),(-1.9355901453085067e-08+5.549545353463668e-08j),(8.151914846418456e-09+3.317582597146727e-08j),(-2.0753704257911207e-05-3.577877741639909e-05j),(-1.7300354863743153e-08-1.0110737418748877e-08j),(1.712475297694387e-05+1.5246591615747541e-05j),(4.355939753319814e-13+3.2970836772082015e-12j),(-5.193362803150568e-07-2.6383515381661415e-06j),(8.687754876880574e-12-4.86268774302285e-12j),(1.4522160953796041e-08+5.225253255697054e-08j),(-1.5687754745701077e-06+5.866274865986567e-07j),(-0.11460840921232718-0.003783468069210794j),(0.024674284278476993+0.005620297756955418j),(-7.75524571049369e-07+5.396537864220146e-07j),(9.630824737266324e-06-1.3050848871118627e-05j),(-0.18161537448046033+0.00028488191424994036j),(0.5971065568883343+0j),(-0.010237771325508762+0.001435393154346291j),(0.03820319628872837+8.20415720914399e-05j),(-1.178546330014067e-11+7.412257162930551e-12j),(-0.1961937987141445-0.003869549765477383j),(0.40959504813435343-0.010486713890840781j),(-0.10948744920104864+0.0026325755704276615j),(2.146947753780685e-06+3.190432450857017e-06j),(-0.03613589506763988+0.001943352890561554j),(-0.13003304483006206+0.00943659459312867j),(-4.142815119211322e-05-0.00011734594001262378j),(0.06363397639088837+0.0019526168153453302j),(-2.2951313685537653e-07+3.0176880359937124e-07j),(0.0027623283404645837-7.358270179502121e-05j),(1.9061900175240127e-06-6.99370561339821e-07j),(0.008422756528175555-0.009962230545947975j),(-0.013493868763716985+0.0003981345159617837j),(-0.17567867584288002-0.0008681804468245249j),(-3.184991068145301e-06+7.209967096093695e-07j),(-0.09526057713772244-0.017298321966149426j),(0.0018574565311296341+0.0029554981552338787j),(0.06673189987540312+0.0030451553574080458j),(0.008318112744231648+0.0007256374017764371j),(-0.0007394779904554496-0.0021517616673355127j),(-0.0021508444759960857-0.0018571663897904514j),(-0.13058867549340802+0.02462247690200204j),(-0.002217840310624039-0.003809819514113258j),(-0.005497561940466679+0.0013627581448217175j),(-0.006843250744741819-0.0017754547542300526j),(0.0012580061275741063+0.003258163452791907j),(0.0022093269532415154-0.00957503131006172j),(0.09150960885687193+0.021769672397636056j),(-0.025296415411543694-0.002780208337391867j),(0.19672047742235474+0.009565117055300172j),(0.20704977463893018-0.02273284029341399j),(0.03323251810427747+0.0024559458393059157j),(0.003199372770926963-0.0014979396602003354j),(0.005797135639148426+0.0014463371933525456j),(-0.022474288942779898-0.003552873292167188j),(-0.3341131486910708-0.03726223673660313j),(-0.009525720913400131+0.001691109014012585j),(-0.021907060776481226+0.00966981327162068j),(0.021127931386218005-0.02519771460382897j),(0.0043445828435895424-0.009343768086766098j),(-0.010522152442848837+0.005557463810415318j),(-2.746385835463775e-16-3.391874956361071e-16j),(0.051575164547584366+0.01876484964500571j),(0.048159266406843565-0.03986723031928161j),(-0.04893461202620306-0.007576520499889175j),(-0.06673993293852448+0.03761666407179606j),(-0.004714806305733064-0.012938227776471708j),(0.22034182495886234-0.0018745249153447746j),(-0.010141769262280184-0.00031140434065556576j),(-0.04023847522938486+0.0012600875458996831j),(0.014182218947077899-0.003166640546058242j)
68,(-2.4707092339554793e-31+1.874326155783793e-32j),(8.00799530679891e-32-7.739178141135914e-33j),(1.8998351528593324e-40+5.027549121280268e-40j),(-7.265587532922367e-40-3.3892898124424615e-39j),(2.8708297462156414e-36+7.11478988671225e-36j),(4.146781585411959e-14+7.389409370678892e-17j),(-6.285322298862704e-30+1.4295356320159007e-29j),(-1.1752561331202412e-14+4.1645757860653964e-16j),(3.6006685127986914e-14-1.6938280433530585e-15j),(5.6352235372972195e-18-7.871414004050821e-18j),(3.095541907628496e-17-3.750471798648654e-17j),(-0.4676319645991487+7.939768327830388e-06j),(-0.029108286477343634+0.00011037322721593919j),(-3.9046242361386286e-13+3.926900230653401e-14j),(1.269664582995432e-13+3.4723976587994174e-15j),(0.008787527264106925-0.0003352037949651441j),(0.14076953876517825-0.005021147624832047j),(-8.399663920503213e-09+1.4231957108620135e-09j),(0.0001811339364960503-1.176513489939632e-06j),(5.879565323634063e-09-1.6126805442831989e-09j),(-5.127662593631764e-10+2.4611858950944395e-10j),(4.619132983717026e-08-2.0838774386478386e-08j),(-5.5421231163282726e-05-3.063363614330527e-06j),(-0.020251011419473264-0.0001884509534670186j),(-0.36466392453850865-0.0006787825285513027j),(-5.937656353681657e-08+1.5272118824975553e-07j),(6.697849952309366e-08+1.411911971687869e-07j),(-0.0002294143797276772-0.00021842450088760079j),(-1.4404950724079375e-08+1.0092110982125305e-09j),(2.1255756140384622e-05+1.2745077511992136e-05j),(-3.9580178872411774e-12+5.504259766537e-12j),(-6.375444154635843e-06-1.4995268624692173e-05j),(7.923978256083143e-13-6.789800591222149e-13j),(5.693651309022815e-08+7.366047638605496e-08j),(-3.5275145788456576e-06+1.472437730665366e-06j),(-0.41430007559096593+0.0006504368039373867j),(0.06724203655461536+0.0015527914976134413j),(2.2435977992106159e-07-4.65848203520848e-07j),(0.00015423629380253347+9.431486363763898e-06j),(-0.023570655097801645+0.00032797852287190683j),(0.14818916065572782-0.00435350708362129j),(0.004935940871301657-0.0033594765154141694j),(-0.0540297573063807+0.0011764775841531967j),(5.688077828168856e-12-2.071937729232623e-12j),(0.021264714820539876+0.0023034913093679297j),(-0.33137694490001357-0.0007067066712964712j),(0.040695485906326274+0.002115507196184271j),(-1.31267607913717e-06+2.7854947338217652e-06j),(-0.01631338826241246-0.0018810544223227523j),(-0.041658045691149115-0.004560335447818538j),(0.000621758594097798-1.5511401728411163e-06j),(-0.09175338271304295+0.01787509924960238j),(1.2759653548673626e-06+8.868366927921193e-07j),(-0.013772930110810983+0.00030740032235171524j),(-1.3448429738106022e-06+4.878646303506428e-08j),(0.13040516477884562+0.005468861190903888j),(0.005629429303465164-0.005458317790420278j),(0.07352197700264883-0.0010295991219808724j),(3.83447625509721e-06-2.239679443401037e-08j),(0.008401744334420865-0.006169521171891043j),(-0.0024604692813609552-0.0002258977849051195j),(0.04210923191242044-0.00020758421581180964j),(-0.00016143142641321156+0.001734461203232891j),(0.00023665593818065854-0.00043100357416035626j),(-0.002685891648159466-0.003060983749123262j),(-0.15276428668179673+0.029633814359014982j),(0.0033681959689475355-0.004525911255554661j),(-0.0020786658563133756+0.0002748815022314337j),(-0.0016582616435128574+0.004773218949154573j),(0.004568012650002192-0.010035674360926991j),(-0.00032720078303962314+0.0019711410854169j),(0.08895642957269898+0.02112332807070008j),(0.18544492577239138+0.00867055144215206j),(-0.07312672248514906-0.00466336890421839j),(-0.3416682466623524+0.00717210445943537j),(-0.030055188650662163-0.003444131857152668j),(-0.006077589138875246-0.002652209098208564j),(-0.021450649360279125-0.003507882010063073j),(0.004650719005418511+0.001328111357535014j),(-0.032705851702282476+0.006132068105780141j),(0.06989483021473916+0.014315877753042862j),(0.005280515663348317+0.0218314434968724j),(0.02102339518648623-0.026222893088173695j),(0.010622691055179954-0.009391895747328502j),(0.01108433296206213+0.005349072115354843j),(3.6261439596280556e-16+4.4359925982303087e-16j),(0.06860716877619964-0.002953111597902132j),(0.03599170192704297-0.04815518847145986j),(0.027738667793359085+0.010296786027126947j),(-0.06769284077765303+0.038949271628727945j),(-0.01905871518850454-0.003959197772995011j),(0.24783761098282658+0.001160739983469286j),(-0.0020785424954546214-0.0024576881736339093j),(0.04058033608866364-0.0037209672165544883j),(0.02404116847188629+0.0042459676448079065j)
69,(1.948639388280277e-31-1.3783953138547494e-32j),(1.9580364940245821e-31-1.4723834660794792e-32j),(-4.994041166664677e-41-3.2082379522010823e-40j),(-5.587482884830018e-41+1.962033441234528e-39j),(-6.960920789671982e-37-3.696613352125761e-36j),(-3.2692567624195067e-14-2.24981053464157e-16j),(4.3663099691503445e-30-9.430271193156912e-30j),(-2.8673054223320185e-14+4.0354477250165086e-16j),(2.7462909603579867e-14+1.4613384510521382e-15j),(-4.631832460866456e-18+6.4009058887368675e-18j),(-2.5419779610760164e-17+3.0481146212401553e-17j),(0.3801658166439389+0.002084858930461911j),(0.023757280461306457+3.125540844910353e-05j),(2.9541628704004996e-13-2.968770389393038e-14j),(3.4110878679567227e-13-4.1567248436588905e-14j),(0.020625309192189245-0.0003425062228436925j),(0.32784094668879343-0.004386532926997089j),(7.575625217529076e-09-3.910214891839068e-10j),(-0.00015027350906984265-1.8861938964474635e-06j),(7.148664386049049e-09-1.8419898162753093e-09j),(4.039721553606664e-10-2.0402028506419256e-10j),(-3.771160493050854e-08+1.7011345640965918e-08j),(-0.00013468624319960782-3.1896736692201797e-06j),(-0.020547242600283937+6.473500279533841e-06j),(-0.36898391479832515+0.0026878087134746265j),(8.950879520672582e-09+1.6983095879976958e-08j),(-4.6855718457354833e-08-1.1671439964547626e-07j),(0.00017833200001819068+0.0001781526895705108j),(-1.542967573491173e-08-1.2223098349188563e-08j),(4.2512703662942945e-05+1.8877670797416835e-05j),(6.847173773010397e-12-4.5281169380377645e-12j),(6.80341492241581e-06+9.467487314014646e-06j),(1.688504268545394e-12-1.3916515843489683e-12j),(-7.230429033811336e-08-6.160688305694363e-08j),(3.0349742597055e-06-2.1282264681267853e-06j),(0.3568932357936429+0.002854775686115723j),(-0.06848281933645314+0.0013239016522402572j),(-3.006029040068476e-07+3.7613357349445015e-07j),(0.00014648844013828488-2.4793051757154685e-05j),(-0.04992106313175157+0.00013982040423565767j),(0.2834639992010919-0.0012659978422115414j),(-0.004728627774908303+0.002127389017061992j),(0.04750648826403014+0.0006820211819372896j),(6.5758675531255655e-12-3.903836337807247e-12j),(0.045084798823828966+0.0022970503349084145j),(-0.33325137266084454+0.004907444157706076j),(0.044455168194329514+0.0006433124541771664j),(8.96356210012532e-07-5.496788818591866e-06j),(0.04285761559428997+0.0028560264869421786j),(-0.05159920886490089+0.007272063965461005j),(-0.0006464007279961432+6.229227936601443e-05j),(0.05783174633862427-0.005022975215180008j),(-1.3761302889854932e-06-1.4286464827807363e-06j),(0.013912131506607+0.0003586647654622825j),(-1.3167901507324036e-06+2.3722898380114312e-07j),(-0.1716937965377078-0.0016419363688743721j),(0.006218496220156201+0.0067732748935575154j),(0.12440594572044002+0.0203671800132155j),(-1.1673647358676693e-06+3.9125467758197515e-07j),(-0.17014021273351013+0.006778473231011675j),(-0.00038425683046790465+0.004287616005339191j),(0.011817091274887311-0.0015757404736167005j),(0.002776153376666263+0.0007085534454056182j),(-0.0001683617116221997-0.000796532515224683j),(-0.000998509290488296-0.0009285728734533325j),(-0.04866012712508356+0.003407631874692585j),(-0.0017967140537100313-0.00011173486459959282j),(0.0025077959349298733+0.0008428376435890393j),(0.004093313566763481-0.0014321948984781594j),(-0.0016949152191434841+0.005954743051146317j),(-0.0017909566601861378+0.0038648541384542646j),(0.08271580689249397+0.017490662701247474j),(-0.15308591621059897-0.010176109386784845j),(-0.10884220232030174-0.007225346237824023j),(0.11770055352952852+0.0038185085637767423j),(0.001615905056535285+0.003643176421418738j),(0.002091518255279798-0.002850510077880245j),(0.018779846783904864+0.006142451072136015j),(0.016370281783154153-0.00033955595080426525j),(0.2242536205885523+0.004064828405645218j),(-0.031327338500661876-0.0094292187363442j),(0.0031334812543500784-0.015290842087052935j),(0.027281957440568008-0.026919644381194555j),(-0.0013000014290604194-0.012128464416381726j),(-0.011745563790071883+0.006709480447795207j),(-2.0130207412125915e-16-3.6020801514740266e-16j),(-0.06390077711817771-0.003387006139620577j),(0.0064849158952997015-0.04513698450537754j),(0.00494732215731626-0.009354143065529454j),(-0.08674018157949377+0.03262864845478349j),(0.0241815637836339+0.0034213417814156666j),(0.2526228811223246-0.002562370850441309j),(0.02690350495917288+0.0027048053722041818j),(-0.009360487331743845-0.0003063329674963646j),(0.02427990282395106+0.005371228348232469j)
70,(6.163621028037785e-32-3.5422311534916395e-33j),(-2.98554725804917e-31+1.7721025440373867e-32j),(-2.4970146352752234e-41-1.6041199102579145e-40j),(7.781234165599156e-41+8.343675484737352e-40j),(9.122453099929757e-38-1.548254675260541e-36j),(-1.0330363927798472e-14-2.0753807751876007e-16j),(9.045799123890966e-31-4.699805237140349e-30j),(4.368899003879493e-14+7.317465352797166e-17j),(2.6678153834602845e-14+3.7297849617331096e-16j),(-1.3789655080150144e-18+1.8326029346306296e-18j),(-7.542715970343367e-18+8.708732141307653e-18j),(0.11200804665260851+0.00245416383354205j),(0.006894753137287663+0.00013708207620471893j),(1.2068233721408009e-13-8.347487216266945e-15j),(-4.863228133652494e-13+3.151147245238388e-14j),(-0.03123415981751421+9.845196336484736e-05j),(-0.49801664322739714+2.075773969366368e-05j),(2.6226601829680958e-09+1.1713361652202084e-10j),(-4.9044501382227314e-05-1.8557364160442437e-06j),(-1.1226474593000553e-08-2.944796959332351e-10j),(1.317584780423466e-10-6.412530111236879e-11j),(-1.0809514907318649e-08+4.6075676069167454e-09j),(0.00019193401577748205-4.637647677341592e-06j),(-0.01855965934755477+0.00028372381417788965j),(-0.334071182501134+0.007550994136629935j),(5.9221014706246465e-08-1.8621719859449874e-07j),(-2.062175310948789e-08-3.353772981438155e-08j),(5.613743138973363e-05+5.455951008919919e-05j),(3.19622675199563e-08+1.2036583830951573e-08j),(-6.890945355806688e-05-3.428105312089757e-05j),(-2.494049888351104e-12-1.3546623818554968e-12j),(3.949988909042556e-06+3.0357057411428593e-06j),(-2.5359784450088287e-12+2.1088608473196954e-12j),(1.2644456760017796e-08-1.8698658299703108e-08j),(8.465008055724412e-07+6.285655109170044e-07j),(0.08269006668868634+0.0036698046619285164j),(-0.003645381458785528-0.004199274568828666j),(-1.1831367339634407e-07+2.2300183921901072e-07j),(0.00012943184014418878+9.17745203722634e-06j),(0.07527220204901947+0.0002426724580340267j),(-0.44993262311800153+0.0003742888755495777j),(-0.002874287222417824+0.0011938214564071812j),(0.017935608430925877+0.0011170399517547672j),(4.63965277510244e-12-7.615777940516324e-13j),(-0.056155160665210056+0.0030202376112519846j),(-0.3063101352911893+0.00547934118245039j),(0.03934287417122248+0.0006219121553959223j),(1.0855420568187356e-06+3.3220440735563785e-06j),(-0.03141208424329213+0.0024138899389189016j),(-0.0402334922556483+0.003956767521584047j),(1.8058096934992797e-05-0.00010237949751366148j),(0.04195274101121494-0.00014473336289991257j),(-4.0235267216590816e-08+3.603569413682153e-07j),(0.0010267718034223973+0.00010572252334748886j),(1.8730734647587789e-06-6.299394971690736e-07j),(0.022475169420263057-0.01085914361654378j),(-0.01199692053019257-0.000198073085157221j),(-0.16607069452100412-0.0014777752893585828j),(-2.713184982749052e-06+5.428919388499765e-07j),(-0.04663096623780318-0.020446552412523758j),(0.0017155472041851245+0.0016345444379469733j),(0.05910486437900807+0.003068347044319354j),(0.007606345612023392+0.0006276250278278925j),(-0.0006856207259565471-0.0019559792885892506j),(-0.001915770658111291-0.0016350483911732445j),(-0.11652932627830227+0.022138618768561186j),(-0.0021000044597190006-0.0033946417729838717j),(-0.005021363176243381+0.001211027942174816j),(-0.006410866784194114-0.0018063047007755638j),(0.001130800669974288+0.0031671660131283j),(0.0018730830682034596-0.00925622243077454j),(0.09322465330526879+0.021675964160019594j),(-0.025233889603714425-0.002823823203127895j),(0.19809368979375172+0.00942292245915137j),(0.20175065279484422-0.02224763184347547j),(0.03213180556064791+0.002344494244974942j),(0.003198394263197525-0.0014973251449848684j),(0.005795579315969732+0.0014433451763134911j),(-0.022442195504136894-0.003550452640598882j),(-0.31937263981391034-0.036241638558976316j),(-0.009968702665438693+0.0015889487806128293j),(-0.02123460920231169+0.009159050543723662j),(0.020818211263500693-0.024845746575540367j),(0.004291953217477629-0.009250071466831341j),(-0.01047129414240347+0.005516104598572588j),(-2.5293827727868117e-16-2.9019216741919677e-16j),(0.04933448012162399+0.01830878298759623j),(0.0472915940140082-0.038884760031412766j),(-0.04783776222492749-0.007460393150185905j),(-0.06552599011770481+0.03699727684089513j),(-0.004495832247128348-0.012566696566761078j),(0.21490785413631353-0.001969451122436683j),(-0.009976086152190238-0.00029276453447913894j),(-0.039657401527459765+0.0012584056620979188j),(0.013546161112534347-0.003089085883790121j)
71,(1.9612055210056353e-28-1.492195748955842e-29j),(-6.359710603338944e-29+6.166308192437733e-30j),(-5.231690528300599e-38-4.225557993585578e-37j),(1.6204399449874435e-37+2.3483160885115396e-36j),(-2.6546104653317454e-33-5.771411747758493e-33j),(-3.265702562974033e-11-5.099850673574993e-14j),(3.79738840292592e-27-1.7296780707127974e-26j),(9.256930969593117e-12-3.3079186652220987e-13j),(-2.6145365948990908e-11+2.3653624763051486e-13j),(1.1286717720751784e-17-1.5845276873908122e-17j),(6.206432670349139e-17-7.556237058208189e-17j),(0.003195513115777393-1.1382089466573358e-05j),(-0.05853951000655923-3.799548450959464e-05j),(-2.3676542696051244e-11+1.6121784097445915e-12j),(-1.824492908718859e-12-3.831487523326406e-12j),(0.016604574427869827-0.0006150822782356171j),(-0.0008942019852984002+3.503052110830871e-05j),(1.7989556240196924e-07+8.286539360826624e-08j),(-0.053725907474503516-3.840798989512839e-05j),(-2.7201458535770286e-08-8.071577510577623e-08j),(9.909378367325419e-09-5.001777180851563e-09j),(-8.009041112381432e-07+3.589042375672343e-07j),(0.015266028758432831-0.0005558974404889796j),(-0.045048103370708435-0.00013852515507781563j),(0.002106857605726776+4.663041781207853e-05j),(6.191036744236629e-07-1.8729021590276518e-06j),(-6.296199220000132e-07-3.7402757730723645e-07j),(0.0026852809227341685+0.0013216916315053884j),(8.965921809238527e-08-9.969082689614673e-09j),(-0.00037472821198535956-0.00011583281529968178j),(-7.114586473479709e-11+3.762949170444107e-11j),(0.0001863249986366265+0.00011690492298772708j),(9.335878236160225e-12-3.523003372351915e-12j),(7.876904226617231e-07+6.62803635321239e-07j),(-1.0944878420659974e-05+2.9053118987821452e-05j),(0.08439973724782997+0.0008950623300684077j),(0.49497822764230015+0j),(-8.91077618111316e-06+3.835226670880678e-06j),(-0.04187286631251809-4.099457609230833e-05j),(-0.13730253592678926+0.005844428440342775j),(-0.012212494834491239-0.003300681653590227j),(-0.07632228787551114-0.016418644959853363j),(-0.4037721007609637+0.006108447357389024j),(2.1409893353707367e-11-1.2032753846605205e-11j),(0.1159153615862611-0.00502137482123279j),(0.044294318584484585+0.0032626378311090267j),(0.38125676193207303+0j),(2.552513183532075e-06-4.583504918721194e-06j),(0.02861878277091501+0.009726531980262387j),(-0.320681317952351+0.019431996472471874j),(-0.0010434750380540142-9.171267258755692e-05j),(0.176628863605252-0.005032844868028324j),(-1.7149283961109276e-06-1.2283365387949749e-06j),(0.02215941537936428-0.00044428697257795806j),(2.3923523883537195e-06-6.281915521184006e-08j),(-0.1750170944900885-0.013642377946888024j),(-0.011570560184162334+0.007571401519563274j),(-0.15344296899404325-0.005517866668581695j),(-4.669270954353771e-06-8.363070914549246e-07j),(0.08313266434030839+0.004390371177302448j),(0.00016403280292389167-0.002897974844144018j),(-0.15158002355548686+0.001964548286053503j),(-0.009926577723263743-0.0009120176588891006j),(0.0007817926346252511+0.0028051913648457203j),(0.0036506505073636295+0.003148457229133336j),(0.18699779079118994-0.034767254663930484j),(0.0033057986934161804+0.003469390843416421j),(-0.0006401698177043502-0.0023826504633696994j),(-0.004009885069742466-0.002629380660854642j),(-0.0009353014419234718-0.00939864358805199j),(-3.139460674747693e-05+0.002059648578791483j),(0.20884386615858155+0.010698183652509151j),(0.2366879860423084+0.003774358171439382j),(-0.10490774510515867-0.003355730762568015j),(0.09281671293332586+0.011490560909324415j),(-0.018657723925912112+0.0028149672224889134j),(-0.011616061487622698-0.0034953564319704727j),(-0.02370660058740602-0.004408165300064272j),(0.004763261269039752+0.0016083416535087687j),(0.006326536686897343+0.0047714917497952754j),(0.05347693426385723+0.002222320388251278j),(0.012445202731652408+0.011527657233982042j),(-0.020903368770761648-0.005827805381783207j),(-0.005692503829260529-0.0025082215123792815j),(0.025691080835811966+0.002396930388871196j),(2.9327788185635255e-16+5.783394307690098e-16j),(0.03728433879424873-0.010946441710911721j),(0.0003683019168039185-0.009432102318814724j),(0.03354559196296193+0.008517021230572061j),(0.025631419374168293+0.016078448977211626j),(-0.017132291539726327+0.0030342868456213925j),(0.00776891075825702-0.014071373179785898j),(-0.0060310281788508065-0.0014661709721398527j),(0.043174511078463984-0.005685245055748939j),(0.00337107011374721+0.0030843156952277506j)
72,(-1.5456866508662464e-28+1.0975152459035691e-29j),(-1.5544068712570502e-28+1.1727434255551784e-29j),(5.054999406609029e-38+2.8150749197005144e-37j),(7.230871992083401e-38-1.7084256232445092e-36j),(7.127984190760049e-34+3.785332066339774e-33j),(2.57277471965749e-11+1.7022275180285835e-13j),(-3.5429826180497865e-27+8.906528155040805e-27j),(2.2578623343357148e-11-3.230147037524323e-13j),(-2.3309025023539416e-11-3.9311526922226373e-13j),(-8.957271067278876e-18+1.2441736741714798e-17j),(-4.9208251076212115e-17+5.929870329115876e-17j),(-0.002520495081140568-3.2854651319327052e-06j),(0.046130414366428826+0.0002625971202299786j),(1.8345793209868838e-11-1.125311453167902e-12j),(2.730900562502418e-11+2.2740496808429476e-12j),(0.04062304688667717-0.0006047936108526143j),(-0.0022513167945414385+4.055084740058019e-05j),(-1.4018648355901852e-07-7.329269219400685e-08j),(0.0423394269722786+0.0002491868375874007j),(1.6747680040780033e-07-2.307468000514569e-07j),(-7.261090727699125e-09+3.597584485779478e-09j),(6.164269336472904e-07-2.71539527649762e-07j),(0.03733820429718454-0.0005598771348788879j),(-0.044205457932051516+1.4887003842278812e-05j),(0.002191045682700936-1.0268310117070496e-05j),(1.8871111721705468e-07-9.165784011766294e-07j),(4.267969579926181e-07+2.7970339318578685e-07j),(-0.001981687380920078-0.000988304802300941j),(1.805811080606457e-07+4.68788417420621e-08j),(-0.0007211434976778216-0.00017608842698030804j),(5.69486670943435e-11-2.882268000313056e-11j),(1.5872132044241545e-05-4.043546764945459e-05j),(1.9709834428820727e-11-9.809683135872449e-12j),(-6.443387521994379e-07-5.258112106282332e-07j),(1.1082523866868776e-07-2.4841835290144342e-05j),(-0.06785536196313116-0.0008912591212212145j),(-0.3870869290536783-0.002468340131749125j),(7.038898620593702e-06-2.499488391208815e-06j),(-0.04110174269961704-3.2399039670734375e-05j),(-0.3457401350522227+0.004645845334432658j),(-0.06732770598801732+0.003172161383129646j),(0.051567923987083944+0.014170873932693458j),(0.3184408117762123-0.003133951782160818j),(1.0250478600143867e-11+8.124528094960679e-13j),(0.27823952423339554-0.0045710582255835824j),(0.05930404179489418+0.004775733091351602j),(0.3566113691594256+0.0006310429058265232j),(-8.273359234806192e-06+2.532070804005814e-05j),(-0.1810950375059046+0.0011300495579752365j),(-0.3059863816087274-0.0029454993498829463j),(0.0014618916134027757+4.170754799162812e-05j),(-0.16001151355448684+0.04116522218908854j),(1.0543775871731934e-06+1.6366255162020728e-06j),(-0.019808512217603273+0.000743265134883142j),(1.4799906691799892e-06-3.0323204597728174e-07j),(0.1626193572933387-0.005223640871079974j),(-0.011705955935958027-0.005527795947010431j),(-0.1468402593143033-0.005552953500894221j),(-3.6802852130431307e-06-1.4728573802413816e-06j),(-0.02807926847698845-0.008472217006888619j),(-0.002687088694409013-0.00025571261732154643j),(-0.15680541564657063-0.003050182530766777j),(-0.008544851259744217-0.0004257772430757427j),(0.0005751578003018081+0.00243606933318855j),(0.0029686943901465674+0.0030288450156375486j),(0.16946204820424976-0.025549692141993895j),(0.0007546933381991502+0.003292124084749061j),(0.0016541905062595322-0.0009422873158832551j),(0.0043439567853026+0.0018982984922511455j),(0.001521251930598564+0.005419957529283224j),(0.0015185591160823651+0.004598860811411136j),(0.20414743170350255+0.006017282176576627j),(-0.20930994174388168-0.006225538490311938j),(-0.16215348468047705-0.004588393924155297j),(-0.08029097772284251-0.0015373591218010981j),(0.026101237762787013-0.004367511978379503j),(-0.001736144275344741-0.00397525567362155j),(0.024643791174801213+0.005772698611187373j),(0.019096595638853138-0.0007696343655257051j),(-0.1178556184497478-0.007851066031261702j),(-0.011608892018748061-0.005955907874089029j),(0.006356537097539335-0.015123544929357798j),(-0.015243477656038971-0.0052300978686484175j),(-0.01912347816964976-0.004584175534853154j),(-0.0002916390244455595+0.004665687735159604j),(-2.583236497057422e-16-3.66768806179154e-16j),(-0.05742220402059424+0.000407397818131542j),(-0.03151181173923773+0.0009638141949784833j),(0.01125992380952599-0.006397174939200714j),(0.011319912884354771+0.007747904816805641j),(0.017944613122202423+0.0055154164532177224j),(-0.020613551478250478-0.020899969720732502j),(0.018218107439387246+0.0015619514436394021j),(-0.00464856227960112-0.00033581646373619057j),(-0.0029967121110721978+0.002946489308794391j)
73,(-4.892703830740637e-29+2.823774309366613e-30j),(2.371585237265835e-28-1.4134363976497205e-29j),(1.278470194938272e-38+8.213095922961415e-38j),(-5.079951324812348e-38-5.727775295781797e-37j),(7.816393147540972e-34+1.0286797743746262e-33j),(8.135691593229011e-12+1.614788930523703e-13j),(-6.9357234600382965e-28+3.268213291603629e-27j),(-3.442310021756028e-11-4.988213502492557e-14j),(-2.196444622320481e-11+1.6916100510668658e-13j),(-2.8833221534924426e-18+3.893596500904645e-18j),(-1.5802815039683042e-17+1.8529967281829626e-17j),(-0.0007932916047430358-1.230098885069336e-05j),(0.014576905147619303+0.0002788551664601848j),(6.3285057916247414e-12-3.0032298651701336e-13j),(-2.7418830274514883e-11+1.2076102781443616e-12j),(-0.061882397831002856-4.235852706674717e-05j),(0.0034011619896236957-6.955682432893944e-06j),(-6.435779405305916e-08-2.4067322378404925e-08j),(0.013376250950068816+0.00025291736821728486j),(-1.390919020402868e-07+3.663230100890003e-07j),(-2.5721703399660472e-09+1.0506408926996202e-09j),(1.7540383015768637e-07-6.9369539702026e-08j),(-0.05688285804357329-4.4657950924733084e-05j),(-0.04111683675708954+0.0008830425169293471j),(0.001954025670739023-1.828692857033245e-05j),(-9.141960458968576e-07+2.932727234958431e-06j),(2.126467501547896e-07+1.0794374974249695e-07j),(-0.0007097615540756179-0.00037205285030381184j),(-2.876544613075823e-07-4.5131838731096396e-08j),(0.0011583182114952495+0.00033495098188223707j),(1.766999393439844e-11-9.517689790509644e-12j),(3.529196893697549e-05-1.4114021353707962e-05j),(-3.187359021403638e-11+1.3532191701961614e-11j),(-1.9033617287640006e-07-1.7009545168565108e-07j),(1.6474511087172853e-06-1.0773829305998832e-05j),(-0.019619692886226957-0.0007570870982130371j),(-0.12599840234222603-0.0016566917719181146j),(4.868850070845493e-06-2.3894635604745567e-06j),(-0.03821517293005164+0.0007923858910268509j),(0.5220518892888064+0j),(0.08556796536170623+0.001992752883374381j),(0.05247627996847551+0.008629783073654463j),(0.1012700567251948-0.0006737878349842574j),(3.233507937661269e-11-2.5184180358701024e-11j),(-0.42693757549076955+0.00013349724864205811j),(0.035557289462333115-0.001832388432393396j),(0.33605120973950814-0.007118178396456551j),(-5.425532710285784e-06-1.469872689902063e-05j),(0.1421017161520167-0.0052310716868741725j),(-0.2844698955518763+0.005129325871191859j),(8.364544060841564e-05+0.000310741893355742j),(-0.1782897753515475+0.028206188370328802j),(8.929929147061982e-08-7.332176643779289e-07j),(-0.00278598634987726+0.0003338868523888572j),(-1.4238602137649682e-06+9.8929275957938e-07j),(-0.0534186751007774+0.015837358062891587j),(0.021789043548994816+0.0008162768024445998j),(0.21280751582916319+0.002610116066956606j),(4.0072906143713586e-07-1.5333417081129843e-06j),(0.13445125341365904+0.022288426693479024j),(-0.0025593766741609267-0.004364504588247635j),(-0.14016419098866956+0.002900887591075167j),(-0.008383750007256838-0.00025707387408078304j),(0.0006582732518870612+0.002354640513679783j),(0.003104957682818247+0.002752464996755536j),(0.1619467451700861-0.031985946592891196j),(0.001588614997983666+0.002986920553606242j),(0.0004078569015735329-0.0015165075176520834j),(-0.0005785540130680635+0.0002467819543075107j),(-0.0002448605794228993+0.0008140191548506642j),(-0.0007681468909291741-0.005999159416892614j),(0.2067849782236458+0.010584257969133745j),(-0.03359195667947033-0.0026054531205596796j),(0.2670830208055173+0.0038126509226134066j),(-0.06590625528940905+0.005567846130734546j),(-0.009502524151355517-0.0009472164397213872j),(0.00018907335719652707-0.002235879576043675j),(0.008910189824872423+0.0005935412274130614j),(-0.02951054720092981-0.003302616862831176j),(0.06839796000527806+0.02021920158472677j),(-0.04447039732258455+0.004389031164875476j),(-0.019052482746599084+0.003610974603952418j),(-0.016474096264880216-0.005710907513027589j),(-0.011075994738366984-0.0025046719060591283j),(-0.0008216041799240011+0.003558864305477735j),(-3.481019789569323e-16-2.317772562270149e-16j),(0.026879783094030215+0.00992592249848904j),(0.01922977353338732-0.004598249853633581j),(-0.047738556405138355-0.002251186467143524j),(0.01767041695641094+0.014730984946835883j),(-0.003607244482119822-0.0075252017434499436j),(0.0010875115229381054-0.008187087378014567j),(-0.014373909412985466+0.0018953681638751788j),(-0.04223266527862726+0.004596945322290245j),(-0.004782245308033895-0.003114071214369347j)
74,(-2.6926479297223693e-31+2.0422270772344477e-32j),(8.727181858176573e-32-8.433092130718801e-33j),(9.815522294354032e-41+5.0390526793569325e-40j),(2.545870744578737e-40-2.8658583207945664e-39j),(8.353102657711154e-37+4.43593595439821e-36j),(4.518875427760123e-14+8.13091178925004e-17j),(-1.3752656998774657e-31+8.607369556990208e-30j),(-1.2806856529216752e-14+4.536493910901388e-16j),(3.913552840696538e-14-1.784913624116461e-15j),(-6.006640227459178e-19+8.436272760496944e-19j),(-3.3062384849147907e-18+4.0246909396724e-18j),(-0.00016207904987945783+5.980295272464249e-07j),(0.0031181884569567125+2.2503361747563e-06j),(3.029001793777264e-12-1.5537009370660465e-13j),(1.4618467314799752e-12+1.3721306112401287e-12j),(-0.0008842888452595162+3.280776268883032e-05j),(4.500364912768051e-05-1.8002841865638516e-06j),(9.47654551431981e-06-2.7370217774924445e-06j),(0.5685934469121406+0j),(-4.912225713116691e-06+1.9610754972733063e-06j),(6.217765177411509e-10-3.2126771410562417e-10j),(-4.199485922733931e-08+1.891289192211304e-08j),(-0.16166631110952112+0.006016627495900401j),(0.0023991948421834683+9.217825380924906e-06j),(-0.00011565012354068305-6.517128861355579e-08j),(1.3914415467435453e-08-6.19612179536103e-08j),(-1.8823763328323113e-09+7.827259273468029e-09j),(6.127394732659925e-05-1.248737249769421e-05j),(9.696931087612017e-10-6.19966412456472e-10j),(-1.718612459163576e-05+1.4490976789713535e-06j),(2.7880376181808048e-12-1.0587125821596334e-12j),(-4.329995278796734e-06-6.511834969270342e-06j),(-3.825353836239088e-13+6.547886198346476e-14j),(-3.1682592705347776e-08-1.90874764180712e-08j),(9.319478306090503e-06+8.124927566956104e-06j),(-0.001201272064043325-3.8517538952819816e-05j),(-0.015136704712566503-0.00019941071706146155j),(8.900263966852413e-07-5.455554010758014e-07j),(0.4459545317075744+0j),(0.004060731775763406-0.0001590180090092143j),(-0.00013459187602534595+0.00013125580855984054j),(0.009160776086526923+0.001135975440637249j),(0.04502523822405338-0.0004971811052006062j),(-4.415288243336882e-13+3.374858934923929e-13j),(-0.012854927593795114+0.00046149309016149263j),(0.0006388629412289631-0.00028982006002741613j),(-0.011706629184584106-8.064581327777874e-05j),(-1.959544162194135e-06+3.2952156006776667e-06j),(-0.018408288740477143-0.004111508827477443j),(0.033131253205923986-0.007179584139618309j),(0.000771650129757754+2.590929958687321e-05j),(-0.1197003308575976+0.016358397431425524j),(1.5096869578248635e-06+1.0466693448940044e-06j),(-0.01721539843350726+0.00015680326418321722j),(-2.1873632772240534e-06+4.389200238454327e-08j),(0.15294679890828722+0.01057355472244638j),(0.008838325312972909-0.006375407499552506j),(0.12610855491971157+0.0050464794028615735j),(4.447017319712731e-06-1.4615188918217883e-08j),(-0.08239303868079627-0.001662775168028631j),(-0.003909234543027612+0.001845037221404814j),(0.0292407473189515-0.002247923347739495j),(-0.0030986283650957774+0.0009394649938828435j),(0.00041847371285251404+0.0004081813064213904j),(-0.0008504840848128057-0.0024303048883436346j),(-0.10160097156136409-0.00496249570896534j),(0.005463712025209612-0.0033814643668222512j),(-0.0052189660460859435-0.0014734854022393634j),(-0.012042914133043729-0.006268235240948799j),(0.005672903524716064-0.015221950396466876j),(-0.0033894770883996957+0.002819160781548281j),(0.298679286809149+0.0027948942659236503j),(0.27627568314639156+0.0006766171814586892j),(-0.12788939461192392-0.002753546209323828j),(0.34656508236117056+0.0015207141285418571j),(-0.03899814624619528+0.011056091006467624j),(-0.021174660842313345-0.004757282918431081j),(-0.026944897639839156-0.0062259760233499654j),(0.0050342354619229675+0.0020887423344034756j),(0.06139040595068033-0.0031022102904351284j),(0.11144732084976608-0.002704565472772223j),(0.024205823849501873+0.02024809662773078j),(-0.08088688855348024+0.013767451689355469j),(-0.03294654544344639+0.006025366628387107j),(0.05230069815982991-0.0006932148507183024j),(5.494046380432769e-16+7.211656343973303e-16j),(0.055878890639507836-0.02363236174390352j),(-0.03194981874823835+0.0015946145879712232j),(0.062298516995369216+0.009561730591906781j),(0.1267082218364753+0.005267091116905597j),(-0.021953756182112327+0.006272814014860845j),(-0.09873057578546221-0.029841620382248607j),(-0.0032348427885734005-0.0019134424240640998j),(0.06811589001950012-0.011483952550878116j),(0.01686658637017154+0.004971937183878836j)
75,(2.122324840642203e-31-1.5014888166030923e-32j),(2.1322524869417723e-31-1.603938601378634e-32j),(-9.815526772359753e-41-5.039051961829592e-40j),(-3.1754085165434163e-40+2.325114359568636e-39j),(-1.252966242387724e-36-6.653903947825901e-36j),(-3.560323447334231e-14-2.446170609602561e-16j),(1.610871656273982e-30-1.0999119909881194e-29j),(-3.1221281308795097e-14+4.402100813139197e-16j),(2.993412593713468e-14+1.5560242708969187e-15j),(4.767292885751292e-19-6.624110338265896e-19j),(2.6215231445194525e-18-3.158389165777221e-18j),(0.00012781574294563035+1.579867264206386e-07j),(-0.002457229752784657-1.4254844322887e-05j),(-2.3588208948863286e-12+1.066270502092318e-13j),(-4.445662599420589e-12-1.0835717099749122e-12j),(-0.0021635110673997285+3.1900783130845616e-05j),(0.00011448503807551019-2.045034362124777e-06j),(-7.481844996474052e-06+2.1189063249290454e-06j),(-0.44809343914859645-0.0023314963061920047j),(-1.2060109732963564e-05+4.527752599264688e-06j),(-4.772289012437928e-10+2.620911013093822e-10j),(3.621743996031682e-08-1.6122402370759225e-08j),(-0.3954287838261938+0.006224417570173682j),(0.002349837143673389+6.398908716504078e-07j),(-9.385824898653826e-05+4.335818939004553e-06j),(2.1024302978536547e-08-7.615866283249411e-08j),(6.686906698942855e-10-4.502918528074438e-09j),(-4.779849870914904e-05+5.856143057014595e-06j),(3.5578981707758927e-09-1.3856669923474032e-09j),(-3.8297807442939126e-05+1.6154795090873788e-06j),(-2.1629767102455433e-12+7.232092795481362e-13j),(-8.269196928868855e-06-6.404457823973144e-06j),(-7.308937098143627e-13+2.7398667519526746e-13j),(2.1966941916984328e-08+2.138248885766401e-08j),(9.436244019738402e-06+9.673452757696879e-06j),(0.0009389281038415337+4.11721409759567e-05j),(0.011939167945286272+0.00010779182112192424j),(-5.182731026336265e-07+2.930339784359834e-07j),(0.4373294258256347-0.0014478977876087595j),(0.010496662062631362-1.787270859297807e-05j),(0.0011263928435663168-5.692517293740451e-05j),(-0.0047436392837443475-0.0010244589361821125j),(-0.03544755573959216+0.00012240201332298223j),(1.2275810675094378e-12-2.3712453279458395e-12j),(-0.03058888703801388+0.00029751305961314006j),(-0.002218867948803796-0.00017976695301934206j),(-0.007406346933056066-0.0010393972760451239j),(1.3631485471967678e-06-7.93579667975691e-06j),(0.060716115242340433+0.001621393207456981j),(0.029706655112299293+0.005450618863300418j),(-0.0007939341071891806+5.5929863430318284e-05j),(0.07550329958930446-0.013079940409315014j),(-1.2309883333027153e-06-1.3540430709895145e-06j),(0.014945162576127543-0.00014060157735386474j),(-4.2629224634541457e-07+4.5456008857513507e-07j),(-0.15705055629248732+0.003033612250519638j),(0.006162659170171935+0.00567558192017751j),(0.08388615178536568+0.0005168069369540611j),(1.0689940396807129e-06+9.40540637500086e-07j),(0.13637434421773076+0.007181445009870151j),(0.003110616245581298-0.002700829367039288j),(0.1006137936826139+0.013609552392360206j),(0.011174269329416536+0.002459936188699885j),(-0.00055954325804187-0.0031963266987822436j),(-0.004030494880139945-0.003398957312332875j),(-0.18235980915721572+0.02556762582493409j),(-0.006412835327747648-0.001401820293935797j),(0.00868596141922225+0.0038681945649112655j),(0.016945481684463314+0.005205292569277425j),(-0.002505174536536105+0.015548353086838195j),(-0.004060186958849185+0.00917161018571102j),(0.2919461510024728-0.002900050033507809j),(-0.2450989339753036-0.004230604491289154j),(-0.1979582310571136-0.003219902772470286j),(-0.13779640527140513-0.017250541482725493j),(0.07275408360476587-0.008762640408554893j),(-0.008650380762859044-0.005638168446412241j),(0.035122525453858036+0.005246556048859751j),(0.024192959628038878-0.0014655402711538281j),(-0.2500594975590802-0.02506490267697182j),(-0.014408185684218075-0.01570588541064708j),(0.015184236208223657-0.031707539108070726j),(-0.07182968531950214+0.014354621226872262j),(-0.050713076183175804+0.0035356268089274563j),(0.017420737875023823+0.003009403130396467j),(2.5143426480888484e-17-1.3592040356605238e-16j),(-0.12643062704707303+0.0014606471386666778j),(-0.07999167685622698+0.018422584126319193j),(0.02719042451797363-0.015116545254671166j),(0.10408113168052627-0.00670801200065151j),(0.03933712922531839+0.010848866292235897j),(-0.14007633917638454-0.03940343254712815j),(0.037096129318502+0.0016764370170345914j),(-0.004762128769103731-0.0007979332083624222j),(0.006124403742347864+0.005388587950558842j)
76,(6.717331445775134e-32-3.8594415914496656e-33j),(-3.2536516440047123e-31+1.9306381117819492e-32j),(-2.49123912389342e-41-1.356177259746849e-40j),(3.7631834787319153e-41+7.419322290973497e-40j),(-7.312403695519012e-37-1.5459165356634436e-36j),(-1.1257394426242584e-14-2.263318845293604e-16j),(9.106223580712553e-31-3.2594137640730574e-30j),(4.760792794787482e-14+8.062956010217797e-17j),(2.9097671701863374e-14+3.883777182714565e-16j),(1.5343466608639967e-19-2.0730158430366642e-19j),(8.417811751669926e-19-9.869578551252939e-19j),(4.0265008032850747e-05+6.144641378008489e-07j),(-0.0007764414626317024-1.488386581344046e-05j),(-7.877634544562071e-13+2.6880179937398763e-14j),(3.188595374530514e-12-2.7810311561872675e-13j),(0.003295690524300434+2.5036044863546887e-06j),(-0.0001724442874420208+3.6965124197277973e-07j),(-2.368586632878304e-06+6.381852490058014e-07j),(-0.14156423060379356-0.0025744742616273034j),(1.849799361581509e-05-6.611837704972292e-06j),(-2.1226929880648414e-10+8.884920458072366e-11j),(1.0652239220856833e-08-4.293598413281661e-09j),(0.6024146365761007+0j),(0.002184112885126848-4.6862682165228113e-05j),(-0.00010549878626578082-6.08124221411185e-06j),(-4.763097987477136e-08+1.5637217484065692e-07j),(2.5583560144941033e-09-1.2379498491402254e-09j),(-2.2656585318610428e-05-1.2760028936554108e-06j),(-5.347137174310309e-09+1.501493536533549e-09j),(6.16503223069171e-05-3.090524610984451e-07j),(-6.683238113069921e-13+1.9729068733379655e-13j),(-8.11944638564028e-06-6.2348807104176075e-06j),(1.178702698343338e-12-3.4606872704496857e-13j),(5.70963668654008e-09+9.093710502031832e-09j),(8.879749637889838e-06+8.416592178579778e-06j),(0.00031848000382399846+2.0233001030335205e-05j),(0.003803987494870293+2.917206490049779e-05j),(-2.434061698373642e-07+1.9556691236883435e-07j),(0.40672879735638795-0.00991856854645426j),(-0.01577582801718238-0.00013594477757814406j),(-0.001097694400227913-6.151613766575896e-05j),(-0.003543022492173001-0.0002941220421692884j),(-0.011231032703862704-5.2838212528653894e-05j),(-1.972776730571485e-12+2.6299099763517456e-12j),(0.04695147267108171+0.0002006743361529234j),(0.0009932297932794543+0.0001575484067699023j),(-0.007948803320672165-0.0005098581761145073j),(1.4791437573031846e-06+4.519132197147698e-06j),(-0.04351563087297463+0.0020682640685679j),(0.02776584751799252+0.0028702848521032723j),(-5.022477337119691e-05-0.00012906730734352405j),(0.0684496498927945-0.006982318227000066j),(-2.2696943119751858e-07+3.6523934810106e-07j),(0.002796944139053825-9.854093495356216e-06j),(2.247815091155604e-06-7.680904795351194e-07j),(0.013305425455139656-0.012663396550193752j),(-0.015659498100359447+0.0001832258817259547j),(-0.20563825228485905-0.0037951815681180646j),(-3.805698620493929e-06+6.567758372836577e-07j),(-0.11187071049138014-0.0194959904751191j),(0.0019951387646906077+0.0034623925317824227j),(0.06343458198581568+0.005635441033885127j),(0.007610145227173482+0.0010191876019871506j),(-0.0005366907666247094-0.002020710697154122j),(-0.0017071899421555593-0.0016561550330726283j),(-0.11263584635587397+0.01322188969579752j),(-0.0013859438908151956-0.0037676959395572165j),(-0.005700387060536403+0.0009058228415100345j),(-0.004998798084980867+0.00193537730978155j),(-0.0016959708261735256+0.0042374716021507455j),(0.006696850117470736-0.013540602942274885j),(0.29080293650516964+0.002199756022942617j),(-0.03817076237169328-0.0028359676687673696j),(0.31620878647332484+0.0007003085821294108j),(-0.17133390351718902+0.006547931553398938j),(-0.03372516659806563+0.0013232278479625523j),(-0.005390477217133266-0.0032691165660741904j),(0.01450497734922846-0.0009487278180253661j),(-0.04165848214808715-0.003036127404546637j),(0.2879603567573688+0.04006505669473337j),(-0.10888486546733746+0.012284925373625084j),(-0.04586824761357736+0.008315863594693801j),(-0.06975290621361344+0.012994576052850624j),(-0.03755431032142666+0.006000898654255555j),(0.014624042938420463+0.001462308474941624j),(-5.824250420718535e-16-2.906298291585378e-16j),(0.055983730130068236+0.020556908723164513j),(0.004723999467041986+0.006895107265780255j),(-0.09670311485376859-0.0026782450101539984j),(0.10731300314808077+0.0036294038512939197j),(-0.001743468079285684-0.01541245342419365j),(-0.09753862877905306-0.01630962702119259j),(-0.021421327208365783+0.004021367941296322j),(-0.07531066037476718+0.010987827536305415j),(0.0009802488210367826-0.006670751988196941j)
77,(2.5346334818059084e-33-1.9154974458798562e-34j),(-8.210968647234956e-34+7.902904739844455e-35j),(-1.1429826018909108e-42-5.711214201072482e-42j),(4.4596064495055816e-42+3.35832262875419e-41j),(-2.885043693045577e-38-8.013967824339169e-38j),(-4.287025299373589e-16-8.86389315151672e-19j),(7.385578499915055e-32-1.634033807692131e-31j),(1.2147938509713258e-16-4.258442798778193e-18j),(-4.446778555115076e-16+6.129408582151423e-17j),(1.8660137506933419e-19-2.618164584805964e-19j),(1.0282285323043976e-18-1.24941948149475e-18j),(4.846193082879516e-05-1.4499445369556777e-07j),(-0.0009687064968696411-1.551779090232133e-06j),(-1.6347022834892738e-12+6.900222764307322e-14j),(-1.1669459616447585e-12-1.0326523163858994e-12j),(0.00027425459861492513-9.968730419929954e-06j),(-1.333411699163209e-05+5.353886829584087e-07j),(-8.700452162675042e-06+2.4901222084268735e-06j),(-0.5175226998084353-0.0007432142247307122j),(4.495149961688387e-06-1.780011068044882e-06j),(-1.5609207886190503e-09+7.82389780507767e-10j),(1.2181029878607498e-07-5.431134060027294e-08j),(0.14675339597467799-0.005247784684560865j),(-0.0007376774625526788-6.134406205687582e-06j),(4.2725887012443214e-05-2.8884363273574135e-06j),(-8.849655254305154e-08+2.74000563442762e-07j),(9.00633997791041e-08+5.474463818495219e-08j),(-0.00038206415274811986-0.00018427909514449073j),(-1.2771675877596223e-08+1.6739297747301031e-09j),(5.561677361848891e-05+1.4644105384659841e-05j),(1.148492183160185e-11-5.768874536428418e-12j),(-1.2193707353431555e-05-9.059743311202077e-06j),(-1.510879131234824e-12+5.263205303366923e-13j),(-1.2605340920233147e-07-1.0838130118121917e-07j),(-7.236966588505611e-06-1.2977151500122231e-05j),(-0.012618091354076526-0.00014441749773726114j),(-0.07768055908017199+3.557169961952364e-05j),(1.7839053945151575e-06-9.1773910068586e-07j),(-0.3964794302779746-0.002834187761279583j),(0.021497573517173713-0.0009302246585168022j),(0.001689515271506168+0.000509763113298755j),(0.016789297406191568+0.0029600650176565234j),(0.08933180478290677-0.0012534280074442058j),(-3.33283501614221e-12+1.9964904993149228e-12j),(-0.02562567180535474+0.0010598369387802538j),(-0.005787800923706363-0.0006588768164569753j),(-0.06110736876282529+0.00033987816293988213j),(-2.2619550170057127e-06+3.900507514482629e-06j),(-0.022238538858876142-0.005342607012790158j),(0.06982727660084449-0.010093075629288524j),(0.000925050332854031+3.386671616523738e-05j),(-0.14446415700560017+0.017844448040520815j),(1.7933050758826203e-06+1.2409427977584708e-06j),(-0.02061236641192069+0.00023453300264565175j),(-2.5980020046284858e-06+5.654342584889429e-08j),(0.1815760165112994+0.012377874587707352j),(0.010616241502326419-0.007609628914125593j),(0.15094474254768545+0.005723157279783175j),(5.28136013389399e-06+5.9441102036177236e-08j),(-0.09755142645272978-0.001965408665366583j),(-0.004241644413087555+0.002288250117060998j),(0.046845144959656915-0.003062640645504711j),(-0.0023917246819691986+0.0010999382180360711j),(0.0003730501932075594+0.0001668468894269376j),(-0.0013160157191033886-0.0029670664352274647j),(-0.13007161702536488-0.0010630195851936003j),(0.005643102121640122-0.004057007406725144j),(-0.005652476599024998-0.0013678535991918602j),(-0.012826975555174671-0.006608898746488423j),(0.006260179330404354-0.015846048823212472j),(-0.003712367020582505+0.0029263382879153718j),(0.3173134768543626+0j),(0.2832435004882806+0j),(-0.13204624496935538-0.002583079718937082j),(0.37156998746245073+0j),(-0.041017254986654046+0.011939418890598559j),(-0.022556681636724474-0.004933287956268585j),(-0.027403084355735817-0.006479017919080746j),(0.005072395343005067+0.0021567840873568077j),(0.06708534805237071-0.004048825976534512j),(0.11747653373360531-0.0033472555769210183j),(0.02547495212203649+0.021131482658827014j),(-0.08847967638515314+0.016446423394365053j),(-0.03652120763953895+0.007217208853279556j),(0.055841786731026646-0.0011715719598763621j),(6.558954218139543e-16+7.674668392589733e-16j),(0.05780521219346612-0.025030950713170165j),(-0.035834155277419046+0.0030046497013053296j),(0.06544565764403554+0.009618210218532906j),(0.13926287294737735+0.0035746447396260974j),(-0.022457858543037206+0.006645575861197311j),(-0.1115760421779912-0.03134041164173981j),(-0.0029061540970386295-0.0019694380049352376j),(0.07096021550321757-0.012194443128313838j),(0.018387938304978268+0.005148375071417611j)
78,(-1.997865216434388e-33+1.407856162956194e-34j),(-2.0052091269889778e-33+1.5034496949894909e-34j),(2.2286165471348354e-42+6.071010554273467e-42j),(-6.773540626669784e-42-2.986607269073183e-41j),(5.205806037487674e-38+8.588946604953918e-38j),(3.3778006325287467e-16+2.4140239476156857e-18j),(-6.380392867203722e-32+1.858404086573261e-31j),(2.959655304528623e-16-4.1055537784152996e-18j),(-2.291921924485617e-16-4.516225402034987e-17j),(-1.4810102440839434e-19+2.0557664707591232e-19j),(-8.152803873537054e-19+9.804831639940573e-19j),(-3.821183921319464e-05-7.471887867134093e-08j),(0.0007633701456189656+5.102090360609233e-06j),(1.2761360370012206e-12-4.628238603222982e-14j),(2.688542134061376e-12+8.424849108447652e-13j),(0.0006710078219998293-9.270953455594558e-06j),(-3.426561137771345e-05+5.784455796253624e-07j),(6.868500260956112e-06-1.92737111753329e-06j),(0.40784062560220713+0.002696456517037968j),(1.1016396540291532e-05-4.106726811513841e-06j),(1.186109616474658e-09-6.087183920999907e-10j),(-9.873919721258986e-08+4.3670929980320386e-08j),(0.3589390718749811-0.005140154961826862j),(-0.0007181903697789864-3.606167968674335e-06j),(1.4038659374147363e-05-1.6714126337521299e-06j),(-2.9951489033990084e-08+1.461049307255693e-07j),(-6.234350625511002e-08-4.268274205546245e-08j),(0.0002897116022233026+0.0001437804144818995j),(-2.571676736153262e-08-6.52210560491347e-09j),(0.00010962145988431409+2.169253470639289e-05j),(-9.193533268817884e-12+4.5037047944589395e-12j),(1.1986533532598889e-05+1.3296549377809667e-05j),(-3.1533274252554243e-12+1.52779200949617e-12j),(1.0436655893509977e-07+8.034760649748982e-08j),(-8.484297529074893e-06-4.305084154177434e-06j),(0.010128868416607885+0.00013626425004874046j),(0.06077524571369512+0.00047237778383463387j),(-1.3951186707430077e-06+6.018943830438714e-07j),(-0.38880096556570615-0.0014381911006791648j),(0.05428282531783954-0.0006964728785013655j),(0.01016712283165024-0.000503467194271085j),(-0.011138795087818123-0.0025991889194518936j),(-0.07042143884831288+0.0005874890869726687j),(-4.442306414559811e-13-2.1370585771715173e-12j),(-0.061276605316020846+0.0008927336003565277j),(-0.010253459003183656-0.0006947927571430073j),(-0.05393344719664319-0.0007102003741948013j),(2.2853732749536913e-06-1.0940222021404981e-05j),(0.08221748132957502+0.0014670748777129462j),(0.06473171699584632+0.00555681832596187j),(-0.0009920787343625586+5.765825385684666e-05j),(0.09655323294794461-0.018450845502742015j),(-1.427834076323234e-06-1.610581799654469e-06j),(0.017945790679430234-0.00024493693065974834j),(-6.048643230904866e-07+5.222798971268809e-07j),(-0.18445564640728535+0.00399099828742118j),(0.007756712288824001+0.006619989349199843j),(0.10464880287217758+0.0008646676664128012j),(1.5221147859806219e-06+1.1578082558593091e-06j),(0.15029887762429117+0.00840486530581756j),(0.003638182504429132-0.002901134366146578j),(0.12511753481763066+0.014529758202353936j),(0.013071014872223403+0.0026987257849732183j),(-0.0006829607449048056-0.0037345008597358966j),(-0.004733092969220091-0.0040090551422503565j),(-0.21670378633389192+0.031638148448693344j),(-0.00711307052522379-0.0018616014283599738j),(0.00935605940768391+0.004326595493321009j),(0.01817709737558315+0.0055123837249347885j),(-0.0028004568884084035+0.01658635468028238j),(-0.004561757102841884+0.00967489063725015j),(0.3101572373579232-0.005832486889546337j),(-0.2514215379165157-0.003831815727562495j),(-0.20444125310244182-0.002900634827673436j),(-0.14332500030300588-0.018742079939837963j),(0.07745339031416679-0.009297655598476392j),(-0.009650938604533244-0.0058750631033466505j),(0.03661044625384486+0.005168397312138494j),(0.02491158645156908-0.0015634558933048j),(-0.26344587088437743-0.02660625126779459j),(-0.014712818056936515-0.016726181196009438j),(0.016072054493071496-0.033491800744604415j),(-0.0789944274944315+0.01701628637958229j),(-0.054857107979068925+0.004679966367536606j),(0.019784882583049983+0.0027454441589730063j),(4.06698471142848e-17-1.1841895237481613e-16j),(-0.13381385397672652+0.0017190709944313182j),(-0.08579331993616214+0.020629433755622806j),(0.028924974727512202-0.01610279876463973j),(0.11559853652110852-0.008813601872247771j),(0.04171844248934183+0.01137223925005134j),(-0.1544627090844869-0.04118848456077149j),(0.03925761702257161+0.001651292172726835j),(-0.004775883554107267-0.0008525364495237829j),(0.007161800018203519+0.005637560012829595j)
79,(-6.32272936161799e-34+3.615151019000115e-35j),(3.060226867893761e-33-1.8070432582196137e-34j),(9.192280357702243e-43+1.7822881026223402e-42j),(-2.998544502669365e-42-1.056319186209197e-41j),(2.0421939985749451e-38+2.9048659476497703e-38j),(1.0679095644931878e-16+2.1765170850663598e-18j),(-1.257106935718538e-32+4.3901251456586144e-32j),(-4.513901870633652e-16-8.8718697453216e-19j),(-2.4853489295804664e-16-2.0332599420834855e-17j),(-4.765964056789576e-20+6.433491218081371e-20j),(-2.617616202175913e-19+3.063836983224985e-19j),(-1.2044615703159728e-05-1.9092224747424683e-07j),(0.00024120322111493672+4.825255166982089e-06j),(4.2092102555742686e-13-1.0854388545549808e-14j),(-1.6192574600543531e-12+1.9657854263739732e-13j),(-0.0010221253880006967-1.665331568606967e-06j),(5.1463594148582064e-05-7.462664392121808e-08j),(2.1753762965140414e-06-5.802765804662909e-07j),(0.1288452077533638+0.002525208519089644j),(-1.6905389154299854e-05+5.994731013948824e-06j),(4.5899626238973953e-10-1.9515146729059547e-10j),(-2.91953253089846e-08+1.1853323572303567e-08j),(-0.5468138558355311-0.0007782546128859702j),(-0.0006667206903512328+1.1848730861180995e-05j),(3.5768167557345115e-05+5.911697717986463e-06j),(1.4347452477498726e-07-4.5735555259643123e-07j),(-3.147280733781655e-08-1.6762457191322745e-08j),(0.00010787951447969022+5.582597980416073e-05j),(4.1696285852306223e-08+6.523204810804513e-09j),(-0.00017843315157552674-4.4345801735767486e-05j),(-2.860681712297345e-12+1.5109899074994514e-12j),(8.614948432718334e-06+8.70089187836585e-06j),(5.132583030288794e-12-2.085385576017944e-12j),(3.1449562179501223e-08+2.409949931670698e-08j),(-8.32923064674357e-06-5.785960097827806e-06j),(0.002934282894556061+0.00011113456962739285j),(0.019745657666222608+0.0003307624640550627j),(-8.881570213637328e-07+4.979264928204188e-07j),(-0.3616555970553811+0.0062771947748578305j),(-0.0818807906719381-3.744718819558707e-05j),(-0.012732325302235092-0.0003250096619175939j),(-0.010147968559972917-0.0013021759146475595j),(-0.022365397303341503+8.1804815282519e-05j),(-5.990648717918979e-12+5.708297623958188e-12j),(0.09407522264190057+7.399656054982639e-05j),(-0.004340347830644088+0.0003869546820350618j),(-0.051700581352237596+0.000796534606793551j),(2.158208862872206e-06+6.182562480476381e-06j),(-0.059978387206229423+0.0027447440625459167j),(0.06032265986392827+0.0019921660447388793j),(-6.39035587385578e-05-0.0001682518477779392j),(0.09071240123315229-0.010670803702511736j),(-2.5043511874280325e-07+4.6330986295546763e-07j),(0.0032711785954893957-4.7042191818137886e-05j),(2.560518642334736e-06-9.258038439331085e-07j),(0.01948437116110779-0.01522546193279809j),(-0.018927065932098596+0.0001375934013051771j),(-0.2419682579936555-0.004055202510380881j),(-4.151204822323928e-06+8.602647078755248e-07j),(-0.13432405868011402-0.02288668277541569j),(0.002423355356055295+0.004171565592455229j),(0.08296983704288552+0.00538035111848861j),(0.009156426704308506+0.0011123997985249415j),(-0.0006631332063681295-0.0024410971242769842j),(-0.00219667374510239-0.0020787881668371147j),(-0.13960369375230117+0.018534585266263597j),(-0.001690459420335451-0.004426154221779131j),(-0.006279634666737054+0.0011546178492504093j),(-0.005428385360774708+0.0021070527135768017j),(-0.0018046243695089134+0.004593929364980779j),(0.0073486080910082855-0.014358697214416032j),(0.30822708646656827-0.0006081477096110399j),(-0.03898584849682346-0.002880340984252323j),(0.3251013629137078+0j),(-0.18160168554276845+0.0067926362501368395j),(-0.03616424096369861+0.0016119507588478119j),(-0.006198012904144223-0.00341523239164419j),(0.015299292089008256-0.0011702870940725543j),(-0.04337208402265785-0.0029936323542093628j),(0.3105019364385186+0.041633986548146575j),(-0.11560160960604038+0.013233130725272352j),(-0.048701156456649033+0.008892083531700016j),(-0.07649519113872001+0.01553798676744566j),(-0.041025052558638225+0.007186051389459538j),(0.016684410819672237+0.0011443357954829085j),(-4.731875350797707e-16-3.770534844209636e-16j),(0.05910248076062084+0.021626598512530938j),(0.0029753966483952593+0.00832123020965143j),(-0.10206892934865315-0.0026473537935096172j),(0.11844591874488773+0.001943025602294624j),(-0.001551652108425386-0.016286337815195662j),(-0.1094071551556461-0.016928176639896722j),(-0.02221241906187594+0.004278839474214707j),(-0.0790994270465743+0.01177693252931121j),(0.001629412059843334-0.0070812204395304295j)
80,(-3.438470416502122e-18+2.670445270593327e-19j),(1.119461887135201e-18-1.1061281206303482e-19j),(3.352344019701119e-27+9.65228806957293e-27j),(-1.0907329458519051e-26-5.1176849733449775e-26j),(9.197223954306657e-23+1.308235307973292e-22j),(0.5464154989668657+0j),(-1.0093276740978618e-17+1.7282329571458567e-16j),(-0.1552428260808694+0.0058170084475664165j),(0.42616596748280733+0j),(-5.0584954433182635e-17-6.781274284872116e-18j),(2.0635023170998637e-17-3.552683289963502e-17j),(1.0780697774729365e-05-1.0738137020124316e-07j),(-0.00019068483411926988+1.18892109083795e-06j),(5.817179556887042e-08-4.624365973933802e-09j),(-2.163329554936521e-09+6.200636522880699e-09j),(5.638769865214185e-05-2.3325865721721826e-06j),(-3.156066363321062e-06+1.349642291465235e-07j),(-0.0013321723729743035+0.0002211312050104964j),(2.1803477108626693e-05-7.268824590308182e-07j),(0.0005750695043328647-0.00011892034992461807j),(-2.9073128566181174e-06+1.5573429356942162e-06j),(0.00019958001581966042-9.119874261652695e-05j),(-7.259112053994788e-06+5.581799283464535e-07j),(-0.00026441974750729353+5.738780337883977e-05j),(1.3001817024391757e-05-2.5774087025037785e-06j),(-7.816444277149504e-05+0.0003096389012937633j),(3.09725256775134e-05-1.038758030441679e-06j),(-0.30711362820611676-0.001669815978624034j),(-7.110898754572698e-06+2.2309334476335027e-06j),(0.08108265122961388-0.0037418571406707237j),(-3.543051574858807e-10+7.599309309869143e-11j),(-0.22661075888708693-0.00169862067729485j),(5.396449591917957e-11+4.811278553061e-12j),(9.520797995557492e-06-8.932510382575946e-07j),(0.002835329449612038+0.0011886065957089928j),(0.0003251369250676643+0.00040118377878394515j),(-7.884397307904263e-05+0.0012276908192154744j),(-9.516214287897485e-05-9.146147709820182e-06j),(2.284499369857668e-06-1.106132051257623e-05j),(0.0006696510914587818-0.00010901270373839082j),(2.08542153119093e-05-1.3618502726646815e-05j),(-0.037257728649091874+0.006367780672663096j),(-0.0007525386080300459+0.0017605857770575594j),(1.123548350642446e-10-8.930257820944338e-11j),(0.0001389775074543384-8.69784222923016e-05j),(0.0006536337639536274-4.120822526496483e-05j),(0.004186820835207939-0.0007167993451651948j),(5.123538356096528e-05-1.529050046188893e-05j),(0.013405179287638874+0.0029771324811547354j),(-0.0011591417699735403+0.004184163389998764j),(0.0007977655574533337-0.00032462582996911377j),(0.06481428690337723-0.005692268937226425j),(1.6736506247682242e-06+7.073970491951288e-07j),(-0.023480557595948245+0.001508917862886912j),(1.2737047922314731e-06+1.3061793007278118e-06j),(0.09453521187029806-0.005786877212118291j),(0.00788839093102758-0.004651368651125892j),(0.0519542642456929-0.009038442176823232j),(-1.2777583305425218e-05-4.247815135223888e-06j),(-0.0035174231702277854+0.005368696644506342j),(-0.037429437441774564-0.0005315901057178299j),(-0.21917094222965433+0.004899691679839124j),(0.014580754341713794+0.0059470035019724725j),(-0.0010715752065081506-0.0037276351584383605j),(-0.003506630743163288-0.002409910322750431j),(-0.171141351772934+0.012818148649280804j),(-0.01300892953084053-0.0021714252371192004j),(0.004920017724305508+0.005656125810428087j),(0.016798916412391403+0.003054772391510875j),(-0.017951901264135487+0.045964714060663006j),(0.006229070334870036-0.011479395356017504j),(0.049587824597577136+0.0161318476724183j),(0.1367546847598831+0.010136276918341708j),(-0.05362599928398553-0.004408544499100304j),(0.021946888422194596-0.012557437200935488j),(0.09008380917034446-0.009034985134001573j),(0.030557052345135574+0.00357632997042136j),(-0.0016282163436049232+0.0028231001453520315j),(0.0008585270492516872-0.00025082603532162583j),(-0.007305292421059892-0.009270060365154308j),(-0.24150878671962378-0.011786698336841123j),(-0.03792826768910925-0.053036508884313466j),(0.15808530224574813-0.025529287738104235j),(0.08565630069468397-0.017354352584770492j),(-0.08342943471754488+0.005079065903359482j),(-1.2473332455670802e-16+2.6461490299733537e-16j),(-0.15097719732216244+0.03628532527521582j),(0.04237625372251829+0.05168345151229973j),(-0.11032817595975157-0.015751316653671958j),(-0.19440288178951187-0.025160171747325134j),(0.039607107406021545-0.0022365504866086643j),(-0.12331510828734626+0.04782372252517363j),(-0.0085868131219846+0.002553239793118646j),(-0.1076865510455172+0.022474297299134673j),(-0.06963074856135049-0.013523280433631294j)
81,(2.710777065874306e-18-1.9670131095048162e-19j),(2.7427659278772183e-18-2.1095926342486063e-19j),(-1.6913504168588016e-27-6.03773853262762e-27j),(6.0899513922307185e-27+3.575648530425684e-26j),(-4.315670334227378e-23-8.614579830884878e-23j),(-0.4306008741115029-0.0021854352325888227j),(5.77172570048847e-17-1.9759318300630162e-16j),(-0.3797558260270047+0.005955221209240913j),(0.41792057160794327-0.0013757340711630373j),(6.876016127628443e-17-1.3559163764774357e-16j),(-6.27250811523306e-17+1.1592598391754839e-16j),(-8.306412149449767e-06+6.463650352384937e-08j),(0.00014665083017934163-5.797611106073757e-07j),(-4.577244213668605e-08+3.3415240172264803e-09j),(-6.570899271223916e-08-2.168392952269706e-09j),(0.00012933035743774312-3.3953601927048425e-06j),(-7.4136217878843185e-06+2.1355072158692398e-07j),(0.0010601862690004858-0.00017033283434551733j),(-1.6299129727962406e-05+5.654306120626921e-07j),(0.0013671412019813077-0.0002526844849751671j),(2.2882232750851838e-06-1.234231361476975e-06j),(-0.0001725747552620985+7.806786682453118e-05j),(-1.519043325254823e-05+1.128219447644659e-06j),(-0.00016547663799141974+2.466926590001824e-05j),(7.982049571614397e-06-7.92434422743351e-07j),(-0.00012663309049353705+0.00043131977389513943j),(-1.842086147837641e-05-1.4455699284300966e-07j),(0.23549482983071074+0.0005915921143878622j),(-2.3217366234439424e-05+2.5077734969009817e-06j),(0.21456451489794212-0.0013395600224406778j),(3.42078942962584e-10+1.214627562741257e-10j),(-0.22428678525486348-0.0021173710648130367j),(1.4870288104888468e-10+2.0931360025757e-11j),(3.914523613156886e-06-3.6257643538821656e-06j),(0.002810553640942095+0.0011604318444650675j),(-0.00022137136363421325-0.00025947452795448204j),(4.285272343391416e-05-0.0007650244999454775j),(-3.389280885629373e-05-1.2322420112699001e-05j),(1.3145785304662003e-06-2.039087904121903e-06j),(0.0006184852758274741-0.00022178329162553j),(3.8547759859957e-05-6.508630885767437e-05j),(0.015243834575356219-0.003255321103264029j),(0.00016732556312852825-0.0007234807417398918j),(-2.562088926244644e-10+1.2114812314668867e-10j),(-0.0004396199392907062+9.72990272383234e-05j),(-0.0005536610931113656-1.4360109374399015e-05j),(-0.005532957742677039+0.001021614017838725j),(-4.63092921237569e-05+2.5511626759992234e-05j),(-0.11537378789900228+0.0013665216783788903j),(-8.524938747242689e-05-0.0037296802645116244j),(-0.0013215860781456076+0.00040785052944570176j),(-0.048103541602797395+0.0030932657860677504j),(-6.966091643839412e-08-1.741104871703974e-06j),(0.019946478726184567-0.0007730606025073297j),(6.243404862770943e-07-2.1918036308522899e-07j),(-0.12958458328107747+0.0027952312788697004j),(0.013023553016187073+0.003868303473424455j),(0.01739152344830126+0.002516528929245203j),(2.2880526160225944e-06-7.776756340190071e-08j),(0.059016990196139714+0.0031378343217074185j),(-0.022398210609290738-0.0001519312836008044j),(-0.009834002232204925+0.007333910507422069j),(-0.010042564827484873-7.251940365386646e-05j),(0.0008158895825649856+0.002346074098683754j),(0.0010864504143926553-0.0014762674386926123j),(-0.08239082480870683+0.00737595276769871j),(0.01604809899833656-0.010731673445700316j),(-0.030270958133626145-0.0052740015814056705j),(-0.0492444905402411-0.004955289971414152j),(0.022951205907839136-0.04064039992871718j),(0.019685450737877155-0.030222004435214223j),(0.052268027878643174+0.013966066983886237j),(-0.12709378921236927-0.009579972974406312j),(-0.08499125121288421-0.00654312137062617j),(0.022176909136446855+0.0024948264148706924j),(-0.15141896064289098+0.014354476166069094j),(0.026713766071509545+0.005191192897824705j),(-0.027640027637038194+0.0051528383756632105j),(-0.010850689341762108+0.0034521766001143536j),(0.0136723021057169+0.013164106909302848j),(0.08451334806692923+0.042576417822443056j),(-0.033227607891559124+0.08064902827931106j),(0.14777234597685615-0.023431440404433027j),(0.1016076190507031-0.015275914306764574j),(-0.05760286457224813+0.0001674152318545119j),(-7.856594166810421e-16-4.636202455445523e-16j),(0.3236376650723771+0j),(0.11654530708065015+0.038647009619931415j),(-0.055150989188133055+0.04042879450238161j),(-0.1568655546304031-0.014451691662096727j),(-0.10138500628529501-0.022000200873688668j),(-0.13543983063434764+0.0568524233686097j),(-0.09731608192277226-0.004457718125544637j),(0.010711811395524167+0.0013531235081030513j),(-0.07065943176555553-0.02004700623568959j)
82,(8.573278171080916e-19-5.077261061857524e-20j),(-4.182059920301557e-18+2.557130941352619e-19j),(-6.386825191650746e-28-2.6175351366697196e-27j),(3.801220566997848e-27+1.4066974863835566e-26j),(-1.526532869414954e-23-2.7427311723988547e-23j),(-0.1360515427669554-0.0024961899077055386j),(1.7713045531056252e-17-9.437148449513008e-17j),(0.5785242565591163+0j),(0.38867652647601325-0.009490140639034111j),(-9.395430212530593e-17+5.0641620003389945e-17j),(-1.915884271147975e-17+1.421900227374257e-17j),(-2.665135813512149e-06-1.3841587979316633e-08j),(4.730885874119052e-05+3.856738450735007e-07j),(-1.4695133909720396e-08+9.453552054851486e-10j),(7.287478889003944e-08-2.9976054233080336e-09j),(-0.00019924661441893027+2.0445823495505224e-06j),(1.1342997858969278e-05-1.4003769606771974e-07j),(0.0003256411297124309-4.7446187353070035e-05j),(-5.411986618045154e-06+1.3232944499825508e-07j),(-0.002101601713658258+0.0003560480697138887j),(8.01414507934931e-07-3.1489431811122414e-07j),(-3.4540581172193816e-05+1.4746695763928536e-05j),(2.3862858611296048e-05-1.3545948562857242e-06j),(-0.00015840709157367055+2.785750406531471e-05j),(7.797465059771661e-06-1.1795045928756212e-06j),(0.00023954592338788522-0.0007944734246906983j),(-1.4514798440017041e-05+1.189409264201508e-06j),(0.08041038605357871+0.0022918005214497966j),(3.26522418765222e-05-4.358122830130897e-06j),(-0.3184665163211165-0.0010826714893683899j),(9.703277201305297e-11+9.286209147534417e-11j),(-0.20886157373694583+0.002455326450951638j),(-1.970060690899981e-10-2.418041079932582e-11j),(5.559610622377999e-06-2.6262034929562527e-06j),(0.0026191643678997747+0.0010275381699716448j),(-7.711201616469774e-05-9.357676879622159e-05j),(1.992077233920973e-05-0.00030823893042952825j),(-7.91557389510731e-05-1.0306124129607122e-05j),(1.2017208028997725e-06-2.398634730328881e-06j),(-0.00125137227303436+0.0003364028941751464j),(-6.142410769513504e-05+8.097190535418306e-05j),(0.01018321340891344-0.002615708851747805j),(0.00018625342392194322-0.0005186467155242477j),(2.9104076051578683e-12-3.468067905782632e-11j),(0.00040862362212434216-2.4345737449350336e-05j),(-0.0005323925571896752+0.00010301492444579055j),(-0.0038420559601740423+0.0005364425653892951j),(-1.6349133427941132e-05-7.734104410121729e-06j),(0.09898907575803295-0.006083833734408562j),(0.0045750405263013175-0.005310167351190791j),(0.00026610682188256364+7.481753363593607e-05j),(-0.09092283621039851+0.0001702912888236624j),(-9.342630632587851e-07+1.861782626767747e-07j),(0.006538708016364706-0.00012970952249456475j),(-6.377481014660953e-07-4.429429655373512e-07j),(-0.04324483568639112-0.004874099226013534j),(-0.02459247273348109+0.003328456516982629j),(-0.12737888210537138+0.0002913621445930943j),(4.225220997139254e-06+1.243047873374264e-06j),(-0.039293251961088994-0.00915194664695955j),(-0.02031165653422203+0.0026711505604027153j),(-0.018636472811862977+0.006475369724841639j),(-0.011201830433088821+0.002099882045623273j),(0.0015692706887444829+0.0020620501014391385j),(-0.0021346977220149683-0.0030117263313861877j),(-0.06576093737115313+0.007996968259437931j),(0.0046183810121296544+0.0028481890371380696j),(0.018972722103802693+1.1007987124065158e-05j),(0.021685197790212416+0.0005777430096486486j),(0.007122063023577336-0.012223672045663785j),(-0.030720552353827993+0.04653744951440945j),(0.05725689000511749+0.01715963259309137j),(-0.022986455789698552-0.0022021299922766104j),(0.15001806677202378+0.010162712989355465j),(-0.013020987774428781+0.0053152753187820125j),(0.002541115526105678-0.005833468265434191j),(0.022443725589249522+0.0037480694731032885j),(-0.01714916988173951+0.006046829564154843j),(0.03253090720280065-0.0034924599023226192j),(0.04264149459661155-0.0061051345709291546j),(0.22901836228077382-0.035255358906824186j),(0.12231969973910344-0.030762734213359896j),(0.14570864527667474-0.02595159487757078j),(0.08507087114616341-0.01870542863363015j),(-0.05039657434043623+0.0023510759551737086j),(9.674603583494995e-16+6.039487222902066e-16j),(-0.18562246228516835-0.06744300379091563j),(-0.02066140217145367+0.04163274049305621j),(0.23262003524721875+0.008234794030488823j),(-0.17926720214532071-0.023619551105495427j),(0.00553822534506657+0.04573714956812141j),(-0.1000905872452329+0.034564805817698926j),(0.03476725050811922-0.007130127802933379j),(0.1527774075518368-0.023988233345693555j),(-0.038855961359025755+0.012813365362571915j)
83,(-2.8577917260911856e-22+4.392417874811485e-23j),(1.1014924694039649e-22-1.763506847811785e-23j),(3.0382830412023314e-31+6.37193677078301e-31j),(-8.415180032582013e-31-3.554137943295224e-30j),(2.7835603460677798e-27+6.051764163544558e-27j),(4.675222276806706e-05-3.513040376257361e-06j),(-5.92023646381684e-21+2.576009170888458e-20j),(-1.570305497780257e-05+1.5401384375692435e-06j),(9.429615407856465e-05-1.5336371962938542e-05j),(-6.478602448261384e-20+9.477301035680811e-20j),(9.950960009990743e-21-1.46173770296826e-20j),(-2.1797545173727425e-08+1.938213343992223e-09j),(3.985813378518322e-07-3.3918917834823885e-08j),(-2.0500716859951315e-10+3.147805682308975e-11j),(8.110584028227622e-12-2.65464881424585e-11j),(-1.4052300707261742e-07+1.4837997877151155e-08j),(7.60877202466325e-09-8.144169198977444e-10j),(6.380125114860721e-06-1.5835182376899883e-06j),(-9.906402670242089e-08+1.1461588621676853e-08j),(-3.2853674725628573e-06+9.017149525708013e-07j),(2.053851892262582e-08-1.3141403638586362e-08j),(-1.4742669365943125e-06+8.258693077989091e-07j),(3.958025493744406e-08-5.746070354005866e-09j),(1.4935790429655718e-06-6.374032883919235e-07j),(-7.098713015564349e-08+2.87125604257991e-08j),(5.30907938672389e-07-2.9064292594682997e-06j),(-3.414874138272288e-07+1.4391064988202191e-08j),(0.0029011910598762537+1.8875912780380805e-05j),(8.09889389533911e-08-2.6231336860401125e-08j),(-0.0007660865051567452+3.467871370477295e-05j),(5.1196825600428476e-12-1.317324030590456e-12j),(0.0021958385953256684+3.6100347031324314e-06j),(-9.454921995139148e-13-4.5799476872336864e-14j),(-1.344300257679985e-07+2.5740981448978975e-08j),(-4.058260226498658e-05-9.038003985158636e-06j),(-4.701192507312035e-06-4.4931580822481525e-06j),(-3.080030064282001e-06-1.7004589715018634e-05j),(2.0660529182331184e-06-1.9685875087152914e-07j),(1.7510635175165014e-08+1.5049528276423062e-07j),(-9.96162334741786e-06+2.6670158609896326e-06j),(-2.070226495108691e-07+2.384580566804501e-07j),(0.0008355079868587333-0.00028786944771044587j),(1.407015373753457e-05-4.4918209198739074e-05j),(-4.371296573175176e-12+5.646880239531619e-12j),(-4.25022515482312e-06+3.098154151421962e-06j),(-2.5913915901628843e-05+8.315564046611551e-06j),(-0.0002146010306393235+0.00010697880118706002j),(-4.748244394635298e-06+3.214199028965022e-06j),(-0.002261435651262267-0.000156238376621168j),(-0.0002593175405747933-0.000876113095426621j),(-0.00018246122026509208+0.00032388902356628705j),(-0.0179243205998564+0.006680129347545029j),(5.536979723099204e-07+9.269343931451198e-07j),(0.6540755650493297+0j),(-5.9167757068135386e-08-6.732541557553326e-08j),(0.0602959196734207-0.014457342002187509j),(-0.18527172385913515+0.005660160099505889j),(0.02622535927511647-0.0065111171239383j),(-5.010425004267107e-06+7.887320527627299e-06j),(-0.0022242120990876866+0.015866903557384994j),(0.5651694776409907+0j),(-0.0371056927229708+0.0031853789957097117j),(0.0002220520435885413-0.0006564273228160229j),(-0.00023065862493319418+0.00012797995836669965j),(-0.00023225909252887853-0.00014807642719519835j),(-0.017220302657418245+0.008100572818197569j),(0.0002656886989055576+0.0011206382753599525j),(3.317929676659252e-05-0.0008093019103807186j),(0.00047808578546772976-0.003274135860429688j),(0.3892580508149792+0.09218499956957707j),(-0.10978568726876245-0.035197296265236426j),(0.006784364413782283+0.002401571550393249j),(0.01705224623648329-0.002307111282999738j),(-0.006612618710780604+0.0007406407581964819j),(1.651719977944447e-05-0.002656336673566849j),(0.006925974067372229-0.021351878265706087j),(0.004988451299596387+0.0005144737295678695j),(-0.000883707181577454+3.223372566315343e-05j),(0.0004041872728442468+0.00019068767773173037j),(-0.0033834786389582384+0.0025630236889458554j),(-0.04002071195842508+0.03690721194668013j),(-0.017689484532555887-0.0014895465112212288j),(0.0340605029318321-0.004036243243444117j),(0.017304550241289518-0.002563545093235263j),(-0.014906241612497843+0.0012820999656407202j),(-1.2402144240860776e-16+1.9964250877277645e-16j),(-0.017126858986366587+0.02964907323601538j),(0.012595927826217629+0.014937741895164546j),(-0.0306942539679274-0.0024014559910155234j),(-0.04452920089770521-0.008268567950474929j),(0.016334552787367514-0.017247448866170054j),(-0.0388531896609539+0.008377417259929982j),(-0.011219305480111026-0.0031065431277266095j),(-0.008139387518806815+0.013600909449875928j),(0.1667772516023441+0.02183535907082202j)
84,(2.253848820929804e-22-3.347206367404084e-23j),(2.7026453814699092e-22-3.726919800124608e-23j),(-2.5329323364894567e-31-5.392112971361949e-31j),(9.567664868581662e-31+3.3942278951756646e-30j),(-3.876371742282987e-27-7.489962732250506e-27j),(-3.685697223229454e-05+2.5814394161860154e-06j),(6.469106259352406e-21-1.9334105732450723e-20j),(-3.846366537012687e-05+2.928586171176848e-06j),(9.242194331558863e-05-1.5343969838859712e-05j),(3.317694399152636e-20-8.154189293577174e-20j),(-1.5872297082370272e-20+5.759979702152145e-21j),(1.6832287706530322e-08-1.4577834866626082e-09j),(-3.0722755435555584e-07+2.540250757152282e-08j),(1.6140046457998646e-10-2.3713395229428307e-11j),(2.7748891012559424e-10-6.051294041225446e-12j),(-3.225603891971956e-07+2.9166518483736583e-08j),(1.7891317826818516e-08-1.6642796538524294e-09j),(-5.080318224637256e-06+1.2328016557255467e-06j),(7.418395371710098e-08-8.66536585265291e-09j),(-7.822710822996703e-06+1.969450106746043e-06j),(-1.6167713728825685e-08+1.040319877455521e-08j),(1.275131357957964e-06-7.078681985570608e-07j),(8.279617180895461e-08-1.1808812611658321e-08j),(9.312260656099859e-07-3.2757798102096005e-07j),(-4.3616060304064987e-08+1.2860094537120924e-08j),(9.021278694764256e-07-4.05061519492983e-06j),(2.0363586747847237e-07-1.4217502665668445e-10j),(-0.0022248457714947115-8.264892655209313e-06j),(2.6561316761866625e-07-3.057667865994348e-08j),(-0.0020286181678184144+1.0129139668678774e-05j),(-5.054961862666064e-12-1.4923319088055223e-12j),(0.002173026658179209+7.943471195669561e-06j),(-2.6272840725839767e-12-2.676724058857056e-13j),(-4.913255007125703e-08+5.692769922006672e-08j),(-4.0188697426419366e-05-8.718631370788484e-06j),(3.144811727336779e-06+2.895584394403741e-06j),(1.6599125093364757e-06+1.058449884918689e-05j),(7.21245880526876e-07+1.5041132786723445e-07j),(-2.0990855475930825e-09+2.7761005384832305e-08j),(-8.75017058052975e-06+4.320028045514488e-06j),(-2.6262561463708634e-07+9.563581921762763e-07j),(-0.00036277175127421955+0.00014005710850339284j),(-2.8911047370542616e-06+1.941194068650503e-05j),(9.72437808383407e-12-8.23798653633286e-12j),(1.3563304745629976e-05-4.219366546954016e-06j),(2.1343339852204046e-05-4.49916753215701e-06j),(0.000252088394525429-0.00011996302414058691j),(3.852429535262052e-06-3.734869327255349e-06j),(0.01176584380201732-0.0013392935878226877j),(0.00032349030982702635+0.0005214391986379324j),(0.00026341209103315154-0.00033418444897421773j),(0.010916504931530268-0.003785786563537402j),(1.1679427769710725e-07+1.9748511854539335e-07j),(-0.5153689099067669-0.00253017795946448j),(-1.8817919672905696e-07-2.2163299460340463e-07j),(-0.040976308310060675-0.011223017962645654j),(-0.4610644461961172+0.010592234203571065j),(0.030921079774477205-0.0028031204012228333j),(-3.5282297913916296e-06+7.284960624268397e-06j),(0.004632567123151824+0.013407814874140979j),(0.5580552237978417-0.0011993977817826226j),(-0.030070488300523095-0.0062705131951397795j),(-0.0005519509454306026+0.0012785981586165929j),(0.0002378939829480383-2.3018787516290923e-05j),(-0.00016950703370848666-0.0006453018265818957j),(-0.01922515136771268-0.0016851124462271263j),(-0.0002812317157454092-0.0024634945812924405j),(-0.0019009743716558915+0.002998834533882177j),(-0.0033012928609178847+0.0063764310862440025j),(-0.3051332906899988-0.07171617739987864j),(-0.24990209306495031-0.0721690686049184j),(0.007057788086561848+0.0020834039258218777j),(-0.01601255363545211+0.001848260998016988j),(-0.010523223845135227+0.0011119338315505516j),(0.002839059381113266-0.0018678722818078037j),(-0.011374197781472487+0.025342067315248375j),(0.004535098426743939+0.0008682966560719182j),(-0.004284256277973808+0.0012934134600263423j),(-0.0010341657667198728+0.0010925366711824602j),(0.0027006808061175863+0.0010540693131832963j),(0.014027151277504528-0.007141696116117449j),(0.002042202765250624+0.01855202532528321j),(0.03266915769842664-0.0031772321596875864j),(0.019677385591577303-0.002950180646152987j),(-0.011472616084763475-0.0005244329609311966j),(7.99004351158318e-17+2.8591236815556205e-17j),(0.051762121355413644-0.03733018876737177j),(0.023088655475153957+0.008407390218763007j),(-0.015629161165412044-0.0005927388430255831j),(-0.03829662436351091-0.008739490075385006j),(-0.009016621727370878-0.0057896514929443406j),(-0.0402865866934355+0.010423225616003975j),(-0.025939783963462575+0.0028302191515708775j),(0.008871782357109639+0.000536654199368841j),(0.16703532662805878+0.022829742669551487j)
85,(7.135450217232673e-23-9.63020534160964e-24j),(-4.1247053404964423e-22+5.029446567357446e-23j),(-1.6983193706226124e-33-1.3557493180101433e-31j),(1.4839671924774708e-31+8.059425014786613e-31j),(-1.1675533714637296e-27-1.835119429850186e-27j),(-1.1656841671441563e-05+6.611219771425009e-07j),(-3.085182897683225e-22-3.388534133388545e-21j),(5.86517114372316e-05-3.5416081907530288e-06j),(8.566017014074713e-05-1.6086911159948986e-05j),(-1.1828259834940024e-20-3.709264652948887e-20j),(1.455514433789098e-20-2.2284942805269404e-21j),(5.414750840518015e-09-3.986761857085091e-10j),(-9.935152715756641e-08+7.011763705667335e-09j),(5.1861429755588706e-11-7.163313134544145e-12j),(-3.0695368784170376e-10+2.935948327011706e-11j),(4.978937212009734e-07-3.6965522648387576e-08j),(-2.7424965143269523e-08+2.0944851228649293e-09j),(-1.5622959050241389e-06+3.5499673837821357e-07j),(2.4678245036805123e-08-2.625246782697323e-09j),(1.2038387103157589e-05-2.8392825782325887e-06j),(-5.7305961336160605e-09+2.7779935141037633e-09j),(2.560687457266301e-07-1.351537828865943e-07j),(-1.3035330744286861e-07+1.6248975277440117e-08j),(8.893107785460334e-07-3.3910618715573935e-07j),(-4.2334790197498167e-08+1.4920686586359316e-08j),(-1.7225872538214075e-06+7.474151049810778e-06j),(1.5949030888424772e-07-1.4464184988953234e-08j),(-0.0007593137222650908-2.2505520733165113e-05j),(-3.734265909086419e-07+5.258118070289416e-08j),(0.003011407203228387+1.4356880791785464e-05j),(-1.4711538412794739e-12-1.252289458093243e-12j),(0.0020241611325665294-3.5099868188349985e-05j),(3.4847845743667987e-12+2.939720940448472e-13j),(-7.46389764250266e-08+4.499550025821106e-08j),(-3.73441518615759e-05-7.42213803448263e-06j),(1.089664391267617e-06+1.048750888873402e-06j),(5.638583424354516e-07+4.270710765417193e-06j),(1.715410029689337e-06-9.695696238743407e-08j),(-2.2362403845041061e-10+3.265546290164719e-08j),(1.8546751475497082e-05-6.989628504631583e-06j),(5.065784669658094e-07-1.224085360823636e-06j),(-0.00023731644626377938+0.00010245073274568446j),(-3.601005142925122e-06+1.381648618765915e-05j),(1.5261562763685727e-13+1.5339990726024483e-12j),(-1.2338917491190469e-05+1.678099145059862e-06j),(1.8843858068910223e-05-8.397133351183787e-06j),(0.00017068510763831586-6.967753880711097e-05j),(1.7155515105740268e-06+1.872114185149401e-07j),(-0.009480947291096047+0.0016056693441351523j),(-0.00024607214428181795+0.0009153909558355778j),(-5.301530127840266e-05-2.1392598171245278e-05j),(0.015591539022435926-0.003811712925629307j),(-8.479804778148442e-07-1.0382678246444079e-06j),(-0.16294756473254834-0.0029069557094978608j),(-5.590804437394485e-07-1.9147145283580675e-07j),(-0.005607801662786869+0.026994899064695987j),(0.7123659859022687+0j),(-0.04586520295436262+0.008523043789554366j),(-2.368546441213949e-06+6.743653047876051e-06j),(-0.0096966028220776+0.01351088059911983j),(0.5071936933755556-0.010314285278655654j),(-0.025775380563754904-0.004964483244734247j),(-0.000667709997485752+0.0013341378598314732j),(0.0002538668431917899-1.8347916030455434e-05j),(-0.00034796645451507836-0.00029793546904767845j),(-0.015941902256405-0.0025261013107000145j),(0.0008553144060964781-0.0005654337001088924j),(0.0005828118611694167-0.002031457819042024j),(0.0012929590010635596-0.003084297781839132j),(-0.09022233877243348-0.017944261017058698j),(0.3766922278742697+0.10281926663197115j),(0.007700301850288819+0.0023615469826469954j),(-0.0029691095237803513+0.00021413437223641158j),(0.018744345498056578-0.001987055654467579j),(0.0006372780916289205+0.0034459965028962136j),(0.0005104646924199662-0.0026263026359376602j),(0.003921779315992662+0.0008095028132462934j),(-0.002852871116884609+0.001037978417258068j),(0.004551718762914357-0.0013174651721087373j),(0.0028258189746117645-0.005392731901503913j),(0.02300133287709477-0.035379213745622806j),(0.011392437770922179-0.018629309711454985j),(0.0323717138411397-0.0033232397661052925j),(0.017232413491376143-0.0027107175610310945j),(-0.010395909035101103-0.0004897827624699277j),(2.2238415316598785e-16-8.605372553398945e-17j),(-0.03428107209978233+0.013911036613294117j),(0.00238948789890033+0.017193685697760676j),(0.02561341131118056-0.03407007314269727j),(-0.04223830350408042-0.009288878570116125j),(0.01583852998371458-0.005107379310121962j),(-0.03640912717225271+0.004377901351499399j),(-0.005538733883364065-0.008037618265550429j),(0.02911558620319616-0.013123896995858352j),(0.17939811634408498+0.03270386461927471j)
86,(-5.894098364801979e-18-4.368091537028327e-19j),(-6.113076679389945e-18-4.1701632210944287e-19j),(-2.7791400850809537e-31-3.5183475610584993e-31j),(-5.73220009124546e-32-5.707821382390212e-32j),(6.393688774007643e-33+3.0975928568722953e-32j),(4.8491007191260687e-11-2.865268560333873e-13j),(1.2361542323317188e-17+1.0084983048472009e-18j),(6.010194229515531e-11+1.6574193640144837e-13j),(-3.233068378000974e-10+6.299368981535848e-11j),(6.876896514807823e-17-1.1237337158069712e-16j),(3.158835733940483e-18+5.891665242262861e-18j),(2.4669365702545806e-11-8.519790049139924e-13j),(-4.882211336638411e-10+1.5057670447615072e-11j),(2.15682017069368e-07+2.4549803952970003e-08j),(2.60763044640255e-07+5.368749478465542e-08j),(-6.224553634229471e-10+1.6068036790491384e-11j),(3.190251699338338e-11-8.903593051471074e-13j),(-0.002814339963058232-0.00020626480500966895j),(4.6838673015724444e-08-9.924480525641803e-09j),(-0.002910894229837157-0.00019802254970175933j),(-2.0557643952738563e-06+1.361308637685112e-07j),(0.00012611211241847237+9.261755388631253e-06j),(8.996985286512345e-08-2.5536620174042818e-08j),(7.890710906854207e-09-4.651475298340225e-09j),(-3.782001778839565e-10+2.1503964073037832e-10j),(0.00010728501118974435+6.986512679680204e-06j),(-6.705581965199911e-06-5.76151144706264e-08j),(4.921512045428995e-06-6.1973330989653325e-06j),(-1.2716353928406747e-05+9.539394189934053e-07j),(2.0492117861119755e-05-5.0121065495995195e-06j),(3.773565015720018e-10+2.3906181334632753e-10j),(5.339949563496145e-05+3.7827084232296094e-05j),(2.2160767444263687e-10+3.924939224458652e-11j),(1.1575145469944113e-05-1.004667096072858e-05j),(0.007241541612253882-0.00019312319830998032j),(5.4893418311539494e-08-1.6771037131241373e-08j),(9.110207196815654e-07-2.424021035635266e-07j),(-0.0002340872770618365-5.772513897082831e-07j),(-1.614662100731936e-07-1.436239899875035e-07j),(1.4758003684849773e-07+1.914725215483444e-09j),(3.426341376781514e-08+7.49267662168814e-09j),(1.7175498948878054e-05-2.6286242822602664e-07j),(4.391295692450715e-07-7.654133141868535e-07j),(-6.674090418882734e-10+2.3259318255609686e-10j),(-4.147197242379333e-07+3.5242093565925336e-08j),(-5.892223436323718e-07-2.0324204279777195e-08j),(-7.009189411274926e-06+1.6012634833442503e-06j),(-9.172348671165644e-05+1.60501321884033e-05j),(-0.00032136836007207604-3.350626688590609e-05j),(-3.0043955926572388e-06-1.2842259984047835e-05j),(-0.004270658801637387+0.0002501170766703771j),(-0.0001987364722517321-4.0575368587397336e-06j),(5.5941087578365524e-06-2.8718628840258794e-06j),(0.00013883013093654014+9.690972901860288e-06j),(1.1922716220192928e-06-8.328678604022466e-07j),(-0.001024802022661231-3.598303220292534e-05j),(9.489446765184614e-05+4.166656093227346e-05j),(0.00020204150335962132+4.802448002297584e-05j),(8.954778446951969e-06+9.024753661379169e-07j),(0.001140948661639653+3.796001214299811e-05j),(-5.751877906021354e-05-3.303306548794016e-05j),(0.0034112667895693062-0.0005714750682182655j),(-0.031139673360041684-0.007438780734608186j),(0.00120665997767227+0.008329446343900562j),(0.007475641997492518+0.0018216375007228767j),(-0.002161208675689646-0.0034220290429800193j),(0.04808775125599908-0.023438764204229873j),(-0.09302974238456588-0.026791133736027428j),(-0.14565955956213772-0.030403694313406775j),(-0.00993704084701103+0.0038537030753080567j),(-0.00664195365812732+0.0021299196695050452j),(0.0052088402553264425+0.0029634291618889376j),(-0.0317963403836772-0.006261260496665175j),(-0.018641356175834605-0.0035411994476946046j),(0.0019027651860336313-0.0009634610176352692j),(-0.408704261092538-0.0283712668893093j),(0.11558937750862998+0.033906757331869895j),(-0.2025438014988145-0.000937963401959882j),(-0.12119181054305087+0.01880279928613817j),(-0.06304797536555815-0.009868905452527735j),(-0.19370720083499798-0.012948233950311736j),(0.026721904856505864-0.13081265066906497j),(0.11837236518935892+0.04599026310499065j),(0.3324642492259677+0j),(-0.12462294640404187-0.02394509171998197j),(4.200923436885277e-16-2.3293093084676362e-15j),(-0.27318878301210675+0.021973742435401858j),(0.2807170367831546-0.12008133933647167j),(0.13056314931117308-0.006084049218251085j),(0.42936683497364114+0j),(0.1659892337502481+0.07008346250507266j),(0.11614982661531051+0.026307517511735497j),(-0.31904105527854887+0.06579013710608392j),(0.11885292716318434-0.034201303244175925j),(-0.0034561893225924074+0.020931760497309174j)
87,(8.158144702994127e-18+4.724163875610863e-21j),(-2.3192064865384984e-18+8.62065872726211e-20j),(-1.956313689407339e-29-5.024651415922141e-29j),(8.852682743742849e-29+3.088742937372737e-28j),(-3.3716173212142927e-25-6.730140674565845e-25j),(-0.003575880290397944+0.0002825594884370156j),(1.02495050429928e-17-4.1544432308074495e-18j),(0.0012038091357513179-0.00012271249899505068j),(-0.007353789320302381+0.001260787424759549j),(-1.1530208724077514e-16+2.2135163986828783e-16j),(7.054713154897347e-19+3.537449977134653e-18j),(-2.0910591930358573e-06+2.2076730083126732e-07j),(3.8352894006466114e-05-3.923009555648945e-06j),(-4.2411144071876975e-07-1.4677632137280426e-09j),(1.635021114049808e-08-3.579973918653783e-08j),(-1.3997936355265786e-05+1.722282146710154e-06j),(7.547969548758415e-07-9.353309092183922e-08j),(0.006682841997613558-0.00047622976539569127j),(-1.1497988116819587e-05+1.846491911486475e-06j),(-0.002352702928293424+0.0002964101441225279j),(8.892069239802438e-06-3.6828211218749084e-06j),(-0.0005754364996036751+0.00019187105814426995j),(5.089626186070777e-06-9.95326032416388e-07j),(0.00019152272774373286-0.00011258449377118004j),(-8.971054664370933e-06+4.950253114306045e-06j),(0.00022964707887937876-0.0006512042756675927j),(-5.123938086417796e-05+1.3301386913595503e-06j),(0.639595499040299+0j),(1.1327457104436459e-05-3.4023906778879355e-06j),(-0.17063723607956147+0.008495618619163202j),(3.675721458050132e-10-6.781458469585063e-11j),(0.4948696032935004+0j),(-3.930416733369206e-11-6.08761479423974e-12j),(-1.0965008598085503e-05-5.20407725119447e-07j),(-0.0031348176803661205-0.0025560579648856753j),(-0.0026010263481363954-0.0009095392947870646j),(-0.013401088856565217-0.0031426463722641837j),(3.094470957346384e-05+3.266837423204118e-05j),(5.770656952190024e-05+1.3600960827508121e-05j),(0.003883764711470554+0.0007756548987469742j),(0.00029065815878884514+0.0001617557609742458j),(-0.090984583561099-0.003975329773945935j),(-0.002236971139313114+0.0038398319667112277j),(1.2014727535307456e-11-3.2847810544200656e-11j),(0.0002693637403013849-0.00014490557209395695j),(0.0010374614186578733+6.50004599426329e-05j),(0.006037618857590432-0.00042299040755756543j),(2.6394892245745425e-05-1.2916146786604376e-05j),(0.016218742234578663+0.003978602942883956j),(-0.0015724420248362167+0.004787416093617221j),(0.00044809240746426733-0.0003433974743241081j),(0.07454290630753829-0.004704156054202761j),(1.511532130858362e-06+6.696202288890585e-07j),(-0.025919490762152216+0.001269798351434804j),(5.820647468410789e-07+1.0348154500497494e-06j),(0.10163309332110494-0.004663360107262357j),(0.008570735375760273-0.00489737649755147j),(0.05469873284309773-0.008948680730067396j),(-9.288348522763007e-06-3.936090896205857e-06j),(-0.0034911002907375994+0.00544051014320199j),(-0.038469043335684926-0.0008189836947864559j),(-0.21714376977118374+0.0021672061035613397j),(0.010436463013473254+0.0055246775662704676j),(-0.0008229490695901395-0.002754572654910893j),(-0.003174998446778531-0.0024956355645707295j),(-0.16538531476997775+0.010723687400465117j),(-0.010305117392657891-0.0025880909078817302j),(0.0036265174251199246+0.004727344645576771j),(0.0143334887681475+0.0027769473194098086j),(-0.017914074334731696+0.04249649376719249j),(0.006104804499338505-0.010566890593421465j),(0.0452140754415311+0.014729252490661858j),(0.12444471387091972+0.00922988917676482j),(-0.04881535575939081-0.004026189422471551j),(0.020873397210014646-0.011810730796611928j),(0.0812482199919722-0.008144948002283832j),(0.029551617763616925+0.003584781418983112j),(0.000605514914596095+0.003039197191420743j),(0.00036880188998595693-0.0003809665512668872j),(-0.006848905387793275-0.00866342200548682j),(-0.22141868075865967-0.011103880273935787j),(-0.03576033497772881-0.049159008263469056j),(0.14682863417455394-0.023353429464401332j),(0.07934188772582292-0.016068251748122857j),(-0.07995111015382109+0.004599778860531485j),(-2.2236723822714024e-16+7.306820083093399e-17j),(-0.1417560801306119+0.03370370424023477j),(0.03739222829674124+0.048057918136873046j),(-0.10427154388538512-0.015920169678027014j),(-0.17964233974036328-0.023756807850346923j),(0.038913735085481564-0.0021223762203229826j),(-0.11471888580146368+0.04382358881495115j),(-0.0061884116297773375+0.002826126751815423j),(-0.10503697090301692+0.0209736235081188j),(-0.0647949914490038-0.012573697648846534j)
88,(-6.4306242936272694e-18-3.614042045882907e-20j),(-5.633948624201043e-18+8.447392705117189e-20j),(1.9406328381979452e-29+3.7623911052370274e-29j),(-8.263419087510213e-29-2.3071591886886393e-28j),(-2.507560822197487e-26+4.255810327219312e-25j),(0.0028190902273027138-0.00020836789064563688j),(3.30043615400975e-18+2.873516355342725e-18j),(0.002948894318812764-0.000235862470708426j),(-0.007207438640716186+0.0012601323848891424j),(9.233364279268426e-17-1.7420832635406392e-16j),(4.874599399758093e-18+8.93282334570042e-18j),(1.6115388205073418e-06-1.6658276811331478e-07j),(-2.9503978141692973e-05+2.9497062911446054e-06j),(3.3356538363916526e-07+3.3140226731526337e-09j),(3.912403115504911e-07+3.748844145512701e-08j),(-3.214394970704161e-05+3.4633706250231615e-06j),(1.7749962457074396e-06-1.948790901276568e-07j),(-0.005317440087367875+0.00035105235402818765j),(8.600643381445095e-06-1.3931960986629169e-06j),(-0.005586756451372478+0.0005838384584507098j),(-7.010812081715436e-06+2.9218676136545596e-06j),(0.0004983694927117315-0.00016400496254452166j),(1.066859179998522e-05-2.0593033286120763e-06j),(0.0001223509281955956-6.118329814185532e-05j),(-5.675283482318669e-06+2.4348501118818834e-06j),(0.0003625683668866541-0.0009132054880466753j),(3.0330701852691277e-05+4.7454966867612926e-07j),(-0.49057107487487717+0.0013554922266445224j),(3.683927945849951e-05-3.6653260812977274e-06j),(-0.4518425002882883+0.004347869188850606j),(-3.494262128417043e-10-1.691567659771898e-10j),(0.48991914903944955+0.0010312378648662177j),(-1.0900765174419579e-10-2.4032538504452214e-11j),(-5.745049886961248e-06+3.3612276342303254e-06j),(-0.0031306606434048844-0.0025171984737085017j),(0.0017482847380249555+0.0005575308000768958j),(0.00847558686833491+0.0017256358788631941j),(2.2305274848124082e-05+1.1587854954242804e-05j),(9.758752390833627e-06+9.015767629661217e-06j),(0.0038723673493727987+9.326008049993827e-05j),(0.0009847518324945625+4.444448533714337e-05j),(0.037026635505607315-0.00013468543111472622j),(0.0005699409055503985-0.0016001151115405353j),(-4.103366916097407e-11+7.085131286342162e-11j),(-0.0008316204732759208+0.00012575452320653366j),(-0.0008751661969991979-0.0001340470149456267j),(-0.0080892862585785+0.0006608359901312494j),(-2.632131686523051e-05+2.7165321684522696e-05j),(-0.14260757034043248-0.0015064352704220324j),(0.00012319552120310844-0.004372411211804738j),(-0.000640854063362077+0.00044671495067924607j),(-0.05581000254208114+0.0021592834479593793j),(-6.640569851867616e-07-1.5565452732735642e-06j),(0.022031931178311738-0.000511411138364597j),(5.595156637445085e-07-3.0692830361907586e-08j),(-0.14022900213527645+0.0007046300539855152j),(0.014035668205294278+0.0043494091120071686j),(0.018302430745603372+0.0028619875931105926j),(1.0477420175687555e-06-1.7113808782578945e-07j),(0.0601690956569892+0.003995737788678198j),(-0.02318701655536688-0.00032914385488091676j),(-0.01122419398643146+0.007144904625793202j),(-0.00793553094817594+0.00030669077379696236j),(0.0007464230182158472+0.0018071938154575271j),(0.0007582687340896501-0.0015243736240271165j),(-0.08045342377337478+0.006573752023769095j),(0.013624691156675237-0.00935375006391296j),(-0.025657865875589506-0.004266505921597233j),(-0.0430775171064762-0.004323409107626512j),(0.022605236014008066-0.03751661136739433j),(0.019253506993721255-0.027853081207484143j),(0.04761894350852679+0.01275659125664558j),(-0.11564272629812843-0.008715794665314906j),(-0.0773500496938161-0.005973617013887856j),(0.0211398753854576+0.0024218901170353986j),(-0.13665184918236867+0.01350564604909505j),(0.02514603021860506+0.005145520636503509j),(-0.028004270925967224+0.004335472513539241j),(-0.011867578632542772+0.0033110810551498695j),(0.013752968897930172+0.01244630562309864j),(0.07980041642702765+0.03966116542249841j),(-0.030654947475407666+0.07559595576546518j),(0.1370956686954896-0.021385633175176624j),(0.0960121678898583-0.013783830430992426j),(-0.05314524172917238-0.00013841285944807616j),(-6.031754469846975e-16-6.859008450506068e-16j),(0.3027479338742173-2.3837175771063146e-05j),(0.11071795791371308+0.0355801922024413j),(-0.051327742762741234+0.03807646677433045j),(-0.14340817898354885-0.013071852882946015j),(-0.09555140853975871-0.020662141734909288j),(-0.12554685043063626+0.053145760924141694j),(-0.09188336251651219-0.004360250873677087j),(0.010903389502984362+0.0013198264281019242j),(-0.066185142152082-0.018828493801768778j)
89,(-2.0298300252963527e-18-3.869747825699376e-20j),(8.5996427463231e-18+4.4410111481266206e-21j),(3.2723291381321476e-30+9.42799692494024e-30j),(-1.5578298423497672e-29-6.47182263706563e-29j),(4.453696308761706e-26+9.682822651535851e-26j),(0.0008916461580097136-5.401847278752953e-05j),(4.114013043530827e-18+1.3345042694843148e-18j),(-0.004496906379473703+0.000288795874247691j),(-0.006678803261390772+0.0013136328619942593j),(3.1787853003641625e-17-5.581700390347714e-17j),(-5.3819102388654716e-18-1.2055070462648775e-17j),(5.177176410814534e-07-4.673494547813144e-08j),(-9.529064121372952e-06+8.362997778616704e-07j),(1.0703548055119162e-07+1.983717882960135e-09j),(-4.370639561394562e-07-9.774559117462812e-09j),(4.9586666708629855e-05-4.5418421637843805e-06j),(-2.7194424813475033e-06+2.533528026952334e-07j),(-0.001630511235170979+8.372952468438386e-05j),(2.8578555787265054e-06-4.3253479227576893e-07j),(0.008575317509399837-0.0007670022160915944j),(-2.424790689077266e-06+6.776568719837078e-07j),(9.86299456112388e-05-3.016484394984906e-05j),(-1.6791710688327143e-05+2.9374391936461784e-06j),(0.00011611089443555169-6.194116627126174e-05j),(-5.452597522118787e-06+2.6811919880853343e-06j),(-0.0006785324919932872+0.0016734205539257864j),(2.432670310283924e-05-1.78094783027353e-06j),(-0.16747101745361948-0.0038756108526528388j),(-5.1847203216866464e-05+6.415339674269539e-06j),(0.6705698831507403+0j),(-9.480566402664002e-11-1.1762406169203552e-10j),(0.45612330196006323-0.008705913308202452j),(1.4244142685989063e-10+2.8241965578041885e-11j),(-7.202278112586326e-06+1.996355086613309e-06j),(-0.0029386861497294474-0.0022769186550961698j),(0.0006202979632875774+0.00020858616257692731j),(0.0034157638209201886+0.0007148560892181176j),(3.740617452963849e-05+2.2178752121893957e-05j),(1.1826411890298009e-05+8.092069164262384e-06j),(-0.007531466058939193-0.0007267201064803507j),(-0.0013159352185681322-0.00020775094503734193j),(0.02504014888093988-0.0010913830855076231j),(0.0005654440216155228-0.0011319618674815897j),(4.999015352936067e-12-1.4539962386431141e-11j),(0.0007690648031766329+6.270842532467253e-06j),(-0.0008679980680491826+5.559185180758222e-05j),(-0.005611088504332225+0.00020935783916971058j),(-9.182057950530735e-06-1.1319807099559472e-05j),(0.12261833131567033-0.004757619434420872j),(0.005672427292641438-0.005960791010727113j),(0.00011119880410131184+0.0001156054426556465j),(-0.10544015855006239-0.002534149974280045j),(-7.385108768832579e-07+5.757266337674133e-08j),(0.007226635865272599-2.9471710684878747e-05j),(3.523578280869529e-07-3.7663759216033197e-07j),(-0.04688203700533514-0.006065014599382475j),(-0.026641467076369406+0.003285128675325491j),(-0.1348691614661039-0.001259714354824323j),(1.6105352323891102e-06+7.139705172395218e-07j),(-0.039928572388599086-0.009867200180716953j),(-0.021041587262183074+0.002577848426065412j),(-0.019546636623748323+0.006243200078032414j),(-0.008822832453393992+0.0020517767450393028j),(0.001341060160722909+0.0015607300807548056j),(-0.0019667917124170493-0.0026846759097266526j),(-0.06428389115719554+0.007223976365530027j),(0.003937714463546162+0.002138632978737684j),(0.015780863582629354-4.2842726082731666e-05j),(0.018786236722426918+0.0005052554705332942j),(0.006981793240513649-0.011250675486213195j),(-0.029962314872540752+0.04284940763425144j),(0.05214495448329383+0.0156580701921781j),(-0.020929772969937963-0.0020017748802267986j),(0.1365811848464718+0.009272691707701123j),(-0.012227563101151456+0.004912989203815785j),(0.0020863125549055866-0.005178129413253156j),(0.020991679139015982+0.0036588950848533888j),(-0.01679191718756713+0.005623972340249753j),(0.033020349009555916-0.0030120298498368166j),(0.03992663922665111-0.005656602692821779j),(0.21047647864275104-0.03215742831989822j),(0.11255555531274733-0.02856765989152905j),(0.13564222856022687-0.023747204506641258j),(0.0797647993562936-0.017272148215706447j),(-0.046485898840819745+0.0020023093393131894j),(9.912431869457681e-16+3.234065952107853e-16j),(-0.17124222012396467-0.06220792540265791j),(-0.022562320316841113+0.03841000927834726j),(0.21815047178765162+0.008264421933655092j),(-0.165858883157879-0.022480355284111776j),(0.005650565799213378+0.04286391892769041j),(-0.0928897319797547+0.03134381390197199j),(0.034222635648347155-0.006600298354831351j),(0.1459371572403466-0.02240069953442681j),(-0.03660061338914509+0.011973341636577659j)
90,(6.1488213323841645e-24-5.491083973864112e-26j),(-2.3714685137583343e-24+3.5725995429728077e-26j),(-1.7143202705924457e-33-1.3846308466027748e-32j),(1.440635180254685e-32+8.540873446373164e-32j),(-6.217871996604574e-29-1.9378902440236612e-28j),(-1.0025239250135424e-06-6.88569048278884e-08j),(2.0966317063742906e-22-2.7284162885878794e-22j),(3.3782932074408803e-07+1.5520475734997837e-08j),(-2.047476711411234e-06+3.433940129085473e-08j),(2.0106447813251776e-19-2.321671928202433e-19j),(7.147044741371451e-19-7.50186697071584e-19j),(3.500040513022499e-05+2.4557533239745386e-06j),(-0.0006182495930618481-4.603524707997398e-05j),(2.0060149968259896e-10+1.9662364412565792e-12j),(2.054945823024005e-12+3.203707005543783e-11j),(0.0002126654620648637+1.1667890109268798e-05j),(-1.1959541118377401e-05-6.324618210794328e-07j),(-9.404633561784285e-06+7.632627191265177e-07j),(6.312632339453717e-05+5.22506680658458e-06j),(5.087586296286714e-06-4.940926210832755e-07j),(-5.73565244871212e-08+2.3264322112644892e-08j),(4.313359011321192e-06-1.4978710707791136e-06j),(-2.2417933686521862e-05-1.550871370566494e-06j),(-0.0015557674567436557+4.9621308396137855e-05j),(7.765357971980972e-05-2.145417271449846e-06j),(-3.4790751626631495e-06+8.634436035206076e-06j),(1.5561135386257797e-06+4.853745296377545e-07j),(-0.010020853814734344-0.003466784453239052j),(-3.4417500289511337e-07+8.557842856220527e-09j),(0.0022129797951816856+0.0005843502296614317j),(-3.908127159138223e-11-1.3590410611881519e-11j),(-0.002568771009934953-0.0011152925255324768j),(7.49342244852036e-12+4.503380291198945e-12j),(5.667664000525054e-07+1.3014081904889236e-07j),(9.674708548155418e-05+3.1478459311933294e-05j),(-0.004197424559174036-0.0005472410936914861j),(-0.03111759876714784-0.004366006067327423j),(-5.021023680950434e-05+2.9778404113429262e-05j),(0.00024333711236032476-2.4209696472432974e-05j),(0.01425641435646207+0.00306864607101698j),(0.0009241257884323325+0.0004252559881717874j),(-0.5330879658735093-0.01607688082555994j),(-0.015700986892138752+0.022602464688865013j),(-9.166032736745644e-11+6.260146328652723e-11j),(0.0021086677129057495-0.0008885217833268226j),(0.005362184603744714+0.0008850633403194112j),(0.01690683069302072+0.006428416628105893j),(-4.420150256497499e-05+2.7680376556377767e-05j),(-0.0889498992743896-0.012213131712370937j),(0.0018308490927117348-0.0237644057625925j),(0.0007265217612923584+0.0007784091672085689j),(-0.37554974243193173+0.050808468095907916j),(-2.3050536678610517e-06-8.585831869950144e-07j),(0.007863692432036174-0.00016368144199646823j),(1.2623043958777694e-06-1.173351382288631e-06j),(-0.1885951832404819+0.029781403184337446j),(-0.0007070536049905865+0.008001961939129781j),(-0.062018536700499866+0.031591656856449234j),(6.613042809939468e-07+7.0697583280380115e-06j),(-0.04623538098460973-0.01613592197719127j),(0.03532037564728165+0.006112523560606846j),(0.5448013665116425+0j),(0.03230812178719794-0.010966390560752081j),(-0.0035167501655069024-0.00667628756437574j),(0.0020317065075056576+0.006877277350799626j),(0.2567760633970059+0j),(-0.021309368749027828+0.013885936748991894j),(0.015053925140978164+0.003952922448556258j),(0.022640740904270557+0.0004152691965239909j),(-0.034334057000964036+0.025019952907574753j),(0.010383895510099415-0.004628166285677401j),(0.07897569262801965+0.01748438230585123j),(0.15700339642007136+0.010096093001347119j),(-0.06379297524793066-0.0047977153051975115j),(-0.010851327844025238+0.00014025301011210615j),(0.08384215092587878-0.012129449344593691j),(0.01392542098470399+0.0008096922448965977j),(-0.010737539351627155-4.813523261326582e-05j),(0.0025468039321131578+0.0004834726376418164j),(-0.02279752165340544-0.0025374425133955587j),(-0.19907034355306996-0.0035962032130178595j),(-0.025493946397448255-0.041090156780813264j),(0.10565109144332398-0.022916122064466655j),(0.05621480641249927-0.013335105781475285j),(-0.044106270002066+0.004499277090416523j),(-4.6575816038526925e-17+1.2218188920917545e-16j),(-0.10635332406078854+0.02763704364111229j),(0.03943268303383745+0.02792315581810515j),(-0.07211917186857517-0.004868874604980283j),(-0.14138353448796037-0.0077645034325798945j),(0.01903698294122518-2.2697186250450002e-05j),(-0.05557838165351299+0.0311068060656739j),(-0.012421008459733034+0.0011359728129177106j),(-0.057101117395465785+0.014777391378534312j),(-0.060529138775447376-0.008558859508462503j)
91,(-1.233701608793596e-34+3.089489578943233e-36j),(-1.469558761594916e-34+2.1666725232483617e-36j),(4.82082331210904e-44+2.684664666784343e-43j),(-6.545779878532911e-44-1.442878656785111e-42j),(6.797776201612668e-40+3.609974024857413e-39j),(2.0785616646716385e-17+1.0914418768860004e-18j),(-2.86834652407734e-33+7.168423945248077e-33j),(2.1612594173469673e-17+9.997476597211899e-19j),(-4.6209930646710534e-17-4.751842506366223e-19j),(8.0786938346824e-20-1.0150035960697061e-19j),(4.398699836960058e-19-4.808214614829777e-19j),(-0.006049464366775206-0.0003111871378791844j),(-0.0003896394422052702-1.8467961833755042e-05j),(-7.282234651565802e-15+3.586324916664322e-16j),(-1.002910018079697e-14+5.07983674845013e-16j),(-0.000402396463318786-1.7949706826344484e-05j),(-0.006206439153107822-0.00029618335811011534j),(-2.575833334567962e-10+1.245350920064391e-12j),(5.072231379419511e-06+2.9832297248806787e-07j),(-2.9373355300051534e-10+5.6435185463637364e-11j),(-2.139076004626595e-11+9.476372333249915e-12j),(2.070047226788156e-09-8.207756870826453e-10j),(5.421205495336087e-06+4.6444693567419064e-07j),(0.0009178869840487824-4.269230102401373e-05j),(0.015919397587081843-0.0008465718769554275j),(-5.087349870503722e-10-1.132965574258332e-09j),(2.485730159938843e-09+9.29496140990147e-09j),(-1.0123689774593149e-05-1.3132601227176308e-05j),(1.1029930789972021e-09+1.1195299308297964e-09j),(-2.6262153600896218e-06-1.6032779162717526e-06j),(-7.200008708607614e-13+3.928412695651804e-13j),(-3.7237468167982185e-07-6.911988626952888e-07j),(-2.1945379680187106e-13+1.4762940225799366e-13j),(7.0196539056307796e-09+6.3853433033727115e-09j),(-2.7863451049008067e-07+2.16208169799487e-07j),(-0.029831204864844408-0.0016856444519632037j),(0.006546645025675775+0.00018695003921130214j),(4.267483394037323e-08-5.9127637607478145e-08j),(-1.3913199288491099e-05+3.1034818340257714e-06j),(0.005772777636223195+0.00036123611548750543j),(-0.028575381752946178-0.0017467730108375133j),(0.0007657272603198205-0.00034850561614415565j),(-0.008031449597488815-0.0005234783465596104j),(-1.7644884217368722e-12+1.2056988917715835e-12j),(-0.009314874868885034-0.0011332941070916452j),(0.08375140834132669-0.0057126599110048255j),(-0.013686500442828552+0.0006891135766194257j),(-3.678945772708781e-07+2.6572305065237413e-06j),(-0.021422485070300288-0.0032971656817166435j),(0.032599138509790564-0.00740833014019099j),(0.0005120908625714377-6.322112918011891e-05j),(-0.04085586943549557+0.0018647322713268612j),(1.70709214072579e-06+1.7534665766091439e-06j),(-0.0136374070201208-0.0015585880332559443j),(3.0553159909594448e-06+1.706878184831219e-07j),(0.21318551936427874+0.01616144395192945j),(-0.00676204397497884-0.00944706280643756j),(-0.20823669454228913-0.06138081252529251j),(5.178000848307739e-06+6.241716654356067e-07j),(0.7312027433732289+0j),(0.0066077213764172416-0.017152720884428502j),(0.13606408119659494+0.029742538800285028j),(0.010126627002604582+0.0013321307612395973j),(-0.00041092205242630525-0.0028034768930091493j),(-0.0023737940232900117-0.0025402363832257757j),(-0.12446377141403915-0.0024907788754488826j),(-0.004395159577673738+0.00016719949082114223j),(0.006383917893291267+0.0015954174100140297j),(0.007805343017932257-0.003279957652656069j),(-0.005356887483031745+0.007902259964871237j),(-0.004445216185920863+0.0046227701795224j),(0.07456579679721674+0.0176268170558209j),(-0.14359639136701927-0.011291798954043347j),(-0.1014585575769859-0.00805639579748949j),(0.21726406818958982+0.002068058188477717j),(0.002687026458762287+0.005923457696355992j),(0.0021028017006672842-0.00285984863122914j),(0.01900772875263966+0.006223141658671698j),(0.01661779642342305-0.00036430951331370594j),(0.35220857941436257+0j),(-0.045615466547690484-0.013040501587208363j),(0.004550635196286323-0.0212663173452175j),(0.02983305985758174-0.02914459899322424j),(-0.0013358230552424923-0.01286703553644893j),(-0.012371447686536929+0.007004922750541445j),(-2.0132333621153805e-16-3.605281292450116e-16j),(-0.08753618193937465-0.00397955550394638j),(0.007265087336558371-0.05180544008572756j),(0.006230169137208105-0.01224459124636169j),(-0.09667817786113905+0.035556347796637314j),(0.031099194879297604+0.004645914692517641j),(0.2924669477518361+0j),(0.032733603727051544+0.003095883588188684j),(-0.011276819657512949-0.0002517539074981829j),(0.03079597341906974+0.006635059761871702j)
92,(1.3489214674560237e-25-2.5092797154426768e-26j),(-5.128950926768484e-26+9.860784073785602e-27j),(-5.055693064994065e-35-1.919747808219201e-34j),(-1.5071727660243896e-34+1.1970629683099162e-33j),(-4.379432856167612e-31-2.325707982508617e-30j),(-2.229483469799764e-08+2.3814740740956965e-09j),(8.664187335524423e-25-1.0418225880523145e-23j),(7.385211239381617e-09-9.577727093002484e-10j),(-4.921899390163388e-08+7.744991607779599e-09j),(1.039643040949983e-21-1.6434642704667838e-21j),(1.4303618800396675e-24-2.098982858798881e-23j),(2.584683550175165e-10-3.012197903930979e-11j),(-4.8696868688169215e-09+5.475391610024566e-10j),(3.75514508372666e-12-6.499599837456092e-13j),(1.54280234404197e-13+5.658089755095581e-13j),(1.7091553866066171e-09-2.2142548745656386e-10j),(-8.952174358527744e-11+1.1762428268770377e-11j),(-1.6103325403595504e-07+4.360675884161992e-08j),(2.471350004237222e-09-3.4319423353615716e-10j),(8.209092106039782e-08-2.4076669199024613e-08j),(-7.870731060669364e-10+5.146614495520366e-10j),(5.87753857654972e-08-3.4186445348977705e-08j),(-9.9595861827926e-10+1.6019620710457423e-10j),(-2.596913911518213e-08+1.3519419058928279e-08j),(1.1966183029896586e-09-6.083632686711737e-10j),(-2.1745308004202553e-08+1.2308817541659216e-07j),(1.9179509194996903e-08+3.7479373940179934e-10j),(-0.0001407402910259457-1.0436659801603307e-05j),(-3.783751207747603e-09+1.1760413564881942e-09j),(3.059820706648515e-05+1.8062089089104243e-07j),(-4.016013917272224e-13+2.207093103252561e-14j),(-4.284302205963943e-05-7.4020336532152374e-06j),(6.163277094238516e-14+3.5800586604234805e-15j),(6.019310835868418e-09+1.85284735803774e-10j),(1.1171930428229108e-06+2.566479407579691e-07j),(2.8402241051049784e-07+2.6653250061226194e-07j),(2.067672952659835e-07+1.1543899638766901e-06j),(-1.2399559727256016e-07+2.41176590554651e-08j),(-1.5751822365585477e-09-7.3100790331475294e-09j),(7.454701078324473e-07-1.8240801920770113e-07j),(1.3355270076590403e-08-1.2258102131612203e-08j),(-9.007101427864586e-05+3.561956848123914e-05j),(-1.5907114239223622e-06+5.095973867431483e-06j),(1.0783745807973002e-12-1.2992488012986058e-12j),(6.881227013947627e-07-4.243775773693129e-07j),(5.026809373570773e-06-1.9624254563834476e-06j),(5.469533967047521e-05-3.0804401558322975e-05j),(1.6547683261745914e-06-1.08087354291004e-06j),(0.0010347551732126671+0.00017482075589452678j),(9.93299730704361e-05+0.0004196777366771453j),(0.00011833746507739184-0.00016383162242784011j),(0.009215752313473522-0.001918638533220482j),(-2.7715929434408396e-07-6.729589872585409e-07j),(-0.3900891744001256-0.09009809479150027j),(-6.557320902672998e-08-1.2790054912698965e-07j),(-0.04269695759420068-0.0013022495022306547j),(0.10036978277638098+0.025366488966407617j),(-0.018174310587785226-0.0006032847488966595j),(3.226707058694815e-06-1.625055857960077e-06j),(0.0026456575403448427-0.005688585908891773j),(-0.18807631454484874-0.02771161059406635j),(0.03726776278703498+0.007396063387908887j),(-0.0021858057806695436-0.002401593304069317j),(-0.00010870513336506499+0.0008273054365301009j),(0.0006680484745815248+0.0006704115139180745j),(0.031798688789186784+0.0058831453241123014j),(0.002337870593988554+0.0025452368127469502j),(-0.00019491431113191084-0.0020104341136717636j),(-0.0015055845777203172-0.00493006388781823j),(0.655523945451483+0j),(-0.2136380661068734-0.012495772556653476j),(0.004978664814342744+0.002335530641965089j),(0.01204454442280666-0.006778409681647733j),(-0.00421920100445925+0.002810716647305218j),(-0.00632488551134243-0.0009758372765822326j),(-0.0025392783182437203-0.03186661165231342j),(0.004864700218129728+0.00041647133230096763j),(-0.0016296713813690235-0.00038208409636152757j),(0.0008379291890931251+0.0004961080285132485j),(-0.007171765948448608+0.006681317443121777j),(-0.02589623847000657+0.06632053602879408j),(-0.0277711409841239+0.010386427826688468j),(0.04573177711765155-0.00547703224232093j),(0.021695519810818048-0.002910386615401472j),(-0.016318602174547545+0.0019873617529895657j),(-3.031326439411556e-16-1.182014903418816e-16j),(0.0012827541354045457+0.046662820084778844j),(0.023019719554396995+0.022993820147257468j),(-0.05111154046386035-0.011660520178636155j),(-0.06435202725556646-0.012105098135552857j),(0.029962419380934757-0.047013612302232465j),(-0.06946650670394339+0.013868427575543591j),(-0.030652789279817943-0.004397039308908898j),(0.013066025034593032+0.01970609827896473j),(0.5314776044458595+0j)
93,(-1.0636462084241735e-25+1.9164362041774416e-26j),(-1.2677386341738837e-25+2.112686252477387e-26j),(7.462918894880881e-35+1.9167317713047041e-34j),(-1.322239140960022e-34-1.1339445033718761e-33j),(8.255613166838182e-31+2.252717466989173e-30j),(1.7571841216116647e-08-1.7764892613268853e-09j),(-2.0585058831370346e-24+7.67822776858265e-24j),(1.821812719536782e-08-1.90342916817633e-09j),(-4.797579106050678e-08+7.67192177519014e-09j),(-8.096980918920366e-22+1.2951510367970033e-21j),(-3.4096187358772836e-23-3.9758650815587274e-23j),(-2.0139970175097892e-10+2.2721996513667052e-11j),(3.78951508810913e-09-4.1157513733092763e-10j),(-2.954801877765346e-12+4.91434479725238e-13j),(-5.278284787904348e-12+9.939044516737196e-14j),(3.913604319877527e-09-4.4359517308965606e-10j),(-2.109722063893467e-10+2.4517219275847202e-11j),(1.2789162496434762e-07-3.390654031427267e-08j),(-1.892461885693726e-09+2.599151863744182e-10j),(1.9589184426031946e-07-5.2544152277600536e-08j),(6.147203251024687e-10-4.080754212958544e-10j),(-4.999236094658806e-08+2.886534062036844e-08j),(-2.048571195155157e-09+3.292821662391779e-10j),(-8.671085258891831e-09+1.2100770842640634e-09j),(3.860981640632735e-10-5.37004380471269e-12j),(-3.338739034475237e-08+1.5601612287730207e-07j),(-1.1960821061593562e-08-7.266188029427237e-10j),(0.00010874511654525892+8.086215562956011e-06j),(-1.3219599565029998e-08+6.950506576251941e-10j),(8.285477244495155e-05+4.474442063823572e-06j),(3.4562747940832096e-13+6.067455549565094e-14j),(-4.274120174499251e-05-7.73684279089856e-06j),(1.8879952690125297e-13+2.6648852400807627e-14j),(-2.225954727041132e-10-2.0216173700021597e-09j),(1.1145621795092754e-06+2.4354399757596564e-07j),(-2.0565680631600087e-07-1.8890892343333748e-07j),(-1.3614291078381694e-07-7.975898269680614e-07j),(1.6636240628246565e-08-2.6224410095710093e-08j),(7.143352806405091e-10+1.249534275455162e-09j),(5.419591283724711e-07-2.9345587533305923e-07j),(1.547692809606283e-08-5.965700841088031e-08j),(5.118940420331784e-05-2.0920757014081964e-05j),(6.741041815773263e-07-2.872682735694008e-06j),(-1.5290338863765843e-12+1.6176733574127294e-12j),(-1.8942983088420698e-06+5.409412935899668e-07j),(-3.5224685166209055e-06+9.626673430190516e-07j),(-4.6165693518827235e-05+2.5444337739786817e-05j),(-1.2779723906538555e-06+1.1408505202233112e-06j),(-0.003505693108446671-2.494200245999295e-05j),(-0.0001392888793366973-0.0002115545773118614j),(-0.00013890224217360362+0.00015420530931632394j),(-0.0050846683428263165+0.0011539920483777302j),(-3.486557022395004e-08+1.4424854490510127e-09j),(0.3072652020156744+0.070960089709018j),(1.8224651033727825e-09+1.1131896461253274e-07j),(0.030686224048235976+0.013239072585857766j),(0.2509716846170827+0.060396763829685216j),(-0.016733895326093078-0.0036475320764728517j),(1.1516137464250962e-06-2.4812264099609267e-06j),(-0.007024319126435796-0.007039536278465491j),(-0.18760618347925268-0.02671187276383571j),(0.003956312893567217-0.0008150104059013489j),(0.0015098705824455358+0.0007066765110329452j),(2.1588249235963692e-05-0.00047591565717422935j),(-0.0001789624129474798-0.0001243756073765773j),(0.011771897630689993-0.004482643953099354j),(-0.003757995977661994-0.00017631024788957372j),(0.004327704143005226+0.0047468676952496045j),(0.005989093638530786+0.010097182546890345j),(-0.5105280344067264+0.004163749290919758j),(-0.474647890962516-0.010878046177772216j),(0.005121802880447554+0.0020392869296961677j),(-0.011457976154668315+0.005643825439958553j),(-0.006665156488497857+0.00430497169724755j),(-0.002535492156432014-0.0028236110575101847j),(0.016498631002772334+0.03658941950015876j),(0.004613125791814992+0.0008389665066369811j),(-0.0039058114388596577+0.001764179517807038j),(8.103804922557009e-05+0.0017189280875321085j),(-0.0012299284192722317+8.424468470142281e-05j),(0.0032188439735636324-0.01681011087848249j),(0.00657878695511771+0.019229783598403632j),(0.044747591067163986-0.004189059619532087j),(0.023466706054675376-0.004100864546888185j),(-0.014076826878970048-0.0007185940272204372j),(3.1915087380981628e-16-2.0456059918540591e-16j),(0.02877011776010049-0.06461688041701891j),(0.02905939184393988+0.012466220492934237j),(-0.03358001549620975-0.017549053710478067j),(-0.05891561526827864-0.01500658392334089j),(0.010988210278292377-0.02154404582934986j),(-0.06945017925058364+0.01619627917421512j),(-0.040858674873022534+0.008334476863221182j),(0.023004886677508864-0.0001493102878604366j),(0.5281468847284326+0.002471842963290949j)
94,(-3.3683503508919425e-26+5.5785305124721735e-27j),(1.949918643967142e-25-2.872542133116689e-26j),(1.0830164498988265e-35+6.206759147758075e-35j),(-4.343921842360584e-35-3.5803157513572284e-34j),(2.3875853214423327e-31+7.3421995871330286e-31j),(5.55861542331899e-09-4.827412159096907e-10j),(-3.7357470002271787e-26+3.6301704065687184e-24j),(-2.799223476525602e-08+2.3922175878794808e-09j),(-4.542308970376136e-08+7.996167170377942e-09j),(-2.647098153754462e-22+4.017357531043676e-22j),(3.031166071287156e-23+6.269355586782776e-23j),(-6.502190419832489e-11+6.455492170177606e-12j),(1.2290294706109082e-09-1.1781580992518525e-10j),(-9.465909001827742e-13+1.4791284727680167e-13j),(5.567926206875264e-12-6.005899820258447e-13j),(-6.127806063198847e-09+5.737493205890158e-10j),(3.2752451331635273e-10-3.145129925530296e-11j),(3.949651987956224e-08-9.834949479146008e-09j),(-6.333038792347546e-10+8.004746463764022e-11j),(-3.047673490483996e-07+7.606190700137918e-08j),(2.131681007848258e-10-1.1298630627111521e-10j),(-1.0948248774728289e-08+5.977467503189745e-09j),(3.305834695722574e-09-4.5655237697948205e-10j),(-9.914737138325558e-09+2.4497055406042544e-09j),(4.5760764100715807e-10-1.0421614497284276e-10j),(6.773628821294868e-08-3.0309757526069863e-07j),(-8.29128691678832e-09+1.8865047667490334e-10j),(3.671329569646159e-05+3.6342080539415163e-06j),(1.8522533043695075e-08-1.6025883531874911e-09j),(-0.00012340774575378717-7.953489687263857e-06j),(8.93256184438011e-14+4.140627251976322e-14j),(-4.079863429141043e-05-6.6527718572158e-06j),(-2.6018948936542333e-13-3.2803578529076484e-14j),(1.943693681785159e-09-1.2883450901495756e-09j),(1.050386121165459e-06+2.2053082272825653e-07j),(-7.389515917640996e-08-7.033905963781187e-08j),(-5.3347381971163495e-08-3.237266738032889e-07j),(-8.561428189304493e-08+6.5905671348472186e-09j),(4.730106031485786e-10+3.104841980229413e-10j),(-1.3578928721185579e-06+4.901751453357836e-07j),(-3.2260642444343755e-08+7.60645745003067e-08j),(3.0800020016670555e-05-1.3883449921531415e-05j),(5.755717613022998e-07-1.8517371259753717e-06j),(4.370523616988188e-14-2.3936599001971566e-13j),(1.4398539103281978e-06-1.2046815966570555e-07j),(-2.6431178320320653e-06+1.3631449448513142e-06j),(-2.683949712994936e-05+1.2611670960904961e-05j),(-5.145826018328026e-07-1.7682567140897113e-08j),(0.0025894084740138135-0.000161520773763113j),(6.808684227298928e-05-0.0003052342592948593j),(1.5288506255186677e-05+1.7344057778436795e-05j),(-0.005802882037346498+0.0008380256885579429j),(3.726221316018603e-07+7.023616235402493e-07j),(0.09697792976106967+0.02311160564061506j),(2.7914586874059844e-07+1.9327090066199997e-07j),(0.010332212078611588-0.01317901586917785j),(-0.3868019893882451-0.09688854707368715j),(0.03433030983438841+0.004354652306113555j),(5.400921111773394e-07-2.6477273112774174e-06j),(0.00836598825790547-0.0013135157462586871j),(-0.17272644274216614-0.016869183835961244j),(0.005155945043847851-0.0012593201856828243j),(0.0018522857606682306+0.00043315932785885174j),(-0.00013082575399027768-0.0004749810764159657j),(0.0002843051650639275+0.0006180115024236368j),(0.00961958508122169-0.006518182373125194j),(-3.076850594378017e-05-0.0007478082939647943j),(-0.003138835625153186-0.002746905752774367j),(-0.0024930863558849576-0.004813109267264453j),(-0.14713020095014637+0.0073973579697794j),(0.6914002542495662+0j),(0.005694108955770413+0.0020446157148504914j),(-0.002339975316115723+0.0006932977639209955j),(0.012681519413944166-0.006700636392570496j),(0.0023472996571473168+0.004651810465473899j),(0.002511832082036308-0.004422741420674148j),(0.004150735806088058+0.0010185065129675644j),(-0.0028664932643857007+0.0010577734955278056j),(0.003345196703882112-0.0021679550545999023j),(-0.007379412597544269-0.006876285227019744j),(-0.01439002657852145-0.05281491102988059j),(-0.011238022503679817-0.02562558572712506j),(0.04402865936842168-0.003983173522770462j),(0.021468561521866825-0.0028702931886952316j),(-0.013227775784324278-0.0011641623089425866j),(4.384999111943704e-16-1.3116757386238997e-17j),(-0.019303364430208296+0.044972605998109885j),(0.015408571687816529+0.029671969259779968j),(-0.017042929811751765-0.07460565081335538j),(-0.061614749674421834-0.013831805591452494j),(0.03488777485416203-0.0344068472212889j),(-0.06784466256202866+0.008472964700916907j),(-0.028025289153419102-0.012642811811484115j),(0.031577772080702664-0.022889882956939944j),(0.5291429391676005+0.011882139671507114j)
