,0,1,2,3,4,5,6,7,8,9,10,11,12,13,14,15,16,17,18,19,20,21,22,23,24,25,26,27,28,29,30,31,32,33,34,35,36,37,38,39,40,41,42,43,44,45,46,47,48,49,50,51,52,53,54,55,56,57,58,59,60,61,62,63,64,65,66,67,68,69,70,71,72,73,74,75,76,77,78,79,80,81,82,83,84,85,86,87,88,89,90,91,92,93,94
0,(4.573724913687185e-17+5.932721093659517e-17j),(5.716555316937063e-17+5.051731128023893e-17j),(-0.2929605887392304-3.776961712823046e-05j),(-0.06670213066278426-0.00017833186633871984j),(-7.406440671977185e-05-1.7494636122592487e-05j),(-2.397342765494565e-16-5.806688002420861e-17j),(-1.301934591515111e-16+2.435788614720897e-16j),(-1.7365007896246672e-16-3.6128706690932456e-16j),(1.5800232481665865e-16-2.403712207834025e-17j),(0.7399611113937153+0j),(-0.1683621671130398-0.0003641713839382804j),(-1.7276774714641823e-16-2.487600829000603e-16j),(-1.575498012650865e-17+7.448716046632451e-17j),(5.972199287324083e-10+6.341134540906168e-10j),(-1.689135493024024e-16-5.240235036177635e-17j),(-1.124314037532986e-17+2.0103436192725013e-17j),(1.8278866143493934e-10+2.919995513851325e-11j),(1.0885927077576656e-12-1.5587134495807344e-14j),(3.664541163701357e-13-3.1485656017011097e-15j),(-1.0141639113480139e-16+5.315974271361542e-17j),(1.1734686558383363e-16+4.314288144744625e-17j),(-1.7713761836808978e-09-2.434481978297057e-10j),(1.0402932699217614e-09-3.672585929640838e-10j),(1.635085127582077e-17+5.703004050341326e-17j),(5.943218558422787e-17+1.4046228662540085e-17j),(-1.9841542433986e-11+9.843090558351049e-11j),(7.959113980309799e-12+1.3797616624267379e-12j),(1.824600894189321e-07+6.928265273347364e-08j),(4.970159426355634e-08+2.496035027368075e-08j),(3.597681096006928e-13+2.706136213803138e-13j),(-6.04837528595775e-14-4.124259716391416e-14j),(0.01912142222152968+0.0016180388771874204j),(0.0035178728219782763+0.0002145774318283737j),(4.238996091801071e-08-4.1881651813704803e-07j),(1.2368764900253745e-13+1.2597836635247427e-13j),(1.809408538344234e-10+1.736151714369466e-10j),(1.7778712709737377e-12-4.602776980807589e-13j),(-7.439813452372673e-09-1.1685630364985307e-09j),(-1.1551862801704882e-15-1.126522394057178e-14j),(2.773835083052334e-13+1.5712588749277914e-14j),(-7.538004888250195e-14-4.0972386451288335e-14j),(-7.032972208122044e-12-5.61195362738055e-13j),(-1.8350599613953625e-13+3.11512433762309e-13j),(4.022916448356031e-05+1.46217783346299e-05j),(1.0096608770305354e-13-1.4463913204235683e-14j),(5.595044883732359e-13-1.707897116162464e-13j),(8.654967280848493e-12-5.458664165307359e-12j),(3.5630293006933384e-06-9.752637387513815e-07j),(7.620468546559884e-10+8.111022133246773e-10j),(2.5318480779531017e-06-1.3442390351168796e-06j),(1.2377488525284546e-10+8.396740064625727e-11j),(5.257443091286935e-09+9.754097791681676e-10j),(0.0029749256531278264-0.000946754053505727j),(4.609510475121197e-09-4.5717290960567606e-09j),(0.009995554694284607+0.0009359978136750319j),(-6.61925724260954e-08+6.306160839972056e-09j),(6.010085623343389e-09+5.286475434667291e-09j),(0.0030648446159656046-0.00016057789926910354j),(3.403034234782519e-08+3.206389798469389e-09j),(-3.623827810053233e-08-4.55485463063112e-09j),(3.171372445247792e-08-4.686685234847704e-08j),(1.226553543308932e-06-1.0356852684547953e-06j),(-0.00023022374369903597+2.2209030695285117e-05j),(1.3131806304395091e-05+5.297622628098931e-05j),(-7.988746982103805e-06+2.149765021177078e-05j),(-0.000180723366077935+0.00011869972145050477j),(-0.0007862573909433129-7.277361878601222e-05j),(-0.00014744394548021344+0.0002920626356157515j),(0.00017382183458007302+9.446684707067734e-06j),(-3.2709632411592414e-06-3.886645973673349e-06j),(2.545192483087632e-07+3.144784855289412e-07j),(8.290378131654078e-06+1.35782587271412e-05j),(-1.787424926981283e-08+5.978987375344881e-08j),(1.0162481138987403e-05+3.3784615667589572e-06j),(-7.945990332882424e-08+5.065033480331102e-08j),(-0.000204480539496397-1.8633422802296398e-05j),(-0.00010831818380387197+7.055396838952139e-05j),(1.8863839984992365e-05-3.5106312937251134e-06j),(0.000149995261892034+2.6202140153964312e-05j),(0.00016864988438073446+1.1163494438342362e-05j),(4.912120273647994e-05-8.648742885371197e-06j),(-0.000355152379656593+3.422602549783341e-05j),(-0.0002580989276344432+0.00011865404841816582j),(0.5773502691896244+2.7755575615628914e-17j),(-0.00013605666494710835-3.1473868597764164e-05j),(6.32865644323806e-05+1.6029855049917424e-05j),(-0.00012185047277816477-5.431760548226586e-06j),(-0.0004518621317084184-0.00010763076280164788j),(0.00036961724540441877+1.2225063393787059e-05j),(3.3733099568522234e-05+3.1622769730073784e-05j),(-0.00018294086707622682-1.7606360966275717e-05j),(-5.298001371854354e-06+3.214808540815339e-05j),(0.00042675453268431116+8.91510892655478e-05j),(0.00046174199262163224-0.00013185065005438343j),(-1.3023268376195188e-05-3.3263328615775836e-05j)
1,(-1.0340701795048184e-16+2.5045696590935875e-16j),(4.1987843055850905e-16-5.441138365742786e-16j),(0.08876508175104891-0.0001256211993708109j),(0.2872842405147538+0.00016482620525487546j),(-0.00022323906317060118-5.860794926401801e-05j),(1.0297538852584441e-16-1.7614488525489082e-16j),(8.013448603523056e-17+8.480946311155659e-17j),(1.443738623540552e-16-5.963331052260041e-17j),(4.4316264078333957e-16+5.957959654543758e-18j),(-0.22417730634868682+0.00035671438456137683j),(0.7250167882118923+0j),(-1.3128813297801433e-16-1.4099750104072973e-16j),(2.5284141605707164e-18+1.2428384006706212e-16j),(-1.7921102555307665e-10-1.8886134551937523e-10j),(-1.101837065454205e-16-6.319144476035299e-18j),(3.5067507151824574e-17-3.5134648543948347e-17j),(-4.940011014932714e-10-6.22354919721589e-11j),(-3.63739016708715e-13+4.707024063415297e-16j),(-9.489088933993764e-13+7.068595197169393e-14j),(-7.424569644732646e-18-7.860100390301223e-19j),(1.5826147787985892e-16+6.46797059253878e-17j),(3.7998876417792803e-10+4.473027927695848e-11j),(-3.603931149032289e-10+1.2605036586115674e-10j),(9.368969947620529e-18+2.2213010733893008e-17j),(2.430700796551451e-17+4.461125875345158e-17j),(-1.332509842506643e-09+5.472908164030899e-10j),(-2.2461977559171535e-12-8.898653843076469e-13j),(-5.0518702746071644e-08-1.9394274075377782e-08j),(-7.303587908373482e-08-2.2927779308441507e-08j),(-2.8875639502927655e-12+3.2681494877169847e-12j),(1.4976652731371105e-14+8.768309475625575e-15j),(-0.005765346924144024-0.0004677225123105612j),(-0.015017584672778615-0.0008249183240385538j),(6.673021384902696e-10+1.2519272659956884e-07j),(-3.629164930532391e-14-3.638316939974141e-14j),(-5.3225347195387275e-11-3.485817105670466e-11j),(-5.371434078400508e-13+1.3687458046224948e-13j),(1.7947674836641555e-09-2.492267337935119e-10j),(9.677318883154588e-16+2.6468249238913165e-15j),(-7.230268510546849e-13+3.0826932227501147e-13j),(-1.5397894591811185e-14+5.054052334278771e-15j),(1.8164300932219442e-12+1.7550541991538117e-13j),(4.35669250159264e-14-7.891051973655683e-14j),(0.00021264085340637966+0.0001224667795994012j),(-8.553207312399368e-14+3.647992000910381e-15j),(-1.574375891251373e-13+3.269234646993e-14j),(-2.9923162765171464e-12+1.938925503296141e-12j),(-1.0129002240510694e-06+2.7798264210168573e-07j),(-7.148296111184531e-10-2.8518322987169835e-10j),(-1.6996713747771296e-06+9.083320789335306e-07j),(-8.532019431978967e-11-3.277930462283888e-11j),(-2.923130208269873e-09-6.723195317664899e-10j),(-0.0018776067161185065+0.0004914230482412715j),(-3.650110768395467e-09+2.9465299451326084e-09j),(-0.002062662358245347-0.0006268121713801476j),(4.941982834199441e-08-4.8695064427979855e-09j),(-1.6494272494451166e-09-3.602590936152787e-09j),(-0.008957559000232845-0.00023745551747174018j),(1.7937621131565353e-08-1.3009282619729947e-08j),(3.504911669925739e-08-1.7388524351796594e-08j),(-3.5756757180547156e-08+1.6643547723325562e-07j),(1.2863115576015797e-06-7.101130530698661e-07j),(-0.00012941420037339163+3.385966398244021e-05j),(1.4487040240503978e-05+2.463419216898215e-05j),(3.2688552036240536e-07+7.648237123189125e-06j),(0.00035997061428150276+0.0001047002701806792j),(-0.0004032639500019087+0.00018468335297612998j),(0.00022904700218519367+0.00020144784394882123j),(-0.0006288802483377096-0.00012410349429118223j),(2.1900367310632177e-07+6.515453870448477e-07j),(1.77314753851172e-07+2.5004167034776478e-06j),(-9.950935576368864e-06-3.34826496815579e-05j),(-2.854777820145227e-07-2.9289951530046294e-07j),(-3.4481638934935674e-06-1.133493937761717e-06j),(-6.140533617596389e-06-2.007961731400175e-06j),(0.00018747650775837642+4.059112703282251e-05j),(0.00010689701052824962-5.456191943476803e-05j),(6.931335186930871e-06+4.135157275814855e-06j),(-4.639074539107284e-05-1.4818547518003513e-05j),(0.00013091977064917909-4.2678295231190874e-05j),(-0.00016305456710130793-1.8299363570902206e-06j),(0.00025703827219932717-1.3774757783712293e-05j),(6.129797793486846e-06-6.886414375433874e-05j),(0.5773502691896266+0j),(0.00014632561757374165+3.915024136431961e-05j),(-0.00010264924565936579-2.501431834739866e-05j),(2.9563111625946508e-05+9.837238221578458e-06j),(-0.00033434685164175886+1.1451884493029568e-05j),(-0.00046792385833241743-3.734678324545786e-05j),(-2.8967236416895835e-05-3.6641673742428e-05j),(8.801807091961931e-05-6.017069579373357e-05j),(1.3934765714295266e-05-4.1132630972173285e-05j),(0.0001395599439877231-9.703125562682942e-05j),(-0.0005545995900860656+4.643335938370955e-05j),(-3.7134579266779035e-05-1.0002189610115476e-05j)
2,(-1.6731060954372886e-16+3.800709306401656e-17j),(-3.544071248555785e-17+2.052702303968872e-16j),(0.20419550698818079+0.0001633908164989234j),(-0.22058210985196897+1.3505661083608456e-05j),(0.00029730346989050255+7.610258538669026e-05j),(1.3408926930196643e-16+2.30496206399745e-16j),(-8.608251217587959e-17-1.357909908980981e-16j),(1.532765673655217e-16+1.7087316522451117e-16j),(-5.738020657982322e-17-2.1711554664847702e-17j),(-0.515783805045028-0.00035671438456086335j),(-0.5566546210988519+0.00036417138393912696j),(-9.256194054338477e-17-1.8841040776371402e-16j),(5.018995533617331e-19+1.0859174651050213e-16j),(-4.180083098273277e-10-4.4525172821439116e-10j),(-1.978773005779824e-16-5.77358214527685e-17j),(-3.873568650011826e-17+1.668293061784586e-17j),(3.1121293360698747e-10+3.303542297932608e-11j),(-7.229849598473009e-13+1.4795976448815624e-14j),(5.822760799855563e-13-6.692914625498461e-14j),(-1.1741745776446824e-16+5.259620409133671e-17j),(1.1406379857037657e-16+3.103202121703375e-17j),(1.3913905223360645e-09+1.9871623003542954e-10j),(-6.79905957486166e-10+2.4120798296925656e-10j),(1.2453455853161218e-17+6.718279646671198e-17j),(7.022958817115892e-17+2.4416766416959185e-17j),(1.3523516106769461e-09-6.457223413915892e-10j),(-5.7130284784282305e-12-4.899100440913963e-13j),(-1.319413849307768e-07-4.988837859128412e-08j),(2.3334288763527948e-08-2.0325701034377057e-09j),(2.5277194836308948e-12-3.538635371596307e-12j),(4.5602220931476456e-14+3.262868045112786e-14j),(-0.013356075297386914-0.0011503163648767679j),(0.011499711850802114+0.0006103408922101799j),(-4.3057258904181965e-08+2.9362378731476954e-07j),(-8.741554706422351e-14-8.901367698885753e-14j),(-1.2771678082883045e-10-1.3875698012491103e-10j),(-1.2407919756546932e-12+3.2365118861245995e-13j),(5.645045286079831e-09+1.4177890915645309e-09j),(4.2053090150148667e-16+8.51150900090148e-15j),(4.456357190197202e-13-3.241251532275289e-13j),(9.0864706980272e-14+3.5915263317370443e-14j),(5.216291201357515e-12+3.8555097465088845e-13j),(1.3992108031109744e-13-2.325494318297255e-13j),(-0.0002528700178963419-0.00013708855792026378j),(-1.580445947598297e-14+1.1186239623115205e-14j),(-4.0216169680019644e-13+1.3781393794289758e-13j),(-5.662694317518345e-12+3.5200678228274214e-12j),(-2.550129081384633e-06+6.972810990435131e-07j),(-4.721760536798634e-11-5.259197802578782e-10j),(-8.321767056172277e-07+4.359069583326031e-07j),(-3.845461736128241e-11-5.1188015314729135e-11j),(-2.334312579948576e-09-3.0309054037679024e-10j),(-0.0010973189370704346+0.00045533100527213625j),(-9.593999860093333e-10+1.6251990665340685e-09j),(-0.007932892335905923-0.0003091856423303018j),(1.6772744162086407e-08-1.4366542338336744e-09j),(-4.36065841861584e-09-1.683884491638891e-09j),(0.005892714384279069+0.0003980334167162544j),(-5.196796295732962e-08+9.802893102721427e-09j),(1.1891613396984606e-09+2.1943379392230205e-08j),(4.0430319660583e-09-1.1956862428449257e-07j),(-2.512865100937408e-06+1.745798322361792e-06j),(0.0003596379440420474-5.6068694686246264e-05j),(-2.7618846547360314e-05-7.76104184423909e-05j),(7.661861459578571e-06-2.9145887333979778e-05j),(-0.00017924724822772906-0.00022339999161790364j),(0.0011895213408873795-0.00011190973423775479j),(-8.16030567375663e-05-0.0004935104795506502j),(0.00045505841377551704+0.00011465680960235313j),(3.051959568040686e-06+3.235100587347719e-06j),(-4.3183400167919975e-07-2.814895189846971e-06j),(1.6605574443803763e-06+1.9904390956285623e-05j),(3.033520316271701e-07+2.33109641652032e-07j),(-6.714317238587451e-06-2.244967638764782e-06j),(6.219993521128712e-06+1.957311396815767e-06j),(1.7004031719014207e-05-2.195770423732198e-05j),(1.4211732628675e-06-1.5992048950212456e-05j),(-2.5795175169004308e-05-6.245259983870409e-07j),(-0.00010360451643335626-1.1383592740162806e-05j),(-0.00029956965501213326+3.1514800785381836e-05j),(0.00011393336437610766+1.0478679203640618e-05j),(9.81141074166452e-05-2.0451267675206142e-05j),(0.0002519691298253881-4.978990462166735e-05j),(0.577350269189626-6.661338147750939e-16j),(-1.0268952679117324e-05-7.676372698332674e-06j),(3.936268125124696e-05+8.984463260404312e-06j),(9.228736110597945e-05-4.405477600005899e-06j),(0.0007862089833157396+9.617887836802817e-05j),(9.830661304554097e-05+2.512171974616625e-05j),(-4.765863126515211e-06+5.01890401221209e-06j),(9.492279614340885e-05+7.777705680526986e-05j),(-8.636764335489762e-06+8.984545573277613e-06j),(-0.0005663144766202728+7.880166456249486e-06j),(9.285759753441974e-05+8.5417290667005e-05j),(5.015784763795199e-05+4.3265518226769846e-05j)
3,(-3.5214410312245877e-16-1.5839675538651176e-16j),(-6.804670358973808e-16+1.5343467718945426e-16j),(0.7250762620307423+0j),(-0.22381379056952047+0.0005010740734044394j),(0.5778024542954179+0j),(-9.976548909976267e-17-7.436852951398009e-17j),(-2.5092169247398416e-17+1.131152630238252e-16j),(-4.9077073006168407e-17-3.397083113477837e-17j),(4.3394822638944205e-17-8.726838859983386e-18j),(0.2867864461926632+0.000158322800575178j),(0.08880828131658208-0.0001208066129971333j),(5.0995125427712715e-18+2.1382160717392443e-18j),(3.984756968962259e-20-4.3035501893464864e-18j),(2.5373618918368e-10+2.421041353375872e-10j),(-6.0502577879182945e-18+3.413678043528112e-18j),(2.203901284469519e-18+2.0711776033564395e-18j),(-3.2387367876577076e-11+1.9511392351612947e-13j),(4.973355028944619e-13-2.6034106632653972e-14j),(-5.919800088270802e-14+2.042174657014471e-14j),(5.131363526843446e-19-2.65488916898747e-18j),(2.4148603739779344e-18-2.284379104961321e-18j),(-9.68687372028296e-10-1.1226092798037752e-10j),(5.328577061897237e-10-1.9998499613192298e-10j),(4.758007409641481e-18+1.148589581883594e-17j),(-1.2754922394736537e-18-1.490419487553031e-17j),(-4.311161958070872e-10+2.4409270407910705e-10j),(4.411319622854369e-12+6.048470017088775e-13j),(1.0379816380377479e-07+3.918169002760141e-08j),(9.068635468330505e-09+9.14849067187399e-09j),(-6.800520569411834e-13+1.217603297361359e-12j),(-3.441683227673242e-14-2.3870610845035603e-14j),(0.01106650305108008+0.000887731674349117j),(-0.0026717522282944284-9.219681171490049e-05j),(2.648202389139955e-08-2.433844540692724e-07j),(7.135878285124918e-14+7.103185005753888e-14j),(1.0718042083179333e-10+1.038265401879017e-10j),(1.0212204386409775e-12-2.7546352003895276e-13j),(-4.706022879290225e-09-8.925851337033727e-10j),(-6.790832202379258e-16-6.691554748689606e-15j),(-5.236143766561568e-14+1.169598149504351e-13j),(-5.663171605981336e-14-2.56812767228547e-14j),(-4.3279867184146146e-12-3.006120621347277e-13j),(-1.1372394857650492e-13+1.9320599513303594e-13j),(0.0013593420727724557+0.0002814925826340978j),(4.2387266291344656e-14-9.016444216893701e-15j),(3.535241127295105e-13-1.1364463732383024e-13j),(5.002030602739833e-12-3.2267260426314267e-12j),(2.240330492141572e-06-6.148797713815399e-07j),(2.905559287243284e-10+4.868322668710726e-10j),(1.2203312163509356e-06-6.599609687546256e-07j),(5.943855691036219e-11+4.842172079059253e-11j),(2.7654249173358057e-09+4.460608474590761e-10j),(0.0014901774948808373-0.0005305953228020572j),(2.0161704889826307e-09-2.2867330643665314e-09j),(0.006697653714467488+0.0004730781741123654j),(-3.0370069919514005e-08+3.16281747545343e-09j),(3.843672365604295e-09+2.5407816400112805e-09j),(-0.0009777146168696972-0.0001822900614374351j),(3.205397426720071e-08-2.4784508822126974e-09j),(-1.5142876953934916e-08-9.760769342121382e-09j),(1.0789649979524208e-08+2.563613549632057e-08j),(1.3335730001314353e-06-1.0082164398997514e-06j),(-0.00020541941342163897+3.787733032576726e-05j),(1.6305793444431143e-05+4.33748985974816e-05j),(-5.319047266443811e-07+8.588955366522395e-06j),(0.0008807368572277615+0.0002960258887069426j),(-0.0008027576055085073+0.00012493232616242537j),(1.5068718415854606e-05+0.00040308129298245j),(1.4697359620398415e-05-6.521071311048793e-05j),(-2.389937936853796e-06-3.0376606865757444e-06j),(3.4271881250296167e-07+1.042901179470578e-06j),(6.432970298109051e-06+4.055238610986467e-06j),(-9.371757826870298e-08-9.69271506685111e-09j),(6.424243133613852e-06+2.1459676629676497e-06j),(-2.2552806923778848e-06-6.603315053053311e-07j),(-0.00011934087001611352-4.65813317622723e-06j),(-6.065483163986677e-05+4.3583171985252035e-05j),(3.009252883297817e-05+3.7876738961067756e-06j),(8.939458923769671e-05+1.4569302799342541e-05j),(0.00017843487500427638-3.8940091945212975e-07j),(-2.0139918407758482e-05-6.309582864611014e-06j),(-0.0002448955751098526+1.1389557003480363e-05j),(-0.00022433280072211236+7.604192406624794e-05j),(-6.669375589470622e-16+1.769466606307439e-16j),(1.311248287682865e-05-2.5629927521174333e-06j),(-4.072273397993007e-05-5.436781333439934e-06j),(-7.744657101321051e-05+2.3037997152983383e-06j),(-0.00045227538472947536-7.775077129043109e-05j),(0.00012204433908031833+4.162642052844476e-06j),(3.679909297495488e-05+1.1913069503419968e-05j),(-0.00016447585306147107-4.328608933153696e-05j),(1.4095640994105924e-06+9.480757262320003e-06j),(0.0003710605383182372+3.956753033008067e-05j),(0.00017669915637274022-7.504286727192297e-05j),(-1.8808326949823328e-05-3.057390031847055e-05j)
4,(-2.3638285740996764e-16-5.768930085229714e-16j),(-1.0409050691782246e-15+2.28565798961054e-16j),(-0.5571324458225346+0.00025298708533369463j),(-0.5154575083890565-0.00014498678479205052j),(0.5775304554030355-6.414022106135397e-05j),(3.4975281021804175e-17-1.3255180351803416e-17j),(1.4232650269766757e-16-1.3025950816539837e-16j),(5.824057344286325e-17+8.442160354533981e-17j),(1.1588093239340315e-16-7.447391344126554e-18j),(-0.2201607232570129+2.998007408284986e-05j),(0.20428748194178112+0.00017726858284844438j),(4.8819297831093615e-20-3.98482147565634e-18j),(-7.734326744402145e-19-2.6973147499860324e-18j),(-1.9458528861469047e-10-1.8457464819782082e-10j),(-1.9760986381611438e-18-4.441816275287345e-20j),(4.946014479046205e-19+1.5883254986752169e-18j),(-1.7490264179027458e-10-1.7957351911443574e-11j),(-4.008390503945615e-13+1.852780847212587e-14j),(-3.7970166157595836e-13+3.046910752440667e-14j),(1.213474096846788e-18+3.670147315468509e-19j),(9.074350475449159e-18-1.3106867130508504e-17j),(6.840915392325439e-10+8.779326691346946e-11j),(-4.367783747708621e-10+1.6296171611337617e-10j),(-2.6172500212423787e-18-8.681148182318604e-18j),(-3.502430083762052e-18-9.411679833418567e-18j),(-4.1297598786762105e-10+1.4837371757618757e-10j),(-3.324358831407705e-12-7.429680387098831e-13j),(-7.76339905369841e-08-2.9657091233480332e-08j),(-4.062454914327322e-08-1.581622256819196e-08j),(-1.0298439350770648e-12+9.539644128583011e-13j),(2.4587161846716288e-14+1.6506407754577762e-14j),(-0.00856463635440766-0.0006972954400665896j),(-0.006345629536135005-0.0003104081185920501j),(-1.3338196899091436e-08+1.8730050237089679e-07j),(-5.448755508542361e-14-5.431003196607806e-14j),(-8.124770179260832e-11-7.077482857525513e-11j),(-7.914651845415604e-13+2.1055783289315735e-13j),(3.219596907831445e-09+2.730452724958798e-10j),(7.759134261555481e-16+4.77216954031092e-15j),(-3.410360283590283e-13+1.0194077949951171e-13j),(2.1087977430046497e-14+1.5953350554456157e-14j),(3.1820229926546147e-12+2.466378888758894e-13j),(8.124991652896024e-14-1.404876104951638e-13j),(0.0013152463047709567+0.0002656903707604266j),(-6.674229988186962e-14+6.963590282519483e-15j),(-2.5555274412693624e-13+7.54808561750586e-14j),(-4.471915064630381e-12+2.801556500136123e-12j),(-1.7101499190498088e-06+4.714487766270234e-07j),(-5.541296748993384e-10-4.1393373800162346e-10j),(-1.608949693071925e-06+8.419054773969946e-07j),(-7.859911696613031e-11-4.50164390306169e-11j),(-3.098244328387063e-09-6.459467694998263e-10j),(-0.0018484414858302295+0.0005283668036105831j),(-3.153186551757558e-09+2.822931004501846e-09j),(-0.004550853310813925-0.0006079398001279424j),(4.3892689516598266e-08-3.802895435507797e-09j),(-2.8866710395746906e-09-3.4038228696465123e-09j),(-0.004434697792770051-1.0651667313903493e-05j),(-6.188136035488193e-09-6.157048017100541e-09j),(2.5715194482898153e-08-4.548113459605346e-09j),(-2.510645412181327e-08+7.84041746749308e-08j),(-5.598960799441707e-08+1.6047173461205907e-07j),(5.548166503954444e-05+1.342641452232777e-05j),(1.5626656678818934e-06-1.6689859864448953e-05j),(8.584817177780065e-06-1.577126519241285e-05j),(0.0010860500146949606+0.0001618783259072856j),(8.878322209371892e-05+0.0002101250441360315j),(0.00018325918361469893+7.230133352358451e-05j),(-0.00018261409722085007-7.653378106441676e-05j),(1.322483466885294e-06+1.3856437041390117e-06j),(5.3797594927768554e-08+6.849966186611101e-07j),(-2.9364110251909484e-06-1.1389558412786262e-05j),(-7.30945245039616e-08-7.785513117354435e-08j),(-5.157260015076663e-06-1.7474251340580869e-06j),(-2.164427016563391e-06-7.178170862586954e-07j),(0.00011297145579084516+1.719983413442656e-05j),(6.268558765678043e-05-3.6234072797564715e-05j),(8.567086998813297e-06+7.718665780749206e-06j),(-8.154268446392223e-05-1.5883624251097883e-05j),(-1.3312580627406835e-05-1.3670645558307717e-05j),(-7.618402212307395e-05+3.36338600434404e-06j),(0.00015922134954570296-2.634164707359452e-05j),(6.970028921398749e-05-5.8038627692400975e-05j),(1.0041652199872695e-15-1.130178039245917e-16j),(0.00016804404683146124+3.3807021416562646e-05j),(-0.00011279885673566505-2.3944929582515533e-05j),(6.143284221380223e-05+8.952287667963453e-06j),(6.155410624486168e-05+4.637466481552405e-05j),(-0.00029893259021779485-1.112820935025014e-05j),(-1.5198596187498083e-06-2.423938468302142e-05j),(4.3676908011846634e-05-2.2612567479407903e-05j),(7.557501557032267e-06-2.7116844786434494e-05j),(-0.00011452597199063975-6.351399975482907e-05j),(-0.0003495112178775097+7.339920918804593e-05j),(-4.103972855617331e-06+7.335613009202053e-06j)
5,(-1.660965393797696e-16-1.4594862357593472e-16j),(2.989459627103048e-17-1.0075613013062254e-15j),(-0.16863205424859506-0.00042356305041171827j),(0.7406427467327008+0j),(0.5767106097723229-0.00027904775714595806j),(6.6399317800444015e-18+1.3696933680411301e-16j),(-9.317153316951076e-17+2.2074013300318644e-17j),(7.667393825743262e-18+5.5209771591190914e-17j),(-1.2487458890845463e-16+2.994626477065504e-17j),(-0.06657684575301329-0.00017552237530157888j),(-0.2930002181934265-3.068532843591987e-05j),(2.4153666012701178e-18-1.3880225158734391e-18j),(4.2900948847495496e-19+5.66500738427458e-18j),(-6.010999250420504e-11-5.7546515125625176e-11j),(5.86133365889418e-18-6.4553706514158836e-18j),(1.3864629124502764e-18+6.572694961585109e-20j),(2.0984630834598568e-10+1.8161945503106626e-11j),(-9.990421577030764e-14+7.426657569710318e-15j),(4.488765944455183e-13-4.973071754990741e-14j),(-1.0729125664279794e-18+4.394985498702919e-19j),(-1.040352434724656e-17+5.7074672305799425e-18j),(3.2965745211472145e-10+5.1853890073727064e-11j),(-1.0084494857582888e-10+3.83322313911018e-11j),(-7.171886313715875e-18-1.5939358541277514e-18j),(6.446328625882292e-18+2.438480779297611e-18j),(8.736210866608252e-10-3.976149453732162e-10j),(-1.1416683794735444e-12+1.2388481623151597e-13j),(-2.7399842638224043e-08-1.038692697188408e-08j),(3.240087239154899e-08+7.119342408310039e-09j),(1.782885303224122e-12-2.222734549007706e-12j),(1.0087666888821633e-14+7.944137111673201e-15j),(-0.002645682966773352-0.00024005642058936368j),(0.009337777026118453+0.0005259923243865145j),(-1.5139599586762185e-08+5.867893866094129e-08j),(-1.759236413512082e-14-1.7867237551391025e-14j),(-2.6109577951613087e-11-3.601993886835634e-11j),(-2.438207191495142e-13+6.609334849607214e-14j),(1.3131546428172024e-09+5.567937794849065e-10j),(-1.9004701904359721e-16+2.0200403911115945e-15j),(4.0970652293906697e-13-2.225179836122415e-13j),(3.6898149183712046e-14+1.0657077418235105e-14j),(1.2420365143672512e-12+7.261891905753471e-14j),(3.494126519971878e-14-5.588924662726718e-14j),(0.001081944461366726+0.00013272278991226233j),(2.5504136897117513e-14+3.007550478581635e-15j),(-8.415229472256129e-14+3.891452293790026e-14j),(-1.196714822681571e-12+6.608169855258778e-13j),(-5.871058111367813e-07+1.6181247643660948e-07j),(2.3871703596675085e-10-9.67562947286953e-11j),(2.9039377342426644e-07-1.7293992570300977e-07j),(1.6524279751360443e-11-8.581825988041584e-12j),(1.618483074833425e-10+1.0620835393851864e-10j),(0.000258593612423058-2.0939258935837328e-05j),(9.389707608477255e-10-4.690172485283065e-10j),(-0.0022308252388619806+0.00010326985373196665j),(-1.1552659636145859e-08+1.5786757170698518e-09j),(-1.0445374255145332e-09+6.416224572729223e-10j),(0.005666775279839917+0.0002847930046781219j),(-2.6378077046598155e-08+8.425642936298377e-09j),(-1.3847782392520306e-08+1.498830618710992e-08j),(1.5680389821013988e-08-1.0920066257357563e-07j),(-1.5124216944871899e-06+9.607942326693566e-07j),(0.00020220631969420754-2.4535378938021676e-05j),(-1.478964616024535e-05-4.464198127056741e-05j),(8.23415921148266e-06-2.4446238874967234e-05j),(0.0006780274715171822+4.214104366962899e-05j),(0.0005467947731740968+2.014115945666694e-06j),(-7.587034401449737e-05-0.00015693494458968114j),(0.000530941251933417+6.652743277271246e-05j),(1.0745229414442723e-06+6.446399106779362e-07j),(-1.4422103103493374e-07-2.1580598695960085e-06j),(8.253750246078616e-06+2.6661659856247734e-05j),(2.515761587012642e-07+2.5746783067963367e-07j),(-1.2275681043155795e-06-4.4102104186319283e-07j),(4.8339422113281985e-06+1.5966622693333843e-06j),(-9.994394253265254e-05-2.9554404157151012e-05j),(-5.8985623545826475e-05+2.5413268895014638e-05j),(6.786120541336345e-07+2.9763867855234204e-06j),(-2.8700702777029496e-05+1.191602319181072e-06j),(-0.00016234105446894588+3.440739249151581e-05j),(0.00010973325724888634+6.07679952298236e-06j),(-0.0001332173353609775-1.1542471615247837e-05j),(6.248611243463388e-05+2.0281079227515005e-05j),(-2.269665097450509e-16-3.653761081149627e-17j),(1.438530767888786e-06-1.1348817030875393e-05j),(4.110523783396851e-06+4.951284438989892e-06j),(2.7770136125217723e-05-2.372182965545584e-06j),(0.0004420834081666188+3.4556842813010584e-05j),(0.00023393021863835284+3.314138810316247e-05j),(3.135079839009636e-05+1.761404758909379e-05j),(-5.67095352299323e-05+4.556516182005525e-05j),(-8.459356584208502e-06+1.968354500511611e-05j),(-0.00027379021211747473+4.645459613348582e-05j),(0.00028211414188356596+2.2549565271895634e-05j),(3.812924797100384e-05+1.885438526606606e-05j)
6,(1.5931932964152553e-17-5.931278510638171e-17j),(8.562609242604903e-17-2.0058931610096632e-16j),(-0.004220610935638508-0.0002869709648706544j),(0.0010452120389105287+4.5881563094301035e-05j),(-0.0014771019977129866-0.00027973314130679407j),(2.7209990744944456e-16-2.1788311991899417e-16j),(-2.218558560966999e-16+1.1591238591738867e-16j),(2.1498419806828338e-17-1.3586579935156008e-16j),(-2.0854299344796826e-17+1.5805262448482265e-16j),(-0.024476145072319083-0.0018254878941149077j),(-0.005853441147818419-0.0002592041289434031j),(1.2217137582698625e-16+3.526643906813199e-16j),(-7.054477260015184e-17+3.6978146562274533e-17j),(3.4157151204115088e-09-9.982572677083477e-10j),(-4.779828784493442e-16-4.150645196821943e-17j),(3.741565796317818e-17+2.5859324952217833e-17j),(-6.964536919514389e-10+2.5137775242035024e-10j),(1.3294026835946586e-11-4.13060232563434e-12j),(-2.4330551836799396e-12+1.2631593246807556e-12j),(-1.2492589517370687e-16+2.098704089445848e-18j),(3.2728141585432996e-16-3.7736335016099066e-16j),(-3.871837414134742e-08+1.8923427613363504e-09j),(2.2486477324192778e-08-1.178637357781974e-08j),(4.751286232468044e-16+1.9273335621519335e-16j),(9.700158097290616e-17+2.1332338250028618e-17j),(-2.097382934182722e-08+1.4861788991289824e-08j),(2.1768229181132796e-10+1.3983013652353936e-11j),(5.516102451928624e-06+1.638389356445934e-06j),(4.388089906560213e-07+4.3816728148261735e-07j),(-3.1562606633635895e-11+6.592067615081744e-11j),(-1.7931791406227891e-12-1.0503998061200455e-12j),(0.6190653325642119+0j),(-0.17281240680449178+0.008897403392335537j),(1.895433252663101e-07-1.37296667632017e-05j),(4.15613744971346e-12+3.4171955804575098e-12j),(6.631996675137885e-09+4.9910896318387015e-09j),(5.483870983161756e-11-2.0194091805095662e-11j),(-3.1431948544930064e-07-3.413089179217019e-08j),(-8.530319657875916e-14-3.655164746662709e-13j),(-3.181030179179809e-12+7.514022590381124e-12j),(-3.3280599293155974e-12-1.1608374070433608e-12j),(-2.60267599884462e-10+3.330442160733975e-12j),(-6.015126566034829e-12+1.2210220831789702e-11j),(0.48180289976058777+0j),(2.5657292999395324e-12-6.954099765216835e-13j),(2.3667987272727815e-11-9.400190086872304e-12j),(2.4714110638820237e-10-1.9637762878949473e-10j),(0.00014123749860074267-4.8496291898592826e-05j),(1.648355793446531e-08+2.9112705406706356e-08j),(6.564493245764609e-05-4.50244005910939e-05j),(3.641226214072684e-09+2.477794370244625e-09j),(1.6326458219231083e-07+1.0124658229930836e-08j),(0.08416225354100362-0.04215608398285141j),(9.820738625360076e-08-1.461872604115394e-07j),(0.45535024767837173+0.00013305470712451917j),(-1.704647414385745e-06+3.9086892274104823e-07j),(2.5986444733031303e-07+1.2680316062629523e-07j),(-0.07607369413495929-0.006247171156798616j),(2.244405974242489e-06-3.72830198193363e-07j),(-1.2879614128633845e-06-5.457537841920821e-07j),(7.547530995140002e-07+1.8401897897142469e-06j),(7.387348070055636e-05-6.367443092289254e-05j),(-0.009142833936179262+0.005246384494078677j),(0.0013240299126352005+0.0012524012785766927j),(0.000937565571978593-0.0028481912369222803j),(0.33865245579947106+0.01027552403794374j),(-0.06743571192495991+0.05014208567598273j),(0.022715895364648322+0.05836002496783433j),(0.03277532373700508-0.02050116229888502j),(-0.0002046990031122233-0.00030348968067310587j),(4.565283433914161e-05+3.4388913324805884e-05j),(0.0020222512780655446+0.0017973799935263332j),(4.199374462883136e-06+1.359048999777246e-05j),(0.00046061144303060334+0.00011643224296710564j),(-0.0001428644855387109-3.2970285087074706e-05j),(-0.018736599804456088+0.0009578927856981551j),(-0.008671392137089964+0.0076505624655560794j),(0.006418516885291813+0.0007461335567268065j),(0.004230158152987075+0.001032411295829712j),(0.0139663601554334+0.000992279137681833j),(-0.0007073392641224852-0.0003594624871823269j),(-0.03875825273757145+0.003935438413462174j),(-0.023996993785216192+0.011938637532342592j),(-3.0408887775325754e-14+1.4197833679519679e-14j),(0.020039338281396056-0.0020416759681215185j),(-0.018691895785404783+0.00048089468231841655j),(-0.0040740532706017305+0.001171868295179543j),(-0.028816178354197756-0.004348910465083526j),(0.013179465356192613+0.0009632495523279848j),(0.00930500693856163-0.0003614326743284898j),(-0.029668255633053916-0.0007967654767358986j),(0.00029311032651934224+0.0007069600565490004j),(0.026057536194651794+0.0034491924941220664j),(0.021474859776480646-0.006276239284169662j),(-0.00020689753718493927-0.0029089415766438667j)
7,(-1.4566948489887023e-16+3.657769535792208e-17j),(-2.585800007978762e-16+2.9702230138183613e-16j),(0.0032941474203986277+0.00023172653824387636j),(0.002481756019980497+0.00013161311064173366j),(-0.0015232938229451075-0.00029055125376928673j),(2.749304946293058e-17+2.4013052024586828e-17j),(2.7097565707877235e-16+2.6819814682749054e-18j),(5.886311245926395e-17-1.4785673917080495e-16j),(-9.796539898567837e-17+2.469934973346359e-16j),(0.019117904976186477+0.0014774386944147924j),(-0.013922337381678897-0.0007549600314869682j),(1.351058391780809e-16-1.888718212227078e-16j),(1.7780929490262173e-16-1.684824886425543e-16j),(-2.689801481389293e-09+7.665336842677524e-10j),(-2.315151964449062e-16+5.571084738795528e-17j),(2.872404867813992e-16-1.9258964484358807e-16j),(-3.742249373036682e-09+8.103300853586286e-10j),(-1.1081425521678452e-11+3.2724664641163817e-12j),(-1.4891781276219566e-11+3.605622811766318e-12j),(-9.966066039143529e-17+4.872318499541212e-18j),(5.941553658945641e-16-4.460825916947805e-16j),(3.401591776520889e-08+2.0430749729446166e-09j),(-1.882264783625692e-08+9.816281323555704e-09j),(-4.663884197699126e-16-3.2990494589202823e-16j),(-1.0781656622681881e-16-3.5435144047482044e-17j),(-2.3474844731802383e-08+1.1480459690675724e-08j),(-1.674237700470068e-10-2.772074282982603e-11j),(-4.174948156502495e-06-1.279101698451179e-06j),(-2.4189824622907654e-06-7.36783482514029e-07j),(-5.5994513451101893e-11+6.150695755299247e-11j),(1.2691583922555875e-12+7.51410812819718e-13j),(-0.48720227054529497-0.0028169851234417786j),(-0.4270163583268033+0.00958614636887023j),(1.3701943726054756e-07+1.0625983362274573e-05j),(-3.2098853832335344e-12-2.6640654098998775e-12j),(-4.9051830399908585e-09-3.543134844482787e-09j),(-4.323606087147765e-11+1.566169591341961e-11j),(1.690244105395656e-07-8.151659536677593e-09j),(6.689223068734546e-14+2.626424952195304e-13j),(-2.1689760278932316e-11+8.876067360130554e-12j),(1.1254341337415681e-12+7.973573715084855e-13j),(1.9783038031580783e-10-1.3887304193563738e-12j),(4.280304883126943e-12-9.000259040131749e-12j),(0.4747635510934384-0.0010395344805882167j),(-4.32890635402092e-12+7.866494232050251e-13j),(-1.3954672843624483e-11+5.567091400720501e-12j),(-3.3117806363909744e-10+2.3763808366439413e-10j),(-0.0001118765303936092+4.1003035293286035e-05j),(-4.443331617309213e-08-2.625666665180684e-08j),(-0.00011821748307363935+6.929322026832936e-05j),(-6.069418493188798e-09-3.0593863580722507e-09j),(-2.33730682747587e-07-3.68516428879725e-08j),(-0.13738993935493998+0.04441384396683817j),(-2.3094290206372488e-07+2.2206738458646165e-07j),(-0.30198531755263996-0.0244602827070277j),(3.324881741807694e-06-4.165032405647307e-07j),(-2.1519633399655169e-07-2.475272755186703e-07j),(-0.33712774932222056+0.01896447830319708j),(-2.3602890347202867e-07-4.913548016766668e-07j),(1.5803148587591017e-06-4.4290395678346427e-07j),(-1.5338725007121008e-06+6.099309631731642e-06j),(-8.869748185210712e-06+1.801018274731752e-05j),(0.007706558695662304+0.002542945201114648j),(0.00011583051467069293-0.002597519566710384j),(0.0014227477377748519-0.004455299717972882j),(0.34966746297576634+0.0002414137519236581j),(-0.008433289291688089+0.052154677935130955j),(0.03319474010313119+0.0357276620289307j),(0.016729997213684178-0.02075144506330818j),(6.670533710155052e-05-1.865790658518331e-05j),(2.479882537017054e-05+2.1175548655734055e-05j),(0.0012729343573066904+0.0006541576343180593j),(4.153409000753304e-06+7.577371716989905e-06j),(-0.00035487002385195-0.00010117412909291625j),(-0.000159760930665363-4.511775736841796e-05j),(-0.0021718210491937094+0.0015780809934714827j),(-0.0002500049074896379+0.001490471801728899j),(0.004949298631708728+0.0011057217707907063j),(-0.007632159933181919-0.0003401346235101692j),(0.001439524110487743+0.0007640178766797344j),(-0.0050741462805871055+0.0005243311419518133j),(-0.010428694036338577-0.0004094664524299783j),(-0.004591436815046619+0.0012901487308217652j),(4.702458599706213e-14-1.643659502812134e-14j),(0.030981292684554733-0.0001257660989102006j),(-0.023831644530002208-0.0005288973532834554j),(0.005455786694964168+0.0010392184775268752j),(0.005165174132674522+0.001809477374842808j),(-0.01714336820660989+0.001588220741352845j),(0.006361769637262606-0.0027776110228719727j),(-0.014959508019631532-0.0005136629931397655j),(0.0005994245091268688-0.0019472321796364523j),(-0.006699882782588656-0.0017678503921508102j),(-0.01560658132463202+0.00619271771045362j),(0.0007999188711172689-0.0004426139868133626j)
8,(6.924247413495653e-18-3.760973467864898e-17j),(1.3364402940939814e-17-6.214895182642204e-17j),(0.001016993501407751+7.808331062313117e-05j),(-0.0037061816062724123-0.00022465054098533472j),(-0.001662078207793397-0.0003266274663368454j),(-1.400272275200022e-16+1.4264715916336359e-16j),(2.555453263048735e-16+3.819030392556657e-18j),(-2.1938323249611475e-16+2.138361090286061e-16j),(4.4159652009891517e-16+2.927706100732922e-19j),(0.0059100516958154985+0.0004981658101195895j),(0.02083318956912624+0.0013064889372103473j),(1.0396482374478665e-16-1.1894362976357575e-16j),(-3.030028268938543e-17+4.0192192607387465e-16j),(-8.693825226288832e-10+2.333230775094538e-10j),(5.812840193603338e-16-5.058240533063041e-16j),(-5.74170887356589e-17-3.4262911137601404e-17j),(4.868947222306193e-09-1.0210471929267544e-09j),(-2.7313015089195777e-12+8.853675854188069e-13j),(1.90198999982357e-11-4.777001046434256e-12j),(-2.3707724615565303e-16-1.3617644733588764e-16j),(-3.2884244956132933e-16+5.548501248610661e-16j),(1.9463648675654784e-08+2.3092492973441446e-09j),(-4.155315972243719e-09+2.2432780126378845e-09j),(-9.289954795429124e-16+2.3850358669553294e-16j),(1.2509028693276138e-16+1.873007805687254e-16j),(4.9204219513797926e-08-2.7518878771526284e-08j),(-5.852395015561257e-11+1.2304381063719288e-11j),(-1.5348200269988425e-06-4.726979626145176e-07j),(2.1309504183848494e-06+3.693348899513366e-07j),(9.900263515910995e-11-1.3655091665665024e-10j),(5.523751525566581e-13+4.0938051726203316e-13j),(-0.15373399375269142-0.0031069502462131027j),(0.6576721794336272+0j),(-7.506112977627195e-07+3.4390361237769934e-06j),(-1.0640727693593669e-12-9.096227781775482e-13j),(-1.659374287104928e-09-2.132173506795371e-09j),(-1.3574898847815032e-11+4.997345396776296e-12j),(6.287221767218547e-08+2.7284597200950632e-08j),(-9.02874889471435e-15+1.2291097324140895e-13j),(2.7719131112024926e-11-1.7174071945631443e-11j),(2.4299480991142037e-12+5.006945440812199e-13j),(8.285693621845048e-11-2.3904027915365505e-12j),(1.999120965720216e-12-3.821131403818715e-12j),(0.4349938599082208-0.01410474310466775j),(2.1309656322634876e-12+1.3187736726929363e-13j),(-3.5407603165945825e-12+2.6602449414040025e-12j),(-1.2296681060633486e-10+7.896548120620799e-11j),(-4.062222933515321e-05+1.567323591396135e-05j),(1.6118401998303004e-08-8.268730888512254e-09j),(1.756852463623016e-05-1.4206458966577476e-05j),(1.1020208311944532e-09-9.660943900508586e-10j),(5.811750648777426e-09+4.40704815932152e-09j),(0.016169177834995586-0.004658913787759117j),(6.202412279445607e-08-3.862361225351935e-08j),(-0.15763489798460126+0.0184413972945806j),(-8.087539985715348e-07+2.2636687151572264e-07j),(-7.693848155506103e-08+4.604490052359594e-08j),(0.4673121781698801+0.0001095798685175689j),(-1.9551932416377958e-06+7.561603178000117e-07j),(-1.3531179383948153e-06+1.33284605520174e-06j),(8.101331987168103e-07-9.038179388418313e-06j),(-0.00012854981900130633+9.382374783998558e-05j),(0.02033716454573932-0.0014360207502096259j),(-0.0014209285276536566-0.004962790028655428j),(0.0013015633475631629-0.005088216327418347j),(0.30167537506189057-0.011323136460912292j),(0.03289614480505846+0.03165633092737147j),(0.01104007653100249+0.014869998805349715j),(0.07298382681477251-0.011703359578789502j),(5.8453867178397074e-05-5.3994395751323204e-05j),(-6.994011413168311e-06-0.00021077068303906958j),(0.002249668159366086+0.0035529170462787773j),(3.2071277878273545e-05+3.269027462723353e-05j),(-7.348252643555313e-05-2.6547399958859016e-05j),(0.00042714023399433655+0.00011511696264093193j),(-0.018286473100233527-0.0011500956362566137j),(-0.00913764557610369+0.006561734344067849j),(0.003963697416608354+0.000678845224386575j),(-0.0037983143456585067+0.0007128593320381967j),(-0.011438706964640949+0.005176507362866761j),(0.009989227984346096-1.999044263389585e-05j),(-0.03148906439681113+0.002077470131395663j),(-0.0030801464424471403+0.007000622041420682j),(-1.642115951697112e-14+4.73841899388981e-15j),(0.016656532135006424-0.0031075475720762982j),(-0.01351323164981403+0.0014259619276922862j),(0.0031495655403572615+0.0002294798350633894j),(0.038335097702013717-0.0002590783853638149j),(0.0249023211616483+0.0027419656181270798j),(0.008715307740534273+0.0003483698308141777j),(-0.021055321227194508+0.005752041453826476j),(-0.0004971770998731883+0.0018153002638901345j),(-0.021315200747655097+0.007394481660864799j),(0.03339686241227829-0.00020363716750465902j),(0.004303392916842441+0.0005114963810681479j)
9,(-1.2221059878618338e-14+2.4166542362620465e-15j),(3.981254348921754e-15-9.755888201142953e-16j),(3.6426656625331636e-05+4.978612858054375e-06j),(-7.444273987909416e-06-6.873837377494193e-07j),(4.996275584813498e-06+2.033269309386469e-06j),(2.7308680415885643e-17-4.9705508676113124e-17j),(-1.8043253280257313e-14-3.2324595977107814e-15j),(1.6946567178972012e-17-4.445352368222602e-17j),(-1.7119856474926538e-16-4.71321985865848e-17j),(0.00284877377981289+0.00040617509104608966j),(0.0005536002291519821+4.970447573217568e-05j),(1.1700091553590014e-16-6.63173840423938e-16j),(-1.0073475474793073e-16+1.0914398477343655e-17j),(-2.5721172737954312e-08+6.302500441157455e-09j),(6.86428003140497e-17+5.827891140033377e-17j),(2.741742192549794e-16+7.64825371833338e-17j),(6.218100733951908e-09-1.7904852374181563e-09j),(-6.686596850744766e-11+1.7283017057072322e-11j),(1.5462476144357792e-11-5.82107890009847e-12j),(1.0048966496498335e-15-3.922760859524324e-16j),(-2.5988392970048063e-16+4.450524327843818e-16j),(7.778532182911933e-08-8.935257146593487e-09j),(-6.083898293654623e-08+2.6912835268195233e-08j),(-4.180212040874094e-16-1.6350566683843018e-15j),(5.9089536124653065e-18+1.0868749320112745e-16j),(5.098049540090917e-08-3.141729033623341e-08j),(-4.111067355865384e-10+1.6040004809529153e-11j),(-8.001470448036843e-06-1.6426625991949325e-06j),(-2.459570425948886e-07-4.3140200897546034e-07j),(6.479354267352665e-11-1.523423056305891e-10j),(3.45952583821268e-12+1.5124189925180774e-12j),(-0.4593781683582918-0.00023837973671293755j),(0.12811614975536756-0.006544943933164765j),(-1.3566472541375575e-06+1.0073243993825242e-05j),(-4.476564933437513e-12-4.4195658474436815e-12j),(-4.1689554142150275e-09-5.533306410225713e-09j),(-4.838667006425939e-11+1.155533292174476e-11j),(6.314442739853891e-08+7.240285527455339e-08j),(-1.417378178184966e-14+3.115045420256103e-13j),(4.825557842954821e-12-4.8024119750305025e-12j),(2.5432049484108547e-12+1.0179416495087346e-12j),(-3.46679981631699e-11+3.745084514825836e-11j),(-4.798350285611727e-14+2.269889888839933e-12j),(-0.3557711286591583-0.00014742632042723247j),(9.941410495957505e-13-4.111827203493384e-13j),(9.183684301824255e-12-7.44977062495153e-12j),(2.4951235878934866e-10-2.344547221113117e-10j),(0.00013909391309245293-6.008653357723681e-05j),(2.254742099011009e-08+3.003242593217052e-08j),(8.487565836945448e-05-5.986090213953951e-05j),(4.701568311170388e-09+2.903100963318321e-09j),(2.0468433397179105e-07+1.0948899897873683e-08j),(0.11393623580179296-0.056593620032970395j),(1.36190646153113e-07-1.9242261694334953e-07j),(0.6107438962025286+0j),(-2.3595882220601818e-06+5.152342393641684e-07j),(3.3721381117630276e-07+1.7520206309825254e-07j),(-0.10179259626957478-0.008356832876150664j),(2.8714294110438037e-06-4.770801501074432e-07j),(-1.7025314902905373e-06-7.708950303795892e-07j),(1.1262907236908355e-06+2.48334083196259e-06j),(0.00011009560719442786-9.887381961971713e-05j),(-0.015006840181598773+0.007672803886792008j),(0.0020463825966440525+0.0022918340155450925j),(0.0012070514056720736-0.0035584962592143735j),(0.45578162645635434+0.015450429655329334j),(-0.10146400057077284+0.06794215568403739j),(0.029507252356326633+0.08290793959235145j),(0.04553505325772239-0.027961937918641086j),(-0.000338695789185747-0.0004535796740670479j),(6.967966465218646e-05+5.631798617687338e-05j),(0.002842572142142101+0.0025456041354834646j),(7.6013474576213885e-06+2.316031865100289e-05j),(0.0007700522353613488+0.00019338472492150906j),(-0.00023844022354756666-5.486952290861397e-05j),(-0.0280217885509079+0.0013204553744684197j),(-0.01306150770207212+0.011404274485238808j),(0.010688129528426238+0.0012380255766395129j),(0.007003649516991737+0.0017064296818652513j),(0.022003383033221365+0.0013336060131333375j),(-0.001169937921786692-0.0005934679848000178j),(-0.059767446019896045+0.006133417651668135j),(-0.03757220044202129+0.01855700802512071j),(-4.580129966248211e-14+1.6999829816029397e-14j),(0.03248755274167725-0.0033321496710810306j),(-0.03059989818775775+0.0008034755942631124j),(-0.006730696324154496+0.0019383571682878196j),(-0.046561968685630055-0.006795762769825964j),(0.021302532318465434+0.0015331517358120389j),(0.01503027653723767-0.0005812672981626178j),(-0.0464413495348372-0.0013508689210184298j),(0.00047372727545800803+0.00114730871426796j),(0.04222706348113433+0.005403314747022145j),(0.03422402731299929-0.010109700887787593j),(-0.0004216257202817981-0.004617880581533926j)
10,(9.926682001253422e-15-1.9514863909485496e-15j),(1.0552281729112124e-14-1.948053911015507e-15j),(-2.859024676425024e-05-4.028675647835614e-06j),(-1.79084012922027e-05-1.9121149347574186e-06j),(5.691475592418106e-06+2.2790139919709494e-06j),(-5.537210543796064e-17+6.667157014488977e-17j),(-4.3027129062452906e-14+1.112997683533101e-14j),(-8.492862712268604e-17+6.677537386112495e-17j),(6.064898507518947e-17-1.1088093011952311e-16j),(-0.0022368149127619565-0.0003290748817813972j),(0.0013333113754233732+0.00014000206079759707j),(-4.624548991455739e-16+3.0991371935620397e-16j),(-1.6758691344335521e-16+2.0584932649327825e-16j),(2.0329490525367997e-08-4.824882250067716e-09j),(8.833078790305976e-17+1.8525629459795036e-16j),(-1.288829862613782e-16+9.280204447613527e-17j),(2.7495314236312587e-08-5.2805941224962595e-09j),(5.677361057100842e-11-1.3635023740126771e-11j),(7.303651936783612e-11-1.4942946672423052e-11j),(-7.571854854319591e-16+2.597196505219916e-16j),(-1.5725529010446733e-15+6.108539980995073e-16j),(-1.2076045264859833e-07-1.5865949192948138e-08j),(5.084716867978558e-08-2.2913119415330955e-08j),(3.641059365482744e-16+1.4880761212503089e-15j),(-2.97960013692806e-17-2.3815867535862297e-16j),(6.835590196090912e-08-3.0300318061737256e-08j),(3.1625568320252e-10+3.0300968248546996e-11j),(5.969969082240228e-06+1.263276997704103e-06j),(4.096633640821536e-06+8.544168927244033e-07j),(1.3623374220222605e-10-1.8112356861099593e-10j),(-2.3190001116844154e-12-1.1548755965839057e-12j),(0.3615236915164435+0.0022748985974224978j),(0.31657540290949227-0.0069876352329164j),(1.1566122331445926e-06-7.596771485025554e-06j),(3.431907743140251e-12+3.399428507939679e-12j),(2.6623353513265672e-09+4.519865480421172e-09j),(3.772374802667822e-11-9.33421665906248e-12j),(8.439638636314476e-08-1.4803037969461646e-08j),(4.4295799212192177e-14-2.2712616892383392e-13j),(1.773458861050283e-11-6.709023556086679e-12j),(-2.6487910524634044e-13-5.389934227931018e-13j),(1.7512820930039903e-11-2.263623198092044e-11j),(3.5674252411731205e-13-1.6307720692005555e-12j),(-0.35072608823873536+0.0006649083152514973j),(-1.3839786877427056e-12+3.6945477126240463e-13j),(-1.138416616077173e-11+6.182460199624936e-12j),(-1.3406722484164385e-10+1.5389130661875474e-10j),(-0.00010768983323855962+4.53736347088275e-05j),(-3.86066361843738e-08-2.4824019930060007e-08j),(-0.00012369715771515374+8.20717128731849e-05j),(-6.347904353162127e-09-2.5558525734930387e-09j),(-2.438705700894097e-07-2.955072353562827e-08j),(-0.1628410002095181+0.060193491236580486j),(-2.573671621649548e-07+2.5855913561645077e-07j),(-0.4118376393651961-0.030728697184903397j),(3.947832728494244e-06-6.075429973979493e-07j),(-2.6880001471040486e-07-2.9395693373622294e-07j),(-0.457030679817461+0.02688038317561668j),(-4.285869583943094e-07-5.884033715632442e-07j),(2.2627167867845936e-06-6.645276114720679e-07j),(-2.0073830759611166e-06+8.266137648870328e-06j),(-1.0611134774396694e-05+2.3033463074096393e-05j),(0.010450963898274428+0.0034970419782982508j),(0.00015429035570908032-0.0035225637330758624j),(0.0019281505516612792-0.0060405940509563666j),(0.47332868311412235+0j),(-0.010910042197153719+0.07096133220306383j),(0.045415103443263515+0.04820484023607373j),(0.02096400009270287-0.028295865259648445j),(0.00010321684361704267-1.5186755381039674e-05j),(3.657247843902974e-05+3.548942361562337e-05j),(0.0016755709586332482+0.0007890237658201376j),(7.462208672302927e-06+1.305003506127998e-05j),(-0.0005928223155903789-0.00016852321041017806j),(-0.00026725039937724164-7.532651849569849e-05j),(-0.0019809915787980035+0.002184558980878582j),(0.00015374299142798716+0.0016630656436876815j),(0.0082500719098589+0.0018372565726354501j),(-0.01266226749937022-0.0005576625167625761j),(0.0020110082517590068+0.0010321748668343576j),(-0.008408936327057474+0.0008732520758907911j),(-0.01455238016308966-0.0010070334689461962j),(-0.006543207936147765+0.0014383647114525498j),(6.788126181512287e-14-2.3901705390206734e-14j),(0.05047252805117123-0.0002132355880067674j),(-0.03907586703211087-0.0008524053316798421j),(0.008992482305317767+0.0016984559964567832j),(0.008237348808548714+0.0030561808301305345j),(-0.028152463112005473+0.0026245211810843414j),(0.010205416949749723-0.004524741917063094j),(-0.022754625461730127-0.0009695495923660001j),(0.0009570124393139107-0.0031779584285147097j),(-0.010974210781922246-0.00299353633936769j),(-0.025811692916103218+0.010210995559354865j),(0.0012203164734292753-0.0006346474041771822j)
11,(2.9876478618716213e-15-4.901179531092451e-16j),(-1.6154458982603627e-14+2.7107973192191092e-15j),(-8.895959988497546e-06-1.3351300454586033e-06j),(2.7213756386900906e-05+3.291068075206943e-06j),(7.340631458999925e-06+2.891542186222615e-06j),(-4.0587434833174053e-17+3.3111461164090526e-17j),(-4.008513709423428e-14+9.022463050371179e-15j),(1.205492925317911e-16-1.1117924900465525e-16j),(-4.5144017847812393e-17+6.063754537894723e-17j),(-0.000696677619845351-0.00010928769019148715j),(-0.0020293232969035638-0.0002438613839297794j),(-2.4875690981167823e-16-5.281954546578169e-17j),(1.7020491002839016e-16-3.4764252868085255e-16j),(6.62345735882086e-09-1.4619314845401608e-09j),(-1.8128131491327285e-16+3.409471924083291e-16j),(4.436648733198043e-19+1.5061634788049935e-16j),(-3.676059490621235e-08+6.700119671319551e-09j),(1.3190243070671875e-11-3.7654664817886686e-12j),(-9.647961319339025e-11+1.9962512306523218e-11j),(-4.885248302840101e-16+2.383463611737614e-16j),(1.8496723559395423e-15-1.4669514558958315e-15j),(-8.50979224237691e-08-1.4861186490580777e-08j),(9.408682571639517e-09-4.844965053259281e-09j),(4.367511265837668e-16+3.4540778328140655e-16j),(-2.2827082457742827e-16-1.8239503094953005e-16j),(-1.293388230621406e-07+6.3816391687969e-08j),(1.1072877294007221e-10-4.510336173884899e-11j),(2.325664327007496e-06+4.970748299857127e-07j),(-4.094363763121014e-06-5.230546927911053e-07j),(-2.2298364494232407e-10+3.5381617369029386e-10j),(-1.1205404913530817e-12-8.014491139248798e-13j),(0.11406319423013911+0.002361152817768414j),(-0.48749631272605265-0.00015868660662288203j),(1.4485525665689076e-06-2.326900048279733e-06j),(1.1641854624394608e-12+1.1844444214066786e-12j),(4.969252666672696e-10+3.0051313010359907e-09j),(1.1659032960240561e-11-3.2613226990289465e-12j),(7.211884418453216e-08-1.2315822345175336e-08j),(8.029171829553562e-14-1.1547480022036213e-13j),(-2.499008842996725e-11+1.1885031040564787e-11j),(-2.467926744689255e-12-6.401762726564112e-13j),(-2.092816931891236e-12-8.090425300219904e-12j),(2.0928350275847335e-14-3.797070341381875e-13j),(-0.3211127708407868+0.010303066646056888j),(2.7433584402589396e-15-1.0388551356587289e-13j),(-4.9885600792231774e-12+2.855764099295676e-12j),(-1.0813719387545542e-11+1.853356093311056e-11j),(-3.775249320412689e-05+1.5603722396028226e-05j),(1.705549192769398e-08-8.403559130825917e-09j),(2.254363295018907e-05-1.8742197495189522e-05j),(1.2764071189889104e-09-8.933927266658638e-10j),(1.5364829235657312e-08+5.020439140114632e-09j),(0.022896585308444736-0.006409056990988997j),(7.782806183622163e-08-5.132099841347932e-08j),(-0.2115494409379824+0.02492624456820844j),(-1.0546826564757297e-06+2.8927661604027087e-07j),(-8.99928733798436e-08+6.280571969473978e-08j),(0.6272748260479406+0j),(-2.4913949047668534e-06+1.0037161538550593e-06j),(-1.67619174037852e-06+1.7869660204552001e-06j),(1.0300802887602114e-06-1.2142345126730691e-05j),(-0.00017809232400013876+0.00013383304997662094j),(0.028958808977131843-0.0024227262404016587j),(-0.0021569480222356297-0.0069811414983411355j),(0.0017554364856374365-0.0070329920357608215j),(0.4054195205413118-0.015466310230304814j),(0.050498108170165555+0.0405242235500633j),(0.012116516909778417+0.017675277844243234j),(0.10782427915587817-0.014791072597151483j),(8.855952189192756e-05-7.332807014138131e-05j),(-2.6024086690872614e-05-0.0003271838409070119j),(0.003223201844641678+0.005267491255599428j),(5.444538762972923e-05+5.5114587986855766e-05j),(-0.0001224611150574891-4.433290487452223e-05j),(0.0007163759642104873+0.00019197748199745364j),(-0.027344230666704605-0.0019716602689981433j),(-0.013797913021925762+0.009709834947113187j),(0.006610496176106578+0.0011284195438992883j),(-0.00630538714255634+0.0011855004718231508j),(-0.018258004461857352+0.008098997232778724j),(0.01656613979843551-3.6851636275655065e-05j),(-0.048265026465526495+0.0030984132303389263j),(-0.004245288823085108+0.010573796625700169j),(-1.9849137089468053e-14+4.506852726597034e-15j),(0.02698871655474163-0.005058210077867489j),(-0.022092319213190048+0.002339933292378387j),(0.005186132945873501+0.00036840001271094456j),(0.0612693207858319-0.0003721314646962272j),(0.040359845109754565+0.004404968074086562j),(0.014087199029179303+0.0005805743166951332j),(-0.032637861134219695+0.009105617721037625j),(-0.0008021061851782689+0.0029498685258695823j),(-0.03452598562927923+0.011880519518955432j),(0.05345616493952919-0.00029246701536718434j),(0.006862789445126203+0.0008757347911334783j)
12,(7.97145687821931e-11-1.3105267260846354e-11j),(-2.5694515556495628e-11+4.693109837320606e-12j),(-1.6686626255301192e-08-3.4450993072134598e-09j),(2.8602478986699962e-09+4.129814689163236e-10j),(-6.441566302653256e-10-5.079372840626923e-10j),(1.0825922889993761e-16-1.889690100488921e-16j),(1.613158553282483e-10-1.6761534252260382e-11j),(4.6843383293797765e-17-2.294300075701223e-16j),(8.912715346163103e-17-1.2327180436760763e-16j),(-1.597820597766006e-05-3.2787104358599336e-06j),(-2.6058447101552466e-06-3.521911047359966e-07j),(-1.0619091824563344e-17+4.474671113766815e-17j),(-9.313001830491581e-17-1.0754022990780585e-16j),(3.7981585071843286e-06-7.897143687165948e-07j),(8.864131909898108e-17-9.192510977034394e-17j),(-2.2259036550584194e-16-8.309318303006407e-18j),(-1.049970472232617e-06+2.4765131072085083e-07j),(6.701217264631741e-09-1.4090170228705724e-09j),(-1.8427241442983316e-09+5.232775332594364e-10j),(-7.400907938972591e-14+3.7697426497126065e-14j),(3.197280881472361e-14-2.0505413172450745e-14j),(1.03074004564503e-06+1.0561196764563857e-06j),(3.3822363960678197e-06-1.20104825708102e-06j),(8.690909007748847e-15+1.070021994899639e-13j),(2.623687547186266e-16-4.000993985151468e-15j),(-2.600025625456242e-06+1.343093010215739e-06j),(1.490872792501501e-08-2.5720780520040418e-09j),(0.00020262935304178885+1.3637821859463855e-05j),(-1.3334294268032782e-05+4.066637128934525e-06j),(-2.7676500003099876e-09+7.336393903542708e-09j),(-1.2934594329083217e-10-2.645094716266277e-11j),(0.01070846110710682+1.0027297977758046e-05j),(-0.002974234731588677+0.0001522525082508924j),(2.6771161714919723e-05+1.48299962644787e-06j),(6.186908054657237e-11+9.179283104014722e-11j),(-2.2540661775209838e-08+3.664234273285124e-08j),(3.280178603413642e-10+1.6963881172423598e-10j),(2.0290191515929837e-06-8.633141745805277e-07j),(1.4372062925064933e-12-7.050968319381445e-13j),(-9.113758611859947e-11-2.9089632055452467e-11j),(-4.902405155174885e-12-6.1441855029953164e-12j),(5.538584911064622e-09-4.763813196164165e-10j),(1.095257211966676e-10-2.506194213635524e-10j),(0.008206566855762105+2.0819232520703258e-05j),(-4.675729417756211e-11+1.4932327664833867e-11j),(-3.940939020514053e-10+1.3736530026398855e-10j),(-5.368416263242032e-09+3.17515294284489e-09j),(-0.0016941594263380258+0.0003052075208266939j),(-1.1094672157992504e-07-3.084655776463565e-07j),(-0.0002757696784507379+9.78534539036957e-05j),(-1.6441890404386447e-08-2.2489023183932825e-08j),(-8.789986778686636e-07-1.271578105502124e-07j),(-0.07596542855951513+0.020474442967187298j),(-6.344425293425482e-08+3.6496648141676473e-07j),(-0.13009830978783882-0.0075991202458131415j),(-3.2729195098473265e-08-4.889657681525752e-07j),(-6.101079909027057e-07+7.781288929108952e-09j),(0.046917865220571266-0.0039539203943757175j),(-5.593640583208752e-06+7.417992317306351e-07j),(7.488189143408388e-07-1.0155769747898779e-06j),(3.922556510245136e-06-2.0547596025146346e-07j),(0.0004101652335351515-0.0005186647016274272j),(-0.11054029491054806+0.023738200917408595j),(0.010880694323325484+0.02498862990927116j),(-0.002517803196615352+0.012805253589685584j),(-0.12372633388788068+0.07133851845134292j),(-0.4322820382709875+0.0011078943316698564j),(-0.0510871526713573+0.1639799024997033j),(0.039787222825052294-0.006517430690280487j),(-0.002697125941080176-0.0017855056797133114j),(0.00035047143873211204+0.0004475597037508579j),(0.004123365415853723+0.004353782719100392j),(8.723691692716758e-05+0.00021488009249021577j),(0.0066595845160378146+0.001631810194544577j),(-0.002051164835087486-0.0004684102817565936j),(-0.11187753697246261+0.0006970240774204009j),(-0.05593173472812216+0.043966264481989994j),(0.08939027608566802+0.010240562932719813j),(0.05833354514821897+0.013937009289142776j),(0.1358075601858019-0.0012790014174952694j),(-0.009817462026888638-0.0048314262359725225j),(-0.31169593031096093+0.03432617661925655j),(-0.2208092014275604+0.10289138138799385j),(-1.6328127135211215e-14+2.0473507584414967e-15j),(0.23355976697183878-0.02465521106466012j),(-0.23306088938710834+0.0064454036128886935j),(-0.05528383854629304+0.015598986234601288j),(-0.33691349235584966-0.04012835821490615j),(0.15287108826086104+0.010003932574433577j),(0.10642671134641733-0.003632106448946938j),(-0.26988283069436964-0.01311706786852937j),(0.0033691611124322405+0.008487502381186986j),(0.310185750602088+0.03193650585783708j),(0.22527082488661382-0.07138293211457626j),(-0.006894525823777052-0.02979356049952505j)
13,(-6.392475574125999e-11+1.0063622191639898e-11j),(-6.836697024995335e-11+1.0477556874444469e-11j),(1.3137310243013412e-08+2.785980792034478e-09j),(6.918394582191713e-09+1.122876365559156e-09j),(-1.0783890505852559e-09-7.094431343559733e-10j),(2.249165913270312e-16-1.5002397829575983e-16j),(2.2160045970813343e-10-4.430128738328448e-11j),(-1.2694925633168005e-16-9.144410074703666e-17j),(4.410761008856086e-19+1.2474172185943246e-16j),(1.2786529223189288e-05+2.7351963799360427e-06j),(-6.4111573284394415e-06-1.0024621758389195e-06j),(2.8158265150035354e-16-1.2389596833055347e-16j),(1.8252596157660308e-16-2.1013034723681232e-17j),(-3.035979620994589e-06+6.079404494698147e-07j),(-2.6528344429064904e-16-2.2807929904234374e-16j),(5.537485634124627e-19-7.29576376352747e-17j),(-4.021712209337275e-06+6.799218041651582e-07j),(-5.872966084743335e-09+1.1135092764880822e-09j),(-7.270059215263582e-09+1.2227097022056495e-09j),(6.524903333755842e-14-3.1595031168878905e-14j),(1.3216347062565857e-13-6.532471559610649e-14j),(1.191654209080676e-05+1.7900353700042902e-06j),(-2.7108147041282585e-06+1.0537911110500766e-06j),(-1.4035705292240421e-14-8.362167578732151e-14j),(8.418087770651359e-17+3.187849361655051e-15j),(-4.00736998589607e-06+1.5695869753864785e-06j),(-1.1496489327761577e-08-2.5278627877877524e-10j),(-0.00014643994561619003-8.450997234547346e-06j),(-0.00013430698035296306-1.2592573851522005e-05j),(-6.574957842157094e-09+1.05859536428909e-08j),(7.91312272675889e-11+3.8865861796625923e-11j),(-0.009140669450170476-0.00014718136466695172j),(-0.00814815560928401+7.073275914859728e-05j),(-6.657137097058853e-05-1.8094992157101725e-05j),(-4.602554653823166e-11-6.721061036707882e-11j),(6.5099865473101e-08-1.0152493642100207e-07j),(-2.0780400820714033e-10-8.557900665270617e-11j),(-7.4555604952102935e-06-5.000476535779736e-07j),(-5.67415014544491e-12+1.2453439909973373e-12j),(-7.64369923009177e-11-1.0419454214932435e-12j),(-2.6199150615118356e-11-3.578659051328559e-12j),(-3.6328833171934033e-09+3.7625484520380675e-11j),(-9.006883050157748e-11+1.7738983533681531e-10j),(0.010547935105864388-0.00011348102525640278j),(9.246361722303224e-11-1.4914463394792835e-11j),(3.4149699811753523e-10-9.683580346424257e-11j),(5.242435696845292e-09-3.140045234169497e-09j),(0.0013574997538824403-0.0003087372345587372j),(5.734175994283275e-07+3.311114758234649e-07j),(0.0011148356580824108-0.00037955770181703037j),(5.6588147926971424e-08+4.3925361998035685e-08j),(2.1694353925141096e-06+6.105318473930233e-07j),(0.7525201049389479+0j),(1.7596666492276303e-06-1.3291317667181744e-06j),(-0.14420646499080275+0.0733946239359636j),(-1.7924089129238014e-05-1.430962414362097e-06j),(7.212809379571144e-07+1.3404146978608912e-06j),(-0.062184960337461+0.03957238047443507j),(-3.6970865532380374e-06+2.5412703336949164e-06j),(4.464549672242305e-06-2.258017967425025e-06j),(2.0737486231365206e-06+9.900786883548802e-07j),(3.9824833839736906e-05-3.639851674144384e-05j),(0.0034069063934535934+0.0017109203923680993j),(-0.00020982738974365732-0.000923931194268951j),(0.00022623534233216682-0.00046696303083083006j),(-0.010498399053613414-0.009878362157099621j),(0.030732501005511975+0.01456195824904917j),(0.02323617722080668-0.012200414734048185j),(-0.08302478077699751-0.006237382871337842j),(0.0006106488127639415+0.0004917558312575606j),(0.00013459249811535422+0.00031493983009459677j),(-0.002511708769490551-0.004690778069814969j),(8.382401027002307e-05+0.00012531963454055789j),(-0.00511167312128577-0.0014398949388107246j),(-0.0023176729369307697-0.0006493117598141935j),(0.046615806600671814+0.0017177290107902275j),(0.023652581507266825-0.01751753861239993j),(0.0690455697959824+0.015312479205889757j),(-0.10489787922200669-0.004650001250159486j),(0.0014203039142400196-0.0009648639609682279j),(-0.0697536195907399+0.0073280782270936755j),(-0.008141223368342703-0.021530514357252103j),(-0.009778356920623737-0.016709232084083564j),(-8.850806926260174e-15+1.9661500357498997e-16j),(0.3762819570552989-0.0009327759233379029j),(-0.30148215845305315-0.006640650787119638j),(0.07207486575840753+0.012989644259456493j),(0.05492579570407993+0.0278133327503979j),(-0.2233845810575319+0.02070662265729019j),(0.06874694398247501-0.03381512205010351j),(-0.1021084048437245-0.013125059627756522j),(0.006415304994284606-0.024261447474970832j),(-0.0857732696465841-0.02806386628723931j),(-0.21337890284795957+0.08188808553354433j),(0.00558560254713712-0.001041461932779524j)
14,(-1.9554435176267818e-11+2.7027318831744395e-12j),(1.0340085110781406e-10-1.370233339233878e-11j),(4.094457453629945e-09+9.129874201089381e-10j),(-1.057546591098063e-08-1.914182851933009e-09j),(-1.874586257490689e-09-1.0859902196924675e-09j),(1.0662848250850149e-17+5.587697044338556e-17j),(2.0708873470936948e-10-4.109502207690132e-11j),(-1.130671167530324e-16-1.3563137218691598e-17j),(-8.016608992856527e-17-4.668359064316463e-17j),(3.922968319194129e-06+8.717500173256134e-07j),(9.648851269331545e-06+1.6667451742299273e-06j),(-5.3226649405607714e-17+1.6459274285644515e-16j),(2.9783343363374126e-17+7.560518553415313e-17j),(-1.0052738785341193e-06+1.853792009318948e-07j),(4.940590997024582e-17-2.5768931165685298e-17j),(8.517397646218311e-17-3.743353054471559e-17j),(5.463163027273219e-06-8.605727488585493e-07j),(-1.289893008942286e-09+3.331906660461931e-10j),(9.793082695210917e-09-1.623734405115339e-09j),(1.4062787751093183e-14-8.031952600995114e-15j),(-1.7796492175469164e-13+8.73932659949368e-14j),(9.989582734843102e-06+1.5563853549169105e-06j),(-3.2798154125286965e-07+2.0100538668942178e-07j),(3.579622472189719e-15-3.256664763425257e-14j),(-2.828381699157675e-16+1.1895471365244334e-15j),(6.820773637715511e-06-2.922154813275671e-06j),(-3.989037816977128e-09+2.756059564545416e-09j),(-6.362256935417414e-05-4.5122434121581285e-06j),(0.0001499363608489314+9.817565719159261e-06j),(9.81830877633989e-09-1.83616668134753e-08j),(4.5167385120085106e-11+3.848535589350048e-11j),(-0.002653388717461754-5.603345350766267e-05j),(0.011354518348527652+5.47322078702471e-06j),(-5.4653379194367305e-05-1.5157266628573833e-05j),(-1.673957671207396e-11-2.4251321198489094e-11j),(5.462575990723784e-08-8.760780539741963e-08j),(-4.602641022969945e-11-4.388673627017842e-12j),(-5.092272841596589e-06-8.893170076569677e-07j),(-4.994473136055145e-12+1.108565996325972e-12j),(1.770075964845363e-10+3.918112852165375e-11j),(3.062130963727723e-11+1.385572792199376e-11j),(-1.2784030499716488e-09-1.7020575186299878e-12j),(-4.182894970464373e-11+7.072945520246066e-11j),(0.007426554338065352-0.00022626606789169675j),(-3.73983549936269e-11-7.996020780648661e-13j),(1.330527688094872e-10-5.98015691514196e-11j),(1.444348122487638e-09-7.585418039734782e-10j),(0.000512411684970549-0.00013800766060598457j),(-2.2510332955255914e-07+9.449524605654122e-08j),(-0.0001378289143062552+7.127756158435564e-05j),(-1.274095618920304e-08+8.938322232610524e-09j),(9.885121634283461e-09-4.193919944153681e-08j),(-0.02785132923514843+0.007388218107605373j),(-3.398020066213122e-07+1.7950134507009774e-07j),(0.06278646719003285-0.010877678625538671j),(2.956909619045577e-06-7.820984250479967e-07j),(4.171868867473685e-07-8.717612543900015e-08j),(-0.14825273490222501-0.004058063906051861j),(5.823461180095918e-06-1.0083523435789148e-06j),(5.370833329079415e-06-2.7488053548949686e-07j),(-2.6368579157714768e-06+2.510819917319536e-06j),(-0.00018663800414741533+0.0002993443738196812j),(0.062209100377734375-0.020736688712934374j),(-0.009971262009268698-0.011557230412048787j),(-0.00021305387636943768-0.006165389686421426j),(-0.13718326083966692-0.0017090515626114744j),(0.26129850158000306-0.10028412336747201j),(-0.11847048770128937-0.10928461006318213j),(0.37890768133183594+0.04828942421645177j),(0.0004428063943658967+3.048414783437498e-05j),(-0.0007583688164242498-0.001790738420796593j),(0.0072619749960704735+0.019260208939331898j),(0.0005019160289498425+0.000492350028422885j),(-0.0010465554960231234-0.00038318703325267075j),(0.006268779857743859+0.001642098760744476j),(-0.10841058482152029-0.018366213450148605j),(-0.060255177514973376+0.034180397745174444j),(0.055325980567873495+0.00940678487557364j),(-0.05214455444271709+0.009768775350234061j),(-0.12229781651904553+0.047077934009678496j),(0.13704088933982853-0.0002793038897503765j),(-0.2381093366435822+0.01119356755052725j),(0.00045527295249804707+0.04538518196472314j),(4.578239744156365e-15-1.078859293274729e-15j),(0.19317846560096869-0.03715221950311674j),(-0.16628071623627708+0.017882404284692937j),(0.04118894561645173+0.0024619482080576755j),(0.4128815831082417+0j),(0.29425434982382287+0.03075286682630561j),(0.10007601737239569+0.005298207704261034j),(-0.1750280413511662+0.05720041858079859j),(-0.005775143105225642+0.021883504506073233j),(-0.252324464169214+0.08181201455403006j),(0.36153817727750615+0j),(0.04541490019571048+0.008552886507084677j)
15,(3.207838712495398e-14-2.9028361137834238e-15j),(4.054938070431333e-14-2.7628438151027024e-15j),(-1.8525659810435677e-11-7.373397495116795e-12j),(-9.849925322538645e-12-3.3829128679850805e-12j),(1.6054416993214595e-12+1.500646144210311e-12j),(-1.713971082603258e-16+1.6607039162608868e-16j),(-2.9346967846014313e-13+6.263119554403908e-14j),(1.638768589573863e-16-1.5856746337958535e-16j),(1.2221614486139153e-17+6.510782014256427e-17j),(-2.224526134105739e-07-8.771666135303904e-08j),(1.1283736898673108e-07+3.741960135556093e-08j),(1.7245105011650012e-16-4.398815172778273e-17j),(-1.137461469781995e-16+6.207541672358505e-17j),(5.913441271901898e-08-7.429948344741636e-09j),(3.6256102614972506e-16-6.113176716411955e-17j),(-8.859318813596484e-17+1.2404655006607276e-17j),(9.303032356518534e-08-6.830086105306792e-09j),(1.5758274574349942e-10-1.9063214399228594e-11j),(2.3238696259220096e-10-1.9079597850007243e-11j),(-1.82758018393549e-15+7.139760350524055e-16j),(-4.000901100612862e-15+1.7445651801926455e-15j),(-4.744809489202863e-07-1.1234164162836668e-07j),(1.1634026020836435e-07-3.650101351377869e-08j),(3.595060377027692e-16+2.909311990952678e-15j),(2.1041525798674778e-16-7.112967770944037e-17j),(2.0736497818969303e-07-6.139895038572396e-08j),(5.770636651514205e-10+1.060217831683366e-10j),(8.499156874254246e-06+1.7925985270136824e-06j),(8.07762005068511e-06+2.0268388151279677e-06j),(4.1993609899153753e-10-4.820448815524175e-10j),(-3.7569345109095975e-12-2.661813399605869e-12j),(0.0006982843867207195+8.813208967798798e-05j),(0.0007505467540427302+8.620819799255735e-05j),(5.062268654330666e-06+1.7186854503056257e-06j),(2.6746268310473596e-12+4.549934090974581e-12j),(-4.721880178752318e-09+7.624727444682094e-09j),(1.4829667038105478e-11+7.334146738188397e-12j),(8.732262030613711e-07+4.526810773236549e-08j),(4.2209719882318527e-13-1.0095600470132468e-13j),(6.7486495105403514e-12+6.884407807220408e-13j),(2.007101228880388e-12+4.568833006508129e-13j),(4.512855484751823e-10+4.545227748369342e-12j),(1.316730960308292e-11-2.1882573915411356e-11j),(-0.002224473009864697+7.391592561499126e-05j),(-1.4587362768635542e-11+9.767737743446563e-13j),(-6.488433493900967e-11+1.9512746355656383e-11j),(-1.1855870758652174e-09+7.483947422365146e-10j),(-0.0004719071084549409+0.00010299117979378135j),(-1.913192837753145e-07-1.3983948379093993e-07j),(-0.0006050284070711436+0.0001982154975134754j),(-2.5896526798635577e-08-1.8927471283473594e-08j),(-1.0206774461409386e-06-3.6467791125403455e-07j),(-0.582857762899313-0.02169672077575996j),(-1.2205815964440614e-06+7.026753646845216e-07j),(0.18896722612834674-0.05044815887966986j),(1.3623545260727406e-05+2.347312390570064e-06j),(-3.9521103185738447e-07-1.1178909312921782e-06j),(0.125837620944962-0.03407769535216001j),(3.902193517522706e-06-1.9609417275823347e-06j),(-8.191885851621053e-06+3.276728922892257e-06j),(-3.185287269202011e-06-2.5713368972744943e-06j),(-0.00023305597925412454+0.00022545459200783242j),(0.03637456232379653-0.00639451453185913j),(-0.0019081791287647947-0.009472927761343966j),(0.0012278908577957768-0.0020608739157950548j),(-0.04270781736548242-0.043948051099695774j),(0.1337540038306678+0.021696181430164344j),(0.08000287816002126-0.07038274147304192j),(-0.21865622028738682+0.01544077544702896j),(0.0006966160285882703+0.0012375732649686653j),(5.035948659728702e-06+0.0005985272125771533j),(-0.007286200362864922-0.011459979027978913j),(7.442727685879064e-05+0.00011712578432527416j),(-0.0048198172171256696-0.0014263053847195862j),(-0.00217340159218588-0.0006419734686714639j),(0.09227101984958494-0.0002952883894099534j),(0.04430013833589766-0.03610641299791994j),(0.06947853990235871+0.01549909992046207j),(-0.10680807632258477-0.004767591975934955j),(0.002304758786886682-0.0016854013688327803j),(-0.07125072786066045+0.00760541510615605j),(-0.012810101089608766-0.03347901515940099j),(-0.015515650554270687-0.025224394069968643j),(4.6638470790021517e-14-6.91393160060486e-15j),(0.42069437254096775+0j),(-0.325760286908299-0.007854576824323112j),(0.0769543352939686+0.014118723855346803j),(0.07936430661772788+0.03701192039950875j),(-0.2678218316180059+0.027440474284994146j),(0.07956624364750535-0.038647574294105744j),(-0.14244389414699607-0.0182640630068244j),(0.008176067604204588-0.029510888794912107j),(-0.11078331669625262-0.033764403917626654j),(-0.2745754136649917+0.11016054901355361j),(0.007580338577380339-0.0015523420600607855j)
16,(-5.960149474322829e-07+7.633371726877975e-08j),(1.957870955602683e-07-2.893898716525856e-08j),(6.54415749884742e-12+1.8226482838994233e-12j),(-9.47347045917224e-13-1.894917763421999e-13j),(-4.4356673174525655e-14+4.9047660025296694e-14j),(-6.183339973308755e-17+1.4862587962665416e-16j),(-1.2693422348521337e-06+2.0297448693067247e-07j),(-2.2824506599512364e-17+2.601739287138379e-16j),(-1.0754616314260769e-16+1.2700576817283241e-17j),(7.70544564534196e-08+2.0810416913923446e-08j),(1.046219060058968e-08+1.9040868420758004e-09j),(-1.1807605699215877e-16+5.712579675178961e-17j),(7.911589499601241e-16-1.3011022627929377e-16j),(-0.0007415981121627421+0.00013031887330601754j),(-4.1668628955621234e-16+1.1144472614527199e-17j),(8.070118006257705e-17-6.642448658975375e-17j),(0.00022044474806765213-4.368722334515971e-05j),(-9.474666680839234e-07+1.6262934339977464e-07j),(2.8047611234849975e-07-6.368440943663649e-08j),(1.06521624010476e-11-4.9318719664246396e-12j),(-4.9900056263634945e-12+2.8309860617320912e-12j),(-0.001172358657750453-0.00011575083962815527j),(-0.0003338049476325247+0.00010032779012239387j),(5.988659507599994e-13-1.141766377609328e-11j),(-7.562869615959635e-14+4.251496973480432e-13j),(0.00023584475601998994-0.00010912685397944595j),(-1.12469630830185e-06+2.67623923018432e-07j),(-0.01348384644323959-0.00044158957297607j),(0.0013953967065618387-0.00022509061597341632j),(2.2573178815058792e-07-6.444658571067406e-07j),(9.697288588591747e-09-2.5249590150118727e-10j),(-0.000217792205741242-4.308807537549566e-07j),(5.5229235799750144e-05-3.35843321162766e-06j),(0.0009796524614006173+0.00024285158287329364j),(-3.5928680541283695e-09-5.828583480090218e-09j),(-6.489383285464642e-07+2.195494675805951e-06j),(-1.978211919519396e-08-1.166215797051282e-08j),(9.815525338822247e-05+4.441040122668556e-05j),(1.4500147642330827e-10-3.179962951303361e-11j),(4.2768558633695585e-09+1.4295102966321834e-09j),(3.2117220813112356e-10+2.7318205651904764e-10j),(-1.9761792439494984e-07+8.558255523881091e-09j),(-3.57757496683435e-09+8.10897089902477e-09j),(-0.0001341625531121321-7.86843837293806e-06j),(1.1797343633938596e-09-3.811886680420241e-10j),(8.711346447857036e-09-1.89344258494556e-09j),(1.0350723341582964e-07-4.4076827793652527e-08j),(0.024051106976153796-0.0013383813473123347j),(5.599432437612084e-07+4.010809189392667e-06j),(0.0016253678519671506-0.0003182718750383798j),(9.238356822389119e-08+1.7527159197069815e-07j),(6.113981430245132e-06+1.4084636920958047e-06j),(0.03821804939902756-0.007842365265848377j),(-5.658634511162824e-07-1.801259751580057e-06j),(0.015409866391934646+0.005403729721443503j),(1.1840044019393372e-05+2.969473823726354e-06j),(3.1381547912027266e-06-7.678111102452509e-07j),(-0.022347642834827812+0.004127528676532722j),(2.961403182220081e-05-3.4580141666505574e-06j),(-5.4119957054281015e-06+6.3437600912113825e-06j),(-1.8277508948393156e-05-3.3161250266562996e-06j),(-0.0014391505787255607+0.0012727037152556863j),(0.20477912824731123-0.032196147979933615j),(-0.008301106198505118-0.047592602036574894j),(0.00715427984579757-0.013644843964867148j),(0.02298342481317099-0.09343630279068697j),(0.5436494032009317+0j),(0.0906040993159139-0.22410257106145862j),(-0.131080747946025+0.014156208749188798j),(-0.001213194896429543+0.0028008387224425007j),(0.0006923230105958293-7.57066591092575e-05j),(-0.005586369412629686-0.00844716282606062j),(0.00037617901045231456+0.000582167463077702j),(0.013863963329795968+0.0033107087167527994j),(-0.004663489845282735-0.0009865186394703383j),(0.06812628232617901+0.010538134195535794j),(0.035455250559029726-0.02115492474738584j),(0.16692560404335244+0.018955012086119764j),(0.11601953609214799+0.02436701284976879j),(0.018196218891247094-0.03931267960415208j),(-0.016752973637139512-0.009166538879209105j),(0.2142681375936059+0.023850920617284006j),(0.03556896710460534-0.011952781838899345j),(-2.0460302795547954e-14+1.9192817542221125e-15j),(0.10507934673805924-0.01777825413112758j),(-0.23490885483049087+0.005998373026375965j),(-0.10997686838322035+0.02337562118114269j),(-0.3539807479755417-0.01360508578387333j),(0.2263616958333931-0.01795408910182869j),(0.061328759222500605+0.013578594055039243j),(0.14369138927851846-0.02051800309128829j),(0.00010518503892842975+0.02019363735595882j),(0.37609480932165373+0j),(0.2130782150480745-0.1284111075460259j),(-0.029746798583379887-0.009219254416365185j)
17,(4.841403166172367e-07-5.8486278332547e-08j),(5.138251810246087e-07-6.25019180763596e-08j),(-5.149929352209599e-12-1.4662814015834891e-12j),(-2.292327822249737e-12-5.033971696724728e-13j),(1.688046474610761e-13+1.7043286178477576e-13j),(2.6660868966650074e-17-1.5582420699793701e-16j),(-1.4301860998414958e-06+2.5925149768488196e-07j),(-2.0548024132168073e-17-5.673350823057864e-17j),(1.5993770680156105e-17-3.7477494225370694e-18j),(-6.118320796452815e-08-1.7035117223141927e-08j),(2.597808463437688e-08+5.3618859238353156e-09j),(6.225388412273992e-17-4.7635287176862846e-17j),(-5.983322903560792e-16+1.5758096304322166e-16j),(0.0005860819275869008-0.00010036614371910965j),(-3.679287955579955e-16+1.154158257651934e-16j),(5.1736431590125766e-17-4.1865514645065166e-18j),(0.0007620679147888507-0.00011442330166249484j),(8.289401763881794e-07-1.2695171338905963e-07j),(9.902160496530776e-07-1.3925963977467625e-07j),(-9.379180596763206e-12+4.126885632817263e-12j),(-1.823997302014441e-11+8.391278255214822e-12j),(-0.002118493733985533-0.00018946789314576228j),(0.00021599668920888314-7.97068757638166e-05j),(6.757121225771718e-13+8.742839877652793e-12j),(1.3658013226654291e-14-3.4035812194575636e-13j),(0.00036556117681504674-0.00013208420404133394j),(7.836200094418356e-07-2.0630010394412293e-10j),(0.008386639133860417-7.136132921038233e-05j),(0.00912605972975583+0.0004425704281026166j),(5.209923923252277e-07-9.600175608844016e-07j),(-5.319961310328004e-09-3.92055040177243e-09j),(0.00017933977650098985+2.773042029039058e-06j),(0.0001614590250260959-1.2297194477685022e-06j),(0.005221304569237522+0.001314881614671109j),(2.2489636150275725e-09+3.4865977790449865e-09j),(-5.601321114968476e-06+8.221113912569467e-06j),(6.774895938481608e-09+2.3757676868770985e-09j),(0.00037955819646574694+6.397581584108665e-05j),(4.889394057389505e-10-8.259455148199147e-11j),(3.876899070042685e-09+3.1594879537034224e-10j),(1.3916594180492294e-09+2.0035521250024336e-10j),(7.667241680676565e-08+1.6585713756360828e-08j),(2.561381556189963e-09-3.998743698687912e-09j),(-0.0002545630360767393+1.5093510083538327e-05j),(-2.0812628385881046e-09+2.762620745177665e-10j),(-5.708937621231516e-09+7.411808245391859e-10j),(-7.37815374436712e-08+3.008993579037116e-08j),(-0.006909485569817793+0.0010795976204080759j),(-5.053386956389527e-06-1.7967146696817832e-06j),(-0.004033709318418789+0.0007530497891502284j),(-2.539226451034026e-07-3.1947259645357755e-07j),(-1.0265523495492095e-05-2.6639469873619388e-06j),(-0.08755902048091424+0.00911955328246291j),(-2.631988534249812e-06+3.6731124725501106e-06j),(0.01620462303889206-0.011826714596146131j),(6.935030561052987e-06-8.216232498539166e-06j),(-1.1528192950832276e-06+5.28656995157729e-07j),(0.010719878069334696-0.0070515512792485024j),(-3.618235249652538e-06-8.05136549628665e-08j),(2.674768302205214e-05-6.204710887501795e-06j),(9.548230021298284e-06+1.8279618817404874e-06j),(0.0008149870243459535-0.0005942094914860893j),(-0.09523300263194662+0.004305799183529427j),(0.000588560657557597+0.026085256973301312j),(-0.00492632223193539+0.003743380696690449j),(-0.019114439599771008+0.08743789333674344j),(-0.2571742151321483-0.10469935375114696j),(-0.252265461042131+0.12429761912856474j),(0.5046924271337732+0j),(0.0015475191427088086-0.002863663059409787j),(0.0011617937992794366-0.0011415472402644242j),(0.012129779778555573+0.026414889912421996j),(0.0003844634546504794+0.00040661213634115027j),(-0.012607692544211669-0.0031611880196445114j),(-0.005892561527323786-0.0014787132664786365j),(-0.11110416944440592-0.020913903836008572j),(-0.05696683250774714+0.032161418564732015j),(0.126190519817808+0.027919678523079576j),(-0.18073238016742113-0.008771104680586603j),(-0.052330768714939094-0.02479102241920199j),(-0.1211481341883261+0.012659604690894716j),(0.37923302118060825+0j),(0.17591088742947691-0.06303755392183831j),(1.7120644872611855e-14-1.7975217705722497e-15j),(0.155615453224999-0.008632480734546394j),(-0.2555565286249644+0.00030609495867538195j),(0.08715426014151288+0.008912807050851845j),(-0.10340923099360814-0.011100418328846437j),(-0.07711861582336682+0.0007638204464527933j),(-0.03607843013997744-0.011885214528310489j),(0.43249176875798023+0j),(-0.008727867426543199-0.0007574892526042093j),(0.024827958848690185-0.023060484236204742j),(0.015637930804035853-0.030505485757350143j),(-0.02234905967562954+0.01876647001247113j)
18,(1.4879326926433304e-07-1.5227828215370717e-08j),(-7.787770068125808e-07+8.002937788397563e-08j),(-1.6064688331102166e-12-4.775553898563049e-13j),(3.5146731141782067e-12+8.497995766333397e-13j),(4.692844433592505e-13+3.416719209883761e-13j),(-2.6504746536423184e-17+8.021185841279851e-17j),(-1.3291337203938545e-06+2.589469852864932e-07j),(-9.907629831172091e-17+8.897709143792097e-17j),(1.764473342411426e-17+1.5740828765690324e-18j),(-1.8739291259610136e-08-5.412640540713835e-09j),(-3.935355320049437e-08-8.882822716331648e-09j),(-2.881498891601528e-17-6.761102292537221e-17j),(-3.070590962996761e-16+1.2184084523404963e-17j),(0.00020201386547368758-3.1338718642945395e-05j),(1.0707080931246226e-15-2.655603879290075e-16j),(-5.926395919828583e-17+6.238974679802422e-17j),(-0.0010739127377975201+0.000147233172761019j),(1.779424576149679e-07-4.4380047132767236e-08j),(-1.4027002784761093e-06+1.889266129118276e-07j),(-1.9426617773784245e-12+1.0946756608143102e-12j),(2.583106350991815e-11-1.171204902868505e-11j),(-0.0019382406810352815-0.00015649373406108964j),(1.63150180737902e-06-1.1935248801606969e-05j),(-8.394948579807495e-13+3.588404448440473e-12j),(5.671240505741291e-14-1.188060185137501e-13j),(-0.0006124413842621861+0.00024048478600627426j),(2.7403044575241105e-07-2.4583291048308226e-07j),(0.004019134180349843+7.008982196653992e-05j),(-0.01111342297330343-0.00036803143028644547j),(-7.886480265993312e-07+1.6323154243272983e-06j),(-3.6550743523713804e-09-4.411188306175988e-09j),(5.1382939437074766e-05+1.340720993738866e-06j),(-0.00022965219485624226-1.1519168935527442e-08j),(0.0049338912178204285+0.001226430418644002j),(8.305815513501841e-10+1.2987938037505107e-09j),(-5.314665557215835e-06+8.021069553945277e-06j),(-3.8909969439739217e-10-1.5347931844232153e-09j),(0.0003256782913866242+7.083631241153671e-05j),(4.786155365521043e-10-8.508343680791532e-11j),(-9.058182766337166e-09-2.311164969933226e-09j),(-1.7883740461905702e-09-9.205583566923203e-10j),(2.427453280606403e-08+1.2360282609512491e-08j),(1.577727066916051e-09-1.7677705763223408e-09j),(-0.00013380401702485406-9.88631102895859e-07j),(1.260542706173143e-09+2.6574103880372192e-11j),(-3.1036253086653093e-09+9.692824140862443e-10j),(-2.716177210435697e-08+9.16058809557063e-09j),(-0.004681472620511351+0.0009984953184358487j),(3.1165463692718024e-06-7.963055041610649e-07j),(0.0012638080827158562-0.00043546544872120923j),(1.5839557658405239e-07-1.1607719361972385e-07j),(-9.135591231574812e-07+5.50887429674958e-07j),(0.015294770949042007-0.004226060850929335j),(2.691440977627895e-06-1.189637875833104e-06j),(-0.017858204769182918+0.004465474574031644j),(-1.7800873555865528e-05+4.3489941702848e-06j),(-3.440538685000306e-06+1.8159908854379066e-07j),(0.02718472219218861+0.0028231971024134566j),(-3.558740871208468e-05+2.7440700762914352e-06j),(-2.8906059135403264e-05-1.6432350489603548e-06j),(9.48679176913205e-06+1.4133004245758991e-06j),(0.0007732740335625549-0.0007662619071192176j),(-0.12351322724006024+0.02861384946344337j),(0.015143359723216255+0.024457856161532062j),(-0.00306580840861651+0.009531734254898006j),(0.05554018153759919-0.004138138581608181j),(-0.29467412057663744+0.1298347967800226j),(0.20852362242951036+0.11440009864565978j),(-0.48679007822224474-0.05291088676555257j),(0.0008063443569703752+9.145058520588942e-05j),(-0.0020751099951987926+0.0013168396133454597j),(-0.008009896307441006-0.024979068181968822j),(0.0013415964165047335+0.0011855723473066361j),(-0.0025846257304597393-0.0007784997055197594j),(0.013885566283356575+0.003441675255609589j),(0.10746880385084445+0.019634402595077267j),(0.057542204050989844-0.03285604031741045j),(0.10225074749241109+0.017800733339923533j),(-0.09137785473416309+0.016637951599713412j),(-0.04236599817475311-0.004367922305271145j),(0.2527447976659533-0.000742801072884625j),(0.24599507965764286-0.008481944397131028j),(0.13475318718376192-0.07050770092319895j),(-4.505299189364114e-15+3.9123263624887205e-15j),(0.0901658943088992-0.024737103177252452j),(-0.15116428705035015+0.015989378629947745j),(0.05566544758684371+4.466084762869138e-05j),(0.18053865818424347+9.213966908331456e-05j),(0.3522806075818898+0j),(0.06494043732489667+0.02308406885051402j),(0.1884945112265152+0.008905341106423395j),(-0.006294628758767927+0.031900547163018315j),(-0.21268871443553083+0.055957839334837195j),(0.27914142348606574-0.0486869863104431j),(0.01728354342307152+0.018840859581646656j)
19,(0.0035012460022515244-0.00031788841237677715j),(-0.0011824222702922587+0.00013070466137470255j),(-3.2881013360624892e-15-1.1636678293006474e-15j),(4.0410152750676726e-16+1.0487282359493022e-16j),(9.225310058926686e-17+3.3288238112777066e-17j),(-1.353480440189792e-17-2.334005811210785e-17j),(0.0072825942367276165-0.0012810678235820043j),(-1.3018800290480712e-16+8.702914950974978e-17j),(5.624085099474272e-17+1.0806498774542511e-16j),(-6.565455384439878e-10-3.092147949935231e-10j),(-7.71940518849561e-11-1.996408382792211e-11j),(6.061665762136169e-15-1.1282567302775019e-15j),(-1.4534527637295937e-13+3.5242408306669095e-14j),(0.11386098033509913-0.016104053868290176j),(7.892399503330463e-14-1.486697347507978e-14j),(-3.3368229561120153e-15+8.488755192284605e-16j),(-0.036405948108475+0.0058306025925678635j),(0.00010498858663857504-1.3597732552931e-05j),(-3.326259646738176e-05+5.6683551101791295e-06j),(-1.20160754751301e-09+4.969079943761165e-10j),(6.069595775048817e-10-3.012341515144775e-10j),(0.28466553201983597-0.006534677784697129j),(0.028514534932406542-0.007304207442532408j),(-1.9887538634682835e-10+9.383213944718895e-10j),(1.193945980136124e-11-3.5372608631881166e-11j),(-0.017724308280166707+0.007307362617249865j),(6.87553412719502e-05-2.1803332779178123e-05j),(0.7380275576095339+0j),(-0.10716649396670823+0.010717044011827563j),(-1.5017980800795246e-05+4.685279039568631e-05j),(-5.367106396137508e-07+2.886224447496552e-07j),(-1.1768788586723675e-05-8.819367241069004e-06j),(1.2205271244283822e-06+1.0751786226645076e-07j),(-0.26907170378487916-0.03216523617052633j),(1.7714404363043896e-07+3.086889160442031e-07j),(0.00024653105284685214-0.0004926844185060769j),(1.132910724059325e-06+7.071980123190626e-07j),(-0.013829711025223852-0.003058898902647585j),(-2.8935723460522635e-08+6.59161499249365e-09j),(-1.5829791801065088e-07-5.53751510998844e-08j),(-1.604077076523289e-08-5.903812411564922e-09j),(6.291155631766512e-06-3.996848194999962e-07j),(8.602311114882944e-08-2.2667499889116535e-07j),(3.359021643562672e-07+1.1160110293912482e-08j),(-2.499320438557628e-08+8.979030287822605e-09j),(-1.5192694781018289e-07+1.5375549938517697e-08j),(-1.5805168894150412e-06+4.635402043709778e-07j),(-0.3135582431304731-0.011134407037331429j),(6.174786117900897e-06-4.778499079168893e-05j),(-0.004513482741950922+0.00016280417174836847j),(-2.3913850493480476e-07-1.874233849066649e-07j),(-1.923384257176116e-05-1.2346627625267797e-05j),(0.00024124348543670812+6.712139524737417e-05j),(6.724866371562741e-06+6.519546301795769e-06j),(-8.817418192666805e-05-7.792962920272225e-05j),(-7.380799505439918e-05-1.3319994886203713e-05j),(-1.2256828443468995e-05+2.7846196028600766e-06j),(0.0005905529866600572-3.999151850859136e-05j),(-0.00011142545934543183+5.9353276379316676e-06j),(2.2842606225065955e-05-1.667317272474431e-05j),(5.082705209693682e-05+1.2416413355676737e-05j),(0.002592622333620246-0.0012476911360552135j),(-0.12865846440785467-0.005407626141065679j),(-0.022023160671583858+0.029453681734548563j),(-0.005963246054151571-0.00208567751649248j),(0.004244908212179051+0.003371372493738987j),(-0.00034421200083923926-0.018567119738942796j),(-0.03262880366187787+0.0025162133397235225j),(0.012971440777903551+0.007436443512833136j),(0.002970715074319245+0.003076618520691354j),(-0.00022979753750575178-0.0009611296912452752j),(-0.0022390418102670403-0.0004715189892064185j),(0.0010469817919751894+0.0011261547789155248j),(0.020924464780172077+0.004672878152991947j),(-0.007237384499098793-0.001452067233201055j),(0.07205440699261376+0.00042005872371096015j),(0.03678765309219234-0.027002609792686802j),(0.2097195678929276+0.023575714034276357j),(0.15142252110259494+0.027790596685388247j),(-0.05107518108818429+0.013811963484579661j),(-0.02266612953183664-0.010302818621428967j),(-0.053853443267581+0.003998682262356317j),(0.03521448455515294+0.004657500807731566j),(-7.204561021697115e-15+2.434778111299375e-15j),(-0.09200586025472948+0.0029598000047642847j),(-0.09684033938167205+0.0017121689535243515j),(-0.12710787025464557+0.023394206620943644j),(0.11295725922812751+0.0197387020609628j),(0.043677355618301036-0.01091657337623332j),(-0.019090603643659176+0.015186259589658876j),(0.01569248074807529+0.0165926608646939j),(0.0021427904157503876+0.004219777732188294j),(0.07680668685566965-0.03070635802289382j),(-0.11052710768149325+0.012260105210245502j),(-0.008815995898264144+0.003968310649107697j)
20,(-0.0029314277211137624+0.00025225342369036055j),(-0.003064373065093971+0.000272832309052104j),(2.5861263814883265e-15+9.306198130089038e-16j),(9.755587456949684e-16+2.736639300697889e-16j),(-3.888459755965414e-17-5.14414539831985e-17j),(9.388120525907218e-17-4.218159174894038e-17j),(0.007578501823006732-0.0013587302566801514j),(9.696585506358276e-17-1.5849682054046033e-16j),(2.2624781848687453e-16-9.684937088352993e-17j),(5.24399913621535e-10+2.531758314571893e-10j),(-1.9561464277275007e-10-5.557855011291091e-11j),(-4.932953749034257e-15+1.0674010780969864e-15j),(1.2045598578829558e-13-2.933091375355315e-14j),(-0.09209686158351746+0.013268140002602527j),(1.4993779039673832e-13-3.929426491190293e-14j),(-6.521778733482581e-15+1.4444226753837201e-15j),(-0.11758229462695573+0.014979576859536499j),(-9.618821122011947e-05+1.1477278480776083e-05j),(-0.00011050360359262333+1.1929697131636666e-05j),(1.1052274113396556e-09-4.422553860906018e-10j),(2.0668920892296067e-09-8.703743727073046e-10j),(0.3508764162799119+0j),(-0.011561393355409805+0.004097798399742699j),(-9.758263166673571e-12-7.56857648030181e-10j),(-3.4259288684118282e-12+3.034553773408751e-11j),(-0.028335359305115066+0.009320386417046725j),(-4.2720648436039954e-05-1.07321071090475e-06j),(-0.372556696163894+0.028370720121598428j),(-0.5297107406271326-0.008314369158678548j),(-3.4982242197808993e-05+7.328978487851149e-05j),(3.317292937795227e-07+4.458051532738955e-07j),(1.0852861699504245e-05-7.900974294122331e-06j),(4.733804991177383e-06+7.300452444287173e-07j),(-0.42787753909874016-0.07995570038492837j),(-7.881676800044272e-08-1.358423644387847e-07j),(0.00046921580606486095-0.0007040478374993423j),(5.6713456997043607e-08+8.163502930782784e-08j),(-0.020923288111685635-0.004387314608948695j),(-4.2488498552338065e-08+6.904189233288267e-09j),(-1.6722550371019556e-07-2.4013641315431437e-08j),(-6.322300902457643e-08-6.771477129427954e-09j),(-4.96099867052917e-07-1.1986790178016867e-06j),(-7.281782817415487e-08+5.88075673470293e-08j),(-1.1069933769073839e-06-6.262461733266002e-07j),(4.327362289215089e-08-2.5718325388183183e-09j),(9.026938674109182e-08+2.8216086290951596e-09j),(1.0246391928552881e-06-2.3196466997914104e-07j),(-0.01620473277352062-0.0006023705222569951j),(6.0574465502365997e-05+8.084730453062693e-06j),(0.03422600375467314-0.0022443250268408543j),(1.9489346713063915e-06+4.021441588594045e-06j),(9.801235391580443e-05+2.6101230141658778e-05j),(0.0018043752562232835-0.0005660785704354644j),(2.0098456072637724e-05-2.459819698161928e-05j),(-0.0003813795474179438+0.00042240570265639297j),(-4.7166008342581605e-05+4.7387088705955286e-05j),(7.045964188168757e-06-4.4263815304939475e-06j),(-0.000529321178840525+0.0003026177156180111j),(1.6445539113792395e-05-3.790925893950993e-06j),(-8.707427951350964e-05+8.929882936280596e-06j),(-2.498435585228875e-05-4.959590305320507e-06j),(-0.0014899234631821211+0.0006354214326427448j),(0.06517640677069639+0.005695222566346744j),(0.0004792487031814157-0.01759758318299619j),(0.003335186013446886+0.0030007877437096117j),(-0.008977940899223658-0.01820229872801289j),(0.021240822292187236+0.0598914873835769j),(0.14529795059029252-0.009416754416611271j),(-0.040274696884498605-0.016528469115372642j),(-0.00292125348417443-0.002692267991432109j),(-0.0009785002239262495-0.001659009539036467j),(0.004134768243357325-0.0012303456506738153j),(0.0010380966583491327+0.0008362930975058015j),(-0.019974927435980228-0.004598769183851489j),(-0.009581465589756031-0.0022515118474534636j),(-0.09194101804695841+0.01040911986221385j),(-0.04265517069444602+0.04110362564008329j),(0.15647359305954145+0.03491953166945554j),(-0.21479361180594023-0.011979843122572895j),(0.016353995454308067+0.025832743747199714j),(-0.14768905748684455+0.0162808481807834j),(-0.18255224150065164+0.016044059198317584j),(-0.03336536356354581+0.05350314788763263j),(4.567164923764493e-15-1.7402593469433755e-15j),(-0.13317482922513163-0.0049866798860860526j),(-0.07401527526157303+0.004224410893490637j),(0.07450555759892132-0.001500224394066968j),(0.02581170660147154-0.03490482028056245j),(-0.021464455527930637+0.011835406936117048j),(-0.11865769562026168+0.01092612730266064j),(0.14095339214798408+0.011724718487425949j),(-0.012751097642926992+0.006671935462795766j),(0.005504220503174496-0.00101375692164746j),(0.041880476562848434-0.0001368795963533516j),(-0.009506217414445274+0.007822777818095605j)
21,(-0.0009191335529553406+6.687834511247777e-05j),(0.004643023376078995-0.0003429092256649075j),(8.064140772385641e-16+3.032308701736662e-16j),(-1.4974305667283807e-15-4.579619371423398e-16j),(-1.753139755854261e-16-1.486429504866547e-16j),(-2.220736446859841e-16+1.7947266463284924e-16j),(0.006990165024516014-0.0014012392068542506j),(7.701231424730989e-17-7.325728164092381e-17j),(1.9181842617709257e-17-1.7538245051242037e-17j),(1.5882650193516232e-10+8.120441441724985e-11j),(2.9568143112737833e-10+9.055479727110552e-11j),(-1.8405651850686667e-15+4.2222223769631787e-16j),(3.8508534546796277e-14-8.566413461750514e-15j),(-0.03286213469726758+0.004415496396955919j),(-2.5043898225293434e-13+5.437199034647052e-14j),(9.57690183974965e-15-2.1128615263602943e-15j),(0.16691045000091473-0.019634454647556532j),(-1.9997191058587786e-05+5.302047184224813e-06j),(0.0001589884276811333-1.6721511678882226e-05j),(2.182714095139356e-10-1.2745623780866126e-10j),(-2.969637766075226e-09+1.2419129482847107e-09j),(0.32452527138353154-0.00554012055698605j),(0.004355432169552877-0.00029021310520582636j),(9.63119646441639e-11-3.1685584488207385e-10j),(-6.2074495972273875e-12+1.0472549467402743e-11j),(0.04292631906032854-0.015279783854496654j),(-1.3089429461698879e-05+1.593321576038575e-05j),(-0.17717759150784299+0.0073088027465035375j),(0.6466440131045927+0j),(4.9378018788678594e-05-0.00011322798616612666j),(2.7449661842622813e-07+4.803105757497027e-07j),(3.0292432968472566e-06-9.400371475338064e-06j),(-7.686993779930045e-06-8.352624188217589e-07j),(-0.4083749534129539-0.07257809384062097j),(-2.0031851133881828e-08-3.998511935676844e-08j),(0.00044584075810135814-0.0006839193691746024j),(3.1855218555159197e-07+2.303977102324888e-07j),(-0.018855811321668157-0.004149718795386248j),(-4.111402378612723e-08+7.08863500984531e-09j),(3.6945114441138896e-07+1.0623038760549076e-07j),(8.302384518410046e-08+5.066991993615267e-08j),(5.241655358794377e-07-9.728888023979853e-07j),(-5.216384413400079e-08+1.542001431971803e-08j),(-4.4644999317251134e-07-2.6607858574184703e-07j),(-3.411830653207568e-08+1.0560443534070673e-10j),(5.5085992995107474e-08-9.155861319953988e-09j),(3.633741442660743e-07-3.31056003413788e-08j),(-0.015024035392623954+0.0002149817936067779j),(-3.1316673472765325e-05-2.330879578282047e-06j),(-0.007592612675707704+0.0015047536555432106j),(-1.5049849757870567e-06+1.6896875373143558e-06j),(2.3402693633197917e-05-6.777411278405129e-06j),(-0.0003303843812691602+0.0001550721074078462j),(-1.8068228090016367e-05+5.915995341297743e-06j),(0.0006898600095916131-0.000172536886808592j),(0.00010335056465040307-1.6524598631052484e-05j),(2.324039270331053e-05-1.0104529761543874e-06j),(-0.0011750312988723242-0.00013691791678077786j),(0.00019446053159869825-6.494505138169367e-06j),(0.00011587744567987052+1.704176688272055e-05j),(-2.8713204643871596e-05-6.783022045921717e-06j),(-0.0018200401719429625+0.0010985636346983164j),(0.11515992326990407-0.010169539659609803j),(-0.01216666572310273-0.024009237225770426j),(0.006099379578978413-0.0013287904970605204j),(0.0032300254152550986+0.014917429431417717j),(-0.002001595132470429-0.05073342347600913j),(-0.13985882380399015-0.010784512738516253j),(0.006036208162648425+0.013606058499730322j),(-0.0006102637502782071-0.0010367926764658516j),(0.001515150590866792+0.003560134874601182j),(-0.003539787128886897+0.00047949700726209626j),(0.002676483487476675+0.002061050909942366j),(-0.0040994769247988325-0.0011207418996033284j),(0.022280520816224048+0.005014061467369888j),(0.04874015565881742+0.003566757463491877j),(0.027779426377351504-0.017113856381757244j),(0.12662129809427797+0.022705208654338477j),(-0.10756058280406636+0.018637918398168488j),(0.12153059612634119-0.010610912796612644j),(0.3060333515134416-1.7220500928982405e-05j),(-0.04119239573605016+0.010100102387763807j),(-0.0578889206254866+0.0024634832759069646j),(2.1975385099735977e-15-1.0814133712027842e-15j),(-0.07425592238378809+0.005019522483011546j),(-0.03265073019296486+0.0032122257403367827j),(0.04949290255717145-0.005572554899202135j),(-0.09043583869686235-0.019524722105537393j),(0.07318136056808255-0.011087615290255974j),(-0.011059035739701142+0.018784506061189938j),(0.03169473714279157-0.010048709245990514j),(0.0025762423242103637+0.007151819104674216j),(-0.06499922270021416-0.0025845977095392096j),(-0.15108922549804293+0.028990454452644712j),(-0.011357186123079744-0.002784569069909103j)
22,(-0.5420989399639082+0.0002947520402507564j),(0.15458851510872873-0.005715314214444586j),(-8.978458338119721e-17-1.9068829760630017e-16j),(-1.6909553851258414e-16+3.30305288733706e-17j),(5.817486085520147e-17+3.028329645110153e-17j),(-1.9253681495318816e-16+3.1395364775229333e-16j),(-0.4227920506585879+0.0011849320290339416j),(-5.1717361934230955e-17+5.3046474846776527e-17j),(3.0634851379010747e-16-3.2158850138065485e-17j),(1.1409190781354609e-10+3.114605839783906e-10j),(1.9592434986167818e-11+1.0526165142086763e-11j),(-3.043515952571507e-14+3.340939495338453e-15j),(7.363195475339225e-13-9.631473518897872e-14j),(-0.34272105446306766+0.008899426724253728j),(-3.233727966931844e-13+3.200344338436904e-14j),(1.2188582343311808e-14-1.395580345247089e-15j),(0.08642826436353798-0.0057510407984427275j),(-0.00019889979996074735-2.6700788819521718e-06j),(4.77364996533573e-05-1.867557847367652e-06j),(2.388849869102714e-09-6.091207867507869e-10j),(-9.152534051780645e-10+3.141476399768817e-10j),(-0.2528327795960905-0.03605313964511652j),(-0.024135975277179127+0.0009190469161033145j),(5.808255045772149e-10-9.736422721375953e-10j),(-2.8191767002395706e-11+3.75166608388096e-11j),(0.009743835134237438-0.0015679952566709668j),(-3.293887390373582e-05+1.0222329905381316e-05j),(-0.19845735306677087-0.01259329409428291j),(0.024068694756402217-0.0006678139067898767j),(7.224135217983005e-06-2.212999491933116e-05j),(2.3785344443877239e-07-1.320139446982201e-07j),(4.821051927077558e-06+8.204183755121291e-07j),(-9.028686619290977e-07+9.861592484937865e-09j),(-0.009463477517774155+0.02717652927054639j),(7.727413211743245e-09-6.727464410265296e-08j),(-9.470981390554184e-05-4.2632474290137974e-05j),(5.3968453288568276e-08-1.2564998161669938e-07j),(-0.0054326012278938+0.0005644441452062278j),(1.3058232655617114e-09+5.465508498963329e-09j),(-3.024961371394972e-08+1.6315828241211726e-09j),(-1.1126238897747763e-09+8.296775010467415e-10j),(2.577818419044263e-06-7.453707859154033e-07j),(2.413789486907804e-08-1.0360164918105912e-07j),(8.504869357208692e-07+4.7003036419786444e-07j),(-1.319439778110551e-08+5.865993007564126e-09j),(-9.581273519933146e-08+2.1842570529740077e-08j),(-1.0834551642569672e-06+4.3795695595807696e-07j),(-0.25508572174744715+0.004445001093786302j),(3.8009132462736385e-06-3.923304366661365e-05j),(-0.0042292443309816935+0.0002966654883121518j),(-2.2191182164618798e-07-1.8827680675734364e-07j),(-1.7905605845365658e-05-1.045003760938371e-05j),(-0.0010312259414108798+0.0001992685910870478j),(6.175762355136383e-06+6.005249787098754e-06j),(-0.0003715681899651355-0.00025591819025509233j),(-6.934797627826324e-05-1.1429853876948215e-05j),(-1.161613236456498e-05+2.777138236659185e-06j),(0.0012341910743983863-0.00013267082236819043j),(-0.00010765740458838335+7.131675007967344e-06j),(2.249540972255611e-05-1.702253855407016e-05j),(5.102529393251547e-05+1.2060389939654727e-05j),(0.002679206932304662-0.0013436197724876705j),(-0.13955649350280563-0.004398932972386922j),(-0.02235847111368014+0.032234842634586154j),(-0.006516927543475819-0.0018073894921078822j),(0.004041193108211079+0.005904435277218604j),(-0.014354652316231781-0.020367863900344105j),(-0.03720101281522935+0.008433162976849097j),(0.017549749431487172+0.007675403010521338j),(0.003309071945844494+0.003187702353377248j),(-0.00028445622246211317-0.001032361274364917j),(-0.0022514616619424086-0.0002555617680447788j),(0.001149743236821923+0.0012372582414103945j),(0.023026948628930927+0.005137632438525013j),(-0.007967939293845615-0.0015953684602724835j),(0.07580618685628959-0.0002062902553255641j),(0.03857314680298985-0.02872888364920167j),(0.22847504678553054+0.025679534266725992j),(0.16531966995348296+0.030254844926356647j),(-0.05649043187180038+0.015505255833957914j),(-0.024781199431939474-0.011218229308985517j),(-0.0579130473287302+0.003402584366695195j),(0.03937147595479457+0.004108253275588716j),(-7.12222313182907e-15+1.8113892014055566e-15j),(-0.10090354731695818+0.003262790630015916j),(-0.1035060011715892+0.0021371415493076657j),(-0.1377404781685144+0.025502779817697004j),(0.13006968345677938+0.02229747889120915j),(0.044050656668627494-0.011996822040800329j),(-0.02136594223440221+0.016170150613077132j),(0.01657519613546648+0.018155299800094584j),(0.002366581890997439+0.004267373448540024j),(0.07556724096101095-0.033862320631678176j),(-0.12329645516065602+0.015085720801011879j),(-0.008936816004227752+0.004703397598505956j)
23,(0.42760971401864484+0.0017790484224825404j),(0.3770168244173018-0.005905224690848476j),(5.961157455792374e-17+1.779523549340906e-16j),(9.22360947963664e-17-8.631554493443727e-17j),(1.5639616990400718e-16-2.631393114131006e-16j),(1.2708790598457482e-16+2.65411752187577e-16j),(-0.41491454620124263+0.002520870959697691j),(-8.987594717799075e-17+3.976086279978404e-17j),(2.5803931061598177e-16+2.125542553559204e-16j),(-1.0057825800627301e-10-2.4620359380364685e-10j),(5.489857976457855e-11+2.7571289629883053e-11j),(2.379474066402048e-14-3.1469556408922224e-15j),(-5.751983717459437e-13+7.514509961332094e-14j),(0.26141074225332456-0.0074817798351714815j),(-5.77933653954467e-13+9.480255801269543e-14j),(2.5192907033921724e-14-4.010284171934332e-15j),(0.2621628650011145-0.009035754689747405j),(0.0001716181020025485+3.99883154057179e-06j),(0.0001481632127490178+3.2430577880633387e-06j),(-2.068426727633685e-09+5.025384881236484e-10j),(-2.9078463427934785e-09+8.009566389940908e-10j),(-0.2914086493330844-0.048486364569890035j),(0.00926528682838372-0.0011788760433061284j),(-2.6051084104877856e-10+8.020782434830708e-10j),(1.5075330761364905e-11-3.2903146288643606e-11j),(0.014438405772206765-0.0012606595139188492j),(1.9103839136768372e-05+6.977570104930579e-07j),(0.09295711341361472-0.0015010875683609307j),(0.1086609304123054+0.008841948828571424j),(1.57633308180302e-05-3.2661380366559204e-05j),(-1.3674323823946255e-07-1.9239052814858244e-07j),(-4.446751180988942e-06-1.0023986872914627e-06j),(-2.427741824604154e-06-1.4959162549882408e-07j),(-0.020421348251080808+0.03898770233103936j),(-3.7207621709521674e-09+2.6887913059483502e-08j),(-0.00012345173827063292-8.23625440418336e-05j),(-4.893319213135685e-10-1.1073741618775115e-08j),(-0.007866768448650047+0.0008631852537441956j),(1.0342449206895944e-09+7.570468388550399e-09j),(-2.73840979205997e-08+7.3152018500717566e-09j),(-3.0923851262704498e-09+4.24001450456727e-09j),(-3.377724559124584e-07-4.187602686812187e-07j),(-2.6581805896089777e-08+2.931027098168769e-08j),(2.803220422739943e-06-2.5743171441646833e-07j),(2.2060978957621133e-08-3.049979590300782e-09j),(5.47534046277651e-08-5.126916230535432e-09j),(6.690505466469449e-07-2.2373553148742061e-07j),(-0.010386836220052095+0.00022936296593489836j),(4.683060317822191e-05+5.3327844040804255e-06j),(0.028739832551159625-0.002901057189554461j),(1.7508427692748839e-06+3.186835802475415e-06j),(8.124416729399978e-05+1.9320118904362293e-05j),(0.003455050691929429-0.0006544246174239616j),(1.696559736802999e-05-2.149063422310445e-05j),(-0.0006242967133952298+0.0006355913961473264j),(-4.059527055802588e-05+4.26276728126297e-05j),(6.167009052193021e-06-3.9697979880569e-06j),(-0.0007409209229762324+0.00042174845011469053j),(1.4866104377289655e-05-3.5185392238709446e-06j),(-8.193432933968216e-05+9.621332278434275e-06j),(-2.371409346928101e-05-4.565824435956425e-06j),(-0.0014522566098153441+0.000645063953598468j),(0.066579265862024+0.005348155122572213j),(0.0005032002666955256-0.017993599924590122j),(0.0034627692257762936+0.0028385466708763024j),(-0.008299023759654203-0.020118900086176356j),(0.027974265187861523+0.06209200902915048j),(0.1500278037792086-0.012755737271755035j),(-0.05180426092553431-0.017030781401069225j),(-0.0030525501622888146-0.00261162349830329j),(-0.0010518766737998787-0.0016392692442012968j),(0.0038931158269875795-0.0018647877687172259j),(0.0010747255237004687+0.0008652018802198606j),(-0.020715496377418256-0.00476517989501634j),(-0.009939096845184084-0.0023309690070393995j),(-0.09036624617002476+0.011355888661559656j),(-0.0417070446169809+0.04097559097043188j),(0.16051987643472038+0.03587126341094559j),(-0.22053520091295878-0.012330724183658333j),(0.017458683192495984+0.026470665545705138j),(-0.15167621599658568+0.016731453735129576j),(-0.19026407649288513+0.016239731925279555j),(-0.0366413045506387+0.05505757832813904j),(6.948545765562728e-15-2.1926492041837853e-15j),(-0.1391845900268438-0.005467506309519601j),(-0.07324046545187808+0.004799602561541404j),(0.0758665657699603-0.0017916763070831634j),(0.026430512308252205-0.03553814198138109j),(-0.01881887741191139+0.01216427642013352j),(-0.12127629040134848+0.01159770894179181j),(0.1373927286526797+0.010946998392921556j),(-0.012991904577811447+0.007085221703974485j),(0.006444646723404446-0.00025806365851523995j),(0.04571048239148448-0.0008150790432856526j),(-0.009315789545055958+0.0076791038903821236j)
24,(0.13473221536975585+0.0023398616636746j),(-0.5740900324345033+0.00033514524775257737j),(2.871264810858859e-17-8.660986740856956e-17j),(5.336753108757751e-17+1.1748714253739887e-16j),(-3.0224243286432724e-16+2.83549376336361e-16j),(-2.4461339096969992e-17+2.3781135700149583e-18j),(-0.3864049525959954+0.010246391126714105j),(-1.062718162808379e-16+5.951255570580361e-17j),(2.1670339001852882e-16+1.7678797355160945e-16j),(-2.5051055935853955e-11-8.135148035877955e-11j),(-8.044510450649446e-11-4.327832628564669e-11j),(7.767525768490775e-15-4.56198021289346e-16j),(-1.8486199445700423e-13+2.1218368038973642e-14j),(0.0937703118191236-0.0017971689946272781j),(9.69476807963015e-13-1.1822556087992533e-13j),(-4.007376214615135e-14+5.108648058734532e-15j),(-0.3741082089254368+0.00930635794599352j),(3.6617486766606235e-05-4.33164331647546e-06j),(-0.00021444801949365436-5.268432625598463e-06j),(-4.2096493236623757e-10+1.7149870586706535e-10j),(4.202790555500964e-09-1.14683352556715e-09j),(-0.2719859691799892-0.04046343801401304j),(-0.0034548962016980886-0.00047280697938641646j),(-2.1642566491115048e-10+3.0197364076978537e-10j),(1.0936549291976648e-11-9.560668392192648e-12j),(-0.022048012243560507+0.0024436464447948796j),(5.91334585510058e-06-7.17774966790146e-06j),(0.04432779264445299+0.000870370588006468j),(-0.13363195554355303-0.008756608071796786j),(-2.2337711880348574e-05+5.056975799782104e-05j),(-1.1438549042197733e-07-2.0791726101217863e-07j),(-1.6691308109090078e-06-4.451223404488887e-07j),(3.328122393053291e-06+3.2081041142863163e-07j),(-0.01919331455958073+0.03753444856854005j),(-1.796688776007443e-09+7.290751373759079e-09j),(-0.00012065379406065902-7.876881465292664e-05j),(1.2394227628586596e-08-3.674680521162898e-08j),(-0.007143503479708933+0.0007087568709266325j),(1.0742434679853952e-09+7.371301565456444e-09j),(6.470322575083648e-08-7.652375026562323e-09j),(7.102972183782883e-09-4.1251387243845575e-09j),(9.47395964181064e-08-4.2175592137714074e-07j),(-2.051217774040323e-08+1.005498740621394e-08j),(7.736256864970499e-07+2.0154016420124442e-07j),(-1.7379546351185837e-08+1.3676115319230419e-09j),(3.266863927482057e-08-9.713316832800744e-09j),(2.423266092741891e-07-4.7526329893477114e-08j),(-0.010059968500641513+0.0007231559112765192j),(-2.4480660882836035e-05-9.663379350362001e-07j),(-0.006460288472016355+0.001516758187773241j),(-1.1694441586112135e-06+1.4292652502911756e-06j),(1.8930812379468285e-05-6.132943506414315e-06j),(-0.000678797230611237+0.00022115341120018483j),(-1.5624848215267428e-05+5.420188448467994e-06j),(0.0010653386386578088-0.0002438014014135757j),(9.161158433299838e-05-1.642403126097408e-05j),(2.0593056758245355e-05-1.1262571781646802e-06j),(-0.001643000902763449-0.00021295487344729448j),(0.00017628235368271-8.130262388292617e-06j),(0.00010927937840063915+1.4521855933574958e-05j),(-2.7244057322253693e-05-6.225214157347278e-06j),(-0.0017655563891102823+0.0011009151793689898j),(0.11609435531359633-0.011001363347692625j),(-0.012369595484248742-0.024140661696692083j),(0.006131934151858472-0.0015841828347485675j),(0.002395830275210566+0.01471394958210469j),(0.004659748146957854-0.052748730365256985j),(-0.14316644535669906-0.012987742519259758j),(0.01575919150320857+0.015115069092104938j),(-0.0006575209539823215-0.0010462460591287575j),(0.0016614018585607488+0.0035732405539530667j),(-0.0034233701699328276+0.0009985760237766238j),(0.002795989720986759+0.002149925352726058j),(-0.004275473369622225-0.0011685537571208592j),(0.023239831656518016+0.005223312809242974j),(0.04738832776921674+0.002937747478978684j),(0.0269840585861759-0.016894790008509807j),(0.130657101390121+0.023474798255132066j),(-0.11105630913614457+0.01922291879134864j),(0.12467177127097151-0.01125246139107601j),(0.31601059708195595+0j),(-0.04373142416100321+0.010017995914104296j),(-0.06115056756795832+0.003201144994146335j),(1.831540014531371e-15-1.1531516006375672e-15j),(-0.07729032092994663+0.005299289350955624j),(-0.032474593795955776+0.0033643881445495506j),(0.0507822505549838-0.005849513757078062j),(-0.0983812259443197-0.020144628768242696j),(0.07013775541271106-0.012039941813742242j),(-0.012050521511898228+0.01890139381813062j),(0.03061567230024456-0.011125905323415815j),(0.0028367631147081652+0.006884730761462637j),(-0.06194490163745514-0.0034117877582660883j),(-0.15976900449074047+0.02975596874657354j),(-0.012100642579072406-0.003225560512292195j)
25,(0.5477577364556184+0j),(-0.15602909406988064+0.005686580305469632j),(2.1284258582591728e-16+2.0144733862819326e-16j),(4.136208926633825e-17+5.985827970452923e-17j),(-1.2416289203253055e-16-3.62316322513457e-17j),(1.4209713508418633e-16-1.2811528795149138e-16j),(0.422925484187841+0j),(-1.3665039690829815e-16+5.3193937950230456e-17j),(-2.5508004925248994e-16-1.7514595647411788e-16j),(1.1635287371519469e-10+3.0118811280281654e-10j),(1.9706710595749426e-11+1.0275862033763209e-11j),(-2.847040655218066e-14+3.057078712369144e-15j),(6.877588371810223e-13-9.108770047916215e-14j),(-0.3295672193040799+0.009090601553636168j),(-3.0382516984311324e-13+3.045633551626352e-14j),(1.1391541660792962e-14-1.4113770241271217e-15j),(0.08345971665531654-0.0057076234429498315j),(-0.000194657244978107-2.1155009162393036e-06j),(4.7041722790839095e-05-1.9937831261773715e-06j),(2.3356189775878332e-09-6.019233397360191e-10j),(-9.007538557562437e-10+3.124762651165806e-10j),(-0.25417781804995326-0.03272486976721664j),(-0.024184018784165352+0.0011179494021108152j),(5.684242484313927e-10-9.701746690479725e-10j),(-2.7630924470449896e-11+3.735770294420082e-11j),(0.009917914538951711-0.001705469710580604j),(-3.354559514642587e-05+1.0514406974529278e-05j),(-0.20797141234927424-0.01177108914093554j),(0.02601989379175859-0.0009005542706688821j),(7.362231831002979e-06-2.2679920234840336e-05j),(2.4036539520206617e-07-1.420437760337889e-07j),(4.993723219936032e-06+1.1214928085027966e-06j),(-9.14467188078635e-07+6.229823788820889e-09j),(0.0029972969783032886+0.026795331561601143j),(4.160794779782926e-09-7.153633325745921e-08j),(-0.00010289114169124348-1.86781576070985e-05j),(2.481976255342635e-08-1.3837581204101437e-07j),(-0.00486442955444432+0.0006314804290052064j),(2.5335832854535964e-09+4.9618804069485065e-09j),(-2.80806960403369e-08+2.179995381991387e-09j),(-8.830583511590004e-10+6.460999076177228e-10j),(2.4601748179824678e-06-7.147353825671558e-07j),(2.3651657438834342e-08-9.986496027478928e-08j),(8.825337989613695e-07+4.7146638035376423e-07j),(-1.2875727040779397e-08+5.6994462781523835e-09j),(-9.42934596272405e-08+2.1680141325854278e-08j),(-1.068762861195139e-06+4.335292249246913e-07j),(-0.2516658422802704+0.004531896901875512j),(3.6315936056197737e-06-3.8748219477542595e-05j),(-0.004280434366010889+0.0003036304423135834j),(-2.2329919691700577e-07-2.057333134270156e-07j),(-1.8136974788702764e-05-1.0374682402567273e-05j),(-0.0010451141523839282+0.00020285248435018317j),(6.116976039782606e-06+6.0168057046772326e-06j),(-0.0003757759222840881-0.0002572153773193893j),(-6.897350638404706e-05-1.1426857112463952e-05j),(-1.1604063342446639e-05+2.778466559737266e-06j),(0.0012397616530790629-0.00013441418013145065j),(-0.00010742732017363595+7.150664803028949e-06j),(2.2371422936629783e-05-1.6980447155221213e-05j),(5.088973646996838e-05+1.2026126173827396e-05j),(0.002674768496807148-0.0013424469414206525j),(-0.13945167648226334-0.004361881853493468j),(-0.022284487147925396+0.032213674799640275j),(-0.006513826763743915-0.0017995298964700549j),(0.004031524798065627+0.005928467184742975j),(-0.014522205165560208-0.020336578396748232j),(-0.03717855057276724+0.008502772746055993j),(0.01759138272011483+0.007660241540224722j),(0.0033090477662241057+0.0031838033444384736j),(-0.0002850285023497111-0.0010318384445859765j),(-0.00224686891473516-0.000251854532297753j),(0.0011508138437881566+0.0012378268979685667j),(0.02303125571474036+0.0051380302173276715j),(-0.007969443872148983-0.0015955500466255435j),(0.0757220430227791-0.00021739318272154945j),(0.038527239728918826-0.02870290468817802j),(0.22848200342198133+0.025678506536694845j),(0.1653269803031881+0.03025303507047313j),(-0.05650064383383754+0.01550343938267626j),(-0.02478388306978649-0.011217488980121822j),(-0.05785481148859707+0.0033762349745358917j),(0.039357158409904405+0.004083572631281661j),(-6.908249799177417e-15+1.6363312157186133e-15j),(-0.10091627673828196+0.003269270119189177j),(-0.1034237804784426+0.0021358701514032716j),(-0.13772774901220516+0.025500041727568486j),(0.1301242151658511+0.022305569367251706j),(0.04395771235588142-0.01198694985967326j),(-0.021364503163545392+0.01616012453349605j),(0.016456238406291148+0.01815229258222739j),(0.0023684893851300373+0.00425672892776205j),(0.0754344690257674-0.03384681798718624j),(-0.12329957301275613+0.01511065587023782j),(-0.008916768478125727+0.004700731709227249j)
26,(-0.43174645117183674-0.0020605236750879385j),(-0.38018345175862484+0.005730050592488434j),(-9.754363636136442e-17-1.9663178879366288e-16j),(-1.4347319761995944e-17+6.982439509579628e-17j),(-1.5243039432862893e-16+1.9015741866136254e-16j),(-1.6763884388487918e-16-3.277964624857408e-16j),(0.4141899793262037-0.0012027946913371612j),(-4.855867167559747e-17-4.703980084650253e-18j),(-3.130196176661243e-16+7.299393634023729e-18j),(-1.0308346810986002e-10-2.394206341505515e-10j),(5.5262663926990394e-11+2.7076325006159177e-11j),(2.224049640039855e-14-2.7751304729230212e-15j),(-5.399455251299689e-13+7.169076035499136e-14j),(0.25270762925877116-0.0077533302670903664j),(-5.428748078743837e-13+9.034826256829982e-14j),(2.3577620449994326e-14-3.762326233412169e-15j),(0.25421932469799335-0.009231817262637734j),(0.00016877805632327375+3.370036994562175e-06j),(0.00014653751355982986+2.689612272184871e-06j),(-2.0317818074757436e-09+5.008300830259009e-10j),(-2.8720780300413036e-09+8.020446784276219e-10j),(-0.2937737214348241-0.04501497471921643j),(0.009309769414767303-0.0011932888379700681j),(-2.528812974751006e-10+8.014015002630913e-10j),(1.4734181529013706e-11-3.285655881924688e-11j),(0.01477921153086791-0.001471655357705116j),(1.9535756311292963e-05+7.177761566043305e-07j),(0.09645049722618539-0.002386077640162658j),(0.11687814403002103+0.008314388861715833j),(1.6145063676329162e-05-3.3677452668564473e-05j),(-1.429643219925674e-07-2.0360077795445026e-07j),(-4.565204020352602e-06-6.769420232110888e-07j),(-2.501211927418537e-06-1.5751154463804697e-07j),(-0.005697389263172481+0.03909142694307047j),(-3.221285643520362e-09+2.78165272454423e-08j),(-0.00013458676490111688-5.512077944703655e-05j),(-1.4499553324661196e-08-1.7124913166322633e-08j),(-0.007213272697005455+0.0009462644033972234j),(2.4572373284270677e-09+7.049433757019763e-09j),(-2.4697226255770597e-08+7.56765455411623e-09j),(-2.111817753935873e-09+4.060018952406678e-09j),(-3.738808307032087e-07-3.8042250805560565e-07j),(-2.5355784091570002e-08+2.9619066742717716e-08j),(2.870770949110629e-06-2.5744156861001384e-07j),(2.162518629068139e-08-3.064923733240402e-09j),(5.3983360239861966e-08-5.247573187875456e-09j),(6.61441507117952e-07-2.2326869073791927e-07j),(-0.008881067772247037+0.00017583345548384966j),(4.628830979556385e-05+5.47037872590993e-06j),(0.028494156260626863-0.002891842016452085j),(1.7383978294901545e-06+3.1454773427412885e-06j),(8.039937923753649e-05+1.918316295841132e-05j),(0.0034679460882725936-0.0006551968367491648j),(1.684332237338046e-05-2.1338886823624645e-05j),(-0.0006277124936460636+0.0006374597377882536j),(-4.029311548933038e-05+4.238682039133539e-05j),(6.109912156593938e-06-3.937986580157537e-06j),(-0.000741646219649766+0.000422495653537459j),(1.4698118204235393e-05-3.460528031672667e-06j),(-8.174477938745428e-05+9.614381095279533e-06j),(-2.3657534832796615e-05-4.560062726723437e-06j),(-0.0014492133340760563+0.0006438367124212053j),(0.0664914743212663+0.005352951733869231j),(0.0005338213467896043-0.017972477129866618j),(0.003458946228868837+0.002833323496203973j),(-0.00828500212374213-0.02012102829862001j),(0.028020081228767018+0.062047244242802196j),(0.14992315051917882-0.012781827240920942j),(-0.05190978539807111-0.017011441769970513j),(-0.003052289683938024-0.002607207618220994j),(-0.0010525508320617023-0.0016373518833772392j),(0.0038856695001607145-0.0018712481707806295j),(0.0010757493250496358+0.0008656705927378428j),(-0.020720500644194867-0.004765666095352452j),(-0.0099415150453468-0.0023313221558684026j),(-0.09027820773711068+0.01135199798706129j),(-0.04166801882170589+0.04093961611148594j),(0.16052423918492104+0.035871176770945146j),(-0.22053436604892904-0.012330913079065902j),(0.017442552374223617+0.026456377582501477j),(-0.1516786199944493+0.01673269471935039j),(-0.19020685047842+0.01622511894668685j),(-0.03667352877030873+0.05503338031952461j),(6.992357024378379e-15-2.1907575404078373e-15j),(-0.13922011721406605-0.005462915409057509j),(-0.07314671670643356+0.004799832020171941j),(0.07585290213091316-0.0017973815896007543j),(0.026431150755418534-0.035512146086840723j),(-0.018811498559368776+0.012165232967951918j),(-0.12124810983951359+0.01159871730997395j),(0.1371482130745879+0.010935955584838015j),(-0.012985982353892676+0.007082012672419791j),(0.006429603598242789-0.00024288991587936674j),(0.045741859626493735-0.0008237003745240994j),(-0.009298156364485187+0.007666742604487468j)
27,(-0.13604604585955854-0.002444882377015921j),(0.578963797520682+0j),(-1.02134621935079e-16+8.15245606576922e-17j),(1.532377633445596e-16-2.6124162344034013e-16j),(2.81651075152992e-16-2.6471069853155464e-16j),(1.2113162821667275e-16-2.920229859269987e-16j),(0.3858419989146921-0.009022513611201294j),(-2.5704639546534833e-17-9.644060776004064e-18j),(-3.445883679877896e-16-5.593097802342509e-18j),(-2.618679246048444e-11-7.918575656999457e-11j),(-8.115871749352096e-11-4.256637101351607e-11j),(7.310037522330455e-15-4.0398580610014527e-16j),(-1.7385443541311777e-13+2.0321350372448186e-14j),(0.09075536964476738-0.001966978926501106j),(9.124538357746596e-13-1.1299902128707932e-13j),(-3.7511510223429594e-14+4.698499098090234e-15j),(-0.3627968152376521+0.009717149949937692j),(3.618565001977531e-05-4.3585717119238415e-06j),(-0.0002120717054592395-4.4253868352118385e-06j),(-4.156647387669987e-10+1.7032731734114577e-10j),(4.15042855775901e-09-1.1490595382403008e-09j),(-0.2740657904034831-0.03718626545250025j),(-0.0034820055010204155-0.00039893284789471067j),(-2.12911102451046e-10+3.0322510483226794e-10j),(1.0799181939818035e-11-9.630509424567044e-12j),(-0.02250458038044117+0.0027298209828306j),(6.017204466342029e-06-7.35172361173882e-06j),(0.045711233607300554+0.0005484599612766176j),(-0.14334446955833682-0.007958874777001825j),(-2.2830635170811987e-05+5.1966235183946e-05j),(-1.2030312378631165e-07-2.1923682531993712e-07j),(-1.6733989349949549e-06-1.203903866700333e-07j),(3.4679622746215674e-06+3.201363822054097e-07j),(-0.0052315748628702875+0.03747205401712542j),(-2.174065898524209e-09+7.162079258742757e-09j),(-0.00013098606049800237-5.268602156622052e-05j),(-4.573775013248584e-09-4.3917748790134656e-08j),(-0.006539610277235138+0.0007815917408269912j),(2.426526340926694e-09+6.8583029038271065e-09j),(5.8518268615258026e-08-9.050845257298149e-09j),(5.6288735690679596e-09-5.064682518139479e-09j),(5.1467923362192936e-08-3.8661480999796804e-07j),(-1.945439367184293e-08+1.0728599238627102e-08j),(8.120834392061243e-07+2.040702621943214e-07j),(-1.6867898053519426e-08+1.3017911832284592e-09j),(3.215091117824461e-08-9.684060404264854e-09j),(2.401298051918367e-07-4.843837876981898e-08j),(-0.008765625977701773+0.0006262764475301512j),(-2.4330885046071704e-05-7.864771986392029e-07j),(-0.006466754201626063+0.0015197689280316042j),(-1.1610791583723171e-06+1.4048660021525828e-06j),(1.8534015410905058e-05-6.0622636405732175e-06j),(-0.0006837814649973161+0.00022296330109073122j),(-1.554679141731195e-05+5.417140382800577e-06j),(0.0010674501266125036-0.0002447436589346464j),(9.117761276948634e-05-1.6394451194431236e-05j),(2.045661177478818e-05-1.1088775501423284e-06j),(-0.0016463273938058277-0.00021362224420631515j),(0.00017534874012742113-8.070410913792097e-06j),(0.00010884644738013769+1.4450660553858043e-05j),(-2.716198186028572e-05-6.209024670584286e-06j),(-0.0017610478845808454+0.001098562281726554j),(0.11590308374702604-0.010980551525969877j),(-0.012327010868509732-0.024101209936703248j),(0.006121733578431114-0.001585698193193326j),(0.0023763788071398716+0.01469243062594554j),(0.004747660489092-0.05271013172369225j),(-0.14300826408834263-0.012998145163450103j),(0.01591591879352051+0.015107018824172654j),(-0.0006578337653674756-0.001044998725952679j),(0.0016630524009572207+0.003568844343905725j),(-0.003415597149505869+0.0010065908912536387j),(0.002797602737056766+0.0021506879477537666j),(-0.004276630699109355-0.0011686836884925488j),(0.023246200146098486+0.005223888031857469j),(0.04729522093033359+0.0029221901350509685j),(0.0269310191487861-0.016866669239009563j),(0.13066032395740512+0.023474648945073395j),(-0.11105419688289135+0.019222426349033775j),(0.12458243615863589-0.011253889559714063j),(0.3160083006630971-3.057147738780297e-08j),(-0.043708810491054295+0.009996983470469055j),(-0.06115727550613809+0.0032055661946152666j),(2.022050759347825e-15-1.465058228414354e-15j),(-0.07730155466620076+0.0053067470547671775j),(-0.03241065481603512+0.003358849576205732j),(0.05077310943432573-0.005852646889089194j),(-0.09842083065872279-0.020121982370758202j),(0.06999884425967297-0.012034872134194529j),(-0.012055368065584611+0.01888735783742617j),(0.030487264778962204-0.011126891435467263j),(0.0028400308441515034+0.00686995578105855j),(-0.0618670313590733-0.0034241912905300584j),(-0.15978641389384407+0.02975530635767748j),(-0.012096075445873992-0.003234048481764959j)
28,(-0.008897133919806266-3.50338679860375e-06j),(0.002533992509933601-9.123601416934752e-05j),(-4.714541212341135e-18-3.0005048592211734e-18j),(-1.6176131058560005e-18+3.9368979360945994e-19j),(-7.256099650912944e-19+1.3163757745334044e-18j),(1.1900978881087329e-17-1.9878882627098015e-17j),(-0.0068633102064317025-6.731147072484671e-06j),(2.601482215124315e-17-7.048767382983456e-17j),(1.8962227318420567e-17-4.473659472199582e-17j),(-5.193230853268119e-11-5.155043524290678e-10j),(-1.8424625031508147e-11-1.516061974116525e-11j),(1.0821647574281503e-13-1.2128032423441649e-14j),(-2.5046258789223144e-12+2.905413432830785e-13j),(0.622181110576463+0j),(1.0292549617170228e-12-9.83138615624278e-14j),(-4.0859939838770166e-14+4.2604096212204e-15j),(-0.15177725810437456+0.005426729447854883j),(0.00016816183901136636+2.059656193546877e-05j),(-3.133352554856869e-05-4.608361175361629e-06j),(-2.116239697106084e-09+3.0422898187066435e-10j),(6.517815397283272e-10-9.716892289057444e-11j),(0.2946562208256183+0.09524474724205588j),(0.001476005976303988+0.0056722717028034j),(-4.870524466961756e-10-7.161995793970952e-11j),(2.09885788886186e-11+1.602123483609505e-12j),(0.006597603300251608-0.004430089529420582j),(-2.833846456257441e-05+8.428453678508838e-06j),(-0.3615462828522291+0.01191658121607671j),(0.06539223464037504-0.007057445823726241j),(6.8192551322163995e-06-1.9978873978518267e-05j),(2.1944296884737372e-07-1.5321227770536879e-07j),(8.401783468313307e-06+9.902751350404261e-06j),(-8.338036832523732e-07-1.4096982895576576e-07j),(0.3870220260387648-0.022613909720402132j),(-1.0707020498525833e-07-1.5533053273804149e-07j),(-0.00021359931637636784+0.0007646709534632246j),(-8.857995262767799e-07-4.165960293736172e-07j),(0.01739603319035203+0.002094444486978513j),(3.752140236358979e-08-1.7779009626191698e-08j),(5.070910833969251e-08+1.805509558904234e-08j),(6.185256109523589e-09-5.33829567257835e-09j),(-2.2390735319509064e-06+6.715654366257221e-07j),(6.113762662037924e-09+5.3076287193285355e-08j),(1.2375935531289106e-06+3.9117062415538996e-07j),(6.420501917387739e-10-1.5237772046685067e-09j),(-2.7024163659107915e-08+1.2981224304144758e-08j),(-4.0883482132543536e-07+2.221934998627577e-07j),(-0.09542665200891146+0.0070802382860597965j),(-3.7977755772758483e-06-1.6505213488273753e-05j),(-0.006505555384217519+0.000624064789557005j),(-2.8733793796274624e-07-9.807734075925304e-07j),(-2.8156022921495315e-05-6.785892510302724e-06j),(-0.001480759920109424+0.0003183927392767336j),(3.3746060054739623e-06+6.454032195112077e-06j),(-0.000481411785572861-0.00028872953948833063j),(-5.1067162938530145e-05-1.1192702637896441e-05j),(-1.0903097613168933e-05+2.7916635229835877e-06j),(0.0013786244370085025-0.00018819017093284115j),(-9.561212787489973e-05+7.85162991334161e-06j),(1.6420784687572798e-05-1.484468706860936e-05j),(4.408865379767763e-05+1.0351382106382472e-05j),(0.0024417100056409436-0.0012708891994808644j),(-0.13262037677222357-0.002833119678865542j),(-0.018734031699299467+0.030774363408106038j),(-0.006294041057251148-0.0014896093230113096j),(0.0036734907232484075+0.006551577723327609j),(-0.01957999832500283-0.018820209440361765j),(-0.035460705237499814+0.010584256371228357j),(0.018772712857368118+0.006983265267870849j),(0.0032852956428023983+0.0029956078623455066j),(-0.00030744057256452625-0.0010021504995685975j),(-0.002046724053463755-0.0001192716854630869j),(0.0011978347818096856+0.0012617606760382506j),(0.023206729929685647+0.005151810848289114j),(-0.008030347601159565-0.001602528511023954j),(0.07169903991436286-0.000680811047580835j),(0.03634150815549801-0.027430913939335933j),(0.22861213384850704+0.025600661950926515j),(0.16551722697529356+0.030158880538454114j),(-0.05663220403752692+0.015098089298633342j),(-0.024886143521678374-0.011182118836403942j),(-0.053477220526222474+0.0022673271770052537j),(0.03877809915585686+0.0028166790923495185j),(-6.173524748122706e-15+2.415931255830579e-15j),(-0.10037351543992507+0.003471845666599617j),(-0.10035254219878767+0.0020986725807240255j),(-0.13703535003328268+0.025378784869167288j),(0.13021697000917726+0.022560138936992775j),(0.04058680761454239-0.011561639273691162j),(-0.020839354442197075+0.015678177862828716j),(0.01166737687737372+0.017829074427843015j),(0.0024456776782296376+0.003843368415153309j),(0.07069467188658322-0.03297246718787135j),(-0.12162874625572248+0.015514745095399712j),(-0.008081525374450914+0.0045172273694341035j)
29,(1.5011207291948068e-05+9.945371665446967e-07j),(-5.073550627364109e-06-2.3694673933583675e-07j),(1.8342886252845688e-20+1.2009304213286003e-20j),(-3.230449317828101e-21+2.7949497712294376e-21j),(-1.983520557733725e-21-2.430749805952163e-21j),(-5.5229887558701415e-17+8.186309607461218e-17j),(3.102452868748171e-05-3.787960447669241e-07j),(-6.035495775465635e-17+3.897146067253965e-17j),(8.301327422489124e-17-1.6766538045902973e-17j),(-2.435591734371563e-12+3.359193440443982e-11j),(1.012003807506501e-12+1.1792348332917012e-12j),(-4.930314557890138e-15+2.4913056789992104e-16j),(1.1387848729389422e-13-5.425544979055379e-15j),(-0.04257815051663958-0.0032578810123794176j),(-5.6372452364966186e-14+4.595160461793502e-16j),(2.252371558833743e-15+1.5977889462406716e-16j),(0.012476028067900727+0.0008023945798736722j),(-1.6048998656761656e-05-3.1481656830282874e-06j),(3.587057375196499e-06+8.705721546999164e-07j),(2.0459078612827288e-10-1.4649874899438142e-11j),(-7.626957937355896e-11+4.314485868837174e-12j),(-0.04346983768425359-0.01866268442056414j),(-0.00016668485131995198-0.0009165822670458616j),(6.418225211683736e-11+8.358004136121687e-12j),(-2.66117474798777e-12-1.5998769955615368e-13j),(-0.0013647916657203375+0.0007340276576331626j),(5.82501620592552e-06-6.195754422770336e-07j),(0.0843007824790075+0.012177809918294098j),(-0.016219921658712423-0.0011819034430498587j),(-2.067489507782702e-06+3.6659959986721882e-06j),(-4.9607317026588074e-08+2.248703154397771e-08j),(-2.257286176848058e-06-3.5385686591598332e-06j),(3.272002084393051e-07+1.1129753257967162e-07j),(-0.12644779328330372-0.002360831612551873j),(2.4636082062386927e-08+4.293374491966884e-08j),(6.172014541605178e-05-0.00023841526438395517j),(2.595013037238461e-07+1.4994621648300394e-07j),(-0.009798902958097495-0.0009707076069779292j),(-1.1574500330931695e-08+5.805019037633783e-09j),(-1.869633608857122e-08-9.157386366090533e-09j),(-2.2071039309483947e-09+1.5179609934296083e-09j),(1.3824502947602872e-06-3.696718329738592e-07j),(-2.867089071368103e-10-3.4257875747571815e-08j),(-1.9067567689687916e-06-5.062397310842554e-07j),(-7.512106591658635e-10+1.219905837239252e-09j),(3.308356664281197e-08-1.710885622261743e-08j),(7.26165697928383e-07-4.469004057845952e-07j),(0.8685006408549067+0j),(-8.236061387718269e-05+0.0001157056944373j),(-0.03321396623572216+0.004399389093307749j),(-7.848688724468968e-07-1.215311265252639e-05j),(-0.00021293293313934768+1.8350833403460987e-05j),(-0.0040618705276094765+0.0010509646503069842j),(1.598300834452516e-05+1.9556282925955393e-05j),(-0.0010053548028108703-0.00046967906041705545j),(-0.0001439691897020121-1.68588840996407e-05j),(-2.7783482358880497e-05+1.2080828527099504e-05j),(0.002315461122459374-0.0005263407350119776j),(-0.0002130477785977587+3.819952616926962e-05j),(2.7766121393725016e-05-2.6510668729766266e-05j),(7.662456411975597e-05+1.2535924521139759e-05j),(0.003490657736382202-0.0018130054550619232j),(-0.17131114699992758+0.008135715323510442j),(0.009348093215859776+0.04013080493453363j),(-0.008012332599818052-0.001972266290948579j),(0.004604743597613609+0.008286589922983192j),(-0.025329241075123795-0.02266952994217291j),(-0.0440474499116332+0.01462759887705848j),(0.022427604307984187+0.007771147657621333j),(0.003441245791579746+0.0036204536597591683j),(-0.0002570340543336797-0.0011424410036782095j),(-0.0024141045228383306-0.00011080029879567438j),(0.0011391199292757916+0.0012201971909167346j),(0.0225200842154879+0.005106199545780633j),(-0.007774121075911488-0.0015905113314463467j),(0.08099619417586187-0.001433480899675342j),(0.04062644691731769-0.031273609172979465j),(0.2318732152622355+0.024837577914855052j),(0.17099786838882333+0.029353520944691788j),(-0.06171475460757572+0.016994103724488615j),(-0.025985986304026296-0.011158630402493415j),(-0.05757221087977134+0.002543249340259287j),(0.041602346075550536+0.002775758351600365j),(-1.0358574678656556e-14+1.6930221183397993e-15j),(-0.09721244087378758+0.0035615926230058575j),(-0.09249580285481185+0.0029766317174773575j),(-0.11877455387686849+0.025082187429449947j),(0.13748933610303998+0.02256469214694127j),(0.04068832532667059-0.011809935580148994j),(-0.020586708952682935+0.015479733664032437j),(0.012258023361143861+0.018689891633565704j),(0.002458921874376466+0.003887115775326694j),(0.07228466568503497-0.034331421875067186j),(-0.12498750624178305+0.016625021587069536j),(-0.00839957510254272+0.004756603532954904j)
30,(0.006999613325360949+3.54454824754095e-05j),(0.006158763460936747-9.098917847054789e-05j),(3.543225498862675e-18+3.439670938712999e-18j),(2.083064144578467e-18-1.7139044198033584e-18j),(5.0815992594831296e-18-5.443057533232383e-18j),(4.5964162328693925e-17-5.5498780852278456e-17j),(-0.006670952416360631+7.275682535987961e-06j),(8.611703892444401e-17+5.190402356087397e-17j),(-1.0885204046589351e-16+1.955973219508892e-17j),(5.1068148044050936e-11+3.6966135900216655e-10j),(-4.941088544246025e-11-3.439173461426942e-11j),(-8.101947569588124e-14+9.735677630775157e-15j),(1.876194328343336e-12-2.1649185749337725e-13j),(-0.4332568213511634+0.002346620029231389j),(1.900184852993906e-12-2.6283990721307216e-13j),(-8.52386985257352e-14+1.1593610970014451e-14j),(-0.41007999506608567+0.003742579475254415j),(-0.00012724597382265915-1.7836970085883263e-05j),(-7.756094987701089e-05-1.801285862611458e-05j),(1.6140777632503366e-09-1.9971598986771317e-10j),(1.6615538949073576e-09-1.1157129863581094e-10j),(0.24752151610357323+0.09535121659754138j),(0.01160273367193336-0.0015228421313185922j),(1.8299010769643673e-10+1.816308286406779e-11j),(-9.482582342470674e-12+8.217201217082985e-13j),(0.01238846243574973-0.006553096219945675j),(2.3545560911149365e-05-8.848327180857349e-07j),(0.1770655500080424-0.02380412969898643j),(0.2957973324715687-0.00863097297269266j),(1.7059085854454402e-05-3.556701585758577e-05j),(-1.9435800850697116e-07-2.390734112841877e-07j),(-5.994101620513343e-06+9.495327740390014e-06j),(-3.6606545040614705e-06-3.9113732254742026e-07j),(0.4521643264361814+0j),(1.537310812717678e-08+5.398883403897421e-08j),(-0.0003259510357316276+0.0008464434112696629j),(-4.3780291314701135e-07-1.444643153894221e-07j),(0.01832728725675983+0.002865642877919623j),(4.3630447936205976e-08-1.704321093691043e-08j),(7.035806507324445e-08+1.2108118995677978e-08j),(2.8919832728528726e-08-3.4438579647856027e-09j),(-1.739740943900085e-06+1.1843908839189843e-06j),(2.3488118456636196e-08+4.0868067501798085e-08j),(3.958494070766309e-06-2.8034536058585997e-07j),(3.496835677725788e-09-3.4467710937633014e-09j),(2.1312275989319412e-08-9.761407565097195e-09j),(3.330582453157596e-07-1.9771554165562555e-07j),(0.0586533513880716-0.0028219079001333518j),(2.1907959854560833e-05+1.1752902756621443e-05j),(0.01723181266923283-0.0023896027426060394j),(1.153153184090888e-06+1.275950716242682e-06j),(4.1927727991812984e-05+1.3094237579588261e-05j),(0.0035301200234783593-0.0006273650036171799j),(1.119288625920493e-05-1.431473837867358e-05j),(-0.0006916132297761752+0.0006518370858141578j),(-2.6167260284475182e-05+3.1105461919812683e-05j),(3.496661654231807e-06-2.4699972449803862e-06j),(-0.0007075012101510188+0.0004137146740807628j),(7.11429051788696e-06-8.155527045266379e-07j),(-7.247276518503525e-05+9.194044986381659e-06j),(-2.094046115887358e-05-4.276159087745277e-06j),(-0.0012988992811326708+0.000580903714547422j),(0.061617834474688674+0.005604390869036625j),(0.0019890770714537367-0.01677162636184603j),(0.0032394008019465117+0.0026008348370786514j),(-0.007664491361034826-0.01963587449282158j),(0.028520114110147946+0.059174449407027804j),(0.14299365415085263-0.0131564245967367j),(-0.05388870319801688-0.01613965263023674j),(-0.003016052022836698-0.0024054384182600284j),(-0.001072661687981332-0.0015454705502242062j),(0.0035901681739500422-0.0020241189300008195j),(0.0011204360393139118+0.00088527646463881j),(-0.02091684953866923-0.004782510285911812j),(-0.010038170536770048-0.0023448695110984815j),(-0.08633266936414807+0.011008832740923138j),(-0.03995033035991692+0.03923711255065582j),(0.16058660383551845+0.03582623034028351j),(-0.22034744159426692-0.012326079263502921j),(0.01629952711012221+0.02550995807420628j),(-0.15167861262807272+0.016769353662379805j),(-0.1843676735093662+0.015433225405361725j),(-0.03700344657844113+0.05324004968881294j),(8.306125092611529e-15-1.2782144214407865e-15j),(-0.1392678404676909-0.005278066457700334j),(-0.0697873335719457+0.004796300800186611j),(0.07530725749446501-0.002009296779433213j),(0.02575919259683355-0.03418600089827639j),(-0.018721802553982002+0.012194199117319938j),(-0.11947761234594378+0.011525755489104388j),(0.12739639346762227+0.010345477621549089j),(-0.012694913308529484+0.0068959910087025705j),(0.005786607590317465+0.0003848825580136609j),(0.047212287380370914-0.0013639952955175998j),(-0.008537914242431334+0.007154939687670417j)
31,(0.002206045662211363+4.020207924254821e-05j),(-0.00937991522874509-2.7024694447532957e-06j),(1.897995245218737e-18-6.725138778444008e-19j),(-2.1230680933150287e-18+3.462747509004399e-19j),(-4.998143134316974e-18+4.794218449650247e-18j),(-1.1617739152114207e-16+1.501143538962796e-16j),(-0.006217139183969916+0.0001347275204486684j),(2.79029196617348e-17-1.2016701773704773e-17j),(4.1082704717284245e-17-2.564514607315585e-17j),(6.4841733010765514e-12+1.2328020867704118e-10j),(7.101989262139596e-11+5.3523507946984006e-11j),(-2.5648640738466036e-14+1.688637273926029e-15j),(5.923465569146054e-13-6.075562788024995e-14j),(-0.15591556590084185-0.000523783285964044j),(-3.079479731156979e-12+3.2711872728817544e-13j),(1.3337001287255288e-13-1.480594760261345e-14j),(0.5871385794032304+0j),(-1.980942979229625e-05+4.408012952558465e-06j),(0.00011908254766485185+2.656104815659692e-05j),(2.2508598230134026e-10-1.2091123156744486e-10j),(-2.5324798002762393e-09+1.9095716625519474e-10j),(0.2360711988109543+0.08473748475500627j),(0.00640693162272215+0.00136603505071698j),(6.464424896153288e-11+3.543587113804335e-11j),(-3.2985178522221803e-12-1.9913178045919417e-12j),(-0.020567238767510303+0.009813587716145496j),(8.385419762384621e-06-9.047538290307439e-06j),(0.08297950610208413-0.008333178621842874j),(-0.3554169203979323+0.016244804327217536j),(-2.408211912520234e-05+5.759156403617918e-05j),(-1.6390237842428656e-07-2.5504293749046193e-07j),(-8.487581245865538e-07+9.835407659914272e-06j),(6.3191280284426965e-06+1.8426121026302764e-07j),(0.4286892680914736-0.004668599575339119j),(-1.1017090381510299e-08+9.497596239780691e-09j),(-0.0003039869023094858+0.0008094799829354561j),(-5.233402045814334e-07-1.97891160322147e-07j),(0.017063508785881004+0.0024074123217564984j),(4.148367026416517e-08-1.6619539813290987e-08j),(-1.5969338492852293e-07-4.828971463434758e-08j),(-4.33758897916551e-08-3.1481901628956263e-08j),(-1.6072919265327407e-06+1.0625078545022718e-06j),(2.3035999515375283e-08+3.678206179707149e-08j),(1.453035020776838e-06+2.1854520239625024e-07j),(4.479397473848206e-09-1.7274419516626636e-09j),(1.0405743617400318e-08-8.004725968881068e-09j),(1.4726764221798064e-07-8.788696091134026e-08j),(0.0492679366527763-0.004232436013045092j),(-1.7397251674142606e-05+7.26108028282484e-06j),(-0.006682555405810689+0.001639526511164095j),(-7.837961746790893e-07+2.997909831100304e-07j),(6.80370608199996e-07-2.7414225972627554e-06j),(-0.0008316929069261414+0.00027900481666710326j),(-1.1902683815863108e-05+5.205532484728704e-06j),(0.0010614645956180974-0.0002590054361715113j),(7.086506588145512e-05-1.4828564097860363e-05j),(1.411822135466139e-05-3.063227433476231e-07j),(-0.0016354587419370405-0.00023195457710983993j),(0.00013157167419312264-5.200535128241921e-06j),(8.808736774058862e-05+1.1159222409103381e-05j),(-2.3233713064559506e-05-5.434279488820044e-06j),(-0.0015408857150067605+0.000979822342227372j),(0.1057977230778953-0.009762515364969554j),(-0.010172560670381008-0.022025622336585907j),(0.00560208250705935-0.0015925205816312476j),(0.0017626275406371567+0.013596125896565885j),(0.007202909329136637-0.0498656272003012j),(-0.13373219481010754-0.012822119328428609j),(0.02054311764387042+0.014421808973973849j),(-0.0006647347339921645-0.0009827406309556568j),(0.0017199671260914495+0.003352153753378775j),(-0.0030789186743064396+0.001243095137447488j),(0.0028666364491131287+0.002182043430207978j),(-0.004321298740312819-0.001173336644462158j),(0.02350392922214719+0.00524424440747755j),(0.04324880411698058+0.002280627870691339j),(0.0246066746094596-0.015633522702234847j),(0.13069532827945624+0.02343538964655338j),(-0.11088459517444893+0.019192192340551393j),(0.11953368537663901-0.01128968281215717j),(0.3156665624249939-4.483657748896586e-06j),(-0.040925406567051126+0.008933355920005106j),(-0.0603802606905572+0.00297753538729668j),(2.5013418192930566e-15-3.9835738315470585e-16j),(-0.07686118729869132+0.005507355154066647j),(-0.03010815449246896+0.00316283599022461j),(0.050397939844588575-0.0059687052244231376j),(-0.09887375552864235-0.019027337319825127j),(0.06503474868867806-0.011754975358747023j),(-0.011842904417400817+0.018254145743604733j),(0.025427953117985607-0.01106854616895131j),(0.0029461303702990327+0.006315171674034325j),(-0.05902999432989038-0.0036360439876272667j),(-0.1582090176751888+0.02926522436027565j),(-0.011725999184391381-0.0035166135252749364j)
32,(4.334246762603465e-06+2.8541253830597817e-09j),(-1.234213109749694e-06+4.4061058982662733e-08j),(3.8579101877366765e-21+3.1457367258864013e-21j),(-1.5311400453884023e-23-4.8071004801132353e-23j),(-4.396979428423098e-22-5.674648786356361e-22j),(-6.917956250505531e-15+6.23437773848464e-16j),(3.3577747377472855e-06+4.075733237127774e-10j),(2.3334210167835358e-15-2.7845770074584423e-16j),(-1.4045130422967274e-14+2.3265298441684937e-15j),(-4.846785014955311e-13+1.2436810380394916e-11j),(3.0455009789660603e-13+3.2037273631785313e-13j),(-3.997152689468164e-12+4.86654855038268e-13j),(8.587335109595356e-11-1.0179345765150436e-11j),(-0.01615647967747287-0.0001138053278570434j),(-3.29245455939222e-11+4.013733381488531e-12j),(1.47650740192114e-12-1.8397289967454525e-13j),(0.00368437755822392-0.00013686180429963758j),(0.005871739416481305+2.747927257303051e-06j),(-0.0015968189874029548+7.850976588104526e-05j),(-6.969948644483037e-08+1.8800091889857076e-08j),(3.025362171159451e-08-1.0789949888436399e-08j),(-0.015328599164020714-0.004524528695619683j),(0.5207021568095495+0j),(-1.930689229838718e-08+3.265757206178357e-08j),(9.428126449517928e-10-1.2759378662187796e-09j),(-0.21938590083680296+0.004201155309298488j),(0.0005069213616294639-0.00023359800062205838j),(-0.013023039756428656+0.007404910074717158j),(0.008347359555391044-0.004172919967115265j),(-0.00011838539234015502+0.00045844144668638625j),(-1.8439415286239966e-07+9.262671015204366e-06j),(2.143911226460825e-07-5.742435896644371e-07j),(-7.216894464616404e-08-8.803858771926167e-09j),(-0.02513263042517263-0.004695671472734074j),(-1.5396226229712928e-06-5.821471155542324e-07j),(0.004916780546444013-4.064443896251396e-05j),(-7.113533446298239e-06-1.9137893710378716e-06j),(0.43175258352351525+0.007577589122851808j),(-1.4017951995575757e-07-1.9437641453988695e-07j),(2.5137108523205115e-06+5.104176075544604e-07j),(2.598205741650626e-07+1.2758227789489884e-07j),(-0.00012724329359862062+2.8626552935748776e-05j),(-9.514529858623095e-07+4.448688017949508e-06j),(1.3396923450385694e-07-3.203249845530401e-08j),(4.1674995073039773e-07-2.0804509986238497e-07j),(2.0158034922962724e-06-1.6660436956936855e-07j),(1.7064245538721657e-05-3.979870782611462e-06j),(0.013674350161117768-0.0023084490136451325j),(0.00021640060355893281+4.5603805980037394e-05j),(0.08043128709585853-0.00639739554430746j),(-9.001274031303851e-07+3.837830595908618e-05j),(0.0007418856571818279+1.3261695475770487e-05j),(0.0003121281688872651-4.426598213232665e-05j),(-0.00017186603149286345-6.543319551515391e-05j),(0.00017354757040696244+0.0001046561816265546j),(0.0012041252283279493+5.937873262126998e-05j),(0.00012712069825973277-5.223100999118229e-05j),(-0.0008467483698491398+1.7733350288246422e-05j),(0.0011265761387578214-0.00013495305609170175j),(-0.00029048111240489256+0.0001430328981849319j),(-0.0004361786760464158-7.843321052357779e-05j),(-0.014130103810437689+0.005159909984497742j),(0.4264926098655575+5.104532809674378e-05j),(-0.023848872093210887-0.09838882888839365j),(0.014678032572765967+0.013531399840978718j),(-0.0145900405695171+0.012609929830962444j),(-0.14486712621272363+0.06967232349453631j),(0.10093250991695477+0.05284225281769718j),(0.03167791922665357-0.026246171188684934j),(0.0009103040648188402-0.008881514331197445j),(-0.0014890336113445933+0.0012147671176399187j),(0.008314381245224616+0.00468789977248938j),(0.003532091840016442+0.002495525738504034j),(0.03411751599441144+0.005989979978760126j),(-0.011910771973003852-0.0019756801731092653j),(-0.1568005567363981-0.01629075221450839j),(-0.08365755324957745+0.050057722503828395j),(0.21054347800511442+0.025419802342609807j),(0.1390293547418252+0.029497752508061154j),(-0.02444008474466578-0.019439486345589535j),(-0.02264794432554946-0.009525618916547431j),(0.19430870723811944-0.043859732875431795j),(-0.00044425554300157963-0.054442932857683236j),(-1.7364693561105863e-15+1.100449466649206e-15j),(-0.0689447843055479+0.00909594514767214j),(-0.026073402635460586-0.005132462209603485j),(-0.2063239442654072+0.019222820911379335j),(0.03937556224901954+0.02947340972761128j),(-0.08601536677809506+0.007624777529921523j),(0.010665615271835769-0.004713061291938743j),(-0.18090025161879897-0.005177232590316119j),(0.005425260118703054-0.012590316097284292j),(-0.11388256601007452+0.01597089839409624j),(0.010167151129922829+0.010765306995413613j),(0.027793931918725333-0.0059466486878787216j)
33,(-3.4159112135002828e-06-1.8552379623044473e-08j),(-3.001276919575415e-06+4.320757103978948e-08j),(-4.08798672331735e-21-3.5133498320904105e-21j),(-1.7904703998528953e-21+1.0156607579227484e-21j),(-9.627754616286579e-23+2.0451653520325896e-21j),(5.462369056994759e-15-4.550112947143829e-16j),(3.2215606368798717e-06+5.868823605066449e-09j),(5.7063568426836e-15-4.761356544509436e-16j),(-1.3873887534443478e-14+2.3094376128009567e-15j),(2.941269840910905e-13-9.827508264011208e-12j),(9.113209845938523e-13+7.983781004637688e-13j),(3.2306596611598653e-12-3.7101728688794574e-13j),(-6.944331531696651e-11+7.737203307350138e-12j),(0.01256810434510337+0.00014702516387610307j),(-7.348154763782634e-11+9.031882903011278e-12j),(3.4974580863271153e-12-4.346660967844137e-13j),(0.011577618316498617+0.00017121701555565614j),(-0.004984370211837314-4.968302389932481e-05j),(-0.004486250294540549+1.024768457965979e-05j),(5.9259057970036024e-08-1.538508493072277e-08j),(8.67499960763389e-08-2.6296145826564587e-08j),(0.004144697496560177-0.00047331193358365604j),(-0.4984093823952517-0.00521767002993323j),(1.2490535936931505e-08-2.6489844631022166e-08j),(-6.248177353374545e-10+1.094123772573983e-09j),(-0.3680894945505021+0.00044905658369519263j),(-0.0004345799314039809+2.9216303434132597e-05j),(0.008279380832639136-0.002305740982288504j),(0.02199059880663927-0.009220551886843923j),(-0.0003212653199472191+0.0008030885823082023j),(5.978462188206395e-06+9.749242091969504e-06j),(3.9816490924943575e-08-4.998743501793991e-07j),(-9.671568029958818e-08-1.345703652580519e-09j),(-0.023218224545698676-0.004001443745211241j),(1.1931602032397715e-06+4.2662971724556066e-07j),(0.0048632370940229165-0.00015821930030511392j),(6.23028426067074e-06+1.3242391619802099e-06j),(0.4442047370771783+0j),(-1.720058903430213e-07-1.9104790157428605e-07j),(2.4552661938485077e-06+4.820400156940967e-08j),(6.751552906666293e-07+5.050753587911404e-08j),(-9.114310471804132e-06+2.7524895609009477e-05j),(1.0997420184030399e-06-4.1310724794861003e-07j),(-5.155726491115304e-08+4.949344034840772e-08j),(-6.481778906275452e-07+3.9401689321170364e-08j),(-1.3304968691751196e-06-2.310115423034822e-08j),(-1.4900996483347712e-05+3.287313396327798e-06j),(-0.011945974294726025+0.0016452914247183032j),(-0.0007262998094397609-0.00011861595314449397j),(-0.3592317046187391+0.008501863478872385j),(-2.0181638217567698e-05-4.228818548914308e-05j),(-0.0009954950403252283-0.0003087005441664164j),(0.00041645616958444176-0.00019440313467321315j),(-0.00024156918709112134+0.00023529138058323433j),(4.626381336534704e-05+4.92394750867141e-07j),(0.0007371233108906136-0.00042110151444080355j),(-6.004289724769093e-05+3.212643992217105e-05j),(9.953864708543119e-05-6.088072629404798e-06j),(-2.2153817597417895e-05+1.9175821194904983e-05j),(0.0003188386035844938+1.3321928156345187e-05j),(2.7501760052400062e-05+7.3002102590471205e-06j),(0.0030686534229444934-0.0009290897267693113j),(-0.08075602240510607-0.01207888246921409j),(0.0006971645933546572+0.02164001359889738j),(-0.003268329067670798-0.006360137090098691j),(0.01644241183952607+0.0103582646572613j),(0.027990771808148227-0.07502483129215397j),(-0.18452764013851808-0.020763053089928415j),(-0.08388635758553398+0.019981111401093515j),(-0.0012365805814026532+0.004935912428289247j),(-0.0017677458475165572+0.0028343849775081726j),(-0.007383434531457231-0.005486041069499348j),(0.0031544552736603054+0.0017796150609310953j),(-0.027211068401314688-0.005351235129435333j),(-0.01445361580020071-0.0028762414923837153j),(0.06314897700262188-0.004881387569175513j),(0.024416170597636136-0.02714173608488265j),(0.15254988108642148+0.03487256781612962j),(-0.21969128203726462-0.009688529820673612j),(-0.03018542847314794-0.026275266408927325j),(-0.1463887586983181+0.017651600495046618j),(0.14638151399916266-0.02203177059009686j),(-0.03150932369876563-0.03871631112568517j),(2.6291898149852275e-15-1.5075625282612728e-15j),(-0.11232402146156648+0.0021593825425332003j),(0.03862600479501751+0.0030745003927231456j),(0.01416549430595681-0.007793322300671357j),(-0.03446310853603094+0.0265478521903902j),(-0.01980885318429676+0.013465067093976575j),(-0.03212772264082749+0.00607365451344493j),(-0.261053424435503-0.018671872074032744j),(0.00033324489844477453-0.002067972444320795j),(-0.02392609081226923+0.028951319123527254j),(0.11806289893591707-0.030589722115683553j),(0.023720610853004257-0.014194615980948184j)
34,(-1.0765237361257909e-06-1.984739715725282e-08j),(4.568089752070218e-06+2.6121518377489523e-09j),(-1.5464369622668157e-21+1.999961598863734e-22j),(1.8862261719350367e-21-8.337200165623676e-22j),(2.2356345378841836e-21-2.0363869682287586e-21j),(1.7354474259492098e-15-1.28449914010753e-16j),(3.000546630766798e-06-5.7489677369122996e-08j),(-8.681432399295546e-15+6.24120276183338e-16j),(-1.2851242738883038e-14+2.466351115125974e-15j),(2.8739418762030656e-13-3.1567312161267055e-12j),(-1.2497024449836193e-12-1.18202246443988e-12j),(9.99525763616147e-13-1.0407701446897413e-13j),(-2.15004817180561e-11+2.1806528625569244e-12j),(0.004298255258347804+6.491472891316259e-05j),(1.1257651355630271e-10-1.1615358321613435e-11j),(-5.262669388222781e-12+5.521102413073913e-13j),(-0.015659817848279203-0.0002419393494953936j),(-0.0013973870634346576-2.8905364326448427e-05j),(0.006204652039472362-3.945879090770437e-06j),(1.6709933613757318e-08-4.148548405209213e-09j),(-1.1987646064815888e-07+3.615718551301669e-08j),(-0.0013675040905260602-0.0015696578798677975j),(-0.09271151900730908-0.0045272467234560645j),(1.0220719230007837e-08-1.0104248286097278e-08j),(-4.67597992930676e-10+3.284041889490152e-10j),(0.5802246481985911+0j),(-0.00015880300721128127+0.00020716628298189185j),(0.01057300711476444-0.0036933488979968274j),(-0.029104356394094272+0.012749169857023452j),(0.00042235211163098394-0.0012474298940480916j),(5.874488521251754e-06+9.855891093911231e-06j),(9.956562740036446e-08-4.855175985221193e-07j),(1.897592371568124e-08-2.3918378244331733e-08j),(-0.022522479441218622-0.003486064788457473j),(6.554907193400709e-07+2.9072402386691417e-07j),(0.004619087369184531-8.348770304414074e-05j),(3.5568067745581005e-06+8.317691974085678e-07j),(0.4015940450540814-0.0004525940882287305j),(-1.5991757556196974e-07-1.84614827863234e-07j),(-4.6673641795214015e-06-5.49324453908945e-07j),(-8.245889934132198e-07-1.412544765748612e-07j),(-2.1135078213135753e-05+2.5039120371433363e-05j),(8.986029334687673e-07+1.3452254103470063e-07j),(7.803025954949639e-08-1.5641357311042193e-08j),(6.444822712104262e-07-6.176924530569627e-08j),(-8.940232566627077e-07+1.7525600594805852e-07j),(-5.873184982117305e-06+5.866150686692594e-07j),(-0.004142378048138851+0.0006725305722629445j),(0.00040997121282929723-1.0690077911950621e-05j),(0.052607783098674116-0.008231208144672587j),(1.716334015754886e-05-1.760532613648517e-05j),(-0.00027794441644427557+4.3731530502539405e-05j),(6.0338035168029314e-05-1.245932178000071e-05j),(0.00011705966249210499-3.6507249924282436e-05j),(-0.00034359958883551224+4.212822296375052e-05j),(-0.0006135611020507637+6.376717811687103e-05j),(-0.00020974840396091702+9.079937890598436e-06j),(0.0006963871217662914+0.0001180894216694458j),(-0.001451681124691684+3.18476755242625e-05j),(-0.0008042317668754007-0.0001030048922853357j),(8.642835821321954e-05+2.9249927259943485e-05j),(0.006184255674475183-0.0031042834048257335j),(-0.28291366588069444+0.02051816559371976j),(0.03090192554426281+0.05903821771506829j),(-0.014399550171418318+0.0001223989172835357j),(-0.020146277061376762-0.038670729553743836j),(0.08870931817623813+0.10104876365324025j),(0.3210440562011275+9.945493097687427e-05j),(0.15395118873273092-0.022481733211071116j),(-0.0011488315308650207+0.0007004322170394706j),(0.0035986087939708544-0.006063894126530824j),(0.011508748000054837+0.008325285769985067j),(0.005881213411358662+0.0035296535617317546j),(-0.004830244397894127-0.0013640940434398602j),(0.03345001504232326+0.006004386815126893j),(-0.14153257226059984-0.020628701192558677j),(-0.07952849657067732+0.043539543703850006j),(0.12326576905424794+0.02289642105017789j),(-0.11121164013425118+0.019835481926438726j),(-0.109773535356409-0.016111360213333963j),(0.2963090325618663-0.00030447256607662315j),(0.1234551275178638-0.03975310072577054j),(-0.007417084261199782-0.015483303770054708j),(-9.459501771465285e-16-2.521933629950032e-16j),(-0.041806667704738676+0.011258596173729981j),(0.04166379796975043-0.004531895701252666j),(0.0020596228197738817-0.007085872895870673j),(-0.10079801568617447+0.0302951554808859j),(-0.1188797208033371+0.0018830832904628489j),(0.006549980702591072-0.008651387060979811j),(-0.17366350457251284-0.007655769062116458j),(0.006478307065974468-0.015028425308482129j),(0.04544306654198506-0.0023730346228644957j),(-0.03095364323944351-0.004822684675061405j),(0.008219341168772574-0.013694552310490889j)
35,(-8.942463033565482e-10-1.185709024076282e-10j),(3.5767662968851494e-10+4.646507320860509e-11j),(-1.9770207090811975e-24-1.6569416682548613e-24j),(3.1803076365553264e-25+1.7525273513492526e-25j),(3.6922127250561475e-26+1.6005253651185767e-25j),(-2.6232842456333942e-18+8.999540647415747e-19j),(-4.960045799524404e-09+1.2571389155345505e-10j),(-9.087695177656296e-18-6.763094439287934e-19j),(-2.0256941895159776e-18-1.2298349306270342e-17j),(1.7214274341932195e-14-7.15829340157207e-14j),(-1.7651957094821932e-15-2.9092704298477624e-15j),(2.7100008232455472e-17-3.558048449724276e-18j),(-1.7998312225345974e-16-1.8020530891242976e-17j),(9.712280989659783e-05+1.4530850754058793e-05j),(5.824517732645744e-17+3.5432092707298504e-18j),(-3.886351283794549e-17-9.549990881449047e-17j),(-3.36802683037578e-05-5.352698840215501e-06j),(4.9974537300433756e-08+1.3298531609594761e-08j),(-1.3157923336841885e-08-4.387094625003402e-09j),(-6.448989402424214e-13+3.552730873641234e-15j),(2.855379655985036e-13+7.762838613408228e-15j),(0.00020011019945555418+0.00010614822241208356j),(5.257841653139237e-07+4.588708044011548e-06j),(-2.6925548760258925e-13-3.109539850963798e-14j),(1.0695048760291821e-14+1.3698463818034763e-16j),(8.416319011487572e-06-3.6533304099072103e-06j),(-3.5164890278156834e-08-1.778830302221292e-09j),(-0.0005672919597431227-0.00016943912711645299j),(0.00011485063270745952+2.5859445711401724e-05j),(1.581584080151434e-08-1.9917667731386364e-08j),(3.2289266803585686e-10-8.90247367936256e-11j),(1.67571211099772e-08+3.370157327983434e-08j),(-3.3437039857300223e-09-1.6019984786154307e-09j),(0.0011376019191076227+9.014727232668697e-05j),(-1.6446591347924887e-10-3.3754326747793034e-10j),(-5.047638815815568e-07+2.074712583882149e-06j),(-2.136903152371951e-09-1.4336956545941185e-09j),(0.00013149061754624524+1.1220325594547591e-05j),(9.989269194653043e-11-5.227339101490834e-11j),(1.8354197662508043e-10+1.1022178724045024e-10j),(2.110722806662564e-11-1.1995221570566114e-11j),(-1.9712436650382954e-08+4.845003977948732e-09j),(-3.039554544440108e-11+5.004616440335298e-10j),(4.464254306504062e-08+1.0937294544810182e-08j),(1.5067924206909608e-11-2.0221593081844682e-11j),(-6.976473477908824e-10+3.726636915810079e-10j),(-1.804525141914231e-08+1.1606524371379547e-08j),(-0.0317328480441011-0.0003190679615088614j),(3.502183300826868e-06-4.025118971837841e-06j),(0.0017867088231878752-0.00021267460804929293j),(4.8162045253772324e-08+5.544475959548381e-07j),(1.0383725183156138e-05-2.4664062079226535e-07j),(0.00029690042362967133-6.583103171085893e-05j),(-8.521671645491059e-07-1.308035523442581e-06j),(9.419650503418687e-05+6.52433652122963e-05j),(1.02399005981045e-05+2.026976538081794e-06j),(2.1202495853976174e-06-6.099865657510716e-07j),(-0.0003270518823256694-2.266217256337017e-06j),(1.8814237062493096e-05-1.1957847918975594e-06j),(-4.0612245278878835e-06+3.343722979329205e-06j),(-1.0111558413633373e-05-3.6031471828846977e-06j),(-0.0010695171389764997+0.0005462993347525047j),(0.052463150147677544+0.1634672139285953j),(0.7293649058796858+0j),(-0.0038566491916539546-0.0014870552822512583j),(0.0017827517094663428+0.0035595915391880176j),(-0.012091650780847799-0.0016346491926778305j),(-0.011599279904453298+0.012875191238128122j),(0.003659607275596173-0.00023050683945581964j),(-0.00028226186378054743+0.0005005188801495713j),(0.00012338782209875637-6.0954403863834376e-05j),(-0.0003291644016024502+6.302653649947461e-05j),(0.00044006867800381173+0.0006036114418451794j),(0.012367883408717872+0.0036484530156278396j),(-0.004082915145028605-0.0011313276738559117j),(0.0038836453234687854-0.0014151885660209267j),(0.001116456248783309-0.0020790444691535194j),(0.2918979972948954+0.002215968322685835j),(0.2853766720444456+0.002886087695502937j),(0.0012438251027736345+0.0008276879567063918j),(-0.04988054085496105-0.008489031723396304j),(0.0026675715931986483+0.00019882385660871331j),(-0.002234834433280319-0.0007934566389644364j),(8.444664515676745e-17+3.883757502587415e-17j),(0.0849138916699248+0.002527965522539262j),(0.19354207673123583+0.0252487048963892j),(0.46828750167826905+0.0018946214706614117j),(-0.012860333943593618-0.006126065206536146j),(-0.015055220060472824+0.002036429099504516j),(0.011328369601008406-0.00824943878209031j),(-0.0013179357321344756-0.002239957008536543j),(-0.0008197475762087977-0.001170361145904204j),(-0.01615433610809555+0.004103185284275498j),(0.024715936165990916+0.000545861852331242j),(0.001250072113355947-0.00045311063490299346j)
36,(1.8585654680896427e-13+3.718896751766666e-14j),(-8.774872426866003e-14-1.8858391477122873e-14j),(9.196641180786524e-28+1.2451633080898704e-27j),(-9.331410404396327e-29-1.2938788497153391e-28j),(-6.085027239208144e-29-6.476579032117723e-29j),(2.2843924918762573e-19-5.467301158284521e-19j),(2.7780324268712904e-12-1.0693205248195644e-13j),(-2.3375980846969705e-18-3.699966900147892e-19j),(7.412032577315652e-19+5.422788996769557e-18j),(-2.1878285915059977e-16+5.185961872263628e-16j),(9.71283944447296e-18+2.418390942189943e-17j),(3.582637386151711e-17-1.418350096417778e-17j),(1.7632211120494707e-17-1.7446780415423834e-17j),(-7.706200281757486e-07-1.7267960944424352e-07j),(-5.164489167372403e-17+1.554017737328045e-16j),(1.6737543271930296e-17+2.2923794383948623e-18j),(3.150075119692613e-07+8.06604348679292e-08j),(-5.411941275011103e-10-1.8305939851951537e-10j),(1.672567588012394e-10+7.173243590939874e-11j),(6.982280338207848e-15+3.895095186828967e-16j),(-3.6767043682774685e-15-3.960374709680613e-16j),(-3.186686551343753e-06-2.039710927987081e-06j),(-3.891121612913848e-09-7.97669952827344e-08j),(3.886411404135428e-15+4.626222667697848e-16j),(-1.1723599904008818e-16-3.596861651361198e-17j),(-1.7928383367337797e-07+6.066633847595176e-08j),(7.217879155287416e-10+1.5076350769389785e-10j),(1.2985627720600361e-05+6.046283780204437e-06j),(-2.765918792146751e-06-1.0691387966775175e-06j),(-3.94253288411465e-10+3.6232970515111386e-10j),(-7.129104222778209e-12+8.135413108578317e-13j),(-4.088563802479859e-10-1.0985074519593832e-09j),(1.1651499627369293e-10+7.369563386213745e-11j),(-3.5413214476249614e-05-4.941660573327231e-06j),(3.734943496355307e-12+9.174894509801848e-12j),(1.4279681454102339e-08-6.270273662087426e-08j),(6.07771786050677e-11+4.688542195820329e-11j),(-6.094489570323635e-06-4.358358475824904e-07j),(-2.9934047125075695e-12+1.6329640084469788e-12j),(-6.192140630907364e-12-4.466460241159678e-12j),(-6.937753877355136e-13+3.201355815657488e-13j),(9.695373027492383e-10-2.1827214845199536e-10j),(3.2327921503553226e-12-2.510576258362564e-11j),(-3.562528533384675e-09-8.006646327926928e-10j),(-1.013290545743948e-12+1.1406411661851447e-12j),(5.02929588594972e-11-2.774358016910202e-11j),(1.5242083930759887e-09-1.0235462586608586e-09j),(0.0038732958233290626+7.209881623973578e-05j),(-4.827646167321726e-07+4.62863574901718e-07j),(-0.0003112449797992232+3.370198964247864e-05j),(-9.019569759163168e-09-8.314221841592658e-08j),(-1.650745009782554e-06-5.2446011602831183e-08j),(-6.752656653937751e-05+1.2997449676880135e-05j),(1.4343042004416763e-07+2.7258229735829175e-07j),(-2.5734076875902394e-05-2.3146377634235343e-05j),(-2.2693337475779756e-06-6.054826332409704e-07j),(-4.943305435649052e-07+8.569671281691928e-08j),(0.00012058180072415265+1.9485419103168078e-05j),(-4.968372090550683e-06-1.32460301173706e-07j),(1.555978628746311e-06-1.162179636394929e-06j),(3.5864408725860567e-06+1.7827011354252913e-06j),(0.0006067876644226813-0.00031027780191807j),(-0.02571452018387991-0.14285992822793298j),(-0.6418000090482434-0.0026503666736356624j),(0.0045542518848057595+0.00155380206964073j),(-0.002272701446148689-0.004342326406950805j),(0.014027380385980873+0.005135929558973755j),(0.01685392352743142-0.012949247618752702j),(-0.007165920731278727-0.0016251027130142134j),(-0.0007778775321638703-0.0008485433665281888j),(6.01096069134638e-05+0.00025516988162014296j),(0.0007437561221400016-8.576290960041156e-06j),(0.000344434856485333+0.0005161299253412427j),(0.010852675488107803+0.003437020174559517j),(-0.0035408715869898444-0.0010646838715708416j),(-0.022680164612054823+0.0005402168714411515j),(-0.011316331689597128+0.008779329303371355j),(0.29680446642321656+0j),(0.2983541102325983+0j),(0.01794635754447766-0.004505656357979287j),(-0.05269921675805444-0.008156357834742944j),(0.017522556465117304-0.0005805113830090062j),(-0.012811414230160988-0.0012560692732208217j),(-1.3992767665291304e-16+4.0088230952094105e-17j),(0.11339420218720367+0.0025971860845016015j),(0.2355632702277551+0.029035643261744286j),(0.5525579414286239+0j),(-0.04593441134236078-0.010761047819325631j),(-0.024697388216513474+0.0045754357245109695j),(0.016608950771369084-0.012102661939339635j),(-0.00423283661098835-0.006676141226742783j),(-0.0013892820058386676-0.002078313118138992j),(-0.03274397847468384+0.011922742735959349j),(0.05344423123550813-0.003229037595081169j),(0.003206093967188994-0.0015821221627024327j)
37,(3.248929786767675e-09+2.3152230128688557e-10j),(3.3821059417952873e-09+2.309636190221782e-10j),(7.25387405697777e-24+7.442859142741686e-24j),(4.334324599900759e-24+2.6375966910239337e-25j),(2.0732075820628427e-24-2.695188517997003e-24j),(1.0612917562720881e-18-4.627705637619662e-18j),(-8.20122168476018e-09+9.302535055995186e-11j),(2.5773009974930566e-17-3.540015441334978e-18j),(5.880465012497024e-17+2.2364791925828503e-17j),(-6.874589179737528e-14+3.433818564333799e-13j),(-2.7299855349146876e-14-3.3522920385846526e-14j),(-7.88037557769718e-14+3.764802370661146e-15j),(1.7438901540384018e-12-7.667968777398122e-14j),(-0.00047000516442953077-4.035751510429793e-05j),(2.2007996365540934e-12-8.314315260529439e-14j),(-1.0171328096389804e-13+3.8633206936110665e-15j),(-0.0005148579330884801-5.7390295411738546e-05j),(0.00025904825978027916+2.041480053909759e-05j),(0.0002788692399830792+2.3752501905992298e-05j),(-3.1180964942908854e-09+5.861897990800589e-10j),(-5.505496646480099e-09+1.1596385391671946e-09j),(-0.00033562035931028364+9.091168796865941e-06j),(0.04148948940291708+0.003322267910548543j),(-8.440417183770358e-10+1.8649847820575908e-09j),(4.10190677121696e-11-7.445981901038797e-11j),(0.03698841564745555+0.0032775077189040793j),(4.440301117828685e-05+4.4740325795260265e-06j),(-0.0010235604677720329+0.00011591000734218008j),(-0.0029043204511327676+0.0006969900202692614j),(4.653759883747345e-05-7.601913961775265e-05j),(-4.4787076508272253e-07-1.114195821178459e-06j),(-1.558727646788405e-08+7.798358576337563e-08j),(1.8552257729626262e-08+2.773767774530622e-09j),(0.003658564962018277+0.0008850355285779642j),(-1.5284816520765334e-07-6.767505626465619e-08j),(-0.0007428743679533608+3.666317615885889e-05j),(-9.246467105737689e-07-2.689609723853961e-07j),(-0.11151128861859487+0.0018854480114659303j),(2.69878739486324e-08+2.8815648053848037e-08j),(-4.511788556766086e-07-5.233678303403326e-08j),(-1.0711747600655209e-07-1.8334856518904062e-08j),(2.6176946914958267e-06-7.332003172755946e-06j),(-3.1470556274477943e-07+8.975320224434215e-08j),(2.5135323475264747e-08-2.550167958741863e-08j),(2.261294384503802e-07+1.0848987727273142e-08j),(5.896830920243267e-07-9.66571614941966e-10j),(8.234030800557122e-06-2.0724993736098428e-06j),(0.01166003412227042-0.0014494560196973462j),(0.0007091462266060257+0.000236540012840098j),(0.7373685173567301+0j),(3.228837427427304e-05+5.9988329120013234e-05j),(0.001559352925284261+0.0007041665746366523j),(-0.0022317298309415742+0.0007071767037831626j),(0.0008619516501766816-0.0004432172666877652j),(0.00023318408924635775-0.0003674687029166808j),(-0.004000699534016579+0.0008739463713237725j),(0.0003230138627609066+6.343977170361625e-06j),(0.000409791902087963-0.0002148324623080351j),(0.00031525717319201595+7.476016176604444e-05j),(0.0017124975936391761-0.0001729312972248581j),(0.0001383441085844927-1.1070974810770467e-05j),(0.007848783230094107-0.0023306577634582518j),(-0.15564327091737623-0.013449778431961962j),(0.001248025709165818+0.04086378427316028j),(-0.005359288739156188-0.010847908431247222j),(0.027205031354412677+0.017463952437909318j),(0.038618677178021574-0.12650692059613286j),(-0.3067819404517997-0.018809313210172457j),(-0.12283948984568656+0.034920199559417234j),(-0.0025505273406287005+0.0062516423264786574j),(-0.002850013314649505+0.003325163249879567j),(-0.010998279211591584-0.007787299452413519j),(0.0029957999917058207+0.001739311208212677j),(-0.026384132376001408-0.005371876007718275j),(-0.013973492974067109-0.0028852644238437134j),(0.08497605307042316-0.007829289011366543j),(0.032052141529698-0.03688522442900305j),(0.15298736892462692+0.035016950965817355j),(-0.22165927088569382-0.00972783063132823j),(-0.038568014303375246-0.03262051483691426j),(-0.1479327198543761+0.018023024189357972j),(0.17984999151557254-0.027451045490157047j),(-0.03889349889521304-0.04686298434855285j),(1.6262882577787864e-15+1.1330883429288606e-15j),(-0.1188177483568361+0.002185159972630815j),(0.04016872633220819+0.003224080219573487j),(0.014657219050712439-0.008040862198213157j),(-0.0403087088360099+0.03199201795925836j),(-0.021611974811342104+0.014849597752037539j),(-0.034537541859520744+0.006457180987175368j),(-0.3061756398355988-0.021723180917554444j),(0.00037946714231938444-0.0022800327157115386j),(-0.026708303375949358+0.032969273466449255j),(0.13364581279085969-0.03567450812398072j),(0.027388985699198332-0.01669942156708862j)
38,(-2.5667256979109243e-08-2.3834662906209732e-11j),(7.30141856536494e-09-2.589301126937901e-10j),(-6.217894988712328e-23-4.709730872133585e-23j),(3.939138523100458e-24+7.418917021223269e-25j),(4.6827440135272935e-24+3.4482490138720026e-24j),(1.160274154392328e-12-1.0372811062720536e-13j),(-2.0227748380182222e-08+1.2761553821384782e-10j),(-3.906158378247819e-13+4.258995352587167e-14j),(2.3759608708382108e-12-4.0032356411056426e-13j),(5.468640156915096e-13-3.35386234719133e-12j),(-5.53798869064665e-14-7.349406088006249e-14j),(2.298456515982438e-11-2.7958122208769498e-12j),(-4.766987185153792e-10+5.651207332720822e-11j),(0.004709549305338482+6.640543023978982e-05j),(1.8062750203705758e-10-2.280168975583049e-11j),(-8.455814024072933e-12+1.0825909457837666e-12j),(-0.0009576420216723149+4.851014888117939e-05j),(-0.012744235543356575-2.8800103246762535e-06j),(0.0036256767208691057-0.0001480417053718496j),(1.5260458644003803e-07-4.108964235892311e-08j),(-6.945212586657365e-08+2.4038034455350232e-08j),(0.010411208858109653+0.002783903473493014j),(-0.509528658019084-0.00018075086788965633j),(3.2272161526971656e-08-4.008465244969271e-08j),(-1.6065038213956833e-09+1.6215452779301113e-09j),(0.2149013993824938-0.003912462121526988j),(-0.00027645482133260217+0.0002455300161697372j),(0.03132360099837898-0.006672617227724514j),(-0.010654205939837475+0.004390571999321709j),(6.37402305699893e-05-0.0004471591779963958j),(-1.7407409947266147e-05-3.0139884799857914e-05j),(-7.598054239727318e-07+2.9218719196184863e-07j),(1.4663919381872495e-07+1.1677159571111542e-08j),(0.0168450408091735+0.005070594091715452j),(4.230954320003353e-07+1.9634995691922364e-07j),(-0.010306185901900198+2.93359227646864e-05j),(2.2849635175324145e-07+6.346313192883231e-07j),(-0.42564077637408226-0.0072043594094467756j),(3.2288160376806166e-07+4.098367228948369e-07j),(-2.5916280156383367e-07-2.0637660920488134e-08j),(-1.2107222421791795e-07-4.3168733493837485e-08j),(2.9072721073826647e-05-2.3721727009842923e-05j),(-7.934252223208332e-07-3.6345816666401196e-07j),(-7.401079594587682e-08-4.845414779262483e-08j),(-8.04431644568601e-10+2.2550269828717276e-08j),(9.490043506013129e-07-1.6815579253586785e-07j),(9.158996578366931e-06-2.570919929094278e-06j),(0.016155584185536746-0.002208828206436012j),(5.553271378142516e-05+2.2752433258169753e-05j),(-0.005828192654479822-0.0018555389111736464j),(-4.16873175397653e-06+2.4498106060098402e-05j),(0.00043591519076008486-4.915291621763112e-05j),(0.0005672345108813741-0.00013308746883038656j),(-0.0002159838602188067-8.456316947052359e-06j),(0.00018781783058979752+0.00014388421866207602j),(0.0013721494484080147-4.7911608121612294e-05j),(8.931905484204763e-05-4.308239718604189e-05j),(-0.0009378395377306388+4.071820015600539e-05j),(0.0010141069379506445-0.00012432208011803125j),(-0.000361623604766739+0.00015095555397431275j),(-0.00040205361756031694-7.368143221171378e-05j),(-0.014180217806477536+0.005338909153686187j),(0.44158628602236627+0j),(-0.023281086594220454-0.1019891697018318j),(0.015763131724729037+0.013904654668246572j),(-0.015519392779193597+0.012049258484307764j),(-0.14568191529459726+0.07415027376452092j),(0.11024645902889713+0.052303920479917304j),(0.032533676672983194-0.027891623486531694j),(0.0006264604879433989-0.009559200988520497j),(-0.001399738302175197+0.001362584996243858j),(0.008748977141756632+0.0048933177371861415j),(0.003832450509048447+0.00262569046026683j),(0.03510404529260525+0.006056284501369283j),(-0.012333880685423291-0.002008022470729102j),(-0.16564716468059132-0.015931938327374662j),(-0.08777444880295401+0.05357556242962558j),(0.20871478650038405+0.025290747907016187j),(0.13696616447919957+0.029314328633537393j),(-0.016962377020567233-0.020163272454460687j),(-0.022354718683754833-0.009410931903808694j),(0.19732081967913884-0.04366581222087644j),(-0.0020794771469242546-0.054940092391153286j),(-4.032635562646686e-17+4.69183521104197e-16j),(-0.06390840238168832+0.00935174627249823j),(-0.02013190663112419-0.005653798472591613j),(-0.2102796040003952+0.018755257193627292j),(0.032507275094050034+0.02729227304950962j),(-0.09327806099780694+0.00858388293941887j),(0.013478942739014989-0.006357107777003906j),(-0.1792910126438492-0.006573951124543537j),(0.005457030137789481-0.013481449176494789j),(-0.12558202304511132+0.018675858665990905j),(0.018126653284801262+0.01111718203332113j),(0.029006661251279847-0.005908899048192894j)
39,(2.0226245503662067e-08+1.1584015045863146e-10j),(1.775050866631739e-08-2.5053884904318477e-10j),(4.728249473725941e-23+4.2598195824814745e-23j),(1.0549961827361105e-23+4.8350335750659516e-24j),(1.2542299393251089e-23-1.714915926870562e-23j),(-9.144156776753218e-13+7.724536033867217e-14j),(-1.8700553190361837e-08-1.569214213232785e-10j),(-9.55566589593676e-13+8.383620520190787e-14j),(2.3346221421595044e-12-4.018445866149701e-13j),(-4.168998360107468e-13+2.641701023261136e-12j),(-1.8393675991057049e-13-1.9377922318596638e-13j),(-1.807304999089646e-11+2.1096979420556793e-12j),(3.746338483726309e-10-4.250896337689489e-11j),(-0.0036634655901930163-7.414110756273715e-05j),(3.966040727779911e-10-4.926789109408048e-11j),(-1.9512267447584375e-11+2.4539952013763222e-12j),(-0.0033732990758766055-0.00010142072251777875j),(0.010166509964401283+5.354647588504298e-05j),(0.008935079072219982-0.0001065109174926593j),(-1.2182259536302266e-07+3.2142698763906763e-08j),(-1.7361909885215816e-07+5.431860044345451e-08j),(-0.006628770103879068-0.00123219369855997j),(0.44629397454531394+0.0018575560284588566j),(-2.0160066738084212e-08+3.108237359250831e-08j),(1.0230829754724248e-09-1.3690965907351564e-09j),(0.3228261884025681-0.003535530191879757j),(0.00021096812169779276-4.704327923845254e-05j),(-0.018625156060316117+0.002294612222325817j),(-0.03299527630243549+0.007823079066505239j),(0.00012814233933402592-0.0007115089719479514j),(-1.9897864919652442e-05-2.70359944345221e-05j),(4.6060738173757254e-07+1.957617732198275e-07j),(3.609675987300521e-07+2.868761974810664e-08j),(0.005993913091373896+0.0018057139062596069j),(-1.8615630965680245e-07-2.08025931532083e-08j),(-0.009174761350229113+0.00010344385162154601j),(-5.349493263214608e-07+4.853059793486646e-07j),(-0.32000001379588383-0.002557122789371022j),(2.909284687981632e-07+3.6493187998532517e-07j),(-1.119253965622801e-07-5.957156653961543e-08j),(-1.0122243365420467e-07-2.6365780059625794e-08j),(6.349690051545413e-05-2.216547607574736e-05j),(1.576301353902651e-07-2.072501310865824e-06j),(-4.1634973283394796e-07+7.42281578109807e-08j),(-6.024427466339625e-07+1.207818058660483e-07j),(-1.2429428736577613e-06+2.9960104392037703e-08j),(-1.4688533215479536e-05+3.874842155120576e-06j),(-0.01970653764495438+0.0023303833542063866j),(-0.0008842883705025026-0.0001817820565300633j),(-0.5558787199636889+0.006395906828502884j),(-2.8884472095965354e-05-5.7989084881470176e-05j),(-0.0014085955608646365-0.000500062486932947j),(0.0006916141767540798-0.00030792502700420726j),(-0.0004643238968594845+0.000351568631733038j),(4.919676767156632e-05+2.7824461707555197e-05j),(0.0017387113496741312-0.0006357391280796104j),(-0.00014426017887808544+3.1396210173347315e-05j),(8.581610407302558e-05+6.06667056265336e-06j),(-0.00011070385313365023+1.9248312522235863e-06j),(-1.463656209602909e-05+3.630848091510524e-05j),(2.6205843225913015e-05+1.224294027357553e-05j),(0.002235401258286063-0.000754472666066005j),(-0.07273977365483679-0.01189240610828569j),(0.0005489247558644076+0.019630810449218328j),(-0.003130646613749141-0.005775430913419827j),(0.015220657552212673+0.010288224742139269j),(0.02446565183635161-0.07036908576112315j),(-0.1732667546077594-0.01964797828607674j),(-0.07331855602290026+0.019371401252156605j),(-0.0005861239390959204+0.00512188075222531j),(-0.001390448676328437+0.003025627517405131j),(-0.0072926468208577835-0.004965732818958467j),(0.003449258639543077+0.0018851210541717088j),(-0.028068495185089953-0.005408132499254736j),(-0.015025640888053372-0.002931056425947643j),(0.0721472878737076-0.00510101613707567j),(0.029366468382308285-0.030723528913429155j),(0.15151520768308682+0.03467292051861349j),(-0.21857531803161967-0.009477973735749039j),(-0.02786764435955347-0.027081303339756523j),(-0.1453005654423765+0.017586950748951162j),(0.1522698025926757-0.021207772528155096j),(-0.027402017106387636-0.041088506450405314j),(1.385714207531539e-15-1.447079340167531e-15j),(-0.10619574492073602+0.002722075920726784j),(0.04671625140587483+0.0028773195732814923j),(0.009544352916319894-0.008179911772655288j),(-0.036045681969796635+0.028032326857836846j),(-0.017470326619250083+0.012625972270405707j),(-0.023801945233974355+0.0055380027442473185j),(-0.2663520178528955-0.01915024982254325j),(0.0012877444152006837-0.002473750942338967j),(-0.024027429529442135+0.029101379631909428j),(0.11619025772312479-0.030803888228372364j),(0.024094278490965106-0.014500652658757156j)
40,(6.375473421322821e-09+1.1946034198103014e-10j),(-2.703498890061627e-08-2.3179564478181736e-11j),(1.7534032038396255e-23+7.56684601206526e-24j),(-2.2812239460546184e-23-5.374142726214486e-24j),(-1.6439708229439924e-23+1.0656711014827418e-23j),(-2.8891661838268976e-13+2.0701965370520264e-14j),(-1.7468539996026408e-08+2.435511780127564e-10j),(1.4555501904371185e-12-1.0549441460534168e-13j),(2.1630761712319757e-12-4.1715004318719863e-13j),(-1.7831050539129667e-13+8.383182703698406e-13j),(2.496689979840762e-13+2.887130682155038e-13j),(-5.77241549290511e-12+6.016068730599532e-13j),(1.1993789829255583e-10-1.2191144657189465e-11j),(-0.001230812379295784-3.1181245548059016e-05j),(-6.241711441832658e-10+6.462182536525658e-11j),(3.023781372763841e-11-3.1791297628854034e-12j),(0.004581579480471721+0.0001287364618754788j),(0.0030775031828389502+6.107376715258736e-05j),(-0.013497934123281296+3.116608597262052e-06j),(-3.711947222844823e-08+9.222518045967233e-09j),(2.627994264572258e-07-7.89378762160213e-08j),(-0.0015930319708128715+1.4001050440093322e-06j),(0.09085885570484759+0.00441273235752624j),(-2.0176572813610935e-08+1.379263090369999e-08j),(9.226045370108368e-10-4.225287742309937e-10j),(-0.5672347496033032-0.0004117360914534518j),(9.788881642090563e-05-0.00020854064117414124j),(-0.01591590966894957+0.003512993592526728j),(0.04593099396630515-0.012146729298185298j),(-0.00020635025109463814+0.0012244400390761386j),(-2.0854199751210568e-05-2.7614220196027417e-05j),(3.0271425694743855e-08+2.0460446119100085e-07j),(-4.542629276542682e-07-1.1464042831764301e-08j),(0.009731267103180445+0.0024086608515719336j),(-3.296001934316358e-07-1.3853737061028794e-07j),(-0.00952257985864113+0.00018103798278107136j),(-1.6759184856090105e-06+1.733663429839016e-08j),(-0.39514732137073133+0.0006044616641258382j),(3.090831402241938e-07+3.776118360159524e-07j),(5.266533589290744e-07+3.611996673850136e-08j),(2.1514940294514715e-07+2.1842012008084964e-08j),(5.403231749751603e-05-2.7601749320090774e-05j),(-2.502536212416978e-07-1.5680559692586406e-06j),(-1.2463984168262347e-07-2.1032613705995866e-08j),(4.240469705730561e-08+8.237677583174465e-08j),(-5.651385517740269e-07+1.4171079679284422e-07j),(-4.613880818459545e-06+1.2062578537685612e-06j),(-0.008566571095052496+0.0013245090390662491j),(0.00019531049950265587-1.447275704146312e-05j),(-0.014850645932396607-0.0003016471897949848j),(8.742184786255969e-06-1.9137939694792777e-05j),(-0.0003578072652265872+1.8496885100863214e-06j),(0.00023848647737781847-9.229651806592828e-05j),(5.0584075633711996e-05+1.1268616539961782e-05j),(-0.0004035335423074207+7.432214053837187e-05j),(-0.00031631686460714583-3.300442046065856e-05j),(-0.00019816864239159047+1.1641624629001875e-05j),(0.0007678766920061097+0.00014189833691874296j),(-0.0013011064764267691+3.2452205087004325e-05j),(-0.0008074734885514694-7.555027942796581e-05j),(9.704009166926226e-05+2.9501203445752596e-05j),(0.006037740039864917-0.0030902346844451016j),(-0.2878212450473563+0.02087260557274545j),(0.03159943754669807+0.059916162764449485j),(-0.014715147506204137+0.0003926766070119691j),(-0.020916741713745787-0.039978090947036034j),(0.08911499105769283+0.10667036366072333j),(0.33585532271606816+0j),(0.15576872666049868-0.02424745017192488j),(-0.0010365755212863458+0.0008159737878560718j),(0.003499266693318348-0.00666804573907182j),(0.011976473143110964+0.008376985593917679j),(0.006250791335038532+0.003670157714194532j),(-0.0049463758385868955-0.0013779406104482887j),(0.03445342659452526+0.006070304997519465j),(-0.1464582033342317-0.020630561665459908j),(-0.08208550420816482+0.045463078816646664j),(0.12240185739267045+0.022768639538617463j),(-0.11075136522187777+0.01980283589778936j),(-0.12091237035372869-0.014777797062041062j),(0.2940475791366638-0.0003702428320862712j),(0.12347474724262644-0.03971761539218037j),(-0.0014653136261852853-0.01446045550521949j),(-1.1375392044999001e-15+7.426914380945524e-17j),(-0.03704866195438791+0.011423058005770032j),(0.04699024474789221-0.005124120722128508j),(-0.0014370868683070926-0.007140874581883666j),(-0.09673396946578894+0.03177249530013538j),(-0.13042358481503147+0.0025417477612429407j),(0.00821143244414122-0.010777190383186518j),(-0.1747882992100589-0.007321675803384747j),(0.006534865403856511-0.016292119271119256j),(0.054048425127091786-0.0030615396925593j),(-0.021724200011959013-0.00663642039098041j),(0.00878992342825765-0.013509640226014308j)
41,(6.269888392448016e-12+7.567786010636136e-15j),(-1.782641972033216e-12+6.278723980621398e-14j),(3.9836991174480916e-26+3.588613028054276e-26j),(-1.2777011561350583e-27-1.776229886098779e-27j),(-2.6324636599945556e-27-3.6096395788384464e-27j),(-4.730390924079441e-09+4.242249872739354e-10j),(5.20242890820074e-12-1.526859555962225e-13j),(1.5932423432004905e-09-1.7397589645185885e-10j),(-9.740337938741912e-09+1.6568256612277131e-09j),(-2.5170361164989835e-14+5.6425382608700205e-14j),(4.596336161418552e-16+9.373313618778516e-16j),(-3.146614442339956e-09+3.820538312669541e-10j),(6.2879434379431e-08-7.4485371380958485e-09j),(-0.00010193314817566954-3.323238816027238e-06j),(-2.350662288276611e-08+3.053424003550434e-09j),(1.149925729887367e-09-1.5057474559681766e-10j),(1.2795241295548369e-05-4.1845804606763655e-06j),(0.5448905173227873+0j),(-0.1600156457074258+0.005582806595206956j),(-6.610292613971675e-06+1.7742504531982858e-06j),(3.108093756710969e-06-1.05035680849945e-06j),(8.14880770271652e-05+4.647854368812034e-06j),(-0.0038994475604910844-3.5608591181193316e-05j),(-6.802539885519766e-07+3.1370053110456736e-07j),(3.7246590759838937e-08-1.5174422810273315e-08j),(0.0012803812670983735-8.000015884590658e-05j),(-0.008945376574403727+0.00011402531596867984j),(-6.530956682784858e-05-3.770772633351586e-05j),(-1.4658205027647511e-05+2.222470829889664e-05j),(0.0025522961137709734-0.0002582597024138406j),(0.002170769040234083+0.0019021095020427623j),(1.6170866348488456e-08+8.309460598016073e-09j),(-2.0976957447266748e-10-1.824227994139417e-10j),(0.0005583156004143366-0.0006812224304475386j),(3.470101280224149e-05+1.097131173020533e-05j),(0.4246429886440747+0j),(0.00020118800608690467+1.848999413175697e-05j),(-0.0029168030505043836-9.476004165431362e-05j),(-1.3519835610927493e-05-1.6961195653412677e-05j),(-6.221956522074732e-05-1.1343640543553569e-05j),(-5.1131105322301735e-06-2.102011055231768e-06j),(0.0017591517984763996+2.1574377278069253e-05j),(3.169475754439782e-05-7.063225288669441e-05j),(-3.99636085059074e-09+2.4353984987484625e-09j),(-5.172148260079556e-06+2.6880987982779545e-06j),(-3.128902466639385e-05+8.115500663292619e-07j),(-0.00022316610698837965+3.326597025916365e-05j),(-0.0011627113247940535+0.00025050069300126083j),(-0.0010444955476016842-0.00024537500513854057j),(-0.013663800869732092+0.001589360819198752j),(6.940358229269963e-05-0.000272261833641943j),(-0.0046682024884827054+0.0003212496860652925j),(-2.2281538601712653e-05-6.584075684285655e-07j),(0.0017566399534426087+4.3162975081269286e-05j),(-3.1889816855841126e-05-1.4112835716817121e-05j),(-0.009036635266011209+0.0002715526879179704j),(-0.0006151401394346571+0.00029452737216319376j),(0.0001725061325940337+9.627271999132965e-06j),(-0.005436437786494993+0.0007423424539857453j),(0.0011550296218537448-0.000557641488130565j),(0.0022961017765219466+0.0002581207345479576j),(0.02963700576718814-0.003781004484814118j),(-0.17754182384768696-0.00120798808924788j),(0.015785300709913228+0.04056572262265606j),(0.018268678163914073-0.010604075407258686j),(0.006804438064906427-0.008908625616204834j),(0.08952138978230623-0.03191421008283134j),(-0.05136265188878189-0.036247638199243815j),(-0.055014018010190686+0.005487283438481146j),(-0.011878107713884901-0.01444173639951952j),(0.0024969512105241726+0.005231649899245804j),(-0.001186430987998304-0.0006992737846107111j),(0.01352205070354554+0.006404425323903081j),(0.06309773197576259+0.007520097712835294j),(-0.02399253191735119-0.0028758370949990932j),(-0.07352203434105946+0.022562414812670212j),(-0.025068489382674558+0.040173058579389104j),(0.1553242514939876+0.01966798469644225j),(0.08391502578446924+0.02217501222621523j),(0.25545851481447257+0j),(-0.01617855473437997-0.005721736383460403j),(-0.07982051776917834+0.041610765110441955j),(-0.02373874909007115+0.018715553424268103j),(-1.5620828811485036e-16+4.622494167694342e-16j),(0.10001594161270173+0.01101746635969992j),(0.12151596247295166-0.016238484955315872j),(-0.25990057578458653+0.007317783188616922j),(-0.12754126956171608-0.07819275271438675j),(-0.19110827384137338+0.019327365190296j),(0.0785546082358114-0.04316332976240629j),(0.17763295689828307-0.029897791813761593j),(0.0008265844397500974-0.023474551964468564j),(-0.32421336599912987+0.06002402186176867j),(0.170807273364404+0.024281596642727082j),(0.023196769184580173+0.010610653296775362j)
42,(-4.9403927762680236e-12-2.9722856331767926e-14j),(-4.331062532234276e-12+5.994199957426713e-14j),(-3.163089559814958e-26-3.0299490512400407e-26j),(-8.224615583768142e-27-3.976268505544314e-27j),(-1.78581961245575e-27+4.1400737904831084e-27j),(3.728193819229381e-09-3.1603971922445145e-10j),(4.360388672362739e-12+1.241611158700594e-13j),(3.8980841294347364e-09-3.4312506628676337e-10j),(-9.557841275647812e-09+1.657292681220451e-09j),(1.97488396103137e-14-4.440524359955378e-14j),(1.9494223653760875e-15+2.809430880306883e-15j),(2.4704664813910763e-09-2.8852327692995946e-10j),(-4.933207881476092e-08+5.606450425933709e-09j),(7.966673138061818e-05+3.1078095889456223e-06j),(-5.257650566915836e-08+6.450658783672798e-09j),(2.6770459398270486e-09-3.330570182967688e-10j),(7.820569170192108e-05+7.2378608791980726e-06j),(-0.432483900848872-0.002024813473691822j),(-0.3764936126866053+0.005558921899985428j),(5.249566116143504e-06-1.3826157873549518e-06j),(7.391244505916255e-06-2.327078643413859e-06j),(-7.752634510996182e-05-2.010413503654159e-05j),(0.0036332114635097418+4.407917348496536e-05j),(6.61409424803171e-07-4.64151690211708e-07j),(-3.406423747106432e-08+2.4574048944797478e-08j),(0.0026165335869451282-2.3089483477947465e-05j),(0.0069107433639808685-5.708686261660361e-05j),(7.246721623355558e-05+3.1899896532346186e-05j),(-8.777803780841956e-06+6.800042677490131e-05j),(0.006690942228301521-0.0003758671560416529j),(0.00201566421741877+0.0017894804485645527j),(6.1314445781043165e-09+7.625858237991558e-09j),(-2.1647115114684586e-09-5.474769507756268e-10j),(0.0006196579827887517-0.0006387338196045213j),(-2.7154297785300397e-05-1.2050025516990208e-05j),(0.4106620727382512-0.001514853431726415j),(-0.0001225282957097383-6.012001108369013e-05j),(-0.0043638940154531345+0.00010452552604020191j),(-1.2440925990439828e-05-1.63066999496297e-05j),(-5.9935297108409565e-05+1.1840120692505478e-07j),(-1.487566380313165e-05-1.7770561455334698e-07j),(-0.0008453322508123116+1.1670311851022356e-05j),(-1.1611665631356687e-05+3.432682806915297e-05j),(8.530429687168935e-09-3.5760630928320833e-09j),(1.4860562341437278e-05-2.4175735324759297e-06j),(2.2730128884502467e-05+2.095458606293229e-06j),(0.00021878160483337602-2.8918572353221292e-05j),(0.001087739413276543-0.00020258983870889268j),(0.0056663482836398615+0.00011025378236078492j),(0.037331176381800224-0.002899221702925815j),(3.669742063436731e-05+0.00016393678168958654j),(0.0025534008224453735-0.00011415008346136817j),(-3.797149355939372e-05+2.2394546034938964e-05j),(-0.0014776648414129342-9.342947288738653e-05j),(-7.176924307931011e-06+6.164507194637456e-06j),(0.009570734027729639-0.00015539274495850013j),(-0.0009302988097584484-0.00024673669831141504j),(-4.702767353783809e-05-1.5225157529490172e-07j),(-0.001601381974586937-0.0003789675648799137j),(-0.006160366608777997-9.54733648119311e-06j),(0.0005032523173109843+0.00010608092081188201j),(-0.01265420534010761+0.0016938463047598308j),(0.08453185093257017+0.012771478585651079j),(-0.004625105832835099-0.022183283995029644j),(0.0027896756114628956+0.009378561764319107j),(-0.019971343265315522-0.004147660555008757j),(-0.06229141937950376+0.07574667747884543j),(0.1979712833995947+0.0448577481959677j),(0.22548884540658037+0.012211628502741885j),(0.017941199206481233+0.007307882781297076j),(0.010847843876854677+0.006113155885596858j),(-0.004530204408337161+0.010791979628357885j),(0.012851311278367684+0.00492863089784496j),(-0.05181497175375523-0.006855853432035569j),(-0.030962564869477294-0.004418547339058781j),(0.34382284020368126+0j),(0.1871743588704521-0.13080599344607627j),(0.11900685739972164+0.02718293988205621j),(-0.1767507462647131-0.004162135033214115j),(0.12274210024710723-0.0038681166435716383j),(-0.11203864800416576+0.01541877739579829j),(-0.017239522686166533+0.06342751239963362j),(0.1095432654462529-0.022592009265003533j),(1.139273686108636e-16-1.3143742462637057e-16j),(0.09386794686498987+0.014341133100082712j),(0.2299586221137648-0.0021375160785917086j),(-0.08826252330527547-0.01684432738874152j),(-0.02761634029680949+0.011266573000673677j),(0.08894985089070431-0.022534741791186946j),(0.18672181177701483-0.006868539357198458j),(-0.028932341382677047-0.009642420292927128j),(0.02137582168435208-0.004973796256302871j),(0.013726195295154602+0.003632191284330435j),(-0.01955611597796849-0.012009357899043765j),(0.0005613746405978601-0.001786626523241023j)
43,(-1.5575478168634164e-12-2.961347117903737e-14j),(6.59933758117031e-12+7.606983050274067e-15j),(-1.0199086715093039e-26-7.960496887070239e-27j),(1.1825542152430667e-26+6.617274535990756e-27j),(2.9428197050867756e-27+7.385559782417185e-28j),(1.1779271258159376e-09-8.474323195641923e-11j),(4.1228775886906975e-12+7.855874258327538e-17j),(-5.9376203048944175e-09+4.319233731087646e-10j),(-8.864501240347503e-09+1.7236808056546454e-09j),(6.841881323068927e-15-1.3902742873370278e-14j),(-2.504884561953267e-15-4.07281628881061e-15j),(7.915927769275727e-10-8.248738441498901e-11j),(-1.5856233583766996e-08+1.615158474457848e-09j),(2.607847028025623e-05+1.1829448872680038e-06j),(8.21812350609488e-08-8.536995441475919e-09j),(-4.13331035296097e-09+4.354033778903132e-10j),(-9.740339806876169e-05-5.023910754945882e-06j),(-0.13283128183402956-0.0025718201322782325j),(0.5781652939996925+0j),(1.6233487573576579e-06-4.024569157040928e-07j),(-1.1384703112806919e-05+3.403320276994789e-06j),(-3.352454944437666e-05-1.088668523461164e-05j),(0.0003079960048744156-2.0869957847242758e-05j),(8.167046497938015e-07-2.7100484724354604e-07j),(-3.727826555087064e-08+6.567602053323361e-09j),(-0.004331129595653805-6.812513994458287e-05j),(0.002391190904444721+4.427165720402972e-05j),(3.3970282282804947e-06+4.0999798731321824e-05j),(4.095588720987634e-05-8.876527952476554e-05j),(-0.009969972103209887+0.0004696290832123069j),(0.0019681003868901033+0.0016629274023373995j),(9.058295787097232e-09+7.206365470337602e-09j),(4.351222715148272e-09+3.8707505076140026e-10j),(0.0005462194138099233-0.0006205438072655696j),(-1.0877949552767364e-05-6.215853749674398e-06j),(0.3883497637462254-0.009043097926943883j),(-4.6485203557361017e-05-4.09310461319913e-05j),(-0.002837600315225469-2.570311087075547e-05j),(-1.2118151343222297e-05-1.5187012700098682e-05j),(0.00011012623543535507+1.4137516956250692e-05j),(1.878301004632933e-05+3.956353612164451e-06j),(-0.000524715541829493+2.9498313930933503e-05j),(-9.50248435857305e-06+2.216569694192588e-05j),(-5.230100826459856e-10+8.805191238534488e-10j),(-1.1799545068073413e-05-2.1361384505558155e-07j),(2.039311094451036e-05-2.531281932832878e-06j),(0.00013062070906676268-1.0339414983925848e-05j),(0.000362366376308918-7.501053855212797e-05j),(-0.00447269867367814+0.0001828201742491845j),(-0.006535604744127303+0.0014944175206497282j),(-0.0001856788930698448+0.00022921192006612742j),(0.004272970438993383+1.2956706486848572e-05j),(5.44925041648963e-06-4.057108848050311e-06j),(-0.00047184505479215175-2.463378672782682e-05j),(5.0061560198416844e-05-1.1069193893827414e-06j),(0.002523685550092087+0.0003657035358956512j),(0.0016781038477047274-9.52791854794484e-05j),(-0.00013258009348044166-2.2601885243162217e-05j),(0.009221795484069803-8.245038137138019e-07j),(0.003924018390595404+0.0005853274566387961j),(0.00047833435169528256-8.833628158383768e-05j),(-0.006748382455618563+0.0017019620369081937j),(0.11158456230302975-0.007838910057315414j),(-0.013881075674645839-0.022980208385768634j),(0.005150789027234431+0.0010854024671599462j),(0.010084251477412143+0.015671282802358754j),(-0.046859861441350174-0.03966112174168522j),(-0.13010394420232424+0.003356797696824976j),(-0.10129173603845384+0.005959252214528157j),(0.002962707785843046+0.005678901869541326j),(-0.007446011490229502-0.015276707001308506j),(-0.0029375675505585153-0.007200794629881703j),(0.01802539706717024+0.007755003414185604j),(-0.008065376440753483-0.001828519218906973j),(0.06411545082042328+0.0076173666332687365j),(0.03237897223926085+0.015033576601997676j),(0.01825733615648985-0.002395342682536174j),(0.09496378976364651+0.017693474541313165j),(-0.0903820463289341+0.01727651165010087j),(-0.2085121848031849+0.04911014217302248j),(0.2179361336023832-0.0015764539167852296j),(-0.14960310560347567+0.0430994461794791j),(0.15964123268934086+0.05928733912541773j),(-8.774449655063337e-16+4.540308094006971e-16j),(0.11009015117675741+0.009115286413095107j),(0.16257933039065028-0.018347105130827768j),(-0.07261833937055476-0.008111253633477849j),(0.09472270702861027+0.014234241409393115j),(-0.31854172496856614+0.009334879208967237j),(0.04569417946793368-0.05772427844309923j),(0.09053332166400595+0.006173398245729919j),(0.001965986087349915-0.03429811944260451j),(0.25542921814315017-0.03153760864966228j),(0.19132428147604272-0.03744238850812244j),(0.001709446822146056+0.010667337748157963j)
44,(-6.019010670891687e-14-8.94951839634033e-17j),(1.7109462707119496e-14-5.980510588024186e-16j),(-1.0196894186314561e-27-1.1428409201791707e-27j),(5.973691971433807e-29+4.851442061800625e-29j),(6.192838884357941e-29+1.3095326058598034e-28j),(4.888402064525131e-07-4.39779913224954e-08j),(-5.6814757822665155e-14+5.303257514691254e-15j),(-1.6476161818578717e-07+1.8034896915421476e-08j),(1.0118205010752268e-06-1.7364715312201167e-07j),(1.7432100804151433e-14-2.7360357038765535e-14j),(-1.1753222402482531e-16-3.749354077225739e-16j),(1.0105379725290364e-08-1.2231328383697349e-09j),(-1.9418995349550475e-07+2.295546927059487e-08j),(5.804319301613153e-05+2.4397692627404063e-06j),(7.185793068536302e-08-9.52538811038887e-09j),(-3.676908272545719e-09+4.893252095835476e-10j),(-4.6257203341882555e-06+3.615392891819372e-06j),(-0.5416192820071308+1.4222470832103706e-05j),(0.159049535995102-0.0055623681020232005j),(6.6487650001600484e-06-1.7781775263570083e-06j),(-3.124293479643622e-06+1.0516961354161154e-06j),(-0.0002682578010038588-5.38976722045501e-05j),(0.014034570593053436+3.316171809203839e-05j),(-2.3252621534489904e-07+3.265082560597095e-07j),(4.372075653350432e-09-1.2841921340526084e-08j),(-0.005705183541665427+0.00015476762493753194j),(0.0004168927014258587-0.0008587076306159955j),(-0.0008097686857383755+0.00014653498192502017j),(0.0002617728307448379-0.00011647733201912749j),(-0.0006305840782437786+0.00029983860901947154j),(-0.004589593805997126-0.0022912784732811078j),(9.08567237152661e-09-1.2231199637694309e-08j),(-4.270101408244193e-09-9.523135033871589e-11j),(-0.0008998693671308601+0.0005623048445133376j),(7.083051844990054e-06+4.839326231673437e-06j),(-0.42196581400272865+5.47291008316797e-06j),(3.905213596371409e-05+4.128041625630506e-05j),(0.012243695104269519+0.00013543776540941507j),(1.2681402180267934e-05+1.6769518116618146e-05j),(-1.2498006698791117e-05-5.18470295888944e-06j),(2.115421595358679e-07-1.0980776327706017e-06j),(0.0008345236422620095-3.9943237658106214e-05j),(1.4853823159094117e-05-3.4776189066251804e-05j),(-1.7154742543995605e-09+3.188704968144075e-09j),(-3.2641186876319123e-06+1.5585583799546463e-06j),(-2.362936724678561e-05+1.4029565078778512e-06j),(-0.00018408197487230785+3.205362287245618e-05j),(-0.0013928330606648232+0.0002807906702202424j),(-0.0009693209139885681-0.00021500615013521335j),(-0.013474587033449018+0.001622087067788716j),(5.994074533570353e-05-0.00024450511033419404j),(-0.004192992854358863+0.0002984229501676323j),(-3.061203487130213e-05+1.3198353333011098e-06j),(0.0015815728993826754+4.476369498278088e-05j),(-3.450312998482051e-05-1.6245790767331754e-05j),(-0.00841213623090831+0.0002544206586784217j),(-0.0005502457811375667+0.00027167614560797153j),(0.00018613981074649185+9.02836599389168e-06j),(-0.005074064148312773+0.000685226473923752j),(0.0011815374043274692-0.000528786426560715j),(0.0020179944006014517+0.0002558036697255269j),(0.02850295885500566-0.003872285199578597j),(-0.18474779995917667-0.001244077538861632j),(0.016197727314677772+0.042239207947234486j),(0.016903786421536508-0.010832574624980412j),(0.007172602710388998-0.009104269238842597j),(0.09224532423188352-0.0335611004280922j),(-0.054327068280655776-0.03735120695632355j),(-0.057187021564447396+0.005808878806564277j),(-0.012229365316276478-0.01407253025908141j),(0.002494769217474844+0.005149780610727092j),(-0.001244204363311823-0.0009129555067573175j),(0.01396327412040999+0.006521657465475568j),(0.06399029218120136+0.007545804753999203j),(-0.024365798699255013-0.002901913050843718j),(-0.07399924961884444+0.022836874774229174j),(-0.02543673877134486+0.040501986859580626j),(0.15379754307244037+0.019478537281656952j),(0.08255848183509167+0.021949269235407753j),(0.2543369829923345+0.00014005930779610598j),(-0.01603946527783201-0.005622681699879439j),(-0.0828508093856164+0.04127372475209513j),(-0.026349173496300126+0.020000514746673678j),(-4.924555047207494e-16+5.245527194418236e-16j),(0.10263830111478103+0.010869936832980105j),(0.12344191426334028-0.016373687779217314j),(-0.25938047339318093+0.0071175072017816005j),(-0.1287967123593074-0.07920125004698955j),(-0.18989892800145458+0.01918936639588091j),(0.07832083390697182-0.04339627276886669j),(0.18198195750127205-0.02977388205159503j),(0.0005397433454572224-0.023171067936876726j),(-0.32477952603133586+0.060032916077641135j),(0.17035850207429815+0.024697691459110563j),(0.022490808533356176+0.010745083254725098j)
45,(4.743032783286076e-14+2.993504459927676e-16j),(4.1537930178523514e-14-5.629532795241161e-16j),(8.098412673443814e-28+9.134517733526543e-28j),(1.697891107545074e-28+1.268340200985585e-28j),(2.6476258827489035e-29-8.900309524114312e-29j),(-3.852947684002775e-07+3.276931273120568e-08j),(-3.693117091337701e-14-3.749077282413601e-15j),(-4.0308037193625485e-07+3.559102999873261e-08j),(9.923291701846074e-07-1.7349307965644418e-07j),(-1.3812825383435489e-14+2.1615833537007364e-14j),(-6.875067794794455e-16-1.2630544540491955e-15j),(-7.91526343999702e-09+9.262425523737601e-10j),(1.519642230065093e-07-1.7323306881186097e-08j),(-4.569384403753038e-05-2.227497668172417e-06j),(1.6327353581579373e-07-1.9809408132925258e-08j),(-8.623458472516894e-09+1.0618020028590414e-09j),(-4.673190145957666e-05-5.91989966714413e-06j),(0.4326384852032995+0.0022169900044387847j),(0.3770920794067264-0.005324177147582029j),(-5.312177354997899e-06+1.391726911511084e-06j),(-7.4765489734374425e-06+2.3414373723135498e-06j),(0.00021588487941883946+5.2664910337619234e-05j),(-0.01241595844647812-6.377746287403434e-05j),(-9.471776987833397e-07+5.511635188361714e-07j),(4.654023836253528e-08-2.6392800302933855e-08j),(-0.008877702292211529+0.00012943110782781628j),(-0.0003227929399323478+0.0006375804491694344j),(0.000467611513126374-6.364679196155908e-05j),(0.0008302063247492966-0.0002033562250733743j),(-0.001570068089246764+0.0007204785722402699j),(-0.004498627182698873-0.0022419833784355658j),(-2.4620718556650408e-08-1.0046907853117505e-08j),(-1.033052154749465e-08-7.025033074343398e-10j),(-0.0005903889748122315+0.0006422994927365455j),(-3.2609539567893873e-06+9.3505785757843e-07j),(-0.4154080323732331+0.0016236687464527416j),(-4.626914581666441e-05+2.00423758586116e-05j),(0.008764227154533776+0.00017294255560023437j),(1.275154716007312e-05+1.6432129865814735e-05j),(-6.843321067803819e-06+2.482216184374966e-07j),(-1.7526092372739448e-06-3.6643775032485517e-07j),(-0.0006125174414574473+1.2073090326062525e-05j),(-9.78409990146235e-06+2.4948226153498508e-05j),(1.5871712122222866e-08-4.587896927786123e-09j),(9.180604462464887e-06-1.6068853974848316e-06j),(1.4523234021906506e-05+8.977719982476305e-07j),(0.00014565796316095729-2.4760928610224252e-05j),(0.0013650931358108838-0.00023423300310373388j),(0.00452864092138434+9.738251516782856e-05j),(0.04500022780772813-0.0029669119191566944j),(3.653734838782343e-05+0.00013308237139575153j),(0.002126005563932917-8.340223808264561e-05j),(-4.771601169440043e-05+2.6667336701285384e-05j),(-0.0012942567254723904-9.08390134304104e-05j),(-7.752557250521836e-06+5.646307385656939e-06j),(0.008411652731812668-0.00014502801276626304j),(-0.0008144625642125313-0.00022026085023316882j),(-4.770969849354782e-05-2.581488533261947e-07j),(-0.0014582955535331434-0.0003397477774362618j),(-0.005698096688728666+1.8083794658756234e-05j),(0.00031619938439736255+0.00010664662041785336j),(-0.012683295835419803+0.0017403118781874533j),(0.08463863595123637+0.012747454788058433j),(-0.004594793829791265-0.02221323975795805j),(0.0022311020342661177+0.009388151121613805j),(-0.019944368616466666-0.0042378595576141615j),(-0.06182906447449377+0.0758662221744169j),(0.19804059988769102+0.044430685568666695j),(0.22352020737566797+0.011470486930694801j),(0.01789275560276337+0.00694725691808127j),(0.010869186498380489+0.005847388832254396j),(-0.004151051636361208+0.010732558406803426j),(0.013276987115479226+0.005020314954582069j),(-0.052554969755502584-0.00688853288170712j),(-0.03148127958806565-0.004460217204434384j),(0.3368313651592523-0.00022802287750944839j),(0.18362380567920503-0.1283084608151468j),(0.11803573951670564+0.02694019009179391j),(-0.17537078015543867-0.004032724829130703j),(0.12101592271482628-0.0035279552311374696j),(-0.11105877538358001+0.015339337233058217j),(-0.018853147727066543+0.06259138623650787j),(0.10861248123827318-0.021911581332434513j),(9.227693698785053e-16-2.141414305350108e-16j),(0.09747041615883828+0.014434462622196872j),(0.23250961472552095-0.0022258180378890366j),(-0.08960703665827771-0.016937637240773663j),(-0.02610114888061284+0.011139904424040548j),(0.0926428901551223-0.023504723665164706j),(0.18941878950695362-0.006840419968298997j),(-0.02440785093882067-0.00878200679834812j),(0.021539137387417934-0.004699407783978173j),(0.01533832743054427+0.0026611183905304436j),(-0.024880457075115603-0.01099190673873807j),(-0.0002758109549470864-0.0015600794823131853j)
46,(1.4954022211293175e-14+2.883059157159166e-16j),(-6.330644271624474e-14-9.162319146824282e-17j),(2.475442823506617e-28+2.686032928070975e-28j),(-2.4628431022745453e-28-1.805811919177682e-28j),(-6.469826102567946e-29-5.343096060646166e-29j),(-1.2173706658546602e-07+8.792867444865058e-09j),(-3.655662123431126e-14-1.5855916586753174e-15j),(6.139601451966491e-07-4.482802890240776e-08j),(9.207280978361939e-07-1.804454473386018e-07j),(-4.5792005367198144e-15+6.6909949475182706e-15j),(8.26824913243558e-16+1.7728727344608876e-15j),(-2.5408699471696875e-09+2.6572174009528923e-10j),(4.897430459215996e-08-5.0183969126244386e-09j),(-1.4716105815683306e-05-8.156084075548531e-07j),(-2.530452727994626e-07+2.6370102183878376e-08j),(1.3238062761852828e-08-1.3970666905886994e-09j),(5.477016048751785e-05+3.40565423331401e-06j),(0.13202756925247308+0.00254956452567677j),(-0.5747047609275346+1.8204846513880657e-05j),(-1.6335765871074713e-06+4.0355095751633033e-07j),(1.1431464154418677e-05-3.4056013550099247e-06j),(7.351648795546011e-05+1.747766101381417e-05j),(-0.002191077420704849-6.476336990332587e-05j),(-1.1290935101888018e-06+4.016756862036324e-07j),(5.149597171111255e-08-1.215076112585153e-08j),(0.015659439205178836+6.489228235784846e-05j),(-0.00016913015829912075+0.0002082656752067534j),(0.0003972294685603059-0.0001031079191040995j),(-0.0011699128594878086+0.00031367551098127234j),(0.002368910777632534-0.0010351576813421577j),(-0.004242357240072226-0.0020018600778481735j),(-1.202350012349381e-08-9.560648833277158e-09j),(1.2365941188579145e-08+7.386242427613931e-10j),(-0.0006484015530967433+0.0005849783313835668j),(-2.08739234672204e-07+1.9170542034452833e-06j),(-0.3859151216506304+0.008980490375047473j),(-2.17416288687218e-05+2.4002239619296432e-05j),(0.011191127837481541-8.484963512842524e-05j),(1.2107472800846647e-05+1.503493092049224e-05j),(3.613428463617054e-05+3.0067838968622962e-06j),(3.886522166395966e-06+2.0802603874369288e-07j),(-0.000383540179772925+2.2632389153070116e-05j),(-7.164412371108224e-06+1.6129200233740627e-05j),(2.3745031314922062e-09+1.2094469237314383e-09j),(-6.28056771564638e-06-2.566780800455252e-07j),(1.1917598438106127e-05-2.151531823104796e-06j),(7.873427846196189e-05-9.04348647385427e-06j),(0.0004902435843111718-9.417220938835237e-05j),(-0.003558816814932476+0.0001493220168057943j),(-0.006222400855118887+0.0015000385671501814j),(-0.00014549986985657712+0.00018671703070509394j),(0.0034712404530846852-4.61149960984575e-06j),(1.7509248154656559e-06-2.6410997187144253e-06j),(-0.0004124287366614132-2.0691979481864078e-05j),(5.5822606519108105e-05-2.241087092932361e-06j),(0.0021347336156204164+0.00032147765858596487j),(0.0014902285532525086-8.101915940305314e-05j),(-0.00014331664872880635-2.468010694635607e-05j),(0.008275365727618774-1.3497120807763434e-05j),(0.003706262255029042+0.0005232182942499749j),(0.0003094447346586293-7.090988514741407e-05j),(-0.006975293452747863+0.0017803129872657364j),(0.11552886169154278-0.008158558164750057j),(-0.014330641520976569-0.023784878983695586j),(0.004872237863586145+0.0010892956480890639j),(0.010502094108437877+0.016274425026272975j),(-0.04798171031727905-0.041647300300987164j),(-0.13609648941244165+0.003242872318366714j),(-0.10492516990659502+0.006322520797676j),(0.0029503159266898345+0.005610330027747223j),(-0.007840695083718334-0.014938776601137871j),(-0.003094272942209492-0.007384849602862975j),(0.01853351194393346+0.007879570346155962j),(-0.008156086708010912-0.0018454239256020504j),(0.06511008337969348+0.007644524684923687j),(0.03242634124194381+0.0155382841128516j),(0.01839238989735263-0.0021911369617523178j),(0.09414022408988765+0.01752198486124203j),(-0.08966234281631719+0.01716949070525048j),(-0.20756711660583477+0.04945673583549152j),(0.2156079783422792-0.0015892757420056212j),(-0.15112474596943284+0.042931612898898484j),(0.158290879832324+0.059610435579724425j),(-8.915189952259319e-16+1.8359734058145488e-16j),(0.11228921063412262+0.008898023072069307j),(0.16378019649387449-0.018529003295727535j),(-0.07342757078089837-0.008066611535877448j),(0.09845015463267363+0.013897604103688156j),(-0.3182200268457879+0.009209909199073898j),(0.04520003787325074-0.05803738453505641j),(0.09394977437115579+0.006697058369885149j),(0.001685569197864556-0.03408171006503555j),(0.2575064987614738-0.0320800574917455j),(0.19206312995208027-0.0373539260558797j),(0.0013068403828365542+0.01099675090243118j)
47,(3.3712202274964434e-18-2.9713250434857914e-19j),(-1.0977357108564401e-18+1.1588798929628975e-19j),(2.698443356009333e-28-1.4212206981978723e-27j),(-7.448528101941633e-28+5.766750369278948e-27j),(4.0137634762726845e-25-1.4056339218261097e-23j),(-0.5437755133690176-0.0002984678950773145j),(-1.4327671449473886e-17-2.5113996988905088e-17j),(0.15463764579546188-0.005509133225195844j),(-0.41949802714224393-0.0011908411722260925j),(-1.0911473965652362e-16+2.538622547967903e-16j),(1.4353310864528357e-16-7.611765989585262e-17j),(1.0058626797531239e-05-1.2838336969365945e-07j),(-0.00017822551376796422+1.7020462141139752e-06j),(6.14981449472682e-08-5.355498948351207e-09j),(5.3016431271409205e-05-2.293531633753557e-06j),(-2.961888307206271e-06+1.3009873122517374e-07j),(-2.9055341442523753e-09+6.963033334588196e-09j),(-0.0013782901276432674+0.0002618733411956631j),(0.0005952542282018185-0.00013722210513749267j),(2.1203628756977348e-05-8.889202152577634e-07j),(-7.096361729797651e-06+6.087563130753905e-07j),(-3.6303162690484865e-06+4.827052760426619e-07j),(0.0001961491275387622-0.00010329832884190232j),(-0.00026239199978196615+6.312156224707187e-05j),(1.2876173724397259e-05-2.8348613412942203e-06j),(-5.550733358181654e-05+0.0002852997667968441j),(-0.3127752331431954-0.0013499753410034093j),(3.115498324426121e-05-1.23790070076012e-06j),(-7.165877664253617e-06+2.482811998754368e-06j),(0.08318844894307262-0.003879574914193447j),(-0.2387192354897738+0.00043861938707465825j),(-3.2064875032974887e-10+7.133305249416727e-11j),(5.502947384204343e-11+5.215066144789065e-12j),(9.542751843434238e-06-1.4228548990876856e-06j),(0.00032454680590845254+0.0004474694694556782j),(0.0028793431825106883+0.0011656890877178574j),(4.872340900039136e-05+0.0013861910741764356j),(-9.699401970681573e-05-9.157774511120915e-06j),(1.4187125469838093e-06-1.0874451016375446e-05j),(0.000594332005651101-0.0001395789147375177j),(1.932962821312302e-05-1.9749826499445638e-05j),(-0.03647618518527945+0.006648577177406001j),(-0.0004748522674390008+0.0015740570677037703j),(1.3037370862320442e-10-8.621822335860472e-11j),(0.00010789863120437242-7.191316898508683e-05j),(0.0006680885579940365-5.081231355428666e-05j),(0.004187431112717812-0.0006707491239066256j),(5.275454871675512e-05-1.5183572309818453e-05j),(0.013102469444109716+0.0031063677064612997j),(0.0008608723463187165-0.00030736948490445095j),(-0.0010427719945846161+0.003742649768310273j),(0.06302934356279544-0.005220527040184247j),(2.04102868424931e-06+5.778878275491898e-07j),(-0.02371638263481866+0.00044678355326644586j),(1.2279854697428026e-06+1.268921934906185e-06j),(0.0959646755867331-0.0045505417933343895j),(0.008025494564210854-0.003422200355841584j),(-1.276058046838513e-05-4.618917167280187e-06j),(0.05273597061804754-0.00899384935036315j),(-0.0028748911118275083+0.004768286979928531j),(-0.037103797693921775-0.0007042255279169525j),(-0.2135549894545004+0.00440568108355663j),(0.015573473755770903+0.006029185250266075j),(-0.0016621114059390564-0.0041761198564685765j),(-0.17686266958150845+0.01215474733265802j),(-0.00032581973305428956-0.0012987956451151637j),(-0.012014988920390494-0.0018727119378529854j),(0.004930553764526929+0.007852045912673281j),(0.01633303551000387+0.003387397623063189j),(-0.020056647511759104+0.05152265216320573j),(0.006889175772109261-0.01295675868034855j),(0.0046292334921175056-0.0104123421953826j),(0.0666195226847703+0.017878534351666996j),(0.14693482856951662+0.0095553542492669j),(-0.06452295372208737-0.004845695271064114j),(0.08539057389731665-0.010011678131737728j),(0.026837522226555346-0.04001712191806905j),(0.02613480797527612+0.001615852815764065j),(-0.006648904014136664+0.0005011018163003296j),(-0.24240834360146302-0.016853996113527336j),(0.0015660410096961536+0.00026589437917018226j),(-0.03482618703890657-0.05070311212453285j),(-0.1487023770253829+0.039364573645965746j),(6.453244016871286e-17-1.5308856709130963e-16j),(0.13783910863784668-0.02039584755897221j),(0.07830575373669325-0.0141974126598428j),(-0.07208391753724241+0.003459067029381334j),(-0.10521058530620045-0.018080514056991612j),(0.05867243508026021+0.03366957933744917j),(-0.22688997582852585-0.005875478774286597j),(0.03485095138592593-0.004433024564865851j),(-0.07180568794046514+0.04364740581225256j),(-0.10167301322456185+0.024715422682195343j),(-0.007523494074684389+0.009560683789142292j),(-0.06762396731816848-0.010964123314364633j)
48,(-2.6568055331109327e-18+2.2114457802811354e-19j),(-2.6859064015265675e-18+2.2695105062621485e-19j),(-1.5076413098455483e-28+8.223851987441301e-28j),(5.464953835020447e-28-3.0270516601750564e-27j),(-1.8484727099133492e-24+6.774238224956701e-24j),(0.4283522654232613+0.0023203269463012433j),(8.462252855857531e-18-6.044865958753722e-17j),(0.3776732281398034-0.0055395889807278165j),(-0.41150374481964375+0.00011523778961353148j),(2.66910927702982e-17-1.025030653874167e-17j),(1.3613601208399478e-16+1.6402966659367478e-16j),(-7.764221689038567e-06+8.128171500201268e-08j),(0.00013732147571599945-9.754177195313586e-07j),(-4.837797313754044e-08+3.901217970919658e-09j),(0.00012146543162558146-3.539574738848176e-06j),(-6.949689958662664e-06+2.1916158458207843e-07j),(-6.892955336856131e-08-2.3669833588589367e-09j),(0.0010967319447223352-0.00020286052935096j),(0.0014137744569506193-0.0002950631323016124j),(-1.5876148849179566e-05+6.77385019804658e-07j),(-1.4851432999470864e-05+1.2473557230941982e-06j),(2.8822696066707455e-06-3.139121801994837e-07j),(-0.00016948764954601662+8.870560991552568e-05j),(-0.00016122195565553075+2.9768983069428044e-05j),(7.711293003444398e-06-1.01853641218185e-06j),(-9.423026865991759e-05+0.0004015405129293591j),(0.23985273576241917+0.0002166861674010867j),(-1.8639685219044302e-05-2.1640897777210887e-07j),(-2.3393897096787566e-05+2.878102880740343e-06j),(0.2193959347159303-0.0014899729313092372j),(-0.23616371783112766-2.5719883112347575e-05j),(3.608865302598256e-10+1.2665609017361659e-10j),(1.497120992155676e-10+2.370101460364018e-11j),(4.049803546843972e-06-4.146720827692269e-06j),(-0.00021756293230342828-0.0002898694573595424j),(0.0028550496234102216+0.001139542808642472j),(-1.0989905329551655e-05-0.0008600147326108978j),(-3.3856482415309505e-05-1.1763637543521843e-05j),(4.728535405520878e-07-2.1259274878905024e-06j),(0.0005474699450920225-0.0002446012557805182j),(2.5784232896516474e-05-7.340329228412459e-05j),(0.015383781593668398-0.00325363766164557j),(9.676590342265365e-05-0.0006595073874006941j),(-2.8195567167933006e-10+1.18192910455474e-10j),(-0.000338401895717729+8.068991706535643e-05j),(-0.0005511210572380265-1.2144728378451396e-05j),(-0.005430342853089895+0.0009228417574674683j),(-4.6548828710024074e-05+2.624429642562694e-05j),(-0.11370248932455224+0.0015083293617884491j),(-0.0013978425759349788+0.0003974712498269299j),(-0.0003506680471222414-0.003176507538665173j),(-0.04550222904169772+0.0035712338386587987j),(-4.992311891385789e-07-1.599774217609454e-06j),(0.02014290922394831+0.0004580321798000102j),(6.463021205894192e-07-2.3082437385315719e-07j),(-0.13021081069428678+0.0028353515858636213j),(0.013344235952013193+0.002891492468957855j),(2.2774758192254372e-06-7.707604389921025e-08j),(0.017985988530349332+0.0042308311811461935j),(0.05583192333555414+0.002573783360332961j),(-0.02236445964610602+2.8201351517600018e-05j),(-0.008210186394849502+0.006187981471751029j),(-0.009784896952424573-0.0001888282358780205j),(0.0009140656948987381+0.00228817427425861j),(-0.07909107556593775+0.004692024887989494j),(0.003345927116959097-0.0011091009689386854j),(0.011585842590551496-0.01331158887862867j),(-0.031461165826021535-0.006989299682915238j),(-0.04976156149895716-0.006012652391627382j),(0.025400887560321793-0.04650344712950159j),(0.021955417316415732-0.03395078307180734j),(0.03314405391548068+0.000172066152940277j),(0.06744722073288192+0.014468109543637189j),(-0.13824952576658017-0.008898606961273273j),(-0.09204262033668618-0.007878908641696667j),(-0.149261299654186+0.028870464801526732j),(-0.01925012901607011+0.06548558370555946j),(0.025698666937735374+0.0028326675791235847j),(-0.019048031286969934+0.005706519843386872j),(0.0766501797104023+0.043221103864942774j),(-0.00626830722692936+0.0033815527745800896j),(-0.040878889166164604+0.09156280403431875j),(0.31504520165480937+2.0744030449007522e-06j),(-1.5333415899540946e-16-3.4134136412320175e-16j),(0.13290402625735365-0.018532628798146787j),(0.09197411415803383-0.012324758044055613j),(-0.0519419967490966-0.0006281288747330208j),(-0.056768131162006324+0.03545576076647116j),(0.13049453240214953+0.02211057435480402j),(-0.19058066468281595+0.0015514759290454622j),(-0.09752650180476152-0.014753473869420532j),(-0.09407145493924393+0.040772394618935934j),(0.00803892292687382-0.0034815423340752894j),(-0.08695101112739309-0.0009203504140170848j),(-0.06981889115219578-0.018151438687761933j)
49,(-8.394926559710813e-19+5.909892316820874e-20j),(4.091019222922816e-18-2.8306270588808007e-19j),(2.4291015047237958e-29+3.11299358762126e-28j),(-1.564550461536995e-28-1.1296722490751413e-27j),(3.3078546594724334e-25+2.905757442212057e-24j),(0.13520222060313125+0.0024566295729291643j),(1.1578735385439097e-17+7.861629718194321e-18j),(-0.5747019249053923-0.00030459757890251293j),(-0.3833076239614509+0.007946291873710765j),(-3.565113192101336e-17+3.426135594570593e-17j),(1.5502735139573647e-17-7.449940909742434e-17j),(-2.4928835723235755e-06-5.316711289530398e-09j),(4.432392721664531e-05+1.9812380314262754e-07j),(-1.551794417253172e-08+1.1361453874176079e-09j),(-0.00018706085175027775+2.5195410322055757e-06j),(1.0629144797320357e-05-1.6190390232923414e-07j),(7.701951073202721e-08-3.572232909804549e-09j),(0.00033657368571798907-5.721629318782806e-05j),(-0.0021710771180842342+0.00042068650979287933j),(-5.271502208713853e-06+1.7233372999462048e-07j),(2.3312752993270936e-05-1.552848503125997e-06j),(9.478980196467211e-07-1.1617500578567654e-07j),(-3.407682342118344e-05+1.6647534763345854e-05j),(-0.00015480075485415002+3.2405459136323144e-05j),(7.587473019306652e-06-1.3868628244150752e-06j),(0.00017782358975456617-0.0007364675308997725j),(0.08172287063098806+0.002244286777010801j),(-1.4436961420844406e-05+1.4605728326143021e-06j),(3.287003665195548e-05-5.0536209414965975e-06j),(-0.3255127487939135-0.0006823894641019568j),(-0.22015520233558344+0.0044833258150848085j),(1.2046569416269514e-10+9.46505869875948e-11j),(-1.9789200862073972e-10-2.8502967958035253e-11j),(5.660487895389132e-06-3.1039253245639715e-06j),(-7.437607682279351e-05-0.0001042359938874654j),(0.002662643979406121+0.0010095666013974606j),(3.3616243842816745e-06-0.00034492071041842864j),(-8.013938347727398e-05-1.0448722596698154e-05j),(4.4771651744310925e-07-2.435278834411212e-06j),(-0.001128326597871293+0.0003815924236387806j),(-4.778237150526231e-05+9.486824909439678e-05j),(0.010295433321552054-0.002639004404372529j),(0.0001182321434515464-0.00047033007862437007j),(7.510542295643067e-12-3.5274769305514246e-11j),(0.00031008967579471375-2.1544577741429617e-05j),(-0.0005486933143937789+0.00010653597975785977j),(-0.0037187528860608216+0.00048134587889035957j),(-1.7755256376804218e-05-8.628280125717706e-06j),(0.0978634339570281-0.0062940073657123605j),(0.00024093736654761657+4.6064500848712437e-05j),(0.004136613515813078-0.004809459220652088j),(-0.08827773978184361+0.00019703954376733973j),(-1.1754112448207139e-06+2.808386114426683e-07j),(0.006750535162422597+0.0004378751759890123j),(-7.47969167135146e-07-3.8616670873066274e-07j),(-0.04306623491282069-0.005668513743728017j),(-0.024895631467878744+0.0019800074882307516j),(4.316654132477551e-06+1.2814189870218292e-06j),(-0.12766357821928942-7.82011505340574e-05j),(-0.03713976270060388-0.00786305450714611j),(-0.02037606526713207+0.002245030005626411j),(-0.017089255482909318+0.005524795646720657j),(-0.010911473577075568+0.0021523409991304338j),(0.001726665851154125+0.0018997280000631607j),(-0.06541370137038352+0.0068516407507126925j),(-0.0015455624212618113-0.002884072161368588j),(0.0068018444171938875+0.003902873777170784j),(0.01712984252893878+0.00017449873413696382j),(0.021668279899749107+0.00038742344253525195j),(0.007956834269699155-0.014526415883290785j),(-0.034795402766354115+0.05318437811870074j),(-0.00047498466842787156+0.0039242970595145315j),(0.07733518408752105+0.019706963680412085j),(-0.020470985532928674-0.0028882336428067944j),(0.16332727279823295+0.009567709977040897j),(0.00363829654572685-0.00030097783693805577j),(0.008747173550395006-0.009590923757919595j),(0.02230547220646082+0.002192467155708952j),(-0.013507495868475642+0.005300094124162491j),(0.23957192255660123-0.028309639784801152j),(0.023089380503122155-0.004392426112286124j),(0.1280237170407977-0.04742479162089238j),(-0.17965814146339196-0.06980620860062331j),(-6.264147208903088e-16+4.787488459616891e-16j),(0.12772929968356836-0.021046443297365353j),(0.07713955079251075-0.015294487784570127j),(-0.045421670655128095+0.0013439621112291585j),(0.22426127186372402+0.010051507281177374j),(-0.0023956080598972404+0.026145070160083096j),(-0.21089069907492033-0.005963480815451935j),(0.007404024221750053+0.03834190270120799j),(-0.06020220310965186+0.03611207217723235j),(0.1431019509943109-0.028357604514569153j),(0.030169941952826115-0.015559669279193927j),(-0.04255490190303616+0.0063852129334539525j)
50,(-3.4138617081639164e-21+2.9952504937297817e-22j),(1.1110603837108837e-21-1.1677373836853206e-22j),(-2.948056824703062e-31+1.2943979102936365e-30j),(-3.373254594775473e-31-4.982072782653446e-30j),(-1.9751943506681357e-27+1.2570516999335302e-26j),(0.0005549369676704734+5.240879102677261e-07j),(-2.1856138076323754e-21+7.810404398872411e-22j),(-0.00015777562538558156+5.550709047933397e-06j),(0.00042720431987870234+1.79907951166578e-06j),(-8.180609198890336e-19+7.536253091329561e-19j),(-7.95927870264972e-20-3.759942629858771e-20j),(-0.0007528106564801362+2.881547915740707e-08j),(0.012885226757861037+4.633519040647856e-05j),(-2.7471857115473845e-09+2.0362524412847078e-10j),(-0.0037057992547658235+0.00011368876214496262j),(0.00021512730104610456-6.846506468385821e-06j),(-3.251231831858505e-11-3.8824463054849937e-10j),(9.02250343248112e-05-1.6304023556173015e-05j),(-4.021291076516642e-05+8.644800732145944e-06j),(-0.0006161437824426843-5.335561386648636e-06j),(0.00018079825231199275-3.856570958609033e-06j),(4.140533178964197e-07-3.733471246155348e-08j),(-2.3670605830589934e-05+1.1967563174897032e-05j),(0.011247065734225408-5.6013369548459915e-05j),(-0.0005829696852887534+1.0938545334966823e-06j),(9.04311754239545e-06-3.857098780570511e-05j),(0.04885635459940135+0.008701363311791298j),(-6.27363191526725e-06-9.286604328023017e-07j),(1.2604043140183321e-06-2.7747104266009334e-07j),(-0.010642474882005757-0.0010389082842662543j),(0.012259325057087073+0.002999816326904969j),(1.1018139948884485e-10+2.4883195179555348e-11j),(-1.8305569157045248e-11-7.637642445979586e-12j),(-1.602090254300872e-06-2.788601519096404e-07j),(0.015228097737531629+0.0006260272860875386j),(-0.0002859682791313164-0.00010025878343519805j),(0.09385765681848339+0.004605950791210421j),(0.00010065796135077407-4.972416691768847e-05j),(-0.0007323944433960375+4.245534542974069e-05j),(-0.03395131298533637-0.003254079822488789j),(-0.002990399041679298-0.0009648911152906773j),(0.8120135856656481+0j),(0.013526302651786273-0.03221571292908955j),(6.455936771748501e-11-3.392780762067901e-11j),(-0.0016356003911194893+0.0010761881344975787j),(-0.003995892807391843-0.0006914719948419908j),(-0.007838972370235765-0.0033129568878923162j),(3.6046686177639525e-06-2.706924303219634e-06j),(0.005931196974290178-0.006658146963990283j),(0.00010602431098649787+0.00014722985357923748j),(-0.00014827414906558659-0.0022011797961449366j),(-0.05508260926181177-0.007940916595093411j),(-1.121836030184504e-06-2.1483001368749463e-07j),(0.0026331258749328255+0.001134465594525279j),(6.981991603425787e-07-4.445551599418385e-07j),(-0.07199072819725874+0.0028503873002627828j),(-0.0008439018272057832+0.0020995165328247757j),(-1.9289143177332798e-07+3.934085029367651e-06j),(-0.03090155080335583+0.01077332554196809j),(-0.026320029083733022-0.008735662492888716j),(0.01964868981696314+0.004769731611957737j),(0.36152727670666573-0.0008022183366879869j),(0.02303102201125807-0.007587958270646677j),(-0.0027547751903869663-0.00439053406714617j),(0.21184929694951182-0.0014581081882780109j),(-0.0020675749983729416+0.004394520073800256j),(-0.014830646957547676+0.012309085142471794j),(0.015002970679261497+0.003996160917406014j),(0.019397820967914984+0.0012225688276465722j),(-0.030497304496572255+0.028929041857081533j),(0.009594555928343214-0.006105188367350653j),(-0.018302519440530574+0.0026717260511682113j),(0.09702752080158741+0.017635397651113965j),(0.16682741573928708+0.008688470500013049j),(-0.07564269810505175-0.0048543804441447975j),(0.07029561810396501-0.01667979677798657j),(0.008274928129169823-0.02878363589379876j),(0.009607431625106577-0.0007789149347777473j),(-0.016519787952598224-0.0022511096022042134j),(-0.17605331572445126-0.008345954949922518j),(0.0033270145100338104+0.0009931858617841843j),(-0.020155240577575298-0.034222510389466096j),(-0.09309203034092145+0.025560214553791344j),(4.372790279259797e-16-6.84517396825961e-17j),(0.08381226393933172-0.016476844413596765j),(0.04770139439644284-0.010132689541283482j),(-0.032573753508247996+0.003160902804189406j),(-0.06169980983233628-0.0064407462357118014j),(0.04501317168581169+0.01730257535503905j),(-0.14649958070386668+0.004353733770063192j),(0.01353260389033067-0.001084053115155371j),(-0.023385653045754434+0.024040629408343197j),(-0.04798731479425761+0.01363666685046247j),(-0.010967401614131933+0.0046207233569542806j),(-0.0544011722634302-0.006541647269022407j)
51,(2.685579804250621e-21-2.2278374631806873e-22j),(2.7128905170067534e-21-2.284541814717064e-22j),(-1.1018814361947662e-31-9.509430045196916e-31j),(8.185292141861575e-31+3.5555899157669124e-30j),(-2.9848767275680745e-27-8.671536596047952e-27j),(-0.00043635876374274117-2.484513134509681e-06j),(-1.3009348983932501e-20-1.2435987144707394e-20j),(-0.000384512581325351+5.5370030998373065e-06j),(0.0004170389878570778+4.831627071505976e-07j),(6.191532861379443e-19-6.654055704614266e-19j),(1.7737493007592426e-21-2.2016501466402245e-19j),(0.0005657445346795685+6.180928825081489e-07j),(-0.009655314133726067-4.690876277031091e-05j),(1.9978477340136136e-09-1.48479602838153e-10j),(-0.008508583250882704+0.000128811918078656j),(0.0005040080109093503-9.098002536370148e-06j),(2.9546056161148926e-09+1.806771758506934e-10j),(-6.387007073233177e-05+1.1818756059208727e-05j),(-8.178559540687528e-05+1.7112485182427236e-05j),(0.00043391608675364546+2.1137727552730313e-06j),(0.0003812815274733026-5.984112660166452e-06j),(-2.6929852092208095e-07+2.5567977129250495e-08j),(1.630700590490057e-05-8.569810253054852e-06j),(0.009262427964389744-2.0906432810263113e-05j),(-0.00047454255196671674-5.420222420268481e-06j),(8.464610205763984e-06-3.6806172672109656e-05j),(-0.029582729849096007-0.003548372315955074j),(2.9211282134803334e-06+3.762150894778588e-07j),(2.8971725181169245e-06-1.0218661837694004e-07j),(-0.021610088419765933-0.001672196372185459j),(0.009282344118124276+0.0016572245039626595j),(-6.09170342753141e-11-1.9167976397683004e-11j),(-2.5990034336766707e-11-6.271101033139489e-12j),(7.16496113709923e-08+3.598609328171047e-07j),(-0.008434209235542254-3.709074547661624e-05j),(-0.0001582550678931587-6.728835692573667e-05j),(-0.046451886683708525-0.0001833429447073709j),(-1.4610310636728665e-05+1.0389204171737805e-05j),(-0.00040331406062439656-1.0069306976248377e-05j),(-0.03770379633798516+0.001169783577691333j),(-0.007888838608226659+0.0004855462215516489j),(-0.11381696751748344+0.011118128549583543j),(0.0010450406707695676+0.004467090771330183j),(1.4019904288516312e-10-1.0251190482507372e-10j),(0.004357718403057294-0.0007094798797958942j),(0.007299356175436458+0.0006641317271708878j),(0.0657362020451108-0.005022016806813953j),(4.4082087581386997e-05-0.00010242689829003483j),(0.6522951847269834+0j),(-0.0013222629385092374-0.0009271894295435014j),(-0.004809499390049644+0.02240295005204345j),(0.3046654779712399-0.026379670518298454j),(6.5788397961827875e-06+1.706058034540172e-06j),(-0.015696862332735692-0.006205485038603603j),(-2.13401568043522e-06-1.3223719757130208e-06j),(0.4471537218733451+0j),(0.008689187712007412-0.014209347550243823j),(1.4740567993777603e-05+1.9703693098015123e-06j),(0.008161329036380264-0.016543162929652758j),(-0.10021710379784278-0.013435019839022289j),(0.003873519686846747+0.004698840128446102j),(0.25440709344842494-0.026673379238673377j),(-0.007665033522605338-0.008438294321670595j),(9.991967072272808e-05+0.0028286423097355832j),(0.21243638599128983-0.013422489063197943j),(0.0014398885126787361+0.003325213065745017j),(0.006461646923912536-0.0007359645445935066j),(-0.01673693737504382-0.007534142813761038j),(-0.029503940920063337-0.0035988801399669266j),(0.013498185474953907-0.026536661953528527j),(0.019591851312964488-0.01810696658746685j),(-0.011086664305568926+0.0040270758400402906j),(0.09762454024912721+0.013538596252082645j),(-0.15889214135771143-0.007918880166431067j),(-0.10890371413093007-0.007925607091488682j),(-0.07731401521331367+0.002306216306140016j),(-0.03766886273315734+0.0363699582702297j),(0.013454701373660444-0.0003441241094521725j),(0.0012207353001089452+0.006493890735239149j),(0.022437028033671844+0.026924487455938062j),(0.006411420418314042+0.001783232756948085j),(-0.02496741104786087+0.04789044338381713j),(0.1707396084533605+0.0035498275822025346j),(1.2438427458079348e-16-5.649663189791335e-16j),(0.08042631439527413-0.015085010668490877j),(0.048490472717612934-0.010066633417416426j),(-0.03278863493608857+0.0017677778015291537j),(-0.03577431490662214+0.02053775175656025j),(0.07263407423683776+0.012660653345665362j),(-0.12801744838148804+0.005882628184757634j),(-0.05450665395928067-0.007659765890564461j),(-0.04557738399878676+0.020114743720702134j),(0.0006876954611443554-0.0010826432776463771j),(-0.04847259315096228+0.00039394303481390947j),(-0.05310090774528003-0.010110799978039922j)
52,(8.485879450249875e-22-5.950196039755103e-23j),(-4.132021843928259e-21+2.8471269006568696e-22j),(1.5213346217362385e-32-3.4302439536722967e-31j),(-8.023221504622958e-32+1.4097734621641954e-30j),(9.222805871423083e-29-3.2298574020827038e-27j),(-0.00013772904441143152-2.5406877616801667e-06j),(4.772623799707849e-21-3.1842648423700086e-20j),(0.0005851073190831259+4.666964614040973e-07j),(0.00038847545646885295-7.494318005757964e-06j),(8.129705456503156e-20-1.187970748236092e-19j),(-1.4211848510029634e-19+1.5853083549460864e-19j),(0.00017775938039238143+2.687473143518041e-06j),(-0.003051266101879108-5.417509515368555e-05j),(6.402178154950569e-10-4.2491876664655905e-11j),(0.012954198036738564+2.9962746570834364e-07j),(-0.0007632699867555848+1.7260347873799707e-06j),(-3.1351339217716552e-09+1.3046548252690235e-10j),(-1.9788945890334535e-05+3.369527985049504e-06j),(0.00012639756683363547-2.4489192170095377e-05j),(0.00013764859518172818+2.3532108023239704e-06j),(-0.0005818948968687328+1.2663186500104487e-07j),(-8.852819887658966e-08+9.62655019806312e-09j),(3.7063521475663355e-06-1.8039100648794841e-06j),(0.008639768115681607-0.00019695486468745017j),(-0.000447576950298203+7.519324994510098e-06j),(-1.7387107589060373e-05+7.217357896348019e-05j),(-0.010178321517454895-0.0015175981316636082j),(1.972304345937059e-06+3.647689268352485e-08j),(-4.084469429920868e-06+3.171405156870689e-07j),(0.032213887949383936+0.002824895045579502j),(0.008712874416009661+0.0013788691669300414j),(-1.810868829261199e-11-9.543104811836602e-12j),(3.719261153183296e-11+9.329046702316827e-12j),(-2.6638351400994684e-07+1.97457346745657e-07j),(-0.0025794702472237505-7.503188942849302e-05j),(-0.00014717866565270115-5.922919598649301e-05j),(-0.01622008601938724-0.00014859061835800075j),(2.9798185507607393e-06+6.139885239688493e-06j),(-0.00037851523801325174+1.7645357540758337e-06j),(0.060712239733543005-0.00021352026444329888j),(0.010521068256949123+0.00019195576803575105j),(-0.07526689192102451+0.011060895865124997j),(-0.00042134651295896335+0.0032328524846341575j),(-3.481924385199023e-11+5.262569741803385e-11j),(-0.005242603176225425+0.0003567792902544301j),(0.008139489333001352-0.0005629031710830583j),(0.05284996034841743-0.0032564005216192474j),(2.807859570765385e-05+6.546211837742154e-05j),(-0.5552035857121169+0.030101716658793104j),(0.0003657911500946399-0.0007697052114358058j),(-0.02713982307047789+0.028254053874317092j),(0.5136633057669298+0j),(2.4535886968868255e-06+1.0145470277404815e-06j),(-0.009255420627624484-0.0035973684713435463j),(-7.919808515995155e-06+3.0593620467991964e-07j),(0.22441215244523421+0.011105162723811152j),(0.0008537881135560303-0.0034655999434077397j),(2.1862359866523078e-05+2.452543059799331e-06j),(0.3701994121487465+0j),(0.03935620030076787+0.016804256400029447j),(0.002342491819266366+0.001147191800596277j),(0.225653309458843-0.030432223237528196j),(-0.009442802837474739-0.005709426877601713j),(0.0009055612543805512+0.0025698943951094682j),(0.18990764034249483-0.017334588091551403j),(-0.0019500354150260761+0.0013165367038501508j),(0.003848211250762039+0.011408498584848027j),(0.019413463561697646-0.00228464522753248j),(0.019335189594213275-0.0006019505197274021j),(0.0005116840810118059-0.008375575443643153j),(-0.025676681923220434+0.030143358258015635j),(-0.014330591957680487+0.006679794949353695j),(0.10860001516085196+0.01934556249006767j),(-0.023409109577260744-0.002890615707796503j),(0.19041401972802827+0.008076672729103652j),(0.011695357883277392-0.010735317053813032j),(-0.00674175355147352-0.005532097000807997j),(0.012644454800581368+0.00010985188477285242j),(-0.0031850175289589136+0.0034937383631910646j),(0.12492500882069262-0.0150996838038331j),(-0.001596318104862671-0.004418940731497602j),(0.07429418119597944-0.02979630396566811j),(-0.10980590559174938-0.03842185438219925j),(-1.3750294297265271e-17+1.0366154376873702e-16j),(0.07594732067975823-0.01655559771553165j),(0.043062060702854336-0.010834646281447974j),(-0.02885184200299832+0.002473125213182709j),(0.11899675494886353+0.005653242689402899j),(0.013355167227114757+0.013538237315494715j),(-0.1330908064342277+0.004773103012715961j),(0.0011590151330123696+0.02163326019144815j),(-0.017983097543204603+0.019457574051599893j),(0.06877524940973392-0.01445432752415031j),(0.010413237890687188-0.0073478013424672275j),(-0.03621044461057482+0.0034031493018468004j)
53,(2.9566717074444123e-24-2.586072412642236e-25j),(-9.616543086942042e-25+1.0074884623939356e-25j),(2.8823231043012503e-34-9.595444688776936e-34j),(-4.131113358186505e-34+3.3562070183514884e-33j),(1.7938013048141806e-30-7.544658717246786e-30j),(-4.84430913865272e-07-5.871596964206143e-10j),(-2.633012111549249e-24-2.48779395216876e-23j),(1.37681947347217e-07-4.800899588822003e-09j),(-3.731286802515232e-07-1.802333043193845e-09j),(7.439858273999624e-21+2.6171061275209695e-20j),(6.189508022789441e-20+2.1197112065174783e-20j),(0.032440956654115144-0.00010939250355048585j),(-0.5374761364508307-1.4225335753986768e-05j),(-3.3111835595926383e-11+4.320407647236107e-12j),(0.15291873446456217-0.005539626779548258j),(-0.009194591085000012+0.0003411634139515482j),(1.0660668521685089e-11+3.5442427824013155e-13j),(-7.21924804798606e-07+7.116933578165057e-08j),(4.290694485950103e-07+3.644405799216283e-08j),(0.011286704239307091+6.016210126350528e-06j),(-0.0032144505843331667+0.00011310113901223048j),(-1.413090940027311e-08-1.5529105549612518e-10j),(9.014366711668887e-07-4.261340350965207e-07j),(-0.417015789241834+2.3811115146529782e-05j),(0.022410788885266233+0.0001316414959148561j),(-5.337145388215386e-07+1.9341582877543934e-06j),(-0.0029617788919701943-0.0014736012015399854j),(6.086019596271881e-07+3.4589719436535187e-07j),(-9.746932789208754e-08+1.1041201364055847e-08j),(0.0004422666561589859+0.00015213921374099113j),(2.6439325665171888e-05-0.00022397560869907694j),(3.9493918295668366e-11-2.5978770854257838e-11j),(-5.33587563652437e-12+2.71606731688083e-12j),(-4.968981591129675e-07-2.8729728390907263e-07j),(-0.0754632824108412-0.0004120068534530577j),(8.197259170144448e-06-2.3607091146366706e-05j),(-0.3554928515257811+0.001236622380789032j),(8.747315506635338e-07+8.88203152619385e-07j),(0.008792553863747873-4.842406175391799e-05j),(0.09990189123426019-0.004191866962905341j),(0.014626488998724709+0.0023614060559604055j),(-0.00348212855031153+0.004676555879903877j),(0.013008772271064438-0.0011941052692115012j),(-2.1810277100935078e-11+1.0550042194468883e-11j),(-0.0037848448539830166+0.000792352119823836j),(-0.04959338968850278-0.0010562579378257837j),(-0.2754713703190183+0.002811073305211742j),(6.3217608472559955e-06-8.696232540425688e-06j),(0.04010591346920048+0.007554275139453722j),(-0.0013400568587900795-5.534388473155919e-05j),(0.02013754113693233+0.008577007095262885j),(0.23828922109991119-0.036191010332888615j),(-2.9769446792349265e-06-1.208792802810096e-06j),(0.02670271174995204+0.0011470017437318165j),(2.5807974657672453e-06-2.649712774677912e-09j),(-0.21232545670076178-0.01887773793318462j),(-0.013358306781473747+0.006043767818787196j),(-5.211409958498886e-06-6.56246922099157e-07j),(-0.17485290093494388-0.0061546660119290025j),(0.09170010824279834+0.00609727261965011j),(0.0027754198536317047-0.0026263849817328303j),(-0.12664355202502198-0.001986763618763005j),(-0.008330103055398655-0.0021052113046560435j),(0.0008080047763192958+0.002640331751234919j),(0.21217272743110888-0.022207375136728942j),(-0.0004487003855448992+0.0028650509888502153j),(0.0012590993114550224+0.005201208540391567j),(0.002547033468723825-0.002823240818574937j),(0.0007059018758880662-0.0004077814052698025j),(-0.004415041283860311-0.00628440657831714j),(0.0016111290937187812+0.0015076524044585747j),(-0.017646352604604044+0.011520019862235368j),(0.15574017004965923+0.014712424590766944j),(0.2046236060989811+0.005481611687448998j),(-0.09666259760455584-0.004016313009403803j),(-0.00622791999453421-0.006105451218958933j),(-0.014131441246801652+0.007066994276019849j),(-0.010235957248847358-0.0036626761659907118j),(-0.027687747735440096-0.005472680192653157j),(0.02588361585537843+0.004446533493816346j),(0.005249998283813397+0.0018403612657585352j),(0.006400511207270415+0.00770095045359032j),(0.027746630055139-0.005785959017924629j),(-6.077260552552063e-16+2.9503593649038875e-17j),(-0.003044461586288756-0.00802361103129794j),(0.0021534435406734597-0.00365564166762184j),(0.019751700052642953+0.0026294547927377615j),(0.019382550609476856+0.00777090398175523j),(0.008934785460749313-0.008397323460839217j),(-0.0014732151483683236+0.016894054485937164j),(-0.014089438724604227+0.0020246906552116254j),(0.04701317200205619-0.009386925480912852j),(0.03186644791541723-0.004687114251996371j),(-0.006951320273098463-0.0032413377932026645j),(-0.002148483377273843+0.0012843226387829055j)
54,(-2.3281691293634934e-24+1.9242195741920632e-25j),(-2.3481187970823184e-24+1.9708030085705843e-25j),(-1.7433232126602875e-34+6.92966533521188e-34j),(2.537721211725205e-34-2.331301914785139e-33j),(-1.740324243446013e-30+5.671877698303314e-30j),(3.812885188848447e-07+2.285908039759629e-09j),(-2.9922926682829183e-24+8.289321773346128e-23j),(3.355206210360166e-07-4.744209031543781e-09j),(-3.6108078734887916e-07-1.0990975356927625e-09j),(-5.11586254931582e-21-2.020745277635309e-20j),(-4.6965943113390655e-20-1.5348801499607515e-20j),(-0.025594386226561898-2.9596159306674846e-05j),(0.42336720363602104+0.0020460243501850273j),(2.7173274819560222e-11-2.7786467704574785e-12j),(0.37350816743297943-0.0056419532027746355j),(-0.022799827019847965+0.0004084156588981952j),(2.9118452197139135e-11-3.7759306479541776e-12j),(3.261652878490486e-07-9.748026734620549e-08j),(5.992125528543746e-07-5.9802096111973176e-09j),(-0.008889651556385122-4.7798773185659966e-05j),(-0.007848164756529344+0.00011546375522302273j),(1.2760481987147107e-08-1.4915514202336e-09j),(-8.11723953308047e-07+4.5987549411416805e-07j),(-0.40902879435959527+0.0012871068432413896j),(0.02182701168262796+0.00013008761219459892j),(-1.9010497126823174e-07+1.0612020581759602e-06j),(0.0023528947058644523+0.0010514894039408713j),(-4.180720461783822e-07-2.531688123857413e-07j),(-2.0370504071546358e-07-4.5594983006365264e-08j),(0.000890326642633237+0.00024472325142299535j),(0.00020891386491922885-5.577016247831745e-05j),(-3.1836319666461595e-11+1.970606247715379e-11j),(-1.1709322666836895e-11+6.726019714219583e-12j),(4.142010921122429e-07+2.330802114489554e-07j),(0.060870946460027275+0.00043181460357637896j),(-2.682038324770178e-07+1.9292926892250436e-05j),(0.2774068863947086+0.0008113410029216561j),(-2.092341447774773e-06-8.170974424557336e-08j),(0.008649656584697928+2.8449578450517356e-05j),(0.24851810304009692-0.004435778572154908j),(0.05792797020623662-0.002702607659302923j),(-0.008695970130016498-0.00402007674112044j),(-0.010650228652091398+0.0014730725316431446j),(-2.510120550879009e-11+1.66436577555971e-11j),(-0.010593032833430521+0.001448294014530423j),(-0.04348447913781642-0.0019581032751945122j),(-0.27926651384685824+0.00592219923525103j),(-2.6044256928594966e-07+1.7580743377928934e-05j),(-0.12947972324286575-0.004094216107123967j),(0.0014137398840870716-0.00012056222216010959j),(0.027098983870450597-0.014394531516721008j),(-0.12782521260052437+0.015067284557768706j),(2.5396703913061985e-06+1.7519403088374634e-06j),(-0.023906985346506114-0.0012840003934093311j),(1.0286201947212326e-06-4.0793921809510767e-07j),(0.23197230986656742-0.00737084697464202j),(-0.012995366666827508-0.00708090438908324j),(-2.5328034289572695e-06-1.6304616230118628e-06j),(-0.14919652463380623-0.009526531435608401j),(-0.11108169322282582-0.007816983683410432j),(-0.003049340706551645+0.0011178717382946649j),(-0.1632003898322079-0.01279558616508393j),(-0.012500273561922693-0.0021369193331062988j),(0.0010380834961437185+0.0036670542275493395j),(0.22347180957526513-0.02281443704923635j),(-0.00019001317735647927+0.0030390840756527376j),(0.002418132613172648+0.004022505858505307j),(-0.00014489162338616958-0.003325817140998109j),(-0.0004162902154235071+0.0018491272381091755j),(0.0032034905986482597+0.0016317321977901587j),(0.004252753918022111+0.002191250745697523j),(-0.04645596362608699+0.00253704796443353j),(0.15071747829156976+0.0097767599046511j),(-0.18553186944502514-0.006803956333856304j),(-0.1356805655229208-0.0073272158818653566j),(0.01731082204862845-0.02054909073822861j),(-0.043490887948277816-0.003954675971802241j),(-0.0012765431254421937-0.004154580911166594j),(0.0255401335236127+0.007322635595296365j),(-0.010360825953675124-0.0013890256964417208j),(0.021320754973192337-0.0001383270929410632j),(0.001970930552472297-0.007621382297670358j),(-0.0233106292583315+0.0006408729055444452j),(7.631401822735511e-17+1.7859029870189355e-18j),(0.0011943961060727126-0.007830820931520955j),(-0.010201581206307011-0.0059925762765914775j),(-0.005957625991241616+0.004465381159821223j),(0.003494152094489743-0.002465442860255509j),(-0.014291599631071844-0.0025121137221395576j),(-0.017921268723734556+0.010225890197333533j),(0.00831158801687361+0.0019671620386259056j),(0.024292341364000443-0.01145923863581991j),(-0.004529383182205167+0.0004907824350295019j),(0.009131908405146667+0.0012241339026762147j),(-0.006188054869400005+0.0014045984027126605j)
55,(-7.361952858953817e-25+5.143266618258516e-26j),(3.577662946974008e-24-2.4546671273937506e-25j),(-5.678229102439375e-35+2.8554711268238935e-34j),(2.3158956335998396e-34-1.1402720218433126e-33j),(-4.787069491304538e-31+2.9457644656266443e-30j),(1.204362961349674e-07+2.2521793278555836e-09j),(1.7043899435907982e-23-7.810737750599156e-24j),(-5.107460232686935e-07-5.468631453454449e-10j),(-3.366017517486458e-07+5.865601684311317e-09j),(-6.479883836882702e-22-7.351401213361342e-21j),(-1.6840198569682563e-20-7.084148345106276e-21j),(-0.008024996102007246-0.00012348475987070443j),(0.1336547826130317+0.0023834790560589222j),(1.1382313230063354e-11-6.874480966793666e-13j),(-0.5683513944708085-2.219679302065125e-05j),(0.03454030087042877-7.5110781338995e-05j),(-4.3384460337881566e-11+3.668996607791474e-12j),(1.5652528035712136e-08-4.2958347386076355e-08j),(-7.28150911864416e-07+2.1292137163967155e-07j),(-0.002805045139135466-4.987185603894486e-05j),(0.01194212522396176+6.173555220982786e-06j),(5.111985819529507e-09-1.1151966733832652e-09j),(-2.7343554322238545e-07+1.7157152077759425e-07j),(-0.38097983069851965+0.008988514670556037j),(0.02042351100470313-0.0003467600658151001j),(8.234675383217033e-07-3.4201020203034417e-06j),(0.0009077938448020955+0.0003938858480612309j),(-2.2682351697770492e-07-9.767763932343951e-08j),(3.250422297197591e-07+3.976266963254585e-08j),(-0.0014721010793232766-0.0004317384191943653j),(0.00017324862069621912-7.800059173801117e-05j),(-9.649561366196163e-12+6.709482318025719e-12j),(1.8772949734060374e-11-9.56381263663894e-12j),(1.1805960333909164e-07+7.396841687367621e-08j),(0.017228527750965922+0.0006252388944777212j),(-2.891311139500137e-06+8.080931802252002e-06j),(0.09095830929523371+0.0006167262796548181j),(-2.582651259605332e-06+4.947187434235595e-07j),(0.0080441840994149-0.00015233876986466954j),(-0.37593813779208957+0.001478870048440939j),(-0.07804065764834013-0.0012309749138218456j),(-0.01809082856400099-0.005361900804670612j),(-0.0035995995036871785+0.000865451364888842j),(-1.8233273534928875e-11+5.479552265365245e-12j),(0.016390285377082967-0.0013405756282319345j),(-0.04497982842121129+0.0002896507540895779j),(-0.2576309027199868+0.010129805826808197j),(-2.8223147107499184e-06-1.255128203791314e-05j),(0.10107165207319325-0.005823250608770765j),(-3.660418956560577e-05+0.00023033472934077376j),(0.024429402496456608-0.011459372059388385j),(-0.12750475156991434+0.003965486702335604j),(2.414230647513646e-07-6.698445931333209e-07j),(-0.0036151105219066324+0.000363849333812044j),(-2.6152940317284215e-06+1.0652857633515304e-06j),(-0.038790329797159934+0.02019293254058406j),(0.027203739984783742+0.0015719333003688923j),(3.13456269433405e-06-1.506861330520495e-06j),(0.3043997251421683+0.006457613455346178j),(0.15036804794852698+0.027856241663993857j),(-0.0023917830762950907-0.004074109193339536j),(-0.13273625575795642-0.004391086997557579j),(-0.011041450551383423-0.0013505130055474026j),(0.0010928839557616439+0.0031172030980383897j),(0.1917425567460485-0.026168839126093316j),(-0.00040467217441534937+0.002370169069294511j),(0.002168638142269183+0.004880515887065411j),(0.003688275680156443-0.002701583286196638j),(0.0019680526479642206-0.0001481336648925916j),(0.00011255317618456904+2.680666726673869e-05j),(-0.003991773052925045-0.0027818009230406405j),(-0.013620867915803463+0.002852083561624169j),(0.16264881038075718+0.016395932991321013j),(-0.024883649677296206-0.00360340403584968j),(0.2291381461558021+0.005640617196336052j),(0.004062946396812377-0.011643025925769865j),(-0.019245832520345466+0.005698201198971552j),(0.0009978174750755013-0.00239673653308685j),(0.009325856610709981+0.0012719341343754042j),(-0.016553776121068085+0.0010692219372046173j),(-0.03100943280794366-0.004369020076747264j),(-0.008039175319648269+0.0033885063858656024j),(0.013715863781855624+0.00498768317171165j),(-1.0345860652194514e-16-6.926289269323834e-17j),(-0.0010588187307687567-0.00790317633114649j),(-0.0037264472711626964-0.004067905102149684j),(-0.005513005644999088+0.003574214732445892j),(-0.025928338447985623-0.0023209115269941898j),(0.021735564386100602-0.004804908982452525j),(-0.006726537058402249+0.01645061759951006j),(-0.0046265313688916435-0.003595666086713849j),(0.0403483706433805-0.007344963243536166j),(-0.027812689728589537+0.0029847432104301626j),(-0.010914683738211728+0.0027108916271051005j),(-0.006396745242826882-0.0012204467101526542j)
56,(-7.266413470222016e-27+6.336292343262416e-28j),(2.3619546846689023e-27-2.466722267306333e-28j),(1.8164252561207588e-37+2.9141152829769636e-36j),(-9.810118668196089e-37-1.0968155727809084e-35j),(5.3578704986045904e-33+2.8283028051129475e-32j),(1.1998334452722433e-09+1.7679094579982072e-12j),(2.5160141711877153e-26+6.272362265982073e-26j),(-3.409018303467102e-10+1.1781981062451073e-11j),(9.323113487767091e-10+2.771919973448902e-12j),(-6.079099607812393e-22-2.6132152274532428e-21j),(-7.095308058037201e-21-2.149134428386516e-21j),(-0.032815259343095385+7.075833870687394e-06j),(0.03594289751025329+8.616833231058288e-06j),(3.760045531643204e-12-4.3683757542574033e-13j),(-0.010186647986807275+0.00036773900408653337j),(0.009938449524319196-0.0003441528046609103j),(-1.156630118922365e-12-6.80653425582292e-14j),(1.0260131557472751e-07-1.3855189682704563e-08j),(-6.030012158750066e-08+1.8787310808099674e-09j),(-0.0018346289653606114+7.661319620350755e-08j),(0.0005226078643660406-1.8921573523400643e-05j),(4.327094323591339e-09-6.65197347011366e-11j),(-2.8720986707121587e-07+1.4671436033185804e-07j),(0.028001708018180048-2.9225055752030507e-06j),(-0.02611353002744595+0.0001257918867965547j),(2.117998120396032e-07-7.239535408766534e-07j),(0.0011470911563905882+0.0008032103945473905j),(-2.934773124261386e-07-2.542946322798833e-07j),(4.611113378399551e-08-3.1617502445904297e-09j),(-0.0001419274386156119-6.833780589086455e-05j),(2.3985693458532027e-05+6.0945093864102655e-05j),(-3.655947355043814e-11+1.8193737627753887e-11j),(5.0973321589372375e-12-1.6202603362297244e-12j),(4.4740708058295063e-07+2.40732276628839e-07j),(0.15637785861971393+0.00032671668926795294j),(-2.6448824423773493e-07+1.9687017738021873e-05j),(0.2669879872718628-0.0023449739254202823j),(-7.3154205082091965e-06+5.265480634471685e-06j),(-0.0014279691761175807+4.6902845357735885e-05j),(-0.07396751417960933+0.0036010008693503834j),(-0.0457993549800863-0.0005855443296232258j),(-0.06920938138495702+0.02541099054626854j),(0.6138212497817058+0j),(1.4197736694941712e-11-7.382685312653736e-12j),(-0.1782329633793186+0.005508631164520383j),(0.1241452087081871+0.0008179184014662222j),(0.22730336993142808-0.007166237106701626j),(5.01507177761004e-07-2.3839686564587333e-06j),(0.015916180812826843+0.0029812034113304315j),(-0.0008646876784336861-1.9072932771478407e-05j),(0.47194844142821213+0j),(0.14454991135877737-0.04452418716658028j),(-1.6961140872408436e-06-7.295515885763431e-07j),(0.015891838909937162+0.0004073634711846845j),(1.310226190694088e-06+5.32541840389999e-08j),(-0.12262952109467204-0.010137268914344771j),(-0.007065639708414933+0.003387844744964814j),(-2.658013577382202e-06-6.184333469821768e-07j),(-0.08978115658560125-0.005320310397591156j),(0.04901385997086348+0.005634701602700923j),(0.00019041380267099294-0.0017023744786290064j),(-0.09206424900872659-0.0026989224018797104j),(-0.0063764761438375875-0.0004677999511494015j),(0.0006501020053694758+0.0017463289366289464j),(0.08441403051453453-0.0034227267008935074j),(-0.00020210871983636803+0.0009229076586638263j),(0.0020282033435241147+0.0013511032167197417j),(0.0003222725568501002-0.0015052621580449598j),(-0.0003824263197545145+0.006858510724397484j),(0.0011321436184871065-0.010056117466507941j),(0.0007438455863573998+0.0020372613061914345j),(-0.1634782932531625+0.009538944923316278j),(0.13165002078363824+0.017852249630940994j),(0.19654693939454437+0.0064743142170345935j),(-0.09041122715691641-0.004342411499099317j),(-0.018051322487664157-0.011078606338519724j),(-0.03025180747134113+0.013597857957905746j),(-0.010303184210140223-0.0037251656145514817j),(-0.027955132894589955-0.0055175199860259296j),(0.05546574791652333+0.009783010574047018j),(0.00541004634308303+0.001830332428534265j),(0.006809596275992311+0.01653352612432204j),(0.05336533893297468-0.006974236174519731j),(-6.037546715292106e-16-8.710733020360326e-18j),(-0.0035354930147985667-0.011758052508538484j),(0.0014403936759198545-0.004797294574574886j),(0.021163324260246818+0.003462052206353877j),(0.026317565275737028+0.01020341970761205j),(0.011002962122391973-0.017878240935921306j),(-0.008967432297458139+0.028021626247799306j),(-0.018781319551688998+0.0002550184049895845j),(0.1441637912265735-0.007427864547508281j),(0.04021448998275412-0.005805842303003118j),(-0.006718528472714984-0.005150797841923507j),(0.008968618357374234+0.002129785959139885j)
57,(5.723948616865695e-27-4.7132599489939105e-28j),(5.766327693866991e-27-4.824510510205461e-28j),(-2.1016702114396425e-37-1.8137796014930688e-36j),(1.0387591590106389e-36+7.866809967833566e-36j),(-2.5964764663913407e-33-1.7029231858670077e-32j),(-9.447288701083218e-10-5.949305730263294e-12j),(-5.991741858542743e-26+1.0150876218807883e-25j),(-8.305330705496555e-10+1.1540133152149055e-11j),(8.817257309198098e-10+5.648535947287097e-12j),(4.760418545613162e-22+2.017848547333353e-21j),(5.484292424548901e-21+1.590297835839622e-21j),(0.026109039992458397+9.914356741609056e-05j),(-0.028291428412720563-0.00014461694669741683j),(-2.927162940248486e-12+2.9871064042264116e-13j),(-0.02498814137386888+0.0003731719060784157j),(0.022463736095007306-0.00033273532558047124j),(-3.250030045207475e-12+4.2624764010955023e-13j),(-6.870604669080865e-08+1.3873421530567197e-08j),(-8.222461105744621e-08+8.861844149376775e-09j),(0.0014452101448162202+6.839379251246855e-06j),(0.0012773270884859603-1.9931071700168642e-05j),(-3.514136167008575e-09+1.4426217567648965e-10j),(2.3784564843024193e-07-1.2611893232260045e-07j),(0.027610692381993953-0.00010850414967321625j),(-0.023068255040140085-0.0002027835410682976j),(1.404622071506877e-08-2.484941913191381e-07j),(-0.0008879946766865837-0.0006146724413873913j),(2.0506155557228088e-07+1.9427161717707088e-07j),(8.199422611241486e-08+3.2043520086646075e-08j),(-0.0002713878739656601-0.00010317665217796489j),(-4.4214692370108167e-05-2.5674531321237328e-05j),(2.8334559415489092e-11-1.37863908727627e-11j),(1.0389289090517068e-11-4.9023037131179285e-12j),(-3.5469040899533524e-07-1.9409189122286254e-07j),(-0.1316869930989787-0.0005750992309484365j),(-1.7099365696815175e-06-1.4597374474976137e-05j),(-0.2050789345131102-0.00036390901226075745j),(5.24982053419029e-06-3.4876227527607222e-06j),(-0.0014354823587174384-1.930481491305223e-05j),(-0.18804693645345288+0.004042349369871759j),(-0.11270620115970342+0.0024960343438712174j),(0.04412870555643767-0.018381067924066994j),(-0.48525296816403785-0.0017906685512343937j),(6.894289951219828e-12+6.919151997474864e-13j),(-0.42803896123136714+0.00504270781647051j),(0.09600842332594385-0.0036050588913808315j),(0.2165147889405159-0.006137739780592885j),(-5.955717552337558e-06+1.865901486247569e-05j),(-0.11982745905682018-0.003962427843572702j),(0.0007097998763642033+3.932665317226444e-05j),(0.4611969134954642-0.014968450895600588j),(-0.08182378673416571-0.014622059699004725j),(4.2178280523721043e-07+5.831599590093339e-07j),(-0.009252045199999547-3.0765598784814085e-05j),(1.360294968253423e-07-1.5036710676009552e-07j),(0.054672621452093596-0.004473633906236358j),(-0.006107024858542169-0.0013664401180637476j),(-3.402444229201576e-06-1.1519088403713801e-06j),(-0.041925169339403545+0.005703014175090431j),(-0.20537032252970955-0.001127656984425296j),(-0.003199837600157831+0.003149317574448736j),(-0.1350237311013509-0.01157171484109759j),(-0.008355769618538863-0.0010461502659573421j),(0.000686661203415714+0.0024175763621428347j),(0.1416749227348498-0.014642420458441094j),(-0.00018881063176063315+0.0019071257958129533j),(0.0013602481997004555+0.002824561477905819j),(0.0007086789498765799-0.0019791271502947226j),(0.0010166417117608362-0.0009635231750754008j),(0.000499341679995478+0.00411710358635157j),(0.0012149278572850435+0.00345185695101912j),(0.015797275389019087+0.004506845929018112j),(0.1258093477805563+0.013187896432239079j),(-0.17477073485051048-0.007867133861412023j),(-0.12557299215594003-0.007889736430795692j),(-0.009842451677938971+0.0209509280728869j),(0.05286105132435771-0.00045719938450366994j),(-0.001304156444063544-0.004222004145427685j),(0.026130300106178953+0.0075144570907806725j),(-0.017389516845345027-0.006400032990715446j),(0.021902045897543614-0.00018935890511724823j),(0.005257840944582638-0.014192018793918838j),(-0.048424041186890504-0.000645826472923234j),(6.356070347150381e-17-7.955558569155538e-17j),(0.0012114863550177907-0.01193102900145362j),(-0.011971333498474783-0.007552230867926802j),(-0.006095180032038519+0.00532926228787567j),(0.0065849004024304564-0.005665557414384291j),(-0.018031204082378828-0.01227913791266978j),(-0.029272555621461086+0.021162622708862693j),(0.016328096041751693+0.0023419519124315905j),(0.13163310189337565-0.00828003122758346j),(-0.005796343481921214+0.0010741681083944478j),(0.016564539230000546+0.0006694102242420352j),(0.006084410446426612+0.00300384964004485j)
58,(1.8102637118586896e-27-1.2591167207793983e-28j),(-8.787481938554653e-27+6.003135657948388e-28j),(-1.6426254800928057e-37-6.391847330339761e-37j),(1.0415562625939065e-36+2.84827924836385e-36j),(-2.131514349327846e-33-6.3226880673784e-33j),(-2.984537186372e-10-5.672388713750925e-12j),(-5.226755673206995e-26-9.671010781736886e-26j),(1.2645644644474075e-09+1.7039162632528827e-12j),(8.24261708986846e-10-1.1908076987879073e-11j),(7.184343751038714e-23+7.035029118108597e-22j),(1.85723016259376e-21+7.092124161567469e-22j),(0.007910112788762663+0.00016734308005249407j),(-0.008958308964579827-0.00015931295658532874j),(-1.1309687878590621e-12+8.075706770557429e-14j),(0.03797877288871334+9.257906402281718e-06j),(-0.03494629615006178+1.393523142307826e-06j),(4.783133773397081e-12-3.200937896275714e-13j),(-1.696719134313792e-08+5.296769574096641e-09j),(1.325359494032495e-07-2.783163417915405e-08j),(0.0004557459301843394+7.915978648480459e-06j),(-0.0019436409846624648-1.7517007937340264e-07j),(-1.2646683418732704e-09+9.315019364816894e-11j),(7.506304140178957e-08-3.910375834932107e-08j),(0.025592667906435336-0.0006064593738693211j),(-0.02359866965714829+0.0006027503695009455j),(-2.692591409035424e-07+1.0719457524773264e-06j),(-0.00031958507180376654-0.000223189533167278j),(1.0076635341000576e-07+7.222199551040154e-08j),(-1.3786497476230473e-07-3.3265123775759906e-08j),(0.0004470964178218863+0.00019285711121136298j),(-3.16771150591815e-05-8.222342958631275e-06j),(9.720409119977242e-12-4.6940271433827105e-12j),(-1.693273429683571e-11+6.636807404423296e-12j),(-1.0946050692170063e-07-5.962906888611906e-08j),(-0.033529158065139196-0.0012396697339576747j),(1.3021786868201142e-06-6.303394097532633e-06j),(-0.07112093004246042+0.0007031897159188276j),(3.5815326174780294e-06-2.3537434922923642e-06j),(-0.0013241161275546892+1.2321641490345252e-05j),(0.2837561503091653-0.0021165713686647214j),(0.16711426427878948+0.0009638590394508602j),(0.03866375712440597-0.005258839779449905j),(-0.15254401427165934-0.004184052909447336j),(2.0341624570404743e-11-1.560115969274102e-11j),(0.650669687517719+0j),(0.11830615353934422+0.0029098735175825882j),(0.19948890711691938-0.010784982607307425j),(-6.00274364401183e-06-9.231311318677716e-06j),(0.08829685981075949-0.006553933862169181j),(-0.00012473368685090574+0.00020965632917317682j),(0.436590823453884-0.022919406766348183j),(-0.10407914760130603-0.020789340334602256j),(-1.2219126852234373e-07-4.893497278281236e-07j),(-0.000672601392217125+0.00023086595610655972j),(-9.75641447530912e-07+5.932326538524175e-07j),(-0.044609800927753636+0.012091333175539138j),(0.015791103542299116+0.001309808740602732j),(1.9595379299011677e-07-9.988016358431884e-07j),(0.15215488216959552+0.0038244118070366734j),(0.07336020879729327+0.01641425969811476j),(-0.0013581854729856914-0.002186148307556855j),(-0.08579158292210827-0.0020601835865300174j),(-0.004759950850747104-0.0004890948042489726j),(0.0004021566638098192+0.0014073673267883209j),(0.0870363911366689-0.01000835214794785j),(-2.9851358431850616e-05+0.0011916376425244561j),(0.0005373449601731691+0.0016579731490901845j),(2.720006290982775e-05-0.0012043058241979778j),(-0.0012436506804391592-0.0033268574498888904j),(0.0007630293298993014+0.001653612620132733j),(-0.00033513757505007104-0.006667840747669757j),(0.07697610476365152-0.007006957820159941j),(0.139281725502881+0.019574231245687437j),(-0.023376591455188823-0.0035938433509874624j),(0.21727691155638915+0.006899822223452239j),(0.05744844408294969-0.05671816749303709j),(-0.13111835331246394-0.015247301026688715j),(0.0009852005496413547-0.002444753650352645j),(0.009562230415254263+0.00130985932682717j),(-0.026602436505208993+0.0033942957643649874j),(-0.031616384718656486-0.0044577760115116225j),(-0.02044681259431986+0.009968786541459263j),(0.03967016481143545+0.013115620765307943j),(2.669955581882058e-16-7.988642121108636e-17j),(-0.0014214055099269233-0.011309705392171063j),(-0.0047207777960876504-0.005131764362194806j),(-0.005591681609333745+0.004235765640901135j),(-0.043795667167788085-0.004150553717550364j),(0.027142789579783687-0.012596443056501472j),(-0.013756970881363618+0.026871360605087633j),(-0.006742163925004536-0.00819898141287836j),(0.12677629399607668-0.007696245014946437j),(-0.03745933704661376+0.00418594069238043j),(-0.013516405984988576+0.0024662659499693484j),(0.0015652825815412645-0.002074070961376657j)
59,(-5.333447515136518e-26+4.650616986879356e-27j),(1.7336236311257077e-26-1.8105074990709673e-27j),(-4.0262504711419293e-36+1.641977428952112e-35j),(1.0633096043869686e-35-6.112072468318461e-35j),(-5.315375795343762e-32+1.341229279942159e-31j),(8.807809942898267e-09+1.2999800220273436e-11j),(1.5597571961496516e-25+5.718488710818849e-25j),(-2.5024996477433445e-09+8.648828448251249e-11j),(6.847774800952506e-09+1.9072584809161837e-11j),(2.831355022259082e-20-5.456593959966027e-20j),(-6.250184884890993e-20-2.180901089297824e-20j),(-0.030873989718020536+0.0001118536347595742j),(0.5463264621665042+0j),(1.3802555780906192e-10-1.1481684653227992e-11j),(-0.15543382149656068+0.005647003409585211j),(0.008699162832173205-0.0003261674478044203j),(-1.6434162797907916e-12+1.843230560282683e-11j),(-4.159942237910323e-06+8.060211422102544e-07j),(1.8035642068329944e-06-5.00966421678315e-07j),(0.0013164174695328972-6.009146449446662e-06j),(-0.00037828505836330915+1.496364328644045e-05j),(-2.8165008909986074e-08+2.949046768157882e-09j),(1.665105396341782e-06-8.89734140653975e-07j),(0.4237600688067951+0j),(-0.020927537845421073-0.0001990091996095021j),(-7.534365867317933e-07+3.0721004425030862e-06j),(-0.004288506114896701-0.001523279112169444j),(7.459805835669809e-07+3.3472653594867633e-07j),(-1.280529870141553e-07+1.9997151549121824e-08j),(0.0007629255032030002+0.00015144411067040368j),(-0.0006702367304192092-0.00014530873255962388j),(3.1565058395514094e-11-2.3703419975517098e-11j),(-4.15579111411695e-12+2.6403404204719405e-12j),(-3.859784804968148e-07-2.476567676751463e-07j),(-0.07706617259928333-0.00036376765406918865j),(1.7962136045631864e-05-1.7237954416921388e-05j),(-0.3172130252684925+0.0012926369052901066j),(-2.447047277473411e-06+2.223824336053298e-06j),(0.001105325742556506-7.949647625336853e-05j),(0.08939168655231974-0.003679676075819288j),(0.016547062590914204+0.001991870057845368j),(-0.028255784789511712+0.0011249927035344217j),(-0.07343310830733563+0.0002408175567388802j),(-2.122367987095669e-11+1.0408281116295475e-11j),(0.02114205629270667-0.0001306805153489278j),(-0.053093265370110165-0.0007487738834491969j),(-0.24528550968390683+0.003462980812278929j),(6.3025502087783354e-06-8.830797235926337e-06j),(0.041118610876119684+0.008413083831293251j),(-0.0013708886737249073-6.0433854972916394e-05j),(-0.04701888838203429+0.0103459759079467j),(0.24459627255488506-0.03290182867265648j),(-3.045117572947392e-06-1.2362540648207842e-06j),(0.027441091878703066+0.001176043918270409j),(2.6683832435088017e-06+3.274135772895244e-09j),(-0.21725895481782992-0.01947231240807082j),(-0.013852520462213809+0.006202482632390801j),(-5.427513939361469e-06-7.874649826684175e-07j),(-0.18121895208606392-0.006334596692127922j),(0.09629397462133574+0.006237407072853182j),(0.0022853383435927992-0.002871325276700084j),(-0.1426423668846851-0.0016188934132683654j),(-0.009406626017671754-0.001987817000818171j),(0.0009349549214907849+0.0028969427041098572j),(0.21712479597054563-0.024591596240623473j),(-0.0003816976374254096+0.0028952059453243506j),(0.0017981006550956806+0.005119582829311475j),(0.0021454531773806634-0.0031520128774653964j),(-7.586609641751623e-05-0.001496504928885163j),(-0.0039190984571405825-0.007296736956421811j),(0.0013229950715617804+0.0017487391167799332j),(0.0036807073226579417+0.011778533249786404j),(0.16295878596852548+0.013903639262086362j),(0.20787936994039152+0.005147387214469862j),(-0.09875573293140517-0.003924896650710762j),(-0.008274160135557738-0.004499892407042379j),(-0.012169554872471325+0.007662790545482067j),(-0.011176844426953526-0.003790379606395667j),(-0.028173957084382972-0.005619573604265883j),(0.031176931692582514+0.004239163783940158j),(0.00531692732749148+0.0018831543192061088j),(0.007547679207509615+0.008389958387640117j),(0.02963089089131509-0.007059596542878445j),(-6.299113752559031e-16-1.5496312044680878e-17j),(-0.007134814246919681-0.007034567971739802j),(7.401506752192845e-05-0.003162213887830288j),(0.02202379919276997+0.0024694178747236353j),(0.022144340360219904+0.00803354757932978j),(0.006839515484796976-0.00823078165312499j),(0.00659857893667983+0.015795510636474254j),(-0.014604824726439578+0.002402586410642597j),(0.03635468043547126-0.011160740411605023j),(0.034331150423822315-0.005374524301761887j),(-0.006718924413906082-0.0033376636113567433j),(-0.0011015203664052654+0.0015196671703121523j)
60,(4.201312240875e-26-3.459323621555225e-27j),(4.2323439691583534e-26-3.540949837596717e-27j),(4.503619975026636e-36-1.4992876213673112e-35j),(-1.1308824046807172e-35+5.818849780486673e-35j),(2.877576452720661e-32-1.4406726321479881e-31j),(-6.9351435207827756e-09-4.369843268373952e-11j),(9.879134808317561e-26-1.2271317140974476e-24j),(-6.0967588038485306e-09+8.469767581744305e-11j),(6.469118063870216e-09+4.247133925536305e-11j),(-2.2037205733997472e-20+4.2129033960242606e-20j),(4.732278502318649e-20+1.4651442050484694e-20j),(0.02434710404604408+2.3462955401066122e-05j),(-0.4303468922557566-0.0020752919649169588j),(-1.0700696874405463e-10+8.051450025627617e-12j),(-0.3796643862169531+0.0057408311296535675j),(0.02174761971227164-0.0003936488105770776j),(-1.4999512456407586e-10-8.004516799893327e-12j),(3.3619927700411243e-06-5.662528573025584e-07j),(3.7979385762954407e-06-9.107693291734063e-07j),(-0.001037252806005869-5.355778132771995e-07j),(-0.0009214869302263647+1.891887860669803e-05j),(1.8239347502436472e-08-4.548237843426835e-10j),(-1.161203785748362e-06+5.681826412147245e-07j),(0.4157591210321762-0.0013027888548572536j),(-0.02093265833453513-4.1456895028463715e-05j),(-4.4122161694548196e-07+2.273947842218232e-06j),(0.0028759210739893026+0.001067927432167809j),(-4.473414354765714e-07-2.403343541054076e-07j),(-2.730666284163319e-07-3.5257931609185816e-08j),(0.0015170817600426395+0.00024705849540922393j),(-0.00040932474040156094+4.286433199615821e-05j),(-2.642138814055618e-11+1.8068216865743947e-11j),(-9.573945903079314e-12+6.155463645514683e-12j),(3.704939415953649e-07+1.9279461411665984e-07j),(0.06261972857488693+0.0003745410851493901j),(6.734432504751941e-06+1.9741968497110305e-05j),(0.24610582639118167+0.0005528427315468626j),(-1.4293499541674455e-06-2.75337548977078e-07j),(0.0010964552924689727+1.078282228573319e-05j),(0.22104155228344596-0.004195722404794974j),(0.058353413039731766-0.002484135019900166j),(-0.004677630823944186-0.0014735012786455072j),(0.057292621803616064+0.001247004063788203j),(-2.721871896732501e-11+1.8860829361251856e-11j),(0.04906659339150861+0.0006408141599975638j),(-0.04386597246102537-0.0012319810477721769j),(-0.2525883213690426+0.006535307579905267j),(-1.6678933961215127e-06+2.1276141896252104e-05j),(-0.15331644428398689-0.0037149859920053985j),(0.0015236573035520957-0.00010093978250937552j),(-0.03776998324846846-0.014011703830066459j),(-0.14437056441490237+0.020747789783491635j),(2.4891107236834976e-06+1.791340957171643e-06j),(-0.02457799254155372-0.0011550902156073424j),(1.1960098684095907e-06-3.8616638387422803e-07j),(0.23124705194453493-0.007569378697618284j),(-0.01389920710752441-0.00706073536850849j),(-2.967335925656509e-06-1.729011852421992e-06j),(-0.15955327305720032-0.010180869736516385j),(-0.09613367528668947-0.008052597550622966j),(-0.003149974737371026+0.0007224874850993783j),(-0.1738886968815183-0.011554330256634857j),(-0.012508292757834083-0.0019054762491361624j),(0.0010624037815563207+0.0036518853139292564j),(0.22246169266591648-0.023192093235350132j),(-0.0002509160453515382+0.0030139736270916075j),(0.0022206301595225106+0.004173518568880285j),(0.0004847153478973819-0.0031202229537962475j),(0.0007683461140269865+0.002456473424048135j),(0.0030462447353402345+0.0026392295085933717j),(0.0038809583658929625+0.002907413471593816j),(-0.055206270198839995+0.0019170558616497975j),(0.15774845088510261+0.00888158219211136j),(-0.1886028571774872-0.006564499366213533j),(-0.13868112230676954-0.007199264316376575j),(0.025274410771572685-0.026800293965692196j),(-0.055925728984460216-0.006434010322380898j),(-0.001979342574400182-0.004325988410119651j),(0.026610945561929767+0.007330046006786615j),(-0.01086704502284195-0.0020667977799880433j),(0.021941447649887254-0.0002225063675203834j),(0.0027678395212516037-0.00931738557527745j),(-0.029004343582135782+0.0006988930807547021j),(9.404472915689372e-17-7.114398438295868e-17j),(-0.002612958848168896-0.006851119740581824j),(-0.012739893880660658-0.00554982401706658j),(-0.004648379187080157+0.004456963738837029j),(0.004902386714912629-0.0031280593810569498j),(-0.017906088588639152-0.001826448088160972j),(-0.010933010277823113+0.008793822023895028j),(0.010196308968823928+0.0023477769996980086j),(0.012319595729537417-0.013288432751756885j),(-0.004599827379829305+0.000487107594924313j),(0.01083104531878308+0.0013275939624028798j),(-0.005528943202325486+0.0017111290360890359j)
61,(1.3287102238002563e-26-9.241700937899662e-28j),(-6.449811847033193e-26+4.405998790481945e-27j),(1.0662438736346392e-36-3.9265890801865735e-36j),(-5.422671977656999e-36+1.6687717449280831e-35j),(1.3354406211890006e-32-3.584090488717257e-32j),(-2.1909100523824033e-09-4.1641097992204674e-11j),(-1.7008408833151292e-26-1.437562630306112e-25j),(9.282913725956992e-09+1.2529166844105352e-11j),(6.048544030945778e-09-8.666904981218221e-11j),(-8.372660411255482e-21+1.4249435604868457e-20j),(1.7343469700248276e-20+8.713320311530743e-21j),(0.007648930970311894+0.00011407745563006165j),(-0.135852347789154-0.002411216245658203j),(-3.775947577520269e-11+2.2361617237062025e-12j),(0.5777162845767994+0j),(-0.03286992755839612+7.80338209693792e-05j),(1.6331128451614366e-10-8.626360774828435e-12j),(1.1911331747008228e-06-1.5909052807805963e-07j),(-6.341341714410463e-06+1.1234253447787724e-06j),(-0.0003285004480534651-5.220857825267465e-06j),(0.0014043815344349797-5.553881564999949e-06j),(5.725443241244313e-09+3.471357294000241e-10j),(-2.7941315848016583e-07+9.712307216900818e-08j),(0.38726441363882763-0.00913422639488623j),(-0.019189354143944327+0.0002912516216048303j),(1.305759622086827e-06-5.272612160377051e-06j),(0.0010039613807111786+0.00042933630033021474j),(-2.506899512736906e-07-9.026856864674599e-08j),(4.138151248120606e-07+2.5653930636203062e-08j),(-0.0023242170595348206-0.00046278889114683867j),(-0.0003985857023657915+2.7908325915974592e-05j),(-8.17598572501438e-12+6.280517864866877e-12j),(1.555089211092468e-11-8.757562834026205e-12j),(1.1866461300813313e-07+5.693641738084781e-08j),(0.017382676609296863+0.0006190347009544569j),(3.8805586158156284e-06+9.530694816378754e-06j),(0.08105541011555292+0.00041115623491137787j),(-2.4417306217962917e-06+3.1575112519626797e-07j),(0.0010094972176646032-2.3049941895009717e-05j),(-0.33443375286999766+0.0016264374313061103j),(-0.08010703087509545-0.0010735888651076404j),(-0.014279876049944372-0.0042225854210931005j),(0.017863133112113638+0.001063164106840673j),(-1.4434467096308328e-11+2.497168039076155e-12j),(-0.07463479903937008-0.0013358374099407128j),(-0.049319652834901126-3.584086247989185e-05j),(-0.23200304353258033+0.010140425795947497j),(-3.814165178612937e-06-1.4884034819211332e-05j),(0.12099185480283339-0.006583766213322649j),(-3.4151306622574315e-05+0.0002594475844125987j),(-0.03595532766792968-0.009886380492545036j),(-0.14909464192789196+0.008221012119480606j),(1.812033199145297e-07-7.173333197125179e-07j),(-0.003534591466975959+0.0005146643830722751j),(-2.466576934094558e-06+1.0903639250901007e-06j),(-0.04626751577992613+0.020568109693921758j),(0.028040184253380958+0.0017168401665735907j),(2.605833741962588e-06-1.6295518767716273e-06j),(0.30325831014060717+0.00671149297502957j),(0.15577072612644172+0.027980361919986707j),(-0.002572591667883389-0.004273549116008039j),(-0.14476197806416813-0.0032329691478888267j),(-0.011257171542718599-0.0012135606958407897j),(0.0011260264565612654+0.003175653366672482j),(0.19477208961683834-0.027405902785037448j),(-0.00036328445637980023+0.0024393947388213835j),(0.002172231677315537+0.004760445604704549j),(0.0033014393496612958-0.002760961191168527j),(0.0015177525744728927+0.0003114089998641405j),(9.740298493031993e-08+0.00024306175284715935j),(-0.003431542557980355-0.0037613375171990115j),(-0.025263949617153315+0.0037465066437278333j),(0.16950727101416357+0.015585174242251726j),(-0.025197289893224624-0.003648901001090674j),(0.23309816647896944+0.005299383559202009j),(-0.003831255159829965-0.004987411407516824j),(-0.003546824055254885+0.00892209969643885j),(0.0004405723576234382-0.0025083581482584797j),(0.009887385939767767+0.0011597167158013911j),(-0.021752760028885716+0.0014870092021948712j),(-0.03231424335824984-0.00435254142831802j),(-0.010182641607744024+0.004015735070879351j),(0.015799145871598377+0.005897134145846164j),(-1.2775529062770159e-17-2.3886289424106677e-16j),(-0.004699105377521294-0.006954001718593691j),(-0.005815681938948481-0.0035719153355344337j),(-0.0043780441569080866+0.003519133791768497j),(-0.030157111621874406-0.0024466942719409534j),(0.021235532680023435-0.004541307013324754j),(0.0003952231951502884+0.01541539971729137j),(-0.004525999184291047-0.004137723489294211j),(0.03065312002569691-0.008491965345889868j),(-0.03092158392598636+0.0036370640984344123j),(-0.011468509090934657+0.0032049981560274866j),(-0.005962276615126517-0.0013254378744517379j)
62,(1.3755871297277021e-29-1.1956944121030274e-30j),(-4.468794436471832e-30+4.651171579222277e-31j),(-5.125111818577118e-42-4.646543420482994e-39j),(3.955832030553607e-39+1.7184022037261545e-38j),(-4.813561724089524e-36-4.2284336620298477e-35j),(-2.2894779619873682e-12-3.99772266870694e-15j),(-4.439002618886862e-28-1.2644387961795836e-28j),(6.50327781092734e-13-2.2259508216127098e-14j),(-1.837202417636191e-12+1.4117333056923157e-14j),(1.0578880879312776e-20+1.64891075653724e-21j),(5.384983952100962e-20+1.2605040762275976e-20j),(0.5959936452582387+0j),(0.035180345579471785-0.00011784836728246685j),(1.9167257206277573e-13-2.390882303745341e-14j),(-0.010695818191824056+0.0003990934245791883j),(-0.18005226966198512+0.006315807502845175j),(-7.020257876102189e-14+4.327026621862287e-15j),(-5.294376593789837e-11-6.15868189041724e-10j),(-6.642048366458631e-10+2.0065985373141782e-09j),(-1.3195940333842532e-05+1.0888362413112479e-06j),(1.0317037658220366e-05+5.653801662817198e-06j),(-1.6566857350501148e-10-9.740546142088099e-14j),(1.2711186666204623e-08-6.750924672635798e-09j),(0.024465434457419406+0.00016552589585476117j),(0.46758200620021495+0j),(-1.872303633344093e-08+5.2714838769764154e-08j),(-6.87040354382214e-05-0.00010542648147721505j),(1.599601996032933e-08+6.745852245404546e-08j),(-6.9554288533898386e-09-4.888660835138873e-10j),(7.020875577030356e-06+5.818674541229355e-06j),(-2.2283712342294466e-06-5.173469811370519e-06j),(-2.0980128802163353e-12+2.950943336881465e-12j),(4.4404332517508965e-13-4.054274557530799e-13j),(3.627139606913672e-08+2.785931938819441e-08j),(-0.21787839199805029-0.0006869036016822205j),(-1.7867731872714739e-06+1.473108386018737e-06j),(0.04021136187701941+0.0010784150490190832j),(2.431263842123156e-07-3.8471079307120257e-07j),(-5.101453009956183e-06+5.180783051767487e-06j),(-0.014920910492026492+0.0003470101361834196j),(0.08465467095809259-0.0032637176878421055j),(0.0037158229537161826-0.0023360164424328744j),(-0.040558421797368974+0.0005679902353509054j),(3.863707559065381e-12-1.2744658365626383e-12j),(0.015345148833434106+0.0008163518088778058j),(-0.18277653145808082-9.529236679090003e-05j),(0.0259455476087943+0.0011623461830915244j),(-1.2176814900742013e-06+2.554437269299958e-06j),(-0.013419306018250077-0.002209465319542911j),(0.0005416756892955732-1.9921442589666415e-05j),(-0.031782505429179694-0.003918654814834532j),(-0.08374871280855688+0.015130745181396572j),(1.567780573683761e-06+5.760079549191413e-07j),(-0.011991565659242222-0.0006616608563540469j),(-1.2253603201510984e-06+1.865005739559183e-08j),(0.112022042179794+0.005973658433648027j),(0.005356569723876862-0.0032718056759795887j),(3.4474753396364644e-06+7.168186146753065e-08j),(0.07301206403276425-0.0012503641686165273j),(-0.004329008235037535-0.0038952889686947076j),(-0.0022175711353105143+0.00019015083764179774j),(0.04031037469111734-0.0005665021003879956j),(0.0006518764612752164+0.0017670322624854817j),(2.2612923226251368e-05-0.0006564568570204629j),(-0.14156544269360835+0.025231351985027094j),(0.00021448078816859437-0.0023255820214100045j),(0.002045660033280591-0.004647715612607473j),(-0.002750387050771366+0.0011309737276407575j),(-0.0017845059341829606+0.015015023944028679j),(0.007390274786051217-0.013550414546029364j),(-0.00048446357765902963+0.002404098353291859j),(-0.3218887467928381+0.004301280121257994j),(0.10844718829947375+0.020603865464748475j),(0.18891370567415883+0.007526468977077025j),(-0.08406392179577832-0.004817414682819215j),(-0.03263755375214624-0.012796569084333645j),(-0.04062115460486424+0.019541766924420785j),(-0.010367697709598903-0.003797570124125407j),(-0.028194834999457716-0.005580789779745499j),(0.0876907840588851+0.015432728644068852j),(0.0055910390287063185+0.0018298934053939812j),(0.007033088735620854+0.025951742328601812j),(0.08015312386104718-0.007913884859949965j),(-4.043497840103574e-16+2.8881733107132203e-16j),(-0.004029675404640246-0.0158041229900861j),(0.0006412975698466212-0.0060177852548176j),(0.022574830478681848+0.004360337508480498j),(0.03358595476035067+0.012534794297485812j),(0.012932248370680839-0.028487322509315138j),(-0.017449876227389624+0.040212759503900575j),(-0.023181687447058716-0.001862353487605651j),(0.2547018110431917-0.004549933970925291j),(0.04880787452525227-0.006863511120117623j),(-0.005932760535873023-0.007298391694683164j),(0.02235281136020071+0.003017555972740738j)
63,(-1.0837632387975355e-29+8.89101649025707e-31j),(-1.0906688889047852e-29+9.096378279617615e-31j),(-2.8624282578529904e-40+3.77563552803786e-39j),(9.17253005015144e-40-1.5666088686623026e-38j),(-1.0199921510618148e-36+3.572046443647711e-35j),(1.8029897885918764e-12+1.1894806599238856e-14j),(1.9138745314578834e-28+3.097445953097288e-28j),(1.5837415656956659e-12-2.16175604427722e-14j),(-1.628971590935915e-12-2.6387070139066193e-14j),(-8.441775264003847e-21-1.364506170629133e-21j),(-4.2988142454033936e-20-1.0259250556761714e-20j),(-0.4761249554142721-0.001994611297925601j),(-0.02822581565712067-7.05641538028233e-06j),(-1.3106364629372668e-13+1.9202898831470146e-14j),(-0.02440788534022858+0.00042271591499562847j),(-0.4094904907249655+0.0057340545193144965j),(-1.565372263415315e-13+2.3594818847051458e-14j),(-1.266591751343069e-09-3.803069377414241e-10j),(-1.0615739590272426e-09+1.9150354747534702e-09j),(1.2481182212073813e-05+1.0124324967828204e-06j),(1.2012987257332786e-05+5.165721313807581e-06j),(1.6957030574255332e-10+1.1130579765891107e-11j),(-1.2818603170538735e-08+6.57234242664172e-09j),(0.023112205747640783+0.00012186693617790819j),(0.4432268075879001-0.0008429007768594871j),(8.00483666471053e-09-1.5803364330245034e-09j),(6.589914771548309e-05+9.739957448284047e-05j),(-1.2517330363461703e-08-6.22058466664314e-08j),(-6.004933876114723e-09-6.541981113572438e-09j),(1.4467946915411208e-05+9.31099384140012e-06j),(1.1487663968399555e-06+6.256818781732802e-06j),(3.6316551226735863e-12-2.759821116387979e-12j),(9.892936409075659e-13-8.474070194115777e-13j),(-4.495265785049378e-08-2.0806945789298018e-08j),(0.20922486739486074+0.0006394775239986078j),(1.5397166976718997e-06-1.966377218506774e-06j),(-0.043687214083295844+0.0009604506362975475j),(-2.6445679548409346e-07+3.123297028573167e-07j),(-5.321629712295325e-06-1.5751312131076833e-05j),(-0.032730122526173334+0.00014214035681798382j),(0.1660623535158197-0.0006654656817517424j),(-0.003335815359130434+0.0016782955139697572j),(0.03734190383922128+0.0003457384504462241j),(5.376397579363245e-12-3.193890848506314e-12j),(0.03506815865215402+0.0010251938270125199j),(-0.20179781849573675+0.003591773331238557j),(0.03169416279092699+7.14858016567406e-05j),(4.4638527647088216e-07-5.916831486266602e-06j),(0.04223889592111618+0.0026486502731380528j),(-0.0006702947353595478+9.510774153834352e-05j),(-0.04413912512285868+0.006716488394301785j),(0.05971853757633212-0.005958095530495623j),(-2.098879375035788e-06-1.1884550002754458e-06j),(0.014096449929643116+0.001657827168318848j),(-1.351878862000518e-06+1.7973626451283985e-07j),(-0.1769495454747938-0.0007653341980548983j),(0.007226429720427487+0.006135100366500761j),(-1.4823792206727862e-06+3.2148871920690904e-07j),(0.1295684910912869+0.02369887744490109j),(-0.2165370154942999+0.006080622240150713j),(-0.0010001080271748674+0.004375021991268815j),(0.0014487080907114233-0.0032165070165366756j),(0.0020450001209271085+0.0006030275414676505j),(-0.00019423286202150707-0.0006125180097046042j),(-0.03513222051950046+0.0012508797598700487j),(-8.547403455711356e-05-0.00046258548935201367j),(-0.0009179559454960402+4.4974310493393996e-05j),(0.0016393814459130544+0.0007873684868806112j),(0.002748803544180188-0.004885890648733731j),(-0.00321758660017729+0.007164726854447349j),(-0.0028212711442808236+0.00452500565067075j),(0.10474035962741161+0.005028890568525124j),(0.10122528669559454+0.016216511595763386j),(-0.16324348152806345-0.009054292827146815j),(-0.11496197924938285-0.008547175939207289j),(-0.04521788074521926+0.07618644393613488j),(0.17969147482391995+0.002887473535972331j),(-0.00133023116186694-0.004294518262434004j),(0.02677043585904605+0.0077291137059102176j),(-0.026053918307043972-0.01269106273938032j),(0.022536693101833257-0.00023698274939505486j),(0.009157346287306117-0.02219494184348203j),(-0.07914892251251691-0.0020344964442755202j),(2.6716471382809834e-16+2.0153817937151296e-17j),(0.001255750577144079-0.01647719188080842j),(-0.013908861257323234-0.009261049461815314j),(-0.00627790654309813+0.0062645712468833905j),(0.01014367246796406-0.009619968454501374j),(-0.02241478323187275-0.023519555489170806j),(-0.04217788610833577+0.033442032325047014j),(0.026083794323779594+0.0027147550805075357j),(0.25651083638578664-0.003655717439642256j),(-0.007359954107720243+0.0017934529616154228j),(0.025403540912670344-4.5145917469950614e-05j),(0.021208215144659568+0.0048137708936966846j)
64,(-3.42737686424122e-30+2.373385427524827e-31j),(1.6623472296141897e-29-1.1305986835516527e-30j),(-4.924485341598373e-40+1.1331420561591412e-39j),(1.2414022263667161e-39-4.432388531718078e-39j),(-6.332812509808959e-36+1.0920356797255827e-35j),(5.695639955102382e-13+1.0998016379678054e-14j),(3.538502602227375e-29+1.1287091643106065e-28j),(-2.411831680047921e-12-3.93133004146209e-15j),(-1.5386142620231282e-12+1.1170208038736786e-14j),(-2.5298135371791535e-21-4.364078502605746e-22j),(-1.2825139220452083e-20-3.2924987623570345e-21j),(-0.14274803846522124-0.003112462839988398j),(-0.008311357982472959-0.00017369356318592231j),(-6.700915132652906e-14+5.950144873150941e-15j),(0.037755016950467984-0.00011774793441588285j),(0.6343799699800945+0j),(2.338687505293981e-13-2.5419566815808264e-14j),(-1.0594647606781521e-09-3.8042103013463176e-10j),(7.354068192811242e-10+1.5688958724818622e-09j),(8.642475716948369e-06+1.1862016129300325e-06j),(-1.299239957567116e-05+5.091309237398837e-06j),(5.246568604518986e-11+6.278973609909758e-12j),(-3.6863480586660073e-09+1.8097553192335564e-09j),(0.022369407961157474-0.000358000291757385j),(0.42753874036563916-0.009759470601034215j),(1.49946056387006e-08-5.290314777469389e-08j),(2.1265065664281233e-05+2.8705552860388326e-05j),(-6.943093014478807e-09-1.8023943178910522e-08j),(1.2483997821734968e-08+6.715017036209047e-09j),(-1.8286218868613402e-05-1.5583541191779084e-05j),(3.7043267868989917e-07+2.8113390164619537e-06j),(-9.56804433044721e-13-7.281878681232979e-13j),(-1.3796015896831574e-12+1.178537285285577e-12j),(1.2910047821704828e-09-1.1653450801161113e-08j),(0.0500892986126645+0.0009117378245968102j),(5.5718271055413e-07+1.790551567747958e-07j),(-0.0043970205275018605-0.002231921515386764j),(-9.178136030338857e-08+1.6812023431396444e-07j),(-1.1819984387955718e-05+6.921107249993842e-06j),(0.04538397144287428+0.00021824044817517207j),(-0.2401562475211493-0.0005493207771843228j),(-0.0018000158012873163+0.0008997711585259605j),(0.012997370998044315+0.0005106786917546924j),(2.9189756614284413e-12-9.029592260499305e-14j),(-0.04257835713631744+0.0014070761411632514j),(-0.16889219301625202+0.003209530998587902j),(0.025452426067481562+0.00013275823044359494j),(1.2793829827808023e-06+3.0343668587581563e-06j),(-0.02683209773679582+0.0019897507700893328j),(1.0102295524501605e-05-8.253918698903224e-05j),(-0.030938630459915142+0.0034257392434058585j),(0.040194082920462254-0.0012599257063455986j),(-6.212392589076302e-08+2.6807331421429277e-07j),(0.001229886099471723-4.012227192182593e-05j),(1.5864451021727287e-06-4.728520093085913e-07j),(0.016359666410311405-0.010163471866234137j),(-0.011304512163264792-0.0007706907709180508j),(-2.4996112818370184e-06+4.5355883782019e-07j),(-0.14889225469432849-0.0026928975456344817j),(-0.05025560468886267-0.015238357617352025j),(0.0015260465810314526+0.0013956426402013376j),(0.054770712521229406+0.0020881403004739682j),(0.0072700671291906546+0.0006503910291728969j),(-0.0008636506413073393-0.001892929726983527j),(-0.10466330286693185+0.01703494405943278j),(0.0005065913992783366-0.0010512648093835703j),(-0.0022613064005743504-0.0034958372008802654j),(-0.004857049952745494+0.0015437804008656473j),(-0.005233953400549242-0.007165900517406006j),(0.0013516929047084607+0.003803035972774196j),(0.003911646093839875-0.010828646572246903j),(0.18919766271781518-0.02038725422731906j),(0.11680253874002008+0.022393148270541695j),(-0.02166626359295562-0.0037178804431086j),(0.2058134116578782+0.00825030456344537j),(0.11783534425370237-0.10477291824180632j),(-0.2528761494578606-0.04121517345487724j),(0.0009741354237332858-0.002490389237241293j),(0.009814638524535853+0.0013664625373437866j),(-0.037550282747816736+0.005761427381283215j),(-0.032202898979178815-0.004576317570608515j),(-0.0342610517776908+0.017042186049625666j),(0.06760386876090742+0.02238899728037715j),(2.5900373750166404e-16-4.1277057967785545e-17j),(-0.0017948267685910096-0.014983967550999504j),(-0.00579087398661873-0.0062654533350255635j),(-0.005680176658305587+0.004924972976653562j),(-0.06312853558304565-0.006376631197808836j),(0.03258135672788514-0.021317030254171733j),(-0.02161456253922682+0.038255240167856856j),(-0.008574952230320638-0.013361354357928583j),(0.22490806406362007-0.007631371286523941j),(-0.047723168647181444+0.0054656528784341706j),(-0.015869214729610143+0.0020439295426291767j),(0.011401527798809197-0.0030640660337470666j)
65,(-7.953339020214946e-32+6.891238802931747e-33j),(2.582446989474856e-32-2.6782357476732364e-33j),(-1.0411059156600129e-41+2.315348840186925e-41j),(5.963964874688158e-41-9.912634017076812e-41j),(-1.942096373186399e-37+2.1200946044584876e-37j),(1.3340588525101124e-14+2.6924325486814014e-17j),(-7.14980363516972e-31+5.865155188234253e-31j),(-3.7887084616261195e-15+1.283446312218833e-16j),(1.1650045762529343e-14-4.826781310162368e-16j),(-1.764443111320162e-21-2.6019104731871434e-22j),(-8.959799056450242e-21-2.0942284088167665e-21j),(-0.09941012644129052+3.6665843125196357e-06j),(-0.006075830481325482+1.988767182373001e-05j),(-5.313491317948741e-14+6.500512534697394e-15j),(0.0018589332234571002-6.822460082850921e-05j),(0.030265598462518528-0.0010458613757650045j),(1.9117098200832113e-14-6.1416157257806865e-16j),(-2.2229998261268177e-10+1.2650456582150674e-10j),(2.0973806870623128e-10-3.3687084037376654e-10j),(6.273738302509372e-06-1.7439144092206656e-07j),(-3.584714920250206e-06-9.688592608260174e-07j),(1.4649753037355538e-10+7.2433249535211535e-12j),(-1.183942726593636e-08+6.283490602735438e-09j),(-0.004378861099911958+6.276272565275843e-06j),(-0.08018485810865378+0.0005385431995459326j),(2.4691621437053084e-08-5.928435702756633e-08j),(6.3904217630467e-05+0.0001552035225588169j),(-2.208749369937695e-09-1.3084004852619544e-07j),(1.1110809854416859e-08+1.2189821213560263e-09j),(-4.507408169116577e-06-6.238461706935916e-06j),(9.737138109730359e-07+8.588055215627694e-06j),(1.4634718465661518e-11-1.1674392837113002e-11j),(-2.430281775407989e-12+1.32029706719017e-12j),(-2.0610413946858117e-07-1.3034267607828713e-07j),(0.545615372946795+0j),(4.077993432583377e-06-8.424719771499077e-06j),(-0.1664292863873459-0.0018338321071841718j),(2.269226354515223e-06-1.5660061283885259e-06j),(-1.5857076241264496e-05-2.4612556423049072e-05j),(0.05440609424717499-0.0016133064176187054j),(-0.20430575504706472+0.0074762068746192616j),(0.021498440842921525-0.007259616729621088j),(-0.18287604306725183-0.0009749511877973245j),(-1.3362841274780362e-11+5.321686935335269e-12j),(0.0442454298475227-0.0052532350903262415j),(0.44573999225834704+0j),(-0.12353595643896303+0.000220832317988362j),(-9.843836190217419e-07+1.8619850220062852e-06j),(-0.009968799284293832-0.0037028470662351727j),(0.0006512438041317443-6.907555600094422e-06j),(-0.14019900055067752-0.003002488531231959j),(-0.10502697325511126+0.022970345463724465j),(1.7561676340741272e-06+6.3872809092822e-07j),(-0.014061996889127792-0.0007523932731769091j),(-1.6951970821386674e-06+3.163127219459479e-08j),(0.12377134519832447+0.009223413822229173j),(0.007639195727859453-0.0035409149538314097j),(3.984296586157317e-06+1.848261781964684e-07j),(0.10677053997350126+0.001104267785436222j),(-0.04440906989189927-0.002147293888165345j),(-0.002673865182456884+0.0010995279427937054j),(0.05312006045908473-0.0009304627989345153j),(0.0013239360237459446+0.0020181869543029482j),(-4.180413721613233e-05-0.0008954594685717596j),(-0.16635375584626863+0.02864559237775818j),(0.00026647769529781454-0.00268315764037687j),(0.0020707357855689877-0.005358407275589151j),(-0.003188138514768792+0.001426942371114943j),(-0.00199072793787602+0.01606834248319945j),(0.008207019856321558-0.013977674650039153j),(-0.000534595957273176+0.002416694554324109j),(-0.34206523513809656+0.0038811079980806407j),(0.10613206407274801+0.020856587371863997j),(0.18794102118666095+0.007666007986561765j),(-0.08350450645157095-0.004848149094108977j),(-0.03358548270082014-0.014370212689121059j),(-0.04474833881397968+0.020483256301234435j),(-0.010374310906227369-0.0038042191318343075j),(-0.028228878295975122-0.005589042747171757j),(0.09154923897626667+0.016163354885242665j),(0.005601564884327105+0.001831859049772554j),(0.006967022303638184+0.027213509277011598j),(0.0838455881100391-0.00806915869108507j),(-5.281207689552514e-16+5.696274292294409e-17j),(-0.00408587177283274-0.016206727249366552j),(0.0005748057355230004-0.0061360281995123415j),(0.022733778655545652+0.004448695220100916j),(0.03430190940805565+0.012870500009158964j),(0.013226518577367567-0.029569665710154278j),(-0.018254018724869772+0.041444303236641895j),(-0.023842548774480127-0.0021093585396945985j),(0.26576967540703267-0.00425103389318128j),(0.0497709064948953-0.00699109964272893j),(-0.00597741897123267-0.007518105645276399j),(0.023690882959953988+0.0030939197009956895j)
66,(6.266555243365045e-32-5.122734076984032e-33j),(6.300480430718995e-32-5.238579789455961e-33j),(3.3744348457505895e-42-2.6095181844783973e-41j),(-1.23141658824824e-41+1.000174410891754e-40j),(7.465396749272913e-39-2.614408966804629e-37j),(-1.0506664370640287e-14-7.232735146611043e-17j),(7.392205848430681e-31-3.211331417909536e-30j),(-9.221988994863656e-15+1.237004299151481e-16j),(8.758336898697488e-15+4.3034994623687473e-16j),(1.4026198810631128e-21+2.154287069985662e-22j),(7.127870066038687e-21+1.6981669388636555e-21j),(0.079137262762626+0.0003133865727215513j),(0.004853109201038038+7.474919627350335e-07j),(3.7557761918691013e-14-4.944170415977089e-15j),(0.0041886484936375515-7.507929866915194e-05j),(0.06790084229276572-0.0009930208924666152j),(4.298808732779321e-14-6.3201523116443596e-15j),(3.0446692131482997e-10+2.923669343901522e-11j),(3.811404273563552e-10-2.9346199747807237e-10j),(-4.6956791290539185e-06-1.553795386735441e-07j),(-3.793384875077156e-06-6.906523384424032e-07j),(-1.264114653809209e-10-9.235510368598943e-12j),(1.0272529785617398e-08-5.329002878186223e-09j),(-0.003751314380410722-7.582659217916874e-05j),(-0.06967483981320742-0.0007673133350947735j),(-1.295921157065652e-08+1.2641912188468254e-08j),(-5.3149499026560155e-05-0.00012946477687136832j),(-1.0741991060623178e-09+1.0812263502507437e-07j),(4.087564493183104e-09+9.360556222760741e-09j),(-1.1060148420353e-05-9.360864370786469e-06j),(-3.798356074333711e-07-7.273164047695159e-06j),(-1.5469167806664006e-11+9.419857531295254e-12j),(-4.802597119485126e-12+3.0513534291132694e-12j),(1.913986964028454e-07+9.451591285373324e-08j),(-0.4614473384636129-0.0010747470804857717j),(-2.903613661623167e-06+7.887897417911892e-06j),(0.14832205685101046-0.002434888880769953j),(-1.3926969131301538e-06+9.795235146534767e-07j),(1.605799252505047e-05+4.06925840394447e-05j),(0.11811717918642164-0.00168018387226012j),(-0.3598235009956279+0.0024306219601045106j),(-0.01179014358538504+0.005813345013143761j),(0.14311428393278144-9.90665240862762e-06j),(-9.371940493364664e-12+1.5435867703304576e-12j),(0.12396860013333606-0.004324404219528226j),(0.38635388135289056+0.0004486003306072295j),(-0.10930267315540797-0.0003419596236396705j),(1.8813477718804482e-06-1.1019592976642127e-05j),(0.0746465836291887+0.003094001487772474j),(-0.0009645238815730188+0.00011694560732536342j),(-0.15612769590524275+0.01134590195328082j),(0.08987957286968266-0.004577929473655366j),(-2.797900767478525e-06-1.6242509775830782e-06j),(0.019517526628767497+0.002145296102369634j),(-1.8712464730971393e-06+2.2869496712787083e-07j),(-0.2381453639417368-0.00043886312390585547j),(0.010277327337990777+0.008228609114762185j),(-1.6823043591910286e-06+5.084712476673235e-07j),(0.1782504828612541+0.03176377986178608j),(-0.28996928906945385+0.008226349039232195j),(-0.0012746160750728855+0.0059236636078670865j),(0.00952493362100804-0.004306695788856976j),(0.0027991787344559694+0.0007475756794268266j),(-0.00027435068432360085-0.0008389718484408636j),(-0.05160179115612882+0.003667132963660325j),(-6.877136601539423e-05-0.0006869440354218052j),(-0.001083880514949177-0.0003125475895176677j),(0.0015358113312293952+0.0010513263928448437j),(0.0027942214638810242-0.004954980727226103j),(-0.003309299597697499+0.007366144290008888j),(-0.0030484928180453267+0.00458834233042496j),(0.10772062067403143+0.005078593940845734j),(0.09900896911917846+0.016493621100805392j),(-0.1624223347130374-0.009124000469386787j),(-0.1141468728786619-0.00857835665746955j),(-0.04723648599297858+0.07888246018382307j),(0.1860506376158777+0.003465652054406373j),(-0.0013327576553192235-0.004300321263917168j),(0.026814476730500584+0.007744961528159915j),(-0.026175037211202977-0.01302891629646601j),(0.022580360687986946-0.00023999073717688967j),(0.009328156680831156-0.022494359200870027j),(-0.08053583765511424-0.002187003777556638j),(2.0417928848054614e-16+1.1695857527574583e-16j),(0.0012483889299592802-0.016876850440462794j),(-0.01406594342780902-0.00940678106222121j),(-0.0062753758025514625+0.0063457310258097374j),(0.010340052185021997-0.009846950607829204j),(-0.022670907326230956-0.02452921511969805j),(-0.043252406026554675+0.034550811037183535j),(0.02666638264772824+0.0026870055836575833j),(0.26747960851817554-0.0033581025084936933j),(-0.007433072708679783+0.0018417301906997383j),(0.02601294931128388-0.00011161101343983015j),(0.02251231420427821+0.004938195198311066j)
67,(1.9815882505046608e-32-1.3664655716769591e-33j),(-9.604164597960426e-32+6.503537169383071e-33j),(2.3751434034706522e-42-6.468778716513619e-42j),(-8.511686069819675e-42+2.6991260924226433e-41j),(3.713777881498969e-38-6.508804203603627e-38j),(-3.3187122327854996e-15-6.503469248118718e-17j),(5.487055642743027e-32-1.9208303852501962e-32j),(1.4046291918857592e-14+2.6786453399363392e-17j),(8.555710660248207e-15+1.0963859096792464e-16j),(4.243054216373791e-22+6.890634414429151e-23j),(2.142826841142987e-21+5.4810381656982075e-22j),(0.023920439804471616+0.0005129346228394641j),(0.0014453730297489496+2.9460847640236463e-05j),(1.7718160442908154e-14-1.5174414136832415e-15j),(-0.006521157374167296+1.917121616917686e-05j),(-0.10587082063166736-6.858584917439348e-06j),(-6.598069621367888e-14+6.2248590034647214e-15j),(2.1012817187102717e-10+4.3380647595567626e-11j),(-3.704617171422389e-10-1.8406985469702203e-10j),(-2.731952860489276e-06-2.073023627025333e-07j),(6.598081394437562e-06-8.173781396810376e-07j),(-3.480864077601171e-11-3.741370366656946e-12j),(2.7356021963438247e-09-1.3234392723638011e-09j),(-0.0039357410699589045+8.137782094006863e-05j),(-0.07224981948999713+0.0019259764938214952j),(-1.472653085546372e-08+5.016509722364814e-08j),(-1.5230907496173743e-05-3.681972907034715e-05j),(2.8738379074931047e-09+3.07469316386488e-08j),(-1.5923560024349216e-08-1.1281016646774207e-08j),(1.5319063718053725e-05+1.664311508342446e-05j),(-1.5488598857017497e-07-2.5754933751515706e-06j),(1.8896405216897233e-13+2.7682628065404454e-12j),(7.786204783445812e-12-4.493825051489805e-12j),(2.1973609808540627e-08+4.4209315245459044e-08j),(-0.11450500465776871-0.004109948200309105j),(-1.4997851249766797e-06+8.509506220193547e-07j),(0.025849080450279057+0.0059738926017256465j),(-9.186647168357435e-07+5.657534372657417e-07j),(1.018156845565589e-05-1.4769127462328558e-05j),(-0.18312636194001902+0.00024254657534511503j),(0.596183614720971+0j),(-0.009741882215424021+0.0013282174417351606j),(0.03840652347325657+0.00017162097657944897j),(-1.4314459188983472e-11+7.900924254929202e-12j),(-0.19606787744406132-0.0032322431936858825j),(0.40958337071997986-0.009937374256330622j),(-0.11030701510368243+0.002241359165656348j),(2.595754056994503e-06+3.660297782022812e-06j),(-0.03700496977808227+0.002093911324905131j),(-2.278037343275669e-05-0.00010749600760966477j),(-0.13038292988383965+0.009047013221368659j),(0.06518222665005684+0.0014767642866336979j),(-2.2086983112562808e-07+2.9688760411910384e-07j),(0.0025279184629494775-0.00012119855183522139j),(1.7582410508928257e-06-5.798656621146282e-07j),(0.011018941673620213-0.011001194632699286j),(-0.014008071525490981-0.0006446517823730921j),(-2.945333721305778e-06+6.639242213246612e-07j),(-0.17401586802743102-0.002808267176024698j),(-0.0912611343722482-0.015064736045990734j),(0.0017631868021575196+0.002368829305656546j),(0.06925110784379264+0.002278496885808761j),(0.008545805895662964+0.0007883900689416596j),(-0.0009996617998021093-0.0022447562312723135j),(-0.12596842180816403+0.020179336302849342j),(0.0005718218367605603-0.001301069344451027j),(-0.0025593669609619554-0.004110230721622602j),(-0.005479301384928657+0.0018599261155091142j),(-0.005709434650284362-0.0074703069325294325j),(0.0015082267138848103+0.003993664329153101j),(0.00444828781216911-0.011302111019178478j),(0.19955378508286184-0.021588645293998815j),(0.11452556910121271+0.02265066670076215j),(-0.021597444432689128-0.0037038899832967168j),(0.2044973150520422+0.008409911301724311j),(0.12491021729457995-0.11115101748624762j),(-0.26854405572175866-0.04369727174957524j),(0.0009729698507713388-0.0024944069822302683j),(0.009834452948831876+0.001372000443521885j),(-0.03847615932050712+0.006088720829557734j),(-0.03227128127650284-0.004586059325383505j),(-0.03582549570000844+0.01799882488111556j),(0.07124402860592584+0.02331808108928908j),(1.7786581350818705e-16-5.816409080466228e-17j),(-0.0018357732050729757-0.015354802881022232j),(-0.005890550007712432-0.0063786848984065175j),(-0.0056838132553740876+0.00499232359859597j),(-0.0652815405944277-0.006550761014056317j),(0.03323650304197723-0.022218597128491755j),(-0.022383726914206543+0.039415656414769865j),(-0.00891447026678198-0.013925524399599981j),(0.23487272221604716-0.007583454282484012j),(-0.04880793962313249+0.005592677093789182j),(-0.01622122347107445+0.0020148044173318447j),(0.012385870278651349-0.0031801309799287356j)
68,(-2.4724278740077843e-31+2.142184356284245e-32j),(8.027831348160829e-32-8.325280658749147e-33j),(4.63274193033753e-42+8.621015133296346e-41j),(-3.250760834911024e-41-3.4590999958909445e-40j),(1.6585787703694045e-37+7.808784486302889e-37j),(4.147536875515528e-14+8.382625179436856e-17j),(9.038861135839048e-31-3.760789721529258e-30j),(-1.1778795258585518e-14+3.9896823212920084e-16j),(3.631654064371302e-14-1.5514544021617096e-15j),(-8.33227733977687e-21-1.1547523909380501e-21j),(-4.209643064746086e-20-9.833253016802542e-21j),(-0.4677432601415261+6.44381183249193e-06j),(-0.029138670180745785+9.282865583080946e-05j),(-3.906120148048243e-13+4.430990350428976e-14j),(0.008809614882489478-0.00032977842786453696j),(0.14101799222075875-0.0049699611108448005j),(1.255895442077992e-13+3.9754886150909064e-15j),(-9.095578137599498e-09+1.885157626346591e-09j),(6.080588487072757e-09-2.0576932181827363e-09j),(0.00018057122111254272-9.794861413463002e-07j),(-5.583322450480375e-05-2.6048802891831368e-06j),(-6.39018383246888e-10-1.0825897864178236e-12j),(4.4430150153970376e-08-2.3090097855177478e-08j),(-0.020223338351202314-0.00016917571027115106j),(-0.36434303939238993-0.0006322265522191034j),(-4.6759239026721496e-08+1.3705181074212257e-07j),(-0.00020064445989564464-0.0002321499407304776j),(4.508857124261216e-08+1.352172946779306e-07j),(-1.4278450849898761e-08-3.932230785441847e-10j),(1.992905587004251e-05+1.3988482267869015e-05j),(-4.500396334303703e-06-1.497240948020988e-05j),(-3.3168750578415663e-12+5.047465046122111e-12j),(6.980999271889562e-13-6.475445357349424e-13j),(6.010076194341917e-08+4.661485173104595e-08j),(-0.4143199184639829+0.0006044969078628781j),(-3.1387496036611115e-06+2.3450955630101533e-06j),(0.06911320748720273+0.0016575038220855223j),(3.1498080734709853e-07-5.049860985973464e-07j),(0.0001543217493949528+9.544587679121921e-06j),(-0.024204698189822505+0.0003890927386207624j),(0.1480028726742729-0.004726513794407222j),(0.00474407626238346-0.003118102903108107j),(-0.053752773491108255+0.000989634139043856j),(6.60606655182344e-12-2.1432229991774e-12j),(0.021057755011588707+0.001838517567076401j),(-0.3308120417966981-0.0006442608372636549j),(0.04237744180912296+0.0019635086134291574j),(-1.3493222217247787e-06+3.0827443752036147e-06j),(-0.016600815453773475-0.0021995740317871963j),(0.0006155201944737488-2.567355897295715e-05j),(-0.04058633868619815-0.004529387506259044j),(-0.09395541259373573+0.017322974762193882j),(1.7717728608663647e-06+6.642443051789753e-07j),(-0.013508989490755822-0.0007301736347097841j),(-1.2347387961983507e-06+1.0529531115603502e-08j),(0.1275215965735665+0.006084621033272945j),(0.0054428676200993014-0.0037491285924138485j),(3.760435345947142e-06+8.723060465218494e-08j),(0.07212136495970811-0.0020817778749727886j),(0.010455416373090895-0.0055623346251678085j),(-0.002193148508687878-7.579987772268938e-05j),(0.04688135081331833-0.0001524131987264898j),(0.0010061663100145596+0.0018461879873875881j),(-6.948700431382032e-06-0.0007695556729115613j),(-0.1503758166172014+0.026169734168993396j),(0.00022704237802640206-0.0024501485912176804j),(0.00202301645440973-0.004846439624419197j),(-0.0028079611820776068+0.001232859579127468j),(-0.0018051727475648697+0.015208358344057916j),(0.007533545925713718-0.01363498429421767j),(-0.0005785349457422603+0.0024316997575353425j),(-0.32572904261822866+0.003997914249031995j),(0.10754056340700684+0.020714904074988792j),(0.18874616119098128+0.00754857744178869j),(-0.08376462029597465-0.004849280592815822j),(-0.03353698866794129-0.012014861599554122j),(-0.03916452778059665+0.019571884091867844j),(-0.010369918808949967-0.0038006315169268534j),(-0.02819690559448189-0.005582676821389696j),(0.08860650928563026+0.015559807366931567j),(0.00560293714274652+0.001828861549934908j),(0.007091306006446389+0.026138050587610928j),(0.0806134813810665-0.007912124316785658j),(-3.3002274021520405e-16+4.670878654611046e-17j),(-0.004045503656150973-0.01596706170939617j),(0.0006004295010991582-0.006068274893901448j),(0.0226188114788763+0.004397114914896505j),(0.033879605167252434+0.012564237194276394j),(0.012943046836146775-0.028903264268918642j),(-0.017818962901798525+0.04069580386911228j),(-0.023217828744443093-0.0019286867268673309j),(0.25918030703826983-0.004443059034386132j),(0.04908357007093043-0.006890077467868041j),(-0.005820720237365887-0.007382262699156796j),(0.02290463276408384+0.003059447314164987j)
69,(1.9493019023733707e-31-1.5929320655910965e-32j),(1.9600673415075646e-31-1.628801678381651e-32j),(1.7159911034941157e-41-7.534384269067521e-41j),(-2.768722533999737e-41+2.8909661051063938e-40j),(2.077983412021536e-37-6.8789066548118554e-37j),(-3.268567000381683e-14-2.2595883221070187e-16j),(-9.07218259562607e-31+7.044833844781894e-31j),(-2.869229719466522e-14+3.835405576525107e-16j),(2.720484319690332e-14+1.3728807066616852e-15j),(6.760368828493113e-21+9.829390263285465e-22j),(3.417658836446116e-20+8.169364452238018e-21j),(0.3800310213220131+0.0018591711002105202j),(0.023766994209152147+2.890629265456246e-05j),(2.9536883630016596e-13-3.364206794553071e-14j),(0.02065194155424457-0.00032808690021906943j),(0.3280426891331193-0.004177854189304692j),(3.42210440993334e-13-4.6317147521512626e-14j),(8.177920123362135e-09-9.177667585143012e-10j),(8.171266928153678e-09-2.801755100622856e-09j),(-0.0001496304060133756-1.654410218742599e-06j),(-0.00013469291174025597-2.731453683624576e-06j),(5.055312665460764e-10-6.160475815811743e-12j),(-3.623299557746053e-08+1.8938565569589273e-08j),(-0.020542987953826735+1.2628848095923122e-05j),(-0.3690632375458643+0.002505490836850102j),(9.769804395178073e-09+1.6718968478088466e-08j),(0.00015466177467254123+0.00018821577349746387j),(-2.893494519177483e-08-1.1082500614619479e-07j),(-1.4202691404894988e-08-1.2153412758156513e-08j),(4.100484555410215e-05+2.1350626291401302e-05j),(5.428193962617634e-06+9.321075435617955e-06j),(5.674632689044254e-12-4.3162865534687524e-12j),(1.4880449598639998e-12-1.318553692253976e-12j),(-6.964390518894491e-08-3.1525448042473154e-08j),(0.3563076469630839+0.0021773661307557535j),(2.579116335465068e-06-2.9962619726383085e-06j),(-0.06932640942537033+0.0015422633599137744j),(-3.8089968269815964e-07+4.0256344992625545e-07j),(0.00014350375959527195-2.602876477672974e-05j),(-0.051196293555405115+0.00015973768989901646j),(0.2834866463249836-0.000831398375730763j),(-0.004511388942528725+0.0020082389646363034j),(0.047075485654096944+0.0005735523414526717j),(7.970581378295106e-12-4.202663611288853e-12j),(0.044623692607573893+0.0018504881935797017j),(-0.33333237834600005+0.004441279858154221j),(0.04633530083886232+0.0005891519264921916j),(5.378872078152839e-07-6.089349415986933e-06j),(0.04342283091543787+0.002807268695954778j),(-0.0006573159115593726+8.843505161023539e-05j),(-0.05082486970186772+0.006697811220164773j),(0.05904511140568389-0.005378742215470932j),(-1.9771779403361293e-06-1.1324582403041247e-06j),(0.013595319987243582+0.0015384849903189665j),(-1.2231127156840401e-06+1.8849965386057005e-07j),(-0.16743294731023456-0.00030909780424216715j),(0.0069738955163536655+0.005752307532117521j),(-1.1577848885589735e-06+3.7499728399353333e-07j),(0.12085763294980362+0.020949041054732685j),(-0.17705381229889006+0.005873178308018354j),(-0.0006051056811425349+0.0036496713893704466j),(0.011356396910711749-0.0017183953106921744j),(0.0026987717049486415+0.0006875125960569132j),(-0.00024035105665999053-0.0007986338476398843j),(-0.044020146291787375+0.001502450791836368j),(-8.376254921741355e-05-0.0005791433331610539j),(-0.0010596675947084013-3.9289774456846495e-05j),(0.001790232791614027+0.0009227464465619477j),(0.002896437530409651-0.00524267603697935j),(-0.003541312898281722+0.007355728066548463j),(-0.0030964927893777174+0.004592747309086608j),(0.11204070575059687+0.00504481345026455j),(0.10010977855687493+0.016340891346179845j),(-0.16257053534758087-0.009133731510621482j),(-0.1143828753931169-0.008594843064742777j),(-0.047614481650030495+0.08020115920950088j),(0.18880526874795583+0.002883482664586153j),(-0.0013313302957013605-0.004297934586376655j),(0.026807843579098798+0.007741081016597602j),(-0.026859496911205125-0.013129974161213516j),(0.022573943934738754-0.00023991770475778715j),(0.009450006789075033-0.022827228618820732j),(-0.08143739754081745-0.0020848908539055667j),(3.7532490516816967e-16+7.999811088087858e-17j),(0.001264386031769372-0.0166941519178692j),(-0.014009431181076585-0.009344826073862321j),(-0.006298189506476222+0.006309275461660173j),(0.010385558871124054-0.009885991147385888j),(-0.022706983346565658-0.024048568984897156j),(-0.04283312491849594+0.034013459654335915j),(0.026725637694654348+0.002768872447523628j),(0.26254973130122977-0.0033660843840079974j),(-0.007475621182647923+0.0018374730608134784j),(0.02593436913622873-7.805697569632924e-05j),(0.021963474909531298+0.004920941845705951j)
70,(6.160050900848346e-32-4.247614269626877e-33j),(-2.9855846736018085e-31+2.0216274728488576e-32j),(-9.305127041530559e-43-2.087217528045788e-41j),(-4.347711283513585e-42+8.345616523358117e-41j),(5.27045133442611e-38-1.984105123655107e-37j),(-1.0317667045115953e-14-2.0222885795032474e-16j),(-1.2376853672978049e-30-2.2309079307493377e-30j),(4.3669056775673964e-14+8.339286874234375e-17j),(2.656294328561786e-14+3.601454567629e-16j),(1.993587119746311e-21+3.054165746235462e-22j),(1.0006100689569576e-20+2.5589936605236487e-21j),(0.11189068621632864+0.0024474798539275526j),(0.006893652777965428+0.00014346114400166097j),(1.204362790177573e-13-9.786693239113312e-15j),(-0.031242375084269938+9.353355641750563e-05j),(-0.49779720227682944+1.880643727025788e-05j),(-4.855493959257795e-13+3.572965481366965e-14j),(2.8260026721027854e-09-1.0157703000114149e-10j),(-1.3463038118410068e-08+1.0619443707596678e-09j),(-4.876313634390988e-05-1.6570256436085046e-06j),(0.00019055970454202875-4.149299502364491e-06j),(1.6159978925578693e-10-6.281858530464745e-12j),(-1.040690087959187e-08+5.16359382842365e-09j),(-0.01856909961245538+0.0002844889086547459j),(-0.33440504563103995+0.007301119426292135j),(4.385107644167273e-08-1.687357074220681e-07j),(4.909576656412709e-05+5.760325341943883e-05j),(-1.5569168021365026e-08-3.235476310094057e-08j),(3.0490466509408175e-08+1.3469824347273019e-08j),(-6.585434407588672e-05-3.814548306616889e-05j),(3.495308990665169e-06+3.0219306802627404e-06j),(-2.0282088930834704e-12-1.0741574206597137e-12j),(-2.23471641094063e-12+2.002803550999465e-12j),(6.1158232842103975e-09-1.9660730758743388e-08j),(0.08253307811033303+0.003867681976639538j),(8.902379222289048e-07+5.65526135173672e-07j),(-0.004671145249463869-0.004460932235056726j),(-1.6482572255055058e-07+2.4442706523721514e-07j),(0.0001283496585056086+1.0886160060009345e-05j),(0.07723492814128505+0.00020405411071138663j),(-0.44949025612373744+0.0003448890569477947j),(-0.002789510536125663+0.0011462835433420804j),(0.017730151418828482+0.000990539037831723j),(5.251862427128839e-12-6.785651077552999e-13j),(-0.05567146387890508+0.0025394322535147243j),(-0.3062722525922609+0.005377465446369259j),(0.041021831438803696+0.0005214643527325369j),(1.464554918843774e-06+3.7188942125231257e-06j),(-0.03224601533394506+0.002528619987622478j),(3.524986296137394e-05-9.788586849416054e-05j),(-0.03949434687951357+0.003685268777552226j),(0.042810791385535854-0.00035618140003633447j),(1.5035643048094006e-08+3.2274818661388764e-07j),(0.0008377865550696097-4.1982796629129076e-05j),(1.7318661404627784e-06-5.181166079297109e-07j),(0.024248411733547047-0.011650246978217657j),(-0.01248022234794676-0.001018977947005023j),(-2.511776051750598e-06+4.904425429856148e-07j),(-0.16400685077199-0.003318105568639332j),(-0.041771498085702505-0.018219164305249988j),(0.0016877493131208289+0.0012576291308134713j),(0.06113109316829987+0.0023759818586469488j),(0.007768239712874346+0.0006850731925480418j),(-0.0009148414006657662-0.0020287765249236544j),(-0.11202504705950446+0.01798628440842774j),(0.0005229411022568088-0.0011377473317908742j),(-0.002374847109326303-0.0036656450351338363j),(-0.004987781331446588+0.0016438915242396402j),(-0.005354870536935274-0.007367250963935196j),(0.0013185181055761263+0.0039089920949821645j),(0.004020267166894653-0.010959193017387035j),(0.19430666266116833-0.021020706397773953j),(0.11594550270597836+0.022508642561504102j),(-0.021532220743528716-0.0037422789963960194j),(0.20546949840211148+0.00828856896852172j),(0.11967303521065015-0.10577413513407308j),(-0.255722516306181-0.042349624102558533j),(0.0009736673199866372-0.0024921525385280642j),(0.009827824257863564+0.0013690213828612503j),(-0.03808506029997839+0.005799837879371954j),(-0.032218756769386084-0.004582428734780454j),(-0.03470901720091267+0.01717770402260723j),(0.06821908417720102+0.022761825772840874j),(2.2990465762146185e-16-2.1003502259215383e-16j),(-0.0018079748576756965-0.015128424361856836j),(-0.005838292295372765-0.006310312671127292j),(-0.005686705842837821+0.004952795966625596j),(-0.06376985747760147-0.0064971137938470945j),(0.032725137431966-0.02165179017294285j),(-0.021940219636332123+0.038699240514199325j),(-0.008549968366305026-0.013541088953319581j),(0.22879592836894988-0.007658865246520277j),(-0.04809600857136176+0.005516806630666456j),(-0.015887681416490274+0.002017315108357157j),(0.011809119030207852-0.003095015785073776j)
71,(1.9626435505851783e-28-1.705659472563763e-29j),(-6.375777591991825e-29+6.635135867540999e-30j),(1.7827633808150574e-39-6.877089704347443e-38j),(1.7463515235113066e-38+2.8548243658927347e-37j),(-7.615804962611576e-35-7.06629758158377e-34j),(-3.266441149920149e-11-5.756746497346741e-14j),(8.362162714947671e-28-9.103791101964938e-28j),(9.278113405061566e-12-3.1744911959568426e-13j),(-2.619448594445071e-11+1.941682417018117e-13j),(-6.191267118364105e-21+7.76907898694561e-21j),(6.690461499731954e-21+2.3525505205756325e-21j),(0.0032028438977076135-1.0222157391487374e-05j),(-0.05862333694919425-3.331046356735631e-05j),(-2.3803368160095063e-11+1.7608932732975202e-12j),(0.016666434287742733-0.0005963642743709143j),(-0.0008984150314035365+3.34216740595218e-05j),(-1.5349147690944764e-12-4.141999226388307e-12j),(4.001500715765922e-07-2.03167598623147e-08j),(-1.8104447125819222e-07+1.0221682172741055e-08j),(-0.05369998885694471-3.343209624096996e-05j),(0.015288216186160981-0.0005387177379774873j),(1.2307058525064404e-08-6.917863699501945e-10j),(-7.742142744320502e-07+4.0130448255881657e-07j),(-0.04515826996857226-0.00011252962366671039j),(0.002106838330705184+4.2720729743398844e-05j),(4.6866039939359946e-07-1.6977923801786117e-06j),(0.0025784463872657163+0.001464211650236485j),(-5.869002835250193e-07-4.0548553940112307e-07j),(9.139060059588843e-08-9.024306325037492e-09j),(-0.00036863203740238493-0.0001316700996343197j),(0.00017593960046908882+0.00011906815510653433j),(-6.304027086125374e-11+3.418287354528515e-11j),(8.692835047293818e-12-3.2188801155570323e-12j),(7.744753745641127e-07+4.3828699244754975e-07j),(0.08660202081006366+0.0008162472394687981j),(-7.078325381721719e-06+3.2766424746336726e-05j),(0.49787895145737515+0j),(-1.042539014353024e-05+4.080749509510774e-06j),(-0.04177148845184894-1.1426383581692595e-05j),(-0.13867196071497329+0.005657514562244441j),(-0.013688063466871929-0.003549359798463448j),(-0.07891146559569134-0.015243004660032741j),(-0.4020965352352205+0.005613282717664654j),(2.727878282890152e-11-1.2872880818598189e-11j),(0.11563116183582302-0.004782013584987428j),(0.04669031096566309+0.002940717391305119j),(0.38685872209870725+0j),(2.3371866406716756e-06-5.017147655344155e-06j),(0.028181661767584916+0.009723975625515215j),(-0.001024183940204252-4.3685633317923995e-05j),(-0.31876767868459627+0.01830988728552263j),(0.1791970254384485-0.005760563690450762j),(-2.3642391957012625e-06-9.378697398859912e-07j),(0.021476260223846425+0.0008887099092560581j),(2.1486108189703424e-06-5.063385622750287e-09j),(-0.1686423587686175-0.014260526198576581j),(-0.011242024935437078+0.004934493035374916j),(-4.451042573376428e-06-9.188398856810945e-07j),(-0.14773904680379754-0.003686752797915596j),(0.08066495495562279+0.004049300670913393j),(-4.7021914746336576e-05-0.0027651637231122577j),(-0.1547338407348157+0.001414961487898405j),(-0.010997498004502284-0.0010936442512393292j),(0.0012010478476105174+0.0030935042774137894j),(0.17853815688453809-0.029769013049790204j),(4.472507567778155e-05+0.002235758263594879j),(0.0037080606667526076+0.0034222816417845076j),(-0.0002790317904546892-0.003820480491569512j),(-0.003946099174962093-0.006665931344097815j),(-0.0015434947150979005-0.011388248562920701j),(-0.0001486425459832105+0.002657968159427614j),(0.10981046611188724+0.010823220749955786j),(0.20315414596944031+0.008788574911188708j),(0.22520386865099698+0.0032707276269044877j),(-0.10993680998627253-0.0033848240383648424j),(-0.018030292085244107+0.005051875647261991j),(0.0009108649146369591+0.009429298653836566j),(-0.01570124443331598-0.004393895589753499j),(-0.030463691204268523-0.006312132554953675j),(0.054937138982831146+0.002856183466902135j),(0.005625387654227353+0.0020857651796446944j),(0.012678669003588348+0.01120398250674739j),(0.03691592125772473-0.01281393547910594j),(-7.337135067502899e-16+3.7439481522063254e-17j),(-0.026640081254146047-0.00198870102973279j),(-0.009846755328469506-0.0006818424142974175j),(0.032721831616258856+0.0016013555070650918j),(0.03451607539579741+0.00889468366163045j),(-0.0034950854673417224-0.007035915141865936j),(0.0454620714254755+0.009787268065617458j),(-0.016330505493946955+0.004127923922789807j),(-0.017066956830348506-0.019076554319592466j),(0.045121601866830466-0.008500423166546159j),(-0.0052920672567436265-0.0037262781928325854j),(0.004239654443448772+0.002526621600234937j)
72,(-1.5462783397066191e-28+1.2682769850975673e-29j),(-1.5560969479529412e-28+1.2975266127122326e-29j),(-9.221294205582925e-39+6.506185433608403e-38j),(3.6266303516770344e-38-2.616582734848666e-37j),(-1.1652823218347843e-34+7.0714863086005576e-34j),(2.5723587082899533e-11+1.7014611960032715e-13j),(1.658341206372687e-27+3.555231330942188e-27j),(2.2595020321598907e-11-3.0799610550070025e-13j),(-2.3244174661726813e-11-3.7481204972433e-13j),(4.809814392363634e-21-6.004815309297975e-21j),(-5.054947618050063e-21-1.4936722024426411e-21j),(-0.0025252640082540764-3.6278475141343636e-06j),(0.046178498538615706+0.0002497931064424294j),(1.8437794364809455e-11-1.2444297139176434e-12j),(0.040710001739291714-0.0005904209898538008j),(-0.0022576690502529462+3.965829856936631e-05j),(2.7205735733778443e-11+2.4768964584436166e-12j),(-3.139325317222808e-07+8.292765920224589e-09j),(-2.1536949025552814e-07-1.8897855964501996e-08j),(0.0423025552197659+0.0002357584652727309j),(0.03733352066447182-0.0005450590070082051j),(-9.018736065461484e-09+2.930879891267175e-10j),(5.950367535083327e-07-3.0380019451759634e-07j),(-0.0443274616204198+3.254312367633166e-05j),(0.002200251111606698-1.2234308359765909e-05j),(1.1927124152025673e-07-8.47679481520067e-07j),(-0.0019011812996509003-0.001095528723982907j),(3.951392235805944e-07+3.033577938296595e-07j),(1.7654457664565462e-07+5.1864084977716645e-08j),(-0.0007159459683697704-0.00020303456260300243j),(2.0803714640761892e-05-4.3841393640559245e-05j),(5.0495729940011573e-11-2.6088475081871357e-11j),(1.81089258009422e-11-9.026241590604056e-12j),(-6.359181118184626e-07-3.50113902134283e-07j),(-0.06957060701078857-0.0007821134836185767j),(-3.7823650792609163e-06-2.899841743565635e-05j),(-0.38932551674847915-0.0024861563143474263j),(8.087730526504442e-06-2.6625592522606944e-06j),(-0.04103304438109735-2.3307044967488255e-05j),(-0.3481787932717597+0.004580838326086606j),(-0.06855670441827941+0.0034355793497116358j),(0.053570602751856246+0.013003809125213442j),(0.3169761476490402-0.002835125606404783j),(1.3294422693671424e-11+5.773118526567954e-13j),(0.27755319484296426-0.004411780531420384j),(0.06150189862457519+0.00403912098413731j),(0.36218467594392195+0.000537296751244698j),(-7.184273644820456e-06+2.7273402370698746e-05j),(-0.1807314494066823+0.0004970292882582189j),(0.0014171400934093231-9.885804385279255e-06j),(-0.3039825487737702-0.0026428440258535746j),(-0.15957032655410708+0.03983666037623453j),(1.5709953327585172e-06+1.3697828328115046e-06j),(-0.01915793640220461-0.00031145436119998937j),(1.3832249609333982e-06-2.187116781156816e-07j),(0.15802317513236894-0.005996415201382985j),(-0.012572283343544325-0.0047715267274728275j),(-3.5057935985956393e-06-1.4915033374485187e-06j),(-0.14548326596592984-0.007947974350733938j),(-0.018820508697537888-0.006929643673059326j),(-0.0024883927455304706-0.0007304310359771058j),(-0.1563044144219985-0.002483476085328142j),(-0.008609580791887277-0.0004788373618805444j),(0.0008280114656069146+0.0024586884849430476j),(0.1552916762388685-0.018909826020183162j),(-0.00045635508415529176+0.0020824757062903104j),(0.0005459026637904478+0.003716473348251196j),(0.0032229261188553727-0.0012255445920001068j),(0.006306444580450651+0.005128121436887395j),(0.002142872091107771+0.007421038042394324j),(0.001882503617277629+0.005920304718679782j),(-0.089266807593361-0.0023551861244869993j),(0.19688017572016087+0.003300673672299942j),(-0.20493278536533333-0.005192462546908458j),(-0.15473203894085993-0.006438598183246477j),(0.061436644687555435-0.053680038472900066j),(-0.10933372197161052-0.018461288379723283j),(-0.005363197975751693-0.005142156109606076j),(0.03170414997140935+0.007336573261195884j),(-0.012856191045460577-0.0053444156080851585j),(0.024866965855762157-0.00062887221977157j),(0.006355151018620739-0.017117104297015413j),(-0.055425806159882796+0.0010955339708917985j),(9.235784261006587e-17-1.9664394275938398e-16j),(-0.020820339198433634-0.0018626746481733153j),(-0.024748190457794604-0.0032779240231710256j),(0.0016357214430026239+0.004330573916676286j),(0.011373210119790584-0.006295436930568473j),(-0.03496790400993742+0.0017380024189895624j),(0.023011580957794115+0.0013492714462129737j),(0.019078087338343385+0.004011207633503557j),(-0.0468252114238535-0.021346530815805197j),(-0.004919064962502545+0.00047726394918628807j),(0.018762996030643686+0.0017510620565144124j),(-0.0019058503440599896+0.003052535476268619j)
73,(-4.8900673602956013e-29+3.3855749173466675e-30j),(2.3717287429052045e-28-1.6126629108796602e-29j),(-3.2326233009664886e-39+1.812513918518517e-38j),(-2.0618578046230962e-39-6.134936456291444e-38j),(-2.8444908941049327e-35+1.5272284882275413e-34j),(8.126071403265036e-12+1.5702617545461774e-13j),(4.574618161545845e-28-6.668600145908843e-28j),(-3.4409227945313934e-11-5.66749390603886e-14j),(-2.195145320509238e-11+1.5963937559685318e-13j),(1.709374794338173e-21-1.9958598093541322e-21j),(-1.8640025659655955e-21-1.0331944492054065e-21j),(-0.0007940081501300047-1.210776116384819e-05j),(0.014577248649903393+0.0002668033690620339j),(6.350301558700797e-12-3.475338861501847e-13j),(-0.06194545298203126-3.71117424093001e-05j),(0.003407187589445931-6.424122319967189e-06j),(-2.758780945536325e-11+1.3391960636449177e-12j),(-1.1929266506854708e-07+1.8770607078538503e-09j),(4.505594910631121e-07+4.674891490626532e-08j),(0.013351015507890421+0.0002417770561791775j),(-0.05681206121298866-3.8827536412204476e-05j),(-3.070742817150014e-09+6.101327549435549e-11j),(1.6967032874070552e-07-7.784665105173407e-08j),(-0.04129192938903198+0.0008755803682852044j),(0.001960466602339834-1.9547140922289267e-05j),(-6.744729742891087e-07+2.6759131984264073e-06j),(-0.0006790864375147746-0.0004097155441648597j),(1.9987477565900033e-07+1.161530095405472e-07j),(-2.84755781531918e-07-5.1285683289019005e-08j),(0.0011439511352695374+0.0003794714777669233j),(3.701524834590659e-05-1.6420901404362006e-05j),(1.553412379610288e-11-8.782201340001736e-12j),(-2.9363783071545115e-11+1.2418950042590963e-11j),(-1.8602021586922188e-07-1.1106489229985013e-07j),(-0.020132238692580087-0.0007729415796661979j),(5.434886833669814e-07-1.2706991627164335e-05j),(-0.126442404526335-0.0014921283034286317j),(5.79381086681419e-06-2.536175950262959e-06j),(-0.038202269010373435+0.0007780291296113281j),(0.5253545385660224+0j),(0.08837261726574482+0.001988148950959834j),(0.053049006358464115+0.007835261431458719j),(0.10044973152654957-0.0005946665149257416j),(3.9613796230965655e-11-2.6668840789873467e-11j),(-0.4252022706846819+0.00017621373525184003j),(0.03782279794421824-0.0014806875855085822j),(0.34191021824496737-0.007050773278025613j),(-7.302846019448958e-06-1.5984426429545685e-05j),(0.14127187337793118-0.005957582261993881j),(8.942800655584025e-06+0.0002757105528443878j),(-0.2834473933048204+0.004974200599992956j),(-0.17707801193941589+0.02657225995615152j),(-8.233106765917647e-08-6.446536641662832e-07j),(-0.0021774085551389817+0.0008614206846569484j),(-1.255428009465688e-06+8.394923378882036e-07j),(-0.056631205700800824+0.016360524881765887j),(0.022158805582671113+0.0016465694717991228j),(1.3222016726644597e-07-1.5228075326286046e-06j),(0.2085113660513945+0.005354496222033947j),(0.12693404711531497+0.019191322731440953j),(-0.002390483237960788-0.003608302859440402j),(-0.14124866337942113+0.0029538197501010133j),(-0.008664936552750024-0.000386639606873556j),(0.0009244186579348624+0.0024445456237684607j),(0.15291147789357085-0.02615390112112846j),(-7.887838446103321e-05+0.0020639376506824637j),(0.0014873870420805762+0.002982602389459698j),(0.00082487692300695-0.0022213031070178967j),(-0.0008990117737117365+0.002473078358342937j),(-0.0005485725007830084+0.0014505917602547868j),(-0.0006847735160070223-0.008129709858659497j),(-0.0761773955812068+0.006593069568396729j),(0.20777747733000546+0.010475447813609672j),(-0.026874145331093037-0.003873417427488441j),(0.25447360673863195+0.0033036142685411926j),(-0.041809419716034156+0.02869993271731628j),(0.0745898944386713+0.02310852986658708j),(-0.0022435511326089654-0.0030394869172693435j),(0.012562808512723104+0.0006101986941196631j),(-0.045519433184258204+0.003328890707807881j),(-0.03849472239012828-0.004253165035300736j),(-0.01995445099000301+0.006762065453138019j),(0.024559140526711043+0.009997425472596536j),(6.204895562787997e-17-2.695142645263972e-16j),(-0.02207448431659445-0.002119707980266363j),(-0.015736916564559777-0.0010795248778938046j),(0.0010785773626406634+0.003183138461860924j),(-0.049128438509811544-0.0030075147797572043j),(0.018171342827980705-0.0029950261850540142j),(0.03476585576389292+0.00974765480786877j),(-0.0036660295561701055-0.00657877028359388j),(-0.01791658360417437-0.013476463910259117j),(-0.044869738671248396+0.006686244134823053j),(-0.013610999467425906+0.005459045368612799j),(-0.003414945244988407-0.0018349936501520056j)
74,(-2.6946365786063356e-31+2.3343239105406023e-32j),(8.749243644091183e-32-9.072506970006467e-33j),(-5.343067654501877e-42+9.25738721085673e-41j),(5.441370530440537e-41-3.776862127592152e-40j),(-2.145088083952713e-37+9.228937149972668e-37j),(4.519894270427973e-14+9.200519928470014e-17j),(6.513986134592312e-30+2.009196643640246e-30j),(-1.2836101801388955e-14+4.346449152402742e-16j),(3.946679758965435e-14-1.633194811775736e-15j),(9.127067055948004e-22-5.715731182021984e-22j),(-3.548144259525975e-22-1.2543144796944134e-22j),(-0.00016248992840841363+5.371292846261279e-07j),(0.003123371793253466+1.9742906737321188e-06j),(3.0532419103240213e-12-1.6465116061215632e-13j),(-0.0008878251709222877+3.181376416744276e-05j),(4.523159001332661e-05-1.7163361728809163e-06j),(1.3424187226675437e-12+1.4897577113148903e-12j),(7.130681934868023e-06-1.909949834493404e-06j),(-3.268799560631592e-06+1.1009991736010804e-06j),(0.5678307945501351+0j),(-0.16173639929798628+0.005812207498502734j),(7.431742887090245e-10-9.061637090533983e-11j),(-3.971282435869518e-08+2.0588922440574792e-08j),(0.0024064627721750737+7.513405546038599e-06j),(-0.00011566611266009406+8.053313278104127e-08j),(9.004104707694938e-09-5.437375068347183e-08j),(6.124436581601628e-05-1.4043706980592728e-05j),(-2.3416142724920056e-09+8.584076511742089e-09j),(8.385011379189266e-10-6.809208539726923e-10j),(-1.6989918898593585e-05+1.486148922608371e-06j),(-4.109870670266713e-06-6.154491524752981e-06j),(2.5588930696662812e-12-9.661267068996784e-13j),(-3.714778961977542e-13+5.739963866345794e-14j),(-3.171100769900578e-08-1.2581144206635438e-08j),(-0.001323580590857481-3.575902634987487e-05j),(1.3187621685983452e-05+1.647497241621977e-05j),(-0.01564284751191867-0.00018856845570367712j),(1.092577865045652e-06-5.999773142567026e-07j),(0.4439938021081624+0j),(0.004239038804490053-0.00016281341382255797j),(-8.151055237043493e-05+0.00014475685757790014j),(0.009669336272662678+0.0010249773241071585j),(0.04552447419820593-0.0004759340989565991j),(-7.18654416186264e-13+4.0872646570674335e-13j),(-0.013054872360556186+0.0004564177429289256j),(0.0005223074754554239-0.00026665040014754j),(-0.012703992568535188+1.2612953532635182e-05j),(-2.0050720932963793e-06+3.680667724494598e-06j),(-0.01883221942776689-0.004478613783043478j),(0.0007832596946063398-8.083316704586693e-06j),(0.03448601491928542-0.007248569694071342j),(-0.12525528671089142+0.016564251252282808j),(2.1818897945568507e-06+8.195823986696494e-07j),(-0.01736243030264933-0.0011003271464150688j),(-2.0974351825249423e-06-1.6274142583377812e-08j),(0.1549094355090876+0.011535652512745562j),(0.008926356426670105-0.004318119990159875j),(4.633377153650424e-06+1.2316042934083703e-07j),(0.12758807333404612+0.0035109658763184115j),(-0.08596897627551064-0.001531690865583274j),(-0.003949407822739299+0.0017146631001249471j),(0.03271118307585827-0.001965120905014071j),(-0.003236225324679965+0.0010230931687447559j),(0.0004839643604396647+0.00035618910098171016j),(-0.10295674268834894-0.007350071262885012j),(0.0011635340257080537-0.0018105557089180535j),(0.005710103348440396-0.00436837988929932j),(-0.007214233062580543-0.0024422558089823685j),(-0.013300527918465675-0.01853683154489956j),(0.004367209527049433-0.018717851807463888j),(-0.0039686964926156105+0.004089792515062436j),(0.36831128691724446+0.0014116481196888298j),(0.27322399151767607+0.0005641635829974206j),(0.25385831938806097+0.0005591660927172504j),(-0.1288921016157557-0.0026689182276952786j),(-0.04026698983930842+0.03334787166799854j),(0.04315321062130952+0.009080409492105816j),(-0.024585910615592867-0.005392468844223352j),(-0.034037081661241884-0.007807390748144219j),(0.10474785866618126-0.0010763027551492568j),(0.00596822230256358+0.002504173745260487j),(0.023141529223862197+0.01625452040267137j),(0.048004388552648526-0.024348187995266148j),(-5.814919274664744e-16+2.7994297802722116e-16j),(-0.06981280953303688+0.010935737072569864j),(-0.03153979211022458+0.005544842101782138j),(0.05466944812156742-0.0006386527456493027j),(0.05987696872447423+0.009766236504652536j),(-0.02826232628919943-0.002331039785764816j),(0.13411387961572124-0.007517853544108326j),(-0.01764541121849048+0.007457925525308685j),(-0.14929476709807502-0.03337204248714219j),(0.0658424132407336-0.014549062205023933j),(-0.0007189490851435684-0.004458131506779366j),(0.01775083685761367+0.004282997265548642j)
75,(2.1231454368805875e-31-1.7352148618074277e-32j),(2.1345823593185555e-31-1.7743824832917086e-32j),(3.5419753414002264e-42-7.986644418258938e-41j),(2.4784431122830655e-41+3.123559582236549e-40j),(-7.152114736890769e-38-7.899444259382965e-37j),(-3.5597398476619765e-14-2.457174718478357e-16j),(-1.837267287516586e-30-4.331228866147063e-30j),(-3.1243988264218253e-14+4.1846393586060404e-16j),(2.966374804981734e-14+1.461101944802334e-15j),(-7.122729509134126e-22+4.415224834693251e-22j),(2.6884694872325506e-22+6.977576388009661e-23j),(0.00012808852228984852+1.7733635052772007e-07j),(-0.002460357141824181-1.3543180276501927e-05j),(-2.376951175688027e-12+1.1398483995648353e-13j),(-0.002168732358556336+3.118061658099168e-05j),(0.00011483716184518039-2.0029009663019023e-06j),(-4.373970048142953e-12-1.1837172367679372e-12j),(-5.6272037205299725e-06+1.4774612465060487e-06j),(-7.985147053329253e-06+2.5128196497550417e-06j),(-0.4473181829364083-0.0022272287718262535j),(-0.3949751907197398+0.0060230297182259016j),(-5.790646089948015e-10+6.682040958876933e-11j),(3.425868172330039e-08-1.7702887800555002e-08j),(0.002357684301184646-5.651775463853142e-07j),(-9.355555193877892e-05+3.7850379758632142e-06j),(1.5176019247252794e-08-6.830940211338283e-08j),(-4.767739634697233e-05+7.344729223147683e-06j),(1.081320719532558e-09-5.14873574540191e-09j),(3.4560465943191217e-09-1.5117145518406532e-09j),(-3.7715915984240586e-05+1.6993336982605999e-06j),(-8.03577305586051e-06-5.911993300806002e-06j),(-1.9935502232813524e-12+6.612485476085667e-13j),(-6.997256386601438e-13+2.5581320478808987e-13j),(2.2414509376874285e-08+1.6421985357765844e-08j),(0.0010367601840910294+3.791926157177116e-05j),(1.3499943216744839e-05+1.81624918275539e-05j),(0.012313995806217604+9.068478296153995e-05j),(-6.360173600790495e-07+3.218060584436772e-07j),(0.43553214135476953-0.0013641922081688018j),(0.010904057860563624-3.359288543295334e-05j),(0.0012155844918655262-6.956766686315642e-05j),(-0.0051064406405185465-0.0009480117888583141j),(-0.03584381051987621+0.00011727285617218531j),(1.6061073359739475e-12-2.5862849772869664e-12j),(-0.031086904258321897+0.00031545706004907845j),(-0.002409166717131363-0.00012143111967499243j),(-0.008234010848944744-0.0008890967381624884j),(9.192216832127692e-07-8.875743204338812e-06j),(0.06235652253375064+0.0017758310816056895j),(-0.0008203605624642295+8.96911561544877e-05j),(0.03055724563276534+0.0051494994346545486j),(0.07871272533762703-0.013332463067047835j),(-1.862194987068251e-06-1.1341335152149621e-06j),(0.015203390429020226+0.0010734561467629277j),(-4.443054177622182e-07+4.170148348118515e-07j),(-0.1611063260783542+0.00357576947099357j),(0.007141013123197768+0.004885312809243399j),(9.415934747833861e-07+9.30707821226306e-07j),(0.08850347682404824+0.0033112640812748492j),(0.13730173138358026+0.005677499798385444j),(0.0032130448547446388-0.0020110726570257663j),(0.10931506673947733+0.012330736524547279j),(0.012756530633963979+0.0028286281278282247j),(-0.0010709957845538203-0.003708898789571446j),(-0.19191525918072294+0.02487002588963077j),(-0.0008528091962000796-0.002606017366642163j),(-0.005893462976891788-0.0008744427398375471j),(0.008822826878724982+0.006097677034605416j),(0.018631285148232122+0.010710953009271025j),(-0.0004651324645973832+0.018559486489874977j),(-0.003609999606801608+0.01182751138175775j),(-0.14481308073371862-0.018504592455450608j),(0.26512232626846194-0.005783672597929251j),(-0.23197112989376265-0.0032109150578889384j),(-0.18182984951259354-0.005408059996058586j),(0.14003006063108786-0.10546753361341145j),(-0.21339120274361376-0.048908554274087565j),(-0.012239391821232992-0.006498554423013283j),(0.041123535268984324+0.007118147602194895j),(-0.01616614163788752-0.013175850513591672j),(0.02989434354771743-0.0012849112270282548j),(0.014011409175487247-0.03399561161759934j),(-0.11369845939153629+0.002048613808619648j),(5.487187994855757e-16-1.1241690861366297e-17j),(-0.06143020531392182+0.01093994984240514j),(-0.05016955154152858+0.0025381028219704097j),(0.015536790572781532+0.0033856130273028752j),(0.025284949903480007-0.01348051084867704j),(-0.07257802625100863+0.010944013202029198j),(0.10209223425780115-0.01869130745507279j),(0.038985366814315754+0.007378729614897939j),(-0.18949548910416547-0.03590865887511658j),(-0.005611101382983532+0.0004891159367192525j),(0.036128845688451025+0.002567121916716146j),(0.00815843681909797+0.0054901589260561426j)
76,(6.713729339579568e-32-4.628570212805864e-33j),(-3.2538580267769277e-31+2.2027822533723523e-32j),(4.553306123446616e-42-2.7252996963957536e-41j),(-1.7771443456593283e-41+1.1206628044522834e-40j),(6.180261784153169e-38-2.8627593367483155e-37j),(-1.1244046340692885e-14-2.2052554246769937e-16j),(-3.175863480147779e-31-3.203090541696421e-30j),(4.758865090922696e-14+9.162276477092583e-17j),(2.897894963503125e-14+3.744840290914671e-16j),(-2.397361333024257e-22+1.4323905644397565e-22j),(9.790767744133097e-23+6.548676603644781e-23j),(4.031089428708867e-05+6.047056520320933e-07j),(-0.0007766386591856214-1.4241832048327442e-05j),(-7.926963044475577e-13+3.013528986770784e-14j),(0.003299947801620952+2.19492511622176e-06j),(-0.00017279779585369055+3.4219442430000126e-07j),(3.2384139625287817e-12-2.987679037086715e-13j),(-1.7779586603917787e-06+4.433673632365283e-07j),(1.2227175140766195e-05-3.6430764311925522e-06j),(-0.14117541938323303-0.0024678284317435073j),(0.6010488574075714+0j),(-2.430932349673318e-10+2.9271201411345785e-11j),(1.012880632085917e-08-4.758539613618323e-09j),(0.0021945752309119044-4.6556033129167926e-05j),(-0.0001067973437869993-5.228258689642737e-06j),(-3.3958427326714325e-08+1.3916295206338241e-07j),(-2.2329784792653693e-05-7.73888225098279e-07j),(2.556135340174294e-09-1.544087550201474e-09j),(-5.085357868709376e-09+1.7623772906964838e-09j),(6.0634725715286926e-05-5.756093236953718e-07j),(-7.857885897302622e-06-5.8171026749214015e-06j),(-6.169960511524242e-13+1.848402266979136e-13j),(1.1306517095336433e-12-3.18852649924573e-13j),(5.910190025319442e-09+7.522484314495933e-09j),(0.00034722157111928835+1.9500214834634443e-05j),(1.2749224560237382e-05+1.6192437664678577e-05j),(0.0039142611955993965+1.7805336425611405e-05j),(-3.1832670719309094e-07+2.204725079912859e-07j),(0.4056678300786928-0.009550298091501347j),(-0.01638357122263021-0.00011746357857982375j),(-0.0012497219928179347-6.010624274712498e-05j),(-0.0037467699433629638-0.0002447676173689614j),(-0.01133084542202554-5.10463427067573e-05j),(-2.5698022661361356e-12+2.9219205134131755e-12j),(0.04763470410551803+0.00017145291516581715j),(0.0008947986261014804+0.00010906021465163215j),(-0.00879842502268887-0.00037162191830437214j),(2.0962375343175623e-06+5.047953182576068e-06j),(-0.04468065070495443+0.0023727318796194254j),(-2.5381635794357923e-05-0.00012209524361132378j),(0.028815012088358273+0.0026421587386677575j),(0.07084860820779676-0.007077354833084422j),(-2.187015749902909e-07+3.6024553840452443e-07j),(0.0026058719631890832-8.980340972708185e-05j),(2.1799683875404757e-06-6.588300959759816e-07j),(0.016197409117567334-0.014155369787580425j),(-0.016738391404494554-0.001022220853992114j),(-3.780266192843879e-06+6.083691915651966e-07j),(-0.2117497140238742-0.005875781905563607j),(-0.11220074471678668-0.017184599349274167j),(0.0019869635528722+0.0028860667812182356j),(0.06870906862616641+0.005067872694416169j),(0.008708387437149174+0.001168187489773759j),(-0.0009000722351955604-0.0023265620535791354j),(-0.117748720382186+0.012628199227729509j),(0.000665667995418503-0.0010337872651476183j),(-0.00255618415026235-0.004678860573935379j),(-0.006545615752526396+0.001712671009671379j),(-0.007291218235985485+0.0073782292972352555j),(-0.0017991500253079357+0.004807097143328299j),(0.006054800735449064-0.017417281256189167j),(-0.1790268959180788+0.006916900304488882j),(0.27425053430955376+0.002221694921385492j),(-0.029590117577334155-0.004292559006077338j),(0.28961836521280104+0.0005711898629350565j),(-0.12994729960722132+0.11229369750825957j),(0.26458645188782254+0.051582296980294554j),(-0.007808463724373159-0.0038828846797751737j),(0.017690443530881922-0.0005927625466951226j),(-0.09690360453402452+0.0065850427664346164j),(-0.04977755816042866-0.00403496532142413j),(-0.04100206889402802+0.011976497085071454j),(0.04044996741538429+0.0190865191008377j),(3.0773289746755903e-16-3.16888935773584e-16j),(-0.06062123992903508+0.010254470953521708j),(-0.03706538885637323+0.005093736894258998j),(0.01324227156064751+0.0018646742366643931j),(-0.08825495803698533-0.004671580099367453j),(0.008163386754501236+0.0022508699906565125j),(0.11354398393074086-0.006695344040867569j),(-0.00018048790086946064-0.011805821520778111j),(-0.1380814827491312-0.021508045521613672j),(-0.0730796846900954+0.012915540241943278j),(-0.016522670097235667+0.009939143766826834j),(0.004232444071210205-0.003212254514426692j)
77,(2.5366812002434827e-33-2.189765962160999e-34j),(-8.232352046099409e-34+8.501572062493381e-35j),(-5.962749797099934e-44-6.936380289670919e-43j),(1.1472549924002958e-43+2.567469215969864e-42j),(1.1031408231453445e-40-5.861040396219545e-39j),(-4.2882654143166736e-16-1.0015346577621983e-18j),(-2.601491619636305e-32+6.73959077486998e-33j),(1.2176531754889938e-16-4.073495051271645e-18j),(-4.561386417835604e-16+5.784787644471676e-17j),(-5.047499134101352e-22+2.0840953722486858e-22j),(1.100185865289311e-22+3.8890886696984676e-23j),(4.868530223311772e-05-1.3124082565413208e-07j),(-0.0009723730362842839-1.3648987289183894e-06j),(-1.6545456004144243e-12+7.186491418313662e-14j),(0.0002760423674802739-9.70977394362399e-06j),(-1.3435450015268355e-05+5.122905312649941e-07j),(-1.078232436977288e-12-1.1249262206111206e-12j),(-6.5863038035569465e-06+1.7492579757365625e-06j),(3.0142372818958956e-06-1.0068264434169189e-06j),(-0.5185875708899418-0.0006516470327657814j),(0.14740941440174457-0.005109548308335138j),(-1.9233347684505242e-09+1.2452939377020616e-10j),(1.175618669889747e-07-6.059168562640322e-08j),(-0.0007439179011729805-4.946027890161226e-06j),(4.322210351417977e-05-2.9041280084583226e-06j),(-6.681006032862697e-08+2.4823248515877565e-07j),(-0.0003664430686936842-0.00020446051514139883j),(8.366262966977717e-08+5.947476105003667e-08j),(-1.3039082993692857e-08+1.5123410017978763e-09j),(5.472620612291491e-05+1.6779935776030323e-05j),(-1.0988193968951646e-05-9.827454479732645e-06j),(1.021848950779485e-11-5.234206691616054e-12j),(-1.412409884734752e-12+4.781660953938165e-13j),(-1.2431733412005454e-07-7.343803578579128e-08j),(-0.012972091927452831-0.00013151211052926486j),(-1.1531538836407644e-05-2.142169506750993e-05j),(-0.07824727304216697+4.520749067183499e-05j),(2.131975601419249e-06-9.941269275459346e-07j),(-0.3981258267651734-0.0022611167730699766j),(0.02175436514964239-0.0009034472463198013j),(0.0019202181358749066+0.0005489084391677325j),(0.017526150401017574+0.0027071375548980954j),(0.08936761541906825-0.0011624243434692396j),(-4.345915077670629e-12+2.1598300170246235e-12j),(-0.025698887903986622+0.0010186661975196062j),(-0.006148498952297106-0.0005991298935751003j),(-0.06230029369658722+0.00035378435572654826j),(-2.281373955541528e-06+4.343703829400202e-06j),(-0.022593897412982435-0.005710653344931635j),(0.0009336027280668867-6.918575945122883e-06j),(0.07045746510384177-0.009926949011051928j),(-0.1502707409713389+0.01812345249026575j),(2.5714641593789015e-06+9.646516657060942e-07j),(-0.020649233097442186-0.001248543114745826j),(-2.4684272956007835e-06-1.4618294367848635e-08j),(0.18253604378114457+0.013468461996890405j),(0.010650150411063798-0.005121289622147532j),(5.440849586328912e-06+2.1476345714153258e-07j),(0.15144402597836737+0.003906173506847563j),(-0.10079745778392803-0.0018065820011431907j),(-0.00425943300074435+0.002121795244506464j),(0.05033521663510712-0.0026475310209012146j),(-0.0024668791665842602+0.0012016904489851041j),(0.00040580114703023414+9.266215025569791e-05j),(-0.1296220608399424-0.004413446268297462j),(0.00125625279471391-0.0021968737726456235j),(0.0058663466950236625-0.005103679487823258j),(-0.007850145285656565-0.002287973128769573j),(-0.014190093139261357-0.019629883230422328j),(0.0048636859697555115-0.019447442293027594j),(-0.004319501060728767+0.004256535244356047j),(0.3925556313307521+0j),(0.28685495881168943-0.0016953787392388342j),(0.2587869001693275+0j),(-0.13222927366538276-0.0024955543649517672j),(-0.04235139913891627+0.03617098238778775j),(0.04732591294679984+0.00893241830813254j),(-0.025864183190814558-0.005528878420735754j),(-0.0345369796608169-0.008010484812677543j),(0.1096869874527093-0.001582648811438353j),(0.006016034424756794+0.00256262195468278j),(0.024213908011982383+0.016727402932390303j),(0.04907246097683196-0.025548469093463755j),(-6.426255550741868e-16+2.2806872462534857e-16j),(-0.07508301557012137+0.012667147934813279j),(-0.03430130881300936+0.006403735644704284j),(0.05751138925908217-0.0009942004003873697j),(0.06252233428457654+0.00980267619169735j),(-0.03111750504295768-0.0017230316467844817j),(0.14462522536721348-0.009910932251165641j),(-0.017756211212724415+0.007813168847346052j),(-0.16448691083601108-0.034447595635739625j),(0.06809022226644504-0.015252640340485828j),(-0.00021040011812269903-0.004546309746295831j),(0.019208788247411738+0.0044369566417506315j)
78,(-1.9987747866879225e-33+1.627344197443867e-34j),(-2.0075644360600953e-33+1.663264478137708e-34j),(-1.1256466046706417e-43+7.942120450318656e-43j),(3.647433577472409e-43-3.212954846630974e-42j),(2.7094870700859973e-39+8.070312230972834e-39j),(3.3774599454506697e-16+2.4350363411830293e-18j),(6.528981378993578e-33+4.520056537257292e-32j),(2.9620396051411755e-16-3.891700172607797e-18j),(-2.2094264020229499e-16-4.263313915098285e-17j),(3.9463451863434533e-22-1.6063970428434249e-22j),(-8.385810032636988e-23-1.8802330710276737e-23j),(-3.8372671474473014e-05-7.750306195278891e-08j),(0.0007659620340003364+4.808695256540462e-06j),(1.2912074833500267e-12-4.85263537911287e-14j),(0.0006743168103258241-9.146106968308367e-06j),(-3.445432580726037e-05+5.710598576209606e-07j),(2.638281401793762e-12+9.223905931596053e-13j),(5.1970544835547125e-06-1.3528240935125964e-06j),(7.344213711778435e-06-2.2951177920832646e-06j),(0.4085211433417194+0.0025375554661223737j),(0.3599756650767877-0.005042122572828255j),(1.4711851607840137e-09-8.067162312794225e-11j),(-9.520880047988972e-08+4.8861824902979276e-08j),(-0.0007243781259668554-2.5846357607152464e-06j),(1.3187432149071559e-05-1.144520900691632e-06j),(-1.9042531258287265e-08+1.3453888342376686e-07j),(0.0002776358717673333+0.00015883195676727582j),(-5.753355339999208e-08-4.6163499977752126e-08j),(-2.511269969017237e-08-7.245825248981889e-09j),(0.00010881187939529965+2.5226043058080436e-05j),(1.0960887335244832e-05+1.3319773094376911e-05j),(-8.179999231186408e-12+4.069647780767151e-12j),(-2.9080209644796546e-12+1.4048188327710967e-12j),(1.0304897812952019e-07+5.285426783890809e-08j),(0.010404547628287493+0.00012024520979891842j),(-1.1505661260847258e-05-1.1328005233721274e-05j),(0.06122838193975447+0.0004763739304509927j),(-1.6342164426067571e-06+6.484133484331599e-07j),(-0.39052269034240855-0.0009420468808417626j),(0.0547643604735263-0.0006917761440854327j),(0.01036915191369873-0.0005482742880027142j),(-0.011676540744358095-0.002386434931065342j),(-0.07042608447674566+0.000534634355591917j),(-4.999806165816026e-13-2.32012066957375e-12j),(-0.061467364464035126+0.0008783652910369713j),(-0.010655469331780637-0.0005549042185411085j),(-0.05497519159592616-0.0006250458549017894j),(1.7036300786924572e-06-1.2084450594864255e-05j),(0.08363828881151851+0.001710498963916611j),(-0.0010125662670912611+9.844510265349254e-05j),(0.06483473000936066+0.005295741758298816j),(0.09961287397235419-0.018466270132059162j),(-2.14994285476467e-06-1.3437760229897078e-06j),(0.018107760199567013+0.0011618643599322228j),(-6.107454074938937e-07+4.721110960662112e-07j),(-0.18785147118480416+0.004608089817956421j),(0.008856010181699306+0.0056838441860582335j),(1.355273815556212e-06+1.1435863654844685e-06j),(0.10902311037903245+0.004104447444678874j),(0.15011204086805335+0.006627014260355765j),(0.003717940095745516-0.0021060768918348166j),(0.13374190811453426+0.01310457570820078j),(0.014735358788975982+0.0030955518875008664j),(-0.0012608455024256597-0.004275034963295458j),(-0.22444760396303198+0.02988524605871596j),(-0.0008989434097348404-0.00304690110968801j),(-0.006499412017199348-0.001308620521988542j),(0.009333667836336285+0.0067747206446660685j),(0.01978285901255254+0.011212738016517038j),(-0.0006194105197933168+0.019636778038684598j),(-0.004080558687257025+0.012430861081098983j),(-0.1498789410059087-0.019965153209666874j),(0.278399303589246-0.008159245477499785j),(-0.23664216711427388-0.0028408641553922254j),(-0.18660696589459103-0.00517861428353782j),(0.147482448996331-0.11056088525139918j),(-0.22340166646320145-0.05167419360701986j),(-0.013229510210672904-0.006689414792750693j),(0.04244497729193188+0.007082245809434678j),(-0.016504671532854127-0.013956690702333224j),(0.030593884163748267-0.0013768810572728127j),(0.014739905255072886-0.03572996908737854j),(-0.11964830977381244+0.002276293213012132j),(5.406483744280046e-16+9.567411524345768e-17j),(-0.06638935334695069+0.012644062276201986j),(-0.05340694072232964+0.0033522312763397946j),(0.017343440593463988+0.0032226771245253616j),(0.026728203033947677-0.0142595342311502j),(-0.07689104598467406+0.01209268949064424j),(0.11146478686064804-0.021365821544446394j),(0.041101679882378755+0.0076727183536795356j),(-0.20586468372394237-0.03698108568524734j),(-0.0056876811481949615+0.0004902490763877498j),(0.038032914130763346+0.0026185556247024823j),(0.009252208054932267+0.00572524370015369j)
79,(-6.319768730950942e-34+4.337453204739685e-35j),(3.0606636245264496e-33-2.0621550834665174e-34j),(-1.3914604181661583e-44+2.410781489640273e-43j),(6.100104530754826e-44-9.343263730623138e-43j),(-4.281370212753132e-40+2.123820047616497e-39j),(1.0667101367800146e-16+2.124723537367804e-18j),(-1.5486104694517474e-33-1.2168030750845667e-32j),(-4.512412780540312e-16-1.0051745169362265e-18j),(-2.445660732964831e-16-1.9659442995955024e-17j),(1.3059329675065488e-22-5.118642215685424e-23j),(-2.9754649450292987e-23-2.3395663574415242e-23j),(-1.2083279685356261e-05-1.8723462769553668e-07j),(0.00024177638590990662+4.61080652859521e-06j),(4.253212714699594e-13-1.1999899696930361e-14j),(-0.0010260185562730858-1.464319661503659e-06j),(5.1695471344578574e-05-7.14439092506902e-08j),(-1.6606097403326957e-12+2.1081016802323003e-13j),(1.6430401462340669e-06-4.0586656412450913e-07j),(-1.1254328193483086e-05+3.326127259874612e-06j),(0.1289291420872568+0.00241315769917904j),(-0.5477797225123933-0.0006818103608693476j),(5.453520968727678e-10-3.2868966559817714e-11j),(-2.8243886283095386e-08+1.333253446009039e-08j),(-0.0006733635478043383+1.2319371010569328e-05j),(3.6933899633363e-05+5.160736964251564e-06j),(1.057203019333208e-07-4.1677186749970316e-07j),(0.00010319409491379674+6.105186105747251e-05j),(-2.9524131617809244e-08-1.7932124548502757e-08j),(4.12637523708145e-08+7.393652445976988e-09j),(-0.00017617087770260546-5.017778434042836e-05j),(8.084858196053365e-06+8.617060638169743e-06j),(-2.5240204280754565e-12+1.3900254317389816e-12j),(4.748103504251898e-12-1.9099968303900267e-12j),(3.0687446085017476e-08+1.483751727182634e-08j),(0.00301670030032361+0.00011382748212586976j),(-1.1694356845394725e-05-1.2585243979033383e-05j),(0.01985467574469193+0.00030944828929833045j),(-1.0741682535796125e-06+5.37938134385259e-07j),(-0.3637927274513644+0.006540362082300494j),(-0.08254994171237152-3.162653780431485e-05j),(-0.013182198958355873-0.0003261061655936335j),(-0.010363171694159725-0.0011601383298291672j),(-0.0222976811190387+6.867943512345927e-05j),(-7.456074560974879e-12+6.1518624646065526e-12j),(0.09421031581255085+5.2658345559015995e-05j),(-0.004678628095578448+0.0002962086536212173j),(-0.05283202796674739+0.0008445458345229216j),(2.9882508303442253e-06+6.84356215197226e-06j),(-0.06090111822353649+0.0031281781057176175j),(-2.969698356043795e-05-0.00015690888014108982j),(0.06078187657332913+0.0018626316849926494j),(0.09280409176033874-0.01051618740817177j),(-2.2498148838623005e-07+4.4729969233583023e-07j),(0.002998979945668383-0.0001813683702576697j),(2.4651240020625796e-06-7.902050526666688e-07j),(0.022765319248371323-0.016822624071828014j),(-0.0200563696809861-0.001236470709106638j),(-4.090927822536049e-06+8.014027459381361e-07j),(-0.24735611201946878-0.006569901862539876j),(-0.13338822771912362-0.020051905531178672j),(0.0023854891300098074+0.0034599429303868337j),(0.08817484810356567+0.0048045621586738346j),(0.010325482701883965+0.0012823861127929685j),(-0.0010805548081622065-0.0027669379395335184j),(-0.14326845061147847+0.017022031974300654j),(0.0007265047847071604-0.0013313728545886327j),(-0.0029475990610696285-0.00539367249383735j),(-0.007219838417645698+0.0020970552988425818j),(-0.007886460021404283+0.007842824628667798j),(-0.0018887928568256137+0.005139699305935042j),(0.0066081242240379374-0.018354086056968748j),(-0.18854320411524314+0.007086299246027314j),(0.287184181457831+0j),(-0.03006485173550652-0.004371032785948409j),(0.29580894123629714+0j),(-0.1382874339892181+0.12059105524916057j),(0.28311303255260134+0.05393700566936971j),(-0.00860986031769069-0.004000211113223527j),(0.018409418949858737-0.000765077180336707j),(-0.10201334283521302+0.007008460896718031j),(-0.051348000738265696-0.003997687487589617j),(-0.04311974169269646+0.012560676758535453j),(0.042068801088383276+0.019974869075018435j),(4.65106056172624e-16-3.017379453229241e-16j),(-0.06532546414289114+0.01190157027671616j),(-0.03977891982283557+0.005943940382869463j),(0.014821956325938499+0.0016577059607444334j),(-0.09233764817065866-0.004779571575823725j),(0.007001863258249836+0.002885284433280293j),(0.12288427183876707-0.00894660784283869j),(0.00018224419274503242-0.01236625419139406j),(-0.151866885895198-0.02192483444003196j),(-0.07615745541153068+0.013651019250175478j),(-0.01681978179067892+0.010434896952167995j),(0.005059120296672981-0.0033774625372901337j)
80,(-3.4407692811196635e-18+3.0516771152116913e-19j),(1.122222109795113e-18-1.1911639448962228e-19j),(-1.2673754533549445e-28+8.942033759867805e-28j),(-5.123415974320745e-28-4.026893009273469e-27j),(-1.892742292545786e-24+8.324570235199831e-24j),(0.5465235089658742+0j),(3.888741659763476e-17+5.259390449883332e-17j),(-0.1555936990578193+0.005625764910137894j),(0.4259405578652367+0j),(1.4188180516346016e-16-1.5770354387739022e-16j),(-3.915189024558088e-17-6.595468000312321e-17j),(1.0788370196903784e-05-1.1867510731637892e-07j),(-0.00019065074867468664+1.4828727830734173e-06j),(5.835990349261248e-08-5.062518044999028e-09j),(5.6479254920075086e-05-2.3447432455511845e-06j),(-3.1642975601768156e-06+1.3350556840745435e-07j),(-2.5982339321810606e-09+6.666214176605336e-09j),(-0.0013278214729527265+0.00025228650570925204j),(0.0005733921290185899-0.00013218957431166024j),(2.1655603237158083e-05-8.457718584435765e-07j),(-7.200104704888161e-06+5.934579116563272e-07j),(-3.5459502814751533e-06+4.693918774731547e-07j),(0.00019172666571383817-0.00010097461650482515j),(-0.00026811408410337695+5.958448927993164e-05j),(1.319496451569577e-05-2.6753609324324133e-06j),(-5.4348267688552004e-05+0.0002791787650375107j),(-0.30702359782832356-0.001888364888743277j),(3.067163822903985e-05-1.1757434518466727e-06j),(-7.032538295911138e-06+2.430790351596829e-06j),(0.08133234024414696-0.003653871998062011j),(-0.22642461812857173-0.0017196698648825684j),(-3.186471437842505e-10+6.811326385888307e-11j),(5.42535646044384e-11+5.168129878407972e-12j),(9.28409657749461e-06-1.3194946962485009e-06j),(0.0002883000036163672+0.0004390496949776632j),(0.002773608067260855+0.0011228350042853602j),(-0.00014389035019055248+0.0013572902987174004j),(-9.530978410405728e-05-8.789195102472325e-06j),(2.866980334014785e-06-1.0694815921673108e-05j),(0.0006560707980919461-0.00013103646128860666j),(2.515259905206396e-05-1.7438481866624488e-05j),(-0.03780588065753982+0.006608952518793957j),(-0.0004979393805279228+0.0016262576313028076j),(1.3023629187435996e-10-8.591434935795308e-11j),(0.00011053834111676174-7.360386779386419e-05j),(0.0006747368994988969-4.9732227839505784e-05j),(0.004203632509557506-0.0006665956211981212j),(5.26692663680872e-05-1.5174523018059618e-05j),(0.01311043033724222+0.0031195795212491505j),(0.0008605128454934594-0.00030786971418190486j),(-0.001043829819357427+0.003750423908001958j),(0.0631857930427347-0.00521635003763803j),(2.0420610129516482e-06+5.789079021840072e-07j),(-0.023826139570408304+0.00045217822444868405j),(1.225428676664649e-06+1.269615980958497e-06j),(0.09617584057900605-0.004558102927992497j),(0.008061594146717439-0.0034319634600618355j),(-1.2758771496502958e-05-4.632552246077577e-06j),(0.05284006402134578-0.009018599447843473j),(-0.0028424256117181588+0.00478228350159879j),(-0.03735023584727905-0.0006828875447327304j),(-0.21430437250053605+0.004410692182033493j),(0.015545693944699913+0.006046897362704109j),(-0.0016590840882871646-0.004171740460395748j),(-0.1773683691287407+0.012169904718098576j),(-0.0003228318681988336-0.0013071209008660358j),(-0.012002182091937742-0.0018946405808943283j),(0.004911903567039847+0.00785339726819675j),(0.016322816266762134+0.0033909151692056005j),(-0.02008759918125394+0.05154215918185272j),(0.0069011182250031024-0.012960364409570591j),(0.004659584874251245-0.010429328767887894j),(0.0665758554180996+0.01787798863758551j),(0.14690336718347252+0.009556828742750365j),(-0.06450570420707107-0.004845775006828002j),(0.08539831348683194-0.009997481803877249j),(0.026859357989376755-0.040025121107496994j),(0.026168105133187215+0.001620580648491696j),(-0.006628154561734009+0.0005066183926226719j),(-0.24245382806019808-0.016869262819689687j),(0.001562172019380496+0.00026440594005821644j),(-0.0348481855912089-0.05071855676162362j),(-0.14876812068704087+0.03937832461712921j),(7.773709996720478e-17-2.657643016846629e-16j),(0.137906840966731-0.020398357751502068j),(0.07835028640358167-0.014203095012611302j),(-0.0721529378937932+0.0034598010949824023j),(-0.10526789302465342-0.018100879715017667j),(0.05866666195128287+0.033689307062611556j),(-0.22696681085201928-0.005891699877399972j),(0.034890013239252046-0.004435678078998941j),(-0.07186015514556739+0.04366713118847791j),(-0.10176724229288447+0.024732758837258895j),(-0.00750022938508397+0.009568953559328418j),(-0.06769001160726422-0.01096698362871865j)
81,(2.7116335118170906e-18-2.2721012468017035e-19j),(2.7455351332353933e-18-2.3353489813248233e-19j),(2.705488234825202e-28-7.826038927287738e-28j),(-9.175357998880158e-28+3.2160861771377808e-27j),(1.863229165805416e-24-7.291015239092109e-24j),(-0.43051812123759153-0.002095760832410254j),(3.412691309804393e-17+7.352066323449254e-17j),(-0.3800124401669362+0.005775341144059171j),(0.4178198242582784-0.0013030571119204831j),(-1.2060281215236898e-16+7.071124842840959e-17j),(-5.4797205936365965e-17-1.526585576754378e-16j),(-8.311337197777113e-06+7.333016497007088e-08j),(0.0001466103871238868-7.989418408784285e-07j),(-4.590471969730292e-08+3.687080463328479e-09j),(0.00012941156659125865-3.533239647216149e-06j),(-7.423617792498255e-06+2.205868841671949e-07j),(-6.551936573618649e-08-2.3293131590128775e-09j),(0.001056365807547699-0.00019541050759599483j),(0.0013617252871658682-0.00028422200926262646j),(-1.6194448111751164e-05+6.482075277862646e-07j),(-1.5069807215569809e-05+1.213856844445055e-06j),(2.813459505623404e-06-3.059750210153376e-07j),(-0.00016557035652720858+8.666947596548954e-05j),(-0.00016590258011214972+2.684556278476404e-05j),(7.967964302445779e-06-8.851461144233616e-07j),(-9.201465271601823e-05+0.00039214567120317257j),(0.2355117895517538+0.0006643372003461157j),(-1.8362721501035303e-05-2.3994240367675645e-07j),(-2.297660608393461e-05+2.7930276695079954e-06j),(0.21455901359910018-0.0010726553548285264j),(-0.22406695446762148-0.002160242721841635j),(3.5504288116274334e-10+1.2324767291676377e-10j),(1.478454964553771e-10+2.348702328788621e-11j),(3.856263469307627e-06-4.012657183139402e-06j),(-0.0001976959689491683-0.0002862824920660248j),(0.002750611037986455+0.0010976762086603571j),(8.345025454994384e-05-0.000850912566922969j),(-3.244866372181683e-05-1.1555846610061748e-05j),(1.2720345081223076e-06-1.9472480848833034e-06j),(0.0006163806608325423-0.00024377175399546214j),(4.1484027625603124e-05-7.332132641237022e-05j),(0.015578358086886386-0.0032693071579132397j),(9.530599093953938e-05-0.000667204016777001j),(-2.8059339622816136e-10+1.180700793419974e-10j),(-0.0003454275698325987+8.177225855322893e-05j),(-0.0005625503452956184-1.3368909802251316e-05j),(-0.005532497484354103+0.0009296197666065933j),(-4.652678006930635e-05+2.6401664961277556e-05j),(-0.1147647551325844+0.0015063632130832214j),(-0.0013933264129673347+0.00039912703047176356j),(-0.00034415655246069696-0.003211784473609469j),(-0.045985605035277995+0.0036112607985307986j),(-5.135961832963785e-07-1.6017121171505227e-06j),(0.020250027141683506+0.00046248612699317294j),(6.493753733994056e-07-2.2875123041563634e-07j),(-0.13098601434369153+0.00283865631911126j),(0.013411877722854813+0.002909031893574679j),(2.2563053232634495e-06-8.308017664347452e-08j),(0.0179917574237517+0.004259491708202355j),(0.05603805180736823+0.0025919336710805464j),(-0.022567990619174055+5.052099141675693e-05j),(-0.00855801492116091+0.006231726327463643j),(-0.00977942630853168-0.00017671509364703937j),(0.000914679638509196+0.0022853008857196657j),(-0.07947395815928032+0.0047164393386143755j),(0.003346469151389528-0.0011152974706355341j),(0.011586517192215453-0.013320567686662618j),(-0.0314609021879063-0.006984447398478009j),(-0.04976532885743782-0.006015231102947661j),(0.025451363764660274-0.04652262308041874j),(0.021993083834336038-0.03396177122704375j),(0.033200599189384596+0.00016831406216189643j),(0.06740373998365476+0.01446858480736405j),(-0.13821671052501305-0.008900148565589724j),(-0.09201642059780132-0.007878934036405346j),(-0.14931778557124178+0.028901022133385412j),(-0.01920912752710238+0.06550797286319417j),(0.025723223500814515+0.0028389898222645326j),(-0.019088655391317634+0.005704700198796986j),(0.07672772868719942+0.04324024777885121j),(-0.0062943232926213+0.0033847099723879814j),(-0.040899023670997584+0.0916178189001686j),(0.3152213319785886+0j),(-1.0740115751071305e-16-2.2405318677816607e-16j),(0.13296964524927074-0.01853437653283662j),(0.09204416487683229-0.012326906499484692j),(-0.05197080036583101-0.0006326739753345391j),(-0.05679109278474431+0.0354749493052903j),(0.13056665250484795+0.0221188181981736j),(-0.1906270717577735+0.0015459033367676428j),(-0.09758029134601094-0.014760166372269089j),(-0.09412247396945284+0.04079520890736321j),(0.008047167936646529-0.003483960223243468j),(-0.08699422684531882-0.0009234583617620182j),(-0.06989063846675365-0.018159724541188495j)
82,(8.568112131112415e-19-6.078927259280749e-20j),(-4.1820147875431076e-18+2.9172094560361664e-19j),(1.154284054293586e-28-2.9149688821576024e-28j),(-2.8244370372991174e-28+1.0235078248822802e-27j),(8.961989960848513e-25-2.4052424366831864e-24j),(-0.13588678822358302-0.0023944582937152348j),(-1.6752823985589548e-18-2.950587228076928e-17j),(0.5782661483604483+0j),(0.38916834555854585-0.009173081001582803j),(-3.075394945453396e-17+1.2140924715684942e-16j),(-9.003027935230854e-17+2.6590545392503504e-18j),(-2.6643485711873833e-06-1.0265911467554605e-08j),(4.7252116780086016e-05+2.923752457672626e-07j),(-1.4720487006794326e-08+1.0724282094252595e-09j),(-0.0001991485845417802+2.3259916338297533e-06j),(1.1346271225457423e-05-1.527013360628236e-07j),(7.304812975899169e-08-3.3641255209971343e-09j),(0.00032422224808255985-5.5117237481319245e-05j),(-0.0020915462067586602+0.000405285986514281j),(-5.3723173036623586e-06+1.6185672144357814e-07j),(2.364528040214116e-05-1.49655765827833e-06j),(9.245428227894344e-07-1.1336218059664985e-07j),(-3.337510691830615e-05+1.6299808876855315e-05j),(-0.00015922526080915382+2.976726889780925e-05j),(7.833188160935254e-06-1.2679441377527674e-06j),(0.00017380087550963638-0.0007199136204686831j),(0.08023659280430358+0.0023571569817758785j),(-1.4188140634661259e-05+1.4109638595067417e-06j),(3.2280667990313626e-05-4.921763494378989e-06j),(-0.31833074378113296-0.0012344531763343047j),(-0.20892195276127465+0.002265379316884017j),(1.1758946018352592e-10+9.16859225499727e-11j),(-1.9570936414349183e-10-2.8273264008327764e-11j),(5.458814583064378e-06-2.98579720689636e-06j),(-6.845071969024608e-05-0.00010308575447526241j),(0.0025648260344838837+0.0009725436652475463j),(3.5902425185531595e-05-0.0003417805609933707j),(-7.843610037468784e-05-1.0222330915199913e-05j),(1.2011795572926208e-06-2.291005431128818e-06j),(-0.0012388499501161346+0.00037742992916178867j),(-6.858081316754046e-05+9.313366674191305e-05j),(0.01042372760201631-0.002655715872230108j),(0.0001190821617978501-0.00047582810842396634j),(7.855528062078744e-12-3.5231693942121474e-11j),(0.00031843387429746035-2.2010276071665787e-05j),(-0.0005613949611097355+0.00010723568857915378j),(-0.00380009317729596+0.0004853425852000394j),(-1.7764498878041695e-05-8.73986567986834e-06j),(0.09876878864631466-0.006341044207875381j),(0.00024012341794339714+4.732414208950669e-05j),(0.004180012529569288-0.0048547461340428845j),(-0.08910623967249415+0.00019482869629223326j),(-1.1800022940170713e-06+2.7964023500609847e-07j),(0.006790819863140484+0.0004421741172183145j),(-7.327211592748795e-07-3.8722227000642975e-07j),(-0.04343016426167645-0.005693982301743741j),(-0.025026954102933117+0.001993977000946808j),(4.2793029731228845e-06+1.274415175608398e-06j),(-0.12832594345005938-7.979969785042174e-05j),(-0.037238946282409285-0.007899526925186239j),(-0.02056135037905837+0.002276000748013089j),(-0.01740979941404945+0.005572733989284082j),(-0.010902223728143503+0.0021618817731600456j),(0.0017263519742573515+0.0018965551857930206j),(-0.06574903484385082+0.0068835065550159474j),(-0.001543978875654644-0.0028880375360578045j),(0.006800966443865764+0.003888931912307634j),(0.01711346803988456+0.00017825283505466675j),(0.021660622471108254+0.00038970202486464985j),(0.0079762884508131-0.014532797435386213j),(-0.03485684369521478+0.05320248750821362j),(-0.00045682827040472254+0.003919518450871978j),(0.07728999026434506+0.01970658273911404j),(-0.020466295801158274-0.0028881953297129597j),(0.1632852786675478+0.009570047238302643j),(0.0036300116624546066-0.00028500493527513896j),(0.008769344438851131-0.009595677155075274j),(0.02232477659615147+0.002196556901141198j),(-0.013527922557347057+0.005303591042041254j),(0.23968997641120324-0.028316173945507353j),(0.023139109845086873-0.00439215869415582j),(0.12807381647963872-0.04743883858846069j),(-0.17972236048190138-0.06984128821528056j),(-6.983748998764039e-16+5.153692934048961e-16j),(0.12779577062740716-0.02104990474396009j),(0.077192306414179-0.015300823083227038j),(-0.045446134150905336+0.0013417552251875388j),(0.2243953155228829+0.010063030414791618j),(-0.002446774441400292+0.02615905431621779j),(-0.210968487792646-0.005981587478719345j),(0.007417021931232995+0.038365227121369146j),(-0.060249379141907394+0.03612767854821196j),(0.14321020202425092-0.028375012171304836j),(0.030213956527486277-0.015571876545532451j),(-0.042613578883838786+0.006390419290758011j)
83,(-2.8560073325847347e-22+5.021833595509745e-23j),(1.1031787831274543e-22-1.9446304282803812e-23j),(3.996669437717529e-33+8.964517652635365e-32j),(1.8672262287954135e-32-3.5844199118958938e-31j),(-2.2600389796803243e-28+8.395500316729179e-28j),(4.678452142518084e-05-4.014475057434152e-06j),(4.0794830357753344e-21+1.0853071989486643e-20j),(-1.5741555221724916e-05+1.6578782681550144e-06j),(9.540818518690256e-05-1.562289209465259e-05j),(-5.441503873183615e-20+7.736441116314267e-20j),(-2.2432462532952466e-20+3.477242920678205e-21j),(-2.1818531279477718e-08+2.2071085142428336e-09j),(3.985977056852192e-07-3.9007129886981156e-08j),(-2.0554700086671892e-10+3.518635499334548e-11j),(-1.407487827788087e-07+1.616112789993167e-08j),(7.628992870759597e-09-8.813385948073983e-10j),(9.619716172427358e-12-2.8701351046680626e-11j),(6.335833738149716e-06-1.8058341822610965e-06j),(-3.2649613057010915e-06+1.008110348981281e-06j),(-9.817522070181326e-08+1.3060576901142644e-08j),(3.914665555560037e-08-6.273127102518513e-09j),(2.6036043320418716e-08-5.486535770729453e-09j),(-1.3997948885994181e-06+9.131678655490451e-07j),(1.5337661943800698e-06-6.668007156821969e-07j),(-7.297542730316157e-08+3.003299602936796e-08j),(3.0616471510674874e-07-2.6164056363194057e-06j),(0.0029002032141634245+2.1427966179331714e-05j),(-3.3821264652463307e-07+1.609529720832799e-08j),(8.004053343722289e-08-2.859790873655254e-08j),(-0.0007684229276110594+3.370404081175202e-05j),(0.0021953260520731935+4.144299674281138e-06j),(4.609347069628741e-12-1.2111500623836405e-12j),(-9.51592635182248e-13-4.6885121187823065e-14j),(-1.3132229847025267e-07+3.2045344723206866e-08j),(-4.3643928013974725e-06-4.942960781393685e-06j),(-4.015664584697453e-05-8.363399634024885e-06j),(-2.5125828378801746e-06-1.8817396303419883e-05j),(2.0978182131508777e-06-2.128989363149051e-07j),(8.752923573986925e-09+1.4871840769327933e-07j),(-9.680334335277229e-06+3.1030289870409e-06j),(-2.558979227735176e-07+3.0215672004613943e-07j),(0.0008512154341851473-0.00030725963317397814j),(7.63124389746114e-06-4.1035731523309026e-05j),(-5.37080877265961e-12+5.846468218959617e-12j),(-3.329028415553641e-06+2.6289438172097943e-06j),(-2.722089942083413e-05+9.085045822793405e-06j),(-0.00021911748636180132+0.00010548718700706699j),(-4.900425321391795e-06+3.4091290320953547e-06j),(-0.0022234461911022014-0.00011557311087004405j),(-0.0001790270507928148+0.00036054195467024794j),(-0.0002444001649041619-0.0007948485839690852j),(-0.0169885286723081+0.007175634253677163j),(7.084525776162498e-07+8.220925090434756e-07j),(0.6538576838123292+0j),(-4.7529154531480065e-08-4.877786693839638e-08j),(0.060634040884850596-0.006210378198631152j),(-0.18571763193013185+0.006155504093250122j),(-4.270884097106174e-06+1.0358055790883659e-05j),(0.027059735619257768-0.005202801049011349j),(-0.0024331052024546404+0.013070358900750444j),(0.5652018802769674+0j),(-0.035733229538445294+0.0015639990895811328j),(0.0001373942083241415-0.0006030514204685231j),(-0.00021847019903808827+0.00014499692097781714j),(-0.016922386792007527+0.007520342341312443j),(0.00019068618749306315-0.0001945262553652401j),(0.0004992993453239521+0.0007501921695758581j),(-6.770657757861106e-05-0.0009465701751315756j),(4.7243326157904593e-05-0.0035602132632263895j),(0.3901404109339013+0.08341991475639843j),(-0.11075676982310134-0.032440716034742766j),(0.0001953968099559122+0.0009874801480257841j),(0.009667110862370605+0.0028224084445003634j),(0.01918670109338958-0.002713657745076299j),(-0.008356051247716996+0.0009428768874665666j),(0.0033425263787596523-0.023894397395804432j),(-0.007553583596280861-0.008296589636259358j),(0.004355833397660903+0.000269056131655435j),(-0.0014927553490317444-4.321159232688595e-05j),(-0.043518558934034966+0.04294364747307156j),(0.00045171304798935806+0.00018275561290656816j),(-0.018375408737599973-0.0013462071980692193j),(-0.018096900543860532+0.03279026084314958j),(-3.4093058592019884e-16+2.0438752717690896e-17j),(0.030087253656624895-0.0030911864919627597j),(0.01583857187946019-0.0020572578103167033j),(-0.01310387164060623+0.0008633247900798969j),(-0.03011427119940696+0.0017862619647532156j),(0.017900733215189903+0.010487826356797646j),(-0.054090177635714005-0.004858474779276787j),(0.015801438903929963-0.016373085878986754j),(-0.025410117871950955+0.007822514023292265j),(-0.007770321861486391+0.01347265694570628j),(-0.010217640358933867-0.001863859434913612j),(0.16636965337969795+0.021863403828342422j)
84,(2.2517338373728007e-22-3.8464654689060126e-23j),(2.7032098838630296e-22-4.1850317497243383e-23j),(-8.86362412621032e-33-8.476750024063291e-32j),(2.9373103029503e-32+3.4738914846637667e-31j),(-7.850649328501438e-29-7.882673769441646e-28j),(-3.686939802710266e-05+2.982945089822477e-06j),(-2.6608105063790126e-21-2.302753066844987e-21j),(-3.8501969756935456e-05+3.2412521521255293e-06j),(9.35411123994102e-05-1.5616835106584302e-05j),(4.2267395880699207e-20-6.735728269367169e-20j),(-1.0143919938217764e-20-2.4159891677740716e-20j),(1.684687068218368e-08-1.664920895718722e-09j),(-3.0721884064764515e-07+2.930186333787121e-08j),(1.617798972492073e-10-2.6628771857989508e-11j),(-3.227814922813496e-07+3.2453166797781e-08j),(1.7916661194394368e-08-1.8452854883995125e-09j),(2.7697252453995617e-10-7.458686709065241e-12j),(-5.043513041563029e-06+1.4109601493797366e-06j),(-7.76746560644162e-06+2.221732732058543e-06j),(7.35461530247321e-08-9.836246824690615e-09j),(8.190172570296663e-08-1.2978151660761542e-08j),(-2.070224595683116e-08+3.857949645319206e-09j),(1.2090764431381974e-06-7.843211003929485e-07j),(9.437094395347084e-07-3.4793635346491916e-07j),(-4.401315312222075e-08+1.3660136350968631e-08j),(5.742047625517171e-07-3.678117269446321e-06j),(-0.0022248812887995253-9.326983740693762e-06j),(2.0303368493375928e-07+7.74558687880695e-10j),(2.6276206561471974e-07-3.4079063388474364e-08j),(-0.002028441352002398+7.2241248415159335e-06j),(0.002172162315290673+8.681523117773512e-06j),(-5.249315461864486e-12-1.4756196179639733e-12j),(-2.6165557617631754e-12-2.9966964671637577e-13j),(-4.792959077109777e-08+6.292972033568684e-08j),(2.9312009119694525e-06+3.213562890588974e-06j),(-3.9788836300404646e-05-8.076739148953348e-06j),(1.3260066681997868e-06+1.1796576062693588e-05j),(6.950942228597008e-07+1.406681984684013e-07j),(-1.7168793033576363e-09+2.6639813579474637e-08j),(-8.63257197517265e-06+4.757533175024237e-06j),(-2.8547581054670194e-07+1.0820817833179839e-06j),(-0.00037223434057014976+0.00014710538645661765j),(-8.354544465178801e-07+1.7719648252341568e-05j),(1.1081684676271754e-11-8.56841608472618e-12j),(1.0568909315324147e-05-3.587213421330736e-06j),(2.2079331026631314e-05-4.760115537009015e-06j),(0.00025611599782303395-0.00011687442907610058j),(3.844612235410347e-06-3.964206797148901e-06j),(0.011652274384918764-0.0015754545935808247j),(0.00026114243408967774-0.0003721269573991959j),(0.0003237403069867435+0.00044084224866522827j),(0.010161641280881619-0.004152254455809931j),(5.424015850435554e-08+1.0894442716082032e-07j),(-0.5149141896083053-0.002519914942660061j),(-1.5182544683771757e-07-2.0686352963598704e-07j),(-0.04234072146921288-0.011671297896826738j),(-0.4614865584699689+0.01002899480720662j),(-2.8331129361193643e-06+9.82529083672976e-06j),(0.032178781168688074+0.00011221387366431787j),(0.003861676759391481+0.011175735274643247j),(0.5582049475174458-0.0011002637866390913j),(-0.029704471850811428-0.006402314187369985j),(-0.00036553076710477714+0.0012619984111742507j),(0.0001954402919224573-0.00010748107735677102j),(-0.02066065515443499-0.0019049689029171256j),(0.000127116494087503-0.0005577132503980774j),(-0.0008354037137012744-0.00198135232274029j),(-0.0018028967366288083+0.00308132450062901j),(-0.0025679436838907787+0.006774893166254333j),(-0.3061230218393866-0.06497315571182728j),(-0.25079322061824166-0.06598213010342598j),(0.002438491253064606-0.003937166668296796j),(0.009694558789130784+0.0023649529418013245j),(-0.018176714528713604+0.002290925376670267j),(-0.011974681297166253+0.0011232702832816913j),(-0.007484948778853343+0.029492747865183966j),(0.010442042959545471+0.010780970090506513j),(0.0043371592849406945+0.0004534053945622501j),(-0.0030340114125692176+0.0011179408855840772j),(0.015325256507116424-0.007464870291854931j),(-0.0005301834433478423+0.0008807816302086705j),(0.003330660452952265+0.023924099607605304j),(0.05479765304359724-0.04226862634568844j),(9.823226559833427e-17-9.582471985928146e-17j),(0.029431909379612473-0.0025252053579589984j),(0.01795915186996399-0.0023492442697579685j),(-0.010307714603195807-0.0005830207937207012j),(-0.014896981450756356+0.004217656890686772j),(0.028818647137130893+0.004114960505857603j),(-0.04789642768634618-0.005730375955388103j),(-0.00931403026676555-0.0034909562373909176j),(-0.029446301449386675+0.008670471126120995j),(0.008606564371978832-0.0007920337114360144j),(-0.024751219681042276+0.0029232398987542683j),(0.165994111751823+0.022850571043136626j)
85,(7.12293312004408e-23-1.1233881002791584e-23j),(-4.12178876311025e-22+5.740449167176066e-23j),(1.9231614915870725e-33-2.3389024436552023e-32j),(-4.667409048492056e-33+8.961336479758545e-32j),(5.735097093893289e-29-2.396548700523068e-28j),(-1.165001738042249e-05+7.931699221028876e-07j),(-6.301755700933948e-22-2.1497677361140785e-21j),(5.86501742777886e-05-4.040804513302113e-06j),(8.683564644169093e-05-1.6328680259948608e-05j),(-2.76961756325161e-22-1.6952057035347316e-20j),(-2.2226635134937733e-20+1.519116394803009e-20j),(5.415308356360544e-09-4.663266342228949e-10j),(-9.926693471696943e-08+8.309147854554741e-09j),(5.192231522147555e-11-8.151512310822414e-12j),(4.977349525715214e-07-4.21581535032903e-08j),(-2.7438390561432028e-08+2.3736733202379964e-09j),(-3.0767102118473856e-10+3.3324670978230166e-11j),(-1.5500781005936854e-06+4.094523549310058e-07j),(1.1944758268007582e-05-3.2307775877358257e-06j),(2.444598083270294e-08-3.0217502444438803e-09j),(-1.2881038842106305e-07+1.8119581343904338e-08j),(-6.797682284971911e-09+1.3613696144805625e-09j),(2.448373657653211e-07-1.4935582280601598e-07j),(9.038914571130982e-07-3.58345862242809e-07j),(-4.300937529727261e-08+1.5775942988958972e-08j),(-1.1010556492882511e-06+6.764078108018916e-06j),(-0.0007576304614802326-2.323404035470462e-05j),(1.5589959613420438e-07-1.6977520586596406e-08j),(-3.6901260181695725e-07+5.9377348012899823e-08j),(0.003009919874139922+1.6325176361757098e-05j),(0.0020259193096151106-3.30105140508488e-05j),(-1.770621017493519e-12-1.2107878861217423e-12j),(3.468122209058132e-12+3.483442910349945e-13j),(-7.308677505847112e-08+5.053028292590935e-08j),(1.0109080973427963e-06+1.1621346218523876e-06j),(-3.6996842166489136e-05-6.857087828700176e-06j),(4.326761902666965e-07+4.7435716179802454e-06j),(1.7236235774541848e-06-1.0092693657452619e-07j),(-4.737989994372197e-10+3.149114875861791e-08j),(1.8185486370238195e-05-7.823039531138558e-06j),(5.793910452447722e-07-1.415000176303036e-06j),(-0.00024366381615385208+0.00010792825553436556j),(-1.786855796279348e-06+1.2543283656154895e-05j),(-4.794983342187197e-14+1.6436622159027474e-12j),(-9.557868230662568e-06+1.494470073839241e-06j),(2.0224289355835098e-05-9.01811309000719e-06j),(0.00017104146612520726-6.757432034321125e-05j),(1.8954418245782696e-06+2.0444470313948733e-07j),(-0.009407511403043849+0.0018027859995957208j),(-4.9800752255343294e-05-2.013508579624376e-05j),(-0.0002266218535739647+0.0008520787748948092j),(0.015042463903972288-0.004165508575155029j),(-8.89619168518722e-07-8.59687464945924e-07j),(-0.1626489853493637-0.002871088331499118j),(-5.420059520528222e-07-1.7571410129811253e-07j),(-0.004595045889427235+0.0177550812204411j),(0.7112713427795732+0j),(-1.7031705448563464e-06+9.106834479688418e-06j),(-0.048950011766852514+0.002812071856731529j),(-0.00923962841938806+0.010935068024240114j),(0.5091374037903785-0.010567926315697737j),(-0.025583488002055985-0.005112488786140195j),(-0.0004928708694011008+0.0012896163645459992j),(0.00021059512266481605-9.042566717444556e-05j),(-0.017323273398209778-0.002378006372730831j),(-6.862520312379966e-05-7.875534203444908e-05j),(0.0009682509984329373-0.0009184675730880703j),(9.227255607616289e-05-0.0017960346698385112j),(0.0007843261919533602-0.0033079150791934164j),(-0.09015650908666115-0.016098903179127363j),(0.37900912512197604+0.09374768268055753j),(0.0017407909341372887+0.0014777498192895216j),(0.011040413658542716+0.0028115387119767286j),(-0.002784197170773468+8.008762646973325e-05j),(0.021324362403168748-0.0025607415637945953j),(0.0001899303220166623-0.002902706687690722j),(-0.0014025212790434642-0.0017054682362050576j),(0.0038521891900512918+0.00047100587990975273j),(-0.002283023846951031+0.000869744528882525j),(0.026204062562561678-0.04138692560006012j),(0.0032926672986927663-0.0011786218276207854j),(0.010850056136266993-0.02415412345019813j),(-0.03662314432649036+0.014926461636365223j),(-1.1611491649207935e-16+1.5711937110113573e-16j),(0.02861513629802004-0.002550484990727929j),(0.015676912737212303-0.002144281177684818j),(-0.009297176499897671-0.0005452391087528937j),(0.02874252058845647-0.031106086712071337j),(0.007683821573224204+0.013132934649864935j),(-0.05164342080939438-0.0062589176120984805j),(0.015627589228987288-0.004939071631551769j),(-0.024232946652663113+0.005436800886310288j),(0.029090074504251363-0.014889791028440562j),(-0.006287305772830181-0.009364164426783917j),(0.1763736492952326+0.03233252949068056j)
86,(-5.853745484857746e-18-4.2200068299448112e-19j),(-6.072948884629119e-18-4.1937046046280297e-19j),(-2.3216473086791376e-31-3.779522476501599e-31j),(-5.43833289487316e-32-5.778560226313292e-32j),(8.617093192580929e-34+2.56031929169882e-32j),(4.821049437987219e-11-9.254305695616525e-13j),(1.2199383226169078e-17+1.0767338662559083e-18j),(5.976985622161978e-11-3.3406513082278164e-13j),(-3.2923462706726516e-10+6.204924949482293e-11j),(7.688710921450884e-17-8.570071010197879e-17j),(2.1294575102700088e-18+6.105091004674338e-18j),(2.4536205199535774e-11-1.2531142049638718e-12j),(-4.851371080187536e-10+2.3275431229339756e-11j),(2.1438135664336254e-07+2.5918795759974907e-08j),(-6.189121853544916e-10+2.3678307924990637e-11j),(3.174501190058422e-11-1.2737216958983673e-12j),(2.5720336541979544e-07+5.714009550372052e-08j),(-0.002795002397030831-0.00019822885289736965j),(-0.002891591383695363-0.00019873946823177006j),(3.4720704705541144e-08-6.71347552412217e-09j),(5.846057686635927e-08-1.3148844220563507e-08j),(-2.0604732408211327e-06-6.83284373676984e-07j),(0.00012522322673318208+8.76016071990481e-06j),(8.033805320235447e-09-4.834680988591443e-09j),(-3.819376032952342e-10+2.2398098284307949e-10j),(0.0001067014369063894+7.240883874711681e-06j),(5.094963985023545e-06-7.099379187015314e-06j),(-6.657458123810446e-06-5.691976247370314e-08j),(-1.2492978385282542e-05+1.185459378886113e-06j),(2.043509666362993e-05-5.77286868882985e-06j),(5.129960651977009e-05+3.6326974152206435e-05j),(4.246154429355364e-10+2.2697931075910104e-10j),(2.1957332271681447e-10+4.062009245446408e-11j),(1.1419251119693721e-05-1.1050464853513591e-05j),(5.0950971841821397e-08-1.1042720149498428e-08j),(0.007275074730775938-0.0001364367483354487j),(8.237332474408805e-07-2.948556348991152e-07j),(-0.00023446401990042317-1.3642686476003364e-06j),(-2.2926901019997653e-07-2.8508326509007803e-07j),(1.4155774970963284e-07+6.5522524108938685e-09j),(3.1394860580044926e-08+9.344418481376745e-09j),(1.7308860919261483e-05-1.727088093513799e-08j),(3.318599161946645e-07-7.062456595724387e-07j),(-7.144710547503046e-10+2.2156581684950816e-10j),(-3.2258512952758563e-07+2.9113047864208726e-08j),(-6.032180151521163e-07-2.8957649009895235e-08j),(-7.060698792032617e-06+1.3453499362685788e-06j),(-9.34700068729997e-05+1.536391686862469e-05j),(-0.000315989049474318-3.369776329695216e-05j),(-0.004299600440677563+0.0002475608125949158j),(-3.2792182086017016e-06-1.1010739161256768e-05j),(-0.0001867993223514782-2.1271038775331504e-06j),(5.879021172026354e-06-3.1057869053528437e-06j),(0.00013764011256077745+2.1400209837738905e-05j),(1.3158154445180287e-06-7.525987896950318e-07j),(-0.0010180745004302924-4.120841627998947e-05j),(9.655949129893932e-05+3.6472944564223955e-05j),(9.005405291072463e-06+1.2219527709186728e-06j),(0.00019959765370090017+6.344339029029964e-05j),(0.0010722988762974608+3.719684966814528e-05j),(-5.7821429438860856e-05-2.6174952015921104e-05j),(0.0034210640211494755-0.00048612053656404367j),(-0.030615052052532118-0.007533055866720355j),(0.0017658127379224097+0.008400975477606914j),(-0.0011735056080200445-0.0042862412994705175j),(0.009570867841243374+0.0018380584317205812j),(0.034272162524045066-0.0320296348007728j),(-0.09187782638088166-0.031813427605104555j),(-0.1423773180753312-0.02828628008661902j),(-0.014232394741576587+0.004873755349952934j),(-0.009336567932405233+0.002641734341915352j),(0.003402937123858425-0.0070463349166063095j),(0.009642411097130422+0.004509940414688055j),(-0.043082791485832606-0.0076359351817655435j),(-0.02531447858998308-0.004826925873120062j),(-0.33264702980833266-0.02706862000373414j),(-0.20088581487466273+0.11233533182241517j),(0.12320913719046153+0.0286298505627345j),(-0.1924292144277835-0.004426330782375289j),(-0.19218620501089267-0.02064874619059679j),(-0.12349798521640418+0.01814665121908999j),(0.044825063730442316-0.1363885151362276j),(-0.267606786940215+0.01498684613254362j),(-1.0613817969700744e-15+3.9749909166918793e-16j),(0.1739940419671323+0.028222910670877274j),(0.3401581073469929+0j),(-0.12301586304676723-0.02511903555344227j),(0.12274292633928768+0.001104088426371122j),(0.2846133156849451-0.10563650989807043j),(0.42556041641551184+0j),(0.15684737194499365+0.058869608286651505j),(0.08449928431925166-0.005927009742868833j),(0.12283801886504031-0.0558917396587651j),(-0.31844484988277555+0.06314887349906975j),(-0.005916807596816381+0.014620464938204021j)
87,(8.159671631000209e-18+5.247472833376182e-21j),(-2.324426284827339e-18+8.324578539616231e-20j),(2.457773735009221e-31-6.733449424209428e-30j),(2.939801302508949e-30+2.6845299111595775e-29j),(1.913729547554755e-27-6.701954231188463e-26j),(-0.0035781080377288387+0.0003229087781455093j),(9.965333415118357e-18-2.680864765319588e-18j),(0.0012066828661355365-0.00013241357806085787j),(-0.0074430144291974636+0.0012884759981525292j),(-1.3692330542884861e-16+1.7365327172906906e-16j),(2.7952257865821577e-18+1.5937930114147848e-18j),(-2.0922585972265634e-06+2.5159096166681804e-07j),(3.833882299532923e-05-4.507218089876341e-06j),(-4.250184253330397e-07-3.2173311346618054e-09j),(-1.4015079243911992e-05+1.889201014489863e-06j),(7.565347554589445e-07-1.020195792485607e-07j),(1.9414520746961313e-08-3.8173860253828785e-08j),(0.006674712152178056-0.0005433760189408102j),(-0.002351664220043629+0.0003240740638554745j),(-1.134386021036098e-05+2.083119425538398e-06j),(4.999773676828954e-06-1.0794111627999435e-06j),(1.0346921402408463e-05-3.5648263416940807e-07j),(-0.0005590642803875244+0.0002125136724507641j),(0.00019764471699628867-0.0001192595895065097j),(-9.267213648726052e-06+5.241790727325759e-06j),(0.0001796744170343323-0.0005874821533543407j),(0.6396536520361813+0j),(-5.0754056654687874e-05+1.54609087111428e-06j),(1.1214471170574768e-05-3.7027926594560104e-06j),(-0.17119904091809535+0.008397356516653305j),(0.4947801482947213+0j),(3.2704930181711657e-10-5.856627082078368e-11j),(-3.9438020087473984e-11-6.761246270526876e-12j),(-1.066221579286938e-05-2.7086499819090778e-08j),(-0.002549015141011319-0.0009829847497710067j),(-0.00300501680599394-0.00241484611938325j),(-0.013051450345018355-0.003360859004209962j),(2.7306606526889062e-05+3.234867957802137e-05j),(5.641066910685995e-05+1.3759481148217231e-05j),(0.0037768767197581955+0.0007971170491986696j),(0.00031739172885945205+0.0001774842544847082j),(-0.09094276385213283-0.004560076788726657j),(-0.0016679512896362208+0.0035696998225672526j),(1.800729083125333e-11-3.511588008070997e-11j),(0.00021608178484902759-0.00012167365181290145j),(0.0010619807242288062+5.302905616697375e-05j),(0.006028990893257666-0.0003554969756943108j),(2.7369126457477744e-05-1.322634797866461e-05j),(0.01583279153950301+0.004187097686785356j),(0.0005126216418432799-0.00032923318586799104j),(-0.0014108436921216252+0.004284122114432311j),(0.07264113733652044-0.004051357732346595j),(1.9222362970788688e-06+5.206628802643297e-07j),(-0.02628274899523865+0.0001136998875194133j),(5.597808116483081e-07+9.827562280708994e-07j),(0.10339554702181214-0.0031618789485068147j),(0.008742279752591918-0.0035910715087103884j),(-9.243359158969717e-06-4.2126309427582045e-06j),(0.05569730943506289-0.008861512575282685j),(-0.002801534213580016+0.004850734581063518j),(-0.03836172822333369-0.0009651218066176115j),(-0.2122062043297549+0.0017279251022887382j),(0.011392069129931662+0.005585763201551323j),(-0.0013261570192807637-0.0031876008386603947j),(-0.17143991016837398+0.010040278419172675j),(-0.00010979570048816974-0.0014328564387697709j),(-0.009547699446267016-0.0024500833806641725j),(0.003420893347156226+0.006617803653359688j),(0.013878897980248842+0.0030884992442035877j),(-0.019908211237040816+0.047656509251582754j),(0.006720190005591133-0.01192823579310406j),(0.004627535846463251-0.009934883303874905j),(0.06091280381547299+0.016366519675372622j),(0.13402973547864244+0.008713152215336029j),(-0.05888222799764869-0.004434246709043473j),(0.07726692441581466-0.009077982271117436j),(0.023983756644532974-0.03637760152605682j),(0.025406121197427824+0.0017577784742531938j),(-0.003928017860837415+0.0009470308155370578j),(-0.222469209392559-0.015839128291223165j),(0.0010284827663424368+9.244183444909927e-05j),(-0.03294098921726144-0.047217516308214524j),(-0.13980687863972144+0.03658828867948883j),(1.3936996231439697e-16-1.857467259134081e-16j),(0.1282928993406305-0.018672336317256275j),(0.07264934031344439-0.013181572307947746j),(-0.06956633040783998+0.0030530371255804087j),(-0.09959818163331254-0.01816128279991399j),(0.05250610199340695+0.03135593212587261j),(-0.2101496126111804-0.005918314061187743j),(0.03460100317648329-0.004191657370012161j),(-0.06705665885769656+0.040283829698582595j),(-0.09958856551120057+0.02332181582185512j),(-0.0052957966915166965+0.009576112896727919j),(-0.06300099928304982-0.010144915964852827j)
88,(-6.429311818602821e-18-3.51700701485283e-20j),(-5.637729319858572e-18+8.134281003800296e-20j),(8.768982463447371e-31+5.1103287210512546e-30j),(-4.60596907276976e-30-1.9990304478796962e-29j),(-1.487175941812118e-27+5.20814559198924e-26j),(0.0028198549285814293-0.00024064687106223435j),(3.700769275123805e-18+2.516652545342152e-18j),(0.0029516661189058296-0.0002614656238500389j),(-0.00729716797943579+0.0012866800902755905j),(1.0931938550978426e-16-1.3748749346475507e-16j),(5.532878570903362e-18+9.354270042631953e-18j),(1.6123203893558334e-06-1.9031100032519028e-07j),(-2.9491386002060447e-05+3.39733734442484e-06j),(3.341418310795158e-07+4.668817908350693e-09j),(-3.2154272461189614e-05+3.870616945693114e-06j),(1.7768904433162656e-06-2.1711747981013406e-07j),(3.892890169982838e-07+4.1771293691249256e-08j),(-0.005308981841105478+0.00040617763085931636j),(-0.005577200598953787+0.0006503583462471618j),(8.48750282242923e-06-1.5670331977890258e-06j),(1.0475863749629194e-05-2.2417530604785286e-06j),(-8.20154237865979e-06+8.485873719367573e-08j),(0.0004836086613349016-0.0001823823913015925j),(0.00012454693979345636-6.526401275328795e-05j),(-5.755147200651186e-06+2.5917284538275977e-06j),(0.0002896691525986216-0.0008302924283333953j),(-0.49079025051059544+0.0015521769238827365j),(3.0240835129735614e-05+6.486549413901172e-07j),(3.648299220085298e-05-4.076860629064409e-06j),(-0.4519347254320747+0.003999104244326299j),(0.4897494283359965+0.0010821299722550692j),(-3.6423750362116827e-10-1.761174293549769e-10j),(-1.079357435658162e-10-2.697145690931873e-11j),(-5.704135050846841e-06+3.7439329986354563e-06j),(0.0017182961821004322+0.0006114873900572416j),(-0.0030020260981234595-0.002381116670451364j),(0.0082901717661719+0.0019015896127516727j),(2.2168693194368966e-05+1.0762153372868648e-05j),(9.394651648599544e-06+8.386391275315215e-06j),(0.003855815632220148+0.00014958001957099832j),(0.0009796380228512664+5.636268320887149e-05j),(0.037241583327090565+0.00037280461660636754j),(0.0004156840146470646-0.0014823464517365248j),(-5.228581041563533e-11+7.413721345001768e-11j),(-0.0006555967646795583+0.0001028144374948077j),(-0.0008810150323190394-0.0001313759530655707j),(-0.008041337326417182+0.0005346004226840775j),(-2.6060116527275128e-05+2.8713366245873094e-05j),(-0.1418070929239835-0.001748596422507534j),(-0.0007159789782280187+0.0004413640462396774j),(-0.00021240815155056732-0.0037744108773749155j),(-0.05336518659653431+0.00270927298109766j),(-1.1894443032952357e-06-1.3864008990888419e-06j),(0.022347741096301672+0.0008515655181902133j),(5.614755716496624e-07-4.4467159584626764e-08j),(-0.14177082609308056+0.000511050347196701j),(0.014471326493692304+0.003310250839131147j),(9.98943925895992e-07-2.2969003390298307e-07j),(0.018931943945887885+0.004741936069625312j),(0.05711348216625354+0.0034310944494149107j),(-0.023348218538472135-0.0001241343147340068j),(-0.009930772881572528+0.006031678130268865j),(-0.007690407709134128+0.00023515312138551675j),(0.0008128801803608481+0.001738635429077422j),(-0.07773655296551098+0.004057700509869196j),(0.0028761924629867033-0.001155711948398018j),(0.009833934338100474-0.011559865990715316j),(-0.026799728266901277-0.005681046537205392j),(-0.0435911940268738-0.005356673911861991j),(0.02499521260596297-0.043017446681846094j),(0.02142590191508094-0.031350111169107464j),(0.03160321715681179+0.00040757224961201j),(0.0616328571015362+0.013251733235891534j),(-0.12608512888471637-0.008110825666364833j),(-0.08397795964786446-0.007204931689648196j),(-0.1357271865485188+0.027269181934885527j),(-0.015243511540840467+0.059894951039504485j),(0.024325482509320918+0.0029499027340367696j),(-0.020063743623761402+0.004783484574114233j),(0.07262277246167323+0.04037272762672546j),(-0.00772857169691697+0.0032129599690078887j),(-0.03789403942042767+0.0858703535430982j),(0.29500982527850217+2.6834360700569992e-05j),(5.466663601290419e-17-2.304559800725162e-16j),(0.12368137700629457-0.016899429221863098j),(0.08719524555715151-0.011031634189393165j),(-0.04790488191512006-0.0008635115702083883j),(-0.052915290343062436+0.03343645102329023j),(0.12378350625642308+0.020328314921183768j),(-0.1747827502509056+0.00175681498640258j),(-0.09205135440956323-0.013900684022225426j),(-0.08715972067358119+0.03798086120520193j),(0.00841373122228878-0.0032504591874030738j),(-0.08222145282628876-0.001117906576923615j),(-0.0654519730349991-0.017079142156992744j)
89,(-2.0273543336228036e-18-3.7347934131306807e-20j),(8.5957770766025e-18+5.073414134521851e-21j),(-3.4281476681769704e-31+2.0899225219935567e-30j),(1.2242213151045228e-30-8.775747313022182e-30j),(2.5784988419091876e-27+2.290309142257563e-26j),(0.000891070075070383-6.461088810784388e-05j),(4.142263276945706e-18+8.899915096870834e-19j),(-0.004496567293271391+0.00032953493120626285j),(-0.006772693934722251+0.0013375302494023883j),(3.5790775552679236e-17-4.261014256002271e-17j),(-2.2607059090186203e-18-1.138846572847893e-17j),(5.175835624828427e-07-5.445054761098809e-08j),(-9.51729116018245e-06+9.842876697302395e-07j),(1.0709768404074091e-07+2.287528232059309e-09j),(4.955461184087894e-05-5.1812459928256475e-06j),(-2.7199294572668747e-06+2.8756366338741743e-07j),(-4.3766799057022056e-07-1.1536218862235337e-08j),(-0.0016263739998401434+0.00010069180695540362j),(0.008552527427375053-0.0008731401331038917j),(2.8185038717868135e-06-4.913406709581305e-07j),(-1.647425446469642e-05+3.230020955156366e-06j),(-2.7010764234088382e-06+6.451922406036692e-08j),(9.626335192464545e-05-3.327505112672506e-05j),(0.00011854718383431241-6.589603013890283e-05j),(-5.5647918515315825e-06+2.851663814274762e-06j),(-0.0005399613619816279+0.0015165923334140646j),(-0.16717615631489846-0.0038939068923739273j),(2.37824698361609e-05-2.145118189525345e-06j),(-5.129723797754659e-05+7.249994165744964e-06j),(0.6704458052880039+0j),(0.4565516330333605-0.008343368758175401j),(-1.1837285144675042e-10-1.1926937360140886e-10j),(1.4085202532210882e-10+3.270637448039398e-11j),(-7.0864889363900954e-06+2.3679411442071914e-06j),(0.0006092110140818852+0.00022828094649934573j),(-0.002819478591588772-0.002156665754185348j),(0.003330841664817165+0.0007788285459119258j),(3.623712369637008e-05+2.1682449530890797e-05j),(1.1378449158352374e-05+7.577281796348524e-06j),(-0.007428924996321539-0.0008195861053033556j),(-0.0013340547184722145-0.00023435249541333433j),(0.02524578109748328-0.0007917159887673424j),(0.0004172579936103425-0.0010441997552296817j),(7.589157118360907e-12-1.6031824439742663e-11j),(0.0006002521550862363+4.729757440405402e-06j),(-0.0009059340724760358+5.740629961851237e-05j),(-0.005520511555132711+0.0001462814160656527j),(-1.0638927066553435e-05-1.248571212054586e-05j),(0.1223282537880673-0.0047026847653626885j),(7.919204887057004e-05+8.1364151133912e-05j),(0.005170427846245354-0.005442541937738839j),(-0.10329900854984408-0.0026741339485806606j),(-9.864940196890816e-07+1.4902303090954618e-07j),(0.007496962020493595+0.0006069039458427571j),(2.50503030629522e-07-3.051430650680892e-07j),(-0.04706759747182803-0.007031721498640824j),(-0.027096362458116405+0.0018485516542159717j),(1.6720891633495085e-06+6.706711758615054e-07j),(-0.13600408840583672-0.0018204042711069818j),(-0.037826221238451155-0.008580059123606796j),(-0.021280932306277922+0.0021708691475701295j),(-0.018304268059859193+0.005334917308607026j),(-0.008535546314582044+0.0021217108851641435j),(0.001453706691812296+0.0014027089580965547j),(-0.0643101474958855+0.0061425050897425774j),(-0.0013067053416208887-0.0025184067697796857j),(0.005751142362848471+0.0029754019393524104j),(0.014177337716996398+0.00012886561508269044j),(0.018751014301240918+0.0003335056918059333j),(0.007788655016755035-0.013394026550826287j),(-0.033840330612084135+0.04905772416422927j),(-0.0003701585651913503+0.0035679196130669394j),(0.07064017386042179+0.018028099537390457j),(-0.01867812105498321-0.002632538764267972j),(0.14905571292687117+0.008744878980873373j),(0.003152848754508885+1.811507916034535e-05j),(0.00823974451171323-0.00880353803254069j),(0.020953954362821856+0.002220423124146646j),(-0.01347539326414378+0.004907153455662444j),(0.2205021267782956-0.025782106023360563j),(0.02435871431170886-0.003811564293656572j),(0.11803486930973825-0.04396987997240654j),(-0.1658790111138208-0.0644970440818664j),(-5.787542166580435e-16+3.716014512139962e-16j),(0.11916409973874448-0.019267644538330547j),(0.07250251446167148-0.014099104181816209j),(-0.041889613097374774+0.0010750898525266148j),(0.21061237887561113+0.01005723416241626j),(-0.005682071065989946+0.024036770665171472j),(-0.19559786120509595-0.006161838968430582j),(0.007433813763061681+0.03603283612084049j),(-0.056171725692386945+0.03318810105134752j),(0.137113330402507-0.026540949125807956j),(0.0299553891969185-0.014723538076990223j),(-0.040091780149060084+0.005960032117536098j)
90,(6.1153742790328124e-24-1.3303165597706463e-25j),(-2.3616593311225378e-24+5.209941109526749e-26j),(3.632697839470357e-34-1.9493049238238433e-33j),(-1.3180367831109592e-33+8.010991696011578e-33j),(6.837455752224861e-30-1.8350543951892967e-29j),(-9.960150163101607e-07-6.653934283137836e-08j),(-4.369107989306651e-23-2.0981862911704302e-22j),(3.361154047626255e-07+1.5969625382890186e-08j),(-2.0552033356740707e-06+1.8588831473517203e-08j),(7.239142879962946e-20-4.9801252316784964e-20j),(6.914416130261419e-22-4.79589715999939e-22j),(3.4780744873947817e-05+2.3769356559532834e-06j),(-0.0006138426177939593-4.431361229965532e-05j),(1.99887045683158e-10+4.876524843575898e-13j),(0.00021139720709719207+1.189277314617615e-05j),(-1.1899007137713654e-05-6.530802882142081e-07j),(-5.607762527817242e-13+3.391242700292163e-11j),(-9.310123238041936e-06+9.988283187873011e-07j),(5.037609622612749e-06-6.051014223214124e-07j),(6.233615224481596e-05+4.999301333738446e-06j),(-2.2132594109164037e-05-1.5583708171258959e-06j),(-6.727442644657797e-08-2.1199429032477478e-10j),(4.1254514120384935e-06-1.711716452484874e-06j),(-0.001565258621919547+3.390770195836569e-05j),(7.814426460424855e-05-1.425100415996245e-06j),(-2.642077242710525e-06+7.753390533173866e-06j),(-0.00975726031783954-0.003672954241635255j),(1.5022271710622982e-06+5.046783177383668e-07j),(-3.3853046003036044e-07+1.2072747490635974e-08j),(0.0021709274142437335+0.0006302541682408948j),(-0.002481959102510184-0.0011219944390443042j),(-3.635195975678114e-11-1.3623767110425371e-11j),(7.332435419229459e-12+4.5642542670181345e-12j),(5.466856402832081e-07+1.3938435876265886e-07j),(-0.004214066830567242-0.0005248664775918468j),(9.492834458456697e-05+3.1217376466441845e-05j),(-0.030311389574463055-0.004076654703192479j),(-5.9814479003124234e-05+3.119253473789256e-05j),(0.00024244165396883577-1.961271748972394e-05j),(0.013740533156161465+0.0029228825125191425j),(0.0009994242132737858+0.00044896238236299924j),(-0.5318658507984233-0.01594083605808319j),(-0.01160588736642301+0.021004697435879776j),(-1.0428374136439036e-10+6.159486665294178e-11j),(0.0016624895883994707-0.0007555814887558119j),(0.005416701179373752+0.0007628495832673174j),(0.016165768236018077+0.005755274798907564j),(-4.561214671457474e-05+2.8723433028188566e-05j),(-0.08849985256683368-0.013491450917734793j),(0.0005374598662933045+0.0007035623435280548j),(0.0025701249027461678-0.02198061953975975j),(-0.3740052607672767+0.0486900064317512j),(-3.1231008816671104e-06-4.804529856456199e-07j),(0.00956411411929833+0.002146169897316154j),(1.310615797302236e-06-1.0244734339216038e-06j),(-0.1978497725596544+0.025973152281323936j),(-0.00141488332374087+0.005931495436988848j),(2.2607520966999153e-07+6.877880323226595e-06j),(-0.06797733997898557+0.030692323029319672j),(-0.04706206945260009-0.01436076127249989j),(0.03494296179384044+0.00616879012556595j),(0.5358477185779649+0j),(0.030697180256938645-0.010897476352497437j),(-0.0036738840320205885-0.0058702412678873364j),(0.271165880527345+0j),(-0.0026502620573917077+0.005575539196942781j),(-0.018418080276631145+0.016063485361196606j),(0.0191366519600223+0.004682546348794585j),(0.023503240996291298+0.001047922443870735j),(-0.037346953511316935+0.03099617425611131j),(0.011488827639882957-0.006213350061206752j),(-0.022013909512118682+0.00342999170012855j),(0.09460108571943518+0.017891184367476342j),(0.16416698365931504+0.009207248753264383j),(-0.0743184697116164-0.005088346242140662j),(0.08141409280258785-0.019864109400433243j),(0.009319617368987624-0.03335730440151945j),(0.009623166870593034-0.0007750925116966046j),(-0.01659839745872625-0.002266327776895866j),(-0.19811908538820153-0.008132557849518399j),(0.0033463286515774183+0.000997946260715078j),(-0.022408452168650207-0.037997695393065065j),(-0.10290939561417839+0.028725373000138638j),(5.739342484104791e-16-1.0501953872179607e-17j),(0.086350929940094-0.016902043301253437j),(0.04871186091633396-0.01030995441321314j),(-0.0331614201131103+0.0031838065718196185j),(-0.06731123440341039-0.006569147774421684j),(0.04723850303798233+0.018040479167284962j),(-0.15215784086009318+0.004303473482920317j),(0.014690430208886732-0.0011749131261229156j),(-0.02469725004891059+0.025235827178131196j),(-0.05106175619219669+0.014760545131082877j),(-0.011692130102161528+0.004971342156634143j),(-0.058771840004566755-0.006846001400273244j)
91,(-1.226669556685269e-34+5.0835519699610774e-36j),(-1.4618024870330514e-34+3.7918564065651286e-36j),(-3.053484408412018e-45+4.3873165569498034e-44j),(2.6570394715382323e-44-1.8441763439254526e-43j),(-1.047406288628045e-40+4.5063169677084846e-40j),(2.0655398978249774e-17+9.721280957743574e-19j),(3.5573656670715486e-33+8.115691811962321e-34j),(2.148453008311898e-17+9.37120741427345e-19j),(-4.5995118472802807e-17-5.34113191663546e-19j),(-1.0689196030663443e-22-1.856838533770602e-23j),(-5.342497287130342e-22-1.507014245434606e-22j),(-0.0060103908215559795-0.00027205085655369573j),(-0.0003873917663079862-1.6153942727713282e-05j),(-7.240731018865222e-15+4.866745828822572e-16j),(-0.0004002072629685355-1.676002431720634e-05j),(-0.006168753429865894-0.0002771274653412797j),(-1.0003731791678608e-14+6.607579902964907e-16j),(-2.769017354020978e-10+1.9610903373666494e-11j),(-3.3481239379312056e-10+9.319283236080085e-11j),(5.011664529741095e-06+2.590400036677104e-07j),(5.376434234448137e-06+4.235497070591398e-07j),(-2.6057069206422165e-11-1.1796189217487003e-12j),(1.9770248167581487e-09-9.332915040791807e-10j),(0.0009226910406343291-3.93109705338692e-05j),(0.016010092099539273-0.000776568734600159j),(-5.627129592731118e-10-1.1093495154070782e-09j),(-8.349772812078189e-06-1.3522631923723896e-05j),(1.1289504787880733e-09+8.617946858027037e-09j),(9.930852358740854e-10+1.0970970911572703e-09j),(-2.4754900712043708e-06-1.7520119742715924e-06j),(-2.7562184025109485e-07-6.657632000450509e-07j),(-5.962910643304628e-13+3.7939272599878133e-13j),(-1.9292937468365318e-13+1.3996701507554195e-13j),(6.834942703203788e-09+3.3878672467639108e-09j),(-0.029591394389490593-0.0014413596400428292j),(-2.3388019286117107e-07+2.9719453363436506e-07j),(0.006565323543220484+0.00012991185524980882j),(5.517665413959312e-08-6.384442047337749e-08j),(-1.3657149824599255e-05+3.142195503316153e-06j),(0.00585793215983267+0.0003433079132931483j),(-0.028370978250719724-0.001671860554513101j),(0.0007279135540331114-0.0003314964549720399j),(-0.007877348641562556-0.0004474583509283096j),(-2.174559761601418e-12+1.3084255881182195e-12j),(-0.009118219417808712-0.0009859561045752249j),(0.08431124853521618-0.005226918493398659j),(-0.014248776229190002+0.0006490531728994466j),(-1.7650032480887055e-07+2.9371144206630616e-06j),(-0.021460469857472197-0.0031357749250633168j),(0.0005195307128282068-8.698176646413196e-05j),(0.032081272063436306-0.0066859913287959875j),(-0.04111235439338221+0.0022705401777748727j),(2.439630329666971e-06+1.365591704094266e-06j),(-0.012953630877235346-0.002792752621769102j),(2.7532206263930134e-06+2.004029232339875e-07j),(0.20320735627779724+0.012116953438362499j),(-0.007570177442606811-0.008217783496985558j),(4.918047347917876e-06+5.778796736208663e-07j),(-0.1941921671214874-0.05750004808081729j),(0.7350219987878519+0j),(0.007027687998286242-0.013810264586524679j),(0.13966889566477297+0.027085751810040706j),(0.010072530585756032+0.0013956849517036529j),(-0.000644063149693502-0.002842175851526606j),(-0.11574816015885878-0.0053018790553346j),(-0.00012436975631527-0.0014765416289790674j),(-0.002649294958265834+0.0001692664485269524j),(0.004670901119286118+0.0019640977533440483j),(0.0050770958509616885-0.010707265100891983j),(-0.008388603918879443+0.009566116030626959j),(-0.006482042698002507+0.005391581236818906j),(0.21690021967202094+0.005084641202312029j),(0.0933589910329737+0.016870179793187404j),(-0.1554390793515258-0.010158902579361612j),(-0.10888128764567913-0.00925344084060046j),(-0.076975422525358+0.1327814302357512j),(0.3070102071082226+0j),(-0.0013343813559068111-0.004320126837376786j),(0.0271843193159376+0.007858621676313682j),(-0.03952924444176024-0.018700484302611377j),(0.022954190972265257-0.00027126458918712987j),(0.013406278800707737-0.031762695907060386j),(-0.1122750491985343-0.002150217591064976j),(2.8161388229749506e-16+6.96269780910451e-17j),(0.0014506792326295839-0.01820690677432986j),(-0.014855949517377483-0.009971924615797365j),(-0.006655417716572723+0.006620695574173753j),(0.01337875163290537-0.013152565382307845j),(-0.026267440408744056-0.027607385546198744j),(-0.04814488898390888+0.03772381383336408j),(0.03442079257567157+0.003801660570361718j),(0.3062321744287162+0j),(-0.009039350173772427+0.0023198281512731137j),(0.03163819546553244-0.00028612526755430676j),(0.027864915174533156+0.0060508288062682495j)
92,(1.346945854993701e-25-2.869270539197585e-26j),(-5.1348654512198515e-26+1.0903403549728853e-26j),(1.423747760617736e-35-3.332218895444737e-35j),(-4.337901317529743e-35+1.335078002562923e-34j),(1.0753888942866759e-31-3.1136909486388416e-31j),(-2.2308526357465155e-08+2.7222644727181204e-09j),(5.096132918205848e-25-1.8758887907819148e-25j),(7.404488665500334e-09-1.0412015337104285e-09j),(-4.973754215372285e-08+7.964467634503956e-09j),(1.1730771910345182e-21-1.237935851715549e-21j),(7.50457540523393e-24-1.189613532758426e-23j),(2.58682668294165e-10-3.467729206124426e-11j),(-4.869147158824215e-09+6.354449576959684e-10j),(3.764393805577453e-12-7.359647339802164e-13j),(1.7119403380987777e-09-2.4542516582960717e-10j),(-8.976856112268498e-11+1.2958896386516703e-11j),(1.2358327613442933e-13+6.117946373729797e-13j),(-1.5961526920623745e-07+5.021839488371829e-08j),(8.145781436276199e-08-2.7218033926803956e-08j),(2.4445104535238477e-09-3.967354378472466e-10j),(-9.829015530534877e-10+1.783415190854738e-10j),(-1.0094494907518388e-09+2.169651092646256e-10j),(5.551963727839194e-08-3.806527037579328e-08j),(-2.69671963201944e-08+1.4169530762896999e-08j),(1.2460709332505928e-09-6.384150563133411e-10j),(-1.1606000642002089e-08+1.1087833203593914e-07j),(-0.00014058058242623545-1.1090611751715132e-05j),(1.8996511410543636e-08+3.270313271730454e-10j),(-3.7491024705935015e-09+1.3029313568324949e-09j),(3.070764262079202e-05+2.8732791887419437e-07j),(-4.226761735892977e-05-7.293756850374383e-06j),(-3.793806447037649e-13+1.9390476716731853e-14j),(6.214803100211035e-14+3.496384082035651e-15j),(5.895589631415466e-09+1.2138347379721996e-12j),(2.668067411547313e-07+2.9209482825274013e-07j),(1.104503035119e-06+2.3544302365517544e-07j),(1.79990375950515e-07+1.27536239405924e-06j),(-1.2792274632220303e-07+2.5882047471016657e-08j),(-1.0881738702580734e-09-7.328741701314732e-09j),(7.210861582425815e-07-2.1992494184583652e-07j),(1.654020368613178e-08-1.6246550650305067e-08j),(-9.200624010299331e-05+3.8877727941709305e-05j),(-8.144659661853149e-07+4.664042470140432e-06j),(1.3078622242769162e-12-1.3797990022575743e-12j),(5.349393861168737e-07-3.655131613337034e-07j),(5.343802507946766e-06-2.1694294434013807e-06j),(5.6013973237721025e-05-3.0867728047869294e-05j),(1.6986006304994277e-06-1.1944124194007427e-06j),(0.0010266411157657943+0.00013171332309741622j),(0.00011473183301231868-0.00018953758057074733j),(0.00010278649183419279+0.0003803062013910954j),(0.008743234547861007-0.0024965682054887963j),(-4.221846872738358e-07-6.228896229648759e-07j),(-0.39272286284254176-0.08129985270371771j),(-7.324343443625956e-08-1.2802123213991182e-07j),(-0.0420571557414266-0.00516933078670655j),(0.10174706346247758+0.022138166418623602j),(3.1078262799615555e-06-2.479611505197035e-06j),(-0.01862513131104812-0.0009279620075125922j),(0.0024236612453994565-0.004688807332918129j),(-0.1861824379737045-0.02723088716353085j),(0.03666079797853662+0.006472455550152851j),(-0.0025657064417586506-0.002325499274224578j),(5.239205162486265e-05+0.0009697597805221397j),(0.03408715007652725+0.0053451582082582015j),(0.00018508020719074295+0.0002940819631172136j),(0.0025577945060914447+0.002112961276437857j),(-0.00016084743318849025-0.002637546446137299j),(-0.0019757427243558374-0.005280220743382154j),(0.6522752849220531+0j),(-0.2125845074591542-0.012955373568409687j),(-0.00298827281692815+0.004010008610316957j),(0.00782804387762185+0.0029226047696836975j),(0.01427654878950299-0.007433022739535614j),(-0.005733928786274464+0.003329804886325558j),(-0.007604570509699187-0.03658147330867676j),(-0.01805064913830272-0.006074577810855911j),(0.004354213212457226+0.0002595043702080793j),(-0.001958625941601114-0.00012561518212211677j),(-0.03063268378221364+0.07749306973891279j),(0.0007644062978480392+0.00035696908506967424j),(-0.029466393237827408+0.010758700894994122j),(-0.00019858772445402635+0.051092485425568115j),(-3.3828732981811693e-16-1.509244947103996e-16j),(0.04104056288285185-0.004317214111411942j),(0.01995894491308092-0.0023654892570907026j),(-0.01463909497060649+0.0013855171880700623j),(-0.04758707341674085+0.0004720435324305425j),(0.032608601119852955+0.015461483187302557j),(-0.08092343425128866-0.007445839975540356j),(0.030202364020488762-0.043865208650072485j),(-0.04879301174879735+0.012506783896369892j),(0.01311064467342284+0.018127656623161018j),(-0.029291163596582653-0.0036574622798366124j),(0.534764882789569+0j)
93,(-1.0617375240451037e-25+2.201825002398215e-26j),(-1.2673847477821604e-25+2.376990221048076e-26j),(1.474153696849215e-36+4.2345149336243546e-35j),(-1.569194236514454e-35-1.7549201666228273e-34j),(3.6266305603190457e-32+4.572816341618244e-31j),(1.7576060424492226e-08-2.048425794718946e-09j),(3.3434365297942272e-25-2.4375594732191468e-26j),(1.8236741561996236e-08-2.121303879210929e-09j),(-4.849089894902189e-08+7.885126741470589e-09j),(-9.222154988119216e-22+9.694442988282088e-22j),(-9.14815931348499e-24-4.338243074120264e-23j),(-2.0152211667003025e-10+2.627724125994002e-11j),(3.788348278429178e-09-4.799588607091485e-10j),(-2.9611890990360592e-12+5.590464317557742e-13j),(3.916030794481242e-09-5.021512739195683e-10j),(-2.1125680203616367e-10+2.7661051364397465e-11j),(-5.267540336348022e-12+1.3994843888218885e-13j),(1.2672561441967195e-07-3.917971515092623e-08j),(1.9420875488730378e-07-5.99861311520884e-08j),(-1.8720560072909815e-09+3.0052182899573925e-10j),(-2.0219921350004033e-09+3.6882140900309904e-10j),(7.963628456926061e-10-1.573921863799578e-10j),(-4.715950862881914e-08+3.2196581701984004e-08j),(-8.506304475031834e-09+1.3695686201808214e-09j),(3.733396559288608e-10-8.682673247869544e-12j),(-1.9941116937394624e-08+1.4196230874591226e-07j),(0.00010862476674743118+8.560395655614899e-06j),(-1.1905439913749836e-08-7.887398364869009e-10j),(-1.308422731372808e-08+8.601284497996765e-10j),(8.280486153955572e-05+4.7920645853732866e-06j),(-4.21334678433558e-05-7.63215749415433e-06j),(3.44970512430836e-13+6.08176622503075e-14j),(1.8793378494346776e-13+2.836715417487012e-14j),(-2.475422365655532e-10-2.2028829001993078e-09j),(-1.935282329311994e-07-2.0797124011214772e-07j),(1.1033493929087574e-06+2.2368675349169187e-07j),(-1.1800162009431571e-07-8.847381690821013e-07j),(2.082864556159951e-08-2.6494669274308513e-08j),(5.399904469293381e-10+1.3311617444097866e-09j),(5.326125571708341e-07-3.2522833136200133e-07j),(1.6012005777222434e-08-6.743564314332512e-08j),(5.249075654695342e-05-2.2659064240192566e-05j),(2.906849184565485e-07-2.6284316223935796e-06j),(-1.7973883031838958e-12+1.7242942316909615e-12j),(-1.4686957091857139e-06+4.819010950102411e-07j),(-3.6862284974336854e-06+1.0461100728568242e-06j),(-4.71896578740604e-05+2.5286570474298244e-05j),(-1.2702586774420384e-06+1.249296910399336e-06j),(-0.003482862385153257+0.00013017716926660224j),(-0.00013555275253565143+0.0001798405842440458j),(-0.00013983274324281072-0.0001794886735716049j),(-0.004737892492020117+0.0014878370800589828j),(2.223246416478447e-08+5.3589553286786534e-08j),(0.3091015220797429+0.06417300954284247j),(-1.5668762224245666e-08+1.056249389488834e-07j),(0.03193741753339969+0.013052166382487346j),(0.2535227937391463+0.05405041744437898j),(1.017219400350433e-06-3.3276700348828915e-06j),(-0.017240110904450996-0.005070034193948085j),(-0.006674245923893299-0.005741991976463702j),(-0.1856973899269631-0.026340548699076455j),(0.0034027371954937565-1.2163890734726577e-05j),(0.001580484407501556+0.0006925015099446591j),(-2.5090879085509538e-05-0.0005064179592799741j),(0.01032717485234307-0.003672967603475254j),(-0.0006412891281861409-0.0001896626609462366j),(-0.003459127942873294+0.001087588153350204j),(0.004915893070696291+0.005060693036397157j),(0.0073462552638907+0.010826211677175557j),(-0.5092399300891697+0.004958452560699433j),(-0.4714497151168111-0.0118027276295809j),(-0.005616593808611144-0.004947314921169569j),(0.007766820745583146+0.002573481204886473j),(-0.013616136765583398+0.0063992159924129224j),(-0.008137468417879686+0.004597508758388684j),(0.022594469112440115+0.03869589525974857j),(0.01937641037912752+0.0027544154233725797j),(0.004387558287373517+0.00041219320261916964j),(-0.002873825445149307+0.0013048579288560279j),(0.006569365886326142-0.017215420082886422j),(0.00022188977903391845+0.001247835322469699j),(0.01070217705080014+0.026724164948003552j),(0.03502341330685343-0.07384378617079397j),(1.0282271785451736e-16-2.7408229293967586e-16j),(0.04053450065697594-0.00357148598554851j),(0.02164142097322582-0.0033276490377860354j),(-0.012665123111405552-0.0007506960311068796j),(-0.028830673188227796-0.003951043984739697j),(0.039795759553089435+0.004987094903036069j),(-0.07531714935095656-0.010530048722871513j),(0.010192194477309-0.017567294349930342j),(-0.05198736547497346+0.014834832746302623j),(0.02318462970190109-0.002604669568135003j),(-0.0408250556794746+0.007611025471752984j),(0.5305888761992731+0.0025614198835846314j)
94,(-3.35955365860158e-26+6.493189185853163e-27j),(1.9473458346443196e-25-3.2853359629901426e-26j),(-1.6034959518914254e-37+1.0966739726365611e-35j),(2.453769115218438e-36-4.3040758268889307e-35j),(-1.4717141679323058e-32+1.0983888876558564e-31j),(5.554766279313432e-09-5.712183067320883e-10j),(-2.9950983368311316e-26+1.2774345301841044e-25j),(-2.7988100559169503e-08+2.7391772333313313e-09j),(-4.596583699388582e-08+8.186692467812403e-09j),(-2.97091833316093e-22+2.867925224310161e-22j),(3.3175989840244766e-23+5.935224760926971e-23j),(-6.500775541179643e-11+7.620319279044724e-12j),(1.2275629691095424e-09-1.4051059145713444e-10j),(-9.475129444419448e-13+1.7039434877968103e-13j),(-6.124329464944009e-09+6.665650249708152e-10j),(3.276101380740745e-10-3.6327236157278363e-11j),(5.582153938438556e-12-6.968120006342158e-13j),(3.911570294212665e-08-1.1453939542886782e-08j),(-3.019044458687632e-07+8.769167094578485e-08j),(-6.258799608550359e-10+9.390726880148796e-11j),(3.2586956559329217e-09-5.20758813929714e-10j),(2.580861235092566e-10-5.4521291680836554e-11j),(-1.0407446545627395e-08+6.663142139066189e-09j),(-9.896386771276672e-09+2.6247530780573313e-09j),(4.566567104610402e-10-1.122874486691387e-10j),(4.1003466291554984e-08-2.7458756607725707e-07j),(3.658754079400614e-05+3.799095138213707e-06j),(-8.119579401603444e-09+3.080275229542268e-10j),(1.831374717826533e-08-1.9360184619044873e-09j),(-0.00012325085491636786-8.32903232603969e-06j),(-4.0239937146869105e-05-6.604131301198885e-06j),(9.715644896492365e-14+4.100239084055024e-14j),(-2.5910368612645603e-13-3.526929518350599e-14j),(1.899078490807948e-09-1.4539738702772008e-09j),(-6.929270080685884e-08-7.722492887690832e-08j),(1.039309774375635e-06+2.0244194548176287e-07j),(-4.6209719898645287e-08-3.5781697396611555e-07j),(-8.614708344891838e-08+6.7693422370265555e-09j),(3.82925239928273e-10+3.8910309471658467e-10j),(-1.323084618984054e-06+5.613172039080795e-07j),(-3.630819604510679e-08+8.838528020467919e-08j),(3.1562422281976904e-05-1.5062846736557093e-05j),(2.9280233140721216e-07-1.687759603514746e-06j),(7.019858067435826e-14-2.6419561494379437e-13j),(1.1108538663695581e-06-1.272197752082012e-07j),(-2.8610423067060877e-06+1.5001237159382368e-06j),(-2.6997324253802593e-05+1.2473901416262533e-05j),(-5.701418527916405e-07-9.380810815217406e-09j),(0.0025726789035660216-0.00027684355287456615j),(1.49250762046823e-05+1.7684422590701634e-05j),(5.998329811693889e-05-0.00028703013200755904j),(-0.005584667421401018+0.0011462769920901465j),(4.544882175197949e-07+5.960615364996862e-07j),(0.09744804960856616+0.020999941686580363j),(2.8687614276822036e-07+1.7806156767828415e-07j),(0.008339049961824194-0.008460852337832154j),(-0.3897097042296621-0.08707937979784058j),(3.7331114163084955e-07-3.422520793207083e-06j),(0.03556611860203784+0.006695282237688404j),(0.008019101896024113-0.0008932796795163528j),(-0.17119678971427962-0.017090618754939495j),(0.004641680602857529-0.0005159844106502134j),(0.0019146698602394664+0.00035548336275207173j),(-0.00019736531364720295-0.00047635066996442097j),(0.008759719370516601-0.00556018292380509j),(0.00022257312199821968+0.0007962857464366472j),(-0.00033557217097088796-0.0013717515488604953j),(-0.003238478719574639-0.0025172658084321982j),(-0.0032293207851800954-0.005015511469085721j),(-0.14655356564847405+0.007614950519423097j),(0.6902169511209508+0j),(0.001039256363228386+0.0020366500784512803j),(0.008928852869602169+0.00252207357767678j),(-0.0023560952935255198+0.0005051872516488289j),(0.015260860279594727-0.0077837143838941575j),(0.0014849046831081256-0.007069276511453367j),(-0.005841120335133498-0.0011330987464088233j),(0.004019749313241397+0.000585842472897339j),(-0.0023349757296421652+0.0008537113239104936j),(-0.012100631917543753-0.06488850142579189j),(0.0025064544850306016-0.0016812242910998765j),(-0.014033489343966827-0.03182660173817661j),(-0.024602294655691498+0.0475820435299992j),(9.244048905820592e-17+1.129374974295114e-16j),(0.03941151453854452-0.003110252186280034j),(0.019662573924341366-0.002265833384412326j),(-0.011804045945939931-0.0011300814079236313j),(-0.006963544812389269-0.06635251964250354j),(0.024289378217498332+0.02256368145307029j),(-0.07771222365679514-0.009649196778385615j),(0.034539311812043984-0.031585917243312306j),(-0.04765735220792063+0.00905017219708817j),(0.033535911279427746-0.026244336138258946j),(-0.028846994568399623-0.013598649310180618j),(0.5288558943424503+0.013054780177091302j)
