,0,1,2,3,4,5,6,7,8,9,10,11,12,13,14,15,16,17,18,19,20,21,22,23,24,25,26,27,28,29,30,31,32,33,34,35,36,37,38,39,40,41,42,43,44,45,46,47,48,49,50,51,52,53,54,55,56,57,58,59,60,61,62,63,64,65,66,67,68,69,70,71,72,73,74,75,76,77,78,79,80,81,82,83,84,85,86,87,88,89,90,91,92,93,94
0,(-1.556931442992084e-16+5.490866576561045e-16j),(-8.761405869755526e-17+1.8906501266871594e-16j),(-0.29294853207893884+2.571767519610191e-06j),(-0.06674235145700297-0.00017696665353048383j),(-7.807795950833454e-05-1.6980500936393976e-05j),(3.6729888100307966e-19+1.0018931568144475e-16j),(4.839021892766352e-16-1.2408099320705737e-16j),(7.236837801892905e-17-8.724015287947078e-17j),(1.907696639053793e-16-1.8827185864521512e-16j),(0.7399370696186225+0j),(-0.1684674805275254-0.0003848915660749422j),(-4.6276129269852475e-17-1.821410208210489e-16j),(4.961960821284257e-17+7.70832413495953e-19j),(8.737420888919698e-10+7.984191214050308e-10j),(-8.505990818098905e-17-8.505662381075977e-18j),(2.2185167289158247e-17-9.84072114255313e-17j),(1.9051721709615537e-10+2.1796807942478478e-11j),(1.1047680227502778e-12-5.1383091190805974e-15j),(3.72270806255247e-13+1.081972550151171e-15j),(9.446770962266624e-17-2.5794764060296072e-17j),(-1.5960774515617862e-09+3.269072044733247e-11j),(1.190513029308658e-17+6.513979099966399e-17j),(1.0985026722476263e-09-2.1639426102875312e-10j),(-6.73219930288589e-17-7.133635034229106e-18j),(6.012970462132385e-17+9.926275186828539e-18j),(-7.272889769620098e-11+5.6091173828000835e-11j),(1.9247376833692055e-07+4.213704068131941e-08j),(8.613626161479688e-12+9.089736185452964e-13j),(5.5332676665462315e-08+1.874884119399172e-08j),(1.7528616759916126e-13+3.6120398226002766e-13j),(-7.982359598228918e-14-3.56434409745032e-14j),(0.019213171255460994+0.0010683954027280677j),(0.003534991349900298+0.00013462771232607682j),(-8.410360951641725e-08+3.1797652652569124e-07j),(6.199881901196447e-11+1.3793852904564216e-10j),(1.7345136948419167e-13+1.158786553121189e-13j),(2.5233683646268218e-12-1.966473633129146e-12j),(-1.5497883317352271e-15-1.0882928149938284e-15j),(-7.1900458822661575e-09-1.0023862465400143e-09j),(-1.6069069106994819e-13-1.3958131634310228e-13j),(3.9118974192922065e-13-5.438586968331088e-14j),(4.40255157600838e-05+1.770785153668614e-05j),(-7.0594337048095315e-12-4.8250727860622936e-14j),(-3.827523412904802e-13+4.147882812642972e-13j),(2.4095546126979933e-13-3.500094551965873e-14j),(4.047032460149979e-13-1.6415941543733107e-13j),(6.709220143439727e-12-6.8591323895917255e-12j),(3.2320180473633548e-06-8.973220623381013e-07j),(7.915160257245865e-10+7.155083728730403e-10j),(2.727908911803773e-10+9.508867900861228e-11j),(2.125694960626332e-06-1.055794965192619e-06j),(8.712523771758416e-09+3.0780709541068374e-09j),(0.0027730672827401643-0.0008375901659565658j),(2.659711759396097e-09-3.745043831734989e-09j),(0.010098689542358836+0.0006611145724206178j),(-2.1429699326717625e-08-3.6226741867503586e-10j),(9.856793926866157e-09+2.1127511219333637e-09j),(0.0030221517013792965-0.00016402563223610856j),(7.275177675869432e-08-3.309759201620909e-08j),(3.70449355400937e-08-1.4997546242317287e-08j),(-4.222125180338765e-08-8.709677082232413e-09j),(9.919128047536764e-07-1.1288583654882657e-06j),(-0.0001992544467799596+3.3469224854073214e-06j),(-5.490324640434634e-06+4.731813688903906e-05j),(-4.269220276516761e-09-1.4084817496397474e-09j),(-0.00021288668701414254+6.845790317542183e-05j),(-0.0001920256554919001+5.345502297893043e-05j),(-0.0008322082021319744-5.46499181157182e-05j),(-2.9162977995943466e-07-7.243648071109638e-07j),(8.422257216784628e-07+3.3819881238535047e-07j),(6.570611096194595e-09-2.112318260802033e-09j),(3.072938427746187e-08+4.773012708229079e-08j),(-1.2258169271870785e-06+8.527237978757402e-06j),(-0.00018777201912757575+8.255855919072165e-06j),(7.67906098744916e-05+1.575156933467825e-05j),(6.65456814676706e-05+3.0560067323285983e-06j),(0.000230398868284541+1.5562429074570305e-06j),(-0.00016257259801457936-2.0118225442754335e-05j),(4.2704870026972913e-05-1.232221280494074e-05j),(-0.0001295663072093161+1.1684531806757924e-06j),(-0.0001421538654323037-3.388642294592755e-05j),(6.290571674476808e-05-1.760101910532527e-05j),(-0.0002763605544734555+9.840280338957078e-05j),(0.00018059136860512734+8.91955212283161e-05j),(0.577350269189627+0j),(0.000372102977663778-1.0289326343720503e-05j),(4.465159724495997e-05+2.131702137211364e-05j),(-0.00023003895483347429+3.288461567371228e-05j),(0.000493447824654818+5.2784116008331225e-05j),(-5.224159349751568e-05+1.8839720221897689e-06j),(-0.000123324359120939+8.082013377248768e-05j),(0.0004844533647034084+4.066815338084732e-05j),(-7.739279752715913e-05+1.424690778848849e-05j),(0.0003898249498738268-6.950280522049983e-05j),(9.128380682730164e-05-8.474288293182513e-05j)
1,(7.035227841739292e-16-8.2977592015697e-16j),(-1.0448151639653819e-17-6.799186329634566e-18j),(0.0887246263806466-0.00014574823340759296j),(0.2872954960170807+0.00012414186699233332j),(-0.000235854344741051-5.521081605667507e-05j),(3.828896650477768e-18-9.41706631926104e-17j),(3.9748520988891404e-16+3.527698095061353e-16j),(1.3145247244501037e-16-2.6763592599870866e-17j),(9.852955838891815e-17-7.186073505865026e-17j),(-0.22407410233650069+0.0003770463330737654j),(0.7250485561064142+0j),(-5.789164840452521e-17-1.729376377496579e-16j),(1.5838835179533213e-17+3.0759537134091704e-17j),(-2.6198174227833893e-10-2.369324915978208e-10j),(1.9413608317463037e-17-6.472375399464981e-19j),(3.573091606952342e-17-7.202761129562365e-17j),(-5.110809887920197e-10-4.4270678316420324e-11j),(-3.713125276588447e-13-1.6299816938556588e-15j),(-9.547491937168183e-13+4.473692805955874e-14j),(-2.6928919619230225e-17-7.389338891777587e-17j),(3.3512655348343685e-10-2.1672515229932757e-11j),(8.998179555577237e-19+2.2859324126364523e-17j),(-3.778335023704918e-10+7.634819398107914e-11j),(-7.588079194925727e-17-5.505111441668939e-17j),(-3.3090929273705703e-17-1.687328904736547e-18j),(-1.3921057164785125e-09+3.6928292084060934e-10j),(-5.320387813614117e-08-1.1551811927874704e-08j),(-2.2289776751537832e-12-9.823005954046334e-13j),(-7.640454991484239e-08-1.5842520027128656e-08j),(-4.286522642206354e-12+4.621853342968898e-12j),(1.4369852116819166e-14+4.692490282110364e-15j),(-0.005786888104459407-0.0002986863180528188j),(-0.015064316057912523-0.0004674303406785362j),(1.3855748347118966e-08-9.248550514449527e-08j),(-1.935651368764471e-11-2.9341758474086147e-11j),(-5.0601592712097385e-14-3.4018326764720375e-14j),(-7.497062654210861e-13+5.691302985771122e-13j),(2.8090129546718384e-16+6.669941609955442e-17j),(1.6740280109184539e-09-4.917449454638645e-10j),(1.1600108535240973e-14+3.683627573715492e-14j),(-1.0840987888641813e-12+5.722598290273139e-13j),(0.00024181349934384447+0.00014549849732842338j),(1.8081257433475904e-12+4.745053345550996e-15j),(8.721983384264464e-14-1.0512047406581989e-13j),(-2.089491548595829e-13+1.1225958902818983e-14j),(-1.19577213181056e-13+3.8549883261511656e-14j),(-2.2608562818337017e-12+2.436151106403736e-12j),(-9.087508123323085e-07+2.587190692996746e-07j),(-7.74299180431781e-10-2.81032169442547e-10j),(-1.7250475666868278e-10-3.09405345691932e-11j),(-1.4405692400532841e-06+7.159419682642857e-07j),(-5.153545073677905e-09-2.1777939929759894e-09j),(-0.0017756314104933227+0.0004433365278634591j),(-2.3337661469787335e-09+2.7035000880615554e-09j),(-0.0021439056854610948-0.0004789825522128029j),(2.2547820497623237e-08-2.715298867436727e-09j),(-6.6213291008329445e-09-4.3708063021229944e-10j),(-0.00896661840920783-8.416590585252253e-05j),(1.6035682669970586e-08-8.48614110154565e-09j),(-3.9576424581326076e-08+6.807163620983602e-08j),(5.7510692779301704e-08-2.6944124689129336e-08j),(1.0611825342595036e-06-7.519780743084891e-07j),(-0.00011076082853619471+2.2601729491476668e-05j),(4.472617149377532e-06+2.293398432243362e-05j),(-1.7389567486829173e-09-3.607626125287854e-09j),(0.000358600679582678+0.00011926454019344435j),(0.0001419151274007301+5.9838703251287125e-05j),(-0.00044133540555353704+7.855850801722508e-05j),(6.3149734100922756e-09+4.200482712610166e-08j),(-1.9786176379530903e-07-8.180996760261957e-08j),(-3.5145803756795203e-07-1.313382726927315e-07j),(-7.866959671230766e-08+3.221936066494802e-07j),(-6.238989620217369e-07+5.160078923444304e-06j),(0.0006586370592264386+3.726297508972932e-05j),(-4.532054408063018e-05-2.642562018972827e-05j),(-7.261179627001259e-07+5.267299418770188e-06j),(-0.00024062945069930211-2.7293553226401326e-05j),(6.604093147143611e-05+1.3251829362284242e-05j),(-0.000176279833506328+3.529875558218131e-06j),(3.154419010775239e-05+1.0452434257000758e-05j),(0.00014391202369642427+4.151333977550587e-05j),(4.36162546007e-05+7.957432358259573e-06j),(0.0002465516584073782+1.5636610805098084e-05j),(0.00010383436747144719-0.0001320611080375495j),(0.5773502691896244-1.304512053934559e-15j),(-0.00046894707509137707-1.275688462738122e-05j),(-9.328272703115137e-05-2.3774371094070057e-05j),(-4.3639679015655145e-05-3.5975620210029405e-05j),(8.927201788501483e-05-3.504755266539063e-05j),(6.646720679763022e-05+3.3186717255314174e-06j),(0.0001958736234015818-7.091409885608496e-05j),(0.00024077026416453762-3.47941915312399e-05j),(0.00011233665419262511-5.02094665235414e-05j),(-0.0005446205976416278+3.212190904090532e-05j),(2.56615667678343e-05-3.388145467851155e-05j)
2,(2.302670364267724e-16-2.443139134589364e-16j),(-3.417259576528806e-17+2.3706683874277563e-17j),(0.2042239056982924+0.00014317646588815625j),(-0.2205531445600779+5.282478653825806e-05j),(0.000313932304249125+7.219131699310281e-05j),(9.296415387954021e-17-4.815606883745214e-16j),(-4.285700302775723e-16+1.7114119397512827e-16j),(-1.6344155976155665e-16+2.9440096522134065e-16j),(-1.2216445704874818e-16+7.487966778196982e-17j),(-0.5158629672821203-0.00037704633307376195j),(-0.5565810755788881+0.0003848915660749075j),(1.8169942906810798e-17-1.3401553781242676e-16j),(2.6594037457177174e-17-2.8954462837240895e-17j),(-6.117591005209663e-10-5.614864211341464e-10j),(-1.100262862766575e-18-3.3159624549674603e-17j),(1.697770690433322e-17-7.25574326502955e-17j),(3.205640778382404e-10+2.2473664249500404e-11j),(-7.343803952959453e-13+7.502434525817694e-15j),(5.823177697199981e-13-4.585929456097134e-14j),(-6.589542590337573e-17-2.3859825637865414e-17j),(1.2609503762318043e-09-1.1020413148706166e-11j),(4.0824558451624883e-17+5.1765155089308075e-17j),(-7.206700266425692e-10+1.400400876077061e-10j),(4.192533141529574e-18-2.426574973893744e-17j),(2.3697895702576854e-17-5.789949459523395e-17j),(1.4648346454857493e-09-4.2537409083539474e-10j),(-1.3926989044156595e-07-3.0585228438079126e-08j),(-6.384455404041061e-12+7.359887429405745e-14j),(2.107187195141996e-08-2.906319393086501e-09j),(4.111224420655989e-12-4.983169195093239e-12j),(6.554402059265331e-14+3.082174190595384e-14j),(-0.01342628315100113-0.0007697090846753111j),(0.011529324708006577+0.00033280262835434j),(7.024786112290089e-08-2.2549102256145684e-07j),(-4.264232618198011e-11-1.0859695199436244e-10j),(-1.2285356318279752e-13-8.182847373107386e-14j),(-1.7738012543325857e-12+1.3975093075452125e-12j),(9.751084634958387e-16+8.99521708940055e-16j),(5.516017999053717e-09+1.4941308293192422e-09j),(1.485969860083994e-13+1.026739078431698e-13j),(6.92892840227343e-13-5.179041607646177e-13j),(-0.0002858390151071076-0.00016320634886032187j),(5.251493436610719e-12+4.385413619014862e-14j),(2.9554232101537865e-13-3.0996346462822793e-13j),(-3.196153034080073e-14+2.382672981911073e-14j),(-2.8466582796687633e-13+1.259067583253e-13j),(-4.448350422284747e-12+4.423037323140145e-12j),(-2.3232672416710444e-06+6.386029948378248e-07j),(-1.7217514569628797e-11-4.3447607106910096e-10j),(-1.0028609678385495e-10-6.414807467239653e-11j),(-6.851257205431884e-07+3.398529970663666e-07j),(-3.558978890941991e-09-9.002772367239982e-10j),(-0.0009974358722492761+0.00039425363808101284j),(-3.2594599080899357e-10+1.0415439433921836e-09j),(-0.007954783856852173-0.00018213202021383993j),(-1.1181210884453996e-09+3.077566337172201e-09j),(-3.235464765933752e-09-1.675669965638078e-09j),(0.0059444667078709604+0.0002481915381618942j),(-8.878745913110761e-08+4.1583733000551175e-08j),(2.5314889255213475e-09-5.30740902689654e-08j),(-1.5289441234498746e-08+3.5653801738297934e-08j),(-2.0530953394738294e-06+1.8808364390472253e-06j),(0.0003100152752955086-2.5948651990120235e-05j),(1.017707487492783e-06-7.025212120669838e-05j),(6.008177555407306e-09+5.0161085838026595e-09j),(-0.00014571399259089105-0.0001877224433689694j),(5.011052807686115e-05-0.00011329372623377285j),(0.0012735436076464419-2.3908589920177542e-05j),(2.853148079673563e-07+6.823599819597922e-07j),(-6.44363954158353e-07-2.5638883409419635e-07j),(3.4488742636437853e-07+1.334505910101036e-07j),(4.794021226872538e-08-3.699237341653388e-07j),(1.8497158890114305e-06-1.368731690377453e-05j),(-0.00047086504009438533-4.551883099592476e-05j),(-3.147006579765892e-05+1.0674050843692683e-05j),(-6.581956346115938e-05-8.323306166022132e-06j),(1.0230582401261565e-05+2.573731028348005e-05j),(9.653166644043015e-05+6.866396113294799e-06j),(0.00013357496350069+8.79233722789652e-06j),(9.802211704702954e-05-1.1620887393307423e-05j),(-1.7581583175553756e-06-7.626916792150147e-06j),(-0.00010652197135082302+9.643586733333941e-06j),(2.9808896118938494e-05-0.00011403941414945114j),(-0.00028442573606963877+4.286558675557875e-05j),(0.5773502691896257+5.551115123125783e-17j),(9.684409752490496e-05+2.3046210876456755e-05j),(4.8631129806802584e-05+2.4573497115641152e-06j),(0.00027367863387975827+3.0910045828558925e-06j),(-0.000582719842418003-1.7736563402899496e-05j),(-1.4225613307755346e-05-5.202643727010128e-06j),(-7.254926428888242e-05-9.906034869765647e-06j),(-0.0007252236288939238-5.8739619764653685e-06j),(-3.49438566459304e-05+3.596255871860004e-05j),(0.00015479564782813822+3.738089617739455e-05j),(-0.00011694537361763219+0.00011862433759575445j)
3,(-1.4885747549053255e-16+1.7694634531352686e-16j),(-1.332233933220358e-16+1.0390303457021694e-16j),(0.7250954982023358+0j),(-0.22368817588955217+0.0005126116232981454j),(0.5778275157902633+0j),(-1.5700088301923928e-17+5.328628636561754e-17j),(2.3428717660862985e-16-8.42805196983566e-17j),(2.2790019792091363e-17-1.6158002034565144e-16j),(1.0217564468908139e-16-3.723278121909504e-17j),(0.2867953080079442+0.00013617203964009714j),(0.08876865985093936-0.00014429843382223959j),(6.2495297694581096e-18+3.811500828856502e-18j),(-8.437762077402103e-19+5.573877994655905e-18j),(3.6100225999174694e-10+3.0760527071665854e-10j),(1.4968295716005697e-19-1.1985436284331181e-18j),(-1.0098280251647243e-18-2.044845331518531e-18j),(-3.265867240305184e-11+7.254700193955979e-13j),(5.038680996741638e-13-1.5207743154810736e-14j),(-5.743294193246407e-14+1.530603082768949e-14j),(2.6470151338356617e-17+1.0979016139613757e-17j),(-8.658703606790732e-10+3.848740135275113e-11j),(1.821770984905118e-18-5.358853606196334e-18j),(5.64928642264828e-10-1.1848559940444714e-10j),(8.542363613529233e-18+6.033336928191097e-19j),(-7.316313288999646e-18-1.5529008610436217e-18j),(-4.847273791166754e-10+1.5945166944084276e-10j),(1.0946506913671921e-07+2.380474305179954e-08j),(4.836496036555623e-12+2.695698951946794e-13j),(1.1730734361892746e-08+7.362845728094023e-09j),(-1.23713951326279e-12+1.7079751166009304e-12j),(-4.7099137422242053e-14-2.1396804510512774e-14j),(0.011113276720616351+0.0005829888714937747j),(-0.0026659090806399706-2.1229454218386857e-05j),(-5.029392702534797e-08+1.85456557546815e-07j),(3.736750515001547e-11+8.233591116781754e-11j),(9.938524132256469e-14+6.523709714212539e-14j),(1.4491899108823384e-12-1.1504339925442805e-12j),(-8.789502408081491e-16-6.721013716504185e-16j),(-4.565437174692635e-09-8.609178400692427e-10j),(-1.0557742782899884e-13-8.187040617126541e-14j),(-9.494510731834111e-14+1.5898146164058336e-13j),(0.0014345549581311562+0.00029508240054895295j),(-4.341774679474942e-12+9.555483079821489e-17j),(-2.3948413524511355e-13+2.576995081127647e-13j),(9.937622051402476e-14-2.0132305477410006e-14j),(2.534100325988733e-13-1.0646252498252407e-13j),(3.906072614947025e-12-4.050493979814492e-12j),(2.0351444274099213e-06-5.637640211531536e-07j),(2.894642138098797e-10+4.1669708875415214e-10j),(1.3612121405383786e-10+5.587940838192217e-11j),(1.015512637880078e-06-5.187791133871643e-07j),(4.471252866619263e-09+1.4013711421395492e-09j),(0.0013740047569420029-0.0004695993079373519j),(1.0626118994041666e-09-1.7610793870843125e-09j),(0.0067434190990379814+0.0003155376755842147j),(-7.349786989117291e-09-1.1149939423437954e-09j),(4.797678449421853e-09+1.3312375815232637e-09j),(-0.0010060023342643532-0.00012251992466201544j),(6.012875384297768e-08-2.7902051969569174e-08j),(1.3189326460243304e-08+1.3599441008470551e-08j),(-1.193397646793396e-08-1.640596814872451e-08j),(1.0722011731706115e-06-1.0866166201656365e-06j),(-0.00017922167302370108+2.4803356181048305e-05j),(1.5691527722415415e-06+3.948040839643932e-05j),(-3.888859763164472e-09-2.030259399716972e-09j),(0.0009095652221771082+0.0002645069093907981j),(-0.00012246997010310876+0.0001360103599501086j),(-0.0008583542166242863+4.186153403203216e-05j),(-1.9664107280502087e-07-5.568334979991679e-07j),(5.687435120246741e-07+2.2849322487996318e-07j),(-1.204182038665734e-07-4.600394940543046e-08j),(9.634786225909085e-09+1.5038862041111703e-07j),(-2.147887925740305e-06+9.328984766360174e-06j),(6.57068642355584e-06+4.250236627824887e-05j),(5.163496827967719e-05+5.518385067586902e-06j),(6.194077311215607e-05+1.0061372470732992e-05j),(0.00012311943624897185-5.345371929515273e-06j),(-8.711563289888022e-05-1.105762394092195e-05j),(-2.7471979446946272e-05-6.784198209499179e-06j),(-8.253754078272767e-05+8.11343641755297e-06j),(-4.373856431719754e-06-7.0362763388834285e-06j),(6.494217351448126e-05-1.2085232669357903e-05j),(-0.00018410587756108204+7.2770658810939e-05j),(0.00017435059155497827+4.534282565180799e-05j),(2.29044001233999e-16-4.6144403873583903e-17j),(0.00012959663842546546-3.7345241205327835e-06j),(-4.89547654580863e-05+2.5212913704356288e-06j),(-0.0002154576461665034+5.006435107145652e-06j),(0.00040923309403373073+3.1890521653980233e-05j),(3.3258456721924466e-05+3.838213571433284e-06j),(-2.5713988183329997e-05+3.351991926300146e-05j),(0.00045620574003259786+1.9185278170166e-05j),(-7.735330559183697e-05-1.4710572235142282e-05j),(0.00012702231552148862-3.1395625946690713e-05j),(8.257249674545463e-05-8.224270024597937e-05j)
4,(5.222219155878941e-16+2.1872968706559855e-16j),(1.6135792937499502e-16+1.81723678981491e-16j),(-0.557074841577351+0.00027733826335063494j),(-0.5155088045249241-0.00017591801233862725j),(0.5775407574911703-6.237086242227852e-05j),(-2.067293244892618e-17-4.9193625306889016e-17j),(7.952240676422812e-18+6.863450363913369e-17j),(-1.9095163255160155e-17+6.208051570629265e-17j),(-8.392056047405415e-17+3.978851599878998e-17j),(-0.22012712766455825+5.4836888612932316e-05j),(0.20431940635091345+0.000150454704955727j),(9.462597447917387e-18+4.84124379629833e-18j),(5.2527281066902535e-18-3.3581915862362202e-18j),(-2.765475683558838e-10-2.3420988656433033e-10j),(-3.734014688876811e-18-2.0033158380119512e-18j),(-1.8784347005814118e-18+2.055831691005283e-18j),(-1.8049334303812508e-10-1.3118346487984724e-11j),(-4.065974674042541e-13+1.0074625855624736e-14j),(-3.826713719773214e-13+1.9032909696950982e-14j),(-2.140283868310462e-17-1.0229829645681918e-17j),(6.127862882217301e-10-1.7946697674448187e-11j),(-1.1990101730819876e-17+6.869978011254538e-18j),(-4.617634630757901e-10+9.69399342607256e-11j),(-5.674534010840621e-18-1.0077210948825116e-18j),(9.440271178844228e-18+2.1065316762885144e-18j),(-4.146401206352002e-10+1.0454415639154716e-10j),(-8.190863261772269e-08-1.801804593254447e-08j),(-3.5365083894494273e-12-6.184266994527212e-13j),(-4.35990758433256e-08-1.1389983190760762e-08j),(-1.4075271827528522e-12+1.3563673401057689e-12j),(3.0776272148582385e-14+1.3422645569748527e-14j),(-0.008603618911070364-0.0004642276300350002j),(-0.006356979956739113-0.0001578628009670231j),(3.3069796393678976e-08-1.411403201617562e-07j),(-2.8440745328654934e-11-5.7052474538280196e-11j),(-7.584559296730171e-14-5.0176579411797186e-14j),(-1.1196187203854365e-12+8.74674323658592e-13j),(6.606448270321137e-16+4.1277272378191066e-16j),(3.0697570439487026e-09+1.1896397645082206e-10j),(5.985343134447204e-14+6.080138977036468e-14j),(-5.021203512662779e-13+2.1690829981410838e-13j),(0.001386356762560758+0.00027603180646286214j),(3.180507734206031e-12+5.19310920540695e-15j),(1.6885502825919943e-13-1.8696163990476715e-13j),(-1.6097611461779004e-13+1.7987503711963056e-14j),(-1.8559187360829943e-13+7.499587140396229e-14j),(-3.413028177662706e-12+3.509965344940982e-12j),(-1.5451615517275662e-06+4.3680600115143753e-07j),(-5.884138906715605e-10-3.778033072138593e-10j),(-1.6808552649430644e-10-4.939650412941267e-11j),(-1.3577476127835856e-06+6.617971521055737e-07j),(-5.248329276282749e-09-2.033383353657818e-09j),(-0.0017364176681949092+0.00046943110149653066j),(-1.9173634105226638e-09+2.431278007911943e-09j),(-0.004623288246399732-0.0004461247072693965j),(1.669672308697858e-08-6.905036137491328e-10j),(-6.260588274053091e-09-1.0475461649238557e-09j),(-0.004414904042131941+5.6584064936646486e-05j),(-2.1732970259275416e-08+9.230175553295522e-09j),(-2.8603133850678915e-08+3.0459062239216115e-08j),(3.567541271412734e-08-6.538866518801665e-09j),(-5.0741405908382363e-08+1.8922631891191005e-07j),(4.6544558129771404e-05+2.1399327277367668e-05j),(7.855262581957564e-06-1.4126466410553705e-05j),(9.889602321980278e-10-4.1052130386396366e-10j),(0.0011510785726146543+0.0001871442616162214j),(9.544964603715768e-05+7.577067003874992e-05j),(8.565448215098597e-05+0.00010566040277625515j),(1.3567231688620042e-07+2.6622890749326326e-07j),(-3.924391377000252e-07-1.5979337263580205e-07j),(-1.2792937075710812e-07-4.360647212641018e-08j),(-2.536156137522047e-08+9.616697455054042e-08j),(-7.46773463760315e-07-3.448802711833916e-07j),(0.00021980640196097898+3.353563476270898e-05j),(-3.558962740795881e-05-1.2542315276211094e-05j),(-1.3945142045410908e-05+6.413941189117175e-06j),(-0.00013873095402086504-7.582514699089667e-06j),(9.823377753164875e-05+1.2283161625218562e-05j),(-7.620154136040828e-05+7.162806063365595e-06j),(6.51755129195358e-05+7.086412583719918e-06j),(0.00015756926712888055+3.191205717892139e-05j),(-6.632499184843558e-06+7.792607555905463e-06j),(0.00013046820722798066-3.8609691663282274e-05j),(-3.087136402441282e-05-5.6504605291181035e-05j),(-3.9502952136658133e-16-3.9783098029354985e-16j),(-0.0002943522490796925+7.1184617313752296e-06j),(-9.98052849269608e-05-2.1883737375990386e-05j),(4.6373554026015086e-05-3.190765895506942e-05j),(-0.00015261744091762312-2.9382677740713043e-05j),(9.279467341899626e-05+1.8107800758749396e-06j),(0.00011494689391934261-5.826859011673788e-05j),(-9.514440145671223e-05-2.8221957958999845e-05j),(1.0763288492779352e-05-3.076387303296694e-05j),(-0.0003170299337631366+4.6855214513257375e-05j),(-2.1518823313147248e-05+1.4014022060156612e-05j)
5,(-3.1892248019580717e-16-9.039429754310922e-17j),(6.932653051745076e-17-4.093695874166947e-17j),(-0.16874708662247717-0.00044115691239501875j),(0.7406455873696068+0j),(0.5766745313797089-0.0002651636274279001j),(2.0451572241286036e-17-2.189077208215947e-17j),(-1.7152349223839305e-16-4.7007422034356935e-17j),(1.3045514260599992e-17+6.82494064037767e-17j),(1.9409562189231768e-17-2.1936853296684986e-17j),(-0.0666164778288696-0.00017884263856347577j),(-0.2929869734647669+1.8077190536855414e-05j),(-6.181990280974962e-18-9.837062142973871e-18j),(-2.5591864687491295e-18+1.6707228056073348e-18j),(-8.544766207547645e-11-7.349368495347135e-11j),(-5.419247804626349e-18+1.0269941304835337e-18j),(1.0943529436123276e-18+2.022539871122773e-18j),(2.15861887376121e-10+1.3024981800518582e-11j),(-1.008768139113666e-13+4.6503115335471605e-15j),(4.507002800549544e-13-3.212573614315909e-14j),(-4.399330122141727e-18-4.976350301312375e-19j),(3.0255674048941164e-10+7.625917164917214e-12j),(1.5959668324724552e-17-3.143828423163885e-18j),(-1.0865198220667405e-10+2.1043508597894456e-11j),(4.054803093253267e-18+2.3385812798666016e-18j),(6.520980768285559e-18+2.2693159356888552e-18j),(9.32086176383228e-10-2.636678987519765e-10j),(-2.9008871462599398e-08-6.552544745432895e-09j),(-1.3701178802246977e-12+3.3771308005830435e-13j),(3.280232278838372e-08+4.4582913339423005e-09j),(2.7663101371877896e-12-3.13799940965435e-12j),(1.6770407997437707e-14+8.772175356243968e-15j),(-0.0026650711247346542-0.00017252281739216872j),(0.009372348567335924+0.0003134263072768536j),(1.9691885083769707e-08-4.624167701982626e-08j),(-8.156309879985682e-12-2.7519873708784907e-11j),(-2.4685877242770455e-14-1.63017572821028e-14j),(-3.563763499058477e-13+2.8854068717264983e-13j),(2.0666745472732476e-16+2.8559368153071724e-16j),(1.3004528046573255e-09+6.596758839819586e-10j),(4.759226770578102e-14+2.302891488471177e-14j),(6.249668674679479e-13-3.8266096680833696e-13j),(0.0011213080176597843+0.00011871367160628523j),(1.2539732558565627e-12+1.2203310442926401e-14j),(7.589395685679189e-14-7.440975821691509e-14j),(6.486624314515599e-14+5.639916464828877e-15j),(-5.5626218361319926e-14+3.233055772065842e-14j),(-9.473613008925429e-13+8.25433658061801e-13j),(-5.3849423895837e-07+1.4836161658942164e-07j),(2.706372943207497e-10-6.544765987674327e-11j),(2.4212879555012956e-11-1.5350149871142883e-11j),(2.505946664396444e-07-1.3875928672247316e-07j),(5.008681398969877e-10+3.966783606754141e-10j),(0.0002552126576369128-2.7551356162330363e-05j),(6.971508409131855e-10-5.94942279676308e-10j),(-0.0022107736990959067+9.676140297035425e-05j),(-8.60704155431901e-09+2.3374838333306117e-09j),(1.1686436148555315e-09-5.516496678882979e-10j),(0.005698074677719797+0.00016900194865685186j),(-3.9778123905831046e-08+1.8754061388534106e-08j),(1.6117608033855212e-08-4.62430092156777e-08j),(-2.92150942486268e-08+2.3789576487982848e-08j),(-1.2516766588256763e-06+1.0387411462181075e-06j),(0.0001720830596816511-3.993193669201065e-06j),(2.8191172156430667e-06-4.011828681532215e-05j),(2.969104610396734e-09+3.7178691798120672e-09j),(0.0007445575236488305+5.1432350087986776e-05j),(-6.539885657647635e-05+7.606526321603635e-06j),(0.0005865122847579373+1.749129673179659e-05j),(1.284467409093609e-07+2.1848882377015651e-07j),(-1.666367430438933e-07-6.58811427541981e-08j),(2.732584029749608e-07+1.0726645115145593e-07j),(6.365503541022199e-08-2.7021778077859024e-07j),(-3.266794380419213e-08-6.198958225924153e-06j),(-0.0005280043360178651-1.0207800609016663e-05j),(1.585273313271986e-05+1.7580988827049963e-05j),(-1.3104191750707857e-05+4.0851284566365486e-07j),(0.0001346943978356961+2.3926467020330348e-05j),(2.2952782851299214e-05-2.9909127621835338e-06j),(0.00012483116029932912+3.570308259789705e-06j),(2.9238598444547166e-05-4.904011320843613e-06j),(-6.360236063905825e-06-1.5733139855974315e-05j),(-5.621523998563055e-05-1.3521963560346623e-06j),(-0.0001499662628050767-5.689522604591455e-05j),(-0.00014926474044081356+9.348448003750634e-05j),(1.2064083572117908e-16+4.3087150032081273e-16j),(0.00023987413585252484+2.2747524140439822e-05j),(6.476448724283956e-06+5.436601476152634e-06j),(9.5951732390216e-05+9.124434726071821e-06j),(-0.00025436925097363993+1.0322398305001896e-05j),(1.705955423003633e-05-2.1229851204385624e-06j),(-0.00010833389390280777+2.2074049030967186e-05j),(-0.000369288594930652+1.082920595518757e-05j),(-0.00011720098794479749+2.6147960802759008e-05j),(0.00030320241521472635+1.1524132387170298e-05j),(-5.0803069612970595e-05+5.252284761876787e-05j)
6,(2.485207392875875e-16-4.603391786213534e-17j),(-2.85760684665418e-16+1.9422365752053507e-16j),(-0.004232037906859492-0.00018180565924811633j),(0.0010436582870053653+2.3943244980774772e-05j),(-0.0015488784378131783-0.0002887006334381353j),(5.6614854134886556e-18-3.491576605124812e-17j),(1.5136824513541012e-17-1.313947479846113e-16j),(-1.0448271355628643e-16+6.894894247801118e-17j),(2.618675091896787e-16+3.5683266552203673e-16j),(-0.024562568123624607-0.0011599408425555509j),(-0.005844632127552899-0.00013185340810981604j),(1.8337727176918386e-16-4.6462369893543676e-17j),(-2.791413507978304e-17+3.5006239704481234e-16j),(3.4127771049179343e-09-6.776269781599912e-10j),(9.244608952327288e-17-8.137015477703314e-17j),(2.9774452593583083e-16-2.1573059131302096e-16j),(-6.845342804363022e-10+1.929452376422835e-10j),(1.3464182546579069e-11-2.6580915522635346e-12j),(-2.3964035875752062e-12+9.495083661608311e-13j),(7.467117974555088e-16+1.259062451707751e-16j),(-3.271379064169525e-08+7.169758559012454e-09j),(1.5860307188797227e-17-3.85548656569765e-16j),(2.4480942988705746e-08-7.315209956670265e-09j),(5.501799152263457e-16-7.832448058086214e-17j),(-3.545439139575716e-16-1.4856044639357758e-16j),(-2.4269115273125874e-08+1.0000346896279095e-08j),(5.716778917896838e-06+9.603394484831407e-07j),(2.369997508217174e-10+1.5530460771397146e-12j),(5.635254575598032e-07+3.5902299120334396e-07j),(-6.006759219139703e-11+9.195853300264314e-11j),(-2.3973665425791248e-12-9.306337580573919e-13j),(0.6188822210857282+0j),(-0.17102931014705025+0.010301827096038496j),(-2.0315081911326438e-06+1.049031738390657e-05j),(2.521338960905604e-09+4.245805832607331e-09j),(5.49173925947016e-12+3.1361008334235607e-12j),(7.596078743353064e-11-6.795350398350568e-11j),(-5.314668756984644e-14-3.207290783512598e-14j),(-3.0429507437033193e-07-4.096998456098985e-08j),(-6.178307026067914e-12-4.224548624009332e-12j),(-5.946462625224636e-12+1.039547246184504e-11j),(0.4832585225184808+0j),(-2.597054860572723e-10+1.4821947479574335e-11j),(-1.3782985961300797e-11+1.6354525789319734e-11j),(6.093327528376817e-12-1.2981134462282947e-12j),(1.7079897489348928e-11-7.95208798755985e-12j),(2.022567948361814e-10-2.399061122821638e-10j),(0.0001296741399148183-4.0863391782878924e-05j),(1.4989925903047252e-08+2.472539561102529e-08j),(8.017228571496888e-09+2.6246645069802795e-09j),(5.485979284144497e-05-3.406552330923429e-05j),(2.6321341985966284e-07+5.91340296824468e-08j),(0.07715406547942277-0.035583040431720794j),(4.679552728845681e-08-1.0525307182320537e-07j),(0.4567724655451959+9.152165331707818e-05j),(-3.5179930256159414e-07-3.138350125801903e-08j),(2.808009056381924e-07+5.812342729131795e-08j),(-0.07673447139875675-0.002415476901441317j),(4.064026711666025e-06-2.1207477798174546e-06j),(8.376158167942633e-07+9.54644902525754e-07j),(-1.1674595998756166e-06-1.0288731377455185e-06j),(5.800205366838229e-05-6.481794980063837e-05j),(-0.008503727505086899+0.005501008923844277j),(0.0010878244640346703+0.0012468936523603788j),(-2.599463704314319e-07-3.111329763586512e-08j),(0.3404952682702778+0.006271504481292101j),(-0.01195610113933719+0.0327446491536076j),(-0.0767131340087878+0.024980324099499192j),(-1.0912628207469874e-05-4.70992114049786e-05j),(4.176450466249405e-05+1.458432388681546e-05j),(-7.462029277703788e-06-2.3533383482058923e-06j),(4.87606942714245e-06+8.73668388130118e-06j),(-0.00034589592135027904+0.00101117125267833j),(-0.02385321083679834+0.015551642447665884j),(0.006736152589217525+0.0004810789468313022j),(0.008091569490833731+0.0014360038072955164j),(0.01924890211414199-0.0022554905314889906j),(-0.002866803559932322-0.0013628887837888008j),(-0.0006078825554933879-0.00046736362594136573j),(-0.004449395707363077+0.001576480926694186j),(0.014188055121148926-0.002487896912262174j),(0.004852295072885699-0.0015860065928419219j),(-0.03157697208658085+0.007838726092078951j),(0.014137247494997049+0.010090120885075611j),(2.995925173844967e-14-4.708696116944223e-15j),(0.015046767333420554+0.00021181992938779353j),(-0.01750085281186918+0.0018417681243874363j),(-0.02278562999990695+0.0006575357676049925j),(0.030210985467496475+0.0021648029133134513j),(0.01615269877405466-0.0024148299040213646j),(-0.0028352300255351202+0.002347191862941575j),(0.03288366090505555+0.00030745758351530527j),(-0.022784604393102696+0.0009399458272045446j),(0.018076749537876406-0.002292473980637322j),(0.0064149710343556505-0.00792932124255502j)
7,(-1.8914383840671377e-16+1.811860592180979e-16j),(1.5955804213055877e-16-6.310739867216066e-17j),(0.003305341339956258+0.0001502522204470699j),(0.002484249015615518+8.038435841735056e-05j),(-0.0015975693508155683-0.00029916816825360337j),(-7.791022840859913e-17+1.240232440376676e-16j),(2.2455836494081575e-16+1.4252398417584094e-17j),(2.1097431398456683e-17+3.3623278183535235e-17j),(-2.0542469021280781e-16+4.2438118050371095e-20j),(0.019200444922622798+0.0009622025889276563j),(-0.013939166877001197-0.00045816863516595554j),(4.06925403741896e-17-3.265597849594236e-16j),(3.4865356714266874e-16-2.596271839679916e-16j),(-2.6907508191285768e-09+5.124838341650812e-10j),(3.336548895604437e-17-3.762034234878315e-17j),(1.3054252509909765e-16-1.0923643203510275e-16j),(-3.745376210489999e-09+5.355087523267734e-10j),(-1.1241158565328621e-11+2.0580302325720505e-12j),(-1.5038898719106684e-11+2.3737409666211024e-12j),(-6.084776812366909e-16-2.887808353608158e-16j),(3.037071958901459e-08-1.539968243304776e-09j),(-5.755137538058304e-16+5.786648870882929e-16j),(-2.0490635886336306e-08+5.967587369257513e-09j),(-7.735817189393859e-16+4.1262868364179097e-16j),(5.140799725391493e-16+1.064166075741956e-16j),(-2.4126332318212335e-08+8.022952678708512e-09j),(-4.335263958248963e-06-7.617058784797245e-07j),(-1.763980312231022e-10-2.5932000075902997e-11j),(-2.548825012579587e-06-5.27427695795145e-07j),(-7.87929085358964e-11+8.549694728179932e-11j),(1.5278981043274476e-12+6.188234486239039e-13j),(-0.48778518632951623-0.0033643415320391418j),(-0.42575186420134625+0.011076438669325006j),(1.427178558843279e-06-8.019287611258193e-06j),(-1.7689710135157892e-09-3.08430372293398e-09j),(-4.249353468026286e-12-2.4732188962983607e-12j),(-6.024077109343869e-11+5.256235464313242e-11j),(3.7378571298871086e-14+2.00014790403975e-14j),(1.5623385935577987e-07-1.4850473139324849e-08j),(3.428969184446071e-12+3.2731454193434637e-12j),(-3.202949421495754e-11+1.6530595236468178e-11j),(0.4758540835660617-0.0013032414334230025j),(1.9496730679073853e-10-1.0771094068290296e-11j),(9.724218973535863e-12-1.1951982045718769e-11j),(-1.0455593561255016e-11+1.8280547643849075e-12j),(-9.991343082223849e-12+5.02034500636959e-12j),(-2.406294332207747e-10+2.7061752282128855e-10j),(-0.00010085540048882305+3.554408592307248e-05j),(-4.652829066007065e-08-2.5014149953173186e-08j),(-1.2686353484919201e-08-3.3444644800095717e-09j),(-0.00010143761136705866+5.2651829903384114e-05j),(-3.978308543406785e-07-1.4357474986482152e-07j),(-0.13086568176818938+0.03695969887508907j),(-1.4451323410323497e-07+1.878089337098385e-07j),(-0.30591574891039197-0.020196997396691077j),(1.3112224005493879e-06-8.241650751155992e-08j),(-4.77201054610808e-07-6.802290726455178e-08j),(-0.33486214759711236+0.018369289338693903j),(-1.1874889019433073e-06+5.392277580154369e-07j),(-2.0333906428266326e-06+2.436041973180792e-06j),(2.236364989318017e-06-6.055917208496271e-07j),(-9.231931872631943e-06+2.08423622445484e-05j),(0.006168698018484445+0.004661641999081112j),(0.0013551696465063893-0.0022623653928321064j),(7.027300136023953e-08+5.038137362530043e-08j),(0.35410234960191744+0.0002643355864644925j),(0.0031262912805975554+0.028016351626972524j),(-0.014472453235067824+0.02666980343211344j),(1.4008952436497316e-05+7.562567345981652e-06j),(-2.5382501996768395e-05-9.402663339826235e-06j),(-9.278792879446923e-06-2.6809449354962475e-06j),(2.0020359088223897e-06+6.387206363017815e-06j),(-0.00027845640483462595+0.0003719582994079271j),(-0.006778159334095401+0.014404923383724786j),(0.0006058211876938845-0.0005986877141045523j),(0.002888751592559034+0.001399881199785757j),(0.0005784291352561825-0.0017809220732668072j),(0.009956413365725733-0.00024646436521019694j),(-0.004539871332766422+0.0006176481125783667j),(0.005652085452561567+0.001117925190282196j),(0.025592719523093416-0.0001581981935846813j),(0.00023518562735481936-6.769516945129372e-06j),(-0.009508337269604794-0.000483453268404019j),(0.000385905173667471+0.0032146509812769376j),(-1.7455271311983234e-14-9.787721454193503e-15j),(-0.015405586615505677+0.0020454768822483734j),(-0.021166022470776747+0.00025561944105921336j),(-0.0052718730211076545-0.0026825462226956667j),(-0.007632429798203246-0.0005442596786297983j),(0.020231751884904628-0.0027050292602842354j),(0.007157782863450675-0.004506920049360248j),(-0.0036160426372868312-0.0014703237892798463j),(-0.01623078461142407-0.0005536885054996232j),(-0.013842994967020692+0.00431512419895638j),(-0.00026515781742416744-0.0012346466145359588j)
8,(6.034179645348939e-16-1.5017295431937376e-16j),(1.9520374379071542e-16-2.7823645907429705e-17j),(0.0010223593332619996+5.341379826268684e-05j),(-0.003717388756819494-0.0001488135688561805j),(-0.001744155953125348-0.00033305552301603994j),(1.5883864394113689e-16+6.935155117381719e-17j),(-1.0102981054447086e-16-3.102640974910204e-16j),(-4.50739210662859e-17-2.453514653557397e-17j),(1.0695278746817003e-16+2.518233804475143e-17j),(0.0059477155523270705+0.0003421220488228861j),(0.020905636509679058+0.000868039385364533j),(-2.858221176878304e-16-2.6033377723465e-17j),(-2.415517081689819e-16+2.526393543312596e-16j),(-8.735893476397799e-10+1.488314293301186e-10j),(5.810652182188746e-17+2.958943993205723e-17j),(-8.104110145479914e-17+2.059194171833833e-17j),(4.885738850239629e-09-6.422962622939493e-10j),(-2.772923870355102e-12+5.551081269704605e-13j),(1.9237333771601916e-11-3.023348813290856e-12j),(-2.729724848917599e-16+1.3921809245640564e-16j),(1.8081818814239763e-08+7.254560592380429e-10j),(7.0736030058191e-16-1.8414946168900636e-16j),(-4.6767607067557934e-09+1.2277034098787522e-09j),(4.454287103714686e-16+1.7511283474814988e-16j),(3.7545451462974e-17-9.450718298927704e-17j),(5.371144195027285e-08-1.823269201363504e-08j),(-1.603143998480928e-06-2.990895617115697e-07j),(-7.115662346782273e-11+2.339386461208586e-11j),(2.1501830426238074e-06+2.3718350057227166e-07j),(1.5817469529100923e-10-1.903665366307128e-10j),(9.170093250665266e-13+4.735635893953625e-13j),(-0.15452335818979726-0.0036514904934990804j),(0.6593489652003077+0j),(1.1390282571926449e-06-2.721868094734833e-06j),(-5.18815563161688e-10-1.6867137751387873e-09j),(-1.421931972068411e-12-8.317808905178132e-13j),(-1.9788164769740955e-11+1.788826792963751e-11j),(1.1801588471672223e-14+1.7504999246014986e-14j),(6.038067129768135e-08+3.513285927459503e-08j),(3.0514682962906026e-12+1.2420290898129175e-12j),(4.286581427752602e-11-2.8282047469666654e-11j),(0.43275966141946715-0.016389492295727254j),(8.228447642273706e-11-3.76338992578891e-12j),(4.746242066405969e-12-5.068425360275644e-12j),(5.41175019266793e-12+3.7810532840372344e-13j),(-2.0588605386774507e-12+2.0245078430105874e-12j),(-8.645488821822189e-11+8.361194144201311e-11j),(-3.6847191922339805e-05+1.3683358106373716e-05j),(1.8603004986316616e-08-5.8945144163258635e-09j),(1.479083472337554e-09-1.6395900280158998e-09j),(1.5064284481896983e-05-1.1136124325159002e-05j),(2.81560387453788e-08+2.019298651009413e-08j),(0.015315671586685904-0.004734592967711981j),(4.464632980190011e-08-4.5100554507118266e-08j),(-0.15615455598325112+0.01387418874733612j),(-6.178850217040832e-07+2.314890162400614e-07j),(7.703052591506831e-08-5.766700117334013e-08j),(0.4694982937572995+9.694765678315564e-05j),(-2.9481701877679255e-06+1.509677124000529e-06j),(1.1983609471925195e-06-3.821819269418261e-06j),(-2.7086504610742892e-06+2.073615206243031e-06j),(-0.00010804168854943184+9.800588134135747e-05j),(0.017083579368250106+0.0019931759001808524j),(0.000828134314790011-0.004513984899582753j),(2.664100151624544e-07+3.873447524442091e-07j),(0.30562224321028386-0.012954095372488372j),(-0.008781377619213483+0.021389898299636525j),(0.03133464861235528+0.017449393304488272j),(1.428239376083908e-05+7.54257373320676e-06j),(-1.0551131506460204e-05-3.929886598508422e-06j),(2.4213658695609464e-05+8.636944173314864e-06j),(7.738042864378564e-06-2.4099942712030252e-05j),(-0.00021389754946931925-0.00016592050260272738j),(-0.065632341574539+0.012460042569229042j),(0.004365567134455328+0.0015954999472721507j),(0.0024230185047302067+0.0007870716097999048j),(0.021350024719340586-2.5146780380718575e-05j),(0.004286847486526883-0.0011919627362043492j),(0.01173604046993217-0.00018976940655695933j),(0.003210976035899929+0.00016599106621830893j),(0.011783738071063714-0.00353215667337645j),(-0.004182179618663865-0.0005092835937955707j),(-0.03015073484937702-0.0015436737715486665j),(-0.00977329403959169+0.014977708830210674j),(-8.608353305357313e-15+2.4135629554805966e-14j),(0.026488834963610448+0.0017655606109831645j),(-0.011724725183400337+0.002201403601578921j),(0.00044279712763450993+0.0005130809932959369j),(-0.01830348853413126+0.0026603798078001974j),(0.013412875067663595-0.002855173398523451j),(-0.010332340568275346+0.00236062717045477j),(-0.028376859835006547+0.002269206704703872j),(-0.02520130290190071+0.004535126876758784j),(0.03466322564271492-0.000123812432741116j),(-0.0030731745155402937+0.002510644027928742j)
9,(-1.2545334767447438e-14+1.6345730300554848e-15j),(3.714409498186183e-15-5.617585998755938e-16j),(3.672759437701036e-05+3.166202831478604e-06j),(-7.441186910863646e-06-3.6756249554435937e-07j),(5.5279431364997755e-06+2.236061898722333e-06j),(-1.9842188765791798e-16+4.4400452463699403e-17j),(-2.0060033604617795e-14-3.657022561192716e-15j),(-4.0294300055555985e-17+6.037062997061951e-17j),(3.0820224468569223e-16+1.6267067457300164e-16j),(0.0028750224463157917+0.00025883068125009696j),(0.0005532147230779298+2.601701811348332e-05j),(-1.1103345660824725e-17+7.404331752098206e-17j),(2.9627583241164345e-16-8.338548965919119e-17j),(-2.5708850853030523e-08+4.210257038502447e-09j),(-1.3326180844606406e-16-8.762635574860444e-17j),(-2.3568168902977806e-16+2.3697787835580516e-16j),(6.12173671339271e-09-1.3731956552763347e-09j),(-6.728671079636717e-11+1.1144797475631747e-11j),(1.5224861958066976e-11-4.398108338711817e-12j),(-3.762865198189612e-15-1.1531017461431194e-15j),(6.416259419989247e-08-2.0707632444893518e-08j),(8.069686267665325e-16-3.2352600403171523e-16j),(-6.488637123995171e-08+1.677571703788191e-08j),(-2.624649842779934e-16-6.0634856112036e-16j),(1.5686624275447818e-16-1.2503011649532974e-16j),(5.736928653082261e-08-2.1073800483815627e-08j),(-8.148062570547212e-06-9.3897461792151e-07j),(-4.455591341135218e-10+2.918748063429193e-11j),(-3.72463783918201e-07-3.680338357256219e-07j),(1.2866581675308983e-10-2.1119204595825444e-10j),(4.527238821650196e-12+1.3111469485295093e-12j),(-0.4586484010223702-0.00018168016387686697j),(0.12664063283981822-0.007587182023655915j),(2.6634818525032043e-06-7.952024177395643e-06j),(-1.1105324002532343e-09-4.379005802702932e-09j),(-6.210490990032318e-12-4.062593251657054e-12j),(-6.639940998494072e-11+5.017830729390744e-11j),(4.0813132577505514e-14+4.2404705039027706e-14j),(8.316438054693221e-08+8.623255297803053e-08j),(4.525536227255265e-12+3.2533166825441592e-12j),(7.3083254924537e-12-6.98529674529015e-12j),(-0.35641939569941783-0.00022733125875668003j),(-2.234140152833939e-11+3.5120689685008396e-11j),(-1.452662982566727e-12+3.310005044532517e-12j),(2.418116735950084e-12-9.911425557217372e-13j),(5.404928020541544e-12-5.981283054286696e-12j),(1.6314497848816918e-10-2.552100797461967e-10j),(0.00012504101093286068-5.082670858192915e-05j),(2.118188410040565e-08+2.580755471020208e-08j),(1.0137490123464177e-08+2.787720874597837e-09j),(7.068123792655195e-05-4.5379442545599206e-05j),(3.3308220694133114e-07+7.333488947698004e-08j),(0.10468450835806603-0.04795180157623034j),(6.70302456382328e-08-1.4183253339690963e-07j),(0.6135065232616563+0j),(-5.41850533109387e-07-3.8083359241905e-08j),(3.8700475459467843e-07+7.598551302371272e-08j),(-0.10284611822306426-0.0032281528766032776j),(5.293160692833348e-06-2.814910802097797e-06j),(1.226220341498268e-06+1.2767043730235595e-06j),(-1.522129517913875e-06-1.457693012770524e-06j),(8.608585226056845e-05-0.00010044981309665553j),(-0.013787102523836546+0.007685908971022819j),(0.0014847875806461755+0.0022374223358618815j),(-4.425059533369744e-07-4.182391793514979e-08j),(0.45840970363326505+0.009300046398042994j),(-0.01826971304686211+0.04520898804799408j),(-0.11479316524629507+0.033864387585025996j),(-2.218860959557092e-05-7.243165152713184e-05j),(7.107429302245354e-05+2.4573770403332647e-05j),(-1.2621724883296497e-05-3.970947828635534e-06j),(7.719959901086163e-06+1.3318116658643602e-05j),(-0.0004659115735228867+0.001484990555535374j),(-0.03357824872677802+0.021304058342239834j),(0.010154196831795251+0.0007757037125831862j),(0.013477259399415714+0.002382459822277367j),(0.028976865324627676-0.003239744930700436j),(-0.00473145093106425-0.00226371089047695j),(-0.0009993709670167248-0.0007734271534170957j),(-0.007349474824705408+0.0026112699372594053j),(0.023114266053999025-0.00410099937201404j),(0.00767829782796413-0.0024756612760921007j),(-0.048657021131205895+0.012323883120818733j),(0.022278664936256506+0.015365629897103418j),(3.665387776722649e-14-1.2485665227342687e-14j),(0.02440138384072506+0.00033702357777151346j),(-0.028744215472413178+0.0030579101928864686j),(-0.0359349041176645+0.0010643322653661087j),(0.04903579905807237+0.0034343940958334387j),(0.02619139509812203-0.003927940782008794j),(-0.004573591395528313+0.0038331068302753443j),(0.05295961590463224+0.00041386496599406513j),(-0.03549400181989215+0.001391831011913462j),(0.02884427926051941-0.0036693408251741735j),(0.010270638625893124-0.01266904511678768j)
10,(9.853450035969792e-15-1.1535587767707348e-15j),(1.064308769488789e-14-1.462476944150928e-15j),(-2.8864985643430934e-05-2.6237311759321277e-06j),(-1.7977307536952692e-05-1.1650166213355757e-06j),(6.277465197347656e-06+2.468418721175942e-06j),(2.0344262153218194e-16-3.137126377864381e-17j),(-4.0176244676119296e-14+1.023445288661051e-14j),(-2.7822251896227103e-17+1.0496484970692672e-17j),(-2.567040733290877e-16-7.715065230370018e-17j),(-0.0022606202896378945-0.00021496142218693353j),(0.0013383351172239352+8.484944896949864e-05j),(-1.1135826430755194e-16+1.6484647864915185e-16j),(-2.7589879381093864e-16+3.933513882984085e-16j),(2.034927400345425e-08-3.157707536360639e-09j),(-3.238220588556227e-16-8.438447069683626e-17j),(1.395316369264472e-16+1.7287521079082796e-16j),(2.7487255636663823e-08-3.5112286221760398e-09j),(5.7280681844620437e-11-8.505486623751283e-12j),(7.344311225476525e-11-9.91404900650792e-12j),(3.3032023010481213e-15+1.1791977698334367e-15j),(-1.1454171377799137e-07-8.257986059647897e-09j),(2.3081091567319486e-15+3.529138788571253e-16j),(5.480683363522927e-08-1.3304474761849782e-08j),(6.606212865318408e-16+3.807629755345452e-16j),(-3.3125822868919407e-16-2.1930556044200788e-16j),(7.051640918261678e-08-2.098182935775779e-08j),(6.082914921566317e-06+7.243148038832593e-07j),(3.269423334908431e-10+4.0456241261417395e-11j),(4.222345399538755e-06+6.080499617098168e-07j),(2.033094969129984e-10-2.469672138741098e-10j),(-2.5933921754576508e-12-9.875749258966289e-13j),(0.36148410519531743+0.0026346437930318198j),(0.3152477391120476-0.008106735714770219j),(-2.3583302614675456e-06+5.906526649188417e-06j),(2.933277388625027e-10+3.593731590903831e-09j),(4.7687522548772115e-12+3.1483159273485997e-12j),(5.286031379893709e-11-3.978388969601287e-11j),(-1.8471080307005312e-14-3.2505833102941455e-14j),(7.537774405462492e-08-1.1412501771024896e-08j),(-1.870939586441581e-12-2.4079234566492825e-12j),(2.5303387223145453e-11-1.2549854333930633e-11j),(-0.3510815865480482+0.000779872881771615j),(1.362800910110257e-11-2.170157808549901e-11j),(1.5633479298264e-12-2.5138325954529852e-12j),(-3.62608902034494e-12+6.317249861072287e-13j),(-7.676051189301989e-12+5.168454341134967e-12j),(-9.607202376030806e-11+1.7789926479784014e-10j),(-9.68677943261028e-05+3.8547039964792254e-05j),(-4.039058103232652e-08-2.3820802580939266e-08j),(-1.308337604984417e-08-2.1385314778200094e-09j),(-0.00010546199081952603+6.171812401885482e-05j),(-4.197365936170408e-07-1.3657632394056402e-07j),(-0.1543712108064194+0.05004748213804827j),(-1.5775384322390406e-07+2.1910975749434518e-07j),(-0.4172500825489294-0.025370937238810426j),(1.5525298985906335e-06-1.2884784126776204e-07j),(-5.75130861702925e-07-7.137253809641864e-08j),(-0.45435374365359993+0.025881850252555058j),(-1.7034728580224668e-06+7.996844648233065e-07j),(-2.712636784854784e-06+3.297353576352033e-06j),(3.1775471654424823e-06-9.015051633540269e-07j),(-1.1454857973347201e-05+2.7144521785066966e-05j),(0.008401968885365707+0.006363402399725542j),(0.001835398498142658-0.003075814390097944j),(1.2483300364656503e-07+9.422804700354535e-08j),(0.4799396657332502+0j),(0.004726973582807511+0.037960412594785456j),(-0.018976239594540274+0.03641207398029343j),(2.109694876751447e-05+1.2121077419192898e-05j),(-4.293166632128427e-05-1.585650050124725e-05j),(-1.5791301894937196e-05-4.5486654533137165e-06j),(3.141016979949321e-06+9.746267744635542e-06j),(-0.00037590201372134286+0.0004981544513120663j),(-0.007331247430783294+0.019492225841559685j),(0.0005214749153345524-0.0008885000382661584j),(0.004837744554241727+0.0023290796535758895j),(-0.00039165083826020095-0.0023684793834362373j),(0.01654609591500322-0.00041869528163279886j),(-0.0075248498166743385+0.0010268029781782197j),(0.009330736620274506+0.0018314105235574727j),(0.04189088642752985-0.00030131625718976887j),(0.00031859759867668337+5.015856273353315e-05j),(-0.01349549039176755-0.001159954538269796j),(0.0002494630400008721+0.004474686281421652j),(-2.835589388173161e-14-1.6259379087185314e-14j),(-0.025362979781441072+0.003399181087654051j),(-0.034796615942024496+0.0004454102815663729j),(-0.007804446208369603-0.00436258085980108j),(-0.012563779227566222-0.0009175253635372149j),(0.03288959082177962-0.00441340875362893j),(0.011691830641616316-0.007391076860329027j),(-0.006035557142708112-0.0023871177085904908j),(-0.024976307572008312-0.0010558270284672941j),(-0.022892042437004177+0.0071386639758410295j),(-0.0004929069759138589-0.0018332131082319967j)
11,(2.8160141931164035e-15-2.300625444583387e-16j),(-1.6051575352188455e-14+1.6629936148504887e-15j),(-9.007107415293852e-06-9.077828452954569e-07j),(2.7431407945886648e-05+2.189893323398189e-06j),(8.061043011324165e-06+3.0504821421579065e-06j),(-7.810567314593022e-17+5.831286923873178e-19j),(-3.801371815301858e-14+8.226597649036098e-15j),(8.37003872182683e-17-3.3476836392752183e-17j),(-1.4308414183120663e-16-5.0623402311190655e-17j),(-0.0007062283954049469-7.45964889515146e-05j),(-0.0020459384648471753-0.00016285714552665472j),(1.5164912486004673e-16-1.1673161386060316e-16j),(3.5493634766631343e-17-1.441632549684438e-17j),(6.662208631768265e-09-8.98013387556886e-10j),(-1.257202058624524e-16-8.556092822686489e-17j),(6.100658201411318e-17+2.3645884038871226e-16j),(-3.684323149519682e-08+4.218492048711655e-09j),(1.3296860510271639e-11-2.3669935075225677e-12j),(-9.71669996773562e-11+1.2601764379722227e-11j),(8.850537439490612e-16+9.728660949172284e-17j),(-8.308463159822537e-08-1.1134566773847336e-08j),(-3.2718979131980127e-15+2.2613905587729787e-16j),(1.089544028253279e-08-2.1461014086943663e-09j),(-4.467489267393915e-16+9.842068785572749e-17j),(7.790256864773111e-20+1.0322773380329288e-16j),(-1.3897098823689404e-07+4.2242138448190967e-08j),(2.386818851988037e-06+3.0939566283860697e-07j),(1.3870711966704646e-10-6.927802483821177e-11j),(-4.113488513173532e-06-3.397734849667772e-07j),(-3.696723020544606e-10+4.86433873083945e-10j),(-1.8856941071681947e-12-1.008195074564296e-12j),(0.11449756340939+0.0027488652333158715j),(-0.4881188609195466-0.00012584340982896292j),(-1.7839648345796453e-06+1.958282822678969e-06j),(-3.778293195383871e-10+2.3021492330947305e-09j),(1.6394261562283677e-12+1.0654783099967197e-12j),(1.771960904640024e-11-1.4729200286011204e-11j),(2.1805687126925733e-15-2.6619092887537522e-14j),(7.239472638758054e-08-1.6823207086944128e-08j),(-2.87032647622421e-12-1.1048822914564919e-12j),(-3.6615143841210694e-11+2.0312543553780427e-11j),(-0.31905637407480786+0.011884228378662015j),(-2.0671900478204775e-12-8.176144779859905e-12j),(3.2850011739709373e-13-7.056828489217411e-13j),(1.0956979719807993e-13-2.716451558336974e-13j),(-3.3896333021951175e-12+2.1600622427878854e-12j),(-1.668625494184956e-11+2.8382648151246508e-11j),(-3.468463785983619e-05+1.3232147643066758e-05j),(1.9524805104466967e-08-6.155307107031498e-09j),(1.815851657700735e-09-1.602450704476707e-09j),(1.906657170440816e-05-1.473896746923868e-05j),(4.493396407200325e-08+2.3705649567580987e-08j),(0.021677465712509336-0.00661479053225701j),(5.496860908114466e-08-5.871589630027948e-08j),(-0.20984554171677425+0.018805821782928653j),(-7.847102783155762e-07+2.9420561342768833e-07j),(1.0410983805306021e-07-6.925073655557905e-08j),(0.6310901775062171+0j),(-3.7994688502442408e-06+2.007144981647224e-06j),(1.5576606000543242e-06-5.139428985137195e-06j),(-3.463040613713097e-06+2.8045772602985354e-06j),(-0.00014922857209710792+0.00013934208376567764j),(0.024415209501878574+0.0024335456833356577j),(0.0010272769942952019-0.0063814491767628j),(4.6900478943065213e-07+6.757636281252752e-07j),(0.41173850417482366-0.01772505023470386j),(-0.013461497733596665+0.028455762623585054j),(0.049468985326577695+0.022638829374713433j),(2.181017688262324e-05+1.1667561782532149e-05j),(-1.78093619748114e-05-6.642190848408741e-06j),(4.1528339412966055e-05+1.4666223430370815e-05j),(9.397854197222843e-06-3.852005593510193e-05j),(-0.000299007945213198-0.0003088793189069421j),(-0.09826760490836832+0.016819906416544052j),(0.006452951424257593+0.0025237239140680694j),(0.004058379630140108+0.0013100822653017228j),(0.03228341880343709+0.00022953431098510398j),(0.007134751084594752-0.0019858203639034106j),(0.01948751532042535-0.0003172350500320765j),(0.005297638460909523+0.00026498972108326686j),(0.019191482379673743-0.005797515343095649j),(-0.006639733670468892-0.0007350375706603252j),(-0.0465249147052209-0.0026602845741339493j),(-0.01575655942324024+0.023274462725860087j),(-1.5925875503647787e-14+2.9509404457082e-14j),(0.0430556466935023+0.0028553031430421927j),(-0.019235342187798724+0.003628310186817097j),(0.0012332318444027686+0.0007099136980120707j),(-0.029803068302339225+0.004312234877944913j),(0.02174002470296674-0.004633961126265771j),(-0.016767966531242837+0.0038780269544590245j),(-0.04572954431479153+0.0036909066737582296j),(-0.03945386785718625+0.007165272156968104j),(0.05565937361465409-0.00018338614743963408j),(-0.004961872733756895+0.004170763997709803j)
12,(7.966742441791696e-11-8.414584262634061e-12j),(-2.547766754117089e-11+3.5567727939916185e-12j),(-1.6966090835671522e-08-2.2028378370444734e-09j),(2.870175691923875e-09+2.272288213965446e-10j),(-7.785025941153386e-10-6.214523788921375e-10j),(3.334418222521428e-17-3.714994120812224e-18j),(1.6006675234091542e-10-1.3958497852717248e-11j),(-1.2638779534641384e-16+9.571732844007725e-17j),(-3.495744819475582e-18+1.9077983481041934e-16j),(-1.6240325531362632e-05-2.0980186159330893e-06j),(-2.6114776523822403e-06-1.9031875435891322e-07j),(4.315563044598285e-17-5.6017999634122496e-18j),(6.787150064256865e-17+5.53685934521299e-17j),(3.7923037137687022e-06-5.289478007826439e-07j),(-1.1053246463980937e-16-9.1790495981635e-17j),(2.5930885996727936e-16+2.5932926457531205e-16j),(-1.0353245040315723e-06+1.9043196409986055e-07j),(6.71527785246722e-09-9.106651177041115e-10j),(-1.8139051492318339e-09+4.0165673904326635e-10j),(3.703429507904528e-13+1.2827019335699478e-13j),(1.5737785491137562e-06+1.500262714169401e-06j),(-6.011144207655696e-14+6.906913854873227e-15j),(3.494557229727687e-06-7.961103948025186e-07j),(3.17711380787832e-15+5.763399494916032e-14j),(7.650400835952621e-17-1.9741298187433284e-15j),(-2.848530800467596e-06+8.995178889089787e-07j),(0.00020240869520095887+7.158057417468419e-06j),(1.6205998282071476e-08-2.6124928541189537e-09j),(-1.1796362210832381e-05+4.2096620045196856e-06j),(-5.7724304612398975e-09+1.0117968506694627e-08j),(-1.6733656412904436e-10-1.657589877504303e-11j),(0.010667551898012948+8.103194638374076e-06j),(-0.0029343782869084875+0.000175846705686049j),(-2.4775074980006137e-05+5.881406360760988e-06j),(-2.1440442086630315e-08+2.184590625830326e-08j),(9.887039260329819e-11+8.592964229307955e-11j),(4.052212650444657e-10+7.274960456074925e-11j),(-3.5534912061164317e-13-4.878761356110599e-13j),(1.5272007136666519e-06-1.2069756702418024e-06j),(-6.870661747857673e-13-4.667119234139813e-12j),(-1.0538298918992189e-10-2.5601018617137176e-11j),(0.008215810698508803+2.723286206754178e-05j),(5.276680906025202e-09-6.909449895048728e-10j),(2.6568984318728944e-10-3.32351491057212e-10j),(-1.0834475157904144e-10+3.1018189351051447e-11j),(-2.8948450490120194e-10+1.2359876370913166e-10j),(-4.430205458325114e-09+3.961746753280796e-09j),(-0.0016066924518622335+0.00026442805297327066j),(-8.733641015675895e-08-2.50022705601113e-07j),(-4.2587789672455916e-08-3.4670245729362476e-08j),(-0.000239513624509798+8.154502549045227e-05j),(-1.3105648595460075e-06-3.587068779193816e-07j),(-0.06775052803361367+0.018263104479247987j),(1.7736559866264437e-08+1.6440516116752268e-07j),(-0.13124721382326543-0.006320308416777165j),(-1.6349172137843293e-06+1.2892112533894134e-07j),(-9.125069180750309e-10-1.3093073841460796e-07j),(0.04362276984365301-0.004343804203922606j),(-7.252769321209706e-06+1.743926666416064e-06j),(3.5400413704612598e-06-5.51500811937721e-07j),(1.4378202381091774e-06-2.2058045173321905e-06j),(0.00030345097404705024-0.0005165613468976081j),(-0.09528629275522235+0.009396580079159403j),(0.0006047594077866656+0.023014452131075842j),(-4.136315577670756e-06+6.478477014025195e-08j),(-0.14263456556660958+0.045246331985675535j),(-0.08566704209327262+0.03282229946865396j),(-0.4614017814449689-0.0021188243694579695j),(-0.0003332577878967743-0.0003601184585959881j),(0.0006644486412541698+0.00022015282361574924j),(-0.00011506984562882009-3.5996834111478555e-05j),(4.84848627097654e-05+6.590562512436499e-05j),(0.00016091464595928938+0.004867926289834178j),(-0.044772432670370683+0.0061757375352818646j),(0.04341671377610191+0.005340373314415011j),(0.11265663116261043+0.019652326076687272j),(0.12165076251574684-0.007093227240641521j),(-0.03905963173820037-0.018610789486947204j),(-0.008304602971365913-0.00626538502743651j),(-0.059910332360529776+0.021149800265583173j),(0.16951727138970368-0.03178737982948782j),(0.048398555834616115-0.014067433120669336j),(-0.24926839694540648+0.07343723797687074j),(0.13642233599413633+0.07089471168198214j),(-5.511839543990081e-14-9.873867483313109e-14j),(0.1769603688633632+0.002331442712207289j),(-0.22171312826828374+0.02444930517324244j),(-0.2199276456381974+0.007488624882544592j),(0.36054750555906107+0.02218906972042034j),(0.18772816793977573-0.02803401997317116j),(-0.03219654604979647+0.029116791440646966j),(0.37250208638013943+0j),(-0.1962295351044061+0.003797062534128162j),(0.18932148923857942-0.024554928325999235j),(0.06968447447034573-0.08440978406371093j)
13,(-6.40033048655441e-11+6.218854940415053e-12j),(-6.81917744234655e-11+7.305810655852198e-12j),(1.3381426694701016e-08+1.820429488438521e-09j),(6.980606620987062e-09+6.884155025519996e-10j),(-1.2569903957191674e-09-8.09072828297821e-10j),(1.577119553958505e-16-5.384725676028889e-17j),(2.1212519453413094e-10-3.983320171282884e-11j),(-4.2708346055285867e-16+6.634208507425871e-17j),(-2.384799067305453e-16-2.248291095000159e-16j),(1.3030128517950199e-05+1.7986335416808688e-06j),(-6.465216127864299e-06-6.161577213638387e-07j),(1.0702187909939419e-16+1.162498513014315e-16j),(2.3377175471016065e-16-5.562317633572518e-17j),(-3.036257251546797e-06+3.977191495053957e-07j),(9.276585302193656e-17+4.57580066042251e-17j),(1.835109364264587e-16-4.4301177045307647e-17j),(-4.018319986367979e-06+4.5540866915025275e-07j),(-5.90605083109679e-09+6.891217277019099e-10j),(-7.289262277748343e-09+8.218509280412882e-10j),(-3.228755685532417e-13-1.187799029411345e-13j),(1.172480745501918e-05+1.4833548838493085e-06j),(-2.3760211054679365e-13+2.4636290267069865e-15j),(-2.9513426167051583e-06+5.343605805908424e-07j),(-8.006727417303157e-15-4.536622768466792e-14j),(1.4922126682597057e-16+1.7469625025710837e-15j),(-4.1375943747477794e-06+1.0797891001913349e-06j),(-0.00014552219713949918-2.9555151990980658e-06j),(-1.1622712499167412e-08-1.3047899171045844e-09j),(-0.00013549908986722848-9.029304639304218e-06j),(-1.0509155761989678e-08+1.4252548670384466e-08j),(7.875005485285267e-11+4.0473825377506214e-11j),(-0.009138950553779267-0.00015239658955446206j),(-0.008119612768912881+0.00010798061072580037j),(7.15052012919725e-05+5.7331350699045756e-06j),(6.763361455535077e-08-7.224782880543817e-08j),(-7.357774708285688e-11-6.190741084781502e-11j),(-3.359611793095715e-10+7.858468799561184e-11j),(-8.947951847749737e-13+8.926723596095179e-13j),(-7.2964148017129645e-06-5.197987658724941e-07j),(-3.05669035162945e-11-1.6449687893695038e-12j),(-7.52999962118441e-11+7.33504674583563e-12j),(0.01042599150179937-0.00020536587762041633j),(-3.6843690133013172e-09+2.608141148510721e-10j),(-2.016107716672907e-10+2.408016738012482e-10j),(2.2526978810876933e-10-3.1656448853592685e-11j),(2.579437976681151e-10-9.436485920638367e-11j),(4.278696398178468e-09-3.935421047189689e-09j),(0.0012532568491140281-0.0002879047794241285j),(6.11269100724924e-07+3.1796597277121003e-07j),(1.2497005716972434e-07+6.559755049508013e-08j),(0.0009863326581839693-0.00030651885527412727j),(3.6204311627207525e-06+1.7840642448434617e-06j),(0.7519090391921726+0j),(1.2243323723015153e-06-1.1326990624231825e-06j),(-0.13010928199852184+0.06120800129720053j),(-7.339895935348392e-06-6.115722003636626e-07j),(2.3348682977855946e-06+7.030121115801179e-07j),(-0.05634782561108606+0.03256811619237952j),(-3.357155268679889e-06+2.391668868694396e-06j),(1.194801889610346e-06+1.055656456381625e-07j),(5.370971047004302e-06-2.7791836314498643e-06j),(3.1213719423293725e-05-2.763699316270439e-05j),(0.003692032522466179+0.0015713726555395399j),(4.130139121976673e-05-0.0009069233938752256j),(1.4038623234526917e-06+1.2345283863975545e-06j),(-0.010263297828916995-0.005454184120192917j),(0.024523973173580557-0.003470907666571236j),(0.03565392572946238+0.009852850443373345j),(9.486539038433595e-05+8.883850621066943e-05j),(-0.0003908378178192827-0.00014295997874850703j),(-0.00014771774865089476-4.2123967515555726e-05j),(1.846381265611965e-05+4.881577386183785e-05j),(7.671502669910906e-05-0.00036113954999017755j),(0.08915985658003553-0.004975108360727612j),(-0.014547890321609377-0.003433597640518423j),(0.04077681754251216+0.01938625251511202j),(-0.05631865887361072+0.0030326412006381163j),(0.13724946400916843-0.003398700652146966j),(-0.062288401509205796+0.008590013984902889j),(0.07493838800556822+0.014078659629534277j),(0.31886830324780907-0.00286882567249018j),(-0.00034588721384722174+0.0028937380196371134j),(-0.01748396498035293-0.024413453225685628j),(-0.013793529633737794+0.0015709908641910473j),(5.933707954787415e-14+3.271986045193864e-14j),(-0.20326235016658734+0.027976367123851736j),(-0.2705826462659233+0.0035574285842746717j),(-0.02490323975195872-0.03233419428845085j),(-0.10053980932469059-0.008670196466480963j),(0.24030325744007983-0.03214597738012403j),(0.08944358053069074-0.05746886570377456j),(-0.051919997053478315-0.017810032940493555j),(-0.12383847280193179-0.015028259992148133j),(-0.18828642031536527+0.05792924259541889j),(-0.006465725230110469-0.005964280601108551j)
14,(-1.9658417008854685e-11+1.4899158712096712e-12j),(1.0361443076819961e-10-8.65252531499357e-12j),(4.185280821575779e-09+6.192001503391132e-10j),(-1.0731329592863616e-08-1.2765501618103236e-09j),(-2.136427645203531e-09-1.1685041396045831e-09j),(-4.530939456925102e-18-4.117316919447568e-18j),(1.9850158339679014e-10-3.725665399676969e-11j),(5.623760883441193e-18+2.011089890702989e-16j),(1.0787368433545165e-16+8.794644810206509e-17j),(4.009114151308919e-06+5.929967806345421e-07j),(9.779655687829465e-06+1.1146373677846274e-06j),(1.1979022353882439e-17+6.978512207766711e-18j),(-9.494735786691674e-17-1.4127699779596764e-17j),(-1.0105227342661759e-06+1.1247883172143226e-07j),(-4.5550864200144827e-17-6.588863379820909e-17j),(-1.1428087697369404e-16-5.735704766383294e-17j),(5.472759471992468e-06-5.428649793605231e-07j),(-1.2929977970024283e-09+2.1360294795541423e-10j),(9.838039347267085e-09-1.0211556127560966e-09j),(-7.232396832240695e-14-2.2731682777104658e-14j),(9.913686667406551e-06+1.3643080211312346e-06j),(3.2072744858316243e-13-4.521901997131867e-16j),(-4.598158368058215e-07+1.929629873358846e-08j),(4.188858295967483e-15-1.7042116422720033e-14j),(-2.6675978061258206e-16+4.673932673936916e-16j),(7.232746934653567e-06-1.9350557500340534e-06j),(-6.386456198543162e-05-2.2293406024650843e-06j),(-5.273216805159796e-09+3.865050365243039e-09j),(0.00014994211866461432+6.514112336795315e-06j),(1.7159776415979536e-08-2.4961746552138308e-08j),(7.78182489455125e-11+5.374072621262629e-11j),(-0.0026578633529320936-6.492523436593862e-05j),(0.011344387783954078+3.969450333106243e-06j),(5.90798578881629e-05+5.351222596376644e-06j),(5.684673503850913e-08-6.599665856368997e-08j),(-2.7200410209460666e-11-2.069704166384776e-11j),(-1.3002394122298626e-10+1.129642939318801e-10j),(-9.406521597441937e-13+8.194294068832378e-13j),(-5.243044178745845e-06-1.0244354597750494e-06j),(2.816158071263896e-11+9.50827463585831e-12j),(1.9228682676957938e-10+2.7875419846353196e-11j),(0.007368705858963253-0.0002587392120859213j),(-1.387437786655172e-09+6.266555158829853e-11j),(-9.517018146518212e-11+9.865791055029849e-11j),(-9.482365219394958e-11-1.789822702005899e-12j),(9.20540533662766e-11-4.8469131333209e-11j),(1.2559678687699994e-09-9.561241859669734e-10j),(0.00047352044980116404-0.00012924287354813184j),(-2.500373476170701e-07+6.925189603068478e-08j),(-1.7490933010405518e-08+1.515609376468999e-08j),(-0.00012019985898162702+6.028451054108101e-05j),(-1.4136556647106624e-07-1.7750132853573322e-07j),(-0.024830440806807026+0.0074936824727592725j),(-2.628230253397589e-07+1.9899836095130093e-07j),(0.05982200801839998-0.008583367108050619j),(2.4492344762932537e-06-8.09194571595622e-07j),(-2.051486891253162e-07+3.112985629019032e-07j),(-0.14741868650926984-0.0035287061745809915j),(7.228987795333545e-06-1.6436833853712675e-06j),(-2.548053083768306e-06+1.1930942547216864e-06j),(7.220973503292882e-06+3.157422261354701e-07j),(-0.0001283095101519218+0.00028501060995832504j),(0.05459864482246042-0.011634176759865233j),(-0.003982305356949604-0.011457296933557331j),(5.056125754843235e-06+7.010536259827829e-06j),(-0.117864066745302+0.0024599691758315223j),(-0.06355184661866153-0.025729518548585916j),(0.30490853815318886-0.04462035522462313j),(0.00010900327982518448+6.702291203902031e-05j),(-0.00016059381785614563-6.0524143093730704e-05j),(0.00040086922064066854+0.00013570222243958316j),(-5.733411613338037e-05-0.0002507387133333848j),(-0.0004034396955383589-0.0036651017543876292j),(-0.3930059037993104-0.006853856217184276j),(0.021978257902611986+0.015647515110799624j),(0.03418238477670833+0.010906109954950127j),(0.14112431951214638+0.012351634764542666j),(0.05922871219887235-0.016381933563599987j),(0.16117922505629032-0.0024735558899171284j),(0.04224379094606554+0.0016603591727706937j),(0.14038155104129957-0.04421564160847363j),(-0.042684137186183746-0.0017018333634135625j),(-0.24044097013882149-0.026678492560359424j),(-0.11145910586449598+0.12736814197761853j),(3.475024347757369e-15+2.9661432959728547e-15j),(0.31673073927261486+0.020844990936805405j),(-0.1465814878838459+0.028057467241213573j),(0.03131916445958649+0.0002514722444791045j),(-0.22316984284726016+0.03084214937803162j),(0.15519577940854254-0.03285897024476051j),(-0.12257601500807236+0.030161893747141212j),(-0.3221978872793135+0.026856735616561177j),(-0.226870600207372+0.04352995958746325j),(0.38110023766383466+0j),(-0.035529394408507+0.03485045741876099j)
15,(3.2763930458122505e-14-8.302463571300052e-16j),(4.127141581598146e-14-9.273601938414553e-16j),(-1.9823635523122623e-11-5.557979824536029e-12j),(-1.040432295225269e-11-2.507647079170271e-12j),(1.9817852231724558e-12+1.7028170338073833e-12j),(-1.0007640060670312e-16-7.093925333694399e-17j),(-2.7512811937224756e-13+6.177765976746171e-14j),(1.2544190207947953e-16+1.340390134529162e-16j),(1.0541387995383919e-16+1.193664755943543e-16j),(-2.3796667305077836e-07-6.655344179038799e-08j),(1.1898423548042725e-07+2.7948815444184427e-08j),(-2.610398264395206e-17+3.6465108920137314e-17j),(-5.633403914730185e-17-1.0372852652433308e-16j),(6.020089002492092e-08-3.2996411920602154e-09j),(-2.554365345486134e-16-1.915617469574184e-16j),(3.076149760744639e-17-2.0192916157406567e-16j),(9.473350664634833e-08-2.1483524165820036e-09j),(1.6154775975416714e-10-6.991981078647828e-12j),(2.377582839512785e-10-6.649255587197604e-12j),(8.552303638985346e-15+3.813236108290454e-15j),(-4.7384634245941875e-07-8.5336235025904e-08j),(7.764563961388949e-15+5.685535180683458e-16j),(1.2799953659899e-07-1.3702732780572209e-08j),(5.401487711420701e-16+1.649523471511834e-15j),(-1.438928595668459e-16-2.4284399814428157e-16j),(2.1709643257854413e-07-3.7320604918555417e-08j),(8.765636925264439e-06+1.2926656653099749e-06j),(5.954634478868292e-10+1.4893590972741665e-10j),(8.46358460889939e-06+1.6758603053575773e-06j),(6.501209893270787e-10-6.712220366652732e-10j),(-3.9031493292273126e-12-2.7111964863749823e-12j),(0.000718073639092076+8.551487996079447e-05j),(0.000770596924800929+7.53349003764722e-05j),(-5.542020821908473e-06-6.89006297258071e-07j),(-4.729172557165583e-09+5.473409978998275e-09j),(4.562758022890842e-12+4.463778040905818e-12j),(2.604034520846039e-11-4.0838261730293825e-12j),(6.348535586591204e-14-6.991018776076097e-14j),(8.411959673592391e-07+2.7316942347330235e-08j),(2.4201823479031085e-12+3.447396708559366e-13j),(6.995058146356388e-12-6.986539539818822e-14j),(-0.0021412616847018076+0.00016218510110427254j),(4.6166498571586796e-10-2.310487636586877e-11j),(2.938734491107852e-11-3.00406506405959e-11j),(-3.715766469709421e-11+1.7758867520250817e-12j),(-4.7539588839814335e-11+1.9690254990052423e-11j),(-9.416130386820473e-10+9.689978436155574e-10j),(-0.0004375477669949466+9.800357325555331e-05j),(-2.1416050213842107e-07-1.428710858859473e-07j),(-5.947655483103234e-08-2.598246845943253e-08j),(-0.0005365457660092811+0.00016138410680584334j),(-1.7711786569924562e-06-1.0205915743084584e-06j),(-0.5948157169222794-0.017323347025680724j),(-8.79422843183185e-07+7.062666997208651e-07j),(0.18074319411384984-0.043531399188898326j),(6.065481132756206e-06+1.0712717235428065e-06j),(-1.8808269721587067e-06-7.577590941795348e-07j),(0.12243437997771359-0.029549534882252242j),(4.0726877859015955e-06-2.162751045164506e-06j),(-2.1407444353423542e-06-5.347409122262969e-07j),(-1.0794742558078028e-05+4.56378040811395e-06j),(-0.00018305862302972693+0.00023175647257608347j),(0.03114782470113659-0.003055819666943283j),(0.0008720868547174901-0.008346034946978997j),(1.0014452622221826e-06+9.873769908192806e-07j),(-0.04119666411201488-0.03069503921525094j),(0.0874008478875503-0.030792996467591954j),(0.12512881392535155+0.006919685053058936j),(3.976100981132089e-05+0.00020780282072395114j),(-0.00032120568163667026-0.00012942809921725391j),(-0.00011942633734732403-3.8512764463321435e-05j),(-2.293163630319699e-05+7.852650405408044e-05j),(0.0004737325702763081-0.0011549230376969165j),(0.2132219639664384-0.03661769038481388j),(-0.029216867962404743-0.005275472534130272j),(0.04076276064312569+0.01953221196154615j),(-0.10668915518224982+0.008618746397819062j),(0.13844124395591592-0.0033262904342751367j),(-0.06308509725572338+0.008754940571389529j),(0.07909283856403314+0.0153463183639003j),(0.3494737699221284+0j),(-0.0003963252259189669+0.004768629103123264j),(-0.026716551777089825-0.03784026730100792j),(-0.021510031233146695+0.0029448706771180323j),(2.1311117954885862e-15+3.264745924032295e-14j),(-0.2374261809501007+0.03404806966473896j),(-0.2891405292918378+0.0021795785859745065j),(-0.036782244827216946-0.04624268176593598j),(-0.12439890669537527-0.008757100652385899j),(0.2708592014402871-0.03447584302645177j),(0.10745160829544759-0.06809029517892803j),(-0.0708293652889802-0.02248179547953667j),(-0.17113453590237046-0.02211861486282156j),(-0.23825730244087637+0.0761225574511687j),(-0.008890865870252425-0.008048283501105483j)
16,(-5.949587819989139e-07+4.9154658933600796e-08j),(1.9403448752394903e-07-2.244870969873771e-08j),(6.729916277723136e-12+1.172822231243932e-12j),(-9.570199642449065e-13-1.0739960564933945e-13j),(-3.080337736125129e-14+9.223317370155098e-14j),(-8.688255282440852e-17+1.5516872280362176e-16j),(-1.2299074025212658e-06+1.836525623249455e-07j),(3.441406092080795e-17-7.277040035010741e-17j),(-1.487447964070518e-16-6.280220997529573e-17j),(7.90766714462922e-08+1.3384157273352615e-08j),(1.0535317589857856e-08+1.0610997260693922e-09j),(-1.2055219590098376e-16-4.2496231088309955e-17j),(6.5534516345763e-16-6.634949774694406e-17j),(-0.00074057146734856+8.741331688589355e-05j),(2.317336217769105e-16-6.87992045413526e-17j),(-4.501047079180771e-16+4.8012786504631623e-17j),(0.0002178296417067378-3.3624332364499965e-05j),(-9.478581478209192e-07+1.0507869599952462e-07j),(2.761510345066581e-07-4.995723398752666e-08j),(-5.1599966497757046e-11-1.9335339489294256e-11j),(-0.0011787869731270508-0.00014269990563310576j),(9.074050098366019e-12-7.013436422634541e-13j),(-0.0003286858720603615+7.740072267981355e-05j),(5.774281694523909e-13-6.404785823506007e-12j),(-5.52698446939568e-14+2.419354251394594e-13j),(0.0002554114920461389-7.327367784192303e-05j),(-0.013493477474256901-0.00023885504750464047j),(-1.2318592058044091e-06+2.5854128688170284e-07j),(0.0013067995928124384-0.00023647356323079074j),(4.886618333820964e-07-8.874668460884594e-07j),(1.2587582003248081e-08-1.6465823464464534e-09j),(-0.00021652976609039018-3.2742424429175276e-07j),(5.432028915364715e-05-3.6466368008134545e-06j),(-0.0011182001318471835-0.00015649491222200363j),(-8.078943007256349e-07+2.026594243480164e-06j),(-5.985271581019884e-09-5.564136982982718e-09j),(-2.184354516869788e-08-1.0853285969029666e-08j),(6.47956546180901e-11-4.78727491839242e-12j),(0.00011532605176270611+6.121220917490751e-05j),(1.6665809096857863e-10+1.9173121618606143e-10j),(4.898193232090724e-09+1.2247503531562727e-09j),(-0.00013837941167680546-9.292599747272453e-06j),(-1.8618429273669086e-07+1.6437310420296673e-08j),(-8.526123516756629e-09+1.0467539392282724e-08j),(2.6678273489800713e-09-7.853756909126742e-10j),(6.800341949638903e-09-1.872184603718265e-09j),(9.171186504937001e-08-6.025488877112098e-08j),(0.023670239455977217-0.0011659716839244865j),(2.1062238862391647e-07+3.1857021548040043e-06j),(2.8736915740210033e-07+3.107667435398175e-07j),(0.0014836196488729673-0.00030560425222337544j),(9.035447324493882e-06+2.905329032039971e-06j),(0.03524162461280582-0.007367985982644355j),(-8.061715222424204e-07-5.236603227889621e-07j),(0.01629389303193385+0.004589879926353384j),(1.527169339940549e-05-1.604107479258175e-07j),(-1.8146939946657137e-06+6.740049841933626e-07j),(-0.020279853950985846+0.0038274066965335533j),(3.472343642359403e-05-5.709375171227639e-06j),(-1.713599321996216e-05-1.2376272240293068e-07j),(-9.562601513304673e-06+1.199841332674204e-05j),(-0.0011864046995620123+0.0013606827661252086j),(0.18293640409186318-0.01347595169204012j),(0.008026738504545876-0.04406322034923399j),(-9.499672518294797e-06+5.015506501891141e-06j),(0.05032191882231151-0.05907658112366284j),(0.13878911559287466-0.057973733867948116j),(0.5743869873196517+0j),(-0.00048093145288675054+0.0006116344670154803j),(0.0016598231925477748+0.0005102926579779995j),(-0.00033624099874693733-9.119472607994166e-05j),(0.00012213086664165115-6.33673368778113e-05j),(0.002307464229627691-0.0058393776080371135j),(0.12377457646701193-0.01976637319329114j),(-0.02760530679284375-0.007788696935080621j),(0.20241834071236892+0.03508884688590601j),(-0.08270750590552582-0.005125651087731668j),(-0.07328179788464245-0.030342901493749942j),(-0.014479494252565131-0.010108770780375007j),(-0.10875794866903883+0.0317364696621532j),(0.08717482139612209-0.03234939768988689j),(0.0036516544132854903-0.000189145953684644j),(0.2396353562490576+0.02283814638095451j),(0.022961456339886485-0.10982987646579317j),(-1.9848809781269178e-14+3.972618296739345e-14j),(0.21731609978147945-0.017279270055669725j),(-0.2340489896535094+0.028105497461411257j),(0.029540126259179258+0.03546947822720001j),(0.39456712906267094+0j),(0.08083883047591253-0.0026164932583789685j),(-0.054420642049588394+0.05829703332319283j),(0.2965170572289205-0.009516183190381264j),(0.21862134025408003-0.02418773961621433j),(0.1465568678671397-0.05860545487785195j),(0.03952911078981206-0.03177295193868747j)
17,(4.842635130030029e-07-3.5798035417406595e-08j),(5.121775099383389e-07-4.4252085338126535e-08j),(-5.306880495578348e-12-9.61339462857914e-13j),(-2.3299516313366473e-12-3.1122179929763893e-13j),(2.0938875844136883e-13+2.0356273898646745e-13j),(-9.163226518068626e-18-6.671062504522982e-17j),(-1.3746990706879205e-06+2.3797094510414555e-07j),(1.1817769107394597e-16-6.261492181222375e-17j),(6.443928907723895e-17+1.0024220418788286e-16j),(-6.295642319506037e-08-1.1216751924872e-08j),(2.6349501052831166e-08+3.3211999271281786e-09j),(1.1049686124364648e-16+5.443435173744557e-17j),(-6.156683921916536e-16-1.7327610750638735e-17j),(0.0005859904861926812-6.619435011644801e-05j),(2.370498409522087e-17-5.492765928985199e-17j),(-4.976739816539854e-16-1.262161152771517e-16j),(0.0007614317122947367-7.737550410443387e-05j),(8.324067916831452e-07-7.900854471592705e-08j),(9.912326320967101e-07-9.564423081871411e-08j),(4.495795752502156e-11+1.7658502568585052e-11j),(-0.002075607233474405-0.00016914852283118702j),(3.214971827497016e-11+2.0099956311865173e-13j),(0.00024947297266189345-2.8018356176666464e-05j),(3.4254086789883294e-13+4.991657476269877e-12j),(1.389758961319743e-14-2.0135903229235916e-13j),(0.0003770736700407444-9.125929363347616e-05j),(0.008277832575371565-0.00024012938498548398j),(7.825726399951126e-07+1.0177679771116778e-07j),(0.009169469965578405+0.00032340476617394743j),(8.765987861724194e-07-1.2868581701094273e-06j),(-4.923262681171586e-09-4.864897894394965e-09j),(0.00017887423722937558+2.943244040696519e-06j),(0.00016062505695703654-1.9068082235490459e-06j),(-0.005619399225079799-0.00036989665258596333j),(-5.854120934970521e-06+6.034201453338083e-06j),(3.721657817990013e-09+3.1556156489767244e-09j),(1.4896184994442767e-08-9.649991883863195e-09j),(9.758586005119479e-11-6.846194029092067e-11j),(0.0003893799276915133+7.211434405443457e-05j),(1.648905080682476e-09+8.612582137097202e-11j),(3.864092629818167e-09-1.0652214573571295e-10j),(-0.00024489501001907446+1.8421190009279027e-05j),(8.860790362627922e-08+8.565682517124622e-09j),(5.080541416445819e-09-5.5342274770968866e-09j),(-4.99978392924727e-09+6.198319474855419e-10j),(-4.685033163179528e-09+8.584833834017138e-10j),(-6.592389655671366e-08+4.091235075941912e-08j),(-0.006515060442624546+0.001115508416165261j),(-5.394388783143057e-06-1.7182890098343018e-06j),(-5.57508251702902e-07-5.69775011454831e-07j),(-0.0037931428252261693+0.0006673511936730765j),(-1.6222182920653825e-05-7.568632223708383e-06j),(-0.084866753175036+0.007676349703849686j),(-1.8243612375644585e-06+2.1526683124441616e-06j),(0.014055235286957598-0.009441270058971156j),(4.796214785585657e-07-4.783790693541256e-06j),(-1.9161796646627218e-07+1.8114026701325912e-06j),(0.009327829090960195-0.005593430045423089j),(-4.25691500633208e-06-1.3573752180082484e-07j),(8.398533703664045e-06-5.096472329739371e-07j),(3.668549303808374e-05-9.730087565079916e-06j),(0.0006933222505407219-0.00066985426682244j),(-0.08442956446446603-0.0020611093019413523j),(-0.005997050651068722+0.0230313004844558j),(8.841726284993424e-06+8.36183647076617e-06j),(-0.03213259334827795+0.056169008001212516j),(-0.2523763557516841+0.0541935846437268j),(-0.2283112150227744-0.043491316013813064j),(0.0004901708436657849-0.0005068694139159975j),(-0.0013555027278597854-0.00043439273235066766j),(-0.0005562714791003832-0.00013677478264885573j),(0.0002855257111133113-0.00014599196098165023j),(-0.0018538385532824479+0.0015535164180585127j),(-0.49753601285444066+0.05550306906753976j),(0.03957969361461382+0.01239158412883679j),(0.07295079000810435+0.03432673297588784j),(0.1419886678729123+0.014351647369937135j),(0.2315605830667228-0.0033764599529449036j),(-0.10518722743654563+0.015030554300331303j),(0.08916236613230952+0.009520266869026402j),(0.18518044215814686-0.02059633768436011j),(-0.011397451161346595-0.0009902695381299525j),(0.3420009682960377+0j),(-0.019415844116174787-0.1208395437067127j),(1.0042555616103196e-14-1.5809462220540376e-14j),(-0.10328052068965866+0.014479873875045911j),(-0.235826680980639+0.008932249255199295j),(0.18749225981859674+0.05957774399619274j),(-0.005087192264421064-0.01693234723683714j),(0.030601577823058366-0.012402910647878889j),(0.0003178401467519498-0.015062797890725114j),(0.02157063203287261+0.011677974898219125j),(0.44241415164859405+0j),(0.0058697406807402056-0.016477160990967424j),(-0.0069947608696212075+0.043910362219733115j)
18,(1.494797052974862e-07-7.961259512021286e-09j),(-7.796768246642963e-07+5.077769848321519e-08j),(-1.6622739170406098e-12-3.237124119812259e-13j),(3.5969061284613054e-12+5.676805594706271e-13j),(5.480305936364853e-13+3.6725616318820013e-13j),(5.5340722638147536e-17-8.231176258595482e-18j),(-1.2733380863623053e-06+2.4006719674605534e-07j),(1.7865530599798272e-16-7.80325480359439e-18j),(1.956586728103687e-17+6.091668399477013e-17j),(-1.9351198035868294e-08-3.684877670597013e-09j),(-4.015372133445105e-08-5.939543429899089e-09j),(3.940033919375463e-17-6.19655251425975e-17j),(-2.223226999364683e-16+2.311694116026496e-16j),(0.0002030939822557837-1.8905373006196523e-05j),(5.191492119125937e-17-1.3769173041276098e-17j),(9.254368194416587e-16-3.040519960758356e-16j),(-0.0010758730881796387+9.347855638578231e-05j),(1.7759746201235102e-07-2.9459987186712174e-08j),(-1.407982446811337e-06+1.1878300735207307e-07j),(9.938373321852879e-12+3.1232895597506813e-12j),(-0.0018994401988529231-0.0001385654471530141j),(-4.567410881863494e-11-8.294369821634205e-13j),(2.6546794291957774e-05+1.2470492141855059e-05j),(-7.764336712162826e-13+1.897800352669394e-12j),(4.12009258861988e-14-5.850809298685228e-14j),(-0.0006461574702006509+0.00015938810845176973j),(0.004016407209305882-1.848438638052223e-05j),(3.8373682702860875e-07-3.4239301606786483e-07j),(-0.011102084876257839-0.0002436918945667374j),(-1.4325357978685158e-06+2.210736012500183e-06j),(-6.401536990402309e-09-6.335400890350483e-09j),(5.137902220537607e-05+1.5422561495509548e-06j),(-0.00022891690732167934+1.2511568333563523e-07j),(-0.005307955989602665-0.000333291776644375j),(-5.56094001164104e-06+6.1113445489262446e-06j),(1.4226546781197916e-09+1.0395138845666e-09j),(6.060882225111616e-09-1.1797871080205218e-08j),(1.0224582214458126e-10-6.993539557171047e-11j),(0.00034172558099824753+8.261866123250679e-05j),(-1.6324163061570352e-09-6.376177836319757e-10j),(-9.732669887771788e-09-1.6229667773647473e-09j),(-0.00013483204051688692-7.862291411470313e-07j),(3.610669409539242e-08+8.918250102830307e-09j),(3.1033526272521548e-09-2.604844464426441e-09j),(3.120486768509394e-09+4.4382220530305873e-11j),(-2.2746671383829434e-09+8.290574428839294e-10j),(-2.5648338209949164e-08+1.2632361301634254e-08j),(-0.004365936994777578+0.0010151618779703205j),(3.381395319086007e-06-5.834817621767189e-07j),(2.2394418562300056e-07-1.9489662722782865e-07j),(0.0011455441038681464-0.00040614390940814566j),(3.8861748407203346e-07+1.9668675424749296e-06j),(0.01408990300815021-0.004238756557861014j),(2.187793935176263e-06-1.3400507353662304e-06j),(-0.016607484042906163+0.0036887779667319357j),(-1.6309817241045706e-05+4.9434079675488475e-06j),(8.039231493572721e-07-2.325066133962664e-06j),(0.026833748563992205+0.0024895564967955305j),(-4.183744142167603e-05+5.136341721241452e-06j),(9.652171738202908e-06+6.255643768561122e-07j),(-3.7185212521028286e-05-5.633061605887435e-06j),(0.0006295644490780907-0.0008022149201815897j),(-0.11385133183417923+0.015436226940848286j),(0.004644106696238874+0.024380245555495048j),(2.0904092305643315e-05+2.5482796049967993e-05j),(0.03883846087920542-0.004114819422597376j),(0.15601781274269289+0.016827079411226j),(-0.36138779656437936+0.04991001294939325j),(0.00015305980234508464-0.00013191892651328156j),(-0.00047402605839778433-0.00014903153497565643j),(0.0011487884570613414+0.0003551077858874333j),(-0.0004948424759563775+0.00020616197915597565j),(-0.001297138288052685+0.004504416041007627j),(0.5030770460587339+0j),(-0.032657761442807076-0.013601508875369421j),(0.06095305309784922+0.020020059719138155j),(-0.1340365798485528-0.015191683731085037j),(0.1009544424691101-0.02603892334504009j),(0.2816293673379887-0.0029464847709330527j),(0.05568363926308892-0.001021998984295851j),(0.07642938136885635-0.03993174277262594j),(-0.006222095365473783+0.00923963218269501j),(0.22320540556678495-0.021865615004865703j),(-0.04135461288841935-0.07612086046817276j),(2.3078629849895557e-15+9.001225922609959e-16j),(0.34455778503558143+0j),(-0.1379310877856995+0.025659963480313956j),(0.13941856166134403-0.003371603319355071j),(-0.20364033251822877+0.016197018512762493j),(0.0697804227887582-0.004426579935088574j),(-0.13262724705495624+0.05890413962938126j),(-0.19076402649923255+0.023071147224128265j),(0.1613202250571939-0.00903936946578256j),(0.2607455386502216-0.03561817856908103j),(-0.0228676390073013+0.052791839434070446j)
19,(0.003495129415518458-0.00020326212560760858j),(-0.001172887042771947+0.0001041813050171294j),(-3.4303597072060504e-15-7.553484347125079e-16j),(4.130226867924158e-16+6.325959981165274e-17j),(1.0069498526027639e-16+1.3579506650292311e-17j),(1.1253390824891783e-16-5.860593714303059e-17j),(0.006992837360772206-0.0012002849067473957j),(4.424901125374848e-17+9.764316205632422e-17j),(1.2341849059902039e-16-4.838917984777037e-18j),(-7.221656224144125e-10-2.572030237383509e-10j),(-7.893036121531766e-11-1.202022341797848e-11j),(5.987459666356453e-15-9.33857909467457e-16j),(-1.4723161494176547e-13+2.2125429329814116e-14j),(0.1138500397658345-0.010710060386103087j),(-3.022743031768101e-15+8.018146698910404e-16j),(8.001396401896096e-14-1.0695667246505812e-14j),(-0.03608996935098032+0.004465889940883391j),(0.00010500028528889811-8.628644759841711e-06j),(-3.2786490945593214e-05+4.598971259905372e-06j),(5.629529173415494e-09+2.2989455076984083e-09j),(0.27336137656973136-0.004590929720736603j),(-1.0679384404016984e-09+3.925459273769591e-11j),(0.02528285958893054-0.007446671138454366j),(-1.4363699186463215e-10+5.465075425176861e-10j),(8.457816718425014e-12-2.0817039079068123e-11j),(-0.01892862085964205+0.004984444451036961j),(0.7403130876707689+0j),(7.589178681860916e-05-2.0666739994923148e-05j),(-0.10321058847840647+0.010910193208622458j),(-3.388310007254328e-05+6.441578019896823e-05j),(-6.996208461994765e-07+4.598986373547237e-07j),(-1.034826498071778e-05-6.198055284724589e-06j),(1.222476243880538e-06+3.383588504193919e-08j),(0.2749434579839392-0.017820706326391197j),(0.0002613592188885544-0.0003958227392882351j),(3.0605322509212184e-07+3.008811325501619e-07j),(1.0568298261323861e-06+1.0910920268391436e-06j),(-7.71535758779892e-09+3.1666916643258067e-09j),(-0.014645509347607614-0.003771202580706198j),(-1.511968829654025e-08-2.607602683257421e-09j),(-1.8097112329606351e-07-4.655670066098641e-08j),(3.5157542939643494e-07-1.1023733602815863e-07j),(5.6091782560789286e-06-5.756939704569692e-07j),(2.1707549879896913e-07-2.8018523691889755e-07j),(-5.4280845936961133e-08+1.8171244791255007e-08j),(-1.248025149109903e-07+1.8018375625097242e-08j),(-1.4707636751481728e-06+7.141489324621925e-07j),(-0.3162333461072404-0.008903285446752451j),(1.122432645299189e-05-3.708787824301885e-05j),(-1.1672961957565416e-06-7.746050299641529e-07j),(-0.004252683494913015+0.00027801310310057855j),(-3.133564878170148e-05-1.6272678359853095e-05j),(0.00023083638583507314+4.422963630280438e-05j),(7.672298741584862e-06+1.059303950133757e-06j),(-0.00010598689526874309-7.351168591655512e-05j),(-8.39005276081857e-05-1.751021653361642e-06j),(1.3793461696648903e-05-5.433973043176107e-06j),(0.0005555527473942475-4.603735321671317e-05j),(-0.0001278947293824571+1.2551309687844442e-05j),(5.101878524634727e-05+4.891940615909344e-06j),(3.795695206560154e-05-3.0899431976901654e-05j),(0.0024515358379606908-0.0015719203202987234j),(-0.12843897211427094-0.0066428612003085336j),(-0.029878567491289705+0.029046947652496057j),(-7.138916577480903e-06+2.7253702965622136e-05j),(0.002346280427533859+0.003828635184604125j),(-0.034105345829958646+0.0042760563108834035j),(-0.00028859137221878134-0.007312598859204234j),(0.0007990936537877276+0.0009561614922190236j),(0.0031837708848050294+0.0008753665370375061j),(-0.0006761098578695778-0.00016517773873012335j),(-0.00011045306744700266-0.00022331648330606567j),(-0.002910157281350623-0.001240389208991019j),(-0.016558868774222274-0.004894889110716031j),(-0.026299308693805597-0.0023542652817901697j),(0.2388766511090645+0.04115971087925241j),(-0.07819340630298766+0.0028829505532334543j),(-0.08773826935930075-0.03125827334612754j),(-0.018778557453091725-0.008915969272875541j),(-0.11303424365829891+0.03003179776561326j),(-0.0591260575196236-0.007665317598002739j),(-0.030368550903299308+0.005680446017798875j),(-0.06388565278664701-0.018360245881655846j),(-0.056040732136912144+0.0359891490643377j),(1.3098365178421667e-15+1.8982706262468774e-15j),(0.03352315296686869-0.005852674724963913j),(-0.10464505031726126+0.015352190669500828j),(0.038154237951308595+0.004448318882188912j),(0.06360998623851928-0.010862918217197405j),(-0.0724184484479769+0.022244819028068182j),(0.003391134672893593+0.017020625170225644j),(-0.11421910178536225-0.012591555166269901j),(0.0010826149147588101+0.013205200489542521j),(-0.11519514172779279+0.016179178753475153j),(-0.034758373053830796+0.017609369339038984j)
20,(-0.0029299932844799453+0.00015421849355106093j),(-0.0030552132879164266+0.00019694173948347138j),(2.7034613207062267e-15+6.150556278916807e-16j),(1.0019619192356708e-15+1.7295907351633198e-16j),(-4.9807135206438416e-17-6.693816474904288e-17j),(1.259028798102723e-17+6.690067621310022e-17j),(0.0072686051372465215-0.0012765950170137994j),(1.7652658680358455e-16-4.885602626472056e-17j),(-2.463185871607853e-16+8.247917072567407e-17j),(5.791100413053938e-10+2.1241741603829312e-10j),(-2.0161715870336475e-10-3.501525181581744e-11j),(-4.8548597310482764e-15+8.377035358609651e-16j),(1.2205958566496959e-13-1.8526027684486668e-14j),(-0.09206256919390189+0.008900451772421922j),(-6.5596758206163915e-15+9.395807227781268e-16j),(1.502508016510239e-13-2.616384581882317e-14j),(-0.11759571930387941+0.0101279138398013j),(-9.651176297009598e-05+7.27111987702238e-06j),(-0.00011057630149470841+8.341720327229864e-06j),(-5.1560249430828275e-09-2.1459640205708585e-09j),(0.3372673297509299+0j),(-3.5667814068609185e-09-9.965809918820625e-11j),(-0.016651829769116222-0.0008713486758182391j),(6.5306896996874515e-12-4.498872835128723e-10j),(-3.016271774227131e-12+1.8626649112936248e-11j),(-0.029162260062645072+0.006497687362590133j),(-0.3658724978363044+0.028764039995492097j),(-4.202221253893735e-05-8.847150863399688e-06j),(-0.5317529359292172-0.00764353502985432j),(-6.222634952045221e-05+9.811959738300309e-05j),(2.985230824784242e-07+5.992867582643606e-07j),(1.3540460035284444e-05-6.0062193481918924e-06j),(4.81920803837533e-06+4.839471726393673e-07j),(0.44894317573073417+0j),(0.0004901385178310315-0.0005294502685917011j),(-1.3840651906979753e-07-1.1902776024677395e-07j),(-4.419475916125474e-07+9.870186210325836e-07j),(-9.308536966719403e-09+5.537683389009685e-09j),(-0.02187148929597619-0.004990855495821743j),(-7.862489121373928e-08-1.1589656160478263e-09j),(-1.6979968257633496e-07-5.4691460764153894e-09j),(-1.2483511807993038e-06-6.06158412453412e-07j),(-1.3826492520099063e-06-9.328736453543355e-07j),(-1.1704707556425209e-07+9.269982190102816e-08j),(1.0442375158378067e-07-7.028240215340398e-09j),(8.014898151942032e-08-3.714383206465286e-10j),(9.902417264867926e-07-3.708168357718743e-07j),(-0.01582894665944152+0.00036461087593055944j),(6.655184433801049e-05+1.0037091493817038e-05j),(4.379079614529824e-06+7.293363490601213e-06j),(0.033460178572498674-0.0023316950470049j),(0.00014889641347894578+7.344052010088272e-05j),(0.0017001014359862361-0.0004858461705318063j),(1.5083093680192357e-05-1.3994878230530002e-05j),(-0.00031368008403504487+0.0003379768211502392j),(-1.3458014724005727e-05+2.8222157963275695e-05j),(4.6146440222159016e-06-1.3416559348797332e-05j),(-0.0004591873135497112+0.00024982621710244163j),(1.576950684246698e-05-3.019684625277179e-06j),(-2.2671137702572096e-05+1.4116492451709643e-06j),(-0.00012133894940432639+1.7348274532527744e-05j),(-0.0014177021808577607+0.0008529011874784571j),(0.06567081743087184+0.005524360095953317j),(0.003979291557951693-0.016751576024322822j),(3.5897756890596204e-05+3.158824701227056e-05j),(-0.0008841806600729703-0.01298357218949514j),(0.15575690059358588-0.015788354387104287j),(0.0012025538206808656+0.019162451562361103j),(-0.0007135066354075248-0.0008220608168436416j),(-0.002774435802297766-0.0007859548923434591j),(-0.0012191894129540222-0.00026691498921420235j),(-0.00021724809442427324-0.0004702964692945902j),(0.0016701930066163632+0.0011772329852710866j),(0.05289470530093409+0.006713578621316345j),(0.024850421466260725+0.0013442057792502275j),(0.08637323636218047+0.04064499502072406j),(0.09334865043465464-0.024296428573053454j),(0.25857810495141326-3.036787159539818e-05j),(-0.1197216976122438+0.018925321178881002j),(0.06871331526497741-0.0020713142708481957j),(-0.04388030647963483-0.019365446369161016j),(0.0015289831451953879-0.006907447712336533j),(-0.18945304721517933+0.0342162687824046j),(0.0379530763571021+0.08642425423390727j),(-4.035515791525396e-16-3.750709452126368e-15j),(-0.035844785034802734+0.019208579780987372j),(-0.06912822003764833+0.0047408874649678585j),(-0.0040261366342188125+0.04325338100506526j),(0.005457403998615801+0.0001045160917460381j),(-0.17828658427870908+0.015323033430855205j),(-0.038980519312684175+0.0006668472378801235j),(-0.014523095914066952+0.023765169430533282j),(0.11987794957942044+0.026013257893778532j),(0.05591601244044622-0.0036526181576543738j),(-0.009763361773151884+0.020871680293385056j)
21,(-0.0009216554520604668+3.474164459173868e-05j),(0.004645824681980522-0.000220555656866594j),(8.48876872915772e-16+2.0543736487862135e-16j),(-1.5505239942911738e-15-3.098000323226459e-16j),(-2.0945409999834806e-16-1.5329722608216935e-16j),(1.733134804270117e-16+1.2141052708690681e-16j),(0.006666956066666259-0.001329345768530765j),(-3.092881471323727e-17+1.609157236182363e-17j),(-1.7531994841479063e-16+2.1032733558668413e-17j),(1.7719153969470616e-10+7.103801552241445e-11j),(3.0682284331082795e-10+6.124015312456464e-11j),(-1.3611019284697237e-15+6.987051603155386e-17j),(3.8729228793118554e-14-5.119968856626902e-15j),(-0.032985445101881415+0.0027621138947190975j),(1.0368831608240174e-14-1.7044533805332778e-15j),(-2.530371082255974e-13+3.4656686595371454e-14j),(0.16723424646023163-0.01261157185432641j),(-1.979202646230821e-05+3.783883424043881e-06j),(0.00015952940233081552-1.0536349525474341e-05j),(-1.119620352775861e-09-3.2277313200702404e-10j),(0.3107972288099695-0.0058472844147219386j),(5.14881469924399e-09+1.9133931992177824e-10j),(-1.3949731691614278e-05-0.003288023471228147j),(9.124120245658247e-11-1.665448329498684e-10j),(-4.620617564845758e-12+4.965990972538377e-12j),(0.04515167313753753-0.01007025804542646j),(-0.17668793868250549+0.007895378292112759j),(-2.055668818177333e-05+2.267658526105359e-05j),(0.6455816746046072+0j),(9.37665033643377e-05-0.00015291387190125523j),(4.7245049615768373e-07+6.83843805394481e-07j),(5.344191044460037e-06-7.007376919952583e-06j),(-7.688758377814664e-06-5.022202071904848e-07j),(0.42678009476076756-0.004336000610860924j),(0.00046700637201265805-0.0005244123551244968j),(-4.052150405621587e-08-2.553752873915379e-08j),(-1.0170745282652892e-07+1.046648618887282e-06j),(-9.202852059363401e-09+5.58046807107849e-09j),(-0.019845697372079543-0.004817047007627239j),(7.33541524032494e-08+3.6220113646553354e-08j),(3.9240149436940707e-07+7.286393250451358e-08j),(-5.199682499732985e-07-3.208150570211116e-07j),(-2.868580863454396e-07-8.17255891486841e-07j),(-8.0386965037216e-08+3.5442227518280346e-08j),(-8.180167780198668e-08+7.274463939301293e-10j),(4.299436726015478e-08-8.355779166022302e-09j),(3.8298719641370525e-07-6.730942758456347e-08j),(-0.014436351385249253+0.0011311990228868975j),(-3.2650995195115526e-05-1.8492105970437647e-06j),(-2.1045539062337807e-06+2.7480571768509993e-06j),(-0.007124120536699656+0.0015917006805936619j),(1.666586363894204e-05-1.7111797140092154e-05j),(-0.00030742734961851863+0.00014023578909711263j),(-1.4791795952906613e-05+7.4250960452932405e-06j),(0.0006568320708567101-0.0001400297887051458j),(9.525752439472099e-05-2.3983273102259486e-05j),(-2.3914757237985467e-06+1.233655172933048e-05j),(-0.0011644960621866758-0.00011647405418988794j),(0.00021774356624239505-1.8304597814041196e-05j),(-3.157752391072068e-05-4.825522781055584e-06j),(0.00014977212170899559+3.354158008381174e-05j),(-0.0016474955617741844+0.0013148726455978325j),(0.11725515362659086-0.007687117170523262j),(-0.004760251482184247-0.024502529434482886j),(7.01865209131852e-05+7.256172306756551e-05j),(-0.003556866243947119+0.008619264356985207j),(-0.15427029002761522-0.0012581237772046547j),(0.024864116928128264-0.011452300967632723j),(-0.00030544131654368156-0.0003048604668605233j),(-0.0009707896185309073-0.0002594044143938506j),(0.002547689541779617+0.0006842845963740012j),(0.00037628875647204875+0.000979529060983553j),(0.0035577924012955425+2.2158043408901894e-06j),(-0.01740840199043598-0.008928595172382047j),(-0.00015271423691314554-0.005938353658703363j),(0.07125334016308024+0.024483754861668625j),(-0.06469345077986186-0.00022433974896508488j),(0.1120085766593498-0.025801953902616012j),(0.31573684425830273-3.1558246126772715e-05j),(0.044782521894482466-0.0063495641927349515j),(-0.044505087954724465-0.006101464819140912j),(0.037208482590818666-0.0010574013065972566j),(-0.03366638717367296+0.05088764519731176j),(0.11449742846388732-0.008842141395956606j),(-2.16213492966704e-16-2.6978319273467416e-15j),(0.06086298364090582-0.004647533175803534j),(-0.03373756281831084+0.00425640448298576j),(-0.07418006886664558-0.00865513339329994j),(-0.06483159037738566+0.00627880280036925j),(-0.059300348374369795+0.02403123446774865j),(-0.0085854538133897+0.020924479127210526j),(0.0732003123471008+0.004234534243655944j),(0.0384784106925907+0.007992590242611279j),(-0.16269638398359804+0.012048676974252506j),(0.0061369834818855796-0.005809367391942083j)
22,(-0.5417235787962862+0.00018850288452695874j),(0.153375251090715-0.006372882627611896j),(1.3803929678189117e-17+2.0470427582779723e-16j),(-2.710566697445057e-17-1.2704940393377967e-16j),(-5.5236231277970585e-17-2.974852219351901e-17j),(-4.138530214504033e-16+2.7545481366861336e-17j),(-0.4235785272994387+0.001109982639321265j),(2.2523979233690096e-16-3.459248360726246e-17j),(3.1809133070715953e-16+4.485365388925299e-16j),(2.442848627136853e-10+3.826111802570235e-10j),(2.185704066570397e-11+7.89779568633909e-12j),(-3.0314479198267176e-14+2.791468259902532e-15j),(7.388027525770974e-13-5.893993450245237e-14j),(-0.3425748183743717+0.006581191300488301j),(1.2244461396482906e-14-1.0542208700350876e-15j),(-3.2483759868837386e-13+2.37139830275576e-14j),(0.08554815448129194-0.005452510030639891j),(-0.00019861203804958765-1.8420564489509894e-06j),(4.6911469404020535e-05-2.622043918642648e-06j),(-1.0150624945163015e-08-5.286798090255458e-09j),(-0.2532291018407088-0.03859438684037783j),(1.5061994227408832e-09+7.2915247880815e-11j),(-0.021385043382006336+0.003241583425103804j),(3.8818884836586936e-10-6.099962010749507e-10j),(-1.9344063107673817e-11+2.3597449427849222e-11j),(0.010009435482543304-0.0010825217960059213j),(-0.20028395930968187-0.009478252178985j),(-3.6358199182501025e-05+9.762636734788126e-06j),(0.023162364475551124-0.0013166895473418153j),(1.614103883682932e-05-3.0437708956928876e-05j),(3.1180303984615477e-07-2.0976774625396862e-07j),(5.1290649225051876e-06+4.871670395497686e-07j),(-8.876946728311419e-07+3.3074453510340234e-08j),(-0.002180268666095755-0.026167906863103878j),(-9.055240789490174e-05-2.82621206447573e-05j),(-2.7344664747628128e-08-7.113322427046004e-08j),(6.522071831408848e-08-8.776720538339191e-08j),(8.233629320938535e-10+1.3771929967080557e-09j),(-0.005371105461421074+0.0005297834171909554j),(-5.505965131151486e-10+5.297390068169456e-10j),(-3.38017197165359e-08-4.970252402597862e-11j),(1.0676577852647815e-06+4.817166392232731e-07j),(2.20206070378137e-06-6.553298192544561e-07j),(8.476827256498739e-08-1.3172678556084784e-07j),(-2.9326713845771397e-08+1.1377620573430993e-08j),(-7.555429377286007e-08+2.1220128506457035e-08j),(-9.766035719007334e-07+6.042650866918436e-07j),(-0.25445249449044105+0.004552104979641536j),(8.41056348622157e-06-3.052849951752574e-05j),(-1.0628884206636367e-06-6.752919258841954e-07j),(-0.003948315216024794+0.00037721385878813907j),(-2.8781077178465897e-05-1.397634580977243e-05j),(-0.000963705039442836+0.00019283029199977317j),(6.996447965192095e-06+9.051246584779852e-07j),(-0.000420691899809503-0.00022127049762129812j),(-7.899152714671657e-05-6.169930191767414e-07j),(1.2818603355642742e-05-5.229734876962533e-06j),(0.0011425047587751201-0.0001399446525554077j),(-0.00012413174458809697+1.3452952702457457e-05j),(5.097437785839412e-05+4.424777812087098e-06j),(3.7446595763081473e-05-3.142418927274778e-05j),(0.0025197797850043525-0.0016746662419929214j),(-0.1386515140348047-0.006232529262400366j),(-0.030928504068957256+0.03167719903339838j),(-8.19795579191844e-06+3.0533774089173546e-05j),(0.0013926606005050441+0.005475988010140083j),(-0.0397002507751065+0.006038063066866588j),(-0.015045119312912025-0.00822336436610728j),(0.000905899681752041+0.0009874449104264836j),(0.0035502039325650313+0.0009723019791690155j),(-0.0007553996511498558-0.00018365916965784354j),(-0.00012951081358244067-0.00023546219841924618j),(-0.0031636250643342447-0.0011325209560449437j),(-0.021141238092538324-0.004663460797399547j),(-0.027552370218312035-0.002230412309981422j),(0.2601217036043404+0.04477428018006424j),(-0.08188590531460702+0.0036561987977213363j),(-0.0955838024782646-0.03396580216253412j),(-0.020485601336441613-0.009668505768277571j),(-0.1221336461004572+0.032646467230769444j),(-0.0650634161836205-0.008111939183145993j),(-0.03297280545184391+0.0062404786794903275j),(-0.06983650006843167-0.021096749610398296j),(-0.06198068888410634+0.03973439103487819j),(2.3579527238993322e-15+1.8624567115694542e-15j),(0.03302062915257743-0.006411593809740601j),(-0.11188624003198375+0.016807904716401915j),(0.04272416359177904+0.003999964528587155j),(0.06066987090077709-0.012296757089656916j),(-0.07951967497800115+0.02404205500539184j),(0.004615916810674059+0.017595286887328865j),(-0.131001096078124-0.013672380268642325j),(-0.0008587060696341946+0.014221680949435149j),(-0.12719343122280463+0.018270308333812765j),(-0.038639872139273314+0.020159657105570373j)
23,(0.4278973404354278+0.0022061951029567484j),(0.37612996157783024-0.006510536532875311j),(2.0641092456547815e-16-1.6740440809748913e-16j),(-2.0995180763432933e-17-1.4202956978606873e-16j),(7.349448516577581e-17+2.6347975622996736e-16j),(2.7149014168305414e-17+3.3019498702830076e-16j),(-0.4152453976891579+0.0026938082032819423j),(1.832009061293745e-16+1.126370841398509e-16j),(3.1310856379428343e-16+3.041525912723081e-16j),(-2.0208755278207487e-10-2.9817436430976903e-10j),(6.079267486879697e-11+1.8121167542203718e-11j),(2.3820074980178143e-14-2.1017722599558205e-15j),(-5.774229710777567e-13+4.4980278900341834e-14j),(0.26119438409674006-0.005711970874284447j),(2.5044300023222817e-14-2.692232179874581e-15j),(-5.761752143330919e-13+6.517799687791443e-14j),(0.26200156066661706-0.006960435424828257j),(0.0001720596409300889+2.7386181391768615e-06j),(0.00014820512916652318+1.1847871956028997e-06j),(8.761861580970483e-09+4.636552149318569e-09j),(-0.29255207937321315-0.04978316859103251j),(4.711794477857138e-09+5.338003608111485e-10j),(0.012603584144759759+0.002494837863765317j),(-1.7202669737467218e-10+5.146524742198837e-10j),(1.072312905455099e-11-2.1646773720654024e-11j),(0.014472274415161707-0.0010117754843289731j),(0.09176493657192689-0.0031322419624473866j),(1.8780407447013886e-05+4.164003376433276e-06j),(0.10920685726839245+0.006183790613812225j),(2.7930183609569943e-05-4.376477603599585e-05j),(-1.2262064003344445e-07-2.592440101739303e-07j),(-4.208158580591479e-06-7.667795833570362e-07j),(-2.424357230332227e-06-7.50848755679752e-08j),(0.0028111396216094695-0.040019483709191464j),(-0.00011693861967386547-6.353247277171377e-05j),(1.1785848649789644e-08+2.6617673064500827e-08j),(5.850234898116832e-08+1.0754470205077929e-08j),(1.22150950887141e-09+1.5650124978894488e-09j),(-0.007625666257849039+0.0009345105088733071j),(-2.844346419877648e-09+3.595789385609248e-09j),(-2.7727888480016806e-08+6.47268281556601e-09j),(2.6137658037807463e-06-3.102078401916601e-07j),(-6.155635852088839e-07-2.4236385026484354e-07j),(-4.5568012476536996e-08+4.388894796740455e-08j),(5.384003410836e-08-6.40508629032909e-09j),(4.6702064710013434e-08-6.4259132987339e-09j),(6.286967345174345e-07-3.134019118758823e-07j),(-0.010059941148462063+0.0007665520439893909j),(5.140275629462873e-05+7.105889411591499e-06j),(3.862886097808402e-06+5.7283370156143e-06j),(0.02788353980133047-0.0027974574886705204j),(0.0001240305625009501+5.792159843955814e-05j),(0.003293908779569788-0.0005770374143034571j),(1.2762455584865537e-05-1.2309577608052591e-05j),(-0.0005108173616037092+0.0005109385179102266j),(-1.1281557200739725e-05+2.517080326076271e-05j),(3.820802599124592e-06-1.1880031380176867e-05j),(-0.0006391438654851987+0.0003473751099766918j),(1.4419413840297707e-05-2.789023642042894e-06j),(-2.141694923597853e-05+1.4633934248797912e-06j),(-0.0001140773344667413+1.777305294079939e-05j),(-0.0013751475029157654+0.0008550570803753893j),(0.06671402018793846+0.005390552479848914j),(0.004115370499208828-0.01707834624443178j),(3.803272983597831e-05+3.329108758057906e-05j),(3.364087970547918e-05-0.01420604374743625j),(0.16025571932026814-0.01715001336197848j),(0.007524929181034996+0.0202638040451935j),(-0.0007598399498943884-0.0007992672436664867j),(-0.002915293540304271-0.0008231345206415057j),(-0.0012833531351563062-0.0002795355196895004j),(-0.0002414467502494025-0.0004663011528930857j),(0.001717038265203506+0.001110671144043362j),(0.06435742738533852+0.005780348749953251j),(0.024143472456916646+0.000997688291726198j),(0.08855969134919256+0.04170425004937307j),(0.09105092393815857-0.025167254689987487j),(0.2650835333223335+0j),(-0.12274881544569302+0.019423187452534435j),(0.06972106804915199-0.0023860462082904606j),(-0.04783602601871896-0.020188614627885258j),(0.0018137822555026233-0.006956534164865954j),(-0.19646470356942308+0.03473886943237457j),(0.03881163944766561+0.0890528111175457j),(-7.772911486611702e-16-3.791588285443238e-15j),(-0.03319454421310069+0.019414968802522505j),(-0.06838536784192707+0.0052263548241471j),(-0.006904051379687123+0.04286790873049531j),(0.007145554545956528+0.0005014299541595715j),(-0.18378833428933664+0.015823777327407966j),(-0.04082172516941217+0.001427397890195893j),(-0.013745377239139153+0.02416833495073488j),(0.11586613454042846+0.02550279167440789j),(0.05979521985758573-0.004285916488818932j),(-0.009453962738878108+0.020439743073649746j)
24,(0.13530347030215206+0.0027150520824005125j),(-0.5749800999407332+0.00021555956784957697j),(-1.572574135273727e-16-6.235539814088428e-17j),(1.1606081478421394e-16+5.540519314703469e-16j),(-3.089469376590965e-17-1.3001433411544373e-16j),(8.286907583278425e-17-3.5263748359469376e-18j),(-0.3846900591119417+0.011329681381919227j),(1.3310393433458093e-16+2.8333103044191244e-17j),(3.809984805044205e-16+2.608694138580527e-16j),(-5.928464834369728e-11-1.029461055589692e-10j),(-8.99911935240327e-11-3.0812969391343364e-11j),(7.543241769054896e-15-4.08647118772619e-16j),(-1.859873199983697e-13+1.2355419663456844e-14j),(0.09408999726209866-0.0008559142632735967j),(-3.987897464375846e-14+3.429062440899364e-15j),(9.732087500277113e-13-7.553649966063818e-14j),(-0.37465514006471495+0.005980968472368259j),(3.585679480607406e-05-3.5381662465555223e-06j),(-0.00021500558059754063-3.7138230072418347e-06j),(1.9374556468999205e-09+7.568804733643966e-10j),(-0.27214155252435623-0.04101546528517737j),(-6.839533503950833e-09-8.38250335526948e-10j),(-0.00038623683007180695+0.002583154428617311j),(-1.6693912482597461e-10+1.5903739301023955e-10j),(7.57816599676985e-12-4.354082264523001e-12j),(-0.022457599354727426+0.0015609316225593112j),(0.04447681898932905+3.410929224167275e-05j),(9.320000172234869e-06-1.0257959561226997e-05j),(-0.13351208869939035-0.0056146692739363485j),(-4.220047194804059e-05+6.835270712955528e-05j),(-1.9819536261016053e-07-2.971630183125001e-07j),(-1.3748628633891282e-06-3.850276089947598e-07j),(3.353327197125142e-06+2.1327982971096402e-07j),(0.0022575462193308374-0.03826517144248609j),(-0.0001156825507037942-6.010934827814618e-05j),(3.764252861839385e-09+6.071999110974372e-09j),(6.214320952861745e-08-9.650230021487205e-09j),(1.2285688038418503e-09+1.554137101383523e-09j),(-0.006985990139000536+0.0007527295275835573j),(4.42505384098388e-09-2.2843827681620734e-09j),(6.761362577293934e-08-4.809127555870154e-09j),(8.522272774782137e-07+2.0473463617334343e-07j),(-1.8506875954328053e-07-2.803296267668621e-07j),(-3.231357973576691e-08+1.8495179958933314e-08j),(-4.217517081979828e-08+2.4367220854417797e-09j),(2.450011921847227e-08-8.220930917674898e-09j),(2.4975803743303157e-07-7.22095957202699e-08j),(-0.009567798085489247+0.0012397325165111506j),(-2.5525642481639525e-05-8.530708501115376e-07j),(-1.6143853311045984e-06+2.3095250913722245e-06j),(-0.006013958100322983+0.001537734063797177j),(1.3115135972868058e-05-1.4540464660148005e-05j),(-0.0006343996714644735+0.00021297927678749236j),(-1.275667273125333e-05+6.699138804430347e-06j),(0.0010075209348767323-0.0002024767848059508j),(8.458104357374977e-05-2.2528677733436458e-05j),(-2.041305904983634e-06+1.1037611432293515e-05j),(-0.0016267596462533197-0.00017881831844761056j),(0.0001984984262026557-1.858788855313804e-05j),(-2.9833923064338348e-05-4.299670922493119e-06j),(0.00014128136232574167+2.9942165041459603e-05j),(-0.0015914655067618617+0.0013073039533723846j),(0.11788667020705759-0.008136760480384274j),(-0.0048222534834523635-0.024640457499612904j),(7.497831008962298e-05+7.716631787359465e-05j),(-0.004041955614965934+0.008544548408317105j),(-0.15638053979427696-0.0013114629961180069j),(0.032881487285861426-0.012181498396621722j),(-0.0003235154779115698-0.00029796365242389783j),(-0.0010255081977602431-0.00027317865615943316j),(0.0026962183630439896+0.000721550929811187j),(0.0004253311385878723+0.000980192590854681j),(0.0035794540314253607-0.00012985216400760303j),(-0.027562190867730568-0.009203214488074304j),(0.0004470643685199735-0.005717132312306709j),(0.07347647994653148+0.02528781322585684j),(-0.06297918461898637+0.0004075511139443981j),(0.11549803276546863-0.026572847543113825j),(0.3255633648997581+0j),(0.045815891759697414-0.006631461629960674j),(-0.04659034952044043-0.005984563924109541j),(0.038115858391556054-0.0012900650105290875j),(-0.03566193102744274+0.05191184951381872j),(0.11753475592661736-0.008904748128140683j),(-2.0020329250248874e-16-2.087534025901334e-15j),(0.057439001961314864-0.005301749510986433j),(-0.033704565301596406+0.004335161160525762j),(-0.07801662891928929-0.008798546453200516j),(-0.06203247783046777+0.00627519512905899j),(-0.06179130837478041+0.02468001890850573j),(-0.006526916989827738+0.020895159224447048j),(0.08043857265933747+0.00393074989595045j),(0.038403580577178485+0.007651961879365748j),(-0.17184704659820524+0.012435602456055291j),(0.007057056574599065-0.007058859496619564j)
25,(0.547381884549478+0j),(-0.15480475074325895+0.006380007042993192j),(9.808773983759974e-17-1.0921412506402235e-16j),(3.917066409476543e-17+1.5183345581674244e-16j),(2.975107535730892e-17-2.7347186152883234e-17j),(1.8556676768053074e-16+2.98336252683899e-17j),(0.423996965790569+0j),(1.1204000226074057e-16+7.818064338990642e-17j),(-2.2566647803508536e-16-9.291482246215893e-17j),(2.416605467982118e-10+3.6890663542805234e-10j),(2.1888823709127438e-11+7.676921597493746e-12j),(-2.8261461957979077e-14+2.5135505382450747e-15j),(6.901589601221952e-13-5.569428488801893e-14j),(-0.3294322272080167+0.006674998815690322j),(1.1488670051718379e-14-8.873523205784615e-16j),(-3.052875577202359e-13+2.2515022940358138e-14j),(0.08261144258348571-0.0053655291478906485j),(-0.0001943915470821635-1.490979991437156e-06j),(4.623342607621572e-05-2.6771627988612736e-06j),(-9.943805066612908e-09-5.158325736930028e-09j),(-0.25370743757955794-0.03534695073427781j),(1.4850514520641473e-09+6.883330258450491e-11j),(-0.021388388882794786+0.0033596153863511844j),(3.7958128209125307e-10-6.068479616859871e-10j),(-1.8941961083169074e-11+2.346675749059205e-11j),(0.010202361266451822-0.0011776338523445031j),(-0.20982404243670844-0.008940114338332097j),(-3.703724455761588e-05+1.003275800460406e-05j),(0.025070932658406063-0.001511404496098415j),(1.6492549275985526e-05-3.119130727603947e-05j),(3.152280573785219e-07-2.2365708464358356e-07j),(5.220561249872837e-06+7.10419635857808e-07j),(-9.008140351749283e-07+3.015367907989161e-08j),(-0.014034060962314163-0.023514552340010045j),(-9.949341116958624e-05-9.662714407802247e-06j),(-3.254722448638974e-08-7.525672574783576e-08j),(4.1465715769508105e-08-1.225193458654557e-07j),(1.087831395785702e-09+1.1696868942277982e-09j),(-0.004786622159029955+0.000610293615777394j),(-1.5242104358495296e-10+3.137698113399386e-10j),(-3.130070520990164e-08+4.431645977064463e-10j),(1.0999798165782547e-06+4.843646411367725e-07j),(2.1105384355059253e-06-6.283145740671745e-07j),(8.233292233923823e-08-1.2737084415410565e-07j),(-2.8676266184093483e-08+1.1063947456510558e-08j),(-7.429527849610016e-08+2.1055343141209735e-08j),(-9.6300262314363e-07+5.977085949120712e-07j),(-0.2510373991109399+0.004589731852602391j),(8.174382135268517e-06-3.016172626307664e-05j),(-1.0638946860831224e-06-6.996860371677181e-07j),(-0.003997192062699243+0.0003858042484896874j),(-2.9046745320365273e-05-1.396372015642045e-05j),(-0.000976390051720366+0.00019609963538948406j),(6.937131092725318e-06+9.199579140981572e-07j),(-0.00042505217209704395-0.0002223074695385048j),(-7.862479952241886e-05-6.174870588048514e-07j),(1.2727583536087896e-05-5.1838304198218385e-06j),(0.0011474639457841683-0.00014145555518239574j),(-0.00012384647920506112+1.3465957526732343e-05j),(5.083547635879553e-05+4.403767857385275e-06j),(3.72693247803527e-05-3.135467442445641e-05j),(0.002515242020267512-0.0016730161399482093j),(-0.13854093173855428-0.006199167433903474j),(-0.030849606911967392+0.031655100297586114j),(-8.14816427936845e-06+3.059579106283441e-05j),(0.0013768221491259635+0.0054892367198000735j),(-0.03969117814347359+0.006054191238128173j),(-0.015224342325594917-0.008209588459420448j),(0.0009062996108895656+0.000986071989844671j),(0.0035519027523170936+0.0009725973821072525j),(-0.0007557442541658761-0.00018372141497859136j),(-0.00012963035007985502-0.0002352699573678686j),(-0.0031625254261182694-0.0011286292323463227j),(-0.021176490000375286-0.004647889441813978j),(-0.027523221834786983-0.00222263729517174j),(0.2601298815473683+0.044772290765034445j),(-0.08178503926523696+0.003666456502774404j),(-0.09558704730113222-0.0339641274883859j),(-0.020487708556402973-0.009667176679077502j),(-0.12212005932182654+0.0326427296663321j),(-0.0650901868055206-0.008097399031667025j),(-0.03295834501799148+0.006239756157722514j),(-0.06978579193379902-0.021124383503592293j),(-0.06199725271903506+0.03971697015224355j),(2.2435877015401983e-15+1.6800100999995121e-15j),(0.03294004775439722-0.006406819233217355j),(-0.1118093431619888+0.016801894570909463j),(0.042703661764850236+0.003968231625508856j),(0.06053876844484703-0.012293228472548576j),(-0.07951654994931383+0.02403794626354093j),(0.004642608221237067+0.0175685478860627j),(-0.13104281534061676-0.013670958408044042j),(-0.0009850650860831795+0.014214697180383614j),(-0.1271818718927025+0.018275700329248558j),(-0.03863115136460363+0.02015326529593381j)
26,(-0.4320401922129782-0.002396743527600498j),(-0.3792910436114752+0.006421221631469937j),(-2.6148251002906706e-16+7.06535387444328e-17j),(1.4553210185620954e-17+3.3094743416372126e-16j),(-7.859100693925272e-17-1.5930406637927347e-16j),(-2.852315897463325e-16-1.1261038871707884e-16j),(0.41483655047939494-0.0014605684375531384j),(9.948087348229293e-17+8.657832414231502e-17j),(-2.044051838947497e-16-3.2732670166971526e-16j),(-2.0129159397651682e-10-2.890152153377139e-10j),(6.098174088055946e-11+1.777665985890048e-11j),(2.232084052938851e-14-1.935995946865544e-15j),(-5.421452812680786e-13+4.302655491751071e-14j),(0.252488997721244-0.00587817335467504j),(2.348254275683463e-14-2.495136109866011e-15j),(-5.41184197987584e-13+6.209128668389994e-14j),(0.2540739163137524-0.007047141937550114j),(0.00016920762666821664+2.3233364652852374e-06j),(0.00014658656005155877+8.449646690529116e-07j),(8.626954531162819e-09+4.540617002879941e-09j),(-0.2939925264523088-0.046414853510370425j),(4.6623577300410456e-09+5.174069841376976e-10j),(0.012726877097453107+0.0024825309088518663j),(-1.671674374673299e-10+5.132601560814752e-10j),(1.0485948770582767e-11-2.1578768400379926e-11j),(0.014832823281925022-0.001156482456091068j),(0.09516505060083051-0.0038335311460747437j),(1.9201913657358132e-05+4.292545538168172e-06j),(0.11744157749435044+0.005874529190101355j),(2.868436735646379e-05-4.511972714018465e-05j),(-1.288553465029183e-07-2.7451051598612873e-07j),(-4.4232462511960776e-06-5.215385776518538e-07j),(-2.500005799316173e-06-8.130219002324753e-08j),(-0.011476184565974766-0.037487060081602165j),(-0.00012905778658586412-4.278925680330856e-05j),(1.2679548769554809e-08+2.7259861058245677e-08j),(5.475969321002599e-08-2.4254501961596616e-08j),(1.5085159122308133e-09+1.3247085295838708e-09j),(-0.006953136577616476+0.0010323680839079445j),(-1.4785613029351874e-09+3.3426275919278183e-09j),(-2.4945853220335147e-08+6.513680613402496e-09j),(2.6801045831991834e-06-3.096540636784591e-07j),(-6.230222447878993e-07-2.115051068530273e-07j),(-4.4251617953364347e-08+4.381522491449505e-08j),(5.274917092223797e-08-6.4135589008794985e-09j),(4.596228390328941e-08-6.5319719358752495e-09j),(6.206203846219752e-07-3.1230945860173767e-07j),(-0.00860968953390288+0.0006469135275721963j),(5.079309869870058e-05+7.179691609667524e-06j),(3.834979192160892e-06+5.656353946340276e-06j),(0.027641279950860787-0.002786706909983847j),(0.00012283284634364983+5.7435791557279095e-05j),(0.003306764088430828-0.0005773813310534005j),(1.2663589180976865e-05-1.2227532939521063e-05j),(-0.0005138985457268348+0.000512449327645559j),(-1.1158351162279452e-05+2.5043990646972322e-05j),(3.763256972259501e-06-1.1798640702840105e-05j),(-0.0006398319960214987+0.0003478763399694864j),(1.4276722040443657e-05-2.7293935986270017e-06j),(-2.1366561314399985e-05+1.4541862293790594e-06j),(-0.0001138042507889955+1.7748112985741226e-05j),(-0.0013722782485765654+0.0008534498246597058j),(0.06662361210299854+0.0053983646092861624j),(0.004140434226427648-0.017058841174938066j),(3.8117372965808595e-05+3.334906745722739e-05j),(4.209573119418313e-05-0.014205664093413726j),(0.1601392932393433-0.0171490117915112j),(0.007586647305854954+0.020253273730094945j),(-0.0007601136437318161-0.0007978409522464849j),(-0.0029170466208331565-0.0008234126573729337j),(-0.0012841461558971174-0.00027964951324593786j),(-0.00024179828362301414-0.0004657493759826741j),(0.0017148957580905525+0.0011086411046039343j),(0.06445086685234176+0.00575666540764079j),(0.024114489204358103+0.0009953869223326816j),(0.08856377745169011+0.04170362288832957j),(0.09096054104802354-0.02515139385593626j),(0.26508094104881497+5.048305280934764e-07j),(-0.12274932610679792+0.019424349400127716j),(0.06970544119146958-0.0023923417068172324j),(-0.047894520604133434-0.020179222445382856j),(0.0018181123989491536-0.006951178492922974j),(-0.19639197904654745+0.03470705223493689j),(0.03877243467186464+0.08901381352667248j),(-8.522453507958521e-16-3.852764135210956e-15j),(-0.03317132067108992+0.01940855963344673j),(-0.06830096303081294+0.005223736195369387j),(-0.006961794847609485+0.042816736229503834j),(0.007143416803539827+0.0005068320378089344j),(-0.18377821842573933+0.01582604005061501j),(-0.04081132182200455+0.0014272618310642964j),(-0.013724511056060582+0.024151301764628975j),(0.11563579857625353+0.025479612848460367j),(0.059822967467537694-0.00429587599520964j),(-0.009437365652210233+0.020407437848879776j)
27,(-0.13662420073922282-0.002794353030687112j),(0.5798657036965208+0j),(2.2877394011212233e-16+2.2786326703596406e-17j),(-1.0252141406804361e-16-5.836365932738111e-16j),(9.274586279988589e-17+2.036483920865162e-16j),(1.3377055202597812e-16-1.8170591394127828e-16j),(0.3844201521650189-0.01019506168460909j),(1.798836281991019e-16-3.244617204948379e-17j),(-2.887739781313009e-16-2.611084949199493e-16j),(-5.934422153104914e-11-9.984448509883871e-11j),(-9.044192115140542e-11-3.027229618956414e-11j),(7.159469011901854e-15-3.7553177813663174e-16j),(-1.7484586480445982e-13+1.188375887544537e-14j),(0.09105074263918675-0.0009966085162444738j),(-3.742142765220456e-14+3.3623565702475835e-15j),(9.161600222566371e-13-7.228268579128476e-14j),(-0.363333559626491+0.006248968072287309j),(3.5446153141461066e-05-3.5449758053153997e-06j),(-0.00021262819771162607-3.161283175033368e-06j),(1.916589941329514e-09+7.457207695354158e-10j),(-0.2733491319900504-0.03785771952038173j),(-6.766970454169086e-09-8.124371402638344e-10j),(-0.00034882635307301646+0.0026263879629853945j),(-1.647216680512783e-10+1.5997659998058338e-10j),(7.494456366186036e-12-4.4078770326089266e-12j),(-0.022957874312982116+0.0017490541509540668j),(0.04585523967881503-0.00020008002118645368j),(9.51507627265571e-06-1.0515203783866264e-05j),(-0.14320360058766402-0.005106279250609844j),(-4.324077293060474e-05+7.023108832222333e-05j),(-2.0720054720815144e-07-3.127914737804675e-07j),(-1.468902055675504e-06-1.4078019255879005e-07j),(3.490997379120255e-06+2.112781143166294e-07j),(-0.011216976840294076-0.03569756738510024j),(-0.00012697666758628077-4.0113195641747506e-05j),(3.3799673129314454e-09+5.703691481346108e-09j),(5.413327952053321e-08-4.372104067661259e-08j),(1.5014822147730987e-09+1.3186588752981131e-09j),(-0.006364479703625375+0.0008398056004175743j),(3.291533441567362e-09-3.024137165300735e-09j),(6.121979650156948e-08-5.745638047295349e-09j),(8.914156459971265e-07+2.0820585908139886e-07j),(-2.0171522536967713e-07-2.516800342859517e-07j),(-3.1247713621206996e-08+1.89215935204194e-08j),(-4.1005683946245226e-08+2.313817962515164e-09j),(2.406715817270878e-08-8.201750597328127e-09j),(2.468048209464378e-07-7.320894232652869e-08j),(-0.0083371145823869+0.001083303878687243j),(-2.5391708419493516e-05-7.172312801697425e-07j),(-1.6043826618783341e-06+2.2714835305876752e-06j),(-0.006018876167985452+0.001541497738930589j),(1.2695267536206706e-05-1.4456240290314051e-05j),(-0.0006387855863363682+0.00021474320979157714j),(-1.2694896397315515e-05+6.677455825611819e-06j),(0.0010094417558172745-0.00020317811784444366j),(8.416991413613976e-05-2.2435748658489858e-05j),(-2.057552978378237e-06+1.1000588820716347e-05j),(-0.001630158708591104-0.0001794715843218798j),(0.00019752174849065144-1.84827438456799e-05j),(-2.974163363384022e-05-4.285812209697404e-06j),(0.0001407320537342111+2.9808397380520284e-05j),(-0.0015873588203140366+0.001304469368142487j),(0.11769129564232847-0.008114971729435906j),(-0.004792164004088751-0.02460172166561901j),(7.510275088432646e-05+7.725829579408962e-05j),(-0.004045852977045712+0.008533071939424078j),(-0.1561823305674443-0.001309112401319j),(0.03294978769173531-0.012180382746173186j),(-0.0003235409121109137-0.00029733864904723313j),(-0.0010261875883208946-0.00027325958900523335j),(0.002698207794588493+0.0007218679341806917j),(0.0004262078229108101+0.0009788349223201812j),(0.003573899987293314-0.0001319178466941942j),(-0.027708922024416088-0.009185095963114707j),(0.00046048539217534597-0.005704775554517738j),(0.07347947179631173+0.02528723793661369j),(-0.06285741466563013+0.00042056039438432766j),(0.11549569400685061-0.026571697035749513j),(0.3255575716836585+7.926703679828062e-07j),(0.04580578380368123-0.0066345829473264395j),(-0.04661349394801892-0.005968594859689747j),(0.03809387859020835-0.0012924715947633374j),(-0.03563696391095508+0.05186203002179955j),(0.1174516883658156-0.008906093508405204j),(-1.6018281687111748e-16-2.0859605805110394e-15j),(0.05731247694695209-0.005301749676135217j),(-0.03364814687318057+0.0043262835143358285j),(-0.07802784648739113-0.008803881973781204j),(-0.06195817387826198+0.006268463022972633j),(-0.061790627925695805+0.024675314118358715j),(-0.006475164482332701+0.020867140600220165j),(0.0804929117011847+0.003912401050491029j),(0.038291846810640094+0.007642989744039907j),(-0.17186286531769507+0.012437052606896329j),(0.007070247530566978-0.0070850887899085585j)
28,(-0.00889139169273052-2.7371221304785254e-06j),(0.002514233485912428-0.00010274162625473898j),(-3.469130272551541e-18+4.779998145638154e-19j),(-5.516367084388978e-19-2.6291890995529565e-18j),(-9.134217039728147e-19-1.1589535344586669e-18j),(-1.9445844923950983e-17+4.3827436156455223e-17j),(-0.006881542547383244-5.330146069059197e-06j),(-3.162973303398766e-17+1.9942133552841079e-16j),(-2.5332343029050337e-16-2.826501041483905e-16j),(-2.8297252643851753e-10-6.676115807066614e-10j),(-2.2372932302102272e-11-1.2198844436517538e-11j),(1.0761791393070596e-13-8.376586061634568e-15j),(-2.5106926144509123e-12+1.7560299138103216e-13j),(0.6228667512720588+0j),(-4.093447208610696e-14+3.2257583938406617e-15j),(1.03137824404358e-12-7.315650202756694e-14j),(-0.1505139134343198+0.006153574272813031j),(0.00016777382386178592+1.4021354785025069e-05j),(-3.066333781596385e-05-1.7833994284166604e-06j),(8.208411107212115e-09+5.112177554767518e-09j),(0.3078997074055854+0.09750798296263846j),(-9.540184053464694e-10-1.6225791572064092e-10j),(-0.0015522367347713696+0.0002586412840977983j),(-3.534093515986962e-10+1.3436973865064746e-12j),(1.5882466219333537e-11-3.654269673254856e-13j),(0.007358532145124657-0.0029273133493998493j),(-0.36398111018060164+0.006793212974070734j),(-3.15025337262738e-05+8.018768358704536e-06j),(0.06374092522472616-0.006314982789336624j),(1.5069131648917246e-05-2.7519602145968763e-05j),(2.8851133134311843e-07-2.3686082909143028e-07j),(5.885241862843263e-06+7.325102257819474e-06j),(-8.793239325568845e-07-9.852429750211015e-08j),(-0.3635570060186165+0.09111338690061722j),(-0.00023868739292583137+0.0005941995598977127j),(-1.70281077653725e-07-1.5260840592830017e-07j),(-7.423144641353549e-07-1.0916226894446223e-06j),(7.776504468445796e-09-6.749572314468494e-09j),(0.01784647384512539+0.002462562662173204j),(1.1965883361381029e-08-6.723168179320755e-09j),(5.91496852808124e-08+1.5298309001478018e-08j),(1.4172710373844154e-06+4.3687727137733743e-07j),(-1.5385643275676472e-06+5.516392161484174e-07j),(-1.5856067510394563e-08+5.2572866078042294e-08j),(-8.966665964772576e-10-2.4885966361065417e-09j),(-1.8944648638883645e-08+1.2474950467358091e-08j),(-3.5535571372019526e-07+2.9158996674146815e-07j),(-0.09534218565543796+0.005140440809983854j),(-2.351409145337842e-06-1.3328536360673993e-05j),(-1.09959694713614e-06-1.7750501852547322e-06j),(-0.006121813615461958+0.0007746031875936247j),(-4.0444947852651376e-05-1.313839906676151e-05j),(-0.0013729452523741316+0.000302100218908562j),(4.164146751682415e-06+1.5819651704706277e-06j),(-0.0005333135888241654-0.00024559580572723974j),(-6.096996381414312e-05-6.810580955433346e-07j),(8.436742434152587e-06-3.025321496828823e-06j),(0.001269487874312187-0.000187620928750187j),(-0.0001093825995688289+1.3828630893420687e-05j),(4.3906297846210805e-05+3.4177300367913825e-06j),(2.8718633594078907e-05-2.780938702295164e-05j),(0.002280612631439304-0.001577198715900929j),(-0.13159299799875332-0.004718604196655651j),(-0.026935187520977007+0.03020103852016978j),(-5.825963469208506e-06+3.342334561899483e-05j),(0.0008921147649982265+0.005781005718168969j),(-0.03832735425378594+0.006476447918237615j),(-0.020685749760599906-0.007566441061292248j),(0.0009185421866873254+0.0009184284815261822j),(0.003627786938561327+0.0009853387813539413j),(-0.0007710479811166109-0.00018646155347511723j),(-0.0001341456444873291-0.0002252473509209961j),(-0.0030816543514914007-0.00096868311742037j),(-0.02207392193022368-0.003986753649255416j),(-0.026149299175976307-0.0018875906693990854j),(0.2604250509444541+0.04464761084842468j),(-0.07703714076236472+0.004103220997155849j),(-0.09570284711341279-0.03389973259030727j),(-0.020570262212555174-0.00962073970308222j),(-0.12147762851027902+0.032494315467759646j),(-0.06551172208927279-0.007536675069668462j),(-0.03210160145192099+0.006170885389193484j),(-0.065593824638975-0.02218294350640299j),(-0.06237182392060405+0.03803926977104104j),(1.6939884443061543e-15+1.616659792366008e-15j),(0.030166383779764598-0.006239801406032304j),(-0.10896567676102041+0.016596346781632253j),(0.04179299913258078+0.0026711333226578614j),(0.056056790745733054-0.012091026526768484j),(-0.07850090429018068+0.023724604354461925j),(0.005573238965645251+0.01653231511581082j),(-0.13089528883720938-0.013607454374172318j),(-0.00563900281781232+0.013692959958444051j),(-0.1251726266542165+0.018136566138173993j),(-0.037839843834345306+0.0196136102723899j)
29,(1.5342777353903066e-05+1.1024012057853391e-06j),(-5.157514267081238e-06-2.130743895387395e-07j),(1.5780540462506846e-20-7.81174233504353e-22j),(7.50326600901546e-22+9.531824833893408e-21j),(1.695315374551299e-21+1.5945464631491618e-21j),(6.336568278754134e-17-1.6810886151924846e-17j),(3.059046000681725e-05-1.0756133699620808e-06j),(3.253734125778279e-17+8.69903069263442e-18j),(1.0053497815421776e-16+2.036077323023578e-16j),(1.2399784729465353e-11+4.6866873246938597e-11j),(1.36747887222184e-12+1.0216002885159133e-12j),(-4.773811510664585e-15+6.685175596802973e-17j),(1.1648319805700086e-13+5.732913756736234e-16j),(-0.04362592295333907-0.00347439958294128j),(2.157218967477197e-15-6.87961419185933e-18j),(-5.720826098796645e-14-6.979851616771749e-16j),(0.012700212443743034+0.0006993057946002522j),(-1.6447725518463124e-05-2.683045164263718e-06j),(3.634841774635863e-06+5.492166359476942e-07j),(-7.717975345814481e-10-5.681243055480488e-10j),(-0.04641827507931044-0.017744934135939437j),(1.1234864935577835e-10+2.982777444389775e-11j),(0.0002556950809315825-2.146717855894388e-05j),(4.553205864129472e-11-2.0831042240738666e-12j),(-1.969716249387198e-12+1.2693507655462128e-13j),(-0.0015253502676186633+0.00043998610749384495j),(0.0877646909985206+0.011493428049482772j),(6.62055658209583e-06-6.356958685168334e-07j),(-0.01635478847115916-0.0008949556549212078j),(-3.937778074853993e-06+5.1208882215014536e-06j),(-6.744672002997782e-08+3.992131267272557e-08j),(-1.6389928185009102e-06-2.6756439327724953e-06j),(3.623096226731566e-07+9.53191915131673e-08j),(0.12060406835338795-0.023312188416871032j),(6.359723757880166e-05-0.00018348688146188863j),(4.204380898874309e-08+4.513841672141645e-08j),(2.0442085817877762e-07+3.6967346411977275e-07j),(-2.3025518890841237e-09+2.234892120491082e-09j),(-0.009825909290384531-0.0008236492758864292j),(-4.269798774982773e-09+1.8157127285690723e-09j),(-2.3222185874472133e-08-8.920450026235725e-09j),(-2.087119852284089e-06-3.929418894647246e-07j),(9.596830780032267e-07-3.110411999019629e-07j),(1.4873539337249513e-08-3.4241780714910034e-08j),(4.653928174387125e-10+2.4217895382937383e-09j),(2.1361110978933994e-08-1.6561657324488376e-08j),(5.869460532217531e-07-6.264177053010634e-07j),(0.8683212506991053+0j),(-0.00010516687982167594+8.594051653264183e-05j),(-2.384281623758734e-06-1.9512207681272366e-05j),(-0.03161725404310075+0.005051985336228157j),(-0.0002652349821951688-1.779193728800023e-05j),(-0.003736824823009264+0.0009545683106794304j),(1.4208413797910667e-05+3.7451036261699633e-06j),(-0.0010719624159689109-0.0003775408837106157j),(-0.00015703149537905233+1.1984077808257347e-05j),(2.113893857327063e-05-9.733475901707012e-06j),(0.0021047882541751673-0.0004781780077687575j),(-0.00022625648153290538+4.6168807129422043e-05j),(7.574548344243385e-05+2.377017674354921e-06j),(4.7788819441669214e-05-4.8440863943722745e-05j),(0.003259276741211555-0.002209057285547503j),(-0.171184100671201+0.005616444653351885j),(-0.0015309933156262738+0.039444240178189004j),(-5.797847188828073e-06+2.978462992840716e-05j),(0.00101550731979089+0.007404073756401803j),(-0.04761941633459145+0.009419676046085162j),(-0.025790328736569824-0.008555848136065662j),(0.0008994015958692859+0.0011571697814432259j),(0.0033561382311741352+0.0009488452850562696j),(-0.0007086303812563966-0.0001796218068344876j),(-0.0001160905417702918-0.0002703790437812835j),(-0.003776588948868428-0.0012772549842139844j),(-0.026038103717155214-0.004170617350421424j),(-0.029731572579427407-0.0018070856566437038j),(0.2661419682882254+0.043441351737644435j),(-0.0867437197731635+0.0052042108191521705j),(-0.09923483735352533-0.03338069989619523j),(-0.021564528595994566-0.009478776960564884j),(-0.10383297255991802+0.03210700714733246j),(-0.06291694839374233-0.0072623884055885435j),(-0.03506359795783278+0.007078284709496091j),(-0.07079622428115304-0.023935080923401256j),(-0.06725188966433782+0.04163169010097997j),(2.6515824769993316e-15+6.363662444468478e-15j),(0.03010825488824291-0.006389190271558841j),(-0.09984197470470936+0.01654587326262546j),(0.044460850435664556+0.0026004372549344942j),(0.057035104443266746-0.012722219847809697j),(-0.07699070270386882+0.023337871290274606j),(0.005619192867486153+0.016659767326242483j),(-0.13699940120989296-0.01316750768355034j),(-0.0059337373365103314+0.014396375981391627j),(-0.1284966460423024+0.019284743441104146j),(-0.03955626215625659+0.020711386999167646j)
30,(0.007004368955487327+4.0140042629885873e-05j),(0.006144312104504907-0.00010283470992641756j),(6.418255960382905e-18-1.4028446277014366e-18j),(-9.352047451933494e-19-6.564239774882987e-18j),(-1.365176187545878e-19+8.743690147479844e-19j),(8.264788038688358e-17-5.511807589383912e-17j),(-0.006684473210144392+1.2026375205662705e-05j),(9.790599747837368e-17-1.5277432072007103e-16j),(6.553854446300851e-17+1.0046755790354332e-16j),(2.1568168399074753e-10+4.710476157633353e-10j),(-5.8181720911123984e-11-2.2959599990040205e-11j),(-8.102649615346481e-14+6.308044355265944e-15j),(1.8804100694882336e-12-1.2942468757593103e-13j),(-0.4327748568490251+0.0029645276227641126j),(-8.512020034767864e-14+7.884737875458158e-15j),(1.893901561999395e-12-1.8200277406513197e-13j),(-0.4096804392701231+0.004212771834464238j),(-0.00012728740118119597-1.104031742256612e-05j),(-7.716328797699172e-05-1.0742268274598784e-05j),(-6.211095300579914e-09-3.896323142728257e-09j),(0.26251959614473824+0.0983546408797601j),(-2.370665331129601e-09-6.075228728463265e-10j),(0.009847742261940368-0.0039607187912033244j),(1.4309636309001912e-10-2.3212601521765082e-11j),(-7.821578635035284e-12+1.8277532583009538e-12j),(0.013084183103787866-0.004411412326504358j),(0.17330965282629987-0.021223542424512368j),(2.3296165459503132e-05+3.0902459770303508e-06j),(0.29700887751423677-0.004293878088764802j),(3.0449370200008658e-05-4.7602603899781286e-05j),(-1.819965797146809e-07-3.216730439889948e-07j),(-9.058687763986562e-06+7.214158430215753e-06j),(-3.7363647566265774e-06-2.799011162563493e-07j),(-0.4378920055583489+0.07893447783888738j),(-0.00035676588891070924+0.0006434226451211122j),(4.079871558014734e-08+4.5037367929467957e-08j),(-1.1356346268550327e-07-1.046306649462787e-06j),(8.734108758753713e-09-7.677374738287066e-09j),(0.019018364209236176+0.0033613313294863917j),(4.129724685692871e-08-6.258978735637821e-09j),(7.33730880729088e-08+5.013045633969204e-09j),(3.7403474091830713e-06-3.0660034655085913e-07j),(-8.773774165224347e-07+1.0068102308308579e-06j),(7.910677306105495e-09+4.038152568803484e-08j),(7.328804099425506e-09-6.391576767431263e-09j),(1.4720001897936994e-08-1.0392618570887658e-08j),(2.7293151942198583e-07-2.594622398214433e-07j),(0.05631500967437676-0.005193436172323925j),(2.337150676576666e-05+1.056030271200906e-05j),(2.533730394991131e-06+2.4066044919947668e-06j),(0.01655829862032665-0.002230880577831029j),(6.820601558279924e-05+3.5428733450767006e-05j),(0.0033828162397985-0.0005440779024805545j),(8.096920039441318e-06-8.415953415023024e-06j),(-0.0005741972162667392+0.0005257412442124942j),(-5.348926862521078e-06+1.907551937510705e-05j),(1.107318120745862e-06-8.001767419566202e-06j),(-0.0006119740686151149+0.00033748448742174547j),(7.843123346910257e-06-3.898278994518723e-08j),(-1.8957495378805113e-05+1.0182183667932563e-06j),(-0.0001005075212995512+1.6457746958182483e-05j),(-0.0012311509723276805+0.0007721535624870345j),(0.06170040944340702+0.0057350810889488825j),(0.005281846809232763-0.015957679880592723j),(4.197497396641367e-05+3.596470526702812e-05j),(0.0002769551975280683-0.013807766798889093j),(0.1526222060197128-0.01667151351588036j),(0.009108978001119816+0.019481602921000377j),(-0.0007662321795810943-0.0007307300791132752j),(-0.002992146877847833-0.0008349880490539316j),(-0.0013186685373456867-0.00028453060435016395j),(-0.00025549647297038575-0.0004383526007283488j),(0.0015977788151319266+0.001018996991368972j),(0.06587873032876217+0.005000358583770893j),(0.02286545833536283+0.0009449931400758531j),(0.0887210380709665+0.041644116098761105j),(0.08708683850775942-0.02422353471595187j),(0.2649225774830355-5.31781036024713e-06j),(-0.12274216844449827+0.019461158414398334j),(0.06912523226505846-0.002627981337205175j),(-0.049356075687582754-0.019755064050399347j),(0.0019538181836539622-0.0066725164458134485j),(-0.1900410218169724+0.033052896675531906j),(0.03663792829578376+0.08604473498618663j),(-1.3697142953262844e-15-4.0532062232790496e-15j),(-0.0324043033267752+0.019124782664240468j),(-0.06531390836825009+0.00513085962490103j),(-0.008568128135868483+0.04053830560504039j),(0.006957958340968007+0.0006937824592681352j),(-0.18218857934164648+0.015791765418993128j),(-0.040160688192789555+0.001330985698114441j),(-0.012561353557435321+0.023321470150263268j),(0.10675112173934317+0.024258240381781142j),(0.06100256392193406-0.00480815040528891j),(-0.008640844672143783+0.01904369441699445j)
31,(0.0022154069866646858+4.563997084626036e-05j),(-0.009394531846740944-1.7304480485844792e-06j),(-2.711870821132263e-18+8.307026077811723e-20j),(-1.0160482331856306e-18+1.0079646812442274e-17j),(-1.4034702518884438e-18-2.80322484798093e-18j),(-2.5663741225547426e-16+9.113438297554553e-17j),(-0.006196888704129436+0.0001543234816840184j),(-1.9730405449775532e-16-4.3810000839620096e-17j),(-2.2666587270053914e-16-6.798219002996839e-18j),(6.221652434009733e-11+1.637631993378745e-10j),(8.494478384135377e-11+3.8909688602523423e-11j),(-2.5602782605934736e-14+1.7579262689905606e-15j),(5.953097512654244e-13-3.3575986456920325e-14j),(-0.1563952768345994-0.0008417100027534041j),(1.3248206176319186e-13-9.649394771610859e-15j),(-3.0870562294040334e-12+2.0949160182330218e-13j),(0.5878184423586772+0j),(-1.825763010210304e-05+4.326352260502856e-06j),(0.00011919940846616447+1.760810723031623e-05j),(-1.0486066733496094e-09-2.582262329857319e-10j),(0.24901612804455+0.08636817316136672j),(3.672970300950973e-09+9.707628393496773e-10j),(0.004395888119191111-0.0019246946619309502j),(5.696925030428998e-11+3.9812384931181116e-11j),(-2.3829615792496152e-12-2.214719158282177e-12j),(-0.021939996017918014+0.006580926632029355j),(0.0823301857596114-0.007419805245952545j),(1.210724988825335e-05-1.2348647624274549e-05j),(-0.35498495312363776+0.010416083070259097j),(-4.6487154353727124e-05+7.780350067516599e-05j),(-2.690273067677986e-07-3.607370952374037e-07j),(-3.6517009095154114e-06+7.427979812778648e-06j),(6.264495187805535e-06+6.809391668348633e-08j),(-0.41305674583677005+0.07965922619378303j),(-0.00033497033120981145+0.0006198067773331112j),(-4.001396388565225e-09+1.3717504541847087e-09j),(-2.438250738338453e-07-1.0317775038749836e-06j),(8.336844623547247e-09-7.46285121109202e-09j),(0.01764097676501416+0.00287043474815427j),(-3.3825479763817324e-08-2.4481538991009284e-08j),(-1.6404056219845135e-07-3.225789359710328e-08j),(1.533591513999542e-06+2.5235203494100297e-07j),(-8.232610893170195e-07+8.917888487135641e-07j),(1.1237278735390775e-08+3.5700393976607526e-08j),(7.926590869991986e-09-3.2627441523043642e-09j),(5.991849933540553e-09-7.033388388836094e-09j),(1.206759221919359e-07-1.162282854944638e-07j),(0.04674002429874492-0.006327795738909141j),(-1.9187589566802263e-05+5.364746854201548e-06j),(-1.1525585294581197e-06+5.508407663479018e-07j),(-0.006172069883723614+0.0016935146454954083j),(-6.106635886094914e-06-1.0470986152758001e-05j),(-0.0007662320000208259+0.0002690410331947203j),(-9.815044305559098e-06+5.6312024441753286e-06j),(0.001002079728973888-0.00021193947363596543j),(6.497895721501075e-05-1.8007414741707515e-05j),(-2.8038277899731867e-06+9.243260402422227e-06j),(-0.0016255041616244016-0.00019736047866227518j),(0.0001516189508296128-1.3513503241958106e-05j),(-2.533318784588704e-05-3.6237469369171373e-06j),(0.00011440413351557774+2.3545082114436567e-05j),(-0.001387601854449205+0.0011629241516809131j),(0.10746007909458095-0.006963577235224526j),(-0.003318454298451072-0.022559775752420352j),(8.073893248083354e-05+8.137071159036849e-05j),(-0.003992469059509144+0.007938458680209747j),(-0.14531875151571602-0.0011181810471169798j),(0.03397764531247473-0.011743902773528398j),(-0.0003221633425725583-0.0002679811987631393j),(-0.0010551347894869082-0.0002766112340200759j),(0.0027854344565101654+0.0007353616849214207j),(0.00046223786777799784+0.0009114585970752139j),(0.003291508115830951-0.00020168849992315734j),(-0.03173367314095815-0.008320270094897036j),(0.0009197916625378201-0.0051710803946451445j),(0.07359643761483291+0.025233458518386303j),(-0.05754519021755068+0.0009474590790931013j),(0.1153733696824915-0.02653937657637736j),(0.32523366037579693+1.2411433260861582e-05j),(0.04542047648265457-0.006754204836478456j),(-0.046991715920136234-0.005392896667319184j),(0.03685085772997419-0.0013479254330211045j),(-0.03291573803088085+0.049190213292211925j),(0.11278098678806066-0.009403171945966439j),(-6.072865060722676e-16-2.0936476827753014e-15j),(0.0529660688937858-0.0052837623606992595j),(-0.03163004464881592+0.004024187745964756j),(-0.07737193070795381-0.009019882882185488j),(-0.059252009782960934+0.006044454161637274j),(-0.06101470869090231+0.024319278272633152j),(-0.004734887800229876+0.019774107907441083j),(0.08167493680044405+0.003200848272787777j),(0.03385625684435233+0.007142704706129085j),(-0.1702999743863386+0.012235594796519183j),(0.007548745736529645-0.007986585853252348j)
32,(4.33144342723886e-06+2.0745031218407073e-09j),(-1.224597635306346e-06+4.9784368212145625e-08j),(4.177543387625915e-21+6.123083789487602e-22j),(-3.064737156949458e-22+4.71124186925036e-22j),(1.8366662530258125e-22+5.230558168041396e-22j),(-6.8820911757752266e-15+3.9843064624702573e-16j),(3.364331281641971e-06-1.6069432185953817e-09j),(2.4042157653556408e-15-1.603481719160726e-16j),(-1.3613088594380566e-14+2.1833072849533543e-15j),(5.384329153946293e-12+1.6689721001739037e-11j),(3.953991755973853e-13+2.6848834457842e-13j),(-3.981276921563344e-12+3.1834880704200127e-13j),(8.587772262433407e-11-6.4191374045739875e-12j),(-0.01614674291247986-3.769535874658617e-05j),(1.4631735699846016e-12-1.4448601020768006e-13j),(-3.280075279197646e-11+3.0584618394944025e-12j),(0.0036407212649761118-0.0001664833733451582j),(0.0058741052280798026+2.5751922234616437e-06j),(-0.0015795229945244813+8.054726194462185e-05j),(3.0216641522101083e-07+1.5362701140078406e-07j),(-0.010882737218408349+0.0015915898864049122j),(-5.097893830277138e-08-2.6902218567343173e-09j),(0.5195501752877407+0j),(-1.2821824440290317e-08+2.0865557279685433e-08j),(6.392674617738416e-10-8.192251909677727e-10j),(-0.2199260807563273+0.0026759652463936995j),(-0.013652360320494963+0.005286900097746408j),(0.0005704908236312265-0.0002184145888480867j),(0.008915432581216154-0.002854377153888848j),(-0.0002977177033828847+0.0006278641975560488j),(-5.837573542067526e-07+1.260909887919482e-05j),(3.7717604767452495e-07-4.0363707285927284e-07j),(-6.967093094610295e-08-1.567680436701299e-08j),(0.026501962864619658+0.0008480209661297956j),(0.0049370788080935046-3.6030829361077474e-05j),(-1.569607157512763e-06-4.2391288091109093e-07j),(-7.585047013103015e-06-1.186699048812623e-06j),(-3.8242481274652726e-08-3.7240037364047875e-08j),(0.4332974718651045+0.010477040807882476j),(1.8221513091466272e-07+1.0579242666558495e-07j),(2.8054244449704922e-06+4.602051129055796e-07j),(1.1336281681312932e-07-3.203810407189818e-08j),(-0.00010561262084129255+2.518686884390969e-05j),(-3.396645100935383e-06+5.3747921464999e-06j),(8.666987429526962e-07-3.9802232141294393e-07j),(1.7084808330091127e-06-1.6394361534027236e-07j),(1.641364325104105e-05-5.869602544875667e-06j),(0.0129242101919214-0.002441671210372161j),(0.0002331635911265924+3.9856622656553e-05j),(5.445939288539769e-06+6.663441514511272e-05j),(0.07655044213148968-0.009047964232401121j),(0.0009278249644837479+8.291750463200177e-05j),(0.0003016238475658034-5.0156791191343505e-05j),(-0.0001601608319576517+9.434356438932607e-06j),(0.0001951878611979669+9.014318006560755e-05j),(0.0012180815467260557-6.515105361361883e-05j),(-0.0002338613444039125+0.00011687892639851159j),(-0.0007964661275358376+4.8782005276521036e-05j),(0.001216016746275474-0.00016422680989568145j),(-0.0004379524117622755-3.4132932099490234e-05j),(-0.00043250555559131397+0.0002444422076795337j),(-0.01386120185927179+0.006529460845295471j),(0.434347261840993+0.00021625487030960122j),(0.001524184867223829-0.09663812166932165j),(9.946288266807603e-05+0.00017826346214480513j),(-0.014919552379065634+0.002004778890428269j),(0.09268797271357268+0.001502330683842857j),(-0.16329459060853263+0.02591516023980156j),(0.0014002472805736558-0.0034641120655676478j),(0.008388515500725901+0.0017430885235948984j),(-0.001770253699099152-0.0003461680101166624j),(-0.0004137369557228246+0.0004942701170297351j),(0.005108245450357257+0.007252644686603965j),(-0.021214368777514057+0.024190674140633778j),(0.05409415651560965+0.011697104465919074j),(0.2362972765206477+0.04464350309288982j),(0.1842539693348638+0.016258797653868333j),(-0.07919489234782333-0.033569137976466726j),(-0.01817036411224803-0.008455995368150032j),(-0.19087863900985635+0.026876028251532687j),(-0.07954060463328771+0.012664657408541866j),(0.02625090624488521-0.002601805172872312j),(0.18444056358951935-0.051907531530062515j),(-0.04027753822527306-0.07339402809055637j),(1.8067966174966902e-15-3.909137836004397e-15j),(-0.06940185205936909+0.0007801841563049652j),(-0.050624857519198714+0.00839293498173551j),(-0.011948169160016408-0.04912546664441868j),(-0.11027934032917674+0.0011809109414987196j),(-0.022713138762325887+0.008923559206818888j),(0.03883858687351534-0.024972022935219287j),(-0.043234264051708375-0.012592785200289452j),(-0.1772809978079301-0.017140674784413668j),(0.014559684356534925-0.002936789892708809j),(0.014998739667567672-0.015100375071293973j)
33,(-3.418312279698007e-06-2.0482672571909327e-08j),(-2.9943150791641504e-06+4.92667891409607e-08j),(-4.52363575309952e-21-4.7751570634477973e-23j),(-1.0651961584319322e-21+2.9849985235356296e-21j),(-5.808435246281392e-22-1.0263913666195634e-21j),(5.463913224024463e-15-2.7669884204825343e-16j),(3.2312853645308747e-06+3.7746879295751385e-09j),(5.630138719324502e-15-3.685147985568948e-16j),(-1.3342974902715157e-14+2.266023367270922e-15j),(-4.323397965391327e-12-1.3127730667257103e-11j),(1.1422310794327542e-12+5.421611574413621e-13j),(3.223494054907267e-12-2.3260557168414476e-13j),(-6.956742791422156e-11+4.6475974022106634e-12j),(0.012567357064199099+7.312780921335353e-05j),(3.4793992814684824e-12-3.0396279738543127e-13j),(-7.332843803203719e-11+6.2650327014019225e-12j),(0.011587566827064993+8.785457550253154e-05j),(-0.005002408833659414-5.9897259540722626e-05j),(-0.0044973451957621684+1.9999117953220687e-05j),(-2.558854421796128e-07-1.337920524853108e-07j),(-0.0007664221411066623-0.00642664179196691j),(-1.438790370528231e-07-1.4380976199412249e-08j),(-0.5004256438497111-0.008431978650843303j),(7.919466337852633e-09-1.7595063767603048e-08j),(-4.263334489460987e-10+7.428509447651755e-10j),(-0.3671719455845418+0.0026100467780728054j),(0.00839048219915466-0.0012108456151240531j),(-0.00042549849062377247-6.687883875035172e-05j),(0.023142469321394413-0.006114777409476501j),(-0.0006235729687698423+0.0010704262374838026j),(6.2677082574597245e-06+1.3218828869467285e-05j),(1.8787383304770525e-07-3.5135033736769926e-07j),(-9.353988322476708e-08-1.0506781515021306e-08j),(0.024129861139615044+7.072318471037543e-05j),(0.004828249421582733-0.00020298616563504436j),(1.2336277002612733e-06+3.114369139922459e-07j),(6.862251184699893e-06+1.2819122885235628e-06j),(-6.845526005689735e-08-3.553220154302256e-08j),(0.4422254240426678+0j),(7.053171401297377e-07+2.455844646281571e-08j),(2.4794246123413838e-06-9.981473022925137e-08j),(-2.400550541843595e-08+5.3392962178864865e-08j),(9.6351782112848e-06+2.0113942024985394e-05j),(1.502223592388387e-06-8.586124564423036e-07j),(-1.5912636446049176e-06+9.228191400005165e-08j),(-1.197873600467112e-06+1.9849500188039774e-09j),(-1.4668084691436026e-05+5.0137018615744804e-06j),(-0.01144038227982855+0.0018079910942145378j),(-0.0007942327407413867-0.00014402157898273413j),(-4.3445824396720263e-05-7.958723492377407e-05j),(-0.35793560352529336+0.006909430582702172j),(-0.0015253560044345199-0.0008599148042853872j),(0.00035307353236639297-0.00014847509802508113j),(-0.00019324673416508688+0.00014025796672499392j),(3.8093135575618084e-05-9.60569158126518e-06j),(0.00042094263180884927-0.00026995800810690815j),(-0.0001243847195770813+0.00015871676169110883j),(9.077942194279747e-05-1.3566454284302222e-05j),(5.376727419016844e-06+9.17157887679679e-06j),(2.033642772066352e-05-9.069869381017642e-06j),(0.0004538685963753306+2.8081585364717965e-06j),(0.0030308265837881493-0.0013239042096924308j),(-0.0837226396831808-0.010693093189278198j),(-0.0034975613109897363+0.020689372099326548j),(0.0002138237890644616+0.0001578634340883816j),(0.006545583247154005+0.00833836674424439j),(-0.2012374489455411+0.005929064422886904j),(0.05714173846367971-0.019281186350440002j),(-0.0008516235665747495+0.0017042967816778257j),(-0.005576388811234897-0.0012798880142233778j),(-0.0029080389905330444-0.0004924834243762671j),(-0.0008111419016837765+0.0008989641964222255j),(-0.002274330543153301-0.002240406575258652j),(0.0720494166525708-0.020865970464986693j),(-0.022154044643748438-0.0009343629535004221j),(0.08214106105483653+0.04164356357982201j),(-0.05612390943381884+0.016380022738816898j),(0.26186532323755546-0.0022399137278351893j),(-0.11877835205478268+0.020044949004883628j),(0.010027353433020832-0.007801080187106545j),(-0.09046643719948068-0.0015155140270375067j),(0.012329103847526569+0.003720898063147686j),(0.16192019240793676-0.03968451314802897j),(-0.05278065481776479-0.07670673127255372j),(-1.7091960463455149e-15+3.889320815668002e-15j),(-0.0048912757927719284+0.007077702725712964j),(0.02672966182757952+0.0031529489339949743j),(-0.05989869722518401-0.05566243581640796j),(-0.004714590148607402+0.008884985200385241j),(-0.08945532667794699+0.011855437818846638j),(-0.008062240840311817-0.004994529339385323j),(0.05478467622973245-0.015678223911513273j),(-0.23850132498568707-0.03338850010378911j),(0.11585833695847643-0.031082461997882553j),(0.029807858599626924-0.03975935130671828j)
34,(-1.0810764357166615e-06-2.2374044983224582e-08j),(4.5752041380147666e-06+1.6544862610959858e-09j),(2.23249880922654e-22-2.7124981282404653e-22j),(8.0211655931379325e-22-3.659587730312708e-21j),(8.77657553927022e-22+2.206412359883353e-21j),(1.7303807369897559e-15-7.094953390269101e-17j),(2.9932243587068016e-06-6.691855229271024e-08j),(-8.68373329352208e-15+4.064278554182148e-16j),(-1.2232931119383285e-14+2.3507558291108803e-15j),(-1.2095854908895334e-12-4.357502920822492e-12j),(-1.5918490803057895e-12-8.754855799496852e-13j),(9.996190972361137e-13-5.985970805066005e-14j),(-2.1599483708685042e-11+1.1845730023302156e-12j),(0.0043106389888120525+5.521228955251089e-05j),(-5.252281898354687e-12+3.6256481829374726e-13j),(1.1277133897012953e-10-7.456526499506877e-12j),(-0.015676220669307992-0.00015379638961699263j),(-0.0014049860249934227-3.1245340348425444e-05j),(0.006218615683676364-3.983100572674692e-06j),(-7.14359453227767e-08-3.832746074532415e-08j),(-0.00267914450630267-0.0029698716821388712j),(1.9903668419480959e-07+2.0635465800681774e-08j),(-0.09246568670110698-0.0031957263850137946j),(7.431659854818151e-09-5.90537290649963e-09j),(-3.243335088641208e-10+1.747839182200439e-10j),(0.5808636650027328+0j),(0.011719994781484925-0.001999674028787566j),(-0.0002409534849086026+0.0002786924507427949j),(-0.030818374722578014+0.008450280259404478j),(0.0009023720491108595-0.0016781589989727785j),(8.448264415019874e-06+1.354824010979539e-05j),(2.466434930006751e-07-3.421736461048497e-07j),(2.0460156827370602e-08-2.4277514491822247e-08j),(0.023314834931324732-0.0002641951158837358j),(0.0046194501787100595-7.410988387265708e-05j),(7.005121199547688e-07+2.2487563220305145e-07j),(4.016496575378529e-06+9.467321887021238e-07j),(-6.367369642345172e-08-3.681250167398429e-08j),(0.4010346090658+0.0010871976275882433j),(-7.390709426398647e-07-8.848921884592788e-08j),(-4.924766562677536e-06-4.039352935457396e-07j),(6.994612306960834e-08-1.4371839769719899e-08j),(-3.735836616897381e-06+1.8993371284638328e-05j),(1.1496948627007425e-06-1.2989018583102137e-07j),(1.5119704752304275e-06-1.1678329503597545e-07j),(-6.996942734893881e-07+1.5025920218062018e-07j),(-6.255476325806527e-06+1.0400421794534144e-06j),(-0.003987160640538573+0.0006626509427261887j),(0.0004224298463870429-1.1928638855671081e-05j),(2.4163795553742524e-05-2.8762383217840836e-05j),(0.04917146591316628-0.009957117277375686j),(-0.00024219716541687037+0.00011139841619835304j),(6.678926573298312e-05-1.4813217993649223e-05j),(9.483011023434636e-05-4.4675646125875224e-05j),(-0.0003322527784062211+3.75595979850067e-05j),(-0.000572163355780438+0.0001278950449744558j),(-4.6643874031985155e-05-5.557459492950997e-05j),(0.0006902329148468447+8.862312224846269e-05j),(-0.0015482407211781578+0.00010179370259443302j),(0.00010920336683277827+3.390028154219643e-05j),(-0.0010243245935594423-0.00019893271532494167j),(0.005725103146855417-0.0037402032307345505j),(-0.28860357056536645+0.017109453809398018j),(0.013138729612310216+0.05979052680711946j),(0.0003296466698199375+0.0002659356561935869j),(0.002927380703584762-0.02184313654464682j),(0.3730425945884605+0.0015237100431146205j),(0.04085287238151717+0.015848882812528397j),(-0.0002097432829448007+0.000591553800600403j),(-0.0017945218333147543-0.0004098826677581659j),(0.006394268919341823+0.0012987641765974892j),(0.0018515570053637303-0.0020431750440819663j),(-0.008074938145170144-0.002227004669185061j),(-0.13610580528726463+0.028577470457151324j),(0.023133769063903166+0.015981594104205733j),(0.06764631545136167+0.025570292796347798j),(0.18048793843610195+0.017608148388563956j),(0.11454326118537642-0.026803085283309137j),(0.3085003894569672-0.00017809115480191262j),(-0.00017087992130194866-0.006785652739656834j),(-0.05210053644172639+0.016175321628923146j),(-0.017417032077347128-0.0047158210684319435j),(0.1272868381491642-0.07251551953353834j),(-0.10022205589744347-0.04698215009020869j),(-3.94528466400764e-16-2.5258778396606832e-17j),(-0.10335052539998121-0.0037746309749082524j),(0.028097483931413935-0.004847578009049724j),(-0.026463616078881914-0.016537381903191244j),(0.04169215776165809-0.0006293600153748878j),(-0.012674302193922996+0.00631577793719142j),(0.05638378094348421-0.023674168824326353j),(0.11315597162940284-0.026609829698767073j),(-0.14051215912175902-0.017632035869896347j),(-0.04493355362295287-0.005397569344248706j),(0.027896345489763656-0.04216103554714566j)
35,(-9.340261922867697e-10-1.34526175231133e-10j),(3.725347250702685e-10+4.615963984739611e-11j),(-2.209403163911621e-24-1.0826501894437326e-24j),(3.224058219577884e-25-2.6724517220589923e-25j),(-5.522109332882262e-26-1.512390788280876e-25j),(-2.0365241856124195e-18-9.275773183885913e-19j),(-4.804409079153455e-09+3.412963306175915e-10j),(4.1265193952079216e-18+5.999302479224122e-18j),(7.361803246558654e-18+1.2576221519057307e-17j),(-1.3465498380827715e-14-1.0795940829893632e-13j),(-2.7380098393159548e-15-2.6888442716259565e-15j),(5.273170103027003e-17-9.204200200244242e-18j),(-1.4867818633652856e-16-1.6508261610128316e-17j),(0.00010166305767891563+1.583343383163732e-05j),(4.093051266709954e-17+1.965835938219701e-16j),(1.3273060298767823e-16+5.3902736901633237e-17j),(-3.515464397520959e-05-5.11459729016352e-06j),(5.245281941494713e-08+1.2503269424274514e-08j),(-1.3764365007963052e-08-3.2722044584782283e-09j),(2.3619528213519163e-12+2.0142221212529787e-12j),(0.00021885560234526487+9.694529761201683e-05j),(-4.2277813245732425e-13-1.505447256813807e-13j),(-1.300715415279239e-06+1.5873415096162958e-08j),(-1.868771216739769e-13+1.5531125787110597e-14j),(7.943585806553718e-15-8.115677050220626e-16j),(9.43516839780624e-06-1.8848226999027665e-06j),(-0.0006111122591457344-0.0001583820256192909j),(-4.102725107992016e-08-1.437209541207614e-09j),(0.0001197968410850967+2.18840476786653e-05j),(2.839109729730704e-08-2.8299470725552473e-08j),(4.54545208244728e-10-1.9468869909017327e-10j),(1.2557283000265502e-08+2.5971231245274777e-08j),(-3.850840677729894e-09-1.4695094798116247e-09j),(-0.0010996822176323395+0.00016376278930332606j),(-4.823839127699137e-07+1.581905746568706e-06j),(-2.995449889447353e-10-3.731746109809568e-10j),(-1.5736979033214668e-09-3.408757639362768e-09j),(1.9176666042980964e-11-2.0294273662453203e-11j),(0.00012964499059025755+6.256901544687261e-06j),(4.091062267792319e-11-1.3401690764555736e-11j),(2.390979459835758e-10+1.1592704135555909e-10j),(4.777666266750013e-08+6.5866015939831975e-09j),(-1.3770735597798526e-08+4.144998539323778e-09j),(-2.640245548576573e-10+5.017624222719301e-10j),(-4.612111122355255e-12-4.498199716511222e-11j),(-4.315452580498355e-10+3.6070388444890533e-10j),(-1.4103516771050439e-08+1.6597851332827114e-08j),(-0.03169602302325006-0.00027303224880626843j),(4.389853807452311e-06-2.913513330002381e-06j),(1.617626031826652e-07+8.988697526511701e-07j),(0.0016928548004019463-0.0002474580423787337j),(1.3294076463687868e-05+1.7018681084665022e-06j),(0.0002745268742518652-6.10805422164854e-05j),(-8.944961291039588e-07-2.9826797392018434e-07j),(0.0001064661062250076+5.860598963265955e-05j),(1.2002342569094835e-05+6.214724110182263e-08j),(-1.6579831760996117e-06+6.072250137868465e-07j),(-0.00031011663151369055+1.463096624007321e-06j),(2.2016556868384176e-05-1.997521118495973e-06j),(-1.0353497710340182e-05-1.6525552003999484e-06j),(-7.333480376080379e-06+6.45049786634348e-06j),(-0.0010045622896631165+0.0007561445093487724j),(0.005390476244323303+0.16059839665622389j),(0.7260668945775114+0j),(-1.9551696092933594e-06+5.66606499889825e-06j),(-0.00042040269946269485+0.0036932562036594858j),(-0.012716293773394418+0.010230991545533955j),(-0.0073733761662305875+0.0014201756666685566j),(-0.00014606796317667215+0.00015312559980098963j),(0.000910109149122347+0.0003545915551435567j),(-0.0001791931807648597-6.425454931602902e-05j),(3.6464109262813974e-05-2.1710386210059187e-05j),(-0.0008932603437247386-0.000678270665568787j),(-0.0032651216376712857+0.0007719972769540284j),(-0.0015700940352595069+0.000593674130553839j),(0.3712024601417419+0.003406837917635658j),(-0.003022448234878071+0.0014081467672285954j),(-0.17085052839533305-0.012761436683331672j),(-0.04257674293775847-0.0035302296221839807j),(0.46018165933960825+0.0015879262630855984j),(0.0681495194728589+0.009173088270787659j),(0.0008025392879717344+0.0005763917947291618j),(0.0034043821404537216+0.0013165055959084883j),(0.003454201506986222-0.0006187262014186615j),(-2.8651283488911774e-16-9.717679831433778e-16j),(-0.013145771043542871+0.0006461910876870013j),(0.23017934656369615+0.003733781310058089j),(-0.0037042602826062687-0.0009742821847566847j),(-0.015286394794534263+0.000292607651422124j),(0.05269566769122706-0.013087275092508356j),(-0.0017453857338768758-0.005810115441054406j),(0.01800134413179457+0.006025536835725047j),(0.0007343912885993801-0.0016959024157270494j),(0.02788781666737394+5.860145399206587e-05j),(0.005515092978603986-0.001997197078061827j)
36,(1.9821970512978497e-13+4.3152272569628475e-14j),(-9.36507131958643e-14-1.9497267048846064e-14j),(1.2763314215642396e-27+9.722911170587441e-28j),(-1.4537063821216935e-28+1.1766623428931367e-29j),(-1.8445110150973545e-29-2.8873157394437577e-29j),(1.6273211395577108e-19+1.702147559428257e-21j),(2.640528976183837e-12-2.828014486742864e-13j),(1.4613001418158018e-18+1.593526730068456e-18j),(9.280977706040484e-18+1.7395343960644193e-17j),(-8.643755228389067e-18+8.540404145171823e-16j),(1.8505937622256593e-17+2.3839887903100978e-17j),(9.122565652145962e-19+3.1840066334964976e-17j),(1.2206595768638416e-17+9.38027315729102e-18j),(-8.239246813105821e-07-1.9228832504881617e-07j),(-1.732539211650072e-16-1.859709618873901e-17j),(2.5061190646794634e-16+8.467558894340494e-18j),(3.374910826533389e-07+8.030488573799083e-08j),(-5.814866353565957e-10-1.836784288906087e-10j),(1.80770717719993e-10+5.917908498638002e-11j),(-2.5026610123577377e-14-2.4588804038403516e-14j),(-3.5907428467703227e-06-1.816708944721912e-06j),(5.5354731019567366e-15+2.5598934156959465e-15j),(2.297177226086848e-08+1.3521639907504387e-09j),(2.7278223801687218e-15-3.33976485756065e-16j),(-1.4944289039874463e-16+6.629095172113677e-17j),(-2.0197828333798947e-07+2.317903607186005e-08j),(1.4588420999446784e-05+5.755981790832614e-06j),(8.71411392857216e-10+1.448601923506108e-10j),(-3.006829235291808e-06-9.481700697343221e-07j),(-6.885964473704874e-10+5.27105030838107e-10j),(-1.046336747644031e-11+2.9630578186749025e-12j),(-3.1825204624460803e-10-8.652506565136558e-10j),(1.402727687929867e-10+7.127529071226723e-11j),(3.478812489124155e-05-3.684697099896836e-06j),(1.2510127448671365e-08-4.736158032798456e-08j),(7.335801154074046e-12+1.0637014349114705e-11j),(4.097456186515034e-11+1.0854863180000006e-10j),(-5.53104138994644e-13+6.385225553789048e-13j),(-5.913401802476099e-06-7.527423155810975e-08j),(-1.3508936998550338e-12+3.195410409779561e-13j),(-8.476183534391039e-12-5.020147778298641e-12j),(-3.7334943015091975e-09-3.3062926363660685e-10j),(6.826407513445294e-10-1.9062080784858558e-10j),(1.572357994821475e-11-2.5246701828705548e-11j),(4.941088569634923e-14+2.852787292696682e-12j),(2.984006166024913e-11-2.6860703019452907e-11j),(1.1500018486857981e-09-1.493111361207008e-09j),(0.003882455317747633+5.88329903153655e-05j),(-6.01893834878801e-07+3.2454406619965953e-07j),(-3.221603615406258e-08-1.3635794953488006e-07j),(-0.00029542086329659655+4.023594528994773e-05j),(-2.1805584638144346e-06-3.97193358281637e-07j),(-6.320141442559281e-05+1.2498831556936358e-05j),(1.800117138169884e-07+7.094160565364361e-08j),(-3.089921201831213e-05-2.2270057347042346e-05j),(-2.849155266164257e-06-2.0201268476340447e-07j),(4.0157380504873817e-07-1.1815037657588077e-07j),(0.00011940326705509246+1.6435735511049263e-05j),(-6.344391845068209e-06+4.105371443719938e-08j),(3.8369274980182985e-06+9.396066630404899e-07j),(2.9304124407375787e-06-2.3632563531563024e-06j),(0.0005783624668128972-0.00045850683145080764j),(0.015975311510433368-0.142638624234232j),(-0.6491834309932276-0.0007558912343379812j),(-1.3898689771690077e-06+3.0771686047300966e-06j),(0.00016172653298609455-0.004384614316790981j),(0.01875271646243778-0.01006914931534927j),(0.010554525133113508+0.00046407430374194726j),(-0.000133838587604301-0.0002056224938833572j),(0.0006053511882168485+0.0002725617302741926j),(-0.00011509419838614732-4.846511710772116e-05j),(1.6071188456031666e-05+4.387552088705851e-05j),(0.001424942081787417+0.000763137880359047j),(0.00790787271809052+0.0005912644446429547j),(0.0083665829590028+0.00039363835695643205j),(0.37473062494606857+0j),(0.02437259048334831-0.0015392112944685428j),(-0.17576908364418947-0.0104835725625567j),(-0.044264014554333736-0.002824343866178535j),(0.531207422743501+0j),(0.08666706712944643+0.012017199954948009j),(0.010191887745086971-0.001787066133072397j),(0.021485158673105943+0.007401080587776161j),(0.02048417375881445-0.011884312594451356j),(-1.3717633285447625e-15-1.5487827342394815e-15j),(-0.02011613830495255+0.0018505179666183924j),(0.2735896843154217+0.003176813160492342j),(-0.014428595985145048-0.001418067617054479j),(-0.027987321427428095+0.0029428415507673743j),(0.07232454690849631-0.018267555308456425j),(-0.002949744222726313-0.009594906243768419j),(0.04943338364742008+0.008616696366449413j),(0.0021326223984611645-0.005047603509577957j),(0.05657693485333658-0.00407945371678827j),(0.014610684155500275-0.006828109492731392j)
37,(3.3248923078903613e-09+2.577061240904528e-10j),(3.456258056092534e-09+2.270537866295044e-10j),(9.124310371522558e-24+3.651761627420697e-24j),(1.3917336746220475e-24-2.142302869757347e-24j),(7.922574889727414e-26+8.73414322046236e-25j),(-5.31199461845529e-18-4.480595497725761e-19j),(-8.089881242212845e-09+2.807029039483121e-10j),(-1.7500117451892706e-17-1.9733714543170907e-17j),(2.4902280649565804e-17-3.364673726488167e-17j),(9.069463064202292e-14+4.977858144477606e-13j),(-3.875640755327427e-14-2.5461580224527594e-14j),(-8.016530056552324e-14-4.511947358922278e-17j),(1.7831107732574739e-12+1.1051531944898775e-14j),(-0.00048101851338274587-3.988064585019001e-05j),(-1.0321244005615391e-13+3.284888727663263e-16j),(2.243349446086557e-12-2.122840985881164e-15j),(-0.0005288351424725964-5.293351818575455e-05j),(0.00026623811806731593+2.3158953803426666e-05j),(0.00028688550675097047+2.3717319427257245e-05j),(1.3117954494542834e-08+8.147839537504782e-09j),(3.370331704375197e-05+0.0005235626120857011j),(9.127239172470162e-09+1.715147048565169e-09j),(0.042646734810538815+0.0039488648305133454j),(-4.955619685191754e-10+1.229067723798512e-09j),(2.6310829401880115e-11-5.032327753145469e-11j),(0.037892934532632254+0.003121544047562326j),(-0.0010464038557511436+1.01637114333636e-05j),(4.349109064020072e-05+1.3261746473568189e-05j),(-0.0030689373885692357+0.00037427110657464974j),(8.151205065048682e-05-0.00010322219776531563j),(-4.7259180598159176e-07-1.5089390169884986e-06j),(-3.679579620136566e-08+5.367644813974336e-08j),(1.8317326617826063e-08+4.352712160901688e-09j),(-0.0038699901321832928-0.00019389175557880597j),(-0.000722575424993853+6.130482654167411e-05j),(-1.6310220291558498e-07-5.535499135632548e-08j),(-1.0600950198029132e-06-2.8719897006668076e-07j),(1.0774543873568209e-08+4.939768105959886e-09j),(-0.10885415090790779+0.004692691449033302j),(-1.1550134083316261e-07-1.5037660143751043e-08j),(-4.793138946451673e-07-2.640986602388756e-08j),(9.861565772873563e-09-2.6694238749499648e-08j),(-2.4805396949761157e-06-5.5066766692280705e-06j),(-4.591143954275332e-07+2.1107272633309257e-07j),(5.861332047979286e-07+2.9514021350384157e-08j),(5.182600130388255e-07-2.7020841636874894e-08j),(8.073677574991917e-06-3.4167067171661997e-06j),(0.011249884608632117-0.0016792511356464785j),(0.0008232690268194221+0.0002958161616063777j),(8.028211624226623e-05+0.00011189713023607703j),(0.7404031579860684+0j),(0.0025448450520125414+0.0018763514224964266j),(-0.0020222278612559165+0.0006014089710685314j),(0.0007282099964406347-0.0003454175842813647j),(0.00017442958944582885-0.00028668678963713863j),(-0.003191807774126304+0.0006009420302425482j),(0.0011054263112647445-0.00065183475723224j),(0.00034818564241149866-0.00018333286415264568j),(0.00016118055260379679-4.49251968962122e-05j),(8.763192431979417e-05-6.545008557251701e-05j),(0.002137093896823055-0.00020416265481471377j),(0.007551263668622378-0.0030261914678680296j),(-0.15635589926410776-0.010395177275115602j),(-0.006733252385582666+0.03861642964437851j),(0.0001778022598896227+0.00014064356286198275j),(0.010572997086919212+0.01430632719066325j),(-0.3257267337615504+0.02444988958351782j),(0.08890700199239882-0.035338219699480734j),(-0.0016358668668948885+0.0018917529765892214j),(-0.0050199158319486755-0.0012469946483919733j),(-0.002592736786700847-0.0004900339444079883j),(-0.0013178609665147872+0.0008531926684376132j),(-0.003446548114090878-0.0036996300752977726j),(0.10274356714077362-0.03383642082745564j),(-0.02989591064258812-0.0006753123740073936j),(0.08206691696691204+0.04171368396164054j),(-0.07420974855168706+0.0225072259912895j),(0.2627926264637274-0.0022915395701240105j),(-0.11943904285618429+0.020278509975633123j),(0.010325619208441533-0.007992493671893681j),(-0.09469823049623668-0.001957208744424538j),(0.015543033004917427+0.004436462913743831j),(0.1982124654331759-0.04813486478060254j),(-0.06588511064970434-0.09373479326473004j),(-1.0428092326173283e-15+4.147092342474957e-15j),(-0.005259715130447506+0.0076651212920745716j),(0.027620922248102146+0.0033215971100087434j),(-0.07183977213408298-0.06577875647772834j),(-0.0051518526169510755+0.009899153356705277j),(-0.09495063496613027+0.012336617343427924j),(-0.008796163730258148-0.005478387185526305j),(0.06317227176995963-0.018828389621607666j),(-0.27841557398430805-0.03976763404291564j),(0.1299717636858092-0.03564886269438905j),(0.034365267437962005-0.04629988541751373j)
38,(-2.565047841974971e-08-1.6526379158981636e-11j),(7.24444110945332e-09-2.934661288312105e-10j),(-6.754016565366406e-23-2.0276427193905473e-23j),(4.804861659456684e-24+4.446336688803799e-24j),(3.680262675112997e-24+6.564433231017082e-24j),(1.158148019710482e-12-6.634051379062086e-14j),(-2.0198198811222032e-08+1.5613361097059958e-10j),(-3.8737253983861917e-13+3.4021702865446904e-14j),(2.283840065602142e-12-3.759573411824609e-13j),(-1.1150703567656696e-12-4.680028013420823e-12j),(-7.758854945789352e-14-6.452424806044576e-14j),(2.2896095218015352e-11-1.8256920640762404e-12j),(-4.767320008616789e-10+3.562082493922384e-11j),(0.004700517096548579+2.4155121109650617e-05j),(-8.377947135243135e-12+8.451082267590967e-13j),(1.7985046261841553e-10-1.731376221778854e-11j),(-0.0009407714648909463+5.7284369707927307e-05j),(-0.012742658329960375-2.565388239255794e-06j),(0.003592878369203618-0.00015729354103503337j),(-6.541229817623054e-07-3.3328000895942994e-07j),(0.005831582610729147-0.0032148548932412835j),(1.152344882174624e-07+7.046856988309391e-09j),(-0.5082331622652496-7.215623210626854e-05j),(2.391998096683292e-08-2.6141511066550882e-08j),(-1.1979182506819997e-09+1.0467281778204233e-09j),(0.21535388555672416-0.002482261706751171j),(0.032038996709119076-0.004852685228949941j),(-0.00033637132131209566+0.00022441337948222962j),(-0.01109995506312017+0.0031052794100734837j),(0.00023961481761578435-0.0006123140459726688j),(-2.0358126003587973e-05-3.9091184161877685e-05j),(-8.733644038743862e-07+2.0379182153444144e-07j),(1.438141069786499e-07+1.52358443348291e-08j),(-0.018622299901181912-0.002594539376975071j),(-0.010333271172794829+3.015773249143757e-05j),(4.175563194679143e-07+1.5996181549036236e-07j),(-9.345642679464581e-08+1.2847807800928572e-07j),(1.1119373598446329e-07+7.635894863964967e-08j),(-0.4268331456804567-0.009952430360712056j),(-1.2621691937219916e-07-3.571242752059767e-08j),(-2.4566618470553575e-07+1.1136013896729272e-08j),(-9.863196409141981e-08-5.3642081152788704e-08j),(1.1409857858500333e-05-1.7661956420244844e-05j),(-8.860937879255767e-07-1.234660543604797e-07j),(3.8087997112735346e-08+3.444902831348836e-08j),(7.686939842796793e-07-1.6982811344299113e-07j),(8.814293144764472e-06-3.6918975329593323e-06j),(0.015672259744053427-0.002069442413612399j),(6.18535196986194e-05+2.041730550706405e-05j),(-3.470548875563207e-06+4.251721080581734e-05j),(-0.006300315211534126-0.0007293476037076654j),(0.0004885580927403929-8.167635601315828e-05j),(0.0005233944002278204-0.00013122528154340657j),(-0.00019128731612513486+4.523862621233017e-05j),(0.00021609984042697409+0.0001206225269756865j),(0.0013065347468742326-0.0001357229178054463j),(-0.0002796845377931351+0.00016179396280493254j),(-0.0008780081954396668+6.962470570003767e-05j),(0.0011179282428926468-0.00014732341319798184j),(-0.00040021966591757585-2.7807706354016293e-05j),(-0.0005091189181718672+0.0002546424116717587j),(-0.013837863797175848+0.00675241843591046j),(0.4493309018984707+0j),(0.00291449391803852-0.10013826860946244j),(0.00012777467078691932+0.00020180569572193104j),(-0.015362312322452366+0.0014385500784373098j),(0.10185809700271378-0.00044190555335060083j),(-0.16540610874330178+0.0276113541160683j),(0.001305612617056335-0.003725601531831663j),(0.008887090858344748+0.0018158477676726546j),(-0.0019089675663681155-0.00036190479368785743j),(-0.0003663906191408869+0.0005544475535773394j),(0.0057993250333638995+0.00744490393773464j),(-0.021239348765247426+0.02550509840022239j),(0.05773333907782598+0.011777255129954615j),(0.23420965980728978+0.044477228840777136j),(0.1931586569906724+0.015323718464694734j),(-0.07793407340775273-0.03343112669200825j),(-0.01794847047656794-0.008375493904795427j),(-0.19514153084273383+0.026443749460352835j),(-0.07870813593552498+0.014226225710055083j),(0.029378595201939174-0.0031836870229792107j),(0.18811376276044608-0.04880988194099992j),(-0.03225624529608476-0.07575557586488094j),(2.3707842257218577e-15-3.703586793752329e-15j),(-0.07552331211236595+0.0011298973470602741j),(-0.04559848045398918+0.007686808845932104j),(-0.013201087317803974-0.049539996777660876j),(-0.12131000538475686+0.001977527881963828j),(-0.016685574130742335+0.007376632172224668j),(0.040437887872300265-0.02758651754839109j),(-0.03705153703738508-0.010924934994740062j),(-0.17583832548192566-0.01823072898875914j),(0.023542410370648185-0.0035556683410886743j),(0.017849815614196705-0.015652560079483086j)
39,(2.0240536948298578e-08+1.2529886506237126e-10j),(1.7709268697505443e-08-2.8809897323293164e-10j),(6.27363372652414e-23+1.5541178188368143e-23j),(8.581380542676808e-24-1.1281600187042728e-23j),(7.595918170062155e-25+3.483218495345117e-24j),(-9.138755352365432e-13+4.7220541409185935e-14j),(-1.8810444983182787e-08-1.5274963415782523e-10j),(-9.525956545929193e-13+6.060893788724642e-14j),(2.2408167652649924e-12-3.7871059655751143e-13j),(8.841645346145793e-13+3.677961479567892e-12j),(-2.4561879675116805e-13-1.329706728188926e-13j),(-1.8023994695374666e-11+1.3379482484719698e-12j),(3.7507200075539927e-10-2.5928462330145398e-11j),(-0.0036610059704810308-4.007488782086866e-05j),(-1.9401936162461114e-11+1.7340427576836921e-12j),(3.955692071637663e-10-3.453038322662534e-11j),(-0.003377037568514269-5.955765532687676e-05j),(0.010181318472852302+6.633048440013792e-05j),(0.008927917630795243-0.00012633774404577792j),(5.21052801142459e-07+2.695756788835982e-07j),(-0.002524588514619027+0.003978024050529672j),(2.844326656609728e-07+2.59890486200882e-08j),(0.44703999121836235+0.004362334279199048j),(-1.513511940937516e-08+2.2019759756084506e-08j),(8.07819255944555e-10-9.806213545522645e-10j),(0.3209478060146891-0.005585837400102628j),(-0.018595772881854412+0.0015558459323527576j),(0.00020125442420020946+4.2685744894931465e-05j),(-0.03405811070798836+0.005221266230879679j),(0.00038741108796378496-0.0009436606229930807j),(-2.298422781901293e-05-3.5388833591543374e-05j),(4.2821792097810815e-07+1.2286615862810977e-07j),(3.6112018889385935e-07+2.4999710667449316e-08j),(-0.006537009163349346-0.0009676157862500915j),(-0.009178838171829653+0.0001280382652762142j),(-2.037876034445075e-07+5.6033459118894905e-09j),(-6.627907545693373e-07+1.5760301748844763e-07j),(1.005993998547469e-07+7.045338876054789e-08j),(-0.3211282106006582-0.005547502118835673j),(-1.0251048203644256e-07-1.6666208205162396e-08j),(-1.1114334244848584e-07-4.471411268079349e-08j),(-3.685288952409246e-07+7.768379599896675e-08j),(4.781748857953984e-05-1.900016585473871e-05j),(1.1846678515072351e-06-2.462697372450848e-06j),(-1.4062524234409009e-06+2.3496374828524837e-07j),(-1.0856022289393194e-06+7.718936123665233e-08j),(-1.41036326953139e-05+5.947686150322249e-06j),(-0.01880835122987923+0.002814636379037722j),(-0.0009792214316993086-0.00021728182683529397j),(-6.600547788929781e-05-0.00010828051051654026j),(-0.5539720206991644+0.00760144050768885j),(-0.002199106118517663-0.0013502909942369455j),(0.00058534846642629-0.0002460440376807926j),(-0.0003785441926564306+0.00022927653926458068j),(4.422992983340798e-05+9.268061990566031e-06j),(0.0012009426030615323-0.0004173374366754728j),(-0.00039836962229770304+0.0003192127281148684j),(8.11779547869187e-05-3.532944605416489e-06j),(-4.5299879436397696e-05+2.1961992358255643e-05j),(2.8579139735445188e-05+4.2258789950052505e-06j),(4.795618954634932e-05+2.7690473685298353e-05j),(0.002243822888934603-0.0011039059049970821j),(-0.07609823572982496-0.010889341750307605j),(-0.003281148357154429+0.01885520503131806j),(0.00025606390373453144+0.00018147829479601957j),(0.0059382574702061715+0.008162508048872533j),(-0.19013069117648768+0.004457385205583659j),(0.05155994536734557-0.01807895135319059j),(-0.0005875205299802281+0.0018432556902184566j),(-0.00601884062670244-0.0013408505519304165j),(-0.0031787314176344524-0.0005185846470418724j),(-0.0006610234360550703+0.0010213797074007758j),(-0.002052085769250134-0.0020951780309700083j),(0.06183702033910163-0.01972949858224568j),(-0.024125441915211418-0.0014225360978870638j),(0.08158800428986768+0.041527846401532675j),(-0.06694761740273875+0.01744888525724729j),(0.2608968955987745-0.0023545948773165443j),(-0.11812236189453244+0.019977703822876447j),(0.005498174769416489-0.008158691872020282j),(-0.09108377561108756+0.00012646576615196747j),(0.011414941968080827+0.004332169531936654j),(0.16860888521118728-0.03951697946660328j),(-0.0516649998807155-0.08019175919608446j),(-2.681089095907857e-15+3.790828614151672e-15j),(-0.0013980332818513482+0.005636076115854965j),(0.033910809742863576+0.0028877041822882683j),(-0.05775577332539519-0.05765242231602833j),(-0.004695667465837584+0.008952792678307946j),(-0.07875576337203602+0.011224058276285533j),(-0.0056712153295837234-0.004857586169379012j),(0.0556914575958507-0.016826087334122365j),(-0.24327757969715377-0.03464657377052244j),(0.11339279597187475-0.03103980253504174j),(0.030282151387590515-0.04070665973388229j)
40,(6.40255370992202e-09+1.3392407176404747e-10j),(-2.707702354817268e-08-1.4630483070198766e-11j),(1.2779408392380692e-23+6.150115068186836e-24j),(-2.056529380301029e-23+2.1468435567671044e-23j),(-6.748036472100866e-24-1.494614322949582e-23j),(-2.896833744032036e-13+1.0734010064759806e-14j),(-1.746305939217982e-08+2.945618300189726e-10j),(1.4563105189448709e-12-6.785083638387949e-14j),(2.0651394271687746e-12-3.9701217420641753e-13j),(2.356195227986086e-13+1.204992674112837e-12j),(3.410650733845516e-13+2.179129855966605e-13j),(-5.775623112017938e-12+3.4560358224165496e-13j),(1.2048752483041125e-10-6.641508958109591e-12j),(-0.0012344621737447469-2.5068636450044683e-05j),(3.01803190002768e-11-2.0864073461884744e-12j),(-6.252212096571009e-10+4.149336860163833e-11j),(0.0045857915520847135+8.188191825167393e-05j),(0.0030928836668600336+6.643915884880526e-05j),(-0.013523782660648433+3.373852253577697e-06j),(1.569631999107437e-07+8.428783781379348e-08j),(-0.0006025812869943466+0.0013044437593523878j),(-4.30650129058453e-07-4.532926865785644e-08j),(0.09061122907080095+0.00315194850685601j),(-1.581969801767342e-08+7.651445216899399e-09j),(6.827892312667797e-10-1.8924863324026694e-10j),(-0.5676841351133026-0.00028606977657455457j),(-0.017057153813287082+0.0019741793477976843j),(0.00017704829256468132-0.0002769382719515573j),(0.047622268488983-0.008052339407566361j),(-0.0006733863602502698+0.0016430434541417098j),(-2.607177405550554e-05-3.6157641415815934e-05j),(-3.6268847411826035e-08+1.3067755853082685e-07j),(-4.561199620877872e-07+2.783319192510523e-09j),(-0.0104382284386395-0.0009285244099598352j),(-0.009499717182362939+0.00019259635308334312j),(-3.7185455610806996e-07-9.550200231339865e-08j),(-2.015610611705367e-06-2.971602011520988e-07j),(1.0899680708443287e-07+7.330555221512199e-08j),(-0.39438047966861-0.0008947158052839965j),(1.7958054519525254e-07+1.0040725437740022e-08j),(4.447062876880404e-07+3.5510847281065444e-08j),(-1.319875677750208e-07-2.424194201494879e-08j),(3.5320992676215066e-05-2.253928441602515e-05j),(4.550117056890758e-07-1.7571439621761133e-06j),(1.9184111138613885e-07+1.5562403694025863e-07j),(-4.325092048584914e-07+1.3443187300092082e-07j),(-4.470732636681798e-06+1.7936845095909517e-06j),(-0.008040883211365275+0.0015567420807239773j),(0.0002015256755114143-1.1488095526995083e-05j),(8.777127134223323e-06-3.1393612766816294e-05j),(-0.014195231523356694+0.0012165560904020974j),(-0.00041265358249728675-3.4471818096703285e-06j),(0.00021767408935817082-8.729759339426595e-05j),(4.366227593927389e-05-8.064933196080495e-06j),(-0.0003864833370947037+6.196057733659869e-05j),(-0.00034868807637845553+4.691357099744002e-05j),(-8.58111928682785e-05-2.7462125419630135e-06j),(0.0007646575550789525+0.00010827414728415299j),(-0.0013907617021746308+0.00010237253639035221j),(0.00012000407488023402+3.323242683810901e-05j),(-0.0010201221098604047-0.0001588847391986106j),(0.005601392137185159-0.0037260135381455076j),(-0.2940333031973887+0.01711121293470963j),(0.013449244441509241+0.06079422360071239j),(0.0003755446376579356+0.0002932400523415014j),(0.0029550573461166203-0.022670906182799395j),(0.38874059253199017+0j),(0.03852540063538013+0.01741951236030564j),(-0.0001434027476687727+0.0006452395072901473j),(-0.0019148881995544773-0.00042225537157416864j),(0.0068279734931757955+0.0013604678486817522j),(0.0018105100609887425-0.0022666048008354554j),(-0.008241188275902341-0.002171100951928212j),(-0.13678866229486053+0.02998427168948662j),(0.023122430369906813+0.016466928585586377j),(0.06714309526498403+0.02550532784448522j),(0.18671591939597842+0.01713101229653343j),(0.11416742323163573-0.026751656420270675j),(0.30655387588065874-0.00022858712437548445j),(-0.003547373396061229-0.00676415305672764j),(-0.05097208993943602+0.01772586568753408j),(-0.02176328775863127-0.004680068133032625j),(0.12712922627223613-0.07625353254490727j),(-0.10988544029999442-0.04496361185485545j),(-7.025432911117114e-16+5.596610147430076e-16j),(-0.11366983584711246-0.0037653941202055244j),(0.032752045397842953-0.005586671984943612j),(-0.01911688043031928-0.014813424159888155j),(0.0497819721256212-0.0014298734803390653j),(-0.007648115519872534+0.004505155267816448j),(0.059954962583441435-0.026525538711955628j),(0.11113999460079137-0.027262180623165728j),(-0.14209000212210376-0.0188656529038079j),(-0.03518433103090484-0.005756234314146803j),(0.027959528936989445-0.042259068995196186j)
41,(6.265769449067598e-12+5.1407718046058975e-15j),(-1.7686946562040756e-12+7.141788101457927e-14j),(4.796584903204347e-26+2.158451769034551e-26j),(-3.1019429379847882e-27+1.3711120388912222e-27j),(-3.169250874286036e-27-3.1569258930093702e-27j),(-4.721831796198009e-09+2.7124590433926873e-10j),(5.1336120619881714e-12-1.6704197020462062e-13j),(1.5802739730052252e-09-1.3899314221479055e-10j),(-9.358345223436213e-09+1.5554373671236147e-09j),(5.852059584760231e-15+8.955242860268533e-14j),(7.565548937612883e-16+9.155060808479946e-16j),(-3.1352354218455726e-09+2.48964017078856e-10j),(6.289240506449067e-08-4.690270750721792e-09j),(-0.00010150107446016045-1.4379140721265226e-06j),(1.139300253752989e-09-1.1679028683906253e-10j),(-2.339704570372331e-08+2.311217810571618e-09j),(1.1647440349535406e-05-3.6666322177101936e-06j),(0.5445851381594748+0j),(-0.15878964100982507+0.00612643167444013j),(2.7866169005566724e-05+1.4248787715771327e-05j),(4.3034425881300876e-05-4.3438257410071916e-05j),(-5.049630301847797e-06-3.439712327384224e-07j),(-0.0039127997215883-4.896203181208969e-05j),(-6.024475472444858e-07+1.8554965461740886e-07j),(3.219368248281746e-08-7.87480932067878e-09j),(0.0012692515471393441-8.307700165250016e-05j),(-6.094667599572957e-05-1.4225355191104454e-05j),(-0.008981794403374639+8.807524144845277e-05j),(-1.9339941981391468e-05+1.833736614770416e-05j),(0.0025349874060215565-0.000221496448196905j),(0.0024980573607589008+0.0023642054433456842j),(8.237467205101153e-09+9.52734868577624e-09j),(-2.4688943612806873e-10-3.1987912309489155e-11j),(-0.00048433938687121754+0.0005921563498072976j),(0.425618290976454+0j),(3.6321025918258005e-05+6.7239997055333855e-06j),(0.00022632244476990409+1.998677423203035e-05j),(-4.836388824654083e-06-3.1857071658383385e-06j),(-0.0029630733932754327-0.0001246608423051208j),(-2.6243380916258343e-06-1.8872058792241424e-06j),(-6.857171381062566e-05-1.0914947280010173e-05j),(-2.545990893175566e-09+2.4635750802129145e-09j),(0.0017308441151111615-1.9764103844414698e-05j),(7.611181850331286e-05-8.913899625283889e-05j),(-1.0967703481204992e-05+5.002090520609904e-06j),(-2.7356062174047544e-05+3.263574870286928e-07j),(-0.00022176198867359864+5.131084088073196e-05j),(-0.0010801646137796402+0.00025768239867484565j),(-0.001122451101873006-0.00020496293943099973j),(9.360801951768905e-05-0.000475875420765686j),(-0.012869236808937496+0.0018624691739161782j),(-0.005240081689507978+0.0005004802909762119j),(-2.2623073354582825e-05+1.3291261582329865e-06j),(0.0015570559432389328-0.00029028805403113014j),(-3.493653820295257e-05-1.2381221301764037e-05j),(-0.008310975065171887+0.0007689847272842879j),(0.0017437333906175582-0.0010187444650354629j),(0.00016355765509652715-7.305430928369593e-07j),(-0.0055539003785032535+0.0007557366895105178j),(0.0023247225166556284+0.00016717420757484552j),(0.0016816395011428472-0.0008569895492820886j),(0.031190958815291932-0.004891424423896986j),(-0.17915455670090166-0.000646236335030928j),(0.004994329475535406+0.03907862717961004j),(0.0012779663047640267+0.0010466414987508228j),(0.007280603098771642-0.0031868246762621288j),(-0.04602965100133489-0.00411537653415917j),(0.10179159171705744-0.009351187617059616j),(-0.0063626741845495445-0.006704355018609785j),(0.024946453470516952+0.0038208405164012254j),(-0.005976754698292089-0.0008499238367345492j),(0.0012232441233804596+0.0018665176863249151j),(0.018231612545901044-0.0037165697497673475j),(0.05239211068856076-0.009520505418829189j),(0.05019182730733425-0.009398139083282948j),(0.17626657012298608+0.03640292176712029j),(0.047788732921721616-0.03502043595047891j),(-0.04592659253960371-0.027751460705166944j),(-0.01343689212965323-0.00544445625497298j),(-0.2581700049994821+0.015203008650586741j),(-0.01885282288629502+0.04838364385876673j),(0.06992678041886793-0.012544480939566569j),(-0.06117120709415804+0.13374036192504501j),(0.27434694715733765+0j),(-2.0838164480833633e-15-3.6568941680071735e-15j),(-0.1693800499649045+0.005035130993698067j),(0.08316954757631273-0.010224260730253995j),(0.002161875443140302+0.014842930217606753j),(-0.31816319132277604+0.015839539003927594j),(0.1482237514387957-0.035272503599455426j),(0.04716822749831708-0.07003243522897193j),(0.10271197169911535+0.05860646365907135j),(0.1479260866849131-0.014853348943091281j),(0.20468628316962803-0.004105264787898459j),(0.05712839866862125+0.012065450503313618j)
42,(-4.943880318474831e-12-3.1535043164891543e-14j),(-4.320965734937554e-12+6.95505124871647e-14j),(-4.111496845975613e-26-1.8190256167596673e-26j),(-8.374793196466966e-27+5.8163463211053595e-28j),(-5.3203296943326885e-28-3.0292226235256905e-27j),(3.726080208241994e-09-1.930982418340138e-10j),(4.429061180019111e-12+1.2811239960900085e-13j),(3.886233332559866e-09-2.479683045548688e-10j),(-9.172239595309005e-09+1.560391988429013e-09j),(-4.505867414675886e-15-7.046839193084103e-14j),(3.0145540902308456e-15+1.9745186014204508e-15j),(2.4640783610935454e-09-1.8307003902038493e-10j),(-4.939079855164103e-08+3.4262364999148646e-09j),(7.944166448834502e-05+1.6413896985373388e-06j),(2.6627124857450672e-09-2.3535628600218483e-10j),(-5.245469499545191e-08+4.5176861940954925e-09j),(7.886714501305312e-05+4.778023920667968e-06j),(-0.43280774386674475-0.0024983467572107926j),(-0.3757021809637081+0.006330977398466248j),(-2.2085366094647703e-05-1.1451394742394174e-05j),(-4.61872859533392e-05+2.2231302813073882e-05j),(-1.1883892265631038e-05-1.074487097566519e-06j),(0.0036595961599305725+5.784950679231385e-05j),(6.249445188113246e-07-4.0205672643775094e-07j),(-3.29980401447282e-08+2.0176415615986174e-08j),(0.002607166103535419-5.039696306065409e-05j),(7.201634420474177e-05+2.8369299615605897e-05j),(0.00694125126068919-2.0438623233027696e-05j),(-1.683886946820395e-05+4.921768585169141e-05j),(0.006721784156437736-0.0002885120253943456j),(0.0023213449381411107+0.0022286216520539396j),(-2.133357563206867e-09+9.066474063664297e-09j),(-2.247641766776646e-09-2.693684779388992e-10j),(-0.0005520002567158712+0.0005718298975352408j),(0.4113478208292417-0.0017592355071523735j),(-2.7223599260055675e-05-1.008330096229557e-05j),(-0.00012581901081979297-4.0987898801581494e-05j),(-3.958288497827863e-06-3.0591893668936977e-06j),(-0.004287743332429663+0.00015282748407234744j),(-1.5071646911710329e-05+8.669645605455507e-08j),(-5.9858454674016395e-05+2.8328796612512565e-06j),(6.412164554063976e-09-3.616039109442093e-09j),(-0.0008189083039584893+4.34780805562385e-05j),(-2.760673244858182e-05+4.3981105544355995e-05j),(3.447222604381247e-05-4.91530715928535e-06j),(2.130382085580083e-05+1.9709588986952184e-06j),(0.00022120596782902572-4.668742169673772e-05j),(0.0010153648506803852-0.0002182044256975143j),(0.005834040807200912+7.276703305259587e-05j),(6.413354718104561e-06+0.00032037297207189957j),(0.036225466338877126-0.00282904949150997j),(0.003133627075364371-6.762389559359923e-05j),(-3.0809566566452244e-05+1.6175059507778655e-05j),(-0.001314784991281699+0.00023255941709347593j),(-4.491975977330626e-06+6.849985194313787e-06j),(0.00865541277407961-3.488956137631921e-05j),(-0.0033389154620204+0.0012009887187286834j),(-4.285758760903591e-05+3.940996018450967e-06j),(-0.0012232982262303557+0.0001858331522857199j),(0.0006576051027410289+0.00025058648823144043j),(-0.007784083206744173-0.00012904128859909112j),(-0.012278287762603278+0.0022493909383903797j),(0.08581101391671864+0.011081608759162656j),(-8.251708703767085e-06-0.0205006402552259j),(0.0018156201648001262+0.0009921020825562738j),(-0.00885764463389838-0.004449282046267598j),(0.21374965789334346+0.007054339821490296j),(-0.09533139292269269+0.0109047411981756j),(0.007065275590657426+0.004435267054476458j),(-0.018921673738584374-0.0030851569462293804j),(-0.011261534653582463-0.001291055198728601j),(0.004390345616018328+0.0036138390356727982j),(0.008155622815566957+0.001434900386292035j),(-0.22953344523550992+0.0014920278997676319j),(-0.07834250780570358-0.019597656906784555j),(0.06610442330094102+0.03554539417690042j),(-0.41341386120719203+0.026059013089120855j),(0.22193167747806114-0.005124114455593816j),(-0.09689583047460612+0.017754796371747258j),(-0.09342096068578956-0.016382981540422392j),(-0.06449543724428436+0.03983239847268789j),(-0.03214819106884521+0.017353937536635472j),(0.011389650262917073+0.06335714508997013j),(0.0981085541408438-0.028870962904738076j),(2.9488523707448913e-16+1.018887386009113e-15j),(0.11196798041811629-0.036641623359483295j),(0.20203391055002942-0.005076437198344025j),(0.07040152726507545-0.02477553334248418j),(0.01795524304035235+0.001995529284682088j),(0.2167189844771937-0.008329435327664815j),(0.03968451987364976+0.012449592198478106j),(0.015958346297749795-0.013058752651547661j),(-0.032236224087380395-0.022028508465277395j),(-0.029347064077695-0.0036814636764843237j),(0.004372245284052185-0.008939695989591398j)
43,(-1.564170455261093e-12-3.301094846285277e-14j),(6.609606289556859e-12+4.843002403723774e-15j),(-1.0821718384385952e-26-5.2621823734499176e-27j),(1.1152110581977907e-26-2.1736777189238953e-27j),(3.1415923501412564e-27+4.6606209858013154e-27j),(1.1810842880388198e-09-4.3964509858605056e-11j),(4.148101810292352e-12-1.0114678484809045e-14j),(-5.940872640867967e-09+2.7780355859116516e-10j),(-8.46009373473126e-09+1.639017504034498e-09j),(-7.096430345955874e-16-2.2688208779104236e-14j),(-3.995684490864331e-15-3.21041177006607e-15j),(7.921203647774038e-10-4.7518605023307775e-11j),(-1.592896183127341e-08+8.839140744121858e-10j),(2.6106790017076335e-05+8.163215728464324e-07j),(-4.126010509931181e-09+2.8568772696802767e-10j),(8.232175024244294e-08-5.485960114577385e-09j),(-9.735465047289484e-05-3.149043898977369e-06j),(-0.13346189327606503-0.002815406735129561j),(0.5791065184156863+0j),(-6.751508451626368e-06-3.636802087733179e-06j),(-3.126951847630127e-05-7.749006935737598e-06j),(1.8301823842889253e-05+1.963600221479164e-06j),(0.00028934240957239347-3.7446232043018135e-05j),(7.06254200278807e-07-1.2047186132745848e-07j),(-3.023494664885135e-08+3.8021451631510326e-10j),(-0.004350454982664016-9.125617311261025e-05j),(-2.95565670619092e-06+3.4832449660461326e-05j),(0.002424530091698217+6.0582186773299514e-05j),(5.3354509239591e-05-5.5685180692128374e-05j),(-0.010041644456226372+0.0003089331692205212j),(0.002252921340298143+0.002058800492075027j),(1.4982436155693838e-09+8.58760470482651e-09j),(4.322612321081647e-09+2.922104806043469e-10j),(-0.0004794165497461169+0.0005474418490954755j),(0.3868431403442435-0.0101992957404404j),(-1.0652068179863216e-05-5.856840757860252e-06j),(-4.4702903516722926e-05-2.7668347292003312e-05j),(-3.839527986113573e-06-2.7850803834438363e-06j),(-0.002853824862573814-3.275951593400563e-05j),(1.748396405464011e-05+2.5001016940283083e-06j),(0.00011764198261795258+9.890894222632948e-06j),(-1.4042539965266524e-10+8.474996165506932e-10j),(-0.0005056226853690669+4.472927187335972e-05j),(-2.3410803586469554e-05+2.8911914244083042e-05j),(-2.8649380697474646e-05-4.4384713902501616e-07j),(1.6607273575435996e-05-2.3122538456197474e-06j),(0.00013765397417177082-1.9176970596046007e-05j),(0.000338448744093692-7.66505512619114e-05j),(-0.004556977922563366+0.0001851180018594301j),(-0.00025628144872141237+0.0003789727936609027j),(-0.006079494954010146+0.0015096272558729677j),(0.004643829427325151-5.615351313560039e-05j),(3.2463787747408237e-06-3.0915398086360772e-06j),(-0.0003822417358667408+8.943518070901743e-05j),(4.914297973019942e-05-1.5229488420254646e-06j),(0.0026704613144305695-0.00022371093705798555j),(0.0007847293150558165+2.5292910379924774e-05j),(-0.0001302883828859017-1.544335510567182e-05j),(0.009217003791164177-0.00030591075570076927j),(0.0003423352037229911-0.00019924243008495138j),(0.004922195367221462+0.001029866674087861j),(-0.00635157089573949+0.0020247099037346296j),(0.11315430502563659-0.006576267521943652j),(-0.006713674184762918-0.02303764957880441j),(0.0021195089735505037+0.0012529082048619862j),(-0.0003687488814491007+0.0087361908425518j),(-0.15141369258333762-8.870142164391082e-05j),(-0.029842128220881094-0.005622364872696456j),(0.0014152041950560134+0.001938481826892075j),(-0.005362990579320481-0.0008336824078409475j),(0.021359494475483517+0.003148477538253587j),(-0.004146823090797067-0.0068447506221968445j),(0.003907526019896532+0.0021913058600966234j),(0.0962075998271426-0.012733769993141943j),(-0.036462582989520216-0.0003073616548862424j),(0.05291051333937575+0.021599207089458613j),(-0.029137468873451748-0.022910247104706537j),(0.09698131426095581-0.02370316428119257j),(0.23859927775812442-0.001027606661256536j),(-0.07486849752838445-0.0061075689497640286j),(0.007528645044071414+0.04924262880118222j),(-0.11374704114985974+0.004079694490499027j),(-0.14777041223275714-0.033666912486435684j),(-0.16987181621212463+0.10376410637708794j),(7.137044303805116e-16+1.1124154890295294e-15j),(-0.2956025023723133-0.00546217749219588j),(0.13888229860620485-0.02350970219564009j),(0.20595356455476105+0.06971512523588397j),(0.23694109014580877-0.024993291399838982j),(0.12743965941257548-0.04424252673566143j),(0.10626436708385453-0.07624788094065728j),(-0.038696202938476525-0.005753936445183917j),(0.0656324766734534-0.026985790782147807j),(0.20320962041009719+0.00102987954954889j),(-0.005158587564103395+0.010422678502573753j)
44,(-6.015017239225756e-14-6.008185854683582e-17j),(1.697527166192724e-14-6.829474088578354e-16j),(-1.3224906407725186e-27-7.830701604603167e-28j),(6.841777758860716e-29+2.140127365545485e-29j),(1.4146552481167702e-28+2.270731980472321e-28j),(4.879639732370621e-07-2.8119678372836017e-08j),(-5.4202377807763256e-14+5.4876242086221565e-15j),(-1.63422725678987e-07+1.440156375922954e-08j),(9.718018198310798e-07-1.6291257428520112e-07j),(1.4088496932971578e-15-4.7432270951926615e-14j),(-2.36318263909302e-16-4.005389213218624e-16j),(1.0072223616292476e-08-7.946209040610322e-10j),(-1.9427321436539214e-07+1.4423256784210815e-08j),(5.772241702100369e-05+1.0880065064049462e-06j),(-3.6431918959297857e-09+3.7748164907923955e-10j),(7.150659678445013e-08-7.190914679240724e-09j),(-3.6764546550975386e-06+3.023267330605888e-06j),(-0.5411959947505114+1.9119125534927672e-05j),(0.1577986997782208-0.006107162584584866j),(-2.761092858796175e-05-1.4168742862188459e-05j),(-0.00013817345021436585+0.00011305414963260746j),(4.9808781101154544e-06+3.468254177554653e-07j),(0.014014831749573152+4.4970127600020907e-05j),(-1.79097809098141e-07+3.4413082818251605e-07j),(3.19320867746922e-09-1.5202950208808145e-08j),(-0.005703949723036719+0.0001356054859582216j),(-0.0008301784316703198+9.748968073170145e-05j),(0.0004116594308902978-0.0005655623339158836j),(0.00027379054994316733-8.643840815845577e-05j),(-0.0006369486943985858+0.00021345336746124056j),(-0.005017671468857368-0.002759757955500525j),(1.936836941485445e-08-1.235051755774873e-08j),(-4.141152548155653e-09-2.543274727738317e-10j),(0.0008652545615639622-0.0005285780902329124j),(-0.42283654677942284-4.59833647845076e-06j),(6.642721291453584e-06+4.966372092145938e-06j),(3.7533015342505025e-05+2.7596248563034418e-05j),(4.010897720565332e-06+3.119910321923433e-06j),(0.012234156476997755+0.00017636986400072947j),(4.830975470156567e-07-6.419840338446117e-07j),(-1.591931171886644e-05-4.923447976400099e-06j),(9.845167554773845e-11+3.3213568424014085e-09j),(0.0008037381941031677-6.200978683817209e-05j),(3.6462178171885365e-05-4.4643554009900577e-05j),(-7.012682436432024e-06+2.9983984768786374e-06j),(-2.0343892125819082e-05+1.3322666968812487e-06j),(-0.00018196437401272236+4.893637238091694e-05j),(-0.0013045323332443013+0.00028502248135549025j),(-0.001036571461847578-0.00017729854409565736j),(7.992140215319461e-05-0.00042762305047419684j),(-0.012670037965841688+0.001868100934183597j),(-0.004712116128707863+0.0004591487760255673j),(-3.0309571272283036e-05+3.297966608411103e-06j),(0.0013985156205261937-0.0002690877527938999j),(-3.7986414814327065e-05-1.4170487720353356e-05j),(-0.007750529865670876+0.0007136927586566971j),(0.001648233635880004-0.0009526255558412053j),(0.00017633095826229695-1.7727376595517644e-06j),(-0.005214149952062166+0.0006941881607157902j),(0.002045554890134323+0.0001657686246188002j),(0.001689427171913973-0.0008167811125179793j),(0.029914393187507857-0.005004571204262299j),(-0.18652110095052218-0.0006563279263255978j),(0.004987922794434387+0.0407244763485409j),(0.001390284726960317+0.0010965290429592381j),(0.007573753328795833-0.0031983903455735456j),(-0.04889106625597074-0.004095453390393071j),(0.1050480434074442-0.009873060758335852j),(-0.006571108816407628-0.0064782384492312614j),(0.025621363472415223+0.0038798494117978696j),(-0.006145059657365663-0.000868616355461114j),(0.00124262151357431+0.0018068822325005367j),(0.01717390361667885-0.003937636312242895j),(0.05438975966770985-0.009968452390932345j),(0.04957673797108527-0.009392599140973184j),(0.17466039896329916+0.03612591917930414j),(0.048543292429643545-0.035678832796963475j),(-0.04511586316952281-0.027571166016603022j),(-0.013341044067389896-0.005367076192298644j),(-0.25816129735603854+0.014991425190766794j),(-0.016988028270100975+0.048659003519189066j),(0.07010619030523164-0.012765962400248743j),(-0.06436268460181771+0.13384514415650822j),(0.27397229881215657+0.0014070986092820092j),(-2.7602178484325146e-15-5.5176266883395735e-15j),(-0.16896126180311635+0.005084154985480739j),(0.08530831787046117-0.010602640364845279j),(0.00012440832057141003+0.0161058231570027j),(-0.31907273087411603+0.015967205198078094j),(0.14979135103026187-0.035874798577717575j),(0.04598963817826287-0.06980918627253249j),(0.10400992397034052+0.05927961139940196j),(0.1524311207080793-0.014101371129325354j),(0.20457213587656226-0.003752925512009675j),(0.05679573557539906+0.012512211652535639j)
45,(4.746347276491843e-14+3.1196271068052107e-16j),(4.144060336602293e-14-6.593351493929734e-16j),(1.071147740044544e-27+6.266179801836689e-28j),(1.8428309572371978e-28+4.858340535290875e-29j),(-1.1593578654313867e-28-7.391821815456357e-29j),(-3.850821775294847e-07+2.0025085446793746e-08j),(-3.890452639385529e-14-3.843032439692757e-15j),(-4.018601646818624e-07+2.5712333985010554e-08j),(9.520279925941452e-07-1.6322212603276685e-07j),(-1.2401778095291478e-15+3.752638206384412e-14j),(-1.221401872826346e-15-9.039714002637262e-16j),(-7.895330500164205e-09+5.887683317891458e-10j),(1.5213655021352755e-07-1.0624068086453462e-08j),(-4.550540242800119e-05-1.1751457179001128e-06j),(-8.579990323718375e-09+7.49897608161607e-10j),(1.6294161077485435e-07-1.3856043706060925e-08j),(-4.733879197695956e-05-3.988056919468914e-06j),(0.4328423322020797+0.002717080431786978j),(0.3762002281816932-0.006088314965236458j),(2.2018165500339536e-05+1.1470780362697317e-05j),(0.00010559676507922436-9.112225592244002e-05j),(1.1822150934648212e-05+1.0952480230069367e-06j),(-0.0124417978116138-0.0001228332434384848j),(-9.219284613937698e-07+4.7030489980458077e-07j),(4.643073310752085e-08-2.17307109471317e-08j),(-0.008819055979096664+0.00020135997010994845j),(0.0004670505308182228-5.429078613748231e-05j),(-0.0003214143582841449+0.00039651017562070367j),(0.0008600142255007244-0.00013991646799195532j),(-0.0015872738577322359+0.0004904339808082268j),(-0.004918337077992888-0.0026910511085022856j),(-1.671409211511392e-08-1.0376204823401504e-08j),(-1.0302671819686483e-08-6.15875803584634e-10j),(0.0005249119568362852-0.00056042967479669j),(-0.4156455695044821+0.0019857396622834644j),(-3.940763679002867e-06+2.1046466542420653e-06j),(-5.8140660907009176e-05+1.100136088137623e-05j),(4.1562851015954095e-06+2.9854224672530804e-06j),(0.00884678521085876+0.00027015115693035125j),(-2.3240652222525816e-06+2.752077991617841e-08j),(-7.413904968991172e-06+1.1911751270895526e-06j),(1.3084818427851581e-08-4.657285936724738e-09j),(-0.0005905715983987412+3.686864051505202e-05j),(-2.3129001675769436e-05+3.1986165027592735e-05j),(2.1420124234541615e-05-3.2881085555616935e-06j),(1.3417847561597734e-05+6.809708117440045e-07j),(0.00014556434830712855-3.8579817556484627e-05j),(0.001280683935665541-0.0002575676096449378j),(0.0046749375263754655+6.710307922655609e-05j),(1.9923667699977372e-05+0.00026187792630073977j),(0.04390255358192924-0.002923767046087133j),(0.0026364792735451056-3.402478791984342e-05j),(-3.907662999387279e-05+1.9643914527949925e-05j),(-0.001156541124884583+0.00020379982890532454j),(-5.040750675736894e-06+6.602321207106617e-06j),(0.007643104027978811-5.105552444002997e-05j),(-0.0029395913997222823+0.0010678896591181867j),(-4.355062082168768e-05+3.933206583730983e-06j),(-0.0011276253302862484+0.00016250289093964294j),(0.0004642908580774871+0.00024410702376643858j),(-0.007219550209997474-8.088032030023097e-05j),(-0.012368241820036301+0.002323542017114838j),(0.08597722845990843+0.011071478549282907j),(2.967365134398523e-05-0.020547325554390254j),(0.0019456798914296626+0.0010379416354318028j),(-0.008842657791739079-0.004509207341925047j),(0.21391964260273097+0.006754635511552743j),(-0.0949329719478215+0.011105128362793796j),(0.007127099022910603+0.0042264280023814795j),(-0.019435684337641628-0.003138121327779303j),(-0.011611017467739829-0.0013159079647701737j),(0.004460137166671946+0.0034524216782303753j),(0.007457080987952006+0.00144778103725787j),(-0.22735417610745903+0.0020209948405364477j),(-0.07664222445344619-0.019178754984198902j),(0.06566980577683883+0.035326765608076155j),(-0.4055111553965605+0.025732377571043435j),(0.22060611201080146-0.005183282135202269j),(-0.09624692092458206+0.017670442520713096j),(-0.09493977054956972-0.016467068268624294j),(-0.06322897896289302+0.040339455215940165j),(-0.03200797748722936+0.017058071593904666j),(0.008872121162751472+0.0626115593792414j),(0.09701875455227231-0.027327605574002913j),(8.517838330784801e-16+2.4145218944391626e-15j),(0.11510818314847532-0.03748960975217208j),(0.20469254772200945-0.005278914233939815j),(0.07019402566462593-0.023565816820668887j),(0.019069836916274126+0.0017703416934864939j),(0.22118299878243497-0.008585453187956359j),(0.03968029395612347+0.013382895697968822j),(0.013938444895951932-0.013007360305461468j),(-0.02774207812164411-0.02070927112111726j),(-0.03472118652565568-0.0025454257452472576j),(0.0031544974594925734-0.008036478674351064j)
46,(1.5017550884647875e-14+3.195531837091203e-16j),(-6.340474336860166e-14-5.864869475046724e-17j),(3.0320314390371554e-28+1.958524637017681e-28j),(-2.7794983897519586e-28-8.577213288791029e-29j),(-9.759862690088846e-29-1.1139606666337714e-28j),(-1.2206488942111317e-07+4.566338734004233e-09j),(-3.7548992125417575e-14-1.4922322989578701e-15j),(6.143046998698866e-07-2.8832549210391982e-08j),(8.784252485729485e-07-1.714484251341331e-07j),(-7.214311931383064e-16+1.1926533188691113e-14j),(1.5365088221751936e-15+1.4429338690570125e-15j),(-2.542210645426182e-09+1.5434501847630677e-10j),(4.91871903930875e-08-2.7771111814174584e-09j),(-1.4714625658379358e-05-5.366130244027556e-07j),(1.3216799106796108e-08-9.167474780791271e-10j),(-2.534884372662533e-07+1.696428640830716e-08j),(5.467492341434883e-05+2.1116797957320644e-06j),(0.13262491851781164+0.002788184448630833j),(-0.5755158638198951+2.2498224509392983e-05j),(6.688224460385576e-06+3.615699012317153e-06j),(5.234938182826326e-05-1.1781886382782615e-05j),(-1.806568425263095e-05-1.9664203075559996e-06j),(-0.002165975216078156-2.2830318700714416e-05j),(-1.0139877863954393e-06+2.2858990913993646e-07j),(4.425797681003311e-08-4.9637949202456076e-09j),(0.015687991080772387+8.014447489210208e-05j),(0.00042742442292576725-6.9559969197651e-05j),(-0.00017500180666365464+0.00012612624135253958j),(-0.0012167975875802114+0.00020471001424101325j),(0.002412654905495234-0.0006910116221316131j),(-0.004621982928943247-0.002391644182649947j),(-3.729360836473964e-09-9.851244908072087e-09j),(1.247504752612831e-08+2.117773890591681e-10j),(0.0005915193472433867-0.0005254882832904724j),(-0.3843217094201492+0.010110444449260014j),(-7.458096958618518e-07+2.6978953133277775e-06j),(-3.057488684360345e-05+1.4384026781702256e-05j),(3.866501627928828e-06+2.6796108967884435e-06j),(0.011137973982318989-6.31895515639247e-05j),(3.271341013511728e-06+3.130525078982071e-07j),(3.9010367482510805e-05+2.0939687296587665e-06j),(2.8664769882690036e-09+1.2481457611964682e-09j),(-0.00036777824563657085+3.524087157554235e-05j),(-1.762618702823809e-05+2.096397116763608e-05j),(-1.5559205715791642e-05-4.796704819451793e-07j),(9.41173309016374e-06-1.9385336068585436e-06j),(8.260993922095789e-05-1.556776731831062e-05j),(0.0004585046582631638-9.996472515578356e-05j),(-0.003630579166948262+0.00015119694592960866j),(-0.00019516447679855813+0.0003082656008060044j),(-0.005772588824375504+0.0014845601817421745j),(0.0037816747182063373-6.880531240825499e-05j),(-1.0757779496720062e-07-1.7348508381986498e-06j),(-0.00033803691950948553+7.798541466309141e-05j),(5.4656879544190145e-05-2.4703526047573988e-06j),(0.0022825614030252154-0.00020385814513013722j),(0.0007237513436307137+6.152367304209676e-06j),(-0.00014105298713541325-1.705284092800862e-05j),(0.008315869846041516-0.0003052084419499887j),(0.00018699506257334724-0.00017042783817010078j),(0.004641622897485031+0.0009308748126782404j),(-0.006622374499404469+0.0021334597442322074j),(0.11722697167785082-0.006816247700841757j),(-0.00690800874266134-0.023868380214300888j),(0.0022583843736772996+0.0013050755668915556j),(-0.0003699342991857089+0.009090988904407113j),(-0.1582253580424887+4.081671284645455e-06j),(-0.030066650963596363-0.005989622333773292j),(0.0014310642546838555+0.0018864325919733377j),(-0.005496581926198797-0.0008476884848414024j),(0.022037126495127943+0.0032039680247839993j),(-0.0043834822897234164-0.006648801757755443j),(0.003523835328903109+0.002222673482656935j),(0.09954643278453941-0.013317826902595982j),(-0.03610497489694254-0.0005223617837656173j),(0.05251043724575561+0.021444503032091736j),(-0.029582953546812576-0.023636114897867648j),(0.0963680917620256-0.023582328996905128j),(0.23647004763833232-0.0010228578984397552j),(-0.07581855982981425-0.006027584480540686j),(0.009157119647660401+0.049439024483783636j),(-0.11265621376386464+0.004038867445388044j),(-0.1500211589306137-0.03320830295138737j),(-0.16943484939467218+0.10496989880468025j),(8.081384183190245e-16+1.6727032881940301e-15j),(-0.2961044924244195-0.005446884201172911j),(0.14028231536487787-0.023834308891547196j),(0.20558648338299762+0.07026184130958231j),(0.23916152456025835-0.025314118706357122j),(0.12857497923997613-0.04488890456680253j),(0.10551252015628729-0.07617029552794585j),(-0.04244735681464065-0.005282462065990433j),(0.06848405603191075-0.026263481560797525j),(0.2044974728311884+0.0014817136194942467j),(-0.006302007021766802+0.011552724180928056j)
47,(3.364606615221083e-18-1.900187211237807e-19j),(-1.0885344450980656e-18+9.325877987567475e-20j),(-1.5414479876703024e-26-4.2644732430381495e-27j),(4.5959665690052414e-26+1.538591603225206e-26j),(-1.107498292907448e-22-7.834196584280473e-23j),(-0.5434041987000588-0.0001909149245838404j),(5.5248980047481584e-17+7.063388078664756e-17j),(0.15342273988972496-0.006240963941998662j),(-0.4205622281757102-0.0011165755722925136j),(-3.3299209251571865e-17+6.02567615950363e-17j),(2.137130862393302e-17+1.6557780899640892e-17j),(1.0029844795195314e-05-9.157249740858982e-08j),(-0.00017833400234076836+7.889342572662693e-07j),(6.08595092396795e-08-4.018124715643023e-09j),(-2.933893689599299e-06+1.349169477105188e-07j),(5.2713745878269794e-05-2.279653351727413e-06j),(-1.589734162484015e-09+5.495723808518191e-09j),(-0.0013895971651980094+0.00016827374050631814j),(0.0005984469784552456-9.788466659785294e-05j),(2.1733308050102276e-05-5.485545196678999e-07j),(-1.0779436666000389e-06+1.8258900428932524e-06j),(-7.307097836797667e-06+4.952381022333426e-07j),(0.0002171253398111085-7.176113948633267e-05j),(-0.0002496073347029615+5.544533976161929e-05j),(1.221788050626127e-05-2.4824786580185507e-06j),(-0.00015927042917004416+0.00038944029507565966j),(3.1953730588242624e-05-7.900046432937189e-07j),(-0.31311540173720653-0.0009081166616239783j),(-7.336066740199913e-06+1.874402000353897e-06j),(0.08233032573903436-0.004182172709866823j),(-0.23883875625292147+0.0003567535946230882j),(-4.1659248730230086e-10+7.624767220878599e-11j),(5.382647720693653e-11+4.580803926155639e-12j),(-1.0059924803084637e-05+1.7984354633969747e-06j),(0.003094255727568479+0.001427247755613516j),(0.00041591430466743107+0.0003191985571350334j),(0.0001650313124246699+0.0009786158896221656j),(-3.5144583002016717e-07-1.2271516328929017e-05j),(-9.738857145845294e-05-1.0680865728632675e-05j),(8.334889965750688e-06-5.7977984862672e-06j),(0.0006697157426839532-6.846116032619727e-05j),(7.608448870405822e-11-8.854432235824224e-11j),(-0.03468959980434603+0.0059100703606561516j),(-0.0014766514644206628+0.002014945143168801j),(0.00023300699494538876-0.00012721250397011957j),(0.0005875623441930975-2.3318517556617026e-05j),(0.0041726827529443644-0.0008739146727325174j),(4.8178966257273994e-05-1.5273124004483996e-05j),(0.014128399658916362+0.002684647541538545j),(-0.0014987027971635285+0.006485586360976198j),(0.000603094267888253-0.0004087786980677561j),(0.06992752706282307-0.0074902588126950255j),(9.95283726079998e-07+4.2451549912684067e-07j),(-0.021263245842049108+0.003520739731609218j),(1.2753149570198426e-06+1.528647300519588e-06j),(0.08633278159082937-0.009453405787727511j),(-0.01633843441991375+0.010753460493549052j),(-1.2610157356570736e-05-3.6132654577063625e-06j),(0.05089329521002067-0.009022348629632575j),(-0.03722662491030805-0.00030279859504373126j),(-0.0068803301779171815+0.0069497802336996855j),(-0.23352805384194736+0.005797025166728295j),(0.012097819270900988+0.0052784898608363145j),(-0.00028196787309822587-0.002457270828034286j),(0.01802034957990882+0.0075899511333036825j),(-0.0009139696395593022+0.00048066644800651056j),(0.006948276559784147+0.0016024262554904436j),(-0.0135635485225557-0.0025656832445312182j),(-0.01481043561086091+0.03472826952941495j),(0.09691417326990759+0.009247341946092873j),(-0.027943547716296948-0.002563732474286622j),(0.005029492960730308-0.008671650397948616j),(-0.1491673971639758-0.0121712745792516j),(-0.018786584539787758-0.0005034864893915469j),(-0.11473028165167086+0.012499699478710189j),(0.03889598049474926+0.00819534860612674j),(-0.04302397661269913+0.016241721011533997j),(0.0001023760544248503-0.006701279802751973j),(0.0004346252425701679-0.0010493599088434661j),(-0.11343102545576875+0.007936170877152898j),(0.17610564536849183+0.00806448304742366j),(-0.03137949763827525-0.0032116416718386215j),(-0.027943637520057005-0.09083339513805969j),(-0.2065425667741535+0.014938496635490975j),(-9.474860893538437e-16-2.8711143128460707e-16j),(-0.0297737436763192+0.061198544418160805j),(0.10437413683832619-0.029225578833435066j),(-0.15050860275221614+0.0287918427963268j),(-0.12003444815097722+0.026313875538269242j),(-0.06455525238546778-0.03585469919033231j),(-0.20014608091926003+0.028217504090995008j),(0.13497837215760541+0.0008178735185321953j),(0.06290481800067198+0.025874240839141027j),(-0.010420914974088846-0.010965185146469141j),(-0.042857956354697704-0.01742229015667194j)
48,(-2.654900350069068e-18+1.3503777195845956e-19j),(-2.6771615801953225e-18+1.6490497177319658e-19j),(1.0904845226935703e-26+4.498495612021904e-27j),(-3.7792384284014593e-26-1.1290181446199894e-26j),(6.575022700593845e-23+7.893311530497882e-23j),(0.4286421485890816+0.0025500344088812132j),(-2.9328247212970274e-17-2.2374566019080332e-17j),(0.3767865425347732-0.006280808751498057j),(-0.4121336299412412+0.0004274129949425193j),(1.2502368596698095e-19+1.0389544016158905e-16j),(9.012901645744323e-17+2.65546339190475e-17j),(-7.745210401255134e-06+5.275967857483489e-08j),(0.00013745235939113205-2.8817924396727884e-07j),(-4.79324459164822e-08+2.8397183227892912e-09j),(-6.9145717018550226e-06+1.9753582350960366e-07j),(0.00012120327506305789-3.1319530098741744e-06j),(-6.944649883744304e-08-1.8231804458825642e-09j),(0.0011069546178670226-0.00012731116349716504j),(0.001427417090509133-0.0002007303112114212j),(-1.6244789939440522e-05+4.433212861880125e-07j),(7.565661628556594e-07-1.4603291467572628e-06j),(-1.526315236889977e-05+9.653363903505547e-07j),(-0.0001883307639437006+6.092142112503321e-05j),(-0.00015915047702026475+2.2947520839051733e-05j),(7.709735845345611e-06-7.392006043046008e-07j),(-0.0002424247470521967+0.0005305048925039564j),(-1.8784919975710597e-05+9.995858378577224e-08j),(0.23978018170332835+0.00017663729162591124j),(-2.402187160418974e-05+2.0131522877235227e-06j),(0.2194605643472967-0.0022431648568323956j),(-0.23640928424058588-4.9508800163605704e-05j),(3.194374776200668e-10+1.0582891291780192e-10j),(1.5156398495680707e-10+1.6218953839666574e-11j),(-3.5532070901812466e-06+3.5749891553904756e-06j),(0.003063309767673148+0.0013902444190763614j),(-0.00027474027358167233-0.00020033583167137903j),(-7.668342976836446e-05-0.0005912790379529882j),(6.331716890247651e-07-2.6065233649724794e-06j),(-3.854911831863258e-05-1.4111032543779303e-05j),(1.823778388741877e-05-4.9585736489926974e-05j),(0.0005745185438320971-0.00018257854210245467j),(-2.0849765745647284e-10+1.1678733896596887e-10j),(0.014290445510990554-0.00319343693684805j),(0.0003655905882318618-0.000852977128645947j),(-0.0007908757489589516+0.0001494543026606615j),(-0.0005151114895371824-1.621355871236129e-05j),(-0.005534864893494636+0.001268797323473204j),(-4.52928243260155e-05+2.2983876496519807e-05j),(-0.11636775734465676+0.0011230076132154598j),(0.0007631378476891226-0.0061503593058623175j),(-0.0011126026934066878+0.00046969007851719j),(-0.054497331234603895+0.0025193003748171967j),(7.238765176533827e-07-1.2319560861813417e-06j),(0.017501436551853836-0.0032457429882628243j),(6.309439290010736e-07-1.490795397259117e-07j),(-0.11518706080390834-0.0008958252656537501j),(0.045476850891761296-0.01559893782099876j),(2.283496031172978e-06-2.2905165692845455e-07j),(0.012368891407517763-0.0030020576271972046j),(-0.023155848503834613-0.0007873367916267533j),(0.06874445555016648+0.005166027283824745j),(-0.015063010425771605+0.010014158914231748j),(-0.010814702626551662-0.00011632992474628658j),(0.0005086154660383256+0.002457939614156631j),(0.02172674553674729+0.007497997557816063j),(0.001220066901772334+0.00030747658671234163j),(-0.03139588105381659-0.0009701339441883423j),(0.016688820568674094-0.002455312918182105j),(0.0179475352119433-0.028495900626426787j),(-0.088659085932956-0.009056968502918164j),(-0.05960665002583733-0.003935474249063686j),(0.015457515071315677-0.022154870780435328j),(-0.0911143991063313+0.0012409282145884604j),(0.0490634597120747+0.0002645397550767748j),(0.050687917016445726+0.0021164855223228824j),(0.019705397892065386+0.008768222763543733j),(0.12323649279332081-0.026064478738935117j),(0.04845431976032991-0.00474187270020272j),(-0.016178278589260207+0.003813459051908257j),(-0.07571149418046197+0.001159893988624306j),(0.15292127309364065+0.003716421420951646j),(-0.06630996653736045+0.0028036521104729778j),(-0.013815351535815184+0.06936694779444j),(0.12062035881594974+0.019830502713419636j),(1.3981555741514596e-16+5.770523156441107e-16j),(0.06694793698406737+0.04156799752830034j),(0.12673997067757742-0.02734195806263568j),(0.31313268788748544+3.321075700141174e-06j),(0.019339885722329853+0.010832960826005083j),(-0.03643751858736337-0.024071058842013313j),(-0.19437917242359376+0.05580430313212169j),(0.07596443200923732-0.05066534213610134j),(-0.11898112077671619-0.06282768820424899j),(-0.13912351582383334-0.009206084348759178j),(-0.049139218736131175-0.042619886841088916j)
49,(-8.416172366313127e-19+3.0512859227577725e-20j),(4.092437885820906e-18-1.8222271996927766e-19j),(3.853619520296385e-27+1.0661193411879999e-27j),(-1.1489917074835315e-26-3.846482605503276e-27j),(2.2960330173436204e-23+1.6241627952945481e-23j),(0.13577467605244728+0.0027868008108210066j),(1.9524296858505788e-17+9.935535543618812e-18j),(-0.5755963218175624-0.0001959852739839285j),(-0.3818868805510351+0.00916928232738251j),(-1.206584897338181e-16-1.7629897817591558e-16j),(-3.441234405444777e-17-1.0761515678430773e-16j),(-2.4944016625681068e-06-1.720660354272402e-08j),(4.450686761461533e-05+4.92874770167725e-07j),(-1.5437971068601185e-08+7.418820663446453e-10j),(1.0614317424913317e-05-1.2044381299273643e-07j),(-0.00018738090744801315+1.6411695032050528e-06j),(7.649882551405916e-08-2.4201935551868914e-09j),(0.0003407746317079042-3.398842476573504e-05j),(-0.0021984976182581883+0.00027242479667086107j),(-5.413706272009461e-06+8.775687361223941e-08j),(4.5454821797874657e-07-3.7941943525646125e-07j),(2.4063549352079217e-05-1.0794302906293342e-06j),(-3.71269013184007e-05+1.1655642456932058e-05j),(-0.00015147293594168924+2.6381047414339365e-05j),(7.437111496500568e-06-1.1102596828726752e-06j),(0.00046077348506831173-0.0009847876100047186j),(-1.5398387264664358e-05+7.651026101178092e-07j),(0.08233679440614274+0.0021322611701139367j),(3.382802565307269e-05-3.3055993567947278e-06j),(-0.3259795849970559-0.0004395955172762367j),(-0.21946453639497504+0.005044942818443851j),(6.08210516728481e-11+8.277743736563681e-11j),(-2.0103385336798357e-10-1.6036345530821464e-11j),(-5.453146381835379e-06+2.93369463350938e-06j),(0.0028517907406449146+0.0012285850215397358j),(-9.534144367537295e-05-7.23865929434373e-05j),(-2.266377010698801e-05-0.00024035610829478723j),(4.6804733162176334e-07-2.940790916527291e-06j),(-8.245486282194786e-05-1.0966933926511731e-05j),(-2.87732994449706e-05+5.7202230991259613e-05j),(-0.0012189015100522822+0.0002596683443303274j),(-7.1635043039937536e-12-3.2367405615572666e-11j),(0.009505327202634044-0.002515773810869972j),(0.0003887570709850817-0.0006219337213379397j),(0.0007514592698760672-3.151763304960818e-05j),(-0.0004439168926108013+9.253787629557592e-05j),(-0.003918611187557798+0.0006921801644917186j),(-1.380877075492056e-05-5.2954615793202e-06j),(0.09923167931489293-0.0055988145504631825j),(0.006119543395611774-0.007957780150638503j),(0.00036797714220823094+0.00021314880944365322j),(-0.09542318611952583+0.0003210817718581685j),(-4.786370489100927e-07+2.171675034590489e-07j),(0.005095482073440757-0.0012947290763298633j),(-2.2695284017616682e-07-8.58435612116576e-07j),(-0.044369130291121224+0.0024938287565996163j),(-0.010075117531564806-0.0011583418720385451j),(3.7828661190942877e-06+1.2340208147323486e-06j),(-0.12316289199735009+0.0019129093761998395j),(-0.018417012986236124+0.003885263485513413j),(-0.04727889053916301-0.013025639648535231j),(-0.022941892972143482+0.008588091541930834j),(-0.01211882024156218+0.0017986939505705056j),(0.001132374943869574+0.0023340419343190217j),(0.021819268481850587+0.007830891022997541j),(-0.000229428913408607-0.001087204929392144j),(0.020475966638684676+1.976770297657318e-05j),(0.005095607224339065-7.203611310520666e-05j),(0.005379346437419285-0.008277777115081007j),(-0.023376600907947805-0.001835292601557661j),(0.09937045904548979+0.008670459687474808j),(-0.02328551779432022+0.03311766264148648j),(-0.0661482312891916-0.0004958644071508117j),(-0.02172617036865708+0.001915942235434897j),(0.06611569550093263-0.009191105248259635j),(0.01613883084974303+0.005774693818707317j),(-0.03215173161302853+0.013423625384544073j),(0.024483046106076194-0.007375605760070849j),(0.05088006917603317-0.002170102479946274j),(-0.06604741163426117+0.004321288829238119j),(0.16118500275260186+0.004333622394602082j),(0.1926255857198549+0.002849909937014461j),(0.0749953685563651+0.03467935184452338j),(0.13448228233685805-0.047177081950230904j),(1.533208192595242e-15+7.153453869506143e-17j),(-0.09570734165989596+0.04861526853547057j),(0.10571586043916793-0.03175083301888056j),(-0.15068504548995015-0.062322115716073614j),(0.181310897379504-0.016307726491194746j),(-0.058709693465487045-0.03328527261053331j),(-0.13887962827672615+0.021494149910505557j),(-0.24277024484540097+0.00041181924080560626j),(-0.013188292547624035+0.0581551980461219j),(0.04725882135295497+0.002354373508376234j),(-0.09728555506756915+0.046827536390097804j)
50,(-3.4072434790169466e-21+1.9136917431407717e-22j),(1.101784678920355e-21-9.398990938265299e-23j),(1.1712881379684669e-29+7.870508051123934e-30j),(-2.8901359100439135e-29-2.697663194864193e-29j),(5.455704865586686e-26+1.0191835422667234e-25j),(0.000554581287880672+3.6639290522253376e-07j),(-6.27066742932272e-20-3.95068213555033e-20j),(-0.00015654407569715167+6.312683349578119e-06j),(0.0004284002247226912+1.6393491077485714e-06j),(-3.821587945365683e-19+1.9129908741359398e-18j),(-2.716386287832108e-20-8.163077825330185e-20j),(-0.0007507293563087528+6.430518095725695e-07j),(0.01289290585596277+5.2013788471762766e-05j),(-2.720738268764954e-09+1.5203454344882276e-10j),(0.00021304650261446932-8.16635612993233e-06j),(-0.003683023752544186+0.00013064444005871716j),(-1.0948380168284343e-10-3.0543457795308753e-10j),(9.127350564778093e-05-1.009603817395596e-05j),(-4.0582902570511614e-05+6.004288207848648e-06j),(-0.000626201051481448-6.16547983601625e-06j),(1.1830409018237602e-07-2.0386675053828796e-07j),(0.00018320597197597706-4.646741787367814e-06j),(-2.6283175818319494e-05+8.148114243049805e-06j),(0.01122230968059019-0.00011002389461016188j),(-0.0005809238653412095+2.347911391616022e-06j),(2.3954639629779838e-05-5.285831644255043e-05j),(-6.623617111413689e-06-7.392542876445262e-07j),(0.05022030084037704+0.006449811511647848j),(1.2873920045536489e-06-2.0433082097517282e-07j),(-0.010730801244851788-0.0005974793024242195j),(0.01303205408281724+0.003031838687496591j),(1.245254120242217e-10+2.517365181317171e-11j),(-1.8030621545227252e-11-7.576803330877277e-12j),(1.8571644141951001e-06-1.356867980323665e-07j),(-0.0003054078199872786-0.00011864763494649449j),(0.014400330585814806+0.0007408240501836517j),(0.09981305036022155+0.0058932532483678204j),(-0.0007538510885911351+6.207065004646442e-05j),(6.483920908005101e-05-3.836936489081212e-05j),(-0.001779463367332799-0.0008948603835891621j),(-0.03731919902420725-0.003971044441222248j),(4.69824323390255e-11-3.217965953079209e-11j),(0.8088148127848228+0j),(0.03470301428843622-0.040162663058465886j),(-0.0034203171124336396+0.0018617958346113083j),(-0.003857539664246534-0.0011856492364344829j),(-0.008376026960359422-0.004965039717285988j),(3.130894800513803e-06-2.1354812098641744e-06j),(0.0026746804309033885-0.00701294727755577j),(-0.001602232018838439-0.003911208201689873j),(0.00028042145922944526+0.0002581461410995293j),(-0.0674314414084221-0.0037048267629687243j),(-2.697130576720672e-07-2.1593073846563792e-07j),(0.00037992279792062935-0.0011001640151512473j),(6.131437147771617e-07-8.02302733810198e-07j),(-0.06007626197629424+0.008581214250712696j),(0.016114590836445754-0.008989925610480447j),(6.752038836740787e-07+4.466081219647655e-06j),(-0.02292345774798759+0.01458165782681395j),(0.020886401193792876+0.004277265775122143j),(-0.0232700808789884-0.011995348195212802j),(0.38964585547565217-0.0041417694441974184j),(0.0277502192020393-0.007147883776711413j),(-0.0018567728535493454-0.006199810690573204j),(0.046252757066766806+0.011051474050730075j),(-0.0009562235447663247+0.0005874076971481124j),(0.011063383133647941+2.867371243621712e-05j),(-0.01825670695380401+0.004597658559812584j),(-0.02228982050877642+0.014248057580353406j),(0.13047133113436057+0.009586632359800104j),(-0.04019490925753083-0.0028817758173144145j),(0.006534260690734013-0.00236943538677738j),(0.16064004733599668+0.026206753852872328j),(-0.01777468524607013+0.0007029819475099517j),(-0.04736932019448836+0.004009239621964467j),(0.021732198650726613+0.004262052289830531j),(-0.044995825674845204+0.013379795469839416j),(0.004958357012466072-0.003949544355101575j),(0.001738184975303713-0.0004840871235613761j),(-0.07381103156123459+0.007539671403351694j),(0.1396825693880244-0.0032461948925966363j),(-0.04498984138013054+0.004349012866361971j),(-0.017756361292649063-0.07115699290630502j),(-0.16148281886116295+0.013713818611531023j),(-5.788362514257371e-16-8.583910724730778e-17j),(-0.0021216796762766367+0.03527272729952656j),(0.0772030385061849-0.025254656173672924j),(-0.10727214778217853+0.022688710201945864j),(-0.0704086028954702+0.01771283894517881j),(-0.06521853418202538-0.02018620544707992j),(-0.10497656735763897+0.019578239731686153j),(0.09128610544349464-0.004753311774781306j),(0.038514197929509435+0.018629953770348276j),(-0.011512716343787595-0.00675343924611805j),(-0.039583069923074324-0.011276748338131705j)
51,(2.6836167057329444e-21-1.360177049735362e-22j),(2.704025529486327e-21-1.6606481148413019e-22j),(-8.784661398973767e-30-5.902880092407713e-30j),(2.3918269655495944e-29+2.198239084469621e-29j),(-3.3453804766006225e-26-8.699038964562905e-26j),(-0.00043665474053458826-2.6751761927103755e-06j),(-2.4806162262581523e-20-3.149990811194024e-20j),(-0.0003836099756112876+6.328471048274535e-06j),(0.00041782120268784163+1.2895914839313805e-07j),(1.6279774211745334e-19-1.428547685398758e-18j),(-4.448044118550987e-20+1.6157115140445278e-20j),(0.0005642996150034688+3.8496477671704117e-07j),(-0.009662288092033842-5.3661852077543926e-05j),(1.9772891464389366e-09-1.1106649760721767e-10j),(0.0005014346105188622-9.99822495490561e-06j),(-0.008489139523619885+0.00014336579109255117j),(2.9866501244164876e-09+1.3406777323893863e-10j),(-6.451346540269343e-05+7.418620866379192e-06j),(-8.261595642035445e-05+1.1655969666109129e-05j),(0.00043982031201947986+2.441188876336391e-06j),(-6.661309010801486e-08+1.35694627762418e-07j),(0.0003861438631708677-6.755538806739621e-06j),(1.8111757380329646e-05-5.902681984489642e-06j),(0.009280855282935926-2.26539346075659e-05j),(-0.0004774975176906118-6.625555643016581e-06j),(2.199735903263748e-05-4.842127759196579e-05j),(2.9952584379614195e-06+2.274963410699519e-07j),(-0.02992510406080983-0.0023475399601193443j),(2.9786949114226193e-06-7.724251262755139e-08j),(-0.02173350715891994-0.000957271713894297j),(0.009722697482511325+0.0017146126897083312j),(-5.965487074974291e-11-1.6936172355999348e-11j),(-2.560467103746035e-11-4.953500645909709e-12j),(-1.6805102355396016e-07-1.492546203916342e-07j),(-0.00016932378417430403-8.10307846999853e-05j),(-0.007894069756582918-8.005665255853803e-05j),(-0.04801182872930352-0.00014018369138229896j),(-0.0004160458230848198-9.971657072507112e-06j),(-8.080054807755975e-06+8.869544972565448e-06j),(-0.007758729399894328+0.0004682901930586998j),(-0.038741273927568765+0.001388469245386971j),(8.229555019860418e-11-8.723287629200256e-11j),(-0.10825296949213768+0.013646784726491142j),(0.001812498356361051+0.005631620796687243j),(0.010028964703102727-0.001319796117465531j),(0.006938764445304706+0.0007971023974291174j),(0.06812529575606527-0.007805164036278366j),(5.409660130598182e-05-7.901352962096876e-05j),(0.6615327020796861+0j),(-0.016698085182649508+0.040413047083647416j),(-0.002356477479329868-0.0014649742645151116j),(0.34103051394970785-0.019396503172960877j),(1.1791363114886768e-06+1.4204823127477816e-06j),(-0.0038594502778966358+0.006228123710245574j),(-2.950190838707974e-06-1.3238360966070147e-06j),(0.3921246808619794+0j),(-0.10150523315921722+0.04406859206887613j),(1.4172588368849558e-05+1.1502310147432279e-06j),(0.020726395042684535+0.004462716201823591j),(0.005504621754731825+0.004739412000446135j),(-0.1169335998610224-0.020963372999691178j),(0.27463223957780736-0.04118663384412861j),(-0.0039586186823676-0.007771732480004839j),(-0.0008876027697413675+0.0008891903885633071j),(0.05160711306986333+0.010537115137414538j),(0.0010837090598144496+0.00042570894626727467j),(-0.022057696089341956-0.0016859234213532567j),(0.009542093168991288+0.002790988475044777j),(0.012133160362814335-0.018879213494415847j),(-0.12367231371779752-0.008794720525102044j),(-0.08716186160888408-0.0037295338883679002j),(0.01429420320450797-0.010581558661616346j),(0.16735472422654377+0.018162403244311467j),(0.03317554905670689+0.000545431186004584j),(0.03506469063836257+0.0005533137182417436j),(0.013738156973247019+0.005023277890319699j),(0.07877427903245782-0.014687824425935095j),(0.025634203279021075-0.004466519775322697j),(-0.0062393759638601455+0.00197135896245986j),(-0.05506843298750561+0.0039701836707853565j),(0.12325470546016318-0.005897981916049053j),(-0.04410839934277374+0.004583289164242571j),(-0.010643435663039137+0.034109962444398255j),(0.05534422856337197+0.016261727174766573j),(-2.841774920613197e-16+4.964512949381634e-16j),(0.04842450570025298+0.02275378347081239j),(0.08572604427917024-0.024283119985928477j),(0.18344752378017462+0.0021061888808300705j),(0.0067021358307349215+0.007032567269570655j),(-0.04753736962500523-0.013132647984496398j),(-0.09961005598461087+0.03318032720551126j),(0.05362158536055346-0.033567467056259764j),(-0.0703007771298681-0.035988836412378024j),(-0.08337190499740779-0.004650754328321047j),(-0.039257519049819084-0.02573492572594429j)
52,(8.507246304934677e-22-3.069152022072946e-23j),(-4.133410341891878e-21+1.832861419458669e-22j),(-4.9357494815035265e-30-1.5101850465568435e-30j),(1.6706764838089566e-29+5.2608701145073134e-30j),(-4.198162193693087e-26-2.178112717033962e-26j),(-0.00013831253734771044-2.8634468691213197e-06j),(-4.679839044595111e-21-4.598538520439294e-21j),(0.0005860187630925099+3.004868724697295e-07j),(0.0003871693643248879-8.774790106248366e-06j),(1.146195274165886e-19-4.1966146002055247e-19j),(-2.0714745658466358e-20+5.506755832872476e-20j),(0.00017791039195853587+2.8607036097383403e-06j),(-0.0030642641094758404-6.249368654674572e-05j),(6.361626909778896e-10-2.8475201867949763e-11j),(-0.0007622204617437451+2.162472190229243e-06j),(0.012975120040133155+4.607540338220136e-07j),(-3.1089917820207957e-09+9.109378990461664e-11j),(-2.0048085990905445e-05+2.004527891283462e-06j),(0.00012806075756528903-1.5867748412880283e-05j),(0.00014002039482029964+2.7137182997971643e-06j),(-3.709177163039941e-08+3.816509666400696e-08j),(-0.0005916764532575044+1.343150375546871e-07j),(4.049662897709352e-06-1.2556364795339945e-06j),(0.008610605747204047-0.00022064996882628857j),(-0.0004463512043633215+7.57353875155669e-06j),(-4.505029945788314e-05+9.657558954167061e-05j),(2.1018619964174152e-06+5.800212728792037e-08j),(-0.01039116345330384-0.0010880140649395067j),(-4.198499378594696e-06+2.093185598834714e-07j),(0.032459013097224015+0.0018281489834472316j),(0.009106264370998745+0.0013871979000294483j),(-1.4500084167982792e-11-8.249504748027133e-12j),(3.644843592725187e-11+7.508963657829065e-12j),(2.3618805456610892e-07-1.3337419757512583e-07j),(-0.00015830853374318346-7.196612252620198e-05j),(-0.00240712631103567-7.397489278474216e-05j),(-0.01696886111109719-0.00020303697775138352j),(-0.0003896275469914248+2.938866088291977e-06j),(6.263961476312372e-06+4.4639097429409805e-06j),(0.009586793235133503+0.0002068316185941197j),(0.06307220098657236-0.00038718744328172794j),(-1.308472573895784e-11+3.991037138741033e-11j),(-0.07071155019980277+0.012323994010969275j),(-0.0014421163433865226+0.004218215481273225j),(-0.012308005166365637+0.0005591037237496618j),(0.006941302863702691-0.0005371761638803474j),(0.05556685302015253-0.005281467255273441j),(1.142239945824468e-05+4.6707986041996004e-05j),(-0.5585902440343955+0.027505813113108485j),(-0.043925281885100864+0.04670031542531874j),(-0.00047428282066208324-0.0016809953037574912j),(0.542909925218669+0j),(-3.194915109703411e-07+9.528782357682694e-07j),(-6.869418873843005e-05+0.004447675081903636j),(-9.245218705671915e-06+1.68266263565283e-06j),(0.19129899759668262-0.00011529056610567676j),(-0.0634126255239131+0.020049907639261372j),(2.2420461753017484e-05+1.1115190955914854e-06j),(0.33594518739160656+0j),(0.0004421592570865282-0.003050371701147237j),(0.053917038894868985+0.025598861552066608j),(0.24133063976323044-0.04389213983549529j),(-0.006159967171033869-0.005451354270643042j),(-0.00024375170015291926+0.001020214618807646j),(0.050760963160805736+0.010735081091700769j),(-2.5454207088435705e-05-0.0007921089857879119j),(0.018702165282187586-0.0008896702989738717j),(0.001159873016296195+0.004190153672248919j),(0.0018455377449402735-0.006990465236594816j),(-0.033338943894974264-0.0011418747073871829j),(0.14618580644360815+0.008323169375652101j),(-0.01971385630181216+0.018591565210666145j),(0.1502314762577256+0.008884309047548458j),(-0.01728998248118024+0.0019374284971063079j),(0.026238811129341615-0.00487215558453123j),(0.01136586297568808+0.003433295023961888j),(-0.017795136877018558+0.009275224951569006j),(0.014519444503468561-0.005120362515794257j),(0.026189671312479013-0.0020975677876589587j),(-0.048367647013067755+0.005586551317348455j),(0.1245717263417844-0.005908418802181743j),(0.07995863465329626+0.0038056756005369246j),(0.052642103171628+0.019645662166552554j),(0.08456112979623644-0.034093750198980775j),(9.381506172306044e-16+1.7526449671870964e-16j),(-0.0423667245711236+0.027414782547823327j),(0.07352688989286686-0.02612729508643979j),(-0.1119374805169095-0.03752525964735867j),(0.10379254811049508-0.010477559459411707j),(-0.05780508017551876-0.01749291466228938j),(-0.0675532004153013+0.013941178534852758j),(-0.14677945974447498+0.00033308220414754886j),(-0.007369736149066282+0.039106304153838665j),(0.02636666141422267+0.0013029425008662216j),(-0.06887204250789483+0.030348786880060537j)
53,(2.950892996280048e-24-1.6522463522373953e-25j),(-9.536199201417533e-25+8.113002495335509e-26j),(-1.1438360798398395e-32-7.68604291698304e-33j),(3.114894221642826e-32+2.537474168218311e-32j),(-6.358268764181614e-29-1.0681868792681813e-28j),(-4.841199556653562e-07-4.0325986380363734e-10j),(7.09657676909034e-23+2.8112534869234303e-23j),(1.36608274424863e-07-5.479131914674323e-09j),(-3.741198313891281e-07-1.516202327010453e-09j),(-1.3149083234334547e-19+1.7324411159238026e-20j),(-7.235031493792987e-19-1.27339758224757e-19j),(0.03231604198781645-0.00014726163800103664j),(-0.5371372585187483-2.197116416971512e-05j),(-3.294946078617024e-11+3.1095301097849033e-12j),(-0.009092650369293773+0.00039614678818299673j),(0.15172803028278153-0.006240808862670992j),(1.0909889440648982e-11+1.7961212828498048e-13j),(-1.4542579940858475e-06-2.7436779605437416e-07j),(5.613511875115395e-07+9.513069518476037e-08j),(0.01133522157026513+9.594619315808194e-06j),(-3.697130413372188e-09+6.56189794515982e-09j),(-0.0032079766508532077+0.00012664788938123502j),(1.002746682330116e-06-2.864013549128129e-07j),(-0.41797722660814296+3.817706954520328e-05j),(0.022468888818218073+0.00018461208957348298j),(-1.2887381703316183e-06+2.6433921076581965e-06j),(7.0836771184872e-07+2.5372937310084513e-07j),(-0.0032438381291106425-0.0010403418916226017j),(-9.3731497999163e-08+1.138317529852306e-08j),(0.00046168441476445305+9.877986088402562e-05j),(-2.4335794667532966e-05-0.00020697884604820423j),(6.370623612201403e-11-3.97689435942382e-11j),(-7.741421205506407e-12+4.476834463163273e-12j),(3.362225352366041e-07+9.019431082315527e-07j),(1.4633045587476287e-05-1.4323754104160012e-05j),(-0.07048997132210903-0.0005530925365283754j),(-0.3601562110105593+0.001969760874016485j),(0.008930141663691002-2.1970875856876237e-05j),(1.371300629892835e-06+5.01476585189043e-07j),(0.010091956041500823+0.0023719032261518055j),(0.1003990837409901-0.005055656923732953j),(-1.119332712410308e-11+7.869479784361137e-12j),(0.0008249847792355664+0.005463829768829343j),(0.02896641328444872-0.0022561472696184352j),(-0.009159231989948571+0.0014988748302828133j),(-0.04470042026673515-0.0014213340497344872j),(-0.28336325178367944+0.007571294276110849j),(5.515274464955933e-06-6.489376244521134e-06j),(0.03752838052177931+0.004740654875621012j),(0.052671507949955884+0.0063699276629453246j),(-0.0015052594780593286-0.0003892645969088413j),(0.21405039080550683-0.0406998920229129j),(-5.167133964077655e-07-9.830796026928008e-07j),(0.0255915392522625-0.00434932463317921j),(3.714457081137304e-06-6.48038284737646e-07j),(-0.2152066727524031-0.011857310539670117j),(0.05177512547202138-0.018678451911146678j),(-5.303983953011612e-06-1.6380455817088534e-07j),(-0.18709246894558462-0.015562359076675789j),(0.0024429151571726147-0.002496219367173435j),(0.08637021470860752+0.00689663677784938j),(-0.08730394039709538-0.0034251506302132757j),(-0.0034562955674403146-0.001082355557203751j),(-8.575041486186299e-05+0.0010424412954056078j),(0.11985115417588273+0.014544387395599108j),(0.00037716692200376485-8.557221572465807e-05j),(0.0002835946898365086-0.00019172471850813092j),(0.00029036906430615227+0.0027480731140559767j),(-0.003353425713927928-0.002688188411300715j),(0.20852681881167956+0.007395421837843856j),(-0.06877032590408697-0.0025801053728244545j),(0.0011775933438205024+0.0008833614671741043j),(0.21961399716659163+0.004037061099515585j),(0.0012538670754580685-0.00025871519664026057j),(0.07113989057939053-0.010130545562221831j),(0.001276255739831779-0.0006115753928136328j),(-0.014561024066022383-0.0014407974049568313j),(0.010548039831515494-0.0006094418552450641j),(0.0031837166644835485+0.00020893914713600238j),(-0.017209085059277776+0.007148771440962693j),(0.06590920694583605-0.0185364697065427j),(-0.02914437810987108+0.008162594292784875j),(0.0008227462894301171-0.003072522262618384j),(-0.006944316614326111+0.003085523079702798j),(2.24183574032707e-16-2.5318259580716926e-16j),(0.030270734990320593-0.007724366832962147j),(0.031818361157800776-0.01738373710062592j),(0.0006316507836159045+0.003928850103530159j),(0.008501429652761397+0.0008048885085512767j),(-0.04847307173358289+0.004703407760513421j),(0.05069924302048872+0.0016543991999698297j),(-0.0010306816581063412-0.004950396305449014j),(-0.003992795895304984-0.0011083428568306464j),(-0.003476291938396286+0.0007381108918821308j),(-0.0061013712924368494+0.0005912148032917743j)
54,(-2.3264403859048644e-24+1.174646353163625e-25j),(-2.3404183382927173e-24+1.4330889488914925e-25j),(9.059148546437522e-33+5.0496337822814395e-33j),(-2.7267575416484255e-32-1.367748876301763e-32j),(4.5550133680067956e-29+9.406285898597786e-29j),(3.8154915670767187e-07+2.410715486506111e-09j),(6.472583452221865e-23+4.5853263886459217e-23j),(3.3473306888886377e-07-5.4649958652701735e-09j),(-3.619862900144197e-07-8.308334107121337e-10j),(1.0476030195439527e-19-1.3230285096622177e-20j),(5.722777516109356e-19+1.0474969410463657e-19j),(-0.025531737664438954-2.0738858271276278e-05j),(0.42367496531502546+0.002346318477851106j),(2.722497360855096e-11-1.5822203317611892e-12j),(-0.022685095013778057+0.00044989173963815195j),(0.37265632290989703-0.006284640976589807j),(2.8857843393921434e-11-2.547357421356921e-12j),(8.864949370776982e-07+1.1339856578011208e-07j),(9.722677790017029e-07+6.076551488522605e-08j),(-0.00893993727898666-5.7193792680536315e-05j),(2.5369790625226804e-09-6.433168253838187e-09j),(-0.007875737181924178+0.00012788989576845936j),(-8.864375803373756e-07+3.1864516188783027e-07j),(-0.40956562531499563+0.0015326632243489458j),(0.021898800898994573+0.00017574645289859456j),(-5.703724554327915e-07+1.350688436425103e-06j),(-4.883266318597397e-07-1.821860684800607e-07j),(0.0025461449796415326+0.0007219469178055374j),(-2.151867955650167e-07-3.1535537078961814e-08j),(0.0009124115499665089+0.00015341380838302922j),(0.00020380435081387302-5.683545567727512e-05j),(-5.087593770372153e-11+3.053366150843506e-11j),(-1.769761476244001e-11+1.1220156292625849e-11j),(-2.858858562459756e-07-7.084135869554763e-07j),(-5.947500991851751e-06+1.1950162416251556e-05j),(0.057043607918369724+0.0006803390317310365j),(0.2808935946170977+0.00024276114229419832j),(0.008746517742554397+2.6271333351057715e-05j),(-2.041775519441505e-06-4.735083228083061e-08j),(0.05614108924005007-0.00263367824421374j),(0.2521360540042605-0.00535303345340097j),(-1.1169698490701032e-11+1.122241874509155e-11j),(-0.011130453443132779-0.0058701171704998055j),(-0.02396937584401776+0.002264065599486j),(-0.024018484137417122+0.0025278237910206624j),(-0.039875559987953196-0.002644069232575292j),(-0.28536462747632374+0.011347288025301744j),(-2.6924659464327898e-06+1.1060663536716392e-05j),(-0.11719591108029513-0.004652277013486812j),(0.056682846776564634-0.023677468979370914j),(0.0013268946355345578+0.00013663519260621664j),(-0.11106198205054042+0.007966904950344897j),(1.026681440257453e-07+1.44771748871177e-06j),(-0.021604598305213683+0.0038856193659549416j),(1.043773016100398e-06-9.713796285795617e-07j),(0.2221304946344773-0.0017876859850779157j),(-0.0714996352319615+0.02878071442353813j),(-2.986104481671596e-06-1.324987322589003e-06j),(-0.12602704049287172+0.005516746952449074j),(6.772093746575114e-06+0.004677542776509542j),(-0.15488394132957287-0.01604283123348521j),(-0.12966326655105032-0.021024354140090476j),(-0.009249860223519587-0.0011968968130615983j),(-8.430650907254611e-05+0.0024014245965341898j),(0.119050444353299+0.012374394652012781j),(0.0007319782601330069-2.2231887496745092e-05j),(-0.004968272490674354-0.0001702009365834498j),(0.0034998345603747608+0.0025310090887289195j),(0.00419767374880247-0.001387520325630248j),(-0.17289801135125887-0.008936157103227232j),(-0.13641536531402731-0.0023791665414229952j),(0.003393498533370815+0.0007077054015567383j),(0.24570893051837933+0.0016477013251108424j),(0.005722033878316293-0.0008389514897920117j),(0.013801997245933192-0.0035817399727559817j),(0.006622479297231776+0.0004345743626500017j),(0.007185873457878578-0.00201478070275753j),(-0.0018580567372254173-0.0040961853358542815j),(0.005590823871112097-0.00022956026730065358j),(-0.02414858198908806+0.007190737459912346j),(0.06599763741848223-0.01769771827365528j),(0.003619329682402551+0.002625108070876298j),(-0.002083395309722875-0.0024465838774474172j),(-0.0069393536633117064+0.002589821539078132j),(-8.102204986152275e-17+3.7561621750352125e-16j),(0.020651743443444462-0.007611403032434268j),(0.02671202384648484-0.018066277052537258j),(0.006839137072358696-0.001755976764523074j),(-0.005390883340394969-0.0008850353187309905j),(-0.04879539136871931+0.0034559482772688315j),(0.044106531736763904-0.0020153864204342127j),(0.006592817517045674-0.002876906907465154j),(-0.0016712534526058494+0.00021372954240182277j),(0.0006084079438548117+0.0023701381176915288j),(-0.005316002591174771-0.000666227962828176j)
55,(-7.380320445543438e-25+2.652716800351688e-26j),(3.5788232668147664e-24-1.5803320642856778e-25j),(2.6473880753712694e-33+1.1563087349048327e-33j),(-7.548018992564487e-33-3.176554058266594e-33j),(1.5032055529491208e-29+1.8363555385431278e-29j),(1.209456466125517e-07+2.5199730178639977e-09j),(9.226715063123073e-24+1.6959592506322452e-23j),(-5.115420744332314e-07-3.5063948246667296e-10j),(-3.3566764681860877e-07+6.96677567322578e-09j),(3.363688279689926e-20-5.794225244675227e-21j),(1.7786983671109342e-19+3.4230024094612523e-20j),(-0.008032644356591671-0.00013161004711984784j),(0.13422709738165167+0.002754427885099338j),(1.1517878451184293e-11-1.8314226837037283e-13j),(0.03449608296406745-9.387401765301e-05j),(-0.5692718880712877-3.4680785493630684e-05j),(-4.3395204686745537e-11+2.3713619362307144e-12j),(1.866848946479704e-07+5.804732887606856e-09j),(-1.3852051754865725e-06+2.1497339467634745e-07j),(-0.0028309058882560034-5.779892397962422e-05j),(1.2110301028583368e-09-2.600008778100737e-09j),(0.012031099897710007+9.80845750883641e-06j),(-2.91271575050437e-07+1.210870137318136e-07j),(-0.3794843557139103+0.010136858629100354j),(0.020361278782268764-0.00035855724340944865j),(2.106361660801432e-06-4.5494661898110005e-06j),(-2.5836644756978046e-07-7.336668220404777e-08j),(0.0009823902884415832+0.00027376602159973133j),(3.3448093917909266e-07+2.5392672725839337e-08j),(-0.0015195119547196387-0.00028097509560181004j),(0.00015961111136623455-7.57993771289315e-05j),(-1.632120292742665e-11+9.72568120696964e-12j),(2.819208946079336e-11-1.6087781478374693e-11j),(-7.899225601071831e-08-2.3682676387493775e-07j),(-4.050353948885291e-06+5.305772919500732e-06j),(0.016066457492929752+0.0005717474877370283j),(0.09306135652025611+0.0008092626394906391j),(0.008101945807698362-0.00017041620855284215j),(-2.032855301951933e-06+5.154551404812852e-07j),(-0.07151476391889054-0.001325850667347049j),(-0.3824044336459995+0.002394070776119056j),(-1.0498624808863598e-11+4.970928584386741e-12j),(-0.021737795440479536-0.006976442304961457j),(-0.008364766764415093+0.0011181661188025597j),(0.03704858433876591-0.0020412443288286668j),(-0.039952879341518616+0.00032843374983492456j),(-0.2623309086997728+0.015810917079475365j),(2.2936340590068105e-07-8.497900823553994e-06j),(0.09054199296714964-0.004496484347288741j),(0.05297559251254022-0.02015374659923179j),(0.00011924752674555977+0.00036818065685003163j),(-0.11213110063847787-0.0013861026523030173j),(4.6977695046954574e-07-5.048904627586684e-07j),(-0.005058951520434306-8.660996694795364e-05j),(-3.7949874896135177e-06+2.4132450374066985e-06j),(-0.015747350772927264+0.00722902262251434j),(0.024304575642477864-0.009266971979231485j),(4.867677717679449e-06-1.8829053752306228e-06j),(0.29959415982163284-0.0074302982687078495j),(-0.006339429306464294-0.007962256487904155j),(0.172263591036475+0.04440948432809524j),(-0.10209464937987547-0.010029396389116763j),(-0.007741283337873231-0.0005292403796111132j),(7.401306046581145e-05+0.0019450441528302885j),(0.11501869248036761+0.012192618701986367j),(0.0004431918173424874-0.00024994400434201036j),(0.0023217575965765146-0.0001722966971782972j),(0.0014641316452722833+0.002396937631579863j),(0.0014886981487986315-0.0010393654517500451j),(-0.04299623548253785-0.001218613171708894j),(0.22299672858502143+0.007111716148847112j),(-0.004825035072736299-0.0002721466550580417j),(0.20090182868745024-0.004673118066664164j),(-0.0007312654912231416-0.0003187111896972616j),(-0.02370417723597631-1.1368547425541844e-06j),(0.005668580943706902+0.0005343115687484806j),(0.010750001800236655-0.002412361310583507j),(0.0024303135985979376-0.002376723862203422j),(-0.003569915120287845-0.001970538429126479j),(-0.021690090306626376+0.006775745514144137j),(0.060401578636321854-0.018125765444759176j),(-0.06948392315099061+0.00027195134352267893j),(0.014475243336670541+0.006217939550382191j),(0.025507945318178658-0.015437760971264619j),(-6.3674556396077146e-18-3.7517438692256623e-17j),(0.024782183093327508-0.005233808432998551j),(0.026204768965309433-0.01671980534448249j),(-0.027452417665122728-0.0022906563943277947j),(-0.0004414258112082174-0.004416379295525106j),(-0.04479805730852812+0.004880813564700375j),(0.042093545325107125-0.0014655627736771294j),(-0.012567448995547945+0.004845576035101966j),(0.0004552724056429609+0.005498100470094034j),(0.002161810443856492-0.00013441928850244097j),(-0.007971305078025027+0.004834496772898413j)
56,(-7.252074437435843e-27+4.0488132444826405e-28j),(2.342193442195328e-27-1.987572152901169e-28j),(2.7183953078632857e-35+1.7455649436464044e-35j),(-1.0651150169389278e-34-5.343661505055987e-35j),(1.4602616650124154e-31+2.844725514513635e-31j),(1.1990585905829337e-09+1.190586516830344e-12j),(-9.123757111403819e-26+2.653406338731864e-26j),(-3.3824421096723935e-10+1.349781651113669e-11j),(9.333144560849992e-10+1.168613436623333e-12j),(1.728403824112588e-20-1.2845041900880374e-21j),(9.244001617377988e-20+1.7657209018377083e-20j),(-0.03277970784882931+8.824500486830089e-06j),(0.03592794715946287+1.3405787564682928e-05j),(3.742676104455806e-12-3.0824944418039373e-13j),(0.009874678996980473-0.0003660972013825761j),(-0.010108467182746798+0.00041502205972587336j),(-1.189433494956282e-12-3.5578979888200404e-14j),(2.2157868344794188e-07+3.9108120871586514e-08j),(-8.510901607845243e-08-2.8825805599913007e-09j),(-0.0018594998930267048+7.185880452915266e-08j),(9.574502252759558e-10-2.043062478939775e-09j),(0.0005273941773050724-2.1555647610491905e-05j),(-3.169685831912397e-07+1.0039264159606967e-07j),(0.028071439215674614-5.823500985688984e-06j),(-0.02609001082320141+0.00014549812043707262j),(4.904918128880849e-07-9.918750478879673e-07j),(-3.818758665277944e-07-1.9855933880819353e-07j),(0.001340853214051279+0.0005743912262150628j),(4.3182222615376835e-08-5.939614885823706e-09j),(-0.00015386337853481497-4.511724949967661e-05j),(4.161833608390243e-05+5.5844424989104275e-05j),(-5.8157552537223246e-11+2.998044453568294e-11j),(7.268768262604397e-12-3.1176883322245693e-12j),(-3.5529945590641265e-07-7.152950118429269e-07j),(-5.489417790143257e-06+1.2987961983638802e-05j),(0.1534581406557777+0.0004520363632801623j),(0.2814049286254904-0.003470402399898473j),(-0.0014932218012226044+3.9716334615155216e-05j),(-4.982354779823876e-06+4.359406967190706e-06j),(-0.042278493635416546-0.0009247351387465172j),(-0.07775920813662573+0.004645360976514336j),(6.800171175437248e-12-5.42572725287663e-12j),(-0.08751114495291511+0.031146754438983675j),(0.6080760828669185+0j),(-0.17610482676362849+0.005369040466718947j),(0.12259880262346436+0.000874535142937588j),(0.25236132177043274-0.01539249945288726j),(-9.646682877478925e-07-7.1676198427915e-07j),(0.01289119979411547-0.00020849198219676564j),(0.4660064447262996+0j),(-0.0010414637167220548-0.0001995552621889481j),(0.1292645120226873-0.056902896489739625j),(-2.6489031132965183e-07-5.605287283678255e-07j),(0.014787153395031165-0.0025851999007581645j),(1.741765070419252e-06-1.992368047013757e-07j),(-0.11696771678704039-0.007382449940310906j),(0.02855651020195255-0.010174400238718649j),(-2.394693773989541e-06-4.1809418011506596e-07j),(-0.08852359520544781-0.011819399966326534j),(5.3320634466837396e-05-0.001478715466056265j),(0.04078781045285457+0.007112281558004231j),(-0.06702661918628491-0.0044942614844619005j),(-0.0047040627394528255-4.3381588225393196e-05j),(0.00017260166024230994+0.0011325421812433036j),(0.0792131335589284+0.01481572151579446j),(0.0002796647439734671-0.00013916612831675585j),(-0.0012183790142237783-0.00017814251934367487j),(0.0031666503558257716+0.000758820371564652j),(-0.001447603669636329-0.004324003123807141j),(0.18201518673014527+0.008773685978502255j),(-0.05710302212848062-0.0027716050456478448j),(0.0006144132793452404+0.001166892943034748j),(0.076177418701951+0.011304810586483652j),(0.00490876301405943+9.66812776126998e-05j),(0.2104814778880496-0.006747234175305306j),(0.0012695245665866506-0.0005801545115677246j),(-0.04281182583421292-0.0089163909059316j),(0.010643820639632236-0.000632213337373977j),(0.0032536885777004103+0.00019141267345983756j),(-0.02041176800704738+0.007939815540457432j),(0.08710879979757036-0.0221590628298775j),(-0.0508693873226022+0.006804200582798066j),(-0.0009403098259100653-0.0018467906199117635j),(-0.007230495898539887+0.005889308191209222j),(2.9695266722455697e-16-2.808566580231851e-16j),(0.05207355139796477-0.01849756009803774j),(0.03783920405647546-0.020388612534911733j),(0.0035213429524533144+0.006232416248895052j),(0.007775174032770176-0.0009874696666725682j),(-0.07248339307326615+0.005938512616717613j),(0.11775064382490008+0.001166003072311142j),(-0.003118531880864972-0.0033821639731180767j),(-0.0017020644292365635-0.0039576229106571305j),(0.0033057940122917817+0.0024648918275606392j),(0.006345140236454654+0.0011020806888175421j)
57,(5.7196724761464614e-27-2.8760629970338112e-28j),(5.7473316604280056e-27-3.50972164289924e-28j),(-2.3475291946320565e-35-1.0910127984456983e-35j),(7.607794975445642e-35+3.816459372393283e-35j),(-1.526577700915726e-31-1.6837900820808245e-31j),(-9.453856220602092e-10-6.167836459021968e-12j),(1.0885444145446265e-25-4.7888817548467384e-26j),(-8.285807481245761e-10+1.3400025951950347e-11j),(8.853245351175956e-10+5.47673094804455e-12j),(-1.3741565256083632e-20+8.771707722107638e-22j),(-7.336200966561018e-20-1.450372653316753e-20j),(0.026121911086231683+0.00013380593937831545j),(-0.028317645437967644-0.000166379227537582j),(-2.92371460034443e-12+1.8426917557186383e-13j),(0.02239628621238251-0.0003884836746942816j),(-0.02493654195407673+0.00041457573104726063j),(-3.2058056085872466e-12+2.941421051010096e-13j),(-1.6155456004647629e-07-2.4232085729058287e-08j),(-1.463350640976405e-07+2.7477764615280174e-09j),(0.0014667882588075478+7.91124257269938e-06j),(-7.008660369441577e-10+1.7004755210917438e-09j),(0.0012959810639815211-2.27819401279368e-05j),(2.618270149481921e-07-8.648724225732107e-08j),(0.027641128317574037-0.0001296216961330643j),(-0.023227562318590203-0.00022607525207238906j),(9.35450440071816e-08-3.0433322273272714e-07j),(2.7282501179938946e-07+1.527994001187589e-07j),(-0.001036929737339873-0.00043977354710171123j),(9.057989059446456e-08+2.3684986913518322e-08j),(-0.00028439361641861-6.495660996695096e-05j),(-5.3759931485388664e-05-2.1657664523367346e-05j),(4.441521353720627e-11-2.3275448801859223e-11j),(1.565602455041178e-11-8.884979196034652e-12j),(2.7764552635684955e-07+5.545352157432599e-07j),(2.6860550862216625e-06-9.629176918189351e-06j),(-0.1297604963140544-0.0012018736544800075j),(-0.21568996551185518+0.0005285883331924562j),(-0.0014760299484449719-8.07422732457166e-06j),(3.76148116426078e-06-2.8943778695740853e-06j),(-0.11218355883550175+0.002869540584687809j),(-0.19992572491708205+0.00528861094272097j),(4.825648657188666e-12-7.22138832765741e-14j),(0.05649298516757936-0.021886030175767384j),(-0.4819899096715403-0.0018478110434262396j),(-0.4248939717716622+0.004642301154751838j),(0.09257265450144747-0.006792051136855432j),(0.2414215629950708-0.013963394309623789j),(-8.561446354321051e-06+1.3297602393680433e-05j),(-0.10934208543715059-0.0058264892177855646j),(0.4535550945217778-0.019159133941406503j),(0.0005921490009195774+0.00020920172663222277j),(-0.06920647358331379-0.02958620576834005j),(-8.408089214322637e-08+4.029463066180603e-07j),(-0.008103119148887821+0.000888530580141459j),(-2.859280442523525e-07-2.4959584600604695e-07j),(0.04214689247114494-0.004757952895950726j),(-0.015359525347839506+0.007218050594103255j),(-3.496094723739368e-06-7.268038103445094e-07j),(-0.010417192723254427+0.01412124644666922j),(0.0017907115432596811+0.006558234021198019j),(-0.2186219517450636-0.004356552839579128j),(-0.10272420812055633-0.017457822553755338j),(-0.005596037782059377-0.00038062492115107554j),(-6.56446422066395e-05+0.001467204174358973j),(0.07756819666958717+0.012766286522908628j),(0.0003785856994686519-1.228261754527543e-05j),(-0.001354200797230751+4.206506621983586e-05j),(0.0011633493393875605+0.0014074955665348183j),(0.0028394541927519047+0.0011092023892582997j),(-0.14583986953768005-0.009578815544544664j),(-0.11102741743169214-0.003372191334994175j),(0.001840041440737591+0.0017487994068719325j),(0.14223561670738621+0.0033544982530953338j),(-0.0005123701816969524-0.0005891907845950448j),(-0.04445741881458718-0.005102550047255744j),(0.006616540792964414+0.0004733058444874594j),(0.006017684457021388+0.005894742623953502j),(-0.0018423696864543143-0.004147222554224403j),(0.005704316847225704-0.0002537623082622025j),(-0.028078010780830553+0.007978463201752701j),(0.08976188851936148-0.02135113367144026j),(0.10633685446506587+0.004316255858298908j),(-0.012253537524082633-0.007146093388724878j),(-0.024221756242073636+0.011873511490291653j),(-1.7491384051727583e-16+3.648386312763773e-16j),(0.04401874907100276-0.019818213330909173j),(0.033083001316746255-0.021444800249935107j),(0.022455897025340864-0.0010515915898695796j),(-0.010370025563976985-0.003377014441269463j),(-0.07599047644023092+0.004262029556331912j),(0.1208945175196594-0.0018973077283689008j),(0.009602300664266757-0.0005070405159821064j),(0.0027046937915033526-0.0029854765273542817j),(0.010084948286688399+0.005376621522920824j),(0.011792392548476173-0.0005438764821570374j)
58,(1.8147883452522284e-27-6.482895767795751e-29j),(-8.790265049353947e-27+3.864635473266221e-28j),(-6.981420417925637e-36-4.6911905194548015e-36j),(2.471872715239168e-35+1.716226465146892e-35j),(-2.4356927089084333e-32-7.762184559405253e-32j),(-2.9972194964218294e-10-6.310848792551033e-12j),(5.901519951763988e-26+3.8572609785902604e-26j),(1.2665415536303807e-09+1.0976241315944057e-12j),(8.229868870010691e-10-1.4405929893692655e-11j),(-4.300557997139312e-21+3.6491822368665394e-22j),(-2.2486819445529612e-20-4.711090108587427e-21j),(0.007937053927024589+0.00017353266828499343j),(-0.00899884211701224-0.00018684970597402208j),(-1.1388607352287025e-12+3.483376226356722e-14j),(-0.034992444994578854+1.2157772586660065e-06j),(0.03804784373255387+1.1916545031466844e-05j),(4.788192532599334e-12-2.0157300204558255e-13j),(-4.5924836249229337e-08-5.906214140122214e-09j),(2.3754452064320694e-07-2.3706743126043673e-08j),(0.0004641807127173939+9.175457622466281e-06j),(-3.2341117499263777e-10+6.027339527412979e-10j),(-0.001979390362720661-2.400360351539031e-07j),(8.18223557790701e-08-2.670387980667999e-08j),(0.025495514237408617-0.0006864329818914942j),(-0.02347687514536969+0.0006688711531420482j),(-6.768836383060114e-07+1.4288704762225416e-06j),(1.2617443839482522e-07+5.728765677786662e-08j),(-0.0003742848176247078-0.00016299897901088638j),(-1.4472206428734577e-07-2.1785959920697117e-08j),(0.00047714449079767305+0.0001286665542999898j),(-3.4830966322634246e-05-5.957367544594682e-06j),(1.6334127426648652e-11-7.1354316427603095e-12j),(-2.5284348551585027e-11+1.2369685264175122e-11j),(8.85915677239652e-08+1.920108927555766e-07j),(2.3034750084708817e-06-4.252381286483121e-06j),(-0.03286253468960413-0.0010530668748082485j),(-0.07618879517047474+0.0005527769528189917j),(-0.0013617089543519517+2.4705321317041308e-05j),(2.294124343747572e-06-1.9268609836859385e-06j),(0.16339844943210124+0.0010771958974568202j),(0.3023181508328998-0.003437927824863088j),(8.326048346235892e-12-1.101698743613658e-11j),(0.046585537809148085-0.006104906309201129j),(-0.1509425966019516-0.0052305187154737115j),(0.6483536349878543+0j),(0.11597710475879638+0.006632975369601366j),(0.22148099062466736-0.019120199327666683j),(-4.0155389565086325e-06-4.855086805663004e-06j),(0.0761199659824036-0.006468600805688434j),(0.42887978087524903-0.027988671724689107j),(-7.80439315118207e-05+0.000349535926442305j),(-0.09071660967789698-0.03360654318752887j),(2.635660296071345e-07-3.700909173995575e-07j),(-0.0020155420153935718-0.0007508708744356583j),(-1.504011709131734e-06+1.2193688439178253e-06j),(-0.02649647577065438+0.004645669255074207j),(0.018960754749077425-0.0072443910389863135j),(1.060862967580723e-06-1.0398391684156473e-06j),(0.1445712814398181-0.004192997625165569j),(-0.0028329879518748883-0.0037665063558531466j),(0.07706236111415879+0.024912047787999755j),(-0.06190019690786204-0.005308996090174642j),(-0.0024205214832982843-0.00010914660426977491j),(-7.882210784132041e-05+0.0006942438235220741j),(0.07697694010649224+0.013161361928294903j),(0.00021921666243242252+1.9898654577228133e-05j),(-0.0012643600074918678+3.9560699256371184e-05j),(-0.00013067758962309774+0.000753251184053514j),(0.0013309190225427208+0.00045552804534147045j),(-0.03686915207852608-0.0015269197557707549j),(0.18734169407752016+0.008502724643804221j),(-0.002657128155595167-0.0033216411370481256j),(0.0780607309495709+0.004462641035589222j),(0.002259189954218682-0.00047470042646590696j),(-0.10805620188988614+0.007008453301736174j),(0.005659174505368739+0.000566574689787483j),(0.038418445892157004-0.005412048377095588j),(0.0024750046037133435-0.0024014506127417673j),(-0.0035834593119191717-0.0019991403248123306j),(-0.024829446704988937+0.007509149775437597j),(0.07931130885819168-0.02189117928134881j),(-0.183016930328814-0.019318805148069874j),(0.024509427848877732+0.019808157463359226j),(0.06198692131086617-0.028294687566975j),(7.484838017594622e-17-1.1478375419592512e-17j),(0.04355421634831537-0.014907673637329883j),(0.031398813049550396-0.019580042400352646j),(-0.04526298072127348-0.005643496853156852j),(-0.002721374278003691-0.007232643815902652j),(-0.06623252353571697+0.006576351048240916j),(0.1006333529033891-0.0042690152340005005j),(-0.020692391357588717+0.010273868627251385j),(0.003472059434609273+0.006440676900246207j),(0.009629231340872237+0.0008337576123110161j),(0.001070091031992371+0.0068064588007296055j)
59,(-5.322925592341163e-26+2.9718044754336886e-27j),(1.7191202292033826e-26-1.4589105707654975e-27j),(2.8938654895087787e-34+7.122865645941931e-35j),(-8.979714508241713e-34-2.600065316573367e-34j),(2.294321009794453e-30+1.622951604787215e-30j),(8.80212876107923e-09+8.734815962368264e-12j),(6.055575870905157e-25+5.427186760575677e-25j),(-2.4829925494540367e-09+9.909648508069401e-11j),(6.854338028664398e-09+7.010211260511237e-12j),(1.4984777698151692e-19-8.326543252651305e-20j),(7.323554279896571e-19+1.2850555321724925e-19j),(-0.030748607667091282+0.00015080523808130332j),(0.5459713980499565+0j),(1.3669140453071092e-10-8.636560394891397e-12j),(0.00859913080618444-0.00038119981130618373j),(-0.15421815181286724+0.006368226694577704j),(1.927968835100353e-12+1.4446367180447547e-11j),(-4.286620015364883e-06+5.135474969951773e-07j),(1.8765355628604756e-06-4.264810867697709e-07j),(0.0014115274356229397-9.310063718990429e-06j),(-7.162172792523656e-09+1.3962797872264898e-08j),(-0.00040759624439655267+1.8703213049669934e-05j),(1.8348658511862654e-06-6.11210912146619e-07j),(0.4247007715211656+0j),(-0.021017970894895027-0.0002605992955638835j),(-1.9221768009385342e-06+4.1999910098857274e-06j),(8.491753747161209e-07+2.485373136716443e-07j),(-0.0045796695120975586-0.0010784158533386082j),(-1.258329147586954e-07+1.791962904417594e-08j),(0.0007812416242055773+9.282338947716419e-05j),(-0.0007171155529771323-0.0001550360567858641j),(5.317032828195524e-11-3.6265156306657266e-11j),(-6.39119389395932e-12+4.239986242544405e-12j),(2.416084081616016e-07+8.122681864346084e-07j),(2.462178707893172e-05-8.225851780399418e-06j),(-0.07301986986137998-0.000486787325636482j),(-0.3247681765031307+0.002075256707472342j),(0.0013044222153078605-9.464597591966179e-05j),(-7.895407719396152e-07+1.480273574724123e-06j),(0.012513829589671892+0.00204876306097492j),(0.09099405978954171-0.004518869169152728j),(-1.1514164908147622e-11+8.115947541208119e-12j),(-0.021499519658238583+0.0011139708928095977j),(-0.05840091296238096-0.00043179659371550896j),(0.015827651514164102+0.0004683265298527396j),(-0.04928693040304175-0.0009901504137813516j),(-0.25820827931899587+0.008856796607597403j),(5.707699041943224e-06-6.638972812333567e-06j),(0.03896203576517759+0.005907785153267439j),(-0.014755983090806606+0.008786350480863509j),(-0.0015314123618320645-0.0004096267777629307j),(0.2206339575907163-0.035714544228708664j),(-5.318625634081031e-07-1.0137596204582605e-06j),(0.026476901636412448-0.004477655435522703j),(3.89739211551089e-06-6.733331188871811e-07j),(-0.22243400643319913-0.012214884847063727j),(0.05338238780713126-0.01925708676113976j),(-5.6441710138833926e-06-2.8986607309155096e-07j),(-0.1963698130642664-0.01604579779566609j),(0.0018730689402353237-0.002756195104898776j),(0.09219864080098057+0.006973981326903314j),(-0.10440046368494835-0.002664344833796718j),(-0.004406474646621016-0.0009142463596859423j),(-3.731279192431178e-05+0.0012759961231267353j),(0.13203301837793036+0.014223449220725486j),(0.00042721745261883003-0.00010448520379783587j),(2.555157758080686e-06-0.00019815519187752224j),(0.0007010231087205591+0.002803797429509293j),(-0.002737203848831482-0.0031665035807744274j),(0.21715389189571735+0.007008782045338488j),(-0.07228109419575225-0.002531235398282778j),(0.000997530121087346+0.0009582651658954752j),(0.23037466338684087+0.0013573118784828558j),(0.0015801081479471174-0.00032636911984719756j),(0.05596939140334915-0.010965759871061348j),(0.0002947207071923334-0.0008512491953237006j),(-0.008991495686166443-0.0010428274028484908j),(0.010798150885569848-0.00044499317450757297j),(0.003240909845197979+0.0002453208736797269j),(-0.013964577415760524+0.006998077820472213j),(0.058985936072443214-0.01867710875695661j),(-0.024511706064495615+0.008286159890476803j),(0.0018846764033791001+6.659132707104611e-05j),(0.0005547693899524076+0.0022081765467651987j),(4.3839947850527427e-16-3.496901339880554e-16j),(0.028510621031308418-0.008200094810131932j),(0.028653735400451782-0.016513343500241296j),(0.00548761324302679+0.0026590065008032246j),(0.012337674948901707+0.00025016819436064416j),(-0.04393162659528164+0.005699744714020784j),(0.04828726409823044+0.0008534801227055543j),(-0.005144015337564936-0.0051275632196285705j),(-0.006297852349279672-0.0016682045002145427j),(-0.004006256622396958+0.0008436544246663228j),(-0.006094056664567052+0.0010608956210180758j)
60,(4.1981764883169456e-26-2.11095155030048e-27j),(4.2184033832934267e-26-2.5760395812863246e-27j),(-1.7296768669635909e-34-6.109894841516213e-35j),(5.631439623753357e-34+1.6822543062796196e-34j),(-7.78498493286108e-31-1.0338309362627725e-30j),(-6.939971397443136e-09-4.5285082092718104e-11j),(1.1591450382461894e-24+9.363855088887313e-25j),(-6.082431422207995e-09+9.836610859816232e-11j),(6.496119500993557e-09+4.139987740391636e-11j),(-1.1867838223083852e-19+6.367534944618985e-20j),(-5.801219310600887e-19-1.067665254225938e-19j),(0.024282167345007592+1.2114330076806734e-05j),(-0.43065172777824695-0.002378222308297262j),(-1.0615081536568166e-10+5.662084990697014e-12j),(0.021634853010634215-0.0004322874097167336j),(-0.3787860508415232+0.006397256170626302j),(-1.51696477944439e-10-6.1022427449543865e-12j),(3.4728017615145204e-06-2.833390271410597e-07j),(3.9208443047498575e-06-6.993596124848584e-07j),(-0.0011136520845405474+6.326536172998002e-07j),(4.577721557507087e-09-8.836488238146172e-09j),(-0.0009983122150188308+2.4518860093171663e-05j),(-1.296051028863323e-06+3.867371151590225e-07j),(0.4162583253335213-0.0015465894212081666j),(-0.020953647680696068-8.121411809919755e-05j),(-1.2445648032980445e-06+2.9518824806556497e-06j),(-5.160929556581793e-07-1.744847383528497e-07j),(0.0030790791111033524+0.0007465687591525764j),(-2.865960763446516e-07-2.4208689498288134e-08j),(0.0015400501531310704+0.00014858649614062156j),(-0.0004047367495937693+1.7643583554287405e-05j),(-4.379869029452655e-11+2.789324506620281e-11j),(-1.5091326706260122e-11+1.0223846018280562e-11j),(-2.5827544835513483e-07-6.243893433071546e-07j),(2.3263328801417543e-06+1.4193847407952528e-05j),(0.059548205507264064+0.0006321201769155776j),(0.25173216817127525-7.312981757632425e-05j),(0.0012643740834632252-2.4176929322222197e-05j),(-1.6410412000826429e-06-1.7655420604885912e-07j),(0.05713215674725417-0.0024921168537271436j),(0.22696542733892425-0.005185674213610096j),(-1.290928747662656e-11+1.3433357025397639e-11j),(-0.008925374326858948-0.0026517715311810647j),(0.044380004116203034+0.0019259528516419877j),(0.0356298433445594+0.0017085285475804193j),(-0.04108885963450218-0.0013725766190333163j),(-0.2637875890542705+0.012615959885807132j),(-4.364559864119023e-06+1.3965654595258346e-05j),(-0.14213466936959462-0.0039005495230035325j),(-0.008054698516403686-0.023691232363856143j),(0.0014987903751246107+0.00018383635635598334j),(-0.1296678129550194+0.0155379909537526j),(7.888018349716186e-08+1.4943429817509186e-06j),(-0.02275379372971078+0.003964695568471545j),(1.3035734331427439e-06-1.0036926558099705e-06j),(0.22475852786496509-0.0014250877392966987j),(-0.07308920951414885+0.02920064274109596j),(-3.4729730871502305e-06-1.4151339895193199e-06j),(-0.1390406606241958+0.004757908607912906j),(-0.0004209177995557552+0.004276550611729567j),(-0.14257050164587795-0.01656152225697271j),(-0.1429633796070655-0.01928708044625215j),(-0.009492478626517887-0.0009709877934135245j),(-4.6542335602299324e-05+0.002468469445534017j),(0.13100171790292597+0.011937986622828883j),(0.000729099449280083-4.17402793961422e-05j),(-0.004502437407860528-0.00012104369138681644j),(0.003386049731462999+0.002550542906439708j),(0.0038865481747186494-0.0008893627069569304j),(-0.18002159367377144-0.008788227177160594j),(-0.14335905913673355-0.002105013271201314j),(0.0030486556036722085+0.001034070558631205j),(0.2514552343200351+0j),(0.005107358306614754-0.0009018738474060415j),(0.020112803166886566-0.003343310993812105j),(0.00628087150750227+0.00020728299609942737j),(0.003809547368548107-0.0024324022087717683j),(-0.003181351205955755-0.004069366263820817j),(0.006139573775672984-0.00033131893550645674j),(-0.02202662443791558+0.007215489421422875j),(0.05951762838828162-0.017669326905594324j),(-0.007886349692098131+0.0021010161017435444j),(-0.0002992389664848676-0.0035096467254420193j),(-0.007479100878384297+0.0006663583729671577j),(-2.1106836805142252e-17+4.596281186585734e-16j),(0.01583029209059912-0.007281323877662709j),(0.0228558274503112-0.017221753794365535j),(-0.0038063383407808925-0.002042999502073983j),(-0.0052570903837377315-0.0009031421198575102j),(-0.04468156543093448+0.004117237211266725j),(0.03980767523655914-0.0037086435637830786j),(0.003882505883815151-0.0016961130837353723j),(0.0010543407460934541+0.0023795883853498785j),(0.003328007531861106+0.0022647987772313745j),(-0.005942436652253512+0.0005027384316635655j)
61,(1.3320323765682927e-26-4.758877500812065e-28j),(-6.451858745674954e-26+2.836599955158712e-27j),(-5.515391975101921e-35-2.4089762226580645e-35j),(1.8258481696665624e-34+9.159638794159316e-35j),(-4.628893094760741e-31-3.27437604422004e-31j),(-2.2002224473098585e-09-4.631865310757403e-11j),(1.7236614395018835e-25+3.416621623947822e-26j),(9.297435228500801e-09+8.04927492191949e-12j),(6.039556822914327e-09-1.0493028306749795e-10j),(-3.8546912498469264e-20+2.211171063359519e-20j),(-1.791174362813642e-19-3.3399886584250283e-20j),(0.007654821541018814+0.00012153577535449793j),(-0.1364316382606938-0.002781453582068806j),(-3.768862540482695e-11+1.2735198260635728e-12j),(-0.03282085116294415+9.793835774691943e-05j),(0.5786334473363258+0j),(1.6195368486973906e-10-6.007021161517315e-12j),(1.2352553372364574e-06-4.580427516396265e-08j),(-6.466336333067078e-06+6.554314174579332e-07j),(-0.00035389532724344156-6.327609199137922e-06j),(2.489770196163075e-09-2.305157258155968e-09j),(0.0015271110296505917-8.428995513402719e-06j),(-3.1396421839911593e-07+6.3518061432843e-08j),(0.3857002339961848-0.010293299016211926j),(-0.01914010875006538+0.0002989636508982079j),(3.3340599357886275e-06-7.0504222047562335e-06j),(-2.8488610171096525e-07-7.03903794405044e-08j),(0.0010921464909213953+0.0003129747426241561j),(4.27264839974591e-07+1.6567549042044596e-08j),(-0.0023807112164115803-0.00030504648638372594j),(-0.0004005665153091092+8.222997367269614e-06j),(-1.4476067408792642e-11+8.98884916319326e-12j),(2.4240133514746787e-11-1.4659823178243423e-11j),(-8.454411613561624e-08-2.0516592297981336e-07j),(3.4497280807426315e-06+7.843173635615894e-06j),(0.01643707785827398+0.000557903424777983j),(0.08384981506414128+0.0005753339753473349j),(0.001167845990891004-5.716290628952274e-05j),(-2.068581813801808e-06+4.0482373386274375e-07j),(-0.07477103054801146-0.0011616416992677042j),(-0.3442993477370971+0.00262838272431333j),(-8.530557878134698e-12+2.7362859970582185e-12j),(-0.018782235627280618-0.005434002675770022j),(0.013351426373086289+0.0013674002927267746j),(-0.05444017366276715-0.0020754806561078566j),(-0.045179194082058144-0.00045350514917198454j),(-0.24162860083231738+0.01644875808071547j),(1.197846355887823e-08-1.0307513010354022e-05j),(0.11186813992955141-0.004951187196925291j),(-0.006781659525256911-0.018773931426822547j),(0.00017462433823672692+0.00043173597269002427j),(-0.1358634360993752+0.004818188441075413j),(4.982430109827485e-07-5.520897890016772e-07j),(-0.005372686253133405-0.0001724119458144293j),(-3.662486158664696e-06+2.4581592658081202e-06j),(-0.02196008806027919+0.007684165224295615j),(0.027112350191023836-0.010270062839603892j),(4.3986781655570235e-06-1.9986128266459384e-06j),(0.3012625694449959-0.007675420574760436j),(-0.006743794324989706-0.008262191912957267j),(0.1802414772612203+0.044960354095132465j),(-0.11562886277316992-0.008393599568240033j),(-0.008092447671274289-0.0003524420966482468j),(0.00010550710574482814+0.002044143347456184j),(0.12616907413979705+0.011657806276439565j),(0.00046955177104732074-0.00025106611216506026j),(0.0019958765798999685-0.00016331185032286949j),(0.001602374142592003+0.002423899659594597j),(0.0014227684574052183-0.0009324215751207877j),(-0.044548746313536405-0.0011709775127427251j),(0.2333345826879865+0.006749438609883827j),(-0.004333223672717212-0.0006926510440763598j),(0.20951204295865283-0.006780535801644408j),(-0.000378891293768817-0.0003781305499050919j),(-0.01442179616799017-0.0005682960590308638j),(0.005395651384060503+0.00038947189119964464j),(0.008110816397459666-0.0024867630797693403j),(0.0018413948220001605-0.0022407795996034073j),(-0.004996110938818777-0.0019596655196236325j),(-0.01988910541620482+0.006710455228682147j),(0.05429674648403568-0.018098496024190506j),(-0.0595473734839784+0.0026788649758936116j),(0.011028204447282225+0.0036078589378560756j),(0.01726026940841792-0.012530132790219185j),(-3.115567793763148e-17-2.946283112121583e-17j),(0.025149436888329095-0.005379205108785735j),(0.02308122175354635-0.015798752171290915j),(-0.020564750361798997-0.00011513181388818697j),(-0.005135124038309171-0.0036954270725763714j),(-0.040828414580886666+0.005687686611960935j),(0.03872378477311126-0.0018006603521434732j),(-0.004859319423395798+0.004274133622056603j),(0.00043050908361979336+0.003684657891495928j),(-4.9780416879148804e-05-0.00034504342513482736j),(-0.006163411063136352+0.0032689508062165645j)
62,(1.3728495878729246e-29-7.641333654626274e-31j),(-4.431368046105971e-30+3.7502754817599985e-31j),(-7.209970897894603e-38-1.99466522438379e-38j),(2.638654178032332e-37+4.868127660238975e-38j),(-5.666131389423569e-34-2.8285584822081347e-34j),(-2.2879966866733526e-12-2.6553822964522083e-15j),(5.708574413723513e-28+2.796414897241946e-28j),(6.452623158983973e-13-2.5610106726686395e-14j),(-1.8267489882458595e-12+2.1523352207216362e-14j),(-1.563166769366187e-19-2.1694536861492946e-20j),(-8.126147198012387e-19-1.7003088769716772e-19j),(0.5954863376880853+0j),(0.035033731457355624-0.00018348502460946783j),(1.9206028476491494e-13-1.5648321121369123e-14j),(-0.1789426358827035+0.006663041453897178j),(-0.010598082229557295+0.0004253866972649353j),(-7.073576344849808e-14+3.3274447767605705e-15j),(8.452835886911226e-10-9.155853900303808e-10j),(-2.584587014482912e-09+9.563231539849737e-10j),(-1.1730771406786238e-05+1.9527144028872606e-06j),(-2.58017429840569e-11+7.97757832484977e-11j),(7.159231534679691e-06+7.444820329778091e-06j),(1.406191381275289e-08-4.600531004973481e-09j),(0.024539292045710384+0.000231145319182351j),(0.46852103210280427+0j),(-3.918016191179293e-08+7.292971145784118e-08j),(5.339152812326307e-08+7.074285518797526e-08j),(-0.00010798111743032463-8.38176173906547e-05j),(-6.537677955991833e-09+2.0276992551542266e-09j),(8.571486277338327e-06+4.042880526376059e-06j),(-4.724134423615948e-06-5.175941877245582e-06j),(-3.457501371687866e-12+4.296612516759111e-12j),(6.926879914441446e-13-5.824165863310996e-13j),(-6.899219594008266e-09-8.511245580941536e-08j),(-2.0157394643417507e-06-6.15340574942065e-08j),(-0.21855313503872179-0.0008213620915226184j),(0.035903356512788115+0.001037509365619839j),(-4.839996232420478e-06+4.38408634978886e-06j),(8.271536208408544e-08-2.9581322801888233e-07j),(0.08479243118058602-0.0028804089020626686j),(-0.013308977936224325+0.00025602234591861305j),(2.2933262373191957e-12-9.670068799023305e-13j),(0.004343277853417952-0.0029114228031595158j),(-0.041915275051148816+0.001011103071438979j),(0.01594438502330099+0.0018784936253632414j),(-0.1838696212474683-4.77981776321329e-05j),(0.02206273497026851+0.0013510386963940073j),(-1.015001701056833e-06+1.7274512182657272e-06j),(-0.012351266924925938-0.001338154878729101j),(-0.035879822497059594-0.004456968162588228j),(0.0005926684859299254+0.00010108106678312634j),(-0.07554224401211206+0.016855289982404754j),(2.8415346023224777e-07+5.23852911401754e-07j),(-0.011520710632478285+0.0023786387313330863j),(-1.8169497028007968e-06+3.494411026286198e-07j),(0.11788955926580688+0.002318325790866129j),(-0.02924057679091143+0.011668054028086487j),(3.73874476980303e-06-3.4703065144690044e-07j),(0.08206421246260123+0.0024244282227233113j),(-0.0030561621019752874-1.8150010541838e-05j),(-0.01009179476225189-0.004262210904245461j),(0.021166332536423027-0.0007476617357029015j),(-0.0034703446915433124+0.0011347796249896328j),(0.0004493269985169481+0.000521224283745647j),(0.04475251094915811+0.013640908861689872j),(-1.5836002921827984e-05-0.00016545091385452578j),(-0.0025390744071174384-0.00018459109179495007j),(0.005825895648083782-0.0022450767042401258j),(0.0004459214414178881-0.0056568123108685755j),(0.1572570733701697+0.010111236986085972j),(-0.045668307015396356-0.003112799409298289j),(-7.619647313838443e-05+0.001301360877671058j),(-0.16073245314341716+0.015196266357586918j),(0.00838974853467079+0.0007525763638927534j),(0.36057217221424803-0.0004457702379861636j),(0.0012638887233956664-0.0005480303064084242j),(-0.07431625755732076-0.016906346049122473j),(0.010735097095860182-0.0006436796513239547j),(0.0033254114248624234+0.000179020835645883j),(-0.023780680734353167+0.008738196177428234j),(0.10977563329688983-0.025861704769822483j),(-0.06815654836892512+0.003419995201364708j),(-0.0036646271993376793-0.0003922928157165314j),(-0.007947720278144147+0.009602232755762436j),(1.8855981002937125e-16-2.533228893957342e-16j),(0.0760863584261957-0.030549096294836972j),(0.044178297793753846-0.023500649691183706j),(0.007641691959408892+0.008606854956615909j),(0.006598729626710342-0.0030162672444900593j),(-0.09854865114100846+0.007168215648743349j),(0.19310043626617593+0.0006670953538186059j),(-0.005256677238984502-0.001337864650942465j),(0.001272207449781085-0.007345891170129225j),(0.01136261844933888+0.004421253233998768j),(0.0215626521552659+0.0015150584305751186j)
63,(-1.0829460805191464e-29+5.423400965768769e-31j),(-1.0870590752716578e-29+6.620577578409143e-31j),(4.5850179601023606e-38+2.1308843755106849e-38j),(-1.5234992421113828e-37-4.852573165939655e-38j),(3.5377070968481726e-34+2.502495335147272e-34j),(1.8042597817030469e-12+1.2135867727884184e-14j),(-7.557805530105251e-29+9.84878391444344e-29j),(1.5800126003883604e-12-2.531225095117668e-14j),(-1.6447094328880584e-12-2.905831661381366e-14j),(1.2496058026813545e-19+1.8055347347977286e-20j),(6.493383536573424e-19+1.397599821335464e-19j),(-0.4765281744389943-0.0027395886439663675j),(-0.02816007107452483-8.479419845990044e-06j),(-1.3093616160049632e-13+1.3603301199556085e-14j),(-0.40841278926663394+0.006740129850610871j),(-0.024273276227805746+0.00048616128280200223j),(-1.562135243114808e-13+1.5897899228751355e-14j),(-1.8854152435549627e-09-1.2785039889227946e-09j),(-2.9773569110147656e-09+9.47814111097924e-10j),(1.1646100025422307e-05+1.838405781528749e-06j),(2.9044039710822918e-11-7.545780131375801e-11j),(8.201441689631203e-06+6.830653432263116e-06j),(-1.4115903374021117e-08+4.538214368842845e-09j),(0.023180218378561705+0.00017139098227462665j),(0.4439901249223903-0.0011075949092461401j),(1.0323011992794328e-08-5.081575397014741e-09j),(-4.7169756784641844e-08-6.607622338108682e-08j),(0.00010162936194349431+7.74378623312984e-05j),(-8.292371988009928e-09-6.8068768659774326e-09j),(1.6250522626269845e-05+6.020859720709018e-06j),(3.612975306569731e-06+6.020736806666554e-06j),(6.7997664438707235e-12-3.5091335211441917e-12j),(1.5532016279279633e-12-1.2493261451160354e-12j),(2.2326043919686396e-08+8.9879775708296e-08j),(1.9305718334347024e-06-2.886492464763147e-07j),(0.21017700265781028+0.0017887774267055755j),(-0.04155899186538503+0.0007757571615856305j),(-5.226272856647231e-07-1.4001938203318795e-05j),(-1.237885693671059e-07+2.4762887795017843e-07j),(0.16593652238193465-0.0014154125976553605j),(-0.029487037667357368+9.474642259347642e-05j),(2.6408559324895455e-12-2.0838347700548933e-12j),(-0.004008098545811134+0.0020222004389836494j),(0.039070566665190945+0.0005687879726733701j),(0.036807620581498+0.002187018642043362j),(-0.20126712189235094+0.004817883726286384j),(0.02686551063429942+5.804220575379628e-05j),(1.2948563140834897e-06-3.921854676335462e-06j),(0.039142534666123024+0.0028381065780467285j),(-0.04782403756948089+0.009874771593206485j),(-0.000635632802260624-3.5538697908633795e-05j),(0.054009026379492515-0.003667575003140796j),(-1.8455638706353555e-07-1.0824517249693903e-06j),(0.013557451689291225-0.0024462904186833214j),(-2.0484106820653975e-06+7.001562708952078e-07j),(-0.18972818094409755-0.008243571411112668j),(0.05985796771542635-0.0211173461107863j),(-1.3815568362072967e-06+5.759586949311297e-07j),(0.14678259262666846+0.02119898574665425j),(0.0034560611387789526+0.005583869294182423j),(-0.18187796853908203+0.009978374791285341j),(0.0046486569575448465-0.0025332295140368033j),(0.0023543820701252267+0.000586499147968112j),(-4.3108099791795705e-05-0.0005787990965251678j),(0.041539879645041224+0.011566864077207806j),(-0.0002736105980063016+1.682244320921062e-05j),(0.004130880051636441+0.0002540714757250656j),(-0.0027085318197130927-0.000583712959935247j),(0.0004269107444724359+0.00408616094848637j),(-0.11804779479039895-0.01018156087535646j),(-0.08558304546111248-0.004353174336404281j),(-0.00024622177057651473+0.0026205048040547165j),(-0.05438490332827074-0.00031999522078784287j),(-0.009242650588909008+2.2675199045445486e-05j),(-0.12232282115748422-0.005341628799840747j),(0.006609798338504974+0.0005180413818491976j),(0.004429349070674263+0.01618810441012989j),(-0.0018246596501744234-0.004200026089262475j),(0.005825178945200018-0.0002752400636935365j),(-0.0323110582893049+0.008782937949993137j),(0.11583558110124385-0.0251322202441753j),(0.23578801605043131+0.004826947070745331j),(-0.02494282102577076-0.012794921846446329j),(-0.04533390179154073+0.02351007859672735j),(-4.3679531810919396e-16+4.359387539025217e-16j),(0.07048848019827837-0.03373191867263067j),(0.03998828801070484-0.025037037685982245j),(0.041572442584697514-0.00029818566421772885j),(-0.016222922544126897-0.006245634803919982j),(-0.10624602504635225+0.004985241701798395j),(0.20915770587629093-0.0014635714606514305j),(0.013192837520100203+0.0024283420194960077j),(0.00811637479478307-0.006899971741886563j),(0.02134384548138044+0.008855493436772863j),(0.032770619318384604-0.0005128924436458935j)
64,(-3.4359460341466994e-30+1.2199868554293978e-31j),(1.662861686740176e-29-7.278107997263048e-31j),(1.4189660404913222e-38+7.159711546405235e-39j),(-4.4577760802970437e-38-2.2361613282070237e-38j),(6.147487602854281e-35+1.3195123624988536e-34j),(5.719936453408924e-13+1.2166982001528586e-14j),(-1.1331764732199865e-28-1.0300364873727447e-28j),(-2.415615767065631e-12-2.5389818092953892e-15j),(-1.5417901446873014e-12+1.4709857340647697e-14j),(3.7526435614687427e-20+6.0851814295638315e-21j),(1.9476903880712718e-19+4.531281707950841e-20j),(-0.143270710083704-0.0032097928053197444j),(-0.008311591828652577-0.00015266204587764546j),(-6.770308461101768e-14+3.872188197808889e-15j),(0.63533941928432+0j),(0.037700434087461425-0.0001330305230010909j),(2.346933585168533e-13-1.687696701431117e-14j),(-1.492127067334095e-09-1.1900700358784766e-09j),(7.558321719641817e-11+7.19598053571022e-10j),(8.658371762474289e-06+2.0121207782613033e-06j),(1.0456538706788438e-11-2.1282787418097907e-11j),(-1.4025185538021575e-05+6.658153843067152e-06j),(-3.993936564431986e-09+1.3013391168670834e-09j),(0.022306799515973304-0.0003631851640408749j),(0.4258576148097188-0.01097303338302516j),(3.5482441805775585e-08-7.108297700687944e-08j),(-1.64155780689772e-08-1.8118084501083828e-08j),(3.125732995469027e-05+2.2233087425920712e-05j),(1.4241454379927722e-08+4.333227399537043e-09j),(-2.2077138888412597e-05-1.0977608651667422e-05j),(1.2544578812261476e-06+2.5492917794462176e-06j),(-2.293773558422815e-12-1.5313574337648892e-12j),(-2.1659745942656226e-12+1.7243665341890374e-12j),(-1.3345556339771216e-08+1.1640581802109515e-08j),(4.494174553298408e-07+3.46537563252436e-07j),(0.0498555214869805+0.000447297044549105j),(-0.0016518122238886475-0.0020840604181105045j),(-9.438746031223788e-06+4.6403160771396555e-06j),(-2.240263113801511e-08+1.23706958632572e-07j),(-0.24150368570352188-0.000617781017029001j),(0.040879313016085335+0.0002786897439193813j),(2.0274753361917043e-12-2.569706891353307e-13j),(-0.002036061978048732+0.0010569618131732578j),(0.013628600538095+0.0007650274117693015j),(-0.044795056868458256+0.002576658907823902j),(-0.16892397412431615+0.0034291207013932255j),(0.021544168633947796+0.00020995836735511822j),(4.386509116586332e-07+1.914246400575483e-06j),(-0.02386646675797473+0.001590604951071108j),(-0.03383773683195268+0.005023998819021025j),(-4.46983002784637e-05-0.00012181165600089796j),(0.035986982195329704+5.3325748179230276e-05j),(-1.637549479299178e-07+2.220792172580235e-07j),(0.001811601049975474+4.528321899821097e-05j),(2.301338347902821e-06-1.2212051569989048e-06j),(0.008207268528269984-0.00451950131308689j),(-0.010352305930872458+0.0047918838660030655j),(-3.5071395599693266e-06+7.573631538031358e-07j),(-0.15618569056656081+0.004492237364976469j),(0.003297117342167293+0.003461481665457456j),(-0.07034691663085317-0.023601557493530538j),(0.0463391969764734+0.004644577766919712j),(0.006709277043051262+0.00023724464221588568j),(-0.00029923581460306845-0.001520065480545726j),(0.044656721739657484+0.012692369447863637j),(-0.00021389600975684988+0.0003889918603326871j),(-0.005379925479309458+0.0002461071604101103j),(-0.002658277885924937-0.001762934671066499j),(0.0006878975678804205+0.0023345827988942264j),(-0.030603783486470824-0.0019929158906150223j),(0.15405962853305682+0.009765684001063788j),(0.00016725866095490928-0.006501644431781023j),(-0.12809300484517278+0.013197147117521416j),(0.005316957630320792-0.0004175386511619512j),(-0.20762192304509375+0.016284256048015037j),(0.005647541424542772+0.0006060562287799813j),(0.06957197573467389-0.008200303575852462j),(0.0025206027632097747-0.0024273860734824473j),(-0.003590654137432809-0.002033241381252684j),(-0.02810353176126082+0.008243022484159545j),(0.09945464931460031-0.02577313194869814j),(-0.30449070628338964-0.04349190416664813j),(0.034715857590436126+0.0350310872833935j),(0.10198517907390502-0.04159619754051182j),(1.2858711238986507e-16+2.1712908344499828e-16j),(0.06417201885669367-0.02574795804926392j),(0.03685310554501041-0.022543991755894673j),(-0.06373598664827082-0.009552506984540948j),(-0.005424949417007207-0.010306011859175054j),(-0.08941649402035516+0.008338859911494932j),(0.1662880987206951-0.007398168436340516j),(-0.029343521447310898+0.016333790124406476j),(0.007076032336283327+0.0071519434881653805j),(0.018269383090155675+0.001942673745506211j),(0.012337659706027678+0.00871308414605539j)
65,(-7.937403156630482e-32+4.404351915158989e-33j),(2.56081174772236e-32-2.1609541503533492e-33j),(2.5566728435509214e-40+1.7179645026449255e-40j),(-7.83283847607969e-40-6.1087479056285456e-40j),(7.694924829936801e-37+3.3088617143118316e-36j),(1.3331981337236817e-14+1.7741013828176296e-17j),(1.8191099033074466e-30+1.3164876206677723e-30j),(-3.75924814491327e-15+1.483274108867864e-16j),(1.134662735986054e-14-5.785979655522111e-16j),(2.6026933614183898e-20+3.630788840170851e-21j),(1.3528572368420994e-19+2.830491873376409e-20j),(-0.09932541026803365+3.7840888506973647e-06j),(-0.0060512331329038715+3.08388434158615e-05j),(-5.31250057638637e-14+4.4150191343623604e-15j),(0.0300822207728317-0.0011074558888764475j),(0.0018422469436592968-7.313125444930378e-05j),(1.929734769867093e-14-5.22928051397368e-16j),(-6.205410075698074e-10+6.035990765179691e-11j),(6.137659032633159e-10-1.3080809665047164e-10j),(5.780402516575011e-06-3.0804745417032227e-07j),(2.0335317828978298e-11-6.73088800529145e-11j),(-3.0000315102570464e-06-1.2661973469564067e-06j),(-1.3049072322398512e-08+4.351208822574339e-09j),(-0.0043726310421293105+7.464997437921748e-07j),(-0.08004375069408519+0.0006292572150618722j),(4.8264101541737355e-08-8.29275712976352e-08j),(-8.317165102974116e-08-1.48516882124125e-07j),(0.00013142243108501978+0.00012995149759490902j),(1.0531632133102236e-08-4.573319561121105e-09j),(-6.693944722389143e-06-4.7391956354253476e-06j),(5.297806130183453e-06+8.892083602134095e-06j),(2.353873403513497e-11-1.8079514894647306e-11j),(-3.6088346915232405e-12+2.128979405118141e-12j),(1.11832180391978e-07+3.8920468722494095e-07j),(5.8982002151720885e-06-2.851032731939759e-06j),(0.5469765888662339+0j),(-0.15945453848652966-0.0013455065344506814j),(-8.643412967782448e-06-2.105594939322089e-05j),(1.5592133696627177e-06-1.2655008445832947e-06j),(-0.20601599942372126+0.006345031691221734j),(0.0516458666716468-0.001664496543394534j),(-7.369077204435218e-12+3.8914079638756065e-12j),(0.02697985772368607-0.008669453123402188j),(-0.18222030077319756-0.0017104200866421698j),(0.04348912262785644-0.008374047765787127j),(0.4484335527216032+0j),(-0.12124601298035495+0.0024988971741611507j),(-4.006199133741102e-07+1.0180880222243051e-06j),(-0.009363455659189703-0.0022192780020860417j),(-0.1402273789710517-0.0035126426251751233j),(0.0007414405337289433+0.00013763791615914442j),(-0.09497147729358454+0.027349013464886576j),(3.215994746642557e-07+5.570022000975836e-07j),(-0.013522671045577849+0.002619398807705581j),(-2.484557637040736e-06+4.932951250299309e-07j),(0.12851433798786294+0.00461838110240285j),(-0.03084215352344011+0.0117418712476577j),(4.265232514169112e-06-2.6789981991115513e-07j),(0.11850055357250072+0.005543318427038063j),(-0.002865600742739899+0.0010309797788489792j),(-0.04576572186353882-0.0019330246300073121j),(0.0292002905022572-0.001000073407882305j),(-0.0034711720816966024+0.0012818709770365476j),(0.00048341185124259355+0.00048620744196079153j),(0.04138553046992409+0.013482384176584j),(-3.87048645639278e-05-0.00016729646791995083j),(-0.002852413457456712-0.00014922968156740784j),(0.00621299817711717-0.0026020045943329594j),(0.0007166273009190051-0.005833355906021509j),(0.15429436977535813+0.010294330377847237j),(-0.044717510333788686-0.0031047394958618277j),(-0.00010477784349366805+0.0012980882070662057j),(-0.18636744960787888+0.015830627732162914j),(0.008983343813104398+0.0007731281253565565j),(0.37905690438928047+0j),(0.0012626854748563497-0.0005452035888299663j),(-0.0778725714829445-0.018024064994498608j),(0.010744231913629637-0.000644698112942065j),(0.003331308999275321+0.00017802475288960498j),(-0.02410722334119997+0.008817282632272449j),(0.11201612810700093-0.026228142038557178j),(-0.07265767103867517+0.0034361982758702317j),(-0.003721411975066561-0.0001196194484222291j),(-0.007603065766981497+0.009709272505369713j),(3.1053957519149134e-16-2.5293060863952963e-16j),(0.07849407015824542-0.031743569117875146j),(0.044806532292508035-0.023806841678143877j),(0.007771664102992641+0.00891181964589851j),(0.006535661415136202-0.0032238339967224847j),(-0.10112993080675538+0.0072912753691625615j),(0.20058902006286333+0.0006328542789292291j),(-0.005573807965240138-0.0011070545708638288j),(0.0015519309403080562-0.007669698331813137j),(0.012143556120177215+0.004604636575270681j),(0.02303925523196792+0.0015837717439705678j)
66,(6.261777141120383e-32-3.123931132469248e-33j),(6.279537513364344e-32-3.814542497813969e-33j),(-2.100576500770256e-40-1.844446318042413e-40j),(7.54400487317011e-40+5.237537060432358e-40j),(-9.867229533717171e-37-3.0017690446410643e-36j),(-1.0514140395664364e-14-7.271389287497008e-17j),(5.16465760102929e-31+4.6064644668656755e-31j),(-9.20024657040637e-15+1.460426579978034e-16j),(9.017467052664315e-15+4.872880793281568e-16j),(-2.073157564162068e-20-3.0046317757221934e-21j),(-1.0771331504411276e-19-2.315425321791654e-20j),(0.07919523566460913+0.0004266943726130637j),(0.004841689058257393+4.05101128465174e-07j),(3.75111660183314e-14-3.376226983125861e-15j),(0.06770856809029435-0.0011660134151441973j),(0.004165091872604601-8.624321927149002e-05j),(4.27473154722986e-14-4.3166292718482934e-15j),(5.596595303473371e-10+2.26209308783704e-10j),(7.599224383448775e-10-1.2776695616668267e-10j),(-4.323009854885582e-06-2.739167220456656e-07j),(-1.8496985879884934e-11+5.701840073966083e-11j),(-2.890507672717091e-06-9.484807401843135e-07j),(1.1351973888895753e-08-3.649111519115168e-09j),(-0.0037907987238180348-9.097112565724418e-05j),(-0.07024860798154525-0.0008440187682460451j),(-1.962526782847831e-08+2.036094063070444e-08j),(6.602236859686783e-08+1.2437552989882418e-07j),(-0.0001093273275861835-0.0001093096255286538j),(7.738787393739567e-09+1.1365794833778668e-08j),(-1.3227151591073926e-05-6.201048432455919e-06j),(-3.947325896442482e-06-7.577142541029669e-06j),(-2.676965714083131e-11+1.3511874471901037e-11j),(-7.375154234336449e-12+4.962448598943357e-12j),(-1.2404152531871596e-07-3.375496627983241e-07j),(-4.820497333731942e-06+2.862377129098455e-06j),(-0.4639448515382713-0.0031588799290516306j),(0.1466101116244286-0.0023804223386672332j),(7.674954659782156e-06+3.378807336298349e-05j),(-9.98106676394674e-07+7.964995244626352e-07j),(-0.3590269364724932+0.004433729605214265j),(0.1142853704209797-0.0019744660726332443j),(-5.992177855487625e-12+1.5113608075668824e-12j),(-0.015232233618844543+0.007045611306199269j),(0.14239114323558325-0.0005643785687277358j),(0.12364147061075184-0.006812065344144261j),(0.3892499285298198+0.0009172998101046742j),(-0.1086949362348715+0.0017322667616503952j),(3.414019960546355e-06-7.5658659893564256e-06j),(0.06850765375838691+0.0037472181733713555j),(-0.15602852643361237+0.01574211482581457j),(-0.0008980885115645153-7.802599666691497e-05j),(0.0803631820389277+0.0011032595650225172j),(-2.3261922098245134e-07-1.4680475893357652e-06j),(0.018683128233519048-0.0033030313562669982j),(-2.797100556282021e-06+9.270218133396172e-07j),(-0.25418482690540584-0.010523789193808076j),(0.08051624704012338-0.028523245958008304j),(-1.6005866698074755e-06+8.148291477659994e-07j),(0.19909584331728125+0.028508662001963253j),(0.00462960281535215+0.007509477698540649j),(-0.24397249240122154+0.013421926835698969j),(0.010530246545525947-0.003272260064129552j),(0.002816195644018985+0.0006853866499620825j),(-4.253040495423497e-05-0.0007032492589361313j),(0.038322341335186985+0.01146366391076716j),(-0.00031599189148700857+2.425583853275719e-05j),(0.004313379965998425+0.00032049797509076653j),(-0.0028852664934530614-0.0008108893652958902j),(0.00032705220330115606+0.004317766322978545j),(-0.11603188335241382-0.01019298906426808j),(-0.08362519437789798-0.004392647106789913j),(-0.00035533466124947565+0.0026800620088887287j),(-0.07235893098190821+0.00043191572831501046j),(-0.009648365226241741+1.3217939168049691e-05j),(-0.12548191280706678-0.005510590582223095j),(0.006607590173408007+0.0005218246138132287j),(0.004045394887297589+0.016669347643339903j),(-0.0018219923424068942-0.004203581138900893j),(0.00583358568437378-0.00027699965094347013j),(-0.032671258288590195+0.008855359720760554j),(0.11809357162134607-0.02548453072313279j),(0.2429624200318526+0.0051968978924449545j),(-0.025714645579289357-0.013060783415286683j),(-0.04646901638520433+0.024115797816626212j),(-3.7887812176091656e-16+3.675057175149733e-16j),(0.07279587160873031-0.034961512720351466j),(0.0405869993405391-0.02535234735453283j),(0.042787911721917295-0.00018155989850360266j),(-0.016673803297069096-0.006500096067479852j),(-0.1088694977723199+0.00507997126093776j),(0.21680124312637553-0.0015119930251390745j),(0.01335772319051503+0.0027292587879353502j),(0.008560196479048392-0.007212159481493828j),(0.022298888950203613+0.009128558841289212j),(0.03451669620426885-0.0004937526197828744j)
67,(1.9865340464576197e-32-7.014478744837115e-34j),(-9.607074040491602e-32+4.186418294883356e-33j),(-7.673396459860513e-41-4.2284001863052855e-41j),(2.6119817761071843e-40+1.3103204069552219e-40j),(-4.353413830543304e-37-7.687074485371853e-37j),(-3.332905461545052e-15-7.154725244893886e-17j),(2.3683763377190174e-31+1.859530510509712e-31j),(1.4068413996446904e-14+1.7325961916381143e-17j),(8.666922045505738e-15+1.02770082807332e-16j),(-6.2761464006038355e-21-1.0215616202634414e-21j),(-3.2573178041846706e-20-7.568859058099641e-21j),(0.02400703754518925+0.0005293961411826278j),(0.001445572256296798+2.6103248662201375e-05j),(1.787091072395915e-14-8.99736503005746e-16j),(-0.10603383518989745-8.281272700791376e-06j),(-0.006512598727634305+2.1619276581491824e-05j),(-6.615683141251919e-14+4.0528585610932054e-15j),(3.5947416953408945e-10+2.0322595360320075e-10j),(-4.91165399091642e-10-4.084113657345792e-11j),(-2.6880272825772233e-06-3.527458585837306e-07j),(-5.9761950355678025e-12+1.5227160567038e-11j),(6.486635381513546e-06-1.0641946844066983e-06j),(2.999680751069222e-09-9.058032033401387e-10j),(-0.0039176769349561+8.32130895515198e-05j),(-0.07185380729927915+0.0021390879908942152j),(-3.416459663611925e-08+6.755788927300991e-08j),(2.121421249099329e-08+3.437041269708037e-08j),(-3.1021779879567175e-05-3.10790539428704e-05j),(-1.926155150191223e-08-7.18740546077024e-09j),(2.0111337498576006e-05+1.1987751559149545e-05j),(-1.2909877378676708e-06-2.592352417257983e-06j),(2.1719803588265672e-12+5.4285942035337644e-12j),(1.1893703240478448e-11-7.327731832813461e-12j),(1.3003885240192542e-08-7.166734780870132e-08j),(-1.4419564653188944e-06+1.5382281754991156e-08j),(-0.11496761833876873-0.003232188073846249j),(0.02037274610719841+0.005615828670956365j),(8.102931089561869e-06-1.07164896413061e-05j),(-6.050815490612824e-07+4.5945464922796746e-07j),(0.599837018273248+0j),(-0.17703638689602658+0.00048339733047954303j),(-7.215108289178178e-12+5.5289235168924335e-12j),(-0.011879378178554528+0.0016272431881006906j),(0.03746739593585462-0.00019104965201323376j),(-0.19625085489289118-0.00600255991691899j),(0.4098557152471881-0.012183442720437955j),(-0.10776247508089855+0.0044377405059118115j),(1.5088704311985924e-06+2.01553194574585e-06j),(-0.03281237073147564+0.001723209902653778j),(-0.12890378010230683+0.011558712619258317j),(-8.14369711425322e-05-0.000182142084722386j),(0.05761574159579316+0.005399805251897493j),(-2.449547575098094e-07+2.2100282250273182e-07j),(0.0032087984803406506-0.0001969066929948136j),(2.5675724022736254e-06-1.439008756573827e-06j),(-0.000993197624733729-0.003745017118276307j),(-0.010008336110247958+0.003984696864476307j),(-4.1781443639976455e-06+1.037393007716437e-06j),(-0.17985119729853669+0.0056110982768182716j),(0.004493536481319758+0.004962266396295244j),(-0.11039076300924433-0.02488173255058145j),(0.05727965719424757+0.00544931653739392j),(0.007638408576708748+0.00029718967481081595j),(-0.00031866521101580085-0.0017458731254126046j),(0.041459946690879795+0.01259726748821122j),(-0.00025525944227736954+0.00043042534871634195j),(-0.005964340730168685+0.0003064138679904026j),(-0.002872169706319798-0.0020683408595594662j),(0.0006555021012111342+0.002510137970551999j),(-0.030178847226870222-0.0019907431385223374j),(0.1503492280105743+0.009934801618643428j),(0.000521239116452305-0.006857248779016871j),(-0.15071022099211664+0.014225011352096424j),(0.005811126657243776-0.0004626598738372667j),(-0.21705619555677147+0.016991534462210894j),(0.005645520052121163+0.0006096928481563457j),(0.07289700502267449-0.008677721063096291j),(0.002525299219873846-0.002430103363140818j),(-0.0035924008604777116-0.0020362619178267765j),(-0.028428635071548462+0.008315451489094664j),(0.10147711728685954-0.02615774749351141j),(-0.3197124408530716-0.04568780370320451j),(0.03601195115626537+0.036764700329787854j),(0.10664940446665158-0.04329395983206322j),(1.8493690229194052e-16+6.690843481997834e-17j),(0.0662702788062566-0.02683212836666449j),(0.037401104916101595-0.022839440254710935j),(-0.06597789423087773-0.00992276443537387j),(-0.00566915097939807-0.010633705089714753j),(-0.09174872025577764+0.00851029827366259j),(0.1729126584175668-0.00768502894675667j),(-0.030344889236104275+0.017004575890158104j),(0.007438581315501954+0.0072634524115974975j),(0.01913715379546738+0.002047470551836052j),(0.013437539555033195+0.008948268488818332j)
68,(-2.467473972100296e-31+1.3691327959813724e-32j),(7.960576289575895e-32-6.717381222414699e-33j),(8.17594686614942e-40+6.978279401056131e-40j),(-2.3201940991213278e-39-2.3262163988988e-39j),(3.0256137815012726e-36+1.1355384586246809e-35j),(4.1448617714410844e-14+5.521187589067447e-17j),(1.3730005157594485e-30-9.571867360440892e-31j),(-1.1687208507512008e-14+4.611113920173049e-16j),(3.534297567441861e-14-1.8528402218463766e-15j),(1.223268972204165e-19+1.7192141053861514e-20j),(6.358416674829164e-19+1.330991114565596e-19j),(-0.46735851694579233+1.2606880163773537e-05j),(-0.029023581578852146+0.00014469154255454357j),(-3.8962027149893076e-13+3.010009017350731e-14j),(0.14014889661779686-0.005240157800070186j),(0.008729705976693565-0.0003522237349366902j),(1.2879473296130934e-13+1.848532740257852e-15j),(-2.089919752508968e-08-2.6933451311415275e-09j),(1.0005503465182677e-08-9.825468973420403e-10j),(0.00018335726202569215-1.7343982412711172e-06j),(-1.273221517780879e-10+2.977063684009773e-10j),(-5.4294701572515115e-05-3.7376653509449852e-06j),(4.890533170122812e-08-1.5959062707218053e-08j),(-0.020306865190717387-0.000227027200610911j),(-0.36544119684953547-0.00073969181031594j),(-1.0017488149976638e-07+1.893705122341199e-07j),(1.1779692107540092e-07+1.3846004539682487e-07j),(-0.0002799182651486054-0.00017955453494102158j),(-1.3343615620094262e-08+4.1817224396995655e-09j),(2.3412149549416937e-05+9.855190207277947e-06j),(-1.0214919377936375e-05-1.4295769696204263e-05j),(-5.5058924879153625e-12+7.326795441157661e-12j),(1.0997667480032329e-12-9.251041046362548e-13j),(-8.941802666031262e-09-1.4303018376742022e-07j),(-3.459029500060862e-06-3.7675635600469723e-07j),(-0.4144462072990145+0.0007153638854880823j),(0.06095324395296728+0.001552583740818958j),(0.00015728776955718717+8.561194567626179e-06j),(1.08035409345359e-07-3.9635415101509375e-07j),(0.1487566948855586-0.0037754467170938583j),(-0.021494259036545574+0.00020548070830843194j),(3.9310009707632e-12-1.615773364190729e-12j),(0.005605502400263938-0.003932424323342934j),(-0.055161446180265104+0.001726005895620681j),(0.021818654917140367+0.0038632953019098384j),(-0.3328592356024993-0.0007602459623817504j),(0.03541647636678334+0.00228765457973548j),(-1.1376129296150987e-06+2.0727130807272465e-06j),(-0.015108935288474271-0.0011965989983987908j),(-0.0452394173097503-0.0052138153052024155j),(0.0006712583390348116+0.00011049503295461762j),(-0.08460945321334377+0.019347859982067304j),(3.1513824301066386e-07+6.04961582420075e-07j),(-0.012936919387355517+0.0026950062169517172j),(-1.8215783906112165e-06+3.3218604085753705e-07j),(0.13394225157275363+0.0023345135614261225j),(-0.03367259857840492+0.01351667000526396j),(4.055964988313091e-06-3.728259204269071e-07j),(0.08034100191400745+0.002137255254485382j),(-0.003420612587166387-0.00040474070645482693j),(0.0029905024634012973-0.00640751593949589j),(0.025845931069706424-0.00021807575538193048j),(-0.00332201726053252+0.0011664763951901762j),(0.00045663853676726897+0.000474171934649732j),(0.04342367508465554+0.013599232623761972j),(-3.354737300100719e-05-0.000166483097617831j),(-0.002486601668192408-0.00020418090230576427j),(0.005857547242176031-0.002343332708626816j),(0.0004735905747445576-0.005677491741387535j),(0.15660772131299225+0.010131723728509692j),(-0.04509588775198122-0.003156918981179861j),(-0.00012751263280931936+0.0013157369010812004j),(-0.17003396748798247+0.01517324915902074j),(0.008382067857591219+0.0008066304119911576j),(0.36451859858420116-5.387171532019591e-05j),(0.0012638770207508713-0.0005468472076951456j),(-0.07534466287744916-0.017039857633356893j),(0.010737636389117027-0.000644079408738811j),(0.0033287175210491055+0.00017836154766831362j),(-0.0239182852695105+0.008771126628212115j),(0.11068666366375932-0.02601469952123335j),(-0.0671425445693883+0.0030624963941662323j),(-0.003909736901423068-0.00040793579384913763j),(-0.008227153883262266+0.009911560762252275j),(1.9676686877728873e-16-1.805021805319104e-16j),(0.07704232964495077-0.03104532834716854j),(0.0444287081643827-0.02362739028429728j),(0.007985397071274576+0.008660866746723277j),(0.006513156872412223-0.0030950353171803995j),(-0.09960177350623253+0.00722185886170356j),(0.1961668809707564+0.00062610674835481j),(-0.005278071743382388-0.0012669549964718597j),(0.0014075953519509658-0.0074941103934498075j),(0.011708257035217638+0.004506609031825805j),(0.022218568835516803+0.0015121348651005867j)
69,(1.9478399631844393e-31-9.710013599322073e-33j),(1.9535823221175562e-31-1.185668411823816e-32j),(-5.219767477456046e-40-5.486673044853329e-40j),(1.6823788339328863e-39+1.5704200683855832e-39j),(-1.538984791556563e-36-6.61772347573145e-36j),(-3.2709352353084015e-14-2.2748522996573913e-16j),(8.255808372503329e-30+4.1680891733225316e-30j),(-2.862512137508579e-14+4.528518429557939e-16j),(2.803210601635954e-14+1.5524898754882261e-15j),(-9.947229913397759e-20-1.4654200730393264e-20j),(-5.167896655490533e-19-1.118436048476194e-19j),(0.3804980765867205+0.0025737707272419086j),(0.023724918857618155+3.860460323975613e-05j),(2.9489853350912163e-13-2.2530884434712087e-14j),(0.32734214659684513-0.004906799699744405j),(0.020552280963933786-0.00037589108571228227j),(3.384553385694376e-13-3.155021324374591e-14j),(1.7759566192368785e-08+3.6971939756975467e-09j),(1.6215184888233717e-08-1.5546129489049258e-09j),(-0.00015255350747854046-2.5224689409706705e-06j),(9.42906164531805e-11-2.423497536973743e-10j),(-0.00013500847848851361-3.85350915595506e-06j),(-4.004321825843563e-08+1.2869734962585261e-08j),(-0.020547821764571598-7.5257956695731765e-06j),(-0.36881381260621016+0.0030616427512301925j),(6.807197125831758e-09+1.6127901931742977e-08j),(-8.933082930377533e-08-1.1647277622322247e-07j),(0.00022053625787607842+0.00014852501603527501j),(-1.8352358235876265e-08-1.2326837992450915e-08j),(4.47530991539619e-05+1.388775906906467e-05j),(9.634462918261965e-06+9.129798536771094e-06j),(1.0763605168700935e-11-5.4118928717404e-12j),(2.3475924243574397e-12-1.9298727717354923e-12j),(3.35565354208953e-08+1.4057649366227763e-07j),(3.143838684327867e-06-2.7343865960261434e-07j),(0.3584745057424299+0.004234682867481458j),(-0.06580430488280826+0.0012365084770737927j),(0.00015344985744151322-2.3043020608025434e-05j),(-1.9466444570262204e-07+3.232752003928388e-07j),(0.28343838339959937-0.0021257219470020294j),(-0.045728492072839286+8.440213356983306e-05j),(4.115159780711654e-12-2.8107674133903528e-12j),(-0.005423460989153378+0.002389852489725822j),(0.04910020040134648+0.0009740692969373958j),(0.046579052464221934+0.003819841745289626j),(-0.33309730806112414+0.006021689584652094j),(0.03869421824776281+0.000667830529688853j),(1.4156418625577628e-06-4.043577646159198e-06j),(0.0402649805288602+0.0030128852143284316j),(-0.054723786778124006+0.009839103099497976j),(-0.000621620927647662-4.011174448470073e-05j),(0.05325923900557843-0.002845002273875491j),(-1.6944833097649505e-07-1.0250674900193735e-06j),(0.013021708237707917-0.0023447611857055437j),(-1.8182178428997692e-06+6.758733132247869e-07j),(-0.1783061681663681-0.007026940248472863j),(0.05626765029560859-0.020084107654216882j),(-1.0289280847053402e-06+5.819099165832553e-07j),(0.1343128313364159+0.017681338893335785j),(0.002990807506509993+0.0044091835472295955j),(-0.14353215101032835+0.0097965423779909j),(0.012649804247642952-0.0005454323011696658j),(0.002913503772669145+0.0006264987202398659j),(-4.113767947723858e-05-0.0007195290985726921j),(0.03994752580614721+0.01148652698648693j),(-0.00031629014881259224+1.5627972793388884e-05j),(0.004582373088316604+0.0002377348397348572j),(-0.0030028567360527547-0.0006578813139664887j),(0.0002360958295889484+0.004250587784295307j),(-0.11645861681211747-0.01023776892616653j),(-0.08420795584865852-0.004429216012188233j),(-0.0003931763140376449+0.0026707291474536423j),(-0.0642996631821814-0.0011793446989414418j),(-0.009891739530843165+9.111056411141647e-05j),(-0.1283676439928161-0.0052617746808086875j),(0.006609922946962778+0.0005199916833113875j),(0.004494234894574607+0.016948268508547384j),(-0.0018246444287080658-0.004203137694043997j),(0.005831836866704278-0.000276402004765888j),(-0.03251646733305448+0.008820611157056459j),(0.11709059388093782-0.025302593949115285j),(0.244651267242342+0.004653876346422586j),(-0.025769765942592365-0.013207894178749647j),(-0.04679559075146255+0.024328362948295004j),(-4.1340859070343575e-16+4.1139673398491547e-16j),(0.07176612453855889-0.03439982375629176j),(0.04031730565646264-0.02520804384529569j),(0.042784937702392-0.0002920392076941371j),(-0.01654487414474705-0.006382074151778283j),(-0.10770877186819883+0.005004429479166083j),(0.21347107054202963-0.0013978548739329855j),(0.013458461052023796+0.002546622210607313j),(0.00840005520378998-0.007110455853439946j),(0.021910796491466968+0.009042016155174772j),(0.033853887654523684-0.0005236755842823494j)
70,(6.17542652262917e-32-2.1803856249586972e-33j),(-2.9864892290271788e-31+1.3013690506802187e-32j),(-2.3003294696597043e-40-1.7312679042347331e-40j),(7.543882542429242e-40+5.237323374953498e-40j),(-9.867229555634813e-37-3.001769048409043e-36j),(-1.0361796528500826e-14-2.2246396283228137e-16j),(3.166660489840426e-30+9.377247032349266e-31j),(4.3737841302645334e-14+5.391213240109512e-17j),(2.6919271443519698e-14+3.3937840837843477e-16j),(-2.9324143172937906e-20-4.815941591682111e-21j),(-1.5220314518697927e-19-3.543591989255486e-20j),(0.1123049101699008+0.0025218383206996736j),(0.006895768478754017+0.00012789677692584154j),(1.2119317976547097e-13-5.755146384736768e-15j),(-0.49856024072179494+2.6496182236407373e-05j),(-0.031202917495324577+0.00010595122650591425j),(-4.867288107660624e-13+2.2999822340021867e-14j),(5.886738374400588e-09+1.6938065017574386e-09j),(-2.2648736310249615e-08+1.177818318921112e-09j),(-4.995501932686117e-05-2.4129691362180537e-06j),(3.947693013381928e-11-7.75621983781384e-11j),(0.00019673477348607592-5.461565465222153e-06j),(-1.1456725752010624e-08+3.4272069554740055e-09j),(-0.018525072268444312+0.0002911534951821884j),(-0.3332353546102416+0.008240413639445526j),(1.0829398802036492e-07-2.2540419540153392e-07j),(-3.217861407981833e-08-3.2794889916168185e-08j),(6.877997138173826e-05+4.582738294214515e-05j),(3.398270095646834e-08+8.698099915750854e-09j),(-7.371307892137856e-05-2.6104658652934395e-05j),(4.8379351500974364e-06+2.8640367562318e-06j),(-4.687679135477819e-12-2.453288483536496e-12j),(-3.5264754011601793e-12+2.905613255631301e-12j),(-2.7098245424811446e-08+1.4085973083796732e-08j),(6.550842259125491e-07+7.580388712156543e-07j),(0.08310545763576142+0.003329592009390937j),(0.00012960671271484113-0.0042011234496692525j),(0.0001337896494746278+6.352507301951311e-06j),(-5.8617873873950256e-08+1.840441106997747e-07j),(-0.45120985468835584+0.00040458528356560053j),(0.06879388600763423+0.00032122751784665823j),(3.4806660630142803e-12-7.150644489173972e-13j),(-0.003165460919982613+0.0013227694658012566j),(0.018629513517319087+0.0014834062928910487j),(-0.058199342965348726+0.004613786658688019j),(-0.3064362099119527+0.005749114684213054j),(0.03416473652025142+0.0007253939464031672j),(4.943212418442822e-07+2.3445483831269398e-06j),(-0.02853958263442813+0.0021070067440174638j),(-0.042869925469338654+0.00540597000332977j),(-2.526234290887873e-05-0.00013891364315478277j),(0.03835618045836366+0.0012731108262362886j),(-1.658332951041253e-07+2.7504174452545237e-07j),(0.0015399533075568894+0.00021703355983138843j),(2.5156912202996682e-06-1.3374029198825941e-06j),(0.015521155696338707-0.005550589744957705j),(-0.013149117518113066+0.006188195769387617j),(-3.5831185917309063e-06+7.900241027326531e-07j),(-0.17203623101244747+0.004649363079647702j),(0.0032843430459529+0.003393272629001717j),(-0.0642978605970764-0.02744114776114233j),(0.051292755130988396+0.005182558108223614j),(0.007100904626185282+0.0002364724201921512j),(-0.00031001514105199286-0.00161529197582795j),(0.043434234245070806+0.012683199205182107j),(-0.0002343860959477778+0.0004020464260663126j),(-0.005449817571660586+0.0002327823739102391j),(-0.002789666039274075-0.0018421526580443184j),(0.0006392470840016014+0.002420844868439304j),(-0.030224784996234266-0.00204680992077433j),(0.1530174484950224+0.009783411919874842j),(0.00024488375383627725-0.006603496614733004j),(-0.1360317973180484+0.013453365066914712j),(0.005329360519276772-0.00038460619765081543j),(-0.21197304396905925+0.016789912022582364j),(0.00564709841562157+0.0006076002092941864j),(0.07070206027768869-0.008189769738238175j),(0.0025219027536230528-0.002428417301969516j),(-0.003590086890526452-0.0020348478182078238j),(-0.028231811631195945+0.00827323851591924j),(0.10024337997429289-0.025932970214122997j),(-0.3075094531876762-0.04461275801326922j),(0.03495204504639352+0.03551922090248523j),(0.10319277813442695-0.041902867111610856j),(5.711698610484395e-17+4.602451155667639e-17j),(0.06497276169362408-0.0261888367577647j),(0.03706356599644761-0.022662339371554163j),(-0.06422749207647802-0.009723485051881742j),(-0.00555179021986116-0.010416310694783507j),(-0.09032935878244111+0.008416777397938226j),(0.16889689132910618-0.007551250517385838j),(-0.029604641687079512+0.01653934105132539j),(0.007222289825820473+0.007151990796099551j),(0.018618736244108744+0.0019903697993405183j),(0.012821475802737695+0.008758314652614042j)
71,(1.9583420902803579e-28-1.0895036784465107e-29j),(-6.320867759308135e-29+5.347966225208415e-30j),(-6.749629961792383e-37-4.282093411094997e-37j),(2.079661407135435e-36+1.4895952882669413e-36j),(-4.352473615899356e-33-6.853361327232025e-33j),(-3.263663076468793e-11-3.8743020969770496e-14j),(4.35241477227159e-28+1.2635355112238537e-27j),(9.20362477966012e-12-3.650825198807849e-13j),(-2.603543481593192e-11+2.967338868996546e-13j),(-1.7695742141707784e-20+1.4001498264090204e-20j),(-7.795726625092246e-20-1.372822151858053e-20j),(0.0031714912997343747-1.3349303332923623e-05j),(-0.05824291551038217-5.158468564944729e-05j),(-2.3327940510827635e-11+1.3282115314183651e-12j),(-0.0008819549965952999+3.8726193599892894e-05j),(0.016421882298488594-0.0006640600612116917j),(-2.3381496842446173e-12-3.1789277463929872e-12j),(3.8016336481302934e-06+1.2833495948452186e-06j),(-9.616442569745648e-07+5.12196539794609e-08j),(-0.0538295370298649-5.3478395993927785e-05j),(2.878299326048813e-09-5.804692651627336e-09j),(0.015223403533903253-0.0006020891789062441j),(-8.329982668675166e-07+2.665627496811601e-07j),(-0.04461813086783949-0.00022757996086621157j),(0.0020967442966325013+5.461493596872324e-05j),(1.0893860062035657e-06-2.249964675201148e-06j),(-6.84894651627886e-07-2.875811633881391e-07j),(0.0028113836635527954+0.0010039812843537308j),(8.338372825221734e-08-1.0479478265882475e-08j),(-0.0003777426530198718-8.25919109793912e-05j),(0.00020452903173572584+0.00010998784445193808j),(-9.392393461514497e-11+5.144982587184452e-11j),(1.1478279383335568e-11-5.4355235206731655e-12j),(-5.286108246842374e-07-1.2283863931393274e-06j),(-1.5145756721706048e-05+1.94467829818487e-05j),(0.0771363809224467+0.0010758712380172768j),(0.4840042098504965+0j),(-0.04215874346655414-0.00013879328255642434j),(-6.778109999695978e-06+2.8331548153011646e-06j),(-0.00717479746081341-0.0033573137716450254j),(-0.13258093329169812+0.006309228736736974j),(1.1388667369753442e-11-8.078549753397127e-12j),(-0.06852185157236233-0.019386555502585927j),(-0.4093362481811697+0.007324744082884055j),(0.11713868489538462-0.005704388522313801j),(0.036928400659966595+0.003924063942709021j),(0.36019172414446227+0j),(3.078689602000283e-06-3.58444010250129e-06j),(0.02917652798411706+0.01007413445809013j),(-0.32522899181389126+0.024862870534851506j),(-0.0010976127318421557-0.0003340327100135675j),(0.166694995555987+0.002444188998200106j),(-4.4528100388098003e-07-8.359558114176663e-07j),(0.021774241290889843-0.0037543810287646567j),(3.5047842766222745e-06-6.318456568646657e-07j),(-0.18682269354191464-0.008054981100661749j),(0.044264559016351006-0.016522138185145165j),(-5.375486384502188e-06-5.674273243796146e-07j),(-0.17645363472322484-0.011163774179925562j),(-0.0006443828309331782-0.002875660515375038j),(0.0883919306017027+0.003811098075734591j),(-0.13886636276860084+0.0032868151551509323j),(-0.006965043437473884-8.109973674909733e-05j),(0.00017796763915195997+0.0018565578493681652j),(0.20682442790312366+0.01007909347958695j),(0.0005265298398486396-0.00016285150421783756j),(-0.001181499622381039-0.00020347245283668943j),(0.0022242123834857247+0.002436746329803264j),(1.595440327868962e-05-0.004964493424548335j),(0.2649489717551071+0.004579792140900721j),(-0.09190361432902173-0.002151328244384406j),(0.0001482566382857431+0.0011235820797411442j),(0.22238979523296973-0.014024484904470044j),(0.002738099849369419-0.0005045693566801291j),(-0.023491634883252895-0.013398967231511256j),(-0.004436994977923998-0.0020110332622960783j),(0.018414609664465665+0.0011957815973359202j),(0.011988920792599115+0.0003479393995756097j),(0.0035077812433714074+0.00042163465066232106j),(0.0020072042837126734+0.006166415154919751j),(0.02374291091642-0.01891740183792341j),(0.0016424632453669033+0.00764042981262951j),(0.006608506126562676+0.015235169440572443j),(0.03651418204511994-0.0018718535534309848j),(1.7076284338925403e-16-4.2343397951195787e-16j),(0.018739750976845083-0.010034850083667763j),(0.012773840181659118-0.01198512841230193j),(0.02904744964477195-0.0036614545932159483j),(0.030477590368106523-0.0023736513642719035j),(-0.020279645945442713+0.010336339537984941j),(0.03401538373763138-0.0029973345711315456j),(-0.02467572023635578-0.005747623728860327j),(-0.017078116797771756-0.004371293511435686j),(-0.0064368739650495785+0.0012828646869990144j),(-0.0054829163611242624+0.003163019044401324j)
72,(-1.5448002195110468e-28+7.73208125257697e-30j),(-1.550575334099573e-28+9.438932446161008e-30j),(7.22013305089918e-37+3.204867551346035e-37j),(-2.4375765635130183e-36-7.76424311064757e-37j),(5.503099922107456e-33+3.8927705493581906e-33j),(2.5736462082646704e-11+1.7382771133403417e-13j),(3.969588318251332e-27+3.560242033532802e-27j),(2.2536377480078783e-11-3.6036287371956837e-13j),(-2.3454768032386454e-11-4.1441299594954914e-13j),(1.3991331323619878e-20-1.0761356302632081e-20j),(6.181002763741515e-20+1.1483142281480434e-20j),(-0.0025040300193037335-3.0836201922079982e-06j),(0.04594109056476497+0.000295749590963533j),(1.8091732639508393e-11-8.93513874319058e-13j),(-0.0022308050458291614+4.25757133882018e-05j),(0.040334932107194466-0.00064236053176564j),(2.7349740272381476e-11+1.835255818148812e-12j),(-2.991848540532581e-06-1.0397409815232862e-06j),(-2.126757655999673e-06+4.32080991533224e-08j),(0.04246205872903689+0.00028551545510865917j),(-1.970134313295399e-09+4.258905504424111e-09j),(0.03738085757031119-0.0006000703673601331j),(6.424873542070139e-07-2.0117772007046816e-07j),(-0.043749748192599025-5.5823551196904075e-05j),(0.0021613826790905276-3.07061196202032e-06j),(3.9945826391028694e-07-1.045672160599593e-06j),(4.6822807571480815e-07+2.1414101800662303e-07j),(-0.0020761801578872397-0.0007484215062855006j),(1.8342393462327772e-07+3.5149274521495085e-08j),(-0.0007174678187751362-0.00012286328596034836j),(7.670753691714998e-06-3.0922208487591455e-05j),(7.478244274063977e-11-3.973449070463845e-11j),(2.526532357050048e-11-1.4668470841977964e-11j),(4.3677199887311786e-07+9.628823192858065e-07j),(4.636376322211758e-06-1.685556638863361e-05j),(-0.06215416302361356-0.0011169405227310185j),(-0.37845892367069056-0.002500007317758318j),(-0.041328524592068226-8.449755894734262e-05j),(5.503320990623568e-06-1.8115946010128126e-06j),(-0.0635866378083934+0.003028877607448209j),(-0.3366319653885484+0.004750889891635246j),(4.631958431791537e-12+2.4262964768977634e-12j),(0.04531523821698868+0.016752562746902434j),(0.32324479768318387-0.0038435791546906073j),(0.2806102016275426-0.004921061836024004j),(0.052646516111250465+0.006926100943514256j),(0.33547728919684944+0.0009279218624681507j),(-9.73149614563417e-06+2.060645808872722e-05j),(-0.18189065341746852+0.0027437595629264816j),(-0.3102558079263332-0.005769654819023362j),(0.001700734039586323+0.0002806334975913571j),(-0.1622187664327436+0.04889903252143795j),(-1.2940290200124082e-08+1.2293182377452672e-06j),(-0.02021273874763986+0.0032654145525031226j),(1.8555862501490288e-06-8.889522135132775e-07j),(0.1701079948543166-2.8730477271247945e-05j),(-0.057721372557264665+0.022535741660898854j),(-4.287490564759423e-06-1.2879244675360904e-06j),(-0.14668082068158678+0.0030196831301781413j),(-0.0018109177364367072+0.0018551342078255146j),(-0.06330353991817678-0.014476610800744517j),(-0.15389138304157332-0.005528829501155262j),(-0.008046452115149408+0.0001484196309587101j),(0.00013004970261853708+0.002107773182272903j),(0.204398709150335+0.007134221863339729j),(0.0005432575181354839-0.00011477398151864076j),(-0.001602154487911975+0.0001352849711996269j),(0.002117636882373721+0.0020466965903273484j),(0.0018597274355374148+0.0015033435805163757j),(-0.21956187481630257-0.007700180848786944j),(-0.18231377912432079-0.0003448543463188333j),(0.0012632628742909819+0.002263906798642355j),(0.2178949063770403-0.010504811968314737j),(0.0014294358879627879-0.0010093259862191375j),(0.04661194159845763-0.0010870503270291355j),(0.0046356399531432245-0.0008960044274907305j),(-0.01273117371611312-0.004074285367164159j),(-0.009564550356199226-0.003932744207197727j),(0.008771361166579538-0.0008210481945068343j),(-0.01141389994209668+0.007241071103122922j),(0.026429616596526446-0.017114202874589424j),(-0.06062719442816693-0.0013551963913344574j),(0.008026581119048982-0.008400791670348807j),(-0.009818484596066795-0.008398288747976553j),(1.6131506529491124e-16+5.287719533553925e-16j),(-0.008426702779776082-0.005240572772393334j),(0.0036971846520733116-0.012808260173406586j),(-0.054644518346690034-0.003412281339601069j),(-0.004510222255395367-0.0009112668152944045j),(-0.023104449753248126+0.0071666830905508265j),(0.01664847100594705-0.011737195577622301j),(-0.009224005064655792+0.0041136434368145985j),(0.014262952194818112+0.012644207788770139j),(0.016350050016122174+0.001635958162914344j),(-0.00840260710194176+0.006002800269705774j)
73,(-4.901302045653938e-29+1.7391495768846226e-30j),(2.3718940515715056e-28-1.0374887664924707e-29j),(2.270345708534832e-37+1.1455537587294305e-37j),(-7.13244168492513e-37-3.57785783709562e-37j),(1.9001802653187225e-33+1.8159599872461118e-33j),(8.159071612152406e-12+1.737433959197862e-13j),(9.322656688335791e-28+1.0730028216429697e-27j),(-3.4454885331620543e-11-3.7174036011053734e-14j),(-2.1984640692708375e-11+2.0814561146015316e-13j),(4.577381541323292e-21-3.654362744194343e-21j),(1.9010798497616387e-20+3.480585406449055e-21j),(-0.00079005359428382-1.3046994948833347e-05j),(0.014553749816810693+0.0003092640228704131j),(6.2648975642415956e-12-2.0754053131398235e-13j),(0.003378984441379217-7.410175714430973e-06j),(-0.06161427181226372-5.7585590933788636e-05j),(-2.699028209796212e-11+9.352825523715554e-13j),(-9.636973103915365e-07-3.4502044358360895e-07j),(3.3630457808752513e-06+1.9978771174232546e-08j),(0.01344883301470827+0.00028181752462997506j),(-9.817797986722827e-10+1.340552673397696e-09j),(-0.05710610383140474-6.239787209060682e-05j),(1.8222254952064043e-07-5.088348211988428e-08j),(-0.040543124436232564+0.0008800431391351605j),(0.00192998223942337-1.5239154488058313e-05j),(-1.6540376438812815e-06+3.4625042751259257e-06j),(2.2937388244730737e-07+8.518650066607871e-08j),(-0.0007485299664711866-0.00028750581347981115j),(-2.8498698833940107e-07-3.234613135276457e-08j),(0.0011629284040136569+0.0002446756178614339j),(3.2898159208948084e-05-8.276728344473554e-06j),(2.3943861923678407e-11-1.2608390884024681e-11j),(-4.054993227162974e-11+2.06504290921335e-11j),(1.256935999509948e-07+3.1814015751715597e-07j),(2.68709504692539e-06-7.556745441973988e-06j),(-0.017914136950884084-0.0007269750908510736j),(-0.12403198127761068-0.001946216961590523j),(-0.03829259797711669+0.0008090690074363926j),(3.5880722542943735e-06-1.8035108059676937e-06j),(0.0763034850201474+0.0021323632460040418j),(0.5090417783191226+0j),(2.033688916720116e-11-1.962773979081472e-11j),(0.05044499493853476+0.010603074209495699j),(0.10377312520617013-0.0007258895437041585j),(-0.43250229407872576-0.00012722171719253828j),(0.029014294552919727-0.0034170300947314464j),(0.3148330683289149-0.007107617130103688j),(-1.9417091966591245e-06-1.1678891555925704e-05j),(0.14527346577401742-0.0035109336968932453j),(-0.2859957587420919+0.0034218529827067246j),(0.0003808363477861417+0.0005175054437991404j),(-0.1818758509790255+0.0363165955808613j),(4.432278116064321e-07-5.592982953036829e-07j),(-0.005015945700933722-0.0003419125203476493j),(-2.2152205850008877e-06+1.9331996104826606e-06j),(-0.037415115105348375+0.008168266409155031j),(0.02895164424166101-0.011249494399024808j),(1.6366853172549048e-06-1.8368196909164725e-06j),(0.22428231731537546-0.006663751906454823j),(-0.0064873356464891455-0.007075413198482441j),(0.16195936483558132+0.03302963449454597j),(-0.1342699927897994+0.0019803361884492j),(-0.007432798508312431+0.0004214290225207323j),(0.00022122438876411615+0.001914947373016197j),(0.19477262208544194+0.006388296224577553j),(0.0004590502475082498-0.00020534729624871386j),(0.0002974198632693497-0.00010694759058790251j),(0.0017633580215815699+0.001999313872913948j),(0.0007679400499321666-0.00029526235116438936j),(-0.0532496634148224-0.0008159411726234994j),(0.29192991336614793+0.004267711543835526j),(-0.0016568216755010754-0.002415434375452102j),(0.19677890815073595-0.01742679803421629j),(0.001147282215803657-0.0005192329562094497j),(0.029580683274722828-0.0023771036705059513j),(0.004081529999101305-0.0003155841268449328j),(-0.005258073756147993-0.002501611480947864j),(-0.001004967211371099-0.0015816477958818652j),(-0.01186662859637279-0.0019012662908865652j),(-0.010854614063722118+0.0063043811688096845j),(0.02316604617929672-0.01753318267484681j),(-0.005775777527792217+0.013441147735861645j),(-0.006459521587354143-0.009206091773014262j),(-0.023717109820268003+0.002413035958964551j),(-1.284162862453792e-16+1.2048646358337158e-16j),(0.02575555889537181-0.005697052759490217j),(0.007483870318040618-0.011039293901529239j),(0.013991584750110328+0.010346547466147792j),(-0.02763909790650646-5.179008635268663e-05j),(-0.020082352572211797+0.009395671580030445j),(0.02019023900958889-0.0033056584717985433j),(0.0326244929051639+0.0013713515036020687j),(0.0003904956996930826-0.005300709099838456j),(-0.010702697896700907-0.0013851945548481433j),(0.0031058022679572484-0.004532183188400783j)
74,(-2.688691688618599e-31+1.4911975887541621e-32j),(8.673861292203924e-32-7.317555092119511e-33j),(1.0000332691302902e-39+6.472351107586813e-40j),(-3.017503639600701e-39-2.0948414785487925e-39j),(5.684735341389215e-36+9.550335010157228e-36j),(4.5160543326502994e-14+6.130912699676666e-17j),(-8.886120535450665e-30-2.9226228751241428e-30j),(-1.2733208436756898e-14+5.021264140073081e-16j),(3.841908870877427e-14-1.9541339704754987e-15j),(1.3814673070688523e-21-1.5391650877465236e-21j),(4.1394329849272166e-21+7.2675238440593445e-22j),(-0.00016072274966354386+7.003969265222121e-07j),(0.003099760656671148+3.0476661126953297e-06j),(2.9600947618473715e-12-1.3657876951583465e-13j),(4.433588917000683e-05-1.991468331580795e-06j),(-0.0008736829547976348+3.5398611932277706e-05j),(1.629211220992761e-12+1.0854219841722915e-12j),(-2.9011244945742584e-05-1.4945882837417278e-05j),(5.011083298724482e-06+3.5723364798474475e-07j),(0.571553398775173+0j),(2.427209150000245e-10-3.897849933241367e-10j),(-0.16184252837912969+0.006581465880821466j),(-4.7158750585236046e-08+1.544076644246128e-08j),(0.002371407512929024+1.5012312660444313e-05j),(-0.00011533586941984548-7.726528833217587e-07j),(3.209248443804853e-08-8.366956025515703e-08j),(-2.5640263756601257e-09+5.540769487504699e-09j),(6.617715389646161e-05-8.026339153795679e-06j),(1.3628683713387141e-09-5.537414682220647e-10j),(-1.8162993985775046e-05+1.3439562891278921e-06j),(-4.558708776871256e-06-7.281503299537492e-06j),(3.2402856052131035e-12-1.3379785685814368e-12j),(-4.026505065605225e-13+1.051166741317874e-13j),(2.1702230897318575e-08+3.102289203006155e-08j),(4.3229177679237025e-06+2.7745057492052563e-06j),(-0.0007991019658607901-4.369228578902213e-05j),(-0.01330329814637801-0.00023796515115051368j),(0.4526900817688425+0j),(5.97161221081113e-07-3.848142030973718e-07j),(-0.00029835107281242+0.00011692515670731844j),(0.0034278807868186696-0.00013947581104051233j),(-2.6267108275680193e-14+9.700753369464561e-14j),(0.007669083703490446+0.0013708794124585731j),(0.04309779554484455-0.0005158592860784877j),(-0.012136574161426644+0.00046086949505307843j),(0.0010023498666725378-0.0003238802772942003j),(-0.008328486582804166-0.00045670210694100967j),(-1.7720242504004414e-06+2.381325429888488e-06j),(-0.01656555846974143-0.0033089393354175218j),(0.028419808754549147-0.00781694688498812j),(0.0007522916944811247+0.00016851839759051047j),(-0.10196857853537562+0.014334703173907636j),(3.3269041875502826e-07+6.18009716957129e-07j),(-0.014698967857923167+0.002645017370956684j),(-2.595318654263582e-06+4.462671996722465e-07j),(0.13848080447384+0.005906726132974909j),(-0.03363979488949302+0.012592044850869143j),(3.922620012635145e-06-2.5465810290421374e-07j),(0.12269960758675667+0.008999394699865278j),(-0.002470482376967104+0.001657829628514159j),(-0.07044208488568962-0.0015021340431606786j),(0.018612644169378127-0.002913525673903213j),(-0.002815663521931392+0.0004464732563254372j),(0.0001917674222887546+0.0005132843092839756j),(0.34132365441229556+0.004817609275026169j),(8.148440582976639e-05-3.25691032556822e-05j),(-0.002976750057910728-0.0002404162023684178j),(0.003006879734307506-0.0011732745192958095j),(0.006042837870218373-0.0068144295011341284j),(0.3475833604617073+0.0010355057195731016j),(-0.12656234879675404-0.0017305676430064455j),(-0.0019826560018312827+0.000714022225891506j),(-0.0900022564492027-0.015711020569671795j),(0.0033286710550450103+0.00014159839869987584j),(-0.2381678517603195-0.007808504316316835j),(-0.016430753363649873-0.004136379425167077j),(0.08436017283611301+0.008221680622259704j),(0.01210999564162381+0.0034128710610707635j),(0.003052047305368325+0.0011727888065217404j),(0.04651406783910558-0.0012533173775706383j),(-0.08683533822398537-0.0031342296809405423j),(0.0847425570032438-0.004091654797354403j),(0.01474404845949524+0.05090162506905673j),(0.11825590975247892-0.009549017617691336j),(3.2375272278634284e-16-4.244615492768061e-16j),(-0.017708055019937156-0.006688960009945788j),(-0.03553956688563849+0.00984813395761271j),(0.08476295631304523-0.019628056828957366j),(0.06921245918725726-0.007463714919130858j),(0.05814313186146934+0.012977862202869546j),(-0.026202544198592498-0.006145194233870817j),(-0.06725015736681698-0.005918204155514693j),(-0.039661126222503895-0.01121590267762236j),(-0.011152884618482926+0.0015476668789812323j),(7.441041757522485e-05+0.006102074880476044j)
75,(2.12109589559019e-31-1.0575779663440267e-32j),(2.1269755949389065e-31-1.2913769997266763e-32j),(-6.2451397930772e-40-5.4334622381376885e-40j),(2.088849475784471e-39+1.62906141814085e-39j),(-2.0519799385380545e-36-8.823631227389543e-36j),(-3.561543980521759e-14-2.4734508611178236e-16j),(3.473240759922039e-30-2.320847743442988e-30j),(-3.1162772623911525e-14+4.936894221903398e-16j),(3.0526596807265e-14+1.656339953532761e-15j),(-1.0914432092667055e-21+1.1924788927604919e-21j),(-3.2869625229459412e-21-6.176674273538696e-22j),(0.0001268715808139796+1.4525627580367164e-07j),(-0.0024450698863281908-1.6100624859351773e-05j),(-2.3069670200610824e-12+9.142952281377676e-14j),(0.00011333532991328185-2.1385529847598054e-06j),(-0.002146015314325177+3.3762547259829175e-05j),(-4.5081834314846556e-12-8.434275095588671e-13j),(2.2814631902620208e-05+1.1922767531408124e-05j),(1.2324197720230202e-05+1.1614484093597224e-06j),(-0.4508621607469375-0.002603873204329532j),(-1.58126380619766e-10+3.1837544304622314e-10j),(-0.3974261292913386+0.006792864524749642j),(4.060273276338428e-08-1.2802111280271782e-08j),(0.0023208112148519018+5.192621432019017e-06j),(-9.44444856168732e-05+5.386956966615206e-06j),(4.088456238247646e-08-9.593937111306705e-08j),(9.863494956686452e-10-2.576565143903559e-09j),(-5.172820229556598e-05+1.6963502216494211e-06j),(4.073397687698207e-09-1.0754482029203652e-09j),(-4.060681122618377e-05+1.4470609277601226e-06j),(-8.918468803641996e-06-7.704520729004749e-06j),(-2.4908587847904506e-12+9.38057946564348e-13j),(-8.061450574830854e-13+3.723789307133806e-13j),(-1.4558787367310553e-08-3.127802841625306e-08j),(4.280049891673953e-06+3.7724032559127883e-06j),(0.0006162772538223829+4.6701818010554366e-05j),(0.010538713642460236+0.0001522928111322634j),(0.4436174062433084-0.0016530742222041483j),(-3.3823520161995585e-07+2.0202196999672535e-07j),(0.0008343824332863689-3.7814605197672576e-05j),(0.00900857327211645+3.571343137058719e-05j),(7.152383333532232e-13-1.7962536055342182e-12j),(-0.003678911933359498-0.0011687498296581568j),(-0.033911601126987496+0.00011705137528445798j),(-0.028742479823210626+0.00022366287330014695j),(-0.0016588423183970277-0.0003681105885766139j),(-0.004448863546778115-0.001495064789002935j),(1.9026278352205503e-06-5.673271963122212e-06j),(0.05481927113651644+0.001306912366512699j),(0.02615162468251261+0.007028097977279267j),(-0.0007384292822911805-6.574174762052177e-05j),(0.06528473105348336-0.011952057651485621j),(-1.0684694899283884e-07-8.458625559435928e-07j),(0.012448873758848435-0.002346876555696844j),(-3.458599385504503e-07+6.79369532901069e-07j),(-0.13644589161763127+3.535635422569766e-05j),(0.04287046491304267-0.01716979162248767j),(1.3875119195075703e-06+6.814235169871146e-07j),(0.06507344923545988-0.007381499127990007j),(3.6784220581465195e-05-0.0041311914471087565j),(0.1343878844428306+0.012079072072529763j),(0.07393765680891987+0.015418458607715992j),(0.007371367430319107+0.0012989034707673432j),(7.157428924791038e-05-0.001880095949118346j),(0.33634120332687106+0.0005671562609587399j),(-0.0006704881139394202-5.461859441414056e-05j),(0.007856400116642693+0.0006114282272125091j),(-0.004530992873169874-0.0016948967609186419j),(-0.004971475838140277+0.00793107161319677j),(-0.2876312826288451-0.006335769706361891j),(-0.25068113365158096+0.002247001060358779j),(-0.0037319536797287773+0.003995328695523627j),(-0.15752576126197604-0.0008575168459387245j),(-0.010371912652196082+2.898589180924823e-05j),(0.08711978218677023+0.013118736981049315j),(-0.001297647682526439-0.0029502939399550943j),(-0.05190693580350857-0.005776349613887925j),(-0.02427114159276029-0.0020422233398666406j),(0.013153162827641514-0.0014451572746668057j),(0.022139579034387662+0.0016386908968010335j),(-0.07890149422075086+0.00016754167183310326j),(-0.16498083711128983-0.018065195926159402j),(0.025413788548624108-0.017935430069197913j),(-0.01382952070120244-0.027759248817776964j),(1.9364351684924964e-17+6.9832881631740675e-16j),(-0.07525373066073636+0.006456008398586243j),(-0.05085430652092178+0.008662915766862393j),(-0.1681857901590058-0.0074409142819526625j),(-0.0019390751692022696-0.00020562632414571156j),(0.050403537823702736+0.00651608192589207j),(-0.06172040147414205-0.02369609025802144j),(-0.039341095088124375+0.018189811812240036j),(0.04495899498023439+0.034968923370312016j),(0.04545752507610346-0.0006653862232580436j),(-0.010029985123112588+0.01691948029088226j)
76,(6.729118415061644e-32-2.3743736614368122e-33j),(-3.254060603165419e-31+1.4170824334962975e-32j),(-2.7181606206829295e-40-1.663871740319715e-40j),(8.569070746303814e-40+5.543758711050829e-40j),(-1.8140302047077157e-36-2.7118298548426568e-36j),(-1.1289821797222514e-14-2.42642875464261e-16j),(2.6413415616267052e-30+1.0920130699384647e-30j),(4.7652039851928526e-14+6.004164594274537e-17j),(2.9341285902102747e-14+3.538935314497434e-16j),(-3.6012167478227764e-22+3.944434170719924e-22j),(-1.0042009289021982e-21-1.7406972500363865e-22j),(4.0066651295192764e-05+6.520460529792095e-07j),(-0.0007745501061008138-1.649912499299052e-05j),(-7.731786709494809e-13+2.0210236457366866e-14j),(-0.0001711496997912019+3.9173776797366976e-07j),(0.0032781217694274768+3.394935623622918e-06j),(3.081120763164625e-12-2.219293530772505e-13j),(7.176975722810594e-06+3.8787035019226346e-06j),(-1.8768770371978903e-05-2.0995282386366343e-06j),(-0.14279897235613773-0.0028490211444208782j),(-1.1377431125755198e-10+1.0944548442419535e-10j),(0.6071443640429925+0j),(1.183002272208153e-08-3.30721453744958e-09j),(0.0021495992440915767-4.630005336851294e-05j),(-0.0001012353663031334-7.509290548720441e-06j),(-9.517969129006887e-08+2.0172474175013643e-07j),(3.0614499841144616e-09-3.774919037813785e-10j),(-2.4713410386990465e-05-2.7627753470808235e-06j),(-6.3464482858238e-09+9.464545205843912e-10j),(6.562770706362176e-05+3.823052280059839e-07j),(-8.753153430460025e-06-7.305027840786621e-06j),(-7.707514957076523e-13+2.5415638157382695e-13j),(1.2902585704453335e-12-4.945075019984137e-13j),(-3.735067605969218e-09-1.2440643262925319e-08j),(4.0600918840024235e-06+3.1686590933578113e-06j),(0.0002237126488640236+2.0908261735200764e-05j),(0.0033686735776804772+5.258159650223021e-05j),(0.41103545650815465-0.010946809453657197j),(-1.368093410440244e-07+1.2814039581717163e-07j),(-0.0006060740275745003-6.4340505741893e-05j),(-0.01353781211440453-0.00018989337043670953j),(-1.063073407035381e-12+1.8575715874596986e-12j),(-0.0029063296017776755-0.00040130573289215747j),(-0.010804376550466628-7.072699600596619e-05j),(0.04433830975124102+0.0002949215606860081j),(0.0012530137444851895+0.00032907430337150695j),(-0.0050234088490343385-0.0009697771416395435j),(4.371992646518409e-07+3.24223945833317e-06j),(-0.0396105812280231+0.001371611241957239j),(0.023840028630888063+0.004251475765710317j),(-0.0001236103825779382-0.00018140313606555678j),(0.060218334516611856-0.006569280888897296j),(-2.473594637223627e-07+2.5003864122066265e-07j),(0.00310288066183926-7.693477282073218e-05j),(2.570979253141077e-06-1.3983564458302942e-06j),(0.0035850257698847744-0.00526147465261835j),(-0.0116578611335423+0.004931480721209255j),(-3.998783164346458e-06+8.865569490425542e-07j),(-0.18333021646834094+0.0021538913101173673j),(0.004316385997202924+0.005032316710189574j),(-0.11105093220355065-0.025568203780795346j),(0.04745434072938906+0.006555266764208388j),(0.005002676861749712+0.00044746664532162696j),(-6.373412809781919e-05-0.0012011959905318767j),(0.3179436768302838-0.0011117507109581204j),(-0.00019955438668752698+0.00022723860005999762j),(-0.0038760556862885887+7.012107927780787e-06j),(-0.000696021419425032-0.0013742271196646183j),(-0.0020104219867210643+0.0022678756339875j),(-0.06793991392757635-0.00040116006194815604j),(0.3930698100602863+0.001058521147662958j),(0.006053724559020123-0.005814823856998053j),(-0.09783526544108376-0.0030039965896040063j),(0.003654073456008014+0.000126622241248441j),(0.12519532896426608+0.0006214668586220426j),(-0.0009082018275240731-0.0015284628335352768j),(-0.038918073335548135-0.00044163178743097074j),(-0.008490356269027473+0.0012182253628683158j),(-0.02682675229148967-0.0012149028789416663j),(0.01831005478911828+2.5244997121609894e-05j),(-0.07507696204083139-0.0007011089219027544j),(0.15117908009985792+0.02958348855322205j),(-0.05196390252970389-0.039339538929002625j),(-0.1245106217789183+0.042607276501821834j),(-7.277079259030709e-16+3.695898071103449e-16j),(0.01436140120677314+0.000212557419391168j),(-0.038361838772308275+0.010521263847975519j),(0.1019726155859976+0.033438503605872j),(-0.07814580584541586+0.00957320307411478j),(0.049474677833900506+0.010121108817961978j),(-0.046049789989867876-0.0007891527208632593j),(0.1210886089199553-0.006185903872924659j),(0.0007661374576764584-0.027764866736784966j),(-0.035108946765814095-0.004136026348055231j),(0.02837211645727405-0.024849194806725386j)
77,(2.5302813350724475e-33-1.397937714232217e-34j),(-8.158495264703234e-34+6.857868838773369e-35j),(-1.1255242958908225e-41-4.1854632794253225e-42j),(3.7799571545480025e-41+1.0031156687178198e-41j),(-6.680133376297899e-38-5.073016572491856e-38j),(-4.2833183506678986e-16-6.723206357736413e-19j),(-1.090585805036483e-32+2.4475080239308415e-32j),(1.2074766738626797e-16-4.726004215592526e-18j),(-4.206009611354224e-16+6.34973016242389e-17j),(-6.090804785786012e-22+7.479745134176626e-22j),(-1.2738736413982489e-21-2.2466692615269916e-22j),(4.7690460879884724e-05-1.615606850670942e-07j),(-0.0009554499115391166-2.0826766035931784e-06j),(-1.5745433627581684e-12+6.22166284074763e-14j),(-1.3016010382053543e-05+5.846864253290569e-07j),(0.00026845969116857-1.060186063775576e-05j),(-1.2758198317598383e-12-8.010785221983886e-13j),(2.5977177856881497e-05+1.3491464503246099e-05j),(-4.447288831503352e-06-3.332944043972202e-07j),(-0.5136746828009985-0.0010093356054360347j),(-4.874507404497342e-10+9.138050995397996e-10j),(0.14472617728149093-0.005596198714280104j),(1.273451137341945e-07-4.066070576046976e-08j),(-0.0007151978376535865-1.0167538879487527e-05j),(4.1527913811865516e-05-2.3035032512318025e-06j),(-1.5647421099744982e-07+3.2991903589427496e-07j),(9.816195751537413e-08+4.1592628807292704e-08j),(-0.0004002718719236611-0.00013866251169535266j),(-1.18163706265248e-08+1.7858507231103822e-09j),(5.612223725998451e-05+1.0090122535253322e-05j),(-1.4245766488176943e-05-6.968921323386792e-06j),(1.4968431861699354e-11-7.898231035037475e-12j),(-1.8308364878896787e-12+8.23007519433173e-13j),(8.521084118173828e-08+1.9527162058346758e-07j),(-1.8539784524809088e-06-6.161978319136137e-06j),(-0.011451074654495403-0.0001736623691893644j),(-0.07551611760677047+8.802638856986872e-06j),(-0.390146493162104-0.0048498001311251815j),(1.2914287683180162e-06-6.60777055293743e-07j),(0.0009070035639947517+0.0005160451274955824j),(0.02060236660611611-0.0009931404999256517j),(-1.651664106193914e-12+1.2762193492462622e-12j),(0.01461081110913776+0.0035763735521837986j),(0.08904606188860575-0.001456899816603581j),(-0.02539023621930009+0.0011683014454095964j),(-0.004660897209256159-0.0007712604424411379j),(-0.056747851619539144+0.0002092378847302328j),(-2.140652941999743e-06+2.8536580026186866e-06j),(-0.020511110347484342-0.004595099100831782j),(0.0673864755956049-0.011748441407036108j),(0.0009160054747415517+0.0002111653784515774j),(-0.12569353427358382+0.014875070934443561j),(4.072797092676579e-07+7.521943622298954e-07j),(-0.01804293392891889+0.0032736392657440987j),(-3.1870965165686962e-06+5.557518327043198e-07j),(0.16896518586570128+0.006818879455382254j),(-0.040892763594424106+0.015410188431134515j),(4.851267714899438e-06-2.2433265710326507e-07j),(0.15150223536236299+0.010574879155523041j),(-0.002602940268239224+0.0021158398320421166j),(-0.08630766679900533-0.0017250946577586704j),(0.035588133208657564-0.004027448830515194j),(-0.002325688461509813+0.00048641405478167346j),(0.0001870351875414297+0.00035880004685294995j),(0.37667956015740356+0j),(3.1257050620465626e-05-1.6085812453604386e-05j),(-0.003157579499584371-0.00024169246462212444j),(0.0030676398474011987-0.0015715348608259395j),(0.006655103856290549-0.00708405311631957j),(0.3634650909969418+0j),(-0.13353668558062268-0.001513591163276467j),(-0.002216722921785349+0.0006972767509682486j),(-0.12474814776330737-0.014570928097242947j),(0.0033797651635501325+0.000216700450582235j),(-0.2622447878210136-0.006765418532498124j),(-0.018178364351908664-0.004440050951670009j),(0.09178940741601846+0.008881540127968972j),(0.012125293101725566+0.003854105241322612j),(0.0029859096769760916+0.0012813040344254573j),(0.052722389377882116-0.0023595583582104625j),(-0.10191161865905525-0.0007402413821619297j),(0.0944550515926066-0.005633832012953763j),(0.015784143294939094+0.05507095023855262j),(0.12779797462633052-0.010592335615427453j),(4.334891571745037e-16-2.215766448458874e-16j),(-0.022518459244231764-0.006185525500054508j),(-0.042215387268130816+0.01295661878367808j),(0.0914009057929529-0.021654831770022497j),(0.07411148207005969-0.008152913644729122j),(0.06869570176519818+0.013164594787273384j),(-0.03408997738013084-0.006412248904245637j),(-0.07244733051482614-0.005875941492550114j),(-0.042411174085495454-0.011984848786913797j),(-0.011738903125067982+0.001587237104842531j),(0.0007785887771331148+0.0064432326740840404j)
78,(-1.9962163289590337e-33+9.90859336725975e-35j),(-1.9996578763558808e-33+1.2102187141123547e-34j),(6.658002500316851e-42+4.4738651477216465e-42j),(-1.9946499411491037e-41-1.4546155110319235e-41j),(1.6440125284529336e-38+8.362260442892733e-38j),(3.378151943878465e-16+2.4209829645727285e-18j),(-5.049019359706422e-32-3.431429594068603e-32j),(2.9532524430830706e-16-4.6250917109500485e-18j),(-2.4657058815453024e-16-4.698971038966679e-17j),(4.811717859319328e-22-5.814344402117968e-22j),(1.0129004265607917e-21+1.9355092110203792e-22j),(-3.764060704573449e-05-8.015505106013531e-08j),(0.0007536498301201292+5.866982446701453e-06j),(1.2301568965293803e-12-4.088053892147134e-14j),(-3.361795274414389e-05+5.900803825365825e-07j),(0.0006594216775280205-9.541908761863011e-06j),(2.709912920348208e-12+6.466361198076005e-13j),(-2.042883243787394e-05-1.0760405713167569e-05j),(-1.0956090728486513e-05-1.0692489787919803e-06j),(0.40519862389373146+0.0031206558555057634j),(3.3303104036401227e-10-7.148683851104746e-10j),(0.35537604241395937-0.005382344506322689j),(-1.034195875609681e-07+3.237109911155699e-08j),(-0.0006959637185897193-7.077575507449558e-06j),(1.5960739640667462e-05-2.8562952375876745e-06j),(-6.370390675955851e-08+1.6930198643856607e-07j),(-6.85172884324248e-08-3.2869698294573044e-08j),(0.00030390662375201266+0.00010966361858591919j),(-2.6143256315646874e-08-4.792731142453406e-09j),(0.00010936295605346306+1.4645755727109435e-05j),(1.3754366866537016e-05+1.2979465509066047e-05j),(-1.193897486023359e-11+6.19285599495557e-12j),(-3.993821029210365e-12+2.277892933935115e-12j),(-7.0922914043442e-08-1.4739531516579813e-07j),(-4.560201699402761e-06-4.209529014195564e-07j),(0.009213195015516106+0.00016926203362047565j),(0.05905717423854447+0.00047905775782075034j),(-0.38232862221499414-0.003268194471694408j),(-1.04531715148127e-06+4.3343429921211686e-07j),(0.009546283862815495-0.000473255051755217j),(0.052478384020206756-0.0006931193742269713j),(-1.570328519296387e-13-1.8084468154740681e-12j),(-0.009524604049447789-0.0030647203747955656j),(-0.07026145278332177+0.000704341160126909j),(-0.060534053525387585+0.0009033340027941802j),(-0.009050707643862342-0.0011304774800170697j),(-0.04990840868408778-0.0009651278379974142j),(3.0361276033420483e-06-8.18955750297244e-06j),(0.07701050522465465+0.0009221650602005554j),(0.06344497760713508+0.007261773364953612j),(-0.0009696300585440157-9.671162823246361e-05j),(0.08695024526770288-0.018492918994024145j),(-1.1693648561307111e-07-1.0384801375359477e-06j),(0.015476821665199189-0.002895991482651563j),(-5.710041277668025e-07+8.329999702604238e-07j),(-0.1647506920650678+0.0003124128741456584j),(0.05216201229938569-0.020940485299099962j),(1.9723429464922607e-06+8.732415856095623e-07j),(0.08581861188379322-0.008573041620020514j),(0.00023991483773812185-0.00468903913958092j),(0.15283721882115392+0.0143972188107922j),(0.0979158136152615+0.01682635660551309j),(0.009014788792355007+0.0013881118284600085j),(5.314142600022717e-05-0.002304696097504451j),(0.37102005802340343-0.0044303739388603935j),(-0.0008011156578489219-4.31872788415496e-05j),(0.008861548092443815+0.0006495128023087525j),(-0.0052560748432243926-0.0020988715193007695j),(-0.0056268590621316806+0.00872032601107086j),(-0.30075403880897733-0.005901905194815302j),(-0.26444689398750665+0.0029890578982843807j),(-0.004244161184279367+0.004247819376502561j),(-0.1988676411900509+0.0017018049894570314j),(-0.011669287472483483+0.00016133359411040263j),(0.09152617574199352+0.014699117970825156j),(-0.0021633290341478676-0.0032472196791398285j),(-0.056314417471398134-0.005883237097196431j),(-0.02639790460772174-0.0017684604918429098j),(0.01378357570641849-0.0015337767147902961j),(0.026827743792970666+0.0008056708276309261j),(-0.09326285381068153+0.002743388214551633j),(-0.1769717935438968-0.019898201901157445j),(0.02742493103103274-0.019092225829834934j),(-0.014324108811563627-0.030015182176246304j),(3.596029513725713e-17+6.903273996850244e-16j),(-0.08401205293199376+0.00808197802452867j),(-0.058392163858417154+0.01172532526391924j),(-0.181761955118125-0.0077408100154609805j),(-0.0016083996046506025-0.00011825352292127412j),(0.06029306517662376+0.0062807371727685996j),(-0.07196128196938849-0.02506207039046993j),(-0.04301122392698615+0.019950827237746525j),(0.04874613023784465+0.03760088234247307j),(0.04910550530240007-0.0009965643195860305j),(-0.010190159943401764+0.01824813859264754j)
79,(-6.33227091456309e-34+2.220141543598656e-35j),(3.0597266268267974e-33-1.3254281311507381e-34j),(2.418721849648575e-42+1.721911140544953e-42j),(-8.614395258580798e-42-5.456768826178781e-42j),(1.5403788609691298e-38+2.5294942549413226e-38j),(1.0707311373918231e-16+2.3251948718347624e-18j),(-2.7507443508544287e-32-1.7763506908465786e-32j),(-4.516802507282664e-16-6.676764779932196e-19j),(-2.5663239622450027e-16-1.9985755040263528e-17j),(1.5907786276414461e-22-1.9011127137873854e-22j),(3.0769196007508794e-22+5.080501058674181e-23j),(-1.189401012126455e-05-2.0395724693581576e-07j),(0.00023873182142266646+5.356359861296599e-06j),(4.071221672286296e-13-8.303992124384142e-15j),(5.0617267922923024e-05-6.617202273525662e-08j),(-0.0010072615279478267-2.234630345182998e-06j),(-1.5264577992602589e-12+1.5473765600178464e-13j),(-6.425087905542221e-06-3.499857961888434e-06j),(1.667558559751872e-05+1.92174660642911e-06j),(0.12833301797703975+0.002808437388647604j),(1.9258904619118784e-10-2.3777236599380383e-10j),(-0.5428890697215101-0.0010589398725513455j),(-3.0409359850233345e-08+8.63342135653062e-09j),(-0.0006441089791699878+9.716735627620531e-06j),(3.208207868141983e-05+7.108193534487656e-06j),(2.608188942739474e-07-5.425275843375111e-07j),(-3.399301709914388e-08-1.3438843644845291e-08j),(0.00011390847564449807+4.395389915550249e-05j),(4.128116313415589e-08+4.700312363708525e-09j),(-0.00017970348483972145-3.239622797522327e-05j),(9.493072847976121e-06+8.802738160165789e-06j),(-3.829323275010686e-12+1.993314077408971e-12j),(6.4415254166613684e-12-3.1861641815218924e-12j),(-2.0804686556814137e-08-4.670541959613912e-08j),(-4.071716983687093e-06-1.5748461250136612e-06j),(0.0026601232134668288+0.0001058022375717934j),(0.019307367994289+0.00036829697333164765j),(-0.3543540580320723+0.005079955703598704j),(-6.323919180287644e-07+3.6511526917006756e-07j),(-0.011249500589694433-0.0003430831267662998j),(-0.07926540772446643-5.7377746241822625e-05j),(-3.6488485627347405e-12+4.320668972150471e-12j),(-0.009460446808426814-0.0016530478989032192j),(-0.022499937628403615+8.634513617176813e-05j),(0.09337911710525626+0.00016490905128735411j),(-0.003377578206330382+0.0007515987895164934j),(-0.04758510329340809+0.000592628313749944j),(7.138629542432288e-07+4.597475846685402e-06j),(-0.05695314029077164+0.0018570524056041593j),(0.058189092934354654+0.0033388786558528408j),(-0.00017575384948716617-0.00024730741546767176j),(0.08347820534163318-0.011423110573553111j),(-3.109325336294842e-07+3.2812288164881334e-07j),(0.0038633641205872253-5.6992051898040186e-05j),(3.0127417515219704e-06-1.7189428119021821e-06j),(0.007774268352609447-0.006604793736052504j),(-0.015553568452172237+0.0065388115223057874j),(-4.513712333526018e-06+1.159892109589852e-06j),(-0.22159480920051908+0.0033752452935356114j),(0.005406446431362185+0.006209407826013109j),(-0.13816961499665747-0.030799161607310284j),(0.06671767896642214+0.0064263848755981845j),(0.006335246714206872+0.00042401173350690644j),(-0.00010357604599865368-0.0015348547594776932j),(0.3502730730148045-0.006207933300328566j),(-0.0002706112779818375+0.00027608627462905885j),(-0.0043125382969978945+2.4139813558215757e-05j),(-0.0009756156599396178-0.001742014210945083j),(-0.0022813711987730743+0.0025878004161307587j),(-0.0707818455269539-0.00029303906721110315j),(0.4134471907204203+0j),(0.006835463315913708-0.0062896268585740135j),(-0.13046447715306614-0.00020194078230094392j),(0.003919371219071125+0.00019937803096303146j),(0.13580884774346688+0.0008524413092508946j),(-0.0016361518353173875-0.0017031332741467026j),(-0.04270980895933991-0.00013430693285676823j),(-0.009573325096341593+0.001624081526165023j),(-0.028980992167545287-0.0011140644357447785j),(0.022383527222104484-0.0008972832944327026j),(-0.08846768931409525+0.0018057241936438526j),(0.1695295218887769+0.031168363906301434j),(-0.057416181650069495-0.0427650181907809j),(-0.1362714820776072+0.04751383572887575j),(-7.779836007043114e-16+2.399254876876885e-16j),(0.012832805066848285+0.0010153029049401194j),(-0.044693149614561986+0.013585901075665499j),(0.11258002469428464+0.03603633723995382j),(-0.08454608151288753+0.010851398390905362j),(0.05883274766826083+0.01007187219470836j),(-0.05468753582383307-0.00030934518076063816j),(0.1319104977511624-0.00721994136878391j),(0.0007557461968023711-0.03050084702419637j),(-0.038175259072935536-0.004445291532826564j),(0.03143826510855381-0.027385640262497162j)
80,(-3.434105632970183e-18+1.951522940955317e-19j),(1.1128428927458725e-18-9.574911040145203e-20j),(1.4008840370400936e-26+5.060902421140388e-27j),(-4.596053099738778e-26-1.5387443674594808e-26j),(1.0264618259782563e-22+7.260962813615367e-23j),(0.5461474410138546+0j),(-2.1151352407708613e-17+2.8659045861884015e-17j),(-0.1543711946628859+0.006332191311342959j),(0.4267304748696165+0j),(-5.574746040441031e-17-1.1452711019689173e-16j),(2.0431279217041726e-17-6.530895044061771e-18j),(1.0757489083377022e-05-8.602098707805886e-08j),(-0.00019076497682047613+6.278505202370765e-07j),(5.775049970780519e-08-3.8031717586063e-09j),(-3.1342999400352908e-06+1.4067891380006236e-07j),(5.615432712164844e-05-2.3667907307667295e-06j),(-1.3363006201133724e-09+5.25975378376049e-09j),(-0.00133873170451611+0.00016211626041873287j),(0.0005764759329846163-9.429611551700138e-05j),(2.219132492660851e-05-5.1688497481362e-07j),(-1.0518611677407008e-06+1.7823570436452695e-06j),(-7.410353752880268e-06+4.860423861587445e-07j),(0.00021222847746559857-7.015036034463709e-05j),(-0.0002558452797296803+5.2596064965572265e-05j),(1.2560640043398223e-05-2.352208756533663e-06j),(-0.00015590321186099494+0.0003810959072513689j),(3.145820709648034e-05-7.533232839462314e-07j),(-0.3073667278734409-0.0012507071371852946j),(-7.197978122838042e-06+1.8351839513302574e-06j),(0.0804894556431999-0.0040003001228675825j),(-0.22705213528977605-0.0016654731921662141j),(-4.119107642255225e-10+7.309868148581643e-11j),(5.3072805608422e-11+4.515998626414169e-12j),(-9.801186718946284e-06+1.697129312398088e-06j),(0.0029807033498897503+0.0013748373770046346j),(0.00037987830491359177+0.0003125738454022147j),(-4.142593696556784e-05+0.000952965450871797j),(1.1721825732568828e-06-1.2094171202267032e-05j),(-9.557922149162249e-05-1.0296175254670406e-05j),(1.1840160625523604e-05-3.844335073165881e-06j),(0.0007374985580133995-5.941265647316964e-05j),(7.611327606708923e-11-8.820963194356457e-11j),(-0.03602256927523131+0.005876545351114303j),(-0.0015340761689817842+0.0020798442074764965j),(0.00023850822686336977-0.00013015016754077153j),(0.0005939311841420973-2.1461842064808944e-05j),(0.00418965232459215-0.0008675819300708678j),(4.8097170339018116e-05-1.526357606245115e-05j),(0.014142387126077148+0.002697900161093226j),(-0.0014982856541110663+0.006499251176364136j),(0.0006022430778066725-0.0004095211825946624j),(0.07011069399921872-0.007494668846075716j),(9.939396398339071e-07+4.255218301757663e-07j),(-0.02136703374333961+0.0035306625309051484j),(1.272637577382736e-06+1.530369976390248e-06j),(0.08652343474755274-0.009478213178887177j),(-0.016356157000042584+0.010775793676667785j),(-1.2609822938627418e-05-3.625579811984946e-06j),(0.05098445590079475-0.009052333936648836j),(-0.03746783928251654-0.00028212181031122066j),(-0.006860860595542855+0.006969271019932981j),(-0.23434142511297623+0.005807187500809982j),(0.012059123245166885+0.005294772685221309j),(-0.00027939502958037097-0.002448418095902499j),(0.017982291718650473+0.007584950860309017j),(-0.0009131794475589889+0.0004801979756232346j),(0.006937963311972975+0.001604128835845086j),(-0.013546929019267599-0.002576149504209018j),(-0.014844326807258227+0.034741335435248835j),(0.09686569207973575+0.009246775032667041j),(-0.02792608300601187-0.002563281491744185j),(0.005042330830260469-0.008673206887578775j),(-0.14956993723569323-0.01222303072531232j),(-0.018781852711648988-0.0005062222442251498j),(-0.11480787652715588+0.012507744086140124j),(0.0389311755096343+0.008203121282444286j),(-0.043014011213969486+0.0162404846156688j),(9.195691981446941e-05-0.006706953333189526j),(0.00043165633040466434-0.0010505661800122626j),(-0.11349736629822256+0.007937449934028649j),(0.17613754711429008+0.00808270445839189j),(-0.031351219120459094-0.0032231760151059325j),(-0.027959008590360004-0.09084138325916621j),(-0.20656257216974544+0.014936493377447416j),(-6.789371959450018e-16-2.9708057425192526e-16j),(-0.029822603861843686+0.06122742039480758j),(0.10440904335179271-0.029229649776999975j),(-0.1505553195531973+0.028796274641629017j),(-0.12012190276898077+0.026323524947695576j),(-0.06453555599809585-0.03587535618554508j),(-0.20024654654665217+0.028220235351387346j),(0.13504404720632365+0.00082169154497921j),(0.06294239203506008+0.025886936019974882j),(-0.010397259795226817-0.010969914726524107j),(-0.04290693094458673-0.017424787507869105j)
81,(2.7097554535413938e-18-1.3878172990108912e-19j),(2.7366531861436857e-18-1.6955207064921227e-19j),(-7.78896107255286e-27-7.19238824834619e-27j),(2.1426513845671316e-26+2.3528005271787897e-26j),(-2.9775324345618064e-23-1.1833099827876302e-22j),(-0.43080690068570043-0.0024115675856364316j),(7.600955534289016e-17+1.7242947105700058e-17j),(-0.37911894536064616+0.006448787207459464j),(0.4181741861327499-0.0015438790255585255j),(1.2369604892789872e-17+4.153249050818752e-17j),(-5.118577177878729e-17-1.2354878349982162e-16j),(-8.290924822666641e-06+4.763764745215218e-08j),(0.00014674771682703533-1.5160845680190274e-07j),(-4.547953221720257e-08+2.6873510979105126e-09j),(-7.3860005138004145e-06+2.0238958984564656e-07j),(0.00012912972523046945-3.184888869887722e-06j),(-6.601935927763692e-08-1.7885829782699982e-09j),(0.001066229541485493-0.00012264430809694183j),(0.0013748864578676503-0.00019336390870473646j),(-1.656682141841473e-05+4.2231803230155934e-07j),(7.371098179442821e-07-1.4258356289142391e-06j),(-1.5480699436733392e-05+9.442585890223846e-07j),(-0.00018397816730264966+5.9527387818855224e-05j),(-0.00016427271757110725+2.0549941531101703e-05j),(7.988704613277402e-06-6.267668326130776e-07j),(-0.0002367453210854402+0.0005180566518275408j),(-1.8507416068628363e-05+7.792346756475099e-08j),(0.2354544653623517+0.0004652746950671513j),(-2.359213245885027e-05+1.9540179153599273e-06j),(0.21462766898159824-0.0019448904998883715j),(-0.2248169892310341-0.002051366049517403j),(3.1565069135469697e-10+1.0268497227198503e-10j),(1.4969401909240667e-10+1.604780993605761e-11j),(-3.3721906958928815e-06+3.4503550672397804e-06j),(0.0029512396947737416+0.0013391500988793902j),(-0.00025530842035646653-0.00019777158539143386j),(2.1495251205534276e-05-0.0005851477101718408j),(1.4716418868338994e-06-2.407397964798133e-06j),(-3.709438754216266e-05-1.3867704826159223e-05j),(3.380197507251681e-05-4.983557465180779e-05j),(0.0006451422104687472-0.00018315934118137546j),(-2.072560616066861e-10+1.1661434406162795e-10j),(0.01447648655345658-0.0032141034521503556j),(0.0003631306343050994-0.000862708857281859j),(-0.0008070293102245504+0.00015149644733168638j),(-0.0005260196894330613-1.764613570019941e-05j),(-0.005640881288383429+0.0012799548577693682j),(-4.5291192872116245e-05+2.310089970335119e-05j),(-0.1174470782349682+0.0011218894960598053j),(0.0007878694463731798-0.006214493215287047j),(-0.0011063782932953594+0.00047216753012847715j),(-0.055043175578765265+0.0025484731465323963j),(7.193628620165889e-07-1.2337299275903262e-06j),(0.017589193017338564-0.0032613499439706943j),(6.354074100661579e-07-1.4680519112210393e-07j),(-0.11585360154533843-0.0009098698784648432j),(0.04573356768044357-0.015681721975673534j),(2.2639454356819155e-06-2.319384843259204e-07j),(0.012351211904732092-0.0030107024116273287j),(-0.023355432692655165-0.0007678542014962035j),(0.06898588568723171+0.005196338443474502j),(-0.015447080185333863+0.01008213725081828j),(-0.010815359868344933-0.00010517585280499057j),(0.0005104428745390396+0.002458013893158321j),(0.021686321950875685+0.007493553156725745j),(0.0012193709703798824+0.00030689855881422965j),(-0.03138697739117989-0.0009688554692222485j),(0.016688771600926966-0.002460989271156405j),(0.017988441801911656-0.028498508334028116j),(-0.08860873195616088-0.009057069269236554j),(-0.05956741396550979-0.003935704523919951j),(0.015492500682382514-0.022156901173643058j),(-0.09145306936406047+0.0012183408541125498j),(0.04906103508475401+0.0002649554080902403j),(0.050698542855695014+0.002117390690072423j),(0.019717626269473196+0.008775579696106237j),(0.12325182712318553-0.02607408843273553j),(0.04850029220527076-0.004742310083288247j),(-0.01619877989958104+0.0038170486491328473j),(-0.07574108873236757+0.0011548098982844188j),(0.15294184804994865+0.0037318599457290547j),(-0.06633599329669458+0.0028015750768221326j),(-0.013817724344052578+0.06941446275904072j),(0.12070827969958742+0.019832374517241805j),(1.0610700471479741e-16+5.121895555246274e-16j),(0.06697848744564018+0.04158568039581398j),(0.12680205792940785-0.027344401697366856j),(0.3132892752602488+0j),(0.019354940799969522+0.0108370031085478j),(-0.03639979739161725-0.02408374865830758j),(-0.1944803300369948+0.05583096441527044j),(0.07599838061458271-0.05069468714935256j),(-0.11904261270120661-0.0628562336469238j),(-0.13918725134928334-0.009212240294825058j),(-0.04920040624274721-0.04263677872946736j)
82,(8.589988053984218e-19-3.144352630127179e-20j),(-4.183541833660461e-18+1.8779071585240193e-19j),(-3.4494606954916666e-27-1.9914487581229304e-27j),(1.2253466909906153e-26+6.147203130181551e-27j),(-2.724241735132562e-23-2.7376396644644575e-23j),(-0.13646107333352964-0.0027529245943884798j),(9.410109021481498e-18-4.511195369527752e-19j),(0.5791627843856111+0j),(0.3874605171923543-0.010332483296147638j),(4.913316470686648e-17+1.1821048350905436e-16j),(3.0876784633869376e-18+3.13576492965e-17j),(-2.6660483039777995e-06-2.1533616218383407e-08j),(4.744805278143314e-05+5.809597686040774e-07j),(-1.4643862248493435e-08+7.010142328152421e-10j),(1.1330414742828155e-05-1.1551060895661354e-07j),(-0.0001994870861583382+1.5161245293991915e-06j),(7.254955009382374e-08-2.2820964319708958e-09j),(0.00032827452345814346-3.274240621607455e-05j),(-0.0021179888419232892+0.0002624600742163769j),(-5.516074554250553e-06+7.965609490694065e-08j),(4.4173909527398745e-07-3.712756947998053e-07j),(2.4396372655112865e-05-1.0413730027878321e-06j),(-3.6365476515126465e-05+1.1409664230759634e-05j),(-0.00015627918340571404+2.426660163756255e-05j),(7.701126448547376e-06-1.0132927684359091e-06j),(0.00045036812546447245-0.0009626703488098409j),(-1.513072035831352e-05+7.333678188937947e-07j),(0.08084605237571257+0.0021933849270316524j),(3.321906443788267e-05-3.2201215710611823e-06j),(-0.318801887243364-0.000792813484953539j),(-0.20875406921288775+0.002942760682160789j),(6.011224977776465e-11+7.998349734489893e-11j),(-1.988145177973483e-10-1.5940560564629336e-11j),(-5.2604275370243114e-06+2.821101091983209e-06j),(0.0027471060280717893+0.0011835681106834354j),(-8.957722069347852e-05-7.154938151783157e-05j),(1.1561481302292217e-05-0.00023800253209232098j),(1.2573033066725195e-06-2.780417926498773e-06j),(-8.070315315711048e-05-1.0714145965061862e-05j),(-4.7927732183924984e-05+5.596114469302158e-05j),(-0.0013334741848774856+0.00025735232960987945j),(-6.8056830593700365e-12-3.228975196020303e-11j),(0.009626495355508854-0.002535078364429526j),(0.0003914452084996366-0.0006291124376266564j),(0.0007710400465049373-3.224900028675145e-05j),(-0.000454785724313727+9.321369806733101e-05j),(-0.004004340970416613+0.0006992833428251654j),(-1.379296890392018e-05-5.377362805648029e-06j),(0.10014406464721093-0.005642480361015757j),(0.006189147155797957-0.008032699527789441j),(0.0003685327515465195+0.00021589807101416881j),(-0.0963021118605333+0.0003195027827275279j),(-4.787801139814195e-07+2.1615342087135413e-07j),(0.005121153790648191-0.001303208407617718j),(-2.0931142882557954e-07-8.619859564407296e-07j),(-0.044714631718344146+0.0025119394028628077j),(-0.010095629130519925-0.0011833048427065305j),(3.7447334239064084e-06+1.2311839989130803e-06j),(-0.12377534696768637+0.001912267412543002j),(-0.0185892164870475+0.00392215797049341j),(-0.047413884194197786-0.013082187532443076j),(-0.023291425175771208+0.008657903652262546j),(-0.012115328059025791+0.001807541565761208j),(0.0011335044882855288+0.0023334770254815336j),(0.021780094228653714+0.007826625559582955j),(-0.00022971326023496394-0.0010867121449549073j),(0.02046271255867385+2.1228691104831655e-05j),(0.005097830176089183-7.823354768168064e-05j),(0.005393643868348511-0.00827720416457886j),(-0.023362400687979273-0.0018361588245951709j),(0.09930414773152431+0.008670736603412714j),(-0.023338064896710357+0.033120171143862606j),(-0.06643279799445513-0.0005078286874667312j),(-0.021721717696788566+0.0019142677376384769j),(0.06616131329265396-0.009195336003830504j),(0.01614857364811155+0.005779171509294372j),(-0.032171081159397846+0.013425466739267278j),(0.02450284804992688-0.007380162464997798j),(0.050929830873944176-0.0021700228077091467j),(-0.06607209198879664+0.004318989183044991j),(0.1612206025296236+0.004350696868339221j),(0.19275360419475202+0.0028509874339802356j),(0.07500693219510245+0.03469497011813473j),(0.13452592457138285-0.04718070677217706j),(1.5111198338002518e-15+1.9729092190749582e-16j),(-0.09579678067347888+0.04863748348793272j),(0.10576214757061606-0.03175808725085947j),(-0.15070675397499686-0.06234754070010203j),(0.1814202857996811-0.016315739065526844j),(-0.058694417868697-0.033307071339297875j),(-0.13894781151791402+0.021495795234876436j),(-0.24287648174959578+0.0003997699421911839j),(-0.013193026672373908+0.05817929977435859j),(0.0473044826909913+0.002356633308305846j),(-0.09736833637741105+0.04684940403450422j)
83,(-2.8597652231684357e-22+3.207490905570153e-23j),(1.0966091794827867e-22-1.4345340455011936e-23j),(1.1967542232407614e-30+5.119496336639845e-31j),(-3.2398210089965165e-30-2.2491852658095554e-30j),(8.355888647252972e-27+9.868638899492795e-27j),(4.6693749909517704e-05-2.5673162501459957e-06j),(-7.503499478240572e-21-2.814075814932618e-21j),(-1.561134372893357e-05+1.3345582520015074e-06j),(9.171210364477667e-05-1.4791447439662884e-05j),(-2.2094423155277307e-20+1.4012993403254483e-19j),(-1.690886049506786e-20+1.44813435000457e-20j),(-2.1741506620963836e-08+1.4309580029558848e-09j),(3.986038811848064e-07-2.4307186743883307e-08j),(-2.0369471351923386e-10+2.4536091161373075e-11j),(7.556010775091913e-09-6.957316204823634e-10j),(-1.3995221589984042e-07+1.2491743889517082e-08j),(5.170524935225087e-12-2.230560381348691e-11j),(6.448125558202451e-06-1.1618016730160507e-06j),(-3.3104622718642514e-06+7.027430136263903e-07j),(-1.0149232736092462e-07+8.522754726558396e-09j),(6.58477421692456e-09-1.3558763139116722e-08j),(4.07488726710715e-08-4.726611873438791e-09j),(-1.5946728771549273e-06+6.367610687846971e-07j),(1.4014003524837882e-06-5.755243475944088e-07j),(-6.648913999465321e-08+2.58761713599988e-08j),(1.264845052646487e-06-3.5861738495769925e-06j),(-3.4675406375554426e-07+1.0866996854158558e-08j),(0.002904305645603969+1.4035129157702027e-05j),(8.207948753410987e-08-2.1542569122724686e-08j),(-0.0007606174473963826+3.7398347278516176e-05j),(0.002197234359842642+2.7398423127329924e-06j),(5.956583883424822e-12-1.2415542918517168e-12j),(-9.284358283929245e-13-5.033670851875531e-14j),(1.352744885622184e-07-3.628186983390889e-08j),(-4.159483592958285e-05-1.0907161873886712e-05j),(-5.167025653067652e-06-3.4787037624933087e-06j),(-3.134066251064329e-06-1.3347623962347532e-05j),(3.508995467834666e-08+1.5808420582570868e-07j),(2.0102191035577502e-06-1.6063918311346222e-07j),(-1.1511687229243149e-07+8.625467392633685e-08j),(-1.1231751429745023e-05+1.7469459710571253e-06j),(-2.55206009512841e-12+4.87050011172674e-12j),(0.0007990535692511119-0.00025045071950568153j),(3.4063536132110464e-05-5.4450733515047187e-05j),(-7.570954511144965e-06+4.647716555849896e-06j),(-2.260663945083643e-05+6.55092808514258e-06j),(-0.00020824723191312477+0.00011463143287602078j),(-4.4067547822666015e-06+2.805711024763004e-06j),(-0.002370741796810004-0.0002553108886033422j),(-0.00044090403198467635-0.0013365189883921393j),(-0.0001407393231864077+0.0002542679276223001j),(-0.020762440189196416+0.00584808871688774j),(1.5341134006725218e-07+8.537163889651428e-07j),(0.6555843005545356+0j),(-1.2595186817371316e-07-7.069709388670176e-08j),(0.002558759616684928+0.009680294161289156j),(-0.1880025368472998+0.01855597952464231j),(-5.009856153691163e-06+4.773163487176524e-06j),(0.02411468516577105-0.007992520965611346j),(0.5652810203108822+0j),(0.009143545955790412+0.021724067938623998j),(-0.041208219841776125+0.0075704404452383925j),(0.00039861106998687827-0.0007200177765462334j),(-0.00023414007268139064+9.541696029219054e-05j),(0.0020040357624411605+0.0009153928969482522j),(4.100599898820016e-05+0.00012798234515533054j),(6.548786042437832e-05-0.0009217560848988891j),(-0.0006486579735025448+0.0014774309907412844j),(0.3822704378525643+0.11886546826594196j),(0.010379367193440956-0.0009282476557899463j),(-0.002948658971657083+0.0002272026778924488j),(-0.10488624434683358-0.04323703928706513j),(-0.01819148196248847+0.004605797538178404j),(-0.001175213386775255+0.002847411508206259j),(-0.010566760383264831+0.015697737119773743j),(0.005890017885410986+0.0008820898732032679j),(-0.002952400199948115+0.009367881257129595j),(0.0011705572020379246-0.00018937761175867436j),(0.0005707414132974624+0.0002634852348438266j),(-0.019505416983519593+0.0019437254446342915j),(0.035561052412424604+0.002805259719320795j),(-0.009023525000456285+0.003986117841392889j),(-0.01618808755744902-0.009835004918646941j),(-0.028774482440666313+0.02482956359413427j),(4.872902490819935e-16+3.4323873384693716e-16j),(-0.006471793072001129+0.01527874157758398j),(0.020950654959025115-0.004545720133553964j),(-0.01859060267087979+0.023845002941173473j),(-0.008011805318472918+0.01466949299146401j),(-0.013321010668227627-0.00785645262738943j),(-0.056787167838017856+0.004415298900880375j),(-0.012662278240428178+0.0178464620353155j),(0.02491885716976567-0.019498214828802398j),(-0.013673263748200243-0.005989874751847319j),(0.16772006853664834+0.012719260086813726j)
84,(2.2572492035931244e-22-2.4038787438255416e-23j),(2.6999393832748735e-22-2.876236732855843e-23j),(-9.408252201254722e-31-2.602827027715582e-31j),(3.4918887136371075e-30+5.0366006372756545e-31j),(-6.759633305020155e-27-4.781614393491586e-27j),(-3.684385437254351e-05+1.8189330952815664e-06j),(-7.349947596787927e-22-2.4750898702125196e-22j),(-3.838075281582578e-05+2.3552892449774045e-06j),(8.98194305895042e-05-1.4826588804841838e-05j),(2.413880401623094e-20-1.2048795476396786e-19j),(-1.2187664697194841e-20-4.814619205955527e-21j),(1.679322575573566e-08-1.0658721454963664e-09j),(-3.073049090242807e-07+1.8015916287391894e-08j),(1.604854498623244e-10-1.8231126890795347e-11j),(1.7822673884308775e-08-1.3284173285893623e-09j),(-3.2203522494885555e-07+2.310097599968809e-08j),(2.7832171919096234e-10-3.671972975113438e-12j),(-5.138050789517717e-06+8.938716350176536e-07j),(-7.905184348913818e-06+1.4930542645118491e-06j),(7.589906874365928e-08-6.524755582147582e-09j),(-4.518489622503902e-09+1.0783505036076553e-08j),(8.509686708408822e-08-9.483229920165861e-09j),(1.3828199204196391e-06-5.419999321325095e-07j),(8.995846784253704e-07-2.887189066274993e-07j),(-4.246208799678075e-08+1.1388458773386445e-08j),(1.944771755087817e-06-4.875194129576708e-06j),(2.0451192695752577e-07-2.3341412221565935e-09j),(-0.002225062291059936-6.399568268818318e-06j),(2.70095965854396e-07-2.3769278554144447e-08j),(-0.002029711837808949+1.6570295310976775e-05j),(0.0021753393168704948+6.770779327153068e-06j),(-4.6526021763915264e-12-1.3004969213443444e-12j),(-2.638079565407649e-12-2.0681996428182186e-13j),(4.1327965433859054e-08-5.232934057804233e-08j),(-4.113489759955647e-05-1.0510830908930266e-05j),(3.4261542464830423e-06+2.188834333008355e-06j),(1.610799684169031e-06+8.158790734186415e-06j),(-3.155441641924264e-09+3.255207520891702e-08j),(7.738021935658767e-07+1.6656817164198017e-07j),(-2.2482872330874918e-07+7.250475328191962e-07j),(-9.370887880793263e-06+3.5762101649801134e-06j),(7.228659713533149e-12-7.097540440804971e-12j),(-0.00034093304220342074+0.00012628620539775027j),(-8.647990229513183e-06+2.3665673153759027e-05j),(2.549413509355258e-05-6.4764483572510524e-06j),(1.9444856746902445e-05-3.851457608605603e-06j),(0.0002494989098560546-0.000132219422232738j),(3.7984999391884344e-06-3.2100229034113263e-06j),(0.012136066604410696-0.0008599613833771627j),(0.0004133098027975345+0.0009103280951338248j),(0.00022759071557291265-0.0002588425478145j),(0.013246508986553154-0.003138250200959047j),(-1.0601087501860003e-07+5.871304068188143e-07j),(-0.5172278564765069-0.0025349618335739343j),(-3.041901820344402e-07-2.231960435447843e-07j),(-0.15091553684058495+0.08461820220470807j),(-0.4346865761858559-0.00027949132661940837j),(-3.430624648154357e-06+3.9492024062304885e-06j),(0.02542417889632108-0.006423277104596534j),(0.5576671912299741-0.0013735247561300068j),(0.017838340345060422+0.017223824503874698j),(-0.030570599579861087-0.006174571115219161j),(-0.0010216519700736591+0.0012115374829441963j),(0.00024699274865713766+0.0001720198138578008j),(0.0023623990020971626+0.0008609605833972609j),(9.078949943687711e-05-0.00010957794325153703j),(-0.0024391194586900976+0.00319702345149228j),(0.0010352086200943924-0.0020240200042062778j),(-0.29833882536231754-0.09226666287430502j),(-0.009660811846979428+0.0005708827043242274j),(-0.006315778862931849+0.0005504613562220832j),(-0.24417649685694184-0.09059470631397104j),(-0.014273582307389003-0.0027414707326810497j),(0.0042999612321387645-0.005550993020075253j),(0.004269991372528946-0.006973579176798834j),(0.003572733777302199+0.0016554160690544929j),(0.009756581806508291-0.016291599437865067j),(0.007157152016690092-0.0017360359524288844j),(-0.0012990501726789054+0.0014221860298883953j),(-0.015012389716548164-0.0005313380720102117j),(0.03236443528708765+0.003346537151747063j),(-0.013061634542512928+0.007573206713335689j),(0.002621458871206458+0.009941080099086425j),(0.013626173475660492-0.009538040204717548j),(-3.064820089458046e-16-3.3055351522504074e-16j),(0.005266844946106441+0.007433894223855455j),(0.023910292386080785-0.005247535384573974j),(0.04110132205426387-0.02212662854013832j),(0.00960179964430571+0.003090779595560525j),(-0.009022095221537272-0.007719194064878257j),(-0.05455978423500515+0.007588776604931031j),(-0.025116438780916413+0.01657401418929549j),(-0.007602597029967083-0.016598651981017967j),(-0.031126903589637215+0.0028565327456721904j),(0.16658311334655243+0.01152728001028832j)
85,(7.161397626484869e-23-6.57210315231296e-24j),(-4.1304255700282504e-22+3.6902224753395096e-23j),(-2.316239058667322e-31-2.087702276016655e-31j),(6.53873763230875e-31+7.180248031331397e-31j),(-8.262362335237422e-28-3.552863131532018e-27j),(-1.1679895359081598e-05+4.060965338541881e-07j),(2.506715190460224e-22-9.997948208282721e-22j),(5.867696249696301e-05-2.5998883694076083e-06j),(8.291483427008345e-05-1.56506970632102e-05j),(2.3069103328518023e-20-3.1369322538807444e-20j),(4.1814651047909645e-21+1.1888211453181793e-21j),(5.4128122723608666e-09-2.690454614223611e-10j),(-9.958246602546654e-08+4.521757524184405e-09j),(5.17170643823134e-11-5.289787267156941e-12j),(-2.738481484998435e-08+1.5663754668223849e-09j),(4.983472875642901e-07-2.717955212426705e-08j),(-3.055999630653396e-10+2.181607814005188e-11j),(-1.5833149436045565e-06+2.5084013485352805e-07j),(1.218870717270261e-05-2.09415640784283e-06j),(2.5314592791109388e-08-1.89337239348953e-09j),(-2.990291039230923e-09+2.953733397961594e-09j),(-1.3437006501613955e-07+1.2466474331033763e-08j),(2.738325426920441e-07-1.0455269435449065e-07j),(8.531038578577192e-07-3.020957533915434e-07j),(-4.064769742499388e-08+1.3276930315935905e-08j),(-3.7160511347833046e-06+9.07539112087243e-06j),(1.662509354120685e-07-9.294245206221135e-09j),(-0.0007636320232045283-2.1383881038952387e-05j),(-3.802317367887941e-07+3.886650073220528e-08j),(0.003015358983405083+1.0639748078509733e-05j),(0.0020205095332852595-4.018168775163193e-05j),(-9.24413031321463e-13-1.1049387373248195e-12j),(3.5072037262206827e-12+1.8342957283222812e-13j),(6.925617229695634e-08-4.606722482294078e-08j),(-3.816842513525348e-05-8.987688400416172e-06j),(1.1943998339526106e-06+7.955212613396067e-07j),(5.443913276739848e-07+3.3254706483946386e-06j),(1.1645542471626135e-10+3.725252427674133e-08j),(1.6933612434981374e-06-8.54942155518436e-08j),(3.710760885282127e-07-8.403865858441776e-07j),(2.0284800989036387e-05-5.449788351455124e-06j),(5.095706366962551e-13+1.2689063177303094e-12j),(-0.00022240051780997324+9.192127345917787e-05j),(-9.222510348924275e-06+1.7155849953348017e-05j),(-2.3757496834701184e-05+2.3413901686240855e-06j),(1.541418353706183e-05-6.979243741580501e-06j),(0.0001736488453863067-7.832724610688645e-05j),(1.3855927274123916e-06+1.0399294026249762e-07j),(-0.009740619955005917+0.001223793682562791j),(-0.0002692608364153507+0.0013285161446669374j),(-7.675662809015902e-05-3.647517019980424e-05j),(0.017257303409336497-0.0031880807659681546j),(-2.876941486410885e-07-1.41580906863592e-06j),(-0.16389704017505644-0.0029950461980782217j),(-6.379788411590303e-07-3.188152340014081e-07j),(0.18435556625015773-0.09958535762643209j),(0.6868227365366527+0j),(-2.3204373758872293e-06+3.647202354140521e-06j),(-0.03320224167098785+0.017700924451492923j),(0.5019967197289599-0.00942051352256576j),(-0.0019358143029985847+0.018891283257808998j),(-0.025772792352267614-0.004850538965394897j),(-0.0011250897219619617+0.0013500494088676258j),(0.0002754626676745379+0.00015311224023697585j),(0.0023685256537288348+0.0008856500056134152j),(-0.00012647651878941566-4.9375224334319425e-05j),(0.001527431061296748-0.002140558079770905j),(0.0005311837838405975-0.0005046734695930333j),(-0.09035589319074401-0.02410521160623955j),(-0.002588359266871592+0.0001499372125787448j),(0.010662090463069426-0.0005356816469736102j),(0.3655699331408166+0.1303221507467298j),(-0.010790741618700559-0.004493095784954709j),(-0.0019611549692038818+0.0026996066546506967j),(0.005515239834198538-0.00898512438095307j),(0.0030350718184905343+0.001375623323324856j),(-0.0036601566637320714+0.006045538175657822j),(0.004131172756039045-0.0012118443480403946j),(0.0067741267305018275-0.0015630640939965676j),(-0.013677532419600697-0.0004536458458752725j),(0.033587954722614215+0.003189625762879322j),(0.019937314793247105-0.017543726806526827j),(0.010911149869346706-0.0027953600229497066j),(0.009585999958331589-0.018307910346159324j),(1.0873118542118693e-16-1.0117421117436418e-18j),(-0.01622532535994323+0.01669595093840165j),(0.021110056532224943-0.004941008457089138j),(-0.027279340821131703+0.008355322851120195j),(0.030186975617255755-0.009320209976467056j),(-0.012422404195164629-0.00801083875755173j),(-0.04939341689650014-0.0004903081244583551j),(-0.0669402761829951+0.045932589106384224j),(0.0175560781685141-0.008096057908315753j),(-0.005229273810659788-0.007589423323928743j),(0.17264534736253542+0.03315350230758773j)
86,(-5.990556429468441e-18-4.674480789838056e-19j),(-6.205935186921308e-18-4.105555169849504e-19j),(-3.6271285549262034e-31-2.919020756652058e-31j),(-6.921354609926598e-32-3.7648787537071023e-32j),(2.222165999356036e-32+2.7934607282466307e-32j),(4.9186292435204425e-11+9.51582418096692e-13j),(1.2666567137419738e-17+7.95077371286614e-19j),(6.090163936798271e-11+1.1000511859563976e-12j),(-3.0944168478381927e-10+6.454172481918329e-11j),(2.87062864486501e-17-1.706228839214185e-16j),(5.031317282558356e-18+4.887900204564482e-18j),(2.4970215187283714e-11-8.117792933577409e-14j),(-4.954997964926596e-10-7.977059265825964e-13j),(2.1858283551859203e-07+2.197826588420207e-08j),(3.2248759833288675e-11-1.679852539897567e-13j),(-6.306590225835167e-10+1.743832149819244e-12j),(2.6804800672954745e-07+4.6747539459344026e-08j),(-0.0028604619176827513-0.00022276921698671196j),(-0.0029557374434583924-0.00019574106725096102j),(-1.4036061549420656e-07-8.62490802943583e-08j),(-1.0822312084792147e-06+8.41934605258087e-07j),(-9.23639206638763e-08-1.6227363328429214e-08j),(0.00012825002526352668+1.0292553230781318e-05j),(7.603621148444757e-09-4.244665666952495e-09j),(-3.7104921456397753e-10+1.907562512064906e-10j),(0.00010860958953270183+6.419398620250497e-06j),(-6.807677985348636e-06-3.306681872022562e-08j),(4.640237164197733e-06-4.422643420210457e-06j),(-1.3131992925468161e-05+5.022163692348564e-07j),(2.0669539164001014e-05-3.563526826766177e-06j),(5.8225826481798614e-05+4.2262326329942794e-05j),(2.904505975759972e-10+2.215881716486659e-10j),(2.253204555614212e-10+3.7065815300217606e-11j),(-1.0013139402499102e-05+9.842750155307346e-06j),(0.0071535957214789135-0.0003039933176892367j),(6.416058274788128e-08-2.85843122573933e-08j),(1.0557226126078397e-06-1.2388617245974449e-07j),(-7.531705061072593e-08-4.932086549257847e-08j),(-0.00023296165805433797+1.1509581291272537e-06j),(4.343747913580271e-08+3.082694017429351e-09j),(1.6092074977307244e-07-1.25530688348139e-08j),(-5.690128275150177e-10+2.339945782921294e-10j),(1.6805068904761165e-05-7.296940534415014e-07j),(7.651317271053855e-07-9.151383863624469e-07j),(-7.824244573311483e-07+5.525509612553349e-08j),(-5.480356465649053e-07-7.72713011701327e-09j),(-7.0551266992343435e-06+2.233561071893288e-06j),(-8.787766025574012e-05+1.7260882957260655e-05j),(-0.00033705046147854644-3.3543147848770824e-05j),(-2.8570816150193742e-06-2.2084232107107474e-05j),(-0.0041954148977519055+0.00025098716848876465j),(-0.0002397545711065549-8.20617493189923e-06j),(4.846073430559636e-06-2.3246256829187516e-06j),(0.00012944236093067726-1.665082923126447e-05j),(9.277313972518387e-07-9.857887007981797e-07j),(-0.0009714766459922781-4.835454445691932e-05j),(0.00037977455456483664-0.00011441679086808628j),(8.595564987884863e-06+2.2780789249646952e-07j),(0.00017118125351778043-1.2346377292856029e-05j),(-8.553542269978159e-05-5.242594932938577e-05j),(0.001406241562843334+6.064828194108957e-05j),(0.0033992887245614324-0.0007336952584896324j),(-0.032277607936117475-0.007344303226308607j),(5.578774900185896e-05+0.007827534152338932j),(0.0007808470784087155+0.0005595690945159142j),(0.004207421681048021+0.0018253269443784634j),(-0.1050986148100274-0.014606266963707136j),(0.04985813934134255+0.0008566959765687349j),(-0.0042397691196518275+0.001808428122513155j),(-0.010751877762182782-0.002706352021169688j),(-0.006135578095953292-0.0012529076934817908j),(-0.002894964576327334+0.000995791130658691j),(-0.003982924502451268-0.0003240149583149149j),(0.15842207158895544+0.020158711222523044j),(0.07106011672392033+0.026037058181965424j),(0.06831457211348975+0.037608200495230115j),(0.43061895270237105+0j),(0.23820201759105006-0.0056071993136688515j),(-0.10569118063383892+0.020170752172233762j),(-0.12674183832028607-0.025438903562966277j),(-0.10689529549510927+0.06100499838833297j),(0.05518909231164777-0.019635350677019908j),(-0.023984838117650575-0.13736938622598394j),(-0.20209849410756361+0.03057086017914727j),(1.6477086170938384e-15-4.491651654991597e-16j),(0.29646118993654896-0.11631005944249422j),(0.29124091269004815+0j),(-0.25494047472154335+0.04147583708525272j),(0.0938393535043794-0.01714297827127395j),(0.43360680612508906+0j),(0.12895196244596352+0.05233141693591423j),(-0.1644630531771035+0.013663688414030721j),(0.1952482792483089+0.11021866104631838j),(-0.2977321158953592+0.07959493858593143j),(-0.045114027417025915+0.06009804190757325j)
87,(8.154190105304712e-18+3.7445932274150586e-21j),(-2.3061830900082635e-18+9.410130532897644e-20j),(-7.33866239052716e-29-5.271583193295081e-29j),(2.472172179871114e-28+1.8393502666655708e-28j),(-4.575596499735244e-25-8.302747989259889e-25j),(-0.0035717682616861974+0.00020647171369612516j),(9.581239868349251e-18-1.8730554794610964e-18j),(0.0011969003369462024-0.00010568585986617745j),(-0.007146369233166674+0.0012079914892036989j),(-3.11264476106247e-17+3.222612350791314e-16j),(1.4987640861924331e-18+1.267256525092911e-18j),(-2.0867176922324907e-06+1.626248931255391e-07j),(3.83749493494463e-05-2.8197146333595006e-06j),(-4.217691329494311e-07+1.8485916089943792e-09j),(7.499108191847029e-07-7.828072522138902e-08j),(-1.3948030495432442e-05+1.4224306304052484e-06j),(1.0607826788665757e-08-3.078885440493369e-08j),(0.006693391129674521-0.0003490174002059427j),(-0.0023488902381871533+0.00024613796377075093j),(-1.1430921156682855e-05+1.5058862691726108e-06j),(3.6643151938844254e-06-4.951657047998514e-06j),(5.15719108603865e-06-7.901590758132905e-07j),(-0.0006015579071644753+0.0001473830443089407j),(0.0001773794775862998-9.882562976350961e-05j),(-8.297751257928275e-06+4.342790613919742e-06j),(0.0003925865719883472-0.0008005122589795311j),(-5.2012386063330396e-05+8.725847104456712e-07j),(0.6394641069821686+0j),(1.1443612344192901e-05-2.8089278789098125e-06j),(-0.16928261779100728+0.008873878036432595j),(0.49503315782011104+0j),(4.3196726973605e-10-6.766285284108328e-11j),(-3.879087232182133e-11-5.05756311293204e-12j),(1.166281524224375e-05-4.1165766811867184e-07j),(-0.003439468980115996-0.002955718066575473j),(-0.0026285889407559136-0.0007353965534631567j),(-0.0142151030286192-0.002702788429626701j),(6.094648457176959e-05+1.3556307235449108e-05j),(3.795005414875293e-05+3.335498343015536e-05j),(0.00017069023235730905+0.0001392124849399665j),(0.004199664609730173+0.0007627513464411961j),(1.8546004432844147e-12-2.5720874622259117e-11j),(-0.09089687269900643-0.0028741887176692883j),(-0.003963969338047052+0.00445467365105744j),(0.00045240401758947957-0.0002190745254421365j),(0.0009623235594820033+9.220125865901262e-05j),(0.006104007569729256-0.0006221425675087705j),(2.431865224284823e-05-1.2126290875966285e-05j),(0.01716272555460476+0.003566177247204133j),(-0.002104528867631268+0.007461898738701147j),(0.00024455514856148726-0.0004334597625484392j),(0.08062512574085112-0.0069093151529812935j),(7.515906557778164e-07+3.979056470570178e-07j),(-0.02362943456468293+0.0034784290576437967j),(5.319579262462573e-07+1.2998897912900666e-06j),(0.0929054770155023-0.009012629176246121j),(-0.017644141177167977+0.011340986021972494j),(-9.256015184909536e-06-3.5276955149643755e-06j),(0.05342714814926233-0.009047234524443094j),(-0.03858338127011517-0.0005841864372887213j),(-0.006906086295817065+0.007034394422814267j),(-0.23238967434277447+0.002922264153713147j),(0.007946245212128267+0.004956100073465454j),(-0.00019591642517452967-0.0015524104762199824j),(0.016154199721068338+0.00683627667842907j),(-0.0007200334325353425+0.00040451286780377507j),(0.005419233000568256+0.0013732768866363287j),(-0.010778099185931287-0.0025675926936826513j),(-0.015021663806915619+0.03206125607987016j),(0.08723146022225939+0.008371156235163144j),(-0.025136966158032376-0.00232395282792392j),(0.0050153084229808634-0.007966274217317404j),(-0.14394683348817536-0.01321137334851847j),(-0.01622487873936579-0.0005244827272037043j),(-0.10707986273550722+0.01163140571162041j),(0.037708104194072445+0.007994534143384847j),(-0.037562861042427315+0.014688427732198217j),(-0.001594236797257113-0.006508862067467149j),(-6.072766699364993e-05-0.0010930741805027927j),(-0.1075766697834089+0.007338359787948095j),(0.1627231213284647+0.007860721404145642j),(-0.027555669132542798-0.003281299578062934j),(-0.026440377824914277-0.08302457559804008j),(-0.1885260992140325+0.013746231053850949j),(-8.177161892092676e-16-2.802166272371444e-16j),(-0.02955648949559582+0.0568158795735855j),(0.09638626348506339-0.026953212373961876j),(-0.14084560392667295+0.026717564801674296j),(-0.11620337146236179+0.02435733359375679j),(-0.058822823173281046-0.0333859736560695j),(-0.18583557419178534+0.02539150209542322j),(0.12679918393295408+0.0016918167473494489j),(0.06026867825509967+0.024290750334746244j),(-0.007506814961079675-0.010014169474164104j),(-0.039528063396974-0.016030157289339035j)
88,(-6.433750852770174e-18-3.8827052167669074e-20j),(-5.624471256911115e-18+9.265147014293678e-20j),(6.643446107426754e-29+2.763923768454582e-29j),(-1.9939817118906166e-28-1.199940112965869e-28j),(3.273423109302791e-25+6.1151013507179445e-25j),(0.0028183601034843897-0.00014709537644855882j),(3.9390525715256964e-18+1.5516475168145367e-18j),(0.0029427879241263645-0.00018884161663906894j),(-0.0069987074479776175+0.001209623967847646j),(2.4314886573529966e-17-2.551814786944384e-16j),(8.345740608007698e-18+7.327715644530161e-18j),(1.6085710667410242e-06-1.2170926130236733e-07j),(-2.952615777903107e-05+2.102295522433196e-06j),(3.3204499824933286e-07+7.886860074095734e-10j),(1.768968082489535e-06-1.5349082184021078e-07j),(-3.210647342715378e-05+2.7087164994215342e-06j),(3.9439689931288514e-07+2.8826047851684873e-08j),(-0.005330379896310661+0.00024578107815470323j),(-0.005597824968157897+0.0004597394894509262j),(8.519216368648768e-06-1.1522596021916136e-06j),(-2.626200431184633e-06+3.9939160009798515e-06j),(1.0757874872931833e-05-1.6041718439795287e-06j),(0.0005222943362464027-0.00012439325347518462j),(0.00011668941515723053-5.324833351215848e-05j),(-5.450853850979429e-06+2.134944700204334e-06j),(0.000594448314958386-0.0010965036347450703j),(3.0461608082455766e-05+7.501992705825394e-08j),(-0.4899849351473608+0.000950347473186619j),(3.7377546540321285e-05-2.8676346315244204e-06j),(-0.45166393288099216+0.0052177167425860455j),(0.4902880970962995+0.0009532711660381887j),(-3.207292396608682e-10-1.3815877998064825e-10j),(-1.1041534054210782e-10-1.8352104203173963e-11j),(5.199044095334974e-06-3.5076596320758725e-06j),(-0.0034314877384608923-0.0029034756067043755j),(0.0017548121002057442+0.0004329416837921542j),(0.008879393784893701+0.0013582857062048614j),(1.074462542723373e-05+1.0610857045644765e-05j),(2.3562671867658343e-05+1.3891173195850558e-05j),(0.0010044287879360254+1.3198617514201792e-05j),(0.003912167949669351-3.104424125383682e-05j),(-2.1002205921471523e-11+6.031910136081347e-11j),(0.036400003976065375-0.0011295373514950378j),(0.0009833564675105772-0.0018856727770111222j),(-0.0015074942498125741+0.00020527077087711325j),(-0.0008503191542663742-0.0001416552036296002j),(-0.008336272422683363+0.001001692448871697j),(-2.630858163621719e-05+2.3414069998293765e-05j),(-0.14514364772369867-0.0010228133594781044j),(0.0013045591140742833-0.007239032075214367j),(-0.00041385149585206196+0.0005151858564748964j),(-0.06377429414967338+0.0015521008487911388j),(2.9079494313222746e-07-1.0641713166435954e-06j),(0.019465217812211274-0.0032648997697951173j),(6.210048153188322e-07+4.9055980129854935e-08j),(-0.1250582522477314-0.0026978473209016748j),(0.04964521735201488-0.01625340059608763j),(1.0969025654789706e-06-2.249927796726346e-07j),(0.012973196724707576-0.0030605932682019016j),(-0.024193642298029124-0.0009694014521558943j),(0.07030516460517508+0.006126075311850374j),(-0.016852372210097253+0.009876485455579665j),(-0.008674780339021929+0.00021608584925932213j),(0.000508234636996376+0.001956272920239379j),(0.019449833762907903+0.006756373953352858j),(0.0010085813401968658+0.00021999711486323474j),(-0.02639649729483969-0.0006792500832808251j),(0.014197290530296839-0.0022513773177967726j),(0.0178506922577649-0.026151313446825485j),(-0.079816926491604-0.008189747393615616j),(-0.05360898776914927-0.0035753074489093557j),(0.015299904804374197-0.020296934285395266j),(-0.0886597275707569+0.00029057075814858946j),(0.04283354104017169+0.0001999946084254448j),(0.04647537586835833+0.0017699422226005882j),(0.018174758781313374+0.008398325929642556j),(0.11026336913591273-0.024113774120959528j),(0.047442580944119093-0.0040649373860585j),(-0.016583979470597858+0.003717282333595441j),(-0.06997439931494431+0.0007217387396293885j),(0.14062637559942054+0.0036748200884966567j),(-0.06255757300679995+0.0027457005058839j),(-0.012309133511015835+0.06505591770915717j),(0.1132148921876742+0.01805243197217847j),(1.477998858214291e-16+4.621646417725728e-16j),(0.06465581372856528+0.038236971487050214j),(0.11910246031128302-0.025008031815655193j),(0.29219573724356956-0.00013028991322097672j),(0.018969645242747517+0.010154485020533222j),(-0.03169073201277962-0.021979957554654914j),(-0.18068161089375195+0.05234171223722552j),(0.07059139694844037-0.04754462084279354j),(-0.1117876254890761-0.05874347577280255j),(-0.13092468485358744-0.008659797662015092j),(-0.046311838116959284-0.039889481366064274j)
89,(-2.0359490811578782e-18-4.2211761733044864e-20j),(8.609037711006697e-18+3.2395765601935437e-21j),(1.6790090464981243e-29+1.0435687209303185e-29j),(-5.783076444512237e-29-3.401242596168417e-29j),(5.815493695427212e-26+2.311152379044622e-25j),(0.0008934869406517382-3.358517281681602e-05j),(4.5042426006250536e-18+8.336015545062398e-19j),(-0.00449916709533587+0.00021195340874757915j),(-0.0064594678803029885+0.0012698562538138217j),(9.78790849626448e-18-8.259789763518108e-17j),(-8.190183619662529e-18-1.1099676092785874e-17j),(5.177642491552296e-07-3.198337536488121e-08j),(-9.555751349203087e-06+5.529519010031822e-07j),(1.0686272390185673e-07+1.4465274842647082e-09j),(-2.7164645611199054e-06+1.8867230542375778e-07j),(4.965127233962525e-05-3.336602221982932e-06j),(-4.3576713246586687e-07-6.6167376430399755e-09j),(-0.0016389219613411488+5.077260913739491e-05j),(0.008612582303849273-0.000565213456013949j),(2.84675579987469e-06-3.494392857670584e-07j),(-1.4332106129652043e-06+9.56694575621966e-07j),(-1.6989026218187804e-05+2.214828259802289e-06j),(0.00010224754631767992-2.3433197284078645e-05j),(0.000109962936503253-5.419900088424929e-05j),(-5.169335801128175e-06+2.3475496487313635e-06j),(-0.0011224659790065438+0.0020265062501341356j),(2.5353080463310137e-05-1.0314341571337271e-06j),(-0.16819912139545584-0.0038974497895106555j),(-5.266194867326869e-05+4.727547402626981e-06j),(0.6707902073029626+0j),(0.4551315049235901-0.00967368320915346j),(-5.380495554028819e-11-9.802147458949214e-11j),(1.4481432099255627e-10+1.9215279114027088e-11j),(7.043469590172593e-06-2.460275605489317e-06j),(-0.0032187961274043283-0.0026177323440709117j),(0.0006229719006273773+0.00016291266792703413j),(0.003614270011030721+0.000580055685905338j),(1.2929506062947365e-05+9.40340463027917e-06j),(4.069165249340277e-05+2.373561430379422e-05j),(-0.0012305944849681787-0.0001572456602907861j),(-0.007818269217958607-0.0005428473225571637j),(8.022838471666171e-13-1.0540912385320682e-11j),(0.02447081883378443-0.0016961533566320144j),(0.0010138986355296487-0.0013527518458507505j),(0.00143723663005182+1.1871968310380983e-05j),(-0.0007610785490133676+5.311681796182964e-05j),(-0.005905014118977207+0.00040907436230977175j),(-6.645860741939701e-06-8.543657303839048e-06j),(0.1239785244562894-0.004908118942083574j),(0.007747368921254568-0.009061346237778347j),(0.00023223422326700804+0.0002845557290196617j),(-0.11160784242331231-0.0021029400574573004j),(-2.9404230716070333e-07+1.1466858124008136e-07j),(0.005673973683021533-0.0013449958446611627j),(7.95719506379258e-07-8.416516671613441e-07j),(-0.04848185888925886+0.002044153608172757j),(-0.010854282903804031-0.0014466176026969903j),(1.1533850988884992e-06+8.449522607316135e-07j),(-0.13050068271560433+0.0007429459351670636j),(-0.019322198396190263+0.003876280846554699j),(-0.048197187831577545-0.013916269966059963j),(-0.024223193938124433+0.008412759740123066j),(-0.009696214555472354+0.0017490286333059512j),(0.0009995115674316351+0.0018439114441467454j),(0.019532283166276053+0.007052569459573232j),(-0.00023050578418136507-0.0008999305030821835j),(0.01705678767718629-5.689726567696977e-05j),(0.004365725373136162-0.00020672944501093902j),(0.005340502508079729-0.0075791692613767885j),(-0.021066147983273668-0.001661366268795499j),(0.08941690354627371+0.007859134334986091j),(-0.023012872717003884+0.030321118016916053j),(-0.06457996417619392-0.0010789778584039088j),(-0.018866329439259494+0.001691537286178319j),(0.06201182660489224-0.008536196411186019j),(0.014856494027971939+0.005476990083086611j),(-0.02985233692855807+0.012194660603299105j),(0.023436877934908992-0.00687983729621855j),(0.05001609002711618-0.0018478697974370663j),(-0.06100869685735458+0.0037966817827646583j),(0.14928723766455534+0.004452941017501474j),(0.17925021449824718+0.0028388962280866264j),(0.06822204515994643+0.03137297101268524j),(0.12230833046873685-0.0425999764332662j),(1.4995616453501272e-15+1.940370990982973e-16j),(-0.0921293547905799+0.04485437348753027j),(0.09876489416207676-0.02939920940745908j),(-0.13790742337880277-0.057185361111913746j),(0.1720851941497868-0.015224161446150075j),(-0.05353190342784249-0.03111065400315855j),(-0.1281433301450205+0.019284402565293j),(-0.2266011205714845-8.514030412250934e-05j),(-0.011954182798218619+0.05397780467351043j),(0.04577876074501823+0.0024491672381573917j),(-0.09127085614314173+0.04355768945356865j)
90,(6.2314701072601085e-24+9.543975341567725e-26j),(-2.394517466524986e-24+7.107843485445962e-27j),(-1.7336086449545122e-32-1.4969643459910529e-32j),(5.450827831140907e-32+4.68448378919696e-32j),(-1.0655673800826122e-28-1.9905928379901162e-28j),(-1.0180409986648244e-06-7.350935834618954e-08j),(4.7650969787428535e-23-3.738188553951553e-23j),(3.416870339642809e-07+1.429745702680215e-08j),(-2.0268775754448195e-06+6.521678936852534e-08j),(4.147989126633108e-20-1.262278920018316e-19j),(-6.723762615681373e-22-1.1425974992443707e-21j),(3.550863999789466e-05+2.6129054847141504e-06j),(-0.0006288075757296526-4.952312296406319e-05j),(2.0243762132038253e-10+4.797120443370027e-12j),(-1.2090169110934311e-05-5.804089675716342e-07j),(0.0002155549962454339+1.1016831470411744e-05j),(7.1215818688055335e-12+2.809782127133669e-11j),(-9.616363944274946e-06+3.057931072691377e-07j),(5.19211628042446e-06-2.853707387265711e-07j),(6.543894042197238e-05+5.736160450300074e-06j),(-2.1205701491268643e-08+3.206837614784453e-08j),(-2.326347038738003e-05-1.5326829492932382e-06j),(4.643785021932367e-06-1.0343785677752667e-06j),(-0.0015311863139485624+7.981077651671316e-05j),(7.63675780773603e-05-3.499411961878566e-06j),(-6.172965084555641e-06+1.0694133584702852e-05j),(1.6638243645918074e-06+4.4373125210441815e-07j),(-0.01056311279942532-0.0030579442172264286j),(-3.543238674318589e-07+1.1775684402765362e-09j),(0.0022970338832741864+0.0004912994703070045j),(-0.002767493711335568-0.0011120690949683887j),(-4.279450651302413e-11-1.453015725618926e-11j),(7.564320843075725e-12+4.580597974718226e-12j),(-6.499321907501364e-07+1.1930299556071202e-08j),(0.00010034704798211181+3.3402089865991225e-05j),(-0.004095231808702012-0.000584585532430024j),(-0.03368302559629652-0.005136227701858974j),(0.00024852786892293216-3.471916435135863e-05j),(-3.672553393487542e-05+2.4564509689287172e-05j),(0.0006015364693536451+0.0003908882906805744j),(0.01591767031240562+0.0035641633051143196j),(-6.725653603246429e-11+5.90249169962525e-11j),(-0.5357259109756868-0.0162640817197372j),(-0.028651670671004548+0.026176262902105157j),(0.0037061136127160667-0.0013112255748412576j),(0.0051209990712189095+0.0011263816018663056j),(0.018638314416697756+0.007757356905027453j),(-4.0930271664875264e-05+2.492881689756844e-05j),(-0.0894254292126307-0.009701210460865948j),(-0.000987143694226469-0.034071931983333165j),(0.001380855199317959+0.0012179717177104711j),(-0.3812991197139542+0.057191146326373885j),(-7.463205184242293e-07-5.651058501408393e-07j),(0.0008918083665524321-0.003634156516229869j),(1.0609318072264097e-06-1.6630675455563593e-06j),(-0.1517615095600355+0.033856239146676105j),(0.03957790273211652-0.026289061163362663j),(1.6824527905369366e-06+7.541454423701492e-06j),(-0.046045151581794064+0.03388831229917828j),(0.0367843960211517+0.005978656466500478j),(-0.04064342682008376-0.019993865028317685j),(0.5707486390596341+0j),(0.03662792670455813-0.010314589059929295j),(-0.0024476703618787777-0.00825532295309873j),(0.042144702483976754+0.010948878353325336j),(-0.0012290620146447851+0.0007339021000100461j),(0.013918971168323874-0.0002159510762973064j),(-0.02263107329907467+0.00621911681635777j),(-0.027483709350502164+0.01333194381772847j),(0.12335811544878292+0.010374407957103166j),(-0.03777915344114697-0.0031364238537517925j),(0.007786273598905757-0.001774637574897792j),(0.1994429780823863+0.03639334364817619j),(-0.021245375482147867+0.0011674524916525124j),(-0.054922889680234725+0.00510890965703409j),(0.02172117168369154+0.004285771927766587j),(-0.05174333805458547+0.01562292306094223j),(0.004969309110269232-0.003954195005193199j),(0.0017433842661596513-0.0004854198242146835j),(-0.07490162099683728+0.007507742567457561j),(0.1431034326647103-0.002946046711826869j),(-0.05043917617240406+0.005208916464941193j),(-0.019544191586094783-0.07888474256182466j),(-0.1793771039074181+0.015985846922319788j),(-7.814304114853716e-16-1.0535468803189292e-16j),(-0.0021692412554413943+0.03673578042070107j),(0.07860888550077129-0.025558577212815646j),(-0.11725962639950321+0.025165732479934824j),(-0.07425962805875916+0.018953502791436944j),(-0.06724312202980745-0.020955734470258197j),(-0.10999023174199596+0.020303402833481192j),(0.09838542400310073-0.005597969158655821j),(0.041674928159498144+0.020262848841549407j),(-0.012246445060829109-0.007147682113311207j),(-0.0427584270449897-0.012100382000493582j)
91,(-1.2512541997814388e-34-7.7654772519866e-37j),(-1.4886187983423916e-34-9.045834092618169e-37j),(5.552735097077163e-43+2.5231484932019008e-43j),(-1.9276465823032996e-42-6.832249862353479e-43j),(4.074148973182573e-39+3.781877693459981e-39j),(2.110830677267803e-17+1.3309243834337657e-18j),(-2.993135621548212e-33-2.058555564403648e-33j),(2.1921304608942254e-17+1.1159830415030784e-18j),(-4.66020734118994e-17-1.9147914985772943e-19j),(1.5910640807957355e-21+3.294142374120491e-22j),(8.23418417676929e-21+2.2763418541707705e-21j),(-0.006146324558047939-0.00038969593808642474j),(-0.00039506248457604976-2.3078280896918896e-05j),(-7.374449482278172e-15+1.1934853361130832e-16j),(-0.006297452511013286-0.00033187136821753705j),(-0.00040751192744277985-2.0180646998909374e-05j),(-1.0095751760554772e-14+1.820481777899484e-16j),(-6.045995591007896e-10-1.6268070254740725e-10j),(-6.710613293402152e-10+1.7768561235131592e-11j),(5.257703351569135e-06+3.865369403151697e-07j),(-5.3524107909488705e-12+1.2387206563646302e-11j),(5.5585627731773915e-06+5.400387853399989e-07j),(2.2270167078257595e-09-5.776822814271787e-10j),(0.0009057228275764043-4.931669118689601e-05j),(0.015698914557324365-0.0009852585994818423j),(-3.7271056779878957e-10-1.089941553941061e-09j),(5.908255292786524e-09+9.798626067483905e-09j),(-1.3502694921380148e-05-1.1642106380653508e-05j),(1.3695814887521023e-09+1.1678339218027076e-09j),(-2.8842413802495114e-06-1.2898504746452988e-06j),(-5.826549144932994e-07-6.996815174343433e-07j),(-1.1396066094313773e-12+4.534891498195879e-13j),(-3.1084423758019713e-13+2.088522236476024e-13j),(-2.968037628723611e-09-1.4165789805158515e-08j),(-2.93219344898331e-07+4.254183616513209e-08j),(-0.03044083490416349-0.0021811131838868998j),(0.0064601051935925385+0.0002596206047113228j),(-1.4568086323965606e-05+3.140554372960427e-06j),(2.627537652446211e-08-4.9905452892436085e-08j),(-0.029076466195377394-0.0018978861570637506j),(0.005446695667987018+0.00038373130742763804j),(-1.0642387709202184e-12+8.564890064493263e-13j),(0.00088560470817612-0.0003864110188983417j),(-0.008552308694194948-0.0007035764962856667j),(-0.009933439306388372-0.001595650731709133j),(0.08239923634462268-0.006704824739180595j),(-0.012037585572420068+0.0007520201086392551j),(-6.519351938588748e-07+1.9654860579165466e-06j),(-0.020755789039119784-0.0036062830029108027j),(0.03509664796244059-0.010251158934150142j),(0.0004953922709171461+2.3761072840235666e-05j),(-0.03923198202253877+0.00018916204372245587j),(2.0950481834803342e-07+1.289014549557736e-06j),(-0.013590046586470922+0.0016931314120469947j),(4.717313865174655e-06-4.793028661952818e-07j),(0.23884517100985497+0.02912484457464338j),(-0.07724606775248621+0.020747998472829387j),(5.567961449045047e-06-1.7956215893601068e-07j),(-0.2597724375944408-0.07211612661033995j),(-0.00869032474413463-0.021975262469859737j),(0.711750315230818+0j),(0.11841589578584406+0.034837027260155515j),(0.009965776591066417+0.0008229272309045691j),(-1.1156834617073634e-05-0.0024581413307850474j),(0.031217494128307606+0.010487731155151035j),(-0.0008184248455054078-3.622776620726658e-05j),(0.011035576419310649-0.00031157975134146363j),(-0.006982513476775346-0.000843876313888423j),(-0.0024332641166300113+0.005844721877926839j),(-0.1000817618674389-0.011233758466279123j),(-0.07132799607129173-0.005575252720449831j),(-0.002250775865959704+0.0032026564957949736j),(-0.144427528387819-0.019207273769396724j),(-0.018528857342506214+0.0012393905193924001j),(-0.21205219633611402-0.0032134630107935602j),(0.006611461429588828+0.0005332315284918595j),(0.007449653296670396+0.02705644863051721j),(-0.001835357044178636-0.004230418024757639j),(0.005888487339219624-0.00028490181562892394j),(-0.033986609195324126+0.00904237769236286j),(0.12595968651246683-0.026212932081964246j),(0.35473342203429653+0j),(-0.035532975354307765-0.018666587166196645j),(-0.06516542085493002+0.034761079680860604j),(-5.622547177719777e-16+3.8299021223486474e-16j),(0.08091763234615104-0.039072451501329514j),(0.042580406098143925-0.026344175785934072j),(0.05667396136994908-0.0007829763913080705j),(-0.019562511983360217-0.0073285385558528775j),(-0.11818352479017585+0.004790046694644334j),(0.2453177095373584+0j),(0.017018268757821215+0.0029802461646538814j),(0.01084507966907711-0.009005887398890251j),(0.02640121087573793+0.010724237752762692j),(0.04291064965134794-0.0008096325670872359j)
92,(1.351551860630853e-25-1.8316015757529098e-26j),(-5.1077663329989855e-26+7.962460520416909e-27j),(-4.5867868594637555e-34-3.211817218711061e-34j),(1.4002164864568257e-33+5.499418105265041e-34j),(-2.175413783677765e-30-4.437669396957926e-30j),(-2.226915993908395e-08+1.7389782546366058e-09j),(6.0116771344927834e-24+2.2948524287897364e-24j),(7.338263423985949e-09-8.094179036481805e-10j),(-4.801742229937753e-08+7.328407238811187e-09j),(3.7660708715438834e-22-2.453265828491309e-21j),(-2.854600584068643e-24-2.551628084343378e-23j),(2.578299557802152e-10-2.1355131326168952e-11j),(-4.870642549639844e-09+3.781109154362196e-10j),(3.731569232325783e-12-4.850446112249576e-13j),(-8.886043759194211e-11+9.529615488517505e-12j),(1.7017128786425504e-09-1.7665704974355008e-10j),(2.1401817010582312e-13+4.758133092987966e-13j),(-1.6321333318354768e-07+3.080561195966727e-08j),(8.288805989655761e-08-1.803073827421325e-08j),(2.5470486587181484e-09-2.4021466520589615e-10j),(-2.401371428713304e-10+5.193829604386289e-10j),(-1.0327287471358073e-09+1.2339035761197814e-10j),(6.40344761736757e-08-2.563656365879296e-08j),(-2.3789210025567676e-08+1.2074281546336254e-08j),(1.091042007631139e-09-5.402729308719047e-10j),(-5.490000356968027e-08+1.5117249700304196e-07j),(1.9469436291081222e-08+5.366655789049846e-10j),(-0.00014103155204636222-9.616285978288269e-06j),(-3.813124610623712e-09+9.088707509698771e-10j),(3.0321875009155007e-05+4.083674135900377e-08j),(-4.4236106259334923e-05-7.714586901014134e-06j),(-4.355769522388822e-13+1.6024351387409313e-14j),(6.023532150608158e-14+4.405121482563711e-15j),(-6.249883652178066e-09+4.883162388342811e-10j),(1.1476307971726406e-06+3.1401390617634487e-07j),(3.065977097061331e-07+2.1049438390059335e-07j),(1.9048906878735896e-07+9.15068541237373e-07j),(-2.541625413945976e-09-7.448846360379784e-09j),(-1.1703421089900579e-07+2.001620904375586e-08j),(7.09390551067088e-09-2.615801797070777e-09j),(8.508781313339055e-07-9.698932716106594e-08j),(6.837809148412663e-13-1.0577813730414138e-12j),(-8.556705146595474e-05+2.8917846230474397e-05j),(-4.024036009121732e-06+6.0994981660234435e-06j),(1.2609738043675125e-06-6.067024788947028e-07j),(4.271635158882167e-06-1.4748645165669993e-06j),(5.352633634289566e-05-3.154774493894868e-05j),(1.5524230665169357e-06-8.301195880205663e-07j),(0.001053372223785969+0.00028987450138820046j),(0.00013042640980282002+0.0006517196348116793j),(9.85381858204404e-05-0.00011717215397679428j),(0.010570677319554883-0.00041533149674593574j),(1.8445135965244353e-08-5.39455734356422e-07j),(-0.38050061755413833-0.11684571604976333j),(-3.2504898161539903e-09-1.5040213771010795e-07j),(-0.006239052384809812-0.00477922029682705j),(0.10217907082637256+0.026677841463993292j),(2.9961863119727426e-06-5.309182138336064e-07j),(-0.016831758576223495-0.0008596650627696488j),(-0.1925206444926879-0.029095222908413446j),(-0.0003869452528422867-0.00832870371246558j),(0.03849717228586554+0.010141621927699365j),(-0.0012307414904122534-0.0023693748392733453j),(-0.0002937807389064958+0.0004429464163565537j),(0.0010090793377123142+0.0007142991494864788j),(0.0002285214057188052+6.527044760857468e-05j),(-0.0006577824388110047-0.0014284014950079267j),(0.0012089192814117393+0.0027691939172164153j),(0.6621005048602516+0j),(0.0062968052247248186-0.003866203813908488j),(-0.0015415665523915963+0.0012310816270789215j),(-0.21431971607150807-0.011592559148374662j),(0.023434159836411506+0.009121384254923351j),(0.0009606270653254918+0.003974523807341409j),(0.005556850839934428+0.021698830336460438j),(0.005179354035035437+0.0003437651390515322j),(-0.0002709115108490757+0.011732327319386343j),(0.0025140884991790968+0.0007425899040419445j),(0.001362978240500824+0.0008375244194524102j),(-0.020366843502686454+0.0028780530733055684j),(0.04479105624041269+0.0036110183168042986j),(-0.016452221219731833+0.00892518753616663j),(-0.026407426706518196+0.0005536499690857029j),(-0.014364591584512297+0.041656688734380734j),(9.9294220353445e-16+2.0449713689888231e-16j),(-0.0082221025013333+0.02288375672553789j),(0.02579500998785001-0.004996521465157672j),(-0.005764625351722733+0.041847139299184544j),(0.0145882290101341+0.022722139375776478j),(-0.017582110886110464-0.010275310052170535j),(-0.09397628297483819+0.00979942541470364j),(-0.07311144265918225+0.07515807520305372j),(0.04329069244708758-0.0629497155172636j),(-0.034709074460809675-0.007149837413127649j),(0.5093523361334428-0.022920557706432365j)
93,(-1.0666509171551213e-25+1.3771965186913428e-26j),(-1.267287262700286e-25+1.6212008886891632e-26j),(4.530991507678218e-34+2.136635848093664e-34j),(-1.4304003906453242e-33-6.413526470263302e-34j),(3.167046762478754e-30+3.206575134372886e-30j),(1.7568445023977258e-08-1.260679864208269e-09j),(-1.8265177111528686e-24-9.579833044003253e-25j),(1.8176325708919366e-08-1.5011835485271763e-09j),(-4.678125259709635e-08+7.268278024806637e-09j),(-3.192184214234511e-22+1.9487888577145644e-21j),(-4.0880300614369264e-23-3.0061107127348545e-23j),(-2.0101682441011767e-10+1.586288859307795e-11j),(3.792240894041797e-09-2.794481312076891e-10j),(-2.938641448170724e-12+3.6134496688173584e-13j),(-2.101527621197279e-10+1.8483551977148786e-11j),(3.9070707004798715e-09-3.315080586774888e-10j),(-5.2956300292167896e-12+2.1547658840259648e-14j),(1.2972191493683835e-07-2.3675230682742535e-08j),(1.9841216259244832e-07-3.810447206081183e-08j),(-1.9496215493656553e-09+1.8192155220864141e-10j),(1.6352393943034128e-10-4.1308526711595703e-10j),(-2.120207104083152e-09+2.477199246968681e-10j),(-5.460227839028733e-08+2.1511553646773633e-08j),(-8.934556630530376e-09+9.90029808617884e-10j),(4.0678112505207956e-10-4.409638164123463e-12j),(-7.600211091445506e-08+1.8612712720573e-07j),(-1.2041308313045268e-08-6.290491063329627e-10j),(0.0001089584013520188+7.512156293761138e-06j),(-1.3429091148623898e-08+3.2714958537573207e-10j),(8.294427707536987e-05+4.089154380096805e-06j),(-4.421506613212699e-05-8.047651956402013e-06j),(3.42609509304181e-13+5.64559252097482e-14j),(1.896592981581393e-13+2.4165305547316157e-14j),(5.003702505290284e-10+1.5905141771280545e-09j),(1.1414385535972186e-06+2.9810579335166494e-07j),(-2.2110814610215868e-07-1.473544155794143e-07j),(-1.2226253393764254e-07-6.254000780153957e-07j),(1.0573174721818495e-09+1.0255274002543422e-09j),(8.418793085847844e-09-2.4878627109033976e-08j),(1.4664758363376732e-08-4.5666768212132467e-08j),(5.837782387060076e-07-2.3816670514412174e-07j),(-1.064986047109305e-12+1.3159830087930563e-12j),(4.818816851276747e-05-1.730511655448213e-05j),(1.8252716598452876e-06-3.451634837380669e-06j),(-3.606979464019774e-06+6.938514434154351e-07j),(-3.124620109920064e-06+7.513411083886186e-07j),(-4.5545996208309535e-05+2.6673300824403416e-05j),(-1.2699160646386677e-06+8.883710328593744e-07j),(-0.0035668260124415204-0.0004097211272767402j),(-0.00017116070981910538-0.00037270113394900875j),(-0.00012302299088754067+0.00010371708731425577j),(-0.006105680103521711+0.00028231068832930244j),(1.0877117696502612e-07-2.1715975000863763e-07j),(0.3003970044355805+0.09157293239316891j),(5.6731284188870855e-08+1.0799703022936431e-07j),(0.10307341888443225-0.014092777594162397j),(0.2232752614364792+0.08214610278331308j),(1.0180749900457264e-06-1.415907550447064e-06j),(-0.013671720748672908-0.0014819194231915963j),(-0.19189923630771108-0.02777066718773062j),(-0.011921933353836569-0.010848699862240355j),(0.005831474529723651-0.0030443108269987726j),(0.00137270658045049+0.0007118345683776559j),(9.05409000856446e-05-0.00039949777736170204j),(0.001221593008472343+0.0005970911452042539j),(-0.00013247468533777494-0.0002081171859166874j),(0.0035872485150423004+0.004273306577599461j),(-0.002196052203031713-0.0016986121960614953j),(-0.51140228185566+0.0020391561875550274j),(-0.005977258588815867+0.0029337545656770024j),(-0.00333616356174162+0.0024175256017795266j),(-0.4818699998540007-0.008151361440536936j),(0.01682703246188894-0.0032229321542747j),(-0.004104871516570269-0.008181559309461149j),(-0.0022386659604711496-0.011016972791251828j),(0.003847707969319791+0.0017970695604690315j),(-0.012444918137674784-0.020857020551989194j),(0.00606326354847091-0.0027606164364498958j),(0.0006662277808496148+0.0024133752897888307j),(-0.018106419712362612-0.0008281732162419625j),(0.04258542130220132+0.005459390721616065j),(-0.015378255127288057+0.014630809031530684j),(0.0039033702468164178+0.004308295381227015j),(-0.003043179802958212-0.017485496405620284j),(-2.4338739302801253e-16-2.6222575006641144e-16j),(-0.003690950826669731+0.0110299480320937j),(0.027568897425662226-0.006789330924256541j),(0.011266375012889676-0.03490958671698914j),(0.022509954439589787+0.0043838055376899075j),(-0.014289829261311147-0.012187642287920951j),(-0.09009352420657163+0.010876166427532467j),(-0.08501607786301783+0.08083701652416114j),(0.0185374397296377-0.039794874846314346j),(-0.042652454153676356+0.009404716764606687j),(0.5040396029478892-0.020816336579696865j)
94,(-3.385169585517407e-26+3.835214088530461e-27j),(1.9546023523680006e-25-2.0936147089473034e-26j),(1.5461489746151421e-34+6.252234202289315e-35j),(-4.909173390237026e-34-1.937353914426438e-34j),(1.0818671121017621e-30+1.1439420024147288e-30j),(5.570804872004495e-09-3.1258091293820043e-10j),(-2.5811289936670527e-25-6.593217840856223e-25j),(-2.8011841644057385e-08+1.7358082329234989e-09j),(-4.415803944164197e-08+7.64636752631915e-09j),(-1.2659293202494854e-22+6.105468687649882e-22j),(5.113264559059388e-23+5.391779217383737e-23j),(-6.503669133844146e-11+4.188055114292265e-12j),(1.2326605562265304e-09-7.356173211607716e-11j),(-9.441655741022979e-13+1.0438689046684068e-13j),(3.27178487901967e-10-2.196040690052307e-11j),(-6.1362023868354176e-09+3.933910480830961e-10j),(5.541302765465068e-12-4.108052479102613e-13j),(4.014060055989592e-08-6.678982107260737e-09j),(-3.093704409776923e-07+5.335485746678882e-08j),(-6.543365862032968e-10+5.322475420370547e-11j),(1.0048135710825791e-10-1.178806665390423e-10j),(3.434497605423085e-09-3.223262715074316e-10j),(-1.181334500050972e-08+4.473861099510606e-09j),(-9.87222344769622e-09+2.1651112382511594e-09j),(4.557976480449106e-10-9.111545384170034e-11j),(1.5343495677551636e-07-3.659690560622658e-07j),(-8.609534600658652e-09-8.754636022280822e-11j),(3.699519219334478e-05+3.4408650135846234e-06j),(1.8843014038972955e-08-8.692117786313679e-10j),(-0.00012373140048581725-7.598826851718846e-06j),(-4.21740841877491e-05-6.805094430481328e-06j),(7.451251356604407e-14+3.600522110821737e-14j),(-2.61434030995811e-13-2.906338761947362e-14j),(-1.7993021211647333e-09+1.2696219684343312e-09j),(1.0770366709098856e-06+2.695301148981744e-07j),(-7.98683468764671e-08-5.5211587894379405e-08j),(-4.785753308510883e-08-2.563718147017814e-07j),(6.468627480628935e-10+9.397449239095998e-11j),(-8.403548466409223e-08+5.792965425164829e-09j),(-2.4445898178855904e-08+5.135869902052457e-08j),(-1.510073053642721e-06+3.470844882270624e-07j),(-8.097462468769928e-16-1.863677092033538e-13j),(2.8994696267461293e-05-1.1470160270292182e-05j),(1.4747769271802388e-06-2.2483963951589018e-06j),(2.814714450076716e-06-5.2520456650032575e-08j),(-2.1237266487248546e-06+1.0538920446547545e-06j),(-2.730904564257341e-05+1.3472707974551606e-05j),(-4.1250377944704447e-07-2.160478290020183e-08j),(0.002638727472889999+0.00011553852276926786j),(8.538954701026787e-05-0.00043800104008587834j),(2.2520584147444508e-05+2.266622862334757e-05j),(-0.006430692176674357+6.0872834414384385e-05j),(-7.790826253913391e-08+8.080752911640917e-07j),(0.09509691637767698+0.02951031737420408j),(2.3336553864950396e-07+2.8697370168480206e-07j),(-0.11099519309112145+0.020669239073073054j),(-0.36127638912428-0.12045167593873843j),(5.495486355993204e-07-1.6899236182952778e-06j),(0.02829279474072373+0.0007746496214777309j),(-0.17655804221210566-0.01633124151585065j),(0.006010533828241029-0.0019741635324394794j),(0.006826086271663695-0.003372685933135062j),(0.0017200197585458324+0.0005736868976829064j),(-1.2462667168947148e-05-0.0004389756064890004j),(0.001257149264153727+0.0006086373482028802j),(-0.00010651380870136445+0.00019952188790346332j),(-0.0023278381919520663-0.002928327841753683j),(-0.0005803018528813857-0.00027326996726177857j),(-0.15004855660468508+0.007154311302101653j),(-0.001675157177800884+0.0005909489577694334j),(0.006037757915941614-0.003203518082304946j),(0.6937537479985831+0j),(0.01375396985421007-0.006497126670802918j),(0.0015095342784591462+0.003749378711419624j),(-0.004972680117270173-0.012559828074582228j),(0.0034509394766420332+0.0018507099430428897j),(-0.0010151696214853957+0.007896819829674764j),(0.0042421650063671-0.0011435947090665686j),(0.004484727748029518-0.0029749413694325475j),(-0.017253670932468657-0.0014117412597259632j),(0.043046400203324495+0.004883581789890835j),(-0.013087333457113284-0.030459379134658793j),(5.461737313911151e-05-0.012662309256469459j),(-0.015026715698883359-0.0203250335002178j),(4.708540841114415e-17+1.276618948644595e-17j),(-0.013500194991992176+0.028517643447184132j),(0.025685130009177326-0.005203407355423629j),(-0.017685442342311043+0.03543619582310235j),(0.02799285750976388-0.015729799325197004j),(-0.016593693244291278-0.010680192674104864j),(-0.08975363663213226+0.0015217864841602577j),(-0.09355292934537263+0.12507477993755334j),(0.043302144214992545-0.048206389807964545j),(-0.029956598682503655-0.013804865547012535j),(0.510528793076991+0j)
