,0,1,2,3,4,5,6,7,8,9,10,11,12,13,14,15,16,17,18,19,20,21,22,23,24,25,26,27,28,29,30,31,32,33,34,35,36,37,38,39,40,41,42,43,44,45,46,47,48,49,50,51,52,53,54,55,56,57,58,59,60,61,62,63,64,65,66,67,68,69,70,71,72,73,74,75,76,77,78,79,80,81,82,83,84,85,86,87,88,89,90,91,92,93,94
0,1.563048414209271e-17,-1.7532305719274205e-16,9.546170497360626e-17,5.117460090103592e-16,-1.5564343881560145e-16,6.498915388541161e-16,6.511443741781223e-17,-1.4264566284190925e-16,7.519024551868077e-13,-6.496625917616321e-17,-2.3720005095976484e-16,4.025199598755208e-12,3.542708284439184e-15,0.017859259945536658,0.3084641068364296,0.060930219395379306,-1.1362146450826584e-16,-3.071045140048205e-16,6.110494928618163e-16,3.4146256099389096e-13,-4.262677834520058e-10,3.6885407207883557e-09,-2.955441175407884e-16,0.0038643746796507413,2.042403894915891e-11,8.872341113228066e-14,1.3615904030916435e-16,1.9646313537535307e-17,-1.1015432444105922e-11,-8.930611507066009e-14,-1.163676366482601e-14,0.222961364009635,-4.750706257032533e-15,9.126589542241275e-18,-6.584957158022672e-17,2.4126789690834496e-16,-2.8573921959297213e-07,3.7177973683171564e-16,-4.237361370185536e-15,-0.10550922259519278,-2.6949023196630855e-13,4.401649748370686e-13,0.6986432983288655,0.11386743009403337,0.02414565980676924,-1.7516057435696278e-05,4.1457711248885003e-07,-2.6070649563247717e-08,-2.2756514099887913e-07,0.00019876646183355647,-3.845637116854455e-07,1.071367315913511e-07,1.3578836456349935e-06,6.156155536112529e-06,-6.144536530616827e-05,0.005631526749010031,5.227699690663923e-07,3.4635293199335886e-08,-0.00014221668286803314,-2.9526445797211755e-08,2.0298442810574594e-06,-6.000952525433879e-06,2.566881761936654e-05,-0.004321596420505385,-0.01697079582430625,0.06251836741434645,-0.022622546396019055,0.001366235512858319,0.0019569367814019872,-0.010362161233526618,-9.349172760649505e-05,-0.0024563525641193304,0.0005243114450629847,0.002390400405826537,-0.0011579028469783988,3.0298377882160188e-05,-0.00501929667591904,-0.0018095241206682127,0.00683381203113274,-0.0001872271354328262,0.0008010720444804053,0.0021192377198168194,0.002035384902295568,-0.0013924756255464688,-0.0006765998565879564,0.0006929995103408622,0.5773502691896246,0.00029452760252465245,-0.0008822214775691498,-0.0008526824794955879,-0.0006331621628715751,6.342885943888921e-05,0.00026670612801071267,-7.845418599043089e-05,-0.0005399671010160506
1,7.029490957470445e-17,-8.505355717357082e-17,2.2281734534324317e-16,-1.1839790859230273e-16,-1.7623326598658907e-16,-1.3261611399441014e-16,-1.628154358300123e-16,-2.28487374054476e-16,1.6310290132719285e-12,-4.989685122953355e-16,1.8996854943760452e-16,3.901287889293276e-12,1.0856108644781088e-14,0.030770700678051453,-0.10641777054314565,-0.30385943829479856,-4.2274179809821755e-16,-8.681555206613366e-16,-6.199380707785065e-16,5.987287216070215e-13,-4.2010096999604763e-10,6.441862345260865e-09,-2.9227513822375036e-17,0.007329245876143884,-3.6640140835822646e-11,-2.865987406702173e-13,-8.501989575117487e-17,4.4124405485970474e-16,1.2109117978319936e-11,-1.6936184804377667e-13,-2.1223093940184425e-14,-0.0702521009233483,-1.2903549312275634e-14,-1.3317019663786975e-15,-3.520846551618074e-17,-3.62880888495071e-16,-2.056366218245599e-07,2.4412161738306385e-15,-8.0274741957051e-15,0.4920536437855791,-4.7369042469076264e-14,-6.80571830353486e-14,-0.22050026680186702,-0.5126323044976938,-0.02648667624790069,1.6232132176708875e-05,-2.680411806465295e-07,1.3082167257925555e-08,2.2767600928856087e-07,-0.00026660532639901106,4.096234666074245e-07,-1.1693976585734471e-07,-2.0393216945872804e-06,-3.536282320334722e-05,0.00013326324174170936,0.01417339056843663,-1.3311339588277977e-06,-9.776837963665233e-08,-0.0002680891267113337,2.134124038902222e-06,6.785752538573981e-06,-6.086516823813215e-07,-3.4750598737309386e-06,0.0012869204905303774,0.005955046868467513,-0.02023556636681017,0.006407856944479441,-0.0003362733443562857,0.0012629874535861811,0.04580647804652377,7.520447066383898e-05,0.0013632168556773755,-0.0005190262356107081,-0.0023299722091293463,0.00021387303054595802,2.8978630611145354e-07,-0.00027221783677676555,0.0017706388048860464,-0.00019469172786183315,0.0007515678998090975,-5.6626211774189686e-05,-0.0037545310744634634,-0.00011508322364696805,-0.0019765723541072004,0.0029764417252346425,4.5659363925506244e-05,0.5773502691896288,-0.0034103257944813827,-0.002010733467457105,-0.001254221455962857,0.0005145206600313012,-2.983809240973546e-05,-0.000571308130440152,0.00021758482371616558,0.00020504869077161503
2,-3.591653861382456e-17,-5.828141733924248e-17,5.999495861991767e-16,2.1472364488712894e-16,-3.853163604138199e-17,-2.536707183740293e-16,-1.1438947087633561e-16,4.3228153165529713e-16,-2.383178071250358e-12,5.927714243668439e-16,2.633779574191343e-16,-7.92646946500939e-12,-1.4286028598030382e-14,-0.04862996062358825,-0.2020463362932825,0.24292921889942035,4.582979105019109e-16,1.0355337897352372e-15,-4.426271880936779e-16,-9.40225281973387e-13,8.46369808159912e-10,-1.013039947492004e-08,-5.929674108918494e-17,-0.011193620555797121,1.6216142662000392e-11,1.976104621309782e-13,-1.8372381861492907e-17,3.570880249466658e-16,-1.093031103395789e-12,2.576799287801188e-13,3.2770429135413143e-14,-0.15270926308628335,1.7921265672845966e-14,1.4377597596600072e-15,2.5154023031160055e-16,-2.26612039793572e-16,4.913758403045748e-07,-2.6445666576625914e-15,1.2007925433796589e-14,-0.3865444211904319,3.1748624229280593e-13,-3.7264924478520856e-13,-0.4781430315269917,0.3987648744036326,0.002341016441088079,1.2839252587485656e-06,-1.4653593237708335e-07,1.2988482016551586e-08,-1.1086816992499532e-10,6.783886455655174e-05,-2.5059754954343206e-08,9.80303369013203e-09,6.814380493264516e-07,2.9206667666651026e-05,-7.181787643572515e-05,-0.01980491731752921,8.083639897527467e-07,6.313308626728252e-08,0.0004103058095855188,-2.104597592737834e-06,-8.815596818733324e-06,6.609604209052323e-06,-2.219375774658611e-05,0.003034675929957854,0.011015748955815101,-0.04228280104751486,0.016214689451539272,-0.001029962168502513,-0.0032199242349911605,-0.0354443168129855,1.828725694291303e-05,0.0010931357084384365,-5.28520945215413e-06,-6.04281966949738e-05,0.0009440298164306806,-3.058816418825892e-05,0.00529151451260633,3.8885315750885695e-05,-0.0066391203032498585,-0.0005643407643939886,-0.0007444458326773696,0.0016352933546909803,-0.001920301678628002,0.0033690479796438396,-0.0022998418686526337,-0.0007386588742458269,0.577350269189624,0.003115798191957852,0.0028929549450198377,0.0021069039354517827,0.00011864150281969523,-3.359076702782397e-05,0.00030460200243257005,-0.00013913063772675875,0.00033491841203824854
3,8.151069137284648e-17,2.9798793052381573e-16,5.636266619939554e-17,2.3058079156048096e-18,-3.455069282360461e-16,3.4160049135652864e-16,6.570620961757621e-17,-1.8495928733666454e-17,1.0975609412800811e-10,4.069184510363366e-17,1.0856072234226413e-15,1.9322041844455605e-10,4.908847844009981e-13,0.41748277179297527,-0.7520443211397604,0.3221352189808871,-2.0324077309506451e-16,1.7212890353283357e-15,-8.452036153717679e-16,1.2470182832964799e-11,-4.9370165240305465e-09,8.975163406800599e-08,-5.133545549144035e-16,0.21239565641195365,-1.3685065473000736e-09,-1.6909921978982727e-11,-2.0290211381819722e-16,-9.266422945706858e-15,-3.7034802799420254e-10,-4.9347674201320616e-12,-5.536126034683816e-13,0.02383443416916138,-1.6224028953241044e-13,-2.0828052137293082e-14,-1.689376750661913e-16,-9.271606767323782e-17,-1.5215783999191418e-06,1.942362899540843e-14,-6.742108328521101e-14,0.06016384058459617,-6.028560752771567e-13,2.4882592104074754e-13,0.3014150370032706,-0.08502203247407392,0.00014784252145694907,-6.670246015782543e-06,1.6923629116865044e-07,-1.0894233221868051e-08,-1.0632975692934698e-07,0.00028476684142720216,-2.404952000057138e-07,9.597659798213857e-08,2.6182236552935585e-06,8.677546901825794e-05,-0.0003723453770355421,-0.06231372438995861,3.1734316172356634e-06,2.3734217092490398e-07,0.0012515765576539726,-6.876077902621621e-06,-2.7968784306004752e-05,1.4972002824870166e-05,-3.678337527579375e-05,0.0017094094197829333,-0.008562826738542036,0.06096601820124941,-0.02747493985066622,0.0018587842636603766,0.00473137894926048,0.016626770655838244,-0.0001277240941097539,-0.004084301345972041,0.0009721945945222719,0.004472045029959464,-0.0015649840444574414,5.2141297776508605e-05,-0.006323778457220516,-0.0011915111846953215,0.0109596014528535,-0.00010495333844406728,0.001188141895675857,-0.000211187905548979,0.002678673567766416,-0.00039304358180453774,0.0004234564366971365,0.0005938565409466785,-1.677150078658743e-15,0.0035378051996314895,-0.0004116372477397819,-0.0045539293076513965,-0.001276956179324805,-5.4845254023994196e-05,-0.0006817799289527529,-0.002310155907158661,0.00019005047889049815
4,-2.450964075918067e-16,2.665015540156383e-16,-9.61793444017257e-17,-2.978619545438038e-16,-1.3696365534760578e-16,4.630378841502447e-16,-3.0740997961645874e-16,-1.213823921987251e-16,1.1799736674917053e-10,2.9160106815984275e-16,-1.0074001891339848e-16,2.2439035781315326e-10,5.184422931782455e-13,0.4991550494227107,0.5209655768986565,0.5648394413827653,-1.1523890899724381e-15,7.675640950094127e-16,1.151540311444581e-15,1.4194600732375261e-11,-6.818758702267143e-09,1.0669487930704382e-07,-5.52158565278071e-16,0.21993183319798715,-1.3139076028494458e-09,-1.6642294289433026e-11,-2.767155422065206e-16,-9.422446742671882e-15,-3.8584232735069257e-10,-5.109172134589287e-12,-5.739337059230845e-13,-0.02235014994668795,-1.6600961378253735e-13,-2.1877310544054302e-14,-1.5772256866458156e-16,-1.4248848941128957e-16,-1.5347581128485803e-06,1.9595407030607175e-14,-6.756624212281658e-14,0.1270472949818016,-6.026342782528722e-13,1.2701760600059548e-13,-0.2304886287159187,-0.18115866458703556,-0.021958460806162188,5.671704650822148e-06,-1.3298760744360135e-07,8.488418043754374e-09,1.4569815601181883e-07,4.568142353716679e-05,1.9588066728098382e-07,-2.7855188046488186e-08,9.505508059332477e-07,7.89104249466673e-05,-0.0002912725610035707,-0.07038520957421715,2.488172125663953e-06,1.9175061030500036e-07,0.0014570532096914173,-6.835430345140637e-06,-3.08553767669378e-05,2.437254339778915e-05,-7.81806535975316e-05,0.008869940517960254,0.020145618165288023,-0.045841522258411795,0.011341178788706685,-0.0004899060422341646,0.0012972815460058791,0.034859549658092896,3.776447929541005e-05,0.0003506878805074822,3.093020999683267e-05,0.0001765310231217276,0.0005301806129272152,-1.2915013057818229e-06,0.003114829788694834,0.0022074303365028514,-0.0014682707023526364,0.0002524696167761726,-0.0003386300032499624,-0.0042188664434272116,-0.0011117078727822301,0.002161739280528308,0.0016723127748091554,-0.0007212935249507614,-6.7561760385254304e-15,0.0030006904359957585,0.0012137714854450492,-0.0029727956328343386,-7.416890763831756e-05,-0.00017500963102985928,-0.0011883777137577452,-0.002164550863416538,0.0012199710043735831
5,1.4210899425832083e-16,5.065914165803536e-16,2.3036626519780413e-16,2.0764292689053787e-16,2.565066926556343e-16,2.7785290325166753e-16,5.809367381985859e-16,-2.4015630266470905e-16,1.3587822036899222e-10,-2.1565058847851186e-17,-1.9840786549231734e-16,2.5461235660782984e-10,6.053170203381436e-13,0.6398727060503522,0.08178684515582987,-0.6455282451712214,-1.8507747319354618e-15,-2.528661860759457e-15,-1.7821050011429586e-16,1.7217248390066958e-11,-8.673282540537955e-09,1.3628545661562986e-07,-4.914133467856781e-16,0.23422508817708465,-1.4118569462940902e-09,-1.7505862387383155e-11,-1.7485350401238892e-16,-1.0273220957281076e-14,-3.6881044062626825e-10,-5.440449024030575e-12,-6.113136803378948e-13,-0.007798014069602968,-1.7567237941784645e-13,-2.3278493685168348e-14,-7.358690675208972e-17,-3.974669771089885e-18,-1.5442430974622622e-06,2.0337803321455842e-14,-7.014653324984117e-14,-0.18487091117715407,-6.019976361692452e-13,1.4609911705843036e-13,-0.06261340471461073,0.25164941078635766,0.002291135351560613,-5.7655822657661e-06,6.241259229660876e-08,-1.2377331136253494e-09,-1.0645254323886044e-07,0.00036636653955033634,-2.689312483757982e-07,1.0730723283890485e-07,3.455125798640913e-06,0.00012408962182533756,-0.00046710398828503884,-0.09069947195495802,4.233054643356258e-06,3.2044630151316323e-07,0.0018443921286776343,-9.773370444710652e-06,-4.050523134138941e-05,2.532600117213977e-05,-7.257626531216559e-05,0.006737618732972412,0.010071833960156658,-0.011270704707732839,0.0003464777048047918,8.818019296175588e-05,-0.0009190506196142955,-0.045739407670559125,-9.535404233673187e-05,-0.0021106249442893283,0.0009627063800854993,0.004363456458485383,0.00014318854710912752,-1.8025548523134054e-06,0.003626725714466723,-0.0011184704814542485,-0.001114207129548834,-0.0011822990089806619,-0.00023070549197552048,0.0028813061641055093,-0.0008973949364120467,0.005788167696075319,-0.0038215519923824976,-0.0008079442578468175,-4.9769933045450685e-15,0.00921992529657988,0.004918355675713221,-0.0006470860898426628,-0.0010515787043876828,-0.00011848211631111141,-0.00010320042337384152,-0.0025683718625774386,0.0008288659646384532
6,3.948958812188086e-17,-1.5807906238338042e-16,-4.07409512838719e-16,-8.551396282164047e-17,7.400939735456765e-17,-2.511016882580176e-16,-8.176014486828443e-17,1.8101081488490365e-16,-6.395652081330619e-10,4.3627474292636036e-16,2.313964406820435e-16,-5.568500745898113e-10,-1.6964350374942426e-12,-0.19268624097500842,0.08485515977397218,-0.03961811333321904,8.197716837072571e-16,-4.508395662251477e-16,3.5165744584506433e-16,-1.058583913550013e-11,1.559878164720342e-09,-4.2979275042967773e-08,-4.729857747578196e-16,0.3585545691400841,-1.6445886518294363e-09,-1.4339126008367202e-11,-8.897776548861672e-16,-1.2726372383050787e-14,-9.005263991997708e-10,-8.278710480708426e-12,-9.959096507329858e-13,-0.6209537036842054,-4.2855314611249813e-13,-4.9904374638050626e-14,2.725680061915177e-16,-9.458663149977423e-16,-3.911443593645527e-06,5.836416010519725e-14,-2.00257869096092e-13,-0.17727031847365501,-9.86063582415239e-13,-4.815659784817983e-13,0.12251581478135529,-0.15090445124843235,-0.019270214010004744,-9.628507003752861e-06,1.5305639194437784e-07,-7.181792221704658e-09,-3.7562861925200194e-07,0.0013234607746865957,-9.57979595334492e-07,4.166346331374549e-07,1.2477082080417669e-05,0.0004326836604505261,-0.0018720244679464085,-0.3139690639766379,1.582994755713836e-05,1.1847585533407156e-06,0.006297485721462862,-3.456671624532575e-05,-0.00014091791912846868,7.267269206418283e-05,-0.00016721859550294788,0.003922376110433858,-0.07036801616800054,0.4322426756501133,-0.1895216761178475,0.012695603609769667,0.034149731529874376,0.17182703032960478,-0.0007803468360491539,-0.026453372801557715,0.005648337992460605,0.02607811527589891,-0.011482248381374032,0.00036858925006356166,-0.0525903923298475,-0.007560129074331713,0.08064038573997191,0.0009316920974987248,0.00929287577955841,-0.005049215578481797,0.021121813138806324,-0.011170375915782486,0.008200717616167263,0.005751318997383852,3.262239589623666e-15,0.012524266796825731,-0.01004185358296409,-0.03195305733727614,-0.007955188228178827,-0.0002022367809221404,-0.004714483587065693,-0.012944158188683393,-4.400239034591072e-05
7,-1.0654111068369884e-16,1.3482681260304394e-16,-7.50522692806121e-17,-1.2059558926632798e-16,-3.668401267156493e-17,4.868972813137498e-16,-2.445740944663901e-16,-3.0678426434447256e-16,-6.876754888089742e-10,-1.8692290937428493e-16,1.3486507161756396e-16,-7.323173041744367e-10,-1.7242103852662571e-12,-0.2118831945327542,-0.03958830605896074,-0.0556516807250497,7.437178675841291e-16,-8.193636788091086e-17,-1.7283752538273945e-16,-1.1931934887827808e-11,2.135979773724991e-09,-4.717192129122868e-08,-1.186799780975282e-15,0.38706483855983786,-1.398033654896835e-09,-1.3533705677669318e-11,4.886747221332607e-17,-1.3286722180704493e-14,-1.0188735993396079e-09,-8.933169549420133e-12,-1.079798579516923e-12,0.45105320977496843,-4.498950671307966e-13,-5.4288082210909536e-14,-1.1104843588538857e-15,5.548124178938929e-16,-5.421678780203668e-06,5.64538764073332e-14,-2.107135418202627e-13,-0.36000963705455163,-2.5376284611651093e-12,1.327164531201703e-12,-0.0786280569158436,-0.2979736328293193,-0.06687371419689092,-1.5507406555701562e-05,1.775442822662952e-07,-4.623275008771483e-09,6.172137377068286e-07,0.00014445101747087143,8.734644930667564e-07,-1.2919857429995825e-07,3.7156162959906275e-06,0.0003588876936845358,-0.0013211913970513662,-0.3341992219416521,1.1086317355399525e-05,8.560804064740707e-07,0.006960062382374167,-3.146733652358779e-05,-0.00014560666485304876,0.00012614798973913923,-0.00042343484999847903,0.051374394564116944,0.12853159261049432,-0.31970032273068316,0.08502883868495197,-0.003931026417339688,0.01107160174997738,0.35174608577064886,0.0004923982889555453,0.007668456309229217,-0.001874806179809747,-0.008247235983863132,0.004021031800372829,-1.199082625815867e-05,0.018009055454620594,0.020287297923955044,-0.010702992490457813,0.004746747624987388,-0.002458088565014115,-0.040193358993016695,-0.007317156782513015,0.004595395621009893,0.02128670689756899,-0.00409590014496403,-5.94249566146548e-14,0.0032870102882618813,-0.000984995123004289,-0.021210505725863707,0.0020411028071271532,-0.0011261660633570345,-0.009176228654157183,-0.01107105106942031,0.007916303097634799
8,1.9474257023959985e-16,5.507191093398712e-17,-2.8156063506482096e-16,-2.6585094086992386e-16,1.6643257448378008e-16,8.091413767021377e-17,4.087312530902837e-16,2.856111618045649e-16,-7.867687378473053e-10,-8.285851809275497e-17,-1.027227313907424e-16,-7.903607882835873e-10,-2.0078894270386766e-12,-0.24612498791486367,0.0040500942221551855,0.02095545619650664,6.967576532135967e-16,1.349445273325969e-16,-1.4939490600506897e-16,-1.3574524461062087e-11,2.0709777174308266e-09,-5.47425656474478e-08,-7.19431097661471e-16,0.4452891697333089,-1.7788613790815505e-09,-1.7373371848993325e-11,-5.072634839294244e-16,-1.602240274263341e-14,-6.412333486832667e-10,-1.0278867785824139e-11,-1.2396395668680828e-12,0.11120876343548743,-5.279839412670881e-13,-6.235050134058638e-14,6.02308291346226e-17,-1.2417009164800694e-16,-6.200310320081857e-06,6.892991416976776e-14,-2.5137551799295513e-13,0.46723088198734813,-2.6171759081112515e-12,9.933197353820954e-13,-0.020076250318491543,0.3717943027522058,0.0015205804282308257,-3.1343694163567085e-06,7.608840737696081e-08,-3.012740849031501e-09,-5.071209847532038e-07,0.0016064582180039932,-1.24343009487169e-06,4.753390463205496e-07,1.5031269522776104e-05,0.0005162772790426566,-0.001960468079757596,-0.39013298551769776,1.8014106915561484e-05,1.365766626903568e-06,0.007946654099194827,-4.193054693153925e-05,-0.00017414893275685868,0.00010904190105171303,-0.0003090718393398828,0.02815147803471342,0.04383525047711637,-0.07359035690524747,0.01798786272761535,-0.0009807576825300044,-0.01674377776016096,-0.4455114959907027,-0.000613518874999239,-0.010731032864186021,0.005823834197969037,0.026231797138317924,0.002344748797691494,-8.878634159451426e-05,0.03201936451562855,-0.01225754180947026,-0.02253460282940771,-0.010024210218203811,-0.003048454299727962,0.03372116339874755,-0.008859973121601713,0.04092995486124641,-0.03466956280970151,-0.005760476670969725,-1.8036957291821358e-14,0.059306695875444675,0.03647834839010207,0.009267883994715143,-0.006158880210725678,-0.00043787850328444564,0.0032053573375751643,-0.011460942112974878,0.0034068975373574297
9,-1.4632289180420243e-15,1.0755920311807666e-15,1.1843589748889457e-15,-6.612956407151945e-17,2.8107923086921957e-16,1.435173732237015e-16,-2.916425426684865e-16,-5.049907569915056e-17,3.5059818662688916e-09,-1.2633267737295662e-17,1.3599270463578316e-16,1.3586760140720746e-09,6.859399685727677e-12,0.07497847063046276,-0.015031994425841787,0.010695602046706729,1.143424190652402e-16,-1.227831749435691e-16,-6.554319594181608e-17,1.3410212046683427e-11,1.1746799344028851e-09,1.996997058442392e-08,4.241197408772292e-16,-0.3190610248766778,3.1556148232413316e-09,2.925519415576918e-11,2.5094692567127683e-16,1.548476534398172e-14,1.0591936390008058e-09,7.454148431155473e-12,7.743287494942818e-13,0.4543036782044428,4.3905901143824e-14,1.4035449127064994e-14,2.2076415813181182e-16,5.479091649438751e-16,-2.6612510610116586e-06,3.3469822394369318e-15,-4.971837626830408e-14,0.1264782260326968,-1.7147626740460644e-12,1.0073191043922475e-12,-0.1955779647890969,0.12386953091621421,-0.017641449983677147,-1.5223439230209808e-06,-1.4033718780418355e-08,3.4620634253853894e-09,-2.775189266421547e-07,0.001342790814791255,-8.163781379889802e-07,3.7544068614428177e-07,1.3133940822317972e-05,0.0004930782902364476,-0.002096157564266191,-0.39660601681303237,1.7965362357616482e-05,1.3556407775219885e-06,0.00803572480105691,-4.191150136692921e-05,-0.00017661392120016606,0.00010199093023222055,-0.0002488016362352702,0.009002740311094728,-0.08440586237885166,0.5557335829526736,-0.24785725477508208,0.016713635977203583,0.046332955914269516,0.2231968948432149,-0.0011043173659409274,-0.03824846789678269,0.008196175744935615,0.03786785486217165,-0.01649644137146029,0.0005066099431989605,-0.08103859319132611,-0.011564534856961843,0.11689356145444135,0.0016294707382500247,0.014638698577711978,-0.0080181150206544,0.03193270387535579,-0.016022696336446537,0.012030196064221458,0.009071295875530369,1.953804255608437e-15,0.019255407000745708,-0.014640599287725781,-0.047933309029274895,-0.012311893881666461,-0.0003002611872992001,-0.007334253482791956,-0.01947328643811398,-0.00020458986468887544
10,-2.1202552799834283e-15,-3.347520221302829e-16,1.9479242594483223e-15,4.60937324447228e-16,-2.542218453293155e-16,-4.68176924694875e-16,-6.203892198892488e-17,3.7987469856713824e-16,3.797215403565159e-09,-1.0095415899624877e-16,2.6270677487381033e-16,3.082813679186548e-09,6.176689560612888e-12,0.08110728281556381,0.0011504844288507646,0.012519871180115386,-2.98739134623684e-16,3.406443388729931e-16,2.655239773126776e-16,1.850652464093405e-11,-1.2850104914668942e-09,2.1687794220799512e-08,8.665917262140809e-16,-0.3432468983300926,1.4704213510186094e-09,1.9704400565134888e-11,-3.669553365857747e-16,1.5963858090231584e-14,1.4971611009504646e-09,8.007418934845018e-12,8.51705947835118e-13,-0.32654950064277266,1.3890556023580822e-14,1.4455593710694856e-14,8.539379468957696e-16,-3.6955975276378476e-16,-1.6965319669494444e-06,1.541940828974959e-14,-6.48070378496331e-14,0.24797949086609666,-3.939092970174259e-13,-4.593907832978997e-15,0.15381280711319115,0.2594267981389823,-0.00855993097695815,-8.175275761902617e-06,1.7909228445892488e-07,-9.347714043175758e-09,-1.8030766064358208e-08,0.0008640042396397152,-2.561271010723278e-07,1.8789531771612878e-07,9.286407982462555e-06,0.00046712607720427075,-0.0017838254858878759,-0.42456631860976685,1.545834558943332e-05,1.183021224166183e-06,0.008828122094571076,-4.083849730299116e-05,-0.00018541731162544694,0.00016116961551261526,-0.0005456564427891013,0.06665780412995029,0.1668345986093302,-0.41264958889982134,0.10885622273013773,-0.004978373548006259,0.014694083072451113,0.4604645551809323,0.0006415060042555432,0.010482107319548387,-0.0023981830447300833,-0.010568572262478615,0.005789879117137824,-1.5944951331952595e-05,0.027612570085730447,0.03143177694852964,-0.01563413779692844,0.007801404123992719,-0.0038725321949259726,-0.0632656325935616,-0.01111490375176635,0.007349302909954242,0.03158307648246645,-0.00633330717004063,-9.633817736819428e-14,0.006114889268130142,-0.0011327524576368313,-0.03197097576159928,0.0034036064923095993,-0.0017512621587059476,-0.014458985504630276,-0.016745034674942958,0.012429646528212459
11,-2.470457125452199e-15,4.9833506884231825e-16,8.456212364733711e-17,2.0608561163108725e-16,-6.496517516611937e-18,-4.2050194452145634e-16,1.0303430808652109e-16,2.55158529783306e-16,4.316000181519574e-09,1.331069926982223e-16,-2.1756925522025207e-16,2.936388417615064e-09,7.447061694478845e-12,0.09316372514990597,-0.005118064278119836,0.006623577797739605,1.3561643200833682e-16,7.911359860958962e-17,-1.3648702102319694e-16,2.0182246853490015e-11,2.7380422245951684e-09,2.4915768398304176e-08,8.036423645617452e-16,-0.39357643988988117,2.609219808480527e-09,3.5268922330584176e-11,3.6157543570455597e-16,1.8804693318473217e-14,-1.0283503041967254e-09,9.185788085633648e-12,9.680149011366302e-13,-0.0786580781154035,5.0167833012253605e-14,1.888374251787233e-14,6.807977135395279e-19,1.5291160580857558e-17,-1.5626297968575029e-06,8.46566133653178e-15,-5.255418740172855e-14,-0.293564449999777,-5.171159283773307e-13,1.9389026242782132e-13,0.048268696573231636,-0.3548712018307405,-0.047368512753523676,-1.1681015408685348e-05,1.5542671912193928e-07,-5.885550734109664e-09,-4.729782832608357e-08,0.0012966716351437795,-4.68121488551529e-07,2.954207664148075e-07,1.3449775768120001e-05,0.0005666204366122081,-0.002251412665962188,-0.4847211990513288,1.9922546151933215e-05,1.517371298863408e-06,0.00994980449605046,-4.9534059285736683e-05,-0.00021439352736961337,0.00014810130769780827,-0.0004320910573938889,0.040375203032982636,0.06245662578570859,-0.0938537228011253,0.018526975395487612,-0.0008234467267894218,-0.02053722312089793,-0.5805866673732253,-0.0008515731570445144,-0.015742366064448843,0.008331184885553256,0.03760513252560159,0.003219858688626665,-0.0001069737400648794,0.049406860939836414,-0.019039550691745604,-0.031421577071629736,-0.01599814696920711,-0.00490430410315136,0.0532965090623281,-0.01337178120892142,0.06016563510063377,-0.0514238082518812,-0.008989547799569987,-3.29586852384523e-14,0.086587919160395,0.0540069976307263,0.01381783323303488,-0.00956423510537124,-0.0006531294022947084,0.005334478404971047,-0.017233327045589695,0.005129191591857808
12,9.63869267125656e-12,-8.135650028038335e-12,-6.068917845932109e-12,1.1526022066126717e-16,-1.8818169230098114e-16,8.10686170600758e-17,2.596241557879851e-16,-1.084381285068333e-16,-3.9265689339871707e-07,-3.030738596921316e-16,-2.6174738868047497e-16,3.784929006352779e-08,-6.62604557280502e-10,-0.0011335893449759596,0.0001492100463391273,-0.00015541048783313674,5.36657797021996e-17,-1.059300319172647e-15,4.557552613194523e-16,-2.430209947665363e-10,-6.492040520895845e-08,-1.531927021899976e-07,4.3906813240982037e-16,0.008241016813803521,-1.2979979130705778e-07,-8.646195883002641e-10,1.0760696812490646e-15,-1.8981884421854406e-13,-5.6613179853672666e-08,-3.5086235231936266e-12,4.052334448581581e-12,-0.010458784511937873,7.276210583462247e-12,7.663803087831008e-13,3.1105126550946697e-15,-7.137789955029427e-17,0.00010811803684425788,-9.367080233938964e-13,3.944707623705791e-12,-0.0035585889335493525,5.061272187879178e-11,-6.906145592411303e-12,0.005765377911447416,-0.003778999136316428,0.028999392658428227,5.503807066231177e-05,-7.278865924975253e-07,2.452476723204982e-08,6.384508793382481e-06,-0.011535158129488859,1.3143267006931797e-05,-4.841987463154121e-06,-9.389928195166478e-05,-0.0020296481382396582,0.009277989449212582,0.11711923702442187,-7.423367492778694e-05,-5.238155283417392e-06,0.000552792497563963,7.62473085968993e-05,0.00010404240164182713,0.00037514068483248926,-0.0014736047652588798,0.17488663579058145,0.2905636920018762,-0.14856103050190947,-0.11722531978120351,0.012682627808983084,0.08509516158622654,-0.09580075486493644,-0.004146733453565186,-0.17202330072013505,0.03976839065552152,0.1845273283443747,-0.06623864657800316,0.0011957468731654385,-0.5370880705794202,-0.07861989506624556,0.5103507226952266,0.014690897125893844,0.11162675456285714,-0.05519580243007192,0.18951573450683937,-0.04200750569470126,0.04529850086530122,0.06686730071712407,2.2517959253076534e-14,0.1621231365614266,-0.049363895313694686,-0.27885179492534895,-0.08997722874935257,-0.002106723817203238,-0.05368035235576377,-0.12426391133248392,-0.0032820405815953834
13,1.070032190986947e-11,3.6168194236036808e-12,-1.0318012521988127e-11,-8.219741717301062e-17,2.182557924983755e-16,6.498882290129773e-17,-4.556816397016836e-16,-3.6182871743853635e-17,-4.344299297894811e-07,6.655830430102346e-17,-3.6672975391813284e-17,-3.4226180631183373e-07,-4.257799959675244e-10,-0.0013236344444828357,5.584288563293778e-05,-0.00018671185133755175,-1.6987008648111354e-16,-3.67186335412059e-16,1.9101514272193264e-16,-9.234949479070566e-10,3.482963757779814e-07,-1.8285637416218123e-07,6.614679908679474e-16,0.010297657814340456,5.205079606854026e-08,4.3578148315695336e-10,-9.722013333968947e-16,-1.279819009394285e-13,-1.0471997359500405e-07,-2.8476145805283142e-12,2.951531725158145e-12,0.012468735472608955,9.47225533322953e-12,9.082813625059041e-13,2.441767276261046e-15,5.007548904735513e-15,0.00010473335430536864,-1.417066647683929e-12,4.6931364195876796e-12,-0.016159730786115316,3.8938922837010466e-11,-1.6649646550795877e-11,-0.024420538813554965,-0.04582937811351091,0.7402251416454672,0.00022228250174741293,-3.233157373066618e-06,1.1671364872082752e-07,-1.2512419767891895e-05,0.01127325555471185,-2.192173852389472e-05,5.682929826857119e-06,7.603259021420083e-05,-0.0002797437731560737,-0.0014629237242348994,-0.0016610664718954898,2.059480859327452e-05,1.4101745771457846e-06,-4.087275634019363e-06,-1.0461357504178437e-05,-3.8872546980149855e-06,6.373551804508739e-05,-0.00033345671188111584,0.044993204464185345,0.06627912562282728,0.03752587279384359,-0.06950640524351674,0.006424634166408622,0.012885422506373338,-0.04141132819845339,-0.00047222265596457287,0.0078045167393086656,0.007203986484514619,0.03174937497820987,0.023249274585437647,1.4049426060449071e-05,0.19561681446666565,0.21080040695573263,-0.07200623682363864,0.0659549814731744,-0.03002643461357898,-0.462276551827103,-0.07156714183833784,0.08840476025498152,0.14444772938580486,-0.04728424816892184,-8.904675985912258e-13,0.12800867001971183,0.03223066765371009,-0.19124355337829155,0.027139921770664203,-0.013024714116307956,-0.11069612960643795,-0.11397699088410392,0.09719094784822563
14,1.221106344848997e-11,-4.290528360650382e-13,6.040688751741487e-12,2.961067144334471e-18,1.3710802018581346e-16,-5.1586415025949205e-17,-1.6317528771980695e-16,4.7790381112965673e-17,-4.821686204786105e-07,-1.2837641535396493e-16,-2.46694885887425e-17,-2.5017953065664384e-07,-5.69782141603062e-10,-0.0013978008215429622,9.869770867586466e-05,-0.00016061678281749549,7.705114074378842e-17,-8.690104307279514e-16,4.140937139520945e-16,-9.271916126117572e-10,-4.6885029301665073e-07,-2.166575318141113e-07,9.001723194402988e-16,0.010139909528994757,-4.415649840210075e-08,-1.3767140732273302e-09,1.0174948047574898e-15,-1.760681783507607e-13,1.620964637837476e-07,-3.5734719761070795e-12,4.120293884942771e-12,0.0018736502003401853,8.628347852097778e-12,8.627036532151827e-13,8.924664154391254e-15,6.322343494716353e-15,8.866875142064147e-05,-1.2006904163210892e-12,4.274551689140127e-12,0.0051941235310806085,3.083181819042863e-11,-1.0194546145687017e-11,-0.0031716737631498145,0.008017535763457278,0.04681407319321994,7.822250853542122e-05,-1.0431260802194063e-06,3.5492635545501565e-08,7.608340621516882e-06,-0.014470671208321798,1.6378076758336356e-05,-5.147071230651439e-06,-0.00011784429480264235,-0.0022587280940738314,0.006099392337470705,0.13934670220544973,-7.301578374730675e-05,-5.376996570996296e-06,-0.0003375258511566785,9.069802948286953e-05,0.00012412654100521733,0.0004156417585553699,-0.0016875869722179676,0.1991002497107573,0.2928458564915048,0.036841045452234114,-0.22623230410209091,0.02163487692009941,0.07190016609717799,0.13409888255054855,-0.0025422829520305047,-0.0884355076920408,0.035437686349385975,0.16351236863822138,0.003826410059723935,0.0005262402320062884,0.3258586135941809,-0.1254761199341132,-0.05208054397403305,-0.12863719852619498,-0.03849212258556597,0.3855088214752579,-0.074172684783316,0.30068669940475806,-0.25500468985088254,-0.06646155476885111,-3.4453594190815594e-13,0.4252014029294516,0.2806874224838601,0.039970773665267106,-0.0724293989955687,-0.004701266444198355,0.042333504471395375,-0.11949384477046027,0.037017132687383
15,-9.7571341482779e-15,-4.678845048897026e-15,1.8946180875891613e-14,-1.0794094722715328e-17,2.773341866444545e-17,-2.805041980633046e-16,3.2612309105669617e-17,1.5037606098784595e-16,1.6419367261391162e-08,-2.506792284936564e-17,-1.28675643460134e-16,1.7462803661518927e-08,2.1031042490684923e-11,0.00010316200917366777,-4.701111340289614e-06,1.613447497994184e-05,1.525189592680334e-16,-1.0025512488068966e-16,-1.1940912184767638e-16,6.669048932462893e-11,-2.7881237185231067e-08,1.4203408862759978e-08,2.1767962592454102e-16,-0.0014234686342310308,-5.930422874683253e-09,-4.583845736102905e-11,5.4503774842806396e-17,1.6112447572678943e-14,1.723937121829039e-08,3.921338860977547e-13,-4.2607247603244306e-13,-0.004738704708972422,-2.0190855217265275e-12,-1.6840622147306005e-13,-1.6248552994760336e-16,-8.067602712030888e-16,-3.302186235932066e-05,3.607624858988504e-13,-1.310323274702896e-12,0.009391497796587527,-1.2700667312388847e-11,6.706085234004835e-12,0.016855796284528147,0.03603475808777029,-0.6610454538402182,-0.00014159616428381977,2.1301544189023645e-06,-7.849337791481921e-08,1.7617992853488657e-05,-0.022245421641733872,3.361695399593251e-05,-9.361023912772686e-06,-0.00016791797590507017,0.0008055071153902795,0.005669830881797447,0.10980453104563334,-7.451644073538157e-05,-5.328923341218394e-06,-0.0004298619470561227,7.696042742684955e-05,9.965532009325775e-05,0.00023679310717095227,-0.0009065844867684847,0.09737426358069298,0.1236216022455998,0.06561053751779618,-0.1182621549740833,0.010802583964527194,0.019203848148252843,-0.060804817920781046,-0.0006712192229064562,0.010017019275101305,0.009514061847240483,0.04172503329823408,0.029522517220998024,2.0373687056557378e-05,0.20831693704963705,0.2255637271527082,-0.08922628805253567,0.06595549169349457,-0.030228095931991612,-0.48067911735277064,-0.07950519111834423,0.10506846045060851,0.16698460356248962,-0.048449566173557224,-8.962181668422272e-13,0.15652635928285769,0.03757241218875832,-0.2165298005562977,0.027694566375652444,-0.013442393853852938,-0.113005265831069,-0.12854424982376564,0.09753664357541345
16,-5.862017116308599e-08,8.16247472496316e-08,4.7088245471602554e-08,-4.2035921508952414e-17,-4.644523342808736e-17,1.6148205602192312e-16,-1.716767590791094e-16,-1.310918730164364e-16,6.124012416392097e-05,9.92009692307573e-17,-4.574613741500474e-17,-4.184736588880383e-05,1.1140070953943014e-07,1.4912393103359308e-05,-1.5767715708685038e-06,2.1654939812413065e-06,2.640174094820133e-16,1.8752530159518535e-13,-4.429135446794282e-14,-3.301008320094607e-08,-9.563687432104994e-06,1.0084508240364843e-05,2.3676969327523458e-14,-0.000188121191704587,1.4561914554186573e-05,5.712281325680121e-08,-7.927299744828986e-14,1.2965398127007081e-11,8.893031416281026e-06,1.9279865459019642e-10,-2.2784855436046908e-10,0.00016425610446796547,-2.3317927078915845e-10,-2.946141784278531e-11,1.6942183298776767e-14,2.3664619484111573e-13,-0.003426879776365226,2.308959853403875e-11,-1.1257237474005574e-10,0.00025337980984262604,-1.7909592318152318e-09,8.36669100989723e-11,0.00016968229666031387,0.0007519009598118718,-0.016220652791877576,-0.0004944710606858168,6.185837673423587e-06,-2.010577942785501e-07,-5.5242207256264116e-05,0.07535525751745975,-0.00010059026426601914,4.331930955483448e-05,0.0005754354042591047,0.017740947697894038,-0.08473610431745256,-0.022809830790016538,0.0005171261037757489,3.4498465827388396e-05,-0.01721025494012726,-0.0003297897598035762,-0.0002388979714486452,-0.001163336566914964,0.0032168351125375456,-0.2582959019867506,-0.28257463030678365,-0.013048474870470238,0.13402792115686274,-0.009491834263381715,-0.11319888464337817,0.06847989247321347,0.004480102117256532,0.09111117958356625,-0.005738583563475425,-0.023280263935758543,0.08190138659025316,-0.0020912376958589114,-0.45420868390355934,-0.07926621392156365,-0.42733072128777927,0.022784638901613554,0.19818796647213777,-0.05240900593900753,0.053873608830153796,0.2789914970163675,-0.09237280842165614,0.09265429010330006,1.4260054671894215e-14,0.36261103721928756,0.20146909177761108,-0.1535343308687807,-0.15417894784322983,-0.00518612337135176,-0.08870563197112649,-0.15777822638817635,-0.003186302973830382
17,-6.857957009056107e-08,-4.994362845230755e-08,9.191741462239679e-08,7.285304403473829e-17,-1.1888964522222107e-16,5.156836612534647e-17,-3.6847699988184526e-17,-3.185233983002583e-17,6.44813319911278e-05,2.2439461892962103e-17,-2.1050115749148026e-16,6.309792809053278e-05,2.61938825944079e-08,1.6492648143951433e-05,-1.1233613148502963e-06,2.4147926396260148e-06,-1.26825469738238e-16,5.3457131453410496e-14,-1.772206893187738e-14,8.83937791601374e-08,-9.768045315081212e-05,1.1220382419343353e-05,-8.63264129047999e-14,-0.0002133517705512001,-1.0600194455930069e-05,-1.5454073567036506e-07,2.407119281838262e-13,1.8243295949465165e-12,1.4486691632734532e-05,4.908998838067121e-11,-3.226576018145573e-11,-0.00028853469890920987,-2.174336937191941e-10,-2.3869823280070555e-11,1.684270231633626e-13,-1.0746843591130557e-13,-0.0010685903108663523,2.7427556345433335e-11,-6.259969418202942e-11,0.0005692808053815303,-3.4825694955030383e-10,1.996687729961617e-10,0.0010745535583971866,0.002069765562366916,-0.04104713876047839,-0.0009910482751998555,1.3118807870152823e-05,-4.443128455729208e-07,-5.49871647251265e-05,0.0978623266524522,-0.00012285699892948244,3.353897562781895e-05,0.0007893468144608803,-0.03310495578828249,-0.011476446151181775,-0.015358791626095948,0.00028746242285265523,2.0231313857155604e-05,-0.0054568379815719895,-0.0002828603754898291,-0.00024631040670614166,-0.0008752099408891652,0.0030191643048962397,-0.2597234568604355,-0.25300564424536715,-0.0552752908221735,0.16344311416462928,-0.016666396871557073,0.050468441009172665,0.037919624139891146,-0.003541120460325964,-0.22935388726701353,0.029629360836546933,0.14484508139312702,-0.12935044358022413,0.0014659587022365155,0.12682021775057462,-0.04114169406324548,0.3887585791076873,0.12651857958953114,-0.05580751639235102,-0.32103018834443087,0.05123365118096434,0.04259675661520809,-0.5139762725644866,-0.07269605814503799,-1.7490777611757854e-12,0.07529020571171165,0.17174096415383,0.2608464997989085,0.02286762915727848,-0.01597755815178527,-0.15418538697865,0.04519543677690135,0.1890330980109182
18,-7.846140592028186e-08,-5.67737639967805e-09,-9.389097597908436e-08,1.4872493214612047e-17,-9.061935077156106e-17,4.385951972601467e-17,-1.305444283677375e-16,1.841982835042748e-16,7.551004718753215e-05,1.0819918223027704e-16,-1.477686341847786e-16,3.7470377542814515e-05,6.187643984057442e-08,1.843999480916504e-05,-1.4811650156213973e-06,2.5548467535095028e-06,2.1717952751294153e-16,1.1195887373006992e-13,-3.0865077876037906e-14,1.0545520996626306e-07,0.0001113089051128696,1.983093236238907e-05,-9.73560830687898e-14,-0.00023358448007787424,3.319868791122001e-06,1.8972120061475456e-07,-2.2060925160108507e-13,9.22473510317172e-12,-2.1443765234245268e-05,1.625715046997719e-10,-2.0652497492155956e-10,-0.00011000590268684824,-2.6088062051289164e-10,-2.8661957829439963e-11,-6.350448354472242e-13,-4.451226500287193e-13,-0.0014388972810309936,3.21274086390548e-11,-1.0393733444826824e-10,0.0001879489284738721,-2.287042216395189e-10,1.821833339170702e-10,0.0006248724248386118,0.0008987077673456069,-0.02538393753989481,-0.0008884666995637876,1.122819675048923e-05,-3.6820581489716067e-07,-7.30291466254491e-05,0.11020412092295034,-0.00014772061042719938,3.976119138448224e-05,0.0008315191938942257,0.030788196517812106,-0.013827135563407268,-0.02601670700582641,0.00035419573712541465,2.7295179985845284e-05,-0.007629446317292431,-0.00042012218359935196,-0.0002991834557120438,-0.0012124936912578156,0.0037483305087918856,-0.32161577411946174,-0.3235606499387835,-0.06084907493106796,0.1925147000232873,-0.017541318509658146,0.015220220529165666,0.00871070979030295,-0.0007553840458411309,-0.026872438165927968,0.005350697539775922,0.025753952251995966,-0.0046993578134291395,0.0005437921056339009,0.3001001497409944,0.027974488674160202,0.33394151460278343,-0.2412293532550345,-0.06312731990077738,0.2841950478266586,-0.028362568821437256,0.005019454307112762,0.31103178689251193,-0.10507927544998986,-6.671572983811245e-13,0.0863776374737916,-0.040252834835200056,-0.4315068193710081,-0.1197024463831938,-0.011851373178658815,0.033432014597918565,-0.2540732556533946,0.07096527418395038
19,0.000262306251102824,-0.0006878293916773558,-0.0003682359522221461,1.3471256568059498e-16,-4.661143628711504e-17,1.41148014775749e-17,9.165284320853307e-17,-1.1178529236230367e-15,-0.007561619404597146,-3.3431633061451993e-16,1.7227672483588625e-14,0.012710024631261953,-1.8342878303393937e-05,-2.6116685235369387e-07,2.602230227520535e-08,-4.1673625505202865e-08,-4.3340042921750343e-14,-3.0210543585151806e-11,6.731219766648532e-12,1.1711377296791463e-05,0.004775101053479667,-0.00026309958386675695,-1.0044824291303314e-11,5.979004441645201e-06,-0.0014119909257465633,-1.0988624913009525e-06,3.387150953024082e-12,-8.514259339723638e-10,-0.0010041754879637804,-1.0552371792837966e-08,1.1811862615027067e-08,-1.2489072620453157e-06,6.343699743624926e-09,1.026388513176618e-09,-1.4079021594397096e-11,-2.6594573223499654e-11,0.11123383359831862,-3.9813570310874296e-10,3.002264161815664e-09,-3.963234091804643e-05,6.482409835885173e-08,2.2267367395423763e-10,-7.604834854285637e-05,-0.00020646184130826867,0.005569620555779696,0.0010022332451107426,-8.867579307686812e-06,1.9832769684626607e-07,0.0003071770825844573,-0.254627216299923,0.0004047582306200616,-0.00033592368586731744,-0.0018073717755426925,-0.11963997815288901,0.8372514975557679,-0.009205370289008486,-0.0036755173098709493,-0.0002247269491671241,0.1083434313302876,0.0011074651763570986,0.0006219889235263505,0.00241162389104855,-0.0032373743342268536,0.04559230765271091,-0.061653921128945466,0.03241149396185729,0.12547208292039672,-0.020615573591591992,0.15054394449197467,-0.0015098141397050183,-0.004463977087402501,0.00558239475002848,-0.013813460597580946,-0.06535728332227903,-0.02039084064558726,0.0031410749791520084,0.014470245753134724,-0.016879103390638514,0.017753012791871955,0.02056648159919224,0.2298650403232672,0.002559429734232569,-0.116394044581829,0.07587928177429118,-0.004953166031038592,0.06695718817450871,-3.904798971277909e-14,-0.10019660401982686,0.10524898056734325,-0.0052068424717136115,-0.1705336880848824,-0.00792876987629669,-0.0919460349114247,-0.08946889369208484,0.0034752224586717595
20,0.0003523666892558809,0.000477555569200979,-0.0007559086819166459,-5.426331509631931e-17,-4.0081972607000605e-17,3.387991818074025e-17,8.550718113153807e-17,-1.3122077595223941e-15,-0.00772569907365439,-3.7845575728897474e-16,1.2096382983574059e-14,-0.011643251775067703,2.8663043324902754e-06,-2.826370560224137e-07,2.367761613687526e-08,-4.522134344324016e-08,-1.4683431550194927e-14,3.4645990686794385e-12,-1.4517775936298713e-14,-7.602184939896035e-06,0.021167424221565118,-0.00024731047909989364,7.73517624493935e-12,6.5266910932007336e-06,0.001444307239593972,2.7598845503351918e-05,-3.949990779685139e-11,3.519013821887023e-10,-0.001733752648819978,3.779496739774082e-09,-7.026327646536801e-09,1.4640050377215119e-05,4.7426053939471594e-09,5.592399529396208e-10,-3.166787400284853e-11,-4.254863543408195e-12,0.002061150851774164,-5.663162737735689e-10,2.111537419406583e-10,-6.1598844487511e-05,1.8930649883305003e-09,-3.997466766943968e-09,-0.00014993357124363504,-0.00034495862945574173,0.009029015328288014,0.014006327483463863,-0.00018825854663255689,6.4469215417390966e-06,0.0002548047129299328,-0.5534394906118713,0.0007033134286847955,-0.00015859683330297472,-0.004692051345728282,0.6582089735124467,-0.06938967207223906,-0.004864026364518696,-0.0006567706829879214,-3.432701196950987e-05,-0.005782578257051225,0.00037886928310977113,0.0006464980614648233,0.00030983195588890286,-0.0019994119620593714,0.07631481969924432,-0.05971458848469118,0.006846096569814198,0.03427408213378522,0.0026029557257753995,-0.12982533397253743,0.003921471085409484,0.0065252174555042244,0.1609479205894873,-0.030381883281018037,-0.13920732447300874,0.08287996047578201,-0.0025401700514919683,0.033750318306836044,-0.20423276358700507,0.09765545625036973,0.1504629014086609,-0.06712129061914122,0.020713466076144466,0.07947178403887083,-0.012456850898355827,-0.024791192703264044,-0.07858203063114383,-2.2070191450218457e-12,0.03483583510175283,0.0035768903802758795,-0.020533253799931768,-0.009998287295484687,-0.013650263719470777,-0.13609360401536352,-0.058232202883685295,0.23865194937632497
21,0.00041259139290798677,8.340867137962527e-05,0.0008981087247121291,1.6103778469397447e-18,6.045411930260323e-17,-2.082679042013593e-17,1.755815360646946e-16,-1.5327132386655523e-15,-0.009515129207344347,-3.4323496251862225e-16,1.7091677135588432e-14,-0.005581715439533584,-4.239893413506518e-06,-3.217344264514429e-07,2.855778388620144e-08,-5.065438400007609e-08,-2.918773107704371e-14,-8.097000060972483e-12,2.4670470359123245e-12,-1.3169671615421211e-05,-0.023441226721390693,-0.0018955907781562226,1.1610606924051592e-11,7.374622528331261e-06,-0.0003633121323794051,-2.784990823855032e-05,3.519694026228215e-11,-4.6098806553009445e-10,0.0023773975936077873,-7.707512887435739e-09,1.0952276437853237e-08,9.666621456678553e-06,6.170589911237379e-09,6.844062913683079e-10,5.2657136757140345e-11,3.54022291030053e-11,-0.0034950137902898934,-7.289274924445568e-10,2.1505948768839506e-09,-5.1084162985348485e-05,-2.1118631079852384e-08,-2.6672931493041306e-09,-0.0001366518939240944,-0.00030318871376562166,0.00868060144726657,0.008196319044967267,-9.459022648929161e-05,2.906074580433391e-06,0.0005295837620852762,-0.6140069261309772,0.0009977487531596292,-0.00016633876613194654,-0.004024835892176358,-0.5450492719608876,-0.2612608780021508,-0.0063292124409020925,-0.0005166844648424072,-7.360078628330354e-05,-0.01026372010497923,0.0018607303470793096,0.0008830793979302303,0.0017750086572944292,-0.003294757731370856,0.1277111024142202,-0.08035773613874551,0.03262602945197273,0.11312419221454606,-0.011342293261151815,-0.1385104700385681,0.010765355819378241,0.0028897790314563357,-0.08231754624444033,-0.003994857040124641,-0.00843226445103655,-0.07158775083508889,-0.001503353126071686,-0.02807140098859692,0.091254272335762,-0.05582504548693431,-0.2975137436654254,-0.06421704381703584,-0.03103357573017769,0.08927077799332477,-0.04693926536319241,-0.14197265975515508,-0.09625029528161112,-9.208756125712037e-13,-0.06819598442000038,-0.0006358892847975156,-0.09766313222449644,-0.12910942008638238,-0.015772118686019968,-0.01566280701351944,-0.045459225951538125,0.09868750168010927
22,-0.31927186773985855,0.5844064688063673,0.22092171564605592,-5.849686482107098e-17,-1.4642282314110426e-17,-1.9165836046502477e-16,-1.6846750041927282e-15,3.92395162197262e-14,0.21970053682760057,1.6085583935899757e-14,-5.529105256751985e-13,-0.27500064861617296,0.0004087598322114919,4.140193489382946e-09,-6.692629931981012e-10,1.0808963911947684e-09,1.0134979462335479e-12,6.747831501234555e-10,-1.515083971535513e-10,-0.00017920287501094903,-0.06598646107107896,0.003602259286067856,1.553323223229269e-10,-3.060259240073325e-07,0.013595080198058345,1.0934489271054304e-05,-3.5134919354890625e-11,7.51440152802539e-09,0.006708307968665545,8.335836646183082e-08,-8.894283731253313e-08,-3.650826255771092e-07,-3.168085236409144e-08,-5.942106155318055e-09,8.857640074126358e-11,1.680396711563094e-10,-0.37818357153671817,1.6196242368479076e-09,-1.1436845307771735e-08,1.2831977866355342e-07,-2.1392114203250405e-07,-9.168648843451919e-10,2.4849037480662627e-06,9.798540028091142e-06,-0.00035336625732464584,-0.0004964155599506839,-3.7909968450005105e-07,1.6462271842932629e-07,-0.00015665407436784445,0.041152597098831525,-0.00014132770792220253,0.00016595013899279275,0.0001619046114752993,0.025421626589204965,-0.15597978889593744,0.0037382468535914824,0.0005859807702826802,2.999997541110018e-05,0.014617924007603084,0.0001450033031569646,0.000169646841953321,0.0013367649414831773,-0.002667884885346473,0.10035482455315711,0.015677292249689053,0.03318499380782939,0.0674314071620769,-0.013371780593141685,0.1272944635228355,-0.01165139288772043,-0.0039572350098404895,0.004934365004542753,-0.015043288433478597,-0.07141281444915855,-0.026520312037554908,0.00273937923599479,0.05570418807749052,-0.01127877397198586,0.04232772837491381,0.01963887657555549,0.249577238440326,0.005526295141478941,-0.12770732960986927,0.036199487799712174,0.0005992410417691671,0.06713913596703967,-8.147824453545494e-14,-0.159830562657718,0.07969018728477266,0.022759856012177532,-0.18381353740885056,-0.008761618740501314,-0.09939651717563039,-0.06833563261720327,0.00804205616678708
23,-0.4042536970461769,-0.3824361379074784,0.42744366247350624,-9.536973734995409e-17,1.3467197402734054e-16,-8.513653633120391e-17,-1.855421239660936e-15,4.5636832242503306e-14,0.2115130739370543,9.076787419764692e-15,-3.645818434247825e-13,0.23691531228420432,-6.115811281268535e-05,-1.2626634691402572e-09,-5.375252627004902e-10,7.014379662023109e-10,3.1874330382334183e-13,-7.459164113687073e-11,7.168965650941317e-13,0.00010861833924130727,-0.27492895224539954,0.0031666227767472434,-1.1170256101098854e-10,-2.078833920166977e-07,-0.013149983158715213,-0.000272653025330113,3.9360836636453565e-10,-2.993654811120656e-09,0.010922873012826122,-2.9130422257235213e-08,5.121657060765679e-08,-1.3319574398063135e-06,-2.2078705952132323e-08,-3.001478017797921e-09,1.869026470357735e-10,2.6334797143401767e-11,-0.0025055486014193525,2.197865538201484e-09,-5.102405975826478e-10,8.368665035665665e-06,-4.7276248375159716e-09,9.76624623876487e-09,2.2303108420929816e-05,5.7662796937697824e-05,-0.0016716633719186863,-0.020832124713852797,0.0002710009182318683,-9.099162474275315e-06,-0.00010704055430742619,0.1701794484097086,-0.0003060802844527874,5.4569305543787624e-05,0.0012776977993247988,-0.21084977466182725,0.031133113741578736,0.003220086273277153,-0.00011394382801681346,-1.1872643462910588e-05,0.004394720854953207,0.00021026136656207114,0.00017071094461788036,0.0005381278824661956,-0.0020018848989231614,0.11510110906805843,0.015264064884514721,0.019023301386745548,-0.0012471821447269874,0.0039275603855629185,-0.10972861020174102,-0.003940825096580145,0.0057646363648131815,0.1684543077131088,-0.03148849158683809,-0.14560075270925285,0.08442412039731281,-0.002194102376663842,0.01706230954384479,-0.20753728783433484,0.03508976117003475,0.15214240162329676,-0.06799877845228364,0.04533700636060027,0.07705692655155477,-0.027917519179874378,0.014519755672554837,-0.07889263027186477,-2.3078617407675226e-12,-0.002396801462982645,-0.018864764488030948,-0.027532022915934314,-0.015200426898611636,-0.013461254878292864,-0.13610951948721034,-0.04981192637684689,0.24946047158644513
24,-0.47623504666123795,-0.0672050925456912,-0.5109589125944874,-7.918656419660133e-17,8.547651320827961e-17,-1.6162585649178836e-16,-2.234633126209714e-15,5.353798329478825e-14,0.262203909988606,1.3572132861015816e-14,-5.210890906280188e-13,0.11411441959602225,8.880001278132608e-05,1.048068383984352e-09,-6.730570015503129e-11,5.17102258097012e-10,6.417853001228958e-13,1.701385693421063e-10,-5.2325579882924814e-11,0.00019004718645144257,0.306275443011895,0.025367978645593682,-1.6919679146021944e-10,-2.1872787922306195e-07,0.0033216339899524807,0.00027644893778964313,-3.5280077314619896e-10,3.837719125058172e-09,-0.015057826489343682,5.755512923661613e-08,-7.824690450351424e-08,-9.007578629760748e-07,-2.9027525331401625e-08,-3.699095846128982e-09,-3.102733930984889e-10,-2.112408476135505e-10,0.017671241244706135,2.8619062520138115e-09,-7.663061499555035e-09,7.262623486671854e-06,6.93689283036516e-08,6.389209811510973e-09,2.1163022747221763e-05,5.2691814982663645e-05,-0.001648896201225064,-0.011507283692356521,0.00012587005677554047,-3.7294850896357207e-06,-0.00029076852225822907,0.18930880349691373,-0.00047993933200102815,5.1265439277605235e-05,0.0009118071679790544,0.1726739447254863,0.08988774116900394,0.004267269461837549,-0.00023071120280788491,-7.96649063389166e-06,0.006410580957608602,0.00010328865479466657,0.0001973881386768751,0.0011111870257358315,-0.002768435222311935,0.15503722565292968,0.01306183527625604,0.03736508647813907,0.04754579686739476,-0.005323072856040511,-0.11143766876310389,0.001878907278226706,0.0026920158905703383,-0.05266966743809376,-0.008452206709726741,-0.030873738274932,-0.05827529501970776,-0.001291846743606048,-0.05175808227057831,0.08851730606685908,-0.09231869299200189,-0.30992430014948774,-0.06430474627500407,-0.04838936808004338,0.0902891738070536,-0.061132898607976875,-0.15033554812413882,-0.09639094180493651,-1.0032168555461368e-12,-0.10403450108590788,-0.010754848326096616,-0.052905592656755505,-0.13327218583798997,-0.016113323834221118,-0.021250945706784596,-0.016026816165459104,0.10752473570883175
25,0.32430103859909026,-0.5934168142490999,-0.22422633676601827,-8.826603717252724e-17,-8.754651410809275e-18,-1.859825416767114e-16,-1.5962585660061663e-15,3.599713346787924e-14,0.2081237247397066,1.507035150045992e-14,-5.186943190333548e-13,-0.25996450289871625,0.0003882613903465478,4.463422122904219e-09,-6.958936345674797e-10,1.1241498215612012e-09,9.650335516158676e-13,6.410967069288681e-10,-1.4402687043525914e-10,-0.00017147564488641863,-0.06195176284642515,0.003643818350173826,1.4853520663147774e-10,-3.1139919022121596e-07,0.013300335549975503,1.1967331967809362e-05,-3.5939115858349244e-11,7.372233499420236e-09,0.006558095584621003,8.199621715568926e-08,-8.761379119310397e-08,-3.5621784055246575e-07,-3.1365038217875226e-08,-5.8692707486657616e-09,8.641929669124601e-11,1.649533102245528e-10,-0.375162167209829,1.6088048594556267e-09,-1.1346246570387345e-08,2.0213470771086586e-07,-2.1219150794149974e-07,-9.042880829495549e-10,2.602793960635248e-06,1.0133977686938703e-05,-0.00036201353431969787,-0.0005020401171835037,-3.020155926883565e-07,1.6193984225182836e-07,-0.00015687448538052388,0.04143767008842934,-0.00014167094123525292,0.0001663343450898167,0.000164187046459295,0.02544414976948548,-0.15785590870213162,0.003754986320307184,0.0005935425697652335,3.045135702417335e-05,0.014355551892815137,0.00014320418541143278,0.00016853625298837298,0.0013322150371369646,-0.0026628334833992103,0.10035337097488001,0.01579406166380478,0.03314969256519597,0.06725254607100555,-0.013342234835466316,0.12707310535052027,-0.01165840965693513,-0.00395167407587097,0.0049082302349603025,-0.015032646154199965,-0.0713615365480446,-0.026527999309116923,0.0027353631150033083,0.05578797406373465,-0.011255626374291663,0.042361370011526546,0.019632502728272994,0.24956451393776938,0.0055378412624001805,-0.12766814744012758,0.03608571915175536,0.0006028820355318765,0.06711829481030243,-8.138459450774985e-14,-0.15985489457419078,0.07958870791165196,0.022787948487136746,-0.1837979220501172,-0.008761391607584212,-0.09938553939588542,-0.06826730780634349,0.008048954385390855
26,0.4105820326517589,0.38827861644350825,-0.4337517404388282,-7.598031056798568e-17,1.3250973703706928e-16,-6.578357267565403e-17,-1.6994076089994267e-15,4.2255717467152083e-14,0.20152271722374307,8.605935213239032e-15,-3.4726089058115113e-13,0.22584404361163732,-5.6312089507996825e-05,-7.004235512389044e-10,-5.61612188737597e-10,7.652788949805029e-10,3.109552209801643e-13,-6.767387173390025e-11,-1.7046827867033477e-13,0.00010655183338279226,-0.2623924528470408,0.0033132467347994792,-1.092631219748656e-10,-2.1668768208854324e-07,-0.01280907695578827,-0.00026342036923972435,3.805077305771905e-10,-2.902575286618122e-09,0.01066991875919521,-2.8220632241619775e-08,4.981683122447222e-08,-1.3554452533190124e-06,-2.190550901156639e-08,-2.97314390348145e-09,1.826406329992814e-10,2.4970603081173377e-11,-0.0024438546887008803,2.1836073631842838e-09,-5.262624303719519e-10,8.462310538245034e-06,-4.533227720215426e-09,9.718803736352478e-09,2.252930344601938e-05,5.81906828929484e-05,-0.0016851070600357508,-0.020783491782116185,0.00027039593081604565,-9.079441396877793e-06,-0.00010726734535170344,0.1709986513558551,-0.00030685739617517644,5.47897217405005e-05,0.0012856268543144892,-0.21270250032254998,0.03111445531106728,0.003227755425854074,-0.00011254441016137879,-1.1828104722112427e-05,0.004401752469173601,0.0002105585753366055,0.0001696296781638307,0.0005387741245153931,-0.0020000770128319194,0.11507246628196394,0.015376564772489837,0.019041564901071527,-0.001273360498162974,0.003919904243750196,-0.10961853637649623,-0.003950591606153163,0.005758234606280971,0.1683226623428507,-0.03146591670068977,-0.14549794440424096,0.0843492193358815,-0.0021916204920322813,0.017027487670146033,-0.2074801314450668,0.034912564999658856,0.15213284026962814,-0.06799588153525739,0.04540354017198872,0.07703136683480874,-0.02794261501516418,0.014602892271169782,-0.07888568587518927,-2.307941922390806e-12,-0.0024852443095590084,-0.018909083598608076,-0.027579518395485714,-0.015215028021542903,-0.013458998141574129,-0.13608618973786665,-0.04979357966622306,0.24946079422346012
27,0.483695247144501,0.06823252976051719,0.5185101942682055,-8.125847152514425e-17,7.709826943633073e-17,-1.3355664942220295e-16,-1.9918959828329595e-15,4.9550762902338044e-14,0.24982529952648977,1.2744224499255873e-14,-4.94374348653875e-13,0.10876220515073054,8.682778362221478e-05,1.5615109482071516e-09,-1.2167857181977683e-10,5.966924876853966e-10,6.193397112249315e-13,1.6594161326343112e-10,-5.0814738052225093e-11,0.00018252774811323242,0.29227530671380886,0.02449603942291815,-1.6262957640984886e-10,-2.2881524953539656e-07,0.003207458292229708,0.0002670025311325204,-3.4038769920033156e-10,3.761217265354173e-09,-0.014728886012896155,5.651172495150073e-08,-7.674748842510748e-08,-9.127399067450043e-07,-2.880426479378457e-08,-3.672011989852117e-09,-3.042730439588751e-10,-2.0724415692945265e-10,0.016935603420470142,2.840968710808503e-09,-7.610389572421332e-09,7.310993201785821e-06,6.848128946309034e-08,6.3655400677756774e-09,2.132129003086153e-05,5.302259009673351e-05,-0.0016591814979311503,-0.011491913600114536,0.0001257481779682315,-3.726849396950739e-06,-0.00029134860930679185,0.1902085237170158,-0.00048115158297420285,5.14376197943109e-05,0.0009175046823547361,0.1743193777564495,0.09080273672449175,0.00427593646596496,-0.00023112041431297078,-7.882782771186872e-06,0.006482445429701984,9.903343999421198e-05,0.00019573428760478738,0.0011081376550639782,-0.0027639970922271983,0.1548865232984037,0.013214450508246925,0.037334171357997915,0.04737670908574859,-0.005306201661479059,-0.11125878487468115,0.001860076392295744,0.0026900405727639074,-0.052521479857467385,-0.008465433759058724,-0.03094532806721904,-0.05818365241448252,-0.0012901454282082917,-0.05180803389105973,0.08846675211931918,-0.09230805375947536,-0.30992002099989013,-0.06429602600531469,-0.048442917627703086,0.09025998951844573,-0.06110751228587965,-0.15031455874707536,-0.09637408698387677,-1.00315895448732e-12,-0.10403259564351698,-0.010741962048962614,-0.05276946505437741,-0.13326135043907075,-0.016112011973406223,-0.021269990271193123,-0.01596858377052867,0.10753311080921076
28,-0.00528923398862832,0.00969041959031946,0.0036680288598138254,2.40143509700816e-16,-7.014870833523042e-17,1.4387951426766756e-16,6.452633936419193e-15,-1.506517634261863e-13,-0.5007636079357671,-4.850349661151868e-14,1.5544527736555876e-12,0.666728131161364,-0.0008756505973681688,9.898747633481567e-09,-8.313509299560784e-10,1.454004324001377e-09,-2.022260626828224e-12,-1.4360002671438388e-09,3.1727334173909877e-10,0.00031234307779267045,0.19036284351985538,0.006118738863377565,-2.768135019283745e-10,-3.0250250167801216e-07,-0.005709513356522827,7.714694190078661e-05,-8.606458164620081e-11,-1.8470540005150947e-09,-0.003399306348318291,-7.036866249020932e-09,-4.075118972196349e-10,-2.8927136867535613e-08,-9.8566542507569e-09,-9.832474193634371e-10,-5.761010579640555e-11,-4.088084514712112e-11,-0.15556461166757107,8.559851926450087e-10,-4.925952128401828e-09,2.751544294970169e-06,-8.546286187036358e-08,7.637264633023757e-11,6.549442428410762e-06,2.054152153349026e-05,-0.0006227441270901404,-0.0010255250740027683,6.99179654393005e-06,-9.508340788642093e-08,-0.0001499092858449799,0.049685264264327955,-0.00014581202873922462,0.00015811294881492655,0.0002363245279102549,0.027034244481262768,-0.19832563671091483,0.004034691737631214,0.0007626550395787658,4.120246033480493e-05,0.005178515785517913,7.61037005741266e-05,0.00012318113100289943,0.0011252175179938212,-0.002397357909493319,0.09723237597742732,0.018914306279227067,0.03115070989982312,0.0597559441153746,-0.012019526521067398,0.11620942641465073,-0.011561580506904924,-0.0036704496997445554,0.0038206133290451774,-0.014433085966947935,-0.06847554917370197,-0.026496276664061277,0.0025348778279584705,0.058015520928941626,-0.010368157095104698,0.04243379859877052,0.01937370448380558,0.24882930953988983,0.005838912404377541,-0.12518949279918026,0.03191814229748031,0.00037534366585979866,0.06624232948538561,-8.325570496504888e-14,-0.15847420030092155,0.07545611322717684,0.023327302360621242,-0.18294003069866818,-0.0087359802854302,-0.09881670911660015,-0.0655107947773218,0.008275983140361305
29,1.6350806640269036e-05,-4.2962477741613345e-05,-2.3062187508658103e-05,-1.0494046473966765e-17,9.775372061899995e-17,-9.71261700551555e-17,-4.64070567247144e-16,1.2814436223271662e-14,0.07101992846635019,5.620568844622147e-15,-1.981016380694349e-13,-0.13254576691100614,0.00016773116541759904,-3.2606741722374866e-09,3.017283687262459e-10,-5.455911673213647e-10,3.7052050649807993e-13,2.742881495941058e-10,-6.004826069382971e-11,-9.36451281021031e-05,-0.06483615188842635,-0.0020070593128450795,8.196606614562276e-11,2.181439446477355e-07,0.0031007610546884344,-3.7515012857664426e-05,4.1332401972157894e-11,1.1274323143744568e-09,0.0032531680241003453,5.043949116659177e-09,3.141405970563435e-10,9.746812424340327e-07,1.5470347164493772e-08,1.1679225416438126e-09,6.223841084667533e-11,4.313142976971355e-11,0.8225808400252337,-2.0800046956829536e-09,1.5862360772735855e-08,1.1499355155894756e-05,5.410792981371128e-07,5.416267365537309e-09,2.0484101088645405e-05,5.5192858045745495e-05,-0.0014923302036719088,-0.0036122635083879443,2.3360474697867528e-05,-3.0826981789566997e-07,-0.0002778849870226428,0.08267795107539012,-0.0002618120440150861,0.00027714248887831193,0.0003827277720670514,0.041572364050324995,-0.2920481343528447,0.004717485492749843,0.0011331495947992645,6.0869328197028165e-05,-0.029012359980911784,0.00010521722032863569,0.0001561259364160919,0.0013774175656853693,-0.0028231910436364873,0.11059050199171426,0.020950439217334568,0.03406942849445339,0.06499086625157609,-0.013040127760442478,0.12267128739007042,-0.01215906727331553,-0.0038274465005362084,0.003852808872431698,-0.014717089649936578,-0.06970025300878756,-0.02658947586681498,0.002657375461922331,0.05833865751424135,-0.010455584027113283,0.04199398347149718,0.01893583414787867,0.24383726187556698,0.005800315823393332,-0.130686935559638,0.029817650479758755,-0.00558255524038206,0.06538039848634215,-8.07429787297004e-14,-0.15518089645140487,0.05727703148347444,0.025592938477128516,-0.1802492935191058,-0.008649137636778746,-0.09738002978115438,-0.07075859703498937,0.008100007848546144
30,-0.00667528277214773,-0.006311408350302331,0.007048912337985921,1.8517222202633234e-16,-2.6216394410859574e-16,3.4488002739242564e-17,6.824046063413523e-15,-1.6930333296421297e-13,-0.4141293551626717,-1.735706938964867e-14,7.22545274135762e-13,-0.46096596110978655,0.0002415436404406409,1.8088811519603868e-08,-7.260432441536458e-10,2.103035024282867e-09,-1.8523654545068932e-13,3.567281933115885e-10,-5.406154351837064e-11,-2.639254737506915e-05,0.5270159243823954,0.012278415848673776,4.674035499308939e-11,-3.8278306867626576e-07,0.009270671053982297,0.0003293120949644729,-4.6024193250137574e-10,3.0230555616744114e-09,-0.006219245639737793,3.1462322024794776e-08,-4.2439429941685916e-08,-1.7422262083901243e-06,-9.86326125810968e-09,-1.0409061615459955e-09,-1.0406544109371755e-10,-6.625959817059786e-11,0.002155184242546844,1.1623406060472115e-09,-1.673206070503787e-09,9.875764660082924e-06,9.979691950224021e-09,5.8854660895495415e-09,2.6082658752542877e-05,6.614957552857401e-05,-0.0018811442535272911,-0.01540951095620051,0.00020087758500254147,-6.753939045160273e-06,-0.0001107969936811623,0.18125832610406992,-0.00030689393783782897,5.6063273122544677e-05,0.0014032553417998351,-0.23957981195025702,0.02999508747545489,0.003289572791646248,-6.410017340570754e-05,-9.404194078043218e-06,0.0044012014468970476,0.00020187881332078895,0.00012590325235695368,0.0005447489826023717,-0.0018775520958821896,0.11086683009424685,0.018393509980131405,0.019294595393316787,-0.0015483973375780447,0.0034892289549456504,-0.10395254235664664,-0.004126867768106082,0.0054289815579273955,0.1606173654757718,-0.030137511678103548,-0.1393970304335392,0.08010330755099458,-0.002064745910714835,0.015754717623467987,-0.20420868920178634,0.0283524571420128,0.15163635244681098,-0.06783683330217483,0.047222279867639196,0.07575962361114383,-0.02857072519290223,0.01646432314416341,-0.0785223975077893,-2.3054306699067345e-12,-0.005675698870867933,-0.020077506824080674,-0.02891718873634357,-0.01572604094404736,-0.013358162835330652,-0.13502736847869498,-0.048747787222510434,0.24922308490359535
31,-0.007864035135782795,-0.0011088401158919486,-0.008426200475460083,2.0268481142788416e-16,-1.2935054918489162e-16,2.9265678174793127e-16,7.968311452502933e-15,-1.966668057089111e-13,-0.5135304312485482,-3.1101602550708496e-14,1.147532926907139e-12,-0.22193370560834977,-3.949598823583395e-05,1.6286606694136204e-08,-1.98489532939322e-09,2.8575274273938944e-09,-7.832994817926023e-13,-1.010806511356861e-10,4.4448732644789275e-11,-0.0002891674985995985,-0.5887065668782947,-0.030533395374015584,2.4930372138083274e-10,-4.5895098377777586e-07,-0.00417965302257413,-0.0003389609196333655,4.5522366163422033e-10,-1.2403524295702758e-09,0.0072150673918991316,-1.2283251107303413e-08,2.23832307560407e-08,-1.1332272096602104e-06,-1.3257130956868541e-08,-1.810631000728615e-09,9.931008562205848e-11,6.098605924988052e-11,-0.036401064163986106,1.3457557993988554e-09,-3.762377147513799e-09,7.631892150721585e-06,2.705964980723165e-09,4.463241021337225e-09,2.307866826494108e-05,5.625904208274365e-05,-0.001767418642211598,-0.009747227178070457,0.00011081971464293638,-3.3782956167356978e-06,-0.00027394322075933265,0.20007742614988078,-0.0004645736976646737,5.576471408290631e-05,0.001026061783727861,0.19795747906858166,0.10694707617669784,0.004299649081897589,-0.0002095240756868193,-4.180241020214325e-06,0.00846856112486883,-3.440613143049826e-05,0.00013350056357940352,0.000966388760999882,-0.0025281937020846007,0.14514891402902833,0.017689046873578248,0.035366266300724196,0.040799050647537666,-0.004634467080832304,-0.10265299778045277,0.0011318889891984301,0.0025811963444681554,-0.045891033553082446,-0.008941127376413874,-0.03365012121922241,-0.05383550463421516,-0.001204919890259209,-0.052944701549425,0.08591880383981858,-0.0900274815562205,-0.30948433851952384,-0.06389806219744912,-0.04984102301400638,0.08847913479757662,-0.059438861321120175,-0.1476987790694848,-0.09559649033427077,-1.0055686192575114e-12,-0.10270034373837357,-0.01008436299320201,-0.04800431892466634,-0.13267221838927168,-0.016032576742630016,-0.02195072172347249,-0.014270060716279242,0.1077504804539722
32,2.5824853743149043e-06,-4.735927481368118e-06,-1.7977994852576826e-06,5.219016065987931e-16,1.4173600160365274e-15,8.027966937808684e-16,-2.2372779600200488e-13,4.99920122310002e-12,0.012999009577164603,8.23396443364735e-13,-1.999549456289944e-11,-0.015546726077845758,-0.003429570156936273,6.035101119322622e-08,-1.9281270629965034e-10,2.7284951047397085e-10,-1.34893698535661e-11,-5.9634057857264e-09,1.4957519910418033e-09,0.00552617652318308,0.009681354747459249,-0.27706876553552284,-4.707301172438095e-09,-1.093663081428642e-08,-0.5845071898430036,-0.0006876095704220191,1.9663649465254483e-09,-2.936421061434041e-07,-0.30154491189455124,-2.9459494789441573e-06,2.964046197484725e-06,2.2638165458695188e-08,5.824020212672001e-07,1.5144631335333862e-07,-4.523006769372249e-09,-6.635114851992873e-09,0.002597395002146192,-5.545069559253975e-09,7.216682927474741e-08,-3.189508705263208e-07,-5.673999821980546e-07,-7.98993901177407e-09,-1.0864633360119227e-06,-3.2123969017826098e-06,0.00010778647337656728,-0.0009615673290303111,0.00019602872131359037,-1.0278132961507947e-05,0.0016563458795171566,-0.01689219920659448,0.0009959378945057188,-0.0017963483503164418,0.0011587522174792868,-0.010194302533843708,0.030041889313039076,-0.0014463710978125958,0.0003292779272890715,8.001469458297067e-05,-0.002182284222864811,-0.0026415624509441606,-0.0019318248867081572,-0.00975971668546798,0.013350933972754206,-0.22394115270296458,0.08430611019049794,-0.08859930053633043,-0.2911421436263995,0.05272912747282047,-0.4197627549000544,0.007089756346845991,0.010332253975385192,-0.039887224191364576,0.01625276681292398,0.07789084323523543,-0.015189584112746212,-0.00747919206024564,0.11590795926249281,0.02481439618166902,0.017027032373873693,0.0129741942663945,0.25783950748543066,0.014203326417818964,0.04617137301763496,-0.10576226003603036,0.03503808728041423,0.03758847679421771,-1.739481128497418e-13,-0.07249906839681645,0.07027863792962129,0.010150775575201778,-0.16631088785374937,-0.008066373985381941,-0.0854508568045257,0.09219250008842811,0.017819043483804833
33,3.2679281423126097e-06,3.0899786828730598e-06,-3.4563781350367558e-06,6.884232381788933e-16,-7.8199721761449645e-16,1.5975395299431926e-15,-2.945113016543699e-13,6.617884603703634e-12,0.013947478786797574,-1.4497994549769606e-13,2.433897115093379e-12,0.016792374409092172,-0.005099960218220867,1.126086605839264e-07,-4.331393320807149e-10,5.673449879889213e-10,-1.896046112200733e-11,-8.829268544369097e-09,2.2124297584004773e-09,-0.006782012625204962,0.0005484118535481972,-0.5170507934617419,6.238257473878706e-09,-8.102317637658495e-09,0.44728947846410827,0.007188164234148959,-1.0464523278936666e-08,1.1142745343510446e-07,-0.396731353920882,1.1802448215378973e-06,-1.985864081704632e-06,7.766681986331186e-08,4.842391729813627e-07,7.201258327021965e-08,-7.047935528385277e-09,-1.4741925528198242e-09,0.0011674442775142524,-4.328093937654212e-08,-3.1812792166222356e-08,-2.8608895025152898e-06,3.795301954479078e-07,-1.6579236452324722e-07,7.966525574082556e-06,5.988382532052071e-06,-7.18268817781075e-05,0.25343009477817713,-0.003294969160091839,0.00011059771141684655,-6.914742936046947e-05,-0.011381914855214434,0.0005077758843078195,-8.58013647061692e-05,0.0006994531891195035,0.008889012105377361,-0.0038508650061068466,-0.0006352943094588461,0.0015431742906063036,9.97535552869507e-05,-0.0010373915484686639,-0.0007682461385340229,-0.0015739596499087835,0.00017842026212286637,0.004252246127423319,-0.13492485613461597,0.09993393988972772,0.016232434666117943,0.0049657121111976454,-0.016298541607195356,0.15379887778423526,-0.005813444986157007,-0.009454376890475109,-0.20551733889036594,0.03319615707104257,0.15229655889334626,-0.1191679859216039,0.003662388693507728,-0.0320919406528349,-0.04898441360503759,-0.21828695054093802,0.1304038692746908,-0.060309906233204515,0.09914881344839013,0.018300318254030536,-0.0436717654752098,0.05437359326756749,-0.06162895155596808,-2.1645793162102214e-12,-0.12325953439429368,-0.05115755642708766,-0.06751351257345133,-0.034006733624374244,-0.009019773380269255,-0.08962965905810841,0.001112562185087317,0.23376619520580666
34,3.843849835403562e-06,5.372650191087984e-07,4.112155219752981e-06,7.565529808796845e-16,-1.0981758783629421e-16,-1.527722417383691e-15,-3.304995622962987e-13,7.407504579703583e-12,0.0157058274605694,2.403806833564983e-13,-6.672365451178703e-12,0.007498257379611884,-0.005221842655002406,9.786623235161361e-08,-3.1482939340655e-10,4.417414851310873e-10,-1.8638694555965252e-11,-9.02269239324567e-09,2.2716285915127624e-09,-0.0020531157394313867,0.037047493332329484,-0.4482982999842983,2.0736979384173056e-09,-4.360617724273967e-09,-0.0686807128787803,-0.0069564411697251435,8.485654834510501e-09,-1.1441276277523254e-07,0.5455197781112889,-1.7818076414055032e-06,2.4994323632765642e-06,8.532591523669934e-08,6.871477856825039e-07,8.814721060294587e-08,1.0919164713884883e-08,7.3446708050847296e-09,0.0030660088444299234,-6.538724026410102e-08,1.9099594132084713e-07,-1.5250176486746982e-06,-1.264587859368401e-06,-7.74020432061146e-08,5.866221656182947e-07,-3.598055495238998e-06,0.00016298428175618305,0.08258482517111032,-0.0007441230435003754,1.8396341367086184e-05,0.001159292582116919,-0.0362618893575003,0.0015823961971127643,0.00034372337629576857,0.002342039896171064,-0.019762000323361163,-0.01051745007925347,-0.001687511775454962,0.002345253230922353,0.00018373165579799367,-0.0030591140719109498,-0.004034744697378689,-0.002092965598365589,-0.0045932848258961306,0.007452125293654142,-0.3066691104446103,0.15586935719271697,-0.05549143693778342,-0.2043607689534282,0.01993318450413854,0.28391420992616107,-0.027950497955335718,-0.0027931098797216356,0.23285337590171315,-0.026482273134818896,-0.13688752971743465,0.1347951648667908,0.002806600694621547,-0.0762813140194515,-0.028579232632387486,0.04572855544708051,-0.28764681258982827,-0.055152298258398576,-0.08741846529290558,-0.007816982886429444,0.019588398440281207,-0.008545766876802035,-0.06320648033689837,-1.052817113680446e-12,-0.012709145231060892,-0.011798374364094472,0.12885866058085596,-0.10080360630791514,-0.012006175079707351,-0.04436732218977205,0.028961893243903535,0.11267782343077164
35,-1.7903740953052593e-09,6.739063859548219e-09,5.122116443180948e-09,7.55440533647853e-19,1.1356426960642253e-18,-3.0804777104397935e-18,1.2427113654813297e-18,-4.9978356855102544e-17,-0.0003192364049190285,3.5734706989578244e-17,7.070650860924677e-16,0.0008006490903242412,-9.813954339051056e-07,2.981699809086208e-11,-2.9741572490955175e-12,5.516319380915077e-12,-2.249997289760511e-15,-1.6009665043005546e-12,3.476551787186428e-13,7.94954693713018e-07,0.0006085320801022782,1.8293009863194516e-05,-6.888813680471084e-13,-3.470982292004435e-09,-4.097307578641403e-05,4.5892460373800483e-07,-5.01050640769963e-13,-1.611756785316406e-11,-6.115778865559555e-05,-7.995458591241321e-11,-5.20739754550766e-12,-3.997675996700935e-08,-3.713848144346211e-10,-2.4612948041192624e-11,-1.2492799835875317e-12,-8.550956378743946e-13,-0.028429989587473156,5.899286511531529e-11,-4.897376370276613e-10,-6.913148762755575e-07,-1.929318637186883e-08,-2.341936904629607e-10,-1.4338604960613646e-06,-4.331458918752012e-06,0.00013086965416644872,0.00023556724527288425,-1.5694666960623428e-06,2.109008165799489e-08,3.6095633356104514e-05,-0.01433840800095264,3.658918487993792e-05,-4.117871571755576e-05,-7.309401272590177e-05,-0.009969961625357298,0.09052125855617256,-0.015358810997326394,-0.00033093132394484466,-1.8457898714044864e-05,-0.7559770834215894,-5.7041237183356334e-05,-0.0002478638811456552,0.00025187795843202224,-0.00026218418634130534,0.0031795086279781766,-0.0004448237009152519,-0.0016536351790177345,-0.00401671399201309,0.0008867589185999897,-0.019135676612004538,0.0020917069423751745,0.0008199224083990711,-0.001952522610830262,0.005602024239030934,0.02776552093937529,0.015257699119245112,-0.000496638966118746,0.04319942509271501,-0.00818427964663442,-0.03383368810526464,0.00831496148673525,0.1117942424901954,0.003395039458360728,-0.18903611914253957,-0.06586741636614496,-0.16759797016397326,0.033968082347016905,-3.634430576770779e-14,0.15808845392769624,-0.5169916153776867,0.0669049256576769,-0.09081212796626469,-0.004755317645541951,-0.049211473126459626,-0.1583917273556497,0.003638154256529249
36,6.869137685610151e-13,-3.703731677432275e-12,-3.985609977371953e-12,2.0727649324336756e-18,-2.5975968780455486e-18,-4.731759604365272e-18,-6.40392939327837e-18,8.240021850603686e-18,5.001133128507055e-06,-1.3835494990496764e-16,-1.0930003774613226e-17,-1.6821950584536406e-05,1.9977426384719596e-08,-9.44430556412122e-13,1.0144562643073236e-13,-1.9293000084804503e-13,2.4509477464031244e-17,3.2572893638133205e-14,-6.805356119311168e-15,-2.3395835348621695e-08,-1.9776752388245082e-05,-5.775341847215378e-07,2.008128237777471e-14,1.8943542529722614e-10,1.8645413191587469e-06,-1.9361484061306997e-08,2.0812958864687603e-14,7.91836738870776e-13,3.9260852320702345e-06,4.34759883440091e-12,2.957099320068765e-13,5.383302704719061e-09,3.0188699555349075e-11,1.7650011352778002e-12,8.53719752890635e-14,5.792393032268981e-14,0.003265813403624102,-5.623318055306925e-12,5.0592709730606685e-11,1.311686865089914e-07,2.281812920794372e-09,3.310174938032783e-11,3.0990434029277965e-07,1.0293855164327066e-06,-3.401064623365179e-05,-4.794450062820968e-05,3.2764392326924766e-07,-4.471027773847682e-09,-1.254057404156231e-05,0.005982565082134801,-1.3350022860065823e-05,1.563244769953941e-05,3.221518090388045e-05,0.004937676620671306,-0.05007181715182267,0.012458238983359647,0.00017875678065134957,1.0122398152152843e-05,0.6436573417763488,3.755660041857289e-05,0.00019223876013887303,-0.00044992858934936883,0.0008035859310672957,-0.030823833250070515,-0.006159091104789684,-0.010533945436381423,-0.020668006585739255,0.004204342300697848,-0.048887307788545706,0.005037001141554687,0.0017501864613833535,-0.0030157677908459785,0.009406986118059017,0.04594377074461735,0.02286529749197496,-0.0011404672138019291,0.04210487898366276,-0.008060333437015663,-0.047423157091678964,0.00710496615720008,0.09683113664175141,0.0031444608722855927,-0.20240299876445145,-0.08286610211982126,-0.1969847766304733,0.030508932614623483,-3.226224078314551e-14,0.21391796208608477,-0.6200779276625294,0.0748490218574813,-0.08087213230443303,-0.004335772225445755,-0.04386255431862604,-0.17559213449463243,0.0031311286646343085
37,-5.693007002286078e-09,-7.715276673247828e-09,1.2228149827171338e-08,-7.345325460573186e-18,-2.526679238062355e-17,-3.4262032224179486e-17,1.3251881570361141e-14,-3.0750086261596967e-13,-0.0010465441753980216,9.95190329522261e-15,-1.652239785267947e-13,-0.0017229207731083121,0.000505757867638526,-1.8125382683621946e-08,7.577964787065867e-11,-1.0211757418466103e-10,1.80502586048465e-12,8.733164304414524e-10,-2.1699908733203358e-10,0.001005699689937303,-9.085612243892544e-05,0.08292105229671917,-9.150176233925479e-10,2.461873204082961e-09,-0.10918828734612541,-0.0016053678059462675,2.313451541906121e-09,-2.981908362185899e-08,0.14772126541418001,-3.570008758819544e-07,6.339341735314164e-07,-8.744949395114973e-08,-2.4662944447947954e-07,-3.095935598964577e-08,2.8483644442161696e-09,5.864597521964765e-10,-0.0009976089853716197,2.767408725398699e-08,2.2966737265966054e-08,6.93106842395847e-06,-3.403607260797058e-07,2.0450526781084998e-07,-2.9415810644275253e-05,-3.356137237386681e-05,0.0007250661542817688,-0.7587380391063546,0.010737946190069568,-0.0003804119471858731,-0.0006025583863095384,-0.05151056695519215,0.0034997447442289484,-0.0005089291185096932,0.002807485022968903,0.02921911900934145,-0.01097666645835914,-0.0013301105152799717,0.00452228589609984,0.0002871653048945085,-0.00211502597398261,-0.0018531650435799653,-0.003383703776251896,0.0002849985533606796,0.006275983976884363,-0.18565635572293593,0.13056106227176592,0.02070171502549971,0.006267068550521179,-0.020475445580795365,0.184011580633982,-0.006911971085642018,-0.011086239304050002,-0.23033139016643203,0.037687859649138816,0.17252254210436763,-0.13290430084571309,0.0043315019824254975,-0.03288954115993954,-0.05032261773844741,-0.24071600366913412,0.12942383515022574,-0.06006403200183445,0.10039473725486273,0.019153554959919182,-0.0472239826986963,0.05802214329662603,-0.06193741294973159,-2.1516792779186005e-12,-0.13508444245808107,-0.05481040092074599,-0.07132127456271659,-0.034104920035224764,-0.009098427840849826,-0.08990758691564511,0.001173075699649327,0.2324352647750736
38,-1.5327378885512814e-08,2.8128880905827755e-08,1.0738298437612955e-08,-8.755561419620965e-14,-2.296168078113724e-13,-1.229102804012862e-13,1.2902238050365758e-12,-2.786402773194893e-11,-0.0038540359794428155,-4.3231509104854335e-12,9.989621410076197e-11,0.0038024941252532084,0.007481568361736955,-5.9518494807027657e-08,2.2762119655615652e-10,-3.3447928237284577e-10,3.270536364264782e-11,1.3098221070509398e-08,-3.311640862078055e-09,-0.013008267843499734,-0.012596270904842641,0.2713709830938698,1.1437491201572966e-08,3.1007141499435987e-08,0.5732201643612432,-0.0022363915614354796,1.3857608955594443e-09,2.151516078658465e-07,0.29529759295951474,1.45492502395296e-06,-1.0422045989470162e-06,2.2008463465894177e-08,7.764458529335264e-08,-2.1504409168155383e-08,4.656699429233248e-09,4.548800146754774e-09,0.01379977137729585,-1.356177034258379e-08,4.345208895046522e-08,-5.579809103879028e-07,-3.223042211149365e-07,-1.3879675635879105e-08,-1.072267802532909e-06,-3.91902140639132e-06,0.00013262015233033402,0.008582391132236468,2.4336960102871567e-05,-3.5923199209646203e-06,0.0012734107638433464,-0.0191142713444822,0.0008412244221992481,-0.0013076672725713344,0.0010105879166760331,-0.01139097044798816,0.04006663843976509,-0.0016490584259227898,0.00032643653142756156,7.08671250425496e-05,-0.0024435347776413834,-0.0024036859284449165,-0.0017543573805544354,-0.00923734003759218,0.012995597998452148,-0.23083770775551513,0.08411301968512534,-0.09109015383837332,-0.2970726014368713,0.05367946530521709,-0.4292492551186328,0.007744355169810221,0.010767284390774136,-0.03930054968978709,0.017617834751118555,0.08435658702194437,-0.012305605174738868,-0.007749986743310795,0.11869112781547504,0.02722032201263137,0.014571681367909978,0.012351807307661663,0.2576396087812599,0.014586448425275263,0.0591450550484207,-0.11311758171414014,0.03674747698384739,0.034875641152540236,-1.809880249964919e-13,-0.06252539661104953,0.067477956034017,0.009447414868197548,-0.1639888791707525,-0.007959360197640073,-0.08384918606227075,0.10286551799487763,0.018609637691352213
39,-1.9396570487513482e-08,-1.832875462873874e-08,2.05690949625515e-08,-1.1094080198317313e-13,1.501695738941589e-13,-2.380068949380429e-13,1.6103635318027281e-12,-3.477623871524604e-11,-0.004361300398257182,1.3168780431549896e-12,-2.6634835682194568e-11,-0.005612512329081093,0.009728128056389456,-9.265098982263258e-08,3.885978600618877e-10,-5.459651282770389e-10,3.993970881831073e-11,1.6945690107777288e-08,-4.294128161541341e-09,0.010518852794833182,-0.010892471092332644,0.4226076651112903,-9.685048894881588e-09,3.110646634853979e-08,-0.32726125288589475,-0.01072251722471378,1.4730355080741455e-08,-1.2060600249464286e-07,0.23690936068421795,-1.2806872206249143e-06,1.6580877123633822e-06,2.562907233921596e-07,4.721165538985301e-07,5.4709328409034985e-08,3.729665723180707e-09,3.105723525009464e-09,0.001774252428216272,-5.062203866672544e-08,3.342366516355495e-08,-6.744644631162223e-06,3.054678438475648e-08,-2.2913172247684293e-07,1.870210828708899e-05,1.4952409776760135e-05,-0.00021938663194305373,0.5896929334367421,-0.008036217065768864,0.00027828461100168854,0.00033082137866709434,-0.009080747704249817,-0.0007750119581114108,0.00015971668737467068,-0.00030279270009748175,0.015760600209537512,-0.003242316322640827,-0.0006159154465432725,9.803139382903625e-05,1.1925569749196329e-05,-0.0009727772150920318,-0.00047133049732777673,-0.0006796522731232836,-0.00015247620203117604,0.003561735178462832,-0.12724909315444602,0.08745875134090518,0.010849251659828286,-0.0011723388896761535,-0.01405442395517215,0.15666858483571577,-0.005653652704628361,-0.009392597211323938,-0.2113401492341488,0.034224286858715015,0.15718989131425426,-0.12207333912405653,0.0036441340335941676,-0.03566176343584072,-0.03518369466826814,-0.21902026914581277,0.1295191871850193,-0.05996313182063765,0.10211001536162889,0.012782172357724546,-0.04167264534619915,0.05428537100611997,-0.06009686155090159,-2.164455616676545e-12,-0.12306408226194122,-0.050703163121360625,-0.06638529035460392,-0.035586051155882426,-0.008622888113790752,-0.08574298618450382,0.005385231440855264,0.23379979975301188
40,-2.2834302918800714e-08,-3.171478532762511e-09,-2.4330771623743926e-08,-1.3062843004503852e-13,2.6311085442580425e-14,2.836616185946227e-13,1.900511642144159e-12,-4.10406114210456e-11,-0.005104857650762253,-7.34297406235978e-13,2.0118012191324827e-11,-0.0030840505210415715,0.011265759115682663,-9.640725311506474e-08,3.7961824312333256e-10,-5.491102612117301e-10,4.0297731602851e-11,1.9479251468286207e-08,-4.978325334426354e-09,0.0027712344408697557,-0.02478284812865663,0.4392977557601197,-2.80826921891736e-09,3.476774228448828e-08,0.06827593801793837,0.013526002553309546,-1.7165018900343792e-08,6.25093876551408e-08,-0.5363365585758166,1.0227908698957846e-06,-1.7581660453852288e-06,1.1267325317928421e-07,3.9699052887373137e-08,1.8956798623661228e-08,-8.67507765724974e-09,-6.130719088725119e-09,0.0037590361285875593,-2.7223661388853654e-10,9.250406729327708e-09,-5.887956518955651e-07,-2.2751787416244433e-07,-1.1951168375787952e-08,-5.200306239323288e-06,-1.102436973453497e-05,0.00034046477702519106,-0.0467431567886652,0.0008963918188482358,-3.629975237059525e-05,0.0008456208718629321,-0.04995139699200268,0.0016316330900009504,5.153464684774554e-05,0.0020426111992864543,-0.028494579093943432,-0.016659220774498537,-0.001961976776975879,0.0023660735582985287,0.00018000948461062576,-0.0035766166457675695,-0.0035874894543039184,-0.0021772116659724045,-0.004522502673345352,0.00792825054342695,-0.32033473900616466,0.15831947886972925,-0.0578262657062252,-0.20897304381049756,0.019957631067362838,0.29418281513910244,-0.02833889197852077,-0.003285644767378773,0.23688722530662323,-0.025116853995092257,-0.13176871543053395,0.13986824474130163,0.002982113204730035,-0.07683585364862516,-0.03775753628413698,0.049480235028539085,-0.28572689424968023,-0.054010121661740004,-0.08927439786795656,-0.015124933834994372,0.023723171147922995,0.004285762500376529,-0.06009653150065731,-1.0496660056316742e-12,-0.008162699348769509,-0.011965394330896299,0.1387686789251657,-0.09777721170434185,-0.011599836943004146,-0.04608268492436659,0.032181344459002365,0.11242496752537758
41,3.753244681545828e-12,-6.893224572891008e-12,-2.660963198180782e-12,3.5614926497204526e-10,9.335675214633874e-10,4.995635317730021e-10,-1.778612143150061e-10,3.6970131247278555e-09,9.623046299883861e-05,5.532914511742588e-10,-1.2172255987089175e-08,-0.00044229053194628235,-0.3198779682393824,5.676437341329578e-11,-4.645882999414157e-13,1.7584269257699352e-13,-1.7326650821674241e-09,-5.687220634192118e-07,1.449576563151857e-07,0.5910610730890798,-0.0002977805143011728,-0.0003549396660795817,-5.378541099650845e-07,-1.2417848142954442e-10,0.003140812389923926,0.2275588157268054,-2.7426686869561273e-07,2.906983091806259e-06,0.0022507513235237708,5.399810707378443e-05,-6.927251148175633e-05,-1.5429353023808756e-09,-1.430490677644464e-05,-3.387243592618161e-06,6.274113030790079e-09,7.363683503052286e-08,-0.00023960047524366993,1.416766960613182e-07,-1.6591297982596423e-06,3.7394859211615594e-08,1.1590570533426183e-05,5.7028270775748216e-08,3.659725192211848e-08,2.1851281553697274e-07,-8.610702648277978e-06,-0.0013619101499664406,-0.0021284967847778357,0.00011253074608421631,-0.018042716860676985,0.0020757954953176346,-0.007499585094029298,0.021732450443489763,-0.007311609850649167,0.0012659738899980435,-0.0029484381582565947,0.000224402319934837,0.0011318314530968084,-0.00039261251663812044,0.0003649668479349415,0.013636782691848738,0.0098785108553378,0.03579012406118553,-0.0340158069608106,0.08320100132825599,-0.052441963090937294,0.03004922661648099,0.12116705984353264,-0.030548494456240485,0.193166219631606,0.0011489983604282556,0.003293493030838093,0.07642834488590383,0.021508305707403315,0.10051512210051657,0.10309759200451225,-0.0005393505903980457,0.13976212084316325,0.07287044340067886,-0.050202532538154127,-0.005248063399636544,0.23564424808739085,0.016437562378552623,0.3405191925369256,-0.19072499459533543,0.05186092534549803,-0.03843052049900065,-3.6126204085229527e-13,0.2402362433397129,-0.054726986369403374,0.0036996613730744345,-0.08826539252667004,-0.004278849678015979,-0.03477334901125687,0.3023874395325334,0.03818883861236173
42,4.750026710512543e-12,4.483143192227367e-12,-5.065309997867584e-12,4.509250527584426e-10,-6.110972098942343e-10,9.672430728523292e-10,-2.201609103505323e-10,4.572964910915804e-09,0.00011646477663496652,-2.314025142771642e-10,4.780243857192506e-09,-0.00034973633872317154,-0.41027139792462103,-1.0209401772476642e-09,2.4380887695966033e-12,-2.696538092280495e-12,-2.0672900411585446e-09,-7.242153294209089e-07,1.8532374104729222e-07,-0.38443789610774615,-0.00015619854220071442,0.004793730863185624,3.550678642135276e-07,-2.0134788857044138e-10,-0.006034537895892801,0.4214780505965669,-5.501997720296533e-07,1.350890229170443e-06,0.004256959613849316,1.2396628903801765e-05,-6.691411954941138e-06,-6.48824636106773e-09,-1.4668487241618365e-05,-2.1468604287724222e-06,3.115913580571448e-08,-7.12400461639134e-08,-8.066046884903783e-05,1.1808311656211308e-06,8.214942425575669e-07,2.2995486949311063e-07,-1.0664160381478766e-05,2.6850687856022054e-06,-6.336249577417524e-07,-4.488244684050438e-07,4.006274601862292e-06,-0.020427622945862582,-0.004939706216822191,0.0002851717233482967,0.009196644446197454,0.0021764810522039543,-0.020323726108858093,0.004815583515626469,-0.017355674197675586,-0.000454530238265445,0.0004653924057565581,0.0001748233899814368,-0.030855308119108,-0.001840069341314693,0.00031809372497212924,0.003162207802264412,0.02142114961530073,-0.012959928056845043,-0.01796377638365448,0.17049680962472502,-0.3293245024179225,-0.18769090149677597,-0.2895548846270854,0.08680084073305223,0.08744747008983904,-0.00626394640794651,0.006734700535714803,0.010020344205850809,0.0002061361078871638,0.0025626253457428807,0.010363022030085213,-0.0018491788739726572,-0.11681345596555197,0.31111501946392883,0.03007174325033632,0.09753776735409103,-0.047214132181401046,0.13989280077332086,-0.13204965882717884,0.05304017954227065,0.008735353981399628,-0.014414688171056402,-2.028434856249082e-12,0.012667814117879558,0.0009393388354275107,0.03642440614731768,-0.07235648881669746,0.002300261896254802,0.021360485346620876,0.11186763543312858,0.219118338514621
43,5.594170025134719e-12,7.70284192942882e-13,5.918742792751247e-12,5.311700151096889e-10,-1.0751774228475187e-10,-1.1551933723401013e-09,-2.599824087292289e-10,5.400753036951825e-09,0.00013756763299653678,3.849518897120945e-11,-1.102355072071735e-09,-0.0004813672698596417,-0.47967501947995445,-9.311946130910504e-10,2.901527392795025e-12,-3.50403208241412e-12,-1.5213000527133238e-09,-8.253774416465021e-07,2.1685616394872394e-07,-0.06041217584814416,2.6130322978528842e-05,0.004324292265464027,6.038705430140547e-08,-2.707095045248184e-10,0.0028946813154526346,-0.5192756767460344,6.81969288568109e-07,1.2698693222309495e-06,-0.003946907835202278,1.520660559992131e-05,-1.1453206678623687e-05,-4.61015895146658e-09,-1.221454502547185e-05,-1.9388582211163664e-06,-7.779836648214347e-08,-2.894519359270457e-08,-0.0001459629631961212,1.1191795529892455e-06,-4.208879607410111e-06,1.0239848586521713e-07,2.9256266438070414e-05,4.7574356210850963e-07,-5.659206893329063e-08,2.468212106423701e-07,-1.2350741137536555e-05,-0.0060547849053688655,-0.005185957567539081,0.0002753926269039277,-0.012076093891721203,0.0038723900450522773,-0.013547147172246877,-0.009253901553829188,-0.021763281517282504,0.0019052904582393762,0.0006203419082642548,0.00026441543644708035,-0.014109432130637697,-0.001122383437980344,0.00048312874644459525,0.027424997197099347,0.005971900937200692,0.009494463788687495,0.0022053463241418583,0.11990064685236028,-0.10743980163173708,-0.0009120740563650896,0.06084308400582485,-0.014350628492500721,-0.08862167313209789,0.015335323505935026,-0.010861317712815446,-0.06630001022402646,0.06295998563319836,0.2652588939292055,0.038413429283933626,0.0011771053154793808,-0.05605396246547892,-0.24751496241228205,0.014258177105411645,-0.22487307196045475,-0.02029073978478626,-0.10227599678380632,-0.17499373987835656,0.0713902383680011,0.33093569466425105,0.024240802025099078,-9.733877539913176e-13,0.06127978615572978,-0.008078507613204968,0.2676682863158606,-0.014603991793758361,1.9022925833473217e-06,-0.08680482904485586,0.10144808189972031,0.10441321687406521
44,-3.61228615388812e-14,6.640322705754697e-14,2.6195060123698503e-14,-3.6707186534049825e-08,-9.623556109998603e-08,-5.1502383485979965e-08,5.776721786154623e-10,-1.1533096069346016e-08,-5.922478529670249e-05,-1.6987003879150526e-09,3.5617343869527714e-08,0.0004117699452594413,0.3180253502728039,1.1392285367855122e-09,-4.515320302513388e-12,7.269805313694177e-12,2.464510147411897e-09,5.831377591825947e-07,-1.4735161963856848e-07,-0.5867140179503516,0.0005603019309985607,-0.005080947954519775,5.463628590155267e-07,-8.365658316689586e-10,-0.01472658975792924,-0.22555324953863548,2.9176552473684083e-07,-2.5384803831123436e-07,-0.008043501567874463,-9.570034219658066e-07,-7.67788295693198e-08,-1.8155845840451537e-09,-5.580309179960085e-06,-9.037423084738017e-07,-1.2524177741661622e-08,4.276796895499579e-09,-0.00047905518550287477,1.918784861150284e-07,-1.1802569292412315e-06,4.5881980572926336e-08,8.643220507562835e-06,7.246416137617705e-08,4.980254166276966e-08,2.7214148503001645e-07,-1.0436787421000668e-05,-0.0015282036049254128,-0.0017960275559020858,9.532024869031997e-05,-0.014958958550871685,0.002343488905100138,-0.006612865869702901,0.017315056718241482,-0.006887624721107723,0.0014255424833408768,-0.003532828263993497,0.0002483988683148134,0.000534784089012653,-0.00037257194798635286,0.00040011362716581327,0.012755741871212341,0.008958129544277176,0.03366531575983322,-0.032347876513649426,0.08673596189194013,-0.05371325185526772,0.03153525562139991,0.12600102533161245,-0.03125072446766451,0.20012922901906852,0.0010401762375047518,0.0029076507198411063,0.07694297665287538,0.02124166889498799,0.09910283695032698,0.10340416213339386,-0.00032579972570978674,0.13940418522565898,0.07330679080914135,-0.05059169360015255,-0.005417000849641484,0.23525572684231058,0.01641153689787942,0.34348622124533357,-0.1887683516777492,0.05204576246165808,-0.04024069883209964,-3.6398987044157064e-13,0.24262796022666253,-0.056892948290133485,0.003897623561103049,-0.08618277490258189,-0.004174541640657983,-0.03340736247154656,0.30341519388141036,0.038484646669856765
45,-4.5729825231474286e-14,-4.308484998356541e-14,4.935998513955998e-14,-4.647888955595181e-08,6.299321933505324e-08,-9.97072215372334e-08,7.064593358663984e-10,-1.4086917293215317e-08,-7.39075370174579e-05,8.459834895730848e-10,-1.7157534003077497e-08,0.00041204995057861506,0.41282155946629545,2.80977500678455e-09,-1.0360286481894025e-11,1.4184267171370802e-11,3.0541680376454866e-09,7.509531503787089e-07,-1.9011058267024554e-07,0.3885434149056035,0.0004348344222109098,-0.012926390070767757,-3.6294567430836963e-07,-8.510954585622465e-10,0.011783770572005269,-0.42921004189449635,5.7143076457303e-07,9.578356262146267e-08,-0.007142775698457364,3.1467027594019453e-06,-2.960227538649727e-06,-1.0471877073904523e-08,-5.900159515236587e-06,-7.387782820972818e-07,-1.937995898473768e-08,-1.2117215686826055e-08,-0.00010436141309505359,6.022769792776656e-07,-4.917344402661363e-07,3.288220343674803e-07,1.7913509707073935e-07,1.4823509741592301e-06,-9.080795498946206e-07,-6.711244700978544e-07,7.4001305779703744e-06,-0.0290367611954782,-0.0036063433877565154,0.0002113639172191715,0.00632247405319841,0.0022283980360673305,-0.01690281364329853,0.003208338610889604,-0.015448836180035272,-0.0006748457929157714,0.0005079823948078702,0.00018023045954078054,-0.02671060489481573,-0.0016100814036963773,0.00032489935485961903,0.00399895805029316,0.0190309008369604,-0.011651748001375363,-0.01681438256524281,0.16742566453660004,-0.31990539327319656,-0.1811989096164773,-0.27874319066417247,0.08407981686051923,0.0803723360838702,-0.005801926790149668,0.006732290466088398,0.01476571543291637,-8.776471502286852e-05,0.000936382031292805,0.013703981785861912,-0.001891999012820905,-0.11796786852792336,0.31648511062607776,0.03568379421010999,0.09689016014094423,-0.04686994162864217,0.13998857628169695,-0.13447495492912015,0.0546825594325949,0.008987496356306116,-0.013189858304396758,-2.023624901524069e-12,0.016159704186126223,0.0022021384280380466,0.039510487049887154,-0.07306523983378048,0.0025684290976926787,0.024019896429229345,0.11309152277264516,0.21854804172796455
46,-5.385435916272087e-14,-7.323452507937205e-15,-5.6189331084316696e-14,-5.474412947183485e-08,1.1075972597387908e-08,1.1912697086731619e-07,8.322537649842793e-10,-1.6596672438925023e-08,-8.638693288841345e-05,7.846713724649779e-12,2.9361522109697143e-10,0.0005162086429808152,0.4767709072215938,2.8344076795065284e-09,-1.1049371383074097e-11,1.5530002095990867e-11,5.256428177292435e-10,7.982863684892957e-07,-2.199074222367225e-07,0.059695560211034615,0.0004155410232479662,-0.012970617242852152,-5.8555094085065534e-08,-9.280208648718358e-10,-0.004586665611053842,0.5150586865587448,-6.798215007260645e-07,7.80661093217412e-07,0.015358405913452885,1.2663750975451997e-05,-1.4524392532848563e-05,-6.240592131786231e-09,-7.79584966067595e-06,-1.2803535825507832e-06,6.525545538458307e-09,-7.892132190970456e-09,-0.00019483679136429507,5.929122034390751e-07,-1.513327961239623e-06,1.0727373862497995e-07,1.190145290415184e-05,6.339764360254492e-07,3.314671239499911e-08,4.2167371227146316e-07,-1.7585561146536906e-05,-0.0049761920736168695,-0.004065906236211138,0.00021876109699585906,-0.009492331399385719,0.004596840278840439,-0.012330417874945853,-0.006124991453918921,-0.019023577545707528,0.002318936512443894,0.0008786074086290481,0.00029450949934684695,-0.01346380491330977,-0.0010547550424896226,0.0005379450686515745,0.02417267400192895,0.006428348137674001,0.009070011541210213,0.0008950217886326214,0.1264505451630287,-0.11367334123302347,-0.0023582150957408036,0.06036853048962772,-0.013237812377095625,-0.09166906530072677,0.01566941426892861,-0.010491277636397659,-0.07152169651866795,0.06311695027702427,0.26677884712010486,0.035160562732437395,0.001052191728290495,-0.055322870639163545,-0.25001124433052047,0.013026701260227213,-0.2236011557924117,-0.01975153526920776,-0.1019874385359921,-0.17681256593755726,0.07085126413175973,0.3331603854639475,0.026354010411851404,-9.710958180042926e-13,0.06231029243384815,-0.007929398206177688,0.2667917801104279,-0.012398848702715208,0.0003022122590771725,-0.08762866650123594,0.10251390682569955,0.10415126036815969
47,6.197160923080804e-20,-6.806350098220887e-19,-4.091220583756624e-19,0.32189451450535755,0.5889408120766427,0.2224966458377125,5.332979780173457e-06,-9.854585588799909e-05,-5.842040366128575e-09,-1.031877709370843e-05,0.0001983484553402079,7.085531630171838e-08,5.380443374856553e-05,5.722033337930481e-13,-2.6292864471809358e-15,4.162972503001312e-15,4.149787256166113e-06,9.135379214962749e-05,-1.0345647544842595e-05,-0.0001464033007695584,2.1690832019077347e-07,-2.561497590436832e-06,2.5322012987209374e-05,-4.4095079511423465e-13,-9.911389030219379e-06,-8.350083677298835e-05,2.0716676808553818e-05,0.0016331922700651002,-7.138978625451467e-06,0.028111971602272974,-0.03474027492488149,-3.311074239097836e-11,-0.004154920176041797,-0.0012334119133842404,2.8765146816702543e-06,3.2423100306572155e-05,-2.7093415114677345e-06,-1.7240385599365192e-06,-0.0002686798286087411,3.9024876814134815e-09,0.001423268622215036,-8.088874042250368e-06,1.9706359142360708e-08,1.4764545368882647e-08,-7.146685135788215e-07,-0.0009392798786519113,-0.06780869532550009,0.003426662537472324,-0.2806690455034094,-0.0006493341394219227,-0.06862454413179449,0.3396225051374873,-0.015732444252651957,-0.00026565937839375894,0.0005400749587783385,-2.786535672387366e-05,0.023860507078349153,-8.457046489830247e-05,-4.9409270467135844e-05,-0.003802847177542335,-0.008647387310773422,-0.13571650626130827,0.14112491979309094,-0.006122385823303785,0.010569215821396808,0.0007083676776654559,-0.005686815188199351,0.02859457974612227,-0.02602001598404054,-0.0009416410678218526,-0.0324048828935077,-0.09137671463999571,-0.023605762611747547,-0.12890379990779927,-0.09165894611609388,0.013649085792330184,0.0006949306101489638,0.01368618558257272,0.02859881570853146,-0.02193776245379076,0.17505123084523772,-0.0024918590671811113,0.1362657198191058,0.2949115718935978,0.07233219706145247,-0.17078656196537403,-5.827845732617556e-13,-0.03311102207688208,-0.1277106089457383,0.0714343850802858,0.11290305998022038,0.006710337903617765,0.08400033867268232,0.013569298016189247,0.06220283660549637
48,7.845056801663382e-20,4.455212203206879e-19,-7.594200918951987e-19,0.40749020486519294,-0.3853757966124685,0.4305427343369359,6.322112729556184e-06,-0.00011646013830278945,-7.3173519629697e-09,5.706972297869586e-06,-0.00010830788980704226,7.59545445071849e-08,6.925889658000556e-05,1.1184259819123e-12,-4.919002397845353e-15,7.147120980192797e-15,5.941097902792678e-06,0.00012605151063633618,-1.1015763136777966e-05,9.607785388681719e-05,1.8769691906080798e-07,-5.101631649065456e-06,-9.787205056199335e-06,-1.0211322505501795e-12,6.0702506561525446e-06,-0.00015713898169791816,1.294402613221479e-05,0.0006612125159868217,-3.800593620984699e-06,0.004654486312398892,-0.0011274095254030158,-1.0674554119236281e-10,-0.0040497330898330835,-0.0006944303268868302,1.3365732476534694e-05,-2.957984236327102e-05,-1.1397560733344693e-06,0.0002517662364963545,0.0003576763234892948,1.378186051926029e-08,-0.0029868292619512587,0.00033041012501641313,3.8991930272807e-08,-1.7173939790714596e-08,5.747525352987124e-07,-0.003409069832724503,-0.22027280990464232,0.012340911730527562,0.2469351529329661,0.00011479817225499699,-0.24232621132055934,0.11524163133742749,-0.07426715074269125,-3.6710104640307215e-05,-0.0004100626662213478,-1.6902413999488854e-05,-0.0969576590061905,-0.004758333875362841,-3.6414450730314306e-05,-0.025245117562252378,-0.014124134563151643,0.05146823635323437,0.05098717073010276,-0.023084404015045155,0.0474575880428417,0.026878267309635478,0.042951476220553245,0.036132239252983936,-0.011551457728769277,-0.0004919339402873321,0.06113447059547681,-0.14106938979779945,-0.020863282634545725,-0.16754805317563568,-0.02865487641583482,-0.016790355581259707,-0.0033281479921798847,0.05418424832891738,-0.008674566228507633,0.02827188298779593,-0.0049004942756874425,-0.02640383735528396,0.059952638095848276,-0.1729853896778904,0.11734949337883334,0.10441786946931964,-1.2172574152628797e-12,0.13374764291058303,0.07845732407159031,0.20270506708794317,-0.08012831280612803,0.022893068575957486,0.2187108082484273,-0.19341101672532976,0.13128920722780382
49,9.242221154122818e-20,7.845488110943332e-20,7.611920241319596e-19,0.4800647037114935,-0.06778205192581838,-0.5146443190996804,7.49655926036414e-06,-0.00013815755002293087,-8.59529842149231e-09,7.28971326021703e-07,-1.3248339898012952e-05,9.359038593341907e-08,8.069230866864704e-05,1.1810242648587598e-12,-5.291923257116971e-15,7.878964490850724e-15,-6.752984959624521e-06,-0.0001425913244169736,-1.3336202980427614e-05,1.5073145340819955e-05,2.0986443803841565e-07,-5.365902884186333e-06,2.846150668460801e-07,-1.095953177050483e-12,-2.6440704411063908e-06,0.0001886719152004003,-1.0989186724608761e-05,0.0009487401061581714,1.5682850943294527e-05,0.00932996832689585,-0.006700541920734902,-8.913440733889402e-11,-0.00306805243949446,-0.000612692057378304,-3.029729948839399e-05,-1.1413988410585125e-05,-1.8432709550889503e-06,0.000238299810175496,-0.0009385295256975939,1.1550486970644398e-08,0.005410500765853263,-1.1928824743647013e-05,5.994300720866631e-08,1.4260844068873946e-08,-5.146266988668708e-07,-0.003177461637249477,-0.23094296798735425,0.011504420936222129,-0.22474681599868943,0.0004729485669248327,-0.10723876969651461,-0.24094693474296047,-0.14993065506557107,-0.0003341616049834392,-0.0001452338633248872,-3.159157551384893e-05,-0.012638868895911527,-0.001343401723718298,-6.0453433747336346e-05,0.02605167006741351,-0.012989483051803892,-0.026646462513535626,-0.06087518304725864,-0.024492001175429802,0.03483095419689655,0.011874181857509639,0.010330745462216365,0.036849470817278816,-0.000986260178786806,-0.0030669237175821006,0.028196731669061104,-0.10312127476029943,-0.07364172435883906,-0.23157338456098644,-0.15347749093016122,-0.006218031998727428,0.006398520705352416,-0.044829467952648396,0.0060535354192761065,-0.1030757485674061,0.03156866113168139,0.020791327846976827,-0.13981062155362184,-0.04969201782520509,-0.02099538571582463,0.18564841821115982,-8.130952161583427e-13,0.13101336088527857,0.0047154483149481966,-0.13463020176230006,0.15757948532707672,0.025885450335642764,-0.1170804228915346,0.21850086875945054,0.08737941876429707
50,-6.14548615996624e-23,6.929600085077994e-22,4.169586821488413e-22,-0.0003298730018232167,-0.0006043106466875785,-0.00022870837075462936,-0.00044566241384963185,0.007977302834063008,3.032259151462043e-10,0.0008312421589585508,-0.015431979466344765,-5.319953625410731e-09,-3.993280825798651e-06,-1.0023989677178569e-13,5.191068244846724e-16,-8.764498176456636e-16,-0.00030413297708979843,-0.006382384324234836,0.00040992325188194333,1.3189618970384832e-05,-3.222115002047565e-08,4.4825623125428517e-07,-0.0009162990790024468,-1.0352375450293264e-11,3.2787658998090955e-06,1.2476431489162048e-05,-0.0005702629252111357,-0.030139770642260158,-1.8326241712771404e-06,-0.49237961683314097,0.5982420603149222,-3.1385163617039896e-13,0.0426333486597064,0.015417362212585987,-1.032762868696366e-06,9.324665181352305e-06,-1.2884458156043168e-07,0.0005292359101747344,0.0006183538707745743,-1.129250239248648e-09,-0.001890658424232232,3.2485421425227016e-05,-1.1189612749810999e-08,-2.610176902694e-09,4.7775854464603994e-08,0.0004445584038220681,0.03673472512525882,-0.0018880611265540176,0.08814140104713047,0.00039119628508826085,-0.015397641587229716,-0.07399225487569819,-0.0406498876218591,5.309613616200299e-05,0.00013567470004557925,-7.564088874656457e-05,0.08802507592349428,0.004069220417835542,-5.578560687395059e-05,0.06811114564688936,0.15888396526449652,0.34497637655123653,-0.29943196176681325,-0.022544206290644502,0.014553126270044361,-0.0023336397740855996,-0.0162161215209266,0.002984398962585166,-0.028257654321435437,-0.0007553483674555404,0.008239482584439567,-0.052932748618858105,-0.013838494153722918,-0.08297362197480473,-0.06715234206256064,0.011602058090638117,-0.01580295124766559,0.00017311669753153472,0.018632813354207627,-0.023724482465765008,0.15745467000255994,-0.0037687606970823262,0.045146958404091,0.168813708814286,0.03514648418350318,-0.1613030533268613,-5.825965880569634e-13,-0.028081093998043972,-0.06491542872478202,0.0355149129120086,0.12555944961204216,0.013043659086379389,0.08511000204634334,-0.009418865975250717,0.06227509322858693
51,-7.754868021969229e-23,-4.515234542111688e-22,7.69316764921073e-22,-0.00041621496345960223,0.0003935632347853085,-0.00043959185430455415,-0.0005137083138714029,0.009155204313021179,3.208036134169018e-10,-0.0004704517040451678,0.008643820533662125,-4.650859902885369e-09,-3.993272368469909e-06,-1.0204931020744571e-13,4.9529504572514085e-16,-7.278705966834106e-16,-0.00047506154164804785,-0.009695164345290717,0.0004066877890808944,-5.5039284449206174e-06,-1.8518305587810374e-08,4.6295277226817e-07,0.00038601656244117993,-7.276695942953357e-13,-4.000469379098996e-07,9.179284616073012e-06,-0.00043742797118075913,-0.00851174543002538,-1.8185192386882228e-07,-0.0376266975601153,-0.016996833320301358,6.370508519395084e-11,0.04077864855193375,0.007651650585367946,-4.454945888223074e-07,4.9832759373231935e-06,6.666047914201803e-07,-0.001945088777387905,-0.006572951025045212,-2.0020034291295975e-08,0.040479515353527944,-0.0022996710433335734,-1.4307595386726885e-07,3.3936059583339586e-09,-1.2153990909144834e-06,0.006916940821617544,0.5360092160234547,-0.03116318519206102,-0.3185847757372912,0.0009432776657186892,0.045210226982805087,-0.12094448738006511,-0.11870013004950555,-0.0002663509939692876,-0.0015770017933312342,-0.0001785262380993139,-0.4234040064014323,-0.017726126060245075,-0.00016193458442554515,-0.25981629370238085,0.34561917191528396,-0.1965621768363128,-0.17265131724069108,-0.022133533820808984,0.037645016768622246,0.01955555976029813,0.026956447968546248,-0.019292332121943815,-0.010354755554952022,-0.00010632825855253477,0.0006805554668569033,-0.058226789344798136,-0.009322248909272017,-0.09067804854679863,-0.04898236185869314,-0.009123049406142076,0.01158761423247754,0.0024045074471757757,-0.0061703862557677515,0.018059530846199233,0.0003642156545755329,-0.04007801281004686,0.04047778751921746,-0.09598948216462676,0.06162499601321786,0.10982699281262952,-1.0681977898379355e-12,0.0758727775565971,0.04164016367554664,0.1035876638781802,-0.06748375185349306,0.027785693608305226,0.21035457530665153,-0.10685757646162428,0.11518386724727563
52,-9.136014093939173e-23,-7.955343556450517e-23,-7.712691811976656e-22,-0.0004903444009311583,6.92216557061084e-05,0.0005254629174421446,-0.0006052886222156597,0.010791018443321268,3.779836649979515e-10,-8.311501031959012e-05,0.001513333535985077,-5.669614559451134e-09,-4.72478033886606e-06,-1.1226518511011255e-13,5.548289816967158e-16,-8.581218185394046e-16,0.0005658020136456723,0.011555537355625686,0.0004897466104993849,-7.683660910375042e-07,-2.218224904648628e-08,5.08049173386539e-07,5.88652386915551e-05,-1.1477142185166072e-12,3.8363038050873323e-07,-1.0634679656381656e-05,0.0005126468746486258,-0.010570419194851164,-1.9892984600242985e-06,-0.058017578846252096,-0.0008756541209957891,6.176718071817969e-11,0.014365876613834413,0.0027046092198919542,3.957268167304914e-06,2.8834529600559622e-06,9.461412290791564e-07,-0.0018285189506017493,0.010292806095871646,-1.9990541205739614e-08,-0.053461846206508117,0.0008236568294777341,-1.5822787741581677e-07,-1.3710021119888643e-08,-5.52098689161394e-07,0.007094611322453156,0.5620318588291401,-0.02521126786868074,0.22225748788801467,0.0015907472761153914,-0.09706266114983955,0.1866906650029293,-0.19100489023418826,0.00022050234757811256,-0.0003197447107023343,-4.3257976373632595e-05,-0.059716545707052676,-0.001546076805509668,-0.00011758467739495121,0.5477922681356933,-0.15698955554265298,0.037922992553197844,0.2856197016770467,-0.009931080870735357,0.01767584230827942,0.005075350965028146,0.001655793239668857,0.006053961833054086,0.004809012352465155,-0.002131900816581611,0.012191488540068842,-0.06195535973112504,-0.044143706137211615,-0.12951267182618628,-0.05879272772778454,-0.004678899493367959,0.011602564035561765,-0.00038426391189814557,0.0021748785376741525,-0.08477367689552565,0.036834392561550404,0.030133642378823353,-0.05534107928970356,-0.029475504357907224,-0.027025382321555783,0.17802728177437807,-7.727942635112426e-13,0.06231583090095648,0.0031119097674408317,-0.08057086903064742,0.15682553684582415,0.029981409342955144,-0.09845510550481415,0.09973563607024817,0.08305205193556013
53,5.195768333735361e-26,-6.021118485255789e-25,-3.626099157279244e-25,2.886135512797382e-07,5.292819873577581e-07,2.0092592347241354e-07,0.018360180489771005,-0.31717314675941816,5.534855126193572e-12,-0.03257996693917147,0.5813322159462156,-1.2193136673444373e-11,-3.727187502865317e-07,3.4964140417088502e-15,3.9127902873329187e-16,-4.2348848455972803e-16,0.011026845254237435,0.21934244289838845,-0.006598385526595318,-1.1498052135375461e-07,9.840611320255716e-10,-1.597654545337802e-08,0.012318813904530901,4.580665109886919e-12,-2.0184874517187108e-07,-3.890528920968007e-07,0.004722198697152302,0.04792368286018125,-4.277175808724099e-08,0.1842386496661999,0.09186869604124094,-2.80814653026594e-12,0.37385075024547365,0.08076678797180746,2.844315696765115e-07,-2.6880052161748983e-07,4.459932004824094e-08,0.005034654800538788,0.026117132403862618,1.2794992312470315e-09,-0.14099609368448118,-0.0059167583096577945,1.322055765994074e-08,1.1642591427563389e-09,9.500575800198668e-08,-0.0005219908998452334,-0.04352141647304647,0.0041338214958936866,-0.025403450175783947,-0.00010756425030275053,0.11139440407836271,0.024223878338883734,0.08919122353852287,0.00023706007611293717,-0.0011122318058756453,0.00013272241915581853,-0.2893522929956256,-0.011272720947598538,0.00010222089348883552,0.044197118046599856,-0.2886071383599447,0.06498448044510378,-0.13789049372206114,-0.0035624656812676928,-0.00044742787268514683,-0.002113517453587758,-0.006917336664967119,-0.030698485671373676,-0.0006658598112807369,4.8437169039877145e-05,0.04979667545215596,0.026244422370162866,0.005525096848601812,0.026301464988894796,0.0039510093717589016,-0.002755661213454456,-0.032078012875762923,-0.01594900719270666,-0.004530107821708205,-0.025180257717591362,0.13058363451908458,-0.004533358908507061,-0.07920922558812697,-0.0675693048166314,-0.02521674726447355,-0.13489383764649357,-5.642034828915805e-13,-0.0028005609103248803,0.03929326599724719,-0.023002611264942407,0.13131159236985565,0.019296162815657124,0.0793687963724811,-0.030355455789772185,0.06040351574736035
54,6.562709667709695e-26,3.921145312101424e-25,-6.676867441705249e-25,3.6451582997749756e-07,-3.4443937592896167e-07,3.849204818707282e-07,0.023282611569442793,-0.40169755435397825,-1.2260062598099669e-13,0.021349152894453723,-0.379608655451776,-9.801304156353945e-12,-7.1357273631314e-07,5.2003871942960716e-15,-3.831032676386203e-16,-6.659000254775369e-16,0.021617780226953823,0.4254053096656118,-0.008314381170253755,2.392407600162613e-08,9.074081223077709e-10,-1.8685213001563547e-08,-0.008057560052803482,4.935347858588297e-12,-6.82575024501287e-08,-1.7938389063227585e-07,0.009013678932449668,0.0610187313077877,-3.0383708212395263e-07,0.19282191776976615,0.17758541084615725,-3.405169269159956e-12,-0.2423919833197115,-0.053239177301234265,1.0913453874103848e-07,8.768760757806322e-07,1.4820757314991783e-07,0.006744344811268824,0.05558476104047838,2.64178258922832e-09,-0.27382609768204275,0.008820096268932794,2.7587617940809307e-08,1.0717622623369204e-09,2.7720265133380123e-07,-0.0010991050044622725,-0.09145581806669005,0.013344348231121562,0.06388427417615777,0.0007325151840530999,0.19281206798671824,0.05066470541618076,-0.020239689146497576,0.00017734475213436704,5.904212671729922e-05,-9.736147999286965e-05,0.0272105570072216,0.0022024820249446565,-0.00010485946585018302,0.224490037794996,0.11696996289763117,-0.2464595965643863,-0.17863187816078202,-0.004056927445279752,0.0012592401019485401,-0.0018064594173755936,-0.009865077614370842,-0.0713792024640033,-0.002628780578418271,0.0001014910454775778,-0.069954180326929,0.05541706042330377,0.0033335665018256484,0.022580043266287105,-0.06156602429575086,0.0039694304664911395,0.02839897981081857,-0.05948455063267166,-0.0010472763483909242,0.006080038779011647,0.006586583845442461,-0.05315167586856559,0.00812277801567003,0.01875030477281367,-0.020140143756247696,0.11256181933933863,-8.755580738014484e-13,-0.010789248993615623,-0.011799798391145061,-0.0386819047887703,-0.0488861574784164,0.03233215469765407,0.19134104336494026,0.021307763892744025,0.09434730439955671
55,7.733145600902918e-26,6.86046906320275e-26,6.69962262263688e-25,4.295296670268659e-07,-6.010720186586862e-08,-4.5959956648880204e-07,0.02742373774890334,-0.4733850844684096,3.2680718316167446e-12,0.0038096831469304087,-0.06761553550030272,1.4840867693936997e-10,9.360073720844293e-07,4.3539928637122105e-15,-1.8323777993424573e-16,5.580493696950698e-16,-0.025790908732343982,-0.5082510604320133,-0.010230162655044266,-5.981699178140893e-08,1.2402988771946229e-09,-2.3255550106501978e-08,-0.001369409396038331,6.019545957806225e-12,-1.3554441565658927e-07,-1.5092253598659032e-07,-0.010840974903640497,0.07132540293957997,-2.336797407798492e-07,0.23670576897763485,0.19524245390624825,-2.52330623541986e-12,-0.0416314560108575,-0.007215152415612783,-3.338215680341278e-10,8.512710808313937e-07,-2.0300565279243418e-07,0.004938579858717674,-0.07039810450407288,2.712834200155212e-09,0.3261248236815175,-0.005312492190743331,2.8508420413304784e-08,1.6881063889969063e-09,2.524083492973396e-07,-0.0011386866381940244,-0.09571478341604035,-0.0067490453703303015,0.0008082790309140723,7.323604716298927e-05,0.19389337217417923,0.012360333975180729,0.09416372274174564,0.00027706679915286017,-0.0006500299861595425,-0.00012101838345649442,-0.15556448687144003,-0.005089845421721665,-0.00010454168539326358,0.0573351152685923,0.22211722204902204,0.16718042695408414,0.22737239137669066,0.003172443640265914,-0.004158703811634793,-0.0034071272099212946,-0.00882860459735905,-0.03748964964448445,0.001887971136518465,-5.0779817304312806e-05,-0.011295294102615438,-0.0029655873965162994,0.005756334074738987,0.02178515954830898,0.061487073844980075,0.00045245402620914686,0.01634160870289195,0.052612938848211756,-0.0015468158926913971,-0.06281320672972195,0.04313527824336468,0.038563704636341914,0.05883811967964939,0.011316639457618845,-0.021611412628357026,0.16023019971356134,-7.186321956184314e-13,-0.035153196793820174,-0.002306711443613094,0.007295927782148531,0.15126586340346573,0.033804892212635156,-0.07023613652940693,-0.06649716158982993,0.077236147117101
56,-1.2459898054482002e-28,1.484488089262634e-27,8.941874184049216e-28,-7.164667198270608e-10,-1.315218598410876e-09,-5.018502424505363e-10,-0.01917288957318568,0.021270475925560788,-5.208543314948387e-13,0.03564437930223171,-0.03907239083589575,-2.553271321367611e-12,2.3330025466512974e-08,-1.0889717272731174e-15,-1.4404154539967315e-17,2.0319553569486786e-17,-0.013756779630663601,-0.014827043748562075,0.0010766882484227135,2.3062358068147463e-08,-2.882539244294063e-10,4.7158940877140816e-09,-0.0020006061769211963,-3.015251931462152e-12,9.038735698506711e-08,1.3938618194333111e-07,-0.0007758073708156776,-0.0908221038254792,1.129633252898131e-07,-0.11885072197086698,-0.08421126064527527,-1.0660004822750529e-12,-0.2764614958596176,-0.16995856500735407,-2.3840481387335006e-07,-1.394754056336835e-07,-5.81056552645613e-08,-0.3656632528223095,-0.044431517975093704,7.793983695947856e-10,0.11492923980911285,0.6753039105996174,4.935147073960875e-09,7.295566189800075e-10,5.2086573702633055e-08,-0.00036781965191041803,-0.03896949554550127,-0.2467061762843727,-0.020752971084847898,-0.00011315098421141624,0.06511176796761943,0.01930855366287595,0.0587148671875994,0.00014042552275428882,-0.0006657242880303878,8.344656682539611e-05,-0.17676856711048256,-0.006917688195564856,6.418643755857261e-05,0.022063781530822002,-0.18091802477157853,0.010753447870113658,-0.06047310056288144,-0.0007413964969544253,0.0012601202165350854,0.0026428811338259075,0.010690778222638277,0.059943295857170974,0.0033242026253686454,0.00041675584119536894,-0.10118207226014335,0.009515416804009105,0.008349973839375293,0.033325480112811626,0.062346813353744715,0.004843088094103694,-0.03549582766112017,-0.01975275477003174,-0.00958799046306065,-0.02581958851386829,0.12911469523754782,-0.005086127493701449,-0.10458416857767315,-0.11677444375059134,-0.03847554738031655,-0.13352607391071478,-5.750124687756611e-13,0.0014229234686753893,0.06034858279115185,-0.03625574449279233,0.13467915888336937,0.02080334278031325,0.0810187828329864,-0.032806428571051725,0.061580105536049125
57,-1.5748614622838256e-28,-9.656451666409022e-28,1.64225543600687e-27,-9.055235976761012e-10,8.546675539884548e-10,-9.567122755585475e-10,-0.024621211268806217,0.026924414857659118,-1.1212542390807386e-13,-0.02268480494628841,0.02554589450428673,-4.797912072502146e-12,4.533917261981669e-08,-1.3871461191056112e-15,2.8289905041133807e-17,6.393364639857602e-17,-0.023718396159769922,-0.028822565854261337,0.0013643910332666487,1.6695716380503276e-09,-3.036936492687556e-10,5.7220875806034556e-09,0.001303861499124477,-3.4016256703605526e-12,6.002182639968159e-08,9.15718036544791e-08,-0.0014573407493625027,-0.12821367029201358,2.785224508844463e-07,-0.13153634733814368,-0.13140550109607385,-6.382763375741283e-12,0.170059895176678,0.11894979134446981,-1.1586120528196799e-07,-9.819953570258295e-07,-1.945372932153004e-07,-0.4671634350353635,-0.09038881939034923,2.9448555917400304e-09,0.1945647633565251,-0.4297660107699099,1.7773096388514687e-08,-6.65891144111252e-11,2.1940118758442246e-07,-0.001174534891020702,-0.11015557586584752,-0.48470794486214314,0.044707103117643,-0.0006141531314568905,0.02994468527103311,0.014521711290302764,0.13094337523853766,0.00029220462953459894,9.030614519958964e-05,-6.832127117826963e-05,0.03646007655407911,0.002730623307910384,-7.406463288504628e-05,0.2106791973198985,0.07632509776994305,-0.16303794727279294,-0.11440235962563451,-0.002043859224334111,0.0013351555455228322,0.0008822838602030142,0.0026158062666676797,0.01047579961647515,0.000915053759436711,0.0002157073269272323,0.016782849833648892,0.015676067979783295,0.008037016360586187,0.03582925691789739,0.04029691478909925,-4.986237920384481e-05,0.032811845824123984,-0.07548814454210816,0.001298230537620163,0.004672070199798231,0.007885169911657837,-0.058146995942420586,-0.0005447010555139943,0.05407385372650041,-0.043983810976689026,0.11573705858295279,-8.675921610847092e-13,-0.04508578323612812,-0.026987564336429157,-0.0771235788531453,-0.048238792738061705,0.03424410735070844,0.19590956357978914,0.055311219722720455,0.09350603202628366
58,-1.8558069526892092e-28,-1.6765254734146327e-28,-1.6526560205574905e-27,-1.0670736413880051e-09,1.4782032487695594e-10,1.1392292801559528e-09,-0.028812871239232558,0.03174505271805007,-3.7102495579047426e-13,-0.0031798697833138076,0.004627310200476409,-1.670579243619885e-11,-6.713909117692593e-08,-1.4474549971303023e-15,7.348086630438388e-18,-1.0975909854350047e-16,0.03167522302379038,0.03432460044520568,0.0016297654768446007,1.4548127285252266e-08,-3.853049284269689e-10,6.909236869577245e-09,0.00022564165295921594,-4.174958286984495e-12,8.71161397964103e-08,1.0897223490730741e-07,0.0017641599240615679,-0.14044698618580012,2.7206913888007324e-07,-0.16230648977281287,-0.14933035239806297,-7.642425223101776e-12,0.031194935205169784,0.01072927903954666,-1.3430044728695577e-07,-9.550277886786993e-07,3.37391106695604e-08,-0.5396498699195834,0.18669324091892564,3.0650333572100528e-09,-0.22840712595795112,-0.07967101761261006,3.6793474317086204e-08,2.401197938151394e-09,1.9321497923336687e-07,-0.001094903014402626,-0.07045282698714067,0.5895751931411399,-0.014542265780306894,6.132510133921075e-05,0.13603592441925863,-0.0029276050482714617,0.05313132496738294,0.00013162062875408768,-0.0003599694702200639,-6.711959839547521e-05,-0.08783828859817223,-0.0029488112616634396,-5.220375883249307e-05,-0.008557424739998069,0.14033375960976638,0.09387281944287927,0.11180530849702679,0.0019822621218697854,0.0003873747940983347,0.0032247871203054377,0.01448232546814407,0.08735515195018716,0.004493911008567569,0.0005025413694650513,0.01726555693606204,0.0851830444785601,0.017908944914511584,0.08316162393333401,-0.018712500430755948,0.0001562209971916691,0.01717304346784135,0.06545766429616,-0.003018844784947419,-0.06114060049643861,0.04510983446504764,0.041923799261137394,0.08377238312939829,0.014336699502007647,-0.01567484640216738,0.1613041071277393,-7.23643947163508e-13,-0.04535791280573486,-0.0013428402040772322,0.03125292791634266,0.15508692209066505,0.03505943825680271,-0.06968340597355403,-0.10549966109808996,0.07778039838827552
59,-9.141388672410141e-28,1.0895590480510608e-26,6.562206948330398e-27,-5.2596947804638e-09,-9.654547176528539e-09,-3.6840612510879094e-09,-0.017440320431716002,0.32255695498050396,-1.7602628408863028e-11,0.03077885541199857,-0.5902786491340538,3.014646023914787e-10,5.890727346962025e-07,6.5317952489047765e-15,-3.144855107067108e-16,5.536638677342302e-16,-0.010300762144163539,-0.22205343666061242,-0.0008416453638723234,-6.627714231872194e-07,2.0309513865625998e-09,-2.9640060894831078e-08,0.001411629970276565,4.318675461479915e-12,-2.8603564571337355e-07,-8.085532165230363e-07,0.0005765819789102354,0.04847385455046273,2.1017411190036174e-08,0.1761242107391909,0.06068677776845809,-2.5619957694836534e-12,0.3245065929733074,0.08112419509690483,2.842006609687641e-07,-5.402607162171459e-07,4.2510059115723994e-08,0.05518479681954845,0.024218237819979588,1.3122247641004666e-09,-0.12440238623008462,-0.09940595852026965,1.4136180112384018e-08,1.2669413574004884e-09,9.571582511122862e-08,-0.0005320749527084245,-0.04331553889647004,0.038238782838989904,-0.02842106493437168,-0.0001180872699090841,0.11484304168087674,0.027101749596863362,0.09219317985135882,0.00024128585946117803,-0.0011453683405015429,0.0001386769340779036,-0.29946233886511575,-0.01168686076320712,0.00010678760565445692,0.04331253570287436,-0.30126147024349476,0.05714935924499917,-0.13327936477574015,-0.0028923531187143433,-0.0014086982721723295,-0.0027135500565689413,-0.008748265915321893,-0.0441560770968396,0.0001260268533829041,3.482061244774908e-05,0.07173614750336323,0.03198039560754675,0.005983234820004537,0.030191303830311263,-0.0007172852666820806,-0.004441576941502307,-0.032326354779715946,-0.016199110074048746,-0.004887106007464382,-0.02507476826657658,0.12957122402800966,-0.004538621682559383,-0.08127528889355674,-0.07145000480131598,-0.02606795997181414,-0.13411694626147888,-5.611072774373835e-13,-0.002153072222678976,0.0410481804726208,-0.0238182806751435,0.13089313952321405,0.019315284082537753,0.07897423158889709,-0.030795769675865434,0.06006329503426049
60,-1.1554052264809042e-27,-7.087382318802793e-27,1.2052758501447705e-26,-6.64750227212152e-09,6.273674457984725e-09,-7.023165292427253e-09,-0.02209354351327592,0.4083470756039104,-1.329127007862338e-11,-0.02026169492310993,0.3856525866049733,2.958022329746275e-10,9.533418160721979e-07,6.1397046068340116e-15,4.1460055728915387e-16,5.234955918554044e-16,-0.020554499585734697,-0.43208362572018155,-0.0011255610704311093,2.453744828601145e-07,1.4308064716039598e-09,-3.227300503284983e-08,-0.0008709814938769984,4.312444422044855e-12,-4.772408217218262e-08,-5.555422495704605e-07,0.000986738700288422,0.061991820342132985,-2.605632247332496e-07,0.1687381282258487,0.15495927541732338,-5.460340442637101e-12,-0.21164278591128197,-0.05474202930913089,1.1057674509172921e-07,6.063167531422307e-07,1.0439164756674369e-07,0.07081711185088738,0.05200100123934063,3.2937134968635868e-09,-0.2386114639543513,0.06736607796495853,3.3444706654209674e-08,1.0134331619367445e-09,3.2311920571198945e-07,-0.0013191478767744758,-0.10645614787851425,0.08158778489868955,0.07649520066759201,0.0008261571363157961,0.204799644200372,0.058058833138081,-0.031238338104941803,0.00017233039019779803,0.00010984658614662586,-9.243956599934471e-05,0.04058453456605749,0.0027314945426735755,-0.00010054474245931715,0.23137684667545727,0.10708310088021346,-0.24398522110930998,-0.17619914065782724,-0.003266070074503822,-0.000582317212140093,-0.003175060469242964,-0.013124509987300335,-0.08331176883916783,-0.0026709945081198386,9.286487712255221e-05,-0.08383375865542325,0.06544538267772014,0.0032539845386472645,0.025870162730839315,-0.07506626300799046,0.005063040393803127,0.028465744503811948,-0.059934956309262724,-0.0011170498996653797,0.00576073472851875,0.006696550993427818,-0.052952100177411206,0.007760338843860882,0.019151732259081684,-0.020605187300855855,0.11196020236351872,-8.665709375485299e-13,-0.010154494200069704,-0.012130101970247997,-0.03984080011022073,-0.048078514654920794,0.03220908399624945,0.18960282228173217,0.022463166774848123,0.09340260685318107
61,-1.3615095318332519e-27,-1.2298842570080108e-27,-1.2129527628467026e-26,-7.83337423529079e-09,1.0844983153340138e-09,8.361467520803021e-09,-0.026024234166705622,0.48110703072011535,-1.9325659386822982e-11,-0.003664820647587191,0.06822446482322866,2.0031005088468106e-10,-6.756978143459096e-07,8.895247602986267e-15,-3.65101581338065e-18,-4.972031292050824e-16,0.024014458777625213,0.5153563245353995,-0.0008817674320482099,1.879031065781313e-08,1.7175132825685316e-09,-3.616501511742571e-08,-0.0001797716665044457,5.266562440448877e-12,-1.2808307321190167e-07,3.4461000163522195e-07,-0.0012361835104260628,0.07150728777718582,-1.4038057460411044e-07,0.20734270414993017,0.17097125299076377,-4.587497199596183e-12,-0.03754291478030185,-0.007090192465742441,-1.2988494588937484e-07,6.563169150898741e-07,-2.080718357934465e-07,0.07989723073763894,-0.07721008794638724,3.3780451436987135e-09,0.28441429996991735,0.006562537510302345,3.2754228287647733e-08,2.115664869852364e-09,2.728172595190123e-07,-0.0013899571681704119,-0.11837289963939761,-0.08633968540816858,-0.005961778657648865,1.551977137583192e-05,0.20016648978812834,0.006825996571664209,0.10385572865638105,0.0002800503990119632,-0.0006579939214341094,-0.00012330263427975322,-0.15787424003308312,-0.00516965440826607,-0.00010425026892057148,0.04401553377978617,0.23293661214494885,0.17087233075240543,0.2263668711631215,0.003773165684602559,-0.005683312699389597,-0.004649869795026487,-0.012403963952256907,-0.05647506624736565,0.0013219804328894965,-2.558047945936965e-05,-0.016467393645271035,-0.01203952751807412,0.006393315583235822,0.020318070823174907,0.07722738370667794,0.0007491396292369323,0.01647674383222582,0.05318837669239514,-0.001507624723678195,-0.06208158185583873,0.042968313949562756,0.038463339817625404,0.060606074517960885,0.012792708242983498,-0.022034132682690437,0.15952698140028987,-7.151154203681207e-13,-0.03802961377029584,-0.002717576642225161,0.008076496629305102,0.15032982579686846,0.03377954732523889,-0.06916568929099849,-0.06856673932287026,0.0768645676015693
62,2.298250262798062e-31,-2.8196807260434218e-30,-1.6955759115730964e-30,1.3704451491252677e-12,2.5184268852439744e-12,9.699169187520324e-13,0.3487028358731797,0.019699068746753288,-7.486143710911695e-14,-0.6480990298286926,-0.035490803093526195,1.2297640737311588e-12,2.0869944648846256e-08,6.082567170001367e-16,-9.999981414287173e-17,-9.730679970698821e-17,0.2535638615212743,-0.012528392549618284,-2.1474860618344298e-05,-2.2610642968800138e-10,1.2562001228706639e-11,-2.008050206641469e-10,-2.1138015510728467e-05,-5.463326991747028e-13,-1.626023798708914e-08,-1.3531090535363718e-08,-4.567251683466935e-06,0.12510846332396455,1.9676524494756502e-08,-0.022322709770692655,-0.013506657469202614,4.430728440657728e-13,-0.04682700774214367,0.24491118917271285,3.804987131409973e-08,-1.457221406578884e-07,-1.0887940650111424e-08,0.03279255608528013,0.1091338086658345,-3.101846436683335e-10,0.019583942234187086,-0.04281607397074886,-3.364708318258874e-09,-3.0064285366588905e-10,-3.1151979517363e-08,0.00013703741692053798,0.012130074905428152,0.013505993540201017,0.005806842951699721,6.361678105688182e-06,-0.04178994613197242,-0.008394272618320363,-0.030024230125153463,-9.406918893118997e-05,0.0004247507091372219,-4.3507392972174565e-05,0.10787318030587334,0.004163922226645167,-3.231608577566823e-05,-0.025944486000385375,0.09875230952786952,-0.05872623600703263,0.07295365860441823,0.0033429831756606574,0.003181033419314683,0.008372669735813902,0.03183590548458524,0.16817129048902696,0.008068878115044835,0.000837263737055938,-0.28494564266210826,-0.013698859074299002,0.011081160997091732,0.0386605396024418,0.13305999565245175,0.01409346210271014,-0.040536941483880005,-0.025563012804017564,-0.01542342372759699,-0.0260611524175461,0.13066801289435595,-0.006527361347751301,-0.13662595457014282,-0.174559862548405,-0.05368609006230792,-0.13966609498217905,-5.872108435302777e-13,0.007329488658188809,0.08504707607788993,-0.05238413529742267,0.13923712611648367,0.022197639327005313,0.08609032647593196,-0.03381656634825031,0.06289399028830174
63,2.9062520476744355e-31,1.8306529525593365e-30,-3.1044240096589784e-30,1.7329282777064047e-12,-1.6326667104560012e-12,1.8349947886142502e-12,0.45134895414124,0.02561635423432676,2.5630255170290986e-14,0.4199969901070203,0.023081747937117786,2.070792408712418e-12,3.698273333587155e-08,7.840894699163125e-16,7.856100355293517e-17,-6.559357999128129e-16,0.45132848815377163,-0.022251354502097104,-5.7208727360310184e-05,-6.179817137631357e-10,2.088512068354903e-11,-3.420310010457356e-10,-6.743052853727292e-07,-1.021226978598177e-12,-2.3843307764963808e-08,-1.860105202269075e-08,8.479051541123462e-06,0.212283657018498,2.2683700822168424e-09,-0.04180685979137005,-0.021414080627813675,9.107802317700997e-13,0.0420198789344475,-0.1978170424767494,-3.214959884731447e-08,8.255156096898869e-08,-2.2908372022245142e-08,0.042288120044801765,0.20000273926977732,-7.964684871684776e-10,0.04012425883918158,0.028630107223568128,-8.498204949305143e-09,-3.441629213814657e-10,-1.1274349631260568e-07,0.00035368692907902305,0.03140332276503254,0.03948780220648766,-0.0413945103435848,-0.0017106139884056181,-0.17646217249185991,-0.05135892377671486,0.2091555659271093,0.0001952491922233959,-4.05100544901962e-05,6.489247973885102e-06,-0.0072467926448516705,0.0001941641423117238,9.186259118591035e-06,0.017982132291194927,-0.0056034982533385,0.04526793427595019,0.035080353532108886,0.0015906099820965265,0.001039738902797219,0.004432911864486509,0.019478272431712598,0.1223299273979847,0.005658843223659573,0.00034746612071306476,0.12943310879516656,-0.03656177659264087,0.013664704970512328,0.05083197669061309,0.16945420365444225,-0.005366371920250195,0.03792221909020736,-0.09491115817890287,0.004181196562291411,0.0038615787009329636,0.00908021700556927,-0.0647847508810143,-0.011486620672484018,0.09615637514944153,-0.07244069288905675,0.11898271482766501,-8.646599100445394e-13,-0.08661503890627795,-0.04496843269419256,-0.12294379384432343,-0.04956077679970578,0.036477891165069595,0.2043221853051291,0.09616395947767153,0.09317136283813263
64,3.424604264579718e-31,3.145881408441846e-31,3.1465695491833464e-30,2.0420262646735356e-12,-2.789853886327007e-13,-2.1706283097516777e-12,0.5247892624494381,0.029710756387209845,-5.032656405865235e-15,0.05876080154950399,0.0031176642439576393,-2.764659369524969e-12,-4.721406558630997e-08,-8.838581809956798e-16,1.0701854254194088e-16,9.825150994039033e-16,-0.5724958945288633,0.02832838432001182,9.382361100422774e-05,-3.64347945603462e-10,1.7268678131873907e-11,-2.735958224936595e-10,5.585571976596698e-06,-8.791175985312044e-13,-2.2343586883291094e-08,-1.7945493066139457e-08,2.077075801643639e-05,0.1893386941552182,1.0880258550213928e-08,-0.03597488517509209,-0.01924178421076852,9.75313396129941e-13,-0.002301418648892586,0.00426499464012619,-4.202835396912674e-09,-1.6310532568034554e-08,4.11801951527972e-08,0.02163285025307725,-0.22739372757743345,-7.375267347977087e-10,-0.043224450887010706,0.007512555369943087,-8.538051113434103e-09,-5.261124961076879e-10,-7.821728441236865e-08,0.00030853812174492666,0.024996118391550467,-0.033732624802065285,-0.004933792916813458,-0.00023219515535375493,-0.08292959091579104,-0.011379226141253798,-0.008824068194316047,-8.83829378263601e-05,0.0002844502964060727,4.7981319536342854e-05,0.0680365028240834,0.002341684801862469,4.594983459375113e-05,-0.03743161882507619,-0.07644228866950661,-0.07440825583174984,-0.10791889695368205,-0.0005653993419171185,0.006459615138783762,0.01126317404041186,0.04199471106920461,0.2322537590724699,0.007131375885086041,0.0011553020229224137,0.051835888039367894,0.1921895012716056,0.03188634683404478,0.15473552367615298,-0.12151373345335055,-0.0002084379222322324,0.01907273852564333,0.08221228033621926,-0.0045935702061629625,-0.06093490425559758,0.045861946353356726,0.047226544450067985,0.11579440378938367,0.0194244215045465,-0.007310040465564546,0.16976838326303398,-7.363434995303407e-13,-0.055936734615803514,-0.0011165826535307214,0.06095193292198631,0.1614346961195539,0.03683301930626926,-0.0740922184912153,-0.15158500878637782,0.07916937684456911
65,-1.2941848497673017e-33,1.636118023782493e-32,9.78274636953366e-33,-8.005192538548507e-15,-1.4730203169765986e-14,-5.767042188915563e-15,-0.058222584695585985,-0.003412171907722219,1.5454741527863887e-14,0.10838190684506564,0.00616274076612387,-2.1817839413895358e-13,-3.5957060092547727e-09,-1.551044084798129e-16,5.353731356761563e-17,-3.817097917148997e-18,-0.04195990037783674,0.002154888212785684,9.678877738151573e-07,1.904599030648558e-10,-1.1264686230837987e-11,1.7098853730032004e-10,9.224599358394275e-06,2.0477528562454443e-12,3.001106286306588e-08,2.017852818085899e-08,-3.757903888738779e-06,-0.30638587414991986,-9.008337852914599e-08,0.08246092752597832,0.05595256356964887,5.052165986014013e-13,0.18324512854885477,-0.6053577433481888,-4.415734456877332e-08,4.777082585467832e-07,5.2859949982614e-08,0.08165854832439098,-0.28158377750463615,-4.5502241154354004e-10,-0.0784607937534981,-0.1928229637749441,-4.172482777560874e-09,-4.221590169822369e-10,-4.279662732222401e-08,0.00020885593123185764,0.020086731050991322,0.07136875302647304,0.00871901035639529,6.874034215443879e-07,-0.057136173273955176,-0.012815758184737373,-0.03839156534219186,-0.00012018727209645266,0.0005592367231672862,-5.969047898347743e-05,0.14320038113435238,0.005549054143730542,-4.463874139487718e-05,-0.031171930249808476,0.13426437737851768,-0.06653054625322588,0.08882152120514508,0.0038115682458105976,0.0033851101053705766,0.008996640490923089,0.03413592162155141,0.17991096371505286,0.008584429665069521,0.0008822919696214913,-0.30521813382060836,-0.016369617523134393,0.011348570745676209,0.03909899728019758,0.1407891402572558,0.015113616480361188,-0.04106782896177513,-0.02618638534989004,-0.016049765338658355,-0.026045758505106875,0.1307250208051149,-0.006683139178462718,-0.1400494896473053,-0.18076812710720486,-0.05528507585430864,-0.14032226177840273,-5.879235959211668e-13,0.00801842604193833,0.08768471155241654,-0.05410205306293365,0.13957627894698493,0.022309458108284684,0.08656124413029054,-0.03385028859438676,0.06294029312076338
66,-1.6370932245684317e-33,-1.0591453581352356e-32,1.7852003043232415e-32,-1.0125970338418561e-14,9.515564357995216e-15,-1.0784986859085724e-14,-0.07478518922753292,-0.004396054087160937,-3.6868643987997514e-15,-0.06882557871967508,-0.003919842334246897,-3.4409168714666096e-13,-6.127944247115383e-09,-2.1238528349666853e-16,-1.2097218587610399e-17,1.419012817921063e-16,-0.07197252073327969,0.0036843651149736645,6.9788975604069035e-06,3.7639300317467685e-10,-1.6540970319031012e-11,2.5505225253553777e-10,3.5206036733641644e-07,2.9603322306464575e-12,4.045319167430964e-08,2.646267463132187e-08,-1.574896494943277e-05,-0.4366200432225442,-7.601761961510817e-08,0.11941261562504324,0.07591220563580701,2.591281368818025e-12,-0.1213813272178896,0.37896218485965133,1.0286677226052193e-07,9.458357562567546e-08,1.0754416431154256e-07,0.1277738820598244,-0.3512948293757199,-1.660436288534617e-09,-0.11313742787398272,0.14380906652185796,-1.4708900302029828e-08,-4.3477041315890045e-10,-1.9909774040232883e-07,0.0007123055740390143,0.06500766183820353,0.16835686574334005,-0.07029463479826785,-0.0026647355676852336,-0.27480592682252125,-0.0823549982557517,0.3270852064131983,0.00030759972734052844,-0.00010223218404071476,2.4929834856227884e-06,-0.021176990193235556,-7.271466708142682e-05,6.541482944736456e-06,0.02998656581222704,0.002906411760910835,0.0598874599036179,0.0477475784464679,0.0018560093240971125,0.0009262798988275352,0.004553641872102261,0.02023197183362658,0.12794743115698176,0.00596101619132508,0.0003488493726533797,0.13742926108497402,-0.04142289476064736,0.01393806639779553,0.0512294188617422,0.17994146118764248,-0.005757005774264165,0.038293156364110945,-0.09644713278724242,0.004413947510974868,0.003742281523987502,0.00922963267280461,-0.0652773275519488,-0.012515266802981234,0.09930119617477225,-0.07464657682435051,0.11921011147388684,-8.648431062172431e-13,-0.08963498702340668,-0.04633078191568238,-0.12660625956001212,-0.04954031119496336,0.03665103227913978,0.2048762614067812,0.09955016883246996,0.09316571092154849
67,-1.928993285389662e-33,-1.7957441894475908e-33,-1.8369020902808443e-32,-1.1931549600526241e-14,1.6000029689528633e-15,1.257691134261598e-14,-0.08746822425146926,-0.00513450955428669,2.841750901069592e-15,-0.009306640896639124,-0.0005150314737528294,5.19535857157638e-13,8.39243749768996e-09,1.251036137554634e-16,-1.0063805486271495e-17,-1.3290939458195858e-16,0.09706808493668645,-0.005014530435473466,-1.9542676676355523e-05,3.3025894738321003e-10,-1.7005020590293235e-11,2.583316151551495e-10,2.4716298622008015e-07,3.232235242080661e-12,4.4637219259652376e-08,2.9392835289631208e-08,-2.1369815547625348e-05,-0.47549382421858527,-1.0297963510189567e-07,0.13027728461573765,0.08476207676934298,2.2381972396572037e-12,-0.0007114182075255521,-0.007549279929902029,6.12850840508813e-08,3.056700585968795e-07,-8.462016143739143e-08,0.19117391869503628,0.5425610111391773,-1.1219453906092474e-09,0.15959557537427962,0.014054126598266327,-1.4020454918871011e-08,-9.354311754042336e-10,-9.466117116709582e-08,0.0004320119793479926,0.030394953132254172,-0.17618558515753321,0.004320045049833816,5.925911389500808e-05,-0.08078411444720221,-0.0026246098240187274,-0.059270613930938666,-0.00016238781883666514,0.0003787009396047879,6.683041241062724e-05,0.08991184177066336,0.0029561124538973276,6.236538543803724e-05,-0.052723222085939936,-0.11037477631026446,-0.09136649461007211,-0.13251012926612626,-0.0008248785245664692,0.007163381391062089,0.01222962084807164,0.04534106541304526,0.25011408547904207,0.007473667759178589,0.001229876904094783,0.057171217348483856,0.203529099480627,0.03348683052990297,0.1628026880557697,-0.1317282781728417,-0.00031933125700927764,0.019336561197968182,0.08376366719812178,-0.004726996365605079,-0.06082611830018624,0.045827269719781044,0.04767177725144176,0.11916357841075399,0.020490268689802544,-0.006626311981131715,0.1706232534667855,-7.370263953816503e-13,-0.05748316098278538,-0.0013168442662341718,0.06374351749822631,0.16181967891621127,0.03700046775661964,-0.07438344613078175,-0.15608845957383966,0.07921566569786538
68,-4.02182926531986e-33,5.086265872308675e-32,3.0406991417471693e-32,-2.488834365802401e-14,-4.579688440660187e-14,-1.7937094008214358e-14,-0.27366096116025185,-0.016361799518086587,8.805152869906535e-14,0.507839298548969,0.02946008633640571,-5.134108201102732e-13,-1.7194518365418978e-08,-2.466377114519815e-16,1.7126598418485645e-16,1.3950739618021855e-16,-0.1991887772382163,0.01046989710360896,-8.249736079238563e-05,-2.6276269092248284e-09,4.276446806872377e-11,-6.874015606392236e-10,0.00019970450836069808,-9.088814824152174e-13,-3.4037894650646634e-08,-3.285268955631401e-08,8.224657115238946e-05,0.23001030475223036,3.6730201935690675e-08,-0.03716369406840349,-0.023124561340917657,5.128798302077249e-13,-0.07883418490687563,0.4533867423500474,7.512510970436902e-08,-2.803850919257994e-07,-2.108379412197073e-08,0.04835166929517865,0.20207304055981112,-3.4314425091815474e-10,0.03339865219291119,-0.0579791156727747,-3.6567776515556173e-09,-3.3578743665179876e-10,-3.349810266628394e-08,0.00015170549015912092,0.013524059386339942,0.01828184484111099,0.006838307521493837,1.6462432302327385e-05,-0.04475208884353445,-0.00909649747205183,-0.03376772246734698,-0.00010274029861641568,0.0004615797451512285,-4.7721284106417956e-05,0.11745156468495871,0.004534502245729614,-3.5515741820187385e-05,-0.02773366277419904,0.10806101013641445,-0.061132862165315716,0.07757148541526282,0.0034854729375363024,0.003247967561990039,0.008572927390009314,0.03257489792331875,0.1719483822986894,0.008235880198618374,0.0008520490463173727,-0.2915807699804731,-0.01456764217005719,0.011171161456899,0.03881444608982253,0.1356165428291975,0.014426073865147803,-0.04076248200558256,-0.02578908999667259,-0.015638094221115523,-0.026071124298510644,0.1308113360437404,-0.006581768413096227,-0.13788920427829562,-0.1767417271546962,-0.05423712763129286,-0.14008507752623936,-5.87781721979429e-13,0.007581678160889322,0.08598729966439468,-0.05297598312159692,0.13946831057229742,0.02224203459900043,0.08630838518038683,-0.033853515338269254,0.06293926242747361
69,-5.0928207508844527e-33,-3.297560058599055e-32,5.560314834255288e-32,-3.151637924053564e-14,2.962884366415377e-14,-3.3610993238193356e-14,-0.3647787039475879,-0.021902403461285396,-7.850155461378597e-15,-0.34435790718907133,-0.02008986882811921,-9.917801507188245e-13,-3.294772952187205e-08,-5.297715239219802e-16,-2.922460499501757e-16,4.989112664025295e-16,-0.3794054753402419,0.020066804165149985,-8.691658992219453e-05,-5.904384416837349e-10,5.032992090871455e-11,-8.867537966852062e-10,-0.00013464018135900084,-1.5783051034304325e-12,-4.0330083807238e-08,-3.3828718192499885e-08,0.00016744350522253053,0.3478963568865945,-6.597693914176928e-10,-0.06476614528021114,-0.031841956428511314,9.48103562004564e-13,0.06310285838482843,-0.3206267851107079,-5.143305697585703e-08,1.4448515546924823e-07,-3.626675822023389e-08,0.0539109155589564,0.3158967359704762,-7.8272023775279e-10,0.0573906629069301,0.031926800400122884,-8.07216973548162e-09,-3.093827615682244e-10,-1.0451419340967526e-07,0.00034378298981884895,0.030525451717009034,0.042867577318358246,-0.03571453713302009,-0.0013237016495138707,-0.14651678875088606,-0.042186942649654086,0.1552792518622477,0.00012576599273103636,-2.2646988452851524e-05,1.6179198123646665e-05,-0.0047449138619622255,5.896884106286065e-05,1.9048837587202786e-05,-0.0085345730961539,-0.018263537176474116,0.058611410589298966,0.04338732961724585,0.0018103426445090734,0.0010698872983781094,0.004715835383673382,0.02072580491740764,0.1302784694029236,0.005958669296323227,0.00035941897006269355,0.13618392266932378,-0.03900254896184376,0.014061607108727862,0.0520662618860412,0.17628033870786436,-0.0056785062453136095,0.038217634865965716,-0.09593704469990257,0.00433873268604331,0.0038703549125670257,0.009062815526475296,-0.0651527023878965,-0.011950819247909082,0.09856564616148172,-0.07397220272436815,0.11916719902294041,-8.640619009896415e-13,-0.0890006500238323,-0.04598837547763255,-0.12535572302657955,-0.04976633003259352,0.036580835284639276,0.20479234517432982,0.0982785454294837,0.09309469599720611
70,-5.994588223950166e-33,-5.581427736664485e-33,-5.711257861273055e-32,-3.7095609639729486e-14,4.973231053575377e-15,3.909213812591065e-14,-0.41192504438425037,-0.024668296386222605,2.8737574967567953e-14,-0.046599018452217894,-0.0026709181714864795,3.4409374374092385e-12,3.996727188429613e-08,1.0412063697231081e-15,-1.173820791323448e-16,-7.620042587602846e-16,0.44687415055791646,-0.02354228409515497,-0.0002232056904461108,-1.9689880584247225e-09,6.058345559304605e-11,-1.0396367780471931e-09,-2.6913547320867056e-05,-1.5470028660785661e-12,-4.561081252326206e-08,-3.794787668441596e-08,-0.0001637944204046173,0.36213668726472853,1.6828314444899577e-08,-0.06351402946232516,-0.03264248524392073,1.279088094887553e-12,-0.003653311088788973,-0.0011643923018833824,-1.0962586978676736e-08,-1.5541792042145747e-08,6.65654594684106e-08,0.023449974754309995,-0.4115894182447724,-9.10011437927999e-10,-0.07128669638232882,0.012577938522285916,-1.0404445453455649e-08,-6.305860722597229e-10,-9.425330564170566e-08,0.00037700533090292174,0.030385096862664093,-0.04321560678010908,-0.007692904109996625,-0.0003863628104778868,-0.1029961741161531,-0.01565668181862807,0.008194246375863107,-7.38348711974137e-05,0.00029890763047456866,4.959003551593903e-05,0.07199170371697293,0.0025366471140617305,4.704890596551993e-05,-0.03206670110521469,-0.08054829814519349,-0.08204905184810825,-0.11645174182883389,-0.0006821517655358678,0.006660062354487844,0.011497712274014672,0.04276467376600681,0.23614355002418908,0.00718449775233957,0.0011762340295166374,0.05230381285431621,0.19624138640140862,0.03232971153419014,0.15710256132571593,-0.12593319630212957,-0.0001871496260220876,0.01912651706062114,0.08298890386750568,-0.004663965323381708,-0.06097706001072429,0.045892149108671704,0.047502918878090376,0.11707320889597625,0.019382928504744323,-0.006834232894368986,0.1702001657164982,-7.372013107415047e-13,-0.05605803108463823,-0.0010158724417488306,0.062312339866889756,0.16178739191360864,0.03690077626667718,-0.07442678869682977,-0.15351350139799075,0.07925639801645298
71,3.28035136640062e-30,-4.023942281766842e-29,-2.419702499745033e-29,1.9557922076206955e-11,3.593910584691444e-11,1.3839432080739939e-11,0.0018218353904369048,-0.0349075287537898,3.0122502605665186e-12,-0.0032108972121021625,0.06395840869355655,-6.455326084217651e-11,-7.521599627626991e-08,-3.071271134359958e-15,1.1943703323296148e-17,-8.410394384776357e-17,0.0010784144806499536,0.02406099830923281,0.0319157837759672,1.256522982379494e-07,-8.770412570207992e-10,1.3612489067374248e-08,-0.0586899021385376,-6.384501187544402e-12,1.9413489826442064e-07,3.5761037274666617e-07,-0.022406620942621577,-0.058295107443854154,2.109533113384538e-07,-0.2533743241794892,-0.166135897255096,7.42929625293191e-13,-0.5680174838783287,-0.09977680616980181,-4.3238618659068563e-07,-2.900181163227103e-07,-8.726891219731372e-08,0.22894982707613296,-0.047170933275239184,8.448645980225844e-10,0.20868993939983402,-0.42852686895684183,1.189357326676042e-08,1.0844495820253791e-09,6.733825021537315e-08,-0.0003447686227533232,-0.024386708988708,0.1552243440746618,-0.02679189931060226,-0.00010564847621509713,0.08768842612231317,0.02656057252501161,0.07026058496448577,0.00017396598903202332,-0.0008597737662401309,0.00010997118504178855,-0.22885768936355488,-0.008984526239476263,8.504555663001198e-05,0.025248005317543388,-0.23705250938713354,0.013296768899065748,-0.07192462735619626,0.0010203740136671127,-0.005994507916137077,-0.0053356473533402345,-0.01666151341598745,-0.10433196920857714,0.003959567053302722,-3.529817364330006e-05,0.16970747591407442,0.05695258450006404,0.007787443755219551,0.046736067687124586,-0.022022372724061982,-0.012070019928996544,-0.032715867586097104,-0.01674602550476749,-0.006294634219145483,-0.02456943769388791,0.12424705603389807,-0.004373443695895004,-0.08786177306393726,-0.08598496064175337,-0.029126605520445558,-0.12869775847201936,-5.446719458402923e-13,0.0006210020782303231,0.0473992325975922,-0.0266828022520581,0.1280733417393193,0.019262772927840767,0.07625647801003924,-0.03222761976693946,0.058328616101457634
72,4.148106074703484e-30,2.612553814796228e-29,-4.431070571543916e-29,2.473061414487861e-11,-2.3299364386166136e-11,2.6189389970952592e-11,0.0023079351260497758,-0.04420235260445143,2.731277707179161e-12,0.0021224061444840426,-0.04181157866453737,-6.539754572518873e-11,-1.1461996174358171e-07,-3.3964518350850044e-15,-7.020352172924764e-17,-1.0943885834756244e-16,0.002177475484844957,0.04698497629122219,0.04053102891355852,-1.5966233621745097e-08,-7.783441134014036e-10,1.577010089394118e-08,0.03836226687310225,-7.318642430542912e-12,9.189213228816548e-08,2.0153092207864896e-07,-0.04302576050435912,-0.07424334042530654,5.305655729156643e-07,-0.28499496037002203,-0.26810864491858916,-9.734818228457743e-12,0.3637060190471024,0.06373930296186217,-2.5146197054703326e-07,-1.7514116227899286e-06,-3.630236753668772e-07,0.2914557019265981,-0.09243977319101453,4.067232188378802e-09,0.4184512561906249,0.26433487737150413,3.9610264601164733e-08,3.8558106270281833e-10,3.4984480838670843e-07,-0.0014936476623819742,-0.11036620744398658,0.3114764901097018,0.08709842526405784,0.0008125402462501278,0.17114847819854526,0.05984354936155363,-0.0509707721842527,0.00010150475383932608,0.000213746458847754,-4.690850249781144e-05,0.0639088118926101,0.0032799905412974795,-5.339207572547787e-05,0.17102703084919943,0.04372083416705541,-0.15106677282767156,-0.10667400158421507,0.0014362442766425565,-0.009646458734625623,-0.009472665854927117,-0.027332351322487507,-0.13044601093188535,-0.002488882194964926,3.8980138192206575e-05,-0.14171677896075768,0.10786525073232257,0.0027362220919039857,0.03987097693948323,-0.13209359499222909,0.00975680004422423,0.02816210417067418,-0.0599975588123515,-0.0014014932702605268,0.004136044238135252,0.007260850923987091,-0.05084425422884486,0.006408180496426797,0.02011698974563211,-0.022075525500121308,0.10822701427242323,-8.212459547289703e-13,-0.0071482722756439935,-0.01308042444961424,-0.04343775234974985,-0.04317379363110378,0.031273099888604126,0.1788676902459613,0.026099823573893295,0.08849565985881354
73,4.8879141136519146e-30,4.48834571991058e-30,4.4903547851951786e-29,2.914151436165236e-11,-3.9802982960401545e-12,-3.0977481569095265e-11,0.002718455564059688,-0.05207219575272851,3.6357545014140203e-12,0.0003883543675761187,-0.007374800084092997,-6.257704191432455e-11,5.983120426117679e-08,-4.204299836519531e-15,-6.80493005089211e-17,9.84527608751125e-18,-0.0024764348883503954,-0.055983426539943905,0.047645650274034126,2.407298644790051e-08,-9.622892159234435e-10,1.8408607131389048e-08,0.006602585535042903,-8.806169511899514e-12,1.5105751844961962e-07,1.5265150457190067e-07,0.0516213748888827,-0.08689695646451136,5.025016275721428e-07,-0.34431811819110103,-0.3019675675417104,-1.0894490937722884e-11,0.0583070385642454,0.007992077441832897,-2.1651454336231907e-07,-1.7861346108924012e-06,1.5927457578117184e-07,0.34590389252841547,0.058749634003663696,4.2553682973532105e-09,-0.49856474682364144,0.05709405631093375,3.351118144802335e-08,2.7689137176194314e-09,2.360223064194145e-07,-0.0016843681089902312,-0.14916179351192993,-0.359356018292678,-0.023838392196043227,-0.0001494902795628888,0.15218854683955418,-0.01111317171525204,0.09649793296829116,0.00019573415387420722,-0.00045859147124116073,-8.663443108349212e-05,-0.11127762620782268,-0.0036491309923309635,-6.65948234027059e-05,-0.007824038518161784,0.1825990335633514,0.12367037451517372,0.14810112815814527,0.005581970548945707,-0.012077091460961467,-0.010089430542968876,-0.02847454714660948,-0.1439483166006985,-0.00167245883561664,0.00010315569756753613,-0.0407823410165317,-0.0526290698763583,0.009033035554984052,0.012488967500886421,0.14475123051965305,0.002168028213661658,0.016757213696169077,0.05387497086633472,-0.0012902731211493408,-0.05832503922988358,0.04200042691529904,0.036988126351078475,0.06611455193491095,0.018653408807716747,-0.023413346040596507,0.15422721405974033,-6.963350878760736e-13,-0.04933936893626353,-0.0043364956847689136,0.010716741964474025,0.1441660030914072,0.033316377483746044,-0.06246555782812593,-0.07526124369935863,0.07484737140527492
74,-4.385831504512596e-33,5.544543883246522e-32,3.315007936559171e-32,-2.712984853459511e-14,-4.991879563892633e-14,-1.954313572979344e-14,-9.231977196160007e-05,0.0018613666398973714,-4.2472409289361414e-13,0.00016162022200515882,-0.003406696504983191,-4.7874864938947785e-11,-1.5579221237571938e-07,-2.1694255977384592e-16,5.374628949956851e-16,3.0331198275931196e-17,-8.69595001835098e-05,-0.001120328668414786,-0.3328517425479719,5.904311167148266e-07,-9.33075166879926e-11,1.0849529480195278e-09,0.6099918404697638,1.7538931366642246e-13,4.829325346066246e-09,3.2683106645006987e-07,0.23130378879227864,0.0010051131659735198,-1.707495377936671e-08,0.0066445561283772405,0.007796905694587346,4.61979078914727e-13,0.01904561911023752,0.0018090635412828797,1.3651094982979324e-08,5.977317299606099e-08,5.704921512960609e-09,-0.02670409188220341,0.002325445164901945,-4.856002123690096e-10,-0.0061556402325841355,0.04890562368156823,-5.875492470083071e-09,-4.993118929793433e-10,-4.987983590982666e-08,0.00020976162386695916,0.017370764073113224,-0.01763353243972359,0.009744088077759245,2.4310347509059424e-05,-0.06729240811502757,-0.013775028671619229,-0.05143767231899341,-0.00015917382561453147,0.0007031116811122159,-6.866184367413606e-05,0.178231059897248,0.006862217151686605,-4.954414875249733e-05,-0.047966055713873114,0.15975716407290932,-0.09941826439911278,0.13779210241038,0.011582798741645795,-0.017297821384449436,-0.01153892523425825,-0.03531367229568816,-0.2487554514975602,0.013617165504435763,-0.00021623047220150778,0.41108673451083927,0.12045538820009906,0.01216668060485943,0.08800495360577461,-0.0771349677748711,-0.03087296875374255,-0.03707217646501402,-0.020655652364801394,-0.009895195781222988,-0.02511563044548692,0.1263592786523762,-0.005271311084399456,-0.11124592712197974,-0.12521766827324227,-0.03789513828764058,-0.13421594981185744,-5.599937459426135e-13,0.00793882742375521,0.06527974370509004,-0.0355502596708319,0.13330507777583686,0.020617065163181528,0.08043666581605938,-0.036751445244824384,0.05994146197755313
75,-5.547990080399772e-33,-3.5892973800648516e-32,6.050997891083224e-32,-3.4317775195044315e-14,3.22472090254514e-14,-3.65577515867576e-14,-0.00011701929031404879,0.002358845454193296,-4.7084435085286e-13,-0.00010824424114902806,0.002231268445495092,-6.31096190085598e-11,-1.9754826109993492e-07,-5.127217642301413e-17,7.021835992215669e-16,2.4518235617140372e-17,-0.00015555165284361391,-0.0023237953332974027,-0.42303903000536897,-3.836072992710357e-07,5.146002327833721e-12,5.531677002610439e-10,-0.3993851184810811,2.3867642617917333e-13,-1.9783767352654534e-09,5.99813291299925e-07,0.44540430882362675,0.0012753627174016608,-2.2235879255870938e-08,0.009240526178170314,0.009223890671134502,1.7605611127802542e-12,-0.011908265306720135,-0.0009649221023418336,1.2527240676883555e-08,9.138748361523997e-08,2.3805313123497772e-08,-0.034182254019663495,0.003924008323378151,-1.1555688582887493e-09,-0.013439925687295613,-0.030942697611715295,-1.2589680089643253e-08,-4.403454547223114e-10,-1.320184511854732e-07,0.0004766667945945322,0.038750195299869054,-0.0366057188440775,-0.030075786005829074,-0.0003764487312140229,-0.10987271090080554,-0.0266387065585613,-0.0024603446893986035,-0.00014318985267046212,0.00011529072037691388,9.452064700302079e-05,0.019966700116606142,-1.2914116883763915e-05,0.00010201344741311648,-0.16042736394019186,-0.11925481232263756,0.20515703018887385,0.15054795403635526,0.014181286718229021,-0.03225836028903695,-0.02474278036495217,-0.06096261756866864,-0.23640533508489583,-0.0016751260260240383,-0.00010763611785911969,-0.28109045594907006,0.2157138198093558,0.001336963684584833,0.07505309844202668,-0.278044211184483,0.021110811435802342,0.029884427122489503,-0.06794745746753658,-0.0021440496086233226,0.003242285829152948,0.008048460000499545,-0.05318447218539801,0.0019492103370978636,0.02288330587179607,-0.026579458709077707,0.10758895479607526,-8.023957695908194e-13,0.0008177323474161467,-0.015960000392802483,-0.055549442194429886,-0.04244880863734151,0.03178355654371172,0.1792038800637332,0.03848817562003842,0.08646320174806524
76,-6.537096098750566e-33,-6.083635787900289e-33,-6.224838095974152e-32,-4.043625306140106e-14,5.4204963385963036e-15,4.2619666817012816e-14,-0.000137778289718396,0.0027774692825683405,-5.790420325893185e-13,-2.060980021380283e-05,0.00039311951966459157,-7.456729195554976e-11,-2.4252384863923646e-07,-1.4224482862870474e-16,7.635770708793118e-16,6.715611052658217e-17,7.199652824525402e-05,0.003205551185115982,-0.49745858940615356,-6.19974046328543e-08,-4.709329754546273e-11,1.0272221288113597e-09,-0.06867942856181294,2.8469709603306996e-13,-4.215185912087389e-09,-7.268942308156171e-07,-0.5333865453465463,0.0015785487701293814,-2.7924881528648286e-08,0.011030234992057207,0.010420375028709749,1.8142208009943302e-12,-0.0016007150099919467,-8.555136903869792e-05,2.4957612523552193e-08,9.211562238936954e-08,8.164633262997547e-09,-0.04008659598090359,0.0019081577470352327,-1.2184829463036684e-09,0.016011955497497378,-0.005669486665424322,-1.2463532765047182e-08,-8.448830292298394e-10,-1.1852252436892612e-07,0.0005178154558464707,0.04487099273747175,0.03948808262667577,-0.0027206504178666022,-9.897323999520897e-05,-0.11387160299926143,-0.011151852362559665,-0.05414062127202628,-0.0001986696443779979,0.0004934816760862237,9.37215318871886e-05,0.1163983676322051,0.0038415652399918917,9.172327012523154e-05,-0.08753321444789086,-0.14439302895246778,-0.0989557892944254,-0.15470759488767827,0.008535301196095078,-0.026747986099452843,-0.022989452143239886,-0.06723440285720479,-0.35771159652271833,-0.009458001465452904,0.00043459728009803033,-0.10185856529812815,-0.15679343804706591,0.015605789228751598,-0.008081849723216423,0.31790000658825573,0.005739782535163078,0.019023637099497614,0.06335837533947403,-0.0007162007748981121,-0.057660419876305394,0.0425345706344669,0.03987575968244129,0.08625429158853709,0.03453431271173491,-0.02753087632590626,0.1610676442942799,-7.076620699102735e-13,-0.07900841861787705,-0.0088486676421068,0.019225670695819336,0.1478494414282454,0.035006890452769106,-0.06330539135117629,-0.09751695129772382,0.076076332359374
77,4.01741465746087e-35,-5.241903752739889e-34,-3.088120047121561e-34,2.581012081834878e-16,4.757793357565736e-16,1.9202051366534987e-16,2.7802864438899587e-05,-0.0005835012881067401,2.464675924048713e-13,-4.837003464177848e-05,0.0010679477894179456,4.864227400672617e-11,1.4831198531378352e-07,4.678751651758203e-16,-4.2240133438379356e-16,-2.6358075054617925e-17,4.6276773789357346e-05,0.00025419586078804254,0.3072621408933105,-5.592167761281319e-07,1.755725166376882e-10,-2.4157919433430185e-09,-0.5641198275408762,9.944762555294339e-13,-3.0244110011884135e-08,-3.4598943545769563e-07,-0.21397189690156432,0.00877036444242612,-3.898310025302621e-08,0.03940804774731499,0.026858593346627237,3.644268599488106e-13,0.08951741808600847,0.015012304920117774,7.054509668109873e-08,7.200214884375832e-08,1.6881460747798348e-08,-0.05115614323953234,0.008306808990700855,-5.855079892815306e-10,-0.03231450649276728,0.09467074392043595,-7.294288160933378e-09,-6.250980717867698e-10,-5.9052523765374884e-08,0.0002516397702291647,0.020428428144002385,-0.03423328665327332,0.012665542022214718,3.435541684413363e-05,-0.07955346625246781,-0.017083618070288874,-0.06097975509261601,-0.00018528040637843694,0.000825624141119894,-8.261588333997574e-05,0.21020123204558205,0.00810681963929368,-6.0029901950787716e-05,-0.053736942196643725,0.19082317171144375,-0.10771313539586308,0.15373217736316047,0.01237693514365676,-0.018151571486866185,-0.012010640071139847,-0.03672262207510027,-0.2595100286562921,0.014314849275494564,-0.00022929735674166775,0.4283284912704092,0.12502164411562094,0.012484654002361678,0.0909836865545961,-0.0810730058763782,-0.03222022022229533,-0.037321027086857514,-0.02090882333228656,-0.010150122894111345,-0.02515842495085595,0.1263905270722047,-0.005330071455813818,-0.11277266081024315,-0.12792184980993596,-0.038521495240851786,-0.13431214188276133,-5.609322018756809e-13,0.008424698623592537,0.06650215042489907,-0.03617164940395993,0.13359634587722644,0.020726217899809937,0.08068585689660568,-0.03707885099386795,0.06007083542880797
78,5.083173041716177e-35,3.378577946158869e-34,-5.621776765582199e-34,3.2656525748676924e-16,-3.0572622383961665e-16,3.526881618726265e-16,3.524384908782407e-05,-0.0007395753372333849,2.8859665689868584e-13,3.289576728058262e-05,-0.0007003673516959779,6.305088066955072e-11,1.884900691287091e-07,4.509991316834956e-16,-5.739011691444125e-16,-3.605904880198794e-18,7.390179315098106e-05,0.0006144960615754157,0.39035544674626865,3.570965728917119e-07,8.244578533437516e-11,-2.187566308150233e-09,0.3690906067238318,1.1505137155934956e-12,-1.4553453997882191e-08,-5.854191639187719e-07,-0.4115203704632922,0.011178688523057596,-8.803154783475574e-08,0.04474672902500577,0.04238011967010999,2.779612540104532e-12,-0.057092576322220805,-0.009509736144579546,4.574661383840813e-08,2.9571913991779557e-07,6.707310033355799e-08,-0.06530778255554641,0.015697211301451783,-1.5977504075254317e-09,-0.06561692459722665,-0.05907300424798773,-1.698897589823102e-08,-4.95790833409233e-10,-1.7208758109043155e-07,0.0006412537504362504,0.05101694244561181,-0.06992173966812297,-0.039880937979326826,-0.00047377661539803063,-0.13239158291007413,-0.03378343561153884,0.0018234091944876304,-0.00016217193964555005,0.00010601584291576599,0.00010531649726666156,0.016108838379549545,-0.00028677346005009956,0.00011393751916176903,-0.18660553404111857,-0.131471332547288,0.23260798094170795,0.1703762472275391,0.015151011973011368,-0.03396781708910656,-0.025895330669811145,-0.06350669821154556,-0.24451559347878743,-0.0016108649040904313,-0.00011846823949719546,-0.29123748974445657,0.22360400768704955,0.0012469700149566252,0.07767693744787811,-0.2886159552460815,0.02193862055697394,0.030000007352787728,-0.06847793004863349,-0.0022031996690893866,0.0031271977112630645,0.008185558806831564,-0.05331751391602699,0.0016312727880399681,0.023047532377357176,-0.02693797531011569,0.10756888836415858,-8.017140365299536e-13,0.0013606969432236311,-0.016144768020867083,-0.05642705503753806,-0.04222986188808703,0.03184543027019165,0.17917635296855647,0.039307473081953384,0.08637116464986216
79,5.989150977595166e-35,5.619603974198083e-35,5.9665695491139764e-34,3.8477091652657194e-16,-5.0230082154375936e-17,-3.9859831604476306e-16,4.1495818189516384e-05,-0.0008707968497418879,3.482709570280761e-13,6.57864470501926e-06,-0.0001237196252108851,7.410705382899678e-11,2.2486213749512333e-07,5.073108961179841e-16,-7.107804337791057e-16,-3.9353245303688574e-17,9.98423366482106e-06,-0.0011430021982141404,0.4591702834421138,5.460873508757957e-08,1.5155898432114967e-10,-2.928654643670926e-09,0.0635419092020692,1.376269048951565e-12,-2.020209153256977e-08,6.476187151116011e-07,0.493184196623335,0.013030884560211571,-8.523514979122881e-08,0.05371672823132917,0.04817675648694755,2.9862463586543425e-12,-0.008948385176831802,-0.001134607210981591,4.099407805040366e-08,3.086515238514551e-07,-1.4173266111831902e-08,-0.07712485920025194,-0.006649245166515283,-1.6835738694139383e-09,0.0782098722301558,-0.011870391272821018,-1.6238556983190636e-08,-1.1543821999491602e-09,-1.4686227851505817e-07,0.0007039011534621442,0.06137660850706842,0.07785936539942523,-0.0006464154878373225,-9.181305058371652e-05,-0.1348446590244655,-0.010829554391595504,-0.0663892640966513,-0.00022958614069975577,0.0005683263001015799,0.00010782615072619981,0.13431988891203914,0.004431831334182895,0.00010401671989162894,-0.09319560221356825,-0.17022339368034484,-0.11632628283678602,-0.1779519356749772,0.008753673579587251,-0.027846244707454944,-0.023954297181341146,-0.07013307042712405,-0.37371399453568593,-0.010028110452154116,0.0004589563438429121,-0.10622477547976085,-0.1642545779757508,0.016091902322215437,-0.009522111167049156,0.3303636291580844,0.005993384464953482,0.01916981857316528,0.06396637097022756,-0.0006803224340926464,-0.05759352521367288,0.04263497959952465,0.04003221084996682,0.08761051856381821,0.03561735245266821,-0.02785469285517351,0.1614422636547466,-7.089228503976681e-13,-0.08114741904809232,-0.0091423010478212,0.019788618628930155,0.14809687682499614,0.0351398976565976,-0.06318455880544485,-0.09909787133324828,0.07620563878993429
80,-6.597625783959251e-20,6.912912419520312e-19,4.154775686112922e-19,-0.3218127013148753,-0.588986741607134,-0.22261593381491324,5.808610901842476e-06,-0.00010704931630128098,-5.559136651261634e-09,-1.120081975710475e-05,0.00021470084366267093,6.821410525567983e-08,5.183293694478268e-05,5.614879245084873e-13,-2.602283424153244e-15,4.027572090288679e-15,4.470066432059466e-06,9.806314027563593e-05,-1.0774455911091979e-05,-0.0001410373477343141,2.1129753914084494e-07,-2.5131010396701273e-06,2.627115774984281e-05,-4.1567421700758003e-13,-9.702251732596102e-06,-8.045955100840273e-05,2.130113369082123e-05,0.0016641639784287679,-6.965072120475197e-06,0.028615529486026917,-0.03535050748880452,-3.302849889727093e-11,-0.004198249783212842,-0.0012490845347664732,3.007490806140818e-06,3.294370049357374e-05,-2.6893519368282324e-06,-2.2062288789790186e-06,-0.00026945735206152253,3.9009649171306045e-09,0.0014260680417021638,-8.121445000132125e-06,1.9717877102860183e-08,1.4729791610528593e-08,-7.128673347496214e-07,-0.000939929049211302,-0.06787023847917686,0.0034297220965926914,-0.2803766237086251,-0.0006485825180578263,-0.06852850574551846,0.3388678174224015,-0.01573077963910279,-0.00026561113909020053,0.000539058476444438,-2.771072994390577e-05,0.023642713215309627,-8.268878171414055e-05,-4.92995861667025e-05,-0.003923709372488454,-0.008972773574893742,-0.13645068729299017,0.14177372931677706,-0.006086872150400368,0.010556343754212352,0.0007162700319921824,-0.005657213352910537,0.028624123697065136,-0.025993563074324638,-0.0009417218497582973,-0.03245644711301785,-0.09141347053487546,-0.023605179950293792,-0.1289480453262131,-0.09167464760607381,0.013670561987336854,0.0007287061056603896,0.013709641901349469,0.02860507100033425,-0.021933946587433382,0.17508095312566158,-0.002488556869434901,0.1364069324723459,0.295039390203545,0.0723803446633819,-0.17079070105537444,-5.824235790760584e-13,-0.033092520865712814,-0.12778954934825024,0.07147674583692606,0.1128706011751775,0.00670831883408542,0.08398958101707286,0.013625292598158263,0.06220097525384464
81,-8.35202196981526e-20,-4.524101531583354e-19,7.712088828377102e-19,-0.40738701369061336,0.38540636271795903,-0.43077437386331063,6.86970498963174e-06,-0.0001262075082390337,-6.964305388999526e-09,6.206067281157267e-06,-0.00011746519195970428,7.331931733303269e-08,6.669737111070021e-05,1.0911133109020955e-12,-4.743641194399304e-15,6.975072444271092e-15,6.442047027000441e-06,0.00013625708521486916,-1.1441177712179307e-05,9.251963463541503e-05,1.8335525770324704e-07,-4.976219965421826e-06,-1.0186286142372265e-05,-1.0054391387431397e-12,5.898850382323955e-06,-0.00015133513832668328,1.3390974556315724e-05,0.0006701292636959613,-3.645384969146469e-06,0.004695225769362548,-0.0011120824627290093,-1.0627633910215741e-10,-0.004091250222146198,-0.0007022845776290841,1.372110200791289e-05,-3.0005213765019786e-05,-1.1363677175546053e-06,0.00025374820371946945,0.0003638649491646508,1.3771877405208448e-08,-0.0030244266643463386,0.0003325563378320323,3.9215427367553183e-08,-1.7081981272306757e-08,5.741603499872992e-07,-0.0034123452910861866,-0.22074077464147965,0.012367343127671255,0.24661153816495157,0.00011319601721431171,-0.24194243989440734,0.11490024668775338,-0.07405031226065255,-3.6462736676943816e-05,-0.0004063932019468124,-1.655033787601258e-05,-0.09596080612172689,-0.004705729999261013,-3.610555500386747e-05,-0.024663031010159188,-0.014828208145674227,0.051854094808037224,0.05132255637146879,-0.023062145306911013,0.04742887592614321,0.026865034073282838,0.04293789852134288,0.03621620252046049,-0.011543277517269386,-0.0004930603194189737,0.061211955387764756,-0.1411676197722973,-0.020857004837283005,-0.1676425853611366,-0.0286238897451729,-0.01681379873722842,-0.0033575979974245686,0.05427637968204746,-0.008673840410739337,0.028291698094031117,-0.004911142040963268,-0.026371877610515796,0.059962541426036776,-0.1730693081256772,0.11741446744061551,0.10440126586142114,-1.217535333071128e-12,0.13381542285562426,0.07850038451529143,0.2028240677993354,-0.0801455676748739,0.02289195416541393,0.21870728671484038,-0.1935015529202568,0.13131823275623958
82,-9.839361933140624e-20,-7.960915430064169e-20,-7.739997420547833e-19,-0.47994277982871847,0.06778735704810043,0.514920436650495,8.141326181278722e-06,-0.00014963870096251344,-8.182805530788895e-09,8.178074113649474e-07,-1.4863726120386303e-05,9.02865928729401e-08,7.773570071425711e-05,1.153547645276328e-12,-5.140297951462458e-15,7.672016079770977e-15,-7.349673518314771e-06,-0.00015475577307320012,-1.3848327374202476e-05,1.452711242595628e-05,2.0576098337071983e-07,-5.240393058839992e-06,2.2432302537050563e-07,-1.0789908939625872e-12,-2.5777139301389547e-06,0.00018170718633652247,-1.150988504461475e-05,0.0009598924405865699,1.5357573579725212e-05,0.009394090737710747,-0.006705057787967715,-8.889012464773965e-11,-0.003084067231615456,-0.0006157750328999513,-3.086602307803686e-05,-1.1559785237917368e-05,-1.836497020409549e-06,0.00024016517191723208,-0.0009485397411300286,1.156060590969628e-08,0.005461367300415906,-1.2615129668619928e-05,6.007074639105558e-08,1.4211368110494185e-08,-5.112286348619978e-07,-0.003183374420164056,-0.23143381291112497,0.011526640271093676,-0.22446681124933182,0.00046828995783821525,-0.1071304312552128,-0.2402986432746793,-0.1493238534966808,-0.0003342285555261444,-0.0001444303628363336,-3.150401703683382e-05,-0.012580866630933834,-0.0013320031338199141,-6.021908695858658e-05,0.024877478089803704,-0.012673278487268562,-0.02674185062217635,-0.06140187568882634,-0.02449555775282036,0.034839720523785825,0.011882855507450102,0.010349275854541361,0.03688695964065216,-0.0010044085005214089,-0.003066296396670808,0.028214652478941518,-0.10317532020827594,-0.07369490209939043,-0.2316605554279909,-0.15358909206294646,-0.006223104930209447,0.00638651256100966,-0.04490723580012828,0.006059470938650937,-0.10311085453181769,0.03155746982918245,0.02076850965930859,-0.13992801902725263,-0.04970846248540738,-0.020955837380833755,0.185646825840172,-8.133139730644958e-13,0.1311002422735146,0.004716618844371996,-0.1346682634803413,0.1575678759148845,0.025883833620212293,-0.1171040594321239,0.21865044423338884,0.0873867626214929
83,-7.682924348752329e-25,1.2387437410084963e-23,9.902684058364972e-24,-4.123366740567537e-06,-1.0801700851402767e-05,-5.776790964678363e-06,-1.7048283733058531e-09,3.250235098127917e-08,3.0613449539187193e-12,4.693586546628161e-09,-9.316620008421015e-08,-4.987862529024726e-11,-3.6765704506286764e-08,-6.203675777608541e-16,3.0680348999555522e-18,-5.058162489147153e-18,-2.672873476883263e-09,-6.097623307898455e-08,6.978657764002065e-09,1.412509505019129e-07,-2.36548547593923e-10,2.769236964174865e-09,-2.4269057251138213e-08,8.543170279257422e-16,1.4819505177266267e-08,1.143189194281831e-07,-2.849479731192569e-08,-2.684083862651764e-06,1.468530583888416e-08,-5.081010992890871e-05,6.536428158689911e-05,1.9392093096682413e-13,1.1614828634257764e-05,2.963177104322184e-06,-0.002705030736424494,-0.028133876715744584,1.0709205944576058e-08,-5.078314505351526e-08,1.008020126384194e-06,-3.872697670225496e-11,-6.141318789601039e-06,-3.913743910238358e-08,-2.227660216844562e-10,-1.1866795051193457e-10,6.407620897482062e-09,1.0810986865527314e-05,0.0007998095235969326,-4.218043448797676e-05,0.003708977974241184,7.305416774335374e-06,0.0023661218530791612,-0.004373854228563623,0.0026973771293231563,2.0070922049520143e-05,-2.721330058037069e-05,-4.770297807977793e-07,0.01640210242497363,-0.392404955146198,-8.616102280383237e-07,5.780533196173072e-05,-0.00034737623174480503,0.0032623320997625434,-0.004253184216680443,-0.0006214713344537973,0.0015872688204796072,0.0013855683848263934,0.0029409134619577857,0.0002647667815472388,0.008623242822451398,-0.00013598203911406514,-0.05429511251383022,0.002140677409944518,-0.2579499062771302,0.06748226209748243,0.009029805362592494,-0.785703922791871,-0.0003406975766158129,-0.00048183309435109555,0.002070057854226154,-0.006286081044409531,0.02349898288823349,0.001988050635784914,0.008109561496532039,0.02471639708106523,-0.00010393226101035479,0.02882587554513684,-2.00435247532314e-13,-0.015822257994231762,-0.008676570828648096,0.001616008224627091,0.04077828351866897,-0.38355464036217557,0.04046509801255621,-0.004011640997437779,0.02153739591905398
84,-9.725342927521745e-25,-8.107949574988578e-24,1.875723526292129e-23,-5.2195103788460994e-06,7.067732789327834e-06,-1.117809758847183e-05,-2.0192376218544437e-09,3.837678165017983e-08,3.825667809357491e-12,-2.5875863981806095e-09,5.069777830604247e-08,-5.3470986019773815e-11,-4.715916880697695e-08,-1.188412999630208e-15,5.59658377000129e-18,-8.373306662918307e-18,-3.820279352359004e-09,-8.39869956877085e-08,7.431848987636922e-09,-9.237179944664116e-08,-2.0591146554728146e-10,5.40224133286776e-09,9.226681831094455e-09,1.8921275619099276e-15,-8.853068697714375e-09,2.1478098060125115e-07,-1.7848212949065606e-08,-1.1337638977140435e-06,7.262787743621251e-09,-9.360195721445871e-06,3.2344683082855576e-06,5.059136273533809e-13,1.1371210849186813e-05,1.7559724251687063e-06,-0.011723928690346375,0.0244913943398948,5.089849624867896e-09,-8.182281188344561e-07,-1.0164554665910329e-06,-9.675086515974817e-11,1.0091070081252129e-05,-1.5264061067400292e-06,-3.5444667506447224e-10,1.0682706235986251e-10,-3.4543035239288402e-09,2.633395106733165e-05,0.0017844089038856906,-0.00010041598310128638,-0.0014780654913878848,-1.7103076240240342e-06,0.004241935493625915,-0.0019393121850109164,0.003543094452372153,1.7783493476261375e-05,-1.407619971776862e-05,-7.343980635638081e-07,0.01889566831688395,-0.41005975620998475,-1.2009048876041328e-06,0.00040692230666644505,-0.0002646135118036386,-0.0029811684232366217,-2.3098812752395158e-05,0.00040188282095967654,-0.0016588911517035983,-0.0015873488287815988,-0.0034007775655309253,-0.0007138642342026769,-0.004551323943067168,-0.0001189846828315342,0.03925407869448264,-0.009088307652180543,-0.5576555121432287,0.12391410534275449,0.026156052810317246,0.5894201777069563,-0.0006119255177682622,0.0022863800838588467,-0.0025014687360273573,-0.003669786691918152,0.015301339377766818,0.0006013166653619933,0.004755778799324021,-0.01805476163397485,0.004976220409202292,0.0417628732989391,-2.3034776387182305e-13,0.00092473361436552,0.00862541353621312,0.01390184673104223,0.03093813526585701,-0.3841846990615126,0.048129479858561725,-0.021908882029216693,0.02478221709463586
85,-1.1457219031000103e-24,-1.4275256013112729e-24,-2.055896477721087e-23,-6.149024902735016e-06,1.2428843168782235e-06,1.336086442738784e-05,-2.3934167703673014e-09,4.5508258777085796e-08,4.491477558944126e-12,-3.247236942452692e-10,6.077156181092519e-09,-6.577922053865449e-11,-5.491568131994317e-08,-1.257122724968903e-15,6.1030190790036475e-18,-9.310601876236416e-18,4.323383836001296e-09,9.45394116094434e-08,8.986832653278339e-09,-1.431269491077754e-08,-2.305756422314264e-10,5.692779231640758e-09,-4.101194696709118e-10,2.035699448893735e-15,4.038015221993839e-09,-2.570593316200349e-07,1.4424800851974975e-08,-1.609248952679663e-06,-3.303319591394155e-08,-1.7939034564063334e-05,1.3944572087405755e-05,4.399730275447929e-13,8.982601040517337e-06,1.5827930316651063e-06,0.025297044644821597,0.009125799298582208,7.758488554748296e-09,-7.832409844490177e-07,3.174922831556815e-06,-8.612934469654578e-11,-2.074620412404796e-05,-5.534856810327831e-08,-4.994507536803599e-10,-1.1338653295381715e-10,4.873590222329051e-09,2.5552520065955326e-05,0.001895750520439598,-9.767219600405544e-05,0.0031989042269297448,-5.5198292189221326e-06,0.0031086056251976575,0.0015491128976099658,0.004731752894881012,2.373401266373501e-05,-2.0464262663541568e-05,-5.855342567956476e-07,0.01986961696326508,-0.4601920426325831,-9.657691838871519e-07,-0.0003987501209757172,-0.000348133592031662,-0.0006114008444854289,0.003841475926902226,0.00031013228453462407,-0.0003895104283609641,-5.640385145486012e-05,0.0001238911943497496,-0.0004094482638650351,-0.0030730207638293597,0.0002957675811409994,0.011841771926721098,0.015113290694528872,0.7550005293724323,-0.1644364391317143,-0.02506366016924911,0.164501411454654,0.00011178630156010756,-0.00547396652928401,-0.0003693410152539439,-0.011188804998492414,0.01685797334258209,0.0038185637140192566,-0.016257797251243364,-0.00864744893319208,-0.0134112460320044,0.04913844179889196,-2.1015764453669833e-13,0.005578168569044256,0.0020287311607230167,-0.023372525586273264,0.04580181646037478,-0.3925636236150584,0.027868185767889648,0.021169556882033362,0.0226052209213055
86,1.0330711840520231e-17,1.3940992074526057e-17,-2.2609457375319756e-17,1.0581514818319467e-11,-2.0540725239015346e-11,4.60274634547593e-11,-3.9706664438341865e-12,8.16602927515019e-11,6.755590868907978e-07,-6.816932037813316e-12,1.4274517354769298e-10,-5.035335327679128e-06,-0.004889565424685139,-5.1439054853610774e-11,2.0396281078749541e-13,-2.8617157027688184e-13,-3.48373191384024e-11,-8.873243483410166e-09,2.2290025193417418e-09,-0.006617956155466339,-8.163950667928693e-06,0.00023589100899552352,6.1224913966318434e-09,2.6491002488295395e-11,-0.0003074386936204367,0.010401796642626939,-1.3731239653293086e-08,-2.693638656737562e-09,0.00026005895602936757,-9.759554095266921e-08,9.57779831101063e-08,7.685495226126056e-10,2.6935315393963066e-07,2.991382569569528e-08,7.500252744762798e-10,4.635163239558086e-10,6.606134206716957e-06,-3.19865228381748e-08,2.8175571154797494e-08,-3.299666015987747e-08,-1.1652626137784851e-08,-1.1377063769625002e-07,1.0234842689363045e-07,8.223525530786066e-08,-9.801599398751307e-07,0.0031025561321906384,0.0003941428565791178,-2.3417985304556375e-05,-0.0010709547825606999,-0.0004381579469595447,0.00298107894511434,-0.0005844958252507489,0.0031729708266057086,0.0001518286147425965,-0.000124324095465699,-5.7959067174648004e-05,0.006421196146610816,0.00039150790882093683,-0.0001079188643913297,-0.0011123029841495753,-0.00593676093434175,0.005923982144122664,0.01070762355521105,-0.1405196690224903,0.35795702884374825,0.24166952143966283,0.4061305870466386,-0.12774151211361862,-0.2285220439788203,0.018642608792573536,-0.030480511026023567,0.1779072406228316,0.017000709082643867,0.09542370664208816,0.11743080527982186,0.006832360311404406,-0.16254090938414306,0.44717471242429574,0.1829285161181762,0.0998043153412382,-0.04964951574922247,0.17135673028842463,-0.23612864420439147,0.16405262882364255,0.020982823535583697,-0.015088760122617447,-2.1153148861066746e-12,0.0677584146925064,0.005514279688562127,0.07879710088909979,-0.0820653241329281,0.0030362022095779795,0.02702826306712232,0.21946432654776352,0.2284667592681513
87,4.866547064864596e-18,-8.960920503613625e-18,-3.6859371935740056e-18,0.00026796605707698736,0.0007026480343944482,0.00037612346419364925,-1.2172784445756252e-07,2.3152320287528933e-06,3.3179587365849453e-07,3.3904103111875643e-07,-6.716021197563523e-06,-2.998919034668603e-06,-0.0023507972835712836,-1.5843190328239898e-11,6.718943488412025e-14,-1.0563655665851923e-13,-1.9359330849607176e-07,-4.409751019996028e-06,4.825964396235731e-07,0.004428980480281486,-5.8867844084754365e-06,7.114547545995764e-05,-1.7213993883081896e-06,1.6368763075937036e-11,0.0001899387696430642,0.0017608380049572816,-2.036765144869228e-06,-0.0001893552283303957,0.0001014710856318134,-0.0036276874462493687,0.004696630025713736,1.7015072829447501e-10,0.0008323588598760679,0.00021475196337042033,-4.7289704139070365e-07,-5.278147051263861e-06,1.942078316880699e-05,1.0927514756520179e-07,7.134356524427987e-05,-8.170898223762536e-09,-0.0004448360858329868,2.78148349375848e-06,-1.3850746800690016e-08,-4.075837631016965e-08,2.0832663942714875e-06,0.0009323762284368328,0.045995826999289,-0.002381337403064359,0.416936071951345,0.0003853905078910732,0.12289155493117744,-0.5783202956263273,0.06779756703633037,0.00017251064491666934,-0.0005495054959488984,9.0162507299384e-05,-0.07966348953835953,0.0030955823804474807,8.454190497352429e-05,-0.1373895782709315,-0.13284826097032926,-0.34029516967956763,0.2831778120345766,0.014060538542995374,-0.001407356192431227,0.004244978563519951,0.011790996390428186,0.031713240357631754,-0.003927948189225284,-0.0005406169101530848,-0.03865096743216716,-0.08461030787687517,-0.019345897767161942,-0.11325575978862422,-0.07802387685442584,0.01639079073698384,0.013918428581155586,0.017631387903339037,0.023377692619716655,-0.020838043615220864,0.1707946134410118,-0.0018588319261359733,0.1628614701941571,0.2716994344660571,0.0817211081301622,-0.1539929802498712,-5.348840384773725e-13,-0.0064552486998020785,-0.13081370899848155,0.07464215717307845,0.08487844162081233,0.004842980412300752,0.06803837528583104,0.04608611469320569,0.05710838600390752
88,6.160679262953491e-18,5.792167836430718e-18,-6.82298100720702e-18,0.0003392218247508136,-0.0004597811870880832,0.000727820093720904,-1.439743378131729e-07,2.729779165993787e-06,4.1565508982125454e-07,-1.8782468065763017e-07,3.673773762047868e-06,-3.2151938668958552e-06,-0.003027037210385203,-3.117850789971924e-11,1.26075382465307e-13,-1.7891860865030672e-13,-2.788841944497766e-07,-6.124073328851712e-06,5.128817565567264e-07,-0.002909883304145171,-5.086049011761998e-06,0.00014270101432845147,6.6777098215646e-07,1.7679766187663882e-11,-0.0001190564449191279,0.0033268497059048816,-1.28174768195211e-06,-7.665615943118632e-05,5.569851087596682e-05,-0.0006026247624738799,0.00015585865657625613,5.633094668349308e-10,0.000812187834027327,0.00012124356084751263,-2.20432423216975e-06,4.820799572427196e-06,6.9737717773965584e-06,-6.047846768012381e-05,-9.211546641274355e-05,-3.1718324105322926e-08,0.0009027889294111598,-0.00012587728150822354,4.348482248164664e-08,5.991559236317876e-08,-6.010489300583012e-07,0.004347097457541495,0.14342631912411083,-0.008195350057002542,-0.33666905970685235,-0.0013457972758160056,0.40082802510046345,-0.18284746213697545,0.2208882279836028,0.0001207549213928419,0.0018590549915443522,0.00017076448457932264,0.48147309445614117,0.026537785329816495,0.0001723587402839982,0.1105028031899475,-0.2701299170461858,0.14355261071350145,0.10614744085380562,0.002620872101951123,0.007499469442983431,0.007449427588567127,0.016928716289824744,0.05880013051087466,-0.004471653111014529,-0.0006895975731632256,0.07062666497448723,-0.14503584186990012,-0.01743469496481232,-0.16218346714248133,-0.02041965141398111,-0.01992256069005238,-0.016317817812636404,0.07647907317510401,-0.004878965080634965,0.030145179518620023,-0.009765621245528404,-0.011920235205325952,0.04117611590698826,-0.16343796849669692,0.12421316982421136,0.08518184289629359,-1.2327641169175545e-12,0.13626945364927107,0.07642653340973436,0.20723037808180086,-0.08122380777877714,0.019411129393556412,0.19027806095884056,-0.17194229585604537,0.1330089723521738
89,7.256585529074483e-18,9.703612083655252e-19,7.36802720775763e-18,0.00039963734746871536,-8.086880371133491e-05,-0.0008699900995201836,-1.7062554105519117e-07,3.236593356263332e-06,4.882745923286189e-07,-2.4715288207153216e-08,4.64090602217201e-07,-3.961877596525165e-06,-0.003526662394673997,-3.288287089743803e-11,1.3718210567408076e-13,-1.9866082377070087e-13,3.180312594434133e-07,6.940393714140741e-06,6.207169293109096e-07,-0.00045748132446644593,-5.678329902849068e-06,0.00014991085271267747,-1.5303739306703125e-08,2.0393171748716152e-11,5.050058999163877e-05,-0.003996565794471385,1.0965968871002737e-06,-0.0001097988493217815,-0.00021365550563332467,-0.0012026212702522208,0.0009052490185432073,4.46317946815846e-10,0.000617745341449325,0.00010713197277091075,5.0076761686289985e-06,1.8628500492383832e-06,1.1820466715677958e-05,-5.730662735226269e-05,0.000245926156774074,-2.0979529222675924e-08,-0.00165787428850804,3.1276891574834776e-06,-2.1966145494698e-08,-3.5552369601172444e-08,2.2887714182159103e-06,0.003034828206033377,0.15065336579625485,-0.007694758895636659,0.3235525859661543,-0.002524097230980796,0.20038994818743763,0.38231754866181694,0.39495252597965036,0.00019554666637314566,0.0007943016773665418,0.00010189707633686407,0.13830695239157556,0.012383093082340061,0.00016109648834106616,-0.4592236798231618,0.025476749164669396,-0.05809951406750547,-0.1471483282783928,-0.0036720052812131507,0.013223822170437265,0.0080687165028589,0.013665649774632568,0.046709556252482784,-0.00524065875165355,-0.001601259201275144,0.029816626779080386,-0.10833077333880166,-0.07012238652878018,-0.2046011231269162,-0.15078071349839745,-0.006917531000098269,-0.0006950092696265533,-0.058309960589853486,0.007468420510438016,-0.1068165617198511,0.024889148339108477,0.012417683542703915,-0.15078697762881943,-0.04373448973978573,0.013467036574418985,0.16168039039904825,-8.025565221274324e-13,0.14166197109712608,0.002841888680231815,-0.1039682175891539,0.13060062102092507,0.021761442282813754,-0.11611635061383023,0.23143871869242455,0.0862489385027444
90,1.9541820874411268e-25,-3.24312439883751e-24,-2.5986165690632546e-24,1.084838668265103e-06,2.8502516241346184e-06,1.5299114098513902e-06,3.9010337136760235e-05,-0.0007220352986980253,-4.5485105275956475e-11,-0.00010813423945467432,0.002080882838414625,1.1195083859771676e-09,8.09601216368152e-07,3.50154154320915e-14,-2.0528170226768645e-16,3.5225240676712615e-16,5.8969870021558836e-05,0.001290299024628866,-8.211352896137617e-05,-4.191780219767384e-06,1.163949264213438e-08,-1.5592189978890043e-07,0.00028758912442834164,7.959234125803718e-12,-1.893846469752194e-06,-6.447697460212148e-06,0.00029102689763949876,0.019584617373134123,1.8758192379074123e-06,0.3762554087501918,-0.4920060785146878,1.973222749371194e-11,-0.07215953738815734,-0.019647700904521982,1.1953235312953866e-06,-1.0535941454490218e-05,7.727218856054689e-07,-0.0014029180958196428,-0.0021954533013990914,-4.739816369531309e-09,0.013775322983876796,0.0012744628528407658,-3.56203283908376e-08,-7.1800018705288735e-09,1.1768356406872055e-07,0.0015857236539899354,0.12457812961696173,-0.006221116139431564,0.1694089265410951,0.0006778992807819255,-0.0286998782064538,-0.13475894418438616,-0.06864960447890474,8.542060053751576e-05,0.0002098598226281404,-0.00010589558795399891,0.13724393170991755,0.0063122231989658556,-7.735396702394856e-05,0.10007834034654514,0.22452918349401102,0.43467234816196526,-0.3646347069929036,-0.02660115581168729,0.016763050782968296,-0.002657418664051684,-0.018373842357168074,0.0033740347084306624,-0.03119627862596676,-0.0008313198640630551,0.009006011870795316,-0.05655286030164506,-0.014882253894159665,-0.0891321794401485,-0.07156601062797453,0.012735586022618567,-0.016115255886597322,0.00017676357608594338,0.019742974864136252,-0.02378072559135948,0.15812273815000488,-0.0038185887104363663,0.046554338898007384,0.1770706151679697,0.036612206807734346,-0.1627804991559944,-5.847378434223469e-13,-0.029659440852769923,-0.0677646370921216,0.03680142303856309,0.12656601157696842,0.01318921012151163,0.08580211396888766,-0.009750317321850357,0.06248455271841605
91,5.2169331952464595e-36,4.986538756177719e-35,-1.1389464120409047e-34,3.3520496732562563e-17,-4.515211692489513e-17,7.254924592222199e-17,0.009774897931937088,0.0006057365313263176,3.4876694949600693e-16,0.01335332223770742,0.0008051436448867555,5.927928271014968e-14,1.9056782771579776e-09,1.1352460792342777e-17,3.117958579486269e-18,-3.0856346790512716e-17,0.021097429365648398,-0.0011577534556911232,4.9741732219594545e-06,5.012439902151533e-11,-4.742568224383844e-12,8.104640369533788e-11,1.1312754725162379e-05,2.5938479666324913e-13,5.440422338256516e-09,4.2066886271732116e-09,-2.0628419624790153e-05,-0.05101354008419578,1.2972630414593336e-10,0.010601587274577318,0.005468235796363267,-4.470324568855575e-13,-0.01620309328364503,0.07136735389813532,1.0856990625506861e-08,-3.0087239094737e-08,1.40236414217095e-08,-0.016662061838914853,-0.10742445259862214,5.855898991451757e-10,-0.023001092661179088,-0.016019135508389213,7.3216664570598605e-09,3.256323365601132e-10,1.275841145495712e-07,-0.00028488596434785875,-0.026271247647198393,-0.03775743952571615,0.07656189346128467,0.004544283592617228,0.35182809439844676,0.1117013523700557,-0.6342784656271488,-0.0008168951160785319,0.0002938036600603763,0.0001224940074705292,0.05107935963334971,-0.0007124238694907445,0.0001242614375364951,-0.30423870627244193,-0.16377218813553773,0.15551166719031514,0.09394246974216634,0.0033338975036441105,0.0017631495775793755,0.007395803925175927,0.03182573945609208,0.1982158885856151,0.008242531264894134,0.0004912840782449623,0.18134978275518257,-0.04779461251565345,0.017639667597078804,0.06505302602530441,0.21412347445589738,-0.007684671233157444,0.04007096018002213,-0.10099844327333053,0.0051648222091335615,0.0038463460128467402,0.009058252692947251,-0.06694135325010454,-0.012986213920229885,0.11333643000946998,-0.08311241410944305,0.12091608597396225,-8.612817640215089e-13,-0.10478595281528053,-0.052033724022059136,-0.13840982993194306,-0.05031972439451281,0.03734676273572116,0.20714295659314336,0.10815765849967772,0.09279806194581391
92,4.578394826471485e-28,-4.245714931112433e-27,-3.853701229652416e-27,2.5409357619030488e-09,3.731759572945972e-09,2.1825959553770597e-09,2.4808602906008873e-11,-4.869365475845741e-10,-7.277732142762026e-14,-5.08967998834387e-11,1.0534607584784015e-09,1.4937551512468285e-12,1.1220767584069053e-09,2.927540662107101e-17,-1.4835098646814382e-19,2.4383173620969368e-19,3.7671262101969813e-11,9.116949329583813e-10,-1.9975678992733457e-10,-4.287871173545914e-09,9.942571941812888e-12,-1.3097901632087907e-10,7.494484349411569e-10,2.6640690328407817e-17,-1.1303557545294683e-09,-4.81402088202643e-09,1.492696695656193e-09,1.9229680689221403e-07,-1.0866252738950008e-08,5.349144752029998e-06,-9.045962886945128e-06,-9.81504350595217e-14,-1.496505333115884e-06,1.1881459385854562e-07,0.22810493365927903,0.7805130703857766,-1.1967334046806945e-09,1.5928760321383866e-07,-1.7952500241221152e-07,2.4655437632310038e-11,1.0019008119109276e-06,1.619628008406897e-07,1.3289599160969856e-10,1.1773213255513104e-11,-8.841720201094679e-10,-7.435643471388149e-06,-0.0005422450205647534,2.9511246033601125e-05,-0.0009402000202819645,4.933693052725057e-07,-0.0019820324150756742,0.0007828753226371331,-0.002767176332867823,-1.7333840178054866e-05,1.9238545716786868e-05,9.123408580716917e-07,-0.01719826910003906,0.3997428934907601,1.6299741161303636e-06,-8.411890295347989e-06,0.00045708386023373467,0.0009407352289013857,-0.0009863879005902164,0.00040866087264845174,-0.0007227334069372796,-0.00029362608600912437,-0.00031603659501806396,-0.0008953580388682968,0.0005934764393022311,4.906654897745095e-05,-0.0021200619813690523,0.005087081702061024,0.009295977548635337,0.005588081300804708,0.003769150424560201,-0.02164989209185907,-0.000301684085207576,-0.0015586284693408971,-0.000352729280431292,-0.007301927051860224,0.019125983348038035,0.0023831932088672304,-0.0018415050169231662,-0.0007321191437935894,-0.004179118414492902,0.04232286040645505,-2.1803468201700116e-13,-0.004342965975231789,0.0007233328626618185,-0.00417784140215503,0.04148008303433363,-0.4145434409627687,0.04043755115525904,-0.0009738745232913852,0.023430782024340863
93,5.24216290977469e-28,2.325317541233555e-27,-6.699152965220582e-27,2.9093988752223763e-09,-2.0420976851673793e-09,3.930695805874235e-09,2.8226532013180955e-11,-5.536457417223304e-10,-8.655758474330129e-14,2.19558722383987e-11,-4.4540595302851535e-10,1.6631343062541374e-12,1.3808419293657707e-09,5.2762566053433716e-17,-2.712552800195072e-19,4.184500113725477e-19,4.7612508474817386e-11,1.1052381226812002e-09,-2.2086614137126122e-10,2.743695890344909e-09,9.601897052420515e-12,-2.387514690654679e-10,-2.356557760285864e-10,-1.747522349733917e-16,7.214747252909388e-10,-9.247258058275176e-09,6.991164101577455e-10,4.7956402173199985e-08,-1.886163223074061e-09,-9.774902391795204e-07,3.331203644736073e-06,-6.93119764032418e-14,-1.3671277406956282e-06,-6.333178505805997e-07,0.5583212395597704,-0.5935670400831153,-1.6562629600332555e-09,4.6245352273076965e-08,-3.7118777233387894e-07,2.058494710496269e-11,2.2790235986454276e-06,5.092507965650186e-08,1.2228564533825526e-10,2.3323398597744676e-11,-1.3725158735720708e-09,-6.3676892497568895e-06,-0.00047352779635649855,2.5565867975687418e-05,-0.001171370030128351,4.671321413179185e-08,-0.001872515472172625,0.0009042903706451146,-0.0026982760815660927,-1.727727044070355e-05,1.967053884252591e-05,8.961177942804347e-07,-0.01694743800345806,0.39570756762126774,1.6064934361057664e-06,4.795677490227691e-06,0.000457677195331797,0.0006834611901301738,-0.0007986389118461514,0.0004485451427835029,-0.0008470644389882612,-0.00040683231360546715,-0.0005569705343818185,-0.0009312961691930974,8.112206084162196e-05,5.076073625199262e-05,0.0014506804487763544,0.004713206145371589,0.00120659057782338,0.006991349728175587,0.004287241833765404,0.030877218716762498,-0.0003098870038366772,-0.0014741412181643032,-0.000521893482890065,-0.007223535773812893,0.018822842261719746,0.0023390264521554903,-0.002022130823635762,-0.002337211946916371,-0.004031321282114223,0.04281831386901168,-2.192043803992854e-13,-0.0036857607737252563,0.0013634105319107173,-0.003807305022091915,0.0411448270082767,-0.41450418904511954,0.0406653519137869,-0.001538226859258181,0.023544527923973862
94,6.024310547847307e-28,1.5270476790244838e-28,5.8290096223810474e-27,3.3435839575514846e-09,-1.3283325670734695e-10,-3.962417424316962e-09,3.329634999231951e-11,-6.538142791899545e-10,-1.0337455718089265e-13,-2.1200629246452666e-12,5.052923288605824e-11,2.080108688229701e-12,1.6688295265491072e-09,6.231325214566703e-17,-3.299635669275192e-19,5.204671983697403e-19,-4.062614420743631e-11,-9.212672036896044e-10,-2.7353087891433395e-10,3.704938369286799e-10,1.2571336782258903e-11,-2.809942270981221e-10,9.579853422453026e-11,-2.442928926410749e-16,-2.384548739992445e-10,1.1732757316040854e-08,-4.3867615714627185e-10,1.491959774928136e-07,1.433842977556768e-08,1.7482056120811878e-06,-9.496188315895222e-07,-6.626719286494797e-14,-9.685073732570754e-07,-1.4683034493351287e-07,-0.7971579656691259,-0.1923613469030407,-1.185222946904518e-09,3.430979284625793e-08,2.982176281269908e-08,1.9760215574484124e-11,-3.574144723614883e-08,1.2571415386885636e-07,1.0961142035560661e-10,1.2854478338544065e-11,-9.618270034686713e-10,-6.0385284238202025e-06,-0.00044260967913895016,2.4295907131936604e-05,-0.0009511065226614222,-4.2976015447923306e-08,-0.001851509738028011,0.0009788970617880398,-0.002583082917938043,-1.661325185438157e-05,1.8933123106076267e-05,8.84165756725588e-07,-0.01649652270640496,0.3842936044832139,1.584516553731076e-06,-2.0944514110666864e-05,0.000445803904762937,0.0007639409300832255,-0.0006976094507417955,0.00043808520410217803,-0.00079427061141508,-0.00035206105784717315,-0.0004359256246247907,-0.0009130760626470994,0.00016629455042674966,6.138124777541715e-05,0.0003918721626283397,0.00536466713641441,0.0365453261772377,-0.0007642671848022588,0.002879549311349308,0.014648775548783176,-0.0002901932042572533,-0.0016793725491885062,-0.0004488980994950915,-0.007420904477978965,0.018885365651076222,0.002423534561293435,-0.002544297663989818,-0.0019391365982307728,-0.0045121190957828124,0.042937036201209325,-2.1840555596650796e-13,-0.0036120578120393595,0.0011300895692093582,-0.004797714952333591,0.041534737501108795,-0.4144419219353106,0.040107103348401875,-0.0003691756974099379,0.02347348026660597
