,0,1,2,3,4,5,6,7,8,9,10,11,12,13,14,15,16,17,18,19,20,21,22,23,24,25,26,27,28,29,30,31,32,33,34,35,36,37,38,39,40,41,42,43,44,45,46,47,48,49,50,51,52,53,54,55,56,57,58,59,60,61,62,63,64,65,66,67,68,69,70,71,72,73,74,75,76,77,78,79,80,81,82,83,84,85,86,87,88,89,90,91,92,93,94
0,-2.0842275419563925e-16,-1.3394818155141938e-16,2.801244811191914e-16,3.17735151774373e-16,6.716723264673621e-17,5.902298288978023e-17,3.9767875378440786e-16,2.7020474176850125e-17,6.320710677745524e-13,4.546728437110857e-16,4.15232697570512e-16,4.4794104031847795e-12,-5.0634199272853424e-15,-1.7984788698205086e-16,-1.7723309882113514e-16,-2.2931368423772437e-17,0.013689777725635958,-0.3083784409019749,0.06240775128045585,2.4017224672637555e-10,-1.6539357358951538e-12,-3.877751065417454e-10,1.6189581491106465e-16,0.003629959581693228,-2.0857606683547892e-11,-9.608127980432269e-14,2.1889073608312378e-16,-1.2903845712898169e-16,-3.4075379835442546e-14,-1.1653025598794159e-14,8.6133319943273e-12,2.8092871295585126e-16,1.2211371979592424e-16,7.846675873867117e-16,5.869898509079999e-15,0.2228163882144551,-2.0078885577171048e-07,2.8256003956676907e-16,-4.721195018051551e-15,1.878898529206596e-13,-7.842268129761809e-13,0.10493217107644151,-0.6986135451275446,0.1116086027435245,0.03625844767231007,1.4209538754543301e-05,3.3745472011460167e-07,5.0452426796019224e-09,3.758070492550996e-07,1.2269817311551377e-07,2.68674428761451e-07,-0.00020568278150205307,2.741392050517269e-06,5.572390661655928e-06,-5.1077863514093156e-05,0.00589102410181861,5.009850406343184e-07,1.7267727517098438e-09,-3.1553081255249466e-07,-0.00014651498270925323,6.329356393665674e-06,-8.542027770365091e-06,-4.632194661631772e-05,0.003704246596020127,-0.01190432499566796,-0.0439064054568319,-0.04498287837327965,0.02517478168415669,-0.002041341880329104,-0.010021758041432047,0.00012224397272056793,3.873984572602677e-05,0.0021305901837596853,-0.0050566228758512355,-0.002868118395057461,-0.006495288414262814,0.001961296735677814,0.0011672676519289206,-0.001788717886549564,-0.0002546766715948061,0.00017868200493516954,-0.5773502691896268,0.0017725765412283903,0.0020466198873393842,-0.002058230930815845,0.0008045784596476801,0.000589291933197493,0.0005957122681813092,0.0007017731284682156,-0.0008029637424612006,0.0007195424253948265,0.00042718120140132845,-0.0006541793174107314,9.888322850844217e-05,0.00031120834398900394
1,-1.9547867247015132e-16,2.654088022117071e-17,-2.5172152860803477e-17,-4.3938356343491136e-18,-1.481063407828385e-16,-1.432332208411595e-16,2.9984184493629896e-16,1.7904045160325392e-16,1.405422559296644e-12,3.5994048741106974e-16,-3.6743427254056023e-16,5.2254119926512454e-12,-1.0586823475106408e-14,-7.032330512667717e-16,-6.477253435238179e-16,9.64872871945096e-16,0.026109677736858176,0.10411411466259424,-0.3050913107065491,4.836275274584484e-10,-3.3129675012126455e-12,-3.8050620317363754e-10,1.2669379091246116e-16,0.006891537881912972,3.57328343583704e-11,3.188749381939312e-13,1.3925072654870873e-16,9.749230126203942e-17,-6.679970170916193e-14,-2.0513414915997496e-14,-1.5229407715690633e-11,-7.503451048626162e-17,-1.34773290160501e-16,1.08740486385813e-15,1.6295357783113678e-14,-0.0701869132798621,-2.2069733170188058e-07,2.1965345994792506e-15,-1.4876905525942906e-14,-4.975917535434822e-14,1.2066928186445218e-13,-0.49082605918968,0.22108503576053667,-0.511306610125798,-0.05470807901267632,-2.3939861645360424e-05,-4.380537207892983e-07,-2.808081017655256e-09,-4.0797374972877726e-07,-1.3597393135238782e-07,-3.360750114247339e-07,0.00031121015723860297,-4.461638481474837e-06,-4.29000217562467e-05,0.00017076525066803117,0.014966800104688241,-1.86262672427752e-06,-1.1910416312056115e-08,-3.6080104436874882e-06,-0.00027160288431717306,1.404660334417313e-05,-6.821356687406767e-07,6.532686130477857e-06,-0.000980619535939685,0.004148504847902713,0.014640188388938201,0.01409721385029659,-0.00813910065190037,-0.0009770879123322893,0.04575925546617587,-0.0001338266715887311,-1.8327702125962286e-05,-0.0023804677673678787,-0.0002119089277003385,0.0019143736750455527,0.001363083787184478,0.0030611142648513203,-0.00040778953693395057,0.0017633747393139612,0.00028348756575758923,-0.00075929090509218,-0.5773502691896283,0.0019863827498136357,-0.00011950723851414286,0.0037398367433540023,-5.787833013367427e-05,-0.000203172956607022,-0.003215133516603968,6.372132345595142e-05,-0.0013590228037415864,0.0014940636263162275,0.0005877821584109608,0.0005188484454795499,-3.615870550479946e-05,-0.0006509293999844257
2,-1.3484398903834706e-16,-7.129440558228499e-17,-1.1334603920127358e-16,2.42306372691073e-16,-1.0862616009149406e-16,2.793467390049014e-16,-5.529687176989682e-16,-5.471736222973127e-17,-2.0373549882354153e-12,-3.5612844245255955e-16,-6.195267177321706e-17,-9.704244322110806e-12,1.4123338768476234e-14,4.3139977155684427e-16,7.919057697787787e-16,-8.875050272276616e-16,-0.039799455462494776,0.20426432623938043,0.24268355942609188,-7.237998919852738e-10,4.967381148049269e-12,7.682813791042419e-10,3.2198092867945807e-16,-0.01052149746359925,-1.4875954705526554e-11,-2.2314846044224422e-13,-2.5235190020759905e-16,-3.9609389773958414e-16,1.01045573462634e-13,3.1394241239087514e-14,6.615632606673824e-12,-1.259891369922111e-16,-5.95364573628314e-17,-1.750588365874709e-15,-2.2151401894813093e-14,-0.15262947493459944,4.2148618867281795e-07,-2.3726464607852454e-15,1.942957483285462e-14,-1.3751381667283278e-13,6.640729826068464e-13,0.385893888113249,0.4775285093669994,0.39969800738229827,0.018449631340306572,9.73032288982098e-06,1.005990023979924e-07,-2.2371616709887893e-09,3.2166701178197925e-08,1.3275759241073963e-08,6.740058279630217e-08,-0.00010552737572912261,1.7202464303812677e-06,3.7327631093990004e-05,-0.00011968738715363666,-0.02085782420659323,1.3616416835239222e-06,1.018364423551533e-08,3.923541256079574e-06,0.00041811786702868357,-2.037595973809195e-05,9.224163439914021e-06,3.9789260488599164e-05,-0.0027236270601182417,0.007755820147820045,0.029266217067974203,0.030885664523040913,-0.01703568103229478,0.003018429792657241,-0.035737497424766375,1.1582698868012435e-05,-2.041214360002672e-05,0.00024987758361458935,0.005268531803577958,0.0009537447200084882,0.005132204627083009,-0.005022411000531129,-0.0007594781149933706,2.5343147248676422e-05,-2.881089416500595e-05,0.0005806089000808897,-0.5773502691896223,-0.0037589592910485083,-0.0019271126488418931,-0.0016816058125154506,-0.0007467001296063774,-0.0003861189766826747,0.0026194212484192494,-0.0007654944519433807,0.0021619865462066167,-0.0022136060517165563,-0.0010149633598153943,0.00013533087195576537,-6.272452300564188e-05,0.00033972105598171527
3,-4.567896156060391e-16,-1.7565733115017556e-17,5.449362881482133e-16,1.7063577676220748e-16,-2.542654200803239e-18,3.7006494568390596e-16,-2.0102370954995352e-17,-1.3323547948025403e-16,1.0349417508147106e-10,-7.006407338966448e-16,-6.148150468876848e-16,2.607035427397356e-10,-5.342228394590975e-13,1.8023524400573125e-15,9.668928816471998e-16,3.689544046073799e-16,0.4284013205931215,0.7459618428143613,0.3080374467386124,9.456088078358805e-09,-7.097157051594186e-11,-4.7321531054623275e-09,-2.00044758923414e-16,0.23084709540493123,1.3878369891604335e-09,2.0424901718990104e-11,1.0817380208512296e-16,9.047278433626622e-15,-2.2580313218193296e-12,-6.037551483335631e-13,3.024652709322129e-10,2.6103139988729532e-17,4.605790385403712e-17,2.3751952855771048e-14,2.0809820953628436e-13,0.023884509667076725,-1.637904089177756e-06,1.944018592665083e-14,-1.1161028761029215e-13,1.3024539088497483e-14,-4.524895768698288e-13,-0.060380650077655085,-0.3014373509841207,-0.0856830362855215,-0.0020078001642268783,3.4447719144291293e-06,1.0925892531725712e-07,2.0906254628063325e-09,2.2078105932418232e-07,7.431177365501806e-08,3.031341650343599e-07,-0.00037469855413520075,5.9491995051876575e-06,0.00011149509279464496,-0.0005119389381773681,-0.06544305898261826,4.550607979095392e-06,2.7143765756080236e-08,1.2523697102092661e-05,0.001274748676261741,-6.37151674616355e-05,2.15891848201749e-05,6.920266191316046e-05,-0.0026502201402637785,-0.0030009500425912422,-0.03994951351056088,-0.04802711591263521,0.025134523891102833,-0.004668359891696776,0.0170674389709939,0.00015597917994473884,5.6388900947722015e-05,0.004091564509285002,-0.006348357990368323,-0.005118300214264991,-0.01159071323396532,8.157422224054162e-05,0.001758570590623648,-0.0011869662894101749,-0.0005041881389681616,0.00010705959539148303,-2.457734107282493e-15,0.0007922709149969566,0.002682161658655871,0.0002452574684458381,0.0012640340619728449,-0.0001645169574994089,0.00024861604379629835,0.0006051194707979126,-0.00010755459067991905,0.005143902464006699,-0.00021770413319676266,-0.0013502959786737213,-7.133712386200245e-05,-0.000679303226989329
4,3.3991169368815624e-16,-1.3662017595224234e-16,3.7753566602934215e-16,1.428135498029132e-16,1.2381860598247877e-16,-1.7791037576206428e-16,-8.43273928694902e-17,3.8530373646229577e-16,1.1083631357043816e-10,1.279817119229493e-16,1.4607256350966118e-16,2.9556098581365135e-10,-5.712995973112038e-13,8.994984015835687e-16,1.0546773777071955e-17,2.9399160025455445e-16,0.4929072178808648,-0.5268812786194899,0.5567082391708983,1.0637653592608967e-08,-7.933156093878887e-11,-6.446108837795669e-09,-9.883247701375104e-17,0.23854757245144254,1.3316104823033446e-09,2.013479016656044e-11,-6.0584898517336106e-18,9.24711355905036e-15,-2.332993239522433e-12,-6.244492911326126e-13,3.1466988626683803e-10,3.232528994027427e-17,-1.8390565787620797e-16,2.4419003363880862e-14,2.1225522251186378e-13,-0.02214942655123473,-1.6591479911689444e-06,1.9819301539699678e-14,-1.1299201032180384e-13,1.3279397131071195e-14,-2.3997319523323926e-13,-0.12683600458082533,0.23037552452792726,-0.17984024041780852,-0.03390710070017495,-6.046346824631758e-06,-1.2112682347355917e-07,-1.6344855985554668e-09,-1.9371775766729886e-07,-6.212092481922511e-08,-7.024446641024548e-09,-0.00012880190053984831,2.6332128532922064e-06,0.00010437622896482093,-0.0004446336372259046,-0.07375715477432625,3.899433247876633e-06,2.4926043152314336e-08,1.2955353829397602e-05,0.001483602862730864,-7.2689440845777e-05,3.4948561414101356e-05,0.00014380281882328896,-0.008739688151418934,0.017023176999935427,0.03495445182160464,0.028939816255566072,-0.017886460106576876,-0.0010881580989969917,0.034693766405960176,-6.023402137631774e-05,-1.1914463362712864e-05,0.0002733840404599212,0.003159557553701386,5.465576631036178e-05,0.00021473331451171902,-0.0034890036186783083,-0.0003514229213015488,0.002171903357625425,-4.700376510644407e-05,-0.00023401519194558008,-1.7100962481247252e-15,-0.002458100740521254,-0.0011273187137962892,0.0041367765527333695,-0.00026900516970589946,-0.0012882554113117892,-0.0008501445023515417,-0.0007259145790614617,0.001368655713442497,0.0038105227212737415,-0.001009954186848396,-0.00010817064224610656,-0.0002586604538350591,-0.001270124555715327
5,1.146423914340316e-16,-2.519628284755934e-17,-1.5222380996071736e-17,2.441553319909981e-16,4.364264580274247e-17,-1.3987820288080418e-16,-2.8658951681377323e-16,-5.834469552749857e-17,1.2716827345866918e-10,1.1002004758821555e-15,-8.648661053465442e-16,3.362699551909086e-10,-6.590309042126049e-13,-2.6109278562867576e-16,-9.783641626558498e-16,1.987681489255775e-15,0.6159353797739091,-0.09714652055778927,-0.6589628343893961,1.3016932270925058e-08,-9.608393624780981e-11,-8.127935209418286e-09,-1.6289321949671035e-16,0.2531670545918728,1.4279366478265713e-09,2.109852712954003e-11,-9.902429863922437e-17,9.660122825801108e-15,-2.4747441369524286e-12,-6.639465005221802e-13,2.930902805496785e-10,9.804735686629012e-17,-1.9635329885610943e-16,2.6234744471424438e-14,2.245141636251654e-13,-0.007648788087534054,-1.6824982533723867e-06,2.0418171285181025e-14,-1.1614431082966722e-13,1.3002381640973952e-14,-2.721748310697556e-13,0.18401260770117855,0.06207665683415576,0.25151719691557417,0.014223736834278225,9.944043390759205e-06,1.7793947674516611e-07,4.388365941609847e-10,2.5625953023126957e-07,8.90735876937038e-08,3.8094161120069126e-07,-0.000500858013691806,8.030008851897293e-06,0.00015918204422854195,-0.000669651008695768,-0.09488003725022043,6.320454551679427e-06,4.0222789354097986e-08,1.789123304861168e-05,0.001870767358795962,-9.260585109164152e-05,3.601539326411442e-05,0.00013328211652344346,-0.007127632598328946,0.01004502509794204,0.009978411261484063,0.004819098742317778,-0.003977615799870745,0.0006255048249166509,-0.0457878832899545,0.00017646552660437098,2.0399648679164293e-05,0.004539364239435847,0.003558007712464227,-0.003398120370289885,-0.0022627260012804532,-0.009061820094519207,0.0003857115959980365,-0.0011393767121583634,-0.0005559081906184153,0.0012153472328276169,-1.2051044545412651e-15,-0.006100528605740562,-0.0009048736558359386,-0.002934172504002994,-0.0001587241279448384,-0.0009008188095066064,0.005080003401802126,-0.0008467730841661096,0.0038671539149554507,0.001041882397405827,-0.002100054699250288,-0.001093335997868521,-0.00019016178904937396,-3.435122114374416e-05
6,1.327053096364443e-16,-2.9785750093057846e-16,4.500313690402044e-16,1.0047258973683035e-16,2.1284659122326597e-16,5.842531092170267e-18,-1.0935286374855971e-16,1.4367928564981794e-16,-6.204014300797119e-10,-9.597747898450432e-17,7.616143502511647e-16,-7.191153579948372e-10,1.9110702453037366e-12,-4.078356650637205e-16,5.62897479578137e-16,-9.112078879602135e-17,-0.20987614818242942,-0.08278961428680859,-0.036958171542612474,-6.212093400012594e-09,5.4173687510877604e-11,1.1084525139871907e-09,6.841772758858976e-18,0.3510279369618489,1.6302369083843734e-09,1.738927592251204e-11,3.4289299580758717e-16,1.0530798389976453e-14,-3.3905341052151408e-12,-9.944975917990655e-13,7.367249630778372e-10,-3.939839701798813e-16,9.348814037922189e-18,5.4315223910626285e-14,5.332048566236123e-13,-0.6201971447906408,-4.352054786322132e-06,5.3984950358858417e-14,-3.2201072714181685e-13,-6.59955116945401e-13,8.753090797368501e-13,0.17656309501712175,-0.12266546651144963,-0.1494452091771559,-0.02728355861127532,1.2664556600118574e-05,2.469011656681293e-07,1.5208877201393976e-09,8.3036091670636e-07,2.835846476266941e-07,1.3163021757818806e-06,-0.0017063281751956015,2.7395072093698163e-05,0.0005334997165917581,-0.0024720652058188197,-0.31479035337635314,2.1754170257579094e-05,1.2910118005934633e-07,6.0238958544084765e-05,0.0061198407225763135,-0.0003064000332151753,9.905553113813169e-05,0.00029449153293144124,-0.00861611618371,-0.03380530461958668,-0.28639741664153784,-0.334823313889724,0.1771542621797087,-0.03296991729300721,0.17437939023249988,0.0008574400615870863,0.00036627678840820896,0.0224588243425736,-0.05268855855098912,-0.031469138463958886,-0.07940798628640636,0.01427680302607255,0.01199749363371706,-0.007478599776711868,-0.0027722572423941887,-0.0010455939040795673,-3.6845358620912423e-17,0.015073019686724103,0.021099579382267048,0.005280996509184755,0.009675201904810235,0.0005250875813401205,-0.005490495774262401,0.005957831250140684,-0.006716002986008478,0.03484283984125586,0.0017688504063519688,-0.008246536209020876,-0.00016674124241575303,-0.004636038352141834
7,-5.707477369098864e-16,5.47183325498431e-16,-4.401413962664279e-17,-1.5373582565849109e-16,8.649804970363968e-17,1.2532692125236944e-16,5.675300175291777e-16,-4.6062104741312134e-17,-6.648307274616411e-10,1.1264078300296327e-16,-2.8265789506993496e-17,-9.004187725528674e-10,2.022159404477975e-12,-2.4476404585704025e-16,2.7090971444594266e-16,6.692509244398232e-17,-0.22789822102240748,0.04185038290396067,-0.05344315061961828,-6.712287811120369e-09,5.890572634826491e-11,1.6377623965801753e-09,1.814476360870769e-17,0.3777553547741348,1.3837272233227611e-09,1.6531226780977238e-11,-2.1858316225422695e-16,1.102846085636758e-14,-3.645744959808029e-12,-1.0748257481104482e-12,8.352770630040002e-10,9.991630606311646e-17,1.156608404616537e-16,5.796538033177323e-14,5.532086111662654e-13,0.45193600817514934,-5.36115925110834e-06,5.345085744279421e-14,-3.3350676491915994e-13,5.304695266265019e-13,-2.3796272616916366e-12,0.35943907260085495,0.07780046363187357,-0.29281412371055315,-0.08501533596689395,2.4343434305053194e-05,4.523800916918312e-07,1.305109832451506e-09,-8.079855883853674e-07,-2.6674588612097704e-07,-7.769974325218635e-08,-0.0004745280060749718,1.0110690303766927e-05,0.00045401992023975344,-0.0019380424758387521,-0.33471523927843105,1.6643119421536296e-05,1.0645758096457761e-07,5.7435527326682606e-05,0.006782393185289773,-0.00033104937972367376,0.00017502939395335583,0.0007551588156540619,-0.048236836606967766,0.10342341679042416,0.24001783664326898,0.20817425512257914,-0.1258930964755681,-0.008558365148131464,0.3498445251407379,-0.0008466959909609469,-0.0001414588319189669,-0.008387018439097711,0.01850162925702037,0.008787752618251515,0.009143326055133153,-0.00711642350085254,-0.003893715343478748,0.020051300217756595,0.000929192953525788,-0.004749323208562985,-7.477264251078299e-15,-0.0057642757439622895,-0.007469967783466174,0.039524849750055636,-0.002136961278959866,-0.008137122551905898,-0.01795435300482805,-0.0039774398536588,0.0020837841344484667,0.026116402670075457,-0.0031230313494866554,0.002058829194199982,-0.0015949481792301033,-0.00983955229840455
8,1.855122634695764e-16,2.229946744626663e-16,2.233315012495905e-16,-5.34928631867266e-16,2.6049447320778045e-16,-7.704786305815474e-17,-8.423787754603935e-18,-3.43249911293871e-16,-7.584644657117021e-10,-5.2370392252200367e-17,6.190786530230069e-16,-9.812566160122295e-10,2.3167988414734228e-12,2.1046904086499833e-16,-3.6435715304619127e-17,-3.3931419124597215e-16,-0.2629875316618797,-0.0008862885831778499,0.02391396333124793,-7.70412187670914e-09,6.73601795038584e-11,1.491275916072728e-09,-1.252770048704686e-16,0.43338211260005133,1.7564867398402544e-09,2.089211029965072e-11,3.377013410706227e-16,1.3227491732464163e-14,-4.18421787479575e-12,-1.230462952364232e-12,4.3857957228728017e-10,7.214667367370018e-16,-7.783563614908638e-16,6.815840249507704e-14,6.499918589753382e-13,0.1120234705667148,-6.263447003924164e-06,6.475831852043107e-14,-4.0246289426899463e-13,2.1699112784771437e-13,-1.7609063058423762e-12,-0.4693248364722842,0.01967747224423168,0.3701434366662788,0.021658233427016848,-6.1129887745004354e-06,-1.8990062033076143e-08,6.929266495158348e-10,1.1189967387150663e-06,3.9213421957997596e-07,1.5944141594255597e-06,-0.0020744181238034247,3.314918595178724e-05,0.0006362469040060529,-0.002693656371173868,-0.38956586328610204,2.5769669852971153e-05,1.6379528861951403e-07,7.326647015545516e-05,0.007697351014980779,-0.00038037047986444244,0.00014813567127173197,0.000542263417837798,-0.028615135582025115,0.040602858757295225,0.05662234253866705,0.04417702466879981,-0.027775741201046197,0.014325260172261321,-0.446438782495922,0.0012161970801855152,9.142870887080833e-05,0.02729833184181471,0.03138097597460012,-0.01780495494681595,0.001089253307606856,-0.06174488882581944,0.0009153242911631008,-0.012334276709149475,-0.0033109848043593004,0.010168449125875815,-1.2104913911828921e-14,-0.042782225261767746,-0.008930154368369518,-0.03410242167202092,-0.0028220089991656265,-0.0037030126364073,0.04124258668498477,-0.006012599215789725,0.026974000160796124,-0.009751231400129628,-0.013642160955328619,-0.006112106332753277,-0.0007487961253423389,0.004090672066803443
9,-1.4721513381675826e-15,1.4321564198158724e-15,1.2412985566941016e-15,-3.653218592472634e-16,3.882786717846606e-17,-2.5565614028174286e-16,4.287131572496388e-16,-1.6568965949023223e-17,3.384786530859722e-09,2.724920341954385e-16,-2.228532761973134e-16,1.7307358237883616e-09,-7.287868411708616e-12,6.215076072505398e-17,-2.7565794161842546e-16,1.9433723142785914e-16,0.08505272050101241,0.014496407798043507,0.010306460291323524,5.619624858040708e-09,-5.966069381324661e-11,2.08929445676137e-09,5.967095490546703e-17,-0.3189271618370483,-2.9652091892051124e-09,-3.300560786918143e-11,2.541265285023783e-16,-1.420249368685926e-14,3.148482668096455e-12,7.730107459921444e-13,-9.229967828195683e-10,4.645734463883585e-16,-1.1619225040558801e-16,-1.1796195617069085e-14,-2.3217942504680743e-14,0.4538020943882562,-2.4885518855299454e-06,3.3695462541287773e-15,-9.330102210283831e-14,7.817614626398077e-13,-1.8576252278261115e-12,-0.12652517801606802,0.19488158432213742,0.12399570533665219,-0.013839641889290669,9.772954881990361e-07,4.328009179292223e-08,-4.701595650723153e-10,6.942195746308055e-07,2.444325358569239e-07,1.2719711915119332e-06,-0.001778664535801321,2.908578504956157e-05,0.0006160622276570165,-0.0028358603103953474,-0.39650458127000954,2.517491446147232e-05,1.5177014323021218e-07,7.363567555640312e-05,0.0077991594711446935,-0.0003876452625926208,0.00013962596060764976,0.0004398290342062389,-0.014974113754883386,-0.03728152985822987,-0.36610348323724906,-0.4336280691547247,0.22823159731507273,-0.04473956792262676,0.22656795807211422,0.0012283898110717639,0.0005087221338422333,0.03260248098767034,-0.08119060548648854,-0.045522945069998516,-0.11533530681290424,0.019805021541381716,0.01727860627479468,-0.011432429382932355,-0.004030543951586732,-0.0018222905644844634,1.8382423839700017e-15,0.021778656994836193,0.031872624664827764,0.008373297608775048,0.015217835707638676,0.0009885632161251883,-0.00795599011229118,0.009394917272648393,-0.009724752124353756,0.05215681569648637,0.0026480509522081135,-0.012737070487166503,-0.00023293158576078926,-0.00719923893876616
10,-1.8318364950164316e-15,-5.756270329375507e-16,1.7659295233755086e-15,3.4683051316247357e-16,-1.2247095929503913e-16,4.372940554411376e-17,4.056084225814034e-18,-8.029424054137973e-17,3.6548923895707744e-09,2.0500728550861762e-16,1.4240377970096363e-16,3.4424200541507206e-09,-7.541951063460619e-12,-6.399728609110456e-17,-1.0384725302282257e-16,-2.4329333101305033e-17,0.09139590370018812,-0.001749559822527814,0.012168809695274214,6.169638356666153e-09,-6.924714882840067e-11,-3.3679447685900293e-10,2.131748447081199e-16,-0.3419875375105555,-1.2764979305278045e-09,-2.2254561545784063e-11,1.4623452003758502e-16,-1.3654959819236194e-14,3.3675213637821442e-12,8.459720311606649e-13,-1.332487580549634e-09,-3.576685730144192e-16,2.1421244961940852e-16,-1.1459289062735725e-14,2.4494063848676106e-14,-0.3271878409160824,-2.019224882136934e-06,1.2900419891476419e-14,-1.273631775865893e-13,-4.537745505449251e-13,-5.35903911740415e-15,-0.24833241225949937,-0.15435279094840418,0.25775537447882113,0.007366427282094253,1.9802581803831323e-06,1.2231411576028665e-07,1.971626582619588e-09,2.9203070256938434e-07,1.0137633419512934e-07,8.155609678565981e-07,-0.001309438427998691,2.2205242371752065e-05,0.000591076660977918,-0.0025615024451038893,-0.4241155849509841,2.2830913933514653e-05,1.4426917061472152e-07,7.383821371241786e-05,0.008576141810164906,-0.00041898299030482147,0.0002234117910853412,0.0009724321978196476,-0.062460276114237843,0.1342905141415167,0.3101907954038799,0.26808936969046554,-0.1624153060877112,-0.011382971979723006,0.4579877553532422,-0.001100925976355042,-0.00018484970678680812,-0.01066431584303176,0.028379312031041836,0.01182749971337157,0.01289967925087391,-0.011617927219971385,-0.005504281160685144,0.0310774613571553,0.0011793175509081325,-0.007825886365841637,-1.678962613309161e-14,-0.009047502174180651,-0.011346376451656433,0.062248387990995975,-0.003380981420899137,-0.012756526544957361,-0.026545096417555532,-0.006133164069490854,0.003362554719552987,0.03929687882652791,-0.004722794534854632,0.0034520580557754056,-0.0024752551552240268,-0.015502816503451483
11,-2.3771078228935395e-15,1.715921224081056e-16,2.524538768996861e-16,1.768535678154587e-16,-3.2641090978258086e-16,1.0705689797854599e-16,1.6997824141224724e-16,1.1691406580334653e-16,4.142399720999962e-09,1.1520278365952855e-16,-1.0595365415940901e-16,3.3479685290038494e-09,-8.649201785559109e-12,-4.546577957692706e-16,-1.0560256511806497e-16,1.3800605409819856e-16,0.10460998123459284,0.004367483395696384,0.006144939241964914,6.983435564995637e-09,-7.746741089102152e-11,3.8139616978133e-09,2.7738317920367667e-16,-0.3909570578275429,-2.3873049986404945e-09,-3.8842872619489334e-11,-2.50853625656728e-16,-1.6683176606432887e-14,3.852624690560737e-12,9.603807154717619e-13,1.175492707782013e-09,-3.9101378866907507e-16,1.905574939954776e-16,-1.5819371397816075e-14,-1.8910567070123828e-14,-0.07922482209896536,-1.7762190778296354e-06,7.596172365960709e-15,-1.0178583505449293e-13,-1.751211127202898e-13,-3.8652211792077084e-13,0.294546078869982,-0.0488754115899683,-0.35210986215982676,-0.0677044194472625,1.815566188020581e-05,3.362240974469364e-07,1.3901886713314798e-09,3.48000252127649e-07,1.3281643881860564e-07,1.124436592666469e-06,-0.0017885203687411195,3.005825404492659e-05,0.0007086861026322372,-0.0031306637605283817,-0.48193912342401823,2.85653283306795e-05,1.7762475480093552e-07,8.737124251138425e-05,0.009611599080937607,-0.0004729641173460318,0.00020217415851362367,0.0007605762803316046,-0.040886718328968064,0.058480155712320375,0.07441491772474179,0.05296795702575807,-0.0349166688930091,0.01744432336046426,-0.5817118028582706,0.0016658308655688398,0.0001327472750901466,0.038830381757115846,0.04842295986199074,-0.025884302957059957,0.00039086171236363666,-0.08947302446737439,0.0014700283270940068,-0.01916193412784758,-0.004726728976810148,0.016226294159491842,-6.577125690126735e-15,-0.06277898474208715,-0.013469966699329608,-0.053917332414915226,-0.004570864968042407,-0.0055735200922275895,0.06115435505921935,-0.009374147584275672,0.03978700910501594,-0.014580149568054064,-0.020449392719195575,-0.009463197576406386,-0.0011220012798636991,0.006751660939064965
12,9.314245117257204e-12,-7.93357145600027e-12,-5.9597160803451795e-12,1.015370016929985e-16,4.037389302278323e-17,-2.7197079099665236e-16,-1.3694088745683886e-16,-3.3464553925238454e-17,-3.768482190859528e-07,1.2490322404349529e-16,9.556380396378693e-17,2.1198508235371023e-08,6.122516118921879e-10,1.9466115706951363e-16,7.22586430630843e-18,-1.8347292663232053e-17,-0.0013278120159904948,-0.0001449912426164768,-0.00015755372481546326,-1.4768066990062988e-07,1.603574852496634e-09,-9.606726110408766e-08,1.2221739660605493e-15,0.008329988235628076,1.192894008159606e-07,9.032426699934425e-10,7.914862689977626e-16,2.2198024211228853e-13,-2.6250027035611743e-12,4.589653962480254e-12,5.6752963867873727e-08,-8.623822886406965e-16,3.870436647081484e-15,-8.809883637847032e-13,-9.176168332954406e-12,-0.010433115508117324,0.00010676284956496617,-8.914719913535752e-13,6.221086491115734e-12,-1.1943465326720149e-11,1.2053531402821115e-11,0.003715057930094736,-0.005372028359609959,-0.005415033414761914,0.030844604988551193,-5.75271970185206e-05,-1.237044820599721e-06,-5.1038899354150086e-09,-1.1808057569248513e-05,-3.89323229249095e-06,-1.3107874046331016e-05,0.01322402456786497,-0.00019543794904465769,-0.0021641146710655737,0.009922829759332332,0.11808924523979161,-8.57533548839411e-05,-4.6591394418714196e-07,-0.00010398678807077403,0.0009644954630877627,5.1419357395588097e-05,0.000555132228022643,0.0027363398816016597,-0.17474478466858517,0.2887628873528193,0.191514239239139,-0.0258072210619128,-0.039635131364234875,-0.08411521120461968,-0.09169091127016281,0.005447002055722717,0.0014830307821960915,0.16260490370138858,-0.538371777981135,-0.21027496670145263,-0.5272682448844476,0.016632298252013834,0.07330097791158144,-0.07758142329633434,-0.020339423100970956,-0.01638488123914234,4.038862335354085e-15,0.06873806377520549,0.18820465199474531,0.057584604137162904,0.11562263608963701,0.009626958577168632,-0.015968120581416705,0.06896953106550871,-0.02694434882818348,0.3022351128940987,0.006379257905197052,-0.09254600054992136,-0.0015378923952153866,-0.05232973140367499
13,1.0231025074625266e-11,3.826553948618025e-12,-1.0210514140954744e-11,-1.2719751976868666e-16,-2.2321941438823947e-16,-4.226605858783533e-16,-4.770720734512877e-16,4.26050815783157e-17,-4.1662069395507264e-07,-1.6583453886923866e-17,-9.800051388867848e-17,-3.5410138157688276e-07,5.927157974605458e-10,6.950740832897238e-16,1.0248180845172291e-16,-2.5930189913431227e-16,-0.0015450942685969293,-5.06833844799972e-05,-0.0001900439675012187,-1.8277241152362372e-07,2.5936795423188334e-09,3.1955164930210126e-07,2.561693990864061e-15,0.010357461855155597,-6.303447942614144e-08,-5.497657982322763e-10,-1.662501131487762e-15,7.61340174041658e-14,-2.1012170151489927e-12,3.56256468071432e-12,1.0366591945936828e-07,-4.045433930965557e-15,5.210471067736187e-15,-1.0846431312182288e-12,-1.2193443409395147e-11,0.012936795101691543,0.00010884203006507707,-1.308314359619407e-12,7.626481623117243e-12,3.846826712526858e-12,2.8496249008935833e-11,0.01826885662912374,0.031347420225094146,-0.08552296075400911,0.736253588792468,-0.0002272773944975117,-5.14932570054343e-06,-2.7581888424476823e-08,1.9594214242516745e-05,6.663104171720467e-06,1.4101990359827239e-05,-0.011085936737783667,0.00014721263500464113,-0.00018697693597413258,-0.001348543258631779,-0.0027503175443088367,2.4440648986337113e-05,7.865480370366231e-08,1.1704291449470806e-05,-4.999933522075789e-07,-5.414020417698297e-07,0.00010421703727341308,0.0006535684168599933,-0.045685245866980126,0.07317885736467727,0.0015833456018500822,-0.07148282560124553,0.021822342840482695,-0.012968322221946152,-0.04012193987193057,0.0009541702255118665,9.924056461695106e-05,0.037102340795198634,0.20073322190840345,-0.005331710894491009,0.02220588704504216,-0.14882392210547735,-0.015081408696960084,0.20869979518602796,-0.004537875318483283,-0.06662593728055385,-2.1983843150117688e-14,-0.09839569292359654,-0.07288837717333471,0.4560513675637494,-0.02630851187494921,-0.099602970300275,-0.1071568646747357,-0.045588637082176,0.0487094479628715,0.23505332033706158,-0.03958160130258257,0.027646934978938612,-0.01841414750753647,-0.11854718292997835
14,1.1652096981947709e-11,-1.6991482555580079e-13,6.1623560240402275e-12,-7.764528691190964e-17,-5.660215069587371e-17,7.398253068321953e-17,2.384058100306552e-16,-7.157067865342367e-18,-4.604950916274795e-07,-1.9528451960867195e-16,-1.0504322742724157e-17,-2.642458929116651e-07,6.772521669870768e-10,1.7953474947931994e-16,5.781563539202855e-17,-2.7464089003029546e-16,-0.0016246036262945911,-9.25879964838115e-05,-0.00016253994267342918,-1.9631976895434724e-07,2.708761406678968e-09,-5.001447147138388e-07,2.27902655098364e-15,0.010184282303258614,3.3639053352161883e-08,1.3420883192211452e-09,1.111864160278473e-15,1.6651866372730292e-13,-2.618653636586454e-12,4.616905380597249e-12,-1.6003872574490735e-07,-8.77386350534266e-16,-2.3725258623321796e-16,-1.021042928778063e-12,-1.0945031129255558e-11,0.0019066528642992062,9.052366097273858e-05,-1.1230956060336105e-12,6.612800325753806e-12,3.781025990172937e-12,1.7207847072314245e-11,-0.005008379641000028,0.003718503816431791,0.0054444509383032805,0.048940806826163676,-7.994116663881925e-05,-1.7226900661037567e-06,-7.2910720618676665e-09,-1.4248180969785344e-05,-5.004789431457028e-06,-1.5276397507957036e-05,0.0163377311373795,-0.00024138799733042424,-0.0023809603023745565,0.006848765049916737,0.139876792421499,-9.678227405366013e-05,-7.048278994860174e-07,-0.00012224745681619321,9.194720327656675e-05,6.151846613404288e-05,0.000626230423567911,0.00315284407616125,-0.19999129736132262,0.3069452182915898,0.0814676298582384,-0.189525345007954,0.03872435453247196,-0.0695393071142102,0.13855673236385932,0.003875251229949636,0.0007357186081378772,0.1570479678248887,0.31948854514321384,-0.13442550001332954,-0.08995349638987196,-0.4027804982016774,0.016879179779567217,-0.12667735226312865,-0.019866383340995067,0.1307084672517601,-1.9978117142910555e-15,-0.31023963389483744,-0.07441793924962047,-0.39115103421513925,-0.03606667848590766,-0.04015763668314709,0.3124630391112898,-0.06900694412626351,0.2051348866802034,-0.03729025621103907,-0.12125861945105462,-0.07146497037584977,-0.008042793935633123,0.05319784249393422
15,-9.2029325298293e-15,-5.152146587169463e-15,1.953093060692775e-14,9.560283498078954e-18,6.1625613700845045e-18,-2.0949250183978197e-16,2.700029628930826e-16,-3.3314300843433645e-17,1.5502766833329656e-08,-2.140324903744169e-16,2.6837402874777455e-16,1.8659837332054796e-08,-2.8810691270851548e-11,-2.0547152315012143e-18,1.0230702122386634e-16,-1.8751857592562895e-16,0.0001222374340171357,4.431912952240686e-06,1.7057230807161093e-05,1.3986258056794355e-08,-1.943015204794799e-10,-2.6544105305196962e-08,-6.417070094396246e-16,-0.0014182932742759157,7.428097969316408e-09,6.006691487508641e-11,2.381682058698939e-16,-9.379877468052358e-15,2.855325711811069e-13,-5.12969595884207e-13,-1.7715652180569206e-08,3.378591396974431e-16,-1.196619432728325e-15,2.0962401256000042e-13,2.703660517335642e-12,-0.005161232749659109,-3.455122287326199e-05,3.261768489565525e-13,-2.2191583271309835e-12,-1.3093025143496984e-12,-1.2004736070469684e-11,-0.011225920917471875,-0.022984915636109587,0.07162332040011873,-0.6575973194681244,0.000146060510655464,3.3752637403604645e-06,1.9547703166716855e-08,-2.9697212467460926e-05,-1.0390052448607513e-05,-2.546377798096511e-05,0.023632022798661077,-0.00033450832374608573,0.0006229577729595512,0.006203879738437693,0.11226995358455681,-9.611977162512398e-05,-2.748730538806246e-07,-0.0001029668150834782,-0.0001067302117134271,4.934533026687293e-05,0.0003593852021514368,0.0016939923586017354,-0.1004690556777153,0.1372019212180434,0.0027176609327217837,-0.12054685000244968,0.03707570518990743,-0.019037231958131125,-0.05802792906695876,0.0013404770968189481,0.00014170496103042715,0.048820748531003696,0.21315744602065023,-0.006803037702454706,0.02733259405715937,-0.1818096780978197,-0.019041583865052978,0.22282664683006334,-0.005921679295817183,-0.06659076568948592,6.903021753152784e-15,-0.11634490869335011,-0.0807451020678487,0.4734834090138937,-0.026482348547312212,-0.09994281510524478,-0.12347096640786254,-0.04673518089480135,0.05693570265767472,0.2653921137165497,-0.04453450905839498,0.028218238658900174,-0.018968746810765758,-0.12106774683485075
16,-5.67644594703728e-08,8.045839840638389e-08,4.614917923642596e-08,4.089066058779472e-18,7.835125353230065e-17,-1.0652229620280217e-16,1.2252003816818834e-17,1.3759068194426168e-16,5.84217900833777e-05,-5.436893600785199e-18,3.7396285479997953e-16,-4.052039812532812e-05,-8.325060141104663e-08,-3.392846189746428e-14,-1.4104837651818026e-14,1.4572587554472772e-15,1.8070581624863236e-05,1.585402914505712e-06,2.3269551517234974e-06,1.0114422047294164e-05,-6.10359231659047e-08,-7.096778566706525e-06,-4.7065592981600337e-14,-0.000192444532796286,-1.3836189720619087e-05,-6.346323525028105e-08,-8.669638027600371e-14,-1.8047045961066795e-11,1.5043693630849434e-10,-2.571827775129787e-10,-8.894450283028274e-06,8.626406321464077e-15,-2.9721401719770415e-13,3.107365386238132e-11,2.7512777969883186e-10,0.00015369269971469106,-0.0032961051270170667,2.2224948101980385e-11,-1.7138479187297345e-10,6.675712255202397e-10,-1.4333164872378276e-10,-0.0003152699730976933,-0.0003563972385354084,0.0017177710589994211,-0.01727793864781514,0.0005103406594726866,1.0627825162239813e-05,3.7229471120822556e-08,9.323640224614462e-05,2.6907750510753088e-05,9.79411755082247e-05,-0.08240762903607947,0.001177844943051571,0.018145442576446853,-0.08498358301418348,-0.022573652170448422,0.00048490137127981254,2.0796058448438803e-06,0.0004107565997434715,-0.01929957579207982,0.00024923219461001815,-0.0015464804425600396,-0.005393329581658473,0.260163082300104,-0.28815726955828297,-0.05913032970435405,0.09983763100496887,-0.02066194491900039,0.10777729307697169,0.06539920891613626,-0.004349361720531507,-0.0021803890825582255,-0.0006752879769016011,-0.453149333334987,0.07249236023631371,0.2785724567243556,-0.4777085508297154,-0.06377495734045198,-0.07699624110249242,-0.0010956512936191206,-0.025373288461276722,2.3838671576202866e-15,-0.309196116397714,0.046857299651951824,0.053697333433507015,0.20389852632908476,0.014352108859125525,0.15431190139465875,0.09255432108669119,0.17602807870060508,0.18053870544504916,-0.08155464912912774,-0.1568057969131183,-0.005534817665337271,-0.08463639376537292
17,-6.522829659579487e-08,-5.114834587153383e-08,9.104042087064808e-08,5.986225340641423e-17,2.155251607759701e-17,2.810470933337667e-16,-1.7512335839338393e-16,-1.2969392215134695e-16,6.178199031392996e-05,2.1302097543558186e-16,3.682930467594483e-16,6.294508349753606e-05,-5.99465954743618e-08,-2.5532358256214488e-14,-2.5456918666819175e-15,9.037576077463182e-16,1.9884043794771315e-05,1.126312426186298e-06,2.587999842734957e-06,1.293816564819081e-05,-2.0691909121333206e-07,-9.619048865824997e-05,-1.7923000434813038e-13,-0.00021674278058712556,1.1257130105163758e-05,1.6930512087940144e-07,2.7496242733361965e-13,4.338017795530182e-12,3.604497456577398e-11,-5.1258740381665635e-11,-1.4302502196798964e-05,3.148137633962346e-13,-3.8992479045696223e-13,2.6712106204495027e-11,2.619520193720886e-10,-0.00030785080462575337,-0.0010934975685589162,2.5040689332626064e-11,-9.784924598810187e-11,-1.2044464833746787e-10,-3.0447764496623787e-10,-0.0006840562081431794,-0.0014584105097148,0.004271793955093233,-0.04103749854188615,0.0009545695957985739,2.0431764651249502e-05,8.47610366476398e-08,0.0001014427240309967,3.979760607338365e-05,9.966617142770294e-05,-0.1035240210827125,0.0015058244307157305,-0.03318008951208809,-0.011995618157379128,-0.01553739506105347,0.00037223476324428124,-3.0472653477971315e-06,0.0003459233935972855,-0.0062637822736015475,0.0002579946309604487,-0.0012777776136815085,-0.005278063723485126,0.2626908480903453,-0.2646579166838761,-0.031048544813481002,0.14235937081085823,-0.03669353921409559,-0.05678695544780822,0.03619814789927385,0.0037691563807610213,0.001576029368132805,0.10915347822057875,0.1305550334173307,-0.25551786873357246,-0.3838871950731961,0.07609840826012672,0.12452517934412251,-0.042129043729778465,-0.014533296720235811,-0.12843634870657336,-1.2318646490173878e-14,-0.025883470772322188,0.05323814977771959,0.31680892926805193,-0.04853308442000552,-0.1941420577451092,0.5046566834070688,-0.06999534863611966,0.07268011460168822,-0.3190714887245153,-0.03631086911995719,0.021465248238744322,-0.023429467395937143,-0.15977605024571542
18,-7.447415197639517e-08,-7.2608359470219805e-09,-9.484682372356124e-08,6.158840983826498e-17,-3.6679279072997285e-17,-3.322463833661097e-16,-6.051710561489902e-17,-1.0462861888528913e-16,7.181194373407096e-05,1.319718273767678e-16,5.182193530302776e-16,3.784957992589292e-05,-7.922513964411632e-08,-3.3130981438381724e-14,-7.087250441768276e-15,1.3487386750019711e-15,2.218785474299771e-05,1.4805442326304818e-06,2.7389566571160424e-06,1.6263651925012685e-05,-2.509418552616632e-07,0.00011304798080595371,-2.099454057032511e-13,-0.00023727877439848905,-2.769505898330258e-06,-1.873406774763182e-07,-2.1501336704270549e-13,-9.214386806550851e-12,1.1994336538495716e-10,-2.18276339068273e-10,2.1238469185158284e-05,-9.906904097139028e-14,3.5704917407842503e-13,3.298078131460623e-11,3.154403240624837e-10,-0.00012422848648694311,-0.0014441977814962973,3.004412866665492e-11,-1.4602044236999762e-10,-3.631280972230119e-10,-2.9310162177055666e-10,-0.00027234927947547815,-0.0008911271050409166,0.0023391639618011023,-0.026270606235598282,0.0008821063142232646,1.8457124801577892e-05,6.747860838171059e-08,0.00012697135509721357,4.4068678851527704e-05,0.00011629369981662314,-0.11674025144685923,0.0016586439520173708,0.030705800176740225,-0.013961127461468138,-0.025830176459418604,0.0005167688345751424,7.452888599717893e-06,0.0005040778333257521,-0.008622255762630265,0.0002989808928559121,-0.0016919173975599136,-0.0064694935566471405,0.32235664814324844,-0.3338898807229234,-0.04272470397146649,0.16333219336199073,-0.042353934957165745,-0.021440534747913093,0.006128109891279117,0.0008224363881750275,0.0005984983987078767,0.026259360566032414,0.2938623865575399,-0.04321543033600096,-0.3468622609731824,0.015386504018266257,0.009005836368056144,0.028867021593770317,-0.003535912058561735,0.24480775845233776,-6.05147104422878e-15,0.0012340041316667076,-0.028016333885099453,-0.2883804258028497,-0.05707993239405756,-0.07588276071232668,-0.2495967247537161,-0.1060837992910579,0.00477333167076997,0.5281148335057974,-0.07555878826281692,-0.11722286267816677,-0.01842856108138893,0.04468981452083166
19,0.00025602856647723854,-0.000683037319718802,-0.00036353029605151163,-2.6532964726060875e-16,3.615598830933788e-17,-1.25481521709064e-16,-8.667304618588848e-18,8.754874440613944e-16,-0.007147824298918624,1.1266560241069244e-15,-5.3598788779389656e-14,0.012615514547380588,1.044116382143688e-05,4.114975629062167e-12,2.3213504137591565e-12,-1.8023138286351963e-13,-3.266473070132089e-07,-2.7521402519414445e-08,-4.736614240832974e-08,-0.0003805866716455552,-7.971599386963011e-06,0.004559026094496425,-7.408872673334854e-12,6.140640085368254e-06,0.0013706239826161652,1.961657850784961e-06,4.8166625109762e-12,1.425391356403973e-09,-8.64405184955136e-09,1.3775716618768109e-08,0.0010022700018150925,-1.6422001717758912e-13,2.64716844910484e-11,-9.6663218249163e-10,-6.923506215070191e-09,2.558754672088581e-07,0.1071320569789029,-3.9639593102781824e-10,4.602812750838003e-09,-3.1599208511137986e-08,-2.110290584302627e-10,5.3978026061187155e-05,0.00012777112712945493,-0.0005101469733810015,0.005699108128178556,-0.0011153725467468228,-2.003121585986191e-05,3.6245498439525506e-09,-0.0004364506911078458,-5.662395486456243e-05,-0.0005271113908857139,0.27055178003844843,-0.003742862423073178,-0.12317521948450684,0.829202923734475,-0.011545279325700113,-0.0023876574920787264,5.822734306442361e-06,-0.0013717920861274486,0.12432354367380548,-0.0007617054565829791,0.002627973880015539,0.0038668537982232036,-0.04261642801868424,-0.07361585885397129,-0.08148199515801378,0.09504337691415268,-0.0007516220298671673,-0.1540336735666469,-0.0016964660534272795,0.003574272787958722,0.0031614679088113307,-0.06860007481052026,0.01732222735310092,0.016308170337397437,0.005306318483241711,0.09992315433936207,0.013449070315462802,-0.014816850700808425,0.00910972974320574,-0.023056553739859723,8.795267336224965e-16,-0.09170970797913171,-0.12013186356936927,-0.004225540054380055,0.23409293209540977,0.008834501250185308,0.03176805709136044,0.061715161987331214,0.07499641080605109,0.03634945312569955,-0.08835455376385751,-0.17058383171861952,-0.010297551954338449,-0.08484525568271346
20,0.00033331382107109904,0.00048273591171087897,-0.0007519567377293864,7.14345989323932e-17,7.861090926081718e-18,8.481455085181071e-17,-8.535970799363524e-17,1.0315790034344092e-15,-0.007416275716501334,7.560082895730664e-16,-5.0450183717324235e-14,-0.01148927347871105,3.7768049303145595e-06,1.783580312849462e-12,-4.945028781733565e-13,-4.552166791374332e-14,-3.5194199157081295e-07,-2.5181838609236294e-08,-5.1210772279085426e-08,-0.0007277261377165459,1.4439911869339926e-05,0.021119631553046598,1.3254602164352425e-11,6.666255758966113e-06,-0.0014918400163088977,-2.932932715665572e-05,-4.334551782316261e-11,-1.0827042771718697e-09,3.2342751694139577e-09,-6.6984427343735056e-09,0.001716531837670105,-2.8317776537427604e-11,4.0144304450052705e-11,-5.677856277655993e-10,-5.342095904313146e-09,1.6654715617815457e-05,0.0018255341562667645,-4.893139799662135e-10,5.522019322078212e-10,1.6396372739153167e-09,5.589162765641146e-09,8.066416322137692e-05,0.00022224657936069432,-0.0007965026818336262,0.00877425575703481,-0.013003532616206202,-0.00028057275548469725,-1.2285187187250815e-06,-0.0005058440277145094,-0.00026231893847214124,-0.0005025454821847653,0.5487505687441164,-0.00808359417758216,0.6608866852660733,-0.07608916543757972,-0.005583361344085318,-0.0006654801192424805,9.001301523090918e-05,-0.0004023308197580424,-0.008146694805003876,-0.0006856392287701772,0.0005965508804224622,0.003065490449520827,-0.07558380724515158,-0.06624308333027433,-0.029669573602378246,0.028707184257600174,-0.007012544401637383,0.13235752421741517,0.0033664005915224966,-0.007244362329897149,-0.0027671089079935717,-0.11083580391077044,0.031046706637809035,0.17481174358009194,-0.10943423694760297,-0.01762747301049175,-0.08106157603545651,-0.20298774598907238,0.013072418029873321,-0.15189183350366342,-1.3475851717635107e-14,0.013298901213112146,0.08037772432207936,-0.02550340694590946,-0.05705023069154664,-0.24385123348135934,0.031960891414276424,-0.07557685907171557,0.004193006618461052,0.04315939290500839,-0.04187836645539278,-0.01471479942806173,-0.020784833879749772,-0.13292876400876044
21,0.0003890276897840778,9.133240128990545e-05,0.000902539411649561,-2.4205710441470494e-18,-1.4145999825700427e-17,2.313661278184207e-16,-1.470297030193916e-16,1.1025825973561958e-15,-0.0090095229924047,1.0938129250871324e-15,-6.349255976031682e-14,-0.005520724799673202,7.0746541081056345e-06,3.0440284918243337e-12,3.9842369463057283e-13,-1.045853482694662e-13,-3.9993561647018343e-07,-3.018885310087617e-08,-5.730110088890301e-08,-0.001245469171505939,2.3987069739934967e-05,-0.02351306731265305,2.0002723424443023e-11,7.522027941201847e-06,0.0003546578805109979,2.802560288618817e-05,3.597786107201287e-11,5.767275632305501e-10,-5.526065411184571e-09,1.058531164277866e-08,-0.0023642230992229458,1.9371053271381623e-11,-5.000145364970345e-11,-8.284646190591324e-10,-7.261281062831967e-09,1.174003395359884e-05,-0.00383090707834942,-6.923959577041844e-10,2.4626957069425518e-09,2.3219726275763895e-08,4.2746343771777224e-09,7.055953620782783e-05,0.00020943140311146732,-0.0007487770135513773,0.00857394920328264,-0.008135853916584673,-0.00016253734684537987,-4.5577450276317074e-07,-0.0008527393506419074,-0.00028690144257914233,-0.0005937970007958328,0.6101982735950409,-0.008145885713100985,-0.5409399882379788,-0.27604565469292686,-0.007153406708119914,-0.002134666793593944,-0.00010868861288185067,-0.0020649478387745283,-0.014550748394006578,-0.0008804405969335886,0.0022199790447725064,0.004928082497474849,-0.1248228848972247,-0.09071199094480759,-0.08319844449885863,0.08636410498840838,-0.004800837825807598,0.1348215815753262,0.009504653591946566,-0.0036144082876851317,-0.0017101886989546902,-0.021172885221072964,-0.02955994491600799,-0.0808715110780054,0.07751190401967523,0.055618550716514496,0.06289869560662575,0.09179620012079667,0.0011867872828514212,0.3003075920570986,-6.735492006550539e-15,0.042614912833522076,0.09009951917460562,0.03397487443343633,-0.054181169044761335,-0.10436378853915022,0.15074577782156004,-0.09267478296007572,-0.010036131532642309,0.09323596971609628,0.010886382450540643,-0.12561031099539904,-0.023463366385740654,-0.012063627346169009
22,-0.32772996151225386,0.5807208450861651,0.21822334194043347,2.762771773077893e-17,1.1390521929072141e-17,5.129050538105621e-17,-1.7876164477630692e-15,-3.817838483456806e-14,0.21871444084026542,-3.6441835833548044e-14,1.7166884488125012e-12,-0.2742247657699371,-0.0002447772266049625,-9.747640926199791e-11,-5.1900650451827186e-11,4.182471440836842e-12,6.483139625347425e-09,7.411511060345118e-10,1.2877152660434311e-09,0.005563740619022708,0.00012344541229985603,-0.06308929528578815,1.1574012297743647e-10,-3.0008124496243937e-07,-0.013271764228183812,-1.997800305607005e-05,-5.03007864687341e-11,-1.3340569216424803e-08,7.202607881318796e-08,-1.0838327352522199e-07,-0.006719809080313369,1.1065441720264521e-12,-1.837406336072318e-10,5.59285434762949e-09,3.4571987590534284e-08,-1.1351892219131684e-07,-0.3789070870388027,1.7231792670028904e-09,-1.7600571926230633e-08,1.0558538808361901e-07,1.1014191675783797e-09,-6.62312482990608e-07,-4.948793460297648e-06,2.733068148798867e-05,-0.00034915207118705715,0.0007132618074892321,8.647514032505104e-06,-9.744645898802267e-08,0.00020299045339046325,1.4593064471608697e-06,0.00021706773741169083,-0.04453583409140342,0.0004777422898644239,0.026422330848632023,-0.15669954164047303,0.004193198277094195,0.00026328118002198547,-4.842898775672435e-06,-0.00015705468765846164,0.011364985421662277,-0.00018718199045579997,0.001579084104564487,0.0037520029809977704,-0.10208262127564292,0.012723083338271416,-0.05414238760419214,0.04785666638698387,0.005796390221455334,-0.12824653026079355,-0.011668694767206793,0.0030287385259180266,0.002731542835429848,-0.0764177564924557,0.05884482173551707,0.021615088181233984,0.003847689840122803,0.16492838350833988,0.0164951911677099,-0.009281158156047202,0.010215515818765246,-0.022156660236624284,4.97395047532721e-16,-0.04828675149876434,-0.1306639696388446,-0.00745562621311212,0.25403931843396405,0.0049055699999498905,0.016538329456209852,0.06096441480673286,0.0505394965815562,0.0036188333076188086,-0.07977651614607029,-0.1834712698309402,-0.011580256737233454,-0.09154596984736638
23,-0.40214896211004575,-0.38684085768747795,0.42545203246457647,5.878285586690149e-17,4.8268209363770634e-17,-2.1360818544019845e-16,-1.6088429999527395e-15,-4.337403563303464e-14,0.21385202366520423,-2.9961114777713613e-14,1.5235115078336083e-12,0.2348351623001829,-8.276547614992553e-05,-3.9557478823778323e-11,1.0545657446568082e-11,9.79382755964477e-13,3.734189584485472e-10,6.203593689976859e-10,8.873159392606034e-10,0.010122730961754254,-0.00020591853513350194,-0.27458195056975804,-1.9109725897398255e-10,-2.03529517851094e-07,0.01365354565485257,0.00028994504393332714,4.321783164476673e-10,9.642055920394655e-09,-2.6211117123252548e-08,5.114421689729347e-08,-0.010854035239488365,1.8746449050759725e-10,-2.6308152048298035e-10,3.0420586992901046e-09,2.4859664598235823e-08,-1.5257856883281861e-06,-0.001727647167921485,2.0171781763804855e-09,-1.640009286215652e-09,-4.805954271214797e-09,-1.3636536602150687e-08,-1.1344365109741237e-05,-3.375065863342987e-05,0.00013484067395230233,-0.0015622592891652838,0.020249839897294775,0.0004287944626424468,1.7478787321038193e-06,0.00022985144044803863,0.0001348877001876532,0.00018443968217188848,-0.1681758159479238,0.002297308425808335,-0.21180396688916917,0.03361427100253328,0.0034681420247762865,-0.00019612098563030717,-2.9292575148575498e-05,-0.0002608327387764498,0.005564307132947654,-0.00018614857359762062,0.0008127847402181189,0.003269185248812958,-0.11721845775124298,0.016328408945617174,-0.02009264381771763,-0.0034106970373573315,0.003095777622061013,0.11290065680251621,-0.00437466464938705,-0.006486417302753118,-0.0024094615475638826,-0.11778845744666508,0.014036839509581919,0.1870771965675569,-0.03629139233759112,-0.0008896389969996994,-0.08381513611112075,-0.20598709786121752,0.014225087375853814,-0.1533490383382001,-1.5152500550820952e-14,0.027678570697645836,0.07771239822715896,-0.04990659197695469,-0.05714399345534351,-0.254839784039609,-0.011412508710896947,-0.07568151157898932,-0.010206096733434871,0.05060128453110958,-0.03270797396777791,-0.02035455168246944,-0.02059857245944118,-0.13208802780778534
24,-0.47223273809627886,-0.07363752836497177,-0.51377263750191,7.734072818022118e-17,1.0184986303222242e-16,3.568967070761474e-16,-1.931010943973508e-15,-5.129724553840608e-14,0.26147565188816696,-3.85942968021264e-14,1.9250897641338587e-12,0.11336609117919143,-0.0001567469228488176,-6.818053290852222e-11,-8.340817991742795e-12,2.290421867560899e-12,6.445528142398601e-09,8.05472628178456e-11,5.985809683480817e-10,0.017518752153750025,-0.0003455781652270627,0.3074816520007676,-2.9108693947019536e-10,-2.1128353540834112e-07,-0.0032649154949034344,-0.0002784731929744077,-3.6105669298740753e-10,-5.100092382630378e-09,4.345580788877062e-08,-7.880490578938976e-08,0.015029527872330091,-1.2989658248736457e-10,3.3063487577470255e-10,4.504492735942704e-09,3.422946932465718e-08,-1.1196058057280134e-06,0.019507447237532765,2.899792802114506e-09,-8.682469528070492e-09,-7.409896364342602e-08,-1.0287613119437846e-08,-1.0232880160161947e-05,-3.2904952952181875e-05,0.00013082455762268252,-0.0015660552154604535,0.012027037487403134,0.0002334157551315202,5.674062275925959e-07,0.0004619485420347891,0.000148352218809603,0.00022296093412556994,-0.1875836620716169,0.002163026814550227,0.17135268927051442,0.0949986098557156,0.0045342383449943876,0.00013258206659066542,3.134376401716283e-05,-0.00011412448444391857,0.008112631322458005,-0.00021427607307043873,0.00145462127206209,0.0043946914531514236,-0.15487282615030992,0.012440914151105471,-0.05391449459343604,0.03144859353323129,0.005542311912419161,0.11011054028470721,0.0009792818046943784,-0.003449772769516127,-0.00149165474722469,-0.0411110679354973,-0.05283772121309245,-0.04329689729500921,0.12461682053900597,0.07794640267130891,0.04812703994088278,0.08885893345807865,0.003976522376325514,0.3127498912157314,-8.702874765849891e-15,0.05701539725259661,0.0910148074982506,0.05180511995439077,-0.05333081554615089,-0.11362543574850376,0.1490791189129329,-0.09233610620445579,-0.021003912361273785,0.039303075623989554,0.02097886305219579,-0.1297150639004172,-0.023979832294042464,-0.01810360859846475
25,0.3329048154084477,-0.5896748500751569,-0.22148783592969248,4.203848166844505e-17,-2.965232005304602e-17,-4.206550290631126e-18,-1.6824466635561295e-15,-3.505186390046053e-14,0.20719417838751453,-3.422543604350248e-14,1.6198534251676902e-12,-0.2591292336146333,-0.00023326103521966376,-9.291168330434416e-11,-4.929310881297894e-11,3.983717971549394e-12,6.847491938309442e-09,7.664531964659202e-10,1.3317041678652208e-09,0.005499821129089389,0.00011646625290579054,-0.05915480730078783,1.093734994897921e-10,-3.051778690854455e-07,-0.012983482632735173,-2.0797978169927226e-05,-5.0758095126923685e-11,-1.3068915035616333e-08,7.078365069357989e-08,-1.066641274326761e-07,-0.006569594409397148,6.914778328562644e-13,-1.7973159223887332e-10,5.528976800513365e-09,3.424561730425721e-08,-1.0866114186856953e-07,-0.37577993263951215,1.711432761856564e-09,-1.7458451422416315e-08,1.0467415678364048e-07,1.0817483203764363e-09,-7.554864958686098e-07,-5.137970663831879e-06,2.8100087218381567e-05,-0.000357563267864169,0.0007200641141781274,8.79502444644389e-06,-9.674982643963227e-08,0.0002032876863557679,1.4990062532646126e-06,0.00021761516475683998,-0.04481828362224133,0.0004818911466091367,0.026454017422204452,-0.15854745623919755,0.004213721263730714,0.00026737013280660844,-4.895226209782418e-06,-0.00015484001095395422,0.01106705019385315,-0.00018580529344658166,0.0015743909066236663,0.0037467830050722526,-0.10208618062878104,0.012852305417876632,-0.05403753967036306,0.0477232677040448,0.005799838006698478,-0.12801746375522793,-0.011674998034359313,0.0030237753369753077,0.002727412689804637,-0.07636840861766808,0.05892793512336422,0.021586716160140716,0.0038309937413306236,0.16496156450397315,0.016502960010902307,-0.009259122814949514,0.010208900271142296,-0.022149882162459167,6.385430898556173e-16,-0.04815898286177229,-0.13062046717061396,-0.007466943825047104,0.2540251562777486,0.004897581495075904,0.01651003384528268,0.06094243077527893,0.05045736585370145,0.0035722482166487277,-0.07972046479819798,-0.1834542034633497,-0.01158052518070896,-0.09153477362248423
26,0.4084615700427137,0.39275091496255365,-0.4317311705060652,8.678279185536675e-17,3.044833700777448e-17,-2.0616731213476644e-16,-1.5575614069752546e-15,-4.002485054534655e-14,0.2037365078859523,-2.849887786000963e-14,1.4497800633878297e-12,0.22385801949610296,-8.084980777998817e-05,-3.849936247472985e-11,9.787628007246576e-12,9.654021437530257e-13,1.032363860223229e-09,6.427145540881879e-10,9.532352026451702e-10,0.009945466809953897,-0.00020201159926084428,-0.2620526774267313,-1.870920936976381e-10,-2.1207041052456205e-07,0.013298128991042844,0.00028023742142673386,4.1799434700129384e-10,9.378229918347897e-09,-2.5376578875398093e-08,4.9649114169139456e-08,-0.010602065568446159,1.8354091014045632e-10,-2.5691086433811713e-10,3.0186278514019194e-09,2.4683109556354125e-08,-1.551448928445193e-06,-0.001701998782622762,2.004856061590125e-09,-1.651272340846435e-09,-4.934159631551669e-09,-1.3573865561255945e-08,-1.145853071284735e-05,-3.406667271929773e-05,0.00013597789887905435,-0.0015746171167833219,0.020199406112382627,0.0004277481244154801,1.7439670432833073e-06,0.00023030917304635325,0.0001351590018086803,0.0001850644772742616,-0.16894854967085038,0.0023094838906655667,-0.21365890843406612,0.033613877914705236,0.0034761388027804655,-0.0001958711249447967,-2.957038805920294e-05,-0.0002612978527175056,0.005576878227011649,-0.0001850259775608263,0.0008132390702370478,0.0032666799368959005,-0.11718961675755755,0.016444010698300815,-0.020087455473612476,-0.0034335754453363233,0.0031122976491026557,0.11278788729416102,-0.004383616115510386,-0.00647957541529942,-0.0024068132101661564,-0.11771034980886518,0.014001677569167151,0.18693857923968898,-0.0360899308843506,-0.0008485762156857332,-0.08374344934788987,-0.20592901517537746,0.014216178115861235,-0.1533386200857433,-1.510882525336436e-14,0.027698116141163003,0.07768613504294959,-0.04997133744655179,-0.05714041496044731,-0.2548390588252054,-0.011497386481014399,-0.07567447130185866,-0.010232356977005608,0.05064807361155616,-0.032676557252211955,-0.02036974229752558,-0.020595440686987734,-0.13206202443451465
27,0.4796502172281707,0.0747633534905636,0.5213659901988404,1.4156192342060674e-16,4.478004126657727e-17,3.595959612030503e-16,-1.7400341968163237e-15,-4.726162994286304e-14,0.24911364854904156,-3.672966092367979e-14,1.830308033131174e-12,0.10804653616626159,-0.00015155455722206702,-6.585871287224186e-11,-8.244884926257947e-12,2.2183461559520515e-12,6.893060064650701e-09,1.3647606488027235e-10,6.858579942810587e-10,0.017003677066629832,-0.0003335588072793296,0.29343290556428503,-2.8097636358764084e-10,-2.2118677740838105e-07,-0.0031474037211575087,-0.0002688775873078191,-3.481797681475505e-10,-4.970786778036745e-09,4.2654317930183556e-08,-7.732622757921467e-08,0.014699573825732089,-1.266007652780138e-10,3.2284448576703354e-10,4.4665035379088075e-09,3.3967449418131895e-08,-1.1327731292115592e-06,0.018688148110488197,2.877343226070771e-09,-8.636552158721253e-09,-7.334859555328406e-08,-1.0247527524595283e-08,-1.0297897038912567e-05,-3.31340577451339e-05,0.0001316286209801312,-0.0015756172269586507,0.012008887600635348,0.00023310957671870681,5.673123536975672e-07,0.0004628256595667095,0.00014864529465573737,0.0002236613789543957,-0.18843372044025242,0.002174396584333711,0.17298937008184959,0.09595124339819144,0.004542535222465548,0.00013649807709324762,3.166054895694158e-05,-0.00010956719647152048,0.008203204879526676,-0.00021278379969550824,0.0014509297942113457,0.004388044156124718,-0.15472196560805332,0.012603244749741822,-0.05380763573742556,0.03132010262130947,0.0055543782675710205,0.10993929163095185,0.0009625847880250553,-0.0034475676888815693,-0.001489802045625319,-0.04116270153681884,-0.05288593142508825,-0.0431332869729864,0.12459774945859683,0.07793564439599719,0.04803917108644018,0.08880693485218148,0.003984388434181013,0.3127444789773399,-8.394925804258853e-15,0.05698832254009656,0.09098450630240917,0.051858901818700745,-0.0533208882694232,-0.11363360084043896,0.1490426349042398,-0.0923181491481991,-0.020994491059431353,0.039157718266234466,0.020973109939883074,-0.12970441761583146,-0.023977834782930477,-0.01812524288513576
28,-0.005429391179959576,0.009630879253781456,0.0036240814850505205,-2.0969170876143947e-16,-2.1578295606248151e-16,-1.4341982186231512e-16,6.670089745939196e-15,1.470211201592775e-13,-0.4975295796798929,9.693404334142726e-14,-4.277964014694672e-12,0.6710507425424371,0.00047663076411820813,1.8843328242526672e-10,1.1146086989410891e-10,-8.276921340258213e-12,1.2135160901669964e-08,8.108654873774985e-10,1.5300820066282636e-09,0.0013873402527177733,-0.00031951667053339015,0.18684986325769834,-2.8827657362190387e-10,-2.894118617023809e-07,0.005605660283427954,-7.230975758674676e-05,-7.858373472392155e-11,4.483668320365388e-09,-1.0112386333612723e-08,5.7549204216467115e-09,0.00338519916934687,-2.6579690460510132e-11,8.499009536850737e-11,1.2464554725115058e-09,1.2036074861077983e-08,6.003375028265618e-10,-0.15030295222051024,9.01839389291349e-10,-7.389168442139075e-09,3.789807319941225e-08,-4.5489370683745665e-10,-3.968789291674108e-06,-1.1413930763083747e-05,5.209142305423025e-05,-0.0006161425421686552,0.0013501988611352607,2.25669277261129e-05,-2.884704873809517e-08,0.00019827245489597442,6.882140189059233e-06,0.00021306221261791755,-0.053118846389819126,0.0006100243495422427,0.028164375532084045,-0.19796739960797086,0.0045777970545646095,0.00036928143832733504,-5.346282908886267e-06,-7.438216759102998e-05,0.0010698301526263423,-0.00013153079722512086,0.0013547945911827934,0.0034427114327452487,-0.09909274994268678,0.01646826543142726,-0.049302664559158924,0.0421860983444289,0.005748426624947245,-0.1168422590720506,-0.011563620616704295,0.0027772513370792574,0.0025220747229243354,-0.07348512302974107,0.06111538823071032,0.0201855102540158,0.0036602962099803174,0.16366805553279606,0.016609660560618595,-0.00842491590562014,0.009820866933390208,-0.02187215850282084,6.562744189131085e-16,-0.043390707849634,-0.1279550895493072,-0.00775027352690393,0.2532216139843319,0.004614879596705396,0.015797674265031435,0.06003148269216089,0.04721947420279312,0.002180236584046968,-0.07715547979814268,-0.1825366034018535,-0.01156835727396482,-0.09096943210718685
29,1.6527916485901485e-05,-4.4196999205572356e-05,-2.3589358711732797e-05,1.550365614107779e-17,3.229808118362878e-17,-2.5482813889264292e-17,-2.9043071328561833e-16,-1.2398625331319439e-14,0.06935886667282229,-1.2470442831636256e-14,5.672019100708323e-13,-0.13846189849547746,-8.964728064990953e-05,-3.5016589911618894e-11,-2.218905911098194e-11,1.5798663570165631e-12,-4.072948278497886e-09,-3.0894106303360723e-10,-6.028935983576033e-10,-0.00044673210451756564,0.00010021707566441853,-0.06667983086828687,8.929852812771457e-11,2.0573644177668532e-07,-0.0031934123059198178,3.7047188291851166e-05,3.975287918637588e-11,-2.671825519928369e-09,7.1105242807825484e-09,-4.415068845744869e-09,-0.0034576438207083145,2.4922167372784824e-11,-8.131482055629965e-11,-1.5940709157966145e-09,-2.06263850194179e-08,8.178237317439813e-08,0.8232280524538971,-2.0764787395230634e-09,2.7670623331071303e-08,-3.1625913376978755e-07,-9.768161872201086e-09,-1.4859668973480375e-05,-3.3072776478854505e-05,0.00013172460404339611,-0.001475562616960277,0.004685064201850283,7.5931095021083e-05,-8.71148985406182e-08,0.0003573392178207122,1.2280051940518734e-05,0.00036303294164977584,-0.08669078693607372,0.000981270494300742,0.04230871467160254,-0.2855342013103508,0.0054810875448806935,0.0005424627033792828,-7.976765978915187e-06,-0.00010129332071942233,-0.03449996382734135,-0.00013939216260213955,0.0016437169263065288,0.004025367361182041,-0.11296646869925102,0.01825257201305822,-0.05369886797033204,0.04577894508988549,0.006247746607550159,-0.12280954354744768,-0.01210733633774282,0.0028848775843659715,0.002631640011911413,-0.07475004237892179,0.06125505295970958,0.020267242371897826,0.0035900994320936124,0.15930090492585916,0.016585626911935228,-0.008468911616814618,0.009958004254105118,-0.021358690461052262,1.5744728099548403e-15,-0.038289855283377874,-0.13227342677724305,-0.007685119622389837,0.24794657971968292,0.0045132553358562776,0.019455280910323385,0.059207816765109306,0.02859818176895312,0.002325800319571975,-0.08165149001621148,-0.17971106378986515,-0.0114325789638794,-0.08958246596087242
30,-0.006640953686891584,-0.006384075275567012,0.0070161051385678125,-1.3779565634628078e-16,-8.43019222511803e-17,1.2607668719944794e-16,6.778887508696385e-15,1.6084947510402578e-13,-0.4190908652690035,6.191162820257907e-14,-3.087766109999984e-12,-0.4569573527753578,4.029552676540124e-05,2.8025498845696137e-11,-3.6863995122496435e-11,5.900749968497533e-14,2.2801282060658485e-08,6.879592808524623e-10,2.2163358015166556e-09,-0.001431806898147446,4.862407387280326e-05,0.5268794757037109,6.888924227131618e-11,-3.732159882592314e-07,-0.00971021440659476,-0.0003430485246318913,-4.923994842592483e-10,-7.729569488929801e-09,2.9128938318572594e-08,-4.8490196962418345e-08,0.006215579315502634,-7.733735433160398e-11,1.533790650515841e-10,1.4163555892570672e-09,1.239447056236573e-08,-1.973942630556876e-06,0.00025483472245475407,1.1305365343009076e-09,-2.446684365390461e-09,-1.4454151451900189e-08,-8.513835733835376e-09,-1.306567761524025e-05,-3.885785868597064e-05,0.0001526615511195189,-0.0017528883872437962,0.014903893531999054,0.0003157811491561761,1.2882713591215573e-06,0.00023151258215558038,0.000130474873818746,0.0001886126696526572,-0.1784060364738227,0.0024770599732569063,-0.24056771857854328,0.032906299348607324,0.003536906785769772,-0.00016150046465862686,-3.3739736991845213e-05,-0.0002533707776493075,0.005703362411153562,-0.00013957395824667584,0.0008046525077816145,0.0030847287164970038,-0.11291014808235196,0.019504362296523012,-0.019803577237562636,-0.0036522443447866474,0.003573549518277419,0.10695086029720625,-0.004533954633568022,-0.0061241057727480785,-0.002270644065295983,-0.11299448821090387,0.012735438088016339,0.1786714401069972,-0.02856557219035906,0.0008643195465417767,-0.07963661471253872,-0.20262458455493454,0.013663766787461017,-0.15280379466255606,-1.5447333918256065e-14,0.028144321354446663,0.07638373409014997,-0.051707648359505205,-0.056964584361052444,-0.2545514964510483,-0.01342146284020975,-0.07530792577707575,-0.010985798255778695,0.05167418712830201,-0.03129626907947314,-0.02089621163039099,-0.02045242270500557,-0.13091308629377865
31,-0.007798436324901135,-0.0012149603106961083,-0.008472591927549409,-2.058390892955228e-16,-1.3344592406214264e-16,5.278154974052933e-17,7.874001982687688e-15,1.8740017020493922e-13,-0.512563404447853,8.391368595253123e-14,-4.005088932615128e-12,-0.22048111154429262,0.00017321613139464366,7.918919673127859e-11,-1.7478466585989372e-12,-2.3057832777721187e-12,1.4234594841294656e-08,2.089448893763471e-09,3.2193105042743953e-09,-0.015530688808197085,0.0004221853374074206,-0.5905617168841437,3.545174112120643e-10,-4.518416347246724e-07,0.00444968259648411,0.00034658289816029853,4.770405809826317e-10,3.4299105791890746e-09,-9.982241625286798e-09,2.014078315414099e-08,-0.007302497728218097,9.206723324675612e-11,-1.9443402641061264e-10,1.8672427852546833e-09,1.573473362774347e-08,-1.3326232910338502e-06,-0.04025367781811604,1.2915916599950808e-09,-5.254524450223215e-09,-1.754175328262342e-08,-7.032375439152808e-09,-1.0698110419896181e-05,-3.5490739690239494e-05,0.00013937353857660558,-0.0016710990373256537,0.010070403933912838,0.00019939639680913266,5.482959666729111e-07,0.00043624638142650973,0.0001415489200916133,0.00022723703369340953,-0.1973876778342995,0.0023429771188610074,0.19647878868723886,0.11267745357364968,0.004544699103407775,0.0002414884349149088,3.6661268850157516e-05,3.2109707451146005e-05,0.010603382769928537,-0.0001551327987987423,0.0012769058587654316,0.004028388642153025,-0.1449756333487762,0.017404431279875423,-0.049037719611204,0.026456755262925524,0.005793262266641787,0.10164130483742881,0.0003176197641702156,-0.003322392162082589,-0.0013962269069640633,-0.0429359084572991,-0.05396010407028027,-0.035978496436139026,0.12160879385543151,0.07678426918802427,0.04394775762364003,0.08619253339118571,0.004274302393004431,0.31225832442180157,-8.436269215884641e-15,0.05529074525135323,0.08914705367038551,0.05323781636697545,-0.05288545056211173,-0.11383762086195004,0.14599498805144917,-0.09150565552030951,-0.020319839431174144,0.034386256179258216,0.02029688188741191,-0.12912829486461488,-0.0238597320172693,-0.01890169823311871
32,2.6508231767345926e-06,-4.707376467597322e-06,-1.7768578835150611e-06,4.97478056170775e-16,1.3178141438978417e-15,7.794195052338149e-16,-2.1886862785401073e-13,-4.8659863324906866e-12,0.012973820308658702,-9.50859233862752e-13,2.382892049927634e-11,-0.015336127210385747,0.003539048581050629,1.4540207578252816e-09,4.2734182259914354e-10,-5.59785211311476e-11,7.542203193156056e-09,1.1847558765062246e-10,2.0671548192406937e-10,-0.29172599084717227,-0.002813113670939978,0.003075157841276863,-2.7362482912829348e-09,-1.013464205490211e-08,0.5757204713264891,0.0010494535543287484,2.6388064903157594e-09,5.520072189969368e-07,-2.642957477254788e-06,3.7546850900852176e-06,0.30479608703217953,-5.352212399759421e-10,7.972467154167914e-09,-1.279510516539698e-07,-5.499900509439023e-07,3.158607652542601e-08,0.002481672746692593,-7.011999207288657e-09,8.004992401714722e-08,6.192287341017522e-07,2.3657443756734104e-08,5.716729579757767e-07,1.8366492824940794e-06,-8.683657764658809e-06,0.00010841512854261471,-0.0019528246215220113,0.00014359269183477453,3.761759575750943e-06,-0.0018848915463430024,0.00024124530837619314,-0.0019877615615992703,0.019037507949815968,0.001082375201299227,-0.010493112339932751,0.029789153191891463,-0.0016188195089069002,0.0010613993807592564,4.7252966356774326e-05,0.0030552206812799153,-0.001386141468794573,0.0019950993117171948,-0.01059298889792834,-0.01617769699498616,0.22657798040758015,0.1031832973946624,0.1912573429503997,-0.2139910537006872,-0.005581791091092891,0.42825790980906925,0.006941339404387156,-0.009153449300909142,-0.0075960661839057685,0.0753804253661119,0.11866739834679466,-0.04207756802106608,0.00982707668943439,0.08482521070507461,0.015325897348722478,0.024001197783855333,-0.009938402963149899,-0.015440667889461236,1.7079477583668288e-15,0.09157282954299267,0.041595403579130615,-0.015440617510715732,0.2627782166549307,-0.004996234757585369,-0.035578187017127574,0.03007557703616689,0.08859948096445378,-0.043125117795961176,0.07457146936069894,-0.16522824863786156,-0.0117245956244324,-0.0779012263761468
33,3.251221062226431e-06,3.1252858281789364e-06,-3.4411911555853078e-06,5.804664848611795e-16,-8.951570631340034e-16,1.4642810500593484e-15,-2.7938941704525866e-13,-6.252121620626734e-12,0.014082422907894356,-2.894419677067353e-14,2.384007606085762e-12,0.01694706129676161,0.005038588789741863,2.0632685586702983e-09,6.47177079014108e-10,-8.079394412830266e-11,1.3036837064301476e-08,2.7194351478638385e-10,4.049376708792839e-10,-0.5077929274093915,0.011461700896023152,-0.013223471162467436,9.994775485644968e-09,-7.788067906217156e-09,-0.4635350042219637,-0.007743263166431263,-1.1654315428476334e-08,-3.368320226375193e-07,1.0466855976645514e-06,-2.0251730708582862e-06,0.3932763573373067,-6.496808880061887e-09,9.328265102522397e-09,-6.669917170998986e-08,-5.158683402129229e-07,9.86503408346989e-08,0.001488828321394921,-3.8587553833620823e-08,-1.4785919031241366e-08,-2.5697277038003684e-07,2.1961634755847089e-07,7.5048489782925975e-06,-6.642108069742744e-06,9.474423214104472e-06,-6.922218672949873e-05,-0.24704826615735617,-0.00523779080154995,-2.158447758145098e-05,-0.00018488316457285277,-0.000442095995190529,-0.00021088489645652156,0.012529305237087647,0.0006414989902783368,0.009367017878298356,-0.004264447402630694,-0.0006989168703369964,0.0018586646087037598,-4.0533714351459555e-06,0.0008553990264527308,-0.0012602152575206436,0.001626322638271743,-0.0002917488966564644,-0.006156590141814538,0.1360591744653029,0.10109585669939394,-0.005269798901399234,0.003993239953482052,0.01665974132667271,-0.1597362583585692,-0.005415333199689588,0.0100293710438107,0.003904585799344652,0.11370126004034219,-0.03429677182305899,-0.2166753010456234,0.2559470008941729,0.06984065738915883,0.1138237257531979,-0.046300705477016854,-0.01312694148379868,-0.13005156774296336,-1.2804091405343414e-14,0.03759303988059347,0.01713067799802489,-0.10009892810506318,-0.04962664121862742,-0.2369427041497869,-0.05333833265190285,-0.05838847421920118,-0.0353717614358229,0.07068640910454181,0.02630662411156668,-0.039260099525388135,-0.014213027385557424,-0.08220638057049535
34,3.811966176045651e-06,5.884040597082602e-07,4.1342854819937345e-06,7.767200457972356e-16,-2.0488327205498213e-16,-1.5614207077723285e-15,-3.1270197823006507e-13,-6.978941921836248e-12,0.015684688883559873,-4.2203811561958643e-13,1.1831388854694363e-11,0.007662805883671078,0.005174104264744471,2.123506476457697e-09,6.802519823774211e-10,-8.36784579103405e-11,1.1673841107809931e-08,1.743480272002538e-10,2.991680502447061e-10,-0.44830404263990503,0.00617279735714598,0.025542959668153033,5.294807152777809e-09,-3.842316618884988e-09,0.061979826378211755,0.006927476860406887,8.53215121644717e-09,1.3349961319014666e-07,-1.298220018101706e-06,2.42459317492227e-06,-0.546132759790561,4.8477629762090245e-09,-1.2175606158367043e-08,-1.114926012740348e-07,-8.076501011697511e-07,1.0818447212984127e-07,0.0033804709954134444,-6.832311982350516e-08,2.1381881850699765e-07,1.3921387354210645e-06,1.2601421814249625e-07,3.5501381095935255e-06,8.283299750544097e-07,-1.0729392040622844e-05,0.00015070166617315382,-0.08899461067982943,-0.0015827389348135519,-1.4541199212541996e-06,-0.0017807035443608336,-0.0005819239403540755,1.460338251759607e-05,0.03770635197505491,0.002126937970296463,-0.019677918834001377,-0.011409043379939065,-0.0018206623153312845,0.003202298720492426,1.3685739803023053e-05,0.004247287282165687,-0.0033986096322088637,0.0020003347773771417,-0.005592055734780203,-0.011311635508750521,0.30364654720748385,0.16670826855368723,0.14283000240003724,-0.15115246523513784,0.01001723558605685,-0.27290054604969527,-0.02553518503048312,0.0028266082404248315,0.00300140735092436,-0.10636942265024528,-0.0752795698334902,0.26091942451267947,-0.05228574601717625,0.004814634493228218,-0.13193561444150717,-0.031005221635041692,0.015179815260314365,0.28866402701509963,-6.904278829497346e-15,-0.017836290292909722,-0.008409560019261136,0.0894405935310129,-0.04428677422530199,-0.11854230384609482,-0.008965113372157652,-0.058029085291112996,-0.02131033278665676,-0.12952184634547734,-0.026068192086980965,-0.09722147553835123,-0.017886539227764724,-0.044771864548174105
35,-1.7822257113901755e-09,7.1751150874378934e-09,5.422983524690409e-09,-2.8996646336781373e-18,9.325968220228897e-19,1.804833651328131e-17,-3.745206619365564e-17,2.779661679919719e-17,-0.0003070773790945762,-8.933451851500638e-19,-2.3236409331011564e-15,0.0008636067965859882,5.164702168513244e-07,1.997243836423402e-13,1.3421165081995463e-13,-9.21337479950198e-15,3.780872622345058e-11,3.161347405785792e-12,6.327697310000949e-12,4.014544550296484e-06,-8.821186956843361e-07,0.0006490854840016978,-7.781853942717877e-13,-3.2466194390367086e-09,4.36198174944666e-05,-4.7042828481154436e-07,-5.003945323475416e-13,3.7615540232641884e-11,-1.1144005513842158e-10,7.303156246396541e-11,6.741661133036176e-05,-4.636877513992914e-13,1.5294593334843853e-12,3.487188760407615e-11,5.14453896554345e-10,-3.513384240632288e-09,-0.02868019100625142,5.790224687547487e-11,-8.894793161127063e-10,1.1750649982792653e-08,4.4095608504799046e-10,9.416388683469315e-07,2.4505803186678743e-06,-1.0969670116156043e-05,0.000130002282271621,-0.0003089442044547022,-5.095568959053708e-06,6.2641615876281906e-09,-4.981106533140201e-05,-1.754359734501434e-06,-5.8872414059975314e-05,0.01623041578888028,-0.00019417806414653784,-0.011694713824526883,0.10504489216812621,-0.01514277793517597,-0.00017358727627698987,2.29956016416486e-06,6.70672071418164e-05,-0.7545129372151446,0.0007949462200929608,0.00025509166551210114,0.00030797606206115933,-0.0034501956007992043,-0.0004113757140288364,0.003295822555387483,-0.0032333099094875853,-0.00041639613884105994,0.02216330229177368,0.0024140377825296573,-0.0007046681701456515,-0.0005728561299688005,0.0313018465834543,0.04145116152945829,-0.011848689423511433,-0.0036281056368232755,-0.18814020826512046,-0.011114399349850115,-0.006066859517320509,-0.004529156866912829,-0.009045435360042582,1.40622162852751e-15,0.15066813616141644,-0.1597982140774769,-0.004241348894548154,0.10972362652455242,0.001957875654181697,0.10298854227396884,0.029651356146966856,-0.5272703123004098,0.004442217434860032,-0.14075669958790105,-0.08722538316584041,-0.005934332716353298,-0.04365959296679596
36,6.733819545200272e-13,-4.0812301842020584e-12,-4.367689691661412e-12,-6.479054262908204e-19,-6.5257848714387705e-18,8.474444643183004e-18,-8.0785402154632e-18,-6.455059818039256e-18,4.738426190343856e-06,7.421465777455106e-18,4.697619331844053e-17,-1.8729174697164737e-05,-1.0352436102708281e-08,-3.918339360147773e-15,-2.7179515962475926e-15,1.980820077581212e-16,-1.21534289849466e-12,-1.118704418643735e-13,-2.2958113634521787e-13,-1.2497621900747522e-07,2.6904494571808103e-08,-2.1865516154985965e-05,2.3485464740518397e-14,1.7573757895036036e-10,-2.0502618140351085e-06,2.0584582539661884e-08,2.1668691486799233e-14,-1.821134054790143e-12,5.991952345352701e-12,-4.1390538396958245e-12,-4.482787860871125e-06,2.959777725609288e-14,-9.816772675157263e-14,-2.591579312721286e-12,-4.336813788790209e-11,4.934550573179786e-10,0.003318060994728795,-5.429594408382674e-12,9.542198390251386e-11,-1.4435408329958142e-09,-6.47950739266604e-11,-1.8688033934596688e-07,-5.55082729047054e-07,2.733585508678775e-06,-3.38841825823486e-05,6.344006294148193e-05,1.0620654643261782e-06,-1.383889582264197e-09,1.8125386604267974e-05,6.487213913562134e-07,2.3575225752953156e-05,-0.007066830377420582,8.715337764983204e-05,0.0061657801403478905,-0.06176343620243913,0.012171029028093092,9.707804353883357e-05,-1.2339452398956597e-06,-4.608580096836426e-05,0.6420937160930084,-0.0006558171972109168,-0.0005105135112709756,-0.0011288667379109408,0.03145124965090248,-0.0053786707026764954,0.017070838567263436,-0.01485708949818593,-0.002009506760854261,0.0519686282856992,0.005356673208906774,-0.0014123642926727564,-0.0012143282408250886,0.05106909018306284,0.03973551346204342,-0.017706661576022138,-0.004921963127670919,-0.2503012965521264,-0.01613555448680422,-0.0058840115706469695,-0.007212587171737454,-0.007649993481618799,-3.614771633009721e-16,0.1846563366204723,-0.1680649307565316,-0.0038769065599456778,0.0941332143987663,0.0016689607975950286,0.11860024285544689,0.02640174394988421,-0.6283606072289188,0.004878692440559378,-0.15335021111795208,-0.0769704755623371,-0.005336891580421803,-0.0385728410734249
37,-5.577582485720396e-09,-8.076706624301887e-09,1.2602415346095458e-08,1.3545229241487019e-17,3.5144941510647857e-19,-1.5429223731749284e-17,1.2291603326218752e-14,2.85882183233179e-13,-0.0010397808161289632,1.958041602835278e-15,-1.6794410470129538e-13,-0.0017988922250427013,-0.000491373757708646,-1.9899691271571075e-10,-6.648643778152664e-11,7.985521940097011e-12,-2.1327074475150367e-09,-4.9586707089330374e-11,-7.5966383151468e-11,0.08014166351090973,-0.0017680319621736036,0.0022804009285019283,-1.525076365651121e-09,2.341268381582862e-09,0.11752564725897899,0.001804054100486206,2.6875604106474894e-09,8.847104536471962e-08,-3.1208773172716017e-07,6.442320112399782e-07,-0.1530928443184782,2.385212684305496e-09,-3.472868221864029e-09,3.004806561781638e-08,2.7610404032585504e-07,-1.199338149361706e-07,-0.0012850784739032713,2.4054553136670178e-08,1.1303848657228049e-08,2.45316273427291e-07,-2.915904047780569e-07,-2.0641758994689904e-05,2.9391711794641657e-05,-6.897414771030463e-05,0.0007028144843276542,0.757034402737836,0.01687192317058033,8.612591783411633e-05,-0.0013060994961718196,-0.0029236567457625764,-0.0010710897502769164,0.05196601028221434,0.002503354573074431,0.028444083903816333,-0.011447403736409893,-0.0014769520707519264,0.005261455890095102,-1.2041416258647995e-05,0.002004861086775806,-0.002580027862900988,0.0033862194595380207,-0.0004577218540627464,-0.008956069129095336,0.18808481127639515,0.13224645603412064,-0.006669279825245386,0.005019305550335786,0.021001096912321274,-0.18979346741080483,-0.006393806552236762,0.011694563005325894,0.004584915056486079,0.12880343770242186,-0.03508155935727092,-0.2420544142967292,0.28121778232239847,0.07646714060716973,0.12654333099202017,-0.04748980265903861,-0.014814914979813399,-0.12897666262900317,-1.3926597421475265e-14,0.04053079038455816,0.01789551298521353,-0.10122883075214113,-0.04939785603898586,-0.23546324573464,-0.05679850303359952,-0.05866708769100248,-0.03792688211793816,0.07453393875049513,0.027691237670944877,-0.039358932925456974,-0.014316178207945805,-0.08243807297469034
38,-1.5733500867628305e-08,2.7963893158779023e-08,1.0624890208778192e-08,-8.549049659133233e-14,-2.2795112354772827e-13,-1.2131877877126773e-13,1.2595982093618062e-12,2.71006829070727e-11,-0.0038752176577283156,4.690552499254937e-12,-1.1105653425666275e-10,0.0035739882789206667,-0.007696034180793914,-3.211660614815266e-09,-8.158560759948573e-10,1.1775649489438037e-10,-7.872468293892963e-09,-1.573210684422704e-10,-2.796208113502248e-10,0.2858570279086227,0.010301292087093074,-0.006050711511605638,9.634561640646352e-09,2.9843530737096655e-08,-0.5647285745536161,0.0018454189045365777,6.496266149190872e-10,-4.767203189780226e-07,1.5363383742932651e-06,-1.677337475580174e-06,-0.29833532680272695,1.7745640325527365e-09,-7.66610524648152e-09,4.049473318886038e-09,-1.3369409151276602e-07,2.680676261962753e-08,0.013418834117898931,-1.5735790141124327e-08,5.209320311444274e-08,3.7861527105938107e-07,2.6816540498727828e-08,9.500144221132772e-07,2.1949268706848136e-06,-1.0881010811469917e-05,0.0001352377952462709,-0.008143942414126762,-3.333739628774552e-05,2.3095646226414475e-06,-0.0015040788838991122,0.00011447863587031614,-0.0014873835039618036,0.021551469544535816,0.0009273866398123657,-0.011687758357677554,0.039775179503912975,-0.001850775027760141,0.0010300223317596705,3.882566872320984e-05,0.0027810648102669948,-0.0014462823671866885,0.0018269035876719705,-0.010077807566053686,-0.015908929104188008,0.23372482455444238,0.10335064385863683,0.19576482861810823,-0.21822191887798068,-0.005763688514114746,0.43768445210999485,0.007598702492129287,-0.009478458552461337,-0.007860802857165592,0.08241670020940246,0.12137497937452946,-0.04269282184297096,0.009696414933769833,0.0748608150237472,0.013315912379839078,0.026165743567446543,-0.010879329210380585,-0.014791993525897608,4.617292701957651e-16,0.09925255637892155,0.05452619480902184,-0.015751078242782872,0.26256095434679866,-0.005822607029543384,-0.03878069432659485,0.027291803929574903,0.08880639965320028,-0.04634238873464326,0.08493074892921401,-0.16281411626008685,-0.011666302784603103,-0.0763540596780311
39,-1.929768024039502e-08,-1.853326649822638e-08,2.049060925359123e-08,-1.048870925152951e-13,1.518793136262037e-13,-2.367278620195425e-13,1.5282375331260773e-12,3.289289742353594e-11,-0.004393134231567097,-8.282320061810635e-13,1.4009136836934977e-11,-0.005789349347159096,-0.009657669334156394,-4.022340116609557e-09,-1.1091670079031876e-09,1.5028912879213208e-10,-1.140571152440819e-08,-2.596139946734259e-10,-4.2555515393616777e-10,0.41656246721590257,-0.01439058704460423,0.0001899892722332614,-1.2931808802140601e-08,3.049900373858956e-08,0.3345862915539402,0.011028187029565288,1.5546419682013198e-08,2.8137085537360444e-07,-1.161267628267448e-06,1.8778525110470131e-06,-0.22783081395686167,2.4194635656407985e-09,-5.769880833190108e-09,-7.006842587986668e-08,-5.732168066273607e-07,3.143576764345718e-07,0.0024234309858153914,-4.922937292682898e-08,5.679169519706297e-08,1.3326419045419608e-07,3.2661929419058493e-07,1.8031017493889316e-05,-1.654444701726006e-05,2.677897075521705e-05,-0.00022418730413711235,-0.5930748561938206,-0.012925750464840699,-6.0462408816813564e-05,0.00014333622877945037,0.0007442470453566581,0.00021854732411117554,0.010001234043611282,-0.00035054572141861475,0.01650995918356232,-0.0037353621499436962,-0.0006640323847532024,0.00022021792616153742,4.6751920998759184e-06,0.0005488361264923878,-0.0011855811255734679,0.0007363302340428158,-0.0005639789026895131,-0.005294211833394697,0.1280114356368735,0.08854835272398973,0.0015821846216891918,-0.0008905588368274969,0.01448745435087093,-0.16244223070676347,-0.005230864670300802,0.010004690884061892,0.0038991245570475196,0.11763705409142332,-0.03778034162967274,-0.22329287994267633,0.25674614846230714,0.06987064803281565,0.11678820461746024,-0.03252841295177331,-0.013634385359529677,-0.12915360868890532,-1.482813518858031e-14,0.03564244666039807,0.011530974268459306,-0.10283622421069458,-0.0492672628429187,-0.23697973252904297,-0.05368445001286155,-0.05687472808313727,-0.035330056171235476,0.06775647156892138,0.029635146030048954,-0.040869790770280315,-0.01365342858484861,-0.07809874270199522
40,-2.2645687125447905e-08,-3.4694798266801927e-09,-2.4448860076477256e-08,-1.2319410922552033e-13,2.8961426193144634e-14,2.8521029407358587e-13,1.7968992226412078e-12,3.867028278694369e-11,-0.005097358141900254,1.2708217057378672e-12,-3.4712357360785577e-11,-0.0033035395951190386,-0.011171319816438133,-4.656699100025002e-09,-1.425958251707181e-09,1.79693815128459e-10,-1.209963415723157e-08,-2.478613007845556e-10,-4.28220435603701e-10,0.43900315150812264,-0.006888171776791483,-0.013509671630708193,-6.071010357948703e-09,3.37335003918403e-08,-0.06187144305448895,-0.013540272185375787,-1.7475654727629187e-08,-8.764487583877292e-08,6.754474955744319e-07,-1.5090194798103826e-06,0.5371657393321487,-5.504671559462361e-09,1.343538889780677e-08,-4.665944376551409e-09,-2.0284719951276322e-08,1.3363414511743753e-07,0.00407046459736252,2.754816771644203e-09,1.501837012334831e-08,2.758223085772593e-07,1.9215393268615998e-08,4.733594682056521e-08,7.365522038933999e-06,-2.7476880968581958e-05,0.0003284216482205031,0.051215276525522734,0.001359712289604271,1.0738807198190762e-05,-0.0015579108470948797,-0.0007809754218315939,-0.00029164527977448704,0.05146059278416311,0.0017503237539506368,-0.028334819775534537,-0.01788983081456969,-0.0021195887116318974,0.00315264311760418,8.80984329957811e-06,0.0038139823999690592,-0.004052072482266637,0.0021307115650410872,-0.005564598900291734,-0.011967132612588138,0.31765921551277176,0.169492559076741,0.14722994952878224,-0.15433429417850164,0.01029802401341117,-0.2831535441057323,-0.02584356233848422,0.0034255020244131802,0.0032029421032815702,-0.10046404543419439,-0.075675403706698,0.2642003051488057,-0.05749090663165165,0.0011315771416515628,-0.13607172966223577,-0.040345189513858244,0.014644176141556263,0.28664729815517753,-8.579633036459197e-15,-0.02170058463521044,-0.015818948333834782,0.09116903411046791,-0.04315787038512242,-0.11816320887667443,-0.022544922436019466,-0.054846203944601934,-0.020646373327074394,-0.13843164048338483,-0.028359102020319542,-0.09420967279260443,-0.017284309411112673,-0.046749739682638784
41,3.852847106918318e-12,-6.854728038133688e-12,-2.6403903847349643e-12,3.4763435297326003e-10,9.270648866142317e-10,4.932029520198344e-10,-1.7345703070230505e-10,-3.593121235238113e-09,9.806301180474376e-05,-5.742700986065238e-10,1.2869954065792347e-08,-0.0002521929616566502,0.3287996290219871,1.4048879104920742e-07,2.4960681049855266e-08,-4.662632654681472e-09,2.1421414267795168e-11,6.044836450249599e-13,3.5185600635391e-13,-0.00549992542550338,-0.5871275634312888,-0.0003004353406838644,-5.482056890810405e-07,-1.2415773776770498e-10,-0.0029422809555517734,-0.22509455065001102,-2.722374795285838e-07,-2.6327454443258763e-06,3.996253793661645e-05,-7.462245436595272e-05,-0.002296115643411637,-5.281105533122151e-08,6.259862115097207e-09,3.0217608847277055e-06,1.3626445648678102e-05,-2.192318375684939e-09,-0.00023561536033669706,1.9454011670989304e-07,-1.779615086348296e-06,-1.2244589246890173e-05,-2.3976383314770175e-07,-8.897499932273428e-08,-9.440395095554858e-08,6.339577883274751e-07,-8.532464460538859e-06,0.0018108981824066573,-0.00215251856357635,-4.346882796407323e-05,0.01833321593936935,-0.005334514190374246,0.022651508745367217,-0.002436634762748955,-0.00725543042018244,0.001345449095582831,-0.0029357675067866944,0.0002615397685627049,-0.00225874665386172,-0.000422337591508827,-0.015803308689497683,0.00026667045048984805,-0.009772986699434922,0.03670174590610119,0.03507332335393017,-0.08372762678868735,-0.06252259291984984,-0.06947889565800806,0.0910405117614045,0.00789964835691569,-0.20137803803016535,0.0015867717285946465,-0.0011183717297471932,-0.0002474059078598632,0.11914720273937586,0.13981426635157274,0.05573668552835046,-0.012773262037099978,-0.24171557621330822,-0.08185335797080528,0.06578122999726306,-0.016079780942569028,0.0036193457604349064,-1.4971962687757538e-15,0.1973493861912362,0.3372469715577121,-0.01550264351403944,0.23913708679732165,-0.02731126506901105,-0.09200161250114207,-0.04697878497308893,0.018393435960867267,-0.112997249222788,0.2801682458944272,-0.0843355057476015,-0.00879970846523519,-0.029443938534425316
42,4.725932904954161e-12,4.531078437781925e-12,-5.054003063436542e-12,4.265586047530844e-10,-6.177357340588177e-10,9.622312773302853e-10,-2.0894040887815614e-10,-4.326012570077777e-09,0.0001169443430696453,1.9956621202194122e-10,-4.034448673377581e-09,-0.00010313687472285414,0.4078333883037878,1.7383221115182665e-07,3.602331493868377e-08,-5.92805796575159e-09,-1.2265424987307055e-10,-1.1736447196559366e-12,-1.3330707355039113e-12,0.008337783133563622,0.3891057771884422,-3.5258475737224876e-05,3.692113315155437e-07,-1.9846107616876333e-10,0.006524826718080026,-0.4192523326162447,-5.559630345310602e-07,-1.3993257009644107e-06,1.1983914084924201e-05,-1.1451269826134635e-05,-0.0043184108537664264,5.131952008636623e-08,2.5834082754024092e-08,2.3098320272687984e-06,1.6096051722310096e-05,-8.305306309999327e-09,-0.00010237785056233667,1.1389489401308218e-06,4.6854824968941446e-07,8.577522608644229e-06,-3.345155715673051e-06,-6.164758433813248e-07,5.283919378055432e-07,-6.562004737313889e-07,3.836692785253017e-06,0.0203282578479903,-0.004358510995366544,-0.00011386528450474395,0.0020564900675415876,0.0202674971244288,0.0077483025125768415,-0.0026090286506707957,-0.01704570307259822,-0.00042414603195096225,0.0005748829719489265,0.00022462365589632946,-0.034241528047265074,0.0002050783528039155,-0.0028254508983075145,0.00035087929498951286,-0.021368540919622807,-0.01226086968992753,0.021214512898740386,-0.16484127449695687,-0.31783572975361024,0.27879368015227934,-0.23491037344541058,-0.0663476689864598,-0.07109046909069006,-0.005188324580149515,-0.006283706430934731,-0.0016632374697606248,0.0009486071523632843,-0.11576755056817606,0.010927243101017546,-0.03716217477970734,-0.005632501601673973,-0.009534893638831705,0.3115795104870358,-0.0007409185685414638,-0.09642094923870333,-1.2933658250782305e-14,-0.05087029744502849,-0.13444316351326907,-0.13438189366418737,-0.036585359013167416,-0.22140306893338338,-0.023709403380507747,-0.011611980633178452,-0.007303704367982301,-0.08218979744414791,0.08455182890990819,-0.07768154840619956,0.0019463667544349023,0.033455354831481335
43,5.548049951006588e-12,8.408166095842381e-13,5.938583929037558e-12,5.008536764363314e-10,-1.1771804782478623e-10,-1.1608718405826953e-09,-2.4578897731125003e-10,-5.089291937578097e-09,0.0001372642718960078,-7.137503491580804e-11,1.9585693877918957e-09,-0.00019132536842335384,0.4757647134554588,2.0291147752149666e-07,6.327648712515522e-08,-7.800824991153312e-09,-1.0066628506050086e-10,-1.5799207244391839e-12,-2.0713875205676374e-12,0.004839147929407206,0.06704343403546854,0.00014316673529518684,6.856673285738926e-08,-2.729949884301612e-10,-0.003231745401881771,0.5221073161060645,6.98665983462878e-07,-1.021351141859977e-06,1.2475617157768233e-05,-1.4617096497622573e-05,0.003942990229906108,2.0962420751593395e-08,-6.051191692748957e-08,2.0378334251807054e-06,1.3468775414151984e-05,-5.939635671385524e-09,-0.0001610953118048966,1.1324037318062456e-06,-4.521693829597364e-06,-3.0777901844569496e-05,-9.382951235630027e-07,-2.442616774454705e-07,-4.855699091890545e-08,7.947410868286617e-07,-1.1606526998702148e-05,0.0064183909043529,-0.0047409918626013,-9.590268388260001e-05,0.016933771167159606,0.004380287459092008,-0.0070194620966620835,-0.0043382409842970615,-0.021868525235012752,0.0019734677696928637,0.0007148865796680238,0.0002906297130574174,-0.01976972459773706,-0.00011126484984813978,-0.0276094806731705,0.0005111846387635989,-0.004219593077786174,0.010111740126048695,-0.0004165980569585658,-0.1181083418315204,-0.11263438841270021,-0.024379506290458628,0.047834777908840664,-0.0005397954361196671,0.08141337587594183,0.014972245804648813,0.0140843971279724,0.0016950863713415872,0.2649775676950951,-0.05150074944935977,-0.10634270024951843,-0.026800748969170646,-0.05083620120002964,-0.014716581469649303,-0.2527349673508747,-0.028089972422491644,0.2230427562832176,-7.976102995029104e-15,-0.06696411867119843,-0.17783309387856255,0.09991116159255034,-0.009869355668613874,-0.10684688832252175,-0.35352321941353576,0.030581747344139876,0.019480440469718873,-0.2463192805460713,-0.04674311719367834,-0.012153172661566335,-0.00022927154214023434,-0.09344308588625053
44,-3.708288222539083e-14,6.606323366007276e-14,2.6173379706224754e-14,-3.582876210130378e-08,-9.556549621584869e-08,-5.084442028803315e-08,5.629652857449886e-10,1.1201400729679625e-08,-6.064381496337639e-05,1.7168794087896175e-09,-3.653243970223599e-08,0.00022675334394859387,-0.3268858349792381,-1.4279411214555722e-07,-6.559721384532958e-09,3.883079484707551e-09,1.4107018585110134e-10,3.020812090416139e-12,6.158374641749284e-12,-0.0002549317198960727,0.5827646292693127,0.00043193374987015936,5.571824847285117e-07,-8.122497807064802e-10,0.014391218874412656,0.2230412684236112,2.929408343643331e-07,3.3820769161353963e-07,-1.4928293816196244e-06,1.0077715011196106e-06,0.008090577992145041,2.027138649633845e-09,-1.1146339410071634e-08,9.279494020336264e-07,5.962121790284012e-06,-2.5069668914929275e-09,-0.00046916230566125127,2.344386573749715e-07,-1.3079939169348186e-06,-9.329575976378884e-06,-2.4130223063512745e-07,-1.0373813787052359e-07,-1.2371178038495253e-07,7.840142278445053e-07,-1.040015864489377e-05,0.001963805229612798,-0.0018145386381308833,-3.7172973379010683e-05,0.01548501503170695,-0.004045303441435842,0.01821542148914687,-0.0027403689798759616,-0.006936241905617871,0.0015090335520161926,-0.003514747007142255,0.00028733677553461365,-0.002682794366149532,-0.0003641170265824015,-0.014727535496479866,0.0002884110183536481,-0.008873844935886234,0.03457059976243327,0.03348962511531606,-0.08740568430649814,-0.06425908180306421,-0.07256551429649746,0.09442016204677828,0.007796813992625567,-0.20858859034213198,0.0014760533695295302,-0.0007711598740602051,-3.236679749434577e-05,0.11774107877024204,0.1394300494436911,0.05620060110778386,-0.013131554581714106,-0.24434138999546068,-0.08214112843631927,0.06616069893255894,-0.01586520018413583,0.003779945624714481,-1.2867811386449767e-15,0.19582399101205614,0.3403242024009603,-0.01544382683359314,0.23873285810627443,-0.027627477413815972,-0.09259272464507073,-0.048807276935330185,0.01631844014790508,-0.11348849635461085,0.28122542258405775,-0.082192701835401,-0.008706111490972758,-0.028133682696315148
45,-4.549891528034687e-14,-4.351169567286736e-14,4.9449689886967275e-14,-4.396664339995047e-08,6.367685178858451e-08,-9.918780538973388e-08,6.703507378023773e-10,1.3325814119665074e-08,-7.41215279346948e-05,-8.01875157974265e-10,1.629475979746038e-08,0.00016729760918491034,-0.41029547139261957,-1.7833314176823506e-07,-1.361563878138661e-08,4.986015914288087e-09,3.5030531781510595e-10,6.691902491811233e-12,1.0734996749554142e-11,-0.01642230090274785,-0.39340967310125563,0.00010302387214121835,-3.770470925829408e-07,-8.388189133207834e-10,-0.012333239960751174,0.4272891562480518,5.793850726312161e-07,1.7841858080328015e-09,2.7283453560314253e-06,-4.480947022480009e-06,0.006892696731043076,4.588175137143124e-09,-1.91376221230956e-08,8.551393273379702e-07,6.865322015359101e-06,-1.3157858853283197e-08,-0.0001351578041269846,5.821895048904493e-07,-7.253902700585212e-07,-1.6043795181908146e-06,-1.918201707757831e-06,-8.810626667248347e-07,7.734639191865494e-07,-1.0633849582316069e-06,7.331138108703221e-06,0.029013934068643846,-0.003055668577467784,-8.514830849208178e-05,0.0028814838882967224,0.01616877726807522,0.005742852947892364,-0.0026500030275669675,-0.015250783954748883,-0.0006589912482554368,0.000614192441540311,0.00022670327574699493,-0.029882526193781858,0.00016427744738039876,-0.0038147474110315845,0.0003610733232444406,-0.01895013773518358,-0.010930273604128475,0.019987982490512386,-0.16187130558633744,-0.308601828873316,0.26823673759774325,-0.22590942211601214,-0.06438829502964909,-0.0644129533943548,-0.004758227488592303,-0.006263133130800584,-0.001710240583543076,0.0005750461141316533,-0.1168532664469472,0.015615147381065371,-0.04381386732661369,-0.0077999058164520164,-0.012593543376938113,0.31690210155720366,-0.0006587230945287496,-0.09577985715059573,-1.2736339342504211e-14,-0.05230037744354253,-0.13684891706313396,-0.13436620787526088,-0.03625826442854185,-0.22080737898315345,-0.024268923688262167,-0.010403692238131814,-0.006325012190853321,-0.08566470496629215,0.08437108638695867,-0.07837159073351083,0.002335718190062353,0.036183631312470245
46,-5.3411057271092134e-14,-7.961645414002782e-15,-5.615133532885583e-14,-5.161859714267316e-08,1.2126460338206528e-08,1.1971446017011287e-07,7.867461043038592e-10,1.5639845472757205e-08,-8.618629289974675e-05,2.99811920548564e-11,-1.2459522762633403e-09,0.0002320838504244185,-0.47288621021266936,-2.0578923246030366e-07,-8.449577333733132e-08,8.717845295202661e-09,3.461312094351995e-10,7.218368956400571e-12,1.1972600815363129e-11,-0.013471801089506895,-0.06617436046091685,7.78767096544811e-05,-6.615146448913051e-08,-8.977291535858681e-10,0.004848315754041105,-0.5177585721371395,-6.940102126437999e-07,-8.760045156866958e-07,1.0839954974580902e-05,-1.807934464840144e-05,-0.015452733772170761,4.67062092236858e-09,1.1600573291362268e-08,1.3428931564747648e-06,8.634755205728197e-06,-7.850439384539829e-09,-0.00021391400312003177,5.85336965290214e-07,-1.7381892029059118e-06,-1.3133346481482261e-05,-1.006676944611303e-06,-2.3296670078056288e-07,-1.70877668479262e-07,1.2260367020382907e-06,-1.6689869465201438e-05,0.00522928381209664,-0.003728048841352783,-7.878961507090894e-05,0.014155382796263423,0.004657609607651659,-0.0040632068987671716,-0.005065426354501325,-0.019099018454685337,0.0023819395755416447,0.0009922074952781804,0.00032452239337306686,-0.018593636320475504,-9.585762896936742e-05,-0.024403104694950994,0.0005733593683680981,-0.004952518444133023,0.009731467247883114,0.0010332939266559098,-0.12466197886979696,-0.11915520854386928,-0.022904020036404703,0.0468519051823751,-0.0018846626791586627,0.08441597860891188,0.015272773281556719,0.013674291125084332,0.001558953885352433,0.2655962050149284,-0.05074752842536093,-0.11207476013423183,-0.025630890877793997,-0.05169874917114114,-0.011610685231413991,-0.25527930244301994,-0.028305107881483285,0.2217514745779868,-7.409301353812667e-15,-0.06643326435072094,-0.1797165704811304,0.09954950499697438,-0.009379251799792444,-0.10652310447463281,-0.35562530571793916,0.03271814724012562,0.020099812354325564,-0.24565828474792265,-0.04569597059968467,-0.009983324585474506,0.00021462075829173995,-0.09440145766624672
47,5.926232004581745e-20,-6.759134960906406e-19,-1.1795948934634821e-18,0.33042896955566253,0.585228672741493,0.21977970073316966,5.469826003090645e-06,0.00010074900999574037,-5.6890258811724615e-09,1.0250718242590547e-05,-0.0001991961600313339,3.878859397077341e-08,-5.241029422315917e-05,-1.0550871748021568e-05,9.23711646913923e-05,-4.142824013971655e-06,7.333151441071589e-14,1.9296300398671406e-15,3.912567716158456e-15,-1.252701279790574e-06,0.00014526443820168358,1.5166405155956807e-07,2.6140334788528965e-05,-8.244564659269677e-13,9.730425546345042e-06,8.26257080490332e-05,2.317903492628509e-05,-0.0014986927708312433,0.021491902571303647,-0.03850941554637353,7.059126435804772e-06,-2.6119228598723655e-05,2.2319935965204887e-06,0.0010692438753726163,0.0037777863297546762,-5.0388526326575955e-11,-2.596307701060076e-06,7.947759967564075e-06,-0.00027317887461459424,-0.0014373991970035788,1.5488301094684026e-06,-1.8032551229553366e-08,-9.277688589869316e-09,3.774645946541701e-08,-5.902371128492877e-07,0.0016434283984691715,-0.07379345320770365,-0.0012605031908984568,0.2603909683317172,-0.119251538357136,0.3422011606562572,0.0008705762729742921,-0.011180119924207808,-0.0002937457451723515,0.0004870062871378825,-4.33535975315685e-05,0.023372458084569152,-0.0021683876822407126,0.0001882975932190668,-3.438275995207002e-05,0.007340251058664477,-0.13564467000820102,-0.13841001479838838,0.004726056658071122,0.012235916788205521,-0.0052748770457349626,-0.012968357400431351,-0.024686860979065847,0.028823052552499503,-0.0011801063264783931,0.028550433766455958,0.013573412841685355,-0.1481817629936947,-0.002869325063302374,-0.08406107550271678,-0.02722781124705181,0.029112916300300957,0.0741075027235442,0.010961040728261357,0.023836553429772183,0.019727252931299108,-2.9635836651562758e-15,-0.2728262525426374,0.13438663934959116,0.004413614276084074,0.1743154022798011,-0.05449787531738914,-0.09503922409463779,-0.1756678142441318,-0.15419754689134177,-0.06094016331579571,-0.010993732695127463,0.12210575186954555,0.0036081052068683405,0.0830527449675457
48,7.270618333038287e-20,4.503951747918211e-19,-1.7047747282905246e-18,0.4053872276538723,-0.38981210140595307,0.42853736135597054,6.311202904576877e-06,0.00011593073258224661,-6.958366134592758e-09,-5.667393213579823e-06,0.00010872294763297463,3.378438010197304e-08,-6.523144365059986e-05,-1.1033106961618108e-05,0.0001262741368171419,-5.894641607120176e-06,1.387601660029233e-13,3.1031069946919863e-15,5.859058196291664e-15,-5.703187123086669e-06,-9.715424902958025e-05,5.280128745414175e-08,-9.593542331006515e-06,-1.0161168454596558e-12,-6.202247788069961e-06,0.00015634155422123948,1.3551910444270896e-05,-0.0006753052130682412,0.0048883842709519145,-0.003042668021030074,3.311792476815612e-06,2.4128598297845413e-05,1.0756987282787685e-05,0.0007367703251140807,0.004347468259790803,-1.4393471578695932e-10,-1.355617764044229e-06,0.00025867315427637933,0.0003081442814329566,0.002760454624523331,-0.00039636883446424827,-5.706400599654606e-08,2.0194240537551354e-09,-3.954129757498024e-08,4.4048471365871156e-07,0.005053795119063634,-0.21424308655660293,-0.00491977398167171,-0.08657334393944159,0.3254596252874549,0.14008560342265547,-0.0007005482316074486,-0.07510463751737256,8.358741320777637e-05,-0.00022999026145139754,-3.8189412895523974e-05,-0.1085450501850571,0.0014781789757586715,0.030665272738337582,-3.8568073289471796e-05,0.01117974009346715,0.05101052389812742,-0.051150626020864724,0.022329581196284202,0.04690961838416742,-0.049948059406867924,0.017199140976080253,-0.035344302586350004,0.011360472740107527,-0.000978800178689782,-0.06499090996248935,-0.018052694263465275,-0.17978358277959994,-0.0005448268992937628,-0.12817099730763695,-0.022084127096494974,-0.11578147635370865,0.009915671119754532,0.0485340049121909,0.03913926042799229,-0.027232625947157522,-7.480028856566648e-15,0.16602235187677677,0.06466312960776124,0.034670840573992855,0.0029207061098033343,-0.12796371482063343,-0.09746700003375862,0.10523492231193032,0.11109110203272389,-0.09308766977091266,-0.26415750103127744,-0.07710142673251683,0.033292607043738716,0.225317524257762
49,8.537906612087988e-20,8.591371831867064e-20,-3.488110543566998e-19,0.47604966251326797,-0.0742600253916862,-0.5174782387197138,7.45762388073378e-06,0.00013703997005360226,-8.135881350937924e-09,-7.603567384327299e-07,1.4025579165431046e-05,4.420509305782258e-08,-7.58455309155437e-05,-1.3191337570740307e-05,-0.00014236250130142815,6.7092788314326765e-06,1.4529822592483698e-13,3.634514953730217e-15,6.4967643097159165e-15,-5.211118904933526e-06,-1.6683609195101285e-05,6.719854457496993e-08,5.59101114633017e-07,-1.1418574564139842e-12,2.7644360460662696e-06,-0.00018933832939475474,-1.006735681877763e-05,-0.0009350234020598945,0.008432341471061687,-0.009163028451154789,-1.5887052248132757e-05,9.41761221236194e-06,-2.476099962274203e-05,0.0006276872621606886,0.0033097831259283014,-1.2300987387990195e-10,-1.971262261552313e-06,0.0002594755858827701,-0.0009830234147759575,-0.005562763074239541,-2.197723674051726e-05,-5.161548647005731e-08,-1.7374841017188453e-08,2.7298328797650512e-08,-4.185057419924385e-07,0.004979251769658168,-0.22597975834173067,-0.0036049579539112705,0.2513525469442427,-0.012776432147151042,-0.22856907147999425,-0.0018914638642928791,-0.16728202334931677,-0.00025139491531488617,-0.00016865237392264335,-5.9835921739056384e-05,-0.0317108025974992,-0.0004774290927967636,-0.03309101054486825,-6.222154392856942e-05,0.012907939237402504,-0.025654387351427076,0.061271463009152,0.02522053392849012,0.03662341268826402,-0.022958091609056992,-0.004820314834217077,-0.03158354292022884,0.004028260372100197,-0.003423022157627934,-0.0331542603644552,-0.0072198121830884445,-0.2609136194420506,0.008751325061763673,-0.08927772827318825,-0.041167054324464415,-0.1139318360258417,0.12676134658253152,-0.04008492363086296,0.01089128328897011,0.0983178080952156,-5.008685450105677e-15,0.055049293377663865,-0.1444245115123626,-0.0282986211428581,0.038249336532636014,-0.08460773461526545,0.01530390793742325,0.19008703015222622,0.023120779280117073,0.03369300147256813,0.25073848247634634,0.1544242913550489,0.03762644753671761,-0.126803088225151
50,-5.872553453744931e-23,6.882508662834398e-22,1.2064062986831452e-21,-0.0003386083588753845,-0.0006006026003790815,-0.00022597003591697212,-0.00045808167740369677,-0.00817409360833032,2.9472743118170376e-10,-0.0008230452588437953,0.015440113628642945,-2.989887160511169e-09,3.878943247281444e-06,0.00042114157066046884,-0.006380878228808755,0.0003009240798147652,-1.3562302807331897e-14,-4.261595845506211e-16,-8.495614819975155e-16,3.171998514432287e-07,-1.3449141722315586e-05,-2.1483119350449098e-08,-0.0009365526600863199,-2.4467686301800175e-12,-3.729311311782437e-06,-1.3630121406576e-05,-0.0006184387191521711,0.028079130954484863,-0.3825111404135836,0.6733278155629375,1.2294660786178322e-06,-1.1365386265695028e-05,-1.4757892933928708e-06,-0.012681727639907207,-0.03572282772860702,6.041741957132141e-13,-1.272468543924731e-07,0.0005803507893104083,0.0004586441218643771,0.0013081769176221697,-7.680844590246556e-05,7.255014702108668e-09,4.2688331465839945e-09,-2.715277165124704e-09,2.214491249434161e-08,-0.0008374396765421045,0.04107646724726215,0.000718347046840618,-0.06606812908600204,0.06731742700221957,-0.07237089671863536,-0.0007709465897656284,-0.04308359984705805,4.276434875580741e-05,-0.00010220870685976386,0.00013473484662577962,0.06983156061678697,-0.0010890060866097398,-0.09548103602635687,-0.00019568827907738836,-0.15845921929084733,0.3467484789503305,0.2944530314623358,0.02733679813874775,0.01807797531680427,0.007283732112881758,-0.011335268803619713,0.0006071443050693552,0.030430225619556796,-0.0009593650726135339,-0.01117883229314239,0.011066807611632954,-0.09559502592743849,-0.0187528078711802,-0.048088302588062765,-0.015378100331462868,0.026088250659862026,0.05610544788550362,-0.0010481171178010522,0.0166188724504698,0.02156690470588651,-3.0335548730236286e-15,-0.15612166370104477,0.04293994150002387,0.005218920476859305,0.15588156105180376,-0.05538221342129021,-0.04443803820385224,-0.1634682320183287,-0.0825926918465232,-0.023993169961139583,-0.02040785224739114,0.13379331809035078,0.010673660581465823,0.08271453952290299
51,-7.182182190565338e-23,-4.5648130026663895e-22,1.7347427351938946e-21,-0.00041407485570140774,0.00039809400781270506,-0.0004375452337547055,-0.0005124683878206809,-0.009108086511569441,3.0508965315261364e-10,0.00047062746873110476,-0.008740163938450772,-2.2477547429596773e-09,3.7799871447016243e-06,0.00040847772453967985,-0.009653655527739963,0.00046934771820300895,-1.3032156046832595e-14,-3.523914329573574e-16,-6.077462171271892e-16,4.88175327870632e-07,5.5470510551872974e-06,-6.421944427987754e-09,0.00038980265439686733,-2.4694462633213853e-13,3.6033248583168557e-07,-9.207531362927173e-06,-0.000438022257696187,0.008568617219449556,-0.04160915859102033,-0.006192757690696529,3.2090152656068335e-07,-3.74058202040242e-06,-2.763548144633204e-07,-0.007801659575448621,-0.042015454877579045,9.516130143764262e-11,7.94419713083817e-07,-0.0020055446000147325,-0.006351452387259925,-0.03955222516532083,0.002651783128408961,1.0469903521924665e-07,3.5732025852450216e-08,5.266971698351623e-08,-1.0104385585789955e-06,-0.011321567953078053,0.5367790618762833,0.01339682677587693,0.23174845378876513,-0.2301663150200704,-0.11728497117674697,-0.001805435175471602,-0.1080079311950789,6.764639775796487e-05,-0.0006273688704759454,0.0003242732618794295,-0.4031521401140557,0.009150793711270611,0.27735005862580686,-0.0004335793689790813,-0.35303495675545327,-0.2040818075847749,0.17021514448159977,0.023162066310875355,0.03708444674109931,-0.02525399378663326,0.02643175777383329,0.019141762427785463,0.009635410218401209,-0.0003862945720401408,-0.002217250194287938,-0.009407750120013256,-0.09798775607125164,0.01400890691516807,-0.05368748426182912,-0.011645944371872764,-0.06628241541143261,0.04019297078104571,-0.0021610992754687083,0.023004294774707966,-0.016967854714750416,-6.625955698036632e-15,0.0918738482300817,0.042983915070271494,0.046607491447819005,0.007646814702137857,-0.11120542840626818,-0.04987378277811487,0.1099596546244022,0.05956332165879739,-0.04339939626453265,-0.14096480421907093,-0.06300116025057399,0.03802255177842137,0.2132799186589635
52,-8.434094162678486e-23,-8.71337712258332e-23,3.6229158532143536e-22,-0.00048625265634963193,7.583719734468373e-05,0.0005283574852667127,-0.0006019315735792255,-0.010700721368944526,3.578682610816266e-10,8.96983377241046e-05,-0.0016568464902352203,-2.8353425876972665e-09,4.421632246748961e-06,0.00048172278793307905,0.011616678727332335,-0.0005651133799260632,-1.4317423501025755e-14,-4.0045124378343523e-16,-7.497749621268481e-16,4.878709918452196e-07,8.387464316014387e-07,-8.9067074114834e-09,6.373101411410966e-05,-3.5301531701811096e-13,-4.487628439426175e-07,1.056086781127086e-05,0.0005132084734356427,0.010522447940064964,-0.05841269219517091,0.012571261174841858,2.079813217662592e-06,-2.3463564724788978e-06,2.912222194659186e-06,-0.0028011939327884463,-0.015682093102004597,9.402933783690107e-11,1.0256622295297152e-06,-0.002088738708593635,0.010509575247764393,0.0539494209430182,-0.0007817007892175607,1.0745315393491901e-07,4.642470472272643e-08,1.769302188047193e-08,-5.337216802177635e-07,-0.01181104630045467,0.566186718135679,0.005810211627216603,-0.15905508949050332,0.15882882197344853,0.20760036473391377,-0.0024489911485640887,-0.1524319436894058,0.0004843110914368361,-0.0003582938657438517,-0.00036123602571094663,-0.12465049723382729,0.0036613791863788774,-0.5238403049211918,2.4233186818945415e-05,0.20633154260381906,0.028876733515911985,-0.29527781236211,0.006324578710480091,0.017500766038253582,-0.00709922401429641,-0.0009565431382072959,-0.00549335222700707,-0.003273950042350927,-0.002283471225448786,-0.014882510255855767,-0.005203096484407464,-0.14437835733103202,0.013066029086202706,-0.05160920369215,-0.01864953041250453,-0.05377583196281939,0.04228515637240849,0.0038920335891225455,0.003087438217616168,0.07978303177648778,-4.93694825951379e-15,0.03174776496313206,-0.05598024293537999,-0.036163018474434136,0.0429065958915774,-0.07981005603473967,0.025767394671185852,0.17980472671955458,0.011027698258646634,0.03069972033283042,0.12259497969185144,0.15261664236478503,0.04131470630901137,-0.10530458949634006
53,4.9611113145459713e-26,-5.980695390745775e-25,-1.0529880481920577e-24,2.9624528494416e-07,5.261001555615539e-07,1.9859287310070126e-07,0.01890422901914235,0.32559257696335997,9.2915675486954e-12,0.03206346362520254,-0.5777342337763854,-6.9718310464409665e-12,-2.99790771282261e-08,-0.006861880289219583,0.21664059028468188,-0.010802945017046692,1.7374536908905743e-17,-2.420432163232124e-16,-5.317001490940263e-16,-1.412085664163906e-08,1.2595910392502112e-07,6.221972625253801e-10,0.012257988201842538,2.1809428457576162e-12,2.9131032282711643e-07,5.126854367315344e-07,0.004678668064677167,-0.049495492425856324,0.20028195068161217,0.06543389386714023,5.436677215254117e-08,1.3799975031829716e-08,2.1920115863868634e-07,-0.0803526017925739,-0.3711861802028446,-4.9932181682756446e-12,-9.102049724604223e-09,0.0044804002512782775,0.02540234514572123,0.13882873090319411,0.006677105123142121,-8.566709809563019e-09,-4.8203665282685414e-09,-3.6074768798688255e-09,1.0537542267625406e-07,0.0010094658173717527,-0.04990861537029649,-0.002772413700640526,-0.04664161870050212,-0.1201046677839417,0.01213331859934918,0.0008018053067234929,0.10268149541275354,0.0004224068778899014,-0.00047151214043343744,-0.0002749625448082428,-0.27613101836808845,0.007418561904714786,0.015215315411520996,0.00032919974338482756,0.2950662846218539,0.06858316213219713,0.13658478602759844,0.0051518899600100365,-0.00030710309978788193,0.011037777212238583,0.005961718762407412,0.02931539695557847,0.0002732207053075911,5.480102118409711e-05,-0.049239668772166484,-0.003294505151736512,0.030801222810011256,-0.03370475635059737,0.024991416172764618,0.007021595538472319,0.003960262514877145,-0.0004908610272444857,-0.015047626286987942,-0.004304609686047515,0.023115103987438275,-2.7184841540616452e-15,0.06294500707650932,-0.08114874809174513,0.005204331239330893,0.1278211944914806,-0.05462610033300812,0.03585270034930721,-0.1326857275313347,0.04216461890508838,0.029904290511984802,-0.02048425111854956,0.13731605866096225,0.01817925995262245,0.07514386651068129
54,6.073828008252649e-26,3.9637598155374294e-25,-1.512855385050542e-24,3.626620809185958e-07,-3.4834137208955707e-07,3.831807908985299e-07,0.023222554681461668,0.3996083445232601,-2.70628238530768e-12,-0.021372774169215288,0.3839658875998752,-4.386529632385942e-12,-7.436914984230418e-08,-0.008432776534050395,0.4234896873100993,-0.02136793156661432,9.508061509593642e-16,-5.974252579283613e-17,-1.002643593658209e-15,-1.803335048903042e-08,-1.4216793783891461e-08,4.624236378202698e-10,-0.008162542586260025,2.5081886362948375e-12,1.5642943147585637e-07,2.7803651219145477e-07,0.008984897215665215,-0.06098229963705104,0.2200856837602047,0.13871291482898912,1.943343939474678e-07,-1.070515578931571e-06,6.471499460551223e-08,0.05363636317696915,0.2453323697672558,-6.083449221175374e-12,6.843047295114718e-08,0.006608037740256795,0.0553004277837201,0.2719928513389032,-0.009903281354830424,-1.5977863508322946e-08,-8.70470865369252e-09,-9.891138120757762e-09,2.4807225766336873e-07,0.0018964997526868526,-0.09385433037821422,-0.011145105289826004,-0.1625330049582545,-0.13124183887690946,0.03204579522705001,-0.0005643956576217547,-0.001237888938815004,0.00021687925201613724,-5.61309283777907e-05,2.8176596516959674e-05,0.010784201594892868,0.0010471274958056298,-0.23392483903502398,-0.00018461679665677258,-0.09871444266099721,-0.24658407576241895,0.1780259884334007,0.005417401575260152,0.0008734074188807794,0.020394954950326397,0.019082253721612274,0.06972845002370467,0.0023091082797517225,0.0001651660173515191,0.0713409961817725,0.004978246182070424,0.02134739009863673,0.03015160583216448,0.048762109438027564,0.002689962890977504,0.008516528596244891,0.0667680088545732,-0.062129301124787144,-0.004749254844415279,-0.00495201720545708,-5.108134882395377e-15,-0.01908313806170519,0.007612952960096944,0.05709023747966566,0.013174404526580911,-0.08961255747069484,0.019390794673256682,0.11159277210043368,-0.01613001430373881,0.025773729627039874,0.03882853263124022,-0.042530836703589155,0.04197266643814331,0.18932307266495232
55,7.133967523470293e-26,7.513227308130274e-26,-3.2260232698599923e-25,4.259655432560835e-07,-6.581935750035979e-08,-4.6207651718098536e-07,0.027268455828158875,0.4694048663968989,2.458001503085843e-12,-0.004121072446212402,0.07410594128738618,9.693983854741405e-11,7.224277609283812e-09,-0.009962626572136092,-0.5111110069720539,0.025761741672827507,9.148389774878037e-16,2.3909230958844425e-16,7.733254488615865e-16,-2.16447062866637e-08,7.335507701162985e-08,6.900247110903504e-10,-0.0015035874770651918,2.9874582311058293e-12,2.428725482476281e-07,2.7893729816104693e-07,-0.010923683040684709,-0.07119608767505715,0.2646597663110578,0.1493785503289701,1.3565244953918096e-07,-1.0699954006773775e-06,1.6755084288265214e-08,0.00787719848598521,0.04656024038625048,-4.567659166363283e-12,-1.1281515963568044e-07,0.006460509156863527,-0.07090444378072493,-0.3272444271317129,0.0056713774364827154,-1.656447483550864e-08,-9.177967736819243e-09,-9.044472561125994e-09,2.3705440622588663e-07,0.0019754672314443414,-0.09801844963457042,0.01152767386725459,-0.10875138168882552,-0.1664380189938957,-0.010046895130891862,0.0007058475919014471,0.10783818945969338,0.00038019694623917953,-0.00032154519246814305,0.0001781465128938939,-0.14966704838178904,0.005284703772992297,-0.04755905859243939,-0.00027510192625161906,-0.21616130965747865,0.16319053314402124,-0.23294265750389131,-0.005470787426022118,-0.004858591412645043,0.01368609386740616,0.00647247015824644,0.03343385860913844,-0.002218251706487651,1.7340997172556008e-05,0.011717541239244797,0.0006744863498901471,0.02683024714234488,0.016552127563076592,-0.00020133521090032476,0.011179074810631325,0.03173034722118085,-0.061542676826247145,0.05568173876044076,-0.0022574280929891603,0.0576254487705417,-4.5197131931474845e-15,-0.013144437302398114,0.06329251874683912,-0.04230155005225914,0.048483764700615786,-0.07347405386797623,0.025423629357604536,0.15819134001042995,-0.009674387524181894,0.016976284477742267,-0.06222985436107529,0.14603967828821468,0.044210127954588355,-0.07293785841916342
56,-1.1887965704402667e-28,1.4747462332476159e-27,2.6062533131723494e-27,-7.354203038003912e-10,-1.3075996922303947e-09,-4.964560487584673e-10,-0.01972369701218821,-0.021830503725131154,-7.737146036551017e-13,-0.035399101467267775,0.03885681175013705,-2.133580872309772e-12,4.069390608470873e-09,0.0011083425824266419,-0.014655829625619912,0.013577918818655811,-1.3049309904210406e-16,8.479417155687766e-18,1.468735157926447e-17,4.319024090784078e-09,-2.700802734033678e-08,-1.893265766829955e-10,-0.0019921447547361494,-1.5065813250450825e-12,-1.7028433197016835e-07,-2.1300425528417242e-07,-0.0007708521048147203,0.09423956306847954,-0.13334880279627953,-0.06706134667606278,-1.095573766202318e-07,4.031153960583832e-07,-1.519537895037399e-07,0.16723420858102242,0.2748888300422495,-2.1907145722942574e-12,-2.296294839105029e-08,-0.37503227075656326,-0.05160772180782396,-0.11338934196831038,-0.6713595808572207,-5.3502947409814115e-09,-1.947395276428038e-09,-1.9405592949268355e-09,5.899704333641858e-08,0.000664237203650879,-0.03393344608018014,0.244261889717025,-0.022268448179234443,-0.07392200953534198,0.012102298617782533,0.0005688729874608706,0.066812595001802,0.0002497914546519892,-0.00027137288792355275,-0.0001711928551354807,-0.16772582847343664,0.0044721736782576335,0.01490497018207655,0.00020760603393857685,0.18474314472409972,0.012400067024835091,0.060625070480964535,0.0013764408074357578,0.0015959519110176346,-0.018377729112056113,-0.013852533287691501,-0.056796200490261906,-0.0037488044525948237,0.000554938910145302,0.10101447326426273,0.0060890013510873815,0.03989493887736543,-0.03701949940876303,0.011132583206359068,0.012533441510228378,0.0002261866732245795,-0.05855694119887951,-0.01851692828809826,-0.00407009432343505,0.023744188837575255,-2.65090116616842e-15,0.1090255877613987,-0.10685518596773298,0.005684364398113919,0.12630379749557744,-0.055885358945772116,0.05305910757218119,-0.13091736120087347,0.06783131556496139,0.041320795646137914,-0.018355292170973782,0.1406551622491265,0.019872308602395184,0.07654614987455148
57,-1.456455837414503e-28,-9.759336589962991e-28,3.739696523073637e-27,-9.009548889007188e-10,8.640676727669329e-10,-9.527707058787677e-10,-0.024476877375580103,-0.026782917018916465,7.148491632783415e-14,0.022929961700776384,-0.025856297156220648,-3.722337377346525e-12,8.348894534988036e-09,0.0013629045638535908,-0.028710575566858184,0.023469091129756484,-2.2912828864331455e-16,5.070262671296906e-18,1.250342388869003e-16,5.444250686163278e-09,-5.771699900413278e-09,-1.7745637474794642e-10,0.0013207936782886418,-1.7593002806550919e-12,-1.5515147038870746e-07,-1.6750684969136558e-07,-0.0014536186942826596,0.12717349296490957,-0.1516479475297363,-0.10489998960614652,-2.0280868283986862e-07,1.0393769040923645e-06,-7.734500347807758e-08,-0.12252108546394869,-0.17041842100376445,-9.638050945005034e-12,-1.5050168581767116e-07,-0.4627362094661438,-0.0998921731168813,-0.1915636807467115,0.4346795103522659,-1.657125831089587e-08,-4.64482982195409e-09,-8.787333804384822e-09,1.8812141192553165e-07,0.0019138284332764783,-0.09439775680228148,0.4862971452722226,-0.05031494466822665,0.0028074111820773026,0.005518812722783169,0.0016028767414520975,0.14244673771961705,0.0002832651550798303,-4.2627350299017804e-05,4.596469039242647e-06,0.018359172789974648,0.0011964469348836153,-0.21533403279454544,-0.00012248115022458616,-0.05930044281075283,-0.16202811439964362,0.11398586688472752,0.0029373987828501236,0.0014221628530879905,-0.0034297807522550403,-0.0015211359177163203,-0.008569066215641588,-0.001279733479918371,0.00026919480159665917,-0.01560210531038813,-9.938307815494308e-05,0.041928590340789405,0.034569347006749455,0.017156877427975,0.009709182997935946,0.039771360612005084,-0.03590584088269985,-0.07817268681491467,-0.0052496991996656165,-0.0035423900024458992,-5.0455148615282895e-15,-0.053084940336125284,-0.0019705950611652845,0.0620108440168483,0.014495876153131568,-0.08863471903937781,0.039935798752501694,0.11472120654867206,-0.03836502683034726,0.044749184322367415,0.08711194266440798,-0.041553492693356495,0.04412759192892694,0.1935670354583323
58,-1.7107156783294282e-28,-1.834786916913066e-28,8.106247147797576e-28,-1.0582480736148746e-09,1.6165643942505803e-10,1.1449557993592666e-09,-0.028586525199938453,-0.031473869634765485,-3.0669139053007216e-13,0.003552371989733565,-0.005070487325200366,-1.1361639820717133e-11,2.6391287002498633e-09,0.0016121495325929947,0.03453660265703998,-0.03190924159265208,-2.4053330440453375e-16,-3.1086542959572e-17,-1.3327894336318754e-16,6.421422114172201e-09,-1.9587719449498855e-08,-2.3239402246547678e-10,0.0002475570228660389,-2.113702074804841e-12,-1.963361231026777e-07,-2.0042253156989612e-07,0.0017779694563871615,0.13978354137513263,-0.1835181519332571,-0.1178008838181132,-2.0149105150356552e-07,1.088625210608039e-06,-9.36483361054941e-08,-0.01437145049231332,-0.03366000760487402,-1.2022359873263453e-11,-4.5519121872427995e-08,-0.5387387142080382,0.17561622144443462,0.22940824316323838,0.0882128827604432,-1.7445995119105298e-08,-1.1725202719093612e-08,-6.590837182337649e-09,1.8573431507680433e-07,0.0019472003576407064,-0.0929614248245772,-0.5900687931549686,-0.063441640541031,-0.12347539137543133,-0.01809228669280962,0.0003435613164347566,0.0571493043739968,0.00017528438539004464,-0.00016106824008017633,0.00012991653299267237,-0.0790440634734439,0.002772197042752469,0.01292821289186165,-0.0001615083277329115,-0.14057894330577164,0.0918502857766861,-0.11400373808768306,-0.0030398071824016084,0.0005505347533950954,-0.025526141455468093,-0.020766551363802323,-0.08195385506478205,-0.005027570747249435,0.0006125067602582451,-0.014795728183060552,0.0001896137196317068,0.09031811611645611,0.017178953611322937,0.07609440086399229,0.014342332883990453,0.039335416407748444,0.03033299188538073,0.06874667038930003,-0.01225053219544604,0.05589115014840068,-4.270514286380216e-15,-0.017324153849791742,0.08982265750162276,-0.04562214158230036,0.050486676681586816,-0.07392916720363749,0.0208393120966378,0.15892047270728296,-0.010592762848930229,0.011072749819272245,-0.10775633569157791,0.14980067899126412,0.04558426846381959,-0.0722101781161888
59,-8.721646536502023e-28,1.0824033288356831e-26,1.9129985190441004e-26,-5.398828663249341e-09,-9.59858874920051e-09,-3.6445159067741055e-09,-0.017958373406124373,-0.3311157874447141,-2.1070022254188522e-11,-0.030262359291358985,0.5865540057256706,1.7502494557495643e-10,-1.739866375406617e-07,-0.0007793752419981886,-0.21922048352179133,0.010091289915313452,1.2203482181106337e-15,1.1899957895520618e-16,4.656625942313887e-16,-2.2818392992772313e-08,6.822088820271552e-07,1.3417801820668914e-09,0.0014094758873964555,1.9762814683825924e-12,3.8160952782245895e-07,9.557790464501834e-07,0.0005780439980068001,-0.04999494541687221,0.18651602864135663,0.035158124743120404,8.338606682159514e-09,3.786586782656579e-07,2.406128561077781e-07,-0.0805534594232549,-0.322295166995153,-4.623311624055665e-12,-5.381301640811108e-09,0.056138960608845004,0.024616853597088442,0.12249545044825472,0.09959469839236887,-8.792348584368651e-09,-5.152230841795791e-09,-3.6048101963146433e-09,1.0710008850254e-07,0.0010344802989166663,-0.051054873533537326,-0.036320973722614586,-0.04618727260537095,-0.1251854234234727,0.014655919768702272,0.000838125917421376,0.10609594843917612,0.0004318590813925655,-0.0004809661981309149,-0.00028645015607859644,-0.28534557461751037,0.00764066948911253,0.018480155277702137,0.00034414355057789885,0.30787581964122024,0.06084910382136721,0.13204083066284228,0.004381653342573594,-0.0014671349241925729,0.015036761589971746,0.009400174381854219,0.041943493875056324,-0.0006290236758051084,3.309697364185797e-05,-0.07091742179009082,-0.005216793992083355,0.0351630916200467,-0.03391088866779127,0.030071682825226858,0.007256135388436802,0.003384406686257859,0.004791078936305009,-0.015262283192505928,-0.005279136219743195,0.023015667421913185,-2.8046803869361818e-15,0.06648526640442291,-0.08317122713269837,0.005196389074748834,0.1267565178884482,-0.05432313062042506,0.03703502350165072,-0.13178902101061093,0.0442331442491744,0.03070398440107479,-0.020621413710133655,0.13679758067313666,0.018211556830744574,0.07472294561741649
60,-1.0685207028526715e-27,-7.162797624171779e-27,2.744941048798288e-26,-6.61396034481766e-09,6.34256747019907e-09,-6.9943097267284645e-09,-0.02204165281243599,-0.4062253263049242,-1.003425102407346e-11,0.020272551386863066,-0.3900606249388336,1.5621668910311716e-10,-1.4068152951955672e-07,-0.0009592601869569073,-0.4301065451021835,0.02033023797126061,6.762967801226597e-16,2.114044711099743e-17,1.2767892656040593e-15,-3.292295324647521e-08,-2.3965095920126e-07,6.253714197280443e-10,-0.0008795937111186092,2.187777603306296e-12,1.295054788187548e-07,6.437302438809877e-07,0.0009823592340748447,-0.06185590089449145,0.19253198888505849,0.12072634314358344,1.6021660301115159e-07,-8.099101562408538e-07,6.874322390290788e-08,0.05543541252006901,0.21388572395988847,-9.158434035475917e-12,3.0334974426120006e-08,0.07024623251620647,0.05301998387217526,0.23653334319374253,-0.06901470803310915,-1.9411614151672666e-08,-1.0292428097775231e-08,-1.1803303143043675e-08,2.8718034422605217e-07,0.0022661760356908994,-0.11123269230517308,-0.0785059190562392,-0.17996004170965627,-0.13457896868255292,0.03861656537475823,-0.000714451667808147,-0.012142448519430932,0.00020453009561091396,-3.478194911413442e-05,1.877969040168757e-05,0.02385465214378225,0.0006974871452965558,-0.2416724253318512,-0.00017261503916526024,-0.08871548542078658,-0.24390178255670777,0.1756244864046789,0.004615284627326745,-0.0010226529609990264,0.025349202757779563,0.021034711401532125,0.08106763705193816,0.0023828449156290594,0.00017337978646115955,0.08535895364979433,0.0062585684558185885,0.023964443589522762,0.03017772232395601,0.05725303897460815,0.0024067912765891332,0.007759858276498174,0.08095994598331979,-0.0624759709832433,-0.005938379715046581,-0.004631857051537713,-4.934615455929175e-15,-0.019479313027279663,0.007232437420177201,0.05677467109818305,0.013241919424486031,-0.0886515637123839,0.01973763434815147,0.11092850563362898,-0.016509053657136386,0.026278148066500133,0.040338048264507764,-0.041683079037779194,0.041765198822111486,0.18739726788710637
61,-1.2550451581187202e-27,-1.3459344287129571e-27,5.95284193988247e-27,-7.768582125961595e-09,1.1859418620490033e-09,8.40322140506657e-09,-0.025881420875062212,-0.47706581748456295,-1.7678701777410978e-11,0.003958901771373231,-0.07476833258915741,9.1196008976595e-11,-2.64862177611509e-07,-0.0010646899311293932,0.5181295825431087,-0.023948055194476778,9.08684033051402e-16,-1.6474241295887501e-16,-8.315604073909668e-16,-3.4311882462893366e-08,-1.3662987482873454e-08,8.138990586206795e-10,-0.00019708889795904454,2.6094128038288012e-12,2.2676348186961146e-07,-2.3298326102270978e-07,-0.001248616231784582,-0.0713173642380516,0.23174566674424318,0.13068728818802813,5.091875964471414e-08,-8.686149051965774e-07,-8.261945929684085e-08,0.00804330253927157,0.04177946113665283,-7.737773095789695e-12,-1.3280355933377854e-07,0.08094445709220179,-0.07607485111938306,-0.2852344256930003,-0.007468221268420247,-2.0212915690426025e-08,-1.0400683827186861e-08,-9.700464283235668e-09,2.5644215316319224e-07,0.00238698620854735,-0.11812038827456159,0.09222791854834002,-0.10561071125068978,-0.17398004683332488,-0.016710314464784458,0.0008215120991278997,0.11696030617810688,0.0003782866710605457,-0.00032019207894737887,0.0001933579745086056,-0.15005678600534128,0.005330208040196991,-0.03473909893043301,-0.0002836907692959041,-0.22816038004690925,0.16704884080340043,-0.23190894642597418,-0.0060470816629097,-0.00650206533069835,0.0199245074302373,0.010603986971601474,0.05102075814643505,-0.0017092029876168884,4.620210562016598e-05,0.016773970374718106,0.0010346713068070752,0.025945497873634645,0.016669395521417597,-0.008058021831479679,0.012044464337778383,0.034427102433541266,-0.07808411750904237,0.056172898330295123,-0.001120568756245855,0.056896560411080266,-4.1933097360648095e-15,-0.014648481241154422,0.06508446358806831,-0.04210740189457153,0.04827557590390135,-0.07309944038013812,0.025870310719345212,0.15739512847264878,-0.010504557762328674,0.0170569819346019,-0.06429404440504637,0.14505013847994638,0.044134225148576414,-0.07171198278966143
62,2.190946809563725e-31,-2.8019192844139603e-30,-4.9621786952187826e-30,1.4067431776140393e-12,2.504786123198646e-12,9.615743582383071e-13,0.35874151119819403,-0.020336497374201328,-2.0917213292190648e-13,0.6435963644815899,0.0348874573637822,8.553148206009594e-13,-2.6644991287053247e-09,5.001895473585224e-05,-0.012317044584983148,-0.2511021577394248,-1.0522296316076432e-16,2.701543969109493e-16,-1.7159824001927065e-17,-1.9507975020965548e-10,4.5689499332220587e-10,9.50789834511906e-12,-2.1116591477115562e-05,-2.706237397530612e-13,6.93244653242105e-08,3.245489411433658e-08,-2.2624626618979544e-06,-0.1297433410574785,-0.025618246219910094,-0.009895448859829606,-9.225598866655245e-09,6.667499420499489e-08,7.418014349851349e-09,-0.24221646194526197,0.046196633606472026,8.374985636227628e-13,-5.7628994991580206e-09,0.031957570712628766,0.10997836911045332,-0.01963999035968108,0.04219198145411291,2.1611903524210515e-09,1.2741685776879243e-09,1.167718750729347e-09,-3.4025732491514006e-08,-0.00026384689860584716,0.01326089267415049,-0.013533270777929323,0.021285393444475685,0.04364029892853901,-0.004119212337256289,-0.00022960098016691454,-0.03436915138115155,-0.0001672205884597451,0.00019045117572681963,9.74816965499543e-05,0.10453710737755265,-0.002840485498307335,0.004533420615196043,-0.0001083410022571265,-0.10112405401513813,-0.06104498568842959,-0.07040765710955042,-0.004250810911823788,0.0036866375531747608,-0.05360101852110883,-0.037392330452186,-0.1595540632758372,-0.00848891956084687,0.0011309621330085134,0.2843746942625043,0.01753472358874853,0.0472376343654459,-0.04216782968359419,-0.008463753639978741,0.01866754715466912,-0.005107039906966009,-0.12954599774386763,-0.024171034535555223,-0.003292285131215556,0.023965207350025847,-2.7037626341283887e-15,0.1637010705059032,-0.13999368966101147,0.007223821605284433,0.12786157273964807,-0.05717361531001192,0.07292430175318537,-0.13729492987397177,0.09837490689844589,0.054631402509920955,-0.0138221685326723,0.14556754683266315,0.021139027442469233,0.08159661225674983
63,2.685515345319109e-31,1.849392197692053e-30,-7.1083533528691e-30,1.7242316748437567e-12,-1.64961536396266e-12,1.829503405529214e-12,0.44844162615259286,-0.02551440915659384,1.1860320538447679e-13,-0.42538114662595256,-0.023140044132285268,1.4344974369884303e-12,-4.618470619792352e-09,6.809857719252848e-05,-0.021941347254577744,-0.4483300793840442,2.9049340042493584e-16,-8.530399166059283e-17,-1.2460102664510282e-15,-3.22902844972268e-10,9.712955483850874e-10,1.506309391931221e-11,-1.3277547983823017e-06,-4.646824396048242e-13,1.0816886010511323e-07,4.749117869404419e-08,1.269792218609154e-05,-0.21023206564664162,-0.04415187035480159,-0.01451699115569826,8.694014663441904e-10,1.3084529383003966e-08,-1.1419589133598973e-08,0.20379177579498814,-0.0433472951645522,1.5422409218923093e-12,-1.4193038194412913e-08,0.03668344971754268,0.20102206239739115,-0.040444296251554074,-0.02888647497176835,4.951010335473648e-09,2.779070976651577e-09,3.85014936816113e-09,-1.0125028375266129e-07,-0.000606789223504632,0.0305415472824426,-0.040979664960115965,0.13734755983277633,0.1320386932654008,-0.04200455442992108,0.0028492110077225864,0.199720337132518,0.000150909928046535,-3.113493335334099e-05,-3.3170361762909043e-06,-0.011577093940302846,0.001071403803826309,-0.011063950599658435,1.6932873389196096e-05,0.008333436970477249,0.04668289227859334,-0.03494692867423705,-0.0018141856313518747,0.0017379500251731674,-0.03609547385359347,-0.03004354253832694,-0.1164696962058551,-0.006053149815586096,0.00038499732659490307,-0.12847175603315827,-0.0067941040126330175,0.06614832192197748,0.03972411906648968,-0.024671514991408176,0.018272492954810534,0.0777434933682773,-0.16652786510095818,-0.09787534079205029,-0.00556880279080901,-0.0027360298147038565,-5.021573935959099e-15,-0.09357375308809099,-0.0141554659656847,0.06878719034282035,0.015704787663021958,-0.088147764826826,0.06451844621249352,0.11789697624151547,-0.06476445126259474,0.067308238494903,0.14514176000608928,-0.042591327972012115,0.04665977001159386,0.2019564601875873
64,3.1542182751874935e-31,3.4368368177191668e-31,-1.5556264059080226e-30,2.0251769166236362e-12,-3.0422530411709704e-13,-2.1791839434814257e-12,0.5205956636545245,-0.0295586123363446,8.025119934500418e-15,-0.06596751504607692,-0.003466290665453264,-1.864266848452652e-12,6.0633953023207674e-09,-6.687927554330456e-05,0.028282862320040122,0.575659394976345,-2.1077861347681374e-16,2.0898930127619782e-16,1.3835054727965848e-15,-2.5031852202554864e-10,6.502378618312654e-10,1.2689274789109266e-11,5.99336041033007e-06,-4.052897694006843e-13,9.778284230196147e-08,4.396699396028327e-08,2.389176649144357e-05,-0.18764920146141856,-0.038481245277421576,-0.013237311032644423,-4.291306569199857e-09,3.6460669939935754e-08,-4.504112444307729e-09,-0.00179441839337037,0.0020081886901395078,1.6771948836022858e-12,3.4446541202838106e-08,0.02623645813762768,-0.2277487384573953,0.043527237741792756,-0.008204680792427992,4.597808729037424e-09,2.8510956801784903e-09,2.740068436313286e-09,-7.459224838551524e-08,-0.0005496483627883878,0.027267635770797983,0.0323131125608097,0.05240383973513095,0.07109536686161988,-0.0034854160283306,0.00011103949512228163,-0.014190217867480917,-0.00014507069694292017,0.00014581171791332845,-5.0579603193111234e-05,0.06776108566265268,-0.002168693685372347,0.03205712565469579,0.00010360893009943597,0.07191429789526764,-0.07279281610263237,0.11108636061465936,0.001729298978721478,0.007748037306854505,-0.07131806796555269,-0.051839119023429005,-0.21508265117790107,-0.007885694174819479,0.0013081629784695032,-0.04717468793375209,-0.0004207950416704142,0.16403287647532083,0.01900629499898391,0.16885779914539348,0.017398616488883776,0.04699526661549282,0.14754266126737323,0.08615338884245312,-0.02410760156372375,0.055618059048377626,-4.447643203035171e-15,-0.023917475486216682,0.12441396196562839,-0.0512351150447691,0.051339580398871994,-0.07530527516204664,0.013745781036615395,0.16764323606142573,-0.012698685159939292,0.002861593613176747,-0.1625059722066933,0.1559433819399785,0.04786018692927435,-0.07694106215825
65,-1.2327013356018925e-33,1.6265325742393782e-32,2.8757541723282116e-32,-8.217535012335774e-15,-1.4659521794991622e-14,-5.74591713563362e-15,-0.05988793744891077,0.003521180146264719,3.938434593543891e-14,-0.10768438130064986,-0.006063994033490259,-1.5683498466653666e-13,4.3193413149917746e-10,-1.0917178301478942e-05,0.0021086815404839578,0.04137936819349891,1.2002340328069638e-17,-5.638551291236131e-17,2.1278041376813044e-17,1.665031695637365e-10,-4.021865140328698e-10,-9.427443440635685e-12,9.47764130440853e-06,1.0273859525349673e-12,-1.525794726484652e-07,-5.703203511227155e-08,-9.578042485122415e-06,0.3179727786172977,0.09469179445415345,0.04301759838951621,6.046570710750542e-08,-3.2712793778006395e-07,1.3208633679615363e-08,0.5992469152490381,-0.18130385004695596,1.0283529127898277e-12,3.475442819467942e-08,0.08829542007210407,-0.2805196382161995,0.07823309901757103,0.19168056503625377,3.1515182191085568e-09,1.5912266662159731e-09,1.590683827449368e-09,-4.6368100778474664e-08,-0.0003893783054047679,0.019741197439070785,-0.07087658385852896,0.027652582605412625,0.05932320782608571,-0.006819066621624327,-0.00030931526747528417,-0.04552187547482464,-0.00021766883688609782,0.00024704715571041236,0.00013134896595286575,0.13835075111526532,-0.0037405294618113416,0.0029074393331523845,-0.00014825012470181352,-0.13719317097141243,-0.06919102766269333,-0.08607354517269145,-0.004903491353332183,0.0039075252522768255,-0.057448470515357904,-0.039957932385073267,-0.17076790164926187,-0.009004464511082774,0.0011929730364501304,0.3045367606076772,0.018793092955820188,0.04788961105373679,-0.04270636215506455,-0.010737513120166797,0.019314766173368376,-0.005715269232206177,-0.13736211326203074,-0.02478381444312963,-0.0031858929244619034,0.023948788642075537,-2.9794903554526576e-15,0.16955785922214284,-0.1435335631998446,0.007391843036279092,0.1279100184412163,-0.057217688009073855,0.07501799111713942,-0.1379738447157896,0.10163814387053179,0.056026461476077774,-0.01325535527353971,0.1459313104011745,0.0212295236952391,0.08206672806843004
66,-1.5114253163800539e-33,-1.0692130298950267e-32,4.1118529951277173e-32,-1.0075349631713757e-14,9.604355128763443e-15,-1.0782903397452298e-14,-0.07432931213255198,0.004380049644589961,-1.9828757826310943e-14,0.06960057130494991,0.003924229688930208,-2.446222599276261e-13,7.113628152499724e-10,-1.3063069334580119e-05,0.0036158521032029715,0.0711789905245776,-4.013264812967969e-17,1.8298584331647613e-18,2.0161706842225812e-16,2.382246754838592e-10,-6.593748697163895e-10,-1.311421445859245e-11,8.884626995646285e-07,1.3948536954273758e-12,-2.0505500539437062e-07,-7.513148911808534e-08,-2.3606157960062803e-05,0.431942695839335,0.12890005576484995,0.055299406202574945,5.3959764366024244e-08,-2.980365026023272e-07,4.756064222287752e-08,-0.3855638032973996,0.1227079426195051,4.154048669335908e-12,8.610031564426748e-08,0.13658317068059975,-0.3417976035881966,0.11118702978695677,-0.14628043147866573,1.0098125250359282e-08,4.64590623523734e-09,7.1153074195299625e-09,-1.7910379388293135e-07,-0.0012149332608912264,0.060824226312172144,-0.17196084141440615,0.22113051826621286,0.20447311546825572,-0.06860563502421924,0.00450750548202014,0.3173887760641821,0.0002520862405641977,-6.94158576976255e-05,2.7560708086773046e-06,-0.028801818286179764,0.0019876552272766767,-0.020202218703939196,8.899375916117523e-06,0.0013084956912139622,0.061761271856757206,-0.04783008611083131,-0.0021811747704201783,0.0016377338215507688,-0.03756391312188138,-0.031495587289143104,-0.12166880083512092,-0.006349311293875144,0.0003837150081543266,-0.13660142709997378,-0.0072913101753666765,0.0671387816665385,0.040096814117620075,-0.028656207194690655,0.018874307296972034,0.08050983492352612,-0.1772436472836512,-0.09942403837200754,-0.005470532929674947,-0.0026153707365764505,-4.861095556867804e-15,-0.09659960287962903,-0.015285136981641122,0.06928114192034991,0.015862856414357786,-0.08813284739173852,0.06640974476833694,0.11811897633849704,-0.06675154696358714,0.06906138171948419,0.14988000874598198,-0.04253663887186785,0.04685601083390291,0.20249401020643545
67,-1.7751309275117784e-33,-1.9550249262443136e-33,8.954441771914852e-33,-1.1833311556041002e-14,1.7354169464022948e-15,1.2591769601830048e-14,-0.08676650943613778,0.0051074468455658256,4.743226798938325e-16,0.010425011141673287,0.000570685317097371,3.4058248496710463e-13,-1.025441829099318e-09,7.849045179003827e-06,-0.0050218601457896065,-0.0978373239253233,4.231565901966289e-18,-3.2964982208634114e-17,-2.0731888690789492e-16,2.406120851082049e-10,-6.237893799752464e-10,-1.3709194068523356e-11,5.221850684322311e-07,1.5373970488050031e-12,-2.246835101424534e-07,-8.256398198077533e-08,-2.9634516186448373e-05,0.47249890690524277,0.14188655576234097,0.06223916211262514,7.127194859955517e-08,-3.839623901832509e-07,4.362857650849145e-08,0.001608447189972799,0.0017387454714091958,3.5761521256937992e-12,-4.591262160579055e-08,0.17784259673038272,0.5488390127706847,-0.1605895891673271,-0.0158179228998904,6.615352719677222e-09,4.5702890138556095e-09,3.1857667881248546e-09,-8.997582745355722e-08,-0.0007647062908964123,0.03718550455883335,0.1764607661890146,0.040414972211188616,0.0714775492018977,0.007679701512482311,-0.0005446691649509715,-0.06871202300869464,-0.00022966374412804237,0.00019759342918205714,-7.654426042882467e-05,0.09043388859806578,-0.0031276127586342497,0.046337494192855024,0.00014592311049064477,0.1045413121295811,-0.08928807369103563,0.13631458115737974,0.002239128339459746,0.008596447792343122,-0.07700274598592105,-0.055762589026445736,-0.23173779767063413,-0.00825640633261231,0.0013873508316383605,-0.05231173218640453,-0.0005795669360427703,0.17245846136669066,0.01926737397976903,0.17870559556204044,0.01780329722268361,0.04820916444516362,0.15927075329601556,0.08774818652606263,-0.025427000547546527,0.05550336212208418,-4.6514319425928016e-15,-0.025144576194738533,0.12803458988705965,-0.05169653349845495,0.051304097585697234,-0.07534857090045138,0.013160337821496858,0.16852115841586646,-0.013251454228742795,0.002157239231824385,-0.1677563223782383,0.15629189066621776,0.04807320243810771,-0.07724482247030999
68,-3.830719428376475e-33,5.056499194306385e-32,8.939088073680492e-32,-2.5548526474919757e-14,-4.557758318481027e-14,-1.7874010094712768e-14,-0.281549069244132,0.01688669833996244,2.0353613918387172e-13,-0.5041945121470253,-0.028970078759614715,-2.993576764168051e-13,1.7493061013215933e-09,-0.00014167408516821986,0.010307123597855525,0.19743819928526238,6.085762203991852e-17,-1.2194440072495113e-16,7.559791024259603e-17,-6.400435192308807e-10,3.2776524999034868e-09,3.0013609752028544e-11,0.00019861731617017305,-4.531502903877364e-13,1.3319903089094208e-07,7.019466626608609e-08,8.593145975423653e-05,-0.23882005289248706,-0.04298048460893189,-0.017058227652929078,-1.7234283706222784e-08,1.2877320098649263e-07,1.7786103700282253e-08,-0.44827286840732244,0.07768732321536287,9.682705861454863e-13,-1.3295722755037815e-08,0.046523679503198426,0.20365946501511234,-0.033578557290202996,0.05716117267001401,2.3965208389668075e-09,1.3915634819011866e-09,1.2617231622552162e-09,-3.6925085505483685e-08,-0.00029251919198712627,0.014706247589209433,-0.018307228864307516,0.022577487377269494,0.047413672898145826,-0.004577187624205053,-0.000258271526324408,-0.03787914754209603,-0.00018120959641138446,0.0002059680292680672,0.00010651128271437804,0.11365851528509953,-0.003085569211840819,0.004127989157389151,-0.00011902124410976656,-0.1107589767809491,-0.06366411433905074,-0.07491485168218995,-0.004445888354659189,0.003758542999563218,-0.0548169811663276,-0.03820165307459564,-0.16309582663785505,-0.008654376402916879,0.0011512421275504101,0.29105321810473234,0.01794984978200315,0.04744549215874535,-0.04240510289460517,-0.009200683045709696,0.018883178609419647,-0.0053460496225037225,-0.13210512710025296,-0.0243908235405936,-0.003257148506515738,0.023974100082079314,-2.8778938712703268e-15,0.1657929085219986,-0.14131496616179332,0.007282424971964264,0.1280070120015114,-0.05721614616199001,0.0736512371029796,-0.13774011279126772,0.09955417910124345,0.05511823580735417,-0.013667422852431142,0.1458231524550834,0.02116990365113245,0.08181564325637271
69,-4.701770732565442e-33,-3.3290566461134734e-32,1.2800984182840576e-31,-3.1358459705933863e-14,2.990649868119382e-14,-3.3610351282725945e-14,-0.36229356197780105,0.021805273703824738,-9.301336754200084e-14,0.3494734646614549,0.02019380544135242,-6.239659949302549e-13,3.255218595268685e-09,-0.00019215103069870158,0.019874026072696522,0.3782125936922163,-2.4332370573367767e-16,1.1949598310816182e-16,1.025314006179318e-15,-8.345492696014283e-10,1.3306583820545254e-09,3.28414023706445e-11,-0.000136844090393433,-7.115629836031665e-13,1.7903276638606852e-07,8.25964092684836e-08,0.00017322730579233107,-0.343202497202863,-0.06788174842728363,-0.021233450447618065,3.6435346376530133e-09,6.327544964640564e-09,-1.8055277836088988e-08,0.3286235172163686,-0.06478025017231731,1.5737434673408735e-12,-2.4574055988714345e-08,0.04505269314513112,0.31503964260643375,-0.057424164271844276,-0.03195112871290734,4.7854330577344574e-09,2.589130791540835e-09,3.5839231026726685e-09,-9.296708165029289e-08,-0.0005832596614354959,0.029291431218794302,-0.0438036993756827,0.11376662816704768,0.10765115067778096,-0.03329634719144994,0.002113478980404842,0.14424093907437988,8.420325680215688e-05,-1.0260797370411836e-05,-7.02960053599883e-06,-0.005918828731505133,0.0005849574760275401,0.01505429016980853,3.5155207367274087e-05,0.01868514023963605,0.05979953069654762,-0.04307658741591534,-0.00209211522548187,0.0018209571063707338,-0.0385121219529223,-0.03206285541909158,-0.12426548882661267,-0.006358798814443314,0.0003967555040662096,-0.13516936302790383,-0.007183978411513824,0.06795694825076548,0.0400235383068115,-0.02657641953817621,0.01877068449048853,0.07992234023044448,-0.17337121580001644,-0.09892175915327055,-0.005652060305804023,-0.0027456332053355254,-5.043367096640881e-15,-0.09589129005903722,-0.014682562839210675,0.069167972183798,0.015679354758854645,-0.08806227420037224,0.0658398452547092,0.1180784108567498,-0.06626315931565054,0.06851088594705661,0.1481707299981609,-0.042794631654703916,0.04677482573548827,0.20243444334651048
70,-5.516378244721714e-33,-6.076021492639669e-33,2.782460608239955e-32,-3.679017717702673e-14,5.3935008923569645e-15,3.913475146541247e-14,-0.40863862506674214,0.024537926519064248,1.5110708702460135e-14,0.052344290374552266,0.0029685600929231716,2.383314982496229e-12,-5.163663405694541e-09,-9.608848074919531e-05,-0.02349640239398881,-0.4490159567602537,2.388948138534418e-16,-2.6093603907116157e-16,-9.090764915296918e-16,-9.70687762770934e-10,2.8522288600434035e-09,3.9994462176429436e-11,-2.9626583523105287e-05,-7.115034115751017e-13,1.9247835993111255e-07,9.087627046165475e-08,-0.00015908875976947457,-0.36036318147164575,-0.06793604445686048,-0.022267785872784242,-6.714918943932304e-09,5.1666519982773455e-08,-9.399377105810558e-09,0.006639964604362302,0.0030904993705503894,2.1858843717564096e-12,5.559468000361424e-08,0.03201368593769058,-0.4121164707432826,0.0717005438094948,-0.01372273808360015,5.657064218960004e-09,3.4681572710578757e-09,3.320336170408185e-09,-9.011233609196077e-08,-0.0006733413999743943,0.0333407568708318,0.04126463701758835,0.06726030386464193,0.08801771196347243,-0.006785883959061165,0.0003803873930674343,0.003783411530048649,-0.00013436036332391174,0.00014919852042906873,-5.5423724347285536e-05,0.07044043802715032,-0.002168829500092412,0.026310401589739435,0.00010803387253472164,0.07633181741865316,-0.0803282199244597,0.11981234019547703,0.0019308932596577779,0.007977599644435738,-0.07252866354825668,-0.052613064665621524,-0.21850636629203582,-0.00794347690560098,0.001330415287713496,-0.04755537030894529,-0.00039865924167742676,0.16639483937736302,0.0190580998831171,0.1723618499798703,0.017446812202046875,0.0470236613847894,0.15252138484083777,0.08697207966928487,-0.02451402096336985,0.05565764798894153,-4.554101812772667e-15,-0.02393402216666824,0.12581273322864273,-0.05153530337641556,0.051378090727742604,-0.07539549998258789,0.013326042912538933,0.1680972322075035,-0.012630819666299104,0.002415212555131365,-0.16487949006265118,0.15628982707161568,0.047953219431843476,-0.0773029506180117
71,3.12721895965246e-30,-3.998627401565014e-29,-7.081711337600818e-29,2.0076031320436382e-11,3.574471028296027e-11,1.3720132394979283e-11,0.0018764096282486767,0.03584089623111531,3.358723352114687e-12,0.003156940677261191,-0.0635912340892306,-3.9941922152269854e-11,2.9782582708331502e-08,0.032775370499739775,0.023781317643752256,-0.001051446857811857,-5.020106573021842e-16,-4.65511326226333e-17,-6.699167004688282e-17,1.1639122263713896e-08,-1.3503648023683146e-07,-5.771763097822617e-10,-0.05839683221648341,-3.1619521745312466e-12,-3.0328989575799253e-07,-4.945404288438044e-07,-0.022187583174009644,0.060360672507058066,-0.28335696863743826,-0.12952409597903994,-2.0356000796737397e-07,6.970572662406925e-07,-3.0085068314377107e-07,0.10022180172239607,0.5651963049343707,7.769743781316218e-13,-1.953825639180861e-08,0.23683921515123835,-0.04174845679464343,-0.20608945527878744,0.4255135169628925,-5.8084314850671425e-09,-4.3432728589602716e-09,-2.462421080563549e-09,7.746161705072393e-08,0.0006904867545867603,-0.03397738975522061,-0.15139256647360552,-0.03096790992643467,-0.09869253826816642,0.017061144570642287,0.0006602739556117093,0.08061753741901297,0.0003152695836771622,-0.000347305494261868,-0.00022260773962600903,-0.21627730981722498,0.0057276481976264865,0.022885908625038896,0.00027258104746733696,0.24135226569164625,0.016241278208151716,0.07101452989819453,-0.0004214780992749433,-0.007044832197367999,0.03274048698648418,0.024969334696400454,0.09836989603325441,-0.004945032535794,-7.390522382968854e-05,-0.16760396277604203,-0.01389088564878516,0.05364820324440638,-0.03405748694155579,0.05213364753242887,0.008069943732629052,0.0008756574658342691,0.028720496116991567,-0.015645579359223935,-0.009558294085632059,0.02254438633518137,-2.3412056430597347e-15,0.07962268670971227,-0.08940437711623347,0.004947704369651031,0.12118669783677112,-0.052788781058728064,0.041224456563523554,-0.12569083437998946,0.05174072425515141,0.033436518889217476,-0.020989715021847214,0.1334175871968044,0.018284507626146165,0.07188375493197711
72,3.833087307224985e-30,2.639335553490321e-29,-1.0145365454373223e-28,2.4606681464268903e-11,-2.354161320641695e-11,2.611133631212768e-11,0.002303279523398459,0.043982686746634726,2.3193258467841552e-12,-0.0021247100888535527,0.04231649278566914,-3.7924671425163343e-11,2.585113970566606e-08,0.040321172575193256,0.046831994046374344,-0.00214925182478218,-5.064131608016098e-16,-3.0452263921825534e-17,-1.5412906012082583e-16,1.5430647429454027e-08,7.104628989629252e-09,-4.106268328852839e-10,0.038863754118064024,-3.740547044680604e-12,-2.0703635880428982e-07,-3.246261277776824e-07,-0.0428962096187921,0.07442584958192744,-0.32598876928735065,-0.21234227856289345,-3.839135200832062e-07,1.9576018693408994e-06,-1.5819666006830654e-07,-0.06344925377191021,-0.3698419136721008,-1.4877599818898132e-11,-2.6527270530733416e-07,0.29039728997399883,-0.08655346929974243,-0.41885103032949494,-0.26626503059012163,-2.2637949571682684e-08,-1.1504597079823996e-08,-1.3575729723380725e-08,3.0585148966916233e-07,0.002542667392805612,-0.122266387356906,-0.30530601761846654,-0.16976839684834105,-0.09968685320043882,0.04430428693518689,-0.0008889159934682883,-0.037811258448196,0.00010202286367557705,3.673071903464187e-05,-1.2160708282917228e-05,0.05198332896268675,-0.0004966057820889068,-0.1796396036176577,-7.981244226209247e-05,-0.03139277885694431,-0.1498005407091608,0.10580895075350531,-0.0006084892727226627,-0.010337938326213847,0.04610091842235153,0.02761994612119114,0.1252261473967707,0.0023731053454584487,0.00019359629336205783,0.14369883124525906,0.011720504518615699,0.03507415312174009,0.02963546664639804,0.09305258568539891,0.0011397818022328846,0.004305698981690091,0.14067511956476825,-0.06191602616768898,-0.011154821443616939,-0.0030066137124003986,-4.733617615555999e-15,-0.02039748962593983,0.005870941757324037,0.05400375060601911,0.013581752424539646,-0.08367144676955388,0.02078129552061154,0.10686458320272198,-0.01751955359745599,0.027719030692875235,0.04483370481879454,-0.03658505323132304,0.04033751041204622,0.17563553674953394
73,4.502040206271272e-30,4.9035937082631005e-30,-2.220247281482715e-29,2.8901263430536113e-11,-4.3405450548126144e-12,-3.110034674966409e-11,0.0027043746186267495,0.05164651308179435,3.3796879505000712e-12,-0.0004198362200939321,0.0080872114629892,-3.5708825063979634e-11,4.1728958064275774e-08,0.047291521025989366,-0.05631085419095215,0.0024785126260974985,-6.07225987588848e-16,-2.501930643035158e-17,6.426857513637425e-17,1.7265235705429184e-08,-3.372333985123225e-08,-5.330205566793345e-10,0.007254287215268354,-4.4261133336568885e-12,-2.886425973728761e-07,-3.0617934873978536e-07,0.052014302477114596,0.08693415845030127,-0.3879390974944894,-0.2366342360651092,-3.6397682938752154e-07,2.0740128281476348e-06,-1.5084195292356124e-07,-0.007760469772241067,-0.06629368625620653,-1.7242609282035127e-11,5.599446350886565e-10,0.34196413970925355,0.06693209939538142,0.5021932417334722,-0.06309576975989181,-2.4472497068717224e-08,-1.0313814562562364e-08,-8.04829411000545e-09,2.2267324166777401e-07,0.002830903308213447,-0.1394367791801498,0.36535244901976016,-0.061489474544913214,-0.13828237682350142,-0.029949685630236485,0.0008711590730141652,0.10358661508184773,0.00024673319287552134,-0.0002074434404726165,0.00016877613077162442,-0.10035238179807007,0.003665433189363822,0.012639108690411441,-0.00020786885836748023,-0.1820486385781539,0.12139206999815823,-0.15146495206622212,-0.007035105628137545,-0.013315806358086112,0.0483720358820475,0.030081621281012768,0.13258687562695884,0.0010412430831012163,0.000186697453346695,0.04059805421753475,0.002752289376822923,0.02045253428421722,0.016868134330559215,-0.04324125394673628,0.015438709453245996,0.045056352786500053,-0.14903949320116078,0.05631034403643268,0.004208922052345743,0.05316579283120955,-4.3004673164714906e-15,-0.02054829402850817,0.07044401496860382,-0.04006917421498253,0.04708113609290888,-0.07107173929208611,0.027272963242799115,0.1515690059383242,-0.013679572523749225,0.017256655076768383,-0.07079125960196474,0.13864273482646802,0.04331876002081995,-0.06411584721199223
74,-4.177485004146424e-33,5.512114834423326e-32,9.745619372472264e-32,-2.7849610423912088e-14,-4.967977578034101e-14,-1.9471889426828013e-14,-9.509468309839627e-05,-0.001911152011606754,-4.3738414434964664e-13,-0.00015856552996505082,0.0033865412472845365,-1.2019171411140292e-11,1.53055441474971e-07,-0.34174066035481326,-0.0012309681429343536,-2.7003633332504967e-06,2.3966437983982587e-16,1.5251486065357232e-16,-8.032349213227349e-17,-1.3414969105856597e-10,-6.023079203925115e-07,-7.01524190977559e-11,0.6060499884678235,9.574931630448605e-14,-3.5093713510062696e-09,-3.2843865497457185e-07,0.22855148965215613,-0.0010419170385552363,0.00803544736349937,0.006854992999489207,1.499434131037607e-08,-7.638041594983532e-08,6.494195072210408e-09,-0.0018604458177953673,-0.018796015448321577,9.33540918364796e-13,5.073427102671945e-09,-0.02747858963468265,0.0017974468021747462,0.0059937353981728975,-0.04836281714776119,3.3796924503572542e-09,2.1958450397932684e-09,1.8574800111916e-09,-5.444039602095141e-08,-0.0004099324772590046,0.020485153173149372,0.016524101844414645,0.03326939010530461,0.06983601278932652,-0.006503726088100427,-0.0004296992626989585,-0.06063175522083608,-0.0002836826608791984,0.00031870728821100817,0.00015973826948738248,0.17347232105971772,-0.004745964895084229,0.014540411102490089,-0.00017005538586618973,-0.16258285387214438,-0.100508613518571,-0.1363523239117648,-0.013737183158295934,-0.020879660518487164,0.07513811624472307,0.06271515252828551,0.23422890027951668,-0.015841095909009336,-0.00034737336479022515,-0.408125804395241,-0.03546046449527592,0.10012958276991016,-0.038488441023472084,0.10895708608473137,0.010156080522882518,-0.005850890345031435,0.09127451420390115,-0.01943080313848206,-0.02046391362721933,0.023073430677743725,-2.502827725170704e-15,0.1162567128006811,-0.11343578105559116,0.005918330611761105,0.12336908492136947,-0.05440767070820733,0.053723239368522704,-0.13132747993817123,0.07328598963353114,0.0423189405364799,-0.022267638547069226,0.13905568417101616,0.019595188415086492,0.07605703810500435
75,-5.1221446160492966e-33,-3.6234467579626724e-32,1.393642141342814e-31,-3.4146493785734636e-14,3.254837717892936e-14,-3.655218401525088e-14,-0.00011680447443533149,-0.0023472009984932467,-4.3410342044383794e-13,0.00010857450465707947,-0.0022586774123376564,-1.6313285008104376e-11,1.8948597047657163e-07,-0.4208297019120022,-0.0024786860932995885,4.4265575033471886e-05,3.9588516700667626e-16,2.084694054607721e-16,-8.747835164889582e-17,1.2945491999196251e-09,3.9855365403712926e-07,2.361393891754986e-11,-0.4040728199028076,1.2428360354141464e-13,4.425838324577218e-09,-6.042838672228766e-07,0.44323910208646067,-0.001279425165284632,0.010592929143341631,0.007501620239731366,1.8469271825752246e-08,-9.228739665802668e-08,7.286607651906691e-09,0.0008623528614744345,0.012071506691917849,2.9056727984714996e-12,2.278629151208541e-08,-0.033978318976989254,0.0032585980443813572,0.013429936320406012,0.031110197934171382,6.977985615712249e-09,4.008266826943234e-09,4.728196334712943e-09,-1.1918627344347011e-07,-0.0008281077600724042,0.04094610526753682,0.034806922761144,0.08783126899983493,0.08000405189190839,-0.015644569050668165,0.00018144961135462996,-0.016090580848561395,-0.00020203260198289495,0.00011906253713437553,-4.270903648719375e-05,0.03398962510375213,-0.0018139299134887655,0.1644892757043658,0.0001872132105486852,0.10519543378870828,0.206063614485741,-0.15008986245146058,-0.015272053431051315,-0.03361885698527655,0.09445965387164602,0.041118982637198535,0.22429679684951737,0.0020433901811451375,0.00022987572128792329,0.2860590400186121,0.025078423771300644,0.06328276867828678,0.031293380158504344,0.18551765664213843,-0.002229228983632935,-0.004941787370725798,0.2960575403092104,-0.06974727154148203,-0.024526081046037616,-0.002138882718165993,-4.380971152484805e-15,-0.02327267359819734,0.001046902748040908,0.056182204737636895,0.0142138050222011,-0.08149551075967224,0.024215384246713947,0.1060209810089623,-0.02075227477057594,0.033107302060369416,0.06153658238528898,-0.03576366732396549,0.040719765492455894,0.17556117076502156
76,-6.015712538017809e-33,-6.623240904831082e-33,3.0351445271490176e-32,-4.01036129893307e-14,5.879218118399567e-15,4.2669937111211144e-14,-0.00013708537395979947,-0.0027548243915370254,-5.461424622333158e-13,2.2492712778557518e-05,-0.0004314053372970055,-1.9307136610614805e-11,2.2138656838559917e-07,-0.49329714569455274,0.003031885656675908,-0.00020103728079860924,4.0685664223011213e-16,2.1052222422247718e-16,-1.9300267387392504e-16,1.065962528908108e-09,7.028249054669085e-08,-1.8813627137200355e-11,-0.07534704728548552,1.4521084310306898e-13,7.983973464981056e-09,7.467718127320199e-07,-0.5363095106638438,-0.0015913776098199846,0.01250949015935798,0.00834208202946134,2.4143094810212e-08,-9.639667459783033e-08,1.668938523841831e-08,-1.5728135350827774e-05,0.0018659628180068208,3.0450466363812603e-12,1.5404790239847805e-08,-0.03973144294299238,0.0011163113036083568,-0.015935112708023686,0.00623711975487704,7.494955109501788e-09,4.109946152574692e-09,4.115753108068608e-09,-1.1222320710021418e-07,-0.0008997156680973605,0.04487295920181883,-0.04098701416399337,0.06685902728376097,0.09838349362869532,0.0015987584770856727,-0.0003730579099388114,-0.06555294473076083,-0.00029539895615498304,0.00026493192450076407,-8.99186905867016e-05,0.11906335807294598,-0.004033525853344057,0.08001531351125651,0.00020114188535104864,0.13523979694009464,-0.09324803286055933,0.1562054975310141,-0.007050753859115198,-0.028930110666229986,0.11773821692073601,0.07837552960186238,0.3332333277272911,0.008256132673271797,0.0005450589811068323,0.10092136486349791,0.007102211545165763,0.0056730250422324996,0.019138833774614377,-0.13470691320366074,0.02443483481007778,0.07346376785114903,-0.33384287955835507,0.06594637216702079,0.018011147759286174,0.05245164753560114,-4.383636958292034e-15,-0.03700228937526573,0.09188242303767599,-0.04299382589041117,0.04768109528658052,-0.07229079265577971,0.0317175492555545,0.15861929863285726,-0.02275860599432762,0.018001693640119446,-0.0938725218206034,0.1421020038313224,0.04546512581290824,-0.06491109136215341
77,3.823039208531778e-35,-5.215163533405834e-34,-9.128195514209096e-34,2.6495946515138193e-16,4.739921858073826e-16,1.9350532301729657e-16,2.864175522028309e-05,0.000599127382101155,2.4815281933706046e-13,4.732248391901243e-05,-0.00106149815275161,1.3818887648272622e-11,-1.4424823853580427e-07,0.3154738538595769,0.00036598221551519775,3.613457075605926e-05,-1.5583565352358156e-16,-6.462807755012679e-17,5.975899218330764e-17,-1.1234712957452671e-09,5.714815865623215e-07,1.2447927595719655e-10,-0.5605642807756249,4.962649289347741e-13,4.702785467611609e-08,3.6842291417660287e-07,-0.21146787601045436,-0.00908611351062533,0.044267765666382984,0.021127307792692052,3.747493221703572e-08,-1.3385810545925742e-07,4.8328731220577874e-08,-0.01511494354438622,-0.08898580917759415,8.235934352821858e-13,7.717115041538434e-09,-0.052800703025350046,0.0071922962926545845,0.031862204752081,-0.09381229685116864,4.074204594056683e-09,2.7178289814875854e-09,2.1937056717172495e-09,-6.477313487184191e-08,-0.0004934622246769268,0.024619537706074425,0.03270023826776984,0.03832310570360011,0.08318708581909068,-0.0084878168885812,-0.0005152858253320166,-0.07171605062355108,-0.000330642736224361,0.0003707529315467392,0.0001896924487141903,0.20406382113778848,-0.0055678792788442216,0.013911064691862271,-0.00020465589769271488,-0.19419351050266334,-0.10910045636435012,-0.15209349400801284,-0.014737671790256023,-0.021920259026992506,0.07830972011754946,0.06550948800739965,0.2443384929310756,-0.016626061632034526,-0.0003668645362708496,-0.42524061785534945,-0.03699942900597462,0.10347197437652078,-0.03873368983461957,0.1130268160412891,0.010309881487201777,-0.006296934264305995,0.0957268246843794,-0.01967208914668877,-0.021245880523201942,0.023114516007514643,-2.4761067037558888e-15,0.11876196656006853,-0.11498578530355015,0.005979951013798281,0.1234026977380425,-0.05453915968185934,0.05460144775401582,-0.13141082003744622,0.07474758205086642,0.04294167428724587,-0.0223618957273853,0.13935821380047228,0.0197137823701832,0.07630140682902106
78,4.6885575976445517e-35,3.406415411464434e-34,-1.3031536916496048e-33,3.2494021034645866e-16,-3.0803237791667467e-16,3.550575448685237e-16,3.5182797322096384e-05,0.000735916118834104,2.7066476225948563e-13,-3.3110811729408624e-05,0.0007092039162675185,1.7842632325699733e-11,-1.780181901515097e-07,0.3882995776266919,0.000762534794212114,2.8535465024080346e-05,-3.051203021548029e-16,-1.285589156303811e-16,1.6975762961607676e-16,-2.817249874638659e-09,-3.6988451191741676e-07,2.8123429781388577e-11,0.3734405880689203,5.876996183768671e-13,3.229816610909648e-08,6.105653942234818e-07,-0.40954654766036724,-0.011215236225390019,0.05119007798150741,0.033673549621652026,6.577561079784113e-08,-3.2411867028737023e-07,2.908136268328821e-08,0.009405714819323856,0.05803163155842528,4.463347903397113e-12,5.353553443382441e-08,-0.06501754547608524,0.014413882310695769,0.06568554899201591,0.05943955342428004,9.46532375386837e-09,5.305276646307311e-09,6.266121140467722e-09,-1.544736866264943e-07,-0.001109509837918859,0.054526525470290084,0.06745140272048815,0.10884046854715212,0.09419439463691756,-0.02067974196740552,0.0002720879287867135,-0.013906472896481016,-0.0002254640394732919,0.00012486934831400397,-4.460436844021621e-05,0.03217867796780067,-0.0019055596472298331,0.19166826462029052,0.00020746002355858645,0.1153428736489322,0.23346500312594248,-0.16980717208598253,-0.016390621732401748,-0.03538238026495542,0.0981387811455536,0.042176924005877164,0.23189289737779745,0.0020133373598810126,0.00023258211691489408,0.2964046084869185,0.026050597475805706,0.06540919908281607,0.03140161975655298,0.19227450181930622,-0.0024562796914400016,-0.005576965252314915,0.30729278311452324,-0.07026063333943476,-0.025509057423458766,-0.0020262806823461905,-4.626678055435752e-15,-0.023446589625608482,0.0007056648059813022,0.05629651078765789,0.014347790645508925,-0.08139274696597879,0.02450861482345279,0.10598527422941005,-0.020964447181379083,0.03352599178227662,0.06266648158398308,-0.035525319992412936,0.040778663616763654,0.17549457397105017
79,5.506259852912878e-35,6.077413207901154e-35,-2.7348611619592845e-34,3.816122996431514e-16,-5.393897599595402e-17,-3.962451744608863e-16,4.1291443678903114e-05,0.0008636978828372098,3.2966440101675416e-13,-7.28992232727602e-06,0.00013594628687679355,2.086399161206481e-11,-2.084655694637451e-07,0.45531343638149996,-0.0009718545684522242,0.000109820845829286,-2.341685384752607e-16,-1.1855489107984374e-16,8.445089022524685e-18,-2.8353334460986203e-09,-6.101886305256163e-08,8.136352218700448e-11,0.06970717004702645,6.941892338393094e-13,4.044121453172261e-08,-6.407157192587838e-07,0.49594237359669513,-0.013029495993001529,0.06064469127111726,0.03805565286266048,6.384406779517782e-08,-3.517704391519267e-07,2.6542972113506742e-08,0.0010351099043422237,0.010212328350716329,4.9071645491132394e-12,1.2583062970026232e-08,-0.07631492332260979,-0.008348680708224861,-0.0786561569269204,0.013091937230642616,1.0197426261357995e-08,5.289566470296798e-09,5.079627060106458e-09,-1.3902807042391308e-07,-0.0012141428935019463,0.060397978981271055,-0.08002836399874637,0.07658355773958607,0.11718598176602632,0.00443293524504498,-0.0004763612174608203,-0.07922724274224133,-0.00033767303810822554,0.00030183754162293276,-0.00011060246724971918,0.1362647061893964,-0.004637856254019951,0.08472491950160561,0.00023324920642116132,0.1603503567778163,-0.11000107261164331,0.17980281302691614,-0.007045543407454696,-0.030099761379689054,0.12293310086471207,0.08199555159650172,0.34826489825114054,0.00878171762919763,0.000571339468714904,0.10521331862120553,0.007410103813479441,0.004663396283738609,0.019282422261267553,-0.1412369056048666,0.025089283099625197,0.07550718388840352,-0.34710369311695094,0.0665551054576599,0.018999338585266434,0.05238122343354894,-4.166982055738782e-15,-0.03812249120061065,0.0933147321638287,-0.0431435445518617,0.04779000390317172,-0.07241718540697063,0.032074086979056005,0.15899618389001036,-0.0233722911536869,0.01809242591562892,-0.09548769645913122,0.14234154675753335,0.0456290647506738,-0.06477431749669832
80,-6.316960052369623e-20,6.86515411510289e-19,1.1858058556452645e-18,-0.330332490931193,-0.5852737758172835,-0.2198972779035733,5.959041257725065e-06,0.00010946826267487967,-5.414237936315748e-09,1.1124059878544974e-05,-0.00021555695785971786,3.7340391802559824e-08,-5.0489983524883827e-05,-1.0991962908948872e-05,9.90788520899579e-05,-4.45972394061327e-06,7.180044419867795e-14,1.8963399537207693e-15,3.599316286562317e-15,-1.2520050164881174e-06,0.00013994022796442093,1.473217166358332e-07,2.7110655278249173e-05,-8.084434064616221e-13,9.52784388605562e-06,7.962245040142338e-05,2.3813399865684818e-05,-0.0015276276741992493,0.021884240935502994,-0.03919794768372164,6.885404433601026e-06,-2.6590529121640096e-05,2.352326707247802e-06,0.0010821884986789104,0.003814368608773326,-5.0278412748344246e-11,-2.5776469911239124e-06,7.422397589270162e-06,-0.00027381793078725276,-0.001439708049710607,1.612710065925329e-06,-1.8038094428007958e-08,-9.269847841147377e-09,3.764092492643187e-08,-5.886471254546892e-07,0.001644778648602594,-0.07386545339315002,-0.0012616527575831694,0.2601414972866597,-0.11911112027216049,0.34145860719811694,0.0008690038664126281,-0.011207611387650038,-0.00029360213233575874,0.00048652321289864776,-4.363445383352729e-05,0.023174506654903587,-0.0021531396692132236,0.00036391118478831753,-3.399821635732541e-05,0.007666501447790567,-0.13638296441220016,-0.1390483559444387,0.004680997137790587,0.012218866030224741,-0.005300515388779027,-0.012958533508506,-0.024719025260791037,0.028796331649149493,-0.0011801638813745715,0.028601119079983237,0.01359553842090863,-0.148228096844716,-0.002836088222753454,-0.08409692258289082,-0.02724267908649371,0.029091832127636427,0.0741178693771919,0.010982095372778227,0.023852776317087505,0.019723383088625906,-2.9998572269587258e-15,-0.27294267828309043,0.13452826326696962,0.00441089318240973,0.1743465538021752,-0.05449458897857882,-0.09510702389915625,-0.17567624215075905,-0.15427964846977044,-0.06099428476313838,-0.010955686427419113,0.12207411932055745,0.003604586070416406,0.08304432472159852
81,-7.750011007940603e-20,-4.573384400184284e-19,1.7164089862356893e-18,-0.4052692555543458,0.38984271382386293,-0.42876750747490716,6.857725456596957e-06,0.0001256326132078372,-6.622447439472384e-09,-6.166713135152073e-06,0.00011798283390917149,3.272446007229339e-08,-6.281888532937285e-05,-1.1460892572861874e-05,0.00013643643851300326,-6.3895901434756345e-06,1.3535272535674893e-13,3.3330295153048925e-15,5.549788300029566e-15,-5.55170204498589e-06,-9.355496377719536e-05,5.1781796286213195e-08,-9.99635712899357e-06,-1.0020935980548281e-12,-6.023709264478369e-06,0.00015056904857573634,1.3999976534989097e-05,-0.0006843178537497361,0.00493331498148807,-0.0030394627607541647,3.162188142881327e-06,2.4514738521699984e-05,1.1081906356696998e-05,0.0007448060380385976,0.004390414129698415,-1.433650777294086e-10,-1.3513776341082418e-06,0.0002607348160500596,0.00031409625192266105,0.002797093939471504,-0.000398859289568873,-5.708597672094967e-08,1.9012552630272437e-09,-3.942924630777041e-08,4.399955591811876e-07,0.005061556862146804,-0.21473351740441232,-0.004931003934371656,-0.08644359895200858,0.3250506028998742,0.13970433616312122,-0.0006977062614689593,-0.0749367406067315,8.301652159275333e-05,-0.00022853941764728307,-3.8871556267371956e-05,-0.10758912299718287,0.0014667086491621036,0.030032923641114557,-3.770666479944647e-05,0.011902235111316913,0.051408891251447125,-0.05148265398089555,0.022304902185210612,0.04688171644824676,-0.04994684825458613,0.017158321662071367,-0.035425194148769774,0.011354744198412764,-0.000980063084026937,-0.0650710328002699,-0.018077354622113094,-0.17987677109052555,-0.0005739227327103939,-0.12825869296580603,-0.02210035549996383,-0.11583868949232697,0.009872877643869156,0.0486251976197741,0.03917826260743496,-0.027252511758371872,-7.656557633955276e-15,0.16610324595849274,0.06467539700884282,0.034641039771458694,0.0029110071524127605,-0.12799400898332075,-0.0975239154846581,0.10521905581105107,0.11115031086207575,-0.09315343616505439,-0.2642935586778927,-0.07712138080951336,0.033290537716162194,0.2253193042664323
82,-9.1007613094064e-20,-8.715879710808486e-20,3.3581475081981676e-19,-0.47591075896664664,0.0742657714387344,0.5177552981591533,8.099079317766336e-06,0.00014842997193723897,-7.745460975787213e-09,-8.562244537002359e-07,1.5793910592295224e-05,4.273019544083744e-08,-7.306657199030288e-05,-1.3695566008952796e-05,-0.00015459142932065646,7.305254367478962e-06,1.419383266364202e-13,3.663595956018923e-15,6.1659626022110864e-15,-5.087569831884608e-06,-1.6078883792459986e-05,6.646847192777244e-08,4.939978104218507e-07,-1.1267217750759478e-12,2.6947053167913465e-06,-0.00018234319721433106,-1.0587955111615418e-05,-0.0009461522565729886,0.008496339637684643,-0.009182650709935071,-1.55612639092606e-05,9.550185800933382e-06,-2.527870762204523e-05,0.0006308778976003593,0.00332724751877245,-1.2272407364848717e-10,-1.9642303639448334e-06,0.00026161544107290236,-0.0009932718432305167,-0.00561422681110403,-2.1350911603568352e-05,-5.1698917349782774e-08,-1.739317972883149e-08,2.7114199021361722e-08,-4.155668568035602e-07,0.004989759838839058,-0.22649724880644295,-0.00361063923650529,0.2510852538607759,-0.012714609828080474,-0.22794551796164825,-0.0018823957996854824,-0.1667103820671181,-0.0002520587359815195,-0.00016758153149887324,-5.909932970531601e-05,-0.031505442850684726,-0.0004735378705139017,-0.03195228088444505,-6.226842664257897e-05,0.012488774749195814,-0.025733828721391957,0.0618148569753753,0.025230582474789254,0.03663416680171355,-0.022981454596582563,-0.004819253362816032,-0.03161663498354695,0.00404748819290092,-0.0034226907258275863,-0.033174472800026895,-0.007225411422329444,-0.26102689326404294,0.008740716621659223,-0.08933222386391687,-0.04119618586158057,-0.11400764337044589,0.12686364335030934,-0.040162932543469435,0.010872171089418856,0.09835342092888044,-5.058479464851056e-15,0.055069830835037976,-0.14454717196268188,-0.02827740250317582,0.03823926484208445,-0.08461608363161106,0.015257036401890444,0.19008895455497613,0.023136972258626154,0.03367309053345763,0.25088507141451233,0.15441446036951523,0.03762417143752595,-0.12683049350283127
83,-6.981554883492852e-25,1.2293354817745656e-23,1.918744925033354e-23,-4.024920194520788e-06,-1.072651873027141e-05,-5.703003191981077e-06,-1.6625355773634458e-09,-3.1591283477444556e-08,2.8349209712778443e-12,-4.65828155444185e-09,9.35066160310205e-08,-2.7167511847752952e-11,3.403962935770768e-08,6.7650081154035115e-09,-6.164023391542681e-08,2.6668451578657025e-09,-7.789838887868841e-17,-2.2110264038173716e-18,-4.4666039986765666e-18,1.3459026333639924e-09,-1.4001997845886457e-07,-1.6387556325890235e-10,-2.5052515512516654e-08,1.4813219322209882e-15,-1.449355074010202e-08,-1.1304123518048886e-07,-3.193451961686907e-08,2.344721337615165e-06,-3.7146656195504075e-05,6.991981818613183e-05,-1.3736398129460712e-08,0.025459832214891565,-0.002316447797767245,-2.5972765639962106e-06,-1.0707997142245633e-05,2.961986128139946e-13,1.00728489958418e-08,-8.083375719980272e-08,1.047095201049136e-06,6.334167567961593e-06,1.0729809111835558e-07,1.8401406594914388e-10,8.383477444994122e-11,-3.0128400989042157e-10,5.159299650321104e-09,-1.7869729594981277e-05,0.0008165722431322403,1.6155302576040666e-05,-0.004372389506650027,0.0003816436223290314,-0.004911809187056648,9.507435954929833e-06,0.003397109289667895,7.725554715829158e-05,-5.477420783501958e-06,-9.566303182274058e-07,-0.008968831622152664,-0.39233880234628155,-8.616001743461991e-05,-9.349753277910036e-07,0.00024317800249126174,0.003277690898560414,0.004160537913255668,0.0006045273705486794,0.0013186117448252164,-0.002176648706578259,0.0017310635594628523,-0.0003212451067497383,-0.009092365026972724,-0.00030471774175445845,0.06396741480271358,-0.7849320803728788,-0.022049402679837213,-0.0006892995984689174,0.0002484536564003516,0.0017948202267834637,0.014353509784255813,-0.008636277228013729,-0.0003811249593998697,-0.26541504202337945,0.005945995406987099,-1.0092409197829473e-15,-0.02383593861020331,0.008229637276333515,-0.0023315281136553705,0.025435073800372323,-0.0210313599564268,-0.0013490183645356885,0.04903945643769364,-0.012636511307461754,-0.00012591624069441097,-0.003772942934785989,0.05146391597961896,-0.3799321193258244,0.048890540137988846
84,-8.564924120725779e-25,-8.191275235535426e-24,3.017163676860344e-23,-4.937727519798525e-06,7.144398743197064e-06,-1.1119709735608347e-05,-1.9169276088148547e-09,-3.632644269469294e-08,3.460341659925929e-12,2.5664873354998666e-09,-5.0844343839532936e-08,-2.376620864182465e-11,4.22385028244168e-08,7.077255098529063e-09,-8.410659792819068e-08,3.787869087795816e-09,-1.4448044583737511e-16,-3.812488604747937e-18,-6.728048818778355e-18,5.726247549004388e-09,9.334251314883465e-08,-5.903769744260516e-11,9.01201361106786e-09,1.8147824737042895e-15,8.998291080327154e-09,-2.1354353332874865e-07,-1.8769714162290365e-08,1.0981333308195557e-06,-9.176790123847536e-06,6.768763808967323e-06,-6.217871947724764e-09,-0.022279423660170036,-0.010518176471973263,-1.8450696872016203e-06,-1.221304220690925e-05,6.93601395346044e-13,5.7817953719737695e-09,-8.013512778312663e-07,-8.261275857225244e-07,-9.06617932693797e-06,1.8525321673352963e-06,4.141643223810906e-10,1.1868799628451861e-11,2.450074156977643e-10,-2.4091741788810007e-09,-3.867291099966414e-05,0.001687238121024629,3.990510541921494e-05,-0.0010388630748839932,-0.0041046753750622715,-0.002741483927761033,2.8750951163408033e-05,0.00431749062156869,7.547850294640091e-05,5.169948869704152e-06,-1.1210340161297626e-06,-0.007495687449314288,-0.40985048618793757,-0.0005790747429975251,-9.123770340324632e-07,0.000185638896256724,-0.0028818107472563894,0.00010956667039832536,-0.00035093669391938635,-0.001393739450141552,0.002698499623136879,-0.0019035295913268037,0.0008332491996402723,0.005090256696836331,3.1621506923005804e-05,-0.04654454300708685,0.589089180696416,-0.06963653897174586,-0.0006137112624359768,-0.011638960518109788,0.003138606007480916,-0.0007201181694694732,-0.02689991023488344,0.0021787374448347225,-0.5666897649518446,0.0034919777089640024,-1.585038101368864e-15,0.016523868504481738,0.005386684106967318,-0.0005609942079271951,0.017624335423581085,-0.02447313964365298,-0.002936803926243775,0.06236836104064417,0.010576811754807076,-0.003588932137335013,-0.026067563533771945,0.04134392781405883,-0.3798942101851273,0.057051514594286076
85,-1.0057679768328447e-24,-1.5622789144096076e-24,-7.131653118272038e-24,-5.798336389176552e-06,1.3608156650155356e-06,1.3426834785891078e-05,-2.2642762894611263e-09,-4.2924031086528414e-08,4.043971335761602e-12,3.3809946318502035e-10,-6.42406849372348e-09,-3.0997989521166714e-11,4.908612705726289e-08,8.453460565582738e-09,9.429197628238666e-08,-4.290476586297826e-09,-1.515724709527484e-16,-4.187437894312404e-18,-7.576524540622657e-18,5.259411218587123e-09,1.5866433433769778e-08,-7.497900830235172e-11,-6.982903131044057e-10,2.042290625798872e-15,-4.202681710787609e-09,2.5781612695656796e-07,1.3032252225682648e-08,1.5066435511008018e-06,-1.539276656838481e-05,1.8144861350482934e-05,3.2262947993389006e-08,-0.008363997091704984,0.023079093557784744,-1.62068887108802e-06,-9.697633761561487e-06,6.177036832968029e-13,8.0717199202049e-09,-8.092348340344124e-07,3.3440295238586916e-06,2.1436746890877822e-05,2.524583693438874e-07,3.931830800076368e-10,1.3846756981012624e-10,-2.2435306202626374e-10,3.916452172635163e-09,-3.922945007103852e-05,0.001802117492985928,3.2725474602600976e-05,-0.004517028329100029,-0.0009178314357564052,0.0008055383018951345,4.392080973067636e-05,0.005754507127913025,8.907253507272153e-05,4.302555237624579e-06,-9.571044354499357e-07,-0.00962612694349782,-0.4593155821309019,0.00039343783560831047,-6.834535883081902e-07,0.00020217351332383878,-0.0005699855654595887,-0.003731158594642502,-0.0003365175704771022,-0.0004036747680607807,5.16213670493269e-05,0.00020534071876244877,0.00023293346223151215,0.0029106813300722035,0.00032699096378289045,-0.01364680373501944,0.1646226284387243,0.0976507991864711,0.0001146469248952957,0.018302984260977595,-0.0017028993371122497,-0.00574418686436556,0.027173056042699022,-0.004781461060765907,0.7667196523619886,0.010684454622322781,-1.1313144548655937e-15,0.008414790122572267,-0.01673005160528108,-0.004864264038976946,0.019176278144818214,-0.022351984586284922,0.013126372057334943,0.07053603139789204,0.0025401795153089214,0.011107192268908743,0.02907912771718215,0.05608039179142064,-0.3879857680954167,0.03580070882356939
86,1.0122123736808877e-17,1.457100269884092e-17,-2.3444208270598013e-17,9.857224463196134e-12,-2.14890956486717e-11,4.739206921503196e-11,-3.710299844061602e-12,-7.606479313892152e-11,6.673145825403739e-07,6.686661499800215e-12,-1.4033476854090246e-10,-2.1088810244594227e-06,0.00478502017580712,2.058666890875395e-09,1.665702730743191e-10,-5.886864336212066e-11,-6.504071551588696e-12,-1.3651473835751523e-13,-2.2441057706116165e-13,0.0002954750048665805,0.0069374952504597425,-2.0027506078319284e-06,6.5855763812324415e-09,2.5885345307634704e-11,0.0003318853506395685,-0.010724901685407724,-1.4419190320610182e-08,-4.941340251860739e-11,-8.365042883713594e-08,1.4456062986711514e-07,-0.00025939475443682614,-1.6525031649498004e-10,6.96562949696672e-10,-3.5803741816145316e-08,-3.2416194884583883e-07,1.0024252251611697e-09,8.601547258719853e-06,-3.041058036690318e-08,4.301351986419499e-08,1.0797889736133633e-07,1.5233640928027055e-07,9.185241553867501e-08,-9.064643738631922e-08,1.3545646376364198e-07,-9.708699070386847e-07,-0.0031179584992066635,0.00033275065349482524,9.762032315858137e-06,-0.0005052731857664677,-0.0028726888634260112,-0.001088328092725165,0.0005368393760679851,0.003164289231553665,0.00015479686294454068,-0.00015650534317375678,-7.198904789919086e-05,0.00733718506060099,-3.9105449929932415e-05,0.0010875725302190175,-0.00011909401155401805,0.0061232835373182986,0.005798488434061601,-0.013326874737189987,0.13237159368810206,0.34034801725119795,-0.3784548919307192,0.3386612238943052,0.09403193987559996,0.20615351172360424,0.01753307710987838,0.03306335299143197,0.007259700099921439,0.13873130455706725,-0.15905212801884663,0.15673340152217796,-0.20376422244609224,-0.03254130798578226,-0.09469451386848475,0.4437548465478017,-0.022217282422788732,-0.098630304349145,-1.2958054324852335e-14,-0.1499253597782488,-0.2368225695265943,-0.16366420632826345,-0.038466605851518024,-0.23113731055170336,-0.05542556336210145,-0.011953270866669299,-0.016292937196865757,-0.168146796832491,0.16165150638520806,-0.08829653261967926,0.0027432170019650714,0.04087207160741676
87,4.995843839518906e-18,-8.921750988070014e-18,-3.7411300784860564e-18,0.000261548459312253,0.0006977555262754044,0.00037131806954674107,-1.1862624271137904e-07,-2.248717438944096e-06,3.399483280309327e-07,-3.3636592078195663e-07,6.737889024971213e-06,-1.6482267784223043e-06,0.0024104521384230486,4.6704128055330645e-07,-4.4482842025363475e-06,1.9292870679677503e-07,-2.070170590166049e-12,-4.809845899432629e-14,-9.28876360334044e-14,3.602244677996813e-05,-0.004398125140917573,-4.127902590572137e-06,-1.775054527156397e-06,1.600998166195112e-11,-0.00018682006134587134,-0.001742369274937383,-2.275756831712543e-06,0.00016437132272511073,-0.0026327846253205393,0.0049878467276726806,-0.00010046351811307324,3.816334203434359e-06,-3.307210331899874e-07,-0.00018569816247003697,-0.0007554908918054451,2.5097091586736717e-10,1.9110503898240274e-05,-2.10988651861344e-06,7.250564724110698e-05,0.0004487387967093721,3.61295875378755e-08,2.6355762034380096e-08,1.435158252435849e-08,-1.2128782305629888e-07,1.8674211963703964e-06,-0.0014181095530044164,0.0468890797829783,0.0008759935305016644,-0.388493318210784,0.16978990127815152,-0.58333061018586,-0.0004200449164035929,0.05545732092299246,0.00014986112607097467,-0.00029953779518971594,-6.95215250538638e-05,-0.05027184580555943,0.008093368699669432,0.16623909324607222,0.00020651520192585855,0.13079910442156692,-0.34351994357004506,-0.27911223747579594,-0.018962633378093192,-0.0029943890383967164,-0.016130332953168573,-0.002634999001274545,-0.03143695669588286,0.005338328047400744,-0.000699938905761846,0.035131699917317155,0.016459138921733077,-0.12971434496921927,0.010704147541968403,-0.0804510163077366,-0.02910874466341242,0.0018809844145101552,0.06308148162973842,0.014462308135251805,0.02229367613299304,0.018971713456395208,-2.613499290926884e-15,-0.24945666461101998,0.1610096650887992,0.003617685508346963,0.17075884452719134,-0.04986547950002937,-0.10965705764764237,-0.15968241595831625,-0.14923392745480338,-0.07641333182611022,0.01797483967938715,0.09269531210915098,0.001288966921586489,0.06750269652341714
88,6.129420371386372e-18,5.84194778438476e-18,-6.901227025229166e-18,0.00032088139166344085,-0.0004647652418757953,0.0007240158891877669,-1.3652597268749733e-07,-2.580965524154269e-06,4.1585242785990295e-07,1.864267609871427e-07,-3.6870174824091585e-06,-1.4351964165444986e-06,0.0030010296948487433,4.873521004640541e-07,-6.122590024933858e-06,2.7630457052293094e-07,-3.9481559331291264e-12,-8.545335553921714e-14,-1.428894834535992e-13,0.00016802867007576936,0.0029453419523802205,-1.41970467151817e-06,6.546430062356216e-07,1.7376690462490107e-11,0.00012252783105896008,-0.00331224653166079,-1.3399108117638467e-06,7.402341570967054e-05,-0.0005999973382649972,0.0003978043866156445,-4.956354407628862e-05,-3.5285142375756e-06,-1.5934146621565676e-06,-0.0001282686864745954,-0.0008696614601408328,7.372870820041237e-10,8.622714240815554e-06,-5.832457351183709e-05,-7.862088365161609e-05,-0.0008283032066567844,0.00015060169130628776,9.739031674005422e-08,-5.808100974569872e-08,8.360400020265704e-08,-4.231788261837529e-07,-0.0051896616835904194,0.13090724447623941,0.0032400599181405996,0.0972379860663289,-0.47930697530437016,-0.22874699189820685,0.0029770937420146868,0.2061355108765819,-0.00038636220852770456,0.0008822429986884982,-0.0002018303332587015,0.5012157543720318,-0.004858569691331079,-0.13005804059504636,0.0003972198466055586,0.2716246625624734,0.1465925814398111,-0.10563405555749275,-0.004582381593973991,0.006399851845235157,-0.02537351225752263,-0.009933051543778297,-0.057252647048618405,0.005430154093302512,-0.001067769485330213,-0.07468459807609704,-0.021305616110647387,-0.1734564161530117,-0.013735019054421205,-0.13309205892322387,-0.027138280287740735,-0.118290178200815,0.001990822843011839,0.07143051529527969,0.040595877940682125,-0.028998023177056364,-7.497729499380073e-15,0.15729232696812692,0.045343830948523886,0.019754995399383826,-0.0019986960037574743,-0.13085749980164416,-0.10831364004922041,0.08607517695157053,0.10894188040803027,-0.10666062189851659,-0.24696711639607516,-0.07990501913486894,0.0279426289442386,0.19717008739557573
89,7.196636190025024e-18,1.0473890121618375e-18,7.286024417414837e-18,0.00037681345068063044,-8.853865419302653e-05,-0.0008742804805868895,-1.6123975170085926e-07,-3.0493177954284496e-06,4.862549199837606e-07,2.5841113961794377e-08,-4.926032281834397e-07,-1.8782413720229993e-06,0.0034893084289598945,5.823408510015521e-07,6.934196548997792e-06,-3.1586168073977034e-07,-4.127049089331714e-12,-9.363606018499914e-14,-1.607542279174762e-13,0.00015316776418927117,0.0005069193374698923,-1.8052140009287738e-06,-3.3165614654412914e-08,1.9810018373277392e-11,-5.2825312262258656e-05,0.004014582912434971,1.00630494900258e-06,0.00010233256651605933,-0.0010314811273919489,0.0011857485869259008,0.00021682644088387033,-1.3787528999358212e-06,3.6704539627529076e-06,-0.0001094873489848995,-0.0006648371240524837,5.947816369979602e-10,1.2999820206163283e-05,-5.854684155192758e-05,0.00025699637273473425,0.0016994192453741023,1.0234395151854635e-05,6.64823850806984e-08,7.317937429203779e-09,-1.2048698187924338e-07,2.028965157740362e-06,-0.004059913554322264,0.1383597111962279,0.00242295851766093,-0.3715241515376733,-0.0025755934245294512,0.3532415831225721,0.005746881597401997,0.3985441422390441,-0.00021963440745753878,0.0007130564437196287,0.00022643547787818313,0.22029963284641585,0.001889478801874858,0.4536189990780804,0.00014666959574622,-0.061896303820705136,-0.053962748297672815,0.15170272288187,0.004248230880444878,0.013390719338505427,-0.022825811822201534,-0.006330355000317849,-0.04301981092760565,0.007557230657203502,-0.0019511738612186004,-0.03462504904465865,-0.007918869895342328,-0.23501949345713521,0.001808817410064392,-0.09943114308356853,-0.04553634971547141,-0.12443112727334786,0.12692036242395838,-0.05440214583524396,0.005302037244658846,0.10279857484116152,-5.204465621454893e-15,0.049854710395654186,-0.15602431222845112,-0.01942144357659379,0.0317307773402045,-0.08451539862023036,-0.023628411715243658,0.16616570091320929,0.024903758859884863,0.003307791679463899,0.24824384680682782,0.12729997961035494,0.03146377613790606,-0.1256808165400972
90,1.8375324499220372e-25,-3.334127338821077e-24,-5.22056606269228e-24,1.0965666812440039e-06,2.93218450010154e-06,1.5649002979162526e-06,3.943736944450022e-05,0.0007275724678372558,-4.345325314576162e-11,0.00011126708759575764,-0.002164742134024429,6.530482628353597e-10,-7.721045079856244e-07,-8.282127452586905e-05,0.00134453895003908,-6.077982514288859e-05,4.8284857319195665e-15,1.7276681459532387e-16,3.581618764982271e-16,-1.0829104986649398e-07,4.471871445208435e-06,8.132012781222031e-09,0.0003075310696211527,1.8536685318772653e-12,2.2598990842328754e-06,7.4226581144566e-06,0.0003325042913336377,-0.017804976175007738,0.2866098247550733,-0.5509222527926656,-1.3437771796009666e-06,1.1390940692009437e-05,1.5096413506218547e-06,0.017413454405854102,0.06610281886725866,3.220663322400509e-11,7.908531921185382e-07,-0.0014539690166411221,-0.0019044719438256964,-0.012884213086669923,-0.0013754759375049458,2.7466793545731414e-08,1.2640875747201077e-08,-7.051133317912543e-09,5.456222002022594e-08,-0.0029482362132070084,0.14041087315441803,0.0022134827735528265,-0.1236751465542195,0.12480714065307058,-0.1283645816720178,-0.0013123994426350557,-0.07234462144139182,6.738858165824408e-05,-0.0001554039939110266,0.00018935900206639065,0.10786516133553427,-0.0017055709177691502,-0.13905516406904794,-0.0002719114610826597,-0.22152632383263218,0.43381006095873453,0.35645612396521126,0.03234017029717486,0.0208453905442121,0.008267698264584289,-0.01282440818939191,0.0006878617739888481,0.03349478698490348,-0.0010526765832870573,-0.012190007287288357,0.012110169582569517,-0.10273618777657999,-0.019111766719063453,-0.05131495952459181,-0.016270826877484518,0.027552781435332827,0.05972240481329734,-0.0010697352666909497,0.017826411011054203,0.021618049352369547,-3.015837894536292e-15,-0.16357656968634926,0.044253026302750804,0.005286532154370353,0.1565618933008228,-0.055574633039079745,-0.04626036493093309,-0.16501288298246425,-0.08628942618863304,-0.024848482827336947,-0.02111642137208485,0.13489463109553207,0.010788820128145213,0.0834088627573063
91,4.759014763611055e-36,5.232896382713576e-35,-1.9312369464572544e-34,3.298696991445961e-17,-4.737433960846598e-17,7.542066939363487e-17,0.009599948113069747,-0.0005962657764571998,4.062070723241932e-15,-0.014102719819903483,-0.0008425281512720353,3.869456072492038e-14,-1.8611440768338352e-10,1.0869457296805412e-05,-0.0011946275114993938,-0.021904079219786498,6.930430522158967e-18,-1.0844759430527234e-17,-5.554952203738936e-17,7.548633318701604e-11,-1.1779560087530152e-10,-3.228310432320425e-12,1.1990460583243554e-05,1.1638641610832957e-13,-2.5120791496666765e-08,-1.0728924570479238e-08,-2.229107765967147e-05,0.04972439538517834,0.011024482663975403,0.003653374275308406,-7.484409141182965e-10,-1.2352232378778673e-09,3.567813516698317e-09,-0.07651732980443582,0.01742494072624295,-7.87040612780307e-13,9.629943355864529e-09,-0.013719998093756158,-0.11262011883632543,0.024234979445342576,0.01694091345401183,-3.840126090594987e-09,-2.5379001481669663e-09,-4.097645663139596e-09,1.146622139961128e-07,0.0004922006500087468,-0.025275168014171984,0.04129938074561793,-0.27312513040130104,-0.26867685708976013,0.10224429305665132,-0.008352632928190976,-0.6322224232596185,-0.0007785167176648262,0.0002759242062112106,-5.4838350640828865e-05,0.08599494279016522,-0.00608319834926092,0.29102588290975473,0.0002294590596880776,0.13367064620214988,0.15031258083557797,-0.08974284783274543,-0.0038808967390833904,0.0030023336451629004,-0.059364518225714695,-0.04875477868244045,-0.1900481536125802,-0.00867174837661819,0.0005346840706094471,-0.17796693596248142,-0.009582791235281017,0.08486021903715553,0.04183756675180957,-0.03236377662990419,0.02219301532727569,0.09390974821636472,-0.20931108640223534,-0.10388123834969176,-0.0070103014701485495,-0.0027263566751498805,-5.149418536959745e-15,-0.10967308234187938,-0.015904201367810487,0.07093786500936396,0.015663859844891933,-0.08773747159126899,0.07370185985790913,0.11980570453736787,-0.07506582962094982,0.07540274149873766,0.16260002311581706,-0.04325931375987326,0.04765411229501792,0.20473433814236575
92,4.123210240493429e-28,-4.196985645077865e-27,-9.538273939616293e-27,2.459886301969202e-09,3.6915539289911652e-09,2.1465903024196342e-09,2.4057925847704088e-11,4.70678226183467e-10,-6.716658150748608e-14,5.2057479351523046e-11,-1.0911507940089223e-09,8.122055439677228e-13,-1.0324574915168283e-09,-1.9275336835857081e-10,9.719481067376065e-10,-3.943519127870016e-11,3.6891750119136126e-18,1.068014005651102e-19,2.1527745233542708e-19,-7.9219719936708e-11,4.594663221203408e-09,6.85608228408737e-12,8.345403780206357e-10,-3.086789686988672e-17,1.3450000938799548e-09,5.605716226746703e-09,1.918365197147662e-09,-1.6824667606569183e-07,4.200158884742338e-06,-1.2193589479196336e-05,-1.535033638164224e-08,-0.7808367168720712,0.2279045766826931,1.7415110302476482e-07,1.7000190846557202e-06,-1.3888456658878135e-13,-1.3529242893410599e-09,1.4578806700076052e-07,-2.2194910793914e-07,-1.2514232926156822e-06,-2.1711057589854662e-07,-1.1507165547079746e-10,-2.8928288879716564e-11,2.8233914473490264e-11,-8.102166737970375e-10,1.1475316334765792e-05,-0.0005226791097087102,-1.1390868678350209e-05,0.001986296652246994,0.0010477632649484047,0.001355697550793076,-2.16677308045154e-05,-0.0035445898030833562,-7.511397435082436e-05,-1.8543120749584463e-06,1.5654077550905486e-06,0.008649087828987457,0.4003677710801656,9.602532233002063e-05,1.3912144894053367e-06,-0.0003342090049351651,0.0008697693487387843,0.000907415485361797,-0.0003799090050123534,-0.0007221255269626548,0.0005849010347388907,6.005637247423637e-05,0.0007599392351188416,-0.0006307920795736361,5.5173082292377036e-05,0.0023011842420023352,-0.01897556664912113,0.008734484883092091,-0.0004301212960355693,0.004499720965173111,0.0014410485710016348,0.0035777389951435236,-0.002706437181650944,-0.001274869058922897,0.007247379260804023,0.0069488993048891666,-1.0486307681399698e-15,0.00041744945760903673,-0.0017615081845851195,-0.002883705523673654,0.0213686857573759,-0.02308036970513159,0.004218787837775096,0.06436823395404702,7.014346456660903e-05,0.0034258547323792734,0.0009629605000542708,0.05248329370285541,-0.4086723373118182,0.04931523148669337
93,4.641361317534194e-28,2.3755873989380276e-27,-1.3108040693787834e-26,2.7690836806479756e-09,-2.0871970613276895e-09,3.901640411257375e-09,2.6943344512269484e-11,5.268623374957826e-10,-7.860037696338874e-14,-2.2141315427186545e-11,4.549123055849478e-10,8.046524562402273e-13,-1.2422415005608114e-09,-2.107021867685363e-10,1.166285646805292e-09,-4.947536958268684e-11,6.626420673543155e-18,1.9622466947363001e-19,3.565035166391531e-19,-2.4482117047815576e-10,-3.041559966318734e-09,2.964871141885774e-12,-2.511400587225058e-10,-1.4139856120295032e-16,-9.507805452558002e-10,1.0944535680180262e-08,7.850645621242296e-10,-4.49675991413677e-08,-8.963338161700169e-07,5.508038255692533e-06,-8.336160499056239e-09,0.5932451445935971,0.5588781857673499,3.213937535320286e-07,1.3482713399365419e-06,-1.0963430695487248e-13,-1.62315960147594e-09,5.778684648482685e-08,-3.5358001323779546e-07,-2.208524775768701e-06,-1.0696355810625317e-07,-1.0077306374741123e-10,-3.1662555999775206e-11,5.28436414661167e-11,-1.141153479398758e-09,1.0179758672603648e-05,-0.00046784310206051706,-1.0022218834257134e-05,0.0021026809816944167,0.0008503512817543343,0.0014470232997576824,-2.0621152506073292e-05,-0.0034719404591173706,-7.459404106617693e-05,-1.4104173565791348e-06,1.55059671988219e-06,0.008642276125727473,0.396586396965886,7.833482229705064e-05,1.3851799892924064e-06,-0.000334588757870758,0.0006409645576568025,0.0007446922801569048,-0.00041384471403030197,-0.0008162545330621232,0.0007525486086418811,-6.545263246548674e-05,0.0007983779489184089,-0.0001319189192352955,6.772531240668515e-05,-0.0015257218656632503,0.028632871486105757,0.007460067112923698,-0.0004256685490286036,0.004151553623967327,0.0014748098197781348,0.003037864268999246,-0.003210828753749916,-0.0012033324968379689,-9.033591266161808e-05,0.0068822694877892325,-1.297879399229533e-15,0.0017966372435219773,-0.0019110943704555466,-0.0028328715725372752,0.021105400057479472,-0.023190722675323332,0.004199507729405851,0.06483077658066955,0.0008543600501655528,0.0033395582557307407,0.0003259180062942658,0.05216624734647541,-0.4086142169047963,0.049535521764328586
94,5.322211744758941e-28,2.2032089915845666e-28,-1.5121548348936093e-27,3.1753793012083012e-09,-1.9195716458443647e-10,-4.004634676267536e-09,3.1730370240671634e-11,6.211527829390211e-10,-9.378402895437105e-14,2.319743710196222e-12,-5.536095936299583e-11,1.0471634532595657e-12,-1.504035981806218e-09,-2.6003477854684004e-10,-9.465514248695218e-10,4.1687789016632324e-11,7.894193400255621e-18,2.4512524478718205e-19,4.599749985603627e-19,-2.6065130226354715e-10,-4.844133846692693e-10,4.955785800387903e-12,1.1806553597724883e-10,-2.6717378904525483e-16,2.687110503747417e-10,-1.4303748852548024e-08,-4.812003165576351e-10,-1.4419658161956997e-07,1.5938997044107524e-06,-1.1376579707223085e-06,2.2383348393786866e-08,0.19271659166499389,-0.796910304453223,1.7930658181381522e-07,1.106063898183073e-06,-1.029690595914767e-13,-1.2509376781115088e-09,4.301389967268213e-08,-4.427053919052045e-08,-3.5236031619668745e-07,-1.7130707036585503e-07,-9.610274424360257e-11,-2.542669745052855e-11,3.294998624447988e-11,-8.575765599044843e-10,9.629800874770231e-06,-0.00043963402818233727,-9.808480532651458e-06,0.0019191604380505492,0.0009332238991173924,0.0014994578778492831,-1.967772184999434e-05,-0.003339640452458239,-7.241832458387049e-05,-1.4396228053319683e-06,1.5274472370402427e-06,0.008379582564504544,0.38587570142177335,0.00010477603372709195,1.3669194310153267e-06,-0.0003279864878609455,0.0007124238272494492,0.0006542054712381204,-0.0004066242260443815,-0.0007769194886600821,0.0006672258554739823,-2.0217661457201484e-06,0.0007746838269884761,-0.00022913859408737577,7.337839452461505e-05,-0.0003783582593303599,0.013927712231162416,0.011550351596447633,-0.0004086261053795894,0.004882606480166378,0.0013520636875952727,0.002958717295529139,-0.001865219274126717,-0.001371089193634181,0.03246558174119604,0.007053904203869635,-1.2777097863931055e-15,0.001473885310837466,-0.002413054270370287,-0.0029356226007395112,0.021160208433433074,-0.023126473850604512,0.004570580924964528,0.06494277276588835,0.0005906041811176297,0.0036865819904790768,0.0016802249830745759,0.052512976380505644,-0.40855703275293975,0.04899788239976251
