,0,1,2,3,4,5,6,7,8,9,10,11,12,13,14,15,16,17,18,19,20,21,22,23,24,25,26,27,28,29,30,31,32,33,34,35,36,37,38,39,40,41,42,43,44,45,46,47,48,49,50,51,52,53,54,55,56,57,58,59,60,61,62,63,64,65,66,67,68,69,70,71,72,73,74,75,76,77,78,79,80,81,82,83,84,85,86,87,88,89,90,91,92,93,94
0,(-2.0056733993230142e-16+1.0035467992278061e-17j),(-1.8139222369701134e-17-8.971638760078885e-17j),(-0.29297261639727357-8.132387778805872e-05j),(-0.06667331517204216-0.00018526556204023423j),(-7.08950723859581e-05-1.8438165411088674e-05j),(8.682270558271409e-17-7.81455227631489e-17j),(1.170444766723603e-16+4.690391248937284e-17j),(1.7997437379596754e-16-8.651382045590952e-17j),(1.2776947968751255e-17-8.210637890290726e-19j),(0.7399783223259977+0j),(-0.1682858656195221-0.0003534744083765612j),(-1.5365407765371073e-16-4.7640178911919655e-17j),(-1.443465883388697e-17+2.910227923984868e-17j),(4.6296971785314717e-10+4.850925452817759e-10j),(1.7301247848626154e-10+3.416373001092628e-11j),(-1.750072647820685e-17+1.0147143014406814e-16j),(-4.471526089157021e-17-2.0310984625267104e-17j),(1.0617444192013498e-12-3.4116034375837826e-14j),(-1.9997077765323717e-16+9.97968358590783e-17j),(3.611548343882204e-13-9.182950172954501e-15j),(-1.8163942238482923e-09-5.768432599573905e-10j),(1.0008882241893569e-09-5.244431917080538e-10j),(-6.915239864622418e-17+2.72076870052448e-17j),(-4.1560913873349927e-17+4.595301706553389e-18j),(3.574957587688434e-17-4.5632330307213813e-17j),(4.2835607942997383e-11+1.2184601083008278e-10j),(1.6454054850397403e-07+9.505730346096576e-08j),(7.037495505031739e-12+1.8405597230081247e-12j),(4.281488105997141e-08+3.0080929524920714e-08j),(4.054423032993609e-13+2.1045292623326187e-13j),(-4.3309235442385855e-14-4.272592511441422e-14j),(0.018978525938911375+0.0022272461513626746j),(0.003497275929534624+0.0003023303071464161j),(-1.2418387163364148e-07-4.697128295121579e-07j),(8.324776137205957e-14+1.092554392621274e-13j),(3.327342777567937e-10+1.4825199371260861e-10j),(1.4818379667660003e-12-2.3039844692229916e-13j),(-7.55966500071943e-09-1.6010965116187707e-09j),(2.125904999124281e-13+3.412078385914691e-14j),(3.080298782725751e-14+8.228084094291217e-15j),(-2.5051007842933846e-14+9.070601203502724e-15j),(-6.516060862285994e-12-6.927471275299675e-13j),(-9.298788284719415e-14+2.4818750627873044e-13j),(3.7690744999217915e-05+1.269319200962105e-05j),(5.636432468993518e-14-7.295689686114812e-15j),(6.872508391871844e-13-1.19556822303332e-13j),(1.0741305695444449e-11-3.878122145854613e-12j),(3.8282730927369335e-06-1.0210096544404996e-06j),(8.157715743392463e-10+8.762461792556552e-10j),(2.8389304044933054e-06-1.5810002434567662e-06j),(4.211079285316218e-09+4.496866400806764e-10j),(8.987025086522451e-11+1.2734883119490643e-10j),(0.0031433719793291306-0.0010571063491859373j),(5.14708792010903e-09-4.382832103958516e-09j),(0.009873870108792942+0.0012408187989819456j),(-8.297527058415692e-08+3.93878647719951e-08j),(5.687297475396797e-09+4.5346060254366135e-09j),(2.1971197073072052e-08+1.2236974339072e-08j),(0.00308425188562464-0.00015946246211520084j),(-5.72580548676856e-08-6.4526531344395e-08j),(-3.2474094396205604e-08+5.518026989567314e-10j),(1.574130911416685e-06-8.952857711475211e-07j),(-0.00023964358167360105+4.236919136426859e-05j),(2.702652065310221e-05+4.606308811674894e-05j),(-0.0008220947666999789-0.00010327425173471986j),(-1.4066004521791067e-05+2.9790232509571483e-05j),(-1.773226525412513e-05-0.00023984363313565689j),(-0.00013056110013213835+0.0001248690672370304j),(0.00016685535056955544+5.4720763005211155e-06j),(3.658187135430112e-06+1.362152379910572e-05j),(4.492006230259258e-05+1.5314389552358388e-05j),(-0.0002318453452263011-3.178816949671751e-05j),(-1.1221574842888107e-05-1.3072476338761649e-05j),(-9.890816882364425e-09+1.8941627313113928e-06j),(1.245669197934054e-07+2.8841342615991e-07j),(9.104999832447147e-06-2.5000067610566462e-06j),(0.0001405661413671444+2.783515812138392e-05j),(0.00015797290493104794-8.05847446158853e-06j),(2.4518305633225012e-05+7.39191218206928e-06j),(5.135552630827009e-05-4.239020309771634e-06j),(-0.00011854661580888957-1.2993096953336387e-05j),(6.473913408865281e-05+1.2550037890900817e-05j),(-0.00012376291222906152-3.087070796281096e-05j),(0.5773502691896253-7.424616477180734e-16j),(0.00041866032237942866+2.255674550260948e-05j),(-0.00029351595367814676-1.532627661295186e-05j),(0.0003570092360641444+2.4063219420638156e-05j),(-3.8094615910027507e-07+5.123203708727239e-07j),(-0.0004084574079236519-0.00014177620744236426j),(4.992928960205273e-05+2.185668975882084e-05j),(-0.00022215094894752657-1.4257161896266883e-05j),(2.9139848257925517e-05+1.691063900598559e-05j),(0.0005245734659060595+0.0001467608223776065j),(0.0002883169147104983-0.0002462617267370887j),(-1.5483037006064548e-07-2.259219720032089e-05j)
1,(4.696055811417954e-17-1.3045270522810264e-16j),(-3.0056003603413944e-16+4.167356784183543e-16j),(0.08879538758407016-0.00010833183263891932j),(0.2872774847461963+0.00021272109952566454j),(-0.00021309746109227133-6.344853932774976e-05j),(7.62630850345572e-17-1.5238806136545167e-16j),(2.6756757702896974e-16+6.474037559899375e-17j),(-1.8018222346313899e-16-1.0194699457938599e-16j),(-2.0330486338832947e-16+1.4875295471283623e-16j),(-0.2242519926243259+0.00034621111804148536j),(0.7249936639302919+0j),(-6.922114133184592e-17+4.4217713121303767e-17j),(-5.3490922954119365e-18+1.5651021968158224e-17j),(-1.3885570763233213e-10-1.4477930683790495e-10j),(-4.706167944871352e-10-7.406033870922525e-11j),(2.3502369514640163e-18+5.3025796170487506e-17j),(9.53020158777065e-18-2.0075214830981497e-17j),(-3.546643653238257e-13+6.100738291566929e-15j),(-5.829942117569422e-17+4.470528456999726e-17j),(-9.408453396691821e-13+1.0075814530989916e-13j),(3.906722137288705e-10+1.2533392278695058e-10j),(-3.437007453587685e-10+1.7843499132752575e-10j),(-2.7445176661410213e-17-6.507413869567688e-18j),(-2.5158296119996928e-17-3.309310070527471e-17j),(7.078281305540978e-17-5.169014205311278e-17j),(-1.2289734519251305e-09+7.267379977529644e-10j),(-4.545425631564366e-08-2.6857638739936495e-08j),(-2.049369939434907e-12-8.743906396369247e-13j),(-6.82090870100242e-08-2.987573500560934e-08j),(-2.2316632512466356e-12+2.2305678610760944e-12j),(1.2181348810948832e-14+1.0307119115066748e-14j),(-0.005726525999020393-0.0006539572093229617j),(-0.014947848568343948-0.0012111713479644676j),(5.23606644690369e-08+1.4133292844523801e-07j),(-2.4653162309441554e-14-3.155834842591959e-14j),(-9.591135200141655e-11-2.19174801421178e-11j),(-4.443516387248594e-13+7.319017170794734e-14j),(1.888676160278522e-09+9.549209328197231e-12j),(-5.621623555137965e-13+2.5954613149858663e-13j),(-8.544512737829773e-15-5.261910909645217e-16j),(-2.957799777096374e-14-1.1040165523044476e-14j),(1.6682501289042785e-12+2.612873664384537e-13j),(2.3093887397918518e-14-6.326133900916099e-14j),(0.0001927269184841847+0.00010933566274750584j),(-4.753879263146642e-14+9.1725238630537e-16j),(-1.8579930001298576e-13+1.1414587143238608e-14j),(-3.776069386136537e-12+1.3524238018948555e-12j),(-1.095223892803136e-06+2.852938406840944e-07j),(-7.061883321558413e-10-2.8981985714306637e-10j),(-1.8921720935821903e-06+1.0719993430907985e-06j),(-2.269810426940451e-09-2.855033058728045e-10j),(-7.077635137236664e-11-5.6812958939078986e-11j),(-0.0019624327139517728+0.0005419392788974419j),(-3.86066437646659e-09+2.6448740891835864e-09j),(-0.0019939947052962865-0.0007900965647548962j),(6.007580045572868e-08-2.4826949001642415e-08j),(-1.598908556703557e-09-2.2837663504844263e-09j),(2.052485628547379e-08-1.6090303125137453e-08j),(-0.008930501398100176-0.0003993888707435354j),(2.0493392610470793e-07+2.4844854261751236e-07j),(2.2657785407776627e-08-1.685911530065069e-08j),(1.559811944496961e-06-6.123845034599035e-07j),(-0.0001363565341418447+4.484254204503022e-05j),(2.1815871581216637e-05+1.9558071674389607e-05j),(-0.00035322912271073615+0.0001640401611886131j),(-2.995363067106585e-06+1.8190064198311347e-05j),(-0.0003531951851279125-0.00011884358754586956j),(0.00036642533213183937+9.343992601382154e-05j),(-0.0006045133634154839-0.0001401714158391469j),(3.355773455145149e-05-1.3452137545115105e-05j),(-5.589584264382712e-05-2.5959465070129475e-05j),(0.00019643586579997264+5.165340826393929e-05j),(2.6194663165004265e-06+2.9944958569825096e-06j),(1.153285024341466e-06+8.627918465013123e-06j),(-2.010877778938711e-06-1.1892026959404773e-06j),(7.196012937324247e-06+2.913713258863297e-06j),(-4.0196303060133385e-05-1.34134790420247e-05j),(0.00013625971373155358-1.5650562995889736e-05j),(-9.877883551535469e-06-2.5533836396376502e-06j),(-0.00015805872353737637-7.194459290124202e-06j),(2.7511832620813243e-05+1.2534986494805976e-05j),(-0.00010064085749220326-2.64546234214937e-05j),(0.00013445471135183938+3.6624636609514026e-05j),(0.577350269189625+2.42861286636753e-16j),(-9.75446656916728e-05+1.6773164593934107e-05j),(0.00023031874934152126-8.093068731498214e-06j),(-0.0004462610740115058-4.998197490320922e-05j),(-1.65927410556551e-05-5.132956366279091e-06j),(-0.0003706414924404414+1.4893807936456515e-06j),(-5.051133076399091e-05-2.676445028068711e-05j),(8.983618758854035e-05-4.13088065863141e-05j),(-3.6767160683828014e-05-3.004504732071583e-05j),(-6.0042728389961674e-05-0.00020397548996085738j),(-0.0005431185742213633+6.905924292157767e-05j),(-3.5777565700648183e-05-1.0601563803948995e-05j)
2,(-2.0699639346200426e-16+3.2844024651359923e-16j),(2.0949402833830226e-16-2.4563680608784976e-16j),(0.20417722881320396+0.0001896557104271307j),(-0.22060416957415432-2.7455537485399084e-05j),(0.0002839925334783956+8.188670473876697e-05j),(1.282197423956288e-16-2.7379813145129696e-16j),(2.15529061263134e-16+3.4304837644641704e-17j),(-5.0917558691814155e-17-5.5309766144874274e-17j),(1.0687441366464026e-16-4.6880604190373766e-17j),(-0.5157263297016714-0.00034621111804150617j),(-0.5567077983107679+0.00035347440837521504j),(-1.1745428893821327e-16-3.453922925095945e-17j),(-2.0055028104327423e-17-2.769199892412474e-17j),(-3.2411365065186543e-10-3.4031302568997324e-10j),(2.9760376228380916e-10+3.989664676664756e-11j),(5.424627332338728e-17+4.562593419155677e-17j),(-8.619603537412191e-18-2.4745812511139265e-17j),(-7.071108398636409e-13+2.8097270506192934e-14j),(-1.4891900807666136e-16+7.878935797118259e-17j),(5.79791295564491e-13-9.164552802610798e-14j),(1.4257135309686556e-09+4.515064586556987e-10j),(-6.571824174399962e-10+3.460069766437368e-10j),(-1.1996326781151208e-16+2.605124982234768e-17j),(-1.0591376502977904e-17+4.995475679348538e-17j),(-2.0767332718877706e-17-7.267611568433007e-17j),(1.1861374621470172e-09-8.485838789107914e-10j),(-1.1908629768849947e-07-6.819966814958373e-08j),(-4.988491549815833e-12-9.660782539514758e-13j),(2.5394206092568825e-08-2.0519487877855245e-10j),(1.8260174214041615e-12-2.4406176690171893e-12j),(3.134301553894209e-14+3.2187525112751546e-14j),(-0.01325199993989978-0.001573288942036418j),(0.01145057263881127+0.0009088410408208307j),(7.182320853468292e-08+3.283799054837277e-07j),(-5.857139602552289e-14-7.7545702941162e-14j),(-2.3682337528843887e-10-1.2633442792513327e-10j),(-1.0368874854044979e-12+1.5725474035483054e-13j),(5.670988792230421e-09+1.5915476459511222e-09j),(3.4956402183117864e-13-2.9370433030571207e-13j),(-2.2416278625695035e-14-7.467863737284122e-15j),(5.515786860611638e-14+1.5739841844796338e-15j),(4.847144256793849e-12+4.314501643690506e-13j),(6.972372901512072e-14-1.8517612074414733e-13j),(-0.0002304176634537542-0.00012202885477572625j),(-9.045712049276173e-15+6.347775731696869e-15j),(-5.013876943136345e-13+1.082326960133345e-13j),(-6.965226241668816e-12+2.5259109195779864e-12j),(-2.7330492019450215e-06+7.357158131665393e-07j),(-1.0958310406123738e-10-5.864263854701866e-10j),(-9.467583111345625e-07+5.090008999723182e-07j),(-1.941269467045147e-09-1.6418356579645654e-10j),(-1.909381499278205e-11-7.053634814624611e-11j),(-0.0011809392654145013+0.0005151670703070742j),(-1.286424481812567e-09+1.7379587865270618e-09j),(-0.007879875403532565-0.0004507222342114766j),(2.289947055775065e-08-1.4560915980374497e-08j),(-4.0883889156657435e-09-2.250839712990147e-09j),(-4.249605333392725e-08+3.853328721177672e-09j),(0.005846249512445063+0.000558851332819547j),(-1.4767587115163606e-07-1.8392201151649577e-07j),(9.816309404730725e-09+1.6307312499751896e-08j),(-3.1339428563153535e-06+1.507670275096331e-06j),(0.0003760001158195247-8.721173340436002e-05j),(-4.8842392233369506e-05-6.562115979351348e-05j),(0.0011753238894163338-6.076590942519038e-05j),(1.706136758941327e-05-4.798029670822166e-05j),(0.0003709274503747259+0.0003586872206854216j),(-0.00023586423199706903-0.00021830899324559724j),(0.0004376580128420473+0.0001346993395345833j),(-3.721592168620531e-05-1.6938625456787707e-07j),(1.0975780340942362e-05+1.064507551555135e-05j),(3.5409479436712715e-05-1.986523875329487e-05j),(8.602108527150962e-06+1.0077980482580912e-05j),(-1.1433942075950269e-06-1.0522081196609727e-05j),(1.8863108592587207e-06+9.007892693966481e-07j),(-1.63010127699729e-05-4.1370650297855856e-07j),(-0.00010036983828962985-1.442167914489309e-05j),(-0.00029423261867637756+2.3709037446232407e-05j),(-1.4640422077481292e-05-4.838528558139889e-06j),(0.00010670319722952762+1.1433479575881791e-05j),(9.103478318094331e-05+4.581104970320172e-07j),(3.590172340759178e-05+1.3904585510272163e-05j),(-1.0691799133047092e-05-5.7539286157292295e-06j),(0.5773502691896268+0j),(-0.0003211156567296316-3.932991012575867e-05j),(6.319720436749005e-05+2.3419345361376084e-05j),(8.925183799249975e-05+2.59187554201492e-05j),(1.69736872152159e-05+4.620635995627073e-06j),(0.0007790989004044699+0.00014028682669905708j),(5.820411717053815e-07+4.907760513818258e-06j),(0.0001323147613848367+5.556596848588151e-05j),(7.627312429722215e-06+1.3134408314063568e-05j),(-0.00046453073753294097+5.7214667651837324e-05j),(0.0002548016595512908+0.00017720248383505975j),(3.5932396072107865e-05+3.319376100915789e-05j)
3,(-2.6311695716776386e-16+4.1298424766061887e-16j),(1.2434107394486054e-16-1.6903556453021152e-17j),(0.7250619632279093+0j),(-0.2239065912860035+0.0005030004810236827j),(0.577782452376336+0j),(1.3947524162369288e-17+3.758025412212776e-17j),(-1.725261573633025e-17-2.792611775530747e-17j),(5.987491841251307e-17+7.725825008086488e-19j),(-4.8881022015681386e-17+6.010840783221624e-17j),(0.28678490175808335+0.00018693892961305775j),(0.08883749775615474-9.991198621019104e-05j),(-3.3464896579982448e-18-5.2449678133488966e-18j),(-1.6086505237415216e-18+2.142780700327751e-18j),(2.017297245556059e-10+1.824745938617889e-10j),(-3.156750520137419e-11+1.3036990944243544e-15j),(-6.611731290901104e-19+1.1298979621400765e-18j),(3.257850783967767e-19-2.9932017097444036e-18j),(4.871000486388786e-13-4.096332462796268e-14j),(-4.003430958802365e-18+1.5694290471333475e-18j),(-5.993893068791396e-14+2.6152229774091672e-14j),(-1.0005771888205182e-09-2.9570898628122474e-10j),(5.111189445175449e-10-2.854986289132436e-10j),(2.45912530217587e-18-6.935830308882444e-18j),(7.51159007989639e-19+2.31363116278502e-17j),(2.0210267933784265e-19+8.113528213147429e-18j),(-3.5652110826071515e-10+3.1690177430998647e-10j),(9.367963980943199e-08+5.3784294854638994e-08j),(3.881246727251205e-12+9.086478213472321e-13j),(6.05854547866992e-09+1.0258853143425254e-08j),(-4.453536191847494e-13+8.481816806777317e-13j),(-2.4168877750659464e-14-2.4256721607403904e-14j),(0.01099333912693487+0.0012257863240621096j),(-0.002669785648420489-0.00016530664236164136j),(-6.986070040146855e-08-2.7227045204415693e-07j),(4.8377862016115366e-14+6.17988780212252e-14j),(1.962639865820255e-10+8.982002761319892e-11j),(8.533918832440257e-13-1.4239766415503865e-13j),(-4.765854054889162e-09-1.1092187196812978e-09j),(-4.271928986350333e-14+1.1285013759899818e-13j),(1.824017515531623e-14+4.985881760401894e-15j),(-2.711343768694445e-14+2.9317164345516786e-15j),(-4.0175222231512866e-12-3.600793855852686e-13j),(-5.686964405667747e-14+1.5378060104512783e-13j),(0.0013050152960400758+0.0002774140236360611j),(2.3743858120439267e-14-4.808178045226425e-15j),(4.371434135226007e-13-8.418039043252205e-14j),(6.182336208736786e-12-2.3376522195264565e-12j),(2.4061901656425373e-06-6.462599508357963e-07j),(3.3358528209146264e-10+5.337330470603032e-10j),(1.377545533710034e-06-7.734685738814505e-07j),(2.242438298777466e-09+2.122886171805566e-10j),(4.014738613362403e-11+7.163077067855528e-11j),(0.0015872026971977652-0.000591811975103198j),(2.34539283809814e-09-2.258224676649222e-09j),(0.006632918698504988+0.0006473537962569504j),(-3.874864706505819e-08+2.014856326125914e-08j),(3.614644603105856e-09+2.4919954611496898e-09j),(2.4066735248696323e-08+3.1272158210488992e-09j),(-0.0009579424070759167-0.00024522077115556723j),(3.2337873573827536e-08+4.1906040106549596e-08j),(-1.672505914205674e-08-5.773436426873254e-09j),(1.6903816841383129e-06-8.721844339879819e-07j),(-0.00021449272432127352+5.203381302321625e-05j),(2.726123860515213e-05+3.709292933102012e-05j),(-0.0007395182631872815+0.000131913937459249j),(-7.224348689032982e-06+2.433650832923235e-05j),(-0.00024195635289393994-0.0002958523421276155j),(0.0008813124987897666+0.00029700449354749076j),(3.7697222876161044e-05-8.430829289563181e-05j),(9.529649170921325e-06+1.4799414120098688e-05j),(2.445817729708124e-05+5.846399735775096e-06j),(-0.00014057891502928315-1.385457868294437e-05j),(-7.926134884149551e-06-1.0256431544673961e-05j),(5.399460994119324e-07+4.103632255596941e-06j),(-3.1288929620614233e-07+1.0390952593688792e-07j),(2.2610842487478065e-05+3.3949245558792673e-06j),(8.556695071670285e-05+1.5954576346407126e-05j),(0.0001715824544867983-9.564695880492056e-06j),(1.4841766219898341e-05+4.6519225383498616e-06j),(-1.7375077314131018e-05-5.128188454214148e-06j),(-7.624280475860033e-05-1.5209548232420367e-06j),(-3.7716346266483364e-05-1.133668091399004e-05j),(1.794007708186671e-05-1.6499600479193983e-06j),(-9.011014824384907e-17-1.1347553056937045e-16j),(0.00033179088283995353+3.46314905606995e-05j),(-0.00019468042284517272-2.462208604880985e-05j),(0.00011758309525610562+8.189459714817563e-06j),(-6.298978988574502e-06-1.4811120878883216e-06j),(-0.00042566505927147297-0.00010951250942550602j),(3.565047157285185e-05+1.0019122728156034e-05j),(-0.00019155527389648746-3.4966215865628836e-05j),(8.864901825887735e-06+3.255271354374275e-06j),(0.0003774846423235321+5.186068549599434e-05j),(4.66667330829837e-05-0.00015748734924223896j),(-8.388155136081155e-06-2.2004892358147236e-05j)
4,(-3.4056121199571473e-16+2.8364336750489074e-16j),(3.777755624851233e-16+1.4650460884946912e-16j),(-0.5571723119643917+0.00023598262251481317j),(-0.5154219537744984-0.00011873073831514258j),(0.5775220909914728-6.749074545800426e-05j),(3.230243527803451e-17+1.280875602931109e-17j),(6.783274335240317e-17+3.5188522081016997e-17j),(-1.1997565766697614e-16-2.3291681801016712e-17j),(-2.261940705776348e-17+2.8345123327934786e-17j),(-0.22018894057726193+4.308046485379524e-06j),(0.20426573544153165+0.00021065271978359945j),(1.716452167002614e-18+4.887785381605707e-18j),(-1.2572465798551574e-18+5.032509233995697e-18j),(-1.5477521163457524e-10-1.3919164833128907e-10j),(-1.6739394555644096e-10-2.0678113500350608e-11j),(-1.336158997934472e-18+9.569753650401797e-19j),(3.044748756086123e-18+3.9513079496407756e-19j),(-3.921147031572577e-13+3.0329029210674354e-14j),(8.142444983777103e-18-3.433063572493865e-18j),(-3.763327308178263e-13+4.400069359740748e-14j),(7.042603840102997e-10+2.1746875438952624e-10j),(-4.175405443373628e-10+2.3202463863522693e-10j),(4.418822414238784e-18-2.0987261305242893e-18j),(9.71361534535733e-19-2.003209684118784e-17j),(2.8765691640589914e-18-5.553758091305826e-18j),(-4.0003112547649776e-10+1.9919358204844236e-10j),(-6.994890323523024e-08-4.071622212103347e-08j),(-2.9578507635210608e-12-8.888245696393301e-13j),(-3.6745141182612254e-08-1.9827342196643297e-08j),(-8.396337363830732e-13+6.430271893262052e-13j),(1.8039126257424935e-14+1.741521920911426e-14j),(-0.008506172598705303-0.0009569559717278967j),(-0.006323440613518634-0.0004731385846172497j),(6.216984505675109e-08+2.1024421560267233e-07j),(-3.705024233157411e-14-4.7142186114542824e-14j),(-1.48364108245271e-10-5.6977982452346036e-11j),(-6.590118054497822e-13+1.1106899752153614e-13j),(3.3094882470908213e-09+5.268965737663998e-10j),(-2.642110273493272e-13+7.876845635339777e-14j),(-1.358881761507153e-14-2.8441219457760153e-15j),(-1.2139605498381543e-15-6.7476274615120326e-15j),(2.953134821925282e-12+3.2749899953628236e-13j),(4.1206575179707027e-14-1.121586979452684e-13j),(0.0012636667731716225+0.00026363073419188393j),(-3.719663077628662e-14+3.1716632857443575e-15j),(-3.127335432522903e-13+4.929769033043143e-14j),(-5.60359862449106e-12+1.9549139834740854e-12j),(-1.8420906573373952e-06+4.893793380081155e-07j),(-5.703231600048137e-10-4.39870273343314e-10j),(-1.7979220223170036e-06+9.913075743189419e-07j),(-2.4548259289721542e-09-2.955046995811028e-10j),(-6.002065175812579e-11-7.038870235750344e-11j),(-0.001942736841508883+0.0005878365866604813j),(-3.4311781526369777e-09+2.6318222664413066e-09j),(-0.004476442759143489-0.000787780233999185j),(5.4433134443385496e-08-2.382630402607338e-08j),(-2.7483726645226447e-09-2.6162595914332507e-09j),(-5.855134003943143e-10-1.069551285631919e-08j),(-0.004436930777565498-7.8833752026591e-05j),(9.664360447962307e-08+1.149316251662489e-07j),(1.990331825758762e-08-6.287110524211151e-09j),(-9.345622131900867e-08+1.3478510672946804e-07j),(5.7196999299865254e-05+5.080914801383813e-06j),(-3.186078773127883e-06-1.5216880578418652e-05j),(0.00019232964655366234+0.00025294858166433987j),(8.850971557484508e-06-9.389129530432957e-06j),(-0.00022295744718880506-2.3735991072829485e-05j),(0.0010299611245578265+0.0001559073560698696j),(-0.0001516985119725852-9.133220850490313e-05j),(5.439742930158033e-06-6.787242146789991e-07j),(-2.649866820095748e-05-1.1766084872164933e-05j),(0.00012274773576265825+2.3374010238687228e-05j),(4.781587010810671e-06+4.645706740652528e-06j),(5.580990130646759e-07+1.9501572197237713e-06j),(-4.5341997278548033e-07-2.2574181505397366e-07j),(1.2214757382398775e-05+6.196476832020073e-06j),(-7.455694426254604e-05-1.6540873987570664e-05j),(-8.091830050079613e-06-1.1775367951096924e-06j),(-1.308308263671233e-05-3.91164710502214e-06j),(-7.59523533764279e-05-5.723288562589499e-07j),(5.881365353954638e-05+1.3918098752914047e-05j),(-0.00011143742803840906-2.5984063516476516e-05j),(0.00015880846799086446+3.417882433071555e-05j),(-2.6562305475063757e-16+2.3843772760723608e-16j),(-0.00014435680044625875+6.893724488651549e-06j),(0.0001391274253074738-5.742991623119223e-06j),(-0.0002889243528367922-2.1083457734154604e-05j),(-5.861706586464389e-06-2.063398121980707e-06j),(3.839454161090627e-05+5.390867199819716e-05j),(-2.111825705011881e-05-1.5140996730758778e-05j),(6.121218841642998e-05-1.7626354262261013e-05j),(-2.4232984836519696e-05-1.6148287285225514e-05j),(-0.00021899205704452502-0.00011794737922406063j),(-0.00028286172291463145+0.00012140107382307149j),(-8.32820871877543e-06+3.7118071391245413e-06j)
5,(-1.4666789763705764e-16-1.7017525087355435e-16j),(-5.249091376939964e-16-1.1938357512945257e-16j),(-0.16854755881294736-0.00041754408458422043j),(0.7406381300212946+0j),(0.5767394692037288-0.00029982771247344386j),(2.865948444680285e-17+3.400017496353737e-17j),(-6.333652889844249e-17+4.948375209538832e-17j),(2.903768679230845e-17+8.068045150938764e-18j),(5.713670378284648e-17-3.88494942355268e-17j),(-0.06654936202367794-0.00017754139052781476j),(-0.2930121813775708-8.279097769035848e-05j),(1.7737122421443408e-18+4.6113445644692454e-18j),(2.2416755606017636e-18-2.1919901354775246e-18j),(-4.7888737073881255e-11-4.3224310086651693e-11j),(2.014268265899276e-10+2.0886302267586624e-11j),(5.761722636791995e-19-2.2259337579150023e-18j),(-1.991322347140853e-18-4.5788162526847e-19j),(-9.826029858100978e-14+1.093435810425815e-14j),(-1.8134959962539095e-18-2.3137028461679723e-18j),(4.458465108320301e-13-6.98782273446756e-14j),(3.3756085374824744e-10+1.0591044490871037e-10j),(-9.860056878623757e-11+5.586685397337946e-11j),(-4.465890603872985e-18+3.952865822099744e-18j),(3.492223344098262e-18-5.343691827480541e-18j),(4.499851293921532e-18-4.240959126040168e-18j),(7.826249769490814e-10-5.25949084158863e-10j),(-2.4746508813857067e-08-1.4015759087628666e-08j),(-9.667839314182586e-13-3.640228457967468e-14j),(3.144981740209661e-08+1.0058896569297297e-08j),(1.3347976052643157e-12-1.5238644919387718e-12j),(6.266373801903159e-15+7.279782438389499e-15j),(-0.0026225451490837683-0.00031691204928848294j),(0.009292609546774633+0.000757940206934437j),(7.004304176201275e-09+6.519245366392489e-08j),(-1.1770037585182693e-14-1.5561050796412884e-14j),(-4.937706371059111e-11-3.606659750672579e-11j),(-2.0528045330921815e-13+3.091187406017273e-14j),(1.2956452575270122e-09+5.344568396117649e-10j),(3.190649994392562e-13-1.9526073688495314e-13j),(-4.83277477889883e-15-2.4051927345761543e-15j),(2.9366459152507215e-14+4.227802260929932e-15j),(1.1674943424127078e-12+6.171514448431569e-14j),(1.6796289445583713e-14-4.4459471903996165e-14j),(0.0010520861978851102+0.00014445967017913137j),(1.3999242959900999e-14+2.054068115981341e-15j),(-1.0984535282823447e-13+3.604513720496673e-14j),(-1.4602235234513883e-12+4.579882248668367e-13j),(-6.267031595674118e-07+1.7203905521785887e-07j),(2.1287931608209668e-10-1.1718219938147506e-10j),(3.185729109258451e-07-2.053333518840272e-07j),(7.697967820528977e-11+2.6303352388482045e-11j),(1.8878298881750975e-11-7.022206364221296e-12j),(0.00026078153707767104-1.6177370518503958e-05j),(8.995563868298338e-10-3.166887856699157e-10j),(-0.002235045567002209+0.00010933002899576969j),(-1.3023025329090705e-08+3.872196524750377e-09j),(-9.632776000904742e-10-4.833095818791483e-11j),(-2.370339307988983e-08+7.321053769351365e-09j),(0.005632781811959451+0.00041052021378775415j),(-1.334399009450142e-07-1.6617457914400171e-07j),(-5.708125174282974e-09+1.2651933045143862e-08j),(-1.8600669804791918e-06+8.218031454649159e-07j),(0.0002118784858599362-4.5126408654966706e-05j),(-2.7832768996898444e-05-3.7468070627924286e-05j),(0.0005937078876684941+6.859081200784252e-05j),(1.2323365062347624e-05-3.000537681168997e-05j),(0.00017708989526698756+0.0001126975115953321j),(0.0006146739263844602+4.833568129873644e-05j),(0.0005338927000724787+7.073818144652551e-05j),(-3.2712249419052063e-05+1.4436684987878993e-05j),(3.687594469216152e-05+1.799196845243491e-05j),(-0.00010024369355177024-3.626169100857347e-05j),(1.8149953891973679e-06+1.2319104067339666e-06j),(-7.216282865310027e-07-7.86330001550671e-06j),(1.8338707786743272e-06+1.1415766807227399e-06j),(4.024796634465194e-06+2.8350092431563256e-06j),(-2.8797302924356927e-05-1.0301073016766148e-06j),(-0.00016311284682369486+1.5949467998662385e-05j),(-1.8304817646796103e-06-9.459218478514547e-07j),(0.00010422368271929044+8.484307949091434e-06j),(2.752078139854449e-05-5.158536902013761e-07j),(3.1295831651855437e-06+4.701676982503026e-06j),(5.786781691152161e-06-8.262926605852555e-06j),(3.695295814288974e-16-1.1997761721498792e-16j),(-3.330869693305433e-05-1.1703013113240717e-05j),(-0.00012290698035299403+2.329251804879537e-06j),(0.00021910545225856877+3.817712664758863e-05j),(1.3036000989571535e-05+3.880904697972096e-06j),(0.00046015736289324675+5.4113285459169135e-05j),(3.628804200984522e-05+1.5613361565501234e-05j),(-4.12409814676444e-05+2.893868014883996e-05j),(1.7484417348489946e-05+1.825042995890448e-05j),(-0.00015168911129150636+0.00011459379715304254j),(0.0003358515830944135+4.5578046506273e-05j),(3.2341563750566914e-05+1.5963356077553025e-05j)
6,(1.4970243228923846e-16-3.0352379781743734e-16j),(1.3145696444858502e-16-3.744941039631199e-16j),(-0.004200717388910101-0.000403393906927891j),(0.0010444805586070328+6.995737076444453e-05j),(-0.001424530241891927-0.00027824135291847497j),(-2.0029261637904723e-17-8.569211669356149e-19j),(-1.2943796156643004e-16+6.747774989992098e-17j),(-1.493964695436032e-16+3.604011233654315e-17j),(8.541181966214512e-17-7.083514536607803e-17j),(-0.024326088155954387-0.0025583967139406793j),(-0.0058474254574633925-0.00039826994044138615j),(-2.1461882019521849e-16-4.1464341750430954e-16j),(-1.6631782803909024e-16+8.783231390816458e-17j),(3.3883610094680193e-09-1.3642572487742184e-09j),(-6.981981384429117e-10+3.21108753973142e-10j),(1.273465747105675e-17+1.0253598292596667e-17j),(3.250188251241557e-17+1.6189405657146655e-16j),(1.2994464337651979e-11-5.784273666885492e-12j),(-3.7925521682376047e-16+2.1366054703329436e-16j),(-2.3969170888632706e-12+1.6294874697470028e-12j),(-4.2032122492016334e-08-4.935576546675252e-09j),(2.0480202749012406e-08-1.6589227137535777e-08j),(3.4601687085338413e-16+8.113845815460857e-17j),(4.3624556397953673e-16+9.104953790534984e-16j),(-6.236833194225395e-17+4.050616115675208e-16j),(-1.630354483588725e-08+1.893764342209011e-08j),(5.128788238388744e-06+2.299095798831683e-06j),(1.941243855105397e-10+2.569313543883556e-11j),(3.012583896626212e-07+4.898608006007433e-07j),(-1.98159266846164e-11+4.644471516481031e-11j),(-1.3162755278731912e-12-1.0769707278156958e-12j),(0.6192951799526246+0j),(-0.17405971514541063+0.008068939619591736j),(-5.7607443307722495e-06-1.4804565641116918e-05j),(3.0158692974295744e-12+2.9543422035117236e-12j),(1.1680108494658454e-08+3.4078331813655903e-09j),(4.604223104460923e-11-1.375649860294993e-11j),(-3.2122810594513777e-07-3.803925950576904e-08j),(-2.307421327574724e-12+7.217518874266893e-12j),(1.056760063937393e-12+1.2823528308311336e-13j),(-1.540139780775693e-12+3.4074877670961757e-13j),(-2.4133957294387104e-10+6.435677643365543e-12j),(-2.4829728542896846e-12+9.644996533705575e-12j),(0.4808713438851776+0j),(1.4230587320633775e-12-4.296581999752187e-13j),(2.933730068582668e-11-8.678204950992278e-12j),(2.963221779341626e-10-1.655089170605111e-10j),(0.00015034526100945407-5.5821803326341896e-05j),(2.06257915425168e-08+3.148826574888881e-08j),(7.333709011651383e-05-5.496494175696415e-05j),(1.3266314748961223e-07-3.4470007536866716e-09j),(2.741003517722952e-09+3.898997322711675e-09j),(0.08952559747718045-0.04934855759144914j),(1.1682694075607267e-07-1.5181587109922067e-07j),(0.4534345267431501+0.0001870546855880506j),(-2.0740352523148133e-06+1.5191240772014943e-06j),(2.477796685249053e-07+1.275677964299277e-07j),(1.7529484623271692e-06-9.578869911553548e-09j),(-0.07597938147082414-0.009956886449665137j),(2.6175127855669175e-06+2.8382435683152443e-06j),(-1.3763830168920717e-06-2.463672051148837e-07j),(9.491813634562082e-05-5.984062070518989e-05j),(-0.009519414502319024+0.005184618615825208j),(0.001508354380852352+0.0010148045026044847j),(-0.03809631981533689+0.06035450480629025j),(0.0007260534619455746-2.7023730173750715e-05j),(-0.05481606960524956-0.03491990615240796j),(0.33844208065302095+0.010741168794869332j),(0.040896425083170256-0.02716726103600329j),(-0.00028835131959547905+0.004300142187371784j),(0.005442640816653894+0.0006225329212895827j),(-0.022181760294230975-2.3814987775132995e-06j),(-0.0008571225778687516-0.0010936370380274173j),(6.626104748540636e-05+0.0001274858014725799j),(0.00010383723326420566+8.580779779149794e-05j),(0.005968235869850208+0.0005213201275802491j),(0.0042135420449991145+0.000801377428248976j),(0.012887608458696645-0.0012601271924754746j),(0.001044795542262994+0.00021286828853853612j),(-0.0007023580229745464-0.00026099829218933064j),(-0.004064340108696383+0.0014089288872289596j),(-0.01899159534566911-0.000756760238351498j),(0.021206009464430565-0.0017015369773466333j),(-1.0594660648426413e-14+1.4884916819806143e-15j),(0.04017226497405877+8.655193100019602e-05j),(-0.03226657823527101+0.0005650187918413464j),(0.01226622413529112+0.0011691816622255225j),(-0.0004276292457730728-7.404218698698313e-05j),(-0.0250642876835331-0.007049834904468279j),(0.007913906129362543+0.0003256695134945587j),(-0.031846792144868886-3.765933023382878e-05j),(0.000855443141756841+0.0005655928487257485j),(0.02894270186757519+0.005463944394200078j),(0.010787148773319011-0.012617245354664384j),(0.0006890891489849034-0.0021621789688198133j)
7,(-8.768440109283666e-17+3.8023765164833386e-17j),(-2.2503231675095074e-16+2.8564708467987147e-16j),(0.0032769224914599975+0.0003221369431187066j),(0.002475303047618094+0.00018838070517906633j),(-0.0014687547465777073-0.0002896719434525376j),(-4.1350773673158925e-17-1.236773142294049e-16j),(-2.9647994555047764e-16+6.838237327946306e-17j),(8.197916824836186e-17-5.468321258974342e-17j),(6.737999220505443e-17-1.4820396695392808e-17j),(0.018989499302191175+0.002046466435234655j),(-0.013879280835660559-0.0010826301822179172j),(-1.955457470294085e-17+2.8893995074119307e-16j),(-1.1914006903760982e-16+1.8903374394132493e-16j),(-2.6665710363633516e-09+1.0546609605578207e-09j),(-3.7252462129222488e-09+1.1256641641740683e-09j),(-1.5576337232094388e-16+1.246746193114484e-16j),(-2.779507000106899e-17+3.777889204845359e-16j),(-1.0819277316733603e-11+4.631502584368769e-12j),(1.749428131110787e-16-5.298325329312663e-16j),(-1.467545002240507e-11+5.013494184133166e-12j),(3.5832593629186476e-08+6.807772607900315e-09j),(-1.7175418452728464e-08+1.3828104925790014e-08j),(3.086121925670062e-16+3.846785436463374e-16j),(4.35908672569151e-17-1.0206929203118477e-15j),(1.4654864616109487e-16-2.095598657202013e-16j),(-2.1861611469043938e-08+1.5308512875943285e-08j),(-3.8714474742324105e-06-1.7836599290603716e-06j),(-1.5106745456240611e-10-3.163798793901791e-11j),(-2.2495420086954997e-06-9.310177086938555e-07j),(-4.501979016243058e-11+4.3226296801784206e-11j),(9.777319570303155e-13+7.931869429651419e-13j),(-0.48688621020545764-0.002463889345537762j),(-0.42794840130902756+0.008729667183185075j),(4.893920541346624e-06+1.1510809839268541e-05j),(-2.3324417948446654e-12-2.2922163523396586e-12j),(-8.744514781361279e-09-2.1686679216730646e-09j),(-3.6093124575040654e-11+1.073945143214617e-11j),(1.7875768008330092e-07+3.309546985363316e-09j),(-1.6693298983158914e-11+7.462067584244908e-12j),(-7.847497478990914e-13-6.517939101665671e-14j),(-2.4875172554324603e-13-3.920517946856321e-13j),(1.8717241583882338e-10+5.425269086959046e-13j),(1.7462701316769353e-12-7.184915125053097e-12j),(0.4740766551058243-0.0008301752049032773j),(-2.4168521043770918e-12+4.475726359068778e-13j),(-1.7374134049624648e-11+4.720512021729078e-12j),(-4.3333703930983325e-10+1.8862468277400367e-10j),(-0.00012043883456810683+4.594246397169006e-05j),(-4.6188088331893004e-08-2.6759364927157498e-08j),(-0.00012976807927275594+8.44730572019931e-05j),(-1.8456999875801752e-07-7.951195733579735e-09j),(-4.936851674177799e-09-4.900750162898791e-09j),(-0.14254108792036962+0.05252005561729827j),(-2.4564306092203634e-07+2.137620535510312e-07j),(-0.298929379116762-0.0294576378047851j),(3.997884948200693e-06-2.0456009902701226e-06j),(-2.0823668067217124e-07-1.7794266015598822e-07j),(1.0988181853145357e-07-8.255126981591051e-07j),(-0.33821913032007855+0.02044858131149649j),(8.061356900229344e-06+8.202472399969486e-06j),(1.1415355033127455e-06-5.68261707364542e-07j),(-1.2197511571128078e-05+1.640174204846684e-05j),(0.00785264122981364+0.0004973880350166563j),(-0.0007775830760287488-0.002214853323465924j),(0.02389451163659174+0.06273388432910619j),(0.001567841395293242-0.0023072039744019028j),(-0.05272825498313659-0.01694908831466853j),(0.3455447827629379+0.00023995890400416164j),(0.02540494012318078-0.0268429814593259j),(-0.0005173451295637573+0.0031989356439140883j),(0.001654017007447544-0.00035944563888629024j),(-0.0033342475917915977+0.0011036534163471527j),(0.0001052164569075609-0.00015177324483785668j),(5.7318525840267294e-05+1.5607068908974035e-05j),(8.35607589396703e-05+5.8604434802521465e-05j),(0.005254647869903928+0.0007733580339562961j),(-0.006969033484011516-0.0004677839413424552j),(0.001301400989583641+0.0003597066856760042j),(-0.000938668310431058-0.00020601561919733673j),(-0.005235400596859811+0.00036944499216372186j),(0.005271204148954248+0.0016562229592118607j),(-0.024249739660926726-0.0013671963188572227j),(0.031217432053319775-1.7405551611456016e-05j),(-7.27902669896909e-15+1.8158079751614115e-14j),(0.007279179525087715+0.0011791294246437894j),(-0.00853543879626197-0.00021402487630387467j),(-0.017113126298028768+0.0014530409287390569j),(-0.00046271189139205705-0.000136348334740828j),(0.0058737363182297395+0.0011287276982364482j),(0.003665589153804258-0.001138180670616168j),(-0.014097303103845618-0.0005521696542809778j),(-0.0016387472684757816-0.0006609258642610895j),(-0.012673711570370482-0.0031551584698403926j),(-0.01188847898884827+0.008492583386210948j),(0.0007026783564051866-0.00045967496543103446j)
8,(1.4284567465909591e-16-3.338763364403389e-16j),(-1.2376422285677463e-17+1.0213874000430089e-16j),(0.0010102476072034088+0.00010563772639592773j),(-0.0036907708565358265-0.0003093225913984082j),(-0.00160128330874811-0.0003288144480301774j),(1.6208727076248762e-17+2.475925187101453e-16j),(-1.1391926484017988e-16+1.2915071827282524e-16j),(-6.464077007432791e-17+1.2264367963730368e-16j),(1.5790912163817542e-16+9.349934748716199e-17j),(0.005861275289918581+0.00067164103892896j),(0.02073244191650625+0.0017949518633586835j),(-1.2072536791073689e-16+2.6310285318822883e-16j),(1.7684212392691194e-16-3.509297098173809e-16j),(-8.593696559379349e-10+3.2802149497519147e-10j),(4.837355142232397e-09-1.4459141481572156e-09j),(2.2767447230952825e-16-3.1022584504121515e-16j),(2.435451117431659e-16-4.664896645583931e-16j),(-2.6649129899925835e-12+1.2525981498312005e-12j),(-6.961105337034709e-17+2.989181094014177e-16j),(1.8691433257275138e-11-6.73564910994056e-12j),(2.0157991231536408e-08+4.39752440089463e-09j),(-3.918879578533936e-09+3.2671382991057874e-09j),(-1.332255097029016e-16+2.426080703939863e-16j),(2.1055951179086318e-16-2.5933418817139607e-16j),(2.975036350372621e-16+2.340860086592628e-17j),(4.228192479188509e-08-3.625797178064081e-08j),(-1.4232249184133457e-06-6.407328561592095e-07j),(-4.971416216408206e-11+4.166868141674343e-12j),(2.086674753557737e-06+5.168252476903515e-07j),(7.259294119363995e-11-9.570874978074911e-11j),(3.5394361131207864e-13+3.672049297492179e-13j),(-0.15322051770544565-0.002747518951576669j),(0.656616761704083+0j),(6.664566500173464e-07+3.710731580230852e-06j),(-7.604641201127044e-13-7.868393444365996e-13j),(-3.1046611671109894e-09-1.9920208781828253e-09j),(-1.1504379824298155e-11+3.13916868659194e-12j),(6.324030379636462e-08+2.4271017242119307e-08j),(2.1093218072691758e-11-1.5474443155542747e-11j),(-3.009711174136533e-13-1.2705011388613104e-13j),(1.9743989765338768e-12+1.0835843134149056e-13j),(8.016077419390049e-11-4.277424037090775e-12j),(7.604366610269586e-13-3.045472443525898e-12j),(0.4365870265867299-0.012738368148122486j),(1.170899932178621e-12+6.960116863831382e-14j),(-4.98490939613537e-12+2.8725886390348142e-12j),(-1.6493079649681449e-10+6.227151389194301e-11j),(-4.3569741954231915e-05+1.7599574712293196e-05j),(1.399192745609535e-08-9.970778216662118e-09j),(1.9199352086784156e-05-1.728431935407625e-05j),(3.9494482225063297e-10+6.390141239432414e-11j),(1.3330281055562885e-09-9.158482130042094e-10j),(0.016800439761167844-0.004796686882385729j),(6.045582936661948e-08-2.878927906790731e-08j),(-0.15793228058043934+0.02335479346290363j),(-8.809457926120242e-07+4.1382324820751647e-07j),(-7.493417360625803e-08-2.6272602981130583e-09j),(-1.7443554191354394e-06+7.100916695170568e-07j),(0.46566025082553253+0.00014020415581424833j),(-1.1995779198854692e-05-1.2870037595272453e-05j),(-6.538259631402729e-07+1.1201904536357576e-06j),(-0.00015806621042403424+8.684944494796195e-05j),(0.021033172724022817-0.004794071299417471j),(-0.003034351944154898-0.00401803804818646j),(0.059354595933552814+0.04322108457250445j),(0.0017165328472357629-0.0040737384433317475j),(-0.01745769506889921-0.0058320935808320986j),(0.2972504377243531-0.009683254445713774j),(0.07945408628596018-0.017119852347493244j),(-0.003470209673902047+0.004442796139161055j),(0.006629061614535291+0.001557641839771477j),(-0.020249353663618262-0.0021295903742612546j),(-9.95345788967887e-05-0.0003259990342884969j),(-0.00011036701258658298-0.0007826356393938745j),(0.00027443078658420417+0.0001508232496770306j),(0.00429409876437113+0.0004821138264170709j),(-0.003669924684828+0.00040578532408969744j),(-0.012114446748358956+0.0026945292903096515j),(-0.00010772579167079872-6.449431751790136e-05j),(0.00940564427490582+4.3541418419898795e-05j),(0.0031146549596783426+0.0006549457174483114j),(-0.014087739646444853+0.0006144376290806904j),(0.017888445113361445-0.0026013769724072353j),(2.548973530846698e-14-1.2330022749942353e-14j),(0.013432759396467354-0.0013400935660660735j),(-0.027647828872968908+0.0022907751226909825j),(0.023181800628247814+0.003017678866433819j),(0.0011331707046473708+0.0002382803498819445j),(0.04216724862868189-0.0006552878148331108j),(0.008063237987251398+0.0008849371489615026j),(-0.02022588678985858+0.004133282934503231j),(0.0018584337197217924+0.0018125970949357038j),(-0.008284135091663265+0.014595971917208826j),(0.03671383234665119-0.0003561934935920434j),(0.004039008517564452+0.0004281549093110189j)
9,(-1.2543872883217067e-14+3.947827864734871e-15j),(3.732328022445001e-15-8.672908321883656e-16j),(3.591678237745904e-05+6.960987030050911e-06j),(-7.4064745983260345e-06-1.0352065768800278e-06j),(4.621938433563518e-06+1.9186515311031737e-06j),(2.9913324773027666e-17+8.040215863788993e-17j),(1.667572681698539e-14+2.9855894030896327e-15j),(-1.7694721869668537e-17+1.2801675263299482e-16j),(2.2818473985234215e-17-2.32409866322846e-16j),(0.0028031493750052356+0.0005663213905133864j),(0.0005506557200940018+7.532967288771455e-05j),(9.314139651180224e-17+2.7424565796020983e-16j),(4.235353435019167e-17+7.117762252038114e-18j),(-2.559188200753586e-08+8.678447417071308e-09j),(6.248794337064909e-09-2.288425514434143e-09j),(-3.0897305213368703e-16+6.678566121570152e-17j),(-1.8232862790461213e-16-4.586660145634884e-17j),(-6.599899096409484e-11+2.4190286108563817e-11j),(2.8736853847361394e-16-4.829120966531753e-16j),(1.5420914946756874e-11-7.498051099627799e-12j),(8.536415964731923e-08+5.309629715863923e-09j),(-5.666546308088205e-08+3.798480569827415e-08j),(-2.7961667889857195e-16+1.56639233257103e-18j),(-6.610288132678741e-16-3.1801899613194232e-15j),(6.827743033320087e-17-1.652478679713268e-16j),(4.178914522470906e-08-4.0383252793923015e-08j),(-7.67410347638422e-06-2.350047219055643e-06j),(-3.7109005662122705e-10+2.7427352439603946e-12j),(-1.1356973116333015e-07-4.7080088154668695e-07j),(3.873602129877086e-11-1.083936220318593e-10j),(2.6639981007061146e-12+1.5666246888254454e-12j),(-0.4597373756719643-0.00031043974249797546j),(0.12909158761345352-0.005920578154307715j),(3.0447760603996416e-06+1.0781766281188432e-05j),(-3.0498384925458593e-12-3.843944592771236e-12j),(-8.003577771195683e-09-4.881599425306098e-09j),(-4.080159492049314e-11+5.55759377674748e-12j),(4.67080319454449e-08+6.036342120389556e-08j),(3.912477057289978e-12-4.4839808025397604e-12j),(-7.602758506122142e-13-3.0987371085816946e-13j),(1.3065519636931756e-12-1.0311992647195742e-13j),(-4.402928568585273e-11+3.4914368962826924e-11j),(5.5625884122613e-13+1.7802576811471132e-12j),(-0.35522348657809216-0.00011643761555349408j),(5.535094951086258e-13-2.365492704069916e-13j),(1.3015492439086508e-11-7.513627835517244e-12j),(3.46717772844722e-10-2.007621832056279e-10j),(0.00015043050708633026-6.884400634812498e-05j),(2.687783334341905e-08+3.238553847843784e-08j),(9.509107113794946e-05-7.295937851539042e-05j),(1.6595843598639554e-07-6.236458958936254e-09j),(3.656915325352644e-09+4.7530753493109516e-09j),(0.12107450772642991-0.0660919762841215j),(1.6032648543737e-07-1.971920414802355e-07j),(0.607881704000614+0j),(-2.855213343624964e-06+2.028432993819676e-06j),(3.2089839410691426e-07+1.7230552930177952e-07j),(2.2142956984670578e-06+6.1818484610519445e-09j),(-0.10161760992513612-0.01332365317947095j),(3.6128361745926284e-06+3.843982919223201e-06j),(-1.8206992257996072e-06-3.4637851315979093e-07j),(0.00014245481182493917-9.354885323245586e-05j),(-0.015605054512530872+0.007938958153881506j),(0.002469307741855296+0.001862633422724218j),(-0.0622604658733073+0.0816138814979302j),(0.0008670301041376958+0.0003813564554488728j),(-0.07505186778662876-0.050279702458702856j),(0.4559625022928091+0.01614823817890096j),(0.056455579079197994-0.037104719652313496j),(-0.00026148279531100927+0.005958483385428662j),(0.007916274393172655+0.0009475992555314184j),(-0.033115852315667486-7.648084014575535e-06j),(-0.0013654897727862208-0.001631839123365995j),(0.00010379670348777417+0.00022086553818098035j),(0.00017594740251083467+0.0001439651071690571j),(0.009936019210841205+0.0008641896555215475j),(0.006977651035853467+0.0013205394562252047j),(0.020348831613491804-0.0021242467199763127j),(0.0017396419895534235+0.00035223903272613437j),(-0.0011629786685183325-0.00043018462069074296j),(-0.006714644037840145+0.0023235203545199697j),(-0.03105435955732662-0.0012259595695024122j),(0.0343399709954913-0.002772240721352114j),(-1.1645983408084553e-14-8.647336480495297e-16j),(0.06255265640027177+0.00010682969998484712j),(-0.049661391179971176+0.0008313824887622827j),(0.019812866975433475+0.0018486679423537788j),(-0.0007119433135083385-0.00012280134379965586j),(-0.04071627247048096-0.011005730526298631j),(0.012763484437292194+0.0005245072982713352j),(-0.04988873577982542-9.121745916090308e-05j),(0.0013797444873035166+0.0008924159538957428j),(0.04671204739942645+0.008535205301434479j),(0.01691414473942429-0.02030684240338021j),(0.0010101070843015099-0.003428156526546259j)
10,(9.866793043186346e-15-2.6513959666059583e-15j),(1.0651233731257067e-14-2.7949335499247766e-15j),(-2.8162157796571175e-05-5.569711009966266e-06j),(-1.7759718614061544e-05-2.7319034847524985e-06j),(5.2718796133782645e-06+2.183884099927893e-06j),(2.082425574334674e-17-2.9158276274806413e-17j),(4.5166039161675356e-14-1.2235604688732355e-14j),(1.0105325005154213e-16-2.2581778763017723e-16j),(-1.0966054770153675e-16-1.4546096787890222e-16j),(-0.0021986881482968-0.00045350053573067317j),(0.001321741182002718+0.00020028874398459387j),(5.180584087192365e-17-6.502158423035225e-18j),(5.481990456079942e-17-1.219306166654493e-16j),(2.020990212316925e-08-6.703799572551881e-09j),(2.7416224360322357e-08-7.31097077717199e-09j),(-5.772283065980274e-17+7.5947175562448e-17j),(-1.9030182843937756e-16-1.4186788227817666e-16j),(5.594355608231184e-11-1.9380356433068817e-11j),(-3.9217456021231337e-16+5.616839903034802e-16j),(7.240573688908751e-11-2.0713046073525486e-11j),(-1.232801522915161e-07-2.5443528711830754e-08j),(4.7987381385169595e-08-3.270651796814875e-08j),(-6.524461050078701e-16+1.4141532274711087e-16j),(3.958657131915716e-16+2.475661435383304e-15j),(-1.4778856520121376e-16+2.4490060496297125e-16j),(6.373975077155444e-08-4.027141985876205e-08j),(5.71678847846817e-06+1.8051300110320344e-06j),(2.904224044600387e-10+2.72259066633845e-11j),(3.927638332733956e-06+1.0931006038882626e-06j),(1.0541540161644856e-10-1.3144059695904253e-10j),(-1.909694438606262e-12-1.2023678488159703e-12j),(0.3614391842327662+0.00206996879909907j),(0.31739421171315935-0.006323956308942669j),(-2.3964368630633035e-06-8.216967695435687e-06j),(2.342929072606209e-12+2.9481205241608173e-12j),(5.657921870048558e-09+4.007060952407913e-09j),(3.166610558644664e-11-4.461107011746242e-12j),(9.246412454644707e-08-1.4842705699512383e-08j),(1.404438172635938e-11-5.55051253785236e-12j),(5.507372168156215e-13+2.725766433616225e-13j),(6.231081497446382e-13+4.040933402139651e-13j),(1.5316444216709864e-11-2.637440242452869e-11j),(-1.032117023025166e-13-1.1581892006424936e-12j),(-0.350377790409476+0.0005322459416586545j),(-7.447106475981146e-13+2.548392607962378e-13j),(-1.4824270740880507e-11+5.8388676221896466e-12j),(-1.7685577768365747e-10+1.379951130030488e-10j),(-0.0001163236896356915+5.1930354113149095e-05j),(-4.063545130182754e-08-2.493065984642531e-08j),(-0.0001362841980927686+0.00010101716367616417j),(-1.9189576503533115e-07-5.313932491602367e-11j),(-5.346453442165854e-09-4.60383135424167e-09j),(-0.1697364516881972+0.07128203954786716j),(-2.760387116981911e-07+2.4816468973245785e-07j),(-0.4078843400223995-0.037070547051878816j),(4.688774125521932e-06-2.6124240685737304e-06j),(-2.572068336447392e-07-2.1444310219283635e-07j),(1.22202703300662e-08-1.0242246765511603e-06j),(-0.4584349337817549+0.029118601603448806j),(1.1017301610733967e-05+1.1085006553784108e-05j),(1.6663879345780995e-06-8.263444637270239e-07j),(-1.4679709191948219e-05+2.0717992623310206e-05j),(0.010627689253799182+0.0007330526906702637j),(-0.0010552538245812738-0.003001418460050261j),(0.03282157114219946+0.08522441371440344j),(0.002128511698217379-0.0031307145441820125j),(-0.07170936468857754-0.022752072220803395j),(0.46753155107367034+0j),(0.03277455700805633-0.036550038179122835j),(-0.000645487532451396+0.0042686873956159135j),(0.001994001174876318-0.0005602878176990138j),(-0.0034570624193334615+0.0015835849418336665j),(0.00018436869451820306-0.00017112326392414357j),(8.722032693333271e-05+4.067326869030317e-05j),(0.00014193897312293616+9.85982101798817e-05j),(0.008752219621445822+0.001283956988068668j),(-0.011554507642449578-0.0007686018717151678j),(0.001869211035961819+0.0005144081660815647j),(-0.001563249982283616-0.0003418494671045022j),(-0.008674188814089387+0.0006177794761692461j),(0.008685315534185525+0.00270974346631208j),(-0.039723249300608054-0.0022223919208778824j),(0.0507939802251834-3.088959844777667e-05j),(-2.1705605793657605e-14+2.0672674477774024e-14j),(0.009910166840963987+0.0020179863719310275j),(-0.0117573129398921-0.0005545287507413149j),(-0.028085194375192284+0.0023876581652259895j),(-0.0007714028803524932-0.0002268448876461658j),(0.009165494728829136+0.0020892750016535573j),(0.00580997083069959-0.0018547653177670028j),(-0.021288737167674494-0.0010073940577430985j),(-0.002679852839897285-0.0010831539123057445j),(-0.020795488099208795-0.005318906086434552j),(-0.019727001527639766+0.013989558364084914j),(0.0010437334636646178-0.0006745130681724855j)
11,(2.8983143542017776e-15-6.891741725346059e-16j),(-1.59120623941056e-14+3.6239769980609025e-15j),(-8.743765557455283e-06-1.8062726263449635e-06j),(2.6902477766476305e-05+4.511395527742052e-06j),(6.810780423539653e-06+2.84324395755761e-06j),(9.877708487148829e-17-2.8133774702377006e-16j),(4.1658549370297574e-14-9.982399099737854e-15j),(-7.413588030941952e-17+2.1904945420624118e-16j),(-8.327775945849617e-17+1.6578841780565044e-16j),(-0.0006832255649955102-0.00014731442638706805j),(-0.0020049715931508122-0.00033343879131852907j),(1.475742849611933e-17-3.3964693546057517e-16j),(1.6192206519571373e-16+1.2015971746637312e-16j),(6.56342940519966e-09-2.0893968687221397e-09j),(-3.659298715392949e-08+9.481604388523535e-09j),(5.2773409901620394e-17-4.5841780451540416e-17j),(-6.857227572442096e-17+1.407117143797576e-16j),(1.300133675759495e-11-5.304014747495121e-12j),(-2.475408132243089e-16+1.5867504068041864e-17j),(-9.545303511675099e-11+2.818463164004828e-11j),(-8.574781071631637e-08-1.9498051554868348e-08j),(9.530895745150111e-09-7.349916037921605e-09j),(9.936492489230382e-16-8.650740945516971e-16j),(-2.594601992100692e-16+7.745382827798168e-16j),(-1.778520226579485e-16-1.0245208949216099e-16j),(-1.1434037192768724e-07+8.442545412691178e-08j),(2.222986558047805e-06+6.823625233948719e-07j),(9.36892760033856e-11-2.8052772943757038e-11j),(-4.0411057930909725e-06-7.271941971439317e-07j),(-1.588585692641959e-10+2.537855618154413e-10j),(-7.351284118013206e-13-6.837115909260096e-13j),(0.11373025677018893+0.002112759163074268j),(-0.48691814001217215-0.00020594557889849763j),(3.753336266311802e-07-2.5151527391865334e-06j),(7.735108226432721e-13+1.0360300900563656e-12j),(1.6806011457434631e-09+3.2249014700101508e-09j),(1.0012286514406486e-11-1.1555845482469866e-12j),(7.302693824057927e-08-9.20457160440895e-09j),(-1.977953928867302e-11+1.0413646158426898e-11j),(2.0158967458327025e-13+2.5859319110122247e-13j),(-2.1488910188041518e-12-3.875734475300691e-13j),(-6.123881993267292e-12-1.0919000087826468e-11j),(-5.878901167814884e-14-2.0114777389734137e-13j),(-0.32243122752726483+0.009331042095857334j),(5.994386547221748e-15-7.010703298712623e-14j),(-6.515202302807382e-12+3.0202017126974544e-12j),(-3.37512195926993e-12+1.8579681520469275e-11j),(-4.0167913837581694e-05+1.8142080298014288e-05j),(1.5005264840582268e-08-9.949136157171125e-09j),(2.486650013725194e-05-2.2646390100340258e-05j),(7.978296876876855e-09+8.843891435544224e-11j),(1.4930077267267828e-09-7.76124308830048e-10j),(0.023800036321686882-0.006474301633834334j),(7.65436357244565e-08-3.899975471968706e-08j),(-0.21187179905161851+0.0315264670876549j),(-1.1580559585607505e-06+5.489914893392743e-07j),(-8.780561690134972e-08+8.820208268101752e-10j),(-2.21627110022658e-06+9.438772651046032e-07j),(0.6247575352250879+0j),(-1.615320542938485e-05-1.7284462575234318e-05j),(-7.461418455030602e-07+1.4903948627291484e-06j),(-0.00021992416740327807+0.0001247110550918855j),(0.029918381818358673-0.0071800073491304454j),(-0.004432293083604933-0.005616028759212865j),(0.0856561904517998+0.05648549257639068j),(0.0023316391776037433-0.005794910347972568j),(-0.019082153950821773-0.006797697806875854j),(0.3988301531388114-0.01315212803516333j),(0.116313837099699-0.022103694903271832j),(-0.005164907419407344+0.006254242680019672j),(0.009790090786261096+0.002394727546794298j),(-0.030126565138699667-0.003352161031263446j),(-0.00014520522091725056-0.00044834131377949837j),(-0.0002064238838439755-0.0012085379015685327j),(0.0004605637128928781+0.0002520634038544819j),(0.007155280962837716+0.0008006579058368458j),(-0.006086672654556934+0.0006756443532678555j),(-0.019252485461239536+0.004302102324285443j),(-0.0001790982956979102-0.00010744258312314587j),(0.015590072374225154+6.618175233565234e-05j),(0.005126010662164213+0.0010646883088053778j),(-0.02300213812611132+0.0010123199991246945j),(0.028952272748798455-0.0042270244608659515j),(3.103665879863619e-14-2.0017138286783848e-14j),(0.019914982562381223-0.0019942325226080587j),(-0.042342319918577384+0.003538874509336265j),(0.03754496518749249+0.004829983082017505j),(0.0018905400495592153+0.0003955755319421544j),(0.06717074798812504-0.0009220588357385703j),(0.013021610109046452+0.001438406798966446j),(-0.03124854909693126+0.006531217119541121j),(0.003009786756534975+0.0029052646314134687j),(-0.013565991625826553+0.02338890896735878j),(0.058846454811755745-0.000510407095167472j),(0.006422767124230906+0.0007361627549344514j)
12,(7.971439566923433e-11-1.8403249745365203e-11j),(-2.5822740077923282e-11+6.064290175860223e-12j),(-1.622227643307124e-08-4.78269808534044e-09j),(2.8223550383633156e-09+6.129127246190806e-10j),(-5.584557207586129e-10-4.3241084029350186e-10j),(-2.239897172160308e-17-3.003953002005342e-17j),(-1.6204161989021216e-10+1.998432206389399e-11j),(2.0327977082488889e-16+2.175263645186541e-16j),(1.811566802513847e-17+1.6630463061101726e-17j),(-1.55225069792527e-05-4.543263328157946e-06j),(-2.5739567589700203e-06-5.257248051978671e-07j),(-6.796774160309635e-17+7.682014810973469e-17j),(1.0196628725676506e-16-7.214337281455329e-17j),(3.7891582261285702e-06-1.0851754153815888e-06j),(-1.056163991024162e-06+3.1594183630920927e-07j),(1.7740358565707437e-16+5.739750912811519e-17j),(-3.999109951580414e-17-1.6398605185263042e-16j),(6.660639926550288e-09-1.969518285161472e-09j),(-4.8732039404060194e-14+3.216303342927954e-14j),(-1.8502229069177015e-09+6.688196773694769e-10j),(7.221274536783235e-07+5.495582330338896e-07j),(3.170362105615263e-06-1.6618352936491723e-06j),(1.8978870417824025e-14-1.4631592009837456e-14j),(-1.2394544186583275e-16+1.7816215675307594e-13j),(5.183532728107947e-16-5.9250953170953755e-15j),(-2.237835352648869e-06+1.7403412668018633e-06j),(0.00020166016071135418+2.076132197907768e-05j),(1.3529421344677807e-08-2.488698251418435e-09j),(-1.4586443289939534e-05+3.7856985445892557e-06j),(-1.5510415178645028e-09+5.267676766341837e-09j),(-1.0392552808473703e-10-3.008801410287809e-11j),(0.010724762785334123+1.2661440556430495e-05j),(-0.00299893375740652+0.00013802567163183842j),(2.7096186237496673e-05+4.487811378886768e-06j),(3.36577074415619e-11+7.955998239602724e-11j),(-2.210776516625652e-08+4.8831425692424767e-08j),(2.715202987100163e-10+2.0815036873647822e-10j),(2.3713198879462323e-06-4.6536332630312967e-07j),(-8.155233757411463e-11-3.355629418667191e-11j),(-1.5494430279294612e-12+4.456825395476847e-12j),(-6.770257728318977e-12-6.765065501436216e-12j),(5.513138249521227e-09-3.3154406162242623e-10j),(3.724993041849087e-11-2.0200988548758584e-10j),(0.008192528805012717+1.4969789137633804e-05j),(-2.6307930176039956e-11+8.843157187824908e-12j),(-4.788243374468015e-10+1.1859959873373608e-10j),(-6.395648549026681e-09+2.3974795726704366e-09j),(-0.0017600157118741726+0.00034172640769374523j),(-1.5693126914353028e-07-3.4326114606903005e-07j),(-0.00030100191971817907+0.00010996051834509937j),(-7.321007455066781e-07-6.972485230063681e-08j),(-8.28416184542633e-09-2.7886495929472267e-08j),(-0.08064982044033474+0.022575284975790384j),(-1.1641775075658138e-07+4.602458929906028e-07j),(-0.12843287797233954-0.008714863538985339j),(7.158387831244368e-07-1.541949269885577e-06j),(-6.075219065500174e-07-8.6954262276871e-08j),(-5.184791362230206e-06+4.2505810448315186e-07j),(0.048569591341140465-0.003468402892727123j),(2.4214125724893226e-06+4.3550368651821786e-07j),(7.55460247204363e-07-2.8592820207781375e-07j),(0.0005703522715624023-0.0005144374734654216j),(-0.11429329400997623+0.03861506640011428j),(0.018219874508760645+0.020419622949571222j),(-0.45459789127777644-0.004474685284161339j),(-0.00481178404506925+0.017888065972669752j),(-0.039358890175935524-0.12698221166617282j),(-0.09559859247996479+0.07264184410739223j),(0.03692720712558229-0.012239018597681856j),(0.005888061035410503+0.005416363109610033j),(0.022690826469815354+0.004418861030764106j),(-0.1306170988455473-0.0002833519164901141j),(-0.008919945170146593-0.0064174811030787305j),(0.0006584303511161349+0.0022001673438750836j),(0.0015864746248652507+0.0012468907076280576j),(0.08307087175986713+0.00713454322022321j),(0.05823272611706482+0.010741510911130674j),(0.12785948158387445-0.018645901524335512j),(0.01478379343829779+0.002937769937916405j),(-0.009772569717575648-0.0034954770690391857j),(-0.05524316076772723+0.01835787184567326j),(-0.23547211856524447-0.009141170895469588j),(0.24593173337721064-0.02042221016525332j),(5.982403748794739e-14-9.28599264186733e-15j),(0.3539814266949472+0j),(-0.25589129581788106+0.00217780916351748j),(0.14208255221802427+0.011578235365052588j),(-0.006052384661982745-0.0010329499893894137j),(-0.30453682971135254-0.0644196384498871j),(0.08987067730495325+0.0038829934278663096j),(-0.29271334147152683-0.002635177038206163j),(0.009821738320716871+0.005489623155777496j),(0.33546932498844556+0.04934574981065181j),(0.09933621898239858-0.14335769004908122j),(0.002768673320167965-0.0219980724515917j)
13,(-6.384799917868306e-11+1.43625503238943e-11j),(-6.846411992861094e-11+1.4145429734209562e-11j),(1.2754294150822128e-08+3.828151933056495e-09j),(6.7979738767793e-09+1.594234715112024e-09j),(-9.536871683961361e-10-6.523213307534692e-10j),(-2.0080575472980358e-16+1.900184849388591e-16j),(-2.293875074626716e-10+4.815449835810498e-11j),(-4.821045345072486e-17+2.7206287526914766e-16j),(9.569174149837492e-17+2.7990141825940505e-17j),(1.2393985049834703e-05+3.7395008743678375e-06j),(-6.301092538650361e-06-1.4198646136801954e-06j),(1.705926020194863e-16-2.014470810404108e-16j),(1.8971903247488046e-16-1.191568679022263e-16j),(-3.0255249741152374e-06+8.442869430764122e-07j),(-4.0147210633113335e-06+9.374849735821043e-07j),(-2.2254566107434694e-16-5.421590935928046e-17j),(5.2237730143390163e-17+1.6262911130214874e-16j),(-5.821580453879331e-09+1.5890821008317772e-09j),(4.321128297963788e-14-2.700431737083976e-14j),(-7.238810461796157e-09+1.6853033859122181e-09j),(1.195473680050741e-05+2.1456643457264673e-06j),(-2.669219368538898e-06+1.562345551182055e-06j),(7.823634498457957e-14-4.6472658945626725e-14j),(-7.447219144688113e-15-1.4039078139509244e-13j),(-2.566629515742236e-16+5.089851151645873e-15j),(-3.754612650754902e-06+2.080850144969521e-06j),(-0.00014615843480529332-1.4366553058935245e-05j),(-1.0714814961922699e-08+3.9276095703465876e-10j),(-0.00013264817364651068-1.6300441115798046e-05j),(-4.826182147317317e-09+7.84894633781159e-09j),(7.024651954318162e-11+3.664754769147677e-11j),(-0.00912827640222283-0.00014653044682213677j),(-0.008154520999206575+4.4481263685202006e-05j),(-6.411099603486858e-05-1.8694067356049897e-05j),(-2.5014178026167427e-11-5.874435700958321e-11j),(5.583986692712497e-08-1.2634441994933478e-07j),(-1.7924828342320853e-10-1.50399117517556e-10j),(-7.571214954623434e-06-6.369405440827482e-07j),(-7.527802879731891e-11-6.818595202561428e-12j),(2.5386346174218328e-12-1.2113340748894774e-11j),(-1.9445735558594717e-11-6.912311749166081e-12j),(-3.1627562444721257e-09+1.5524592464736505e-10j),(-4.0307866755473065e-11+1.3763756374894618e-10j),(0.010609339185034195-1.8439418982465344e-06j),(5.132933781111746e-11-8.83506412562291e-12j),(4.062052572401837e-10-7.183345063334386e-11j),(6.30888666564161e-09-2.3266865475353476e-09j),(0.0014330296466452705-0.0003248175689059046j),(5.817646494116928e-07+3.3865054209529066e-07j),(0.0012023982135835494-0.0004394515575030579j),(1.7169766756966855e-06+3.0289317759106183e-07j),(4.11201431396669e-08+5.730977618312245e-08j),(0.7505689301615187+0j),(1.7817112926746312e-06-1.2951709747870472e-06j),(-0.15507409638393066+0.08621697442418791j),(-2.322407162925875e-05+5.18990838958165e-06j),(7.901321150455188e-07+8.527694306667785e-07j),(-4.533641918315612e-06+3.0675850408903134e-06j),(-0.06592420914517343+0.047254836853319625j),(4.519924116070473e-06+5.222774665322622e-07j),(4.335296624558053e-06-2.05217776201862e-06j),(5.0211054111352956e-05-4.236626412129546e-05j),(0.003031712562365502+0.0017078885087400614j),(-0.0003910495520565942-0.0008232394424897677j),(0.03046782155286546+0.013600692835434188j),(0.0004669694983965146-0.0005915245603661242j),(-0.016502945927704817+0.01224074448773615j),(-0.011455624613424318-0.011565754632021941j),(-0.08017273526725287-0.007147567817214803j),(0.0025881948259693036-0.003245180265321152j),(-0.01204495051458493-0.003408093303901524j),(0.05159865203813791+0.003836387551852104j),(0.0020367729576191455+0.0016899850089528018j),(0.0004510979688556118+0.0009121591490401093j),(0.0012900633179422111+0.0008594320182392035j),(0.0731874456217342+0.010688114805252022j),(-0.09560545793535459-0.006336294140054162j),(0.003742098265710384+0.0009878998403879023j),(-0.013292451031499185-0.0028788604347919624j),(-0.07195424450400555+0.005233049868454888j),(0.0696345222143683+0.02085044821362723j),(-0.3055075438309094-0.0169138887857055j),(0.3767147698603282+0.0005341989651895251j),(-3.3340987684589105e-14+1.309316702139488e-14j),(-0.006422495353399624+0.01885578835418891j),(0.0003131283869081307-0.012390321675033665j),(-0.22236841365563265+0.01810184317761895j),(-0.006582715302630261-0.0019234935125697268j),(0.05252799427626037+0.02645871414102265j),(0.03585974340319515-0.014026286272430457j),(-0.08892402024791723-0.012238542444263173j),(-0.02075076061167711-0.008597497873362113j),(-0.16435656150390004-0.04900749669998353j),(-0.16624293624134348+0.11226275290672671j),(0.0034861784631958536-0.0019175025683926174j)
14,(-1.9482320666685274e-11+4.02967368801832e-12j),(1.0324523999672883e-10-1.935802146584032e-11j),(3.9643862481275905e-09+1.2314329764173852e-09j),(-1.0346270276382902e-08-2.6132517447916788e-09j),(-1.6796494299423964e-09-1.0564132471741482e-09j),(6.930897104425979e-18+1.2647743759292243e-17j),(-2.1402191473567146e-10+4.4566132508124104e-11j),(-6.0195707900723806e-18-8.71512021209335e-17j),(5.209935471967317e-17+1.919289536869453e-17j),(3.7953368407190333e-06+1.1724175510099541e-06j),(9.448876710460936e-06+2.271353650466739e-06j),(7.472263339926602e-18-1.0919257934340643e-16j),(2.1165962483885544e-17+2.3496448158662277e-17j),(-9.984147753905406e-07+2.6634967606782213e-07j),(5.444668123947525e-06-1.2163493660524418e-06j),(-2.5997298745391576e-17+5.4446606167532737e-17j),(1.6366898025964965e-17-3.986602334528678e-18j),(-1.2822182785889196e-09+4.643965608737e-10j),(9.030809836327781e-15-6.941142144921293e-15j),(9.731744502142755e-09-2.296021579658047e-09j),(9.996430184031525e-06+1.7688712918177428e-06j),(-4.081063465737653e-07+3.566081786288415e-07j),(-1.049992347125339e-13+6.289079387784635e-14j),(5.45660688382832e-15-5.293761387426477e-14j),(-6.379010435984959e-16+1.7119531082231428e-15j),(6.177661823405652e-06-3.877996389040742e-06j),(-6.304358972505252e-05-6.7713749767655526e-06j),(-3.3088331016861665e-09+2.0088871855355575e-09j),(0.00014934794691774412+1.352108849848932e-05j),(6.671294214192064e-09-1.3428372411345377e-08j),(2.977771441903498e-11+3.0416078167333753e-11j),(-0.002647495115302761-5.0407401031016155e-05j),(0.01134937139602228+7.452878541853655e-06j),(-5.2574173564783383e-05-1.5219837851381615e-05j),(-8.51386580490405e-12-2.1648176213094762e-11j),(4.665670400652349e-08-1.0619670779128227e-07j),(-4.7022365369042596e-11-4.9173808993352445e-11j),(-4.976281193949447e-06-8.265478154709092e-07j),(1.643225524487039e-10+4.9998657277437426e-11j),(1.9902828258632045e-12-1.0215057018215534e-11j),(3.1930548950859203e-11+1.5560161510565237e-11j),(-9.614866965011525e-10+1.7749879574552462e-10j),(-1.9656743981680458e-11+5.262138720714367e-11j),(0.007458733168503523-0.00020653881380342963j),(-2.080315327790247e-11-3.949751825126959e-13j),(1.683334270232804e-10-5.937244140984879e-11j),(1.6556794212867126e-09-5.793854777906886e-10j),(0.0005411793623223588-0.00014703386004655473j),(-2.0356761627778683e-07+1.1135819034496032e-07j),(-0.0001508413767244094+8.17077059334108e-05j),(4.3997159552494566e-08-5.716693709344164e-09j),(-1.4531560140096106e-08+8.353830529022069e-09j),(-0.02960526518399528+0.007392494309070513j),(-3.280566513084115e-07+1.4152152820484502e-07j),(0.06415514826723089-0.013234715657837178j),(3.2440855682026227e-06-1.1122674486546205e-06j),(3.99062610065561e-07+8.751914984010662e-08j),(5.5188547147510925e-06-9.62660432073714e-07j),(-0.14799772504887285-0.004614453059100987j),(1.3928868841354316e-06+3.342202581578062e-06j),(4.768934020254609e-06-6.548141999237811e-07j),(-0.00027505713479352865+0.00031406645478818205j),(0.06371829608780444-0.029939327735581216j),(-0.014009571441553036-0.007999012535695932j),(0.23473457399998388-0.08624101285246484j),(0.0004514420720567779-0.012152878165545078j),(0.1927524788043568+0.050491556757681674j),(-0.15556004112501756+0.00032738899667518473j),(0.36841444383303235+0.04887095454426464j),(-0.01990024713870454+0.009832118026987528j),(0.034250887292847976+0.012275561132463371j),(-0.11372140840266724-0.020517090765935362j),(-0.00030227674732725106-0.00014031845913803597j),(-0.002551833282170001-0.006427574423255737j),(0.004023428690148821+0.0021618304690537433j),(0.05982943189691112+0.006664101177225073j),(-0.05022927813389314+0.005579652228972356j),(-0.12577672380654512+0.028593681277041393j),(-0.0015161790591458734-0.0009165341494310158j),(0.12890551020112428+0.000490817003492558j),(0.04069502457939034+0.0077827565310134884j),(-0.17233560195462683+0.007952014350706813j),(0.2064876458239422-0.030861666758167358j),(-2.1381430538865156e-15+6.152776126884741e-15j),(0.06875424056901504-0.0074797816957560305j),(-0.20841147360988113+0.01854770940022306j),(0.27332867855997206+0.033022240404567166j),(0.016161158306108925+0.0033260779938966553j),(0.44423750029247777+0j),(0.09240878326122333+0.010879771576181883j),(-0.16356941523528395+0.04061987249473076j),(0.02189874267568437+0.01992163220849793j),(-0.10628117631682012+0.15950289536031123j),(0.402923733028299+0j),(0.041793742138156884+0.0073125539378392414j)
15,(3.158722520999423e-14-5.163117916253677e-15j),(4.0290708842604935e-14-5.135410276822213e-15j),(-1.698926358907502e-11-9.202605855626406e-12j),(-9.193499100362098e-12-4.275842722596732e-12j),(1.3326494034543489e-12+1.385635541787044e-12j),(1.6070326639209168e-16-2.014201269533378e-16j),(3.079632417261195e-13-6.141341085255996e-14j),(1.5625957768624368e-16+9.81052355890969e-18j),(5.972506488014431e-17+3.384670226476852e-17j),(-2.0403509295427018e-07-1.0889657553478671e-07j),(1.0558606276930824e-07+4.7049971033320624e-08j),(-1.6993733698757823e-16+1.466652978944425e-16j),(-5.624032503971618e-17-1.076090513656243e-16j),(5.8229122864645016e-08-1.1975772104734689e-08j),(9.171109577680176e-08-1.2083704072419367e-08j),(1.0925244237420345e-16-1.0006938373185532e-17j),(-2.577754693684746e-16+2.1046401925587413e-16j),(1.5408914827978147e-10-3.224164776632697e-11j),(-1.3237448129176253e-15+4.783577074791336e-16j),(2.2815674567297842e-10-3.306551976874205e-11j),(-4.665224485418432e-07-1.4058656774861363e-07j),(1.1362443442922689e-07-5.7632717878763036e-08j),(-2.4492841492424374e-15+1.2313699897776486e-15j),(-2.400775797372239e-17+5.295021556437066e-15j),(2.1400376340304353e-16-2.4399321771425355e-16j),(1.9312150137885287e-07-8.635496761926516e-08j),(8.17445461955025e-06+2.3035009696770297e-06j),(5.279053369998318e-10+8.097188495385873e-11j),(7.68909763619975e-06+2.3815059647015165e-06j),(3.116823446800357e-10-3.4021989332681353e-10j),(-3.1656701720257464e-12-2.5125044734190282e-12j),(0.0006813465883592864+9.156611828613838e-05j),(0.0007323764929468978+9.636100743634494e-05j),(4.804808661358399e-06+1.843507076653983e-06j),(1.356076080769257e-12+3.829358789256447e-12j),(-4.2810086982504384e-09+9.454383411688535e-09j),(1.2204549961267832e-11+1.1599607739063356e-11j),(8.942259414321456e-07+8.318550133094713e-08j),(6.432562858913845e-12+1.1620132396111877e-12j),(-1.9712345616915488e-13+9.066751868006791e-13j),(1.4311204087362271e-12+6.558957174523079e-13j),(3.909881434301808e-10-1.1437321070578862e-11j),(6.15538211106145e-12-1.6877873869404826e-11j),(-0.002271104949139918-2.634798731351558e-05j),(-7.883295162529513e-12+6.081593518236915e-13j),(-7.854080300108734e-11+1.2989639554382664e-11j),(-1.4500398463497744e-09+5.231266340786818e-10j),(-0.0004971851711551616+0.00010646271461084782j),(-1.887202847242702e-07-1.3858794599197345e-07j),(-0.0006515463758563776+0.0002279666942712966j),(-7.909685587857782e-07-1.9543495223781857e-07j),(-1.8156128411596545e-08-2.573089721950173e-08j),(-0.5749330065048142-0.025672753433437945j),(-1.2074306549673253e-06+6.072725026959834e-07j),(0.19601281644924953-0.058169238433786165j),(1.742209734099779e-05-2.3037963878290568e-06j),(-4.493298250076872e-07-7.384083721487424e-07j),(4.4855094218561875e-06-2.2025839367388034e-06j),(0.12833189579139873-0.039706550132892524j),(-7.105292119694157e-06-3.2102200868417407e-06j),(-7.700722620867748e-06+2.6639213640161563e-06j),(-0.0003055297289595954+0.00021210531171236683j),(0.03830693556587999-0.009871577505487068j),(-0.004037535554094686-0.008710680577244992j),(0.14601880424953748+0.010327067476607348j),(0.002337998864197114-0.0031046495431438234j),(-0.05460643875777793+0.06920516098941318j),(-0.04915961217396256-0.045205023831334575j),(-0.22115111730034687+0.018320028986444276j),(0.006868756961595822-0.010549127057613662j),(-0.027173100208767394-0.005602956278523285j),(0.10326633406547266+0.003827264807308786j),(0.003053038723062547+0.003979695404988689j),(0.0004052523277777634+0.0018169245524657521j),(0.0012407534917226331+0.0008449860022497541j),(0.07379523707058964+0.010825506642758697j),(-0.09780137794683516-0.006478875506424772j),(0.006411741153670618+0.001459363676207142j),(-0.01297547181887947-0.002906134162994953j),(-0.07381754564299822+0.005520132733013092j),(0.07466737373712282+0.02248569909054613j),(-0.3313343143584076-0.018247874989880255j),(0.4228123864895477+0j),(-7.655650665048568e-14+3.1383733282620944e-16j),(-0.009291221927134637+0.029424514312813944j),(0.00015921106520054573-0.019414345743036812j),(-0.26895113069679155+0.025273473370767796j),(-0.006407778248646796-0.0019247749856722454j),(0.07752609944583459+0.0354525529736355j),(0.04182010934702776-0.016407025660829307j),(-0.12446843398362896-0.016043811983733308j),(-0.026160989801821313-0.011110291890637045j),(-0.21589340688562061-0.059093746295107066j),(-0.21394122490237663+0.15046060610665826j),(0.004676457103310751-0.002737772994286556j)
16,(-5.971321627643583e-07+1.0696214280136174e-07j),(1.9702381158559406e-07-3.68467605656942e-08j),(6.240473401618274e-12+2.5085503512870135e-12j),(-9.234840548684884e-13-2.768096677427184e-13j),(-4.7226969201141546e-14+1.7525679401074618e-14j),(-6.95282424603027e-17+4.561021367106011e-17j),(1.30055183262668e-06-2.210853661792552e-07j),(-1.0026359651553691e-16-1.8749340896757907e-16j),(-5.12681071019765e-18-3.0544982051229476e-17j),(7.358770055644231e-08+2.8616861702526608e-08j),(1.0236344041176504e-08+2.800096285606639e-09j),(-5.439012315494771e-17-6.120505552549364e-17j),(5.761876292016129e-16-3.539023732781902e-16j),(-0.0007406578321614322+0.00017882228282119136j),(0.0002216759076982401-5.5665347050391236e-05j),(-3.7704939221442037e-16+1.1129112977170703e-16j),(-6.232540198895104e-17-8.853009855174683e-17j),(-9.450913908481675e-07+2.2717209177914723e-07j),(7.090970988470829e-12-4.167999432362804e-12j),(2.825182225084241e-07-8.044108957811037e-08j),(-0.0011737802291841137-8.465564627165782e-05j),(-0.00030692438292260875+0.00012735288953116009j),(-2.99708426733382e-12+1.9888610489938974e-12j),(2.2111013133446226e-12-1.824386063952727e-11j),(-1.562593418221925e-13+6.537892065268089e-13j),(0.00020728971866954368-0.00014145279954702454j),(-0.013446455133672175-0.000667524559781036j),(-1.0152835946888898e-06+2.737979502962741e-07j),(0.001465402446207476-0.00020692879932432477j),(1.196760257055737e-07-4.6455904104638314e-07j),(7.88235462980621e-09+3.6164175825573374e-10j),(-0.00021823818701368377-5.533763336098028e-07j),(5.580923763237285e-05-3.23614720705451e-06j),(0.0009306494763890872+0.00013703416145660006j),(-1.8157074947340025e-09-4.9817148312167405e-09j),(-3.1962263185802803e-07+2.399112186513033e-06j),(-1.547557207004694e-08-1.2294045832715657e-08j),(8.728392086392243e-05+2.9127478422035984e-05j),(3.824019736813051e-09+1.6520747568802744e-09j),(5.96055229746343e-11+2.380867768899279e-10j),(2.601301064799875e-10+3.9218416987831165e-10j),(-2.067436318189175e-07-4.4811249534377145e-09j),(-1.204683989107672e-09+6.739153736925832e-09j),(-0.00013082564427930538-5.54872892369693e-06j),(6.729015027055784e-10-2.2337077971522706e-10j),(1.0097730166250343e-08-1.3802858553047344e-09j),(1.1663526260071964e-07-2.8950397962876e-08j),(0.024338221407527567-0.0014909474618723627j),(1.1647200596923557e-06+4.512708462738335e-06j),(0.001720646190826915-0.0003165071317098963j),(5.034711034813186e-06+1.0812308970866996e-06j),(1.878612024659868e-08+1.9759297826308186e-07j),(0.04008459302618103-0.008227125023581295j),(-2.5277097921469936e-07-2.513119361350543e-06j),(0.014470647842175572+0.006167853960166821j),(9.658381517538429e-06+4.799486297397449e-06j),(3.1099687643392025e-06-3.0519025527869287e-08j),(2.874829708916455e-05-2.3496202973741808e-06j),(-0.023411551761231893+0.004389593155122735j),(-1.6666921230735565e-05-6.843666484069476e-06j),(-4.8760588986874074e-06+2.838860522279237e-06j),(-0.0018195823554089565+0.001164776626830891j),(0.21108571854805896-0.051996618441842515j),(-0.020235921927181995-0.04095529795862206j),(0.565551681284323+0j),(0.011415583275735438-0.020099628395854732j),(0.025641314064552372+0.1790214926954254j),(-0.013831238884244923-0.09552576031706272j),(-0.13451966897058049+0.021811735715689305j),(0.00011642873805618823-0.010468784604430296j),(-0.020403721967619564-0.006003614641067552j),(0.0710628870090377+0.015929661758253208j),(-0.0020737715303614295+0.006389826192796904j),(0.0024098921338507984+0.0008450605315318146j),(0.003965779639586844+0.0027162895019804713j),(0.1568329152219934+0.01317868896369292j),(0.11874682600172398+0.01932776204628793j),(0.024147877817467488-0.028630121187386334j),(0.02993628195346812+0.005884913998218527j),(-0.016021517654838252-0.006911046662922543j),(-0.11247927676148073+0.024294531346845546j),(-0.2336663269916611-0.010840765188357035j),(0.1118461011902855-0.015682153134761543j),(4.533421450186804e-14+8.936220165592418e-15j),(-0.0666326188166472-0.03700077901738419j),(0.1676897845411137+0.010152854682921875j),(0.2289423138622872-0.017824807129770564j),(-0.01290626981979174-0.0020913631044838944j),(-0.37610752566138644-0.014941608922933398j),(0.05779984660081187+0.010376433386970557j),(0.11222844981533711-0.0035257743097367768j),(0.020104806071878874+0.004857040102165928j),(0.427939136564018+0j),(0.07131018491250946-0.20788368787317807j),(-0.02232401372710238-0.00652366798730421j)
17,(4.843869409654852e-07-8.376735485392096e-08j),(5.151819541323603e-07-8.365475496190141e-08j),(-4.9033354110007365e-12-2.000287925330873e-12j),(-2.223908558570411e-12-7.091401278809731e-13j),(1.4078961789050843e-13+1.5104886485835243e-13j),(-2.6748048484572206e-17-8.711019544821955e-17j),(1.4744991595243518e-06-2.779649136133242e-07j),(7.665069513534958e-17+4.3401975883162955e-17j),(-1.2635885243364527e-16-4.57089691721536e-17j),(-5.830386154829129e-08-2.3160559808672115e-08j),(2.5262039516880757e-08+7.541861443272003e-09j),(5.434726729242497e-17+6.586065214085847e-17j),(-5.112741561432314e-16+2.5305791480486613e-16j),(0.0005847925749008105-0.00013877631608652074j),(0.0007611621518532779-0.00015691033968663035j),(-6.9073084487537815e-16+1.5203475156899167e-16j),(3.825500336331154e-17+2.0100541487639716e-16j),(8.239927904967886e-07-1.8086334830992016e-07j),(-6.235300339245345e-12+3.48583464360634e-12j),(9.88550565313569e-07-1.8998271731974072e-07j),(-0.002142091910860251-0.0002113442471055444j),(0.0002247071753846719-0.0001305573423891292j),(-1.0949621588888877e-11+5.935549925007175e-12j),(-3.35410511100187e-13+1.4086858816065196e-11j),(6.918050769965373e-14-5.180857327561648e-13j),(0.00034398626104094473-0.00017418132156103984j),(0.008446476295216694+0.0001067375553666166j),(7.321385922829092e-07-6.742185164481463e-08j),(0.009070913728389024+0.0005649681481415037j),(3.6557463952184816e-07-7.179854935616617e-07j),(-4.852434971983827e-09-3.3022291858124697e-09j),(0.00017931978600364823+2.6794014099688825e-06j),(0.00016166370583529428-7.545379018760763e-07j),(0.00502914829236815+0.0013067005913281074j),(1.1271730994529655e-09+3.061645290604979e-09j),(-4.7584674609344565e-06+1.0078173205512152e-05j),(6.313868780432771e-09+6.971239164965488e-09j),(0.00037227546022451684+6.164062991567646e-05j),(3.770225393538441e-09+6.23471863943606e-10j),(-2.1287554428261296e-10+9.804085168305573e-10j),(9.2040130847016e-10+4.491294041232297e-10j),(4.933561215198956e-08+6.104164687427456e-09j),(1.4884988609648004e-09-2.9425715648639585e-09j),(-0.0002610204910723523+9.944683493876648e-06j),(-1.1596870268452398e-09+1.5317462972372524e-10j),(-6.385174098926653e-09+3.373946346584752e-10j),(-8.30442932469205e-08+1.9735604297777356e-08j),(-0.007189176828426354+0.001037039410101024j),(-5.0101753797363355e-06-1.8680595591670788e-06j),(-0.004208625961152445+0.0008187569683271126j),(-8.35640735570558e-06-1.4053948899986266e-06j),(-1.7593342904834616e-07-3.5295459935998387e-07j),(-0.08927550966937955+0.010457238145498156j),(-2.739159590914845e-06+4.360754193599215e-06j),(0.01784273907502485-0.014251169340034271j),(1.1085199062952032e-05-1.0934707353693482e-05j),(-1.2013728534614681e-06+7.839033116062014e-07j),(-3.714302097815112e-06-5.769265104650439e-07j),(0.01153568144744222-0.008525331447849505j),(8.405366542442347e-06+4.106926893740076e-06j),(2.4777630535052525e-05-3.8129288114431934e-06j),(0.000999107614962717-0.0004987880136952855j),(-0.09873727811974634+0.01113136282852499j),(0.005758682015582385+0.02457972032459259j),(-0.3015186246784066-0.07589578524168822j),(-0.007279677696666242+0.003736570359016505j),(0.21245259009651676-0.13726045288458494j),(0.00299933080620763+0.0913118162432523j),(0.5057558887399921+0j),(-0.021675850202069195+0.021142232712091022j),(0.04104272638964186+0.014752433857170115j),(-0.11235913158680357-0.03359883914998781j),(0.002665967140105305-0.0077218163836893314j),(0.0021127393052395656-0.0034899692628182375j),(0.0034788860294134856+0.0019741430783592594j),(0.1352422276748794+0.019481260528453094j),(-0.16459877486655125-0.01085037467269577j),(-0.050596366757169546-0.011190507560952473j),(-0.029292232024256515-0.005776102893587948j),(-0.12522267235305537+0.00923668829946666j),(0.08536363633503269+0.016817478521372477j),(-0.25658026461205324-0.006531898135067552j),(0.14694195926189432-0.004766841753017809j),(-3.4310655873244514e-14-2.9465910633812198e-15j),(-0.28328488351085335-0.03207978448518366j),(0.3115000446213675+0j),(-0.06650453134321231-0.003211757798560739j),(-0.014774922263096481-0.0040155890164564455j),(-0.14303823464421744+0.009330318911620596j),(-0.04270207272114573-0.005511924796488462j),(0.423101559865858+0j),(0.0018668783426030733+0.004048316410530155j),(0.05661097573346676-0.028156600012506684j),(0.0020179056317081306-0.03534040927912462j),(-0.02366022239281553+0.01660913309259772j)
18,(1.4845133474642127e-07-2.3131639805499083e-08j),(-7.786259603429895e-07+1.1278732549354326e-07j),(-1.524622738555839e-12-6.407627056938148e-13j),(3.391642382546888e-12+1.1547712442421584e-12j),(4.0807145531035077e-13+3.3452041516392386e-13j),(-6.114565346992549e-17-4.051081108792889e-18j),(1.3732532772748114e-06-2.761937293147251e-07j),(5.5134634146302937e-17+2.3287610650622107e-18j),(-7.724988405750462e-17+4.4294976398808593e-17j),(-1.78145039389094e-08-7.2410069552700015e-09j),(-3.810190331668492e-08-1.2064928968442503e-08j),(1.8697039479620386e-17-5.075930341581874e-17j),(-3.1057133870084193e-16+1.913346479366352e-16j),(0.00020082696671931062-4.516452736073207e-05j),(-0.001070789843679895+0.00020747413346732131j),(1.0322979302673278e-15-3.954995751856997e-16j),(-1.0780843664100892e-18+4.341578376475751e-17j),(1.7789020644889823e-07-6.07200159798917e-08j),(-1.2773745010404018e-12+9.365300278875123e-13j),(-1.396714431067922e-06+2.6708526670777885e-07j),(-0.001962491597329681-0.00017377522697415446j),(1.9075364296873273e-05-3.457728012075629e-05j),(1.5427023713143547e-11-8.347993014438427e-12j),(-1.0571524316161298e-12+5.679587949159233e-12j),(7.563956872682283e-14-1.9227422705645288e-13j),(-0.000560665985323995+0.00031956111798529276j),(0.00400785251086684+0.0001489778977568205j),(2.197708578612816e-07-1.8216244747834504e-07j),(-0.011103111759818523-0.000508039001258653j),(-5.150175832237358e-07+1.2029677373260182e-06j),(-2.369781566262942e-09-3.3929697869482303e-09j),(5.1328835345024754e-05+1.195524375954057e-06j),(-0.00022973611966154968-1.4320610965569815e-07j),(0.004752377837473455+0.0012160477659742778j),(3.605278860755683e-10+1.1778424555306794e-09j),(-4.515035097567366e-06+9.667177030086483e-06j),(5.898246410962777e-10+2.2469734973614903e-09j),(0.00031407604806466693+6.341417569500634e-05j),(-8.386769683822975e-09-2.9810358242322384e-09j),(-1.9473163832936436e-10+9.410639289248312e-10j),(-1.9467297563647932e-09-9.793400815959226e-10j),(1.5050836544352972e-09-2.6266425994668765e-10j),(1.00882110129067e-09-1.150121634911245e-09j),(-0.00013262693823831283-5.348830528107296e-07j),(7.076250321193169e-10+2.0970986905582788e-11j),(-3.7527952237048935e-09+9.040441390633153e-10j),(-2.919167494633794e-08+6.255706680057907e-09j),(-0.004909387790745505+0.0009874435019372866j),(2.9186173327859586e-06-9.329624358046104e-07j),(0.0013542653756406192-0.00046318273437111803j),(-1.191536822926526e-06+1.7473187459804798e-07j),(1.7325451719099849e-07-1.1132496422908414e-07j),(0.01611584106960813-0.004288687305449542j),(2.567652829169986e-06-9.359550265296153e-07j),(-0.018527119706891314+0.0052809995163756365j),(-1.9067933437041995e-05+4.440502633923437e-06j),(-3.2724269762218424e-06-9.344883989628998e-07j),(-3.403784330121109e-05+2.1625269215383138e-06j),(0.027091321002904074+0.0032012896663566703j),(8.497690682298033e-06+2.83022413958903e-06j),(-2.6676283908142686e-05+2.984493068462739e-07j),(0.000992308494364709-0.0007327399070500571j),(-0.12544545981023314+0.042033339901000895j),(0.022481677018693053+0.018524756810015468j),(-0.2575274302074272+0.09659800711968386j),(-0.005271974662614876+0.01678964143896814j),(-0.2905569741358746-0.04595116996374504j),(0.0697124610308428-0.006199399112565847j),(-0.4763294544191671-0.05391063638844208j),(0.02634599782090572-0.013283705513352338j),(-0.035177131838605824-0.015000003202862568j),(0.11252475225527572+0.025651559489550984j),(0.003577474669693815+0.0027156117753793117j),(-0.004738464070824713+0.0030716397087255385j),(0.009100191732281937+0.00456847699714782j),(0.11216292486124459+0.012653702249706803j),(-0.08829237698627669+0.009734977618338005j),(-0.03998441042194647+0.015247367411196776j),(-0.003551558123108338-0.0018195349471436205j),(0.24191594715068904+0.00012324665486355968j),(0.05556970522904792+0.005696934259531251j),(-0.1543823885166504+0.008169816337714384j),(0.09785225214401716-0.020072469826627408j),(8.279149736786877e-15-8.987343946112927e-15j),(-0.2252544491617593-0.000813433741715372j),(0.19915930350783662+0.006586995410092514j),(0.3448461772496508+0j),(0.03369326574870835+0.006665279244878131j),(0.16912430071803722+0.012195527011560774j),(0.06778405900071609+0.018598634860819654j),(0.1924806034363549+0.006774703243143623j),(0.030565816514691632+0.015699334112593465j),(-0.06593308212095128+0.10679887800661803j),(0.32961871530669457-0.05011617047148369j),(0.014494873170733735+0.01704032064202775j)
19,(0.0035088800975406455-0.00044655304726216275j),(-0.0011896130625512911+0.00016352328378085152j),(-3.0583648342661552e-15-1.586901844215049e-15j),(3.8888490133413234e-16+1.511713289259403e-16j),(8.066232888097461e-17+4.971732390168181e-17j),(-1.4951688095890046e-17+2.0186580753580846e-17j),(-0.007512076770962209+0.0013471491805500876j),(-9.365433708228591e-17+4.753066061070351e-16j),(1.6125948581590062e-16-2.133576395595428e-16j),(-5.949540193886083e-10-3.6556485762171053e-10j),(-7.382905039209852e-11-2.8156184147721614e-11j),(5.59746703757621e-15-1.959588262957822e-15j),(-1.4248223877204222e-13+5.0116840422520325e-14j),(0.11369926343908562-0.022178973028969765j),(-0.036554312033752166+0.007448536865021681j),(7.8111288844423e-14-2.0804453948440695e-14j),(-2.566118040745312e-15+1.0878870083299367e-15j),(0.00010493619988916625-1.9129725669283303e-05j),(-8.089897856362887e-10+4.168332064566015e-10j),(-3.3565692413387567e-05+7.0329591413028695e-06j),(0.29365609893568734-0.00869350653582987j),(0.02509598080364176-0.006814972748015308j),(3.6946817147110317e-10-2.0877411923411127e-10j),(-3.908863017951303e-10+1.43993822401343e-09j),(2.037982196020595e-11-5.2449336872393e-11j),(-0.01591809777852876+0.009390406908057649j),(0.7361835921191651+0j),(6.165642118956363e-05-2.2804461093120876e-05j),(-0.11027567470495854+0.010308243807956786j),(-7.441906032677832e-06+3.3902542675377524e-05j),(-4.4351437175147906e-07+2.043166554807419e-07j),(-1.3904839986572207e-05-1.0241175215220555e-05j),(1.1989122687262716e-06+1.7639644479529706e-07j),(-0.26535350904353544-0.03278815304897159j),(8.363220154375974e-08+2.5981970734067824e-07j),(0.0001983111438945747-0.0005802862324375564j),(8.22293207742502e-07+6.030488534600081e-07j),(-0.013292570556244283-0.0025318494209095018j),(-1.4073910663711527e-07-6.266404693521906e-08j),(3.237932685016087e-09-5.6488374718641304e-08j),(7.855476948143528e-10-1.9324094582735323e-08j),(7.3095032979904785e-06+4.643193406971075e-07j),(1.852727759095009e-08-1.9956983354283288e-07j),(2.826351993432903e-07+7.834898829522889e-08j),(-1.4700448576096004e-08+5.2381743326463005e-09j),(-1.6935098915785375e-07+5.841013852319449e-09j),(-1.7080969252249387e-06+2.3542618917889275e-07j),(-0.31138911791669266-0.013480350486780625j),(-1.358020267881472e-06-5.43021528928769e-05j),(-0.004636917554096294+1.5987196463378844e-05j),(-1.3429934287720661e-05-1.1618475702767467e-05j),(1.9994692950797865e-07-1.4297965419633476e-07j),(0.00024036612925275736+9.383352508087508e-05j),(4.715482703041049e-06+9.614276434321756e-06j),(-7.322475273976583e-05-8.191720106059476e-05j),(-6.607789877194088e-05-1.8638189696434515e-05j),(-1.1837520709560524e-05-5.432866456073617e-07j),(-0.00010842092013332998+1.3505015106628107e-06j),(0.0006026931154677103-3.4598283927206476e-05j),(4.710285055251011e-05+1.949141315171186e-05j),(1.9387840281653997e-05-7.735744309553615e-06j),(0.002900784500435188-0.0009285327598214676j),(-0.12914104634308282-0.0033288839709985432j),(-0.01630976216048611+0.026679034312768326j),(-0.002632232732264827-0.01701622644921633j),(-0.007723301613317229-0.0028859260587276625j),(0.03378331187641113-0.007719180647310555j),(0.00588918422901363+0.0021571478383869023j),(0.011588218752038531+0.008754234555990538j),(-0.005422147469716552-0.0008985538271134566j),(-0.013650881737829332-0.001871711873162974j),(0.08513961335069707+0.002396399774747447j),(0.0065226685804973235+0.007467793064940166j),(0.00046956056836713043-0.002819672012575656j),(0.00706733111066439+0.004122195710464167j),(0.2006443659697333+0.016357247005496064j),(0.15930129907848947+0.022667409526662935j),(-0.04876509917781962+0.010515247698410175j),(0.04286272871774241+0.008058430153980181j),(-0.021873479528450254-0.008065232563779227j),(-0.1337352491297813+0.021266043319948406j),(-0.09369450440091437-0.00707338459365255j),(-0.09351748038815072+0.0005316222719138897j),(1.0770818843484356e-14-5.420787689465055e-15j),(-0.021305476364987863-0.011008089091806013j),(-0.05396829875144259+0.011854373604115563j),(0.04869238589700649-0.01460763376703059j),(-0.018903999936797818-0.002927664916454043j),(0.10763718132938488+0.024986348521574935j),(-0.009848808995823941+0.005307070454560758j),(0.016436491825696852+0.01130528738650675j),(-0.0004523686009150177-0.0073982539981445215j),(0.030147836339110445-0.05442744491942325j),(-0.12669368971992348+0.011448697607063421j),(-0.011238101900516637-0.0001640390400134981j)
20,(-0.0029353378312249787+0.00036124710603404545j),(-0.00307277617395277+0.0003612097680406846j),(2.4015559166871568e-15+1.2612522641058399e-15j),(9.30431104850538e-16+3.80644052813019e-16j),(-2.964795679661006e-17-4.797085069775022e-17j),(8.828780309666836e-17-8.689857889276102e-17j),(-0.007823614556602866+0.0014256110952789276j),(1.1140827908633897e-16-2.1881226357786714e-16j),(-8.542642047926041e-17-2.7536815791841357e-17j),(4.734549923784623e-10+2.9722805381457903e-10j),(-1.8539833581731618e-10-7.636839322495015e-11j),(-4.721749618180742e-15+2.28127875417724e-15j),(1.1821667991601826e-13-4.1741074723204457e-14j),(-0.09195750829090481+0.018187132365198228j),(-0.11740340979530206+0.020537851257639447j),(1.4792936746410015e-13-5.368744278891175e-14j),(-6.306914611578964e-15+2.0413032763762117e-15j),(-9.573517684954677e-05+1.6245953343136508e-05j),(7.422958727094472e-10-3.687899725567072e-10j),(-0.00011046500975070703+1.6159855151978634e-05j),(0.3607293789941762+0j),(-0.013929102992134222+0.009570582190814265j),(1.2522638213987414e-09-6.079471494460894e-10j),(8.3540435862148e-11-1.1769382212162072e-09j),(-8.54835557395824e-12+4.4623320105848326e-11j),(-0.026796065785606595+0.012174708112568931j),(-0.37761521611853216+0.028405854671659233j),(-3.9882261515283206e-05+4.248707971428739e-06j),(-0.5279041744035682-0.0086523203689636j),(-2.3219218332619422e-05+5.5011792435785657e-05j),(3.0228538107791424e-07+3.541974443139035e-07j),(6.380895761743296e-06-7.964635387878388e-06j),(4.600675071759177e-06+9.715959374479965e-07j),(-0.41664771426389935-0.08137636832672623j),(-3.3584707421145366e-08-1.2042889687588892e-07j),(0.00039778798588542834-0.0008537372176655543j),(-3.541410403466151e-08-2.385028571906652e-07j),(-0.020241310005897017-0.00406335099248107j),(-1.5979609598365373e-07-3.6639550774800715e-08j),(1.6700826223813034e-08-8.355725487508801e-08j),(-2.986367132172358e-08-2.5673936556232873e-08j),(1.086737219366678e-06-4.0997515855699413e-07j),(-5.8580508296808824e-08+2.995697110274153e-08j),(-9.790564624274553e-07-6.562735542599833e-07j),(2.3796357567618187e-08-1.0707699244782815e-09j),(9.507797019097628e-08+8.229461622066147e-09j),(1.083872592559582e-06-1.0772025475106876e-07j),(-0.016300474032881724-0.0016028703195241673j),(5.725822967176134e-05+7.469265676401718e-06j),(0.03479889446383679-0.0020694050714202585j),(8.185506915051436e-05+1.4372887786733451e-05j),(1.2228334318303178e-06+4.177298214430286e-06j),(0.0018932842018669813-0.000649435357018026j),(1.9805438007175954e-05-2.976452586047703e-05j),(-0.00043327630908950385+0.0005101974659869108j),(-7.023014148663164e-05+5.634852613700615e-05j),(7.439320245639342e-06-6.118062415826198e-06j),(1.867415576766437e-05-1.9672323760337053e-06j),(-0.0005692263668806538+0.0003551173666663196j),(-2.2710543109220253e-05-9.741900434196496e-06j),(-7.844419038973044e-05+1.9757663737047506e-06j),(-0.0016479657112616827+0.0004144689427979457j),(0.06455424648951807+0.005979534296792679j),(-0.0020833038674550625-0.01685726116626623j),(0.042819742769856194+0.040062465991046556j),(0.0034061200074849076+0.004915349916782393j),(-0.1441405446152572+0.01751599622809779j),(-0.0208528989984042-0.01587557338534737j),(-0.03537525544547025-0.020841840507253802j),(0.00909822297663036+0.0010983208799563138j),(0.021524283347272775+0.000561010733079105j),(-0.11054298436421303+0.00727819260967149j),(-0.00714654453375765-0.006409199866661187j),(-0.002314754077218063-0.003499948501345102j),(0.006340330507571526+0.0030482530187811853j),(0.17110116760824975+0.024520051337443144j),(-0.19846999477683114-0.013578923218580827j),(0.006862157558436734+0.011303467527918238j),(-0.04310606726222305-0.007949885728902449j),(-0.15534000693959554+0.012400855572182623j),(0.07649226415676694+0.003083935259047599j),(-0.07348295577562312+0.0063599193204995925j),(-0.14580193306532535-0.0015793998898819342j),(-1.2480707165154841e-14+5.179643800247045e-15j),(0.10034979442826349-0.0074026495825780525j),(-0.15254701521289166+0.005048969389517363j),(-0.02271713335200673+0.006768140908952367j),(-0.02212842676588904-0.0057364419741940224j),(0.03765073495946584-0.028597291463293095j),(-0.10125735478484267+0.002953072417862898j),(0.14612105179377674+0.0005484488409151361j),(0.0034233295076345747+0.0050086262546572835j),(0.019703867324611636+0.004567987043450159j),(0.025621842360668286-0.0013010762411645735j),(-0.011478157818611516+0.007380305375280808j)
21,(-0.0009184125368055838+0.00010176514931074001j),(0.0046446768185157096-0.00048015922507209114j),(7.458873815345909e-16+4.0346347815279543e-16j),(-1.4210121160554807e-15-6.164364772995879e-16j),(-1.4863880024617342e-16-1.4687301991070416e-16j),(-1.078961491473837e-16+1.3482244350371148e-16j),(-0.007243845137592134+0.0014627660579585972j),(-1.4506817325756823e-17-2.8063855342868836e-17j),(-5.717331122945885e-17+4.754146801412204e-17j),(1.4286373807518088e-10+9.293869023999032e-11j),(2.78959263542982e-10+1.2061891390034733e-10j),(-1.4779451409347323e-15+2.746022466121883e-16j),(3.754545453913028e-14-1.2732526260361244e-14j),(-0.03272112745439209+0.006266914982691468j),(0.16645542755951426-0.0275194831034868j),(-2.467585517526437e-13+7.624184479928733e-14j),(1.0215711393967878e-14-2.746310866909774e-15j),(-2.0139919722015755e-05+6.9690204298279976e-06j),(1.4536212344739288e-10-1.0771463694192425e-10j),(0.00015847340746157589-2.359483258574473e-05j),(0.33471222292134334-0.005454900652831718j),(0.0015978224140511107+0.003220977163665599j),(-1.7892195428084434e-09+8.741908181575812e-10j),(1.0342467988372634e-10-4.975422977402104e-10j),(-7.679752092904947e-12+1.709183314402624e-11j),(0.03962279207652175-0.020408841465733824j),(-0.17742178154544574+0.007618968375051679j),(-9.672695647532503e-06+1.1565908917634865e-05j),(0.6474649186483312+0j),(3.0621354317862096e-05-8.395195960013188e-05j),(1.782865940109591e-07+3.711707486128539e-07j),(-8.352060955385531e-07-1.0017606229381706e-05j),(-7.620544586642832e-06-1.2076966566929996e-06j),(-0.39822819732642123-0.07447592978079517j),(-3.3327885959482315e-09-3.816824397066375e-08j),(0.0003772120308145142-0.0008221145527438416j),(1.707967186173398e-07-4.950950359190929e-08j),(-0.018157082172342413-0.003722626848703459j),(3.410594724196008e-07+1.395179613722488e-07j),(1.544285325881073e-08-8.034719495081898e-08j),(9.970153477163019e-08+4.736430434862472e-08j),(1.923969580809192e-06-1.842735680689051e-07j),(-4.6526369168960346e-08-4.10655453519009e-09j),(-4.019360185065086e-07-2.2914198178753734e-07j),(-1.9500554673168702e-08-2.563664420143228e-10j),(6.345312070722447e-08-7.768196703245829e-09j),(3.5598546237668683e-07-1.1690499954705795e-08j),(-0.015304487677899662-0.0007414994253584395j),(-3.104316574363383e-05-2.723947719906478e-06j),(-0.00794380179282953+0.0014180103687863282j),(2.4913800754293175e-05-3.750907374152885e-06j),(-1.6268056770257157e-06+1.7097651845541445e-06j),(-0.0003497592733507632+0.0001753837769943194j),(-1.7432202901263277e-05+3.985882197040613e-06j),(0.0007060474164988245-0.00020920022298600424j),(0.0001100823681190915-1.2317066495763327e-05j),(2.2258346702863748e-05+5.359987160543635e-06j),(0.0001888451375676471-1.3602860320841947e-06j),(-0.0011692615967021606-0.00016117481070591815j),(-2.734061681567853e-05-1.1027918208216625e-05j),(0.0001058064715632263+9.942800482757921e-06j),(-0.002112244346088767+0.0008969424842888759j),(0.11458113043878673-0.012783151976767014j),(-0.017644909062085188-0.02051636318345993j),(-0.028540862920108292-0.027648924057753623j),(0.009023524918393644-0.002775650508554003j),(0.13975279809707628+0.004964449371736233j),(0.015502883755972266+0.0136493886571009j),(0.001908086512817108+0.01729898869118041j),(-0.0033539734647633915-0.0018244836120770932j),(-0.01372324715430029-0.0010677746064546925j),(0.05461874835211475+0.0019995436297169447j),(0.0004908639394819816-0.002998290902917j),(0.0028217995109261554+0.00844485179205801j),(0.014698864454984343+0.006733446634291781j),(0.14200995612243864+0.01619258370679972j),(-0.10537258835101382+0.011336370866691724j),(0.11885318003041398-0.004986090463883146j),(-0.005298474310292486-0.002578796587548001j),(0.2993241375313295-7.231168193733151e-06j),(0.05147352518529402-0.002682415984420733j),(-0.031230023469560095+0.003994438968391099j),(-0.0757653619852983+0.004320238300142231j),(-2.9269201904172907e-15+7.059625830206765e-16j),(0.06702765720749304+0.019440082733102593j),(-0.02640291842248942+0.001939710956517524j),(0.07732613195120619-0.015336751120448461j),(0.04955135261952822+0.009148906733852252j),(-0.08624397165937693-0.02430165356580615j),(-0.0013358343169194132+0.008863966605196838j),(0.0341506193851501-0.01119553860431938j),(0.0023925538842191553-0.0077542097122841325j),(-0.11104482417696186-0.021287789159698017j),(-0.10070613930809481+0.04479705437903841j),(-0.010872457531288137-0.0018331264930271508j)
22,(-0.5423591054290912+0.00041401836072210707j),(0.15542684324232114-0.0053500033131028j),(-8.470495902615433e-17+2.4808897742838685e-16j),(-1.3832850431359013e-16-6.408212559943406e-17j),(1.7087283471934273e-16-8.187495391671753e-17j),(-1.9478534347571549e-16-1.680437593359814e-16j),(0.422258729644018+0j),(-4.491465299545919e-17-1.609819594887645e-16j),(-8.887434835132049e-17+2.969325845249811e-16j),(4.933467757693243e-11+2.477521751392047e-10j),(1.670078327102675e-11+1.279928077120443e-11j),(-3.0970856891530164e-14+5.859770893644001e-15j),(7.319561677677923e-13-1.3859838459567987e-13j),(-0.3427716522255048+0.011529447524224218j),(0.08698509380973382-0.006268459211814972j),(-3.2092320680058906e-13+4.296107769660323e-14j),(1.2354240898275235e-14-1.9233735368305767e-15j),(-0.00019931284417356476-3.731636070683573e-06j),(1.6567107659580672e-09-4.713423699861077e-10j),(4.836173786102805e-05-1.2198070828844411e-06j),(-0.25274980892967047-0.034312059254229574j),(-0.021251655311411287-0.0007068203105538087j),(-5.733436121622756e-10+1.9863769554851884e-10j),(9.585906037002288e-10-1.3546350810115767e-09j),(-4.3461655185909214e-11+5.055225136196263e-11j),(0.00933524243660772-0.001994874234031739j),(-0.197076460276376-0.016091259595073445j),(-2.954793876763495e-05+1.0627687204868067e-05j),(0.024790766429904656+0.00011679020070985702j),(3.639868933927531e-06-1.6007228298629504e-05j),(1.961121959383839e-07-9.373276087277528e-08j),(4.4189079517073e-06+1.3008594244397065e-06j),(-9.114536408991323e-07-1.3432437484955037e-08j),(-0.014946236734206236+0.028474721660718703j),(2.8756536566520724e-08-4.962453995220817e-08j),(-0.00010402912040853554-5.378621651866037e-05j),(7.746482321265125e-08-1.1799728439043098e-07j),(-0.005484882695498444+0.0006599528212384489j),(-2.9737071714616068e-08+2.7731209254030408e-09j),(-1.0712268897998517e-08-2.1292423818269357e-09j),(-2.300528121327209e-09-1.061042482748599e-09j),(3.186417920710377e-06-6.152847797969102e-07j),(-8.053228810947196e-09-8.863269141254844e-08j),(6.662461570251276e-07+4.0121875905460105e-07j),(-7.683604550706397e-09+3.6614289309569655e-09j),(-1.1034669044563412e-07+1.721420477410208e-08j),(-1.205632440270697e-06+2.875784000928667e-07j),(-0.2558477156385347+0.0043732914170492646j),(-2.9177598800084165e-06-4.44709307803361e-05j),(-0.004378869875803069+0.00018377507624250705j),(-1.2827583624978777e-05-9.849435650424654e-06j),(1.6755178908557393e-07-1.7173631640446086e-07j),(-0.0010788085090534022+0.00020375109307520565j),(4.378969766570262e-06+8.908287504412316e-06j),(-0.0003234003959688028-0.00028844661054415975j),(-6.220111446314668e-05-1.6331582216276845e-05j),(-1.1261946554765486e-05-3.7376908587076523e-07j),(-0.00010473030797207735+3.0373643117673633e-06j),(0.0012758871493088516-0.00012379436262230145j),(4.739983315678602e-05+1.9291294006115842e-05j),(1.9195624429175486e-05-8.039750086236211e-06j),(0.003014462492114239-0.0010181291572730457j),(-0.14033167694965099-0.0016553600645568822j),(-0.016122908353406414+0.029209793862293415j),(-0.01729070047314313-0.01903073281751507j),(-0.008507368036015458-0.0024889159893524246j),(0.03548769351786126-0.01295343524776019j),(0.006675514987899106+0.004734661911356681j),(0.01619816223741373+0.009005829207317037j),(-0.00581712556649509-0.000648959640021601j),(-0.014138193650655904-0.0017608303571156987j),(0.0899546900463758+0.0016473717474223444j),(0.007227002225962852+0.007816654973573669j),(0.00040972290187445766-0.003079334717429232j),(0.007722779659356319+0.0045081781275090604j),(0.21857781263365322+0.017830693876120338j),(0.17400142809199626+0.02470794207030673j),(-0.054046380416745615+0.011930918505394968j),(0.04702284488675035+0.008850409035889871j),(-0.023923642233070835-0.008787756659309802j),(-0.14504686463330016+0.023179531323409684j),(-0.10017309161227715-0.007306415171611472j),(-0.10256507624543185+0.0005853912994278031j),(1.2190290609747222e-14-4.9784186775553835e-15j),(-0.02537342197348684-0.011277303767026651j),(-0.05784831075451875+0.012498176075088296j),(0.04955782954585194-0.016055604114650505j),(-0.020734971951718112-0.003209079149633415j),(0.1242822488052024+0.028316934389710172j),(-0.011295786858950278+0.00550778625678571j),(0.017998764503473128+0.01223812054393867j),(-0.00078524167092231-0.008116518506869742j),(0.024644907270167285-0.05971177019975671j),(-0.138132404123856+0.01592527550769574j),(-0.01174469916446791+0.00013335464536025094j)
23,(0.4274117965921371+0.0014389729328926487j),(0.3776329408286873-0.005596891993901121j),(-6.319544314335394e-17-1.379690696517838e-16j),(1.4873807186522937e-16+1.7482497534415274e-17j),(1.0069402992242721e-16+1.5568080274197266e-16j),(-1.789133373074019e-16-1.1142678717370766e-16j),(0.4146977235103199-0.0011585584228187562j),(5.988548403684734e-18+5.836003134821309e-17j),(-8.07629208250789e-17+1.0314090978649965e-16j),(-4.853130442799628e-11-1.9923836696531138e-10j),(4.642463851664411e-11+3.4984773337710684e-11j),(2.4289527660719444e-14-4.599788026991327e-15j),(-5.717499923044289e-13+1.079735446511876e-13j),(0.26146024607209667-0.009497543513335732j),(0.262208539681853-0.01159743723753029j),(-5.784854481914966e-13+1.2811360675830234e-13j),(2.559585786349171e-14-5.263219938777673e-15j),(0.00017107659450309515+5.263454696614338e-06j),(-1.4287853608396419e-09+3.8419758791302336e-10j),(0.00014821766045674094+5.303745559922291e-06j),(-0.28995663692719-0.048138891164776265j),(0.012321434286598251-0.003931289221663785j),(-1.8057645954907897e-09+5.025447915219302e-10j),(-5.035578861342847e-10+1.1298835410344533e-09j),(2.5521492300233124e-11-4.3871477044044846e-11j),(0.014265066603361971-0.001507634089645083j),(0.09396185053286622+0.00022533087504325588j),(1.784043021955116e-05-1.6686368465443284e-06j),(0.10826382658602256+0.011723719548972888j),(1.0509183264451355e-05-2.4487165761044208e-05j),(-1.244493074126598e-07-1.524896089050929e-07j),(-4.673863944688136e-06-1.008969190161718e-06j),(-2.4146236438780132e-06-2.2729397270064625e-07j),(-0.028571130141874092+0.03964297953813739j),(-1.35799082956537e-08+2.0012434714529582e-08j),(-0.0001365954584983531-9.90025105804807e-05j),(-3.639526609412485e-08+3.1288290166376523e-09j),(-0.008044648663403249+0.0008336817591511041j),(-2.8292709892974516e-08+8.782890034643649e-09j),(-1.4285059626237346e-08-5.660634130490709e-09j),(-4.2680844101728435e-09+1.8458489500539072e-09j),(3.476118865961474e-07-2.8399030350910066e-07j),(-2.1629579766132606e-08+1.8089868640075385e-08j),(2.9438364433732745e-06-1.5127861195166392e-07j),(1.2159982573730847e-08-1.8581509495711893e-09j),(5.9522102826664354e-08-2.063525928004435e-09j),(7.270510442954011e-07-1.4479007709898493e-07j),(-0.010580898960756414-0.00034666569052535577j),(4.443729415190127e-05+4.546133009209033e-06j),(0.029406869004288558-0.0029394278737983823j),(6.786111791886901e-05+9.556519908952005e-06j),(1.1692559697312006e-06+3.363546501541496e-06j),(0.0035775478598083542-0.0007276816894995456j),(1.6650508895676963e-05-2.5953088277377318e-05j),(-0.0007144142734349988+0.000761932949603761j),(-6.0624660914423525e-05+5.129325411355128e-05j),(6.4935161638636645e-06-5.460381328543831e-06j),(1.6844093896870236e-05-1.9486818506428774e-06j),(-0.0008009450284387136+0.0004945819432568459j),(-2.1611746524418034e-05-9.151127032374682e-06j),(-7.40311009756764e-05+3.0790036600625557e-06j),(-0.0016146785451866515+0.00043152238548627663j),(0.06612190105332895+0.005400877767646407j),(-0.0021576893523874846-0.017226190493527055j),(0.050342272792530916+0.04191235479937403j),(0.003614687952291999+0.004732528367550724j),(-0.14785006551665403+0.021119708167426872j),(-0.0206035600246759-0.017867999430573198j),(-0.04690202345046792-0.021531115224008072j),(0.009614283040756635+0.0005986470896880863j),(0.02077810035241448+9.540533570190357e-05j),(-0.10926644552860752+0.008661413349905618j),(-0.007402972258935337-0.00623768247876897j),(-0.0024484377070769963-0.003442782985672438j),(0.006529824053676148+0.0031397502196163062j),(0.17556650703433824+0.025202626747632618j),(-0.20385324776245295-0.013968486384615578j),(0.007827046103934882+0.011624942932908184j),(-0.04455973987319188-0.008223838776190477j),(-0.1595903431910698+0.012751793198134048j),(0.07801095914471926+0.0028523304654783643j),(-0.07276194122894467+0.00707766900686251j),(-0.15194647056843644-0.001985494033683817j),(-1.1843556925698531e-14+6.30113046525657e-15j),(0.1060934867111402-0.006854115093188871j),(-0.15893362113112858+0.005003192033934928j),(-0.02033162752095252+0.007127271981026304j),(-0.02286526383358487-0.005924047724865846j),(0.03909762985998567-0.02944295116808713j),(-0.10322341956956108+0.003297955205409927j),(0.14280800867087573-0.0004087388836600016j),(0.003710306462143397+0.005206515785296306j),(0.021584329614260885+0.005874828671576635j),(0.02867668293218885-0.002330419033816195j),(-0.011272762681324312+0.007311727471243116j)
24,(0.13433960433529285+0.002077463460189388j),(-0.5734696932659067+0.00046929197563705394j),(3.6729429951179524e-17-9.231329810829503e-17j),(4.8705689783808453e-17+1.6613150370350703e-16j),(-1.6342388150166965e-16-7.014811536647787e-17j),(-2.979848318649574e-16+2.2985486211938994e-16j),(0.38762996784923504-0.008454192727529106j),(-5.739163135589358e-17+2.3737809540213156e-17j),(1.2563742604272737e-16-1.5166984472878394e-17j),(-9.144539172739337e-12-6.280960939847758e-11j),(-6.772682090939596e-11-5.3230575047010673e-11j),(7.846401479589468e-15-1.4014309034110458e-15j),(-1.832937334710741e-13+3.238600081469249e-14j),(0.09354014329133364-0.002840572326174167j),(-0.37360193771119304+0.013042104076470301j),(9.648393667383141e-13-1.6616254715265372e-13j),(-4.03200364150057e-14+6.719826252208249e-15j),(3.744001326714311e-05-5.084159608720477e-06j),(-2.9389321600837603e-10+1.3835987476252496e-10j),(-0.0002140810536593605-7.0968866128369345e-06j),(-0.27147069891199466-0.0405121696546641j),(-0.0005266780815169458-0.0027676807162516936j),(2.5976886540566756e-09-7.30203087043578e-10j),(-2.816007291912976e-10+4.5669681196568946e-10j),(1.4513511224972753e-11-1.5284246634249698e-11j),(-0.02151175908826279+0.003326246531159139j),(0.04423706947813059+0.00156708156390227j),(4.3569635237341504e-06-5.181756577275772e-06j),(-0.13382903446349986-0.012274986111720808j),(-1.3942291937803799e-05+3.746179586473874e-05j),(-7.379570621760144e-08-1.6022997061201015e-07j),(-1.992848451802376e-06-2.9073799159864603e-07j),(3.2816164133076743e-06+4.3482449163215134e-07j),(-0.027072354984229628+0.0382785351959112j),(-5.443381712801837e-09+5.0465405570012836e-09j),(-0.0001325387378191561-9.48457671495891e-05j),(-1.1468574208444288e-08-2.400345812731045e-08j),(-0.007256033887183469+0.0007211294868433721j),(6.653915068555973e-08-9.014084592245737e-09j),(-1.3842600557887522e-08-5.365116416631673e-09j),(9.347562809247914e-09-7.849092091574179e-09j),(7.283810765313059e-07-2.792782759831998e-07j),(-1.93492642823515e-08+2.771238626287423e-09j),(7.073572964910245e-07+1.8444247075399643e-07j),(-9.959118053827256e-09+9.132245254926136e-10j),(3.8796212512723985e-08-9.600624314486552e-09j),(2.425287160264243e-07-3.2156177253086755e-08j),(-0.010381163842714574+0.0001605626541772672j),(-2.4307019203416285e-05-1.0059511622213694e-06j),(-0.0068017499973834885+0.001496260945095058j),(2.0287971371829903e-05-3.8057219200019953e-06j),(-1.276318813493985e-06+1.4568534562970148e-06j),(-0.0007125738153731136+0.00023624320781773445j),(-1.5093098568932206e-05+3.7548362157264902e-06j),(0.0010951638672105756-0.0002895786504021601j),(9.770651578842943e-05-1.334672544900848e-05j),(1.9779630902654482e-05+4.551022248801267e-06j),(0.00017103661512118408-4.093676569123333e-06j),(-0.0016336525495466343-0.00025257807295217587j),(-2.5996891585250053e-05-1.028921997176271e-05j),(9.990132082609501e-05+7.78357222807541e-06j),(-0.002058508835909573+0.0009100933536345688j),(0.11562144984213232-0.014019673488313684j),(-0.017950625572074025-0.020541396881634245j),(-0.022435748472446667-0.028904801460929726j),(0.009089534334217582-0.003195431927006875j),(0.14496081996970883+0.005782260964732417j),(0.014303441510507525+0.013390275006908623j),(0.011381291036866652+0.019007299283388977j),(-0.003920995298873026-0.0015843403882558474j),(-0.013222650919073514-0.0006899793834020682j),(0.05332707124370683+0.0011276460835692205j),(0.00039469040512988684-0.0031166238117068894j),(0.0030978660305328327+0.00851931838044382j),(0.015266441340541547+0.00699257224040584j),(0.14657601681624347+0.016754420893120278j),(-0.10883460120746194+0.011694940673007644j),(0.12199430371663465-0.0058085896411824225j),(-0.005511682562604493-0.0026827474167777717j),(0.3091852397364031+0j),(0.052877633552459585-0.0029066983453263466j),(-0.031010230241458384+0.00425013798589971j),(-0.07886977663222301+0.004512807191828096j),(-2.870065788348847e-15+1.2552581331270168e-15j),(0.07123139523792921+0.020037083122888332j),(-0.028149305161168613+0.0014587786419263567j),(0.07465200980346116-0.016475108423881196j),(0.051504823247368506+0.009511901791047672j),(-0.09409481518703464-0.025311690254434673j),(-0.002094302313078899+0.008747056591776834j),(0.0329853655405563-0.012139051943553953j),(0.0020264127304741907-0.008299752475296547j),(-0.11149271430016897-0.023642099022468388j),(-0.10909694914451731+0.0456309275889772j),(-0.011510278292337455-0.0021977438348335146j)
25,(0.5480150168983653+0j),(-0.15687450261678446+0.005284307748298425j),(4.4132503431662874e-17-1.5018051761009369e-16j),(6.04769423328749e-17+6.433685864997843e-17j),(-1.0962925316700798e-16-9.778347787636772e-18j),(5.059431534865216e-17+1.5536931073906973e-16j),(-0.42216789786154263-0.0012669979714479973j),(-4.2139348811319285e-17-1.323942051445665e-16j),(-1.2526405993116848e-17-1.4272139729918478e-16j),(5.380070459733693e-11+2.4065183312040364e-10j),(1.6908361066643196e-11+1.2536970106778886e-11j),(-2.8930726578772344e-14+5.332408844927031e-15j),(6.835785233490931e-13-1.3099803955663684e-13j),(-0.32960516909497084+0.01182963337895239j),(0.08399434360487801-0.006268039983774273j),(-3.013420268202607e-13+4.093374606032324e-14j),(1.1489887006102464e-14-1.8514410314879145e-15j),(-0.00019504563595960843-2.9435337195232096e-06j),(1.6188135946988497e-09-4.66887469120184e-10j),(4.7653822358677106e-05-1.4233268542714095e-06j),(-0.2547821348645419-0.030860153719993025j),(-0.021311210270446947-0.0005130843509737297j),(-5.638369703141301e-10+1.9827859290366708e-10j),(9.409010262573477e-10-1.3529870655532671e-09j),(-4.269368167040748e-11+5.044968958398585e-11j),(0.009480130730592612-0.002170166871898914j),(-0.20657199386106037-0.014949240719148847j),(-3.0083466422384453e-05+1.0940172383362718e-05j),(0.026774335284687825-0.00015866584968329475j),(3.6934429116617407e-06-1.6407435481847856e-05j),(1.983142859593238e-07-1.0173995061292892e-07j),(4.714397918978216e-06+1.6189733930745853e-06j),(-9.213024022582237e-07-1.7261328985751252e-08j),(-0.0022614986833251836+0.02819293572629932j),(2.646558668785624e-08-5.331708977688249e-08j),(-0.00010975055534469978-2.51450221238622e-05j),(5.706521866939488e-08-1.250583439042321e-07j),(-0.004927842849804923+0.0007173142950900014j),(-2.779285442183071e-08+3.2898012829820038e-09j),(-1.055579425141903e-08+5.325295458208189e-10j),(-2.7613792754157828e-09-6.475303982490979e-10j),(3.022770988087033e-06-6.07909925613873e-07j),(-7.353552751860637e-09-8.506490109986416e-08j),(6.983695964281743e-07+4.0199088754894395e-07j),(-7.484460417962358e-09+3.5583903970413494e-09j),(-1.0865946700026293e-07+1.7117602484614248e-08j),(-1.189702594082928e-06+2.8510714424746264e-07j),(-0.25243209917793974+0.004513846037179636j),(-2.9992693679757123e-06-4.39155160247342e-05j),(-0.004432144623255658+0.00018882333023050707j),(-1.3069559266463974e-05-9.763501208354698e-06j),(1.6546865072925695e-07-1.9095190232389787e-07j),(-0.001093492601675516+0.00020760579744958843j),(4.332370378257311e-06+8.91833667307454e-06j),(-0.0003274335054179966-0.0002900051728661335j),(-6.182694004572923e-05-1.6329357513537396e-05j),(-1.125369605140603e-05-3.621131021505167e-07j),(-0.0001045194447184554+3.059510216951024e-06j),(0.001281816050039323-0.00012575661771389764j),(4.7274272711885573e-05+1.924641395029552e-05j),(1.908587878814811e-05-8.01588447326006e-06j),(0.0030098636879355373-0.0010174089228118404j),(-0.14022820682976478-0.0016166909585185602j),(-0.016052897133973964+0.029190937687989978j),(-0.017460420765280645-0.01900045979341488j),(-0.008503813498844489-0.002478014877999793j),(0.03542831319652709-0.013001313068478558j),(0.006674561745620446+0.004760759102842783j),(0.016242275172950873+0.008986411303318075j),(-0.005812094460135538-0.0006438614720433414j),(-0.014118705131410282-0.0017566772955928504j),(0.08986137105201766+0.0016339402987218532j),(0.007225370105658213+0.0078088805793704585j),(0.00040746105898044945-0.003078510407515705j),(0.0077256664511472254+0.004508972001889762j),(0.21858381663956272+0.01782976167342419j),(0.1740095456983577+0.02470623736841289j),(-0.05405603866863947+0.011931137010872235j),(0.04702850727959545+0.008850674129424776j),(-0.023926437045090815-0.008787132663662612j),(-0.14503390716555836+0.023175175274076545j),(-0.10008996097127501-0.007303454937501183j),(-0.10257584960121899+0.0005905101580636098j),(1.2203106694079989e-14-4.753185333351924e-15j),(-0.025393574134945317-0.011253595316928312j),(-0.0577872532561689+0.012478369071885289j),(0.04946107705216074-0.016042413029433798j),(-0.020737681034268634-0.0032092329618366097j),(0.12433929610344832+0.028320063054627774j),(-0.011296427197126722+0.0055019455720869605j),(0.01788509888512994+0.012235956462135085j),(-0.000793560524265807-0.00811519088540108j),(0.024519797096042968-0.05968336368858962j),(-0.13808759172192597+0.015972344651581715j),(-0.011724843660739788+0.0001319275056319482j)
26,(-0.4315413841602802-0.001823766154475534j),(-0.3808013627316989+0.00532828144854447j),(-6.124053866278335e-17+1.3416375761781838e-16j),(-9.629558235024887e-17+1.196333700369419e-16j),(-2.6927865458267607e-17-6.936409800550659e-18j),(7.383116780505427e-17-1.2405411602377171e-16j),(-0.41372413257415214-0.000248690422955139j),(-4.8872759217414744e-17+1.482160335361466e-16j),(8.108124242401566e-17-2.829116747011509e-16j),(-5.2533597545475376e-11-1.9467608775408464e-10j),(4.702308249176551e-11+3.442210254898692e-11j),(2.2676987119532074e-14-4.477514211070921e-15j),(-5.366588812447547e-13+1.0266328761645154e-13j),(0.2527560489274044-0.009886667774590394j),(0.25424837975230624-0.011909571839450045j),(-5.43167975480941e-13+1.222471159391405e-13j),(2.3951613234853214e-14-5.140191478355842e-15j),(0.0001682482629753182+4.400994913396919e-06j),(-1.4026473802164759e-09+3.840839965812631e-10j),(0.00014658515588151456+4.512931011324695e-06j),(-0.29305265316851725-0.04451634935548408j),(0.012329547824195241-0.0040425647608320955j),(-1.7822832084623006e-09+5.055398465668669e-10j),(-4.919150971712402e-10+1.1317634576936947e-09j),(2.5038431970962152e-11-4.392316667598353e-11j),(0.014571644728289295-0.0017845032610659083j),(0.09752765974029569-0.0008728072364825989j),(1.823867667553626e-05-1.7255419867198394e-06j),(0.11646984143705685+0.010946602900411197j),(1.0732229036238781e-05-2.5255245163808398e-05j),(-1.2991663123562058e-07-1.6135327594633898e-07j),(-4.641846983491288e-06-6.744747870608508e-07j),(-2.4854586351867743e-06-2.363484287044092e-07j),(-0.013701754050670045+0.039795533464873196j),(-1.3398717932134659e-08+2.0937165849088875e-08j),(-0.00014475808349228647-6.614901249501741e-05j),(-4.363641303504641e-08+5.644322500498134e-09j),(-0.0074044163029272445+0.0009069207550616836j),(-2.5733082691747852e-08+9.095813861471377e-09j),(-1.427961317745363e-08-2.5891536911784065e-09j),(-4.204495250507406e-09+2.357351638036861e-09j),(2.591084584961208e-07-2.6919087387741425e-07j),(-2.0188366608444994e-08+1.8890348055965972e-08j),(3.012350798833354e-06-1.5104129082806807e-07j),(1.193214322320751e-08-1.870771535895681e-09j),(5.875971290441777e-08-2.1924299978537215e-09j),(7.19576530905681e-07-1.4471245905419735e-07j),(-0.009043284073459947-0.00032973646232235766j),(4.395044662882896e-05+4.719546330805101e-06j),(0.029158584083795895-0.002932288783002614j),(6.711933027798192e-05+9.50290634559008e-06j),(1.1618737600992822e-06+3.320738656028588e-06j),(0.003590406097599857-0.0007289286401437355j),(1.6539113953675044e-05-2.5763730018647722e-05j),(-0.0007180477181028934+0.0007641716411914593j),(-6.019995209971353e-05+5.09973748904727e-05j),(6.4325648791343075e-06-5.419970690238367e-06j),(1.665137819655914e-05-1.9021961328735749e-06j),(-0.0008016589656866526+0.0004956007113126675j),(-2.155885104416202e-05-9.133990030824635e-06j),(-7.386484209826804e-05+3.0892283711706717e-06j),(-0.0016113163822764466+0.000430698757903697j),(0.06603495713533881+0.0054014548064670286j),(-0.002123311590971908-0.01720491672162687j),(0.050373857995965575+0.04188052851159638j),(0.003610976028741303+0.00472496767617082j),(-0.14773543124914706+0.021139690667073142j),(-0.02058179456683618-0.017873828560273874j),(-0.04701187879794767-0.021505362620067203j),(0.00961080794043744+0.0005909344944371483j),(0.02074995814114672+9.145289411035575e-05j),(-0.10916611931398794+0.008665066246352826j),(-0.007401200853897243-0.006228168394271011j),(-0.002449208218120659-0.0034387946887693894j),(0.006532518128333153+0.0031403738744976363j),(0.1755709174789736+0.0252023831425981j),(-0.2038519922970296-0.013968185009021458j),(0.007817811197707435+0.011617502423157506j),(-0.04456661611679706-0.00822419612155411j),(-0.15959298588387508+0.012753119644128216j),(0.07799861531678612+0.0028445163906879595j),(-0.07266685365535318+0.007080669639192443j),(-0.15197615525339145-0.001982068591942922j),(-1.1746542301264978e-14+6.169845381827169e-15j),(0.1060971695725506-0.0068393027821939435j),(-0.158880318064135+0.004995661756786243j),(-0.020329941122354537+0.007131564358024442j),(-0.022868899314717618-0.005924595785505001j),(0.03910212075735177-0.02942831980330107j),(-0.1031947526287437+0.003298633123828755j),(0.14256204227907843-0.00040929426785284856j),(0.0037081917324081753+0.005206199456909547j),(0.021574773904830046+0.005896735933746869j),(0.02871592635781028-0.002337900797112348j),(-0.011252758363905047+0.007301277110510747j)
27,(-0.1356476810300146-0.002212796590107053j),(0.5783315947548295+0j),(-1.0428706894385647e-16+6.995394234897545e-17j),(4.380619492598431e-17-1.6796869373833012e-17j),(7.63483178437574e-17-4.857679472445203e-17j),(5.67772462869261e-17+3.305348467020595e-16j),(-0.38683496277627166+0.007139672357697843j),(-9.969466693617752e-17+1.7415560814976952e-17j),(1.3795327225702286e-16-3.0851581823743126e-16j),(-1.070725470177994e-11-6.147045996668582e-11j),(-6.877278037366859e-11-5.2456115878435165e-11j),(7.352856724677983e-15-1.3635121985084497e-15j),(-1.7218356869835518e-13+3.1275162800875794e-14j),(0.09054016757778903-0.0030435797411935174j),(-0.36229205559977884+0.013613050644911806j),(9.079283278026733e-13-1.5884264958845694e-13j),(-3.784367827388132e-14+6.280554301084659e-15j),(3.697918662932941e-05-5.138394530266703e-06j),(-2.8989260364970214e-10+1.3752014562474807e-10j),(-0.00021170034754239688-5.926669578814917e-06j),(-0.2742428450615286-0.03707749195002075j),(-0.0005769581705114494-0.002750740349991943j),(2.563502314564644e-09-7.34750466817442e-10j),(-2.7644743121553937e-10+4.586993498039871e-10j),(1.4316755672012182e-11-1.538310289602374e-11j),(-0.02190339845620779+0.0037095094706698743j),(0.04562498742591865+0.0011355637652680078j),(4.421149724828916e-06-5.302688208641111e-06j),(-0.14356429775300283-0.01115188915996692j),(-1.4205094904783084e-05+3.850488019893805e-05j),(-7.803229448665701e-08-1.6920194903074071e-07j),(-1.8577750951409634e-06+4.6347659398877734e-08j),(3.4230982402407563e-06+4.3612289177256316e-07j),(-0.012942977220938283+0.03827273504026053j),(-5.831676695438695e-09+5.031757754572056e-09j),(-0.00014002760600968393-6.348784532048947e-05j),(-2.136108472991479e-08-2.3447478447918892e-08j),(-0.006664317406700784+0.0007838531544374521j),(6.066045076199487e-08-1.0954235016892087e-08j),(-1.381021358134012e-08-2.4413290083523925e-09j),(7.187942495655907e-09-8.335670927292694e-09j),(6.36540873183771e-07-2.660553363233529e-07j),(-1.8026767808125278e-08+3.830457150451971e-09j),(7.454160390821468e-07+1.8633444611457977e-07j),(-9.654622264121795e-09+8.743173780706176e-10j),(3.8230608267407025e-08-9.5605795302433e-09j),(2.408981358315096e-07-3.2780375381510644e-08j),(-0.009047369757828492+0.00012709717915924696j),(-2.4129860147292926e-05-7.985919771779145e-07j),(-0.00680952662828712+0.0014981499272599653j),(1.989128667094233e-05-3.745801097287062e-06j),(-1.2664658475174257e-06+1.4308952039257301e-06j),(-0.0007179865298292592+0.00023807132864572274j),(-1.501391870692401e-05+3.768108619973724e-06j),(0.0010973848555050623-0.00029077582001882694j),(9.725639860995447e-05-1.3354289294640321e-05j),(1.9643693290121697e-05+4.540383906559448e-06j),(0.00017010150141282313-4.057988996099038e-06j),(-0.001636883175808504-0.0002532442798154384j),(-2.5917069459918722e-05-1.026177487004798e-05j),(9.950555231966047e-05+7.741411258817675e-06j),(-0.002053361869706248+0.0009082253125588238j),(0.11542999395148987-0.014000578007988408j),(-0.01789882289144321-0.02050531156050878j),(-0.022316572214956667-0.028893909364534866j),(0.009074428260951305-0.0031968587702851194j),(0.14482722178682234+0.0057786566877734j),(0.014259939377285402+0.013371367405862112j),(0.011540697264243251+0.018992871715911946j),(-0.0039248482101023096-0.001576318336399175j),(-0.013194525776321298-0.0006831107612357426j),(0.053226699523304916+0.001111373730305662j),(0.0003916565666597828-0.003114997329276117j),(0.003100259846267929+0.008510181702426713j),(0.015270683508797688+0.006993606802192097j),(0.1465793842981116+0.0167541905698772j),(-0.10883211061325596+0.011694825162954399j),(0.12190719306436093-0.0058186593030596576j),(-0.005512728737906985-0.002683044892569002j),(0.3091828299154643-5.613273571514199e-07j),(0.05286916110992507-0.002911598084746645j),(-0.030944245550391547+0.004247754816527707j),(-0.07887987598315636+0.004518343901366146j),(-2.6486850481898073e-15+1.3291113690329066e-15j),(0.07123220063996932+0.020030400500349165j),(-0.02812812165818679+0.0014419148490095231j),(0.0745123017342944-0.01646657562344018j),(0.05151317492240459+0.009512271531776917j),(-0.09413546408883415-0.025291617343904213j),(-0.0021028451111720285+0.008737568312864976j),(0.03285187964426574-0.012134568416212738j),(0.0020140604662510554-0.008301658209483047j),(-0.11143601901424986-0.023659938441860488j),(-0.10914179129192106+0.04562656111818639j),(-0.011503592245031762-0.0022051683459778184j)
28,(-0.00890101092465761-4.37677701843435e-06j),(0.002547617288181595-8.442880112586064e-05j),(-3.4611642495071756e-18+3.3229407718583427e-18j),(-1.3236008890027028e-18+4.03871479145971e-19j),(2.3403218995361338e-18-4.57032619243554e-19j),(2.1609841114458048e-17-5.275253652062386e-18j),(0.006850244340898927+2.8894878229347113e-05j),(2.2338486279064116e-16-4.3437478598563863e-16j),(5.649889072049808e-17-1.0360199100667705e-16j),(5.4534594077999526e-11-3.7810389827347876e-10j),(-1.3720383510555933e-11-1.7358687443843487e-11j),(1.0925211672047228e-13-1.8078126999132474e-14j),(-2.4954168665146368e-12+4.1988857735276816e-13j),(0.6216831367626395+0j),(-0.15256575570988953+0.004927079081534239j),(1.0239880682244183e-12-1.3060152516322862e-13j),(-4.1481961025643234e-14+5.29415897778128e-15j),(0.00016882507475304894+2.824468993093196e-05j),(-1.5024503214743606e-09+2.036125892983517e-10j),(-3.1877978035713716e-05-7.566296858543227e-06j),(0.28379393252764884+0.09479146325156623j),(-0.0017645568525924723+0.00899603711546467j),(4.258512565417003e-10-3.63743288772146e-11j),(-6.328201353229093e-10-2.4173846277420723e-10j),(2.6120795180197202e-11+6.988875458392433e-12j),(0.0055490596670210455-0.00582149908230239j),(-0.3595083710907439+0.017730426823843105j),(-2.5297950488240156e-05+8.817877937109785e-06j),(0.06663346288777994-0.007858904938456767j),(3.482071083865131e-06-1.443626189400416e-05j),(1.8129412251248985e-07-1.1161203496601181e-07j),(1.2165670126549035e-05+1.0544302487125679e-05j),(-7.76791030443103e-07-1.678142710546702e-07j),(0.3965369284607668-0.0205876936997427j),(-6.022558079540363e-08-1.3126047526519416e-07j),(-0.00013444271022419033+0.0009143124741886128j),(-5.973669445074016e-07-2.4684337993234757e-07j),(0.017086589924024745+0.0018650464189813466j),(4.3652467895130416e-08+1.7486267332955725e-08j),(9.189793805547037e-09+8.398932056583592e-08j),(-1.5413876297437156e-08+1.3937209555199264e-08j),(-3.5703329506226635e-06-3.183272415995833e-08j),(2.4466413577134877e-08+5.936977979409949e-08j),(1.0951235647580335e-06+3.132591191908233e-07j),(9.251002529474089e-10-9.523129608135747e-10j),(-3.354001654420226e-08+1.1199856381040949e-08j),(-4.706937822093766e-07+1.6084309344639473e-07j),(-0.09610208617815034+0.009251723669717554j),(-6.3576840094377255e-06-1.844041765493424e-05j),(-0.006750711738650453+0.00042829049275578453j),(-2.3643337349376173e-05-5.6893269566044595e-06j),(6.288616603210633e-08-1.0455688081912293e-06j),(-0.0015557442453050033+0.0003305308782638859j),(2.161514953359834e-06+9.240453379919568e-06j),(-0.00042953251099457754-0.000329971824846127j),(-4.401995583178708e-05-1.606766728920694e-05j),(-1.0724848486097447e-05+1.586412648552113e-07j),(-9.358450349756853e-05+3.946203790345167e-06j),(0.0014314269019367084-0.0001864518847889299j),(4.096054914278626e-05+1.7003812056612546e-05j),(1.3819233510509461e-05-6.815389464879479e-06j),(0.002764713527784437-0.0009692339417897088j),(-0.13341025046665356-0.00015151067638997928j),(-0.012789638613610778+0.027911960003182527j),(-0.02247855019379358-0.017585124081999536j),(-0.008230199379273185-0.0020554844540215927j),(0.032571759625165286-0.014271706739495831j),(0.006515508586080316+0.005484904085065694j),(0.017532836256263423+0.008153291586779299j),(-0.005541206358929286-0.0004543446186517819j),(-0.01322587949264693-0.0015819551814033146j),(0.08533811630854972+0.0010798024439375963j),(0.0071009652457670325+0.007431671289610502j),(0.000310353578033977-0.003019503097444539j),(0.007844917779589376+0.00453853958019976j),(0.21864062180384952+0.017765966342373585j),(0.17419816889533987+0.024618098240451372j),(-0.05413820594874762+0.011700228722168235j),(0.04723858358709849+0.00885580667008043j),(-0.02403330489783608-0.008755760438104025j),(-0.14430001345803595+0.02299087516858244j),(-0.09697676365410703-0.007185963275185996j),(-0.10188920852164877+0.0007482807816944874j),(1.1915735332949684e-14-5.7286951727622496e-15j),(-0.026724117713819787-0.010327860224590438j),(-0.05356217382736668+0.011555397499204489j),(0.04589160794017916-0.015444590133765073j),(-0.020838910997912595-0.0032137024180376745j),(0.12442904720601074+0.028335775243380948j),(-0.010944143631984584+0.005253073935969655j),(0.013168264000110171+0.012076512527062724j),(-0.0010704229681723838-0.007981390371262352j),(0.02072067905450472-0.05806943871058575j),(-0.13481820664295055+0.017004684235908292j),(-0.010846085050826912+4.205033579928342e-05j)
29,(1.4767287463057696e-05+8.834735801639911e-07j),(-5.00445791510376e-06-2.493859901916614e-07j),(1.071243385653687e-20+5.952769338801384e-21j),(4.516443311764395e-22+2.119518090252302e-22j),(-2.8819381153276756e-21+4.344997197980287e-22j),(-5.79634283829002e-18+2.716794304678801e-17j),(-3.126133681210684e-05-4.474867169650518e-07j),(-7.172218475818169e-17+3.137569547073305e-17j),(1.4167443632532092e-16+1.112779259598818e-16j),(-8.300641493998529e-12+2.2761989077296783e-11j),(6.267181004707293e-13+1.2584600266387444e-12j),(-4.841640242855931e-15+4.3527468813969265e-16j),(1.1161630069536144e-13-1.1585244635198004e-14j),(-0.04181017877326759-0.0030482381616813367j),(0.012282944793720451+0.0008860595036563499j),(-5.458801620250436e-14+2.282310143652099e-15j),(1.8835172397134644e-15-3.926494534406015e-17j),(-1.578812571333112e-05-3.700585740773117e-06j),(1.4203079856490993e-10-1.0046617321521e-11j),(3.543543173735039e-06+1.1942353959516935e-06j),(-0.040750796199555864-0.019704477382073392j),(0.00036859588059936935-0.001380912836200968j),(-4.8367757243027636e-11-3.08609641831125e-13j),(8.382833407855011e-11+3.2955346493031385e-11j),(-3.3364203506117597e-12-9.277416101265647e-13j),(-0.0011619143626317137+0.0010019652706423198j),(0.08137432908252709+0.012905881628425394j),(5.124760484707766e-06-6.164227347099871e-07j),(-0.016037422534815972-0.0014838167572179591j),(-1.263045677397051e-06+2.5864779022631683e-06j),(-3.981246437814591e-08+1.3814216061938227e-08j),(-3.3073526800534094e-06-3.834744910276313e-06j),(2.9159895904945923e-07+1.1955960926175785e-07j),(-0.12847762361915233-0.006519864975773018j),(1.2931340275305852e-08+3.477194751529221e-08j),(4.549377271068277e-05-0.00028687350442085593j),(1.7191056858795175e-07+8.678497775496914e-08j),(-0.009734162879809436-0.0011889856265825862j),(-1.5501870364753146e-08-8.349126532516526e-09j),(-2.6313334131077332e-09-2.635719140352158e-08j),(5.387385690746337e-09-3.894841456917468e-09j),(2.168395669764102e-06+8.223856174534129e-08j),(-1.1605637154182792e-08-3.804594220668644e-08j),(-1.7081274244898004e-06-5.374310871456269e-07j),(-8.772113932824847e-10+6.650901216635935e-10j),(4.294452333684592e-08-1.3288614208061266e-08j),(8.68832762535236e-07-2.799472537488368e-07j),(0.8684524672863584+0j),(-5.526159766577349e-05+0.00013238312333843476j),(-0.034476076570513804+0.003618644831820138j),(-0.0002007376458069688+2.6540153767177797e-05j),(-1.268273924321516e-07-1.2875172689498505e-05j),(-0.004288207630695909+0.0011349686840369858j),(1.6754757298162838e-05+2.9608370706415477e-05j),(-0.0009350877790662258-0.0005615478610352092j),(-0.00013121533084398595-3.298067649816265e-05j),(-2.8764533448689028e-05+6.94482852340175e-06j),(-0.00021789218372240593+3.270035954932221e-05j),(0.002431295904924317-0.0005687705040917958j),(7.267724459720327e-05+2.254767785448539e-05j),(2.3729091411968086e-05-1.273956956678776e-05j),(0.003947230627524937-0.0014225472070360198j),(-0.1716271668145052+0.010751054184743467j),(0.01720254422292833+0.036368568216941156j),(-0.029285437541381302-0.02100152459078428j),(-0.010632372879562473-0.0025999384974578887j),(0.040421156388109614-0.01930988517376514j),(0.008214058225190541+0.0068186435676766705j),(0.021125300748347266+0.009182412022505814j),(-0.006690549903155757-0.00045550538008830733j),(-0.015240877713275425-0.0016271717245033212j),(0.09642829332456303+0.0005158804337641043j),(0.007625806787816774+0.008667054432641007j),(0.0004986414615923552-0.0033518612359276193j),(0.007674192233576285+0.004482154348034025j),(0.2212193817020885+0.017219234031331673j),(0.180336107010259+0.02396348715079684j),(-0.05919727354240972+0.01326777388582635j),(0.046559091819939474+0.008852713347863143j),(-0.02511345791262764-0.008731572469358467j),(-0.12601432773614066+0.022751499338307488j),(-0.08959465186660578-0.005494547414045426j),(-0.0987030116122389+0.0011030777079726606j),(1.3485852311683273e-14-7.758239195308827e-15j),(-0.028756731425026126-0.010928294432569246j),(-0.05759903218268624+0.012689920211513595j),(0.046056009216833116-0.015774736509748907j),(-0.02051350639489741-0.0032225722698238767j),(0.13186484809436638+0.02869228025644427j),(-0.010831255298740357+0.005222932183418159j),(0.013834865516208755+0.012617153590949347j),(-0.0010760277757470955-0.00814106530223404j),(0.020903128480225474-0.059911323849379666j),(-0.13859693011366436+0.01833252038476236j),(-0.0112911476154906+0.00012988547056889j)
30,(0.006996263523238581+3.2452938610949686e-05j),(0.006168747466002111-8.37492034173725e-05j),(2.0138514419912442e-18-1.0105396180617352e-18j),(1.3104527388534675e-18-4.382878430887778e-19j),(1.536480485886827e-18-4.623849887598682e-19j),(-7.130168968818859e-17+3.1426357679754707e-16j),(0.006660984636845921+1.6685117663331125e-05j),(9.426865585333559e-17+2.6270245259068403e-18j),(-1.6256816365134445e-17+1.0587101235265047e-16j),(-2.752136593136984e-11+2.7626940574196907e-10j),(-3.718540884970879e-11-4.221328838196057e-11j),(-8.207023711119855e-14+1.3485834801056162e-14j),(1.8698464013176443e-12-3.122412221173611e-13j),(-0.4335189590423975+0.0016925601808803759j),(-0.41035853822429835+0.003566888243054872j),(1.903210848167017e-12-3.545087287098249e-13j),(-8.629559371430309e-14+1.577930066626277e-14j),(-0.0001268891684853119-2.515341857617728e-05j),(1.1441626370186226e-09-1.1649900203950035e-10j),(-7.794314760968649e-05-2.5975016450953282e-05j),(0.23575114714797496+0.0943414316691816j),(0.007721645674725903-0.0013692556038997854j),(1.079947289753317e-09+1.1654724079700319e-12j),(2.2129226021132738e-10+1.0945717040600391e-10j),(-1.1168504015670941e-11-2.228446629549353e-12j),(0.011281564020893023-0.008731396567279072j),(0.17980641684008397-0.026974137622130648j),(2.1959335272940593e-05-3.601238291486414e-06j),(0.29474528180889215-0.013713241237331697j),(1.1253239608378107e-05-2.6738393570304382e-05j),(-1.7595429795943833e-07-1.8979442253706318e-07j),(-1.2293076755506555e-06+9.560036194877392e-06j),(-3.559570549839073e-06-4.87242755447911e-07j),(0.4573757522337255+0j),(-3.071633037415068e-09+4.805260252031099e-08j),(-0.00023275394097188097+0.0010212672735572614j),(-2.442628174382332e-07+1.2048432369005428e-07j),(0.017840826433993536+0.0025259312296063508j),(6.554876003682886e-08+1.464798844502968e-08j),(2.1347991188618565e-09+9.494944853906284e-08j),(2.3972730866426934e-10+1.84667761220902e-08j),(-3.222795601536005e-06+4.7272277597340737e-07j),(3.800591191474573e-08+4.889439507726599e-08j),(4.127415644836711e-06-1.7896899471152702e-07j),(2.436541544999307e-09-2.220475271507541e-09j),(2.6320231299500293e-08-7.082479884934385e-09j),(3.961346690846567e-07-1.3593635594910293e-07j),(0.06005424234315175-0.00027954628269881085j),(2.2073237196308317e-05+1.2647199552439327e-05j),(0.01776009307258606-0.0025080597542424983j),(3.335406662021002e-05+7.253725711014324e-06j),(8.053733504867037e-07+1.381012944042229e-06j),(0.00364109310669766-0.0007088564089775757j),(1.1392191822697106e-05-1.701150998694036e-05j),(-0.0007834456434353461+0.0007797427570421413j),(-4.038769181105266e-05+3.711991747877084e-05j),(3.644446620701265e-06-3.5427591709573455e-06j),(7.936424240980782e-06+2.306406373456321e-07j),(-0.0007626868383749173+0.0004894624610923804j),(-1.902053182013411e-05-8.300712475691768e-06j),(-6.570305457563994e-05+3.4900727238205218e-06j),(-0.0014445257056672444+0.00038738954502457726j),(0.061181020820618576+0.005513825038839203j),(-0.00044950322816810287-0.016008280452511285j),(0.04985027769043895+0.03989748656882949j),(0.0033828895085849147+0.004377002435293041j),(-0.14058343276317425+0.021111280278785435j),(-0.019405905144876803-0.017555886623035644j),(-0.049194637213048224-0.020347410459810544j),(0.009292569369478546+0.00035040022465595037j),(0.0195585143644798-2.017183172434156e-05j),(-0.10455895743549899+0.008613800740095677j),(-0.00726624443915074-0.005798488580031826j),(-0.002462437887012191-0.003253719714934637j),(0.006643340229528146+0.0031633375142101714j),(0.17559003826951317+0.02516075310920535j),(-0.20362601343228953-0.013947117427124234j),(0.007056617792825097+0.011151080972303369j),(-0.044815440283099736-0.008232862853206839j),(-0.1595751915585708+0.012792052975211896j),(0.07748892123939337+0.0025545024620360762j),(-0.06924648704665068+0.0071617334642349074j),(-0.15171698574693407-0.0018589624937927346j),(-1.1797800951795535e-14+5.36968666895914e-15j),(0.10409795573015776-0.006248199562818524j),(-0.1537612344886892+0.004574557774781163j),(-0.020449740836546822+0.007328751398869729j),(-0.023004004785444288-0.005943263044761286j),(0.03832829851676675-0.028541338511981436j),(-0.10152601403611869+0.0032880240924874626j),(0.1326467558941232-0.00046003034929221684j),(0.003604111562937569+0.005197614030246053j),(0.021324482730018086+0.006821510907565726j),(0.03057029801582148-0.0028515099961847635j),(-0.01037715699785037+0.006870693624326253j)
31,(0.002199585797171342+3.669133471695147e-05j),(-0.009369631226698056-3.7925485660691635e-06j),(1.940395903330118e-18-1.6871481472864456e-18j),(-1.537581086023019e-19+3.2206344862219285e-18j),(-1.8970810494276205e-18+1.0572451526499915e-19j),(9.962698787092829e-17-5.262820999933013e-16j),(0.006231016543497793-0.00010370629579778846j),(1.2334140009530359e-16+2.5133331953951374e-17j),(-9.287312447561407e-17+4.778038442908655e-17j),(-1.7553045386080263e-11+8.777342392493183e-11j),(5.293655932666432e-11+6.356641773963094e-11j),(-2.5858596885734157e-14+4.1613728017652785e-15j),(5.888320296739053e-13-9.239316313819345e-14j),(-0.15560902705746246-0.0001893349547963108j),(0.5865916612786055+0j),(-3.070983132190519e-12+4.594053036490231e-13j),(1.3360410168761228e-13-1.969310882736412e-14j),(-2.1445988187729215e-05+4.309198529891908e-06j),(1.6924376532535546e-10-9.509664678464165e-11j),(0.00011907927716133264+3.673653947509409e-05j),(0.2257250311596346+0.08453902674940676j),(0.00319030826484971+0.0026983113866518495j),(-1.6277492551144427e-09+3.07734347162592e-11j),(5.952401826090387e-11+3.035723866641961e-11j),(-3.699479702915705e-12-1.5061294352975477e-12j),(-0.018440321600040197+0.012971021531096843j),(0.08337264627763782-0.009832987895709817j),(6.594391197561922e-06-6.9052137879729144e-06j),(-0.3557390210784203+0.022800875747621546j),(-1.4661314623287081e-05+4.2714958233998644e-05j),(-1.116344243583397e-07-1.9823368103904092e-07j),(3.494457417602395e-06+1.0118610688102674e-05j),(6.343390972553169e-06+3.2523348877172093e-07j),(0.4344756510745913-0.004387149336994606j),(-1.6255927498528186e-08+1.0088568079495336e-08j),(-0.00021427859207322238+0.0009736255422616737j),(-3.131999287815589e-07+4.076716207383236e-08j),(0.01666571608746002+0.0020886079514392123j),(-1.4948676646964543e-07-6.622764680897047e-08j),(2.7089318598259696e-09+9.032982475974018e-08j),(-6.31411320394e-08-1.781297224447099e-08j),(-2.9871185594638863e-06+4.1771146867647855e-07j),(3.5786115790560063e-08+4.443538523806549e-08j),(1.3935434661190691e-06+1.8406432855131919e-07j),(3.040895986161256e-09-9.795845568304464e-10j),(1.4382104585920853e-08-7.347448247281156e-09j),(1.7323239214875563e-07-5.970468863535442e-08j),(0.050871288119672994-0.0019960902844539706j),(-1.5942067760692295e-05+8.469881390830158e-06j),(-0.007080219393683036+0.0015692546172591444j),(2.0095354029442235e-06-8.991472555284003e-07j),(-8.230272393822963e-07+2.541340130666696e-07j),(-0.0008809989682239093+0.0002938001648342941j),(-1.131784261059066e-05+4.296506489195124e-06j),(0.001092694958187625-0.00031078834243633026j),(7.613175790087852e-05-1.3448409111077705e-05j),(1.3331042923578268e-05+4.0313598294368445e-06j),(0.00012629608653373048-2.26594863217957e-06j),(-0.0016214185996013585-0.00027108352576818217j),(-2.2098562381240983e-05-8.948546432705965e-06j),(8.051487338608307e-05+5.832462495181322e-06j),(-0.0018009939658177273+0.0008124204152331952j),(0.10530544196017486-0.012749055397369619j),(-0.015244230804241981-0.01863898343683378j),(-0.0180684457316139-0.02763459429497124j),(0.008301241878793848-0.0031482048686916776j),(0.13622505791785328+0.005404330195291123j),(0.012539444010089353+0.012389346234002901j),(0.0163645783732733+0.018008764998037295j),(-0.003941623185418545-0.0012687769235310237j),(-0.011994597710551985-0.0004351241912638453j),(0.04882990388335447+0.0004727575122626393j),(0.0002672573597104288-0.0030121498757496347j),(0.0031687079822808276+0.0080563321338444j),(0.015440280418063486+0.007030940073612438j),(0.14657860660195784+0.01671959923844565j),(-0.1086305219544236+0.011679045560951173j),(0.11698139091451448-0.006160279608208433j),(-0.005549625845800314-0.0026935303313098723j),(0.3087873132358301-1.8976805731707458e-05j),(0.052510263572950286-0.0030929107289996427j),(-0.028565255703228716+0.004153174415128021j),(-0.0783308715918708+0.0046530382571345445j),(-3.2123585856981836e-15+6.776986840427119e-16j),(0.06958461623990685+0.019619247020956063j),(-0.02576999673493381+0.0006883623364201813j),(0.06944257730743074-0.016009721221080145j),(0.05182398753060134+0.009520160181034049j),(-0.0947156784263056-0.02424509152601083j),(-0.0021067396339412366+0.008344551575803466j),(0.027551300207368075-0.01182700787209097j),(0.0015943821319043437-0.008262424877051314j),(-0.10849959645822185-0.02374876153995528j),(-0.10883348070654335+0.04483018903425942j),(-0.011049344740609866-0.002452468815710644j)
32,(4.336126257014401e-06+3.7435764143551315e-09j),(-1.2408388172682322e-06+4.0608546072153295e-08j),(2.682004514625897e-21+1.9153240835359104e-21j),(3.0574965361307452e-22+3.0346098215102315e-22j),(-1.002435707737912e-21+3.25038905402114e-22j),(-6.970536194821392e-15+9.140792068968387e-16j),(-3.353211152010614e-06-1.3169377619062415e-08j),(2.2953674303944613e-15-3.284697729850009e-16j),(-1.449560971824023e-14+2.5994059701573195e-15j),(-3.007912162994106e-12+8.557177466654016e-12j),(1.9997206466883054e-13+3.538684479858437e-13j),(-4.002324612454944e-12+6.762049237094336e-13j),(8.578558942810463e-11-1.4397302934634027e-11j),(-0.01616389688879052-0.0001986535564256816j),(0.0037147146297593883-0.00011046534258388825j),(-3.295159880117841e-11+5.184988856396867e-12j),(1.482761488529216e-12-2.326004814738918e-13j),(0.00587198574608344+2.657042608200915e-06j),(-4.796615395976682e-08+1.465327610492677e-08j),(-0.0016093480607610366+7.961962254843653e-05j),(-0.00916517183480944-0.008008046393617008j),(0.521718694002591+0j),(1.8672813053985947e-08-7.032957576666749e-09j),(-3.153804461851083e-08+4.4619826401673045e-08j),(1.4495909945044472e-09-1.6916712860896961e-09j),(-0.21900219334919435+0.0060834251639613895j),(-0.011947924071701543+0.009611971356749384j),(0.0004456019870915811-0.00024869778189770314j),(0.007430666568072273-0.005433910385051803j),(-4.676019791768058e-05+0.00033393288185527104j),(-1.9888461456126754e-07+7.497629802799368e-06j),(-4.1814778225216845e-08-6.248667761833945e-07j),(-7.41122746751039e-08-5.1242794168382075e-09j),(-0.02458228110858911-0.004147234069247503j),(-1.4058082666547076e-06-6.856596873964623e-07j),(0.004901165965847695-4.416812924567544e-05j),(-6.807847157867429e-06-2.416241549112676e-06j),(0.4307137873623076+0.004760404949507413j),(2.3406092109953334e-06+5.747050143737558e-07j),(4.600229239077823e-07-1.1940387234474486e-07j),(2.751062262455476e-07+1.5987967927249677e-07j),(-0.0001657781913944021+1.252767022476044e-05j),(4.4121145152384524e-07+4.0289222098671805e-06j),(1.5210999150178515e-07-2.351901995056811e-08j),(2.543338753474341e-07-1.284641589223788e-07j),(2.2012339328573808e-06-1.105667755172833e-07j),(1.7973630547729206e-05-2.3512684339352557e-06j),(0.014292302992240854-0.0021077993337450494j),(0.0002059454406319229+5.336515650568516e-05j),(0.0829098366778841-0.0033861539663143023j),(0.0006769024204902284+1.141202847202761e-06j),(-5.313878430284009e-06+3.9234362747166205e-05j),(0.0003213997559701385-3.9646083391834866e-05j),(-0.00015992607405751404-0.00011416873601754278j),(0.00015080620834036625+0.00011757385569634928j),(0.0011608340190137705+0.0001307340139129889j),(0.00012765483315870256-1.761922058248603e-05j),(0.0011359335160128496-0.00011000847905953681j),(-0.0008638767219890882-1.565483699342159e-05j),(-0.00041253779953632775-0.00011876590952583069j),(-0.00025568866120184036+7.619432867754905e-05j),(-0.015205348426171748+0.0037995700246521383j),(0.42369224609591116-0.00012272862504564275j),(-0.04271633516688566-0.09013713193886888j),(-0.13738994822994757+0.06364271769003946j),(0.019628837850309815+0.01773322385685121j),(-0.136120250322417-0.02086719468489842j),(-0.011873507804144945+0.01805932759691032j),(0.03545840857678592-0.032393338812286954j),(0.013444905891306638+0.006830634865876112j),(0.03622606947040832+0.006166261070974162j),(-0.17622980159515775-0.02007551273684452j),(-0.0020978657904007804-0.016344027024113493j),(-0.004832753460087153+0.0018921776871298301j),(0.013685315886642124+0.006015665022213253j),(0.20114515247629122+0.017134771364305128j),(0.1434767702108459+0.023016113257871527j),(-0.019600228634396706-0.011310941673490709j),(0.05899308834331139+0.009068404688664464j),(-0.022136429494578162-0.007228332950456306j),(-0.2112827787398679+0.013012516797673984j),(-0.018183077796470538-0.013425206987995323j),(-0.06332006580253198+0.003205424668309257j),(3.8539087349524e-15-2.101582771052581e-15j),(-0.0809473993707534+0.029578170377053695j),(0.1812001811459792-0.03379161213813034j),(-0.09003454705307323+0.012036894530839242j),(-0.026522238495302906-0.0033635538324438483j),(0.030440809372988164+0.022336622614285127j),(0.012077698413314127-0.004966594108450149j),(-0.1803219336220768+0.0005983677823630587j),(-0.0106477542603163+0.00034820021506162856j),(-0.1020822620495493+0.028883985501033296j),(0.05494081369284069+0.029979282462551257j),(0.02871226191204805-0.004650973278951802j)
33,(-3.4141980368445134e-06-1.7491280255676648e-08j),(-3.0060720767997793e-06+3.935042826506748e-08j),(-2.7559717183577502e-21-1.3574451206133984e-21j),(-1.3119796229017315e-21-6.165860704701322e-22j),(-7.147548503360606e-22-7.959809719039155e-22j),(5.489335964806997e-15-6.930159286249577e-16j),(-3.2142220505491507e-06-1.6914933004161537e-08j),(5.764881389796114e-15-6.025255442580739e-16j),(-1.434292587732157e-14+2.4000783954107855e-15j),(2.308068816500408e-12-6.8061295149608824e-12j),(5.999842725439672e-13+9.485444963596646e-13j),(3.2311493394262775e-12-5.255300027230642e-13j),(-6.929161889996892e-11+1.1174061954930154e-11j),(0.012566218386558662+0.0002295978697959807j),(0.011568274404844618+0.00025550505353716564j),(-7.352094201989121e-11+1.2198177837862931e-11j),(3.5047525541618597e-12-5.83012741689311e-13j),(-0.0049731848768040585-4.0591892559462515e-05j),(4.0665661138659574e-08-1.2079227469692638e-08j),(-0.004479286392086112+3.497414749326121e-06j),(-0.0010961224509906896+0.0026664611578975455j),(-0.4969737889682655-0.0019464116683907684j),(5.330260026335525e-08-1.70584021491777e-08j),(2.2536708849843507e-08-3.575922953031483e-08j),(-1.031575135038194e-09+1.4046604437049017e-09j),(-0.3687123766186178-0.001711748280201708j),(0.008120929045335899-0.0035427796722394865j),(-0.0004021652166141684+9.693572112114657e-05j),(0.020185895153563643-0.012324797169935248j),(-0.0001907153777061241+0.000607078624486108j),(5.2076684667175435e-06+7.74265237057855e-06j),(-1.949117040604733e-07-5.41432768149977e-07j),(-9.963787023295853e-08+4.76304408377293e-09j),(-0.022822396848972394-0.0038676905376187065j),(1.086430018325174e-06+5.043103014291752e-07j),(0.004882252304979862-0.00011943256328583653j),(5.559700266604288e-06+1.4929421612968146e-06j),(0.4454730861003452+0j),(2.421948355597731e-06+1.605149161121309e-07j),(4.293251625993569e-07-1.304039054018681e-07j),(6.550648380312364e-07+7.230063084198875e-08j),(-4.735227147415507e-05+1.5267406650580588e-05j),(1.1069934540294335e-06+1.9565480555269667e-08j),(-7.50681171160829e-08+3.700899072088475e-08j),(-3.5074276608122644e-07+2.2453784850141347e-08j),(-1.3915452767054858e-06-6.943827380174114e-08j),(-1.5585597034067723e-05+1.846636649294104e-06j),(-0.012380956361469573+0.0014670239038861383j),(-0.0006915130987549614-0.00010684059923600581j),(-0.3602214219801694+0.010041731457411163j),(-0.0008230374482447283-0.0001634251497508208j),(-1.3433886140983691e-05-4.267146623635121e-05j),(0.00045636410819730887-0.0002337148103310971j),(-0.00022692379664659694+0.000281449203353419j),(5.440880034330472e-05+1.1545315624951814e-05j),(0.0009413354755166377-0.00048476143963109184j),(-6.191806903071071e-05+5.444497370151567e-05j),(-3.908350118995612e-05+1.342585812546181e-05j),(0.0001039182768024125+9.790107507674945e-07j),(2.1805133694404196e-05+1.6523559758092977e-05j),(0.00027922932650043344+2.9784698537416114e-05j),(0.003251966051800805-0.0005285835380590669j),(-0.07869872663836064-0.013739060593791014j),(0.0037656538036196473+0.020905301986005594j),(-0.0005437924094124115-0.04947554272241549j),(-0.0021724547247937566-0.009435004932913344j),(0.19209747876727948+0.010348417439161057j),(0.03142479652036427+0.00598512429916421j),(-0.088222194536807+0.026994834293399297j),(-0.00540171121244257-0.007528858381704393j),(-0.025383582666117347-0.003228244211835941j),(0.07119946047377357+0.0029315440397546036j),(-0.001284899809953807+0.009841600318653032j),(-0.002898489249163455+0.005547906260592521j),(0.011556772364737617+0.004155118232701298j),(0.16628422628659134+0.023901882963406954j),(-0.20301722109251963-0.011468534898665908j),(-0.021122820305104057-0.015101482016801582j),(-0.05263070313919897-0.008432508653463386j),(-0.1530911877960379+0.013871563374025286j),(0.016585981893872115-0.007917559829592346j),(0.04236207793186136+0.005707952828698799j),(-0.11105991596907439+0.0018859423883136502j),(-4.982894053981091e-15+2.0336673700819073e-15j),(-0.025365681162291025+0.018382935835237257j),(0.133659212569363-0.017395887129723932j),(-0.0295541049477335+0.016406298249888304j),(-0.02886227681517364-0.006590046990026913j),(-0.033080459928192724+0.013621602578115819j),(-0.02134293383340224+0.0019523608710022644j),(-0.26477649683399324-0.004344702991724417j),(-0.0009712218358283087+0.005281155206803516j),(0.014486236938126399+0.04880232480288852j),(0.11963338027697955-0.03177627047010312j),(0.02728205077322046-0.010762705875418487j)
34,(-1.0733747908195465e-06-1.826570180728136e-08j),(4.563062900832883e-06+3.681741767959675e-09j),(-1.4048193984573948e-21-5.568076380260326e-23j),(1.564940412442187e-21+5.239572889542712e-22j),(1.269287850258186e-21+2.512534203226231e-22j),(1.7257199248097987e-15-1.8124789514139466e-16j),(-3.005309364810806e-06+4.2763505437350324e-08j),(-8.68771984765329e-15+8.935302651716858e-16j),(-1.329399483397661e-14+2.5829839311747307e-15j),(8.833376753928603e-13-2.099141172295391e-12j),(-8.159176806592185e-13-1.361899798946351e-12j),(9.979422244526758e-13-1.5218754933726195e-13j),(-2.141445352483064e-11+3.270091650210086e-12j),(0.004290546529489941+7.647939998813415e-05j),(-0.015646211639084175-0.0003406917056242688j),(1.1233779334404127e-10-1.6290083918587097e-11j),(-5.262775015716415e-12+7.642494110703972e-13j),(-0.0013928086303635354-2.8081266639599293e-05j),(1.1474989189323954e-08-3.2649786595147943e-09j),(0.006196720195069331-4.348166876505825e-06j),(-0.0021359650416650756-0.0007539001342812731j),(-0.09287819985511267-0.006113290428763206j),(-7.358605334760792e-08+2.3571332459071125e-08j),(1.3911690539241306e-08-1.404098559212222e-08j),(-6.271324603756468e-10+4.745200226054718e-10j),(0.5798011952237903+0j),(0.00918556913896992-0.005190949787243481j),(-0.00011968032807093012+0.00016125471012751872j),(-0.026422501094655722+0.016968088609992205j),(0.00022170751448719538-0.0009307639291629932j),(4.414360142641216e-06+7.848027666620116e-06j),(-1.3105474732193042e-07-5.232119356382285e-07j),(1.841592699974829e-08-2.7042680988735183e-08j),(-0.02217187591760992-0.0032758966844745278j),(5.786833904969521e-07+3.3053489830703945e-07j),(0.004617532302222281-8.863414849109472e-05j),(3.0490477515533413e-06+8.494414242300261e-07j),(0.4019788580008427-0.002316809913273682j),(-4.505605192472534e-06-7.141251926080206e-07j),(4.072073337980349e-07-1.2171602251753224e-07j),(-8.354861688238129e-07-1.9266794810300785e-07j),(-5.5864086371350914e-05+1.3488954424258942e-05j),(9.932876093711873e-07+4.372017710878008e-07j),(8.523524186407795e-08-1.3939989668089575e-08j),(3.7561685815691053e-07-3.723513933998116e-08j),(-1.0272844472811316e-06+1.7228199354237667e-07j),(-5.720607243274809e-06+3.5453782572392777e-07j),(-0.004277377044602878+0.0006973533858083145j),(0.0004064044223528354-8.884783519958486e-06j),(0.0549779256114987-0.006347721085043785j),(-0.0002821920110746511+2.568125515956115e-05j),(1.80224183510278e-05-1.8036672715247245e-05j),(5.6295114824702944e-05-1.4566937478473146e-05j),(0.0001141583879273746-2.551403643533521e-05j),(-0.00034748791109391326+4.8260280381340326e-05j),(-0.000653985640921237+3.253977880299008e-05j),(-0.0002042438993729329-3.576995298340691e-05j),(-0.0014284452742773374+2.1105095257272118e-06j),(0.0006874635127116121+0.00015104196479283723j),(8.215921763837666e-05+3.977604289599685e-05j),(-0.000736251481252365-6.129090151426048e-05j),(0.006975659679704911-0.0024946898891128446j),(-0.2818646647633281+0.024051885435639797j),(0.04424828143406672+0.05128914205873665j),(0.14973447450731803+0.048587132382983546j),(-0.021715267821301332+0.002270464400494049j),(-0.2987566243595055-0.004775656717214062j),(-0.057915224377485836-0.03446120211490151j),(0.1596987557106166-0.032518591227836714j),(0.0010509998542761684+0.010378404330427964j),(0.041043564524257725+0.008577285664180478j),(-0.1551726314026698-0.022367467439867214j),(-0.005774985185683516-0.000200765343048965j),(0.0047770310233336616-0.011612836309679696j),(0.022578294241081175+0.008515521821903271j),(0.13795451159767777+0.01592515389140106j),(-0.10904013012392885+0.012370699809434886j),(-0.10593968399926705-0.021298052581578672j),(-0.005644905822917903-0.003119916018370071j),(0.28663199602155076-0.0006733785372823042j),(0.003559335673793224-0.008177806154074636j),(0.04647496897081582-0.0022566721104053185j),(-0.03773786687512037+0.007356828925520963j),(-5.137017488643735e-17-7.426067587920937e-16j),(-0.034560576264894595+0.00021461089462958445j),(0.11229547456934195-0.03331930963224626j),(-0.12048003562730888+0.005793598359481195j),(0.06308028487343666+0.009700584641631062j),(-0.10473926118364435+0.023406132463266453j),(0.006028827984718543-0.00769371605525665j),(-0.18205365991870365+0.002701309908760656j),(-0.013227109889483947-0.0034362640713847133j),(0.026394699264137223-0.008227144892683932j),(-0.036344629594481655-0.00575472459281345j),(0.012464690327298248-0.011144777341586825j)
35,(-8.657733402963822e-10-1.0345845564761985e-10j),(3.461358537996277e-10+4.615834920210886e-11j),(-1.4340461192828521e-24-1.6029604933581914e-24j),(8.071797179394542e-26+8.488852984848823e-26j),(1.8354179061548515e-25+6.6887161114794e-28j),(2.282071754052894e-18-1.2741771650404804e-18j),(5.045836708155253e-09+1.2300868263864606e-10j),(4.342802602425648e-18-8.97925474378609e-18j),(7.461707219676744e-18-4.9178640884504956e-18j),(2.6849948977414695e-14-4.4247595619010644e-14j),(-7.90824682632445e-16-2.9027218394815374e-15j),(1.046664868710357e-16-1.0278914995803533e-17j),(-1.6487610125772752e-16+1.2826934667566965e-17j),(9.386446907798629e-05+1.3378562849808671e-05j),(-3.249668663527587e-05-5.56267482247397e-06j),(1.4603166345229104e-16+5.8280619603392175e-18j),(-3.815423984615554e-18-7.352470750137649e-18j),(4.828934842862434e-08+1.4403484248952715e-08j),(-4.3887239923158324e-13+4.8948674588801925e-15j),(-1.2650104788755836e-08-5.481138199581101e-09j),(0.00018172181157354413+0.00011486098008271892j),(-2.1921583683319087e-06+6.612656451551848e-06j),(1.762337951994708e-13+1.5908090867541916e-14j),(-3.533220495443414e-13-1.425626228811135e-13j),(1.3591646573218155e-14+3.9883597218510345e-15j),(7.216392627527353e-06-5.235249980976794e-06j),(-0.0005296750917330564-0.00018135628974473732j),(-3.0252755702711177e-08-1.978431969127712e-09j),(0.00010986496410742193+2.9939337920013232e-05j),(1.015921425961884e-08-1.3623600655237642e-08j),(2.5056086422800923e-10-3.7312448861425195e-11j),(2.501747131096755e-08+3.676413364293933e-08j),(-2.8697937414269358e-09-1.6458711307435902e-09j),(0.0011452092233902595+0.00015093447505713797j),(-8.047301424372978e-11-2.6462097597603907e-10j),(-4.214769750145413e-07+2.5095229284588628e-06j),(-1.3978276100885125e-09-8.149862037504227e-10j),(0.00013165096974857422+1.7283335200275065e-05j),(1.4785684769527432e-10+9.680324557505798e-11j),(2.1228800496936853e-11+2.3062305667623404e-10j),(-5.0692638255592437e-11+3.04042636733209e-11j),(-3.05891492637598e-08-1.7558500499058076e-09j),(1.3191548246467565e-10+5.536956726594601e-10j),(4.0224723329807146e-08+1.3182955527202422e-08j),(1.600700902605883e-11-1.0036586906463328e-11j),(-9.254135919095132e-10+2.749856027109903e-10j),(-2.1925966163084193e-08+6.881564110774274e-09j),(-0.031715078219788376-0.0003870954962021927j),(2.4843429190257054e-06-4.641880154990108e-06j),(0.0018550707891542687-0.0001682562786624321j),(9.599895162773822e-06-6.82281681970769e-07j),(5.935260901733405e-10+5.882214057265366e-07j),(0.0003122647281895458-6.949193056982115e-05j),(-7.489614896978029e-07-1.898507226744666e-06j),(8.233327338607628e-05+7.166281399326876e-05j),(8.975702562980379e-06+2.9952370368447225e-06j),(2.0786881092014025e-06-1.432384476899568e-07j),(1.8304615019533385e-05-6.245460716520414e-07j),(-0.00033022371652686544-5.239028299182708e-06j),(-8.87091246879014e-06-5.272243307706264e-06j),(-3.323481181094485e-06+1.4271025858315539e-06j),(-0.0012101207480351495+0.00034315183217898754j),(0.08730925663140889+0.14478451672582718j),(0.7316380571000104+0j),(-0.014957442260847916+0.0012567217584907929j),(-0.006595294563769593-0.0009627133063901008j),(0.009885504592675202-0.015253963667060205j),(0.0034171726120234723+0.0021779614817755578j),(0.00394784925968358-4.6330671107858764e-05j),(-0.0013635240155895575+0.000226760219279755j),(-0.0013429696537390133+0.00026796808325181185j),(0.004913527124815639-0.0013889635232121368j),(-0.0003203220770196636+0.0008741561667543042j),(0.00027251488244234734-6.0189524772870004e-05j),(0.004955309487072709+0.0033479740042066716j),(0.2692266571656287+0.0016115018227576272j),(0.31177485523721543+0.0024532305802349996j),(0.0006353820400746976+0.0008491005688234284j),(0.03471963351454261+0.007891250876008959j),(-0.048938223649055354-0.0065887403409786854j),(0.46501440509959613+0.0021637434261861654j),(0.17999963075613695+0.04455418335803273j),(0.08436129446111791+0.0077364774583265905j),(1.4393883975160792e-15-1.5426414676027812e-15j),(0.0012551340634255998+0.0009411124526563664j),(0.0026502704512446707+7.789117966043395e-05j),(-0.016221793271269533+0.002908662045805742j),(-0.014915397142402786-0.002960994300398833j),(-0.010528320330765258-0.006224840889491294j),(0.005529085043738586-0.0022522593081025447j),(-0.0014604311075854704-0.0016083561690854189j),(0.00031830059621228986+0.0019162180530135702j),(-0.00601466414377659+0.010277863202204713j),(0.026421230986359925+0.0009704564034655593j),(0.0015426059554569244+0.0003234085575309632j)
36,(1.7723501862900352e-13+3.1905270506486964e-14j),(-8.330766432211004e-14-1.822235263182647e-14j),(5.059037778371603e-28+1.2085849786050679e-27j),(-3.793297845540688e-29-9.611601331944428e-29j),(-9.309983836322641e-30-7.477098702992748e-29j),(2.7221389541999314e-19-2.4957366004150617e-19j),(-2.8533650939884225e-12-9.827771421645708e-14j),(1.7328019111159032e-20-1.26546822386018e-18j),(1.5419978904315257e-18+3.145108006885135e-19j),(-2.6091947160469297e-16+2.8536010649759094e-16j),(1.583300182725111e-18+2.2459553224168345e-17j),(1.1652104939139528e-17-2.22397312193028e-17j),(-2.6030820307725317e-18+1.6066517954528004e-18j),(-7.333097529386211e-07-1.564381851192794e-07j),(2.975934392896295e-07+8.131904011931607e-08j),(-7.916113027863453e-17+8.830150052917571e-17j),(-1.0249867317535054e-16-4.119442073505264e-17j),(-5.140454120297545e-10-1.8721527769173124e-10j),(4.64423155055654e-15+1.9300515882733365e-16j),(1.563970564699827e-10+8.38815298190085e-11j),(-2.7772314255532915e-06-2.2288618161836655e-06j),(4.3809741433022374e-08-1.1000962465309782e-07j),(-2.36565891756253e-15-4.756393604044929e-16j),(5.21817285488296e-15+2.295468849633861e-15j),(-3.871686390788354e-16+8.03159455862422e-17j),(-1.5440082367986594e-07+9.344519144032045e-08j),(1.1612746134533624e-05+6.360104442674169e-06j),(6.012273635541455e-10+1.5290394154971818e-10j),(-2.5362797670361392e-06-1.1889447863735784e-06j),(-2.569837094955121e-10+2.3694872024701715e-10j),(-5.300788240010233e-12-1.9621201099569974e-13j),(-6.31703219235163e-10-1.199784874528342e-09j),(9.576970270595747e-11+7.288116659963892e-11j),(-3.5210907099997014e-05-7.519314697860514e-06j),(1.6698707423068193e-12+6.97326257403932e-12j),(1.3498114620003966e-08-7.621838393922086e-08j),(3.9307109892823006e-11+2.617504552281071e-11j),(-6.14628945261966e-06-8.607912618451253e-07j),(-4.842997437115906e-12-3.790828257337102e-12j),(-5.921191039634163e-13-7.005843786679953e-12j),(1.638621609934727e-12-8.028306841840218e-13j),(1.4880263317910727e-09+1.1358102194176795e-10j),(-4.8372618278512946e-12-2.767120234407965e-11j),(-3.2255424447387193e-09-1.096818105420051e-09j),(-9.916450963494727e-13+5.084429787869383e-13j),(6.80867265690425e-11-1.9451872614015344e-11j),(1.879129915101233e-09-5.755833088267817e-10j),(0.003863243317222523+8.913275240813234e-05j),(-3.5373294504236014e-07+5.389504198907821e-07j),(-0.00032255254323421123+2.5413718707898705e-05j),(-1.496471133210481e-06+2.4766248421175934e-08j),(5.622905402998063e-10-8.820107277577199e-08j),(-7.05912691215539e-05+1.3311406813787757e-05j),(9.847729987989223e-08+3.789651198057829e-07j),(-2.1175745405939318e-05-2.4101706139016023e-05j),(-1.9188838283160498e-06-7.790898064736096e-07j),(-4.584877136751786e-07-3.367290625590548e-08j),(-4.626665701960901e-06-2.7064088712164175e-07j),(0.00011761646645080324+2.1776918748066388e-05j),(2.9191477894414864e-06+2.4311106191387957e-06j),(1.2336215855612764e-06-4.4730178983800465e-07j),(0.0006833240747981585-0.0001745954462646755j),(-0.05606894714748721-0.12602049065391827j),(-0.6407452588481173-0.0029570096457302575j),(0.016885756427658195+0.0023103959495345784j),(0.007242920126781192+0.0012031876852349735j),(-0.014694172860148711+0.0156183033248504j),(-0.004197202026035186-0.002938672119645603j),(-0.006998811163154727-0.0019816435176766645j),(0.0023213540098700426-6.067606409793764e-05j),(0.004363374655602683+0.0003364750457725894j),(-0.026992582113933454+3.4338749692885973e-06j),(-0.001984252963503485-0.002279786571591619j),(-0.00011556178235135717+0.0008662308257274652j),(0.004545471699525462+0.003180095789292735j),(0.2744225269670466+0j),(0.3290022721014489+0j),(0.017031257995702598-0.0034942335588885884j),(0.03284455943826195+0.007782901679298628j),(-0.052105903680225024-0.006334074696716919j),(0.5534751907737434+0j),(0.2210234468437635+0.05241052353419869j),(0.1137129738919665+0.008827926620312256j),(9.820479692116184e-16-1.1860906378212378e-15j),(0.008707003628928303+0.003585406439746576j),(0.017539297707215018-0.0034878259513720505j),(-0.0272199204877505+0.006412140124115914j),(-0.014041888870167392-0.00293735208122979j),(-0.042837311160916526-0.012316104917846734j),(0.008294663304744751-0.0035177628110248517j),(-0.004780183207592404-0.004603562174036317j),(0.000562474988439241+0.003810630591383661j),(-0.010840953022608082+0.02417242183369143j),(0.05856829980058938-0.003297082000436012j),(0.0041960847502466436+0.0002618367895080502j)
37,(3.1933562597246122e-09+2.057439397850189e-10j),(3.3239655529030163e-09+2.322340510875514e-10j),(5.053764675571424e-24+5.40755491591856e-24j),(3.2924696155639023e-24+1.7351621067049776e-24j),(1.1997688334829591e-24-2.526802549053076e-26j),(-4.785892180458553e-18+1.253965379103456e-18j),(8.260319268189962e-09+1.2668062720051468e-10j),(-1.8906596676776626e-17+2.1524481293007248e-17j),(3.303406236261365e-17+1.9310082588223557e-17j),(-1.2580280539303123e-13+2.1597880886284196e-13j),(-1.3890840905269551e-14-3.655382663309905e-14j),(-7.75544581400837e-14+7.883474611384512e-15j),(1.7142776568382808e-12-1.7147088140600885e-13j),(-0.0004618238190775171-4.111550337787598e-05j),(-0.0005038936673707462-6.206515854832202e-05j),(2.168166289548695e-12-1.7274016213535862e-13j),(-1.0023931601306919e-13+8.098575653181685e-15j),(0.00025397340635846576+1.7770774596776804e-05j),(-2.098090093859225e-09+4.854767265463703e-10j),(0.0002728695844826307+2.3671010008519178e-05j),(0.00011215067047118048-0.0002007223983566967j),(0.04065979508712626+0.0027055384211727013j),(-3.3107767439221145e-09+7.500857743076051e-10j),(-1.6145938667149448e-09+2.5111177102039416e-09j),(7.120278699390754e-11-9.510903097222693e-11j),(0.036283618199074656+0.003431605655586707j),(-0.0010093222330650009+0.00023081550884383682j),(4.129063608502758e-05-1.5984172267372908e-06j),(-0.0027005039567468895+0.0010155559895145363j),(3.085885064848829e-05-5.5971459054094565e-05j),(-3.6566134695609815e-07-8.827281750775829e-07j),(1.9383163499830606e-08+8.697146641353381e-08j),(1.8761710584327836e-08+1.898425742072113e-09j),(0.003554925193130734+0.0009335953477163307j),(-1.3596621508849112e-07-7.439662011033541e-08j),(-0.000754725874288377+1.1106563201513243e-05j),(-8.039066242776188e-07-2.741225081082041e-07j),(-0.11310364605074025-0.0011276939295736324j),(-4.307982704186235e-07-7.050176832383372e-08j),(-6.637061901638191e-08+1.9568170535782933e-08j),(-1.0134630792431183e-07-2.1045800631568787e-08j),(1.2721735856785754e-05-3.78936285673857e-06j),(-2.9877127039719024e-07-2.7251873096886144e-08j),(3.8567674109727864e-08-1.83103195414903e-08j),(1.1849231707613053e-07+5.297571200212251e-09j),(6.243799001006451e-07+3.969887511521894e-08j),(8.672408047129539e-06-9.474255627207499e-07j),(0.012038132701803818-0.0012099936438000494j),(0.0006492333650298963+0.0002074166249327157j),(0.7353599718616775+0j),(0.001245184774111027+0.0004050530890960115j),(1.8588134328632882e-05+6.200711591764651e-05j),(-0.002380848404057111+0.0007961163328099093j),(0.0008076121916100156-0.0004704827601278808j),(0.00028094079273360806-0.0004488518379391953j),(-0.00442183565589412+0.0009191023951586564j),(0.0003238953612682886-4.305876626744531e-05j),(0.0003211341629038799+0.00013611720588016654j),(0.0004445339899730908-0.00024252890880124172j),(0.00012807795659234558+2.451970955104295e-05j),(0.0015892250378532527-0.00013778009816532342j),(0.00837897524930039-0.0015613899144804435j),(-0.15497313891006007-0.01714484370327786j),(0.007119808781332466+0.03961050958602162j),(-0.006713755978090864-0.08338175304708105j),(-0.003821527739413799-0.01626550792906751j),(0.32247466132040037+0j),(0.05200648577650456+0.00935357552972213j),(-0.13039420327514656+0.04699787400145644j),(-0.008609153286573653-0.011367506103748365j),(-0.035681255528044034-0.0036606502103890028j),(0.09632120648309492+0.002663889182394394j),(-0.0027758945289530663+0.012951421441937958j),(-0.004457414284636312+0.0069454064479202715j),(0.011338868187321676+0.00414271713660409j),(0.16695779261068633+0.024009518497873722j),(-0.20536482263312977-0.011541520296463534j),(-0.027156049754900515-0.018855417445985553j),(-0.0519661816894612-0.008510126602397253j),(-0.15508081954745062+0.014259358046229867j),(0.017193790588750778-0.008196854156181259j),(0.044147169054803384+0.005929292556554053j),(-0.11772248056235618+0.0021152165439278087j),(-6.201105999233098e-16+1.7513247569702716e-15j),(-0.03089721407970571+0.022847514597146814j),(0.16454512261553433-0.022645520150169025j),(-0.032385911872812596+0.018242310598735774j),(-0.028457590151719676-0.006608593707294049j),(-0.03918788826750183+0.016898837896448093j),(-0.023053810799842957+0.0021271701938290555j),(-0.31091921145193224-0.0038333572592791493j),(-0.0011126711503462393+0.005924366848172201j),(0.017083690915084257+0.05539223841253375j),(0.1358333947310063-0.03738440843904395j),(0.031513491449379157-0.012879467811810921j)
38,(-2.567836895349185e-08-3.210945624847772e-11j),(7.340661560376415e-09-2.3772342661852335e-10j),(-4.593831927753973e-23-4.367313808228605e-23j),(2.35247133037191e-24+3.342275234051853e-24j),(3.585129671439068e-24+2.0482948796981217e-24j),(1.1629627670695286e-12-1.4576252752442456e-13j),(2.0257151828313366e-08-1.7187170312161448e-11j),(-3.929458792272388e-13+5.3188330094906716e-14j),(2.4476928875929198e-12-4.273327194748147e-13j),(1.1985438741011334e-12-2.1432470917225326e-12j),(-3.0792157908421065e-14-7.818028295280549e-14j),(2.3014079619160908e-11-3.886710145870802e-12j),(-4.7620948753747e-10+7.994105770659e-11j),(0.004715641556467543+0.00011327698016054934j),(-0.0009704024412938779+4.0072781454625177e-05j),(1.8088221983890093e-10-2.9477803844688623e-11j),(-8.495400393143992e-12+1.372321989014841e-12j),(-0.012747753928764857-2.9498461067501217e-06j),(1.0541129609186015e-07-3.217325165353991e-08j),(0.0036482359804356898-0.00014568584610027296j),(0.0045719039668285395+0.006168882322113149j),(-0.5105257212846437-0.00025908783804062807j),(-4.301959386179096e-08+1.5686528885204294e-08j),(4.595748586374445e-08-5.367048885206721e-08j),(-2.200740127806949e-09+2.1295016704738892e-09j),(0.21458078410240428-0.005696273398017163j),(0.030134977060042093-0.008561793590058387j),(-0.00022009117399716726+0.0002668945252439391j),(-0.009839951871651743+0.005611202034183957j),(-6.308533827688306e-06-0.00032578951792052184j),(-1.4848028485454742e-05-2.5258041929932e-05j),(-5.724574853390557e-07+3.028006473844017e-07j),(1.4797273265359098e-07+1.1077956208597018e-08j),(0.016108042451483007+0.004570636685570705j),(3.90580178748195e-07+2.1532840382311587e-07j),(-0.010286943466465045+2.6851158069130746e-05j),(6.707065872019547e-07+8.711974528219437e-07j),(-0.4248044613715162-0.004592268402277416j),(-2.454185395366654e-07-2.995485499693034e-08j),(-9.368434211195604e-07+2.4848225236509473e-07j),(-1.1431957141138176e-07-5.572726167785453e-08j),(6.477840100188396e-05-1.1057695221951124e-05j),(-9.734157820635554e-07-6.520423403116151e-07j),(-5.3656564380891415e-08-3.7157565661363826e-08j),(-1.413163174213265e-08+1.4590655823520524e-08j),(1.0700574336236504e-06-1.2998134178029477e-07j),(9.6966095915183e-06-1.6456762438482201e-06j),(0.01661410154417584-0.0023378072898348067j),(5.093233267815043e-05+2.4772836478853888e-05j),(-0.005423102545045708-0.002954632377951782j),(0.0004138040009720623-3.92193536876777e-05j),(-6.324467794716538e-06+2.4816430365764802e-05j),(0.0006015811443708698-0.0001315327666917546j),(-0.00020397061361396952-4.838868039005642e-05j),(0.00015856514680116367+0.0001653053834396824j),(0.0013860327743438088+2.060159717047808e-05j),(8.873351044331855e-05-7.503650039616975e-06j),(0.0010173526921908782-0.00010552824904609405j),(-0.0009604333489635758+8.714057607680885e-06j),(-0.00037927132054557607-0.0001154801970927617j),(-0.00032608728811202287+8.214107937952515e-05j),(-0.015324605918305458+0.003929250874091321j),(0.43892499056406103+0j),(-0.04273559464858703-0.0934934365522886j),(-0.13721662183419087+0.06707778279634907j),(0.0208765690961707+0.01832996087859542j),(-0.1462227018823609-0.019612311085393783j),(-0.01343757113449457+0.01777201195841099j),(0.03669646617710738-0.03438334897546032j),(0.014242156772131224+0.007155447955647884j),(0.03832267699113768+0.0063856713874708045j),(-0.1866732675938609-0.020210377868840737j),(-0.002645466439100073-0.01772233202119058j),(-0.004806475328703235+0.002237142841446098j),(0.014315200100424431+0.006147795817576542j),(0.19927216861435595+0.016997586898650677j),(0.14108356025925214+0.022788936649088362j),(-0.012572834378700954-0.011682492047491914j),(0.06000509380161617+0.00907461360592109j),(-0.02182300865103526-0.007123001342116165j),(-0.2149522684888755+0.012269761068408824j),(-0.01202791193519447-0.013817228318787157j),(-0.05770847902268003+0.003291709367720528j),(3.601138199234201e-15-2.1745294253109634e-15j),(-0.07994105974168911+0.030548192161206602j),(0.18413981297026571-0.03428588982831279j),(-0.0975996253936025+0.013471918369956004j),(-0.027088643174829913-0.0033720839555973874j),(0.02392997451418449+0.019850134007098234j),(0.014030386215272108-0.005701369005384558j),(-0.17828023825837422-0.0005419215694087223j),(-0.010979700994718886+0.0009531460449161669j),(-0.10971850277628668+0.03385632867730934j),(0.0660843848858047+0.031219867825804812j),(0.02999945084636476-0.0042835695720360775j)
39,(2.0215956883186527e-08+1.1178381691074662e-10j),(1.777885800453227e-08-2.2574637611061535e-10j),(3.3375998250161054e-23+3.806153557421053e-23j),(1.2969288666262182e-23+4.001477418959712e-24j),(5.5828521962098865e-24+1.7719076387980834e-24j),(-9.157976878951634e-13+1.1067439747934877e-13j),(1.861433574479803e-08+2.0218844424101847e-10j),(-9.582961288478718e-13+1.1092203080318217e-13j),(2.4074312957111024e-12-4.2736777369258687e-13j),(-9.323867405818625e-13+1.6968631142407086e-12j),(-1.0274873429857745e-13-2.2367534520154077e-13j),(-1.8082415598632e-11+2.9711873977828273e-12j),(3.7398363869940037e-10-6.097802962338991e-11j),(-0.003664513436831634-0.00011266806932073471j),(-0.0033690225828887587-0.0001456475704688996j),(3.969417797168506e-10-6.617412333255487e-11j),(-1.9559254911428816e-11+3.274596170591448e-12j),(0.010157763180569043+4.286525116493651e-05j),(-8.402334259411985e-08+2.5269335034044693e-08j),(0.008942198061297122-9.309298451750433e-05j),(-0.0016926262089162086-0.004031013249547674j),(0.44581102896706737-0.0006754212264296899j),(-1.0736531993639608e-07+3.544640649412608e-08j),(-3.028897199149871e-08+4.021052264675815e-08j),(1.4446458031806886e-09-1.6901092320200728e-09j),(0.3242034262310084-0.001487292465814416j),(-0.018526302009033102+0.003158335786150143j),(0.00018518824741887502-0.00011211598846576629j),(-0.03132000171720898+0.010432087391078709j),(1.801853942445694e-05-0.0005418035553127581j),(-1.710922922723262e-05-2.2324960154200557e-05j),(5.085394555522262e-07+2.3970026888328387e-07j),(3.581640373772338e-07+3.4486813608953605e-08j),(0.005816206107296134+0.0016454019120057681j),(-1.6765393858461172e-07-4.2410162736393854e-08j),(-0.009172844983352777+8.911227376971905e-05j),(-1.6969334141976198e-07+6.095764224172499e-07j),(-0.31936339678175074+0.0007054689808996539j),(-9.336646016972683e-08-6.761905756566063e-08j),(-8.339637927585425e-07+2.2887864600536297e-07j),(-9.57557881106082e-08-3.969558239898608e-08j),(9.206114781831965e-05-1.124684810462181e-05j),(-5.013793383325972e-07-1.960123286005042e-06j),(-4.5660862626325144e-07+5.326677102692367e-08j),(-3.482826597230108e-07+7.318085882103219e-08j),(-1.3233828643316903e-06-4.9630763252839087e-08j),(-1.564141603976344e-05+2.044414390455918e-06j),(-0.020421543342844798+0.001780756048609613j),(-0.0008351970846184177-0.00016783831949364946j),(-0.5569653326090842+0.00477330166011633j),(-0.0011532125238804612-0.0002822781677922771j),(-1.7929733938398796e-05-5.9159604717676406e-05j),(0.0007615278314488478-0.00035735920562346033j),(-0.00043876072193750154+0.0004052699293896776j),(5.4249223557634944e-05+4.724647841895251e-05j),(0.00206111795724515-0.000701978587721124j),(-0.00014718878161714078+6.585728002124564e-05j),(-0.00013036071017103308-2.1329722360330174e-05j),(8.754367617141027e-05+1.4412738488436642e-05j),(2.1786055228839657e-05+1.6520208965611207e-05j),(-3.123604844381732e-05+4.818781112151459e-05j),(0.002371979278541439-0.0004151894239060416j),(-0.07046561154194528-0.013104545610167589j),(0.0033512303086376503+0.01891741585439114j),(-0.002537021031100135-0.04642991440283132j),(-0.002197507721550736-0.008579498655697897j),(0.17941490388473438+0.009824438285379985j),(0.029279977344049905+0.006308750210032826j),(-0.07751647235768744+0.025918846849116568j),(-0.005847080334671017-0.0069394161472703265j),(-0.026437291821305962-0.0032638902685561307j),(0.08197276102836154+0.002559272037806218j),(-3.5560142041949835e-05+0.010152996136151532j),(-0.002218424234949614+0.00581480294165207j),(0.01213498316516151+0.004248460259472369j),(0.16500676022119448+0.02370328522829732j),(-0.20177375614690224-0.011231033026147447j),(-0.018453403815317806-0.015001799848840144j),(-0.053547859884266025-0.008434529598516916j),(-0.15174362083506976+0.013837399261574429j),(0.011999055685365006-0.008648021716023298j),(0.050550196096935215+0.005511693943079703j),(-0.10375858857969096+0.0021364522004587057j),(-4.734637689498362e-15+2.361198894676688e-15j),(-0.0312996331916744+0.017712365801389116j),(0.13744265477460801-0.01590470227448111j),(-0.027183329352494543+0.015979593004011864j),(-0.02952444133765271-0.006649214505675802j),(-0.03519875209187592+0.014823659309658462j),(-0.013994426537624066+0.0018704540075057136j),(-0.2701539448201787-0.004314252771272092j),(-0.001035037278347009+0.004995004982407061j),(0.013772498614923127+0.04860043927336023j),(0.11846744132222839-0.032028569174038166j),(0.027745401810671123-0.01103180198636934j)
40,(6.356712385562776e-09+1.1066247750035944e-10j),(-2.700513008878844e-08-3.270297034223388e-11j),(1.442201541345382e-23+6.488826416156375e-24j),(-1.2838030164375221e-23-2.345054977930047e-24j),(-1.1858734062383883e-23-3.5087087519169856e-24j),(-2.8871963561646037e-13+3.152424395265005e-14j),(1.7465939608591885e-08-1.6841251150608998e-10j),(1.4561795492338531e-12-1.477073369815223e-13j),(2.238565801248945e-12-4.4089811587627155e-13j),(-3.2688319197297107e-13+5.171089554086033e-13j),(1.3663359384969667e-13+3.224078569151003e-13j),(-5.763359853781892e-12+8.822553972666955e-13j),(1.1946028851185275e-10-1.826497648578935e-11j),(-0.0012285473084354273-3.861799778359117e-05j),(0.004577466376791944+0.00018125450701413776j),(-6.228781889679399e-10+9.06075517407883e-11j),(3.0237043309764834e-11-4.4021225317521345e-12j),(0.003068054342957863+5.8853130205051805e-05j),(-2.558361396199011e-08+7.294508320050734e-09j),(-0.013481954812977134+3.278208571764682e-06j),(-0.0006118511302434066-0.0007582629191251957j),(0.09107845379676278+0.005959751369945289j),(1.620119199151523e-07-5.172169262548007e-08j),(-2.4787891785432494e-08+1.9420882927151274e-08j),(1.1394531125214502e-09-6.52813596773763e-10j),(-0.5669469555974584-0.0005368146890589731j),(-0.014517471036036806+0.004876750092754893j),(6.093353317029543e-05-0.00016527114088992433j),(0.04325891278249947-0.01615242502173068j),(-1.3035840580401237e-05+0.0009171240950997383j),(-1.7331582171505692e-05-2.2900911378412267e-05j),(1.320732502709226e-07+2.3317575430985366e-07j),(-4.502787787882749e-07-2.364010438393878e-08j),(0.00946298995006669+0.002212304093956692j),(-2.798978860834535e-07-1.6595951151235333e-07j),(-0.009538999149308145+0.00017135953041458134j),(-1.1434811488829687e-06+1.192530503309558e-07j),(-0.3956480858845107+0.002384462414712879j),(5.619825830557437e-07+5.4221972855688934e-08j),(-8.614296929057226e-07+2.465400232899678e-07j),(2.2559063537859458e-07+2.991183429863718e-08j),(8.928055557414627e-05-1.5219388706119512e-05j),(-7.847868546646922e-07-1.604912703529365e-06j),(-1.1923578139453998e-07-1.8190298152136225e-08j),(7.087487823424742e-09+5.073020562791857e-08j),(-6.601306257845031e-07+1.1853639759703841e-07j),(-4.8367489001683424e-06+7.178717092833161e-07j),(-0.0089607468691681+0.0010576176932804075j),(0.00019398432053592258-1.7989110749687165e-05j),(-0.015171825860029202-0.0019462219880636723j),(-0.00033641900034729177-4.7679302726154815e-07j),(1.100070213537598e-05-2.0021607784090384e-05j),(0.00025563994118138977-9.81015578197503e-05j),(4.7698173059168575e-05+2.453340506655322e-05j),(-0.0004117687036752516+8.841051981912831e-05j),(-0.0003048596123220974-6.013241911431362e-05j),(-0.00019366653443464172-2.542081364892712e-05j),(-0.001278679297645387+3.992652006337997e-07j),(0.000755742794640487+0.0001787005454264803j),(9.2772118646742e-05+3.9642384247122995e-05j),(-0.0007439293359241036-4.107662411747955e-05j),(0.006818488800929582-0.002490356932791599j),(-0.28651000765004137+0.024817954617801327j),(0.04524038128750841+0.05191597933203396j),(0.15252715992008692+0.05184002436469772j),(-0.02226665761131306+0.002748259023162723j),(-0.31395382716451964-0.0042099834455658555j),(-0.059999470634431305-0.03550630787027629j),(0.16197693368413146-0.034738552010502834j),(0.0013688426492403593+0.010676332492506792j),(0.04275387305824806+0.008655005930609336j),(-0.16071632448947915-0.022323889951495243j),(-0.005764674249643462+8.10513558025445e-05j),(0.0046750696664182995-0.012816871682148586j),(0.023333005987438378+0.008646454184876747j),(0.13689630007344303+0.015797008688658264j),(-0.10850702783274167+0.012368847357552552j),(-0.11704173545607263-0.020771963861191553j),(-0.005710255099355266-0.003153629488667095j),(0.28411245267613955-0.0007652504772530377j),(4.752532961802697e-05-0.008520264540309167j),(0.05194116744668468-0.002747567054384503j),(-0.032523099957010665+0.007350177827994882j),(-1.1929459706566312e-16-8.137530919739058e-16j),(-0.039464704703343456-0.002647412611875781j),(0.11090746685540157-0.03273463587907807j),(-0.13213098742790172+0.006926354176005912j),(0.0641338433419649+0.009702387963154788j),(-0.10076730594508423+0.025344309385842867j),(0.00675149445723929-0.008874229584952624j),(-0.18330227064974466+0.00323902523991125j),(-0.013959163491347194-0.003012821845492426j),(0.03725221857901904-0.008008788699350617j),(-0.032113018363048584-0.009051660615678189j),(0.013034415859954887-0.010999578979532973j)
41,(6.2725834429300735e-12+1.0308073458139259e-14j),(-1.7922388032000144e-12+5.738656718918537e-14j),(2.698723095586104e-26+4.0930896809820526e-26j),(-1.5221991767044452e-27-2.018399280490906e-27j),(-2.1005728412513374e-27-3.731408543904334e-27j),(-4.741117060461109e-09+5.959210054499906e-10j),(-5.2631220785143745e-12+9.951811109022098e-14j),(1.6031054969926117e-09-2.1733708742318842e-10j),(-1.003754868019779e-08+1.7687509747103805e-09j),(-3.251600251004863e-14+2.800883167946949e-14j),(1.545692723745473e-16+9.306331691254139e-16j),(-3.1503036074255624e-09+5.315984243257846e-10j),(6.281140008873767e-08-1.0540776741770455e-08j),(-0.00010217635342621807-5.430668043523065e-06j),(1.4019257286593224e-05-4.562423634719319e-06j),(-2.354950869865607e-08+3.950920034229267e-09j),(1.1555487518576456e-09-1.9154466845691676e-10j),(0.5451430138077294+0j),(-4.590476628000756e-06+1.3987349847802026e-06j),(-0.16081774152826933+0.005335240598551984j),(3.947111724102604e-05+3.106047270646717e-05j),(-0.003895662768903015-2.4289115817998893e-05j),(1.93634580778906e-06-6.886745282196766e-07j),(-7.370219183716711e-07+4.165707985252788e-07j),(4.115492314415553e-08-2.1171257286660537e-08j),(0.0012872835442237138-8.49480978246819e-05j),(-7.1728271025725e-05-5.906055837889366e-05j),(-0.008877711422114942+0.00014810848347615634j),(-8.531345860129893e-06+2.6843444682975013e-05j),(0.0025498409321140607-0.0003055463593739235j),(0.0019244729853397189+0.001646363471738091j),(2.1416085006780587e-08-5.360453649594019e-10j),(-1.4824939598450682e-10-3.1812587267522667e-10j),(0.00048338825168175537-0.0008423423345362432j),(3.131218821571015e-05+1.3978277950085444e-05j),(0.42397426273357364+0j),(0.00016960032528491766+2.3179891851316623e-05j),(-0.002887303332252667-5.9196894354164586e-05j),(-5.911606106797517e-05-1.2817388029685885e-05j),(3.8394813580953074e-05-1.0188979012153933e-05j),(-5.873871325128444e-06-2.4226009644657927e-06j),(0.0017713964604632924+6.880799311762638e-05j),(1.025372035978723e-05-5.868533675741739e-05j),(-5.3148629683468495e-09+1.8255338091159995e-09j),(-2.996426764737939e-06+1.7113611933499245e-06j),(-3.342646605655484e-05+7.514773100260704e-07j),(-0.0002284001404376837+1.928209105825189e-05j),(-0.0012321406423533672+0.0002348601878994849j),(-0.0009855002428648522-0.0002875642280823883j),(-0.014205697489994123+0.0012440341265617131j),(-0.004422974556019985+0.00025116135434663316j),(8.516573428532463e-05-0.00027110256521468436j),(-2.2270915111992787e-05-2.2998045139495012e-06j),(0.001700312571056419+0.0002943573593497104j),(-2.834785586887107e-05-1.5493117894582882e-05j),(-0.009221258289714838-0.00011779680448452314j),(-0.000621501349546597+9.139459372726553e-05j),(-0.005602815495937035+0.0006982936457734595j),(0.00017395934428963858+2.05438082815074e-05j),(0.0022199340172442744+0.0003349747457855194j),(0.0010223646038269348-0.00034729977494578416j),(0.029513855960433308-0.0026099934397500676j),(-0.17689686235904017-0.00189085021670235j),(0.024030162932637295+0.03756617442122671j),(0.08414439382250426-0.02684135012734249j),(0.018841928280220077-0.012109923478792127j),(0.07259064903952396+0.021369127665068186j),(0.005732588025940338-0.012090196093341235j),(-0.05524488708177586+0.007606147385868716j),(0.0053739906789177505-0.002485368894573609j),(0.011729194376074734+0.00032209019508275087j),(-0.09527732619808031+0.014976165150405209j),(-0.014936107960693754-0.027577115309350846j),(0.00262898178216599+0.012452119455818584j),(0.03279530656041625+0.00955530057813626j),(0.14402361593773547+0.011850021545731277j),(0.07999784366587787+0.015118985112820338j),(0.23948919595909182+0.007111384562703618j),(0.08717491133675083+0.0088548989224655j),(-0.015200221444972288-0.0038606393497318345j),(-0.25567466630806224-0.0046111125624013205j),(0.13132967193040943-0.019749777439712464j),(0.11836696006064557+0.0031348401971324526j),(4.6399425671349736e-17-9.830197121327367e-16j),(0.06781926075865045+0.008696962741993181j),(-0.07231452056525184+0.019280423066812463j),(-0.1941540276913807+0.031422043289587503j),(-0.04223400279119723-0.0035016560783188017j),(-0.11363429284277504-0.07988937353320444j),(0.056335733831657596-0.01996160977472391j),(0.19610375539235828-0.030711860863534286j),(-0.0078116268437922595+0.01485820290121409j),(-0.22543040076456647+0.11389856863501063j),(0.2587187629332973+0.051833961943695855j),(0.022249519197998627+0.017591573361247396j)
42,(-4.937857764354318e-12-2.929468137099157e-14j),(-4.337987399340688e-12+5.338853101939129e-14j),(-2.1165925946697783e-26-3.2974816785074075e-26j),(-5.835652687345584e-27-5.631737634249297e-27j),(-4.631712644746457e-28+2.8458270457985087e-28j),(3.733564851451444e-09-4.5269813422826154e-10j),(-4.303349632763553e-12-1.1777911861239724e-13j),(3.909018439740181e-09-4.539805062424358e-10j),(-9.857422248879001e-09+1.7644642397688098e-09j),(2.5514967553861626e-14-2.2124458829650634e-14j),(6.415258659630236e-16+3.025757307246695e-15j),(2.4716254527899907e-09-4.063093943893087e-10j),(-4.924707902889226e-08+8.03603655072033e-09j),(7.976987443405047e-05+4.7697631955237205e-06j),(7.730912981114792e-05+9.753577791544349e-06j),(-5.2609453848448545e-08+8.6701176595582e-09j),(2.6829154887169304e-09-4.4455493116816237e-10j),(-0.4322558800742975-0.0016417496308039625j),(3.6407426419320968e-06-1.0937347434250015e-06j),(-0.37709976605302603+0.005060468670508314j),(-3.575044824967636e-05-4.219805757264235e-05j),(0.0036183720819025723+2.759068758599343e-05j),(4.601730104090598e-06-1.5312733124720616e-06j),(7.062358814522901e-07-5.143773278095991e-07j),(-3.6155695781451734e-08+2.710975701807333e-08j),(0.0026230456505808735-1.213667144520092e-06j),(7.178280737117295e-05+3.901984974563421e-05j),(0.0068572118834031815-9.43698534110536e-05j),(2.654184086172316e-06+8.75049757041967e-05j),(0.006633380841277517-0.00048044442248538783j),(0.0017864160971774988+0.0015470079561525419j),(1.2304781449260882e-08-1.4631886955213805e-09j),(-2.0318272315619274e-09-8.032790401772975e-10j),(0.0005441853189600409-0.0007900292219855837j),(-2.5016903559567206e-05-1.3163681840277482e-05j),(0.4102586525798557-0.0013476117699827636j),(-0.0001291852557567094-7.113668621670278e-05j),(-0.004419800089405771+4.533836115519323e-05j),(-6.02175645422055e-05-2.4231389212781815e-06j),(3.777366581761265e-05-9.87591083935907e-06j),(-1.476984534518415e-05-2.0034864373153658e-07j),(-0.0008591255022969214-2.2837892974776695e-05j),(-3.1096888089012305e-06+2.8444751038248306e-05j),(1.0429988948866014e-08-2.726974284307506e-09j),(8.474909040820192e-06-1.4482823619964282e-06j),(2.311025011340219e-05+2.33459085364435e-06j),(0.00022299105034095224-1.463313934844166e-05j),(0.00114762361604702-0.00017962920559227714j),(0.005584384708786378+0.00014994557947057858j),(0.038098159739660124-0.002866050598751991j),(0.002317685160167328-0.0001895667565982482j),(4.163868225451513e-05+0.0001495228758647147j),(-4.2646268917134056e-05+2.7528668031590194e-05j),(-0.0014064882515106873-0.0003221307037992362j),(-9.757814509405193e-06+5.158613761121649e-06j),(0.009686958775118442-3.986780557992033e-05j),(-0.0009306408433358549-0.00022846914329354074j),(-0.0015418736483087286-0.0006344206856018547j),(-4.819291487839512e-05-4.31973057454281e-06j),(0.0005343434856865797+4.764380686343429e-05j),(-0.0056053638198505186-1.826918484314449e-05j),(-0.012968812229557886+0.0009740382470175444j),(0.08300327630259789+0.014891920329620709j),(-0.008133278724843946-0.02179853981411943j),(-0.028456960393524168+0.04841470162646692j),(-0.0019653841239248657+0.013297943468844258j),(-0.21291665864651949-0.03371082005812833j),(-0.037424019765185376+0.0015464142896294934j),(0.2221718296408308+0.003874711714158277j),(-0.017654564373402046+0.010462704530098788j),(-0.05395091905163277-0.0036921724843893278j),(0.4064153323792268+0j),(0.036813923305769485+0.013241609605176674j),(0.020510779039367204+0.009350709643863062j),(0.029112389352249766+0.006611829305194213j),(0.12511583775045668+0.016927581146076492j),(-0.15671176100383613-0.00502829965593192j),(0.1272848583511254+0.01655896223862055j),(-0.07811444554992343-0.008250760089923002j),(-0.11145674837546474+0.012490795065038765j),(-0.08380193690473008-0.024635622776801983j),(0.2335887732894271+0.0006649604840847454j),(0.12391227187870459+0.006851425839538031j),(-5.089545876332196e-16+1.5336826417010492e-15j),(-0.08880482355049149-0.03586969828400406j),(-0.060981669137031576+0.07246891332905803j),(0.09030487585928104-0.012528268222744996j),(-0.047392312491294976-0.008126988125103034j),(-0.031472726310967127+0.007433455694483259j),(0.16820541171548384+0.001563324479174441j),(-0.025796597595467832-0.0019482846521148931j),(0.0042576909560941905-0.005087505972539085j),(0.00810991693297582-0.003947777629551169j),(-0.015412995337951957-0.017705283614430772j),(0.0013430882470423097-0.001224125761662316j)
43,(-1.5529514350403871e-12-2.7619310160134294e-14j),(6.5920075060239045e-12+1.0689642376567793e-14j),(-7.379659188028968e-27-9.303705200068581e-27j),(8.878119916829728e-27+9.040793534509525e-27j),(2.540407384702475e-27+2.631324087052889e-27j),(1.1770830068499558e-09-1.2900394312282637e-10j),(-4.099418739500687e-12-9.16982066822492e-15j),(-5.940166221767277e-09+6.047894302580329e-10j),(-9.176348813488632e-09+1.8228835199573503e-09j),(8.373338213344825e-15-6.623964988805416e-15j),(-7.736713591886585e-16-4.247564974316041e-15j),(7.903477016901451e-10-1.2091269989521207e-10j),(-1.5793592672275222e-08+2.4163036723396337e-09j),(2.6049780011720118e-05+1.6138417564207746e-06j),(-9.741621817554151e-05-7.188335840138576e-06j),(8.201288094951407e-08-1.1964425264603653e-08j),(-4.133014339838764e-09+6.029373148859934e-10j),(-0.1324376090736516-0.002458765432486028j),(1.124775658657632e-06-3.20674188039697e-07j),(0.5775285339280274+0j),(-2.8665863880628888e-05-1.3770795715613666e-05j),(0.00032198661697628475-4.35919775516072e-06j),(-7.06249114459569e-06+2.246937325756279e-06j),(8.743878932886179e-07-4.0738416078267415e-07j),(-4.112835541584889e-08+1.3367248824816391e-08j),(-0.0043186047671646575-5.2283257538341104e-05j),(1.0934911494117467e-05+4.790012405970467e-05j),(0.0023574240067524336+3.004387429238653e-05j),(2.2235430462870806e-05-0.0001200822197831201j),(-0.009868815528721816+0.0006470586863553266j),(0.0017516568211528728+0.0014438312990815133j),(1.4390576789925185e-08-1.3111043785347503e-09j),(4.3491235833411825e-09+5.123802835359033e-10j),(0.0004752349249142982-0.0007662713498223313j),(-1.0097308612378488e-05-6.241606173548673e-06j),(0.38939728940567386-0.008339289828514743j),(-5.75846807670547e-05-4.69834422530237e-05j),(-0.002827176477514554-1.289909959523031e-05j),(0.00010497887701604266+1.819232444303486e-05j),(3.564190930762515e-05-1.0027393897126993e-05j),(1.86580253737043e-05+5.508175164483958e-06j),(-0.0005360604858827535+1.3844464725322215e-05j),(-2.8813188820662756e-06+1.8174115878051714e-05j),(-8.718465152732781e-10+8.115131291585091e-10j),(-6.613306488900524e-06-1.395398143759129e-07j),(2.2746419375719477e-05-2.347200494298055e-06j),(0.00012814245895392443-5.184812025499071e-06j),(0.0003819951915614575-7.190668588696398e-05j),(-0.0044569426394073875+0.00018296870300457506j),(-0.006882215895430403+0.0014690888205052153j),(0.004079905728319669+4.749959442184627e-05j),(-0.0001959115731404667+0.00023811537683290484j),(7.052510685471263e-06-4.4535078914043555e-06j),(-0.0004627467979971888-0.0001072857343824688j),(4.98987259768794e-05-8.94637420701581e-07j),(0.002494592647882206+0.0005687457458663723j),(0.001661583466221546+0.00014930901451462098j),(0.009242235612957407+0.00014423708085768098j),(-0.00013082821237548885-3.049900694985022e-05j),(0.00048826748908197237-5.5277745260413636e-05j),(0.003593612618599934+0.00038478605287111935j),(-0.007187125782692993+0.001355431556202707j),(0.11142293788516375-0.009018306688784297j),(-0.019315042516762547-0.020066807002508416j),(-0.07142357888318833-0.018964101365531484j),(0.007453753820992478+0.00015549353710812668j),(0.11890632892221138+0.0008785729064010126j),(0.026959551244716693+0.013695292986998163j),(-0.10302827106971031+0.00999453282721019j),(-0.0007652104084513351-0.006224220926032547j),(-0.003580541095051047-0.005195872682282106j),(0.035346977288057094+0.021958158632021742j),(0.00415517491226642+0.014275797162282878j),(-0.006950672630759547-0.02762291009257107j),(0.04538292210719496+0.012004129279367927j),(0.10332713805642897+0.011216810920169894j),(-0.08568176421056121+0.011145955039509776j),(-0.2113461787205496+0.028542051181088005j),(-0.007436887152796197-0.00410395031385281j),(0.20126779059863847-0.0026660701615077442j),(-0.07035303478822097-0.015441615381722031j),(0.16831091172311147-0.013425455560991948j),(0.1243699373234688+0.0029289914617199805j),(1.9630649483924237e-16+1.498431805756887e-15j),(-0.07176284514879788-0.09100558153858006j),(-0.1772039595194041+0.04932169205215721j),(-0.31563146080964105+0.020995242019511067j),(0.09342903192266294+0.009342017878336696j),(0.10066224453064873+0.02935723579014871j),(0.02074581287810905-0.03283990171676371j),(0.09207727352685914+0.007032421896863341j),(-0.019407478880899172+0.008815483195445133j),(0.29468928008798834-0.017780938231395982j),(0.05256558038061401-0.0782414533407382j),(0.0002684618806797108+0.00891137714930582j)
44,(-6.021584504357638e-14-1.2265639026653102e-16j),(1.7201648659842334e-14-5.439425675132346e-16j),(-5.554987556617591e-28-1.3080491640093296e-27j),(3.37872276140498e-29+5.786987199410897e-29j),(1.8729723042524912e-29+1.0435202851582352e-28j),(4.899384897272612e-07-6.177725587303949e-08j),(5.918768181148075e-14-4.0636174418021835e-15j),(-1.6577859637729546e-07+2.2536930698965688e-08j),(1.0429645226575248e-06-1.8546625722533253e-07j),(1.9482072363961885e-14-1.078062454780664e-14j),(-2.824925021832517e-18-3.527170907509504e-16j),(1.0115492552188742e-08-1.704405865695371e-09j),(-1.9395899820447713e-07+3.251693155080467e-08j),(5.821109083702124e-05+3.954036835286821e-06j),(-5.690491994802771e-06+4.068582022563848e-06j),(7.200718443896922e-08-1.2336941263934508e-08j),(-3.6950273563359183e-09+6.242541327242226e-10j),(-0.5419108557874287+1.2549435346925764e-05j),(4.6391931047804426e-06-1.4104777732627526e-06j),(0.1598578072002531-0.005314267553576356j),(-0.00011060279303833085-0.00014715953602231836j),(0.014053240326443608+2.3038645376747234e-05j),(-1.958588527170972e-06+6.943847093013404e-07j),(-2.8876539134860977e-07+3.18513282268462e-07j),(6.125592936969455e-09-1.091407521741326e-08j),(-0.005704492724683729+0.00019000735503915938j),(-0.0007757065101294537+0.00019411973671043683j),(0.0004212809423667498-0.001185090823025731j),(0.00024030026452071803-0.00014572125821471878j),(-0.0006173097469260333+0.00039964743916764555j),(-0.004267666041344625-0.002036896504016942j),(-2.5076751292820016e-10-3.0156899873633644e-09j),(-4.371841422988256e-09-1.877642440697055e-11j),(-0.0008080945586767397+0.000728931365344309j),(6.71367655759936e-06+4.53413854810397e-06j),(-0.42133571144270177+1.0315077801581474e-05j),(5.157427620478043e-05+4.753696708456302e-05j),(0.01225047985226875+0.00010519008577158234j),(-1.0182177579246455e-05-5.470165463152305e-06j),(-3.88711451884548e-05+9.990694412869167e-06j),(3.213105040033689e-07-1.6766295665956705e-06j),(0.0008530892573417005-1.4330484384067206e-05j),(4.5082065404995435e-06-2.8696685531321655e-05j),(-3.32769170195741e-09+2.4033730573132145e-09j),(-1.8889680273769887e-06+9.685555201519335e-07j),(-2.5503853866362635e-05+1.0002210710365673e-06j),(-0.0001894861205000377+1.8606683554867715e-05j),(-0.001468144558821593+0.00026809511166218393j),(-0.0009183209191460077-0.0002548470532083726j),(-0.014024895015663948+0.0013012025783214866j),(-0.003972479331239876+0.00023612899539157879j),(7.433350511400224e-05-0.0002435894115838645j),(-3.111136186090043e-05-3.7024564120992286e-07j),(0.0015278486227085577+0.00028129737893452277j),(-3.0517356077175977e-05-1.7939309713734733e-05j),(-0.008577423449153798-0.00010800855850963019j),(-0.0005551872340238608+8.234344901224757e-05j),(-0.005219456046728757+0.0006461446180741682j),(0.00018791004151574072+2.044045615840339e-05j),(0.001942963147272007+0.0003319191117327942j),(0.001051292377236028-0.00032656452001037894j),(0.028460612920821044-0.002679232688148344j),(-0.18403706909163148-0.001968748780973556j),(0.024746609506058295+0.03910827283610872j),(0.08652855827535932-0.02820731276150995j),(0.017370364984175893-0.012446200125531793j),(0.07624868903661641+0.02193093560688637j),(0.006182024313235608-0.012397725148611344j),(-0.05747160131061431+0.00802128132422052j),(0.005246708746407622-0.002719206190579774j),(0.011544142885798258+0.0002489151874679402j),(-0.09608996472811676+0.015208953332926843j),(-0.015503434996204886-0.027098911944268583j),(0.002598181488677304+0.012348772728294133j),(0.033436183670319204+0.009632926170504328j),(0.1424384448985537+0.01168681989083972j),(0.07845111184996281+0.01489105777624844j),(0.23823711101622605+0.006794861901082541j),(0.08796042312305603+0.00883490616119633j),(-0.015049039645078817-0.003773904213200842j),(-0.2549005573130909-0.004852248307481988j),(0.1331331069658743-0.019753786527428638j),(0.12092437488141015+0.0030668481708767195j),(3.7390537749842725e-16-1.092112344107509e-15j),(0.07136879728025147+0.009112033667815059j),(-0.07418148105631736+0.01856646266402916j),(-0.19273753620852846+0.031193821602961684j),(-0.04267994114166168-0.003502239955636307j),(-0.11462658592057304-0.08072619669319689j),(0.05585844012857715-0.01996939031618632j),(0.2004050901726125-0.03079492763530818j),(-0.007491981535245883+0.014939463479029422j),(-0.225958128215333+0.11385251646409825j),(0.2583092780829844+0.052152485099799445j),(0.021514635924617675+0.017717654774746242j)
45,(4.7405840259604375e-14+3.006395590181058e-16j),(4.1604391144697076e-14-4.953145432172577e-16j),(4.34894540367637e-28+1.0354480571371493e-27j),(1.2351341000112376e-28+1.7617098887181405e-28j),(1.291142439041682e-30-4.680134258889077e-29j),(-3.8584210676558415e-07+4.6936323637726776e-08j),(3.518787540149439e-14+3.1667517926680097e-15j),(-4.0420456144201563e-07+4.709837331889445e-08j),(1.0236504195180465e-06-1.8483739993824553e-07j),(-1.5399884918685724e-14+8.528859546372412e-15j),(-6.356426163111129e-17-1.2875688332981538e-15j),(-7.918869645473643e-09+1.303400840180941e-09j),(1.5171140648671145e-07-2.4794110959585268e-08j),(-4.577390448736359e-05-3.4201811685964647e-06j),(-4.5894632881250897e-05-7.87063489615823e-06j),(1.6334237452614358e-07-2.664996076812723e-08j),(-8.64065512727024e-09+1.4181185319846486e-09j),(0.43242592147746617+0.0018084103680221786j),(-3.701010338900861e-06+1.107910894184791e-06j),(0.37770179681894867-0.0048314618859015j),(7.546716254437823e-05+0.00012941289437865046j),(-0.012398872312804819-1.542176357648313e-06j),(-4.6796936673523855e-06+1.551189119599876e-06j),(-9.698989239784446e-07+6.313536361441635e-07j),(4.698466001659474e-08-2.984069005266964e-08j),(-0.008919262480245825+6.381634766792609e-05j),(0.00046461487448654754-7.862098374205082e-05j),(-0.00032450027445771906+0.0008989661731462445j),(0.0007836775154491404-0.0002674960614582021j),(-0.0015419652888650104+0.0009784168033632836j),(-0.004182248660648058-0.001999862617504842j),(-2.9965098773402724e-08-2.0335192796416053e-09j),(-1.0289226364590026e-08-8.45710929706713e-10j),(-0.0005151098778869187+0.0008011906988306104j),(-2.7170810865786023e-06-6.058671343693591e-08j),(-0.41519498021458173+0.0012933005579603071j),(-2.6634539120864955e-05+2.2185385952915025e-05j),(0.008708862829884478+5.996686641096451e-05j),(-6.111620437519235e-06-1.8552495516716816e-07j),(-3.8072691439634224e-05+9.97159128694971e-06j),(-1.417195336678943e-06-7.904019089252247e-07j),(-0.0006248673695464506-1.5948360468362737e-05j),(-3.0866078121626585e-06+2.0690555816123568e-05j),(1.833808596506206e-08-3.4509692739853822e-09j),(5.2226835841529044e-06-9.6130003011254e-07j),(1.4895100936687223e-05+1.230136992982245e-06j),(0.00015009233066615602-1.3349421360167986e-05j),(0.0014347213201922249-0.00020270365091633156j),(0.004457899166036175+0.00012964858657926086j),(0.045767159981191304-0.0029029578637466483j),(0.0019212515618803542-0.00014591921429237594j),(3.8569188006176914e-05+0.00012164069964630414j),(-5.33718359887001e-05+3.244654645818811e-05j),(-0.0012297640621843726-0.0002970176043322582j),(-1.0362908737543226e-05+4.365737993626645e-06j),(0.008500409712809999-3.350365240538432e-05j),(-0.0008132016293452582-0.00020830160847112828j),(-0.0013999304332462021-0.0005622578343891004j),(-4.88780584778803e-05-4.499159815234773e-06j),(0.00034260004255548787+4.911506401076489e-05j),(-0.005185088656937226+1.0056248760380608e-06j),(-0.01298326958488732+0.0010033577451308822j),(0.08309470496770835+0.014847908407789254j),(-0.008108525227575422-0.021817182929386947j),(-0.028043146455557704+0.048497714933711585j),(-0.0024392773068011636+0.013275498741287937j),(-0.21287019544717833-0.033234484447979j),(-0.03737044223743413+0.0014655091811595425j),(0.22032357817221+0.003110974263688504j),(-0.01703830809702519+0.010458279550404952j),(-0.05226343760433731-0.003512599823220334j),(0.398395386609062-0.000601894177170742j),(0.036503036481099566+0.012663210849084314j),(0.020421346284691104+0.008957138399175045j),(0.029704385353276547+0.006659251631900519j),(0.12393330205978499+0.016719215968941034j),(-0.15525126114895216-0.004870774847222509j),(0.12540271381916185+0.016350795268136188j),(-0.07882221118853328-0.008235165389563662j),(-0.11029021536621297+0.012435958889363753j),(-0.08506459624387991-0.02482189406567908j),(0.2359997226373388+0.0005833370776907165j),(0.12777630158123102+0.006887836255230054j),(-2.768965995706013e-16+1.197563495870748e-15j),(-0.08763928631819465-0.03548699237430819j),(-0.061726669854697054+0.07163530545261863j),(0.09439333374210722-0.013540596684391703j),(-0.047923320097952304-0.008163634292197734j),(-0.030136521632264303+0.007613277785090234j),(0.1704428915025377+0.0016900542315552436j),(-0.021427566706970554-0.0014972002564558407j),(0.004466716191206527-0.0054075281584287475j),(0.007766726460031503-0.005854118690780421j),(-0.020743179317143343-0.01677295949919928j),(0.00042696620285335334-0.001142671028916283j)
46,(1.490982257094208e-14+2.7070635894374e-16j),(-6.323583721277982e-14-1.284509568665843e-16j),(1.3132087877002782e-28+3.1479288821257387e-28j),(-1.645440427283373e-28-2.3491068389175534e-28j),(-3.644838366265127e-29-8.862748537147185e-29j),(-1.2164762070612365e-07+1.3380903058013146e-08j),(3.5647308318424156e-14+1.4275616677420201e-15j),(6.142138943171391e-07-6.27697828520453e-08j),(9.533605820423917e-07-1.909439516079663e-07j),(-4.929463214446609e-15+2.5025338645031692e-15j),(3.877667175103186e-17+1.753183441627779e-15j),(-2.537240866154343e-09+3.8829850085582643e-10j),(4.879009676622383e-08-7.478117952762353e-09j),(-1.4705688172986321e-05-1.1407126398550829e-06j),(5.482772199379204e-05+4.915990574904708e-06j),(-2.525308327525386e-07+3.69364392498391e-08j),(1.3236439407815753e-08-1.934600275319726e-09j),(0.13164618306597015+0.0024386942249164933j),(-1.1375006924167568e-06+3.2367584642066765e-07j),(-0.5741137476885337+1.714605081604148e-05j),(4.7197173882208595e-05+3.5471499803747854e-05j),(-0.0022101930832500697-0.00011223584714207158j),(7.1315497500554015e-06-2.263921774347072e-06j),(-1.1807686804050695e-06+5.678142080156197e-07j),(5.508331202668649e-08-2.028639324468781e-08j),(0.015641131182767755+5.559597863640138e-05j),(0.00036005243760261243-0.00013393932134438108j),(-0.00016702466335319962+0.0002963498718497147j),(-0.0010958617993516247+0.0004185039759196901j),(0.002317217203666817-0.0014174066121667747j),(-0.003955524773584403-0.0017917187624600386j),(-1.843604380316091e-08-1.663459144638669e-09j),(1.2169961944684375e-08+1.2148313066285014e-09j),(-0.0005749696247972352+0.0007337423610621438j),(2.5695609205954762e-08+1.1964119212983619e-06j),(-0.3869905696312996+0.008288409594260991j),(-5.191694393740006e-06+2.6960827516040818e-05j),(0.01122926404281398-0.00011048073297975983j),(3.515730215695752e-05+4.217627138251788e-06j),(-3.535112112456234e-05+9.937173028812117e-06j),(4.139317284928981e-06+4.4440368862858545e-08j),(-0.00039357455409375064+8.499122302064175e-06j),(-2.2711371976573877e-06+1.327076530002583e-05j),(1.9508004035997234e-09+1.0874777474858248e-09j),(-3.497959485133603e-06-1.6930930397630678e-07j),(1.3571940078019587e-05-1.998971064884392e-06j),(7.765700079111453e-05-5.028678139932961e-06j),(0.0005156726587093721-8.634434935821206e-05j),(-0.003545327414858624+0.00014943352650069312j),(-0.006566096190826984+0.0015067599851785922j),(0.003312896775575752+2.7071523920467813e-05j),(-0.00015627125848943584+0.00019404756695974386j),(3.0725230025124524e-06-2.9691164201408344e-06j),(-0.0004033910790463845-9.210616305867025e-05j),(5.579270438511241e-05-2.23947072316821e-06j),(0.002105471536989894+0.0005017862065650222j),(0.0014738901758691223+0.00014123664146930084j),(0.00827789628360339+0.00012582448058242376j),(-0.0001413622932924943-3.30832505116773e-05j),(0.0003154766604821737-4.309119570968732e-05j),(0.003397763226932215+0.0003414049349444503j),(-0.007408432757968946+0.0014112506472334632j),(0.11533725198696626-0.009426118572878485j),(-0.019958567382332745-0.020748913977132757j),(-0.07362543285963477-0.019992600962509398j),(0.007309817914825942+8.405148338466294e-05j),(0.12465122955944817+0.001050134638607602j),(0.028055835989127545+0.014205307560369505j),(-0.1067463518991561+0.010501879558743224j),(-0.0005939078060738915-0.006453045526347074j),(-0.004023122179202312-0.005340093824541797j),(0.03509359568730494+0.022376866036808163j),(0.004103416492001731+0.014183952480166228j),(-0.007532429460704664-0.027158904985761897j),(0.04613003789622665+0.012078648048914925j),(0.10232406627552276+0.011071164426064319j),(-0.08488618384932103+0.011085001170514037j),(-0.21042447564761735+0.028838594448703125j),(-0.007484694281464914-0.004134499684902215j),(0.19877734981203002-0.0026997288291205207j),(-0.07110515119412339-0.015461753826820128j),(0.169393530390291-0.013559338615676845j),(0.12649661031653467+0.002775956835123203j),(2.7273831913712415e-16+1.3599441470874536e-15j),(-0.07026293319501972-0.09031960035039671j),(-0.1778722835022384+0.04897275337294401j),(-0.31505797588043+0.020789389442048438j),(0.09430458348028212+0.009316116954898722j),(0.10437953482349946+0.029285412522109727j),(0.02001530845615607-0.03292973492140194j),(0.09549566203352275+0.007259309551677279j),(-0.01916452376015246+0.008922681905246496j),(0.29670109059033983-0.01832021604060916j),(0.05210698581999407-0.0784950205704866j),(-0.00025669481957266366+0.009113257060289722j)
47,(3.379288849570759e-18-4.1734192227914774e-19j),(-1.1048066427676568e-18+1.4409074761298274e-19j),(1.2669566668745786e-27+1.3601989335979977e-28j),(-5.436248805294303e-27+1.2940266596274591e-28j),(1.0055757192023139e-23+3.8397247300747464e-25j),(-0.5440292779647857-0.0004192152722824194j),(-1.7843614711540307e-16-3.0887302062956446e-17j),(0.1554779131722853-0.005059920277236993j),(-0.41874682639799166-0.0012725490104691928j),(5.672738359574916e-17+1.2640677030107654e-17j),(-1.0376924927662208e-17+1.1857628898420209e-17j),(1.0072733962850547e-05-1.6967589741115102e-07j),(-0.0001781386937321961+2.7108485766464974e-06j),(6.208384023468446e-08-6.870531475168568e-09j),(-4.374545868621646e-09+8.361652798178627e-09j),(5.3212615778530744e-05-2.4395713855171113e-06j),(-2.9794613086535883e-06+1.3153105403744272e-07j),(-0.0013593294738659537+0.00036564602652239476j),(2.0915817400994586e-05-1.2950650181737888e-06j),(0.0005861178271733093-0.0001819263044596988j),(-2.1818505319853518e-06-1.564909305837552e-06j),(0.00016694559753287674-0.00012873389446987075j),(-6.983087298122762e-06+7.5270833887927e-07j),(-0.0002719100149641727+6.983081448404125e-05j),(1.3390174312237688e-05-3.1101157811869152e-06j),(-1.312228413008647e-05+0.00021323659318259436j),(2.9980679061739583e-05-1.6349209287540051e-06j),(-0.3125414782553549-0.0018161407854322409j),(-6.7923561144937755e-06+3.066899277262172e-06j),(0.08384175561191887-0.0037550517019537405j),(-0.23865025452626876+0.0005122611361279561j),(-2.0708739358789755e-10-2.984816063338241e-12j),(5.552751651370656e-11+6.861808388552395e-12j),(8.683077043521898e-06-2.562290319384874e-06j),(0.00019137038867561313+0.0005325100888619997j),(0.002718462926443091+0.0010223288700838109j),(-0.0002611867363367208+0.001733696586113446j),(-9.909414326136876e-05-9.752622473140955e-06j),(0.0005933291264688508-0.00020105522476731184j),(3.5044347795933465e-06-9.550449520214822e-06j),(3.3013728724218213e-05-2.979076176373102e-05j),(-0.03800332708241508+0.007354692697078653j),(1.421281099291214e-05+0.00128510922812937j),(1.8046178022735303e-10-6.017181488594525e-11j),(6.0999641069253214e-05-4.8144909111482355e-05j),(0.0007110827657712799-7.10325499738689e-05j),(0.0042651632794896265-0.0005457843428841589j),(5.6617977400454886e-05-1.4290656956974656e-05j),(0.012340925796131512+0.003532026181027776j),(0.000994222196038419-0.00026750416775656895j),(0.06000528670715187-0.004515347328167434j),(-0.0012114878385820931+0.003735494907953344j),(2.5463752278244857e-06-1.447436119138149e-07j),(-0.023336391398496935-0.0018792500518672014j),(1.0295724192025165e-06+1.2146191420867112e-06j),(0.09902532665051966-0.0008845082588257447j),(0.00820755464200803-0.001427783102240778j),(0.05547921187607073-0.008781937736488j),(-1.3310681586158146e-05-5.536792514879995e-06j),(-0.036780778370457665-0.001012057840594393j),(-0.0020968624779757056+0.003191255007642031j),(-0.20503693222932473+0.002946979093517446j),(0.017443609300892907+0.005431866246673866j),(-0.0036145988053642095-0.004533023584441543j),(-0.011033785204889334-0.004755198989906405j),(-0.18739154917143142+0.009966532850859647j),(-0.005970794211825327-0.010061393638588755j),(-0.0006793298318543519+9.328507502546417e-05j),(0.014899786529667166+0.003939120811101824j),(-0.014317360849765766-0.008403260814676641j),(-0.023969674242944213-0.00564054882326538j),(0.09795002087770785+0.00016078733751878627j),(-0.03080349203416151+0.06864105226273239j),(0.009889960834253916-0.01821001098289556j),(0.10061759723747396+0.015521607333950744j),(0.011394904183248362-0.0031169835991333794j),(-0.024786043870357703-0.005148513220848586j),(-0.23458717176302651-0.038214818189984595j),(0.15949550080289548+0.00736549452178574j),(0.0038303548555732388+0.001434223467774857j),(-0.04961949458120032-0.002020081384424926j),(0.06545441228763003-0.008626748547932453j),(0.10795380051124903-0.008382340440479658j),(3.4449179653537997e-16+2.3656928027128044e-16j),(0.14863965693838802+0.024411744619131863j),(0.010673968632841292-0.05911585488714267j),(0.06226989891716161+0.012729233814884488j),(-0.08749699259449635-0.0030299479295658044j),(-0.09332587258254711-0.021046764274792004j),(-0.24491412718681832+0.0073096809243271j),(0.030408877953766334-0.007652543763620128j),(0.014888877020217729+0.01629029837816369j),(-0.08513869885194292+0.026156156024510345j),(0.030893276194741526+0.019129807326343555j),(-0.06535251972757056-0.008545090504508718j)
48,(-2.660962387235734e-18+3.1683795993838317e-19j),(-2.6940342887809274e-18+2.993581949690433e-19j),(-1.1550630488206517e-27-1.9442278571641482e-28j),(4.926363470633397e-27+1.9782494861850587e-28j),(-9.951001111045025e-24+4.365482198297592e-25j),(0.42815041267329895+0.002201228588389087j),(2.140759566367538e-17+2.6828779635051015e-17j),(0.37828670492557215-0.005079107956714374j),(-0.4110495468203416-0.0001558745962638164j),(-3.6859600377384383e-17+2.9386722901955643e-17j),(1.1420759362476511e-17+2.1408885227311003e-17j),(-7.77266165294189e-06+1.1208341375252189e-07j),(0.00013721983659373055-1.7138359226622147e-06j),(-4.879984633609355e-08+5.086077877803475e-09j),(-6.827484693492997e-08-2.716259358856489e-09j),(0.00012164385427473732-4.109563385414495e-06j),(-6.970133014352641e-06+2.483055425103843e-07j),(0.0010807025929185313-0.00028614236682260075j),(-1.5673248669172988e-05+9.625492032182867e-07j),(0.0013895262170118912-0.000400281307956284j),(1.5860699508845531e-06+1.394684333964083e-06j),(-0.00014358064058461506+0.00011107861628427705j),(-1.4623325411361821e-05+1.5784734585245625e-06j),(-0.00016222918884845937+3.7344702565713594e-05j),(7.656399823749191e-06-1.363501522567946e-06j),(-3.174402949444619e-05+0.0003053849719694019j),(-1.8368089433963274e-05-4.367092902427173e-07j),(0.2399074097605204+0.0002927953904805214j),(-2.2419403736170313e-05+3.7511361244161622e-06j),(0.21938988921687194-0.0009033739995843587j),(-0.2360038447421771-3.0624436539852806e-05j),(3.7988677336697096e-10+9.469368231899905e-11j),(1.4596057896334058e-10+3.1649114896560885e-11j),(3.679851568477661e-06-5.220048674318573e-06j),(-0.0001301086282287237-0.00035142179620412567j),(0.002698107303174982+0.0010037731334002317j),(0.00018496658337971303-0.0010926734088687023j),(-2.9542762524164005e-05-8.858534114720624e-06j),(0.0005665223595015494-0.00031661376320639623j),(7.092318057298273e-07-1.7099481445088477e-06j),(3.6843160582379465e-05-9.84868324184499e-05j),(0.01627997084729807-0.0032670260028375636j),(-5.870568098682006e-05-0.0005397212954911424j),(-3.516127915254695e-10+8.743552218431016e-11j),(-0.00019298546784399115+5.381896829490701e-05j),(-0.0005625980512691942-7.823281712134925e-06j),(-0.005517490353309555+0.0006886544063011446j),(-4.6493070974758125e-05+2.7533146156631217e-05j),(-0.1126203915124596+0.0019697827170996537j),(-0.0015535916774355053+0.0003806000592954486j),(-0.04171194199509193+0.005545956276645617j),(-0.0006069977418742647-0.0028641086926148706j),(-9.657138428912872e-07-6.692135207253087e-07j),(0.01944783247563527+0.003040160346472442j),(7.388075694180335e-07-2.189988006661814e-07j),(-0.13270481147327115+0.0032228678410429895j),(0.013509176159050226+0.0022386597439802373j),(0.017962825195422825+0.007981664097261025j),(1.5508017076660453e-06+7.476193684466242e-08j),(-0.022915071818774682+0.00010745757685987414j),(0.050672147170346786+0.0014015805984021379j),(-0.006688490561801954+0.003471293677749449j),(-0.009267213326147527-0.0008555238718707409j),(0.0010249035817401614+0.002241498608761944j),(0.0064116469479932655-0.009517169691358207j),(-0.07212289243687298+0.00012192216862715738j),(0.03604533639650488+0.004677369902963521j),(0.006372346640591082-0.001781370215983223j),(-0.04854260706022534-0.005605496822399461j),(0.04999786529076577+0.000619354045704637j),(0.09821877465298169+0.0004642724122695327j),(-0.1438514616594744+0.007889680389029527j),(0.0349957997984701-0.06140121511023702j),(0.029980184664711113-0.04345271028954426j),(0.09519787065045109+0.009669579028444054j),(0.017113142696591678-0.0026465136949365246j),(0.002913835180758974+0.008397560557928018j),(0.058978047104105286+0.045651364221616j),(-0.15510082390085553-0.00533369611096661j),(0.008504201874626936+0.0035535849826239144j),(-0.042493366934288665-0.004358377994634271j),(0.07460400859472548-0.007418900888040252j),(0.10990034418077982-0.007320840399447422j),(-5.227075623865155e-16-5.987034357550502e-16j),(-0.2416597152623356-0.12207415768232334j),(-0.13801255829033937+0.10731229882410778j),(0.13218349698967194+0.0004633960483615279j),(-0.10479977636105844-0.010860484017155447j),(-0.06550584514613288+0.028449590454095813j),(-0.22253543335539738+0.010227859643451763j),(-0.09089272180316797-0.0011808683109345228j),(-0.026530538551278484+0.0031210896652048483j),(-0.02381512350716327-0.018568316320765513j),(-0.062268140592893116+0.0061190961518817095j),(-0.06801850820144502-0.016387404784363433j)
49,(-8.389927042790013e-19+9.010924989846039e-20j),(4.093605729785796e-18-3.9614360985679326e-19j),(-3.5079866188723843e-28-4.470290714995093e-29j),(1.456086247217129e-27+2.534568226509365e-29j),(-2.9503884717016673e-24-2.487453170908416e-25j),(0.13480653717063096+0.0022438758120922053j),(-2.701474578979994e-19+1.105831074143614e-17j),(-0.5740751954432644-0.0004264580116222494j),(-0.38427828709401335+0.007165687854251257j),(8.173209508086832e-17-1.0144471433835199e-16j),(2.6993271546530625e-17-9.53801250262471e-17j),(-2.490395305078933e-06+5.950077497825918e-09j),(4.419325439445263e-05-8.948662582433482e-08j),(-1.5608871431732938e-08+1.5666307642046034e-09j),(7.767134564573447e-08-4.7771948286710855e-09j),(-0.00018682579315425733+3.5113506170783707e-06j),(1.0633310851603997e-05-2.0715205388093357e-07j),(0.00033123311605236775-8.252995566639056e-05j),(-5.1930230291737685e-06+2.715043623932613e-07j),(-0.002129862754429427+0.0005836208891216125j),(7.229920736646501e-07+2.800943353012062e-07j),(-2.970554460604644e-05+2.0701356811777316e-05j),(2.2890546960281675e-05-2.078852210363857e-06j),(-0.0001567471812315495+3.9119284176908204e-05j),(7.674238317521492e-06-1.6974415278925908e-06j),(5.942010420199279e-05-0.0005558711620455568j),(-1.3316606304147456e-05+2.0723673634694173e-06j),(0.08127395239060886+0.002419736910361653j),(3.135609391002452e-05-6.712868504854583e-06j),(-0.3251810033610057-0.0009435290010007258j),(-0.22072346264589307+0.004164942062923782j),(1.7214907382053282e-10+5.208814086084438e-11j),(-1.9241742141727376e-10-4.082088753315104e-11j),(5.182259227492815e-06-4.088230220014464e-06j),(-4.254913531663041e-05-0.00012581471769083618j),(0.0025207591938790387+0.0008900146245246856j),(7.978020239658869e-05-0.0004354384604769341j),(-7.77157176447307e-05-1.0156593892527091e-05j),(-0.0011496586024505894+0.0005086039046301248j),(7.803180390890594e-07-1.952104403028961e-06j),(-7.256628828532824e-05+0.0001302113863542194j),(0.01093613809485747-0.0027552815408695397j),(-1.560987979762709e-05-0.0003802237380969876j),(2.275439246343241e-11-3.396922414292717e-11j),(0.00017477836281528083-1.7079774777689647e-05j),(-0.0006143401685254379+0.00011232109317740576j),(-0.0036587916443372812+0.0003854099467711625j),(-2.2205056163201414e-05-1.0885299035395057e-05j),(0.09781725035018964-0.007128434562911991j),(0.00020075800841885938+8.616218340543047e-08j),(-0.08447316523577653+0.00041490872061857725j),(0.004144987862731467-0.005010810082225084j),(-1.6438088330281592e-06+7.203009412484481e-07j),(0.0067292694947199095+0.0016609085742878712j),(-8.818756541241674e-07-3.385242073838853e-07j),(-0.04270382321990892-0.008118875680842602j),(-0.02487019511113138-0.0010191179154324468j),(-0.12951419176427018-0.0006664233150430049j),(3.7371894910023794e-06+1.6146346689452148e-06j),(-0.020837777493623366+0.0015140060211597667j),(-0.03371007741041857-0.005345361131815179j),(-0.015350124875540206+0.003266650047556852j),(-0.010406969835452183+0.002070233557207711j),(0.0019727753957807298+0.001487099286120942j),(0.010124985069014379+0.0007457788655826522j),(-0.06508189167279142+0.004581661405145369j),(-0.015097712770205456-0.0018840210431036492j),(-0.004083416260809861-0.00218082789319191j),(0.023081054359528997-0.0002928662965193448j),(0.01533478118819147+0.0007579988805953728j),(-0.026148812824050457-0.0021860375023972367j),(-0.001202967608177607-0.011929060485661645j),(0.012003726692800405-0.024482819560555345j),(-0.05047468332356542+0.07234300784868897j),(0.12326900640861134+0.017700426650245227j),(0.017190929486748822-0.0015404835724888793j),(-0.003242861204659105+0.004354570660557737j),(0.24894278224047714-1.0653794449672072e-05j),(-0.014594787873501987-0.006522729233597953j),(-0.0037759977640143593-0.007012687361652452j),(-0.03702955176217482-0.0024472129188059973j),(0.06286649100406497-0.009381306550220875j),(0.1010323129949311-0.009512413861934365j),(3.746596200182091e-16-6.27882365506914e-17j),(0.0764067607731678+0.12041723736782575j),(0.18099922786989547-0.05231498823415423j),(0.00938272928052194+0.008555715466355768j),(0.17767672125178227+0.0068816112076077185j),(0.21059097116071648+0.012707247365762998j),(-0.23052847907292676+0.0075597000966045255j),(0.0022579746539084945+0.02382976732040369j),(0.013071162163715731+0.015341137471166767j),(0.12364562598639119-0.031598800943089325j),(-0.03187224327673767-0.02861122980805212j),(-0.04853158919852305-0.00164650193222559j)
50,(-3.422006323851152e-21+4.208922879992242e-22j),(1.118197534500262e-21-1.451815395973096e-22j),(-1.1023003211817406e-30+1.9187684206524024e-32j),(4.763724276359639e-30-2.4526521535247443e-31j),(-8.012895062575258e-27+1.0230047273364e-27j),(0.0005551767000515747+7.018490839142137e-07j),(3.431212395671957e-20+7.396494223783562e-20j),(-0.0001586262282814711+5.0752201451013685e-06j),(0.00042634502452678106+1.9726931558477568e-06j),(-7.381246550984477e-19+2.857894632796005e-19j),(1.5312546302744903e-19-6.323977508578802e-20j),(-0.0007538354220869086-6.395724973721323e-07j),(0.012879427394115857+4.0652493167788253e-05j),(-2.7727814273579384e-09+2.6184933879964816e-10j),(5.519712607577079e-11-4.6481829857965606e-10j),(-0.0037211060562939006+0.0001037804552572984j),(0.0002164587846551821-5.859100376102144e-06j),(8.881188249902404e-05-2.314400320177796e-05j),(-0.0006121376433154783-4.599305183223407e-06j),(-3.95067493464632e-05+1.163777917738386e-05j),(2.3139013560574907e-07+2.0215899193568442e-07j),(-2.011593593320152e-05+1.50462635225588e-05j),(0.00018012954295538075-3.4222446729848404e-06j),(0.011260763188875698+3.9238148417308424e-06j),(-0.0005841050178287582-9.880597919129824e-07j),(2.9039739241975733e-06-2.871838214589792e-05j),(-5.845955923628925e-06-1.0963156654871735e-06j),(0.047300373667199455+0.011034299276318504j),(1.2054529289220899e-06-3.428037094967679e-07j),(-0.010495009208787973-0.001485012187474555j),(0.01165755637485692+0.0030306830141927275j),(8.49858609810581e-11+3.388525348072571e-11j),(-1.7623977206895776e-11-8.490182025479156e-12j),(-1.4603483300978336e-06-2.837334478758345e-07j),(0.015515932149381836+0.0005139939624024422j),(-0.0002675453161628774-9.371140445999896e-05j),(0.09131623033623247+0.0036856910788547886j),(0.0001711852593503244-2.565979108760118e-05j),(-0.032462996171948734-0.0029484727788151944j),(-0.0007219000182527408+2.2336454237033388e-05j),(-0.003440977086830828-0.0011676508321403819j),(0.8137336797007892+0j),(0.00319847463487747-0.026722311987837716j),(8.173044491136768e-11-2.916134257674988e-11j),(-0.0009353397097627803+0.0007256734338094784j),(-0.003966767525839627-0.00020689796542757138j),(-0.007135655624458691-0.0016950534552881936j),(3.931225073980876e-06-3.077327311270743e-06j),(0.008143269248597367-0.0060171951991300505j),(3.0850577294638076e-05+0.00012005462939885888j),(-0.048286617445465085-0.009477879568643335j),(0.0007047633237917195-0.0022144761224599627j),(-1.5697071806409776e-06+4.072081493929713e-07j),(0.0022892559188859617+0.0030097435637750245j),(7.034528333784012e-07-2.680659603889192e-07j),(-0.07467680323835728-0.0024033250145174267j),(-0.0010967323157998294+0.0006299933814257771j),(-0.03523356932188422+0.00823697154363683j),(-3.1884393439716485e-07+3.4447840862818516e-06j),(0.018800655640128637+0.005267250541768581j),(-0.026204904423999743-0.006084567652831682j),(0.3487307425000656+0.002337251201619317j),(0.0206846614776999-0.006172970061819961j),(-0.0022972893896578608-0.003293876769405607j),(-0.013051371308848621+0.013089910642971206j),(0.2266827637231212+0.0003242229082545123j),(-0.021392265852592213+0.002031177151201315j),(-0.0022854104834173616+0.003968249536626329j),(0.018781756381084307+0.0013789592605427592j),(-0.03287377165448393+0.004528734423752361j),(-0.03548563542846238+0.0015691860399515475j),(0.07515346188319352+3.7499027651030636e-05j),(-0.039554366997660184+0.04407279097810958j),(0.012628054808336855-0.010646775276860442j),(0.1216616036764569+0.01362833326990304j),(-0.005203907984792003-0.004854400922020528j),(-0.035689420937032146-0.007472192811297464j),(-0.16823451350795227-0.025377089243100115j),(0.1716161677380946+0.00632305384385852j),(0.00572414367563627+0.002036651693122688j),(-0.011745799584359704-0.00044206637753841684j),(0.035458066688895215-0.004826721189010869j),(0.0583249526110419-0.006296515478790947j),(2.0266642605813107e-17+9.353586553432406e-17j),(0.08997715373221572+0.014698039226788341j),(0.008976438506745094-0.03768825060031987j),(0.04431786753610138+0.005699360232487513j),(-0.09626359217257423-0.002457224934848394j),(-0.052806444252080045-0.008394612084598891j),(-0.14247777260057842+0.007580248832788933j),(0.009171997426702097-0.002451330885676295j),(0.014042086942065981+0.004657809013513351j),(-0.0389707461029047+0.010959781963550339j),(0.00720259889261618+0.008423496617226037j),(-0.052110893825886656-0.005095453353265193j)
51,(2.6898335641827928e-21-3.1920418928685383e-22j),(2.721142557544658e-21-3.0127142708176186e-22j),(1.1042184845579726e-30+9.104273839114735e-32j),(-4.7278044763724394e-30-2.4645348225215643e-31j),(9.922375934320846e-27+1.1762623271648989e-27j),(-0.000436150939007029-2.4118278872569597e-06j),(4.034741703724128e-21-1.0086088464849604e-19j),(-0.0003851358186589017+5.026704249384221e-06j),(0.00041646673985597444+7.992212978141973e-07j),(7.43699454264256e-19-5.1870177647722987e-20j),(-1.5192261671570406e-19+4.767885920265702e-20j),(0.0005664526829902128+1.0086448504246462e-06j),(-0.009650597393014604-4.229092204751511e-05j),(2.017555701818653e-09-1.9015364959876057e-10j),(2.9143084049489843e-09+2.1882523891069438e-10j),(-0.008522249497042528+0.00012058050106341007j),(0.0005055380443521859-8.458031320989116e-06j),(-6.293278680993384e-05+1.666159832693924e-05j),(0.0004317777816491093+1.8983107277391537e-06j),(-8.038123835939361e-05+2.3202643408835852e-05j),(-1.427444294342669e-07-1.3891592263627522e-07j),(1.3820829120285232e-05-1.0717764619910631e-05j),(0.0003799193077211657-5.5920627420926594e-06j),(0.009250025435779649-2.156651093252436e-05j),(-0.00047177443159739124-3.5624412253343492e-06j),(2.7464518481349973e-06-2.8059621251412595e-05j),(2.8065974654280637e-06+5.095977537769296e-07j),(-0.029089071114473265-0.004825946695620765j),(2.7730750526927255e-06-1.278724128560716e-07j),(-0.02142497467750549-0.0024344835449989968j),(0.00896041764510632+0.0016449681338665976j),(-5.6377561720226325e-11-1.9901550453770634e-11j),(-2.537082086077739e-11-8.174189184981264e-12j),(7.65763956489822e-08+4.7765231025116e-07j),(-0.008658068847794392-3.9964961470408036e-06j),(-0.0001512476015392187-5.927397841895072e-05j),(-0.04589826435759235-0.00020170260377980545j),(-2.650519022520938e-05+6.707428164643816e-06j),(-0.03739270660136947+0.0010885199021115075j),(-0.0004013410441105371-8.077478716538521e-06j),(-0.00795429657869692+0.000585595166063354j),(-0.11772471750418016+0.008398244099017564j),(0.0012527695166099418+0.003718778697749456j),(2.0695352676764325e-10-8.759341207657574e-11j),(0.0025005929448903637-0.0004618800179981453j),(0.007384348038775066+0.0005259383094397064j),(0.06542332647259194-0.00329796040286574j),(2.922248014712143e-05-0.00011672673892016444j),(0.6474269931858246+0j),(-0.0008489412155016494-0.0008236514031194593j),(0.28930725365617116-0.03567690611833224j),(-0.002317462271820782+0.020811159389085787j),(9.199134418755228e-06-2.4242254431507427e-06j),(-0.01443099563627238-0.015740055947447644j),(-1.628290207749464e-06-1.2801135158679447e-06j),(0.4603927248710283+0j),(0.008153859171521905-0.010481574881186565j),(0.0098259320433229-0.028968510723554435j),(1.4757877350855552e-05+3.058233125088358e-06j),(0.004216639172657929+0.005773903190718809j),(-0.09188250833352657-0.008711329531847688j),(0.24859262050964345-0.013729714655681388j),(-0.009389291918452693-0.007521711351739057j),(0.0018657804051975674+0.003412483380155815j),(0.0028398744070238027+0.004353766861276124j),(0.22714433493473984-0.009791057626558769j),(0.015388537683606074+0.010547610631420058j),(0.0033940294905940435+0.0016183989426750318j),(-0.02877946363041857-0.0028321605429137532j),(-0.017366895110186457+0.00451044765984328j),(0.014559933861240538+0.006325519880384602j),(-0.08948520149701844+0.002008513001391741j),(0.017537894625164533-0.03169573399880862j),(0.02554902375488207-0.024333504313765346j),(0.11551819851488301+0.007265546614424354j),(0.0033286161251311094-0.004946600713188329j),(0.022501955850958398+0.009503661977793142j),(0.010476561379569486+0.0246205850521454j),(-0.1681482617123604-0.004071461480529184j),(0.022283036269000717+0.002333599776084865j),(-0.025227888532935797-0.00043060519060159064j),(0.032384163669651106-0.006103195045534721j),(0.05991967733164412-0.005728032607651725j),(-2.1642539903322854e-16-3.8164036258792324e-16j),(-0.12594948328319835-0.06783627127275008j),(-0.07632451396832315+0.054723235159088994j),(0.06947577614612134+0.0009197825043546944j),(-0.1160317670853803-0.010739873044996372j),(-0.03972752678204604+0.0155865789036385j),(-0.13776637533813565+0.007236919539839522j),(-0.049302499734501674-0.00021191486207182593j),(-0.021335111382046898-0.0024561631376125792j),(-0.016408949549259054-0.008821800323171022j),(-0.031767895417225696+0.0052449023650356745j),(-0.051356042415358176-0.00861525356113761j)
52,(8.480979155640399e-22-9.075186959157283e-23j),(-4.13469366831928e-21+3.9844717674659003e-22j),(3.316497726402939e-31+4.93585298549306e-32j),(-1.5284475994493945e-30-1.907601854714642e-31j),(2.855663490080295e-27+4.2593020031019555e-29j),(-0.00013732514772286992-2.3391682839733576e-06j),(1.3634526074555256e-21-2.3491696010038545e-20j),(0.0005844664740820482+6.532555032218602e-07j),(0.00038935453987766076-6.660554342607049e-06j),(-8.245664966078618e-20-3.8437272886222026e-20j),(-5.921804280777068e-20+4.822400597959768e-20j),(0.00017757024928495628+2.6843301734373544e-06j),(-0.003042318390295765-4.8567009217702134e-05j),(6.44732946257664e-10-5.7720840191619984e-11j),(-3.1679258620765038e-09+1.697021772240157e-10j),(0.012939833054796429+2.270086124289087e-07j),(-0.0007636191860203967+1.1171567348804823e-06j),(-1.947450505586139e-05+4.855385108312918e-06j),(0.0001366351139365425+2.1156327493225313e-06j),(0.00012399006847352845-3.3970290252508804e-05j),(-6.25931134548145e-08-3.242657356993216e-08j),(3.221092376444592e-06-2.2490953018539523e-06j),(-0.0005782138976707417+1.3139049279120834e-07j),(0.008660213380666493-0.00018437087220571488j),(-0.0004481233672877083+8.048641805812084e-06j),(-5.819927117173187e-06+5.446600678754832e-05j),(1.8172171412938683e-06+2.0276414874357418e-08j),(-0.009929636288593984-0.0019728490190289243j),(-3.904702137528431e-06+4.138940462407225e-07j),(0.031886188777197635+0.00391051115234127j),(0.008429721622744154+0.0013930113189914131j),(-1.9888215886824683e-11-8.07864895436085e-12j),(3.637164279809793e-11+1.2110166119230333e-11j),(-2.427310054033151e-07+2.721970553041813e-07j),(-0.002650702724465092-8.07308286344468e-05j),(-0.0001392924698422078-5.176773573487259e-05j),(-0.015924919454135003-8.095598848042052e-05j),(-4.304193184769129e-06+4.919577654147941e-06j),(0.05982762881505989-0.00013009777664339806j),(-0.0003753213352518652+2.1278616947833256e-06j),(0.010900740416467294+0.00021427571383010775j),(-0.07842414278320628+0.009844692283537852j),(0.00022361811279856874+0.0026459175863453137j),(-6.423876398361263e-11+5.553693409677119e-11j),(-0.002974234902816313+0.0002590781339093692j),(0.008784609736869002-0.0005917587227963568j),(0.051824871169317326-0.0023761960606525356j),(4.846525829484939e-05+7.749774134423e-05j),(-0.5561353472024657+0.033008812560676754j),(0.0007065027733736933-0.0005371203591095807j),(0.4961201242132042+0j),(-0.025498867696246173+0.02932015114827393j),(4.0231596668680215e-06-1.0435620727577852e-06j),(-0.009747984586347057-0.009900975286195388j),(-7.367942092550038e-06+2.4202997547901446e-08j),(0.2284851879188366+0.021439693895520417j),(0.0017375925592291459+0.006252820912399316j),(0.38418376967067824+0j),(2.1332406641987266e-05+3.7085809744999326e-06j),(0.0023548367661628935+0.0035216907244621522j),(0.033949171412482625+0.012289341961632004j),(0.22168233337579557-0.01887069641574879j),(-0.011102423305849176-0.00457470177064608j),(0.002674402062581205+0.0028271203283726024j),(0.006769781742622952+0.010942012522263745j),(0.20380377703838304-0.01307682928413395j),(-0.0210835674743033+0.00570274715377116j),(-0.004002640387310096+0.0007608617318707281j),(0.019520930298939445-0.0008448641703489544j),(-0.021680284123037998+0.006749964593576206j),(-0.022392418854494722+0.00525997202178564j),(0.007026845585741882-0.007300246564381859j),(0.001211577789959872-0.011289156746666373j),(-0.0340067707819315+0.04000266036869184j),(0.14581884806802678+0.01563995765163394j),(0.006059163814706722-0.003043475470069901j),(0.007292522248608041+0.0032156466127764628j),(0.12574416708083977-0.0004041385076703763j),(-0.015756199313643658-0.006902181608996927j),(-0.028328672891234606-0.007114643877290633j),(-0.021926702216981328+0.0001537874442769302j),(0.02967532798254936-0.0061706739029469j),(0.05351394610287551-0.0069620773119931j),(-4.4859855774865266e-17+2.1520941686791488e-16j),(0.04936012493376245+0.06907562052968487j),(0.10429156175303761-0.03185568599044844j),(0.019560952278680002+0.004046691354861818j),(0.19306889483211695+0.005482490169680235j),(0.10721412659372744+0.006322488088750295j),(-0.13159225217807433+0.008268035836260793j),(-0.0019538506379884633+0.013165157651583017j),(0.012777072405311958+0.0045268378337727285j),(0.05311833959505525-0.015576867842853078j),(-0.017805646056908493-0.011853098906438856j),(-0.03918011584804768-0.0010011446739974037j)
53,(2.963789636390517e-24-3.633884656210622e-25j),(-9.678442185566557e-25+1.2521846126825184e-25j),(1.210137667973082e-33+2.3736521905041555e-34j),(-5.7273869817099376e-33-9.012264774602894e-34j),(1.0372426160914799e-29+2.66281892894667e-31j),(-4.846392130946404e-07-7.952112736911411e-10j),(4.6873158241352253e-23-4.8326840079821457e-23j),(1.3842304769664032e-07-4.370545712943897e-09j),(-3.724055761467976e-07-2.131676078746163e-09j),(-6.693101009038583e-19+2.3772645724939882e-20j),(-3.2741546285506713e-18-2.0080581994104997e-19j),(0.0325118380420462-6.86590198585111e-05j),(-0.5377182554002454-1.0068225111459217e-05j),(-3.321950084033083e-11+5.73805526363797e-12j),(1.0255118725175736e-11+3.9569486709525395e-13j),(0.15374568973075783-0.005125100404792212j),(-0.009261969388262318+0.0003001134146134504j),(-7.441416368754343e-07+1.6122774226302912e-07j),(0.01127236719309574+4.202159706117713e-06j),(4.548724121945327e-07-4.193842192469272e-08j),(-6.4233826811695785e-09-8.750865947384883e-09j),(7.551834306179811e-07-5.371250935018794e-07j),(-0.003225208992559811+0.00010516124374630091j),(-0.41636775614762056+1.330319523518142e-05j),(0.022356866014141306+8.268236357417049e-05j),(-2.167489487693728e-07+1.4359704040022015e-06j),(4.786566766316576e-07+3.8808946422206064e-07j),(-0.0025570313804208515-0.0018301232509283561j),(-9.626290519841683e-08+8.293137128001972e-09j),(0.00040935270661286927+0.0002022007402681749j),(7.105535706954696e-05-0.00023821372337572076j),(2.68985660704897e-11-1.920007613014047e-11j),(-4.289819928676731e-12+2.449121068908805e-12j),(-3.645977555114682e-07-4.711142637589243e-08j),(-0.07750329862724906-0.00033858707214240013j),(-6.930309633907699e-06-2.693926938532036e-05j),(-0.35377323975456676+0.0009012475921307272j),(-3.577482050937742e-08+1.23898451541813e-06j),(0.09994943405467052-0.0037232238526871304j),(0.008707065447048837-5.6083768906335044e-05j),(0.01657978307060555+0.0030404588190417695j),(-0.005713972510764829+0.004542928716469945j),(0.007689157786169413-0.0007675292967182601j),(-3.3830108325529736e-11+7.089419382312454e-12j),(-0.0019959127842622175+0.0005061535644200676j),(-0.051818328854157755-0.0007752781341229358j),(-0.27164746150955515+0.0013627255158501356j),(6.761523726630982e-06-1.0075879630130024e-05j),(0.04003594624363774+0.009908096904545737j),(-0.0013197768790253117+3.515449658178255e-05j),(0.2489599339844274-0.032297306481777324j),(0.0066923159986529545+0.012732405393344092j),(-4.1720923082744445e-06+5.994585969561298e-07j),(0.023512655271163915+0.0038619127967909426j),(2.22020715590775e-06+3.889300426821594e-08j),(-0.20401184858074878-0.01939116607711197j),(-0.012401246531428793+0.001333299960715027j),(-0.17136135818301013-0.00041317756802054795j),(-5.067479203824129e-06-9.953079408884275e-07j),(0.0020762755819989853-0.002793244907374226j),(0.09138272139049852+0.003526904480122028j),(-0.1413270572761498-0.0021894334923334216j),(-0.011133555146301759-0.0019359640886890206j),(0.0022025643815129087+0.0030073215864547106j),(0.001887373969281939+0.006819496749095747j),(0.20707745112164244-0.014131231583810952j),(-0.004019945573067848+0.006441175672167366j),(-0.00040144133741544627+0.0015678547111610951j),(0.0009569558116471132-0.0009847972895207467j),(2.047747672639542e-05+0.009567993964459391j),(-0.008342818056100753+0.004799391820910184j),(-0.013159757514915622+0.0004713399834270198j),(-0.003670752074450395-0.00983911257045057j),(0.0016051428899363316+0.0025175485118379397j),(0.15734632972944104+0.009230472220161308j),(-0.024908235231759078-0.006812259210813311j),(-0.04737862523158263-0.009950850415204483j),(0.0323591046832888+0.006376098943028112j),(0.19189839523866115+0.003648953953275136j),(0.007718055638964003+0.002689666430678144j),(0.035920069849497915+0.001603930476369319j),(-0.007170537387940717+0.0005792506209677078j),(-0.017140685230394317-0.002236950882757395j),(3.4098774490957747e-17+2.0646144594374136e-16j),(-0.0327308931598036-0.005812795220930429j),(-0.0012305118232568074+0.011772670586760153j),(0.0024478657984858565-0.004142606076415576j),(-0.11084053531428179-0.0008838384131250876j),(0.022058483481737848+0.008633971357967393j),(0.03169727033792147+0.005977721854410437j),(-0.016006752846683202+0.00377376925903867j),(0.00824440427242889-0.011530224510505015j),(0.031304277163854505-0.010639871508433207j),(-0.02031452947965539-0.00794504521390731j),(-0.0006980208401252777+0.0007427051588155139j)
54,(-2.331897322911869e-24+2.7571914189390376e-25j),(-2.3553002636974175e-24+2.598433892124364e-25j),(-9.474762887278171e-34+5.724384343089071e-36j),(3.830872765668115e-33-6.278479945308881e-34j),(-7.924996039823458e-30+2.1651917355806724e-31j),(3.8110349295441344e-07+2.2684414415069133e-09j),(2.2229518406014676e-23+7.390950700820862e-23j),(3.360638227930323e-07-4.264394358247679e-09j),(-3.604177159241508e-07-1.3211466805934242e-09j),(5.268681167084047e-19-1.6100424533794524e-20j),(2.5767580900296072e-18+1.7080983985759028e-19j),(-0.02562509216173338-4.556790751406026e-05j),(0.42316157911138375+0.0018403786520596876j),(2.7152187544146084e-11-4.0750138884057295e-12j),(2.9482742249151645e-11-5.085727483863447e-12j),(0.3741063979684472-0.005276603940646291j),(-0.022868221899168498+0.0003787887544248348j),(3.6026767875930027e-07-1.1950786904008715e-07j),(-0.008870109352981837-4.199318064408491e-05j),(6.560299723884172e-07-1.1559389918575036e-07j),(6.592483329399883e-09+7.001012231178087e-09j),(-7.034333837669693e-07+5.746873354598275e-07j),(-0.007844725329418234+0.00010849093900688748j),(-0.40867055856213513+0.0010933767551300627j),(0.021757411896943482+7.510304708963425e-05j),(-2.5070838503932797e-08+8.229128133214407e-07j),(-3.256926971495042e-07-2.856218091619062e-07j),(0.002061858757011937+0.001323473065065332j),(-1.8575264518398608e-07-5.5976049285088477e-08j),(0.0008476851664521649+0.0003389384078930156j),(0.00020664182759728598-6.160171390264439e-05j),(-2.1574180953522963e-11+1.4348064714975548e-11j),(-9.150254069608615e-12+5.98766465050336e-12j),(3.140196551960207e-07+4.241237874646125e-08j),(0.062396858300677635+0.000225068049252675j),(1.0177299244143595e-05+2.1585337095051994e-05j),(0.27606804300271987+0.001211074576725063j),(-2.3091449433369088e-06-4.394316538189355e-07j),(0.2472956420167236-0.0039669234395051725j),(0.008632387787879822+2.855688153951706e-05j),(0.05867911432512562-0.0032467734677316604j),(-0.007155650737076914-0.002613310526744846j),(-0.006148525210239687+0.0010657989537438655j),(-4.251914473601093e-11+1.33846126713712e-11j),(-0.006075898454411327+0.0009634714643146087j),(-0.045060462487655835-0.0013867306064517491j),(-0.2766107298853322+0.0036821545098705694j),(3.5195713383920663e-06+2.1733299526184583e-05j),(-0.13290403619288085-0.004092845336523938j),(0.0014864887864058079-0.0002105035176170675j),(-0.13411356477014852+0.01652675526568139j),(0.01801997222811408-0.012810598990977447j),(3.4303778953383983e-06-1.306511593087859e-07j),(-0.021410528749851596-0.004543336986453114j),(1.0104359745666614e-06-3.215125099340213e-07j),(0.23121155041340472-0.00945907230640497j),(-0.013524531822087398-0.007644733481367731j),(-0.15286880380491835-0.017150150567415964j),(-2.2483942657082155e-06-1.530880182495352e-06j),(-0.002472721954197157-9.835694302387033e-05j),(-0.09487204517794429-0.004482051692321155j),(-0.17305425690865467-0.008441893644110979j),(-0.014183680711203746-0.0018314666220125026j),(0.0024275962857800105+0.003681408923660801j),(0.0019308459574667515+0.006003870755478033j),(0.209276421472694-0.012474619764386019j),(-0.0028756888563463805+0.005692084303340911j),(-0.0003522683806439973+0.00168719849559047j),(-0.0007800040195345055+0.0022596410765175212j),(-0.06457945837497094+0.0009506393830139431j),(-0.07384352165268718+0.007170706126518562j),(-0.012666677187716798-0.003572936554104886j),(0.003677782276071239+0.0045989022911417975j),(0.005357840549049513+0.003706336684562731j),(0.14769118272069579+0.002530841439749537j),(-0.013093666113023096-0.007605843828299326j),(0.04585477181924914+0.01070090900586216j),(-0.011405648911595834-0.0030501009510612367j),(-0.18447696020714163-0.0024607208967072913j),(0.03821738820045388+0.0008369424800489522j),(-0.0020376230199417424+0.004391095515866678j),(-0.02297105223434986-0.0037152414813738334j),(-0.0121626601745308-0.00251784636461545j),(1.2400262555528065e-17+1.3815519939545515e-16j),(0.024062301115456274+0.010359267587336175j),(0.011254773995801496-0.011694591249235633j),(-0.02355123622996213+0.0010688222428977523j),(-0.13264254892515323-0.010060735240193248j),(0.005982449211518014-0.00314771895323462j),(0.002401887883803804+0.0017184381281228748j),(0.01168619696722599+0.0007449194430160242j),(-0.0138712382487783-0.009348730379341145j),(-0.00039899934459372425+0.0036494099716980486j),(0.011476799296414871+0.0020787442061101944j),(-0.004820620102910507+0.0022494389701635006j)
55,(-7.357875494424416e-25+7.844860359371211e-26j),(3.5800301075713414e-24-3.4350845827295282e-25j),(-3.679657775705676e-34-1.0665781890325899e-34j),(1.6054667418918703e-33+2.2830385147657277e-34j),(-3.0842641989729623e-30-7.991283192491226e-31j),(1.2008292638916002e-07+2.0912153100923507e-09j),(9.875486777166127e-25+3.384981576852267e-23j),(-5.10184207312246e-07-7.668438324892418e-10j),(-3.372143818569695e-07+5.163004158491398e-09j),(1.6689574146315062e-19-3.412602887855128e-21j),(8.097147662188531e-19+6.110516691161659e-20j),(-0.008016078490079338-0.00012323317314418035j),(0.13326186149739067+0.002133981182310077j),(1.1292537457082201e-11-1.217939187763291e-12j),(-4.337918755454464e-11+5.151259179531577e-12j),(-0.5677205387782602-1.5815707443349314e-05j),(0.034554433900593894-4.862731583510187e-05j),(3.206631385147426e-08-3.4183406839608e-08j),(-0.002792035389119496-4.466957305303179e-05j),(-7.910230985237055e-07+2.764243425712845e-07j),(3.3842995826339546e-09+2.182934969309148e-09j),(-2.4720982528026706e-07+2.1372515720309082e-07j),(0.011904588950467499+4.374827941895729e-06j),(-0.38203122229000624+0.008288837839139723j),(0.020451960856767912-0.00036004775642691595j),(2.836428601955892e-07-2.5879214497992717e-06j),(-1.8579696363506703e-07-1.0890497364374765e-07j),(0.0007987303505630537+0.0004937166613355986j),(3.036198083759779e-07+5.285101545997493e-08j),(-0.001389072907733225-0.0005826389537207669j),(0.00017935225487771648-8.41409453340346e-05j),(-6.439713439936317e-12+5.232393129830436e-12j),(1.476225822494166e-11-8.582126079022094e-12j),(7.978037837767954e-08+1.132537896948382e-08j),(0.017691512636255204+0.0007071327134021276j),(-1.1236149342586446e-06+8.723274369988215e-06j),(0.08999327425814643+0.000319025368413689j),(-3.578484960680342e-06-3.409058101000364e-07j),(-0.3732769136341237+0.0010232374040499287j),(0.008038485197486253-0.0001397531581532848j),(-0.08069568671738905-0.0013506584512785191j),(-0.016136503312814365-0.004259294439078531j),(-0.001947613369864098+0.0006789166446788586j),(-2.6606829966761105e-11+1.2418410437585088e-12j),(0.009442917956018733-0.000975176163664381j),(-0.04733516475365516+0.0004890539886096782j),(-0.25574388696188494+0.007826316803665925j),(-6.77356888727045e-06-1.4994580211471688e-05j),(0.10518145103965248-0.006822127288817828j),(-0.00012889569233894054+0.00021032372046776856j),(-0.13169770299649558+0.004834491077757547j),(0.01529663812569949-0.010232420932495283j),(3.441570152595571e-07-3.7630293784871803e-07j),(-0.0029473872714130215+0.0013656671041170892j),(-2.3009762064920325e-06+8.076930826058279e-07j),(-0.04879870310328454+0.024493072236240778j),(0.02682474683501283+0.00655253342932135j),(0.30350291161672305+0.013693236774286077j),(2.5446869594631625e-06-1.4619947491748946e-06j),(-0.0025017036835187573-0.002875949444384917j),(0.1411454903107017+0.019108269220332385j),(-0.14358264249620556-0.0021668123719146837j),(-0.012886989896988724-0.0011518082743309519j),(0.002374951908766574+0.0031937414204122137j),(0.0025441354159637733+0.005958117540446928j),(0.1859940451572885-0.01715904837849158j),(-0.004907858511653862+0.005445493191028849j),(-0.0006626203614813581+0.001302589137816843j),(0.00018451539673322256+2.363170149522338e-06j),(-0.03363483587030519+0.004672840333605982j),(0.004561246477523509+0.008447055293756394j),(0.0006195997685423568+0.002092868661881584j),(-0.0006030105844214676+0.0017732348870389896j),(-0.002787850273520939-0.006487293772030708j),(0.1808530696737481+0.01133791118250292j),(-0.007224472011977585-0.004773527545929433j),(0.02002718318749282+0.0018242937473431711j),(-0.025062803567249308-7.007558885691045e-05j),(-0.016117342156133335-0.007811975008733489j),(-0.057085305135590764-0.007106089070571472j),(-0.0015532338979894578+0.003326055156591506j),(-0.014469736860928901-0.0014862984479153865j),(-0.014421274860543495-0.0024104298064116384j),(1.6695427166850735e-16-4.387045540599681e-17j),(-0.007647750760222099-0.011594163467810585j),(-0.017262768740368754+0.0060628239108072544j),(0.02005108583552082-0.0016927986111903881j),(0.21359514959360795+0.00344969423953477j),(-0.03349006588832979-0.0031845887893686073j),(0.02246054282994592+0.006616141688400049j),(-0.004136706586351489-0.002852070270996788j),(0.009302342462813563-0.009939122265184543j),(-0.03569089648261376+0.005495123549418203j),(0.0037579029962623383+0.008860613623742856j),(-0.005160873951964334-0.00040493195032926393j)
56,(-7.284077185638912e-27+8.902892364986172e-28j),(2.3771952496108087e-27-3.0646035260158794e-28j),(-2.0191042749228313e-36-6.915351649029709e-39j),(8.273727312454339e-36-1.7341853049182526e-36j),(-8.779785075971462e-33+4.227411434392528e-33j),(1.2003485909228213e-09+2.420600599019139e-12j),(1.391396988385234e-25-1.8235524927155628e-26j),(-3.427345246709579e-10+1.0674722643309684e-11j),(9.315915730953184e-10+4.882920190084004e-12j),(4.533080525151075e-20-1.9104174828384885e-21j),(2.1891900792081755e-19+1.3407616442520614e-20j),(-0.032838609771110076+4.589892083840114e-06j),(0.035955128778699344+4.3062323874139274e-06j),(3.774676627267845e-12-5.854955309854227e-13j),(-1.1023155825639463e-12-8.255276998847726e-14j),(-0.010241391207482856+0.0003394689635576433j),(0.009981657106364334-0.0003400831532182426j),(1.0723805527312166e-07-2.579363312306036e-08j),(-0.0018265420722478767+7.628728242094641e-08j),(-6.377984011782095e-08+1.0406347419230949e-08j),(1.9113181889393414e-09+2.7432300747633145e-09j),(-2.44028925308594e-07+1.8388147367972247e-07j),(0.0005223587413482545-1.7407322949024657e-05j),(0.02795607964062855-1.2317859497713857e-06j),(-0.0261382291638142+8.61316162671039e-05j),(9.54155716793192e-08-5.369359225594523e-07j),(-1.9619765285939127e-07-2.6642674509117397e-07j),(0.0008837858427733464+0.000963918538119341j),(4.553850394617747e-08+7.560421583173901e-10j),(-0.00012328903558366417-8.83500952763114e-05j),(6.638372125756275e-06+6.206520174984433e-05j),(-2.5292984260323915e-11+1.2474135805873363e-11j),(4.174799485911739e-12-1.338544274170603e-12j),(3.32427236057457e-07+6.291954825266999e-08j),(0.15760994957145005+0.00026378286578464943j),(1.0229969881889614e-05+2.1967236854818292e-05j),(0.26190741412829766-0.001902662687699841j),(-1.3162105063045553e-05+4.106164817264599e-06j),(-0.07281311980222767+0.0030721658141569224j),(-0.0013825487975446403+4.916214962332713e-05j),(-0.04727397555914917-0.0007778700095044961j),(-0.06089632857246678+0.02104251426816536j),(0.616057553313811+0j),(2.3375465563661972e-11-4.172733134067787e-12j),(-0.17937607365734914+0.005485171752399622j),(0.12481511316642514+0.00048240168946092274j),(0.2178610031155608-0.004162814857890121j),(1.1340152999986527e-06-3.494873621159546e-06j),(0.016338502104424994+0.004944723588767413j),(-0.0008546156922410832+3.134524503334757e-05j),(0.15462642432304052-0.04572784856580318j),(0.4715584874841291+0j),(-2.4303936788157577e-06+3.2501163005237597e-07j),(0.014336948408951333+0.002012501174950651j),(1.1588420050441072e-06+5.494428757687139e-08j),(-0.12115969133839061-0.010073350105030826j),(-0.00661775934284863+0.0009097394985072859j),(-0.09025625623830313-0.0011444409194767066j),(-2.7102775298528557e-06-7.6402346707686e-07j),(-0.00013396363230793146-0.0018984757830066913j),(0.05084410402958674+0.003640359199135034j),(-0.10145347368335242-0.002344333438186949j),(-0.007374731025776226-0.000446276308326516j),(0.0012597374317675873+0.0018096573480599289j),(0.0016738698552223154+0.00201731997211241j),(0.08175589650302531-0.0011865635595450993j),(-0.001395114835962982+0.0018785740766730469j),(-0.0003773708122903082+0.0005550635451885565j),(-0.009365559636888777+0.003819369514811351j),(-0.14094463961759285+0.00671549505978291j),(-0.011327752998420103+0.01002030592677998j),(-0.03821920022701415-0.0007304263303405875j),(0.006478127137821743-0.01873600225770842j),(0.0003443419910502288+0.003574591831294476j),(0.14615951107029243+0.011648482330507953j),(-0.02524972119322503-0.006974670356738995j),(-0.04786507190898723-0.010088094208196764j),(0.06909248443058764+0.015116417695727167j),(0.18888518741387456+0.00424481159411802j),(0.007987746351914885+0.002697860218796644j),(0.039716955516121+0.0024965762193095986j),(-0.011028221326314354+0.00020780828830827968j),(-0.024749641712864607-0.003469435269758469j),(4.9318603405958085e-17+2.9649764628624724e-16j),(-0.06165408297001734-0.016011981122213265j),(-0.009534637719308483+0.023852965477644168j),(-0.0069357535163795565-0.004746273775029327j),(-0.10750141785305192-0.0013426201193783224j),(0.030121347405497805+0.01217895750480536j),(0.050276805056941216+0.01085333606448761j),(-0.024048972080947088+0.003085693819669018j),(0.1108118483946838-0.011501965111410939j),(0.04155978118853003-0.015014597553450621j),(-0.027806052943432042-0.014527222441874165j),(0.007722274570337692-0.00015553362811369714j)
57,(5.733189942462768e-27-6.7547054600298365e-28j),(5.784072273651092e-27-6.359301373758257e-28j),(2.2801824997218296e-36+5.07117614144693e-37j),(-1.0532257458082369e-35-3.922811910077086e-37j),(2.0453768560450843e-32+2.0484199363400736e-33j),(-9.442593392308688e-10-6.0083684482493826e-12j),(-3.378603430615159e-26-2.16296672301339e-25j),(-8.318783686633034e-10+1.0266215318535983e-11j),(8.790829536802195e-10+5.470285054147564e-12j),(-3.563722929961479e-20+1.3202781444699024e-21j),(-1.721677853705642e-19-1.1452327214498011e-20j),(0.02609877297160455+6.982929737847816e-05j),(-0.02827495141798722-0.0001293929987665303j),(-2.9326710688405867e-12+4.240355563433134e-13j),(-3.3106566926677604e-12+5.620779883208582e-13j),(-0.025025398069256397+0.00035052598504767317j),(0.02251035794168461-0.00029141626821974857j),(-7.3288958610957e-08+2.0229641909871907e-08j),(0.0014375008371707108+6.144985279781673e-06j),(-9.095575737308657e-08+2.2517505486623083e-08j),(-1.5505765464465807e-09-2.1957157337728263e-09j),(2.0326972262175441e-07-1.5804966756737263e-07j),(0.0012719546155478786-1.8383397920665754e-05j),(0.027593088338252865-8.94017284237391e-05j),(-0.022942020341755635-0.00014696901252708467j),(-2.032263969178572e-08-1.978534684447219e-07j),(1.3207788795079984e-07+2.0178627254840496e-07j),(-0.0006859589688037269-0.0007365353512703884j),(7.079425396963351e-08+3.77069267644727e-08j),(-0.0002481355375329756-0.00014121119453899077j),(-3.406419336076047e-05-2.5848514613838946e-05j),(1.9628529807528305e-11-9.244080342799443e-12j),(8.256542243253728e-12-4.132826895452411e-12j),(-2.7562552442671794e-07-5.248412197951906e-08j),(-0.13239767046690776-5.765144242025899e-06j),(-9.943773416877284e-06-1.621262470518976e-05j),(-0.2013647642903576-0.001045988008962384j),(9.021369171617742e-06-2.8546296018390593e-06j),(-0.1839643174940599+0.0034501283160029497j),(-0.0014369872223381351-2.1447707285437046e-05j),(-0.11302759068969234+0.0025375163251500563j),(0.038161932574088404-0.01572107498129419j),(-0.4863387065101309-0.001584994111078486j),(9.222562301925944e-12+3.3162128206381422e-12j),(-0.4293620552635133+0.005088007493943725j),(0.09775140959768518-0.002121383154425449j),(0.2070058925815172-0.0035193824659404543j),(-2.583147260462664e-06+2.1917040188194173e-05j),(-0.12299133157200501-0.0033815509221269066j),(0.0007314584464993907-1.6441983029645546e-05j),(-0.08316386109434182-0.0161593079159545j),(0.46354418945025555-0.016440890648350526j),(6.033357426005653e-07+2.0836992136173578e-07j),(-0.008591907771958271-0.0007070965737034406j),(1.958921175369658e-07-1.0824046603008335e-07j),(0.05721456962033786-0.004085885945446281j),(-0.006666692259006396-0.0019875817584795617j),(-0.051282799758314956+0.0012825017301789712j),(-3.1494925923792517e-06-1.0863471140274012e-06j),(-0.0026716607190600573+0.0013460643812925163j),(-0.19982591113631257-0.0003030616164961513j),(-0.1456730451760261-0.008115906707954208j),(-0.009872909777746262-0.0009581588056573826j),(0.0016487842169350185+0.002507595356222227j),(0.001436910071392003+0.0040806875798815355j),(0.13762949737896843-0.009106224455610143j),(-0.0022034455655926617+0.003971939378092396j),(-0.0002563519612284761+0.0010515544407751767j),(0.001903332667483134-0.00010555002168224318j),(-0.0015586168834964196+0.004104136721566806j),(0.027193130354779008-0.0020708672388834812j),(0.022679696939448532+0.00030609005928661833j),(-0.0023613678550832213+0.00844072037558879j),(-0.000626270317145042+0.005652445201001723j),(0.13618507525185142+0.00516530062433422j),(-0.01338411237645299-0.007784195211456047j),(0.0472700947444931+0.011042711185968796j),(-0.015164019092304176-0.008829689035204594j),(-0.17973285618885299-0.0033405205373081143j),(0.03943186213697611+0.0008018368381574534j),(-0.0004905072895554025+0.005374632732762005j),(-0.028537838887381737-0.004581679222312921j),(-0.020007865512676755-0.003933571422849848j),(2.0956776788518197e-16+1.832009498249436e-16j),(0.04798747624922533+0.023324478322683008j),(0.02620392000658415-0.021827738034268587j),(-0.04177826417405962+0.001559331246770595j),(-0.12793900489063945-0.010545001608694038j),(0.011806894684015606-0.006161797227917317j),(0.018034950030418002+0.006168362135511016j),(0.018618718048411472-1.7391666068954613e-05j),(0.10015831387563688-0.007179839723824237j),(0.0025972259901528394+0.004012271483001183j),(0.014812214472311862-0.0027650888647551006j),(0.003972283830714226+0.0021723230454055095j)
58,(1.8092720011428823e-27-1.921606631262108e-28j),(-8.793405373108344e-27+8.400978717137336e-28j),(7.802936759541512e-37+1.2311918403090507e-37j),(-3.288684368026091e-36+9.925864324054771e-38j),(7.072646032976663e-33+6.502860321805512e-34j),(-2.9757287262856813e-10-5.3020031568509926e-12j),(-3.86055995318277e-26-4.4653392058265575e-26j),(1.2631646209957883e-09+2.384250863103057e-12j),(8.249854531958175e-10-1.0545519098665157e-11j),(-1.1316607532780741e-20+3.05057100298147e-22j),(-5.426580603539321e-20-4.0232373536468506e-21j),(0.007891746093292892+0.00017000407259566133j),(-0.008930736645845282-0.00013996816527357073j),(-1.1264522180983097e-12+1.2966974828846234e-13j),(4.779746865981074e-12-4.574374422318106e-13j),(0.03793297406079006+7.146617285071991e-06j),(-0.03491253712817405+3.035344534273697e-07j),(-1.8718767147461444e-08+6.35975095151203e-09j),(0.0004522116008437359+7.109666749844886e-06j),(1.4333541573900528e-07-4.219295621661678e-08j),(-6.811317507552456e-10-6.992932738069913e-10j),(6.536367748547272e-08-4.9210233888480956e-08j),(-0.0019303650724131925-1.059122562189433e-07j),(0.025662377215156896-0.000557161938687256j),(-0.02368633172475716+0.0005600571885448578j),(-9.731842898738121e-08+8.0958900410461e-07j),(7.231272634916929e-08+7.594133183552501e-08j),(-0.00024730834226927256-0.00026548112951219j),(-1.24668028821067e-07-4.306135384707242e-08j),(0.0003997715435016324+0.00025328070800515845j),(-2.7635867210061647e-05-8.777550409893643e-06j),(6.621416706642913e-12-3.4428189056892754e-12j),(-1.3535060077456736e-11+5.583652374874948e-12j),(-6.959595728272378e-08-1.541822887366824e-08j),(-0.0338028361364736-0.0015109483145412865j),(-7.123675218133158e-07-6.980738644058614e-06j),(-0.06912734736226063+0.0011613537487635828j),(6.544586171452957e-06-1.4514796390454873e-06j),(0.2770350457784238-0.0014753112101804564j),(-0.001317468911146676+5.012699981729791e-06j),(0.16854575006671824+0.0010545238161303663j),(0.03521684532675654-0.004637539521592843j),(-0.15290735651277831-0.003587631617111245j),(3.434578638472579e-11-1.3647773027026976e-11j),(0.6510824910340749+0j),(0.11909778393199016+0.001173731582643528j),(0.1914691640056837-0.007659447461881158j),(-9.407593666393382e-06-1.1957712514804347e-05j),(0.09290842066852667-0.007002471769581513j),(-0.0001995656241028948+0.00018054732751457902j),(-0.10459198622132282-0.023213666753389123j),(0.43986491363496694-0.02409540397991103j),(-2.1187730817853633e-07-1.1827178771413746e-07j),(-0.00024384179497042446+0.0014274169149255317j),(-8.456954173318838e-07+4.733356337038705e-07j),(-0.05251482972189803+0.01403067240680806j),(0.01578686783112211+0.0035604577393279716j),(0.15321897287020808+0.008403032086443094j),(-8.774621651499512e-08-1.082584800047617e-06j),(-0.0015062406546272795-0.001774580062263253j),(0.07077192702290137+0.011252724298338637j),(-0.09497351674350696-0.0010710099292147585j),(-0.006119817119294034-0.00046918235166956007j),(0.0010553575875725534+0.0015542145710232187j),(0.0008441227002272261+0.0026305099064983877j),(0.08836746236593511-0.007452314064475024j),(-0.000817585900211271+0.0028745936599882424j),(3.550356074705777e-05+0.0006159805420601776j),(0.0052980042572745075-0.0012772539356210168j),(0.05975572792264678-0.005409048457559677j),(-0.12625170168144917+0.005489246541111804j),(-0.024294545965832713-0.0029403727219598965j),(0.0011368300740443914+0.004086036040927082j),(0.005492656972451829-0.012252722591576067j),(0.1695816737141755+0.013809602815644207j),(-0.00743435774606979-0.0049038310892437j),(0.020705683517063474+0.001888043846338212j),(-0.047728774253502505+0.00137881103093377j),(-0.015518922995439792-0.007723182616107071j),(-0.058465632852932214-0.0072818590790566j),(-0.00020725603911853768+0.004035991641529579j),(-0.018453551352749266-0.0018870418672329782j),(-0.021216823326488287-0.003430846789595331j),(1.391968140675843e-17+1.4445233801465814e-16j),(-0.027586520511000995-0.032609927624177235j),(-0.04521799337458811+0.015898220606476804j),(0.016699445128540862-0.0014596055387754584j),(0.20924542788205736+0.004177267791465558j),(-0.058308243446419515-0.004566079155445212j),(0.03875605299776574+0.011010887463484723j),(-0.008785943278770827-0.006577772152241744j),(0.10195979339082761-0.012394146697934594j),(-0.04779707359982352+0.00623704061662055j),(0.002847412332094712+0.008149095891408597j),(0.00045976459120326276-0.002051043382630971j)
59,(-5.346412995532357e-26+6.534321032424909e-27j),(1.7448098586464077e-26-2.249270957419216e-27j),(-2.0242272563535714e-35-3.0126177542517525e-36j),(8.029073010527072e-35-8.620254998417111e-36j),(-1.5894719916171344e-31+2.0292763999026517e-32j),(8.811588708099856e-09+1.781454021059597e-11j),(-8.518886586347023e-25+2.3649568729572597e-24j),(-2.51595205242003e-09+7.83505979566533e-11j),(6.843127955226894e-09+3.5100511136259554e-11j),(7.109736273483357e-19-2.536926832538189e-20j),(3.328171542780489e-18+2.0390604921797576e-19j),(-0.030944843180132266+7.024022790062118e-05j),(0.546576503200189+0j),(1.3925707614325808e-10-1.473431364529257e-11j),(-5.711959821215827e-12+2.2144258388211057e-11j),(-0.15627636493327726+0.005221277377902428j),(0.008765178677296585-0.00028436849495948465j),(-4.107396402166469e-06+1.1075725124205635e-06j),(0.0012840735862615048-4.247185978308032e-06j),(1.7637824099220917e-06-5.999986888414063e-07j),(-1.5487573743796703e-08-1.4291868548221143e-08j),(1.4295972980342138e-06-1.1153147247696292e-06j),(-0.00036913090111120053+1.3168770950282255e-05j),(0.4231117363661002+0j),(-0.020844383922730282-0.00013033190469964855j),(-2.7210003440488304e-07+2.2898917236578312e-06j),(6.160409969206128e-07+3.7598439765798903e-07j),(-0.003886646140434655-0.0019041977778391527j),(-1.2505966068197057e-07+1.9748934004705677e-08j),(0.0007310823803923924+0.00020739591368870285j),(-0.0006275762431846284-0.000134650914497796j),(2.1132411740317098e-11-1.7979140417499093e-11j),(-3.2296609080051114e-12+2.4243972084453667e-12j),(-2.7178237847349185e-07-3.5680587630198916e-08j),(-0.07872909037203676-0.00030028651876805833j),(4.765267180186216e-06-2.025409927873742e-05j),(-0.3144892162222089+0.000941370409474257j),(-5.515282915711294e-06+1.69736178992321e-06j),(0.0890134525153222-0.003233205144948754j),(0.001008554718649006-7.107697019302998e-05j),(0.0182669782713698+0.002561107947385669j),(-0.0316533994317262+0.0014951490085492788j),(-0.07832684436557924+0.00041352628679682674j),(-3.2103506149047043e-11+7.188618047486586e-12j),(0.02296093763990094-0.0003552966746012622j),(-0.05483325637814154-0.0005565222768655134j),(-0.23970341741128995+0.0017446090399669129j),(6.623045299455226e-06-1.0212870736461578e-05j),(0.04080133615514566+0.01060223990293755j),(-0.0013481226289379009+3.352954510241028e-05j),(0.2545364531087853-0.028561625761856127j),(-0.06012592589750787+0.01458917841086975j),(-4.253078580441954e-06+6.110679028192884e-07j),(0.024102523644943686+0.003924925421497578j),(2.2824397633129066e-06+4.326666803366773e-08j),(-0.20787080938942742-0.019912783418341393j),(-0.012827263643168454+0.0013448808309185168j),(-0.17679837480416574-0.00045624784062653356j),(-5.241037591724493e-06-1.1222364811039868e-06j),(0.0015847806354767797-0.003042739265550688j),(0.09535592925293968+0.003584438813930852j),(-0.1567593151917964-0.0020902339835790346j),(-0.012289737332366628-0.0018589770018892374j),(0.002391095223075278+0.0032489034548459396j),(0.0024769493843344965+0.006799004138337664j),(0.21073557494914832-0.015822614685993497j),(-0.0033355985346660583+0.006902384412216817j),(-0.00028844746196580214+0.0015018640010457625j),(0.0015101630171336746-0.0017599906363693473j),(0.022232741496711853+0.009791273539142512j),(-0.005754394472550937+0.003927819218694007j),(-0.013523186318532068+0.0006589788661397348j),(-0.0033484716933191755-0.011017755349898654j),(0.0012063984912045807+0.002947902090650152j),(0.16102171155853393+0.00857235303413532j),(-0.025795431179077132-0.006878285381761896j),(-0.04784894383525905-0.010045836920575008j),(0.0365341993924091+0.006585518970478942j),(0.19340804284626312+0.003414650837350902j),(0.007772533455674269+0.00272023475460238j),(0.037577176044284594+0.001559499575324804j),(-0.008609367326684488+0.0008957455515904776j),(-0.01957887394997006-0.0018505246843262707j),(1.134819997348813e-16+2.947502035613954e-16j),(-0.034196225493388445-0.005294483647808327j),(-0.0005266757822347699+0.012318687114866719j),(0.0017390946866831327-0.004496917058121518j),(-0.11211196251205702-0.0007332815392573702j),(0.02434567697135143+0.008871086751092607j),(0.037228356602118894+0.00516388376947282j),(-0.0159346315159419+0.004130629720290999j),(-0.0063162404347184-0.01213999530582352j),(0.03305391713652157-0.010991618395548249j),(-0.020443977781933256-0.007776527538625494j),(0.0006546016971585532+0.0011255966697656062j)
60,(4.2080952084171035e-26-4.9576191954864534e-27j),(4.245368397570703e-26-4.667345561782706e-27j),(1.6878313329296194e-35+3.0711774709062966e-36j),(-6.635972901648634e-35-3.1950271741444943e-37j),(1.2695002779329543e-31+2.1070305999936827e-32j),(-6.931693657551208e-09-4.414823608241525e-11j),(-5.897746512319835e-25-1.3036440102372109e-24j),(-6.106632919738996e-09+7.533220586982693e-11j),(6.449267610895421e-09+4.081257972241215e-11j),(-5.590875336952085e-19+1.7315287315815087e-20j),(-2.6190068644196558e-18-1.7455795623783012e-19j),(0.024379142832616+4.1649310894002756e-05j),(-0.4301407555149107-0.001867437875489597j),(-1.0785349111518591e-10+1.0675279948082737e-11j),(-1.478681246183322e-10-9.418538002540285e-12j),(-0.3802768968527805+0.005367716665706564j),(0.02181423079760856-0.0003661920789550723j),(3.3086435056236675e-06-8.384536497876443e-07j),(-0.0010108113449046451-1.1500735029608801e-06j),(3.7291731925720386e-06-1.1628942053885306e-06j),(8.54478923550427e-09+1.0663039123918738e-08j),(-9.726672687352679e-07+7.12969114035089e-07j),(-0.0008957976888903532+1.620472678123163e-05j),(0.4154124302430339-0.001106293710120762j),(-0.020905206301053914-5.859387720890535e-06j),(-1.0270019394307828e-07+1.7500107762433395e-06j),(-3.6046323927351523e-07-2.712217559387557e-07j),(0.002590169172348119+0.0013383323407645982j),(-2.529211137691344e-07-4.3094938446221645e-08j),(0.0014750413701977412+0.0003493949238569694j),(-0.0004170140875341032+6.118108819731362e-05j),(-1.7356698920346953e-11+1.3233014322812615e-11j),(-7.286921939124076e-12+5.535809912962388e-12j),(2.8040669690992825e-07+1.9945174608210982e-08j),(0.0638405295257055+0.00015719305687026015j),(1.6366702510398004e-05+2.144555377216231e-05j),(0.24404215174435417+0.0009790580983742164j),(-1.2620472389924969e-06-4.2556689136967114e-07j),(0.21901788350875995-0.00370016640694399j),(0.0010557568828107493+2.1816916319455882e-05j),(0.058890990056650286-0.002915643018686182j),(-0.0022572334444106103-0.0005725841865374369j),(0.06159437196167952+0.0008995751356978728j),(-4.5149317694098594e-11+1.546525926569938e-11j),(0.053603010268167134+0.00018687755314797383j),(-0.0450732331756421-0.0009454257598171638j),(-0.24815308055731183+0.004037027915828953j),(2.574139849641229e-06+2.5916945240011216e-05j),(-0.15630983904625378-0.0039288475745340445j),(0.0015787795414497325-0.0001969359816422191j),(-0.15040369636494677+0.022629704306107612j),(-0.04651213793206993-0.012337932810117986j),(3.3418920144460316e-06-7.448633368405911e-08j),(-0.021924772965120132-0.004285799691468735j),(1.1469330078525507e-06-2.956092202429321e-07j),(0.22933833547558044-0.009907433037606828j),(-0.014376733313750492-0.007751781357547741j),(-0.16228292504509578-0.01763857909825027j),(-2.6721418164796712e-06-1.664636636361409e-06j),(-0.002574242579410735-0.00045394355700528613j),(-0.07915956030403012-0.0046213394652006605j),(-0.18259861394300758-0.007708102770853362j),(-0.014050895892195877-0.0016043307806827174j),(0.0024013554837636567+0.0036158027246497356j),(0.0018000131424897627+0.0059875270583553825j),(0.20567435774486298-0.012308467473963566j),(-0.0036616243008312436+0.005334599825617443j),(-0.000521304302045465+0.0016856927502582192j),(0.00020062907792057355+0.002776370691576059j),(-0.07330073155599948+0.00010544933490197125j),(-0.09019718365017171+0.008162278046657714j),(-0.013476606680602077-0.004318705939235825j),(0.003813867632741703+0.005765904314112748j),(0.00513048333710621+0.004689105189546938j),(0.15122496107130162+0.0018237026129423373j),(-0.013833202901976179-0.007703090092300871j),(0.04674510754316482+0.010701760094260136j),(-0.011818056906647337-0.0035726476910005484j),(-0.18603907441010398-0.002234728713200629j),(0.0387853689104231+0.0007703650389814833j),(-0.001172435158534982+0.004466884468474291j),(-0.02475113081807573-0.0034643063899325002j),(-0.014422398710158135-0.0021471010645516186j),(1.2746373202101645e-16+4.8501292825512354e-17j),(0.027806272775751185+0.012229168880631044j),(0.01328690140916552-0.013399735518717402j),(-0.025357162286221233+0.0010181368684324598j),(-0.13422636541571809-0.009945555637839873j),(0.007303354961338572-0.0036253203151105865j),(0.006827989866320929+0.0008002728286845605j),(0.013598347008588089+0.0008732099926613938j),(-0.02924928047987492-0.009810840406950736j),(-5.890338577418789e-05+0.004179455357330313j),(0.013037999189372642+0.0025800711110678005j),(-0.0037249697716668765+0.0027475153910955083j)
61,(1.3279821535056568e-26-1.4103867803163445e-27j),(-6.454159196402691e-26+6.165780504800205e-27j),(5.227307892959222e-36+6.661247945272035e-37j),(-2.395540320746877e-35-2.5044033424619788e-36j),(4.7020890101291086e-32+3.316348840927991e-33j),(-2.184442699644949e-09-3.892898940650684e-11j),(-7.189678756222261e-26-3.514760879177081e-26j),(9.272634124722856e-09+1.7547851600033185e-11j),(6.053560684877735e-09-7.683292107796131e-11j),(-1.7712899804336946e-19+3.507924464494053e-21j),(-8.234868241754162e-19-6.077050330988991e-20j),(0.007641107575182937+0.00011387940934470082j),(-0.13545383708904382-0.0021611540662630907j),(-3.7888378601775465e-11+3.2671934002492082e-12j),(1.649839399775119e-10-1.1303285513353605e-11j),(0.5770815475433236+0j),(-0.03288694906513854+5.070716387749587e-05j),(1.1665441388274182e-06-2.6320555539399325e-07j),(-0.0003193433143316002-4.628830774824785e-06j),(-6.240538622784541e-06+1.6359817537850605e-06j),(3.2246713375306557e-09+2.9692942089101285e-09j),(-2.3042188433985148e-07+1.2315978322117214e-07j),(0.0013615489860267064-4.007515564957226e-06j),(0.38835102213974304-0.008424628641419463j),(-0.019206204498755458+0.0003084628628406425j),(4.5284076986627786e-07-3.976543174133184e-06j),(-2.0868210341997806e-07-9.858855075242625e-08j),(0.000889410874734955+0.000526702345695091j),(3.885302104385842e-07+3.39102632354256e-08j),(-0.0022371036555456866-0.000622497377789317j),(-0.0003998092154612158+4.403742049537653e-05j),(-5.17322815256887e-12+4.855751652130066e-12j),(1.1959287213395103e-11-7.936100336584796e-12j),(8.248554714951041e-08-1.0771253300426693e-09j),(0.01776162911664496+0.0007132756060167856j),(5.841118192139051e-06+9.856896337349555e-06j),(0.0798698437301529+0.00012405054666829451j),(-3.115546978101689e-06-3.9138213350812306e-07j),(-0.3306425682365252+0.001129035476395597j),(0.000958894543052974-9.098495449152516e-06j),(-0.08226492468192409-0.0011830211371729078j),(-0.011968919444298471-0.0034146373736205823j),(0.0193631720224278+0.0008638334532211443j),(-2.0371216008288e-11-1.4545062318658898e-12j),(-0.0813291382276158-0.0009612329899844254j),(-0.05122447505599861+0.00032842329427132215j),(-0.22831045484993517+0.007615502979350347j),(-8.571428221877906e-06-1.768040802931847e-05j),(0.12465536606934978-0.007821530222889714j),(-0.0001415672720834936+0.00023169578253631146j),(-0.15279252072896465+0.009255274572794021j),(-0.04499265584151836-0.008759759938191333j),(2.4518534040423586e-07-3.569114331823369e-07j),(-0.0028210317586639276+0.001722091647767614j),(-2.154450457702659e-06+8.305010774463857e-07j),(-0.056400424874602006+0.024590391296226925j),(0.027544097941086622+0.006557400416801581j),(0.30118528950929724+0.014116043267681233j),(2.0089498542360416e-06-1.6149428241933235e-06j),(-0.002665773765275935-0.0030802193479593717j),(0.14568623601129924+0.019150580723972535j),(-0.15494454087096504-0.0014139983090263736j),(-0.013019241819526982-0.0010384692918046067j),(0.002386633165461117+0.0032209234562230564j),(0.002408084846466261+0.005835329703745532j),(0.18707530954281892-0.01770055551526617j),(-0.004473452058105463+0.0054461023645757745j),(-0.0005694170336254339+0.0013439465352496059j),(-0.001462824667662046+0.00021092106671429038j),(-0.04555446705170719+0.005644389389590021j),(0.02446936189307307+0.008633376714445706j),(0.003936501762164121+0.003198419415527132j),(-0.0009141564559113499+0.0020880810450985025j),(-0.0024571525036479543-0.007816654720038394j),(0.18451308772471106+0.010677031457429244j),(-0.007826320897303006-0.0048335484353689605j),(0.02052632033234722+0.0017481373086547791j),(-0.028831088669118606-0.0002732735160567278j),(-0.016227922053725287-0.007877526326448992j),(-0.05822405387925199-0.007077171778957399j),(-0.0007910422708006545+0.0033635551587157357j),(-0.015953753624466275-0.0011974151515242672j),(-0.01662436098283234-0.0020316593011146934j),(-4.885104558686555e-17+1.3628097671077885e-16j),(-0.007440253408233667-0.012387526239180463j),(-0.018986943327364912+0.006419611236122333j),(0.020429105106603618-0.0019810217723536237j),(0.21534421452670827+0.003228364937763753j),(-0.036460157491475804-0.0034392057228039624j),(0.02738213502008357+0.0058667775252055j),(-0.0035211556163061083-0.003085886892008455j),(-0.0037896019852931132-0.010143252290100057j),(-0.03800514376392168+0.006367479353771463j),(0.004914038113396116+0.009880168646331101j),(-0.004224740847346484-0.00015928377088011937j)
62,(1.378961406241693e-29-1.679909886656309e-30j),(-4.497685576453883e-30+5.775981506447007e-31j),(5.0904920880575526e-39-1.7076185542183027e-40j),(-2.0044746358969716e-38+4.134840232770541e-39j),(2.7563762693931327e-35-2.1721204251045905e-35j),(-2.2904545727625463e-12-5.512075537954195e-15j),(2.7064950805960565e-28-4.823630517078666e-28j),(6.538162948466522e-13-2.0061013942686995e-14j),(-1.845646128121576e-12+2.0125491739147215e-15j),(4.3355895774321543e-20-6.833206965534944e-22j),(2.1496533191909582e-19+1.360499106804985e-20j),(0.5963435230807435+0j),(0.03526438840798711-4.830395640322699e-05j),(1.9045610382780355e-13-3.440874258503187e-14j),(-6.942801183156162e-14+6.16938347470936e-15j),(-0.010758326077197383+0.00038936172558853344j),(-0.18081141069932846+0.006302600265262448j),(1.2560115679949005e-11-3.6060634064840407e-10j),(-1.37898861292631e-05+5.657542791159135e-07j),(3.0749919275215463e-10+1.5857141786651895e-09j),(-5.429803275931501e-11-1.1578517374211157e-10j),(1.0858942232123056e-08-8.559753658028102e-09j),(1.1499290402164155e-05+3.738909316115274e-06j),(0.02439595795066439+0.00010372134175240088j),(0.4669465060794512+0j),(-1.0162628537572779e-08+3.8777963213560144e-08j),(-6.214218241777379e-09+4.993894696735821e-08j),(-2.5628418325968096e-05-0.0001083265544874289j),(-5.91590193707305e-09-2.1493692124720743e-09j),(4.93360300782444e-06+6.945348512069898e-06j),(-1.1601962701373673e-07-4.14987226753393e-06j),(-1.2369626429690445e-12+2.284481903632792e-12j),(3.1612160118696645e-13-3.8665141247358973e-13j),(3.069876468778127e-08-2.543507251473042e-11j),(-0.21754274933543716-0.0004805071055327195j),(-2.6379675761531545e-07+2.2382369721474725e-06j),(0.04195691532580469+0.001304300962540965j),(6.406704759958666e-07-3.8008572086081713e-07j),(-0.015604701894583439+0.00042046026574055683j),(-2.01734167402698e-06+3.745874457026894e-06j),(0.08466284668627345-0.003809872967138646j),(0.0034854707898020797-0.001938917941976467j),(-0.040150366533379916+0.0003335338772170737j),(5.417524785782728e-12-8.780190445763653e-13j),(0.015078550771228837+0.0003392233794886198j),(-0.1821296664744297-5.200963787646562e-05j),(0.02757115512861935+0.0008490426859998779j),(-1.2791197061668152e-06+3.108543860888242e-06j),(-0.013522872838764783-0.0029925461660359697j),(0.0005456459764873465-5.2013378264509455e-05j),(-0.08766151369651207+0.013886048637977988j),(-0.029535708032773958-0.004739208071256532j),(2.1426625744361693e-06-3.8185355673002136e-07j),(-0.010400444446666251-0.0022583994667198133j),(-1.0333294097442942e-06-2.122369541618973e-08j),(0.10694276792976304+0.006963397910736337j),(0.004927170771778014-0.0010047714379281673j),(0.07098193987504832-0.0033931386589110615j),(3.2424891393954157e-06+3.277791796279411e-07j),(-0.0018186858989820516+0.00047308578683093573j),(-0.0007917966306769386-0.0019225283357833898j),(0.047929627241762675+0.00012790583438241146j),(0.0030045426402988138+0.0016407925156948367j),(-0.0008560270734536878-0.001082923069503991j),(0.0003944170805178265-0.005806623148319418j),(-0.14187267907128281+0.018295162813086366j),(0.0028263909587438007-0.005697903153809502j),(-0.00019571364662494616-0.0011691714879159155j),(-0.02119470399344855+0.009175736342379254j),(-0.2925565706386857+0.0009040699565822929j),(-0.005261407013824022+0.013447005835818794j),(-0.06335694985600376-0.0020831175259752137j),(0.017859633228372675-0.027960881853781157j),(-0.0015743354165929095+0.004550211184808854j),(0.13506383566162386+0.014042087726609413j),(-0.02559422728280592-0.0071548746091307566j),(-0.04829736644644386-0.010244710819629195j),(0.1093585694020824+0.02448471891607951j),(0.18606724004672626+0.004897080033900797j),(0.00830634747512677+0.002718421542408202j),(0.04361383398093113+0.00347094264174138j),(-0.015198991656157429-0.00021208588099191938j),(-0.032985798485073936-0.0048222475501946156j),(-9.386022600198137e-17+2.1472371583690233e-17j),(-0.09194187556859733-0.02690757330769241j),(-0.018321414201156953+0.03655393797611742j),(-0.01804643371686709-0.005254857657981563j),(-0.1041056493886836-0.00191331946923258j),(0.03870502952780172+0.01573785556787098j),(0.07061053424597956+0.016255588225171265j),(-0.032276013961969455+0.0020858183409542125j),(0.23020494331451846-0.010526385051432774j),(0.052496004060312504-0.01963180273562247j),(-0.03558549932165067-0.022010884865494698j),(0.017811675526217565-0.001292823844882573j)
63,(-1.0855295792225918e-29+1.2743781695185538e-30j),(-1.0940465221721256e-29+1.1986812313572283e-30j),(-4.779133310361888e-39-8.204907010655772e-40j),(2.0127224928583946e-38+2.7959869575914133e-39j),(-4.03298656860296e-35-6.985856041432737e-36j),(1.802076061264898e-12+1.2207106132556359e-14j),(5.585409979882778e-28-1.0061059936405837e-28j),(1.5863090272005022e-12-1.902081257356184e-14j),(-1.6170376282627558e-12-2.0625892084574968e-14j),(-3.4737255328839475e-20+4.771305707467037e-22j),(-1.7223818097754832e-19-1.1226720301501914e-20j),(-0.47584018239500336-0.00134134177551129j),(-0.02825603382148749-1.2900237708028325e-05j),(-1.3040335539346657e-13+2.6762766593851938e-14j),(-1.5772321618390598e-13+3.1872332260653607e-14j),(-0.02448977806657211+0.0003697836235120272j),(-0.41024841143548973+0.004996135003431865j),(-1.2746574174902026e-09-1.0150306647539182e-11j),(1.2708667714976064e-05+5.553754180562703e-07j),(-1.4581409274612244e-10+1.5169718591383336e-09j),(5.2878883249285965e-11+1.2978027805629973e-10j),(-1.087985117198429e-08+8.134488786565046e-09j),(1.344473586947119e-05+3.4010273806999367e-06j),(0.02304473667792871+6.654468002169778e-05j),(0.44266543677756237-0.0007383463021586462j),(7.011922215108756e-09+9.883856583061564e-11j),(7.569133702220716e-09-4.5378457606149576e-08j),(2.657655214858882e-05+0.0001004536571355684j),(-4.261820301996594e-09-6.286302579310163e-09j),(1.1514083328863695e-05+1.2261337550648782e-05j),(-8.466630612184054e-07+5.5919808403350345e-06j),(2.1780130247200588e-12-2.231517037292603e-12j),(7.025504429109871e-13-7.98602217063203e-13j),(-2.194738394640405e-08+8.725239785132435e-11j),(0.20875502553280623-0.0004033020583764091j),(-1.6097728409588775e-07-2.845136208734086e-06j),(-0.044471659545582354+0.0014327845996526083j),(-5.948335134262695e-07+2.8565821269712607e-07j),(-0.03405876358441522+0.00015554802403887694j),(-1.1064759620773443e-05-1.7581566487922136e-05j),(0.1662603810251947+0.00013251028759481837j),(-0.0030426523376175857+0.0014290224797908367j),(0.03673864571471828+0.0001789238006484721j),(8.696804930071192e-12-2.7917272389884177e-12j),(0.034384627747296365+0.0005058772537281757j),(-0.20223687870482876+0.002554282624649379j),(0.033904067949736306+4.9048687360560284e-05j),(-7.667223393081464e-07-7.176580066710591e-06j),(0.042822170840153335+0.0025716320432029195j),(-0.0007072112117962933+0.00014423534777154538j),(0.06157055682709904-0.005741492486753898j),(-0.04355482411312955+0.0064587009926771605j),(-2.749082833127881e-06+3.1773842177069397e-07j),(0.011932830799359905+0.0038447539054171243j),(-1.2205666604220032e-06+1.4767273529730435e-07j),(-0.16915680921674991+0.0033979692329716565j),(0.00707710416162061+0.006171801816234088j),(0.12103776634902005+0.02451293936767844j),(-1.3004495437805446e-06+3.994402641419833e-07j),(-0.000721692940874704+0.0029906168081073855j),(-0.22832884067467973+0.003895302435530686j),(3.971107317274239e-05-0.0026644061837570745j),(0.001823584913696033+0.00043017292246189543j),(-0.0003273553629180774-0.0005160042252743748j),(-0.00018013331539737225-0.00034271081605786926j),(-0.026290243563811592-0.001246428630554906j),(-0.0004172846183890757-0.0002495718368747801j),(1.790796576633995e-06-0.000269400102246923j),(0.005483370411850184-0.0035178964389529074j),(0.0933188572081396+0.006588953685238319j),(0.16450077595008772-0.016190952250697804j),(0.06939486593266526+0.005351321205200602j),(-0.010302638569599272+0.013033067255599875j),(-0.008515682415999088+0.007518520887909953j),(0.12450198270670497+0.007814374450087395j),(-0.01368455936035651-0.007977848322057703j),(0.04880990021986952+0.011425692491857743j),(-0.019727309004456545-0.016108732325568642j),(-0.17460691991188138-0.004331874899263122j),(0.04076578888069117+0.0007723048515557718j),(0.0011352873171531401+0.00645056919896715j),(-0.03463053013593266-0.005551454508955882j),(-0.028716220354697335-0.005526278146578765j),(1.8496793895498577e-17+1.9884894046732333e-16j),(0.07737990974449915+0.03908242554745238j),(0.044421084699778984-0.0342436679488791j),(-0.0629330668139607+0.002210454061402481j),(-0.12296223532049785-0.011106201389152894j),(0.018673695702867-0.009912102330136379j),(0.03573124399461767+0.011259738369915754j),(0.026984135879500815-0.001020494655170445j),(0.23557963211571017-0.0035463409453607223j),(0.006100062958398118+0.0044206351344677096j),(0.018741858531578826-0.008598704172868956j),(0.014814220591765494+0.0019400856093605193j)
64,(-3.425531749845108e-30+3.6241059136344773e-31j),(1.663488413211377e-29-1.5822152854795112e-30j),(-1.3169048192312503e-39-1.4138133338202585e-40j),(5.408044360265268e-39-4.1536841056944846e-40j),(-1.044762608757067e-35+1.333846736779637e-36j),(5.678748795979136e-13+1.0347980861352665e-14j),(-5.381665771065315e-29+2.0006223480449074e-28j),(-2.409143884496339e-12-5.494029426331922e-15j),(-1.5354805060095113e-12+1.1155057085921038e-14j),(-1.0223336961605106e-20-9.769520816350564e-23j),(-5.0547614388899294e-20-4.51877533069429e-21j),(-0.1423973693293734-0.003174918013343464j),(-0.008308441554994593-0.0002054338276036671j),(-6.627435570435129e-14+8.860939651648371e-15j),(2.3348573286702966e-13-3.5222631894653186e-14j),(0.03777345066445518-9.526724849287472e-05j),(0.6337052134049163+0j),(-1.0518196859181224e-09-3.927081526936467e-11j),(8.536652189270679e-06+6.915527131174771e-07j),(1.7491128714516827e-09+9.758387156180354e-10j),(1.7898436557455122e-11+4.339739981196884e-11j),(-3.152047008035558e-09+2.1487618004957997e-09j),(-1.2545596374613836e-05+3.379906688042045e-06j),(0.02239509921863014-0.0003771616653047271j),(0.4287083707043233-0.00905633794290725j),(6.330914147777095e-09-3.9683634482224654e-08j),(-7.420679191208096e-10-1.4190965783618252e-08j),(9.760867361512501e-06+3.04878640822228e-05j),(9.721199305913204e-09+8.155968220490584e-09j),(-1.3029150291634122e-05-1.9065798034234992e-05j),(-3.9244399606598914e-07+2.786238051244198e-06j),(-5.977627791537254e-13-4.775706048884119e-13j),(-9.82154982543121e-13+1.116611391553144e-12j),(-1.3506275727363256e-08-3.583757327476301e-10j),(0.05033924189568251+0.0015530571852686035j),(4.320598318469492e-07+1.2833300352745732e-07j),(-0.005570669684383867-0.0028494770210732096j),(-2.695296896070959e-07+1.7204718427523611e-07j),(0.047175362994390395+0.00016215665848912965j),(-1.2376967609962696e-05+1.0754324734373812e-05j),(-0.23937865429632457-0.0004638213986295908j),(-0.0017193782980877495+0.0008106931572639212j),(0.01274876514838837+0.0003660044293268879j),(3.6796751835116485e-12+5.331301468833618e-13j),(-0.04190833921078762+0.0008751001843365141j),(-0.1689471366828841+0.0030503734867237606j),(0.02719060227259633-2.581267333399799e-05j),(2.3947845444972526e-06+3.7252127661802506e-06j),(-0.02805513902163461+0.002271882218592121j),(4.2976902092004255e-05-7.97701386193281e-05j),(0.041232153465847715-0.0009952489537194617j),(-0.03017340691254825+0.0035849564342044244j),(-1.2654856345191562e-07+1.4130620490119616e-07j),(0.0009617154285018773-0.00038704989528269584j),(1.3931748134641095e-06-3.355243460156915e-07j),(0.020195439276153204-0.012045771439719197j),(-0.01093452490950304-0.0031685987559929903j),(-0.14542554927348028-0.006106213308679859j),(-2.1479623398565573e-06+3.3054537748914577e-07j),(0.0015087584850636377+0.0008670586113356498j),(-0.04265251054587086-0.011000078704227239j),(0.05734969115007577+0.0008529648107486257j),(0.007556702177169927+0.00046623434829340393j),(-0.0014728195083348382-0.001755514180017683j),(-0.002191595350114127-0.0032537365883129376j),(-0.09585867878466908+0.00968280599557289j),(0.005132882465233577-0.0021725055709274415j),(0.001008034975685131-0.0006645512249615661j),(0.011276242705638602-0.0029552281565807053j),(0.17977381410558074-0.019130350872555872j),(-0.2706266518908994-0.001014266537313624j),(-0.050767908604653446-0.009012680132191241j),(0.002960789690819173+0.006949473317157237j),(0.01473672140982004-0.018361928874382146j),(0.15843345593881553+0.016274145841494232j),(-0.007645587169677786-0.005037134869343327j),(0.021427513731555683+0.0019801577357715285j),(-0.07253649640007265+0.0027349776349733478j),(-0.014819704846206077-0.007719645285372428j),(-0.059812662940097155-0.007497849731481276j),(0.0012037550512776238+0.0047841967895565045j),(-0.02270896625288921-0.002326118722277973j),(-0.028560933544508175-0.004537886709336284j),(-1.5387210892104234e-16+1.5267663403955476e-16j),(-0.048831209965836196-0.05573327185914628j),(-0.07587831636712121+0.02631817489387761j),(0.012097013272678031-0.0010491711982223428j),(0.20504795483172272+0.005002912285089228j),(-0.08513676494080925-0.006262481276685253j),(0.05661213477541751+0.015834712739101413j),(-0.013576220625411849-0.010813279671380106j),(0.2095136359021342-0.014478998102137368j),(-0.06044805655409104+0.006910290201268814j),(0.0018673995645175313+0.0069251410893935985j),(0.007435361298245138-0.004012049806467754j)
65,(-7.973006597017248e-32+9.68151794533233e-33j),(2.599161835608573e-32-3.324508100688432e-33j),(-3.346491580841143e-41-5.193841277013467e-42j),(1.4484647526221795e-40+2.5228079931749838e-42j),(-2.6248121237584105e-37-1.3890491677891245e-38j),(1.3346218651991017e-14+3.726917055932848e-17j),(7.557164196924037e-31+3.7740876758960445e-30j),(-3.808964267167067e-15+1.1502515409468498e-16j),(1.1903227201138697e-14-2.7568179650091225e-16j),(-7.493983718694788e-21+1.2570172818859978e-22j),(-3.712266232775646e-20-2.34602841287236e-21j),(-0.09946914155776711+3.2717831923712026e-06j),(-0.006089990215249955+8.260585849160802e-06j),(-5.2996096280066e-14+9.152357356128592e-15j),(1.8763159325737322e-14-8.494395825582041e-16j),(0.001869576538776569-6.622277919247704e-05j),(0.030390409071249416-0.0010405282869932325j),(-2.4186699399580477e-10+1.1359824831803486e-10j),(6.4572760065261925e-06-9.064560357546949e-08j),(6.113982530870731e-11-2.994149420409375e-10j),(3.795596257953173e-11+1.1196552276430407e-10j),(-1.0110427927294206e-08+7.856029513846627e-09j),(-3.798989599610904e-06-6.523334413486621e-07j),(-0.004382502321908269+6.035614486462736e-06j),(-0.08032178863212727+0.0003688880785595594j),(1.4744358422634813e-08-4.309416347154934e-08j),(3.805028086906954e-08-8.415609618537143e-08j),(-3.963587726957572e-06+0.0001453157240758082j),(8.544350988293488e-09+4.590364135168313e-09j),(-1.981520729152415e-06-6.673008918547083e-06j),(-2.244225494609671e-06+6.453944823281562e-06j),(9.584814814449923e-12-8.537355178169003e-12j),(-1.872951531612484e-12+1.1980074201156837e-12j),(-1.6313656259786792e-07-1.786783972821222e-08j),(0.5452488708883303+0j),(-2.2499871310650556e-06-1.0995255339411914e-05j),(-0.16958245417041057-0.0026308899583975393j),(4.058538095682255e-06-1.2186369859720358e-06j),(0.05568424038055725-0.0016992447897013693j),(-3.153917272244187e-05-2.1433476775600255e-05j),(-0.20356759451325848+0.009241181494602353j),(0.01899690045916335-0.006172308450581146j),(-0.18313536468127298-0.0005169324210087672j),(-2.0135810289553642e-11+3.3031686949196227e-12j),(0.044911552283739165-0.0038088545882453174j),(0.4441685168006119+0j),(-0.1251483544591319-0.00017706127778956138j),(-1.2814470764756029e-06+2.4297082409287687e-06j),(-0.009504869353566873-0.004609243667268278j),(0.0006486872424593342-4.556494540003327e-05j),(-0.1103516142753593+0.02234327709171488j),(-0.13907598020326634-0.003733243546972048j),(2.436652128876441e-06-4.233593999987165e-07j),(-0.012261747279237468-0.0024812446149862035j),(-1.4483782722900596e-06-1.896289676703786e-08j),(0.1184106565007805+0.010230002295688198j),(0.007089570072595818-0.0006499441056396749j),(0.10385466031893119-0.0014340482674218419j),(3.796006307445723e-06+5.041776297625279e-07j),(-0.0021559078393477995+0.0012204077339522481j),(-0.04254307113950306-0.00075881870734489j),(0.06270084384872078-7.381171472879353e-05j),(0.004074616337571951+0.0018707622462149189j),(-0.0010879671510851706-0.0013837447235909386j),(0.0002444943600947839-0.006704612737552925j),(-0.16673083660868265+0.020724686436341594j),(0.0033428755521407024-0.006575992816284965j),(-0.0001726494019013879-0.0013585384551313465j),(-0.022651093086848196+0.009906565616751413j),(-0.3123839206889911+0.0002033322874791521j),(-0.008106788395336673+0.014470439164864568j),(-0.06736867583975414-0.002274440250796879j),(0.01937817898054154-0.02908477335925276j),(-0.0016071250887625638+0.004610933209112801j),(0.13394823571204348+0.014270133437552943j),(-0.02562857057176401-0.007171689458588874j),(-0.04836358203581273-0.010265265648107345j),(0.11403553392137843+0.025701577904897174j),(0.18569272689800187+0.004982326302257978j),(0.008321239258668924+0.0027230650629302476j),(0.04403117053763925+0.003566283362554882j),(-0.01559591852058302-0.0002482871248807425j),(-0.033813758533122726-0.004955707612517011j),(-1.551585887497364e-16-6.501892405285142e-17j),(-0.09606251019390767-0.028464013134109834j),(-0.019748165713770027+0.038321536954189876j),(-0.01902086617346522-0.005332826761785864j),(-0.10379703614131082-0.0019648013053917j),(0.03948315580908214+0.016223644186789527j),(0.07271303054624886+0.016806492635649165j),(-0.03336949251855765+0.001984538415864639j),(0.2421741038629329-0.010451435201472778j),(0.053643698298254903-0.020155399334702777j),(-0.036532317422801594-0.02277335508138995j),(0.018826495506210947-0.0014253613385274205j)
66,(6.276871483353438e-32-7.343354526137302e-33j),(6.320112496915572e-32-6.901309523941845e-33j),(2.442076040048127e-41+1.821278520684464e-42j),(-1.0450855230484094e-40+1.2509412711346361e-41j),(1.8954209650952253e-37-4.980944140250859e-40j),(-1.0501254979861344e-14-7.530000666529509e-17j),(-9.453419045123212e-31-5.411234109302986e-31j),(-9.23695402068521e-15+1.0764184393665255e-16j),(8.550818449854662e-15+2.985253619198419e-16j),(5.977726347223849e-21-8.790415742895588e-23j),(2.9614832965079367e-20+1.9283685156844593e-21j),(0.07909632357895025+0.00021528588856522396j),(0.0048584860261437724+2.3404487263282113e-06j),(3.7482952783699105e-14-6.869153787896961e-15j),(4.3475584753223446e-14-8.442890048707434e-15j),(0.004203153440965059-6.577289712834196e-05j),(0.06803684642245801-0.0008647321442240598j),(3.1644926364215057e-10-3.5172294306636796e-11j),(-4.8168782009200185e-06-9.999710146371545e-08j),(2.4875488208457214e-10-2.5935162181638313e-10j),(-3.120384270422628e-11-9.867565977474099e-11j),(8.724577823485684e-09-6.667455948963003e-09j),(-4.1348290061087355e-06-4.191606151972542e-07j),(-0.0037173351128841838-5.351145489231415e-05j),(-0.06921988194070677-0.0005676672292927783j),(-1.0102477287840017e-08+7.98224347437622e-09j),(-3.358860488558658e-08+6.850355816315766e-08j),(2.863675657234652e-06-0.0001207979452693435j),(2.034160925492312e-09+7.933101091246427e-09j),(-7.591555933387572e-06-1.1925451629993372e-05j),(2.2086984918388826e-06-5.517190522701736e-06j),(-9.956787080049944e-12+7.08164346632939e-12j),(-3.636470182134026e-12+2.7318562535095168e-12j),(1.1872850414514138e-07+1.4505557405330867e-08j),(-0.46020015271464054+0.0009286477467134908j),(2.9463479658944756e-06+1.0330188891256321e-05j),(0.14905615693424717-0.003251142197621848j),(-2.4375694274165135e-06+8.439118541901269e-07j),(0.11999980486551923-0.0014808184269181832j),(3.239056129050859e-05+4.567973655488541e-05j),(-0.3605878853628882+0.0002669065872166476j),(-0.01016454476800861+0.004870466635359843j),(0.1433727691086682+0.00021688794790771654j),(-1.2643315258573999e-11-2.3754799159851593e-13j),(0.12436361359114578-0.0032138781788985j),(0.38465275825346534+0.00018383676710015395j),(-0.11003885706361008-0.0005417938346885601j),(-1.9874194007734193e-07-1.318268039777424e-05j),(0.07637631706514775+0.0030398923530662696j),(-0.00101576183984277+0.0001884941832752467j),(0.09252170595581753-0.0036824976823047403j),(-0.1570681585965419+0.011460898809886252j),(-3.6642307072667554e-06+3.929396012956514e-07j),(0.01661167728423962+0.005064716772117801j),(-1.6928443998825583e-06+1.8602342912773296e-07j),(-0.22803065691790242+0.005087443825516444j),(0.010134104244307338+0.008372512522043192j),(0.1676663445492872+0.03295044478831277j),(-1.4321657998344034e-06+6.363265321422041e-07j),(-0.0008858010133985497+0.004110004836372361j),(-0.3057589675921375+0.005253674785229832j),(0.00908192159039611-0.003530141010932323j),(0.002750630535537416+0.0005492751527434385j),(-0.0005126764873607896-0.000756750681301463j),(-0.00034523089203130155-0.0008307546158643757j),(-0.042159594405651+0.00025703047164641474j),(-0.00014644992317655538-0.0007304304552939134j),(3.077720982732666e-05-0.000394690089857329j),(0.005508374224801993-0.0035820103019539315j),(0.09628212910401215+0.006499252301830315j),(0.17097086049754645-0.016502881482022433j),(0.07145330673431613+0.0056802299175810825j),(-0.0105309592773253+0.013243611752322585j),(-0.008939646917690338+0.007624952948288546j),(0.12344052989082537+0.008053089244425306j),(-0.013711059307133693-0.007994115052238576j),(0.04892109716801792+0.011453328065426684j),(-0.01956856697624366-0.016401712471481082j),(-0.17424082721835718-0.004397207215797935j),(0.040857599262243874+0.0007711459295579523j),(0.001308125545220968+0.006543351757843591j),(-0.03514981000872057-0.005628751843384479j),(-0.029494546431880007-0.00566161389659248j),(6.507550646719299e-17+1.1486822298568128e-16j),(0.07859722840419875+0.03981629999815437j),(0.04522920328482383-0.03470267318852694j),(-0.06460995714905175+0.002243144672475045j),(-0.12257253364227602-0.011142757185570874j),(0.01903829279653991-0.010086386988722003j),(0.037381060368158386+0.011714357581928441j),(0.027389547131465613-0.0011231488675576646j),(0.24749602826152348-0.0033489363931467273j),(0.006391253575040024+0.004403358154518549j),(0.01890082476391657-0.009107135203521948j),(0.015756939431996464+0.0018900362987771327j)
67,(1.9805474264896248e-32-2.087468865852362e-33j),(-9.610872625927951e-32+9.101444482118317e-33j),(7.875248710555009e-42+7.454115523723637e-43j),(-3.7156671216855175e-41-3.4341356224711024e-42j),(7.293912156576867e-38+1.4388584432543352e-38j),(-3.3088355699733578e-15-6.158887191744968e-17j),(-2.6346635998678143e-31-3.314408377209473e-31j),(1.4030532495824226e-14+3.7406220702608274e-17j),(8.458371679930022e-15+6.698771284172345e-17j),(1.7796938445474503e-21+1.366082933254621e-23j),(8.789826470939529e-21+7.770753155066408e-22j),(0.0238624723689563+0.0005225348665619661j),(0.0014447821502148349+3.4614887202439205e-05j),(1.7563209327778376e-14-2.2885894580974455e-15j),(-6.592474035641209e-14+8.674746755219146e-15j),(-0.006523892956441115+1.5469617864985138e-05j),(-0.10575676377862953-6.137191976592418e-06j),(2.1476041305998061e-10-1.3463962940234318e-11j),(-2.7281764640302583e-06-1.1777673971035504e-07j),(-5.640891763068844e-10-6.205573365324407e-11j),(-9.007729852380821e-12-2.7999218650678682e-11j),(2.3452382695073726e-09-1.6474754271717767e-09j),(6.611215345604103e-06-5.358120676322744e-07j),(-0.003946318221773418+8.278542982102289e-05j),(-0.07254181256708638+0.0017815199955964443j),(-6.514534683716013e-09+3.7580089985258714e-08j),(-6.7390106662470755e-09+2.064955084001557e-08j),(6.342815967890821e-07-3.457367545505121e-05j),(-1.0944205895273743e-08-1.3299080714024122e-08j),(8.927219405179044e-06+1.950102513810233e-05j),(7.264333086145298e-07-2.1164077508709313e-06j),(-3.126412815073981e-14+1.832200603687439e-12j),(5.92420087102303e-12-4.0478701593541395e-12j),(5.216217908621119e-08+5.549050814487604e-09j),(-0.11434955984826856-0.005253667792828507j),(-7.397150318458186e-07+1.1304599019722612e-06j),(0.028210520599930344+0.00744715432191655j),(-1.657621485863159e-06+3.2381482910567306e-07j),(-0.1858579272988351+0.00017289995176267628j),(1.1235973899282092e-05-2.3636043669699362e-05j),(0.5943326044447974+0j),(-0.008840163722026628+0.0010722778083447704j),(0.03876063526996035+0.000390956662551456j),(-2.2374272404611115e-11+6.569705116095258e-12j),(-0.1956724872977768-0.001968983470091109j),(0.409783336780505-0.008830830795158437j),(-0.11209872432759481+0.001842249936288197j),(4.212751894619078e-06+4.664618095599201e-06j),(-0.03842448458764035+0.002669428861426848j),(1.889657858420524e-05-9.705991072711802e-05j),(0.06681368810803871+0.002617681706838418j),(-0.13146010210809322+0.009527992837725659j),(-3.1813040259618444e-07+2.1879183273528213e-07j),(0.0020614293375441402-0.00045313172919637706j),(1.5359038628608663e-06-4.179239120416626e-07j),(0.01652700854846436-0.013498383193347074j),(-0.013603825912657016-0.0035460058121496267j),(-0.17075942474348205-0.006769001730818472j),(-2.4930822566779668e-06+5.487108421648333e-07j),(0.001774323525914016+0.0015601744014969298j),(-0.08434240035083863-0.010555687528949562j),(0.07319791368073077+0.0008698584179945082j),(0.009036359971578405+0.0005768783848540144j),(-0.001753088914527977-0.0021139306527548835j),(-0.002539194949260815-0.0039375633064675074j),(-0.1165784327558283+0.01176362413401763j),(0.005837007357106789-0.002770451585304196j),(0.0011195941310887224-0.0008065979829886516j),(0.011827764221445075-0.0030266681637540352j),(0.1907254574162987-0.020531948537648517j),(-0.2892616927192285-0.0010644278977854638j),(-0.05466000609531214-0.00965436899559654j),(0.0033594604448568583+0.007157909539953993j),(0.01589361444277203-0.019065431266653898j),(0.1572938288734487+0.016510031545530508j),(-0.007666329205718079-0.005049461868388065j),(0.02148863774149582+0.0019883169932409413j),(-0.07502062371045978+0.0030186799423012195j),(-0.014798575266498838-0.007705302803129745j),(-0.05997043690633901-0.007516940095281203j),(0.0013546488816677453+0.004857271251405035j),(-0.023126848392563955-0.0023690007955649997j),(-0.029307066252836883-0.00465066853675935j),(-3.761628768028928e-16+1.5119083009523464e-17j),(-0.0518070449806588-0.058503394341970494j),(-0.0795713022920011+0.02777571477045989j),(0.011768645986853614-0.0010346273805190362j),(0.20455440854198848+0.005097719951272672j),(-0.08817053502017094-0.006361104858811794j),(0.05847045294355512+0.0163358065756581j),(-0.01425183397812923-0.011258055751722935j),(0.22045314486500356-0.014674142580117185j),(-0.06184606631742021+0.006966693492202329j),(0.0016820919823289453+0.006833046795889268j),(0.008133795601969609-0.0042280761193770645j)
68,(-2.478542288826301e-31+3.0095501542568324e-32j),(8.0797918834864e-32-1.0334151815682373e-32j),(-9.76830733594577e-41-7.285095936586478e-42j),(4.207679879774176e-40-2.451494404516012e-41j),(-8.276320094969487e-37+2.0046649507254204e-37j),(4.149286724463348e-14+1.160517204484166e-16j),(-2.5834924613385243e-31+9.094445549522304e-30j),(-1.184176620897131e-14+3.5753952526110426e-16j),(3.7130746907735295e-14-8.92816310195031e-16j),(-3.5985647992428054e-20+6.255014494118483e-22j),(-1.7801924864006753e-19-1.1247794736395822e-20j),(-0.4680124448851987+3.757982060398346e-06j),(-0.02920494545776285+3.8095297966085975e-05j),(-3.9082874874265184e-13+6.12867249768301e-14j),(1.2047986572329056e-13+4.017003061035022e-15j),(0.008861054281082794-0.0003211713026840859j),(0.14161462995320792-0.0049624245809932275j),(-9.613127619518308e-09+2.6996547833743436e-09j),(0.00017974079891731366-5.317501156676654e-07j),(5.593946168900004e-09-2.349324809873941e-09j),(-2.5594901917823857e-10-4.298687849803247e-10j),(3.785620460547804e-08-2.8768842454810867e-08j),(-5.657729681170769e-05-1.245977643841467e-06j),(-0.020148778875064652-0.00010838849102534544j),(-0.36355586544904717-0.00043220322507242503j),(-2.4364649553572974e-08+1.0083058208934942e-07j),(-8.003312081260406e-11+1.0361149375647877e-07j),(-0.00011013816090877352-0.00024792878452523304j),(-1.2432532486411263e-08-3.4579911625433676e-09j),(1.5306974478211895e-05+1.6779813020500237e-05j),(4.0424672689070996e-07-1.362708205532447e-05j),(-1.9005519155234016e-12+3.912633170782271e-12j),(4.888842194051737e-13-6.197444156817687e-13j),(5.1098284773842395e-08-6.619090675377489e-10j),(-0.4145388877190551+0.0004141193410056067j),(-5.508170274037761e-07+3.7349417183463737e-06j),(0.07248573641641817+0.002136056361049514j),(8.271577718996231e-07-4.952861742483864e-07j),(-0.02531931265123852+0.0005692007244982697j),(0.0001585852735379691+6.783097026988341e-06j),(0.14759699556468384-0.006051856744418396j),(0.00442469657107246-0.002550689214471695j),(-0.05336577290128562+0.0005710988117865537j),(9.286657140288457e-12-1.446156385688547e-12j),(0.02065030435478586+0.0009130615508475795j),(-0.32956389148861465-0.0003887475794391443j),(0.04534968091100815+0.0014279776285703143j),(-1.3839212823374904e-06+3.7590049905237387e-06j),(-0.01688261375099611-0.0031407623146882608j),(0.000621575806989688-6.203686905248786e-05j),(-0.09847902711439233+0.01594008087463844j),(-0.03798039806131857-0.005366737662270912j),(2.4162325641513222e-06-4.255172885982376e-07j),(-0.011731808307422912-0.002546209945250879j),(-1.038450789028644e-06-2.8131465594448882e-08j),(0.12196790890222743+0.00710447645296846j),(0.004996604693118889-0.0013402459190287623j),(0.07047588448475196-0.004583746424593048j),(3.534465747843702e-06+3.496394376891081e-07j),(-0.0017869502394663537+0.00033510467314800947j),(0.014862021309228878-0.002938071128043503j),(0.0551682116105585+0.0004864275994560935j),(0.0034739804595635432+0.0017175990400055366j),(-0.0009420385367915849-0.0012103639459144842j),(0.0003427657954831689-0.006084745209675841j),(-0.15042837043890175+0.018871466200206036j),(0.0029582701865613513-0.0059640144817732456j),(-0.00018932365147683377-0.001235806078350349j),(-0.021517795427937532+0.009280813599453656j),(-0.2959421652137604+0.0007086302448812559j),(-0.0029347734766960454+0.0131759336304761j),(-0.06347189130669646-0.0021043711285288237j),(0.018100017058342147-0.02820418650263749j),(-0.0017491256187608347+0.004610398462208402j),(0.13462956025014478+0.014137397410053923j),(-0.025607463131431443-0.00716222979740724j),(-0.04829888540473254-0.010248669247611173j),(0.11059196432903474+0.024694636625622247j),(0.18601478866686322+0.0049123462239454435j),(0.008329890272743418+0.002717986022680037j),(0.04375021012106946+0.003511038100026481j),(-0.015378281636042377-0.00023176400502843413j),(-0.03331304963522664-0.004876762846218293j),(-1.9844909962426626e-17-5.036017193752072e-17j),(-0.09249731913369283-0.02706573038342331j),(-0.018347603082333436+0.03676490442576442j),(-0.018585715698134782-0.005256360034441856j),(-0.10395126882843396-0.0019409582142580761j),(0.039093871650023544+0.015800825906334044j),(0.07138592249943448+0.016465284322444054j),(-0.03243823997641654+0.0020434417947348448j),(0.235068472257365-0.010469924750373102j),(0.052899238580862665-0.019777478258520033j),(-0.035791620156664844-0.022306316926009283j),(0.018223668132231304-0.0013294353621586203j)
69,(1.9524930583895968e-31-2.283860159731905e-32j),(1.9661524974018785e-31-2.146187820741782e-32j),(7.201812402968185e-41+7.731849767511915e-42j),(-2.86956490906886e-40+2.0482192450341534e-41j),(5.2496243670530855e-37+2.778098319273876e-38j),(-3.266854742047334e-14-2.348738812000948e-16j),(3.5034600441069144e-30-5.013234964229243e-30j),(-2.873851222757032e-14+3.337871334971797e-16j),(2.654051799640105e-14+9.516152310917404e-16j),(2.930249562435978e-20-4.344645482568172e-22j),(1.4496649847854643e-19+9.51488356437712e-21j),(0.3797065263985379+0.0012136395826646273j),(0.023784151588402906+2.4943345066816627e-05j),(2.954827147060075e-13-4.701435059423562e-14j),(3.482059537143662e-13-6.115874363189939e-14j),(0.02071164656755035-0.00028976722125793604j),(0.32853323150363267-0.003666684991307234j),(8.58828898163614e-09-1.9466700162047447e-09j),(-0.0001485184526234166-1.1096921039870216e-06j),(8.237280763273214e-09-3.638672392217612e-09j),(1.9564308170176429e-10+3.3394755710083386e-10j),(-3.085599981816529e-08+2.387762275557656e-08j),(-0.00013473913395131126-1.3632536384656012e-06j),(-0.02052682738497102+2.9590696051472014e-05j),(-0.3692710929352011+0.0019501729718053862j),(1.1099814857179294e-08+1.5117135864464094e-08j),(6.837999371138718e-09-8.261017703743456e-08j),(8.14293677474963e-05+0.00019772833366377276j),(-1.0859494132801588e-08-1.1924513734506512e-08j),(3.486917209549844e-05+2.820982248603899e-05j),(1.8963718539722117e-06+7.856914490962969e-06j),(3.3637120120671373e-12-3.509192969842813e-12j),(1.0436258376015458e-12-1.2455700897134444e-12j),(-3.221627936813473e-08+5.795323979766524e-10j),(0.3550201269449932+0.00011531461920629565j),(-1.2393201876234822e-07-4.453404533756582e-06j),(-0.07059200275702052+0.0023718529213949263j),(-8.117580578220708e-07+3.558313236739235e-07j),(-0.0534299020772519+0.000186311286848111j),(0.00013339469718937357-2.9205738616460683e-05j),(0.2836556919310607+0.0004636388130428992j),(-0.004100420573909417+0.0017348934953711334j),(0.04635741830829173+0.0002981066703515063j),(1.2488616276335044e-11-3.5248824039553265e-12j),(0.04379933129242887+0.0009758081280709999j),(-0.33360144396886005+0.003164686131975472j),(0.04980395313115191+0.0004219269632084917j),(-7.168100312496767e-07-7.3767561592424515e-06j),(0.043977014220098615+0.0026952009323077883j),(-0.0006928751235347063+0.0001365018216768678j),(0.060848026943559334-0.005180459973246749j),(-0.0501011921817625+0.006479469786757241j),(-2.593835206671765e-06+2.878577217871804e-07j),(0.011551549634247114+0.003626402583743495j),(-1.1111878244573056e-06+1.5411166466848115e-07j),(-0.16044640876263244+0.0034229783018741716j),(0.006871652555213887+0.0058081305531402574j),(0.11366993452084534+0.022161468584886157j),(-1.0199895131407787e-06+4.272570482592277e-07j),(-0.0004154091997768238+0.0025492632026865958j),(-0.18855238177063444+0.0037529165926224253j),(0.010417685615734647-0.0015966454296515494j),(0.0025183868635117214+0.0005030672964339714j),(-0.0004278314407385589-0.0006942527464123725j),(-0.00025686885507493517-0.0005229615444511062j),(-0.03424170392441445-0.0012890035150123907j),(-0.00038579189928934126-0.0004148072796194541j),(1.2235137877045644e-05-0.0003341882416085575j),(0.005830742737850898-0.003825968402531098j),(0.10125408656227958+0.0068838125805382455j),(0.17463073051284972-0.01744429035404159j),(0.07291974611478487+0.005670617561077555j),(-0.010972418494855675+0.013374031517042815j),(-0.009065620501205341+0.007640893299065872j),(0.12397121521374142+0.007929713981843584j),(-0.013698421336177928-0.007986754329385622j),(0.04889764948217526+0.011447598378764436j),(-0.0202833795315803-0.016674173343988786j),(-0.17430763203973645-0.004393604705150558j),(0.04084485708670482+0.0007701017850084563j),(0.0011935699940647058+0.006502303116781133j),(-0.03493088508913459-0.00560203454828506j),(-0.02912494329689045-0.005604559285562008j),(2.551355849839176e-16+2.1490351551531238e-16j),(0.07963504281415482+0.040243256908945424j),(0.04578579133439997-0.03522826613290451j),(-0.06406716348434605+0.002258431814299364j),(-0.12269451481143345-0.011140270645196654j),(0.01915056884679257-0.01018909699109271j),(0.03652428414604868+0.011498848079054798j),(0.027590900293042068-0.0010611583306458904j),(0.24214942739433737-0.003291691760266925j),(0.00627947611699492+0.004472371783128648j),(0.01904533308820838-0.008885098356484017j),(0.015351120566273593+0.0019448701761883773j)
70,(6.156815864814227e-32-6.488870311700837e-33j),(-2.9876702850137568e-31+2.8291734388597904e-32j),(2.641267276966273e-41+5.637492115352766e-42j),(-1.0897824132355472e-40-5.081075216372241e-42j),(1.9847411513762856e-37+6.946368882445219e-38j),(-1.0286958772783915e-14-1.9152988703990575e-16j),(1.7255372444265014e-30-1.887733521040234e-30j),(4.36200561800313e-14+1.1647585450653105e-16j),(2.6250727177702894e-14+2.2304028060200315e-16j),(8.499754135451108e-21+6.284985656845303e-23j),(4.1916304625117056e-20+3.715913065678626e-21j),(0.11161368248304082+0.002498410391014824j),(0.006890110446345354+0.0001677737503294201j),(1.1975822791434137e-13-1.4694557640334488e-14j),(-4.849191336405108e-13+5.0608266081387646e-14j),(-0.031254830269182694+7.567483371526173e-05j),(-0.4972647988113955+1.4929044790702728e-05j),(2.950181663274399e-09-5.55601814806211e-10j),(-4.821948955462487e-05-1.2028401276860468e-06j),(-1.5290111335234844e-08+3.02333674915256e-09j),(7.625274442984065e-11+9.483456436789055e-11j),(-8.986909274834701e-09+6.624152900162254e-09j),(0.0001882987176181505-2.768017272458103e-06j),(-0.0185848387688124+0.0002994701833294762j),(-0.3352031241466805+0.006782846401357692j),(1.6673101359454104e-08-1.2725565652247995e-07j),(-4.622625376086442e-09-2.579159434268302e-08j),(2.7220416807975003e-05+6.090377393918986e-05j),(2.488268746808937e-08+1.6475372541764718e-08j),(-5.436024048947849e-05-4.819394175740663e-05j),(2.2382799947739834e-06+2.636645120276549e-06j),(-1.2725782708967435e-12-6.663257167246621e-13j),(-1.5684513001880877e-12+1.9010317685713056e-12j),(-2.274043944663106e-08-6.848306672754378e-10j),(0.08218412848997719+0.004543634919048031j),(7.602421626246893e-07+5.13784505639907e-07j),(-0.006671366191312331-0.005550205548042879j),(-4.2687544261820467e-07+2.3768492226540807e-07j),(0.08064922050456785+0.0001274713246751085j),(0.00012735411245496688+1.8158705246421752e-05j),(-0.44860059915273176+0.0002243106968743691j),(-0.0026453316392183778+0.001057703376326032j),(0.017345759493930597+0.0006966500855865709j),(6.9107451178607364e-12+2.4765769852511603e-13j),(-0.05497635504655072+0.0015852349741998385j),(-0.3062732877088766+0.005199952099662897j),(0.044082220420538845+0.00017697988209898138j),(2.7646616503217463e-06+4.572391444392492e-06j),(-0.033813895474221214+0.002775994609939181j),(7.367905576199344e-05-9.53746828030925e-05j),(0.04374831992297776-0.00011918487857740662j),(-0.0385220842068362+0.003895870512591996j),(-3.102156654861137e-08+1.2874025988253513e-07j),(0.0005981380161711915-0.0005336664510299768j),(1.522843314403407e-06-3.69454386301617e-07j),(0.028357681457756224-0.01362175016205966j),(-0.012090461840194217-0.003592737494171154j),(-0.1601808996111147-0.007172564135349835j),(-2.150085716753187e-06+3.613745244406322e-07j),(0.001669293158959407+0.0007818778993646833j),(-0.03299117347518642-0.013252394331524957j),(0.06419231516636244+0.001018752903885034j),(0.008112380018776172+0.0004962915568400791j),(-0.0015711855094506886-0.0018897668187480804j),(-0.0023023147612216844-0.003461958760404396j),(-0.10284212276482403+0.010245375655311188j),(0.005326686047322448-0.002348874263425354j),(0.0010412345082299154-0.0007140809300742482j),(0.011544911775065891-0.0030784901214756986j),(0.18534165072335657-0.01968763960252945j),(-0.2740142008033862-0.0016494040729669035j),(-0.05110296637115215-0.009241303834147487j),(0.0029097730781566357+0.007114830188751313j),(0.014974966977823951-0.018548409310618734j),(0.1580089556884844+0.016372268733211223j),(-0.00765394279496358-0.005042289353407504j),(0.021462846418495524+0.0019847670307169153j),(-0.07352626653109479+0.002699551428104671j),(-0.014760678785853494-0.007730056945275516j),(-0.059849914061337696-0.007508109726234044j),(0.0012537014881764156+0.004814321856158182j),(-0.022883242604264404-0.0023436386640286115j),(-0.028847726563340205-0.004579973032303158j),(-3.198639815444587e-16+1.7224383321706343e-16j),(-0.049176722211083324-0.05639131716620388j),(-0.07673938278603121+0.02648846504482851j),(0.011821127770404366-0.0010141644718475212j),(0.2049285378507962+0.00502915217734104j),(-0.08600061001416104-0.006374398225718062j),(0.05728589495943259+0.016015456519285057j),(-0.013648239258874144-0.010972174848102551j),(0.2137951091580372-0.014571045316837353j),(-0.06086918914670625+0.006941937271821111j),(0.0018801550948777724+0.006852858889552078j),(0.0077246193896984856-0.004081198403992235j)
71,(1.9675932215310852e-28-2.3967934482533236e-29j),(-6.41752047746052e-29+8.240914002480661e-30j),(9.481702595792547e-38+1.017953323341124e-38j),(-4.1108068090641286e-37+1.2404357161402707e-38j),(9.67406712246671e-34-2.6430592641875413e-35j),(-3.2680614365665254e-11-7.89989600640078e-14j),(3.029168542620673e-27-3.615699012636993e-27j),(9.328650718573644e-12-2.8615145561615486e-13j),(-2.6316957267013256e-11+2.405506088107484e-14j),(-7.888921317767053e-20+2.3790748240978918e-21j),(-3.578412906633903e-19-2.205951723012093e-20j),(0.003216598308293999-6.278592232557886e-06j),(-0.05876791201948478-2.376034462700516e-05j),(-2.4121820821565637e-11+2.2385055815064446e-12j),(-5.541845762921181e-13-4.993337061557522e-12j),(0.016796568740348582-0.0005546469972734786j),(-0.0009074459548756927+2.91585517149369e-05j),(5.897067271943425e-07-1.3713473795069495e-07j),(-0.05366509072042987-2.3537219950100358e-05j),(-2.865141065478172e-07+7.697928577808333e-08j),(6.1174824007855596e-09+7.120844659979218e-09j),(-6.666192934711074e-07+5.085145810377525e-07j),(0.01535076116339321-0.0005010844214805067j),(-0.04531818548953132-6.663038186226558e-05j),(0.0020996923427697646+2.929054674644739e-05j),(1.9855814787056246e-07-1.276071384873011e-06j),(-4.348974983523938e-07-4.525366234969552e-07j),(0.0021485178071904737+0.0018069704271682979j),(9.195964510324659e-08-4.283021410965619e-09j),(-0.00033857042155008624-0.00017497840927620825j),(0.00014355639415006616+0.00012043595538601492j),(-4.444922112239997e-11+2.460487736165393e-11j),(7.28420272871942e-12-2.8192925447558293e-12j),(5.917861688831564e-07+1.0661998014356533e-07j),(0.09045348264598511+0.0006592611779827834j),(1.7949509182671186e-05+3.9037266181505425e-05j),(0.5025412068197086+0j),(-1.730686080144558e-05+1.2096685213579672e-06j),(-0.1411534767310453+0.00522222937446138j),(-0.0415453139055784+3.245613858287189e-05j),(-0.016608413715133722-0.0046217794587664245j),(-0.08414941455535715-0.012891412385574667j),(-0.39916368844664063+0.004564391534512324j),(4.615256971004453e-11-7.733876060193066e-12j),(0.11533719206725586-0.004298338790692094j),(0.0510262302203028+0.0020882332901672393j),(0.395768005955144+0j),(1.8262256333693384e-06-6.053992220574982e-06j),(0.026579604964677327+0.009994754929110158j),(-0.0010003803022642602+2.9077219561947853e-05j),(0.18154322984917262-0.0020489434451130967j),(-0.3160866575835647+0.01935879314389033j),(-3.19372314318979e-06+4.746913224955638e-07j),(0.018482490761621978+0.0029494355005430166j),(1.7550523011086665e-06+2.229345269260677e-08j),(-0.15614629172870725-0.014583377203023815j),(-0.010187437429308232+0.0010128753161579192j),(-0.13901657323202044+0.0004994530877225206j),(-4.054494037823083e-06-1.1056934791168395e-06j),(-0.0005442912614103646-0.0028482611933494614j),(0.07535886239010837+0.0021284204485552353j),(-0.15960643779924522-0.0003382102912580648j),(-0.013329001073715591-0.001151658771653536j),(0.002503124411657457+0.0032739426868582744j),(0.0044771847060041+0.004861585773187035j),(0.16637244674808332-0.019838945678519543j),(0.000904163204358757+0.007229617369535159j),(0.00036767410812734954+0.0007532231347566862j),(0.004021030405163075-0.00540658707918041j),(0.13240949610776379+0.008799924208583401j),(0.010584698321926253-0.001642629034785183j),(-0.013374951807533345+0.0015458884198559526j),(-0.0018186952499052924-0.01579001021859633j),(-0.0008754951337154595+0.004730643675528479j),(0.18080080025285133+0.004844631903937943j),(-0.03001780374410607-0.007168358337418964j),(-0.05000847790824969-0.010468938475610649j),(0.05464954581402928+0.0070853328220285075j),(0.20128095055890807+0.002136197682141544j),(0.008016117015388373+0.0028598384952971474j),(0.04502747319201225+0.0012470568566977473j),(-0.015148345557276816+0.002438089668230876j),(-0.030607722571892593+9.678238820849498e-05j),(6.443508750980864e-17+2.5365309244741313e-16j),(-0.03925070331910566-0.0024319158167961322j),(0.0030023564250815102+0.01420201455991432j),(-0.001620911554124038-0.00602017830367344j),(-0.11877457388261964+9.686771948689415e-05j),(0.03433346652992713+0.009580538791839349j),(0.06237795720417305+0.0009866601909901199j),(-0.014847341977628579+0.005654006341969451j),(-0.07569821560961985-0.014161323305559132j),(0.04044660396356321-0.012324243899464623j),(-0.020377936714961804-0.006788607542632432j),(0.007296252437398374+0.0028336300758834655j)
72,(-1.5489051282339845e-28+1.818189689147193e-29j),(-1.5610432584182057e-28+1.7101481224789083e-29j),(-5.539568997570812e-38-1.0865722817580081e-38j),(2.217872468797438e-37-2.6627427216659754e-39j),(-3.881822019647392e-34+1.02009278889946e-36j),(2.5712337512598494e-11+1.7446569290432243e-13j),(2.787319644365114e-28+4.043545506889339e-27j),(2.263351260239808e-11-2.711077224033055e-13j),(-2.3079829005935678e-11-2.93095698107582e-13j),(6.200969828367079e-20-1.5923298189930171e-21j),(2.815590114984561e-19+1.8949345326340592e-20j),(-0.0025336408026351643-5.266000741925483e-06j),(0.046249085337566095+0.00022009046488516773j),(1.867040753797567e-11-1.6208189027687837e-12j),(2.67346584756124e-11+3.0103199292351268e-12j),(0.04087267562466682-0.0005589605780092306j),(-0.0022698434844824656+3.732993534518846e-05j),(-4.6265799440548893e-07+1.0218374483644144e-07j),(0.04223554862168995+0.00020552329775863805j),(-4.812431462198634e-07+1.2981981829421505e-07j),(-4.1151038535581166e-09-5.528696335665299e-09j),(5.088397652806627e-07-3.851594101214128e-07j),(0.03734464223773656-0.0005134036312542216j),(-0.04451799000871863+5.513512587086364e-05j),(0.002218450312577236-1.3863761469228844e-05j),(-4.6074930240207405e-09-6.680098154138888e-07j),(2.837174517520673e-07+3.3787504057785515e-07j),(-0.0015770765180488655-0.0013518440595150026j),(1.5865326526268646e-07+6.319177031823095e-08j),(-0.0006807032803797014-0.0002832218304824577j),(3.669342190897707e-05-4.926344044296359e-05j),(3.546371560752273e-11-1.844746257942023e-11j),(1.4707310119267707e-11-7.987437397176642e-12j),(-4.979512694255863e-07-8.752787665257977e-08j),(-0.07253583784868894-0.0005060680766508056j),(-1.5144896838193827e-05-3.254292889967127e-05j),(-0.39287435548251476-0.002598428795042129j),(1.2732658634555482e-05-7.033943961846518e-07j),(-0.3521891440906971+0.004419549011551352j),(-0.040927899089487484-9.388565296755517e-06j),(-0.07051885489987184+0.004392036042114994j),(0.05747649187524022+0.010277200527221877j),(0.31435168085756-0.0022063715452815963j),(2.21576101039759e-11+4.03753428628445e-12j),(0.27650985176860304-0.004036579142488013j),(0.06555486201259317+0.0024710261460572126j),(0.37090845667157324+0.0002532374092837353j),(-3.1989974950330996e-06+3.1437293025515335e-05j),(-0.179780730391627-0.0011047867286023139j),(0.0013744698690252594-9.262616027003602e-05j),(-0.16152234699002535+0.04092869057969012j),(-0.29861799373272413-0.0031490608518577323j),(2.011088150259331e-06+1.2721961819507268e-07j),(-0.016579289299549396-0.002053632220139966j),(1.2236023282678276e-06-1.319181614097457e-07j),(0.1509832876016414-0.008347980788859982j),(-0.012575185226219683-0.005630059255181506j),(-0.14189785565750812-0.012826121106901803j),(-3.189090150464107e-06-1.541159592063517e-06j),(-0.0020042564585454397-0.0013950186832008017j),(-0.0036081589255466976-0.004009097603634117j),(-0.153852118442991-0.0019273890367153546j),(-0.008712449699277909-0.00021444472566501446j),(0.0014877902515688245+0.00213030116483823j),(0.0004110338827110157+0.004175583644861574j),(0.12757474818712136-0.007701146114762747j),(-0.006494090970103913+0.0018956260190821856j),(-0.0012033940677768388+0.0012343700601227775j),(0.004863370531742454+0.004959608321669782j),(-0.10381831259610007-0.005046652688704377j),(-0.15874605025850475+0.01133058993526563j),(-0.015461001942576482-0.007574979652625581j),(0.004307722228421138+0.011091419447383025j),(0.003673076191930257+0.008906220791774614j),(0.17023303717051078-0.0021607877804556454j),(-0.017356699886665907-0.008144638872067917j),(0.050872021159624026+0.010658641944250351j),(-0.013249365165093455-0.006025998338442666j),(-0.19417873255675244-0.0009950412051878965j),(0.04138687245722419+0.00044446473429632025j),(0.0028094821181480385+0.004737954595114129j),(-0.03277529466500284-0.0021829935443082845j),(-0.024674930987724768-0.0002768687611711552j),(1.4871104452762552e-16+5.096513249941558e-17j),(0.044913041340884495+0.0206711035854268j),(0.022446322282306266-0.02113157434233837j),(-0.033337418248894676+0.000835246048327359j),(-0.14253284340784558-0.009290230173208402j),(0.013258490117468536-0.00587787534375846j),(0.027248308942488114-0.003755064810963208j),(0.022415992394275327+0.0013642254276144995j),(-0.10191543661779252-0.011131479339485533j),(0.0014955176430606434+0.006608858549409535j),(0.020210945706293414+0.00486894948122036j),(0.0018270863712969373+0.0049481278852693145j)
73,(-4.887771731325437e-29+5.1706534223182924e-30j),(2.3735508034744723e-28-2.2573192835949358e-29j),(-2.1127653577733448e-38-5.547213792352955e-39j),(8.545818544325694e-38+8.008440091436965e-39j),(-1.7173520820592693e-34-1.4478883531676814e-35j),(8.102536210074802e-12+1.477223476751538e-13j),(1.9674548728151476e-28+2.1925417596354507e-27j),(-3.437371522176479e-11-7.87785603173565e-14j),(-2.1911613775448407e-11+1.5969181463562558e-13j),(1.9660214780740125e-20-2.741188898312943e-22j),(8.857805936769148e-20+6.4922038455421714e-21j),(-0.0007947731450863299-1.1983322818948409e-05j),(0.014563720257825891+0.00023811224410172447j),(6.405371205308597e-12-4.954364913972303e-13j),(-2.8063041584659667e-11+1.7130566037145838e-12j),(-0.062024789828968176-2.642489845227844e-05j),(0.0034169856568611306-4.073542561504025e-06j),(-1.6554919620788975e-07+3.335170635445327e-08j),(0.013297204172356891+0.00021568278426472264j),(8.569335304594913e-07-1.9069141294833352e-07j),(-1.696386522234688e-09-1.6727176925160535e-09j),(1.4634942222748698e-07-9.928242314324974e-08j),(-0.0566752693577302-2.7278586378715053e-05j),(-0.041619726485962794+0.0008445665208530132j),(0.0019704144828351687-2.349896967304753e-05j),(-2.4311528519973134e-07+2.0417572142097903e-06j),(1.542141947529995e-07+1.2824447062721641e-07j),(-0.0005590046715924744-0.0004995533653127039j),(-2.65200230610381e-07-6.781807782286274e-08j),(0.0010684998041982174+0.0005074289960011265j),(4.316101056241118e-05-2.115836479971189e-05j),(1.0823299313331026e-11-6.6132051807499545e-12j),(-2.4015837397925366e-11+1.0989485285736856e-11j),(-1.341524239672416e-07-2.4652938183032202e-08j),(-0.021018517664882382-0.0008437464833007027j),(1.3645559393793085e-06-1.3644017443585605e-05j),(-0.1269273245199872-0.0010036889040772531j),(1.0069617372733236e-05-7.767171620692432e-07j),(0.5303679510662146+0j),(-0.03821505111192874+0.0007375955920872002j),(0.09332742190156175+0.002111914857732395j),(0.053989051647219496+0.005968388564652932j),(0.0988666558391423-0.0003761106168889j),(6.41100550059422e-11-2.252859875810531e-11j),(-0.42210049376503744+0.00022633782162717608j),(0.04209297455622152-0.000991725594931006j),(0.3517196682396619-0.0068389357594319244j),(-1.3211365347259218e-05-1.8827735526644732e-05j),(0.14016677841356423-0.00790197990213614j),(-0.0001205951758079839+0.00023039309166430144j),(-0.1763805369518896+0.02655060519800964j),(-0.2800197584828208+0.0033730351743732623j),(-1.5333905777440357e-07-1.742320503700825e-07j),(-0.0014893213715141086+0.0023411709732741267j),(-1.0273851503062615e-06+6.414576241948715e-07j),(-0.06310314494513151+0.017774437554954975j),(0.021130269724119966+0.004532886786624085j),(0.2002448513689714+0.010953471280811283j),(-3.0870179467842146e-07-1.586844902245474e-06j),(-0.002320740776838415-0.002713434799582635j),(0.11399905651260842+0.012921334547993922j),(-0.1425006288915237+0.0023895560351843217j),(-0.009266877867040228-0.00033183148459375693j),(0.0016740148350758944+0.002285916527253353j),(0.000937414819396778+0.0036078833294173177j),(0.136203544106883-0.0153180233917063j),(-0.0013710622101490801+0.0037887042342726815j),(9.307867944331706e-06+0.0011549189395571404j),(-0.009286068337907417+0.0011521916982120384j),(-0.0942532844873578+0.00867717790706743j),(0.12084019087791885+0.0076771798631926j),(0.02043043997829007+0.008209632560687226j),(-0.002305482392855051+0.003621816935205944j),(-0.0010117410910004216-0.013638362109897332j),(0.20423607372353042+0.006922383954594954j),(-0.010694882073695565-0.005102456676927413j),(0.022842599902405565+0.0013683762904861101j),(-0.04516726769697703-0.001299016354693764j),(-0.01680653687963492-0.008213106220792375j),(-0.06346927720275007-0.006902642422902023j),(0.002720132369451985+0.003470562678225376j),(-0.02266476765888628+0.0002288430068146457j),(-0.026594539317882873-0.0001308951352546623j),(-1.1731352191977546e-16+1.023257384657139e-17j),(-0.005638296300099315-0.015394716732099644j),(-0.026075845345542695+0.007662220842770442j),(0.021737912261729646-0.0032680729594559j),(0.2245656700925387+0.0019775604702954586j),(-0.04898165135342857-0.0045819285945072445j),(0.04981196959656809+0.0020021189000247862j),(-0.0002656529797075316-0.004115201979540773j),(-0.06627331289813536-0.010345900814218642j),(-0.04776317837698264+0.010361851510400493j),(0.010380210960035038+0.014377935625902597j),(0.0005781900663030789+0.0009495642825773575j)
74,(-2.701487003655376e-31+3.280039465048572e-32j),(8.806593468180375e-32-1.1263308467289159e-32j),(-1.2611550753632816e-40-1.8342906560257716e-41j),(5.256040342861346e-40-9.956047590716264e-42j),(-1.2483989775658428e-36-1.2502557607804345e-37j),(4.522117080969894e-14+1.268462357653962e-16j),(7.55851839319358e-30-1.8913371458095273e-30j),(-1.2905792295286342e-14+3.8960033253550525e-16j),(4.033206031261597e-14-9.328886575666823e-16j),(4.541616743760321e-21+6.379780062262426e-23j),(1.9072475701708045e-20+1.176089581913382e-21j),(-0.00016325417884685675+3.2904775129753456e-07j),(0.0031322425110791173+1.4105532082759296e-06j),(3.1112137970731896e-12-1.9303716678676278e-13j),(8.989312770658567e-13+1.773040239728186e-12j),(-0.000895153656150928+2.9593338067273007e-05j),(4.571692717752646e-05-1.4920070219655615e-06j),(5.005760374750763e-06-1.532471773890735e-06j),(0.5666844650941842+0j),(-2.075221683252885e-06+7.396846220393706e-07j),(4.359727952777461e-10+3.1177287707398766e-10j),(-3.288430629864491e-08+2.4949088209091386e-08j),(-0.16213516126320746+0.005372436458151499j),(0.0024173457784400594+4.5181104260381185e-06j),(-0.0001155888963855615+2.516017398231423e-07j),(1.0993628363335034e-09-3.884514987059498e-08j),(-4.9166840185638e-09+9.315433280117296e-09j),(6.555253672023322e-05-1.5820473861337265e-05j),(6.044550510615292e-10-9.249183286730184e-10j),(-1.6893423138259724e-05+1.4797547350060686e-06j),(-3.344342854176193e-06-5.163699177549554e-06j),(1.920368390510056e-12-6.292600819515665e-13j),(-3.3481934121037796e-13+4.2916693855857805e-14j),(-2.559116312197948e-08-2.350488091343887e-09j),(-0.0015369606139598207-2.9861697821169465e-05j),(-4.150850630827116e-05+9.192925364700444e-06j),(-0.016495765352280204-0.00016075869684356245j),(2.0412995436992367e-06-3.248647337995682e-07j),(0.004540685641983088-0.00016599934954764908j),(0.44053487664140156+0j),(2.7586225563397187e-05+0.00019590370540693136j),(0.010713557269426698+0.000799518195388713j),(0.04630222443182205-0.00041886570878357093j),(-1.7020299064757168e-12+1.8861718561528478e-13j),(-0.013397937148671164+0.0004404052507624716j),(0.0003225042916158628-0.00018644282342854737j),(-0.014445988470079947+9.77376374859144e-05j),(-2.0760549025767486e-06+4.56145899578023e-06j),(-0.01912283096970247-0.0055241646021721305j),(0.000821660351721593-6.345961180914401e-05j),(-0.13535840432313745+0.01534357178491575j),(0.03771755870538121-0.008978916229257047j),(3.2036983047554595e-06-5.429670520851599e-07j),(-0.015820240007765635-0.0034698072276143437j),(-1.9179767114378263e-06-8.312085208894718e-08j),(0.15678908246868853+0.013301786141089122j),(0.008622653187988747-0.0008894600428216489j),(0.13080937237139595-0.00025262604052098125j),(4.8792267795421185e-06+5.987243770547148e-07j),(-0.0037200270365391032+0.001682036361924705j),(-0.09229231563567929-0.001178555510952682j),(0.039039110080276856-0.0010781162339554146j),(-0.0035371456747013037+0.0006781597577765132j),(0.0005169923777146304+0.00039333402918159547j),(0.006713001446296874-0.004292328799325772j),(-0.09811192783122803-0.010906203527399898j),(0.01302481364108147+0.0029920621237113426j),(0.0021467606718910616-0.002127008577296502j),(0.009556214021597235-0.013757982887651041j),(0.3999414005980775+0.0011001116243719022j),(0.05891203425470015-0.01881248191296588j),(-0.00827006492585011+0.0033025525304706174j),(0.0019316279721334146-0.024853054596239495j),(-0.006246019673095199+0.008235577565462365j),(0.21418092892854657-0.0008856068039512692j),(-0.03763216843094401-0.007689084058023791j),(-0.05352697303447829-0.011331095589492964j),(0.09215480352054857+0.007371706620614857j),(0.21411568147952265+0.0003417476088762028j),(0.008349110861156271+0.003123907629263233j),(0.05925405271685902+0.0006867687353817355j),(-0.02827381525783813+0.005626116030483002j),(-0.05316152296425281+0.004347857654098638j),(-3.1347743400282294e-17+1.3936169262321408e-16j),(-0.045950396579349184+0.004806080982748704j),(0.011474050620551715+0.01671551881038473j),(-0.0091514624155173-0.009019822295349643j),(-0.12982720756224048+0.0012754501728214351j),(0.05492793939100454+0.010324487457866143j),(0.11529062664118467-0.008553205705519113j),(-0.010409592452612058+0.008527417194825878j),(-0.23422406008461205-0.017200988722153927j),(0.05484995244163446-0.014153790098114006j),(-0.0182731964416028-0.004166664913031329j),(0.023090297506035105+0.0064417836311885905j)
75,(2.126787883258898e-31-2.4878542717422093e-32j),(2.141409122154783e-31-2.338019870070245e-32j),(6.139478271428886e-41-1.2621397621196158e-41j),(-2.883968856257396e-40+1.0323807281084389e-40j),(2.3220969276349525e-37-4.088574661281733e-37j),(-3.558155306416853e-14-2.556210944451805e-16j),(2.459465920700157e-30-6.058930478612213e-30j),(-3.1297274660194254e-14+3.6426447998142086e-16j),(2.896567005713871e-14+1.0132716241281451e-15j),(-3.5677755559227876e-21-6.477147716347344e-23j),(-1.50013471771621e-20-1.0170213385082153e-21j),(0.00012856618029187948+2.6827784727459817e-07j),(-0.0024650377639656093-1.1897828281430285e-05j),(-2.4203078223026106e-12+1.360144415885003e-13j),(-4.074097490237365e-12-1.4316886756343465e-12j),(-0.002178360330937987+2.959317268521163e-05j),(0.00011550294632308963-1.891412403103784e-06j),(-3.947390684733732e-06+1.1896018803012331e-06j),(-0.44599729455102866-0.0019837250475281953j),(-5.035224588187944e-06+1.6890503728893982e-06j),(-3.126083327954857e-10-2.70381320555356e-10j),(2.8376280078163114e-08-2.1783019181275725e-08j),(-0.3944507105918135+0.005603091053847695j),(0.0023700878020227055-2.295655391607878e-06j),(-9.289312345717071e-05+2.379721931579552e-06j),(5.254692882573984e-09-5.078132157980308e-08j),(3.16539140894143e-09-5.849669762370413e-09j),(-5.070369551715697e-05+9.393429227488425e-06j),(3.397982848223967e-09-1.7723571279265238e-09j),(-3.694472359556494e-05+1.8756440125944717e-06j),(-7.519730218086972e-06-4.887444952382718e-06j),(-1.4876373016901357e-12+4.4935300332250994e-13j),(-6.133800743843652e-13+2.2480163670866755e-13j),(1.917144516593003e-08+8.763833676054006e-09j),(0.0012065587542775872+2.9717520245115854e-05j),(-3.902333973682182e-05+1.1637033577438875e-05j),(0.012894271638284306+6.461402388921889e-05j),(-1.1622179017292607e-06+1.5717960494070333e-07j),(0.011568949869890592-6.168379699168563e-05j),(0.432438955057292-0.0011518364584671426j),(0.0013631135293319832-0.0001070912333790687j),(-0.00584765149477553-0.0007850912752268055j),(-0.03645568593825056+0.00010355258214155699j),(3.1750775323244937e-12-2.757584381864012e-12j),(-0.03190413730757986+0.0003413628195142798j),(-0.0027865098045481004-2.747893366500105e-05j),(-0.009554282473158482-0.0005622767136992573j),(-7.454475820093451e-07-1.0946156831693965e-05j),(0.06487621226449158+0.002244943722332842j),(-0.000893364272061885+0.00015162681753844035j),(0.08499737530962859-0.013573062268582254j),(0.031155585724154205+0.005461134928812348j),(-2.6580874531032255e-06+2.1873210567692037e-07j),(0.013983655505062885+0.0035886236841710995j),(-4.971832141888299e-07+3.724360267596408e-07j),(-0.16844238370777867+0.00516473952852084j),(0.007780515686146914+0.00530620877859121j),(0.09521404002078951+0.00970539183567018j),(6.674622595429704e-07+7.28889475201926e-07j),(0.002879846443811236-0.0009600859079330074j),(0.1394883720983083+0.0031549905300491416j),(0.12485322188311032+0.008692614835177873j),(0.016332930706228606+0.0031336693193237605j),(-0.0028719707814390647-0.004348074412214608j),(-0.0051015556199770174-0.004458045017533112j),(-0.21279775567143194+0.02052175447045257j),(-0.010897348539537176-0.010789579354983585j),(-0.0025180452156213567-0.0009826524005239765j),(0.015582987528735173+0.00938423340463022j),(-0.14734505845181767-0.021650024467790886j),(-0.29468293954853686+0.013033015053795893j),(-0.015235214268492258-0.014709455605889543j),(0.004977003431005922+0.022986986021002954j),(-0.0007585263128649603+0.017646944517346108j),(0.20233597132191192-0.008368373654950575j),(-0.023775854221186138-0.008901824020421317j),(0.05814354305282397+0.010571026169839272j),(-0.015266782697890412-0.011739989061825842j),(-0.20746323713603174+0.0008055247197942955j),(0.04581579245201313-6.096448240865138e-05j),(0.01084518333557115+0.005137918168638553j),(-0.0485219040882282+0.0005120825447798238j),(-0.04576157309625384+0.003846393829178233j),(1.0930929050979003e-16+2.815412045158943e-16j),(0.08254166470521623+0.03925387004102554j),(0.04243986809680954-0.03789301113784941j),(-0.04956370188733051+0.00032557699786353415j),(-0.15626755314325994-0.008417106399977684j),(0.026112026960610726-0.010935933290383934j),(0.07128012433597244-0.014066113953491402j),(0.041939794308261065+0.0023110700710869073j),(-0.26621251876643026-0.012823706379015032j),(0.004824502869498241+0.011942434162661912j),(0.035888767761103654+0.009961487555532915j),(0.015462013604116469+0.009501164224942916j)
76,(6.710668094325259e-32-7.07215581036871e-33j),(-3.2563978633198926e-31+3.083360295631069e-32j),(2.960481699684466e-41+5.074694526558468e-42j),(-1.250121066938576e-40-1.2586512228344863e-41j),(2.5464977892152404e-37+3.190126189329731e-38j),(-1.1211366404497208e-14-2.0881435145369191e-16j),(8.638719546796127e-31-3.886993283596356e-30j),(4.753918947516169e-14+1.2736940659229803e-16j),(2.865406400648671e-14+2.2883728534005554e-16j),(-1.1320234006699602e-21-3.532348296218302e-23j),(-4.727043745265761e-21-3.3922671523151447e-22j),(4.0365671651979894e-05+5.984067259898696e-07j),(-0.0007762079513509787-1.271126196780687e-05j),(-8.043699680552291e-13+3.9925626098188575e-14j),(3.390705732426918e-12-3.394638950261865e-13j),(0.003305636178517902+1.5644139004663779e-06j),(-0.00017337627970656435+2.1907561101127643e-07j),(-1.2432333824781147e-06+3.5921088116549146e-07j),(-0.14041322306606197-0.0022153961888606855j),(7.69526275197703e-06-2.461240364393816e-06j),(-1.681775080344327e-10-7.547815495777479e-11j),(8.578824772929504e-09-5.956897048471656e-09j),(0.5986249294766077+0j),(0.0022139577753582536-4.501629581040692e-05j),(-0.00010896026382443154-2.795447274226309e-06j),(-1.0998840381837007e-08+1.0188153604278167e-07j),(2.9195919447612067e-09-1.9973641544741367e-09j),(-2.2604391680940342e-05-1.5383215510963484e-07j),(-4.730050929223601e-09+2.4418529359990776e-09j),(5.9252723535383396e-05-1.0371753143156028e-06j),(-7.2101571047593035e-06-4.894216304562123e-06j),(-4.579286574317162e-13+1.424517712867856e-13j),(9.925115425782622e-13-2.731026972525876e-13j),(5.152941837872721e-09+5.116845889257368e-09j),(0.0003969556835686641+1.7422317559245457e-05j),(-3.683338836544889e-05+1.099975374681074e-05j),(0.004061133289862532-1.7726212641058434e-06j),(-6.814066595876866e-07+1.3373196423988375e-07j),(-0.01736460866103443-8.0316918203266e-05j),(0.4042528329000373-0.00875710320645643j),(-0.0015186585936627047-5.6636800505816464e-05j),(-0.00414226365107787-0.00013234561891060188j),(-0.011464977794781782-5.1130611740619024e-05j),(-4.81340061853147e-12+3.134480562633504e-12j),(0.04870764864137391+0.00011490719736866918j),(0.0007098155016086428+2.5912877342726116e-05j),(-0.010237044674701629-0.00012325426933616768j),(4.13983489982093e-06+6.187172930096224e-06j),(-0.04681281536686972+0.003168028808292287j),(2.6374447217869388e-05-0.00011821919353698738j),(0.07509057031968712-0.007270982283831891j),(0.030012651099361874+0.003032588775829884j),(-3.652030137958381e-07+2.626673743924812e-07j),(0.002222480132675262-0.0005231961920325492j),(2.0769369976336965e-06-5.004250140737319e-07j),(0.022822120512750458-0.017814205509076506j),(-0.01704005141672796-0.004786631422885898j),(-0.2216333094533683-0.01057400973151669j),(-3.6419848195711807e-06+4.7042884977139515e-07j),(0.0021991418426682086+0.0019998581333311423j),(-0.11247387370702208-0.011647344959621022j),(0.07824119602158029+0.0036139084417081795j),(0.011231657017942948+0.001113464861542182j),(-0.002150878363878304-0.002638298474290021j),(-0.004861653284615668-0.005732310429074656j),(-0.12838536422802+0.010154184950806437j),(0.008217274188752099-0.004533927798164358j),(0.001640773527891813-0.0003089568224276181j),(-0.027369811534148646+0.003147058690937985j),(-0.18667851066159416+0.01014953318563891j),(0.3482851313384954+0.0009737194175805375j),(0.06046647585265108+0.019164051538816174j),(-0.00533684064798733+0.007269146060767567j),(0.002174441784127285-0.025918897939659256j),(0.23739212029127668+0.001169531493196482j),(-0.015968542457558844-0.005554186092515031j),(0.027001095161255782+0.0006758284372387069j),(-0.07897551326771068-0.0041986262579732855j),(-0.017729009103341735-0.008771722432448337j),(-0.07267054683899046-0.0066696992722310305j),(0.009834444940368996+0.0035663776951699705j),(-0.03596363268391777+0.003188475992106532j),(-0.04700577038286896+0.004027162429022919j),(-2.460335328110831e-16-4.7347248797309625e-17j),(0.0008326328903873652-0.020500095073403297j),(-0.03968089993380729+0.009083697356754548j),(0.023236398276239405-0.0057633373683934844j),(0.2394712141050933+0.0003159278196259857j),(-0.07357111026843453-0.007414351820910723j),(0.0971708682160498-0.006928658511796918j),(0.008140759465726337-0.006312210437884112j),(-0.20936226935326335-0.009424266646153291j),(-0.06665164967926761+0.0187002460172666j),(0.02268345060812143+0.023737218589409664j),(0.01255028964090454+0.003286633342381646j)
77,(2.543443055746287e-33-3.0775608013082326e-34j),(-8.287353369569327e-34+1.0552359643734353e-34j),(1.009458076894153e-42+1.3157618876331642e-43j),(-4.3623775325563935e-42+3.397732137625162e-45j),(7.807659015018256e-39+6.878442849985058e-40j),(-4.2908008450925786e-16-1.378006683909242e-18j),(-1.7611352662834205e-32-3.716328868329722e-32j),(1.2243859829969241e-16-3.630226116324912e-18j),(-4.87050259702321e-16+3.859454613103097e-17j),(-1.5286398549955764e-21-1.1136528002208196e-22j),(-5.957740467121443e-21-3.7058703310872986e-22j),(4.9078590960439106e-05-7.686352753347617e-08j),(-0.0009784763157281468-9.795287931434063e-07j),(-1.6980802548988977e-12+7.939589155754284e-14j),(-7.344926074397706e-13-1.3406529608252093e-12j),(0.0002794508990442089-9.107931056450808e-06j),(-1.363643171452778e-05+4.4784251571106567e-07j),(-4.669695356461382e-06+1.4219754329998141e-06j),(-0.5203833750779173-0.0004652897944896206j),(1.9379890795402073e-06-6.864697974499561e-07j),(-9.83388383725576e-10-1.0582092942113485e-09j),(1.0082439376598643e-07-7.648443331211258e-08j),(0.14873511541466825-0.004793785303653672j),(-0.0007540730674375231-2.9496174912644214e-06j),(4.4557129332758425e-05-2.3396991552852615e-06j),(-2.793445997743997e-08+1.8638845054416558e-07j),(6.082385488988241e-08+6.625842056195772e-08j),(-0.00030355922543786186-0.00025167700014615203j),(-1.3142224244402435e-08+7.442945903558065e-10j),(5.04038272147368e-05+2.248290316620137e-05j),(-7.153937021521069e-06-1.1077715943099658e-05j),(7.243103038468876e-12-3.737446509048203e-12j),(-1.1912585731061768e-12+4.118590440278341e-13j),(-9.625962107092653e-08-2.183596162700982e-08j),(-0.013591013346034688-0.00010529725106744208j),(3.424991569531554e-05-1.599957590188617e-05j),(-0.07913099634329042+5.5593997079925184e-05j),(3.745398311034521e-06-4.275075128840831e-07j),(0.022213389091162477-0.0008391594944872518j),(-0.40063051189738724-0.0012880984721373862j),(0.00237779094658916+0.0007147927805188959j),(0.019040636876492198+0.00220279071609467j),(0.08937208290021925-0.0009620922017095773j),(-7.686055970200794e-12+1.256588240855872e-12j),(-0.02585362497662447+0.0009320599951891792j),(-0.006784135754540712-0.00042250251322191825j),(-0.06427885465317139+0.00029440448586258786j),(-2.291743883958917e-06+5.363463929876637e-06j),(-0.022659322953970076-0.006803141939847835j),(0.0009689066440502371-7.230962008078625e-05j),(-0.16059270675771697+0.016412280052644446j),(0.07256439131694059-0.011640168923695925j),(3.7283805688869955e-06-6.31223045848639e-07j),(-0.018625223064449706-0.003985581581294941j),(-2.2241276461492596e-06-9.010976984408184e-08j),(0.18248690191253486+0.01540683865118607j),(0.01017399175741458-0.0010515034963232105j),(0.153181019843075-0.00047562486780688973j),(5.632211667726849e-06+7.417198723215068e-07j),(-0.0039565070378307825+0.0020718906723935595j),(-0.10644441403577916-0.0013047453174343795j),(0.05652346829842398-0.0013984729276309213j),(-0.002645214233156345+0.0008203359894420284j),(0.0003334400997523849+0.00013838588612207728j),(0.006875022778484269-0.005091654805208215j),(-0.12124784925167484-0.009614178610529975j),(0.014050410002255929+0.002589637404421782j),(0.0022929875211964955-0.0023792637779986837j),(0.010016801019977302-0.014475660768062238j),(0.4227155652795713+0j),(0.06314905162216355-0.020408770029707243j),(-0.007785882025501107+0.003445938538432038j),(0.002214638130397977-0.025647705326532575j),(-0.006700002547598198+0.008566300343593493j),(0.22008863344692564-0.0020578906570722796j),(-0.03870577940612254-0.007751532340372504j),(-0.0539964110998135-0.011435302175060964j),(0.09550112550178647+0.007312401906962765j),(0.21623018974886743+0j),(0.008393489839971407+0.0031587201623108504j),(0.06093919899056591+0.0005614137132224396j),(-0.029792019326047962+0.006046273353855831j),(-0.055639909650088956+0.004902769245510178j),(5.590303629674892e-17+2.1919475064949354e-16j),(-0.04651522153875925+0.00549434378785414j),(0.012259956422294433+0.016912669712748445j),(-0.009933800562293678-0.00930567282617876j),(-0.13168185093002927+0.001501172630767697j),(0.056843264178337585+0.010348257269544699j),(0.12085509190121717-0.009765398178309792j),(-0.009966129237556385+0.008784876695550736j),(-0.2500346477398669-0.016851466527981696j),(0.056237959465310336-0.014358749716876066j),(-0.01804749800591505-0.003910220513508964j),(0.02461734244804124+0.006752774568668209j)
78,(-2.0024468849516266e-33+2.3339707039937093e-34j),(-2.014272987696337e-33+2.1915796271157597e-34j),(-6.836439108060129e-43-9.84123743510519e-44j),(2.392859560614531e-42-2.569832470668487e-43j),(-3.6438428454461976e-39+4.652085510428885e-40j),(3.3762863513926923e-16+2.564501235620226e-18j),(-2.1651493892611547e-32+2.4546011854574256e-32j),(2.96746821936061e-16-3.3508528500024494e-18j),(-1.989067339006297e-16-2.890198370727561e-17j),(1.2002868334110504e-21+9.207129674655205e-23j),(4.6841394352003176e-21+3.2191092837958736e-22j),(-3.864528180982761e-05-9.947541270347761e-08j),(0.0007700500882714049+4.141607289418663e-06j),(1.3241591958454224e-12-5.425857030596863e-14j),(2.406636060404952e-12+1.116490856363313e-12j),(0.0006800630042382277-8.843508229906127e-06j),(-3.47895175827137e-05+5.476695840480641e-07j),(3.681867045964906e-06-1.103594991236427e-06j),(0.40955294782793644+0.002180888915407825j),(4.68410861785686e-06-1.5644635940407868e-06j),(6.997534305207337e-10+8.540465892514411e-10j),(-8.139872508269846e-08+6.19761376239279e-08j),(0.3618418292480563-0.004820363544636448j),(-0.0007344955155003354-8.220321139771811e-07j),(1.1102069918605746e-05-1.4949037004999148e-07j),(2.419605743193578e-10+1.0523874406206207e-07j),(-4.056812845060224e-08-5.0931630634235596e-08j),(0.00022929322356021368+0.00019382316214181409j),(-2.2451749698295015e-08-8.842851617024814e-09j),(0.00010367747025216203+3.560348536603274e-05j),(7.767271197777247e-06+1.2911519019444741e-05j),(-5.791193918113144e-12+2.8326547461966906e-12j),(-2.3782603127542185e-12+1.2376197544847996e-12j),(8.072857376329177e-08+1.1702120416769492e-08j),(0.010881464830003436+8.007170095219584e-05j),(3.9126896985220534e-05-4.553498245957774e-06j),(0.06197379883629566+0.0004896544011358389j),(-2.709936433191429e-06+2.4595172051033147e-07j),(0.05555137207511902-0.000675584530149727j),(-0.39323275588152523-0.00016931824468605777j),(0.010690902575242788-0.0007101232566110185j),(-0.012762660362204166-0.001915821551089583j),(-0.07037518004385249+0.0004223563432350641j),(-2.0950649635893914e-13-2.9795767349606123e-12j),(-0.06179141813067803+0.0008345989179827581j),(-0.011422359785467526-0.0002904262111504451j),(-0.05654573941598955-0.0004021237557841721j),(-4.360748393624196e-07-1.459245533111035e-05j),(0.08574205042041873+0.002402623184607877j),(-0.0010808060514152984+0.00017156206713934388j),(0.1059675861202332-0.018631508004054415j),(0.06392554249081153+0.005833020006282455j),(-3.0313788578543756e-06+2.257714629214893e-07j),(0.016475355497509326+0.004016798465846417j),(-6.458541821242977e-07+4.1373472440821014e-07j),(-0.1941740573981338+0.006443976897862649j),(0.009480459326093302+0.006191432554460725j),(0.11509544006204754+0.011418818048429591j),(1.0104063263411681e-06+9.210755144812662e-07j),(0.003293209273684959-0.0009088365856810927j),(0.15057729015060317+0.0036535944713222803j),(0.14886299636310676+0.009211829834116891j),(0.018484217542217095+0.0033845379346695978j),(-0.0032566987317338616-0.00489664168313915j),(-0.005585699295098177-0.005205210384333594j),(-0.24220987052105636+0.023537023956890155j),(-0.01126439994702849-0.011878803287685678j),(-0.002629982084214399-0.0011744346818070746j),(0.016501221469204054+0.009745780434921818j),(-0.15088034423117672-0.02303085865225902j),(-0.30632415165132965+0.01335684972899756j),(-0.015196188407555442-0.015332672071038698j),(0.005089811452101285+0.024018407035804448j),(-0.0011062063310942043+0.018427388087207543j),(0.20802179676338567-0.009602697812208776j),(-0.024681851658295607-0.009001080056262723j),(0.059115911494246866+0.010547671519228516j),(-0.015451245103995627-0.012251977905396866j),(-0.2096678265825087+0.0011135482999364982j),(0.0464006916323677-0.00013218011908260746j),(0.011803298518504469+0.005152607425589473j),(-0.0503458738495218+0.0008833202347779891j),(-0.048080109899309845+0.004379961504404414j),(-9.701210920460975e-17+2.605833717863703e-16j),(0.08603044344060784+0.04087185140160171j),(0.04422503163638386-0.03946981125681059j),(-0.05122167055128962+0.0003148154749095123j),(-0.15857846454478797-0.008247930137047j),(0.027302044611304872-0.011433206742354216j),(0.07591143266420519-0.01532274747129467j),(0.04379177840490994+0.0023457627672912214j),(-0.28258415842022494-0.012325907510242817j),(0.005160137976231561+0.012455430182809054j),(0.03743255454843715+0.010423455695833276j),(0.016786232056530334+0.00990693650929611j)
79,(-6.317642719252828e-34+6.631747217369492e-35j),(3.06346705043134e-33-2.8873807036190527e-34j),(-2.2169251429137217e-43-6.132544373355079e-44j),(9.026851210390292e-43-4.648586188023067e-44j),(-1.4342766197682284e-39+3.682755929004016e-40j),(1.0637124883157407e-16+2.0245500250279255e-18j),(4.3447341870336405e-33+3.3889658485232934e-33j),(-4.508248526898759e-16-1.3904784234280246e-18j),(-2.3355202267692558e-16-1.4500901566020944e-17j),(3.808907267511848e-22+3.461374719196001e-23j),(1.478634282150902e-21+1.0496577193224761e-22j),(-1.2140284941038313e-05-1.8361728999580471e-07j),(0.0002424715650623923+4.097781049465811e-06j),(4.347548913823606e-13-1.516254479537049e-14j),(-1.7824384876700726e-12+2.3501335190459633e-13j),(-0.0010319680077725013-1.0491694257084173e-06j),(5.207508384530085e-05-4.407310318984685e-08j),(1.1606122443769565e-06-3.3336179612586176e-07j),(0.12893835266577722+0.00214780150491177j),(-7.167319832738108e-06+2.279911419982515e-06j),(3.2470807357420534e-10+2.574430409017692e-10j),(-2.449285607015872e-08+1.7082704091063394e-08j),(-0.5491312509608652-0.0004858693414329929j),(-0.0006850764769698885+1.2822253425623294e-05j),(3.895937218112885e-05+3.0030003160013025e-06j),(3.804025926179388e-08-3.173314413225906e-07j),(-2.255518317013857e-08-1.9507759297656163e-08j),(8.506878596760734e-05+7.319103927245571e-05j),(3.833071338101246e-08+9.701278227608603e-09j),(-0.00016492850151069365-6.667542228303201e-05j),(6.3937661173197265e-06+8.254031208774584e-06j),(-1.7800862918543137e-12+1.0219927000021177e-12j),(3.914567120153902e-12-1.6765989198621877e-12j),(2.1982133010403603e-08+1.1892683399895995e-09j),(0.0031593220111191937+0.00012521318532382814j),(3.39237404798539e-05-7.574845567737909e-06j),(0.020018251970264186+0.00023599861022960064j),(-1.9555400639103803e-06+2.2742512226460177e-07j),(-0.08357571506530782-2.109967605304873e-05j),(-0.3676349421762372+0.006820158937515239j),(-0.013978455728999997-0.00035252846965483104j),(-0.01077044316062125-0.000838066127492691j),(-0.022132624789187642+3.183449584114213e-05j),(-1.2607724568953424e-11+5.790258535018059e-12j),(0.0943611129399851+1.7518212329412086e-05j),(-0.005311397349011301+0.0001555176635910147j),(-0.05470812257486273+0.000920402154870107j),(5.697558210474317e-06+8.276056505724187e-06j),(-0.0626618773639929+0.004137482280995593j),(3.802602721336571e-05-0.00014770439045330111j),(0.09668717296723561-0.010575698768502777j),(0.06077795207471916+0.0026013829020524216j),(-3.758707351791651e-07+2.9656902621215716e-07j),(0.002511817924611588-0.0007775831708253108j),(2.3231895249760506e-06-5.963140908005981e-07j),(0.030216225793894217-0.02076510501591117j),(-0.020170835206310994-0.005531352071465959j),(-0.255862510192603-0.012149478009991832j),(-3.889842857296086e-06+6.487771518800988e-07j),(0.0025865328154407725+0.0023990842251056703j),(-0.13151663647010545-0.013482850315825516j),(0.09741828282432408+0.003407327939043303j),(0.013000921415701729+0.0012102011774588976j),(-0.0024886650542238287-0.0030576004825318167j),(-0.005371034688072892-0.0065364016761702195j),(-0.1514003976459762+0.012834960839167867j),(0.009027176492777943-0.005271636180849974j),(0.0017771893077858415-0.00044140255954844265j),(-0.02890969382853907+0.003335631563103819j),(-0.19438162192296865+0.01037218300183701j),(0.368041611016056+0j),(0.06401486858472488+0.020044585013186456j),(-0.005582394539979501+0.007602977093059984j),(0.0023858456048273316-0.02700071714048039j),(0.2432626631048138+0j),(-0.016712763700714596-0.005610932296211547j),(0.027556224702872133+0.0005759522922497307j),(-0.08199789170997376-0.004395384293260023j),(-0.017886738303908203-0.00886992398369422j),(-0.07388600045822483-0.006624792064255779j),(0.010681768276323098+0.003548530249899115j),(-0.03750197803415363+0.003582434420455521j),(-0.04924818855891665+0.004562950346567986j),(-4.188050820083094e-16+6.90598021014544e-17j),(0.0014311158837576905-0.020969771623449804j),(-0.040904550050631365+0.009237566842572613j),(0.023373636908115253-0.006022351956229757j),(0.24197336761510035+0j),(-0.07585189893145655-0.0076353255066517415j),(0.10215206695840408-0.008053876429009971j),(0.00893923941685802-0.006542426164435692j),(-0.22362160336777104-0.008748194376780552j),(-0.06846045643859455+0.019554053074064066j),(0.02391054733367711+0.024619570701296865j),(0.013710567459359767+0.0034849554954272353j)
80,(-3.448874127328863e-18+4.2863999622322114e-19j),(1.1294119124082661e-18-1.4821331030930684e-19j),(-1.3564711880981713e-27-8.929791488659367e-29j),(5.691174668034841e-27-2.930494117831682e-28j),(-1.066676586858056e-23+1.3618242051413014e-24j),(0.5467841142588175+0j),(-4.261112198751246e-18+4.796855784745729e-17j),(-0.1564398957168735+0.005207565908354576j),(0.4254030788470873+0j),(-1.3062486385230554e-17+2.583895521081117e-17j),(-6.282168268549561e-18-5.992965367137867e-17j),(1.08035635303874e-05-1.5532096185835707e-07j),(-0.00019056035951978026+2.425825208494234e-06j),(5.8919372190028215e-08-6.48917555962438e-09j),(-4.008979453521934e-09+8.005223701866725e-09j),(5.669089777404496e-05-2.458873541443624e-06j),(-3.183174656019565e-06+1.3275206754869077e-07j),(-0.0013095488922941828+0.00035225829507061815j),(2.1368746631641674e-05-1.2379009173524829e-06j),(0.0005645881060902439-0.00017525328698862346j),(-2.1295134611203334e-06-1.532157758055114e-06j),(0.00016318303864644763-0.0001258357726983509j),(-7.088833987196485e-06+7.309705129778455e-07j),(-0.00027726676786681643+6.55959212020424e-05j),(1.3691315947155448e-05-2.9205444296730993e-06j),(-1.2866669118186323e-05+0.0002086583076572198j),(2.9515856594321887e-05-1.5487476045008777e-06j),(-0.30678037911906414-0.0025745958648672462j),(-6.667921263338762e-06+3.002169142627219e-06j),(0.081972574243912-0.0034736261539818694j),(-0.2259611407748491-0.0017954489894370235j),(-2.0775883544937274e-10-4.0094565461999636e-12j),(5.4733667753839476e-11+6.8152349193072496e-12j),(8.447312795723092e-06-2.418164679092266e-06j),(0.00015667430629801962+0.0005229984704840421j),(0.0026186094230611543+0.0009847067397528973j),(-0.0004441685281014364+0.001701757186925423j),(-9.75710720500709e-05-9.446463433882989e-06j),(0.0006519908379995304-0.00019229527302833555j),(4.886155369543165e-06-9.36650614172041e-06j),(3.955706958468716e-05-2.690237942113462e-05j),(-0.03932796921617228+0.007308700544624784j),(7.854391379920507e-06+0.0013285175547757258j),(1.801853100460708e-10-5.99477699673326e-11j),(6.251502001100953e-05-4.927966082617302e-05j),(0.000717729418341803-7.069731102353628e-05j),(0.004280451746442789-0.0005438510575657583j),(5.6529989833334824e-05-1.42823496369778e-05j),(0.012344763019866046+0.003544794509277397j),(0.000994075497836163-0.00026796055881255095j),(0.06014801187961524-0.004508328319666487j),(-0.001213942858143803+0.0037432645904054013j),(2.54859978054564e-06-1.455917114593119e-07j),(-0.023445343627169185-0.0018766628537152394j),(1.0271246933001414e-06+1.2148289895558938e-06j),(0.09924429879426362-0.0008816998798063733j),(0.008244465928770945-0.0014338798751759477j),(0.05559260726142947-0.008803159936236347j),(-1.3314432113344918e-05-5.550087225832225e-06j),(-0.03703127934600321-0.0009898812155526501j),(-0.0020637778591626028+0.0032008904272714943j),(-0.20575802905047624+0.002946711233568683j),(0.01742143956508557+0.005446800024642561j),(-0.0036139044948534306-0.0045308468089654665j),(-0.01102262134089663-0.0047812849587020295j),(-0.18793010871223548+0.009976607994896358j),(-0.005943044084936673-0.010074970514550355j),(-0.0006766099042635768+8.70148360724463e-05j),(0.014888677829174279+0.003943318957951901j),(-0.014291539923537395-0.0084206245717992j),(-0.023951950300636467-0.00565094863446561j),(0.09796560113753552+0.00016652287802986637j),(-0.03083603343192715+0.06866425850010868j),(0.009901328800218523-0.01821441874816892j),(0.10058500642978402+0.01552364055505026j),(0.011428423701879799-0.0031134394689191357j),(-0.024762893975775815-0.005143828131313857j),(-0.23463259994957156-0.03823602831491976j),(0.15947504689313996+0.007367473224699994j),(0.003826233992081292+0.0014330014417278988j),(-0.049687669801454726-0.002022395550604905j),(0.06550000483317542-0.008632793397127293j),(0.108019820141251-0.008384142627632943j),(-1.7083416378973183e-17+2.0201701275930398e-16j),(0.14871029801488392+0.02442740263119908j),(0.01067134465448686-0.059137953270562905j),(0.062268629274918975+0.012739911084105875j),(-0.08748252285503734-0.0030310044433480496j),(-0.09337913386725542-0.021069561673774957j),(-0.24501893366121402+0.007307410774179776j),(0.03044943177827157-0.007657697845266976j),(0.014888457816786282+0.01630497247065863j),(-0.0852140812094708+0.026184357167440976j),(0.03094834861886038+0.019148166782506037j),(-0.06541936603039136-0.008546029878558493j)
81,(2.7157752177714332e-18-3.2549408960603563e-19j),(2.753760890976788e-18-3.081823525366185e-19j),(9.954656116340303e-28+1.068729626680802e-28j),(-4.2832454546986036e-27-1.3061657317636708e-28j),(7.698951679349446e-24+1.5187601199728407e-24j),(-0.4303199203399084-0.0018807895750069525j),(-7.904346568569623e-17-7.909928767126658e-17j),(-0.3806326774717631+0.005393408078579298j),(0.41758008968380067-0.001110629727339968j),(7.537350508651048e-17+6.630615160199768e-17j),(-8.979403874816283e-17-4.289900197952466e-17j),(-8.320496048816716e-06+1.0082895587547256e-07j),(0.0001465050943001231-1.4896950602115878e-06j),(-4.630783138913377e-08+4.802909884795229e-09j),(-6.488685752249466e-08-2.685545368426055e-09j),(0.00012960476334437828-4.0441296056406615e-06j),(-7.445604921693889e-06+2.4622361878815133e-07j),(0.0010409211546814146-0.0002756261147177501j),(-1.599274136670722e-05+9.232844604329771e-07j),(0.0013383635557845238-0.00038556631742436127j),(1.5469756213541546e-06+1.3632834965315301e-06j),(-0.00014026171861121955+0.00010852525015985208j),(-1.4845995233824563e-05+1.531692213525617e-06j),(-0.0001666105412323858+3.388659706672115e-05j),(7.897400063801523e-06-1.209122161668553e-06j),(-3.098679997736593e-05+0.0002982509197427278j),(-1.8092533195100806e-05-4.650209222436707e-07j),(0.23555107614213547+0.0009176371324446514j),(-2.2021687051608326e-05+3.639587305782432e-06j),(0.2145444115877025-0.0003455761507300814j),(-0.2235150900425853-0.0023100342009076125j),(3.724150463771777e-10+9.30369665205106e-11j),(1.4411220335019347e-10+3.13792649630689e-11j),(3.5034656800563984e-06-5.0490259733825814e-06j),(-0.00011083063490268569-0.00034711079273168826j),(0.0025994359170227713+0.0009669294277108735j),(0.00027634239229529337-0.0010809978562835902j),(-2.8155740517192312e-05-8.668128153268971e-06j),(0.0006345233753015293-0.00031458795659677083j),(1.4767755605022798e-06-1.5575459933736455e-06j),(5.248720509644095e-05-9.823641750361709e-05j),(0.01648041691787551-0.0032773700035678838j),(-6.060413395877687e-05-0.0005461285218831137j),(-3.5018020114458893e-10+8.739904052372914e-11j),(-0.00019701635523169372+5.4512424388230994e-05j),(-0.0005741266831054771-8.833634356504217e-06j),(-0.005619032408575333+0.0006926621445710714j),(-4.6443861252513326e-05+2.77164791239301e-05j),(-0.11367383065644615+0.0019669524076253025j),(-0.0015498632380889772+0.000382120756416782j),(-0.04216883818752661+0.005601101809408931j),(-0.0006043173891028058-0.0028967630042813558j),(-9.848225552981211e-07-6.637794981506194e-07j),(0.01955231174492678+0.003058962224532314j),(7.410457381327591e-07-2.1710170282719068e-07j),(-0.13350121487391658+0.0032266016093789804j),(0.013578034066246455+0.0022484883895467498j),(0.01796634364605408+0.00803114835342402j),(1.523461119334578e-06+6.68266073663378e-08j),(-0.02312540619521498+0.00013023891689750537j),(0.05086024921317147+0.001412935372926253j),(-0.00702651633376896+0.0034943473540396245j),(-0.009258945422233076-0.000845260096123613j),(0.0010230039463077025+0.002237825535881292j),(0.006413567056696934-0.009530640802243664j),(-0.07251643523119335+0.00013588133816114234j),(0.03605149141736023+0.004666537231800827j),(0.006372594627177541-0.0017856289097847172j),(-0.04854637794987401-0.005609303264712618j),(0.050083280429535706+0.0006156048296655711j),(0.09831998203472712+0.00045842585942581365j),(-0.14387991709016923+0.007892417657907935j),(0.03505425700632836-0.06143421162218598j),(0.03002089839756825-0.043470184173139054j),(0.09516632892683002+0.009672453527385615j),(0.01714089677245055-0.0026418054068868277j),(0.00287418649372154+0.00839508213483039j),(0.059048704620843745+0.04567824173219632j),(-0.15507868392530755-0.0053360163615547435j),(0.00847570502147471+0.0035560494463368324j),(-0.04252003730374815-0.004365352739340838j),(0.07467402849104929-0.00741995717165535j),(0.10996728738133842-0.007321733651811067j),(-4.883390556913928e-16-6.278223674881998e-16j),(-0.24179779500038345-0.12214369013458029j),(-0.13808952839781632+0.10737517816145133j),(0.13226112860646744+0.0004617279327344369j),(-0.10478120211266319-0.010860820005861742j),(-0.0655353372881255+0.028464549525036867j),(-0.22260871323047654+0.010231686741521473j),(-0.09094468613698355-0.0011801204695437231j),(-0.02653436156418478+0.003126732408147444j),(-0.023823254231651908-0.0185794588056645j),(-0.06230160833832984+0.006118532343530422j),(-0.06809069928951492-0.01639519257019339j)
82,(8.562712187986309e-19-9.2631133603642e-20j),(-4.184543938048978e-18+4.0827424647816037e-19j),(3.512898483051758e-28+7.292176757414356e-29j),(-1.51063350600417e-27-1.1033598701814212e-28j),(2.950388428028091e-24+2.4874534143797407e-25j),(-0.1354908245854129-0.0021508324411230045j),(3.195257834188626e-20-2.231559631310651e-17j),(0.577641446987229+0j),(0.3903609338904531-0.008465880220267785j),(-9.016249479868313e-17+5.870620720171638e-17j),(-1.0689987714266557e-16-1.3522915760537886e-16j),(-2.6616594012149874e-06+1.180941373288148e-10j),(4.711268961356809e-05+1.5257763452274808e-08j),(-1.4807623139253474e-08+1.477865853811163e-09j),(7.367261587569953e-08-4.493862573927326e-09j),(-0.000198901991247396+3.2407741496661564e-06j),(1.135084707467733e-05-1.9304358396875975e-07j),(0.00031907558629387775-7.95017423652198e-05j),(-5.293934585983453e-06+2.5799065995198033e-07j),(-0.0020518324620897445+0.0005622495171839245j),(7.040395891380324e-07+2.7459832410710164e-07j),(-2.9091751195829095e-05+2.0270789127631862e-05j),(2.322845269564374e-05-2.0027413663996795e-06j),(-0.00016091319515224945+3.5957647235468517e-05j),(7.907055243481003e-06-1.5566450888153566e-06j),(5.807096364118244e-05-0.0005433745272343589j),(-1.3089695483184077e-05+2.0061349303659945e-06j),(0.07978877824340762+0.0025888728876925643j),(3.079793476192989e-05-6.5363374339765715e-06j),(-0.3179908121757361-0.0017175592365652192j),(-0.20908478263985242+0.0018129843429955383j),(1.673698625588986e-10+5.090677732729407e-11j),(-1.9029149665649397e-10-4.046841981796029e-11j),(4.998069405257344e-06-3.935076827603792e-06j),(-3.67769028043071e-05-0.00012442618092905328j),(0.002428120981727871+0.0008573454122533233j),(0.00011113168191465207-0.0004316351540443614j),(-7.603979676664552e-05-9.941348014629334e-06j),(-0.0012580258334604223+0.0005027181643622612j),(1.5009799679512463e-06-1.8291006547152637e-06j),(-9.380147811360402e-05+0.00012793433289562365j),(0.011069311999658124-0.002769483402717486j),(-1.588164636663584e-05-0.000384726248139999j),(2.3109091897748376e-11-3.394769276452507e-11j),(0.00017951033329362156-1.7413093446898593e-05j),(-0.0006280189123080934+0.00011305200800416007j),(-0.0037383773235284863+0.0003880450242509121j),(-2.2245877192626938e-05-1.101558091713754e-05j),(0.09872341909841455-0.007179341698295788j),(0.00019939045177024638+9.572267986781565e-07j),(-0.08527184093565832+0.0004123977989245048j),(0.0041860626509220575-0.0050578202527374j),(-1.6510397557083038e-06+7.22422742344096e-07j),(0.006770146411931121+0.001674822106926353j),(-8.675665458856181e-07-3.391266050460001e-07j),(-0.04307296297394156-0.008160301462504738j),(-0.025002471550280243-0.0010196518514495323j),(-0.13019766398440627-0.0006670827014754049j),(3.6952639783418184e-06+1.605382896980739e-06j),(-0.021029773539237094+0.001542663399728651j),(-0.03379784435076615-0.0053713744862027134j),(-0.015663015586795906+0.0032963526602298714j),(-0.010394897851836941+0.002078083550446243j),(0.001969923103248423+0.0014833325408046914j),(0.010122187202523066+0.0007304425009995939j),(-0.06543462026135749+0.00460465208517534j),(-0.01507764908126583-0.0018940238334746973j),(-0.004080774326883302-0.0021833537575274642j),(0.023074984382424717-0.00029075718789547955j),(0.015383060311886451+0.0007494492333180855j),(-0.026152752548435423-0.0021974182352373344j),(-0.001210406287463819-0.011932052130637824j),(0.012027970455012946-0.02449818519600358j),(-0.0505452305542278+0.07237497793979307j),(0.12323381400652861+0.01770278780307521j),(0.017213277965773623-0.0015374038513815075j),(-0.003263935253693737+0.00435673036155897j),(0.2490697749123469+0j),(-0.01459276528267325-0.0065220956751378635j),(-0.003725890713416805-0.007012294639992259j),(-0.037052566833837466-0.002451737526218599j),(0.06291969162555744-0.009386000214810002j),(0.10109665609080903-0.009514809695459741j),(2.383435734884205e-16-1.1172058775000487e-16j),(0.07642673589576925+0.12047012220402231j),(0.18107271072859643-0.052329145766457356j),(0.009337896860719926+0.00856203313350966j),(0.17765117761431123+0.0068842216992078265j),(0.21072178821407178+0.012722113903598047j),(-0.23063327210887213+0.007555754557518224j),(0.002268739209714713+0.02384582710405277j),(0.013069111937328709+0.01535433411115114j),(0.12375423757666786-0.03161657922473139j),(-0.03187978880427234-0.02863741387105149j),(-0.04859405524015335-0.0016456077775758964j)
83,(-2.8473671739525313e-22+7.067063391703083e-23j),(1.1061508019595055e-22-2.5491477658262884e-23j),(-1.1296177772345792e-31+3.3445989745500794e-33j),(4.799741113544234e-31-7.370116880514977e-32j),(-9.142383037072222e-28+1.4926872116895177e-29j),(4.690189527840072e-05-5.63811509823823e-06j),(-2.581266009530648e-21+1.7108164019998296e-20j),(-1.58424549195606e-05+2.0610037529303745e-06j),(9.828902988230859e-05-1.653809034760161e-05j),(-6.388274206217023e-20+3.061590121034962e-20j),(1.4010186764801668e-20-6.744128997919562e-21j),(-2.1871032762271434e-08+3.0781915633266516e-09j),(3.9874813372684516e-07-5.546438996626078e-08j),(-2.0699608235052353e-10+4.732272286391591e-11j),(1.4393482368557101e-11-3.5197090829670845e-11j),(-1.4128544055627358e-07+2.0643599738044736e-08j),(7.677151271570506e-09-1.108374547469392e-09j),(6.152257070445949e-06-2.5171514577834832e-06j),(-9.638171934832974e-08+1.830809119538532e-08j),(-3.170920945217384e-06+1.3508175656967883e-06j),(1.6890283149042533e-08+1.0369566047226928e-08j),(-1.1295918834151847e-06+1.1319142663813196e-06j),(3.828190370120372e-08-8.133199388258083e-09j),(1.636182008718018e-06-7.508655097387105e-07j),(-7.819153531062475e-08+3.3690749905984624e-08j),(-8.514513345603975e-08-1.9429655956873385e-06j),(-3.255528206785174e-07+2.0787912736381747e-08j),(0.0028978892357262474+2.95754727010788e-05j),(7.56833616462533e-08-3.535971524737913e-08j),(-0.0007744804078638355+3.1536498770604385e-05j),(0.0021942352407022143+6.057606183986538e-06j),(3.078675843621835e-12-1.6004300081142006e-13j),(-9.645102874095478e-13-5.90833193693189e-14j),(-1.1957516017780567e-07+4.841622111885181e-08j),(-3.126428433393972e-06-6.029329217263569e-06j),(-3.910221761690496e-05-6.8980828973310656e-06j),(3.3361185593064186e-07-2.4029903701087978e-05j),(2.231334302286339e-06-2.3447743537598684e-07j),(-9.434718023132357e-06+4.4066227240808765e-06j),(-2.2620322280521685e-08+1.406314342881515e-07j),(-4.2922080932973727e-07+4.764615855142621e-07j),(0.0008927950582947126-0.00036885321986675283j),(-5.2358438747930876e-06-3.22348201836178e-05j),(-8.586349374128768e-12+5.563883313777822e-12j),(-1.7973158868639037e-06+1.783572257975996e-06j),(-3.0282318795621838e-05+1.106371663320937e-05j),(-0.0002349407106915222+0.0001039589336893793j),(-5.299944716222878e-06+3.9602966295035174e-06j),(-0.0021364615176262323-6.649116149984443e-06j),(-0.00012665817016297755+0.00044100380123105083j),(-0.014820202857084498+0.008792228333364904j),(-0.00026219242527248944-0.0008622194871641374j),(8.506543481440187e-07+4.309267802309002e-07j),(0.6541029401271327+0j),(-3.812554052617842e-08+1.266351594916774e-09j),(0.05471839763613423+0.008938643224037566j),(-0.18697670940267958+0.006652297028650514j),(0.027384137316427058-0.0012967792453297232j),(1.1730876684255501e-05+1.335760641129486e-05j),(0.5654431524353335+0j),(-0.0011841953185613699+0.00881019220477719j),(-0.032818505195350005-0.0019109114565620169j),(-9.820368630942118e-05-0.00047141788923289794j),(-0.0001623841058716848+0.00019103687521975247j),(0.0006013460352707646+0.0002144659967165717j),(-0.015947901421035984+0.005327877795263375j),(0.0010094777051437521+0.0009717560934863733j),(0.00038707276361711016-0.0001705683023298165j),(-0.0012273506533199375-0.003721134024691702j),(0.004190219009152176+0.004536156182457535j),(0.002814192012975505+0.011750244539335831j),(0.003230359066430948-0.039752016845851175j),(0.3875159122542364+0.06727177182659848j),(-0.10857543014015723-0.029975360727431948j),(0.01595418345798025+0.0026842058239633037j),(0.0020063559590505695-0.0003912169862314451j),(-0.004151351201994656-0.00022398475828889065j),(-0.06179121613738019+0.05913734381921338j),(0.022675346676112533-0.0030417018273830683j),(0.0007097102234669877+0.0001719111161449607j),(-0.009349005772371122-0.0004757962240077296j),(0.01320198547771008-0.0011609683610925886j),(0.02381731215327872-0.0006545295225264388j),(-1.1083275158153355e-16-1.1133573684173677e-16j),(0.042084683887586405-0.02564712671506651j),(-0.013350035010388183-0.014427422061525752j),(0.020112902652696697+0.0052585099196546334j),(-0.012414235295046736+0.0014705532110759296j),(-0.030919534555450223+0.0051046683115974715j),(-0.06138854345942688-0.0028598473567255055j),(0.017104079065381927-0.016012239938673553j),(0.0017514736530145015+0.004452579095780959j),(-0.01057971412543543+0.010078211670911639j),(-0.002447509811440866-0.004383113334432205j),(0.1640722338896478+0.021692454280456457j)
84,(2.243329606234521e-22-5.463975296491951e-23j),(2.7024406920559555e-22-5.688661257260731e-23j),(9.520525607486186e-32+5.923413493047678e-33j),(-3.9992013637160075e-31-6.962878744352319e-33j),(7.767840741467331e-28+1.0441565810721836e-28j),(-3.6931245774852675e-05+4.275866334799658e-06j),(7.322837810674677e-21-1.2069052681954973e-20j),(-3.861751727927617e-05+4.2752669163000845e-06j),(9.6438056442269e-05-1.6490502251875756e-05j),(5.971354786403702e-20-1.8111302314977794e-21j),(-2.59877153074604e-20+4.177195480590897e-21j),(1.6883673759419035e-08-2.334388353979987e-09j),(-3.0729318326585823e-07+4.1886889198873043e-08j),(1.6282514899551273e-10-3.613440008203964e-11j),(2.753524611058748e-10-1.2605223885039813e-11j),(-3.2335491041870534e-07+4.3273496848306507e-08j),(1.797546795484693e-08-2.4392051814016207e-09j),(-4.8935541947887695e-06+1.979640844751446e-06j),(7.226871957158708e-08-1.3688466517481663e-08j),(-7.53540193944925e-06+3.02867335998096e-06j),(-1.2415811132378732e-08-9.419961785228846e-09j),(9.70495928056953e-07-9.754894647568133e-07j),(8.012976245096628e-08-1.704192931322366e-08j),(9.710603540360604e-07-4.1338754423013696e-07j),(-4.468303353360315e-08+1.6384593639030776e-08j),(-4.620623042983621e-09-2.7836778081529336e-06j),(2.0014790763976947e-07+2.8419626926215154e-09j),(-0.0022251872994904598-1.300496529804652e-05j),(2.5150601163987753e-07-4.447134982395818e-08j),(-0.002028128548942928-8.973269323899347e-07j),(0.0021701465533668055+1.128831167243518e-05j),(-5.49135938720028e-12-9.232618787897026e-13j),(-2.5683103752852774e-12-3.986115081215447e-13j),(-4.149034553203958e-08+7.909796451685465e-08j),(2.1209646701642313e-06+3.995269191808592e-06j),(-3.87937508237298e-05-6.697358517197102e-06j),(-4.705990675647011e-07+1.5299456837595094e-05j),(6.046768240795467e-07+9.455196987653691e-08j),(-8.652666459982577e-06+6.226786539852453e-06j),(-5.2272664650744344e-09+2.2353492573429777e-08j),(-3.708860789610022e-07+1.4723053799938951e-06j),(-0.00039749920680680795+0.00016919863496223423j),(3.6034254742487587e-06+1.3956567603815923e-05j),(1.5449277181898582e-11-8.451688523836441e-12j),(5.90336574286672e-06-2.497769843345031e-06j),(2.3577531951193325e-05-5.4748851159391454e-06j),(0.00027306416828950435-0.00011135287036719103j),(3.7358252334579545e-06-4.5111708131835664e-06j),(0.011415978112013704-0.002302789336613549j),(0.0002165075031101858-0.00046084009779209117j),(0.008477194556847232-0.005320162760704995j),(0.00036675404778564134+0.0004147898053033301j),(-7.906302332261145e-08+1.3870530089900414e-07j),(-0.5143878872787367-0.0024319220324564156j),(-7.700250982973594e-08-1.6007244626908287e-07j),(-0.039302263094059806-0.01778835342239224j),(-0.4625480825351471+0.009094781860914114j),(0.030631513976264825+0.008247842939232175j),(1.2886663459171186e-05+1.3001480797178588e-05j),(0.5586701138776549-0.0008982769160099657j),(0.00411379270189881+0.007842801739933845j),(-0.028558116445914977-0.007023922746968849j),(2.3631309744621205e-05+0.0010547864229679392j),(-1.1649632585069298e-05-0.00023825654330820732j),(-0.0005600354360321227-0.001307010901135411j),(-0.02310555561716195-0.0020139302641560275j),(0.0008287516982269283-0.0034857419394168023j),(-0.00018710680715714346-0.0006265573158116017j),(0.00021441401168284654+0.007099322083089146j),(0.00047864675795406897-0.0054638937468666614j),(0.00068967641904648-0.020967543436491754j),(-0.003476229988279721+0.04249065694744565j),(-0.30096258340149484-0.05441364340699119j),(-0.251542581904568-0.05071576892235298j),(0.015062208548921152+0.001983009536306501j),(0.0028593643363851117-0.0004865524778323941j),(0.00039832010324949486+0.0009646646751186876j),(0.022410362147027796-0.006354564838200641j),(-0.0220541020536132+0.0029484317161869713j),(0.0014702382052766442+0.00034805751851612905j),(-0.008289787849148644-0.0011070845817032094j),(0.014731588265661713-0.0012924803286887008j),(0.024196213665120196-0.0005295136656522812j),(-9.477513888268651e-17+6.544919011358204e-17j),(-0.0776787516135259+0.014522087942455885j),(-0.014709226247896199+0.05471322245122816j),(0.03242870631009711-0.0011724157416380765j),(-0.01502299028118247+0.0006940180901673573j),(-0.016699259500466506+0.011687104718413544j),(-0.05721378593002823-0.0035360760813884645j),(-0.009990153691376267-0.0004475118538484926j),(-0.007687812364847577+0.00446803557830739j),(-0.0015670783632744916-0.004524367683482445j),(-0.02280977562964624+0.0007048334306789606j),(0.16263275024126433+0.02224468347932465j)
85,(7.083273898179678e-23-1.639040578854167e-23j),(-4.1121762086620927e-22+8.048344013047066e-23j),(2.5508714845534063e-32+5.896665618178624e-34j),(-1.0961996309730124e-31+1.1767481083007462e-32j),(2.0351927585439914e-28-5.3482608308901315e-31j),(-1.1644266948008538e-05+1.2126007742738988e-06j),(4.1201656806121955e-22-3.581266316727052e-21j),(5.8685595563608593e-05-5.656465590120902e-06j),(8.986410181879562e-05-1.7131650868190428e-05j),(-9.492988476002334e-21-4.154195973398318e-21j),(4.089693151814262e-21+5.523858686756944e-21j),(5.41785034322896e-09-6.827786697620959e-10j),(-9.90983460694718e-08+1.2453072876809824e-08j),(5.2100709665335845e-11-1.135196442369483e-11j),(-3.102680792469314e-10+4.60424001136171e-11j),(4.974477349791571e-07-5.898239654643394e-08j),(-2.7470646647737945e-08+3.276244985968538e-09j),(-1.5030750941097273e-06+5.825663271295089e-07j),(2.3975942483893787e-08-4.31595513345388e-09j),(1.157048338706482e-05-4.47544069442209e-06j),(-5.457688883539806e-09-1.6842908363005594e-09j),(2.0371966561043346e-07-1.8541450176742274e-07j),(-1.2573007337210928e-07+2.4504922335492563e-08j),(9.369976113503377e-07-4.1958900704559505e-07j),(-4.4555131508668315e-08+1.851818508321187e-08j),(-6.7565326959192604e-09+5.079115470670945e-06j),(1.4379097132920718e-07-2.3735478426788354e-08j),(-0.000753381982218771-2.5813579301514058e-05j),(-3.5148677681458485e-07+7.886086163448649e-08j),(0.0030064050362942516+2.2666891826441217e-05j),(0.002030598257184071-2.766344995156205e-05j),(-2.4607753028677448e-12-5.429374650710257e-13j),(3.3974970201984846e-12+5.092392094462238e-13j),(-6.580054702899453e-08+6.522878216438354e-08j),(7.136696445822911e-07+1.439141353825965e-06j),(-3.6135022235809994e-05-5.628450484693081e-06j),(-2.632325003771338e-07+6.110458274015615e-06j),(1.730702375016191e-06-1.140755799249239e-07j),(1.802230717653403e-05-1.0504051114155798e-05j),(-5.645731777189421e-09+2.664860184436931e-08j),(8.387938484794964e-07-1.9854058390365166e-06j),(-0.0002602484553573424+0.00012544008760462559j),(1.8712234079637794e-06+9.754628413221388e-06j),(-7.427464219950878e-13+1.8592520508181403e-12j),(-5.322409791276052e-06+1.173351755762024e-06j),(2.368865337747894e-05-1.0496789319907184e-05j),(0.00017483905197652387-6.517556693148525e-05j),(2.4586727342694084e-06+1.4709624910604263e-07j),(-0.009266353771423737+0.002428016542619354j),(-5.132441207527788e-05-1.5042413038856667e-05j),(0.013797422476970515-0.00530535164980037j),(-0.00021533837826528875+0.0009418615740943487j),(-8.533796910833238e-07-6.12376728118458e-07j),(-0.162111875572096-0.0027514979624120584j),(-4.998055934218509e-07-1.691117019651988e-07j),(-0.0019339756644292496+0.0060814390687035265j),(0.7092448914151157+0j),(-0.04880455808776587-0.012671862367317245j),(1.2759681552816348e-05+1.191078221552453e-05j),(0.5134527280101138-0.010903369875323976j),(-0.006924952625235972+0.0070291439163527895j),(-0.024811534527471677-0.005757169155939185j),(-0.00014268049686453883+0.0010409883590057792j),(1.7574567915313035e-05-0.00019183569053521954j),(0.00046807583776832865-0.0015182295209958626j),(-0.019642641102740176-0.0019437218337963469j),(0.0008595924121651533+0.0010676879087799028j),(0.00011368357931126961+0.00020743247859533235j),(-0.0007160079012885423-0.0035386931496861037j),(0.002178855158488308-0.0007532674554410468j),(0.0015760303134753637+0.007999425820812232j),(-0.00346827292112341-0.001916492822434359j),(-0.09322789642917766-0.011277619480962144j),(0.37899615439100237+0.07671825347135316j),(0.0191506747565162+0.0024748953947111812j),(0.0029000566546948854-0.00032387789765278167j),(-0.0006464939830771991+0.000549251876065922j),(0.03989967104911122-0.05934672164163568j),(-0.002249544573587458-0.0006315861833566507j),(-0.0006719900671940362-0.0008683161873196372j),(-0.007364640103194606-0.0009994589699785757j),(0.012785131299433998-0.0011573055032881624j),(0.02264002600431645-0.00043707852693372455j),(1.0119571609653971e-16-1.4242392092667891e-16j),(0.03850783432048109+0.008938776593075168j),(0.024776588918949856-0.04344110449195414j),(0.010196785728250854+0.007829870212199639j),(0.025103223664114965-0.0033101281541307627j),(0.038570187759009694-0.030067471129950184j),(-0.05881045177982286-0.004058648193357543j),(0.014233769851318705-0.005035607833725922j),(0.0011015257215958693+0.004305949021158946j),(0.0267199635794046-0.019301510304987675j),(-0.019348278163359583-0.009244182018793155j),(0.1685814376437912+0.03151519609787162j)
86,(-5.7535302203699974e-18-3.7745397808273584e-19j),(-5.9685121270764205e-18-4.2362563990469847e-19j),(-7.280736704926796e-32-4.037163283542319e-31j),(-2.90857104159e-32-6.695593748690698e-32j),(-5.6367980976142725e-33+1.902331564710979e-32j),(4.7551272635560505e-11-2.946581282953726e-12j),(-1.1708474540651922e-17-1.172437489722602e-18j),(5.895758205680257e-11-1.961701558940398e-12j),(-3.4429169188564226e-10+5.862385325392619e-11j),(7.351142603118813e-17-2.3641399099180893e-17j),(-8.219944930897254e-19+5.604683285002366e-18j),(2.4187827821897325e-11-2.5306947859527642e-12j),(-4.772739046716516e-10+4.935863093722311e-11j),(2.1091502969209554e-07+3.034740382443084e-08j),(2.4659044139857516e-07+6.73465112282042e-08j),(-6.097075120869289e-10+4.831832437841505e-11j),(3.132119779040199e-11-2.513988643469197e-12j),(-0.0027469515866828807-0.00017393295863306932j),(2.373940954450187e-08-5.611595033616759e-09j),(-0.0028415085363240732-0.00019950935177585243j),(-5.868330941277813e-07-1.3276142212509185e-06j),(0.0001230354559885355+7.201835267354239e-06j),(3.585898282830039e-08-8.680869004131812e-09j),(8.427257305741604e-09-5.383927598015932e-09j),(-3.948167119685244e-10+2.4597891702502943e-10j),(0.00010515330958129699+7.941331755517146e-06j),(-6.500162830600152e-06-1.12202026972986e-08j),(5.759170854267895e-06-9.864029687370454e-06j),(-1.1727962820441935e-05+1.875053489029189e-06j),(2.0356596719210132e-05-8.17644041610949e-06j),(4.583094385250803e-05+3.3355853385211965e-05j),(5.241147350247979e-10+9.483699594332388e-11j),(2.131425518838823e-10+4.5343736970881886e-11j),(1.0439816605747301e-05-1.3747003516993296e-05j),(4.091605429875879e-08+3.348454337589433e-09j),(0.0073448027542552564+3.9993461980095775e-05j),(4.7365416720511886e-07-3.495779488588574e-07j),(-0.00023513012954865813-3.52938933960278e-06j),(1.2273873420518967e-07+1.3972735479351265e-08j),(6.734488617601085e-07-1.7122342708997103e-07j),(2.4169329424237026e-08+1.6257927822099016e-08j),(1.755692618376959e-05+7.668587064448712e-07j),(1.2265088522570406e-07-5.830476399120589e-07j),(-8.425861763204583e-10+1.4970942467915697e-10j),(-1.791759961189831e-07+1.7639351446289943e-08j),(-6.238111305901031e-07-5.7640467883897415e-08j),(-7.303139858185159e-06+6.04885392220275e-07j),(-9.809652187157328e-05+1.2907950800166166e-05j),(-0.00030410078772626976-3.461073424400614e-05j),(-0.004368327907679259+0.00023373205274455802j),(-0.00016569026483688812+4.26547093837742e-06j),(-3.1453501529246623e-06-1.0128952392931231e-05j),(6.563150989886365e-06-3.739307380306477e-06j),(0.00012448990977223854+4.519977252170916e-05j),(1.667610047555579e-06-4.820694891548197e-07j),(-0.0010029069970591716-5.313107290681859e-05j),(9.287088551327989e-05+3.704170853692363e-05j),(0.00018195349861395546+9.106158834417708e-05j),(8.863044216875427e-06+2.121413414639887e-06j),(-6.267435831571125e-05-1.7843110787089543e-05j),(0.0009614741443206773+4.594533786148543e-05j),(0.003479501855047645-0.00020595283133189755j),(-0.029257370251688897-0.007943711282172382j),(0.0030726941698608354+0.00823903442741094j),(0.015847219308153995-0.020077635438876768j),(0.0011326524670268808-0.005892986344148834j),(0.097105898884814+0.026873768558723914j),(0.01823857269612191-0.00030287403195288984j),(-0.13478708849387627-0.023082295651930353j),(0.010368460070441857-0.005343977478012146j),(0.0420491570363916+0.007423526247381691j),(-0.38955394508146934-0.02828213647230099j),(-0.03586778179649162+0.0043711506401839535j),(-0.021405266436534513+0.0024624488686020365j),(0.026215626928819943+0.006910037888534116j),(0.12937271978090176+0.01772341842859348j),(-0.17232844789450308-0.005267799136186774j),(-0.18304948456889814-0.04716587864753814j),(-0.0725406901403938-0.009506173009399273j),(-0.12389890246377541+0.015186401465087346j),(-0.11813839066667986-0.03542029596620416j),(0.34813004325986285+0j),(0.23119567621637147+0.010079996782448739j),(-9.749205061711385e-16-1.936544684006726e-16j),(0.1873233397679388+0.10709165882770763j),(0.14688789167065128-0.14070779117755672j),(0.31110397536960077-0.09141272610649215j),(-0.04365985824166313-0.00869308803798512j),(0.11077976034900734+0.0156880784477461j),(0.40884272010418937+0j),(0.13431511558628895+0.03185627558791j),(0.035721643256085095-0.02992586018237001j),(-0.00233917499563438-0.11225982425326789j),(-0.32980885020412487+0.050444243274501185j),(-0.009986313510307876+0.004444435876583104j)
87,(8.163157862574916e-18+6.947796345766278e-21j),(-2.336935265516363e-18+7.66703345847653e-20j),(9.899939842587178e-30+1.0601330195748795e-30j),(-4.417237750185037e-29-1.642033114416327e-30j),(9.942835951379823e-26+1.3365200486489764e-26j),(-0.003586067606157499+0.00045360183036696744j),(-1.0852849261723407e-17+1.0823214700315212e-18j),(0.0012141073318230093-0.00016552017187727468j),(-0.00767395118816889+0.0013769223269869124j),(-1.407372863979839e-16+5.409505201490957e-17j),(2.8481406665569e-19+1.6886182932448735e-18j),(-2.0936796204947538e-06+3.5147176894707306e-07j),(3.828358845132075e-05-6.397567648556867e-06j),(-4.271895901650494e-07-8.87033233419268e-09j),(2.946320585123184e-08-4.4444890911620166e-08j),(-1.4045198092645306e-05+2.4497326548327982e-06j),(7.601459837073316e-07-1.3054820491998497e-07j),(0.0066380227324362995-0.0007588118248798895j),(-1.1018774971520457e-05+2.8836831829647004e-06j),(-0.0023386237901460217+0.00041520545457016805j),(5.613358088715446e-06+4.885020670306101e-06j),(-0.0004992979253862931+0.0002650207104841069j),(4.825717823027647e-06-1.4031914927618244e-06j),(0.00021299094025283819-0.00013886536965378895j),(-1.0035928824308132e-05+6.085035649143923e-06j),(9.257258368681022e-05-0.0004399729190626888j),(-4.8889266244652694e-05+2.1215473802033915e-06j),(0.6398190959216765+0j),(1.0675378144690984e-05-4.563888206899385e-06j),(-0.1726378664951277+0.008295862047893607j),(0.49454272279814276+0j),(1.9526363772821104e-10+1.998090003052745e-11j),(-3.944015806413153e-11-9.291071371235947e-12j),(-9.68104173456164e-06+1.2189045016636355e-06j),(-0.0023151294443910274-0.0011426756628095383j),(-0.002678539074902819-0.002118171341564106j),(-0.012045197094568503-0.003944443920238716j),(1.4653661034154732e-05+2.805889323173482e-05j),(0.0035314499400190473+0.0008802874598436337j),(5.238983916694795e-05+1.4455176401823519e-05j),(0.0003517536780958283+0.00022722002567323807j),(-0.09054095102637409-0.006405858714017547j),(-0.0005544880107965946+0.0029754041541670013j),(3.809418422637103e-11-3.5808827013760226e-11j),(0.00012506712590968646-7.923768644881432e-05j),(0.0011062453682917294+2.367213018012815e-05j),(0.0060403872764096984-0.00018538195667069067j),(3.01088887633021e-05-1.3781362461582462e-05j),(0.014803984133215594+0.004802859823539998j),(0.0006495390767444748-0.0003021508071871632j),(0.06898957469256929-0.00284769865273932j),(-0.0015946613735885364+0.004242289791076116j),(2.513075037175703e-06-2.9216914552672206e-07j),(-0.025822003172385432-0.0024410025998719675j),(4.4558142007173523e-07+8.924856213944433e-07j),(0.10652219814983915+0.0013513427974984824j),(0.00891710600514858-0.001447439218589531j),(0.05868446707597198-0.008383923162937887j),(-9.846971982338888e-06-4.799111604632351e-06j),(-0.037978215621508674-0.0012597883595662739j),(-0.00199978202773534+0.0032484163503875524j),(-0.20338289467843318+0.0003462079189773537j),(0.013265369087130125+0.00488202405117224j),(-0.0030719472550846737-0.003586999349007511j),(-0.00877033940549891-0.005049620277956611j),(-0.18157136221365594+0.007827772323789561j),(-0.003933698192461314-0.008969873744316233j),(-0.0004358237575968663-0.00014969494959106918j),(0.01254316514492367+0.003606101871436329j),(-0.013177202187886771-0.008118507157429346j),(-0.021912908474090255-0.005288409226401182j),(0.08845012501766741+0.00011214829789927064j),(-0.02994026829061515+0.0633887685994536j),(0.00944495277159582-0.01671792059343363j),(0.09246498571705708+0.01425072819052584j),(0.01166875431310167-0.002634071622486432j),(-0.020558209727137407-0.004178027811974265j),(-0.21539443111074538-0.0356718377357088j),(0.14615655476667916+0.0067329588155962405j),(0.003142101690224819+0.0011847906340321022j),(-0.04883901277107806-0.0021811403669034744j),(0.06085629138100387-0.008130173976544284j),(0.10073722210855725-0.0076080972004907155j),(2.9198100124153575e-16+2.898438775067059e-16j),(0.13980834494056138+0.023625984047075665j),(0.009865571766736237-0.05530128293199285j),(0.05585443836828331+0.0119387834493178j),(-0.08022931553023559-0.0027853285300408273j),(-0.08834973558221908-0.021019403621636623j),(-0.22726498782679+0.006481464977632377j),(0.03068328858644389-0.007154174523773992j),(0.013585734550221832+0.015347462126979924j),(-0.08320357205331982+0.025352536694920484j),(0.03184946777532728+0.019225547574010765j),(-0.060913530908598135-0.007797856235382157j)
88,(-6.4259980883439424e-18-3.3157976944707116e-20j),(-5.646763808213887e-18+7.415634606573782e-20j),(-6.014091583753505e-30-8.640134978754015e-31j),(2.777580205141674e-29+9.214731824483741e-31j),(-3.928030149405781e-26-1.4998954441295886e-27j),(0.002823800790663551-0.000344650168698029j),(-2.3948740003121584e-18-1.0297992354960121e-18j),(0.00295984781466017-0.00034605586455530826j),(-0.0075292352038028604+0.001371635890806953j),(1.1066299173046531e-16-4.203177332030269e-17j),(-3.0385735308192825e-19+6.8021182571585554e-18j),(1.613098298085408e-06-2.670449950373263e-07j),(-2.94458398705579e-05+4.843081828236384e-06j),(3.355034152303174e-07+9.104821789922519e-09j),(3.823275187599729e-07+5.431918834281535e-08j),(-3.2159657047772555e-05+5.207605936327163e-06j),(1.779984346146362e-06-2.899340469924825e-07j),(-0.00527475042679886+0.0005819359007745869j),(8.251281660682468e-06-2.1576712961714807e-06j),(-0.005531730786484782+0.0008654011864321755j),(-4.012000825591092e-06-4.267197258252011e-06j),(0.00043019844892366876-0.00022920438754397737j),(1.0110781087163955e-05-2.94081157802427e-06j),(0.00012909639934159542-7.814722813051292e-05j),(-5.893751531329251e-06+3.104283162317062e-06j),(0.00016126566739509552-0.0006313059796626911j),(2.9822990098027016e-05+1.073086691636531e-06j),(-0.4913677535482176+0.0021193444779548654j),(3.505102841998789e-05-5.2977857139656985e-06j),(-0.45215753098208467+0.003149488518346205j),(0.4892979252380029+0.0012536168836395356j),(-3.8898401023445164e-10-1.5404212439309024e-10j),(-1.0342697818528137e-10-3.600104940934634e-11j),(-5.4106874836126184e-06+4.7571595861244364e-06j),(0.0015712647726091817+0.0007336751231575031j),(-0.002676848809714113-0.0020965095632541047j),(0.007719212985246859+0.0023722478000324045j),(2.3590148079739462e-05+1.0514896598226201e-05j),(0.0038020275123951688+0.0003096844203411542j),(8.73175013928459e-06+6.054581000613813e-06j),(0.0009574542814717689+8.780264098174478e-05j),(0.037590430843030966+0.0019397799493301084j),(8.840157874669705e-05-0.0012328498729659563j),(-8.910836916813229e-11+7.422872571237947e-11j),(-0.00037534994021654386+6.220415349413951e-05j),(-0.000879025471985685-0.00012074463869823579j),(-0.008023339699674911+0.0001964470759461259j),(-2.4694702897204855e-05+3.1942395372286167e-05j),(-0.1401569627303973-0.002498880375568585j),(-0.0008798982514048206+0.00044047786928984523j),(-0.04893751941029131+0.004781749273144984j),(-0.0005359654376120068-0.0033998601488759404j),(-1.8249057169438993e-06-3.156301412095795e-07j),(0.021527129694740726+0.0037131584925702765j),(5.863514149091395e-07-5.169395362822438e-08j),(-0.144361149472355+0.00018365469652399657j),(0.014661610716768731+0.00259086363500854j),(0.01884379037887257+0.008825977434982337j),(2.448395077611776e-07-2.3746925848230967e-07j),(-0.02388199960082185-4.9954929883778976e-05j),(0.051758687812225555+0.0022355373597444895j),(-0.008341196461607348+0.003230653246829207j),(-0.0072256613473995635-0.000325607914718252j),(0.0008475876905493279+0.0016890948156363687j),(0.005473645497444673-0.008406863965963757j),(-0.0711580606548135-0.00029835167102629234j),(0.030952567975851074+0.003555153619003452j),(0.005472664031133849-0.0017125842042949443j),(-0.0424892753670094-0.005020411195668081j),(0.04757245136391546+0.0009222003775096153j),(0.09225315603373725+0.0005430770736585822j),(-0.129480412801523+0.007650303257147141j),(0.03413787782447168-0.05687522045620243j),(0.028985177766849033-0.04022149160236946j),(0.08746193139447524+0.008887620141773694j),(0.016513285716084285-0.002161817811500497j),(0.00028364232635406115+0.007181606970544943j),(0.05618282871024807+0.04294279704112779j),(-0.14211065880435825-0.004880094893157161j),(0.005774989343921067+0.0032431499188718344j),(-0.03907377686785507-0.004304627304923658j),(0.07111950511388325-0.0064167101794680905j),(0.10265196607000324-0.006544715302119423j),(-4.731420604906214e-16-6.676711156484861e-16j),(-0.2263666198952275-0.11462597505886984j),(-0.12903495187952174+0.10051442486515637j),(0.12544280665620045+0.0003911900422139021j),(-0.09608532469837588-0.00996663072228244j),(-0.06120564944584649+0.026810757749409674j),(-0.20461384698299426+0.009804029122040432j),(-0.08594814147950261-0.0012290333968767442j),(-0.024312470847010978+0.002817193790189432j),(-0.02173127541811199-0.017659732773214597j),(-0.05926356751450786+0.0052462081084416485j),(-0.06374049343575851-0.015462059087957636j)
89,(-2.0213657318792803e-18-3.4258908026018317e-20j),(8.586215744219509e-18+7.104365950123491e-21j),(-2.563231639638192e-30-2.190600733512949e-31j),(9.928970000109063e-30-1.6902213319896814e-30j),(-2.0424322323017094e-26+5.86497148014817e-27j),(0.0008903968415718426-9.829443368864412e-05j),(-3.701711491377267e-18-5.482284468537425e-19j),(-0.00449835079346386+0.0004614283071666574j),(-0.007014413626745462+0.0014162164725597822j),(3.6348323068461385e-17-1.3661491685352638e-17j),(1.530272497329724e-18-9.940364859203383e-18j),(5.16982821935948e-07-7.918614864889705e-08j),(-9.484601770382097e-06+1.4579546647008784e-06j),(1.072500701076549e-07+3.320197230179062e-09j),(-4.3956158719602697e-07-1.7637924482287727e-08j),(4.945226758133624e-05-7.253052078757015e-06j),(-2.719297930613103e-06+3.982241647905285e-07j),(-0.0016127271895273532+0.0001540294192117006j),(2.735627841780798e-06-6.890387703874019e-07j),(0.008463701477574958-0.0012114441347530831j),(-1.9283889993636343e-06-9.601278405547154e-07j),(8.746888417895481e-05-4.111224781682788e-05j),(-1.5870209253798885e-05+4.327804856383857e-06j),(0.00012381764645970502-7.82747614453968e-05j),(-5.812066185425789e-06+3.388370456103077e-06j),(-0.00029589436971727995+0.001144903805392759j),(2.195898965437878e-05-3.1232312103002583e-06j),(-0.16642751451387672-0.004008810762083773j),(-4.9074820877049695e-05+9.636989496833712e-06j),(0.6701227812721641+0j),(0.45762529282218145-0.00752862004485666j),(-1.804058556261649e-10-8.187010716607332e-11j),(1.3437284070455802e-10+4.598039796960788e-11j),(-6.601670302614915e-06+3.335958501980198e-06j),(0.0005553704097422207+0.0002728200783627343j),(-0.002519185226730636-0.001904775541332825j),(0.0030836640666742706+0.000947626122880352j),(3.433168274518538e-05+2.177460069639763e-05j),(-0.007169732892698417-0.0010961934717781071j),(1.0248170652936482e-05+5.697833508188708e-06j),(-0.0013399183848755158-0.00031351259516753315j),(0.025647963938818852+0.00011028488367367459j),(0.00012463151048727246-0.0008598532802313936j),(1.6935965821471534e-11-1.7970272437495638e-11j),(0.0003377042427849842+3.131660999225855e-06j),(-0.0009876139851136595+5.495649861347971e-05j),(-0.005346929659561019+2.4141410794301012e-05j),(-1.5363455519413576e-05-1.503579352015378e-05j),(0.12208589049294798-0.004533346239387774j),(2.6710067482608138e-05+2.1017185517168483e-05j),(-0.09861069229284518-0.003000499084581748j),(0.005150342340237723-0.005648594626298229j),(-1.454949077751728e-06+6.103962576947279e-07j),(0.007450405912993127+0.0019756404002278507j),(8.99413666722162e-08-2.1706189130047783e-07j),(-0.04653975176789664-0.00991759011514591j),(-0.027034200266236118-0.0014008621539397595j),(-0.1381019541578078-0.003000108651989228j),(1.1441228673923635e-06+7.743908580713962e-07j),(-0.021722490609449828+0.0014146736222166723j),(-0.03428090628037198-0.006001133950056j),(-0.016508154310339817+0.0030189200637531863j),(-0.008046140219577579+0.0020678219909457942j),(0.0015936433542226799+0.001037459247600769j),(0.008519676461860894+0.00023442093138944457j),(-0.06399435190862401+0.003886207864424767j),(-0.012407692990051193-0.0016788392752259337j),(-0.0034559056507608437-0.0018476099112936695j),(0.020085583081530172-0.0002878793603965533j),(0.014825045068989538+0.0006522016807723064j),(-0.02457406441007648-0.0022574983127982735j),(-0.001427387862809654-0.010913137247403273j),(0.011580070830866377-0.022612635173350857j),(-0.04847452199955599+0.06685228137005217j),(0.11318957942072475+0.016247309016880592j),(0.016333799272611093-0.0012473826128616937j),(-0.0040455470399766765+0.003945515661702242j),(0.22928222550500413+0.00038549761635504887j),(-0.01337067858787976-0.005978786248255284j),(-0.00042342609462753386-0.006131168662940398j),(-0.03407378884184841-0.0024347257238601684j),(0.05932154092425492-0.008555832949967743j),(0.0945094934357471-0.008613973127732516j),(3.5677428628315626e-16+1.1435239970388746e-16j),(0.07034285694575851+0.11135222287247623j),(0.16722019564632185-0.0483823035817048j),(0.005318821266939174+0.00770690475010553j),(0.16288845472238866+0.0063124616325498095j),(0.1979056351888187+0.012809808174124169j),(-0.21421593237735434+0.00656272490547502j),(0.002586419443734648+0.022496394710833034j),(0.011804902928870136+0.014350011513654486j),(0.11926878493105075-0.02937800658349103j),(-0.029612664603375888-0.027655778065297572j),(-0.04564257833960167-0.00157386070202881j)
90,(6.0368369098208396e-24-3.815308537020785e-25j),(-2.33726332387477e-24+1.0803725881939294e-25j),(2.5947582505016506e-33+6.009083180381442e-34j),(-1.0876844452154639e-32-1.2578373572088664e-33j),(2.2509677151209022e-29+1.8977760410265776e-30j),(-9.798138313164977e-07-5.937641582992644e-08j),(6.461357909410434e-23-5.2912258989286984e-23j),(3.315326680059437e-07+1.6894228947968423e-08j),(-2.0705844333301183e-06-3.035085547067152e-08j),(5.728925814758057e-20+7.787656288315839e-22j),(-3.173864904494763e-21-8.029288302167968e-22j),(3.4222783467491084e-05+2.1320738037046868e-06j),(-0.0006029244953346981-3.904436348678973e-05j),(1.9848190690783987e-10-4.230902450683675e-12j),(-8.816275923912307e-12+3.894499640133309e-11j),(0.00020804425290892384+1.2301009655218373e-05j),(-1.1733191593340066e-05-7.010424771917051e-07j),(-9.030238882153851e-06+1.740284286874925e-06j),(6.064823516410421e-05+4.354039965503791e-06j),(4.880274433760124e-06-9.603232664302746e-07j),(-3.2619440623569136e-08-3.6865251010294174e-08j),(3.481039836973699e-06-2.255491079175694e-06j),(-2.1516674092905537e-05-1.567902866802893e-06j),(-0.001584923581790649-1.580625424011105e-05j),(7.91701005355872e-05+9.048173251184146e-07j),(-1.1526163235939067e-06+5.721303857772249e-06j),(1.334075066038331e-06+5.527717939545659e-07j),(-0.008949427818301808-0.004274977962802124j),(-3.1845592739933824e-07+2.1202497960185733e-08j),(0.0020387432462378578+0.0007648908772372148j),(-0.002249728012969317-0.00115128676971992j),(-2.6460098702758968e-11-1.5331857397915505e-11j),(6.6893625239270025e-12+4.841707076566643e-12j),(4.901462933926084e-07+1.489321247701887e-07j),(-0.00420831480595086-0.00045411708928425835j),(8.900460230993948e-05+3.2295306228914624e-05j),(-0.028729616893858112-0.0033561617185286254j),(-0.00010454233995985095+1.4322475868466447e-05j),(0.012716160113991955+0.0026344402729801273j),(0.00024055843748448466-5.191247359012977e-06j),(0.00111939289436213+0.0005226958407454655j),(-0.5285879034141934-0.015332420411298009j),(-0.003800678012918269+0.017420269591796295j),(-1.414663933374539e-10+4.634561249720233e-11j),(0.0009219564858714433-0.000511514823763017j),(0.005460501221553314+0.00040548207363614143j),(0.01430840031292272+0.003658764172722674j),(-4.932238742307081e-05+3.0472814857471275e-05j),(-0.08658252661870128-0.017417720564409205j),(0.0001718941305415928+0.0005843684689034726j),(-0.3719907213253979+0.043877766171960264j),(0.0061793367410344375-0.02342005160708205j),(-4.332827095292903e-06+1.3350114526722786e-06j),(0.010626930055510877+0.008191309305798701j),(1.3757230409760839e-06-7.022369981584067e-07j),(-0.21543910373005043+0.013809613742597593j),(-0.0026117208588055532+0.0023365830808273393j),(-0.08145505282767639+0.02789141087460262j),(1.3561610902474047e-08+6.138051942046836e-06j),(0.033782646028379784+0.0063561199389541734j),(-0.04729070135167474-0.009405001752602365j),(0.519026322421167+0j),(0.027796489930685016-0.008991953226102698j),(-0.003071194816798986-0.004408225507746012j),(-0.016239026932350093+0.01721583920218315j),(0.2924609015208206+0j),(-0.027225545566564528+0.0031781394460860934j),(-0.0028773379353647793+0.0050409721221875686j),(0.022909230369727227+0.0012011914507539167j),(-0.040391168154722865+0.006005848957945899j),(-0.04189206854300655+0.002298085849606002j),(0.08732038289481556-0.0004705991929382057j),(-0.047615735602773754+0.04916892962739779j),(0.015014777022602253-0.011620890014261295j),(0.12051207037190079+0.013870455182718355j),(-0.005214050564006703-0.004866836154642702j),(-0.035910123618005066-0.007522829442600805j),(-0.1902316022402967-0.027485208943612296j),(0.17049990657922684+0.006644720785200273j),(0.005765330675100197+0.002048494421401852j),(-0.01197110415971429-0.0004570907701372537j),(0.03624322690695977-0.004931662139841096j),(0.060148083837472624-0.00650757988251547j),(-2.6663202044589025e-16-1.5159154562798634e-16j),(0.09991955272365122+0.01587671190579905j),(0.009847388594278153-0.04194794374071649j),(0.04659463434136343+0.005855368514091152j),(-0.09558178598824242-0.002656022423729934j),(-0.0578803841992777-0.008738363054788461j),(-0.1483795424932294+0.007912728876353102j),(0.009958347766205322-0.002679893013752223j),(0.014902896718715024+0.004979740969729078j),(-0.04162918015060523+0.011934064411604776j),(0.007741013730474021+0.008976405306036344j),(-0.05631490970208729-0.005177493316342279j)
91,(-1.2102636166795407e-34+1.13863243914973e-35j),(-1.443425462671264e-34+9.030214680541304e-36j),(-5.412623814726664e-44-1.284689561913019e-44j),(2.2833890458754995e-43+1.3304656907489682e-44j),(-4.273776668599058e-40-8.430811827936245e-41j),(2.0350321565232547e-17+6.070830093323465e-19j),(-1.001236600336683e-33+7.959561209067522e-33j),(2.1171509878335372e-17+7.329803684734371e-19j),(-4.5372357791961475e-17-4.1921603270399754e-19j),(-4.7168747939581295e-22-3.2034769809869808e-24j),(-2.3250837531333617e-21-2.0534212896943045e-22j),(-0.0059187512600415194-0.0001522338385174034j),(-0.00038202824800337914-9.03036997539235e-06j),(-7.1433164110107e-15+9.046433754878748e-16j),(-1.002788008306519e-14+1.1373147990036705e-15j),(-0.0003947537710659118-1.290994693133016e-05j),(-0.006076839256466046-0.00021542986682918206j),(-2.8662630237359925e-10+5.810688839515128e-11j),(4.889852225297608e-06+1.4689913668392263e-07j),(-3.321795169831157e-10+1.2823251611892754e-10j),(-8.666238227725502e-12-1.784895947528066e-11j),(1.6524096758096894e-09-1.2206226082224878e-09j),(5.2774178061358015e-06+3.0282347791132033e-07j),(0.0009339464924308899-2.8770917962275323e-05j),(0.016228501701143396-0.0005592778027538642j),(-6.542625630861033e-10-9.86826509877504e-10j),(-1.3601227024948846e-09+6.003178459741164e-09j),(-3.2194519996638014e-06-1.3262752994140952e-05j),(7.017365784939098e-10+1.0322457040392885e-09j),(-1.9331880840187715e-06-2.13206801480757e-06j),(-4.382450650204862e-08-5.265758700924379e-07j),(-3.5296281226885684e-13+3.137469658818505e-13j),(-1.3634343845616474e-13+1.3338303275862622e-13j),(3.203876533359671e-09+8.403479484808717e-11j),(-0.029038806356123697-0.0006992848176016783j),(2.5312001704957066e-08+4.309893867011441e-07j),(0.006550483573424418-6.819722962499598e-05j),(1.2332767057189473e-07-5.898900032724235e-08j),(0.005973084845377193+0.0002772465231085672j),(-1.2801663856592378e-05+3.2396529573344857e-06j),(-0.027887785572763727-0.0014378202956267534j),(0.000655657696880081-0.0002945240221374727j),(-0.0075909711441696165-0.00023531739390761407j),(-3.5453872853010738e-12+1.1339773386215148e-12j),(-0.008737490187663769-0.0006640419294773439j),(0.08567990367805554-0.0037411109341135614j),(-0.015355646346015165+0.0004873488009341448j),(4.898698918786682e-07+3.534145261714777e-06j),(-0.021192836029120116-0.002644502246012331j),(0.0005445689380114152-0.00013545770143188235j),(-0.04109975685295756+0.0028317754757768796j),(0.03179650317798016-0.005767419411144099j),(3.1453638883778524e-06-4.2804486256264086e-07j),(-0.010221464484319563-0.004666538485908451j),(2.356171648410079e-06+1.5406496420716012e-07j),(0.18651408725126034+0.0018407026671532767j),(-0.0067842319352194565-0.008087698908795262j),(-0.1697566604413222-0.04944513240806478j),(4.093235850741689e-06+2.2626118771554567e-08j),(0.005310285785323993-0.008691505460090773j),(0.7403137149057101+0j),(0.1427301005544145+0.019227261855752117j),(0.009851903003738631+0.0011351254938085156j),(-0.0012633445035253122-0.002556244306276644j),(-0.0008173151551479774-0.0013031494516143878j),(-0.09391499395624293-0.008619928438575446j),(-0.0010677122123193042-0.001003295469489072j),(5.6568552517870165e-05-0.0008298761919385091j),(0.011358266926728616-0.008510334938836467j),(0.21639712871443084+0.012012819705156844j),(0.3087220123663094-0.03644351821835773j),(0.12060107350620618+0.009279474328931933j),(-0.020795228499640196+0.01801008852570225j),(-0.015991244685238326+0.009138719617926585j),(0.12074456402453619+0.008570037802232422j),(-0.013782410262406196-0.0080454459106359j),(0.04976791074556852+0.011672819582001767j),(-0.03024611424421267-0.024543555801844082j),(-0.17113254042419937-0.005123771334165764j),(0.04167758136650593+0.0007405749514566538j),(0.0012398870512674719+0.006873062006176742j),(-0.03720601362185043-0.006040858596574651j),(-0.03185408890107259-0.006199450612639919j),(2.6179992568938397e-16-1.2259149582598723e-16j),(0.11080047059490053+0.05571794112998034j),(0.06424313736097863-0.04919845812348345j),(-0.07429594706642131+0.0029064784476585687j),(-0.1202140291519166-0.011526664406439242j),(0.025183162026271633-0.013909021938261275j),(0.04112020876595187+0.013109534309897971j),(0.03561166853961402-0.001224437013941827j),(0.2901537080426881+0j),(0.007755172392881313+0.005421351577232475j),(0.02328891325085085-0.011038767460084822j),(0.019472048835765778+0.0022648058172908894j)
92,(1.3381132557742897e-25-4.0396340472265494e-26j),(-5.1383436247601045e-26+1.4378962456863224e-26j),(6.600373371754993e-35+2.889059218326852e-36j),(-2.88225790668276e-34+1.334370109072398e-35j),(6.971834980328474e-31+1.0398645646404384e-32j),(-2.2356900815259637e-08+3.827342886468238e-09j),(-1.0355324130825578e-24-4.899587225228319e-24j),(7.453440649865037e-09-1.3236467492614e-09j),(-5.108675425022255e-08+8.668293227384876e-09j),(1.123761819498247e-21-2.8939717319467244e-22j),(1.1785974797461522e-24-1.2838026652939171e-23j),(2.591223887975459e-10-4.9247167873609056e-11j),(-4.867193695965316e-09+9.161787656403472e-10j),(3.787534965928574e-12-1.0132121981548942e-12j),(2.6845617490512986e-14+7.51426966004825e-13j),(1.7179070565829947e-09-3.241507897293801e-10j),(-9.032862388325015e-11+1.6887088169776965e-11j),(-1.5374679458906565e-07+7.106275912823656e-08j),(2.3892859908088952e-09-5.679795284260465e-10j),(7.857136747385022e-08-3.713623430018927e-08j),(-6.57279125183839e-10-4.189102346243426e-10j),(4.3701454286385156e-08-4.7638943709213936e-08j),(-9.56541295247117e-10+2.390215336457679e-10j),(-2.967458441150484e-08+1.5878285043953214e-08j),(1.3852968177871147e-09-7.138562277251425e-10j),(6.036063320909925e-09+8.224022431675938e-08j),(1.8278123363544463e-08+2.650527787555932e-10j),(-0.0001399625134005702-1.3659097883501813e-05j),(-3.572994459618426e-09+1.6497008701345686e-09j),(3.096311284359863e-05+7.050330826723718e-07j),(-4.084277340259087e-05-7.086304429346955e-06j),(-3.034786389535109e-13-1.704517570367273e-14j),(6.325908109578126e-14+4.077371226542058e-15j),(5.451396618824077e-09-4.4317975710442395e-10j),(2.0220897780280788e-07+3.564355940958973e-07j),(1.0734922625221222e-06+1.877612007471874e-07j),(2.936840131348999e-08+1.6342743670594059e-06j),(-1.4425944698449104e-07+2.8258308128052177e-08j),(6.941610415241917e-07-3.2809203161802486e-07j),(5.87512135345143e-10-7.266118402012926e-09j),(2.760991004638281e-08-2.727042257513283e-08j),(-9.706603143552573e-05+4.8760428901917834e-05j),(7.278492951459564e-07+3.6452912936380387e-06j),(2.095255237164531e-12-1.4116093862401166e-12j),(2.8574674246443506e-07-2.54991679125868e-07j),(6.140936579341475e-06-2.6770073770329097e-06j),(6.127490444248679e-05-3.139766052614147e-05j),(1.8102271336289212e-06-1.5047603241452128e-06j),(0.0010044522676270337+2.8648307187326074e-05j),(7.70860976642869e-05-0.00024865336369762366j),(0.007592848462332331-0.003949846619866788j),(0.0001273926373159852+0.0004151315725340577j),(-6.149824900430997e-07-3.4498430786520526e-07j),(-0.39711578041985873-0.06486235113595436j),(-7.045263370296641e-08-1.325952106842698e-07j),(-0.03745935007983239-0.01183109045107598j),(0.10414580076067549+0.016191106465714415j),(-0.018791193877021006-0.002155456838320498j),(-1.919262282978713e-06-4.1399222926351484e-06j),(-0.18136204415481766-0.026292096841131096j),(0.0015785833521830782-0.0031768574012316715j),(0.03527048833581231+0.004644332730582167j),(-0.0033721488314536184-0.0018483404002968664j),(0.0006311317295289436+0.0011144755992022924j),(0.0026330200226550894+0.0020480521077556255j),(0.038186630615956216+0.0031923768961865003j),(0.001240719267726722+0.0034131833170857567j),(0.0004299882843782217-6.157753234341455e-05j),(-0.0036246224038142833-0.005438931270613087j),(0.005566049888859036+0.007951268996158644j),(0.0059315930352733985+0.0185989214866778j),(-0.013126456339200305-0.06134816191075743j),(0.641606729676255+0j),(-0.2047762728466461-0.019026363080170056j),(0.014791234410888431+0.0030474550940528602j),(0.0021489264764255516-0.00025575423297640197j),(-0.00406712677523395+0.0005175062485458348j),(-0.05939209386200997+0.11048191806245412j),(0.01858613449444019-0.007552849273948425j),(0.0007883534302663925+4.445831847171085e-05j),(-0.010972142256653498-0.0004996951346318539j),(0.016755673102673844-0.0013660992071939668j),(0.03326810504919121-0.0009782023669576145j),(9.23463062227311e-17-2.612423744864698e-16j),(0.042958805096580656-0.052732311527410265j),(-0.03064079671296876-0.009358261876232642j),(0.03818903723852544+0.006833383761095488j),(-0.009757445901199566+0.004039336685949135j),(-0.04667727755397487+0.011381367838831183j),(-0.09677839664737928-0.004534284494185976j),(0.03450025231538963-0.042179348909613314j),(-0.00050368835095151+0.008733411429951618j),(0.0006000884262129694+0.009438202088245246j),(-0.025255025564535-0.012454404573779346j),(0.5402209006840448+0j)
93,(-1.05400589018741e-25+3.126870384158365e-26j),(-1.2642520333866064e-25+3.2440218258917996e-26j),(-4.5094517309228623e-35-2.245520559949825e-37j),(1.8193870038718742e-34-4.5249538141375887e-35j),(-3.974985959750533e-31+1.044597520978385e-33j),(1.759896242058789e-08-2.9259597200150573e-09j),(1.564641680659757e-24+9.451500895803764e-25j),(1.8290516577307236e-08-2.8389665880518433e-09j),(-4.983006988407559e-08+8.570418183695712e-09j),(-8.745829707213486e-22+2.156497837027381e-22j),(1.4225421134277633e-23-5.027063935761134e-23j),(-2.0176238127329604e-10+3.762397823349393e-11j),(3.785216779214437e-09-6.978894846853693e-10j),(-2.9776064118194475e-12+7.763420180743471e-13j),(-5.233924862979123e-12+2.7557285761225786e-13j),(3.9210287784488945e-09-6.903644792205613e-10j),(-2.1184256104002235e-10+3.7748345481660776e-11j),(1.2197265405171694e-07-5.57727985733752e-08j),(-1.8302035940885567e-09+4.3043818408353475e-10j),(1.8715182339452389e-07-8.333943841390517e-08j),(4.839415689571182e-10+3.683159120452624e-10j),(-3.6918307510459756e-08+4.039778516504564e-08j),(-1.9684520920879004e-09+4.998606881875976e-10j),(-7.912008480983931e-09+2.0417342311671115e-09j),(3.27465150463566e-10-3.101336840701046e-11j),(3.843563747656985e-09+1.076320235449274e-07j),(-1.1657997698690183e-08-9.899170688350104e-10j),(0.00010816321555883168+1.0453246850959618e-05j),(-1.254549351226703e-08+1.3034656115059827e-09j),(8.258744286949069e-05+6.0481216925511915e-06j),(-4.062428021619931e-05-7.438206281318792e-06j),(3.266523853619444e-13+5.263073558774739e-14j),(1.8401902328390305e-13+3.444928770666511e-14j),(-3.8864411791213757e-10-2.711880087219588e-09j),(-1.4725414265748973e-07-2.56235099700919e-07j),(1.075847016327197e-06+1.800477612839823e-07j),(-1.1592702866329437e-08-1.1432389374290732e-06j),(3.55268313409262e-08-2.468999576689889e-08j),(5.258787223041337e-07-4.3163706698488414e-07j),(9.204194329383034e-11+1.5406944969966484e-09j),(1.8001292589944545e-08-9.198407629557226e-08j),(5.594895866339834e-05-2.7876896949401873e-05j),(-4.967261627803237e-07-2.0599277540298618e-06j),(-2.7205826704950795e-12+1.8145990216683627e-12j),(-8.088101705303881e-07+3.6288225113213697e-07j),(-4.05984146560834e-06+1.246445596627115e-06j),(-5.158540139796233e-05+2.5186441117085312e-05j),(-1.2201296302832344e-06+1.5139482673944885e-06j),(-0.0034228147527035776+0.0005327311860748153j),(-0.00010218335321295497+0.00024038685569641546j),(-0.003921169600309112+0.0023287903388642924j),(-0.00016052966713625685-0.0001737329163035565j),(1.4332680170405145e-07-1.7946698096190516e-08j),(0.31204375856943767+0.05146943734809738j),(-5.400065658833813e-08+8.525852469273372e-08j),(0.030301649994262783+0.014807878714313338j),(0.25775791637114737+0.041655000930466854j),(-0.015917492369050986-0.00876520622302115j),(-3.965003025054563e-06-4.990556027932479e-06j),(-0.1808385721241419-0.025587524638277737j),(-0.0065339698486432726-0.003732471661180082j),(0.002284038025361325+0.001708642478874475j),(0.0017594429525886867+0.0006450955835053572j),(-0.00017549616152792727-0.0005593177587922238j),(-0.0019790570034643722+0.0013718887177818454j),(0.007323496265946676-0.0015977748897533484j),(-0.007524699451726533-0.004478202923139123j),(-0.0017091993733959348-0.00016724730903010286j),(0.011359214929407932+0.010844734341758245j),(-0.012587152633020451-0.00631600292597557j),(-0.02356315789002505-0.03073394980083919j),(0.02984998705856215+0.0641232853915739j),(-0.49765796411494045+0.0021577186055829894j),(-0.4637313241339707-0.007561063055277345j),(0.013936315353696535+0.002667147644772273j),(0.002868943963220725-0.0005279113846058949j),(0.0002117829174907582+0.000513564694477439j),(0.020577725809393144-0.01563036089095695j),(-0.017994408891124254+0.007014849980138167j),(0.0014958755312028354-2.2334895741341933e-06j),(-0.010130804826212385-0.0013258788690385269j),(0.018094074788627422-0.0018814397008279297j),(0.033559719527144705-0.0009659307032833207j),(-2.701206429058217e-16+2.4172755228179687e-16j),(-0.08717054300833128+0.05139679032332618j),(0.00031410544365762655+0.07875989539053263j),(0.04832465248057323-0.003655195511117113j),(-0.011799028176142652+0.0041774925007336036j),(-0.026332396484353076+0.014803944730314359j),(-0.09248845425221182-0.006376265661473819j),(0.009125252442548361-0.013872054871168351j),(-0.010449893137325214+0.011660759481028012j),(0.005534121735471365-0.008663607066124077j),(-0.044905378558124036-7.736067739146611e-05j),(0.5344025818069179+0.0019447620406537747j)
94,(-3.3290732749678465e-26+9.436880318004039e-27j),(1.9381268193437538e-25-4.624050779218789e-26j),(-1.4593469572077318e-35+1.3611074455617726e-36j),(6.244054563060012e-35-1.3943604048314878e-35j),(-1.2831796287129938e-31+2.642314798618273e-32j),(5.549992006813917e-09-8.535251265489516e-10j),(6.360784594024377e-25+7.403149428180577e-25j),(-2.799520043771435e-08+3.860736628100273e-09j),(-4.7368686034687235e-08+8.813321447547206e-09j),(-2.685138095331363e-22+5.533660321239604e-23j),(-2.032287360454586e-24+6.745721224649949e-23j),(-6.496490021264755e-11+1.1310133285978533e-11j),(1.2239879724467782e-09-2.122770178143664e-10j),(-9.49862614233324e-13+2.422409451564001e-13j),(5.633915500587477e-12-9.982580706243413e-13j),(-6.115437996478029e-09+9.611767182992942e-10j),(3.2773033695707175e-10-5.178838508797605e-11j),(3.763364990571474e-08-1.6530163669093823e-08j),(-6.105174677386795e-10+1.3795638734963722e-10j),(-2.9046953919282e-07+1.2399528782938804e-07j),(2.0123513138805763e-10+7.309011507034447e-11j),(-8.437716154779644e-09+8.379006277522461e-09j),(3.163477054471861e-09-7.302601258374638e-10j),(-9.71972975582252e-09+3.2785595250003397e-09j),(4.485008679395467e-10-1.4276445253263397e-10j),(-6.090820787929232e-09-2.061373241400055e-07j),(-7.533092699264435e-09+6.003538043151157e-10j),(3.621138668416015e-05+4.458576921453246e-06j),(1.7482925594686613e-08-2.8311002318744697e-09j),(-0.00012273908169767184-9.941998934218362e-06j),(-3.886360589251613e-05-6.530013916855888e-06j),(1.135842956595231e-13+2.4952935082996834e-14j),(-2.5428371946459037e-13-4.3918385106362164e-14j),(1.6953066351936035e-09-1.893583995672992e-09j),(-5.193688677423112e-08-9.450810601523258e-08j),(1.0121852986569755e-06+1.6181006114534773e-07j),(-5.188744308887325e-09-4.5890727972168795e-07j),(-8.57366314127103e-08+7.3237239550286365e-09j),(-1.289240950257877e-06+7.822987133167519e-07j),(2.0214472823120184e-10+6.34921022727954e-10j),(-5.0381890588163815e-08+1.255806366130116e-07j),(3.3514623948767576e-05-1.8668093911404435e-05j),(-2.648528297205992e-07-1.3075913072809861e-06j),(1.7008099897050553e-13-3.2864100103734585e-13j),(6.147609328924464e-07-1.2582187127583798e-07j),(-3.43765346220761e-06+1.8366467795305496e-06j),(-2.8058332934240345e-05+1.2527561303724502e-05j),(-7.437435951002717e-07+4.7628803499286836e-08j),(0.0025310340005546324-0.0005859117025463351j),(1.9015083768064832e-05+1.7408172201639355e-05j),(-0.005058492370977283+0.0019366264549938032j),(5.074019983518488e-05-0.0003277554433387132j),(5.193571653111487e-07+3.9844507720930645e-07j),(0.09813063615817458+0.01703203113180296j),(2.882755530857516e-07+1.6132769626358345e-07j),(0.005233600772677698-0.002519987895983119j),(-0.3940264028944317-0.06823020397875271j),(0.03451482537877683+0.012893731666161782j),(-4.263566322616754e-06-4.818708345456112e-06j),(-0.16734693772986636-0.017629917039447218j),(0.006884884610905288-0.0005150027716576669j),(0.0035850939423799676+0.0010556617762882844j),(0.0020690301275975544+0.0001318387024230364j),(-0.00038214070889945026-0.00042465693402929215j),(-0.0017460181427821479-0.0012310943922232756j),(0.007195475700468206-0.0033421836317459297j),(0.0038176047265100297+0.0021715096782741372j),(0.0010398290351066079+0.0008860089102660682j),(-0.005924150485597777-0.004978282025282397j),(-0.002532206165915969-0.0003929959457986882j),(0.0069431389616265455+0.014055937834464294j),(-0.0039043801794969328-0.0017869544828528871j),(-0.15143182006405229+0.012815364305004882j),(0.6842202080636375+0j),(0.017410085248569858+0.00210221937432104j),(0.0029341692090225895-0.00041035288285826447j),(-0.0008118381717837011+0.0003774039454677689j),(0.0059577197344685-0.10406683889683895j),(-0.0022268239303968257-0.00034097470244112823j),(-0.0006624225433118217-0.0004668091574965294j),(-0.009217807263478973-0.0015023547404653358j),(0.01622668594104326-0.0011781642506972288j),(0.031739319649484544-0.00034183102161377925j),(2.245214395964616e-17-1.002316460465946e-16j),(0.05552193597022844-0.016424961585192882j),(-0.0027078248946337223-0.06797641535627973j),(0.02848984268911831+0.013319210292512845j),(0.019868924640951625-0.008728916457844061j),(0.01707987134359563-0.06301252284312775j),(-0.092656806651399-0.006506422413379131j),(0.034347890846147776-0.028230963754736507j),(-0.0011536043139305954+0.00813320514459179j),(0.028652401649319648-0.03623962871277038j),(-0.04406477800767586-0.011665060974279506j),(0.5261566366475953+0.014252289589248235j)
