,0,1,2,3,4,5,6,7,8,9,10,11,12,13,14,15,16,17,18,19,20,21,22,23,24,25,26,27,28,29,30,31,32,33,34,35,36,37,38,39,40,41,42,43,44,45,46,47,48,49,50,51,52,53,54,55,56,57,58,59,60,61,62,63,64,65,66,67,68,69,70,71,72,73,74,75,76,77,78,79,80,81,82,83,84,85,86,87,88,89,90,91,92,93,94
0,(0.0061095572909452295-1.525041819137967j),(-0.003039975015912276+0.7606593522766047j),(-0.0030399750159122757+0.7606593522766047j),(-0.00478139908042433+2.0042031145445245j),(0.00478139908042433-2.0042031145445245j),0j,0j,0j,0j,0j,0j,0j,0j,0j,0j,0j,0j,0j,0j,0j,0j,0j,0j,0j,0j,0j,0j,0j,0j,0j,0j,0j,0j,0j,0j,0j,0j,0j,0j,0j,0j,0j,0j,0j,0j,0j,0j,0j,0j,0j,0j,0j,0j,0j,0j,0j,0j,0j,0j,0j,0j,0j,0j,0j,0j,0j,0j,0j,0j,0j,0j,0j,0j,0j,0j,0j,0j,0j,0j,0j,0j,0j,0j,0j,0j,0j,0j,0j,0j,0j,0j,0j,0j,0j,0j
1,(-0.003039975015912276+0.7606593522766047j),(0.006109557290945224-1.525041819137968j),(-0.003039975015912272+0.7606593522766056j),0j,(-0.00478139908042433+2.0042031145445245j),(0.00478139908042433-2.0042031145445245j),0j,0j,0j,0j,0j,0j,0j,0j,0j,0j,0j,0j,0j,0j,0j,0j,0j,0j,0j,0j,0j,0j,0j,0j,0j,0j,0j,0j,0j,0j,0j,0j,0j,0j,0j,0j,0j,0j,0j,0j,0j,0j,0j,0j,0j,0j,0j,0j,0j,0j,0j,0j,0j,0j,0j,0j,0j,0j,0j,0j,0j,0j,0j,0j,0j,0j,0j,0j,0j,0j,0j,0j,0j,0j,0j,0j,0j,0j,0j,0j,0j,0j,0j,0j,0j,0j,0j,0j,0j
2,(-0.0030399750159122757+0.7606593522766047j),(-0.003039975015912272+0.7606593522766056j),(0.006109557290945224-1.525041819137968j),(0.00478139908042433-2.0042031145445245j),0j,(-0.00478139908042433+2.0042031145445245j),0j,0j,0j,0j,0j,0j,0j,0j,0j,0j,0j,0j,0j,0j,0j,0j,0j,0j,0j,0j,0j,0j,0j,0j,0j,0j,0j,0j,0j,0j,0j,0j,0j,0j,0j,0j,0j,0j,0j,0j,0j,0j,0j,0j,0j,0j,0j,0j,0j,0j,0j,0j,0j,0j,0j,0j,0j,0j,0j,0j,0j,0j,0j,0j,0j,0j,0j,0j,0j,0j,0j,0j,0j,0j,0j,0j,0j,0j,0j,0j,0j,0j,0j,0j,0j,0j,0j,0j,0j
3,(-0.00478139908042433+2.0042031145445245j),0j,(0.00478139908042433-2.0042031145445245j),(0.025976781073990533-9.669936479334691j),(0.0007825240532820749+0.014086114515846624j),(0.0011794584708436887+0.009914761975907316j),(-0.0030276965936489528+0.05049984896530675j),(-0.0007825240532820749-0.014101796195493703j),(-0.0011794584708436887-0.00992494436608099j),0j,0j,0j,0j,0j,0j,0j,0j,0j,0j,0j,0j,0j,0j,0j,0j,0j,0j,0j,0j,0j,0j,0j,0j,0j,0j,0j,0j,0j,0j,0j,0j,0j,0j,0j,0j,0j,0j,0j,0j,0j,0j,0j,0j,0j,0j,0j,0j,0j,0j,0j,0j,0j,0j,0j,0j,0j,0j,0j,0j,0j,0j,0j,0j,0j,0j,0j,0j,0j,0j,0j,0j,0j,0j,0j,0j,0j,0j,0j,0j,0j,0j,0j,0j,0j,0j
4,(0.00478139908042433-2.0042031145445245j),(-0.00478139908042433+2.0042031145445245j),0j,(0.0007825240532820749+0.014086114515846624j),(0.02592845127279765-9.667960474664836j),(0.001408236203539848+0.007084354789103058j),(-0.0007825240532820749-0.014101796195493703j),(-0.00297936679245607+0.04852141621067099j),(-0.001408236203539848-0.007090716350773536j),0j,0j,0j,0j,0j,0j,0j,0j,0j,0j,0j,0j,0j,0j,0j,0j,0j,0j,0j,0j,0j,0j,0j,0j,0j,0j,0j,0j,0j,0j,0j,0j,0j,0j,0j,0j,0j,0j,0j,0j,0j,0j,0j,0j,0j,0j,0j,0j,0j,0j,0j,0j,0j,0j,0j,0j,0j,0j,0j,0j,0j,0j,0j,0j,0j,0j,0j,0j,0j,0j,0j,0j,0j,0j,0j,0j,0j,0j,0j,0j,0j,0j,0j,0j,0j,0j
5,0j,(0.00478139908042433-2.0042031145445245j),(-0.00478139908042433+2.0042031145445245j),(0.0011794584708436887+0.009914761975907316j),(0.001408236203539848+0.007084354789103058j),(0.026101290039093217-9.666346662582884j),(-0.0011794584708436887-0.00992494436608099j),(-0.001408236203539848-0.007090716350773536j),(-0.003152205558751636+0.04690545459266771j),0j,0j,0j,0j,0j,0j,0j,0j,0j,0j,0j,0j,0j,0j,0j,0j,0j,0j,0j,0j,0j,0j,0j,0j,0j,0j,0j,0j,0j,0j,0j,0j,0j,0j,0j,0j,0j,0j,0j,0j,0j,0j,0j,0j,0j,0j,0j,0j,0j,0j,0j,0j,0j,0j,0j,0j,0j,0j,0j,0j,0j,0j,0j,0j,0j,0j,0j,0j,0j,0j,0j,0j,0j,0j,0j,0j,0j,0j,0j,0j,0j,0j,0j,0j,0j,0j
6,0j,0j,0j,(-0.0030276965936489528+0.05049984896530675j),(-0.0007825240532820749-0.014101796195493703j),(-0.0011794584708436887-0.00992494436608099j),(0.007542989779553172-0.12572049324286855j),(0.0019495252425697942+0.035106023665075585j),(0.002938419658575896+0.02470929636736466j),(-0.004515293185904219+0.0753119134858332j),(-0.0011670011892877194-0.021030424384031073j),(-0.0017589611877322072-0.014801362118201709j),0j,0j,0j,0j,0j,0j,0j,0j,0j,0j,0j,0j,0j,0j,0j,0j,0j,0j,0j,0j,0j,0j,0j,0j,0j,0j,0j,0j,0j,0j,0j,0j,0j,0j,0j,0j,0j,0j,0j,0j,0j,0j,0j,0j,0j,0j,0j,0j,0j,0j,0j,0j,0j,0j,0j,0j,0j,0j,0j,0j,0j,0j,0j,0j,0j,0j,0j,0j,0j,0j,0j,0j,0j,0j,0j,0j,0j,0j,0j,0j,0j,0j,0j
7,0j,0j,0j,(-0.0007825240532820749-0.014101796195493703j),(-0.00297936679245607+0.04852141621067099j),(-0.001408236203539848-0.007090716350773536j),(0.0019495252425697942+0.035106023665075585j),(0.007458977205127792-0.12079821398562755j),(0.003508380368356498+0.01765468341736075j),(-0.0011670011892877194-0.021030424384031073j),(-0.004443217528633909+0.07236141839510472j),(-0.00210014416481665-0.010574594326587122j),0j,0j,0j,0j,0j,0j,0j,0j,0j,0j,0j,0j,0j,0j,0j,0j,0j,0j,0j,0j,0j,0j,0j,0j,0j,0j,0j,0j,0j,0j,0j,0j,0j,0j,0j,0j,0j,0j,0j,0j,0j,0j,0j,0j,0j,0j,0j,0j,0j,0j,0j,0j,0j,0j,0j,0j,0j,0j,0j,0j,0j,0j,0j,0j,0j,0j,0j,0j,0j,0j,0j,0j,0j,0j,0j,0j,0j,0j,0j,0j,0j,0j,0j
8,0j,0j,0j,(-0.0011794584708436887-0.00992494436608099j),(-0.001408236203539848-0.007090716350773536j),(-0.003152205558751636+0.04690545459266771j),(0.002938419658575896+0.02470929636736466j),(0.003508380368356498+0.01765468341736075j),(0.007883496140275127-0.11677541300553206j),(-0.0017589611877322072-0.014801362118201709j),(-0.00210014416481665-0.010574594326587122j),(-0.004700977076057352+0.06995148719600157j),0j,0j,0j,0j,0j,0j,0j,0j,0j,0j,0j,0j,0j,0j,0j,0j,0j,0j,0j,0j,0j,0j,0j,0j,0j,0j,0j,0j,0j,0j,0j,0j,0j,0j,0j,0j,0j,0j,0j,0j,0j,0j,0j,0j,0j,0j,0j,0j,0j,0j,0j,0j,0j,0j,0j,0j,0j,0j,0j,0j,0j,0j,0j,0j,0j,0j,0j,0j,0j,0j,0j,0j,0j,0j,0j,0j,0j,0j,0j,0j,0j,0j,0j
9,0j,0j,0j,0j,0j,0j,(-0.004515293185904219+0.0753119134858332j),(-0.0011670011892877194-0.021030424384031073j),(-0.0017589611877322072-0.014801362118201709j),(0.004757659217912109-0.07863526630867601j),(0.0012296419605402093+0.021952853470829977j),(0.0018533764174801662+0.015461821702724744j),(-0.00024236603200789014+0.004042494890800231j),(-6.264077125249e-05-0.0011288437537813763j),(-9.441522974795903e-05-0.0007944882551811652j),0j,0j,0j,0j,0j,0j,0j,0j,0j,0j,0j,0j,0j,0j,0j,0j,0j,0j,0j,0j,0j,0j,0j,0j,0j,0j,0j,0j,0j,0j,0j,0j,0j,0j,0j,0j,0j,0j,0j,0j,0j,0j,0j,0j,0j,0j,0j,0j,0j,0j,0j,0j,0j,0j,0j,0j,0j,0j,0j,0j,0j,0j,0j,0j,0j,0j,0j,0j,0j,0j,0j,0j,0j,0j,0j,0j,0j,0j,0j,0j
10,0j,0j,0j,0j,0j,0j,(-0.0011670011892877194-0.021030424384031073j),(-0.004443217528633909+0.07236141839510472j),(-0.00210014416481665-0.010574594326587122j),(0.0012296419605402093+0.021952853470829977j),(0.004718107661338698-0.07556095112261561j),(0.0022128729704366562+0.011058467735646187j),(-6.264077125249e-05-0.0011288437537813763j),(-0.00023849724866697682+0.0038841220547170697j),(-0.00011272880562000645-0.0005676093138379062j),0j,0j,0j,0j,0j,0j,0j,0j,0j,0j,0j,0j,0j,0j,0j,0j,0j,0j,0j,0j,0j,0j,0j,0j,0j,0j,0j,0j,0j,0j,0j,0j,0j,0j,0j,0j,0j,0j,0j,0j,0j,0j,0j,0j,0j,0j,0j,0j,0j,0j,0j,0j,0j,0j,0j,0j,0j,0j,0j,0j,0j,0j,0j,0j,0j,0j,0j,0j,0j,0j,0j,0j,0j,0j,0j,0j,0j,0j,0j,0j
11,0j,0j,0j,0j,0j,0j,(-0.0017589611877322072-0.014801362118201709j),(-0.00210014416481665-0.010574594326587122j),(-0.004700977076057352+0.06995148719600157j),(0.0018533764174801662+0.015461821702724744j),(0.0022128729704366562+0.011058467735646187j),(0.004983623511761755-0.07304945761109613j),(-9.441522974795903e-05-0.0007944882551811652j),(-0.00011272880562000645-0.0005676093138379062j),(-0.0002523329302382631+0.003754764903787859j),0j,0j,0j,0j,0j,0j,0j,0j,0j,0j,0j,0j,0j,0j,0j,0j,0j,0j,0j,0j,0j,0j,0j,0j,0j,0j,0j,0j,0j,0j,0j,0j,0j,0j,0j,0j,0j,0j,0j,0j,0j,0j,0j,0j,0j,0j,0j,0j,0j,0j,0j,0j,0j,0j,0j,0j,0j,0j,0j,0j,0j,0j,0j,0j,0j,0j,0j,0j,0j,0j,0j,0j,0j,0j,0j,0j,0j,0j,0j,0j
12,0j,0j,0j,0j,0j,0j,0j,0j,0j,(-0.00024236603200789014+0.004042494890800231j),(-6.264077125249e-05-0.0011288437537813763j),(-9.441522974795903e-05-0.0007944882551811652j),(0.00045067155765093805-0.006040271531454583j),(0.00011647842611829673+0.0016752165096318179j),(0.00017556197254200485+0.001202123626478273j),0j,(-0.00020830552564304793+0.003474389608813105j),(-5.383765486580672e-05-0.0009702035782499666j),(-8.114674279404582e-05-0.0006828361723863725j),0j,0j,0j,0j,0j,0j,0j,0j,0j,0j,0j,0j,0j,0j,0j,0j,0j,0j,0j,0j,0j,0j,0j,0j,0j,0j,0j,0j,0j,0j,0j,0j,0j,0j,0j,0j,0j,0j,0j,0j,0j,0j,0j,0j,0j,0j,0j,0j,0j,0j,0j,0j,0j,0j,0j,0j,0j,0j,0j,0j,0j,0j,0j,0j,0j,0j,0j,0j,0j,0j,0j,0j,0j,0j,0j,0j
13,0j,0j,0j,0j,0j,0j,0j,0j,0j,(-6.264077125249e-05-0.0011288437537813763j),(-0.00023849724866697682+0.0038841220547170697j),(-0.00011272880562000645-0.0005676093138379062j),(0.00011647842611829673+0.0016752165096318179j),(0.0026172149406608423-0.022683466969157937j),(0.00020961545642354804+0.0008835158331577993j),(-0.002154327718519388+0.016968014533139994j),(-5.383765486580672e-05-0.0009702035782499666j),(-0.00020498043532097768+0.003338273435294164j),(-9.688665080354158e-05-0.0004878412849332193j),0j,0j,0j,0j,0j,0j,0j,0j,0j,0j,0j,0j,0j,0j,0j,0j,0j,0j,0j,0j,0j,0j,0j,0j,0j,0j,0j,0j,0j,0j,0j,0j,0j,0j,0j,0j,0j,0j,0j,0j,0j,0j,0j,0j,0j,0j,0j,0j,0j,0j,0j,0j,0j,0j,0j,0j,0j,0j,0j,0j,0j,0j,0j,0j,0j,0j,0j,0j,0j,0j,0j,0j,0j,0j,0j,0j
14,0j,0j,0j,0j,0j,0j,0j,0j,0j,(-9.441522974795903e-05-0.0007944882551811652j),(-0.00011272880562000645-0.0005676093138379062j),(-0.0002523329302382631+0.003754764903787859j),(0.00017556197254200485+0.001202123626478273j),(0.00020961545642354804+0.0008835158331577993j),(0.0004692046726803757-0.00562896717307115j),0j,(-8.114674279404582e-05-0.0006828361723863725j),(-9.688665080354158e-05-0.0004878412849332193j),(-0.00021687174244211255+0.0032270952759755394j),0j,0j,0j,0j,0j,0j,0j,0j,0j,0j,0j,0j,0j,0j,0j,0j,0j,0j,0j,0j,0j,0j,0j,0j,0j,0j,0j,0j,0j,0j,0j,0j,0j,0j,0j,0j,0j,0j,0j,0j,0j,0j,0j,0j,0j,0j,0j,0j,0j,0j,0j,0j,0j,0j,0j,0j,0j,0j,0j,0j,0j,0j,0j,0j,0j,0j,0j,0j,0j,0j,0j,0j,0j,0j,0j,0j
15,0j,0j,0j,0j,0j,0j,0j,0j,0j,0j,0j,0j,0j,(-0.002154327718519388+0.016968014533139994j),0j,(0.0021737372566728876-0.016872060279927673j),0j,0j,0j,0j,0j,0j,0j,0j,0j,0j,0j,0j,0j,0j,0j,0j,0j,0j,0j,0j,0j,0j,0j,0j,0j,0j,0j,0j,0j,0j,0j,0j,0j,0j,0j,0j,0j,0j,0j,0j,0j,0j,0j,0j,0j,0j,0j,0j,0j,0j,0j,0j,0j,0j,0j,0j,0j,0j,0j,0j,0j,0j,0j,0j,0j,0j,0j,0j,0j,0j,0j,0j,0j,0j,0j,0j,0j,0j,0j
16,0j,0j,0j,0j,0j,0j,0j,0j,0j,0j,0j,0j,(-0.00020830552564304793+0.003474389608813105j),(-5.383765486580672e-05-0.0009702035782499666j),(-8.114674279404582e-05-0.0006828361723863725j),0j,(0.00047105215233710454-0.006433145887535911j),(0.00012174589763296956+0.001785336570172276j),(0.00018350136286726204+0.001278798915912338j),(-0.0002627466266940566+0.004382428870854068j),(-6.790824276716283e-05-0.0012237683883072237j),(-0.0001023546200732162-0.000861296887470197j),0j,0j,0j,0j,0j,0j,0j,0j,0j,0j,0j,0j,0j,0j,0j,0j,0j,0j,0j,0j,0j,0j,0j,0j,0j,0j,0j,0j,0j,0j,0j,0j,0j,0j,0j,0j,0j,0j,0j,0j,0j,0j,0j,0j,0j,0j,0j,0j,0j,0j,0j,0j,0j,0j,0j,0j,0j,0j,0j,0j,0j,0j,0j,0j,0j,0j,0j,0j,0j,0j,0j,0j,0j
17,0j,0j,0j,0j,0j,0j,0j,0j,0j,0j,0j,0j,(-5.383765486580672e-05-0.0009702035782499666j),(-0.00020498043532097768+0.003338273435294164j),(-9.688665080354158e-05-0.0004878412849332193j),0j,(0.00012174589763296956+0.001785336570172276j),(0.0004635329521234218-0.006188610655287898j),(0.0002190948379926707+0.0009374104863988906j),(-6.790824276716283e-05-0.0012237683883072237j),(-0.0002585525168024441+0.0042107384400784115j),(-0.0001222081871891291-0.0006153396631347367j),0j,0j,0j,0j,0j,0j,0j,0j,0j,0j,0j,0j,0j,0j,0j,0j,0j,0j,0j,0j,0j,0j,0j,0j,0j,0j,0j,0j,0j,0j,0j,0j,0j,0j,0j,0j,0j,0j,0j,0j,0j,0j,0j,0j,0j,0j,0j,0j,0j,0j,0j,0j,0j,0j,0j,0j,0j,0j,0j,0j,0j,0j,0j,0j,0j,0j,0j,0j,0j,0j,0j,0j,0j
18,0j,0j,0j,0j,0j,0j,0j,0j,0j,0j,0j,0j,(-8.114674279404582e-05-0.0006828361723863725j),(-9.688665080354158e-05-0.0004878412849332193j),(-0.00021687174244211255+0.0032270952759755394j),0j,(0.00018350136286726204+0.001278798915912338j),(0.0002190948379926707+0.0009374104863988906j),(0.0004904233852802968-0.005993210593828431j),(-0.0001023546200732162-0.000861296887470197j),(-0.0001222081871891291-0.0006153396631347367j),(-0.00027355164283818435+0.004070503627617985j),0j,0j,0j,0j,0j,0j,0j,0j,0j,0j,0j,0j,0j,0j,0j,0j,0j,0j,0j,0j,0j,0j,0j,0j,0j,0j,0j,0j,0j,0j,0j,0j,0j,0j,0j,0j,0j,0j,0j,0j,0j,0j,0j,0j,0j,0j,0j,0j,0j,0j,0j,0j,0j,0j,0j,0j,0j,0j,0j,0j,0j,0j,0j,0j,0j,0j,0j,0j,0j,0j,0j,0j,0j
19,0j,0j,0j,0j,0j,0j,0j,0j,0j,0j,0j,0j,0j,0j,0j,0j,(-0.0002627466266940566+0.004382428870854068j),(-6.790824276716283e-05-0.0012237683883072237j),(-0.0001023546200732162-0.000861296887470197j),(0.0024656773201611097-0.2346016892251651j),(6.790824276716283e-05+0.0010430643821414717j),(0.0001023546200732162+0.0007439626007014628j),(-0.0020256833962915438+0.21227473923638396j),0j,0j,0j,0j,0j,0j,0j,0j,0j,0j,0j,0j,0j,0j,0j,0j,0j,0j,0j,0j,0j,0j,0j,0j,0j,0j,0j,0j,0j,0j,0j,0j,0j,0j,0j,0j,0j,0j,0j,0j,0j,0j,0j,0j,0j,0j,0j,0j,0j,0j,0j,0j,0j,0j,0j,0j,0j,0j,0j,0j,0j,0j,0j,0j,0j,0j,0j,0j,0j,0j,0j,0j
20,0j,0j,0j,0j,0j,0j,0j,0j,0j,0j,0j,0j,0j,0j,0j,0j,(-6.790824276716283e-05-0.0012237683883072237j),(-0.0002585525168024441+0.0042107384400784115j),(-0.0001222081871891291-0.0006153396631347367j),(6.790824276716283e-05+0.0010430643821414717j),(0.0024614832102694975-0.23445797823646808j),(0.0001222081871891291+0.0005420337606295855j),0j,(-0.0021492006765532227+0.22521832089713903j),0j,0j,0j,0j,0j,0j,0j,0j,0j,0j,0j,0j,0j,0j,0j,0j,0j,0j,0j,0j,0j,0j,0j,0j,0j,0j,0j,0j,0j,0j,0j,0j,0j,0j,0j,0j,0j,0j,0j,0j,0j,0j,0j,0j,0j,0j,0j,0j,0j,0j,0j,0j,0j,0j,0j,0j,0j,0j,0j,0j,0j,0j,0j,0j,0j,0j,0j,0j,0j,0j,0j
21,0j,0j,0j,0j,0j,0j,0j,0j,0j,0j,0j,0j,0j,0j,0j,0j,(-0.0001023546200732162-0.000861296887470197j),(-0.0001222081871891291-0.0006153396631347367j),(-0.00027355164283818435+0.004070503627617985j),(0.0001023546200732162+0.0007439626007014628j),(0.0001222081871891291+0.0005420337606295855j),(0.002476482336305238-0.2343425130777902j),0j,0j,(-0.0021361752179074457+0.22385336137655032j),0j,0j,0j,0j,0j,0j,0j,0j,0j,0j,0j,0j,0j,0j,0j,0j,0j,0j,0j,0j,0j,0j,0j,0j,0j,0j,0j,0j,0j,0j,0j,0j,0j,0j,0j,0j,0j,0j,0j,0j,0j,0j,0j,0j,0j,0j,0j,0j,0j,0j,0j,0j,0j,0j,0j,0j,0j,0j,0j,0j,0j,0j,0j,0j,0j,0j,0j,0j,0j,0j
22,0j,0j,0j,0j,0j,0j,0j,0j,0j,0j,0j,0j,0j,0j,0j,0j,0j,0j,0j,(-0.0020256833962915438+0.21227473923638396j),0j,0j,(0.887347140562446-12.849236306199275j),(0.027698783264423044+3.7988780332778007j),(0.1485739150561058+2.7755668433374314j),(-0.8854844431865457+12.654041298551917j),(-0.027698783264423044-3.7988780902926504j),(-0.1485739150561058-2.7755668806566756j),0j,0j,0j,0j,0j,0j,0j,0j,0j,0j,0j,0j,0j,0j,0j,0j,0j,0j,0j,0j,0j,0j,0j,0j,0j,0j,0j,0j,0j,0j,0j,0j,0j,0j,0j,0j,0j,0j,0j,0j,0j,0j,0j,0j,0j,0j,0j,0j,0j,0j,0j,0j,0j,0j,0j,0j,0j,0j,0j,0j,0j,0j,0j,0j,0j,0j,0j
23,0j,0j,0j,0j,0j,0j,0j,0j,0j,0j,0j,0j,0j,0j,0j,0j,0j,0j,0j,0j,(-0.0021492006765532227+0.22521832089713903j),0j,(0.027698783264423044+3.7988780332778007j),(0.8636188006272919-12.40947116746738j),(0.23158843753927827+2.0434901095754103j),(-0.027698783264423044-3.7988780902926504j),(-0.8615220194794351+12.18974612267517j),(-0.23158843753927827-2.043490133196642j),0j,0j,0j,0j,0j,0j,0j,0j,0j,0j,0j,0j,0j,0j,0j,0j,0j,0j,0j,0j,0j,0j,0j,0j,0j,0j,0j,0j,0j,0j,0j,0j,0j,0j,0j,0j,0j,0j,0j,0j,0j,0j,0j,0j,0j,0j,0j,0j,0j,0j,0j,0j,0j,0j,0j,0j,0j,0j,0j,0j,0j,0j,0j,0j,0j,0j,0j
24,0j,0j,0j,0j,0j,0j,0j,0j,0j,0j,0j,0j,0j,0j,0j,0j,0j,0j,0j,0j,0j,(-0.0021361752179074457+0.22385336137655032j),(0.1485739150561058+2.7755668433374314j),(0.23158843753927827+2.0434901095754103j),(0.8671064865527829-11.937520641606458j),(-0.1485739150561058-2.7755668806566756j),(-0.23158843753927827-2.043490133196642j),(-0.8650350439172363+11.720450854204472j),0j,0j,0j,0j,0j,0j,0j,0j,0j,0j,0j,0j,0j,0j,0j,0j,0j,0j,0j,0j,0j,0j,0j,0j,0j,0j,0j,0j,0j,0j,0j,0j,0j,0j,0j,0j,0j,0j,0j,0j,0j,0j,0j,0j,0j,0j,0j,0j,0j,0j,0j,0j,0j,0j,0j,0j,0j,0j,0j,0j,0j,0j,0j,0j,0j,0j,0j
25,0j,0j,0j,0j,0j,0j,0j,0j,0j,0j,0j,0j,0j,0j,0j,0j,0j,0j,0j,0j,0j,0j,(-0.8854844431865457+12.654041298551917j),(-0.027698783264423044-3.7988780902926504j),(-0.1485739150561058-2.7755668806566756j),(0.9140484574828859-13.062229674980113j),(0.02859229240198509+3.921420720343022j),(0.15336662199339954+2.865100101945924j),(-0.02856401429634019+0.40819488059844905j),0j,(-0.0008935091375620458-0.12254445452556942j),(-0.00479270693729374-0.08953441550505405j),0j,0j,0j,0j,0j,0j,0j,0j,0j,0j,0j,0j,0j,0j,0j,0j,0j,0j,0j,0j,0j,0j,0j,0j,0j,0j,0j,0j,0j,0j,0j,0j,0j,0j,0j,0j,0j,0j,0j,0j,0j,0j,0j,0j,0j,0j,0j,0j,0j,0j,0j,0j,0j,0j,0j,0j,0j,0j,0j,0j,0j,0j,0j
26,0j,0j,0j,0j,0j,0j,0j,0j,0j,0j,0j,0j,0j,0j,0j,0j,0j,0j,0j,0j,0j,0j,(-0.027698783264423044-3.7988780902926504j),(-0.8615220194794351+12.18974612267517j),(-0.23158843753927827-2.043490133196642j),(0.02859229240198509+3.921420720343022j),(0.8893130523658684-12.582957508706444j),(0.2390590322986098+2.109408413871959j),(-0.0008935091375620458-0.12254445452556942j),0j,(-0.027791032886433392+0.3932176168604895j),(-0.007470594759331551-0.06591903655473041j),0j,0j,0j,0j,0j,0j,0j,0j,0j,0j,0j,0j,0j,0j,0j,0j,0j,0j,0j,0j,0j,0j,0j,0j,0j,0j,0j,0j,0j,0j,0j,0j,0j,0j,0j,0j,0j,0j,0j,0j,0j,0j,0j,0j,0j,0j,0j,0j,0j,0j,0j,0j,0j,0j,0j,0j,0j,0j,0j,0j,0j,0j,0j
27,0j,0j,0j,0j,0j,0j,0j,0j,0j,0j,0j,0j,0j,0j,0j,0j,0j,0j,0j,0j,0j,0j,(-0.1485739150561058-2.7755668806566756j),(-0.23158843753927827-2.043490133196642j),(-0.8650350439172363+11.720450854204472j),(0.15336662199339954+2.865100101945924j),(0.2390590322986098+2.109408413871959j),(0.892939400172631-12.098523924648017j),(-0.00479270693729374-0.08953441550505405j),0j,(-0.007470594759331551-0.06591903655473041j),(-0.027904356255394707+0.37807905981304746j),0j,0j,0j,0j,0j,0j,0j,0j,0j,0j,0j,0j,0j,0j,0j,0j,0j,0j,0j,0j,0j,0j,0j,0j,0j,0j,0j,0j,0j,0j,0j,0j,0j,0j,0j,0j,0j,0j,0j,0j,0j,0j,0j,0j,0j,0j,0j,0j,0j,0j,0j,0j,0j,0j,0j,0j,0j,0j,0j,0j,0j,0j,0j
28,0j,0j,0j,0j,0j,0j,0j,0j,0j,0j,0j,0j,0j,0j,0j,0j,0j,0j,0j,0j,0j,0j,0j,0j,0j,(-0.02856401429634019+0.40819488059844905j),(-0.0008935091375620458-0.12254445452556942j),(-0.00479270693729374-0.08953441550505405j),(0.03674340186831099-0.4779381715329491j),(-0.00731211583525528+0.05759202125751142j),(0.0009206382102989932+0.1262052174012646j),(0.004938224973587673+0.09221363448577635j),(-0.00086727173671552+0.012393772084771715j),(-2.7129072736947356e-05-0.0037207424978380533j),(-0.00014551803629393308-0.002718478825324854j),0j,0j,0j,0j,0j,0j,0j,0j,0j,0j,0j,0j,0j,0j,0j,0j,0j,0j,0j,0j,0j,0j,0j,0j,0j,0j,0j,0j,0j,0j,0j,0j,0j,0j,0j,0j,0j,0j,0j,0j,0j,0j,0j,0j,0j,0j,0j,0j,0j,0j,0j,0j,0j,0j,0j,0j,0j,0j,0j,0j
29,0j,0j,0j,0j,0j,0j,0j,0j,0j,0j,0j,0j,0j,0j,0j,0j,0j,0j,0j,0j,0j,0j,0j,0j,0j,0j,0j,0j,(-0.00731211583525528+0.05759202125751142j),(0.007613043722279785-0.058804098808462525j),0j,0j,0j,0j,0j,(-0.00025968261844831845+0.00204532411942564j),0j,0j,0j,0j,0j,0j,0j,0j,0j,0j,0j,0j,0j,0j,0j,0j,0j,0j,0j,0j,0j,0j,0j,0j,0j,0j,0j,0j,0j,0j,0j,0j,0j,0j,0j,0j,0j,0j,0j,0j,0j,0j,0j,0j,0j,0j,0j,0j,0j,0j,0j,0j,0j,0j,0j,0j,0j,0j,0j
30,0j,0j,0j,0j,0j,0j,0j,0j,0j,0j,0j,0j,0j,0j,0j,0j,0j,0j,0j,0j,0j,0j,0j,0j,0j,(-0.0008935091375620458-0.12254445452556942j),(-0.027791032886433392+0.3932176168604895j),(-0.007470594759331551-0.06591903655473041j),(0.0009206382102989932+0.1262052174012646j),0j,(0.028636859446379805-0.40495196314292076j),(0.0076953954834387255+0.06789580473114473j),(-2.7129072736947356e-05-0.0037207424978380533j),(-0.0008438021738290257+0.011939026564814078j),(-0.00022682511022456228-0.002001459484031971j),0j,0j,0j,0j,0j,0j,0j,0j,0j,0j,0j,0j,0j,0j,0j,0j,0j,0j,0j,0j,0j,0j,0j,0j,0j,0j,0j,0j,0j,0j,0j,0j,0j,0j,0j,0j,0j,0j,0j,0j,0j,0j,0j,0j,0j,0j,0j,0j,0j,0j,0j,0j,0j,0j,0j,0j,0j,0j,0j,0j
31,0j,0j,0j,0j,0j,0j,0j,0j,0j,0j,0j,0j,0j,0j,0j,0j,0j,0j,0j,0j,0j,0j,0j,0j,0j,(-0.00479270693729374-0.08953441550505405j),(-0.007470594759331551-0.06591903655473041j),(-0.027904356255394707+0.37807905981304746j),(0.004938224973587673+0.09221363448577635j),0j,(0.0076953954834387255+0.06789580473114473j),(0.02875362358364455-0.38936170131327996j),(-0.00014551803629393308-0.002718478825324854j),(-0.00022682511022456228-0.002001459484031971j),(-0.0008472429421324545+0.011479383794519559j),0j,0j,0j,0j,0j,0j,0j,0j,0j,0j,0j,0j,0j,0j,0j,0j,0j,0j,0j,0j,0j,0j,0j,0j,0j,0j,0j,0j,0j,0j,0j,0j,0j,0j,0j,0j,0j,0j,0j,0j,0j,0j,0j,0j,0j,0j,0j,0j,0j,0j,0j,0j,0j,0j,0j,0j,0j,0j,0j,0j
32,0j,0j,0j,0j,0j,0j,0j,0j,0j,0j,0j,0j,0j,0j,0j,0j,0j,0j,0j,0j,0j,0j,0j,0j,0j,0j,0j,0j,(-0.00086727173671552+0.012393772084771715j),0j,(-2.7129072736947356e-05-0.0037207424978380533j),(-0.00014551803629393308-0.002718478825324854j),(0.011408753203222015-0.16281252374802602j),(0.00035687649255151114+0.0488824802587987j),(0.0019142551202951923+0.03571970392575504j),0j,0j,0j,(-0.010541481466506495+0.15064334879228478j),(-0.0003297474198145638-0.04522473917015063j),(-0.0017687370840012593-0.03304246286496043j),0j,0j,0j,0j,0j,0j,0j,0j,0j,0j,0j,0j,0j,0j,0j,0j,0j,0j,0j,0j,0j,0j,0j,0j,0j,0j,0j,0j,0j,0j,0j,0j,0j,0j,0j,0j,0j,0j,0j,0j,0j,0j,0j,0j,0j,0j,0j,0j,0j,0j,0j,0j,0j,0j
33,0j,0j,0j,0j,0j,0j,0j,0j,0j,0j,0j,0j,0j,0j,0j,0j,0j,0j,0j,0j,0j,0j,0j,0j,0j,0j,0j,0j,(-2.7129072736947356e-05-0.0037207424978380533j),0j,(-0.0008438021738290257+0.011939026564814078j),(-0.00022682511022456228-0.002001459484031971j),(0.00035687649255151114+0.0488824802587987j),(0.015277204552740021-0.1892951210037037j),(0.002981805932908106+0.026302779741572024j),0j,0j,(-0.004126639629797536+0.032502427838397546j),(-0.0003297474198145638-0.04522473917015063j),(-0.010256214517612322+0.14511602526994255j),(-0.0027570052088009313-0.02432726349043622j),0j,0j,0j,0j,0j,0j,0j,0j,0j,0j,0j,0j,0j,0j,0j,0j,0j,0j,0j,0j,0j,0j,0j,0j,0j,0j,0j,0j,0j,0j,0j,0j,0j,0j,0j,0j,0j,0j,0j,0j,0j,0j,0j,0j,0j,0j,0j,0j,0j,0j,0j,0j,0j,0j
34,0j,0j,0j,0j,0j,0j,0j,0j,0j,0j,0j,0j,0j,0j,0j,0j,0j,0j,0j,0j,0j,0j,0j,0j,0j,0j,0j,0j,(-0.00014551803629393308-0.002718478825324854j),0j,(-0.00022682511022456228-0.002001459484031971j),(-0.0008472429421324545+0.011479383794519559j),(0.0019142551202951923+0.03571970392575504j),(0.002981805932908106+0.026302779741572024j),(0.011152155949898173-0.1508022440919583j),0j,0j,0j,(-0.0017687370840012593-0.03304246286496043j),(-0.0027570052088009313-0.02432726349043622j),(-0.010298036237109955+0.13952917683576754j),0j,0j,0j,0j,0j,0j,0j,0j,0j,0j,0j,0j,0j,0j,0j,0j,0j,0j,0j,0j,0j,0j,0j,0j,0j,0j,0j,0j,0j,0j,0j,0j,0j,0j,0j,0j,0j,0j,0j,0j,0j,0j,0j,0j,0j,0j,0j,0j,0j,0j,0j,0j,0j,0j
35,0j,0j,0j,0j,0j,0j,0j,0j,0j,0j,0j,0j,0j,0j,0j,0j,0j,0j,0j,0j,0j,0j,0j,0j,0j,0j,0j,0j,0j,(-0.00025968261844831845+0.00204532411942564j),0j,0j,0j,0j,0j,(0.001374693062594664-0.00818942625882399j),(-0.000910023149802513+0.007167565964362776j),0j,0j,0j,0j,0j,0j,0j,0j,0j,0j,0j,0j,0j,0j,0j,0j,0j,0j,0j,0j,0j,0j,0j,0j,0j,0j,0j,0j,0j,0j,0j,0j,0j,0j,0j,0j,0j,0j,0j,0j,0j,0j,0j,0j,0j,0j,0j,0j,0j,0j,0j,0j,0j,0j,0j,0j,0j,0j
36,0j,0j,0j,0j,0j,0j,0j,0j,0j,0j,0j,0j,0j,0j,0j,0j,0j,0j,0j,0j,0j,0j,0j,0j,0j,0j,0j,0j,0j,0j,0j,0j,0j,0j,0j,(-0.000910023149802513+0.007167565964362776j),(0.0010737651755701584-0.006948670897139639j),0j,0j,0j,0j,0j,0j,0j,0j,0j,0j,0j,0j,0j,0j,0j,0j,0j,0j,0j,0j,0j,0j,0j,0j,0j,0j,0j,0j,0j,0j,0j,0j,0j,0j,0j,0j,0j,0j,0j,0j,0j,0j,0j,0j,0j,0j,0j,0j,0j,0j,0j,0j,0j,0j,0j,0j,0j,0j
37,0j,0j,0j,0j,0j,0j,0j,0j,0j,0j,0j,0j,0j,0j,0j,0j,0j,0j,0j,0j,0j,0j,0j,0j,0j,0j,0j,0j,0j,0j,0j,0j,0j,(-0.004126639629797536+0.032502427838397546j),0j,0j,0j,(0.004175163475181286-0.03245506926221918j),0j,0j,0j,0j,0j,0j,0j,0j,0j,0j,0j,0j,0j,0j,0j,0j,0j,0j,0j,0j,0j,0j,0j,0j,0j,0j,0j,0j,0j,0j,0j,0j,0j,0j,0j,0j,0j,0j,0j,0j,0j,0j,0j,0j,0j,0j,0j,0j,0j,0j,0j,0j,0j,0j,0j,0j,0j
38,0j,0j,0j,0j,0j,0j,0j,0j,0j,0j,0j,0j,0j,0j,0j,0j,0j,0j,0j,0j,0j,0j,0j,0j,0j,0j,0j,0j,0j,0j,0j,0j,(-0.010541481466506495+0.15064334879228478j),(-0.0003297474198145638-0.04522473917015063j),(-0.0017687370840012593-0.03304246286496043j),0j,0j,0j,(0.01098319162663996-0.15640228681159518j),(0.00034329868364255947+0.04696196249426691j),(0.001841424909371174+0.03432095694670787j),(-0.0004332115671167053+0.006190822553107592j),(-1.3551263827995711e-05-0.0018585509248007107j),(-7.268782536991475e-05-0.0013579094328065922j),0j,0j,0j,0j,0j,0j,0j,0j,0j,0j,0j,0j,0j,0j,0j,0j,0j,0j,0j,0j,0j,0j,0j,0j,0j,0j,0j,0j,0j,0j,0j,0j,0j,0j,0j,0j,0j,0j,0j,0j,0j,0j,0j,0j,0j,0j,0j,0j,0j,0j,0j
39,0j,0j,0j,0j,0j,0j,0j,0j,0j,0j,0j,0j,0j,0j,0j,0j,0j,0j,0j,0j,0j,0j,0j,0j,0j,0j,0j,0j,0j,0j,0j,0j,(-0.0003297474198145638-0.04522473917015063j),(-0.010256214517612322+0.14511602526994255j),(-0.0027570052088009313-0.02432726349043622j),0j,0j,0j,(0.00034329868364255947+0.04696196249426691j),(0.010677702785459405-0.15066534739843396j),(0.0028703067927242573+0.02527674806384394j),(-1.3551263827995711e-05-0.0018585509248007107j),(-0.0004214882678470818+0.005963672271367502j),(-0.00011330158392332592-0.000999750554401489j),0j,0j,0j,0j,0j,0j,0j,0j,0j,0j,0j,0j,0j,0j,0j,0j,0j,0j,0j,0j,0j,0j,0j,0j,0j,0j,0j,0j,0j,0j,0j,0j,0j,0j,0j,0j,0j,0j,0j,0j,0j,0j,0j,0j,0j,0j,0j,0j,0j,0j,0j
40,0j,0j,0j,0j,0j,0j,0j,0j,0j,0j,0j,0j,0j,0j,0j,0j,0j,0j,0j,0j,0j,0j,0j,0j,0j,0j,0j,0j,0j,0j,0j,0j,(-0.0017687370840012593-0.03304246286496043j),(-0.0027570052088009313-0.02432726349043622j),(-0.010298036237109955+0.13952917683576754j),0j,0j,0j,(0.001841424909371174+0.03432095694670787j),(0.0028703067927242573+0.02527674806384394j),(0.010726095590296685-0.1448653051734388j),(-7.268782536991475e-05-0.0013579094328065922j),(-0.00011330158392332592-0.000999750554401489j),(-0.0004232069686483542+0.005734075760374007j),0j,0j,0j,0j,0j,0j,0j,0j,0j,0j,0j,0j,0j,0j,0j,0j,0j,0j,0j,0j,0j,0j,0j,0j,0j,0j,0j,0j,0j,0j,0j,0j,0j,0j,0j,0j,0j,0j,0j,0j,0j,0j,0j,0j,0j,0j,0j,0j,0j,0j,0j
41,0j,0j,0j,0j,0j,0j,0j,0j,0j,0j,0j,0j,0j,0j,0j,0j,0j,0j,0j,0j,0j,0j,0j,0j,0j,0j,0j,0j,0j,0j,0j,0j,0j,0j,0j,0j,0j,0j,(-0.0004332115671167053+0.006190822553107592j),(-1.3551263827995711e-05-0.0018585509248007107j),(-7.268782536991475e-05-0.0013579094328065922j),(0.017498588288809885-0.24911454859988463j),(0.0005381328896133159+0.07479497176981233j),(0.0029096346383519203+0.054657556745019265j),(-0.017028546984356647+0.2433469480490754j),(-0.0005326689089312211-0.07305534789024333j),(-0.002857190674155881-0.053376286166474524j),0j,0j,0j,0j,0j,0j,0j,0j,0j,0j,0j,0j,0j,0j,0j,0j,0j,0j,0j,0j,0j,0j,0j,0j,0j,0j,0j,0j,0j,0j,0j,0j,0j,0j,0j,0j,0j,0j,0j,0j,0j,0j,0j,0j,0j,0j,0j,0j
42,0j,0j,0j,0j,0j,0j,0j,0j,0j,0j,0j,0j,0j,0j,0j,0j,0j,0j,0j,0j,0j,0j,0j,0j,0j,0j,0j,0j,0j,0j,0j,0j,0j,0j,0j,0j,0j,0j,(-1.3551263827995711e-05-0.0018585509248007107j),(-0.0004214882678470818+0.005963672271367502j),(-0.00011330158392332592-0.000999750554401489j),(0.0005381328896133159+0.07479497176981233j),(0.017005393977974164-0.2399748997850468j),(0.004558838099609697+0.04024870370993414j),(-0.0005326689089312211-0.07305534789024333j),(-0.016567731143835283+0.23441819466683028j),(-0.004453623798832272-0.03929788717685852j),0j,0j,0j,0j,0j,0j,0j,0j,0j,0j,0j,0j,0j,0j,0j,0j,0j,0j,0j,0j,0j,0j,0j,0j,0j,0j,0j,0j,0j,0j,0j,0j,0j,0j,0j,0j,0j,0j,0j,0j,0j,0j,0j,0j,0j,0j,0j,0j
43,0j,0j,0j,0j,0j,0j,0j,0j,0j,0j,0j,0j,0j,0j,0j,0j,0j,0j,0j,0j,0j,0j,0j,0j,0j,0j,0j,0j,0j,0j,0j,0j,0j,0j,0j,0j,0j,0j,(-7.268782536991475e-05-0.0013579094328065922j),(-0.00011330158392332592-0.000999750554401489j),(-0.0004232069686483542+0.005734075760374007j),(0.0029096346383519203+0.054657556745019265j),(0.004558838099609697+0.04024870370993414j),(0.017086827419068824-0.23073721607700184j),(-0.002857190674155881-0.053376286166474524j),(-0.004453623798832272-0.03929788717685852j),(-0.016635289306100694+0.22539328565777828j),0j,0j,0j,0j,0j,0j,0j,0j,0j,0j,0j,0j,0j,0j,0j,0j,0j,0j,0j,0j,0j,0j,0j,0j,0j,0j,0j,0j,0j,0j,0j,0j,0j,0j,0j,0j,0j,0j,0j,0j,0j,0j,0j,0j,0j,0j,0j,0j
44,0j,0j,0j,0j,0j,0j,0j,0j,0j,0j,0j,0j,0j,0j,0j,0j,0j,0j,0j,0j,0j,0j,0j,0j,0j,0j,0j,0j,0j,0j,0j,0j,0j,0j,0j,0j,0j,0j,0j,0j,0j,(-0.017028546984356647+0.2433469480490754j),(-0.0005326689089312211-0.07305534789024333j),(-0.002857190674155881-0.053376286166474524j),(0.0172689717585045-0.2460235866846976j),(0.0005401896211941653+0.07387386038803465j),(0.0028975311343937596+0.053990514560369116j),0j,0j,0j,0j,0j,0j,0j,0j,0j,0j,0j,0j,0j,0j,0j,0j,0j,0j,0j,0j,0j,0j,0j,0j,0j,0j,0j,0j,0j,0j,0j,0j,0j,0j,0j,0j,0j,0j,0j,0j,(-0.00024042477414785388+0.0034357972572771982j),(-7.5207122629441635e-06-0.0010314629623384881j),(-4.034046023787833e-05-0.0007536157699312181j),0j,0j,0j,0j,0j
45,0j,0j,0j,0j,0j,0j,0j,0j,0j,0j,0j,0j,0j,0j,0j,0j,0j,0j,0j,0j,0j,0j,0j,0j,0j,0j,0j,0j,0j,0j,0j,0j,0j,0j,0j,0j,0j,0j,0j,0j,0j,(-0.0005326689089312211-0.07305534789024333j),(-0.016567731143835283+0.23441819466683028j),(-0.004453623798832272-0.03929788717685852j),(0.0005401896211941653+0.07387386038803465j),(0.01734245227456766-0.24083103477858533j),(0.004516504178289041+0.03976450579001027j),0j,0j,0j,0j,0j,0j,0j,0j,0j,0j,0j,0j,0j,0j,0j,0j,0j,0j,0j,0j,0j,0j,0j,0j,0j,0j,0j,0j,0j,0j,0j,0j,0j,0j,0j,0j,0j,0j,0j,(-0.0005359501962403141+0.004221275454365389j),(-7.5207122629441635e-06-0.0010314629623384881j),(-0.00023391854995368858+0.003309732859808627j),(-6.288037945676846e-05-0.000554843913439219j),0j,0j,0j,0j,0j
46,0j,0j,0j,0j,0j,0j,0j,0j,0j,0j,0j,0j,0j,0j,0j,0j,0j,0j,0j,0j,0j,0j,0j,0j,0j,0j,0j,0j,0j,0j,0j,0j,0j,0j,0j,0j,0j,0j,0j,0j,0j,(-0.002857190674155881-0.053376286166474524j),(-0.004453623798832272-0.03929788717685852j),(-0.016635289306100694+0.22539328565777828j),(0.0028975311343937596+0.053990514560369116j),(0.004516504178289041+0.03976450579001027j),(0.01687016170466633-0.2278765247844656j),0j,0j,0j,0j,0j,0j,0j,0j,0j,0j,0j,0j,0j,0j,0j,0j,0j,0j,0j,0j,0j,0j,0j,0j,0j,0j,0j,0j,0j,0j,0j,0j,0j,0j,0j,0j,0j,0j,0j,0j,(-4.034046023787833e-05-0.0007536157699312181j),(-6.288037945676846e-05-0.000554843913439219j),(-0.0002348723985656357+0.0031823108482770773j),0j,0j,0j,0j,0j
47,0j,0j,0j,0j,0j,0j,0j,0j,0j,0j,0j,0j,0j,0j,0j,0j,0j,0j,0j,0j,0j,0j,0j,0j,0j,0j,0j,0j,0j,0j,0j,0j,0j,0j,0j,0j,0j,0j,0j,0j,0j,0j,0j,0j,0j,0j,0j,(0.887299625295754-12.68023777711097j),(0.027755311393534113+3.806602908430496j),(0.14887712712764886+2.781212979113333j),(-0.00180711110854397+0.025824574078677377j),(-5.6528129111068e-05-0.007752812429168672j),(-0.0003032120715430726-0.005664422205421785j),0j,0j,0j,0j,0j,0j,0j,0j,0j,0j,0j,0j,0j,0j,0j,0j,0j,0j,0j,0j,0j,0j,0j,0j,0j,0j,0j,(-0.8854844431865457+12.654041298551917j),(-0.027698783264423044-3.7988780902926504j),(-0.1485739150561058-2.7755668806566756j),(-3.135331910571962e-05+0.0028221287544527114j),0j,0j,0j,0j,0j,0j,0j,0j,0j,0j,0j
48,0j,0j,0j,0j,0j,0j,0j,0j,0j,0j,0j,0j,0j,0j,0j,0j,0j,0j,0j,0j,0j,0j,0j,0j,0j,0j,0j,0j,0j,0j,0j,0j,0j,0j,0j,0j,0j,0j,0j,0j,0j,0j,0j,0j,0j,0j,0j,(0.027755311393534113+3.806602908430496j),(0.8632862745556477-12.214999097481499j),(0.23206106700364415+2.0476489231988237j),(-5.6528129111068e-05-0.007752812429168672j),(-0.001758208203019255+0.024877032903418715j),(-0.0004726294643658739-0.0041703880269319225j),0j,0j,0j,0j,0j,0j,0j,0j,0j,0j,0j,0j,0j,0j,0j,0j,0j,0j,0j,0j,0j,0j,0j,0j,0j,0j,0j,(-0.027698783264423044-3.7988780902926504j),(-0.8615220194794351+12.18974612267517j),(-0.23158843753927827-2.043490133196642j),0j,(-3.135331910571962e-05+0.0028221287544527114j),0j,0j,0j,0j,0j,0j,0j,0j,0j,0j
49,0j,0j,0j,0j,0j,0j,0j,0j,0j,0j,0j,0j,0j,0j,0j,0j,0j,0j,0j,0j,0j,0j,0j,0j,0j,0j,0j,0j,0j,0j,0j,0j,0j,0j,0j,0j,0j,0j,0j,0j,0j,0j,0j,0j,0j,0j,0j,(0.14887712712764886+2.781212979113333j),(0.23206106700364415+2.0476489231988237j),(0.8668080858877062-11.744749903678478j),(-0.0003032120715430726-0.005664422205421785j),(-0.0004726294643658739-0.0041703880269319225j),(-0.0017653776406474208+0.023919287457560143j),0j,0j,0j,0j,0j,0j,0j,0j,0j,0j,0j,0j,0j,0j,0j,0j,0j,0j,0j,0j,0j,0j,0j,0j,0j,0j,0j,(-0.1485739150561058-2.7755668806566756j),(-0.23158843753927827-2.043490133196642j),(-0.8650350439172363+11.720450854204472j),0j,0j,(-3.135331910571962e-05+0.0028221287544527114j),0j,0j,0j,0j,0j,0j,0j,0j,0j
50,0j,0j,0j,0j,0j,0j,0j,0j,0j,0j,0j,0j,0j,0j,0j,0j,0j,0j,0j,0j,0j,0j,0j,0j,0j,0j,0j,0j,0j,0j,0j,0j,0j,0j,0j,0j,0j,0j,0j,0j,0j,0j,0j,0j,0j,0j,0j,(-0.00180711110854397+0.025824574078677377j),(-5.6528129111068e-05-0.007752812429168672j),(-0.0003032120715430726-0.005664422205421785j),(0.011056428444465357-0.10807680440338929j),(0.00010242144995088147+0.014207836629397048j),(0.0005528007386371635+0.01038558011651744j),(-0.001518841240457197+0.021705045109008444j),(-4.7510777468993655e-05-0.006516085918169215j),(-0.0002548437651048126-0.004760835129771314j),0j,0j,0j,0j,0j,0j,0j,0j,0j,0j,0j,0j,0j,0j,0j,0j,0j,0j,0j,0j,0j,0j,0j,0j,0j,0j,0j,0j,0j,0j,0j,0j,0j,0j,(-0.007718344492769465+0.06079157799403985j),0j,0j,0j,0j
51,0j,0j,0j,0j,0j,0j,0j,0j,0j,0j,0j,0j,0j,0j,0j,0j,0j,0j,0j,0j,0j,0j,0j,0j,0j,0j,0j,0j,0j,0j,0j,0j,0j,0j,0j,0j,0j,0j,0j,0j,0j,0j,0j,0j,0j,0j,0j,(-5.6528129111068e-05-0.007752812429168672j),(-0.001758208203019255+0.024877032903418715j),(-0.0004726294643658739-0.0041703880269319225j),(0.00010242144995088147+0.014207836629397048j),(0.0032444375039737423-0.04557735744584603j),(0.0008638014032757622+0.007650595087282285j),(-4.7510777468993655e-05-0.006516085918169215j),(-0.0014777393130007458+0.020908655441981425j),(-0.00039723574191985955-0.0035051288734076202j),0j,0j,0j,0j,0j,0j,0j,0j,0j,0j,0j,0j,0j,0j,0j,0j,0j,0j,0j,0j,0j,0j,0j,0j,0j,0j,0j,0j,0j,0j,0j,0j,0j,0j,0j,0j,0j,0j,0j
52,0j,0j,0j,0j,0j,0j,0j,0j,0j,0j,0j,0j,0j,0j,0j,0j,0j,0j,0j,0j,0j,0j,0j,0j,0j,0j,0j,0j,0j,0j,0j,0j,0j,0j,0j,0j,0j,0j,0j,0j,0j,0j,0j,0j,0j,0j,0j,(-0.0003032120715430726-0.005664422205421785j),(-0.0004726294643658739-0.0041703880269319225j),(-0.0017653776406474208+0.023919287457560143j),(0.0005528007386371635+0.01038558011651744j),(0.0008638014032757622+0.007650595087282285j),(0.00326288781051795-0.04382310862088841j),(-0.0002548437651048126-0.004760835129771314j),(-0.00039723574191985955-0.0035051288734076202j),(-0.0014837650839060656+0.020103689286800123j),0j,0j,0j,0j,0j,0j,0j,0j,0j,0j,0j,0j,0j,0j,0j,0j,0j,0j,0j,0j,0j,0j,0j,0j,0j,0j,0j,0j,0j,0j,0j,0j,0j,0j,0j,0j,0j,0j,0j
53,0j,0j,0j,0j,0j,0j,0j,0j,0j,0j,0j,0j,0j,0j,0j,0j,0j,0j,0j,0j,0j,0j,0j,0j,0j,0j,0j,0j,0j,0j,0j,0j,0j,0j,0j,0j,0j,0j,0j,0j,0j,0j,0j,0j,0j,0j,0j,0j,0j,0j,(-0.001518841240457197+0.021705045109008444j),(-4.7510777468993655e-05-0.006516085918169215j),(-0.0002548437651048126-0.004760835129771314j),(0.0375846944308444-0.5361177245668016j),(0.0011657884431946223+0.16095085361553624j),(0.00624683429276623+0.1176018480530561j),(-0.004383586352408643+0.06264376880471248j),(-0.0001371226894278379-0.018806327179666595j),(-0.0007355144309708207-0.013740430102260774j),(-0.03162444439951948+0.45193004637685413j),(-0.0009892422594436918-0.1356742175104518j),(-0.0053062112520037745-0.09912738859488124j),0j,0j,0j,0j,0j,0j,0j,0j,0j,0j,0j,0j,0j,0j,0j,0j,0j,0j,0j,0j,0j,0j,0j,0j,0j,0j,0j,0j,0j,0j,0j,0j,0j
54,0j,0j,0j,0j,0j,0j,0j,0j,0j,0j,0j,0j,0j,0j,0j,0j,0j,0j,0j,0j,0j,0j,0j,0j,0j,0j,0j,0j,0j,0j,0j,0j,0j,0j,0j,0j,0j,0j,0j,0j,0j,0j,0j,0j,0j,0j,0j,0j,0j,0j,(-4.7510777468993655e-05-0.006516085918169215j),(-0.0014777393130007458+0.020908655441981425j),(-0.00039723574191985955-0.0035051288734076202j),(0.0011657884431946223+0.16095085361553624j),(0.03653358172761194-0.5164452830110946j),(0.009800577695727558+0.0865850029202499j),(-0.0001371226894278379-0.018806327179666595j),(-0.004264960492472451+0.06034527783502562j),(-0.0011464774135607832-0.010116287788102196j),(-0.0009892422594436918-0.1356742175104518j),(-0.03076864355283697+0.4353480758098276j),(-0.008271015626402789-0.07298179047130868j),0j,0j,0j,0j,0j,0j,0j,0j,0j,0j,0j,0j,0j,0j,0j,0j,0j,0j,0j,0j,0j,0j,0j,0j,0j,0j,0j,0j,0j,0j,0j,0j,0j
55,0j,0j,0j,0j,0j,0j,0j,0j,0j,0j,0j,0j,0j,0j,0j,0j,0j,0j,0j,0j,0j,0j,0j,0j,0j,0j,0j,0j,0j,0j,0j,0j,0j,0j,0j,0j,0j,0j,0j,0j,0j,0j,0j,0j,0j,0j,0j,0j,0j,0j,(-0.0002548437651048126-0.004760835129771314j),(-0.00039723574191985955-0.0035051288734076202j),(-0.0014837650839060656+0.020103689286800123j),(0.00624683429276623+0.1176018480530561j),(0.009800577695727558+0.0865850029202499j),(0.036724111739265555-0.4965656209271195j),(-0.0007355144309708207-0.013740430102260774j),(-0.0011464774135607832-0.010116287788102196j),(-0.004282351702560577+0.058022033931705325j),(-0.0053062112520037745-0.09912738859488124j),(-0.008271015626402789-0.07298179047130868j),(-0.030894108711329867+0.4185875305073025j),0j,0j,0j,0j,0j,0j,0j,0j,0j,0j,0j,0j,0j,0j,0j,0j,0j,0j,0j,0j,0j,0j,0j,0j,0j,0j,0j,0j,0j,0j,0j,0j,0j
56,0j,0j,0j,0j,0j,0j,0j,0j,0j,0j,0j,0j,0j,0j,0j,0j,0j,0j,0j,0j,0j,0j,0j,0j,0j,0j,0j,0j,0j,0j,0j,0j,0j,0j,0j,0j,0j,0j,0j,0j,0j,0j,0j,0j,0j,0j,0j,0j,0j,0j,0j,0j,0j,(-0.004383586352408643+0.06264376880471248j),(-0.0001371226894278379-0.018806327179666595j),(-0.0007355144309708207-0.013740430102260774j),(0.007816150299322163-0.10977378455977352j),(0.00022187560708936848+0.03295577343213802j),(0.0012284347676388128+0.02408384387526562j),0j,0j,0j,(-0.003304046429800545+0.04721657200952209j),(-0.00010335366889710268-0.014174918247360637j),(-0.0005543802800600957-0.01035659283827118j),0j,0j,0j,0j,0j,0j,0j,0j,0j,0j,0j,0j,0j,0j,0j,0j,0j,0j,0j,0j,0j,0j,0j,0j,0j,0j,0j,0j,0j,0j
57,0j,0j,0j,0j,0j,0j,0j,0j,0j,0j,0j,0j,0j,0j,0j,0j,0j,0j,0j,0j,0j,0j,0j,0j,0j,0j,0j,0j,0j,0j,0j,0j,0j,0j,0j,0j,0j,0j,0j,0j,0j,0j,0j,0j,0j,0j,0j,0j,0j,0j,0j,0j,0j,(-0.0001371226894278379-0.018806327179666595j),(-0.004264960492472451+0.06034527783502562j),(-0.0011464774135607832-0.010116287788102196j),(0.00022187560708936848+0.03295577343213802j),(0.007558780599429596-0.10574335411747157j),(0.0019984852423346315+0.01773100048918413j),0j,0j,0j,(-0.00010335366889710268-0.014174918247360637j),(-0.003214634401042666+0.045484127323414815j),(-0.000864135960967456-0.007624963183569566j),0j,0j,0j,0j,0j,0j,0j,0j,0j,0j,0j,0j,0j,0j,0j,0j,0j,0j,0j,0j,0j,0j,0j,0j,0j,0j,0j,0j,0j,0j
58,0j,0j,0j,0j,0j,0j,0j,0j,0j,0j,0j,0j,0j,0j,0j,0j,0j,0j,0j,0j,0j,0j,0j,0j,0j,0j,0j,0j,0j,0j,0j,0j,0j,0j,0j,0j,0j,0j,0j,0j,0j,0j,0j,0j,0j,0j,0j,0j,0j,0j,0j,0j,0j,(-0.0007355144309708207-0.013740430102260774j),(-0.0011464774135607832-0.010116287788102196j),(-0.004282351702560577+0.058022033931705325j),(0.0012284347676388128+0.02408384387526562j),(0.0019984852423346315+0.01773100048918413j),(0.007632139301815305-0.10167559090046499j),0j,0j,0j,(-0.0005543802800600957-0.01035659283827118j),(-0.000864135960967456-0.007624963183569566j),(-0.0032277427011837174+0.04373302557538982j),0j,0j,0j,0j,0j,0j,0j,0j,0j,0j,0j,0j,0j,0j,0j,0j,0j,0j,0j,0j,0j,0j,0j,0j,0j,0j,0j,0j,0j,0j
59,0j,0j,0j,0j,0j,0j,0j,0j,0j,0j,0j,0j,0j,0j,0j,0j,0j,0j,0j,0j,0j,0j,0j,0j,0j,0j,0j,0j,0j,0j,0j,0j,0j,0j,0j,0j,0j,0j,0j,0j,0j,0j,0j,0j,0j,0j,0j,0j,0j,0j,0j,0j,0j,(-0.03162444439951948+0.45193004637685413j),(-0.0009892422594436918-0.1356742175104518j),(-0.0053062112520037745-0.09912738859488124j),0j,0j,0j,(0.03819450160115582-0.545631309980642j),(0.0011944184317727543+0.16380476179578216j),(0.00640675877093789+0.1196810602296534j),0j,0j,0j,0j,0j,0j,0j,0j,0j,(-0.006559144023604041+0.09373363924853272j),(-0.00020517617232906253-0.02813983770587149j),(-0.0011005475189341156-0.020559754671530924j),0j,0j,0j,0j,0j,0j,0j,0j,0j,0j,0j,0j,0j,0j,0j,0j,0j,0j,0j,0j,0j
60,0j,0j,0j,0j,0j,0j,0j,0j,0j,0j,0j,0j,0j,0j,0j,0j,0j,0j,0j,0j,0j,0j,0j,0j,0j,0j,0j,0j,0j,0j,0j,0j,0j,0j,0j,0j,0j,0j,0j,0j,0j,0j,0j,0j,0j,0j,0j,0j,0j,0j,0j,0j,0j,(-0.0009892422594436918-0.1356742175104518j),(-0.03076864355283697+0.4353480758098276j),(-0.008271015626402789-0.07298179047130868j),0j,0j,0j,(0.0011944184317727543+0.16380476179578216j),(0.03715028814157352-0.5256107532470274j),(0.009986485534101145+0.08811490416015122j),0j,0j,0j,0j,0j,0j,0j,0j,0j,(-0.00020517617232906253-0.02813983770587149j),(-0.006381644588736555+0.09029441572351979j),(-0.0017154699076983564-0.015136963949604756j),0j,0j,0j,0j,0j,0j,0j,0j,0j,0j,0j,0j,0j,0j,0j,0j,0j,0j,0j,0j,0j
61,0j,0j,0j,0j,0j,0j,0j,0j,0j,0j,0j,0j,0j,0j,0j,0j,0j,0j,0j,0j,0j,0j,0j,0j,0j,0j,0j,0j,0j,0j,0j,0j,0j,0j,0j,0j,0j,0j,0j,0j,0j,0j,0j,0j,0j,0j,0j,0j,0j,0j,0j,0j,0j,(-0.0053062112520037745-0.09912738859488124j),(-0.008271015626402789-0.07298179047130868j),(-0.030894108711329867+0.4185875305073025j),0j,0j,0j,(0.00640675877093789+0.1196810602296534j),(0.009986485534101145+0.08811490416015122j),(0.03730177570330939-0.5053751766319892j),0j,0j,0j,0j,0j,0j,0j,0j,0j,(-0.0011005475189341156-0.020559754671530924j),(-0.0017154699076983564-0.015136963949604756j),(-0.006407666991979525+0.08681815447558865j),0j,0j,0j,0j,0j,0j,0j,0j,0j,0j,0j,0j,0j,0j,0j,0j,0j,0j,0j,0j,0j
62,0j,0j,0j,0j,0j,0j,0j,0j,0j,0j,0j,0j,0j,0j,0j,0j,0j,0j,0j,0j,0j,0j,0j,0j,0j,0j,0j,0j,0j,0j,0j,0j,0j,0j,0j,0j,0j,0j,0j,0j,0j,0j,0j,0j,0j,0j,0j,0j,0j,0j,0j,0j,0j,0j,0j,0j,(-0.003304046429800545+0.04721657200952209j),(-0.00010335366889710268-0.014174918247360637j),(-0.0005543802800600957-0.01035659283827118j),0j,0j,0j,(0.045261210929687115-0.646211565084015j),(0.001395265323958344+0.19400173972765847j),(0.00757121530941731+0.14174495151595923j),(-0.010296330734727278+0.14714001509944094j),(-0.0003220788751677117-0.04417300104991457j),(-0.0017276036634430894-0.03227403349600785j),(-0.03162444439951948+0.45193004637685413j),(-0.0009892422594436918-0.1356742175104518j),(-0.0053062112520037745-0.09912738859488124j),0j,0j,0j,0j,0j,0j,0j,0j,0j,0j,0j,0j,0j,0j,0j,0j,0j,0j,0j,0j,0j,0j,0j,0j
63,0j,0j,0j,0j,0j,0j,0j,0j,0j,0j,0j,0j,0j,0j,0j,0j,0j,0j,0j,0j,0j,0j,0j,0j,0j,0j,0j,0j,0j,0j,0j,0j,0j,0j,0j,0j,0j,0j,0j,0j,0j,0j,0j,0j,0j,0j,0j,0j,0j,0j,0j,0j,0j,0j,0j,0j,(-0.00010335366889710268-0.014174918247360637j),(-0.003214634401042666+0.045484127323414815j),(-0.000864135960967456-0.007624963183569566j),0j,0j,0j,(0.001395265323958344+0.19400173972765847j),(0.044033322194861654-0.6225013482911028j),(0.011815103535458301+0.10436015262550816j),(-0.0003220788751677117-0.04417300104991457j),(-0.010017697900923665+0.14174123398459507j),(-0.002692888808596257-0.023761513176705135j),(-0.0009892422594436918-0.1356742175104518j),(-0.03076864355283697+0.4353480758098276j),(-0.008271015626402789-0.07298179047130868j),0j,0j,0j,0j,0j,0j,0j,0j,0j,0j,0j,0j,0j,0j,0j,0j,0j,0j,0j,0j,0j,0j,0j,0j
64,0j,0j,0j,0j,0j,0j,0j,0j,0j,0j,0j,0j,0j,0j,0j,0j,0j,0j,0j,0j,0j,0j,0j,0j,0j,0j,0j,0j,0j,0j,0j,0j,0j,0j,0j,0j,0j,0j,0j,0j,0j,0j,0j,0j,0j,0j,0j,0j,0j,0j,0j,0j,0j,0j,0j,0j,(-0.0005543802800600957-0.01035659283827118j),(-0.000864135960967456-0.007624963183569566j),(-0.0032277427011837174+0.04373302557538982j),0j,0j,0j,(0.00757121530941731+0.14174495151595923j),(0.011815103535458301+0.10436015262550816j),(0.04421031518140486-0.5985354718848495j),(-0.0017276036634430894-0.03227403349600785j),(-0.002692888808596257-0.023761513176705135j),(-0.010058547022293442+0.13628431225819151j),(-0.0053062112520037745-0.09912738859488124j),(-0.008271015626402789-0.07298179047130868j),(-0.030894108711329867+0.4185875305073025j),0j,0j,0j,0j,0j,0j,0j,0j,0j,0j,0j,0j,0j,0j,0j,0j,0j,0j,0j,0j,0j,0j,0j,0j
65,0j,0j,0j,0j,0j,0j,0j,0j,0j,0j,0j,0j,0j,0j,0j,0j,0j,0j,0j,0j,0j,0j,0j,0j,0j,0j,0j,0j,0j,0j,0j,0j,0j,0j,0j,0j,0j,0j,0j,0j,0j,0j,0j,0j,0j,0j,0j,0j,0j,0j,0j,0j,0j,0j,0j,0j,0j,0j,0j,0j,0j,0j,(-0.010296330734727278+0.14714001509944094j),(-0.0003220788751677117-0.04417300104991457j),(-0.0017276036634430894-0.03227403349600785j),(0.010325415979275141-0.14712452851978564j),(0.00031480032033640086+0.04416861624504826j),(0.0017276036634430894+0.03227082404103084j),0j,0j,0j,0j,0j,0j,0j,0j,0j,0j,0j,0j,0j,0j,0j,0j,0j,0j,0j,0j,0j,0j,0j,0j,0j,0j,0j
66,0j,0j,0j,0j,0j,0j,0j,0j,0j,0j,0j,0j,0j,0j,0j,0j,0j,0j,0j,0j,0j,0j,0j,0j,0j,0j,0j,0j,0j,0j,0j,0j,0j,0j,0j,0j,0j,0j,0j,0j,0j,0j,0j,0j,0j,0j,0j,0j,0j,0j,0j,0j,0j,0j,0j,0j,0j,0j,0j,0j,0j,0j,(-0.0003220788751677117-0.04417300104991457j),(-0.010017697900923665+0.14174123398459507j),(-0.002692888808596257-0.023761513176705135j),(0.00031480032033640086+0.04416861624504826j),(0.010055679156932019-0.14172711569725469j),(0.002683992797135766+0.023760115439061428j),0j,0j,0j,0j,0j,0j,0j,0j,0j,0j,0j,0j,0j,0j,0j,0j,0j,0j,0j,0j,0j,0j,0j,0j,0j,0j,0j
67,0j,0j,0j,0j,0j,0j,0j,0j,0j,0j,0j,0j,0j,0j,0j,0j,0j,0j,0j,0j,0j,0j,0j,0j,0j,0j,0j,0j,0j,0j,0j,0j,0j,0j,0j,0j,0j,0j,0j,0j,0j,0j,0j,0j,0j,0j,0j,0j,0j,0j,0j,0j,0j,0j,0j,0j,0j,0j,0j,0j,0j,0j,(-0.0017276036634430894-0.03227403349600785j),(-0.002692888808596257-0.023761513176705135j),(-0.010058547022293442+0.13628431225819151j),(0.0017276036634430894+0.03227082404103084j),(0.002683992797135766+0.023760115439061428j),(0.010089249723470486-0.13627032442160333j),0j,0j,0j,0j,0j,0j,0j,0j,0j,0j,0j,0j,0j,0j,0j,0j,0j,0j,0j,0j,0j,0j,0j,0j,0j,0j,0j
68,0j,0j,0j,0j,0j,0j,0j,0j,0j,0j,0j,0j,0j,0j,0j,0j,0j,0j,0j,0j,0j,0j,0j,0j,0j,0j,0j,0j,0j,0j,0j,0j,0j,0j,0j,0j,0j,0j,0j,0j,0j,0j,0j,0j,0j,0j,0j,0j,0j,0j,0j,0j,0j,0j,0j,0j,0j,0j,0j,0j,0j,0j,(-0.03162444439951948+0.45193004637685413j),(-0.0009892422594436918-0.1356742175104518j),(-0.0053062112520037745-0.09912738859488124j),0j,0j,0j,(0.03162444439951948-0.4519243552278832j),(0.0009892422594436918+0.13567262109465333j),(0.0053062112520037745+0.09912634365605151j),0j,0j,0j,0j,0j,0j,0j,0j,0j,0j,0j,0j,0j,0j,0j,0j,0j,0j,0j,0j,0j,0j,0j,0j
69,0j,0j,0j,0j,0j,0j,0j,0j,0j,0j,0j,0j,0j,0j,0j,0j,0j,0j,0j,0j,0j,0j,0j,0j,0j,0j,0j,0j,0j,0j,0j,0j,0j,0j,0j,0j,0j,0j,0j,0j,0j,0j,0j,0j,0j,0j,0j,0j,0j,0j,0j,0j,0j,0j,0j,0j,0j,0j,0j,0j,0j,0j,(-0.0009892422594436918-0.1356742175104518j),(-0.03076864355283697+0.4353480758098276j),(-0.008271015626402789-0.07298179047130868j),0j,0j,0j,(0.0009892422594436918+0.13567262109465333j),(0.03329182059212444-0.4566703826360642j),(0.008271015626402789+0.07298112907682192j),0j,0j,0j,0j,0j,0j,0j,0j,0j,0j,0j,0j,0j,0j,0j,0j,0j,0j,0j,0j,(-0.002489210347518846+0.021409518362578712j),0j,0j,0j
70,0j,0j,0j,0j,0j,0j,0j,0j,0j,0j,0j,0j,0j,0j,0j,0j,0j,0j,0j,0j,0j,0j,0j,0j,0j,0j,0j,0j,0j,0j,0j,0j,0j,0j,0j,0j,0j,0j,0j,0j,0j,0j,0j,0j,0j,0j,0j,0j,0j,0j,0j,0j,0j,0j,0j,0j,0j,0j,0j,0j,0j,0j,(-0.0053062112520037745-0.09912738859488124j),(-0.008271015626402789-0.07298179047130868j),(-0.030894108711329867+0.4185875305073025j),0j,0j,0j,(0.0053062112520037745+0.09912634365605151j),(0.008271015626402789+0.07298112907682192j),(0.030894108711329867-0.41858228980898804j),0j,0j,0j,0j,0j,0j,0j,0j,0j,0j,0j,0j,0j,0j,0j,0j,0j,0j,0j,0j,0j,0j,0j,0j
71,0j,0j,0j,0j,0j,0j,0j,0j,0j,0j,0j,0j,0j,0j,0j,0j,0j,0j,0j,0j,0j,0j,0j,0j,0j,0j,0j,0j,0j,0j,0j,0j,0j,0j,0j,0j,0j,0j,0j,0j,0j,0j,0j,0j,0j,0j,0j,0j,0j,0j,0j,0j,0j,0j,0j,0j,0j,0j,0j,(-0.006559144023604041+0.09373363924853272j),(-0.00020517617232906253-0.02813983770587149j),(-0.0011005475189341156-0.020559754671530924j),0j,0j,0j,0j,0j,0j,0j,0j,0j,(0.009329807116578433-0.10813701218587342j),(0.0002812717307478077+0.038547865565783344j),(0.0015087176152420987+0.028166316106883246j),(-0.0024326495691938065+0.03476384972129648j),(-7.609555841874515e-05-0.010436478270034757j),(-0.000408170096307983-0.00762518373806779j),0j,0j,0j,0j,0j,0j,0j,0j,0j,0j,0j,0j,0j,0j,0j,0j,0j,0j
72,0j,0j,0j,0j,0j,0j,0j,0j,0j,0j,0j,0j,0j,0j,0j,0j,0j,0j,0j,0j,0j,0j,0j,0j,0j,0j,0j,0j,0j,0j,0j,0j,0j,0j,0j,0j,0j,0j,0j,0j,0j,0j,0j,0j,0j,0j,0j,0j,0j,0j,0j,0j,0j,0j,0j,0j,0j,0j,0j,(-0.00020517617232906253-0.02813983770587149j),(-0.006381644588736555+0.09029441572351979j),(-0.0017154699076983564-0.015136963949604756j),0j,0j,0j,0j,0j,0j,0j,0j,0j,(0.0002812717307478077+0.038547865565783344j),(0.009105896898511306-0.10342795101354j),(0.00235170187896011+0.020739160837409787j),(-7.609555841874515e-05-0.010436478270034757j),(-0.0023668187348336134+0.0334883135238329j),(-0.0006362319712617535-0.005613983882408363j),0j,0j,0j,0j,0j,0j,0j,0j,0j,0j,0j,0j,0j,0j,0j,0j,0j,0j
73,0j,0j,0j,0j,0j,0j,0j,0j,0j,0j,0j,0j,0j,0j,0j,0j,0j,0j,0j,0j,0j,0j,0j,0j,0j,0j,0j,0j,0j,0j,0j,0j,0j,0j,0j,0j,0j,0j,0j,0j,0j,0j,0j,0j,0j,0j,0j,0j,0j,0j,0j,0j,0j,0j,0j,0j,0j,0j,0j,(-0.0011005475189341156-0.020559754671530924j),(-0.0017154699076983564-0.015136963949604756j),(-0.006407666991979525+0.08681815447558865j),0j,0j,0j,0j,0j,0j,0j,0j,0j,(0.0015087176152420987+0.028166316106883246j),(0.00235170187896011+0.020739160837409787j),(0.009135489647291748-0.09866567293485728j),(-0.000408170096307983-0.00762518373806779j),(-0.0006362319712617535-0.005613983882408363j),(-0.0023764699008715275+0.032199040808254045j),0j,0j,0j,0j,0j,0j,0j,0j,0j,0j,0j,0j,0j,0j,0j,0j,0j,0j
74,0j,0j,0j,0j,0j,0j,0j,0j,0j,0j,0j,0j,0j,0j,0j,0j,0j,0j,0j,0j,0j,0j,0j,0j,0j,0j,0j,0j,0j,0j,0j,0j,0j,0j,0j,0j,0j,0j,0j,0j,0j,0j,0j,0j,0j,0j,0j,0j,0j,0j,0j,0j,0j,0j,0j,0j,0j,0j,0j,0j,0j,0j,0j,0j,0j,0j,0j,0j,0j,0j,0j,(-0.0024326495691938065+0.03476384972129648j),(-7.609555841874515e-05-0.010436478270034757j),(-0.000408170096307983-0.00762518373806779j),(0.019139903214222976-0.27343458845178686j),(0.0005987141105776747+0.08208964817746878j),(0.0032114515124609245+0.0599788080408381j),(-0.01670725364502917+0.23875549619909284j),(-0.0005226185521589296-0.07167694509986137j),(-0.0028032814161529414-0.05236918642748444j),0j,0j,0j,0j,0j,0j,0j,0j,0j,0j,0j,0j,0j,0j,0j
75,0j,0j,0j,0j,0j,0j,0j,0j,0j,0j,0j,0j,0j,0j,0j,0j,0j,0j,0j,0j,0j,0j,0j,0j,0j,0j,0j,0j,0j,0j,0j,0j,0j,0j,0j,0j,0j,0j,0j,0j,0j,0j,0j,0j,0j,0j,0j,0j,0j,0j,0j,0j,0j,0j,0j,0j,0j,0j,0j,0j,0j,0j,0j,0j,0j,0j,0j,0j,0j,0j,0j,(-7.609555841874515e-05-0.010436478270034757j),(-0.0023668187348336134+0.0334883135238329j),(-0.0006362319712617535-0.005613983882408363j),(0.0005987141105776747+0.08208964817746878j),(0.01868019147588587-0.26340653750484194j),(0.005005825132380205+0.04416055143628579j),(-0.0005226185521589296-0.07167694509986137j),(-0.0162551324430082+0.22999520986179572j),(-0.004369593161118452-0.038556417607483816j),0j,0j,0j,0j,0j,0j,0j,0j,0j,0j,0j,0j,0j,0j,0j
76,0j,0j,0j,0j,0j,0j,0j,0j,0j,0j,0j,0j,0j,0j,0j,0j,0j,0j,0j,0j,0j,0j,0j,0j,0j,0j,0j,0j,0j,0j,0j,0j,0j,0j,0j,0j,0j,0j,0j,0j,0j,0j,0j,0j,0j,0j,0j,0j,0j,0j,0j,0j,0j,0j,0j,0j,0j,0j,0j,0j,0j,0j,0j,0j,0j,0j,0j,0j,0j,0j,0j,(-0.000408170096307983-0.00762518373806779j),(-0.0006362319712617535-0.005613983882408363j),(-0.0023764699008715275+0.032199040808254045j),(0.0032114515124609245+0.0599788080408381j),(0.005005825132380205+0.04416055143628579j),(0.01872213823253065-0.25326325572497954j),(-0.0028032814161529414-0.05236918642748444j),(-0.004369593161118452-0.038556417607483816j),(-0.016321415922966716+0.2211405821548013j),0j,0j,0j,0j,0j,0j,0j,0j,0j,0j,0j,0j,0j,0j,0j
77,0j,0j,0j,0j,0j,0j,0j,0j,0j,0j,0j,0j,0j,0j,0j,0j,0j,0j,0j,0j,0j,0j,0j,0j,0j,0j,0j,0j,0j,0j,0j,0j,0j,0j,0j,0j,0j,0j,0j,0j,0j,0j,0j,0j,0j,0j,0j,0j,0j,0j,0j,0j,0j,0j,0j,0j,0j,0j,0j,0j,0j,0j,0j,0j,0j,0j,0j,0j,0j,0j,0j,0j,0j,0j,(-0.01670725364502917+0.23875549619909284j),(-0.0005226185521589296-0.07167694509986137j),(-0.0028032814161529414-0.05236918642748444j),(0.016739558193352704-0.20832401911698978j),(0.0005064662779971633+0.07167501924020134j),(0.002787129141991175+0.05236830443494384j),0j,0j,0j,0j,0j,0j,0j,0j,0j,0j,0j,0j,0j,0j,0j
78,0j,0j,0j,0j,0j,0j,0j,0j,0j,0j,0j,0j,0j,0j,0j,0j,0j,0j,0j,0j,0j,0j,0j,0j,0j,0j,0j,0j,0j,0j,0j,0j,0j,0j,0j,0j,0j,0j,0j,0j,0j,0j,0j,0j,0j,0j,0j,0j,0j,0j,0j,0j,0j,0j,0j,0j,0j,0j,0j,0j,0j,0j,0j,0j,0j,0j,0j,0j,0j,0j,0j,0j,0j,0j,(-0.0005226185521589296-0.07167694509986137j),(-0.0162551324430082+0.22999520986179572j),(-0.004369593161118452-0.038556417607483816j),(0.0005064662779971633+0.07167501924020134j),(0.016315344060182944-0.19956620400238348j),(0.004353440886956685+0.038556261609592406j),0j,0j,0j,0j,0j,0j,0j,0j,0j,0j,0j,0j,0j,0j,0j
79,0j,0j,0j,0j,0j,0j,0j,0j,0j,0j,0j,0j,0j,0j,0j,0j,0j,0j,0j,0j,0j,0j,0j,0j,0j,0j,0j,0j,0j,0j,0j,0j,0j,0j,0j,0j,0j,0j,0j,0j,0j,0j,0j,0j,0j,0j,0j,0j,0j,0j,0j,0j,0j,0j,0j,0j,0j,0j,0j,0j,0j,0j,0j,0j,0j,0j,0j,0j,0j,0j,0j,0j,0j,0j,(-0.0028032814161529414-0.05236918642748444j),(-0.004369593161118452-0.038556417607483816j),(-0.016321415922966716+0.2211405821548013j),(0.002787129141991175+0.05236830443494384j),(0.004353440886956685+0.038556261609592406j),(0.01635372047129025-0.1907099577114408j),0j,0j,0j,0j,0j,0j,0j,0j,0j,0j,0j,0j,0j,0j,0j
80,0j,0j,0j,0j,0j,0j,0j,0j,0j,0j,0j,0j,0j,0j,0j,0j,0j,0j,0j,0j,0j,0j,0j,0j,0j,0j,0j,0j,0j,0j,0j,0j,0j,0j,0j,0j,0j,0j,0j,0j,0j,0j,0j,0j,0j,0j,0j,(-0.8854844431865457+12.654041298551917j),(-0.027698783264423044-3.7988780902926504j),(-0.1485739150561058-2.7755668806566756j),0j,0j,0j,0j,0j,0j,0j,0j,0j,0j,0j,0j,0j,0j,0j,0j,0j,0j,0j,0j,0j,0j,0j,0j,0j,0j,0j,0j,0j,0j,(0.887368736873363-12.851499419614127j),(0.027698783264423044+3.7988780332778007j),(0.1485739150561058+2.7755668433374314j),0j,0j,0j,0j,(-0.002037392548871263+0.21350176085046704j),0j,0j,0j,0j,0j,0j,0j
81,0j,0j,0j,0j,0j,0j,0j,0j,0j,0j,0j,0j,0j,0j,0j,0j,0j,0j,0j,0j,0j,0j,0j,0j,0j,0j,0j,0j,0j,0j,0j,0j,0j,0j,0j,0j,0j,0j,0j,0j,0j,0j,0j,0j,0j,0j,0j,(-0.027698783264423044-3.7988780902926504j),(-0.8615220194794351+12.18974612267517j),(-0.23158843753927827-2.043490133196642j),0j,0j,0j,0j,0j,0j,0j,0j,0j,0j,0j,0j,0j,0j,0j,0j,0j,0j,0j,0j,0j,0j,0j,0j,0j,0j,0j,0j,0j,0j,(0.027698783264423044+3.7988780332778007j),(0.8634063131662524-12.387204252279288j),(0.23158843753927827+2.0434901095754103j),0j,0j,0j,0j,0j,(-0.002037392548871263+0.21350176085046704j),0j,0j,0j,0j,0j,0j
82,0j,0j,0j,0j,0j,0j,0j,0j,0j,0j,0j,0j,0j,0j,0j,0j,0j,0j,0j,0j,0j,0j,0j,0j,0j,0j,0j,0j,0j,0j,0j,0j,0j,0j,0j,0j,0j,0j,0j,0j,0j,0j,0j,0j,0j,0j,0j,(-0.1485739150561058-2.7755668806566756j),(-0.23158843753927827-2.043490133196642j),(-0.8650350439172363+11.720450854204472j),0j,0j,0j,0j,0j,0j,0j,0j,0j,0j,0j,0j,0j,0j,0j,0j,0j,0j,0j,0j,0j,0j,0j,0j,0j,0j,0j,0j,0j,0j,(0.1485739150561058+2.7755668433374314j),(0.23158843753927827+2.0434901095754103j),(0.8669193376040536-11.917908991354205j),0j,0j,0j,0j,0j,0j,(-0.002037392548871263+0.21350176085046704j),0j,0j,0j,0j,0j
83,0j,0j,0j,0j,0j,0j,0j,0j,0j,0j,0j,0j,0j,0j,0j,0j,0j,0j,0j,0j,0j,0j,0j,0j,0j,0j,0j,0j,0j,0j,0j,0j,0j,0j,0j,0j,0j,0j,0j,0j,0j,0j,0j,0j,0j,0j,0j,(-3.135331910571962e-05+0.0028221287544527114j),0j,0j,0j,0j,0j,0j,0j,0j,0j,0j,0j,0j,0j,0j,0j,0j,0j,0j,0j,0j,0j,0j,0j,0j,0j,0j,0j,0j,0j,0j,0j,0j,0j,0j,0j,(0.0009273890301584766-0.02900649432575121j),(0.0001911848539268706+0.003381139727367857j),(0.00028816314912658274+0.0023831676023868945j),0j,0j,0j,0j,0j,0j,(-0.0007397213268574144+0.012338031281296534j),(-0.0001911848539268706-0.003445325206853573j),(-0.00028816314912658274-0.0024248443621675145j)
84,0j,0j,0j,0j,0j,0j,0j,0j,0j,0j,0j,0j,0j,0j,0j,0j,0j,0j,0j,0j,0j,0j,0j,0j,0j,0j,0j,0j,0j,0j,0j,0j,0j,0j,0j,0j,0j,0j,0j,0j,0j,0j,0j,0j,0j,0j,0j,0j,(-3.135331910571962e-05+0.0028221287544527114j),0j,0j,0j,0j,0j,0j,0j,0j,0j,0j,0j,0j,0j,0j,0j,0j,0j,0j,0j,0j,0j,0j,0j,0j,0j,0j,0j,0j,0j,0j,0j,0j,0j,0j,(0.0001911848539268706+0.003381139727367857j),(0.0009155811810033972-0.028533065439768045j),(0.0003440577088193945+0.001706352906748884j),0j,0j,0j,0j,0j,0j,(-0.0001911848539268706-0.003445325206853573j),(-0.0007279134777023351+0.011854664187834386j),(-0.0003440577088193945-0.0017323909266094423j)
85,0j,0j,0j,0j,0j,0j,0j,0j,0j,0j,0j,0j,0j,0j,0j,0j,0j,0j,0j,0j,0j,0j,0j,0j,0j,0j,0j,0j,0j,0j,0j,0j,0j,0j,0j,0j,0j,0j,0j,0j,0j,0j,0j,0j,0j,0j,0j,0j,0j,(-3.135331910571962e-05+0.0028221287544527114j),0j,0j,0j,0j,0j,0j,0j,0j,0j,0j,0j,0j,0j,0j,0j,0j,0j,0j,0j,0j,0j,0j,0j,0j,0j,0j,0j,0j,0j,0j,0j,0j,0j,(0.00028816314912658274+0.0023831676023868945j),(0.0003440577088193945+0.001706352906748884j),(0.0009578088341324275-0.028147054736410347j),0j,0j,0j,0j,0j,0j,(-0.00028816314912658274-0.0024248443621675145j),(-0.0003440577088193945-0.0017323909266094423j),(-0.0007701411308313654+0.01145985538343586j)
86,0j,0j,0j,0j,0j,0j,0j,0j,0j,0j,0j,0j,0j,0j,0j,0j,0j,0j,0j,0j,0j,0j,0j,0j,0j,0j,0j,0j,0j,0j,0j,0j,0j,0j,0j,0j,0j,0j,0j,0j,0j,0j,0j,0j,0j,(-0.0005359501962403141+0.004221275454365389j),0j,0j,0j,0j,0j,0j,0j,0j,0j,0j,0j,0j,0j,0j,0j,0j,0j,0j,0j,0j,0j,0j,0j,0j,0j,0j,0j,0j,0j,0j,0j,0j,0j,0j,0j,0j,0j,0j,0j,0j,(0.0005408025807786891-0.0038303618495227182j),0j,0j,0j,0j,0j,0j,0j,0j
87,0j,0j,0j,0j,0j,0j,0j,0j,0j,0j,0j,0j,0j,0j,0j,0j,0j,0j,0j,0j,0j,0j,0j,0j,0j,0j,0j,0j,0j,0j,0j,0j,0j,0j,0j,0j,0j,0j,0j,0j,0j,0j,0j,0j,(-0.00024042477414785388+0.0034357972572771982j),(-7.5207122629441635e-06-0.0010314629623384881j),(-4.034046023787833e-05-0.0007536157699312181j),0j,0j,0j,0j,0j,0j,0j,0j,0j,0j,0j,0j,0j,0j,0j,0j,0j,0j,0j,0j,0j,0j,0j,0j,0j,0j,0j,0j,0j,0j,0j,0j,0j,(-0.002037392548871263+0.21350176085046704j),0j,0j,0j,0j,0j,0j,(0.0024433554676149072-0.23353603521831243j),(7.5207122629441635e-06+0.000821477269988495j),(4.034046023787833e-05+0.0006161689945783748j),0j,0j,0j,0j,0j
88,0j,0j,0j,0j,0j,0j,0j,0j,0j,0j,0j,0j,0j,0j,0j,0j,0j,0j,0j,0j,0j,0j,0j,0j,0j,0j,0j,0j,0j,0j,0j,0j,0j,0j,0j,0j,0j,0j,0j,0j,0j,0j,0j,0j,(-7.5207122629441635e-06-0.0010314629623384881j),(-0.00023391854995368858+0.003309732859808627j),(-6.288037945676846e-05-0.000554843913439219j),0j,0j,0j,0j,0j,0j,0j,0j,0j,0j,0j,0j,0j,0j,0j,0j,0j,0j,0j,0j,0j,0j,0j,0j,0j,0j,0j,0j,0j,0j,0j,0j,0j,0j,(-0.002037392548871263+0.21350176085046704j),0j,0j,0j,0j,0j,(7.5207122629441635e-06+0.000821477269988495j),(0.002436849243420742-0.2334414306657386j),(6.288037945676846e-05+0.0004678469171985937j),0j,0j,0j,0j,0j
89,0j,0j,0j,0j,0j,0j,0j,0j,0j,0j,0j,0j,0j,0j,0j,0j,0j,0j,0j,0j,0j,0j,0j,0j,0j,0j,0j,0j,0j,0j,0j,0j,0j,0j,0j,0j,0j,0j,0j,0j,0j,0j,0j,0j,(-4.034046023787833e-05-0.0007536157699312181j),(-6.288037945676846e-05-0.000554843913439219j),(-0.0002348723985656357+0.0031823108482770773j),0j,0j,0j,0j,0j,0j,0j,0j,0j,0j,0j,0j,0j,0j,0j,0j,0j,0j,0j,0j,0j,0j,0j,0j,0j,0j,0j,0j,0j,0j,0j,0j,0j,0j,0j,(-0.002037392548871263+0.21350176085046704j),0j,0j,0j,0j,(4.034046023787833e-05+0.0006161689945783748j),(6.288037945676846e-05+0.0004678469171985937j),(0.0024378030920326893-0.23334179915815842j),0j,0j,0j,0j,0j
90,0j,0j,0j,0j,0j,0j,0j,0j,0j,0j,0j,0j,0j,0j,0j,0j,0j,0j,0j,0j,0j,0j,0j,0j,0j,0j,0j,0j,0j,0j,0j,0j,0j,0j,0j,0j,0j,0j,0j,0j,0j,0j,0j,0j,0j,0j,0j,0j,0j,0j,(-0.007718344492769465+0.06079157799403985j),0j,0j,0j,0j,0j,0j,0j,0j,0j,0j,0j,0j,0j,0j,0j,0j,0j,0j,0j,0j,0j,0j,0j,0j,0j,0j,0j,0j,0j,0j,0j,0j,0j,0j,0j,0j,0j,0j,0j,(0.007720770685038653-0.060764582366364395j),0j,0j,0j,0j
91,0j,0j,0j,0j,0j,0j,0j,0j,0j,0j,0j,0j,0j,0j,0j,0j,0j,0j,0j,0j,0j,0j,0j,0j,0j,0j,0j,0j,0j,0j,0j,0j,0j,0j,0j,0j,0j,0j,0j,0j,0j,0j,0j,0j,0j,0j,0j,0j,0j,0j,0j,0j,0j,0j,0j,0j,0j,0j,0j,0j,0j,0j,0j,0j,0j,0j,0j,0j,0j,(-0.002489210347518846+0.021409518362578712j),0j,0j,0j,0j,0j,0j,0j,0j,0j,0j,0j,0j,0j,0j,0j,0j,0j,0j,0j,0j,0j,(0.002523177039287471-0.021327758801800767j),0j,0j,0j
92,0j,0j,0j,0j,0j,0j,0j,0j,0j,0j,0j,0j,0j,0j,0j,0j,0j,0j,0j,0j,0j,0j,0j,0j,0j,0j,0j,0j,0j,0j,0j,0j,0j,0j,0j,0j,0j,0j,0j,0j,0j,0j,0j,0j,0j,0j,0j,0j,0j,0j,0j,0j,0j,0j,0j,0j,0j,0j,0j,0j,0j,0j,0j,0j,0j,0j,0j,0j,0j,0j,0j,0j,0j,0j,0j,0j,0j,0j,0j,0j,0j,0j,0j,(-0.0007397213268574144+0.012338031281296534j),(-0.0001911848539268706-0.003445325206853573j),(-0.00028816314912658274-0.0024248443621675145j),0j,0j,0j,0j,0j,0j,(0.009432045932690246-0.012733590217017048j),(-0.004154977448989545+0.0036907292693981733j),(-0.004057999153789833+0.002692757144417211j)
93,0j,0j,0j,0j,0j,0j,0j,0j,0j,0j,0j,0j,0j,0j,0j,0j,0j,0j,0j,0j,0j,0j,0j,0j,0j,0j,0j,0j,0j,0j,0j,0j,0j,0j,0j,0j,0j,0j,0j,0j,0j,0j,0j,0j,0j,0j,0j,0j,0j,0j,0j,0j,0j,0j,0j,0j,0j,0j,0j,0j,0j,0j,0j,0j,0j,0j,0j,0j,0j,0j,0j,0j,0j,0j,0j,0j,0j,0j,0j,0j,0j,0j,0j,(-0.0001911848539268706-0.003445325206853573j),(-0.0007279134777023351+0.011854664187834386j),(-0.0003440577088193945-0.0017323909266094423j),0j,0j,0j,0j,0j,0j,(-0.004154977448989545+0.0036907292693981733j),(0.009420238083535166-0.012260161331033883j),(-0.004002104594097021+0.0020159424487792006j)
94,0j,0j,0j,0j,0j,0j,0j,0j,0j,0j,0j,0j,0j,0j,0j,0j,0j,0j,0j,0j,0j,0j,0j,0j,0j,0j,0j,0j,0j,0j,0j,0j,0j,0j,0j,0j,0j,0j,0j,0j,0j,0j,0j,0j,0j,0j,0j,0j,0j,0j,0j,0j,0j,0j,0j,0j,0j,0j,0j,0j,0j,0j,0j,0j,0j,0j,0j,0j,0j,0j,0j,0j,0j,0j,0j,0j,0j,0j,0j,0j,0j,0j,0j,(-0.00028816314912658274-0.0024248443621675145j),(-0.0003440577088193945-0.0017323909266094423j),(-0.0007701411308313654+0.01145985538343586j),0j,0j,0j,0j,0j,0j,(-0.004057999153789833+0.002692757144417211j),(-0.004002104594097021+0.0020159424487792006j),(0.009462465736664196-0.011874150627676184j)
