,0,1,2,3,4,5,6,7,8,9,10,11,12,13,14,15,16,17,18,19,20,21,22,23,24,25,26,27,28,29,30,31,32,33,34,35,36,37,38,39,40,41,42,43,44,45,46,47,48,49,50,51,52,53,54,55,56,57,58,59,60,61,62,63,64,65,66,67,68,69,70,71,72,73,74,75,76,77,78,79,80,81,82,83,84,85,86,87,88,89,90,91,92,93,94
0,(0.4133463234368769-12.538674991337626j),(-0.20567410101778297+6.254076842591134j),(-0.2056741010177829+6.254076842591134j),(-0.3239242995069829+16.4931455832305j),(0.3239242995069829-16.4931455832305j),0j,0j,0j,0j,0j,0j,0j,0j,0j,0j,0j,0j,0j,0j,0j,0j,0j,0j,0j,0j,0j,0j,0j,0j,0j,0j,0j,0j,0j,0j,0j,0j,0j,0j,0j,0j,0j,0j,0j,0j,0j,0j,0j,0j,0j,0j,0j,0j,0j,0j,0j,0j,0j,0j,0j,0j,0j,0j,0j,0j,0j,0j,0j,0j,0j,0j,0j,0j,0j,0j,0j,0j,0j,0j,0j,0j,0j,0j,0j,0j,0j,0j,0j,0j,0j,0j,0j,0j,0j,0j
1,(-0.20567410101778297+6.254076842591134j),(0.41334632343688-12.538674991337656j),(-0.2056741010177861+6.254076842591164j),0j,(-0.3239242995069829+16.4931455832305j),(0.3239242995069829-16.4931455832305j),0j,0j,0j,0j,0j,0j,0j,0j,0j,0j,0j,0j,0j,0j,0j,0j,0j,0j,0j,0j,0j,0j,0j,0j,0j,0j,0j,0j,0j,0j,0j,0j,0j,0j,0j,0j,0j,0j,0j,0j,0j,0j,0j,0j,0j,0j,0j,0j,0j,0j,0j,0j,0j,0j,0j,0j,0j,0j,0j,0j,0j,0j,0j,0j,0j,0j,0j,0j,0j,0j,0j,0j,0j,0j,0j,0j,0j,0j,0j,0j,0j,0j,0j,0j,0j,0j,0j,0j,0j
2,(-0.2056741010177829+6.254076842591134j),(-0.2056741010177861+6.254076842591164j),(0.41334632343687994-12.538674991337656j),(0.3239242995069829-16.4931455832305j),0j,(-0.3239242995069829+16.4931455832305j),0j,0j,0j,0j,0j,0j,0j,0j,0j,0j,0j,0j,0j,0j,0j,0j,0j,0j,0j,0j,0j,0j,0j,0j,0j,0j,0j,0j,0j,0j,0j,0j,0j,0j,0j,0j,0j,0j,0j,0j,0j,0j,0j,0j,0j,0j,0j,0j,0j,0j,0j,0j,0j,0j,0j,0j,0j,0j,0j,0j,0j,0j,0j,0j,0j,0j,0j,0j,0j,0j,0j,0j,0j,0j,0j,0j,0j,0j,0j,0j,0j,0j,0j,0j,0j,0j,0j,0j,0j
3,(-0.3239242995069829+16.4931455832305j),0j,(0.3239242995069829-16.4931455832305j),(1.6602432130997447-79.53711620816519j),(-0.03774418779513465+0.11547792147439934j),(-0.022236646977561732+0.08830547489664758j),(-0.10551707759350212+0.3756504249911956j),(0.03774418779513465-0.11547982634642008j),(0.022236646977561732-0.08830671176352554j),0j,0j,0j,0j,0j,0j,0j,0j,0j,0j,0j,0j,0j,0j,0j,0j,0j,0j,0j,0j,0j,0j,0j,0j,0j,0j,0j,0j,0j,0j,0j,0j,0j,0j,0j,0j,0j,0j,0j,0j,0j,0j,0j,0j,0j,0j,0j,0j,0j,0j,0j,0j,0j,0j,0j,0j,0j,0j,0j,0j,0j,0j,0j,0j,0j,0j,0j,0j,0j,0j,0j,0j,0j,0j,0j,0j,0j,0j,0j,0j,0j,0j,0j,0j,0j,0j
4,(0.3239242995069829-16.4931455832305j),(-0.3239242995069829+16.4931455832305j),0j,(-0.03774418779513465+0.11547792147439934j),(1.651995910233145-79.52345631254586j),(-0.01170957263201581+0.06961075456362031j),(0.03774418779513465-0.11547982634642008j),(-0.09726977472690254+0.36199023442956385j),(0.01170957263201581-0.0696115273099783j),0j,0j,0j,0j,0j,0j,0j,0j,0j,0j,0j,0j,0j,0j,0j,0j,0j,0j,0j,0j,0j,0j,0j,0j,0j,0j,0j,0j,0j,0j,0j,0j,0j,0j,0j,0j,0j,0j,0j,0j,0j,0j,0j,0j,0j,0j,0j,0j,0j,0j,0j,0j,0j,0j,0j,0j,0j,0j,0j,0j,0j,0j,0j,0j,0j,0j,0j,0j,0j,0j,0j,0j,0j,0j,0j,0j,0j,0j,0j,0j,0j,0j,0j,0j,0j,0j
5,0j,(0.3239242995069829-16.4931455832305j),(-0.3239242995069829+16.4931455832305j),(-0.022236646977561732+0.08830547489664758j),(-0.01170957263201581+0.06961075456362031j),(1.6448804147707152-79.51084978108041j),(0.022236646977561732-0.08830671176352554j),(0.01170957263201581-0.0696115273099783j),(-0.09015427926447274+0.3493834418574368j),0j,0j,0j,0j,0j,0j,0j,0j,0j,0j,0j,0j,0j,0j,0j,0j,0j,0j,0j,0j,0j,0j,0j,0j,0j,0j,0j,0j,0j,0j,0j,0j,0j,0j,0j,0j,0j,0j,0j,0j,0j,0j,0j,0j,0j,0j,0j,0j,0j,0j,0j,0j,0j,0j,0j,0j,0j,0j,0j,0j,0j,0j,0j,0j,0j,0j,0j,0j,0j,0j,0j,0j,0j,0j,0j,0j,0j,0j,0j,0j,0j,0j,0j,0j,0j,0j
6,0j,0j,0j,(-0.10551707759350212+0.3756504249911956j),(0.03774418779513465-0.11547982634642008j),(0.022236646977561732-0.08830671176352554j),(0.26287780602774236-0.9358578912904547j),(-0.0940332077439482+0.2876951135254904j),(-0.05539881414641104+0.21999904803906198j),(-0.1573607284342402+0.5602185528770431j),(0.05628901994881355-0.17221846934899643j),(0.03316216716884931-0.13169440251439068j),0j,0j,0j,0j,0j,0j,0j,0j,0j,0j,0j,0j,0j,0j,0j,0j,0j,0j,0j,0j,0j,0j,0j,0j,0j,0j,0j,0j,0j,0j,0j,0j,0j,0j,0j,0j,0j,0j,0j,0j,0j,0j,0j,0j,0j,0j,0j,0j,0j,0j,0j,0j,0j,0j,0j,0j,0j,0j,0j,0j,0j,0j,0j,0j,0j,0j,0j,0j,0j,0j,0j,0j,0j,0j,0j,0j,0j,0j,0j,0j,0j,0j,0j
7,0j,0j,0j,(0.03774418779513465-0.11547982634642008j),(-0.09726977472690254+0.36199023442956385j),(0.01170957263201581-0.0696115273099783j),(-0.0940332077439482+0.2876951135254904j),(0.24237341056683426-0.9018453487490171j),(-0.029172403493634733+0.1734239592133413j),(0.05628901994881355-0.17221846934899643j),(-0.1450612825406986+0.5398467079932225j),(0.017462830861618924-0.10381372280910058j),0j,0j,0j,0j,0j,0j,0j,0j,0j,0j,0j,0j,0j,0j,0j,0j,0j,0j,0j,0j,0j,0j,0j,0j,0j,0j,0j,0j,0j,0j,0j,0j,0j,0j,0j,0j,0j,0j,0j,0j,0j,0j,0j,0j,0j,0j,0j,0j,0j,0j,0j,0j,0j,0j,0j,0j,0j,0j,0j,0j,0j,0j,0j,0j,0j,0j,0j,0j,0j,0j,0j,0j,0j,0j,0j,0j,0j,0j,0j,0j,0j,0j,0j
8,0j,0j,0j,(0.022236646977561732-0.08830671176352554j),(0.01170957263201581-0.0696115273099783j),(-0.09015427926447274+0.3493834418574368j),(-0.05539881414641104+0.21999904803906198j),(-0.029172403493634733+0.1734239592133413j),(0.22463860622122667-0.8704348430603888j),(0.03316216716884931-0.13169440251439068j),(0.017462830861618924-0.10381372280910058j),(-0.13444973439441596+0.5210458265850791j),0j,0j,0j,0j,0j,0j,0j,0j,0j,0j,0j,0j,0j,0j,0j,0j,0j,0j,0j,0j,0j,0j,0j,0j,0j,0j,0j,0j,0j,0j,0j,0j,0j,0j,0j,0j,0j,0j,0j,0j,0j,0j,0j,0j,0j,0j,0j,0j,0j,0j,0j,0j,0j,0j,0j,0j,0j,0j,0j,0j,0j,0j,0j,0j,0j,0j,0j,0j,0j,0j,0j,0j,0j,0j,0j,0j,0j,0j,0j,0j,0j,0j,0j
9,0j,0j,0j,0j,0j,0j,(-0.1573607284342402+0.5602185528770431j),(0.05628901994881355-0.17221846934899643j),(0.03316216716884931-0.13169440251439068j),(0.16580733284600674-0.5902018803310792j),(-0.059310428714294386+0.18143751481190645j),(-0.03494220282513567+0.13874704266247015j),(-0.008446604411766536+0.03007068248455739j),(0.003021408765480838-0.009244118894625003j),(0.001780035656286356-0.007068920767914858j),0j,0j,0j,0j,0j,0j,0j,0j,0j,0j,0j,0j,0j,0j,0j,0j,0j,0j,0j,0j,0j,0j,0j,0j,0j,0j,0j,0j,0j,0j,0j,0j,0j,0j,0j,0j,0j,0j,0j,0j,0j,0j,0j,0j,0j,0j,0j,0j,0j,0j,0j,0j,0j,0j,0j,0j,0j,0j,0j,0j,0j,0j,0j,0j,0j,0j,0j,0j,0j,0j,0j,0j,0j,0j,0j,0j,0j,0j,0j,0j
10,0j,0j,0j,0j,0j,0j,(0.05628901994881355-0.17221846934899643j),(-0.1450612825406986+0.5398467079932225j),(0.017462830861618924-0.10381372280910058j),(-0.059310428714294386+0.18143751481190645j),(0.1528900465999506-0.5687594245210635j),(-0.0184001779727142+0.10937592923357314j),(0.003021408765480838-0.009244118894625003j),(-0.007786410760018884+0.02897718910419718j),(0.0009373471110952768-0.005572377923045111j),0j,0j,0j,0j,0j,0j,0j,0j,0j,0j,0j,0j,0j,0j,0j,0j,0j,0j,0j,0j,0j,0j,0j,0j,0j,0j,0j,0j,0j,0j,0j,0j,0j,0j,0j,0j,0j,0j,0j,0j,0j,0j,0j,0j,0j,0j,0j,0j,0j,0j,0j,0j,0j,0j,0j,0j,0j,0j,0j,0j,0j,0j,0j,0j,0j,0j,0j,0j,0j,0j,0j,0j,0j,0j,0j,0j,0j,0j,0j,0j
11,0j,0j,0j,0j,0j,0j,(0.03316216716884931-0.13169440251439068j),(0.017462830861618924-0.10381372280910058j),(-0.13444973439441596+0.5210458265850791j),(-0.03494220282513567+0.13874704266247015j),(-0.0184001779727142+0.10937592923357314j),(0.14170114484388824-0.5489495428599664j),(0.001780035656286356-0.007068920767914858j),(0.0009373471110952768-0.005572377923045111j),(-0.007216817887134334+0.027968019857033413j),0j,0j,0j,0j,0j,0j,0j,0j,0j,0j,0j,0j,0j,0j,0j,0j,0j,0j,0j,0j,0j,0j,0j,0j,0j,0j,0j,0j,0j,0j,0j,0j,0j,0j,0j,0j,0j,0j,0j,0j,0j,0j,0j,0j,0j,0j,0j,0j,0j,0j,0j,0j,0j,0j,0j,0j,0j,0j,0j,0j,0j,0j,0j,0j,0j,0j,0j,0j,0j,0j,0j,0j,0j,0j,0j,0j,0j,0j,0j,0j
12,0j,0j,0j,0j,0j,0j,0j,0j,0j,(-0.008446604411766536+0.03007068248455739j),(0.003021408765480838-0.009244118894625003j),(0.001780035656286356-0.007068920767914858j),(0.01570617935019948-0.05573606581469817j),(-0.005618208885786104+0.017137647720124292j),(-0.0033099169683426027+0.013110993573136958j),0j,(-0.007259574938432947+0.025844749239394258j),(0.002596800120305265-0.007945012052633703j),(0.001529881312056247-0.006075501769330557j),0j,0j,0j,0j,0j,0j,0j,0j,0j,0j,0j,0j,0j,0j,0j,0j,0j,0j,0j,0j,0j,0j,0j,0j,0j,0j,0j,0j,0j,0j,0j,0j,0j,0j,0j,0j,0j,0j,0j,0j,0j,0j,0j,0j,0j,0j,0j,0j,0j,0j,0j,0j,0j,0j,0j,0j,0j,0j,0j,0j,0j,0j,0j,0j,0j,0j,0j,0j,0j,0j,0j,0j,0j,0j,0j,0j
13,0j,0j,0j,0j,0j,0j,0j,0j,0j,(0.003021408765480838-0.009244118894625003j),(-0.007786410760018884+0.02897718910419718j),(0.0009373471110952768-0.005572377923045111j),(-0.005618208885786104+0.017137647720124292j),(0.06283866526377645-0.16071673370803977j),(-0.001742965708177965+0.010340765884319581j),(-0.048337505576289005+0.10700770112626205j),(0.002596800120305265-0.007945012052633703j),(-0.006692160501210897+0.024904928128753997j),(0.0008056185970826881-0.004789273078926507j),0j,0j,0j,0j,0j,0j,0j,0j,0j,0j,0j,0j,0j,0j,0j,0j,0j,0j,0j,0j,0j,0j,0j,0j,0j,0j,0j,0j,0j,0j,0j,0j,0j,0j,0j,0j,0j,0j,0j,0j,0j,0j,0j,0j,0j,0j,0j,0j,0j,0j,0j,0j,0j,0j,0j,0j,0j,0j,0j,0j,0j,0j,0j,0j,0j,0j,0j,0j,0j,0j,0j,0j,0j,0j,0j,0j
14,0j,0j,0j,0j,0j,0j,0j,0j,0j,(0.001780035656286356-0.007068920767914858j),(0.0009373471110952768-0.005572377923045111j),(-0.007216817887134334+0.027968019857033413j),(-0.0033099169683426027+0.013110993573136958j),(-0.001742965708177965+0.010340765884319581j),(0.013419432300530061-0.05184126315640977j),0j,(0.001529881312056247-0.006075501769330557j),(0.0008056185970826881-0.004789273078926507j),(-0.006202614413395726+0.02403758079979166j),0j,0j,0j,0j,0j,0j,0j,0j,0j,0j,0j,0j,0j,0j,0j,0j,0j,0j,0j,0j,0j,0j,0j,0j,0j,0j,0j,0j,0j,0j,0j,0j,0j,0j,0j,0j,0j,0j,0j,0j,0j,0j,0j,0j,0j,0j,0j,0j,0j,0j,0j,0j,0j,0j,0j,0j,0j,0j,0j,0j,0j,0j,0j,0j,0j,0j,0j,0j,0j,0j,0j,0j,0j,0j,0j,0j
15,0j,0j,0j,0j,0j,0j,0j,0j,0j,0j,0j,0j,0j,(-0.048337505576289005+0.10700770112626205j),0j,(0.04836009400254666-0.107006010939756j),0j,0j,0j,0j,0j,0j,0j,0j,0j,0j,0j,0j,0j,0j,0j,0j,0j,0j,0j,0j,0j,0j,0j,0j,0j,0j,0j,0j,0j,0j,0j,0j,0j,0j,0j,0j,0j,0j,0j,0j,0j,0j,0j,0j,0j,0j,0j,0j,0j,0j,0j,0j,0j,0j,0j,0j,0j,0j,0j,0j,0j,0j,0j,0j,0j,0j,0j,0j,0j,0j,0j,0j,0j,0j,0j,0j,0j,0j,0j
16,0j,0j,0j,0j,0j,0j,0j,0j,0j,0j,0j,0j,(-0.007259574938432947+0.025844749239394258j),(0.002596800120305265-0.007945012052633703j),(0.001529881312056247-0.006075501769330557j),0j,(0.016416455536859977-0.058271144583672344j),(-0.005872279585876992+0.01791683282121855j),(-0.003459600424135268+0.01370661865734124j),(-0.009156880598427028+0.03259933052395844j),(0.003275479465571727-0.010021458189497606j),(0.001929719112079021-0.007663347337702516j),0j,0j,0j,0j,0j,0j,0j,0j,0j,0j,0j,0j,0j,0j,0j,0j,0j,0j,0j,0j,0j,0j,0j,0j,0j,0j,0j,0j,0j,0j,0j,0j,0j,0j,0j,0j,0j,0j,0j,0j,0j,0j,0j,0j,0j,0j,0j,0j,0j,0j,0j,0j,0j,0j,0j,0j,0j,0j,0j,0j,0j,0j,0j,0j,0j,0j,0j,0j,0j,0j,0j,0j,0j
17,0j,0j,0j,0j,0j,0j,0j,0j,0j,0j,0j,0j,(0.002596800120305265-0.007945012052633703j),(-0.006692160501210897+0.024904928128753997j),(0.0008056185970826881-0.004789273078926507j),0j,(-0.005872279585876992+0.01791683282121855j),(0.015133331668227668-0.056153563723937344j),(-0.001821787362323211+0.010810096735060202j),(0.003275479465571727-0.010021458189497606j),(-0.008441171167016771+0.031413885127086275j),(0.0010161687652405229-0.006040959988555127j),0j,0j,0j,0j,0j,0j,0j,0j,0j,0j,0j,0j,0j,0j,0j,0j,0j,0j,0j,0j,0j,0j,0j,0j,0j,0j,0j,0j,0j,0j,0j,0j,0j,0j,0j,0j,0j,0j,0j,0j,0j,0j,0j,0j,0j,0j,0j,0j,0j,0j,0j,0j,0j,0j,0j,0j,0j,0j,0j,0j,0j,0j,0j,0j,0j,0j,0j,0j,0j,0j,0j,0j,0j
18,0j,0j,0j,0j,0j,0j,0j,0j,0j,0j,0j,0j,(0.001529881312056247-0.006075501769330557j),(0.0008056185970826881-0.004789273078926507j),(-0.006202614413395726+0.02403758079979166j),0j,(-0.003459600424135268+0.01370661865734124j),(-0.001821787362323211+0.010810096735060202j),(0.014026295560463998-0.054198989913773546j),(0.001929719112079021-0.007663347337702516j),(0.0010161687652405229-0.006040959988555127j),(-0.007823681147068271+0.03031985469196727j),0j,0j,0j,0j,0j,0j,0j,0j,0j,0j,0j,0j,0j,0j,0j,0j,0j,0j,0j,0j,0j,0j,0j,0j,0j,0j,0j,0j,0j,0j,0j,0j,0j,0j,0j,0j,0j,0j,0j,0j,0j,0j,0j,0j,0j,0j,0j,0j,0j,0j,0j,0j,0j,0j,0j,0j,0j,0j,0j,0j,0j,0j,0j,0j,0j,0j,0j,0j,0j,0j,0j,0j,0j
19,0j,0j,0j,0j,0j,0j,0j,0j,0j,0j,0j,0j,0j,0j,0j,0j,(-0.009156880598427028+0.03259933052395844j),(0.003275479465571727-0.010021458189497606j),(0.001929719112079021-0.007663347337702516j),(0.15755276674726762-1.9214788721106155j),(-0.003275479465571727+0.009999507861909679j),(-0.001929719112079021+0.007649094604260032j),(-0.13645598726330171+1.7369710045391067j),0j,0j,0j,0j,0j,0j,0j,0j,0j,0j,0j,0j,0j,0j,0j,0j,0j,0j,0j,0j,0j,0j,0j,0j,0j,0j,0j,0j,0j,0j,0j,0j,0j,0j,0j,0j,0j,0j,0j,0j,0j,0j,0j,0j,0j,0j,0j,0j,0j,0j,0j,0j,0j,0j,0j,0j,0j,0j,0j,0j,0j,0j,0j,0j,0j,0j,0j,0j,0j,0j,0j,0j
20,0j,0j,0j,0j,0j,0j,0j,0j,0j,0j,0j,0j,0j,0j,0j,0j,(0.003275479465571727-0.010021458189497606j),(-0.008441171167016771+0.031413885127086275j),(0.0010161687652405229-0.006040959988555127j),(-0.003275479465571727+0.009999507861909679j),(0.15683705731585734-1.9202968254093913j),(-0.0010161687652405229+0.006032055434592771j),0j,(-0.1447764742915518+1.8428838706695394j),0j,0j,0j,0j,0j,0j,0j,0j,0j,0j,0j,0j,0j,0j,0j,0j,0j,0j,0j,0j,0j,0j,0j,0j,0j,0j,0j,0j,0j,0j,0j,0j,0j,0j,0j,0j,0j,0j,0j,0j,0j,0j,0j,0j,0j,0j,0j,0j,0j,0j,0j,0j,0j,0j,0j,0j,0j,0j,0j,0j,0j,0j,0j,0j,0j,0j,0j,0j,0j,0j,0j
21,0j,0j,0j,0j,0j,0j,0j,0j,0j,0j,0j,0j,0j,0j,0j,0j,(0.001929719112079021-0.007663347337702516j),(0.0010161687652405229-0.006040959988555127j),(-0.007823681147068271+0.03031985469196727j),(-0.001929719112079021+0.007649094604260032j),(-0.0010161687652405229+0.006032055434592771j),(0.15621956729590886-1.9192058037731712j),0j,0j,(-0.14389904111402724+1.8317148775139667j),0j,0j,0j,0j,0j,0j,0j,0j,0j,0j,0j,0j,0j,0j,0j,0j,0j,0j,0j,0j,0j,0j,0j,0j,0j,0j,0j,0j,0j,0j,0j,0j,0j,0j,0j,0j,0j,0j,0j,0j,0j,0j,0j,0j,0j,0j,0j,0j,0j,0j,0j,0j,0j,0j,0j,0j,0j,0j,0j,0j,0j,0j,0j,0j,0j,0j,0j,0j,0j,0j
22,0j,0j,0j,0j,0j,0j,0j,0j,0j,0j,0j,0j,0j,0j,0j,0j,0j,0j,0j,(-0.13645598726330171+1.7369710045391067j),0j,0j,(35.48549272736661-89.25128130574868j),(-14.40466620324922+26.625402900655413j),(-9.561528088712484+21.301608049930344j),(-35.36001595746932+87.65406656523432j),(14.40466620324922-26.625402907581073j),(9.561528088712484-21.301608054463557j),0j,0j,0j,0j,0j,0j,0j,0j,0j,0j,0j,0j,0j,0j,0j,0j,0j,0j,0j,0j,0j,0j,0j,0j,0j,0j,0j,0j,0j,0j,0j,0j,0j,0j,0j,0j,0j,0j,0j,0j,0j,0j,0j,0j,0j,0j,0j,0j,0j,0j,0j,0j,0j,0j,0j,0j,0j,0j,0j,0j,0j,0j,0j,0j,0j,0j,0j
23,0j,0j,0j,0j,0j,0j,0j,0j,0j,0j,0j,0j,0j,0j,0j,0j,0j,0j,0j,0j,(-0.1447764742915518+1.8428838706695394j),0j,(-14.40466620324922+26.625402900655413j),(32.98077314322156-87.02656300283518j),(-6.0891129874497585+17.514671691506212j),(14.40466620324922-26.625402907581073j),(-32.83952780244932+85.22862749452074j),(6.0891129874497585-17.51467169437551j),0j,0j,0j,0j,0j,0j,0j,0j,0j,0j,0j,0j,0j,0j,0j,0j,0j,0j,0j,0j,0j,0j,0j,0j,0j,0j,0j,0j,0j,0j,0j,0j,0j,0j,0j,0j,0j,0j,0j,0j,0j,0j,0j,0j,0j,0j,0j,0j,0j,0j,0j,0j,0j,0j,0j,0j,0j,0j,0j,0j,0j,0j,0j,0j,0j,0j,0j
24,0j,0j,0j,0j,0j,0j,0j,0j,0j,0j,0j,0j,0j,0j,0j,0j,0j,0j,0j,0j,0j,(-0.14389904111402724+1.8317148775139667j),(-9.561528088712484+21.301608049930344j),(-6.0891129874497585+17.514671691506212j),(30.31838044114216-84.50283188543996j),(9.561528088712484-21.301608054463557j),(6.0891129874497585-17.51467169437551j),(-30.17884197703159+82.72662349371484j),0j,0j,0j,0j,0j,0j,0j,0j,0j,0j,0j,0j,0j,0j,0j,0j,0j,0j,0j,0j,0j,0j,0j,0j,0j,0j,0j,0j,0j,0j,0j,0j,0j,0j,0j,0j,0j,0j,0j,0j,0j,0j,0j,0j,0j,0j,0j,0j,0j,0j,0j,0j,0j,0j,0j,0j,0j,0j,0j,0j,0j,0j,0j,0j,0j,0j,0j
25,0j,0j,0j,0j,0j,0j,0j,0j,0j,0j,0j,0j,0j,0j,0j,0j,0j,0j,0j,0j,0j,0j,(-35.36001595746932+87.65406656523432j),(14.40466620324922-26.625402907581073j),(9.561528088712484-21.301608054463557j),(36.50066163351672-90.48161630952752j),(-14.869332854966938+27.48428665072061j),(-9.869964478670951+21.98875655631894j),(-1.1406456760473984+2.8275505343623983j),0j,(0.4646666517177171-0.8588839647606796j),(0.30843638995846756-0.6871486469181797j),0j,0j,0j,0j,0j,0j,0j,0j,0j,0j,0j,0j,0j,0j,0j,0j,0j,0j,0j,0j,0j,0j,0j,0j,0j,0j,0j,0j,0j,0j,0j,0j,0j,0j,0j,0j,0j,0j,0j,0j,0j,0j,0j,0j,0j,0j,0j,0j,0j,0j,0j,0j,0j,0j,0j,0j,0j,0j,0j,0j,0j,0j,0j
26,0j,0j,0j,0j,0j,0j,0j,0j,0j,0j,0j,0j,0j,0j,0j,0j,0j,0j,0j,0j,0j,0j,(14.40466620324922-26.625402907581073j),(-32.83952780244932+85.22862749452074j),(6.0891129874497585-17.51467169437551j),(-14.869332854966938+27.48428665072061j),(33.89886740897994-87.97793730199399j),(-6.285535987044912+18.079661012053936j),(0.4646666517177171-0.8588839647606796j),0j,(-1.0593396065306233+2.7493105643393787j),(0.1964229995951534-0.5649894094959844j),0j,0j,0j,0j,0j,0j,0j,0j,0j,0j,0j,0j,0j,0j,0j,0j,0j,0j,0j,0j,0j,0j,0j,0j,0j,0j,0j,0j,0j,0j,0j,0j,0j,0j,0j,0j,0j,0j,0j,0j,0j,0j,0j,0j,0j,0j,0j,0j,0j,0j,0j,0j,0j,0j,0j,0j,0j,0j,0j,0j,0j,0j,0j
27,0j,0j,0j,0j,0j,0j,0j,0j,0j,0j,0j,0j,0j,0j,0j,0j,0j,0j,0j,0j,0j,0j,(9.561528088712484-21.301608054463557j),(6.0891129874497585-17.51467169437551j),(-30.17884197703159+82.72662349371484j),(-9.869964478670951+21.98875655631894j),(-6.285535987044912+18.079661012053936j),(31.152353008548737-85.39522352404087j),(0.30843638995846756-0.6871486469181797j),0j,(0.1964229995951534-0.5649894094959844j),(-0.9735110315171482+2.6686007578617703j),0j,0j,0j,0j,0j,0j,0j,0j,0j,0j,0j,0j,0j,0j,0j,0j,0j,0j,0j,0j,0j,0j,0j,0j,0j,0j,0j,0j,0j,0j,0j,0j,0j,0j,0j,0j,0j,0j,0j,0j,0j,0j,0j,0j,0j,0j,0j,0j,0j,0j,0j,0j,0j,0j,0j,0j,0j,0j,0j,0j,0j,0j,0j
28,0j,0j,0j,0j,0j,0j,0j,0j,0j,0j,0j,0j,0j,0j,0j,0j,0j,0j,0j,0j,0j,0j,0j,0j,0j,(-1.1406456760473984+2.8275505343623983j),(0.4646666517177171-0.8588839647606796j),(0.30843638995846756-0.6871486469181797j),(1.3393432481912744-3.276572676652626j),(-0.1640648434881763+0.36320040779931284j),(-0.4787750417306938+0.8849544487086026j),(-0.3178012558631811+0.7080073530566346j),(-0.03463272865569965+0.0858511915428348j),(0.014108390012976719-0.026077769742978534j),(0.009364865904713505-0.02086347507782915j),0j,0j,0j,0j,0j,0j,0j,0j,0j,0j,0j,0j,0j,0j,0j,0j,0j,0j,0j,0j,0j,0j,0j,0j,0j,0j,0j,0j,0j,0j,0j,0j,0j,0j,0j,0j,0j,0j,0j,0j,0j,0j,0j,0j,0j,0j,0j,0j,0j,0j,0j,0j,0j,0j,0j,0j,0j,0j,0j,0j
29,0j,0j,0j,0j,0j,0j,0j,0j,0j,0j,0j,0j,0j,0j,0j,0j,0j,0j,0j,0j,0j,0j,0j,0j,0j,0j,0j,0j,(-0.1640648434881763+0.36320040779931284j),(0.16993944581224552-0.3760190750971634j),0j,0j,0j,0j,0j,(-0.0058266019182716825+0.012898706071377468j),0j,0j,0j,0j,0j,0j,0j,0j,0j,0j,0j,0j,0j,0j,0j,0j,0j,0j,0j,0j,0j,0j,0j,0j,0j,0j,0j,0j,0j,0j,0j,0j,0j,0j,0j,0j,0j,0j,0j,0j,0j,0j,0j,0j,0j,0j,0j,0j,0j,0j,0j,0j,0j,0j,0j,0j,0j,0j,0j
30,0j,0j,0j,0j,0j,0j,0j,0j,0j,0j,0j,0j,0j,0j,0j,0j,0j,0j,0j,0j,0j,0j,0j,0j,0j,(0.4646666517177171-0.8588839647606796j),(-1.0593396065306233+2.7493105643393787j),(0.1964229995951534-0.5649894094959844j),(-0.4787750417306938+0.8849544487086026j),0j,(1.091506158992434-2.8327624050533986j),(-0.20238934166029454+0.5821419032997689j),(0.014108390012976719-0.026077769742978534j),(-0.03216408207879464+0.08347563907396743j),(0.005963871682125132-0.017154428691846732j),0j,0j,0j,0j,0j,0j,0j,0j,0j,0j,0j,0j,0j,0j,0j,0j,0j,0j,0j,0j,0j,0j,0j,0j,0j,0j,0j,0j,0j,0j,0j,0j,0j,0j,0j,0j,0j,0j,0j,0j,0j,0j,0j,0j,0j,0j,0j,0j,0j,0j,0j,0j,0j,0j,0j,0j,0j,0j,0j,0j
31,0j,0j,0j,0j,0j,0j,0j,0j,0j,0j,0j,0j,0j,0j,0j,0j,0j,0j,0j,0j,0j,0j,0j,0j,0j,(0.30843638995846756-0.6871486469181797j),(0.1964229995951534-0.5649894094959844j),(-0.9735110315171482+2.6686007578617703j),(-0.3178012558631811+0.7080073530566346j),0j,(-0.20238934166029454+0.5821419032997689j),(1.0030716233272274-2.749603020206437j),(0.009364865904713505-0.02086347507782915j),(0.005963871682125132-0.017154428691846732j),(-0.029558121427063266+0.08102509646788918j),0j,0j,0j,0j,0j,0j,0j,0j,0j,0j,0j,0j,0j,0j,0j,0j,0j,0j,0j,0j,0j,0j,0j,0j,0j,0j,0j,0j,0j,0j,0j,0j,0j,0j,0j,0j,0j,0j,0j,0j,0j,0j,0j,0j,0j,0j,0j,0j,0j,0j,0j,0j,0j,0j,0j,0j,0j,0j,0j,0j
32,0j,0j,0j,0j,0j,0j,0j,0j,0j,0j,0j,0j,0j,0j,0j,0j,0j,0j,0j,0j,0j,0j,0j,0j,0j,0j,0j,0j,(-0.03463272865569965+0.0858511915428348j),0j,(0.014108390012976719-0.026077769742978534j),(0.009364865904713505-0.02086347507782915j),(0.4555852995779538-1.1293247019093937j),(-0.18559251148022954+0.34303919912101405j),(-0.12319258124652882+0.2744490379551486j),0j,0j,0j,(-0.42095257092225413+1.0435007924432662j),(0.1714841214672528-0.3169690822331081j),(0.11382771534181531-0.25359057207694724j),0j,0j,0j,0j,0j,0j,0j,0j,0j,0j,0j,0j,0j,0j,0j,0j,0j,0j,0j,0j,0j,0j,0j,0j,0j,0j,0j,0j,0j,0j,0j,0j,0j,0j,0j,0j,0j,0j,0j,0j,0j,0j,0j,0j,0j,0j,0j,0j,0j,0j,0j,0j,0j,0j
33,0j,0j,0j,0j,0j,0j,0j,0j,0j,0j,0j,0j,0j,0j,0j,0j,0j,0j,0j,0j,0j,0j,0j,0j,0j,0j,0j,0j,(0.014108390012976719-0.026077769742978534j),0j,(-0.03216408207879464+0.08347563907396743j),(0.005963871682125132-0.017154428691846732j),(-0.18559251148022954+0.34303919912101405j),(0.5157608333658295-1.3030707535374673j),(-0.07845578239192394+0.2256603380925656j),0j,0j,(-0.09259105028540643+0.20497448756990924j),(0.1714841214672528-0.3169690822331081j),(-0.3909467595529682+1.0146265177919136j),(0.07248944032678283-0.2085079963616132j),0j,0j,0j,0j,0j,0j,0j,0j,0j,0j,0j,0j,0j,0j,0j,0j,0j,0j,0j,0j,0j,0j,0j,0j,0j,0j,0j,0j,0j,0j,0j,0j,0j,0j,0j,0j,0j,0j,0j,0j,0j,0j,0j,0j,0j,0j,0j,0j,0j,0j,0j,0j,0j,0j
34,0j,0j,0j,0j,0j,0j,0j,0j,0j,0j,0j,0j,0j,0j,0j,0j,0j,0j,0j,0j,0j,0j,0j,0j,0j,0j,0j,0j,(0.009364865904713505-0.02086347507782915j),0j,(0.005963871682125132-0.017154428691846732j),(-0.029558121427063266+0.08102509646788918j),(-0.12319258124652882+0.2744490379551486j),(-0.07845578239192394+0.2256603380925656j),(0.3888381672146388-1.0658443465998662j),0j,0j,0j,(0.11382771534181531-0.25359057207694724j),(0.07248944032678283-0.2085079963616132j),(-0.35927192829799515+0.9848407558775578j),0j,0j,0j,0j,0j,0j,0j,0j,0j,0j,0j,0j,0j,0j,0j,0j,0j,0j,0j,0j,0j,0j,0j,0j,0j,0j,0j,0j,0j,0j,0j,0j,0j,0j,0j,0j,0j,0j,0j,0j,0j,0j,0j,0j,0j,0j,0j,0j,0j,0j,0j,0j,0j,0j
35,0j,0j,0j,0j,0j,0j,0j,0j,0j,0j,0j,0j,0j,0j,0j,0j,0j,0j,0j,0j,0j,0j,0j,0j,0j,0j,0j,0j,0j,(-0.0058266019182716825+0.012898706071377468j),0j,0j,0j,0j,0j,(0.026482455017378906-0.05808122613539121j),(-0.020418550390449885+0.045201797477207054j),0j,0j,0j,0j,0j,0j,0j,0j,0j,0j,0j,0j,0j,0j,0j,0j,0j,0j,0j,0j,0j,0j,0j,0j,0j,0j,0j,0j,0j,0j,0j,0j,0j,0j,0j,0j,0j,0j,0j,0j,0j,0j,0j,0j,0j,0j,0j,0j,0j,0j,0j,0j,0j,0j,0j,0j,0j,0j
36,0j,0j,0j,0j,0j,0j,0j,0j,0j,0j,0j,0j,0j,0j,0j,0j,0j,0j,0j,0j,0j,0j,0j,0j,0j,0j,0j,0j,0j,0j,0j,0j,0j,0j,0j,(-0.020418550390449885+0.045201797477207054j),(0.020607852693309708-0.045259075310232814j),0j,0j,0j,0j,0j,0j,0j,0j,0j,0j,0j,0j,0j,0j,0j,0j,0j,0j,0j,0j,0j,0j,0j,0j,0j,0j,0j,0j,0j,0j,0j,0j,0j,0j,0j,0j,0j,0j,0j,0j,0j,0j,0j,0j,0j,0j,0j,0j,0j,0j,0j,0j,0j,0j,0j,0j,0j,0j
37,0j,0j,0j,0j,0j,0j,0j,0j,0j,0j,0j,0j,0j,0j,0j,0j,0j,0j,0j,0j,0j,0j,0j,0j,0j,0j,0j,0j,0j,0j,0j,0j,0j,(-0.09259105028540643+0.20497448756990924j),0j,0j,0j,(0.09264752135105056-0.20499364859106695j),0j,0j,0j,0j,0j,0j,0j,0j,0j,0j,0j,0j,0j,0j,0j,0j,0j,0j,0j,0j,0j,0j,0j,0j,0j,0j,0j,0j,0j,0j,0j,0j,0j,0j,0j,0j,0j,0j,0j,0j,0j,0j,0j,0j,0j,0j,0j,0j,0j,0j,0j,0j,0j,0j,0j,0j,0j
38,0j,0j,0j,0j,0j,0j,0j,0j,0j,0j,0j,0j,0j,0j,0j,0j,0j,0j,0j,0j,0j,0j,0j,0j,0j,0j,0j,0j,0j,0j,0j,0j,(-0.42095257092225413+1.0435007924432662j),(0.1714841214672528-0.3169690822331081j),(0.11382771534181531-0.25359057207694724j),0j,0j,0j,(0.4382621988368272-1.0863363557525665j),(-0.17853141413029058+0.3299804710942543j),(-0.11850556665723237+0.26400245576042947j),(-0.01729942072283235+0.04288359420999721j),(0.007047292663037783-0.013026126667114024j),(0.004677851315417064-0.01042153035932659j),0j,0j,0j,0j,0j,0j,0j,0j,0j,0j,0j,0j,0j,0j,0j,0j,0j,0j,0j,0j,0j,0j,0j,0j,0j,0j,0j,0j,0j,0j,0j,0j,0j,0j,0j,0j,0j,0j,0j,0j,0j,0j,0j,0j,0j,0j,0j,0j,0j,0j,0j
39,0j,0j,0j,0j,0j,0j,0j,0j,0j,0j,0j,0j,0j,0j,0j,0j,0j,0j,0j,0j,0j,0j,0j,0j,0j,0j,0j,0j,0j,0j,0j,0j,(0.1714841214672528-0.3169690822331081j),(-0.3909467595529682+1.0146265177919136j),(0.07248944032678283-0.2085079963616132j),0j,0j,0j,(-0.17853141413029058+0.3299804710942543j),(0.4070130647400765-1.0562731663772706j),(-0.07546845842240403+0.2170707122622273j),(0.007047292663037783-0.013026126667114024j),(-0.016066305187108283+0.04169698018322933j),(0.0029790180956212114-0.008568821768285474j),0j,0j,0j,0j,0j,0j,0j,0j,0j,0j,0j,0j,0j,0j,0j,0j,0j,0j,0j,0j,0j,0j,0j,0j,0j,0j,0j,0j,0j,0j,0j,0j,0j,0j,0j,0j,0j,0j,0j,0j,0j,0j,0j,0j,0j,0j,0j,0j,0j,0j,0j
40,0j,0j,0j,0j,0j,0j,0j,0j,0j,0j,0j,0j,0j,0j,0j,0j,0j,0j,0j,0j,0j,0j,0j,0j,0j,0j,0j,0j,0j,0j,0j,0j,(0.11382771534181531-0.25359057207694724j),(0.07248944032678283-0.2085079963616132j),(-0.35927192829799515+0.9848407558775578j),0j,0j,0j,(-0.11850556665723237+0.26400245576042947j),(-0.07546845842240403+0.2170707122622273j),(0.37404217519762784-1.0252678158854303j),(0.004677851315417064-0.01042153035932659j),(0.0029790180956212114-0.008568821768285474j),(-0.014764599793068288+0.04047290777579004j),0j,0j,0j,0j,0j,0j,0j,0j,0j,0j,0j,0j,0j,0j,0j,0j,0j,0j,0j,0j,0j,0j,0j,0j,0j,0j,0j,0j,0j,0j,0j,0j,0j,0j,0j,0j,0j,0j,0j,0j,0j,0j,0j,0j,0j,0j,0j,0j,0j,0j,0j
41,0j,0j,0j,0j,0j,0j,0j,0j,0j,0j,0j,0j,0j,0j,0j,0j,0j,0j,0j,0j,0j,0j,0j,0j,0j,0j,0j,0j,0j,0j,0j,0j,0j,0j,0j,0j,0j,0j,(-0.01729942072283235+0.04288359420999721j),(0.007047292663037783-0.013026126667114024j),(0.004677851315417064-0.01042153035932659j),(0.6973440504349999-1.7285065380266504j),(-0.2840695160798412+0.5250428117259989j),(-0.18857809531312472+0.4200691736278485j),(-0.6800003068744103+1.685655126254506j),(0.27701281160094665-0.5120269789919437j),(0.1838755401675478-0.40964630873968383j),0j,0j,0j,0j,0j,0j,0j,0j,0j,0j,0j,0j,0j,0j,0j,0j,0j,0j,0j,0j,0j,0j,0j,0j,0j,0j,0j,0j,0j,0j,0j,0j,0j,0j,0j,0j,0j,0j,0j,0j,0j,0j,0j,0j,0j,0j,0j,0j
42,0j,0j,0j,0j,0j,0j,0j,0j,0j,0j,0j,0j,0j,0j,0j,0j,0j,0j,0j,0j,0j,0j,0j,0j,0j,0j,0j,0j,0j,0j,0j,0j,0j,0j,0j,0j,0j,0j,(0.007047292663037783-0.013026126667114024j),(-0.016066305187108283+0.04169698018322933j),(0.0029790180956212114-0.008568821768285474j),(-0.2840695160798412+0.5250428117259989j),(0.647614509635155-1.6806679171573455j),(-0.12008675659320411+0.34538763947716095j),(0.27701281160094665-0.5120269789919437j),(-0.6315293808163331+1.639012067202322j),(0.11709832668172612-0.33682060950722137j),0j,0j,0j,0j,0j,0j,0j,0j,0j,0j,0j,0j,0j,0j,0j,0j,0j,0j,0j,0j,0j,0j,0j,0j,0j,0j,0j,0j,0j,0j,0j,0j,0j,0j,0j,0j,0j,0j,0j,0j,0j,0j,0j,0j,0j,0j,0j,0j
43,0j,0j,0j,0j,0j,0j,0j,0j,0j,0j,0j,0j,0j,0j,0j,0j,0j,0j,0j,0j,0j,0j,0j,0j,0j,0j,0j,0j,0j,0j,0j,0j,0j,0j,0j,0j,0j,0j,(0.004677851315417064-0.01042153035932659j),(0.0029790180956212114-0.008568821768285474j),(-0.014764599793068288+0.04047290777579004j),(-0.18857809531312472+0.4200691736278485j),(-0.12008675659320411+0.34538763947716095j),(0.5951610611512309-1.631336918226919j),(0.1838755401675478-0.40964630873968383j),(0.11709832668172612-0.33682060950722137j),(-0.580362345712146+1.5908966056483624j),0j,0j,0j,0j,0j,0j,0j,0j,0j,0j,0j,0j,0j,0j,0j,0j,0j,0j,0j,0j,0j,0j,0j,0j,0j,0j,0j,0j,0j,0j,0j,0j,0j,0j,0j,0j,0j,0j,0j,0j,0j,0j,0j,0j,0j,0j,0j,0j
44,0j,0j,0j,0j,0j,0j,0j,0j,0j,0j,0j,0j,0j,0j,0j,0j,0j,0j,0j,0j,0j,0j,0j,0j,0j,0j,0j,0j,0j,0j,0j,0j,0j,0j,0j,0j,0j,0j,0j,0j,0j,(-0.6800003068744103+1.685655126254506j),(0.27701281160094665-0.5120269789919437j),(0.1838755401675478-0.40964630873968383j),(0.6896011800640571-1.709362548315016j),(-0.28092393465368876+0.5192303820558523j),(-0.18647166508981566+0.4154131426150426j),0j,0j,0j,0j,0j,0j,0j,0j,0j,0j,0j,0j,0j,0j,0j,0j,0j,0j,0j,0j,0j,0j,0j,0j,0j,0j,0j,0j,0j,0j,0j,0j,0j,0j,0j,0j,0j,0j,0j,0j,(-0.009600873189646846+0.023799637948746764j),(0.00391112305274212-0.007229270406619897j),(0.0025961249222678485-0.005783765423422091j),0j,0j,0j,0j,0j
45,0j,0j,0j,0j,0j,0j,0j,0j,0j,0j,0j,0j,0j,0j,0j,0j,0j,0j,0j,0j,0j,0j,0j,0j,0j,0j,0j,0j,0j,0j,0j,0j,0j,0j,0j,0j,0j,0j,0j,0j,0j,(0.27701281160094665-0.5120269789919437j),(-0.6315293808163331+1.639012067202322j),(0.11709832668172612-0.33682060950722137j),(-0.28092393465368876+0.5192303820558523j),(0.6524768709011326-1.6886410258211615j),(-0.11875162914913034+0.34156543752972135j),0j,0j,0j,0j,0j,0j,0j,0j,0j,0j,0j,0j,0j,0j,0j,0j,0j,0j,0j,0j,0j,0j,0j,0j,0j,0j,0j,0j,0j,0j,0j,0j,0j,0j,0j,0j,0j,0j,0j,(-0.01202532714808322+0.026621204343627306j),(0.00391112305274212-0.007229270406619897j),(-0.008916515830151869+0.023141088106033332j),(0.0016533024674042244-0.0047555448532108375j),0j,0j,0j,0j,0j
46,0j,0j,0j,0j,0j,0j,0j,0j,0j,0j,0j,0j,0j,0j,0j,0j,0j,0j,0j,0j,0j,0j,0j,0j,0j,0j,0j,0j,0j,0j,0j,0j,0j,0j,0j,0j,0j,0j,0j,0j,0j,(0.1838755401675478-0.40964630873968383j),(0.11709832668172612-0.33682060950722137j),(-0.580362345712146+1.5908966056483624j),(-0.18647166508981566+0.4154131426150426j),(-0.11875162914913034+0.34156543752972135j),(0.5885564380219563-1.6132734381094935j),0j,0j,0j,0j,0j,0j,0j,0j,0j,0j,0j,0j,0j,0j,0j,0j,0j,0j,0j,0j,0j,0j,0j,0j,0j,0j,0j,0j,0j,0j,0j,0j,0j,0j,0j,0j,0j,0j,0j,0j,(0.0025961249222678485-0.005783765423422091j),(0.0016533024674042244-0.0047555448532108375j),(-0.00819409230981037+0.02246174952313735j),0j,0j,0j,0j,0j
47,0j,0j,0j,0j,0j,0j,0j,0j,0j,0j,0j,0j,0j,0j,0j,0j,0j,0j,0j,0j,0j,0j,0j,0j,0j,0j,0j,0j,0j,0j,0j,0j,0j,0j,0j,0j,0j,0j,0j,0j,0j,0j,0j,0j,0j,0j,0j,(35.432534758425994-87.83679155387684j),(-14.434063481215036+26.679737064035915j),(-9.58104141134251+21.345078498155207j),(-0.07216329787238639+0.17888585013313127j),(0.029397277965814754-0.054337556954247086j),(0.01951332263002548-0.04347266949890522j),0j,0j,0j,0j,0j,0j,0j,0j,0j,0j,0j,0j,0j,0j,0j,0j,0j,0j,0j,0j,0j,0j,0j,0j,0j,0j,0j,(-35.36001595746932+87.65406656523432j),(14.40466620324922-26.625402907581073j),(9.561528088712484-21.301608054463557j),(-0.002107525808420101+0.02304302165479951j),0j,0j,0j,0j,0j,0j,0j,0j,0j,0j,0j
48,0j,0j,0j,0j,0j,0j,0j,0j,0j,0j,0j,0j,0j,0j,0j,0j,0j,0j,0j,0j,0j,0j,0j,0j,0j,0j,0j,0j,0j,0j,0j,0j,0j,0j,0j,0j,0j,0j,0j,0j,0j,0j,0j,0j,0j,0j,0j,(-14.434063481215036+26.679737064035915j),(32.90690028882301-85.4064020362977j),(-6.101539748648635+17.550414513497547j),(0.029397277965814754-0.054337556954247086j),(-0.06701944449479455+0.17393597447861375j),(0.01242676119887706-0.035744227947705126j),0j,0j,0j,0j,0j,0j,0j,0j,0j,0j,0j,0j,0j,0j,0j,0j,0j,0j,0j,0j,0j,0j,0j,0j,0j,0j,0j,(14.40466620324922-26.625402907581073j),(-32.83952780244932+85.22862749452074j),(6.0891129874497585-17.51467169437551j),0j,(-0.002107525808420101+0.02304302165479951j),0j,0j,0j,0j,0j,0j,0j,0j,0j,0j
49,0j,0j,0j,0j,0j,0j,0j,0j,0j,0j,0j,0j,0j,0j,0j,0j,0j,0j,0j,0j,0j,0j,0j,0j,0j,0j,0j,0j,0j,0j,0j,0j,0j,0j,0j,0j,0j,0j,0j,0j,0j,0j,0j,0j,0j,0j,0j,(-9.58104141134251+21.345078498155207j),(-6.101539748648635+17.550414513497547j),(30.24078637469617-82.89929319936651j),(0.01951332263002548-0.04347266949890522j),(0.01242676119887706-0.035744227947705126j),(-0.06158947342251346+0.1688298438647242j),0j,0j,0j,0j,0j,0j,0j,0j,0j,0j,0j,0j,0j,0j,0j,0j,0j,0j,0j,0j,0j,0j,0j,0j,0j,0j,0j,(9.561528088712484-21.301608054463557j),(6.0891129874497585-17.51467169437551j),(-30.17884197703159+82.72662349371484j),0j,0j,(-0.002107525808420101+0.02304302165479951j),0j,0j,0j,0j,0j,0j,0j,0j,0j
50,0j,0j,0j,0j,0j,0j,0j,0j,0j,0j,0j,0j,0j,0j,0j,0j,0j,0j,0j,0j,0j,0j,0j,0j,0j,0j,0j,0j,0j,0j,0j,0j,0j,0j,0j,0j,0j,0j,0j,0j,0j,0j,0j,0j,0j,0j,0j,(-0.07216329787238639+0.17888585013313127j),(0.029397277965814754-0.054337556954247086j),(0.01951332263002548-0.04347266949890522j),(0.30600882737077795-0.7125906396442623j),(-0.05410699258155769+0.10000061495211285j),(-0.03591992116859998+0.08000845758397687j),(-0.06065182840046199+0.150350028413781j),(0.02470783225257158-0.04566964478144267j),(0.016400562759369613-0.03653792119118965j),0j,0j,0j,0j,0j,0j,0j,0j,0j,0j,0j,0j,0j,0j,0j,0j,0j,0j,0j,0j,0j,0j,0j,0j,0j,0j,0j,0j,0j,0j,0j,0j,0j,0j,(-0.17317955701529714+0.38337820823260793j),0j,0j,0j,0j
51,0j,0j,0j,0j,0j,0j,0j,0j,0j,0j,0j,0j,0j,0j,0j,0j,0j,0j,0j,0j,0j,0j,0j,0j,0j,0j,0j,0j,0j,0j,0j,0j,0j,0j,0j,0j,0j,0j,0j,0j,0j,0j,0j,0j,0j,0j,0j,(0.029397277965814754-0.054337556954247086j),(-0.06701944449479455+0.17393597447861375j),(0.01242676119887706-0.035744227947705126j),(-0.05410699258155769+0.10000061495211285j),(0.12335776512003555-0.3201047707788134j),(-0.02287818484025369+0.06578662043239492j),(0.02470783225257158-0.04566964478144267j),(-0.0563285211019714+0.14618975556521568j),(0.010444447662864079-0.030042318515223862j),0j,0j,0j,0j,0j,0j,0j,0j,0j,0j,0j,0j,0j,0j,0j,0j,0j,0j,0j,0j,0j,0j,0j,0j,0j,0j,0j,0j,0j,0j,0j,0j,0j,0j,0j,0j,0j,0j,0j
52,0j,0j,0j,0j,0j,0j,0j,0j,0j,0j,0j,0j,0j,0j,0j,0j,0j,0j,0j,0j,0j,0j,0j,0j,0j,0j,0j,0j,0j,0j,0j,0j,0j,0j,0j,0j,0j,0j,0j,0j,0j,0j,0j,0j,0j,0j,0j,(0.01951332263002548-0.04347266949890522j),(0.01242676119887706-0.035744227947705126j),(-0.06158947342251346+0.1688298438647242j),(-0.03591992116859998+0.08000845758397687j),(-0.02287818484025369+0.06578662043239492j),(0.11337004624991348-0.3107107526207341j),(0.016400562759369613-0.03653792119118965j),(0.010444447662864079-0.030042318515223862j),(-0.05176473752492555+0.14189815350551435j),0j,0j,0j,0j,0j,0j,0j,0j,0j,0j,0j,0j,0j,0j,0j,0j,0j,0j,0j,0j,0j,0j,0j,0j,0j,0j,0j,0j,0j,0j,0j,0j,0j,0j,0j,0j,0j,0j,0j
53,0j,0j,0j,0j,0j,0j,0j,0j,0j,0j,0j,0j,0j,0j,0j,0j,0j,0j,0j,0j,0j,0j,0j,0j,0j,0j,0j,0j,0j,0j,0j,0j,0j,0j,0j,0j,0j,0j,0j,0j,0j,0j,0j,0j,0j,0j,0j,0j,0j,0j,(-0.06065182840046199+0.150350028413781j),(0.02470783225257158-0.04566964478144267j),(0.016400562759369613-0.03653792119118965j),(1.4986263376973659-3.714793531315595j),(-0.6104798371991432+1.1283844084554397j),(-0.40527580702010635+0.9027854105559521j),(-0.175049583947868+0.4339310226001699j),(0.07131022872895659-0.13180892528505486j),(0.04733429746887368-0.10545350522011664j),(-1.262857712766762+3.130502377329797j),(0.5144523644017582-0.9509072466993241j),(0.3414831460254458-0.7607717162308414j),0j,0j,0j,0j,0j,0j,0j,0j,0j,0j,0j,0j,0j,0j,0j,0j,0j,0j,0j,0j,0j,0j,0j,0j,0j,0j,0j,0j,0j,0j,0j,0j,0j
54,0j,0j,0j,0j,0j,0j,0j,0j,0j,0j,0j,0j,0j,0j,0j,0j,0j,0j,0j,0j,0j,0j,0j,0j,0j,0j,0j,0j,0j,0j,0j,0j,0j,0j,0j,0j,0j,0j,0j,0j,0j,0j,0j,0j,0j,0j,0j,0j,0j,0j,(0.02470783225257158-0.04566964478144267j),(-0.0563285211019714+0.14618975556521568j),(0.010444447662864079-0.030042318515223862j),(-0.6104798371991432+1.1283844084554397j),(1.3917665191852076-3.6119855755290042j),(-0.2580732801378283+0.7422776453556732j),(0.07131022872895659-0.13180892528505486j),(-0.16257191981410557+0.4219238984877265j),(0.030144123700246328-0.08670629551671048j),(0.5144523644017582-0.9509072466993241j),(-1.1728402786589045+3.0438795533757412j),(0.21746832098034857-0.6255239890848397j),0j,0j,0j,0j,0j,0j,0j,0j,0j,0j,0j,0j,0j,0j,0j,0j,0j,0j,0j,0j,0j,0j,0j,0j,0j,0j,0j,0j,0j,0j,0j,0j,0j
55,0j,0j,0j,0j,0j,0j,0j,0j,0j,0j,0j,0j,0j,0j,0j,0j,0j,0j,0j,0j,0j,0j,0j,0j,0j,0j,0j,0j,0j,0j,0j,0j,0j,0j,0j,0j,0j,0j,0j,0j,0j,0j,0j,0j,0j,0j,0j,0j,0j,0j,(0.016400562759369613-0.03653792119118965j),(0.010444447662864079-0.030042318515223862j),(-0.05176473752492555+0.14189815350551435j),(-0.40527580702010635+0.9027854105559521j),(-0.2580732801378283+0.7422776453556732j),(1.2790549187867843-3.5059730056454086j),(0.04733429746887368-0.10545350522011664j),(0.030144123700246328-0.08670629551671048j),(-0.14940020780708707+0.4095377400678954j),(0.3414831460254458-0.7607717162308414j),(0.21746832098034857-0.6255239890848397j),(-1.0778157848939853+2.9545222676326732j),0j,0j,0j,0j,0j,0j,0j,0j,0j,0j,0j,0j,0j,0j,0j,0j,0j,0j,0j,0j,0j,0j,0j,0j,0j,0j,0j,0j,0j,0j,0j,0j,0j
56,0j,0j,0j,0j,0j,0j,0j,0j,0j,0j,0j,0j,0j,0j,0j,0j,0j,0j,0j,0j,0j,0j,0j,0j,0j,0j,0j,0j,0j,0j,0j,0j,0j,0j,0j,0j,0j,0j,0j,0j,0j,0j,0j,0j,0j,0j,0j,0j,0j,0j,0j,0j,0j,(-0.175049583947868+0.4339310226001699j),(0.07131022872895659-0.13180892528505486j),(0.04733429746887368-0.10545350522011664j),(0.3071358465325863-0.7610545776830792j),(-0.12508063039516312+0.23116389971545892j),(-0.08308300136122275+0.1849670459644754j),0j,0j,0j,(-0.13194035805025872+0.32706741255684446j),(0.05374875448973593-0.09934851831186967j),(0.03567734361459884-0.07948361214352076j),0j,0j,0j,0j,0j,0j,0j,0j,0j,0j,0j,0j,0j,0j,0j,0j,0j,0j,0j,0j,0j,0j,0j,0j,0j,0j,0j,0j,0j,0j
57,0j,0j,0j,0j,0j,0j,0j,0j,0j,0j,0j,0j,0j,0j,0j,0j,0j,0j,0j,0j,0j,0j,0j,0j,0j,0j,0j,0j,0j,0j,0j,0j,0j,0j,0j,0j,0j,0j,0j,0j,0j,0j,0j,0j,0j,0j,0j,0j,0j,0j,0j,0j,0j,(0.07131022872895659-0.13180892528505486j),(-0.16257191981410557+0.4219238984877265j),(0.030144123700246328-0.08670629551671048j),(-0.12508063039516312+0.23116389971545892j),(0.2851959902858439-0.7399720549496003j),(-0.05287866926229184+0.15206451824322081j),0j,0j,0j,(0.05374875448973593-0.09934851831186967j),(-0.12253555150167655+0.3180172667705997j),(0.02272057084869311-0.0653532525909534j),0j,0j,0j,0j,0j,0j,0j,0j,0j,0j,0j,0j,0j,0j,0j,0j,0j,0j,0j,0j,0j,0j,0j,0j,0j,0j,0j,0j,0j,0j
58,0j,0j,0j,0j,0j,0j,0j,0j,0j,0j,0j,0j,0j,0j,0j,0j,0j,0j,0j,0j,0j,0j,0j,0j,0j,0j,0j,0j,0j,0j,0j,0j,0j,0j,0j,0j,0j,0j,0j,0j,0j,0j,0j,0j,0j,0j,0j,0j,0j,0j,0j,0j,0j,(0.04733429746887368-0.10545350522011664j),(0.030144123700246328-0.08670629551671048j),(-0.14940020780708707+0.4095377400678954j),(-0.08308300136122275+0.1849670459644754j),(-0.05287866926229184+0.15206451824322081j),(0.2621460591957105-0.7182728395276099j),0j,0j,0j,(0.03567734361459884-0.07948361214352076j),(0.02272057084869311-0.0653532525909534j),(-0.11260761931728205+0.3086814309466972j),0j,0j,0j,0j,0j,0j,0j,0j,0j,0j,0j,0j,0j,0j,0j,0j,0j,0j,0j,0j,0j,0j,0j,0j,0j,0j,0j,0j,0j,0j
59,0j,0j,0j,0j,0j,0j,0j,0j,0j,0j,0j,0j,0j,0j,0j,0j,0j,0j,0j,0j,0j,0j,0j,0j,0j,0j,0j,0j,0j,0j,0j,0j,0j,0j,0j,0j,0j,0j,0j,0j,0j,0j,0j,0j,0j,0j,0j,0j,0j,0j,0j,0j,0j,(-1.262857712766762+3.130502377329797j),(0.5144523644017582-0.9509072466993241j),(0.3414831460254458-0.7607717162308414j),0j,0j,0j,(1.524796226588951-3.779793399862181j),(-0.6211535955369377+1.1481313245394529j),(-0.41230928001590866+0.9185606666095538j),0j,0j,0j,0j,0j,0j,0j,0j,0j,(-0.26192604412940246+0.6492893819646987j),(0.10670123113517947-0.1972252067228228j),(0.07082613399046284-0.15778968929232268j),0j,0j,0j,0j,0j,0j,0j,0j,0j,0j,0j,0j,0j,0j,0j,0j,0j,0j,0j,0j,0j
60,0j,0j,0j,0j,0j,0j,0j,0j,0j,0j,0j,0j,0j,0j,0j,0j,0j,0j,0j,0j,0j,0j,0j,0j,0j,0j,0j,0j,0j,0j,0j,0j,0j,0j,0j,0j,0j,0j,0j,0j,0j,0j,0j,0j,0j,0j,0j,0j,0j,0j,0j,0j,0j,(0.5144523644017582-0.9509072466993241j),(-1.1728402786589045+3.0438795533757412j),(0.21746832098034857-0.6255239890848397j),0j,0j,0j,(-0.6211535955369377+1.1481313245394529j),(1.416096040158529-3.675198864714954j),(-0.26257286162812454+0.7552618302363747j),0j,0j,0j,0j,0j,0j,0j,0j,0j,(0.10670123113517947-0.1972252067228228j),(-0.24325576149962458+0.6313231666260796j),(0.045104540647775956-0.12973830884722604j),0j,0j,0j,0j,0j,0j,0j,0j,0j,0j,0j,0j,0j,0j,0j,0j,0j,0j,0j,0j,0j
61,0j,0j,0j,0j,0j,0j,0j,0j,0j,0j,0j,0j,0j,0j,0j,0j,0j,0j,0j,0j,0j,0j,0j,0j,0j,0j,0j,0j,0j,0j,0j,0j,0j,0j,0j,0j,0j,0j,0j,0j,0j,0j,0j,0j,0j,0j,0j,0j,0j,0j,0j,0j,0j,(0.3414831460254458-0.7607717162308414j),(0.21746832098034857-0.6255239890848397j),(-1.0778157848939853+2.9545222676326732j),0j,0j,0j,(-0.41230928001590866+0.9185606666095538j),(-0.26257286162812454+0.7552618302363747j),(1.3013627625016266-3.567308365404651j),0j,0j,0j,0j,0j,0j,0j,0j,0j,(0.07082613399046284-0.15778968929232268j),(0.045104540647775956-0.12973830884722604j),(-0.22354697760764136+0.6127898036571471j),0j,0j,0j,0j,0j,0j,0j,0j,0j,0j,0j,0j,0j,0j,0j,0j,0j,0j,0j,0j,0j
62,0j,0j,0j,0j,0j,0j,0j,0j,0j,0j,0j,0j,0j,0j,0j,0j,0j,0j,0j,0j,0j,0j,0j,0j,0j,0j,0j,0j,0j,0j,0j,0j,0j,0j,0j,0j,0j,0j,0j,0j,0j,0j,0j,0j,0j,0j,0j,0j,0j,0j,0j,0j,0j,0j,0j,0j,(-0.13194035805025872+0.32706741255684446j),(0.05374875448973593-0.09934851831186967j),(0.03567734361459884-0.07948361214352076j),0j,0j,0j,(1.8060032307152585-4.476812660819736j),(-0.7357198258919834+1.3598609610407335j),(-0.488360644101658+1.0879555504255365j),(-0.41116297624964354+1.0192333321538878j),(0.16749611864243297-0.30959770822768706j),(0.11118055917107543-0.24769311691236703j),(-1.262857712766762+3.130502377329797j),(0.5144523644017582-0.9509072466993241j),(0.3414831460254458-0.7607717162308414j),0j,0j,0j,0j,0j,0j,0j,0j,0j,0j,0j,0j,0j,0j,0j,0j,0j,0j,0j,0j,0j,0j,0j,0j
63,0j,0j,0j,0j,0j,0j,0j,0j,0j,0j,0j,0j,0j,0j,0j,0j,0j,0j,0j,0j,0j,0j,0j,0j,0j,0j,0j,0j,0j,0j,0j,0j,0j,0j,0j,0j,0j,0j,0j,0j,0j,0j,0j,0j,0j,0j,0j,0j,0j,0j,0j,0j,0j,0j,0j,0j,(0.05374875448973593-0.09934851831186967j),(-0.12253555150167655+0.3180172667705997j),(0.02272057084869311-0.0653532525909534j),0j,0j,0j,(-0.7357198258919834+1.3598609610407335j),(1.6772683088606606-4.352935211654114j),(-0.31100744711293044+0.8945418597252267j),(0.16749611864243297-0.30959770822768706j),(-0.3818549744470852+0.9910305522618693j),(0.07080363938895065-0.20365897319041287j),(0.5144523644017582-0.9509072466993241j),(-1.1728402786589045+3.0438795533757412j),(0.21746832098034857-0.6255239890848397j),0j,0j,0j,0j,0j,0j,0j,0j,0j,0j,0j,0j,0j,0j,0j,0j,0j,0j,0j,0j,0j,0j,0j,0j
64,0j,0j,0j,0j,0j,0j,0j,0j,0j,0j,0j,0j,0j,0j,0j,0j,0j,0j,0j,0j,0j,0j,0j,0j,0j,0j,0j,0j,0j,0j,0j,0j,0j,0j,0j,0j,0j,0j,0j,0j,0j,0j,0j,0j,0j,0j,0j,0j,0j,0j,0j,0j,0j,0j,0j,0j,(0.03567734361459884-0.07948361214352076j),(0.02272057084869311-0.0653532525909534j),(-0.11260761931728205+0.3086814309466972j),0j,0j,0j,(-0.488360644101658+1.0879555504255365j),(-0.31100744711293044+0.8945418597252267j),(1.5413746825715293-4.225148073863595j),(0.11118055917107543-0.24769311691236703j),(0.07080363938895065-0.20365897319041287j),(-0.3509167671747859+0.9619374824850565j),(0.3414831460254458-0.7607717162308414j),(0.21746832098034857-0.6255239890848397j),(-1.0778157848939853+2.9545222676326732j),0j,0j,0j,0j,0j,0j,0j,0j,0j,0j,0j,0j,0j,0j,0j,0j,0j,0j,0j,0j,0j,0j,0j,0j
65,0j,0j,0j,0j,0j,0j,0j,0j,0j,0j,0j,0j,0j,0j,0j,0j,0j,0j,0j,0j,0j,0j,0j,0j,0j,0j,0j,0j,0j,0j,0j,0j,0j,0j,0j,0j,0j,0j,0j,0j,0j,0j,0j,0j,0j,0j,0j,0j,0j,0j,0j,0j,0j,0j,0j,0j,0j,0j,0j,0j,0j,0j,(-0.41116297624964354+1.0192333321538878j),(0.16749611864243297-0.30959770822768706j),(0.11118055917107543-0.24769311691236703j),(0.41119531540547855-1.0192466302513907j),(-0.16750458927670409+0.3096009126474568j),(-0.11118055917107543+0.2476927270561064j),0j,0j,0j,0j,0j,0j,0j,0j,0j,0j,0j,0j,0j,0j,0j,0j,0j,0j,0j,0j,0j,0j,0j,0j,0j,0j,0j
66,0j,0j,0j,0j,0j,0j,0j,0j,0j,0j,0j,0j,0j,0j,0j,0j,0j,0j,0j,0j,0j,0j,0j,0j,0j,0j,0j,0j,0j,0j,0j,0j,0j,0j,0j,0j,0j,0j,0j,0j,0j,0j,0j,0j,0j,0j,0j,0j,0j,0j,0j,0j,0j,0j,0j,0j,0j,0j,0j,0j,0j,0j,(0.16749611864243297-0.30959770822768706j),(-0.3818549744470852+0.9910305522618693j),(0.07080363938895065-0.20365897319041287j),(-0.16750458927670409+0.3096009126474568j),(0.3818976666003627-0.991048584069529j),(-0.07081399238639312+0.2036633709076663j),0j,0j,0j,0j,0j,0j,0j,0j,0j,0j,0j,0j,0j,0j,0j,0j,0j,0j,0j,0j,0j,0j,0j,0j,0j,0j,0j
67,0j,0j,0j,0j,0j,0j,0j,0j,0j,0j,0j,0j,0j,0j,0j,0j,0j,0j,0j,0j,0j,0j,0j,0j,0j,0j,0j,0j,0j,0j,0j,0j,0j,0j,0j,0j,0j,0j,0j,0j,0j,0j,0j,0j,0j,0j,0j,0j,0j,0j,0j,0j,0j,0j,0j,0j,0j,0j,0j,0j,0j,0j,(0.11118055917107543-0.24769311691236703j),(0.07080363938895065-0.20365897319041287j),(-0.3509167671747859+0.9619374824850565j),(-0.11118055917107543+0.2476927270561064j),(-0.07081399238639312+0.2036633709076663j),(0.35095098869379227-0.9619517930915621j),0j,0j,0j,0j,0j,0j,0j,0j,0j,0j,0j,0j,0j,0j,0j,0j,0j,0j,0j,0j,0j,0j,0j,0j,0j,0j,0j
68,0j,0j,0j,0j,0j,0j,0j,0j,0j,0j,0j,0j,0j,0j,0j,0j,0j,0j,0j,0j,0j,0j,0j,0j,0j,0j,0j,0j,0j,0j,0j,0j,0j,0j,0j,0j,0j,0j,0j,0j,0j,0j,0j,0j,0j,0j,0j,0j,0j,0j,0j,0j,0j,0j,0j,0j,0j,0j,0j,0j,0j,0j,(-1.262857712766762+3.130502377329797j),(0.5144523644017582-0.9509072466993241j),(0.3414831460254458-0.7607717162308414j),0j,0j,0j,(1.262857712766762-3.1305016860192563j),(-0.5144523644017582+0.9509070527808245j),(-0.3414831460254458+0.7607715893008961j),0j,0j,0j,0j,0j,0j,0j,0j,0j,0j,0j,0j,0j,0j,0j,0j,0j,0j,0j,0j,0j,0j,0j,0j
69,0j,0j,0j,0j,0j,0j,0j,0j,0j,0j,0j,0j,0j,0j,0j,0j,0j,0j,0j,0j,0j,0j,0j,0j,0j,0j,0j,0j,0j,0j,0j,0j,0j,0j,0j,0j,0j,0j,0j,0j,0j,0j,0j,0j,0j,0j,0j,0j,0j,0j,0j,0j,0j,0j,0j,0j,0j,0j,0j,0j,0j,0j,(0.5144523644017582-0.9509072466993241j),(-1.1728402786589045+3.0438795533757412j),(0.21746832098034857-0.6255239890848397j),0j,0j,0j,(-0.5144523644017582+0.9509070527808245j),(1.2224334362899825-3.1882243486327773j),(-0.21746832098034857+0.6255239087444756j),0j,0j,0j,0j,0j,0j,0j,0j,0j,0j,0j,0j,0j,0j,0j,0j,0j,0j,0j,0j,(-0.049553627885127065+0.1443379493385823j),0j,0j,0j
70,0j,0j,0j,0j,0j,0j,0j,0j,0j,0j,0j,0j,0j,0j,0j,0j,0j,0j,0j,0j,0j,0j,0j,0j,0j,0j,0j,0j,0j,0j,0j,0j,0j,0j,0j,0j,0j,0j,0j,0j,0j,0j,0j,0j,0j,0j,0j,0j,0j,0j,0j,0j,0j,0j,0j,0j,0j,0j,0j,0j,0j,0j,(0.3414831460254458-0.7607717162308414j),(0.21746832098034857-0.6255239890848397j),(-1.0778157848939853+2.9545222676326732j),0j,0j,0j,(-0.3414831460254458+0.7607715893008961j),(-0.21746832098034857+0.6255239087444756j),(1.0778157848939853-2.9545216310389018j),0j,0j,0j,0j,0j,0j,0j,0j,0j,0j,0j,0j,0j,0j,0j,0j,0j,0j,0j,0j,0j,0j,0j,0j
71,0j,0j,0j,0j,0j,0j,0j,0j,0j,0j,0j,0j,0j,0j,0j,0j,0j,0j,0j,0j,0j,0j,0j,0j,0j,0j,0j,0j,0j,0j,0j,0j,0j,0j,0j,0j,0j,0j,0j,0j,0j,0j,0j,0j,0j,0j,0j,0j,0j,0j,0j,0j,0j,0j,0j,0j,0j,0j,0j,(-0.26192604412940246+0.6492893819646987j),(0.10670123113517947-0.1972252067228228j),(0.07082613399046284-0.15778968929232268j),0j,0j,0j,0j,0j,0j,0j,0j,0j,(0.3594394426277059-0.8878012527722042j),(-0.14627448993531472+0.27036846210269727j),(-0.09709406830011252+0.21630832846789483j),(-0.09714290098205862+0.24080787517921518j),(0.03957325880013525-0.0731467112845634j),(0.02626793430964968-0.058520901248526255j),0j,0j,0j,0j,0j,0j,0j,0j,0j,0j,0j,0j,0j,0j,0j,0j,0j,0j
72,0j,0j,0j,0j,0j,0j,0j,0j,0j,0j,0j,0j,0j,0j,0j,0j,0j,0j,0j,0j,0j,0j,0j,0j,0j,0j,0j,0j,0j,0j,0j,0j,0j,0j,0j,0j,0j,0j,0j,0j,0j,0j,0j,0j,0j,0j,0j,0j,0j,0j,0j,0j,0j,0j,0j,0j,0j,0j,0j,(0.10670123113517947-0.1972252067228228j),(-0.24325576149962458+0.6313231666260796j),(0.045104540647775956-0.12973830884722604j),0j,0j,0j,0j,0j,0j,0j,0j,0j,(-0.14627448993531472+0.27036846210269727j),(0.33386784991272717-0.8631824883535109j),(-0.06183287303087969+0.17785410699676893j),(0.03957325880013525-0.0731467112845634j),(-0.09021848297376188+0.23414458102890318j),(0.016728332383103735-0.04811722992960306j),0j,0j,0j,0j,0j,0j,0j,0j,0j,0j,0j,0j,0j,0j,0j,0j,0j,0j
73,0j,0j,0j,0j,0j,0j,0j,0j,0j,0j,0j,0j,0j,0j,0j,0j,0j,0j,0j,0j,0j,0j,0j,0j,0j,0j,0j,0j,0j,0j,0j,0j,0j,0j,0j,0j,0j,0j,0j,0j,0j,0j,0j,0j,0j,0j,0j,0j,0j,0j,0j,0j,0j,0j,0j,0j,0j,0j,0j,(0.07082613399046284-0.15778968929232268j),(0.045104540647775956-0.12973830884722604j),(-0.22354697760764136+0.6127898036571471j),0j,0j,0j,0j,0j,0j,0j,0j,0j,(-0.09709406830011252+0.21630832846789483j),(-0.06183287303087969+0.17785410699676893j),(0.3068416689220033-0.8377726463691343j),(0.02626793430964968-0.058520901248526255j),(0.016728332383103735-0.04811722992960306j),(-0.08290890653030657+0.22727094366405182j),0j,0j,0j,0j,0j,0j,0j,0j,0j,0j,0j,0j,0j,0j,0j,0j,0j,0j
74,0j,0j,0j,0j,0j,0j,0j,0j,0j,0j,0j,0j,0j,0j,0j,0j,0j,0j,0j,0j,0j,0j,0j,0j,0j,0j,0j,0j,0j,0j,0j,0j,0j,0j,0j,0j,0j,0j,0j,0j,0j,0j,0j,0j,0j,0j,0j,0j,0j,0j,0j,0j,0j,0j,0j,0j,0j,0j,0j,0j,0j,0j,0j,0j,0j,0j,0j,0j,0j,0j,0j,(-0.09714290098205862+0.24080787517921518j),(0.03957325880013525-0.0731467112845634j),(0.02626793430964968-0.058520901248526255j),(0.7643130133871405-1.8946478921416778j),(-0.3113594135784226+0.5755099158799213j),(-0.20667412466271542+0.46043614400206945j),(-0.667170112405082+1.6538503125515913j),(0.2717861547782874-0.5023660925958694j),(0.18040619035306574-0.40191713310308597j),0j,0j,0j,0j,0j,0j,0j,0j,0j,0j,0j,0j,0j,0j,0j
75,0j,0j,0j,0j,0j,0j,0j,0j,0j,0j,0j,0j,0j,0j,0j,0j,0j,0j,0j,0j,0j,0j,0j,0j,0j,0j,0j,0j,0j,0j,0j,0j,0j,0j,0j,0j,0j,0j,0j,0j,0j,0j,0j,0j,0j,0j,0j,0j,0j,0j,0j,0j,0j,0j,0j,0j,0j,0j,0j,0j,0j,0j,0j,0j,0j,0j,0j,0j,0j,0j,0j,(0.03957325880013525-0.0731467112845634j),(-0.09021848297376188+0.23414458102890318j),(0.016728332383103735-0.04811722992960306j),(-0.3113594135784226+0.5755099158799213j),(0.7099005480338546-1.8422525478008613j),(-0.13161725667460852+0.3785815370995001j),(0.2717861547782874-0.5023660925958694j),(-0.6196137321216852+1.6080873112173724j),(0.1148889242915048-0.33046550366746236j),0j,0j,0j,0j,0j,0j,0j,0j,0j,0j,0j,0j,0j,0j,0j
76,0j,0j,0j,0j,0j,0j,0j,0j,0j,0j,0j,0j,0j,0j,0j,0j,0j,0j,0j,0j,0j,0j,0j,0j,0j,0j,0j,0j,0j,0j,0j,0j,0j,0j,0j,0j,0j,0j,0j,0j,0j,0j,0j,0j,0j,0j,0j,0j,0j,0j,0j,0j,0j,0j,0j,0j,0j,0j,0j,0j,0j,0j,0j,0j,0j,0j,0j,0j,0j,0j,0j,(0.02626793430964968-0.058520901248526255j),(0.016728332383103735-0.04811722992960306j),(-0.08290890653030657+0.22727094366405182j),(-0.20667412466271542+0.46043614400206945j),(-0.13161725667460852+0.3785815370995001j),(0.6523487762650844-1.788153744795877j),(0.18040619035306574-0.40191713310308597j),(0.1148889242915048-0.33046550366746236j),(-0.5694121127741807+1.560879688560657j),0j,0j,0j,0j,0j,0j,0j,0j,0j,0j,0j,0j,0j,0j,0j
77,0j,0j,0j,0j,0j,0j,0j,0j,0j,0j,0j,0j,0j,0j,0j,0j,0j,0j,0j,0j,0j,0j,0j,0j,0j,0j,0j,0j,0j,0j,0j,0j,0j,0j,0j,0j,0j,0j,0j,0j,0j,0j,0j,0j,0j,0j,0j,0j,0j,0j,0j,0j,0j,0j,0j,0j,0j,0j,0j,0j,0j,0j,0j,0j,0j,0j,0j,0j,0j,0j,0j,0j,0j,0j,(-0.667170112405082+1.6538503125515913j),(0.2717861547782874-0.5023660925958694j),(0.18040619035306574-0.40191713310308597j),(0.6672053771252411-1.6501708166066789j),(-0.27180378713836695+0.5023743842950494j),(-0.1804238227131453+0.4019255516020294j),0j,0j,0j,0j,0j,0j,0j,0j,0j,0j,0j,0j,0j,0j,0j
78,0j,0j,0j,0j,0j,0j,0j,0j,0j,0j,0j,0j,0j,0j,0j,0j,0j,0j,0j,0j,0j,0j,0j,0j,0j,0j,0j,0j,0j,0j,0j,0j,0j,0j,0j,0j,0j,0j,0j,0j,0j,0j,0j,0j,0j,0j,0j,0j,0j,0j,0j,0j,0j,0j,0j,0j,0j,0j,0j,0j,0j,0j,0j,0j,0j,0j,0j,0j,0j,0j,0j,0j,0j,0j,(0.2717861547782874-0.5023660925958694j),(-0.6196137321216852+1.6080873112173724j),(0.1148889242915048-0.33046550366746236j),(-0.27180378713836695+0.5023743842950494j),(0.6196817521643694-1.6044224964387104j),(-0.11490655665158438+0.3304740103538274j),0j,0j,0j,0j,0j,0j,0j,0j,0j,0j,0j,0j,0j,0j,0j
79,0j,0j,0j,0j,0j,0j,0j,0j,0j,0j,0j,0j,0j,0j,0j,0j,0j,0j,0j,0j,0j,0j,0j,0j,0j,0j,0j,0j,0j,0j,0j,0j,0j,0j,0j,0j,0j,0j,0j,0j,0j,0j,0j,0j,0j,0j,0j,0j,0j,0j,0j,0j,0j,0j,0j,0j,0j,0j,0j,0j,0j,0j,0j,0j,0j,0j,0j,0j,0j,0j,0j,0j,0j,0j,(0.18040619035306574-0.40191713310308597j),(0.1148889242915048-0.33046550366746236j),(-0.5694121127741807+1.560879688560657j),(-0.1804238227131453+0.4019255516020294j),(-0.11490655665158438+0.3304740103538274j),(0.5694473774943398-1.5572002961867728j),0j,0j,0j,0j,0j,0j,0j,0j,0j,0j,0j,0j,0j,0j,0j
80,0j,0j,0j,0j,0j,0j,0j,0j,0j,0j,0j,0j,0j,0j,0j,0j,0j,0j,0j,0j,0j,0j,0j,0j,0j,0j,0j,0j,0j,0j,0j,0j,0j,0j,0j,0j,0j,0j,0j,0j,0j,0j,0j,0j,0j,0j,0j,(-35.36001595746932+87.65406656523432j),(14.40466620324922-26.625402907581073j),(9.561528088712484-21.301608054463557j),0j,0j,0j,0j,0j,0j,0j,0j,0j,0j,0j,0j,0j,0j,0j,0j,0j,0j,0j,0j,0j,0j,0j,0j,0j,0j,0j,0j,0j,0j,(35.48694751834373-89.26979958256166j),(-14.40466620324922+26.625402900655413j),(-9.561528088712484+21.301608049930344j),0j,0j,0j,0j,(-0.13724475019545948+1.7470112993630316j),0j,0j,0j,0j,0j,0j,0j
81,0j,0j,0j,0j,0j,0j,0j,0j,0j,0j,0j,0j,0j,0j,0j,0j,0j,0j,0j,0j,0j,0j,0j,0j,0j,0j,0j,0j,0j,0j,0j,0j,0j,0j,0j,0j,0j,0j,0j,0j,0j,0j,0j,0j,0j,0j,0j,(14.40466620324922-26.625402907581073j),(-32.83952780244932+85.22862749452074j),(6.0891129874497585-17.51467169437551j),0j,0j,0j,0j,0j,0j,0j,0j,0j,0j,0j,0j,0j,0j,0j,0j,0j,0j,0j,0j,0j,0j,0j,0j,0j,0j,0j,0j,0j,0j,(-14.40466620324922+26.625402900655413j),(32.96645936332373-86.84436051288569j),(-6.0891129874497585+17.514671691506212j),0j,0j,0j,0j,0j,(-0.13724475019545948+1.7470112993630316j),0j,0j,0j,0j,0j,0j
82,0j,0j,0j,0j,0j,0j,0j,0j,0j,0j,0j,0j,0j,0j,0j,0j,0j,0j,0j,0j,0j,0j,0j,0j,0j,0j,0j,0j,0j,0j,0j,0j,0j,0j,0j,0j,0j,0j,0j,0j,0j,0j,0j,0j,0j,0j,0j,(9.561528088712484-21.301608054463557j),(6.0891129874497585-17.51467169437551j),(-30.17884197703159+82.72662349371484j),0j,0j,0j,0j,0j,0j,0j,0j,0j,0j,0j,0j,0j,0j,0j,0j,0j,0j,0j,0j,0j,0j,0j,0j,0j,0j,0j,0j,0j,0j,(-9.561528088712484+21.301608049930344j),(-6.0891129874497585+17.514671691506212j),(30.305773537906003-84.34235651299636j),0j,0j,0j,0j,0j,0j,(-0.13724475019545948+1.7470112993630316j),0j,0j,0j,0j,0j
83,0j,0j,0j,0j,0j,0j,0j,0j,0j,0j,0j,0j,0j,0j,0j,0j,0j,0j,0j,0j,0j,0j,0j,0j,0j,0j,0j,0j,0j,0j,0j,0j,0j,0j,0j,0j,0j,0j,0j,0j,0j,0j,0j,0j,0j,0j,0j,(-0.002107525808420101+0.02304302165479951j),0j,0j,0j,0j,0j,0j,0j,0j,0j,0j,0j,0j,0j,0j,0j,0j,0j,0j,0j,0j,0j,0j,0j,0j,0j,0j,0j,0j,0j,0j,0j,0j,0j,0j,0j,(0.03839449839208085-0.22967685853247993j),(-0.009221591336311312+0.028206024524156458j),(-0.005432817159290655+0.021569872735511j),0j,0j,0j,0j,0j,0j,(-0.025779740548412457+0.09177822883307621j),(0.009221591336311312-0.02821382120963673j),(0.005432817159290655-0.021574935260406818j)
84,0j,0j,0j,0j,0j,0j,0j,0j,0j,0j,0j,0j,0j,0j,0j,0j,0j,0j,0j,0j,0j,0j,0j,0j,0j,0j,0j,0j,0j,0j,0j,0j,0j,0j,0j,0j,0j,0j,0j,0j,0j,0j,0j,0j,0j,0j,0j,0j,(-0.002107525808420101+0.02304302165479951j),0j,0j,0j,0j,0j,0j,0j,0j,0j,0j,0j,0j,0j,0j,0j,0j,0j,0j,0j,0j,0j,0j,0j,0j,0j,0j,0j,0j,0j,0j,0j,0j,0j,0j,(-0.009221591336311312+0.028206024524156458j),(0.03637953235080936-0.22634063281689176j),(-0.0028608614953220405+0.01700419891714652j),0j,0j,0j,0j,0j,0j,(0.009221591336311312-0.02821382120963673j),(-0.023764774507140964+0.08844079591176846j),(0.0028608614953220405-0.017007361785960597j)
85,0j,0j,0j,0j,0j,0j,0j,0j,0j,0j,0j,0j,0j,0j,0j,0j,0j,0j,0j,0j,0j,0j,0j,0j,0j,0j,0j,0j,0j,0j,0j,0j,0j,0j,0j,0j,0j,0j,0j,0j,0j,0j,0j,0j,0j,0j,0j,0j,0j,(-0.002107525808420101+0.02304302165479951j),0j,0j,0j,0j,0j,0j,0j,0j,0j,0j,0j,0j,0j,0j,0j,0j,0j,0j,0j,0j,0j,0j,0j,0j,0j,0j,0j,0j,0j,0j,0j,0j,0j,(-0.005432817159290655+0.021569872735511j),(-0.0028608614953220405+0.01700419891714652j),(0.03464108743669299-0.22326163289276402j),0j,0j,0j,0j,0j,0j,(0.005432817159290655-0.021574935260406818j),(0.0028608614953220405-0.017007361785960597j),(-0.022026329593024595+0.08536072727198742j)
86,0j,0j,0j,0j,0j,0j,0j,0j,0j,0j,0j,0j,0j,0j,0j,0j,0j,0j,0j,0j,0j,0j,0j,0j,0j,0j,0j,0j,0j,0j,0j,0j,0j,0j,0j,0j,0j,0j,0j,0j,0j,0j,0j,0j,0j,(-0.01202532714808322+0.026621204343627306j),0j,0j,0j,0j,0j,0j,0j,0j,0j,0j,0j,0j,0j,0j,0j,0j,0j,0j,0j,0j,0j,0j,0j,0j,0j,0j,0j,0j,0j,0j,0j,0j,0j,0j,0j,0j,0j,0j,0j,0j,(0.012030974254647633-0.026576210981815764j),0j,0j,0j,0j,0j,0j,0j,0j
87,0j,0j,0j,0j,0j,0j,0j,0j,0j,0j,0j,0j,0j,0j,0j,0j,0j,0j,0j,0j,0j,0j,0j,0j,0j,0j,0j,0j,0j,0j,0j,0j,0j,0j,0j,0j,0j,0j,0j,0j,0j,0j,0j,0j,(-0.009600873189646846+0.023799637948746764j),(0.00391112305274212-0.007229270406619897j),(0.0025961249222678485-0.005783765423422091j),0j,0j,0j,0j,0j,0j,0j,0j,0j,0j,0j,0j,0j,0j,0j,0j,0j,0j,0j,0j,0j,0j,0j,0j,0j,0j,0j,0j,0j,0j,0j,0j,0j,(-0.13724475019545948+1.7470112993630316j),0j,0j,0j,0j,0j,0j,(0.15799675933848742-1.9126647217456838j),(-0.00391112305274212+0.007203763198264858j),(-0.0025961249222678485+0.005767069602400106j),0j,0j,0j,0j,0j
88,0j,0j,0j,0j,0j,0j,0j,0j,0j,0j,0j,0j,0j,0j,0j,0j,0j,0j,0j,0j,0j,0j,0j,0j,0j,0j,0j,0j,0j,0j,0j,0j,0j,0j,0j,0j,0j,0j,0j,0j,0j,0j,0j,0j,(0.00391112305274212-0.007229270406619897j),(-0.008916515830151869+0.023141088106033332j),(0.0016533024674042244-0.0047555448532108375j),0j,0j,0j,0j,0j,0j,0j,0j,0j,0j,0j,0j,0j,0j,0j,0j,0j,0j,0j,0j,0j,0j,0j,0j,0j,0j,0j,0j,0j,0j,0j,0j,0j,0j,(-0.13724475019545948+1.7470112993630316j),0j,0j,0j,0j,0j,(-0.00391112305274212+0.007203763198264858j),(0.15731240197899246-1.912009993367231j),(-0.0016533024674042244+0.004744977226033298j),0j,0j,0j,0j,0j
89,0j,0j,0j,0j,0j,0j,0j,0j,0j,0j,0j,0j,0j,0j,0j,0j,0j,0j,0j,0j,0j,0j,0j,0j,0j,0j,0j,0j,0j,0j,0j,0j,0j,0j,0j,0j,0j,0j,0j,0j,0j,0j,0j,0j,(0.0025961249222678485-0.005783765423422091j),(0.0016533024674042244-0.0047555448532108375j),(-0.00819409230981037+0.02246174952313735j),0j,0j,0j,0j,0j,0j,0j,0j,0j,0j,0j,0j,0j,0j,0j,0j,0j,0j,0j,0j,0j,0j,0j,0j,0j,0j,0j,0j,0j,0j,0j,0j,0j,0j,0j,(-0.13724475019545948+1.7470112993630316j),0j,0j,0j,0j,(-0.0025961249222678485+0.005767069602400106j),(-0.0016533024674042244+0.004744977226033298j),(0.15658997845865094-1.911334030529447j),0j,0j,0j,0j,0j
90,0j,0j,0j,0j,0j,0j,0j,0j,0j,0j,0j,0j,0j,0j,0j,0j,0j,0j,0j,0j,0j,0j,0j,0j,0j,0j,0j,0j,0j,0j,0j,0j,0j,0j,0j,0j,0j,0j,0j,0j,0j,0j,0j,0j,0j,0j,0j,0j,0j,0j,(-0.17317955701529714+0.38337820823260793j),0j,0j,0j,0j,0j,0j,0j,0j,0j,0j,0j,0j,0j,0j,0j,0j,0j,0j,0j,0j,0j,0j,0j,0j,0j,0j,0j,0j,0j,0j,0j,0j,0j,0j,0j,0j,0j,0j,0j,(0.17318238056857935-0.3833761747281971j),0j,0j,0j,0j
91,0j,0j,0j,0j,0j,0j,0j,0j,0j,0j,0j,0j,0j,0j,0j,0j,0j,0j,0j,0j,0j,0j,0j,0j,0j,0j,0j,0j,0j,0j,0j,0j,0j,0j,0j,0j,0j,0j,0j,0j,0j,0j,0j,0j,0j,0j,0j,0j,0j,0j,0j,0j,0j,0j,0j,0j,0j,0j,0j,0j,0j,0j,0j,0j,0j,0j,0j,0j,0j,(-0.049553627885127065+0.1443379493385823j),0j,0j,0j,0j,0j,0j,0j,0j,0j,0j,0j,0j,0j,0j,0j,0j,0j,0j,0j,0j,0j,(0.04959315763107796-0.14434545751490285j),0j,0j,0j
92,0j,0j,0j,0j,0j,0j,0j,0j,0j,0j,0j,0j,0j,0j,0j,0j,0j,0j,0j,0j,0j,0j,0j,0j,0j,0j,0j,0j,0j,0j,0j,0j,0j,0j,0j,0j,0j,0j,0j,0j,0j,0j,0j,0j,0j,0j,0j,0j,0j,0j,0j,0j,0j,0j,0j,0j,0j,0j,0j,0j,0j,0j,0j,0j,0j,0j,0j,0j,0j,0j,0j,0j,0j,0j,0j,0j,0j,0j,0j,0j,0j,0j,0j,(-0.025779740548412457+0.09177822883307621j),(0.009221591336311312-0.02821382120963673j),(0.005432817159290655-0.021574935260406818j),0j,0j,0j,0j,0j,0j,(0.03589569136669834-0.09628920045891458j),(-0.014279566745454254+0.030475092037934075j),(-0.010490792568433598+0.023838940249288617j)
93,0j,0j,0j,0j,0j,0j,0j,0j,0j,0j,0j,0j,0j,0j,0j,0j,0j,0j,0j,0j,0j,0j,0j,0j,0j,0j,0j,0j,0j,0j,0j,0j,0j,0j,0j,0j,0j,0j,0j,0j,0j,0j,0j,0j,0j,0j,0j,0j,0j,0j,0j,0j,0j,0j,0j,0j,0j,0j,0j,0j,0j,0j,0j,0j,0j,0j,0j,0j,0j,0j,0j,0j,0j,0j,0j,0j,0j,0j,0j,0j,0j,0j,0j,(0.009221591336311312-0.02821382120963673j),(-0.023764774507140964+0.08844079591176846j),(0.0028608614953220405-0.017007361785960597j),0j,0j,0j,0j,0j,0j,(-0.014279566745454254+0.030475092037934075j),(0.033880725325426846-0.09295297474332644j),(-0.007918836904464982+0.019273266430924137j)
94,0j,0j,0j,0j,0j,0j,0j,0j,0j,0j,0j,0j,0j,0j,0j,0j,0j,0j,0j,0j,0j,0j,0j,0j,0j,0j,0j,0j,0j,0j,0j,0j,0j,0j,0j,0j,0j,0j,0j,0j,0j,0j,0j,0j,0j,0j,0j,0j,0j,0j,0j,0j,0j,0j,0j,0j,0j,0j,0j,0j,0j,0j,0j,0j,0j,0j,0j,0j,0j,0j,0j,0j,0j,0j,0j,0j,0j,0j,0j,0j,0j,0j,0j,(0.005432817159290655-0.021574935260406818j),(0.0028608614953220405-0.017007361785960597j),(-0.022026329593024595+0.08536072727198742j),0j,0j,0j,0j,0j,0j,(-0.010490792568433598+0.023838940249288617j),(-0.007918836904464982+0.019273266430924137j),(0.03214228041131048-0.08987397481919868j)
