,0,1,2,3,4,5,6,7,8,9,10,11,12,13,14,15,16,17,18,19,20,21,22,23,24,25,26,27,28,29,30,31,32,33,34,35,36,37,38,39,40,41,42,43,44,45,46,47,48,49,50,51,52,53,54,55,56,57,58,59,60,61,62,63,64,65,66,67,68,69,70,71,72,73,74,75,76,77,78,79,80,81,82,83,84,85,86,87,88,89,90,91,92,93,94
0,(0.9999916634698286+0.0002299995113674615j),(2.717439306289811e-06-5.014652882432628e-05j),(5.619090864064785e-06-0.00017985298253941087j),(-3.7114312623745375e-06+0.00011530417888387628j),(2.809286558088605e-06-7.831411260784968e-05j),(8.753050173088209e-07-3.700000449620501e-05j),(-0.00012046760295653133-1.806671649674926e-06j),(7.882388935667649e-05+8.867064257406178e-05j),(2.5300222589915292e-05-9.727213407611913e-05j),(-0.0001545292190304755-0.00017579283523322335j),(9.702926213863031e-05+0.00018202487240501507j),(2.7502639537885813e-05-8.10095257413362e-06j),(-0.0001234700392855791-0.0001343309649409093j),(1.0172445540249568e-05+1.8168426473624366e-05j),(3.7225663058040775e-05-8.447960301626191e-06j),(6.065320699083098e-05+8.769053170174965e-05j),(6.500431734677427e-05+8.708307218596348e-05j),(-1.9510626944013084e-06-3.136985008725347e-06j),(-5.9043025810475214e-05-0.00010457878652439501j),(6.31356437609386e-06-4.475888614561352e-06j),(-1.2888263263427787e-05-2.5514076916567123e-05j),(-5.043129279401959e-06+2.5481892249719657e-05j),(5.459218686044772e-06-6.964954095643505e-06j),(-1.2918610366332889e-05-2.5855764741080204e-05j),(-4.096473693781372e-06+2.849871015149214e-05j),(5.44286168297647e-06-6.979019336186188e-06j),(-1.2907799354430521e-05-2.584200840873815e-05j),(-4.076921284929582e-06+2.8524060565865166e-05j),(4.987897688946589e-06-7.176196432974171e-06j),(4.316318720410207e-06-8.543456381979416e-06j),(-1.2367759843129652e-05-2.5109762270882686e-05j),(-3.4919368422356768e-06+2.9003060143282424e-05j),(-4.975004004023457e-06+2.1349536036914714e-06j),(1.2748697542009162e-05+1.1379895511884286e-05j),(1.555326029302013e-05+3.625827408472395e-05j),(-3.7134780449539832e-06+7.899357680702514e-06j),(-5.585922118555201e-07+1.2527010906892133e-05j),(1.9931297137235613e-05+1.8148043182422254e-05j),(-5.786246407434281e-06+2.6716152325929004e-06j),(1.2120672611131555e-05+1.1248529886055252e-05j),(1.5889010227949384e-05+3.4417514271996e-05j),(-4.8307421078927614e-06+2.604255143042644e-05j),(-2.0971510305095133e-05-2.212442779867487e-05j),(9.959001490144555e-06-5.7554733989087904e-05j),(-4.662792120345678e-06+2.6425203613685142e-05j),(-2.08442345950545e-05-2.180739844806098e-05j),(1.0016799868510836e-05-5.834880577041969e-05j),(-6.660615864924907e-06+1.1866841431487039e-05j),(2.0389354792487208e-06+1.3720887594924531e-05j),(1.0083789195195175e-05-2.0399751658299194e-05j),(-5.272165032347205e-06+6.653362077535947e-06j),(7.815134771831143e-07+9.620233874484669e-06j),(4.463379080846511e-06-9.048583166452542e-06j),(1.1544529084934244e-06-1.269715061579912e-06j),(2.903863829678672e-07+1.2802644982197542e-06j),(-1.6633281978027483e-06+4.452481121534122e-06j),(1.7153926392551274e-06-2.443267898032017e-06j),(-1.4349700072803822e-07-4.56966926360671e-07j),(-2.465979751151017e-06+5.087234729523112e-06j),(1.3763656116649737e-06-1.5401093983462174e-06j),(3.205434819539753e-07+1.0493835819245798e-06j),(-1.8365073766848962e-06+4.921761670452624e-06j),(2.2945146856803606e-06-4.179456609174511e-06j),(-7.267910422441825e-07-3.0103970569293624e-06j),(-3.3784152610432765e-06+5.272005131898934e-06j),(2.3753741094153466e-06-4.338604140788809e-06j),(-7.54943877285506e-07-3.196401196139962e-06j),(-3.4621563373219652e-06+5.310067841037319e-06j),(2.304157345709966e-06-4.262623078735719e-06j),(-7.692506231026242e-07-3.1622566477178945e-06j),(-3.4194148899306647e-06+5.261786014434954e-06j),(2.386492549307743e-06-3.098854097488621e-06j),(4.322653826686966e-07-3.97222724900867e-07j),(-2.6200689307711526e-06+6.72812274344251e-06j),(4.3997078203960425e-06-7.46205873208469e-06j),(4.50020582645732e-07-4.863832497146835e-06j),(-4.3554692367467975e-06+9.146947870233988e-06j),(4.605520953088732e-06-7.95686636251089e-06j),(4.5661735698256697e-07-5.334741598783871e-06j),(-4.546355857121392e-06+9.449171232326362e-06j),(-6.662170972214083e-06+1.1874990720197173e-05j),(2.038793563119715e-06+1.3723293164031612e-05j),(1.0091858258972244e-05-2.0418399503458523e-05j),(-9.513290224950892e-07+3.172687563757295e-06j),(-1.4617422759313077e-08+1.7139729526180308e-06j),(-1.1163145968897558e-06-3.9722429497484185e-06j),(1.7447646710148762e-05+2.4735967315573568e-05j),(-6.220790972881638e-06+1.1587107980568798e-05j),(1.7091939549646362e-06+1.251466082600558e-05j),(9.652151512056194e-06-1.9678073642921592e-05j),(-6.139303535672097e-06+6.785260687538227e-06j),(-1.3224713479925606e-06-4.7651734442951736e-06j),(-1.3878609938831866e-06+3.878864097323753e-06j),(-1.533038382978121e-06+1.106631901180643e-06j),(-5.384189159587707e-06-3.0067629864228074e-06j)
1,(2.717439306289811e-06-5.014652882432628e-05j),(0.999996872672129-6.782943183819159e-05j),(4.0988856524582067e-07+0.00011797596066263238j),(6.017715219530148e-07-4.776032811081733e-05j),(-1.3322100198478749e-06-6.446220000473567e-06j),(5.682554123740437e-07+5.4516160824871566e-05j),(6.182946984208324e-06-8.333330756948512e-05j),(-5.044845051340768e-05-0.0002658715413509619j),(1.166422476373023e-05+0.0003751924965722635j),(3.257450629155849e-06+3.354266291700559e-05j),(-7.049069912802417e-05-0.0001532544992337832j),(2.9355578626224933e-05+0.00013478100901834442j),(-4.1675605895782646e-05+3.25642278491243e-05j),(-1.2281220475108283e-05-4.238324839527397e-05j),(0.00010634050327937045+3.254795141876091e-05j),(-3.132758166295872e-05-1.7668020275460382e-05j),(7.477648710195697e-05+8.55657493518847e-05j),(-1.6192324397546996e-05-7.688003809322642e-05j),(-5.45849378257538e-05+5.933146713955196e-05j),(6.757715687279955e-06-1.749835592449723e-05j),(-6.289591013953423e-06+2.1877828589334255e-05j),(1.2377486453444987e-05-7.894349237729416e-06j),(5.5360299070795976e-06-2.1203267087192034e-05j),(-5.684145924595139e-06+2.4520328302166982e-05j),(1.3528836318765552e-05-9.113364682414552e-06j),(5.504646185820579e-06-2.1227630521901883e-05j),(-5.671913299243494e-06+2.4534315034961645e-05j),(1.3520142484531494e-05-9.133353741390393e-06j),(4.38788694963961e-06-2.183500779440875e-05j),(4.141638114315604e-06-2.2814718891551345e-05j),(-5.192498797591397e-06+2.466693671465975e-05j),(1.2742171976501515e-05-9.693731584548726e-06j),(-3.4515453485447494e-05-3.064204794615434e-05j),(1.4781101195380922e-05+2.1210390675064756e-05j),(-2.7899582862205557e-05-2.3891785191266937e-05j),(-1.8766096362049487e-06+1.7196957589660198e-06j),(-1.6849990819994196e-06+7.469702184695452e-06j),(2.57673375612614e-05+2.563205189331208e-05j),(-3.595514489124905e-05-2.9659748966311647e-05j),(1.3579381656844745e-05+1.9684199918658352e-05j),(-2.949016382800113e-05-2.3631484141087895e-05j),(3.97771218857415e-06+4.522052782653094e-05j),(-9.850668954528241e-06-1.5710160098682745e-05j),(5.913952453270777e-07+2.3105480936965623e-05j),(4.52584953089113e-06+4.5866231520176055e-05j),(-9.788017682115743e-06-1.626522703525824e-05j),(9.723526348037753e-07+2.334406241977053e-05j),(-1.602213019602877e-06+1.015361953889839e-05j),(1.593162445870802e-05-3.0941815117159473e-06j),(-8.33187314402685e-06-2.1984397475256984e-05j),(-2.7663070992541337e-06+5.515032867406141e-06j),(8.252813529288675e-06-2.8368382872605814e-07j),(-5.7344267833588395e-06-1.2248394397761124e-05j),(4.7134235768927916e-07-2.0123169829160824e-06j),(-1.17838246462798e-06+1.4857772896675978e-06j),(4.6794365885035393e-07+1.6732474488506962e-06j),(1.8357571013401278e-06-3.032329514205475e-06j),(-1.8724763930134738e-06+2.369817384831768e-06j),(1.1298080333049941e-06+2.1388122176490868e-06j),(4.492681293360477e-07-2.251415350392295e-06j),(-1.5177573160953643e-06+1.3987789955887326e-06j),(6.858864496676093e-07+2.229090335590656e-06j),(3.447740080300469e-06-4.333135319823215e-06j),(-2.6660775248315e-06+3.1489537250614967e-06j),(1.9347972464784695e-06+2.413770195278115e-06j),(3.6536994614201397e-06-4.4997195892221785e-06j),(-2.680937498531588e-06+3.183062930860816e-06j),(2.0441980701469016e-06+2.4213164107039014e-06j),(3.4878791153916984e-06-4.365855725206643e-06j),(-2.736623998961475e-06+3.204396295757122e-06j),(1.9513745785047537e-06+2.433538667192247e-06j),(3.969541763755456e-07-3.4972437974901887e-06j),(-3.053430898715742e-06+7.496779112101021e-07j),(1.7814717405721966e-06+4.638508803537106e-06j),(4.043770484145037e-07-6.594885027492117e-06j),(-6.281654817771541e-06-1.559249131690097e-06j),(4.30011844278792e-06+9.3096421107069e-06j),(3.8305892219807913e-07-6.927239037171816e-06j),(-6.641038958280369e-06-1.7617259939698012e-06j),(4.56927740017556e-06+9.812512150188123e-06j),(-1.6003260684574324e-06+1.0163365058117569e-05j),(1.5939685297777114e-05-3.098544280593265e-06j),(-8.334338555506336e-06-2.1993389450276916e-05j),(1.8200854074147114e-06+1.1500557460392714e-06j),(2.6895549296325226e-06-3.6664691581137206e-06j),(-2.9910687374697315e-06-3.4676706903162775e-06j),(6.91511987296747e-06-3.486303573165716e-05j),(-1.439861946363762e-06+1.001693066430519e-05j),(1.4762791628383487e-05-3.2760615430081627e-06j),(-7.74137067552048e-06-2.034156333536282e-05j),(-3.550202587736992e-06+5.92551137642219e-06j),(-3.807005360223814e-06+3.9177571192737695e-06j),(3.4102271702154124e-06-1.5077493120938611e-06j),(1.271108072876352e-06-7.553800535519293e-06j),(-3.903744441951083e-06-2.8097173920674805e-06j)
2,(5.619090864064785e-06-0.00017985298253941087j),(4.0988856524582067e-07+0.00011797596066263238j),(0.9999939710205714+6.187702187909385e-05j),(3.109659740979532e-06-6.754385077253341e-05j),(-1.4770765386079715e-06+8.47603326070216e-05j),(-1.4435604290975426e-06-1.751615632807188e-05j),(0.00011428465601822908+8.513997921551621e-05j),(-2.8375438893161172e-05+0.00017720089874601115j),(-3.69644473424545e-05-0.0002779203624750235j),(0.00015127176847061242+0.00014225017231429745j),(-2.6538563079541594e-05-2.8770373209404743e-05j),(-5.68582181516783e-05-0.0001266800564101792j),(0.0001651456453527903+0.00010176673713395193j),(2.1087748128402623e-06+2.421482187463887e-05j),(-0.00014356616637291932-2.4099991133007495e-05j),(-2.9325625328354112e-05-7.002251146956808e-05j),(-0.00013978080448717996-0.00017264882155860098j),(1.8143387088371487e-05+8.001702309792057e-05j),(0.00011362796362032378+4.5247319412417755e-05j),(-1.3071280070808619e-05+2.197424456190693e-05j),(1.9177854278693398e-05+3.636248307036557e-06j),(-7.334357157252271e-06-1.758754301003788e-05j),(-1.0995248599868888e-05+2.8168221207369932e-05j),(1.8602756291376963e-05+1.3354364159074743e-06j),(-9.432362608294611e-06-1.9385345468222e-05j),(-1.0947507875723053e-05+2.820664988266009e-05j),(1.8579712654278834e-05+1.3076933508320091e-06j),(-9.44322118240238e-06-1.93907068236389e-05j),(-9.375784645714321e-06+2.901120424888317e-05j),(-8.457956840551997e-06+3.1358175296658984e-05j),(1.7560258639234017e-05+4.428255300112125e-07j),(-9.250235119192702e-06-1.9309328560810084e-05j),(3.949045750076281e-05+2.850709436302159e-05j),(-2.7529798743120195e-05-3.259028619880001e-05j),(1.234632257044495e-05-1.236648889568374e-05j),(5.5900876809693736e-06-9.619053432471268e-06j),(2.2435912911469897e-06-1.9996713086510463e-05j),(-4.569863470728318e-05-4.3780095089956665e-05j),(4.174139131132856e-05+2.698813375408955e-05j),(-2.570005427379528e-05-3.09327298198588e-05j),(1.3601153599835488e-05-1.0786030134496286e-05j),(8.530299307305997e-07-7.126307924983961e-05j),(3.0822179260012254e-05+3.783458789302195e-05j),(-1.0550396756667192e-05+3.4449253039632665e-05j),(1.3694260290769752e-07-7.229143512578744e-05j),(3.063225227593177e-05+3.807262547859921e-05j),(-1.0989152525235642e-05+3.500474333688585e-05j),(8.262828894928339e-06-2.202046096795211e-05j),(-1.797055993510028e-05-1.062670608164986e-05j),(-1.751916065042285e-06+4.238414913069483e-05j),(8.038472136891849e-06-1.216839494434881e-05j),(-9.034327005345245e-06-9.33655004484506e-06j),(1.271047694320783e-06+2.129697756371234e-05j),(-1.6257952670231918e-06+3.2820320438748465e-06j),(8.879960809548475e-07-2.766041787141294e-06j),(1.1953845406194035e-06-6.125728569593243e-06j),(-3.551149742696041e-06+5.47559741129592e-06j),(2.0159733931763597e-06-1.912850458112506e-06j),(1.3361717198488139e-06-7.226046946054831e-06j),(-1.825633741734836e-06+3.7915247475423053e-06j),(1.1972138335671784e-06-2.4481625773547092e-06j),(1.150620929338257e-06-7.1508520054246065e-06j),(-5.742254768053633e-06+8.512591927956292e-06j),(3.39286856562193e-06-1.3855666782075573e-07j),(1.4436180174037866e-06-7.685775326045616e-06j),(-6.029073573433974e-06+8.838323729125577e-06j),(3.435881374698903e-06+1.3338266143206215e-08j),(1.4179582699269814e-06-7.73138425021373e-06j),(-5.792036463201672e-06+8.628478802458467e-06j),(3.5058746211799063e-06-4.213964769734393e-08j),(1.4680403139345105e-06-7.695324680676696e-06j),(-2.783446727573599e-06+6.596097893595581e-06j),(2.621165514431321e-06-3.524551859925082e-07j),(8.385971931823172e-07-1.1366631546142333e-05j),(-4.804084873084052e-06+1.4056943757203794e-05j),(5.831634232113055e-06+6.423081628952605e-06j),(5.535079926727348e-08-1.845658997825299e-05j),(-4.988579879259631e-06+1.4884105397451883e-05j),(6.18442159839975e-06+7.096467592899037e-06j),(-2.292153740286487e-08-1.9261683379655135e-05j),(8.262497051061007e-06-2.203835577615132e-05j),(-1.797847885810987e-05-1.0624748882167287e-05j),(-1.7575197180899865e-06+4.241178895060626e-05j),(-8.687563836594136e-07-4.322743309938604e-06j),(-2.6749375060829134e-06+1.9524962052457938e-06j),(4.107383331906003e-06+7.439913640155107e-06j),(-2.436276657888896e-05+1.012706841591917e-05j),(7.660652928923447e-06-2.1604038643009845e-05j),(-1.6471985581199815e-05-9.238599282307398e-06j),(-1.910780849747126e-06+4.001963697512462e-05j),(9.689506128820776e-06-1.2710772062628502e-05j),(5.129476706498917e-06+8.474163251190737e-07j),(-2.0223661758602968e-06-2.371114785540265e-06j),(2.6193031034979123e-07+6.447168632511099e-06j),(9.287933599894844e-06+5.816480380051332e-06j)
3,(-3.7114312623745375e-06+0.00011530417888387628j),(6.017715219530148e-07-4.776032811081733e-05j),(3.109659740979532e-06-6.754385077253341e-05j),(0.9999972265633564-0.00013762333022160342j),(1.3348749361772425e-06-0.00012150567840858001j),(6.510121446707897e-07-0.00012748883812499056j),(-0.00010293246684009357-5.565864666637289e-05j),(2.5217092645007344e-05-4.981398669163095e-05j),(1.2518367638341824e-05+4.327315340502198e-05j),(-0.00014026782773943547-0.00012016620722204958j),(2.3196121978455798e-05+7.294312574367926e-05j),(1.3089794331085814e-05+4.13020943767379e-05j),(-0.00012136392534124195-9.567512307736783e-05j),(4.2295924956245976e-06-1.9190897786908493e-06j),(7.781074928665346e-05+1.0085917483677623e-06j),(3.738710707945541e-05+5.660490098655617e-05j),(9.144889277163663e-05+9.333553946334608e-05j),(-6.674134272695722e-06-1.9113140016964716e-05j),(-7.401071707536165e-05-6.336112708676783e-05j),(7.068946816961112e-06-8.512623046149015e-06j),(-1.3112608905266312e-05-1.612093768844632e-05j),(-1.7311493999144546e-07+1.9233235590179672e-05j),(5.604921657573668e-06-1.1505738470093463e-05j),(-1.2883709383242111e-05-1.566912357333619e-05j),(1.1648763389287466e-06+2.1249521768966167e-05j),(5.576953730860832e-06-1.1522005290306515e-05j),(-1.2870312716872366e-05-1.5650826319366374e-05j),(1.180052338302116e-06+2.1262146003317984e-05j),(4.710062773045153e-06-1.1765353887700706e-05j),(4.0767474723572655e-06-1.3076740999198336e-05j),(-1.2240945997006337e-05-1.4830469365692124e-05j),(1.4565307314039595e-06+2.1412262896723824e-05j),(-2.0021144920222724e-05-3.430824964638285e-06j),(1.639354529823331e-05+2.2712719227892448e-05j),(5.171024403255617e-06+2.031445160894365e-05j),(-3.7738868931151636e-06+7.762348198714607e-06j),(-1.5564716129600883e-06+1.2659486198231197e-05j),(2.687780229147685e-05+3.127052786085609e-05j),(-2.1239859209398214e-05-2.7633529068611307e-06j),(1.533521027169543e-05+2.211072873013795e-05j),(4.857061847746302e-06+1.879990738351798e-05j),(-6.404379781040531e-07+3.295588025136938e-05j),(-2.30677866859888e-05-2.3843345536631285e-05j),(6.179859565862307e-06-3.8003016613688495e-05j),(-2.2983578053285624e-07+3.338907423197228e-05j),(-2.2938397869449412e-05-2.3852614067181457e-05j),(6.3324534701531985e-06-3.8529157845285314e-05j),(-4.906991760384059e-06+1.1126701509225294e-05j),(6.9151031783591805e-06+9.321638032412837e-06j),(6.011057143310255e-06-2.1657760765952784e-05j),(-6.1254738129625305e-06+6.61139903684806e-06j),(2.2971975344620543e-06+7.611732564154886e-06j),(1.1347454088990781e-06-9.864148583879545e-06j),(9.561763111360384e-08-1.1277428265983504e-06j),(-1.0033303784478207e-06+1.866222678543358e-06j),(-1.9341980079462693e-06+4.254310770218651e-06j),(1.5052479063826443e-06-2.613429552598747e-06j),(-1.1982736284035298e-06+5.458755721590957e-07j),(-1.9404814212882243e-06+4.595800559349358e-06j),(2.480552166331394e-07-1.3639179759358446e-06j),(-1.0833815205131274e-06+1.6789060197811e-06j),(-2.023445507226299e-06+4.778681926536073e-06j),(3.4071110778835776e-06-4.805511845463522e-06j),(-1.1615042553096959e-06-1.6281733720661282e-06j),(-1.6465285306468115e-06+4.357172513826237e-06j),(3.6388519337169228e-06-5.028293779234365e-06j),(-1.1189321774947584e-06-1.8034189929465566e-06j),(-1.5933894910537849e-06+4.338261232085006e-06j),(3.463674888188691e-06-4.897789991603337e-06j),(-1.1798287659051167e-06-1.7495035896363942e-06j),(-1.6446238579507787e-06+4.33726540913462e-06j),(1.2087094301873087e-06-2.848570388074045e-06j),(-1.2167531403632291e-06+3.283748206757661e-07j),(-2.1750213492062167e-06+6.76806412258091e-06j),(4.047993791244473e-06-7.421754280231217e-06j),(-8.096882121822797e-07-4.386467567749589e-06j),(-1.7367896775411481e-06+9.310944013936165e-06j),(4.325285966395271e-06-7.930741442496262e-06j),(-7.797667189810826e-07-4.867305102489947e-06j),(-1.7050970520444056e-06+9.62119382857443e-06j),(-4.9048878086896695e-06+1.1134767775037925e-05j),(6.918831081030711e-06+9.321240216547474e-06j),(6.018087492674439e-06-2.1675059610139695e-05j),(-1.3733330220917461e-07+2.515234605336621e-06j),(8.308911173208595e-07+1.8149098626941704e-08j),(-1.494163292432852e-06-4.12582019287002e-06j),(1.6922176046592358e-05+8.54861343339233e-06j),(-4.487513220968863e-06+1.0943711429404633e-05j),(6.245020399016833e-06+8.332309471026602e-06j),(5.8049252570063965e-06-2.0656624042917886e-05j),(-7.404287412738035e-06+6.874786300644411e-06j),(-1.6535414214558534e-06-2.9197826840341277e-06j),(-2.8924877915124836e-07+2.1367094329106457e-06j),(-1.0711302213424358e-06-1.788759373006741e-06j),(-5.153992402876563e-06-3.454300134489749e-06j)
4,(2.809286558088605e-06-7.831411260784968e-05j),(-1.3322100198478749e-06-6.446220000473567e-06j),(-1.4770765386079715e-06+8.47603326070216e-05j),(1.3348749361772425e-06-0.00012150567840858001j),(0.9999980050472402-0.00013316119510352976j),(-1.2509915353621145e-07-0.0001318079322296936j),(3.211941537858499e-05-4.895821326210783e-05j),(-6.277071525810388e-05-0.00015073700694054944j),(-1.5713221555027153e-05+0.00014886285493666512j),(3.426806598037877e-05+7.242023084325571e-05j),(-8.600637141789003e-05-0.00012989404164594125j),(-1.8347313415141065e-05+5.430412260027412e-05j),(1.8781258057576632e-05+5.770717707751981e-05j),(-7.716920636920342e-06-2.3543029283544232e-05j),(3.5562168132430385e-05+1.0778812503305482e-05j),(-3.116555597395739e-05-4.297656685107548e-05j),(1.8065242180294066e-05-5.5221793619134025e-06j),(-4.534942481291416e-06-1.5619126977001207e-05j),(-7.34890865497605e-06+5.557772595609567e-05j),(-1.3359778796887863e-07-3.4567210428863e-06j),(1.4619419872886882e-06+1.2957368330441337e-05j),(5.665885345192298e-06-9.746204701487722e-06j),(-6.393429037885699e-07-3.6246941679178524e-06j),(1.7281013368435211e-06+1.3802988248566708e-05j),(5.941970999506154e-06-1.1158711303960916e-05j),(-6.487686950647924e-07-3.624978395558716e-06j),(1.7293369180313485e-06+1.3805667176017572e-05j),(5.935071448070298e-06-1.1174902057613334e-05j),(-9.98975440838397e-07-3.6447957519744857e-06j),(-8.773384045813818e-07-3.4028099796743904e-06j),(1.7496613841531525e-06+1.3793055573972482e-05j),(5.5495608000057415e-06-1.1569549547119986e-05j),(-1.4420474766345132e-05-5.9491288796396485e-06j),(1.9506930948627814e-06+9.77477055472907e-06j),(-1.2411791171583302e-05-2.0956933916579224e-05j),(4.6943444658039875e-07-1.2377618468361851e-06j),(-8.688501821182968e-07-1.6075157721393533e-06j),(4.304178353615446e-06+1.0629450353575093e-05j),(-1.471557108769244e-05-5.890703370643118e-06j),(1.6038311188978458e-06+9.320852450653977e-06j),(-1.3115992488672609e-05-2.0378351142128033e-05j),(4.976029429048764e-06+3.3818870737688346e-06j),(6.879108440198881e-07+1.339559451759074e-06j),(-5.355199792900686e-06+2.7447783647145252e-05j),(5.198111451377138e-06+3.3810167918022867e-06j),(6.736249059045429e-07+9.692559060127912e-07j),(-5.2708006097458595e-06+2.782490575658445e-05j),(2.7104029835462624e-06-2.376423282969519e-06j),(4.649105752760237e-06-6.294657214469267e-06j),(-5.533907126425824e-06+1.5395993588392725e-06j),(-1.1159282798779134e-07-9.56451114663261e-07j),(1.4420045265428452e-06-3.332719875505929e-06j),(-3.978620427834647e-06+4.2913569498738963e-07j),(-1.2240435563111085e-06+3.1870124895297336e-07j),(-1.3304805296251033e-06+4.1332603012992734e-07j),(-2.682659710164959e-08-8.047916779649972e-07j),(-4.549284327813234e-07+1.664583190550183e-07j),(-1.0371842198914419e-06+1.0690439960494991e-06j),(8.833541722771163e-07-1.1857542279183233e-06j),(-1.3249160188940823e-06+3.9017837475233953e-07j),(-1.44575656004749e-06+4.886411400443409e-07j),(8.265098508644039e-08-8.141469293026998e-07j),(7.844452485129109e-07-5.3715952030050466e-08j),(-3.44591239829803e-07+1.7980404636221765e-06j),(2.2175603542117563e-06-1.636328527549846e-06j),(9.239230858898292e-07-9.58234308347142e-08j),(-2.70505199812533e-07+1.8342207607725865e-06j),(2.366290328802094e-06-1.6987660748099025e-06j),(8.298278755925992e-07-5.149711393491967e-08j),(-3.151016561329217e-07+1.8493774894049127e-06j),(2.26612180991013e-06-1.6446671302546932e-06j),(-1.518076489976523e-06+6.779406720027622e-07j),(-1.7115148668676586e-06+7.82520450255088e-07j),(8.293752962924518e-07-8.802007184762933e-07j),(-9.817376069692718e-07+1.0630406994412967e-06j),(-1.340121761800276e-06+1.1424270268319522e-06j),(3.252175769680133e-06-1.093606153325028e-06j),(-9.400673291536434e-07+1.1164501300012553e-06j),(-1.319358161060118e-06+1.19669625128544e-06j),(3.5022469494729494e-06-1.1276090276800534e-06j),(2.7143152198953196e-06-2.3776290863677772e-06j),(4.653007984590336e-06-6.297799351353474e-06j),(-5.536119394659225e-06+1.5434994139381813e-06j),(9.545803191962745e-07-1.0933951530875028e-06j),(8.544222250053442e-07-1.934509676469854e-06j),(-2.3570745875785782e-07+4.0017917847880365e-07j),(-2.8297714590434455e-06-1.9615403548258796e-05j),(2.629200350228082e-06-2.240214157352827e-06j),(4.3492862936825385e-06-5.911449812079882e-06j),(-5.246394464446755e-06+1.7196343729611556e-06j),(-4.055013596247139e-07-8.426007216592243e-07j),(-1.6500470160086838e-07+2.501846542848678e-06j),(1.3011585089746334e-06-2.2722569247784545e-06j),(6.760798937520281e-07-3.047909868891045e-06j),(9.65400194547339e-07-1.4843128200720634e-08j)
5,(8.753050173088209e-07-3.700000449620501e-05j),(5.682554123740437e-07+5.4516160824871566e-05j),(-1.4435604290975426e-06-1.751615632807188e-05j),(6.510121446707897e-07-0.00012748883812499056j),(-1.2509915353621145e-07-0.0001318079322296936j),(0.9999986606220209-0.00012669241225885084j),(2.5464139932713924e-05+4.040705402660705e-05j),(-6.136382400055611e-06+0.00014131813182403363j),(-2.9082762390677587e-05-0.00026072212568329116j),(3.055284292971241e-05+3.916794957604136e-05j),(-7.162344565382681e-06+4.895909838967006e-05j),(-5.023286361113767e-05-0.0001090864903407179j),(6.602861759358683e-05+2.0564625831373735e-05j),(6.454241009179078e-06+2.502171977908714e-05j),(-8.517003424360936e-05-2.693262155405727e-05j),(4.314084271562008e-06-2.254407961593292e-05j),(-6.652247206032178e-05-0.00010300476560470164j),(1.3627911735319617e-05+7.174187774134593e-05j),(5.4646817917505106e-05-1.1784307005452406e-05j),(-7.875982483474095e-06+1.6446441939347434e-05j),(8.655966576528187e-06-1.19138951681561e-05j),(-8.393523538060014e-06-7.883244936997072e-07j),(-7.00942772788289e-06+2.049471644008459e-05j),(8.24187991602701e-06-1.4073653842453516e-05j),(-9.42614687962766e-06-8.170018282894043e-07j),(-6.983316655305129e-06+2.0522195015619522e-05j),(8.229261964822522e-06-1.4086902213984755e-05j),(-9.423231444481254e-06-8.104417898425773e-07j),(-6.067824148026434e-06+2.1195022003474464e-05j),(-5.6715138885878445e-06+2.2553164852754856e-05j),(7.70575125406638e-06-1.4251492248165145e-05j),(-8.927578377420997e-06-5.659831659992397e-07j),(2.468673865830298e-05+2.8967465379294694e-05j),(-1.4739435511603401e-05-1.4393912147741612e-05j),(1.920713727599785e-05+6.291180080184933e-06j),(2.6083789813679924e-06-3.189647708945556e-06j),(1.0755115799639526e-06-1.010084731480247e-05j),(-2.483440339606803e-05-1.8593562188537073e-05j),(2.6030662227198168e-05+2.7911089894213744e-05j),(-1.3728036767841892e-05-1.3110668153753255e-05j),(2.0309392164001022e-05+6.577593344117405e-06j),(6.474880279530612e-07-4.806084563185609e-05j),(1.1773705631303282e-05+1.9176637698041783e-05j),(-5.917294585433949e-06+1.1757167807137726e-06j),(2.495394222614672e-07-4.8796798032757435e-05j),(1.1686151621349171e-05+1.9438675090665193e-05j),(-6.264339447249666e-06+1.2809634471907401e-06j),(4.56166921122865e-06-1.3933907165820889e-05j),(-1.3481697887893005e-05-2.807458120041727e-06j),(3.8764339245870596e-06+2.6577853243302994e-05j),(3.0422656457614173e-06-7.228141241678746e-06j),(-7.947980401046134e-06-3.0225721677565563e-06j),(2.5018535244113604e-06+1.4383671246436606e-05j),(-1.769387199195983e-06+2.61020143612987e-06j),(1.4939915093719652e-08-1.2700611043846337e-06j),(-5.570659637232539e-07-2.707880156233444e-06j),(-2.553275488248928e-06+3.613063107689895e-06j),(1.1007681351940714e-06-1.6198076132970084e-06j),(-3.9772627000993757e-07-3.6226153984850534e-06j),(-1.8457641712415932e-06+2.9541977643460074e-06j),(2.8554444217626006e-07-1.0951125524260784e-06j),(-6.937056144581545e-07-3.350148401727069e-06j),(-3.1485661092224376e-06+4.865403832836539e-06j),(2.6990481646786603e-06-1.7781424560062069e-06j),(2.2780729085304576e-08-4.391816084623607e-06j),(-3.2435120013132313e-06+5.01193087720634e-06j),(2.790269799222981e-06-1.781008506899143e-06j),(4.724996304865932e-08-4.463535645927195e-06j),(-3.148855994075676e-06+4.904618206017123e-06j),(2.8089407945055388e-06-1.789845782882713e-06j),(5.2571540709656725e-08-4.422826888985646e-06j),(-1.982226660945986e-06+4.6606627615775825e-06j),(1.7654018154514512e-06-6.078912003420217e-08j),(-1.1850055397395546e-06-6.1608511862565675e-06j),(-1.4602314556552188e-06+8.56937827308701e-06j),(5.8042408720720125e-06+2.926400485141531e-06j),(-1.6097288331570839e-06-1.1699259578702831e-05j),(-1.39497122186582e-06+9.000905585371203e-06j),(6.233457700558084e-06+3.211186653176401e-06j),(-1.6639953173859496e-06-1.2306510716081061e-05j),(4.5634804077505205e-06-1.3946210884379725e-05j),(-1.3486981315727553e-05-2.8056646915476432e-06j),(3.8770090623444455e-06+2.6591990826430177e-05j),(-1.114166264232211e-06-2.4061926998890744e-06j),(-2.2162728908408686e-06+2.230554005168636e-06j),(3.155621035526545e-06+4.356391972234509e-06j),(-1.0795698085685131e-05+2.0089636331449003e-05j),(4.296535894495374e-06-1.3641504095618963e-05j),(-1.2453569152382583e-05-2.215748650750111e-06j),(3.497750107193702e-06+2.4887210440681083e-05j),(3.6387591956313632e-06-7.5798418072076946e-06j),(4.177995711332236e-06-1.9473253733319306e-06j),(-2.5857815332865937e-06-5.615837754482123e-07j),(-7.947258382100621e-07+5.545068641179878e-06j),(5.396375627792319e-06+3.1989647232705303e-06j)
6,(-0.00012046760295653133-1.806671649674926e-06j),(6.182946984208324e-06-8.333330756948512e-05j),(0.00011428465601822908+8.513997921551621e-05j),(-0.00010293246684009357-5.565864666637289e-05j),(3.211941537858499e-05-4.895821326210783e-05j),(2.5464139932713924e-05+4.040705402660705e-05j),(0.986775373111574-0.009452434353729524j),(-0.004196187090892333-0.009061888205768125j),(-0.003548200249145315-0.002061224050476121j),(-0.01793678574916604-0.006793987687156394j),(-0.005364261167957098+0.004635313644593814j),(-0.004538492024668873+0.0034318771372328846j),(-0.013145710000293891-0.0071752303224779795j),(0.0005515244790716674-0.0003658383529689911j),(0.008387968776480912-0.0021836419900985887j),(0.003600594620882655+0.002696362180930341j),(0.011023268949525208+0.004217135357853043j),(0.0004202315042754058+0.0019414561782264937j),(-0.00874284106708616-0.005344144112427843j),(0.0005026237462856757-0.0002446500392446398j),(-0.0016356991487800647-0.0024283073896580083j),(7.0048857475075825e-06+0.0022574239077505784j),(0.0002937160400175951-0.0003562746132149317j),(-0.0016261406519695815-0.0024731931290788416j),(0.00018320926502985932+0.002435114428738063j),(0.0002906708833092237-0.0003561086496766718j),(-0.0016247139543184418-0.0024711757932987695j),(0.00018546056985111392+0.002435930680802753j),(0.00020291618026623012-0.00032582421215381335j),(0.00014702692927383946-0.0003899811676851758j),(-0.0015490395011339099-0.002354399098244163j),(0.0002405524585245779+0.0024350984114824654j),(-0.002103530688854151+0.0018456093195300478j),(0.0020467466982180805+0.0033306576015099633j),(0.0016336313011114734+0.001636990403809862j),(-0.0002437074572728085+0.0009190766835081613j),(-0.00018202538293809784+0.0010631465171328383j),(0.0032465194611615384+0.004368570366696935j),(-0.0022170663590237037+0.0018732352265515271j),(0.0019309988804945776+0.0033167802994892425j),(0.001594030347488738+0.0014656440645068984j),(0.00032658621939222966+0.001277308347268189j),(-0.0028791093081337983-0.001768412580422105j),(-0.0004008794490594377-0.003461975213724702j),(0.00037597842423371056+0.0012743286478424925j),(-0.0028694346963838054-0.0017838439517292824j),(-0.0004023023604884646-0.003501243371416122j),(-0.00019316112219546503+0.00029894524555856925j),(0.0004078615049778987+0.0006898074050250259j),(0.0008779751256856466-0.0011192691336992658j),(-0.0007675575318291506+0.0004328716643175381j),(-0.00015945043213289083+0.0007457527633186155j),(9.39467298337333e-05-0.00026720547750873575j),(-0.00024016966867670226+0.00014815551985042114j),(-0.00027410264334083105+0.0002902457528346366j),(-0.00035024485927081253+0.00044377867885652203j),(-1.734893447318596e-05-5.896656503758706e-05j),(-0.00020171848954610302+7.594471000848993e-05j),(-0.00026339100625282966+0.00035455526379158146j),(-0.00022888963888188942+0.00014773273840618171j),(-0.0002731428590816218+0.0002813846122596557j),(-0.0003678788242814593+0.00047381658794809283j),(0.0003401073291118906-0.00039508112978752473j),(-1.728129202143267e-05-0.00028227115604590017j),(-7.125579289488088e-05+0.00015199903135596523j),(0.0003810421622927549-0.0004299394980921828j),(2.3069954132051923e-06-0.00031307780751301033j),(-4.827587313897649e-05+0.00013077182537127112j),(0.00035279059410421294-0.0004091338050692672j),(-9.239626022601187e-06-0.0003011892494518658j),(-6.455695481454175e-05+0.00014317302246967534j),(-9.374442159248072e-05+6.927383817044864e-05j),(-0.00018862235914375176+0.00015790167515559441j),(-0.0003757448845921953+0.0005372533376950142j),(0.00046617747282785875-0.000390526471955628j),(0.0002515409784971278-0.00042457314046967954j),(-0.00015561305973797458+0.0003711102392946326j),(0.0005209559884675301-0.00043976663292854775j),(0.0002943252830954436-0.0004837947012207951j),(-0.00013597482097398145+0.0003580403328697034j),(-0.0001923254535196682+0.00029885398076170814j),(0.00040834927317779995+0.000689528522547922j),(0.0008789439449668006-0.0011206106711643448j),(-4.2944502921309796e-05+9.502075081911437e-05j),(2.458332618360021e-05+2.6210397500850874e-05j),(1.8536401412343625e-05-0.000271611088706723j),(0.0017819828019818688+0.0012179549827499867j),(-0.00015101821595019847+0.0003059355631942636j),(0.0003571923359337719+0.0006184450575284156j),(0.0008294028500110672-0.0010839390767252784j),(-0.0009554856238565344+0.00048161527237628897j),(3.612116723198105e-05-0.00046821868520989214j),(-0.00016767639862195623+0.00011318735273933528j),(-0.00017940812035632196-5.798183280712787e-05j),(-0.0002845996463437454-0.00029042631504355964j)
7,(7.882388935667649e-05+8.867064257406178e-05j),(-5.044845051340768e-05-0.0002658715413509619j),(-2.8375438893161172e-05+0.00017720089874601115j),(2.5217092645007344e-05-4.981398669163095e-05j),(-6.277071525810388e-05-0.00015073700694054944j),(-6.136382400055611e-06+0.00014131813182403363j),(-0.004196187090892333-0.009061888205768125j),(0.9895209557690433-0.016410168452419546j),(-0.004897274438467836+0.005853440504555224j),(-0.005437590609969107+0.004722145218179744j),(-0.013569134407779277-0.00870292515983224j),(-0.006431371661781585+0.005459288238352025j),(-0.003176445423288752+0.00279282736868567j),(-0.0004450762993753743-0.002038125062852038j),(0.005936124707297513-0.0011827052265332954j),(-0.0015163152937920034-0.0037736575709894637j),(0.0059321167942956495-0.0017926519718422101j),(0.000508975575730204+0.0018352502281616181j),(-0.003963982448710834+0.002638853787546141j),(6.12778876634538e-05+5.387420815464107e-05j),(-0.0005581997478227851-0.0004221776431897386j),(0.00033901121126992013+0.0002378418278105943j),(-7.553946525132608e-05+0.00011360606743082181j),(-0.0005420996798777666-0.00042940828040682194j),(0.00043426854350663924+0.00018377484054217606j),(-7.737153681965916e-05+0.00011466737227675775j),(-0.0005415029401096092-0.0004283505008000187j),(0.00043488303138694605+0.00018266506854671544j),(-0.00013304575323051245+0.00015500936958705563j),(-0.0001332063497281482+0.00018840741047462762j),(-0.0005083048457053489-0.00036559853542588935j),(0.0004401361322878654+0.00014581586866306128j),(-0.0018548659169815456+0.001504652382925855j),(0.0010711325901495185+0.0025725012079092545j),(0.00017088203193250332-0.0011717684614089563j),(8.126365228242408e-07+0.00029389094151044274j),(-0.00019436799925355217+0.00012077960228362933j),(0.0017297941680647685+0.0031337004419654596j),(-0.001913516695441781+0.001491384982889179j),(0.000999921638979395+0.0025596391091323506j),(0.00010698214616700671-0.001198529422181181j),(0.0006019632620900479-0.000558154113413202j),(-0.0012021166048802475-0.00021920079429840232j),(-0.0009201305559649286+0.001097515707334503j),(0.0006387632588838309-0.0005867596766107978j),(-0.001203309854504737-0.00026030205023387995j),(-0.0009211401211754075+0.0011204215865768573j),(0.00025982454221597-0.0006014802724125256j),(0.00025552637237726076-0.00036688141988261555j),(0.0001525417921776529+0.00040631562227675137j),(-0.00039751073528879584-8.13924579924801e-05j),(-0.00022404127621602032+7.785625417363901e-06j),(-0.0002320193022057134+0.00039824449468394205j),(-0.0003183940343428368+0.00024183077750427576j),(-0.00030324760638228036+0.00019782231926261076j),(-0.00023610796636794367+9.988548556241175e-05j),(-0.00013031522769189+0.0001244966784179093j),(-0.00019425422716607627+0.00011939889504557297j),(-8.902100693756546e-05-3.899432990708189e-05j),(-0.0003230635604389874+0.00026214520666349695j),(-0.0003049911189724072+0.00020643611009870506j),(-0.000241452098710487+9.524509439587056e-05j),(0.000192868672440482-7.907892563214141e-05j),(3.989911794646491e-05-4.079243215307027e-05j),(0.00017297528178580602-0.0002573965778433546j),(0.00022869567105977177-0.00010182139753409894j),(6.212367441291496e-05-5.715964414826721e-05j),(0.00020236664782424742-0.0002817468630100513j),(0.0002051852779206858-8.676352144480499e-05j),(5.1426694744589554e-05-4.795432893519693e-05j),(0.000182830512204921-0.0002654905552562541j),(-0.00025987874162422206+0.0003029486013469301j),(-0.00023004182798746662+0.00019208294662028985j),(-0.00019277098293829056+2.598349358500906e-05j),(0.00015902670690205853+0.0001763001613047776j),(0.00020943627223286805-5.4764655769291414e-05j),(0.00015676226075053424-0.0003138446317212656j),(0.00019952715183879562+0.00016480775171578434j),(0.00025174827013391864-7.842138028767501e-05j),(0.0001905012491783841-0.00034885482176989275j),(0.0002607442161798178-0.0006021625423650388j),(0.0002560421364573989-0.0003673602671156377j),(0.00015295286161470353+0.0004064090462767272j),(2.3677588603647485e-05-0.0001476240836631413j),(2.926188351172004e-05-0.00011963763105331967j),(0.00010866793692873316+1.6053980580089705e-05j),(0.0003630653059815776-0.0007409151670145753j),(0.0002699620981920655-0.0005715408241855709j),(0.00023077742826355742-0.0003477625004136063j),(0.00013661170989737986+0.00039072485802883034j),(-0.0005213330439826314-4.543330239179335e-05j),(0.0001406959994679354-9.11617628168072e-05j),(-6.304268296636811e-05-0.00019524588950852237j),(-6.002233440963912e-05-0.00017859463852803637j),(0.0001267791363872392-9.17282975928266e-05j)
8,(2.5300222589915292e-05-9.727213407611913e-05j),(1.166422476373023e-05+0.0003751924965722635j),(-3.69644473424545e-05-0.0002779203624750235j),(1.2518367638341824e-05+4.327315340502198e-05j),(-1.5713221555027153e-05+0.00014886285493666512j),(-2.9082762390677587e-05-0.00026072212568329116j),(-0.003548200249145315-0.002061224050476121j),(-0.004897274438467836+0.005853440504555224j),(0.9924669133273706-0.024530235236070824j),(-0.004696699251221497+0.003498143050756998j),(-0.006551806297150905+0.005536615134513239j),(-0.009414574847644106-0.009089657551518728j),(0.0013268736484965348+0.00028193511831817175j),(0.0008840517794654911+0.0018514523466069688j),(-0.0044638433265552415-0.00375668767203615j),(0.0011228603839305003-0.0025620200594018913j),(-0.001915671850580029-0.009818875464557206j),(0.0023264220066533657+0.00874092055183195j),(0.0012702507556457661-0.002527309034006516j),(-0.0005258680467803692+0.001719514611246579j),(1.268515020254584e-05-0.0022876608643369644j),(-0.0007351102591885788+0.0008587072636236661j),(-0.0005244907350574583+0.0021277491986024357j),(-3.8810497681952306e-05-0.0025327381319065114j),(-0.0007492407956702571+0.000905774597482947j),(-0.0005231641548941895+0.0021309612757503065j),(-3.9472380290794546e-05-0.00253304568101847j),(-0.0007478893307834122+0.0009063588003814758j),(-0.00046856466432710947+0.0022219454915216666j),(-0.00043847167857551567+0.0023512441981379624j),(-5.4648518840219075e-05-0.0024878742309272558j),(-0.0006729543031603956+0.0009163591225987873j),(0.0015658231676500454+0.004102760605119744j),(-0.0004652863040389998+0.0004894081862929661j),(0.0027292000170813725+0.0007419427931798462j),(0.00019159948783388717+6.805803129298661e-05j),(-5.4637074018324455e-05-0.000651511831383074j),(-0.0008943494385205046+0.000620449104152771j),(0.001642452530756729+0.003990634637784536j),(-0.00041352562355081134+0.0006133906395894713j),(0.0028100882179922845+0.0006967053070496164j),(5.582434559818169e-05-0.004832895485621018j),(-7.383172618690283e-05+0.0013244104547729422j),(-0.0010826656112541682-0.0007313082435003314j),(3.692817540462863e-05-0.00491962708958129j),(-7.945525285038145e-05+0.0013349211668169346j),(-0.0011197344833302459-0.0007249876741289036j),(0.0003870890936638488-0.001589131309749583j),(-0.0012212004011676804-7.629209079202184e-05j),(0.0009477100145563702+0.0024930445902806644j),(-0.00011949294064273592-0.0006331616634221667j),(-0.000975087002589832+1.7453887149895928e-05j),(0.00033351742563617764+0.0015382222967016404j),(-0.000344182188658067+0.00042911034375073514j),(-0.00018698806690679035+4.2928236219443765e-05j),(-0.0002648524023908376-7.984316884416479e-05j),(-0.0002898977392054402+0.0004216859659566901j),(-2.1293918383004194e-05-0.00010748303067117536j),(-0.0001836516281785493-0.0002578212281713298j),(-0.00034671727546195107+0.0004721095964739482j),(-0.0001571689550364355+5.897932522033636e-05j),(-0.0002913179866646394-0.00013716075325930313j),(-0.00012902487140480058+0.000360622255163093j),(0.00027353403311984777-0.00032339980332869364j),(-5.151036456596075e-06-0.0004922278069286637j),(-0.00011368772416203298+0.0003556699804862177j),(0.00029598175601171694-0.00034140229016686296j),(1.311947325704089e-05-0.0005162546954190937j),(-0.00012094263907792981+0.0003568207220269546j),(0.00029094450491565986-0.0003348944733316346j),(2.8170004490941415e-06-0.000501755619312792j),(-0.000281826719076041+0.0006341961142835145j),(5.758969501981876e-05+0.00010559621653758074j),(-0.00035153406623674165-0.0004313595246228767j),(0.00011778948998944749+0.0008198246764226668j),(0.0007814460591939777+8.86915185106229e-05j),(-0.0002614704273097558-0.0011928319347768912j),(0.00015852413791902128+0.0008418436177203975j),(0.0008554963747219325+8.536582903232224e-05j),(-0.00025527031145248537-0.00127352037922314j),(0.0003877596044253776-0.0015907287248791006j),(-0.0012214348265735015-7.633227042021283e-05j),(0.0009483204211442237+0.0024940550168729824j),(-0.0001454296756430385-0.00025733526906879456j),(-0.00020449138190531386+0.0002250802264820671j),(0.00039980679192017034+0.00034472841899792586j),(-0.00024154738394550684+0.0023957990953779565j),(0.0003803310424425196-0.001545523343982487j),(-0.0011348618650403076-3.942007827419623e-05j),(0.0008737244646343596+0.002325437358280933j),(-0.00016249616731400752-0.0006397197144109726j),(0.0004739677346185026-0.0004381345927025062j),(-0.0003611232405560294-5.346057185634254e-05j),(-0.000134616633720673+0.0005254918014024515j),(0.0005223988888261501+0.00017304765522537476j)
9,(-0.0001545292190304755-0.00017579283523322335j),(3.257450629155849e-06+3.354266291700559e-05j),(0.00015127176847061242+0.00014225017231429745j),(-0.00014026782773943547-0.00012016620722204958j),(3.426806598037877e-05+7.242023084325571e-05j),(3.055284292971241e-05+3.916794957604136e-05j),(-0.01793678574916604-0.006793987687156394j),(-0.005437590609969107+0.004722145218179744j),(-0.004696699251221497+0.003498143050756998j),(0.9750608319747343-0.013976573178376962j),(-0.007624279773304758-0.00615148604972043j),(-0.006166750599173572+1.0754991523582828e-05j),(-0.020373176037928424-0.011832240346259824j),(0.0009092704640229908+9.678799865873999e-05j),(0.011878185779806092-0.0034169398714760544j),(0.005361026624570933+0.004112371831391487j),(0.01597898234952951+0.006852161737548927j),(0.000734308974808578+0.0024937696860594313j),(-0.012492653515063831-0.00830853445271416j),(0.0007808257577294599-0.00035918112075559094j),(-0.0024500710759984743-0.0035951184435816935j),(-9.118003972836226e-05+0.0034836125663521827j),(0.0004849048239054295-0.0005393325096360621j),(-0.00244190036725101-0.003655063983203758j),(0.0001569510284115329+0.0037620312788500514j),(0.0004804877107680301-0.0005391706063901458j),(-0.002439861636425488-0.003651969877634864j),(0.00016020642054632083+0.0037634752343263175j),(0.0003537967159015703-0.0004944161060460206j),(0.0002683005719409154-0.0006032547831147624j),(-0.002329714165641922-0.0034758840051353126j),(0.00024187006739356028+0.003770644593685134j),(-0.0028736361777816186+0.0028922429428334126j),(0.0030114297837057643+0.005079853395192976j),(0.0024532865083150687+0.0029265624696053136j),(-0.00040609153447834496+0.0015027910282573859j),(-0.00028901324855002157+0.0017792517839485481j),(0.0047572363599117495+0.006619046912583273j),(-0.0030419250709158106+0.0029419273208809256j),(0.002844710506567396+0.005061615556215687j),(0.0024030822427574183+0.0026668649328366184j),(0.00025539003228040825+0.002143443659877329j),(-0.004294822918033077-0.002623251953774417j),(-0.0005067962170538478-0.005594455490778115j),(0.00032375479443832143+0.002139302144338254j),(-0.004280275980872154-0.002647297235624511j),(-0.0005086733604045703-0.0056629842792463025j),(-0.000341027685785321+0.0005690063101835749j),(0.0005978887431776444+0.0011017669671303043j),(0.0013279573286050733-0.001844578351942423j),(-0.0010976110737733482+0.0006759165499555359j),(-0.000189089566683782+0.001126819141645909j),(0.00019387844241400116-0.0005115323045089069j),(-0.00030608568274663445+0.000173645233312518j),(-0.00036382468415388177+0.00040408629356404363j),(-0.0004936102846765611+0.0006653341728325876j),(8.267095123086417e-08-0.0001269358739717037j),(-0.0002759216953937567+8.883721239956585e-05j),(-0.00039024987301158475+0.000552756254921854j),(-0.0002879928785697697+0.000169655824286489j),(-0.00036231706770111416+0.0003896063993073049j),(-0.0005196515208697213+0.000713943942813775j),(0.0004873054982967093-0.0006097916591542175j),(-4.018585016921954e-05-0.0004319615123435368j),(-0.000147232021351321+0.00028083069706325817j),(0.000543367847942569-0.0006596283249124956j),(-1.4548294093627974e-05-0.0004763668913669417j),(-0.0001177441969859539+0.0002525652061906435j),(0.0005044080441441539-0.0006300767443826482j),(-3.0198571666843364e-05-0.00045964383752782534j),(-0.00013891280752475078+0.0002687502665175408j),(-9.297013361952452e-05+4.402091832507016e-05j),(-0.00024812377752057456+0.0002063549265489983j),(-0.0005407074813088174+0.0008320250622668558j),(0.0006861554787483629-0.0006308868169286291j),(0.00034143569707557203-0.0006322899932135646j),(-0.00026812510384415823+0.0006581667650092365j),(0.000762553111959222-0.0007034067373662563j),(0.00039886702192722454-0.0007176071700709464j),(-0.0002441941739946688+0.0006467744759784269j),(-0.0003399315220640053+0.0005690055197607731j),(0.000598538951233624+0.0011014249452533384j),(0.0013293652097767009-0.0018466865058031545j),(-6.82395492328982e-05+0.00016146771801605763j),(3.410794650619858e-05+4.7426792181811065e-05j),(9.66280268718498e-06-0.00043844343855138634j),(0.0026379704459459107+0.001819269332672329j),(-0.00027965565483252996+0.0005752410628666669j),(0.0005228603130099342+0.0009908114935891525j),(0.0012557404296729972-0.001785048822475707j),(-0.0013623513048945399+0.0007447795808391503j),(2.0807908085488457e-05-0.0007067682199859474j),(-0.00024762234548719053+0.00017668855079767102j),(-0.00026877952260155797-9.061345223411773e-05j),(-0.00046413287735944933-0.0004654299897754238j)
10,(9.702926213863031e-05+0.00018202487240501507j),(-7.049069912802417e-05-0.0001532544992337832j),(-2.6538563079541594e-05-2.8770373209404743e-05j),(2.3196121978455798e-05+7.294312574367926e-05j),(-8.600637141789003e-05-0.00012989404164594125j),(-7.162344565382681e-06+4.895909838967006e-05j),(-0.005364261167957098+0.004635313644593814j),(-0.013569134407779277-0.00870292515983224j),(-0.006551806297150905+0.005536615134513239j),(-0.007624279773304758-0.00615148604972043j),(0.9811548971900416-0.02181263101132999j),(-0.008730616711044458+0.009253088551048314j),(-0.0041426444052898815+0.0043222994687524795j),(-0.0015637554768665228-0.003908473219431094j),(0.008176054534686304-0.0013024656160463798j),(-0.0025040155777991575-0.005769761786629067j),(0.00831147109070716-0.0022031065275849443j),(0.0007525918883226074+0.0022589456431337807j),(-0.005088181986472751+0.0041493015107037816j),(6.120066415427365e-05+9.757145318641317e-05j),(-0.0007213680065038934-0.00037225034602073395j),(0.0004584387025706521+0.0002346351829374321j),(-0.0001292052393133677+0.00017871063724583282j),(-0.000696474112137906-0.00036644215398068045j),(0.0005846546174892173+0.00015025362077100875j),(-0.0001317337431664319+0.00018019514306778133j),(-0.0006956410135594902-0.00036481800088685075j),(0.0005854158903218117+0.0001487240095774129j),(-0.00020817017301732956+0.0002376920721449396j),(-0.00021104023233379783+0.00028017906609235053j),(-0.0006498356805213117-0.00027326250487342066j),(0.000590340008652952+0.00010087271735543472j),(-0.0025863391453695766+0.002210321884150712j),(0.0014827763640109367+0.00393710865162161j),(0.00011990905735812137-0.0015238728601040755j),(-2.9077977047308043e-05+0.00046155398192548446j),(-0.00029486521689571065+0.00023657460900341435j),(0.0023865726838446216+0.00473947558134932j),(-0.0026680424556895605+0.0021927944010654054j),(0.0013835086599991425+0.003916341497610755j),(2.8152220701461485e-05-0.001551435297267742j),(0.0007533218536602535-0.0007609340225366449j),(-0.0016529661059881467-0.00020944715414429886j),(-0.0013728141193760863+0.0017192309707235402j),(0.0008036283050714722-0.0008039388042148212j),(-0.0016556655514787934-0.00027465911027014297j),(-0.0013740859929909138+0.0017503404562073657j),(0.0003843331609892577-0.0009143603986634199j),(0.00036355327788561845-0.0005962659856894562j),(0.00016162725993106389+0.0006431959357878622j),(-0.0005156137488593052-0.00017243224045672629j),(-0.000291497133826403-5.4343907290409026e-05j),(-0.0003344138546421026+0.000581311806275615j),(-0.00043476894554650365+0.0003335555174656447j),(-0.00041224739950631564+0.0002629137354671863j),(-0.00031034253461911766+0.00011492577542750247j),(-0.00018188389245901303+0.00017702982047507394j),(-0.00026481713654865865+0.0001625799026396266j),(-0.00010866083909135587-8.214581493967872e-05j),(-0.0004420881559634515+0.00036401616213388357j),(-0.00041524488926866283+0.0002766890167181582j),(-0.00031657621510067767+0.00010709805845811392j),(0.0002537470249786365-9.571599417667486e-05j),(5.202502103820165e-05-4.688817279140621e-05j),(0.0002487123410268258-0.000387153212388394j),(0.000302019764748417-0.00012633444563999558j),(8.20681701481433e-05-6.85994178517935e-05j),(0.0002887645609241648-0.00042123503725494625j),(0.00027036822943969576-0.00010593408646059348j),(6.764129374127532e-05-5.6098187463470505e-05j),(0.00026216315265989047-0.0003983697214235849j),(-0.00036117360781395813+0.000433378068283247j),(-0.00031683023836119194+0.0002675492046283043j),(-0.0002462005113106024+6.870460853332242e-06j),(0.0001958324169157323+0.0002941877196228751j),(0.00027141086486267917-4.1864389401759716e-05j),(0.00023605101858430655-0.00046332777434811284j),(0.0002497023302658969+0.00028242387568813763j),(0.0003280319112412203-7.095665750194531e-05j),(0.00028278217121786755-0.0005117456026020342j),(0.00038558333242680055-0.0009153230777401477j),(0.00036425519805432225-0.0005969418984509804j),(0.00016214085529341795+0.0006434068264282171j),(3.689984975187141e-05-0.0002316826709977304j),(4.2359566122834015e-05-0.00019066634973002042j),(0.00015804559450666248+2.8225058567637605e-05j),(0.000393567195506408-0.0012719589525772533j),(0.00039558871062398635-0.0008678107331459117j),(0.00032890447442293413-0.0005628968507259365j),(0.00014156957242037922+0.0006182512401311448j),(-0.0006810555500706913-0.00012718118530400052j),(0.00018888224588633156-0.00010880855511675904j),(-8.259068515894826e-05-0.00031950257447578117j),(-7.969635829277645e-05-0.0002909687398339547j),(0.00020276435348562974-0.00014594946774425927j)
11,(2.7502639537885813e-05-8.10095257413362e-06j),(2.9355578626224933e-05+0.00013478100901834442j),(-5.68582181516783e-05-0.0001266800564101792j),(1.3089794331085814e-05+4.13020943767379e-05j),(-1.8347313415141065e-05+5.430412260027412e-05j),(-5.023286361113767e-05-0.0001090864903407179j),(-0.004538492024668873+0.0034318771372328846j),(-0.006431371661781585+0.005459288238352025j),(-0.009414574847644106-0.009089657551518728j),(-0.006166750599173572+1.0754991523582828e-05j),(-0.008730616711044458+0.009253088551048314j),(0.9864164252573584-0.030269551443082073j),(0.002291706001329265-9.463927194443278e-05j),(0.00130718671768302+0.0027960840652139288j),(-0.007992462070798345-0.006263313278722697j),(0.0016012087512133897-0.003193759207640201j),(-0.0035207049034629095-0.014689585928381863j),(0.003575105926902535+0.01293605950792667j),(0.002412368773298996-0.004206847296390009j),(-0.0008602556129778279+0.00278632523398343j),(0.0001006532790582531-0.0033695766458609914j),(-0.001133469561328084+0.0012686097520751556j),(-0.0008472496195985471+0.0034155622895244335j),(1.975083503521569e-05-0.0037360240439980996j),(-0.001165914313106703+0.0013486194249716778j),(-0.0008449931861767855+0.003420352179453556j),(1.8665156221152942e-05-0.003736492095416561j),(-0.0011639507858268619+0.0013497642991456022j),(-0.0007535963898824822+0.0035543149270116157j),(-0.000714770213195896+0.003751112397202313j),(-8.388160048124725e-06-0.0036706628905267243j),(-0.001051586792377306+0.001374730845723501j),(0.002664941762986953+0.00621568036428583j),(-0.0008123612008042454+0.000662687924357792j),(0.004111065498194632+0.0014734699372859943j),(0.00026956086240578+9.566589013066881e-05j),(-6.407285992377122e-05-0.0010006350124547514j),(-0.0015417045243859995+0.0008154598859170395j),(0.002792253624216529+0.006035968211030234j),(-0.0007271625738871136+0.0008526797702356403j),(0.004239754051539462+0.0014128593471718015j),(2.2271972775178258e-05-0.007535416171268792j),(-5.9435328554505694e-05+0.002076300405396093j),(-0.0015581209572285552-0.0011764045067885862j),(-1.1504394742607596e-05-0.007667889091315024j),(-6.921429242536968e-05+0.0020958069997814655j),(-0.0016140483370940973-0.00116995333121004j),(0.0005752244963832986-0.0025187069485621376j),(-0.001969092963440061-8.574510382613381e-05j),(0.0014431976402740799+0.0039694022995723j),(-0.00011218494103425235-0.0010651784543587312j),(-0.0014899797357358349+5.036808056125197e-07j),(0.000555478784296298+0.002405303893548082j),(-0.00048722927676829756+0.0006445248752199872j),(-0.00023277087683883029+2.711669885292192e-05j),(-0.00036920949582057905-0.00016270285879114977j),(-0.0004372860687198906+0.0006589200294159481j),(6.825097005579559e-06-0.00019460897321826897j),(-0.00026858783729736846-0.0004284458591495112j),(-0.0004906535301668509+0.000712345568199962j),(-0.0001854503180950864+5.165724113600362e-05j),(-0.0004092127782020908-0.00025407240521909714j),(-0.0002453264022069294+0.0006045387366622758j),(0.0004250866365649239-0.0005048466812561507j),(-3.6845465419387306e-05-0.000769710623042476j),(-0.0002279201001306979+0.0006013675457348265j),(0.0004561758899518765-0.0005301866213400566j),(-1.3574628902989828e-05-0.000804432205182907j),(-0.0002349718920729775+0.0006001254598791616j),(0.00045017649887186406-0.000521603508379717j),(-2.6178810481092903e-05-0.0007836422954805538j),(-0.00040198851160939617+0.000977667368721977j),(0.00013815010635849186+0.00013136250092292152j),(-0.0005104378289218259-0.0007135337304753036j),(0.00014398135935016584+0.0013307197693116757j),(0.0011919830445454452+0.00015795839765217143j),(-0.0004294194429788279-0.001867630048944656j),(0.00020016409030453318+0.0013717538256718606j),(0.0013004356733594654+0.00015820065557849866j),(-0.00042544749517446184-0.0019900748920043893j),(0.0005761287389378731-0.0025211460444758828j),(-0.001969576703953304-8.573089833616198e-05j),(0.001444069132080295+0.0039710666651703915j),(-0.00023664296141598905-0.00040267640177773557j),(-0.00032613020314672866+0.00036397359235314003j),(0.0006231608221893977+0.0005548729573335107j),(-0.000499218467815738+0.003893057946434971j),(0.000563212217977839-0.002447160313924866j),(-0.0018306428427770178-2.9711391133167928e-05j),(0.0013307488271951098+0.0037025282981778262j),(-0.00015869411624450146-0.001089854338081636j),(0.0007193901968198657-0.0006758239247756006j),(-0.0005631994833410059-7.738919228047082e-05j),(-0.0001993214490914813+0.0008374328088972568j),(0.0008315864531316603+0.00028570723057084384j)
12,(-0.0001234700392855791-0.0001343309649409093j),(-4.1675605895782646e-05+3.25642278491243e-05j),(0.0001651456453527903+0.00010176673713395193j),(-0.00012136392534124195-9.567512307736783e-05j),(1.8781258057576632e-05+5.770717707751981e-05j),(6.602861759358683e-05+2.0564625831373735e-05j),(-0.013145710000293891-0.0071752303224779795j),(-0.003176445423288752+0.00279282736868567j),(0.0013268736484965348+0.00028193511831817175j),(-0.020373176037928424-0.011832240346259824j),(-0.0041426444052898815+0.0043222994687524795j),(0.002291706001329265-9.463927194443278e-05j),(0.8891826739667305-0.0956053529813628j),(0.008451892836105986+0.01241659318921339j),(0.022124923806502196-0.02558788518905502j),(0.019558896777288375+0.021249719929225877j),(0.04351428259384839+0.048310838006622656j),(0.007176982991939675-0.006130141676090113j),(-0.02782964300072166-0.04580176152637311j),(0.004466464675792217-0.0011960387336578111j),(-0.010221638160740608-0.01297890841899648j),(-0.004450547554386018+0.01881766036775848j),(0.003982777573649084-0.0023661227669899304j),(-0.01038462752159443-0.012914180229915462j),(-0.0040092075643931215+0.02048622374043834j),(0.003972153121787992-0.0023675815591168536j),(-0.010378016210606694-0.012897897094085443j),(-0.003998589002138034+0.020501448719054464j),(0.0036922354829786383-0.0021782244036900097j),(0.003232136415832403-0.0031671768106310075j),(-0.009982345993117403-0.01211231425353005j),(-0.003640288227419682+0.02086964495719679j),(-0.0010703215155396365+0.01731108374924879j),(0.010300826249423523+0.02454138760889724j),(0.010022374287161673+0.03072563029534475j),(-0.003317458504168647+0.011643058117293409j),(-0.001965287659569914+0.01523100401520183j),(0.0155542712443128+0.030249240113474657j),(-0.0017085836327238356+0.01786765113971374j),(0.009869425479532816+0.02456674337903229j),(0.010177530764589127+0.029515669560747422j),(-0.008314623813209007+0.018687319147606206j),(-0.017154516579626782-0.009814465917231091j),(0.0019876036528184895-0.03945776941631729j),(-0.008253577379154026+0.01868537865191392j),(-0.01709205712614699-0.009950946828655972j),(0.0019963641992738626-0.040129026987941505j),(-0.0035215683049650472+0.007585146150071494j),(0.0021097986617024+0.007371985058388764j),(0.0059594117849335665-0.014973680936913482j),(-0.002542275680573713+0.0041359615747754265j),(0.001250986945478357+0.005123952018210035j),(0.0028454099198331785-0.006896236460220817j),(0.0008588569281418282-0.0012747563995293204j),(0.0003162054707740797+0.00045846727603463634j),(-0.000849818154808176+0.0028378582206125993j),(0.0010592688294684244-0.002165500524379074j),(-0.0001329565083405816-0.0006138922753614251j),(-0.0014729722718716835+0.0032401642029024845j),(0.0009817007390329556-0.0014350154451147424j),(0.00032214516016559165+0.0003470254897808343j),(-0.0009413230073220527+0.003198102012595924j),(0.0012035117745450733-0.003376472892485334j),(-0.0007551737387458399-0.0021359725517409367j),(-0.0022238778701211344+0.003400220262145475j),(0.0012317858744150495-0.0034919402454796564j),(-0.0007945150480291436-0.002250575599383052j),(-0.002295157505078914+0.0034270811799181947j),(0.0012004483162020606-0.0034309770814489847j),(-0.0007952638085074902-0.0022238525411692246j),(-0.0022568239798976923+0.0033968428298127296j),(0.0015036809110783042-0.002323612067589682j),(0.00029527143221288413-0.00035919061501707514j),(-0.0013819754615681142+0.004674638024675768j),(0.0024079224777292167-0.004660647633743189j),(-2.2473989797885648e-05-0.002520012835318261j),(-0.0024642557299826198+0.007088015789726165j),(0.0025040660263349456-0.004922251488897656j),(-4.7988326430921466e-05-0.0027422741344686787j),(-0.002576823320268919+0.007382423211019208j),(-0.0035231997149002287+0.007590794590697468j),(0.0021094042017252056+0.007373599188041768j),(0.0059635936834093-0.014986688459949984j),(-0.0004116953645474943+0.0014951671962990156j),(6.165787439472298e-05+0.0005130716454669847j),(-0.0007533648093481803-0.0031638150156163888j),(0.009552022230693095+0.0071607424911935315j),(-0.003335270770452904+0.007422275629093429j),(0.0018227387623045961+0.0067430225523505485j),(0.005690681111827547-0.014422173287664791j),(-0.002982752165043378+0.004278749836468284j),(-0.0012588467572472728-0.0031139890191315264j),(-0.0008385716949536673+0.001056865913063192j),(-0.0011035125397042763-0.0005595911810277464j),(-0.003560906737468448-0.0031696247330834466j)
13,(1.0172445540249568e-05+1.8168426473624366e-05j),(-1.2281220475108283e-05-4.238324839527397e-05j),(2.1087748128402623e-06+2.421482187463887e-05j),(4.2295924956245976e-06-1.9190897786908493e-06j),(-7.716920636920342e-06-2.3543029283544232e-05j),(6.454241009179078e-06+2.502171977908714e-05j),(0.0005515244790716674-0.0003658383529689911j),(-0.0004450762993753743-0.002038125062852038j),(0.0008840517794654911+0.0018514523466069688j),(0.0009092704640229908+9.678799865873999e-05j),(-0.0015637554768665228-0.003908473219431094j),(0.00130718671768302+0.0027960840652139288j),(0.008451892836105986+0.01241659318921339j),(0.9607360903059655-0.05787824149802598j),(0.006036784893912064+0.015440686359689627j),(-0.02349379815417213-0.03218297272159752j),(0.011266933477374418+0.0097378945757432j),(0.0017134074910368175-0.011161045306647603j),(0.012836574187727517+0.026664287834332837j),(-0.00091338650719808+0.0011581574807523788j),(0.0018000502194896193+0.009584469749177357j),(0.00016394758457887793-0.004014635350259422j),(-0.0011460199988259164+0.0011239625421738259j),(0.0019193873720747007+0.010283755670260191j),(-7.1828421421170005e-06-0.004565714577087508j),(-0.0011493846143648628+0.001124993261684337j),(0.001919020072294159+0.010291269154769512j),(-1.2183127057960753e-05-0.004567961093374151j),(-0.0012421036233233116+0.0012254789212882615j),(-0.0013042280106513164+0.001136310711918404j),(0.0019009897403386646+0.010545077456571315j),(-0.00017387682308019742-0.004502762282764159j),(-0.003567099450223597+0.007165432710574598j),(0.0012248804526455946+0.01960920250450521j),(-0.005536202447277339+0.0021883125497974536j),(-0.0013128388108754583+0.0028201660273214175j),(-0.001426684219438113+0.0032218039539417473j),(0.0016836838805172625+0.021315381708866318j),(-0.0036718079117718074+0.007187422822320794j),(0.0010956591318861358+0.019445169569853083j),(-0.0057814966613704164+0.002588768639666575j),(-0.002576162191471417+9.407944043091174e-05j),(-0.0008546424820662933+0.004073985773899818j),(-0.005451398164381621+0.011137579860535575j),(-0.0025526943808486663-8.765769097552212e-05j),(-0.0009031338821139136+0.003652765668137898j),(-0.00544166290477161+0.011151525331142075j),(0.001465920674735737-0.004283147663004399j),(0.0008996606337017918-0.004513253134060729j),(-0.0022533223698052215+0.003926120276033392j),(0.0010355634387733282-0.002695587628184169j),(0.0006035462069120493-0.002956665356756411j),(-0.0010382370736176224+0.0017156025201283155j),(-0.00015954939519037797+0.00022472647896691145j),(-7.829710973275244e-05-0.00023794850416786466j),(0.00043858840973468483-0.0009280042984129933j),(-0.00023483859018347242+0.00033512539763843815j),(-8.674280375953474e-05+5.469115064568727e-05j),(0.0005639157367608447-0.0013054442743897312j),(-0.00020598789189930846+0.0003513214287145677j),(-0.00011049258480206589-0.00014441970956952685j),(0.0004886524098335272-0.0009923310038697048j),(-0.00032002061259835037+0.00048195296346318153j),(-9.991665830287339e-05+0.00043397131638982494j),(0.0006936032459250378-0.0016820184863548075j),(-0.00033030638175946805+0.0004912054819967582j),(-0.00010222835005671321+0.0004576929700514489j),(0.0007063751968916579-0.0017277938627251908j),(-0.00032246465400253893+0.0004913147851626845j),(-9.993007610111892e-05+0.00045846028822776625j),(0.0006987837610768939-0.0016918702721161628j),(-0.00042397498523111797+0.0009645431971414828j),(-0.00026649897119686555+0.0003190559533026759j),(0.0007113640067991835-0.0012516828662830536j),(-0.0009064888222149089+0.002398217399911132j),(-0.0006153240235450873+0.0014618209862370503j),(0.0011607744214145292-0.0016124756735586916j),(-0.0009525752908482171+0.0025665581868646566j),(-0.0006498617729131205+0.0015964503437789204j),(0.0012130143460198854-0.001649037777952001j),(0.001466134292255856-0.004284740389667783j),(0.0008998874134492697-0.004514475548310506j),(-0.002255353599568639+0.003929879838505679j),(0.0002478270768017806-0.001389560671918744j),(0.0001469861427731158-0.0013006504488465233j),(0.0004261390717412165+0.00028789624025833465j),(-0.004643286379381667-0.012139178099483103j),(0.001354188607061458-0.004025079522976316j),(0.0008426794754597437-0.004174436688401693j),(-0.0021683007953207066+0.0037771940944752672j),(0.0011416243869357694-0.0028419977228994163j),(-8.90512042486945e-05+0.000744799361637071j),(0.00019053955295171787-0.002437736534604827j),(0.00010448431897692588-0.0022168732300967956j),(0.0013433422113680467-0.0009149349352633023j)
14,(3.7225663058040775e-05-8.447960301626191e-06j),(0.00010634050327937045+3.254795141876091e-05j),(-0.00014356616637291932-2.4099991133007495e-05j),(7.781074928665346e-05+1.0085917483677623e-06j),(3.5562168132430385e-05+1.0778812503305482e-05j),(-8.517003424360936e-05-2.693262155405727e-05j),(0.008387968776480912-0.0021836419900985887j),(0.005936124707297513-0.0011827052265332954j),(-0.0044638433265552415-0.00375668767203615j),(0.011878185779806092-0.0034169398714760544j),(0.008176054534686304-0.0013024656160463798j),(-0.007992462070798345-0.006263313278722697j),(0.022124923806502196-0.02558788518905502j),(0.006036784893912064+0.015440686359689627j),(0.9147109030898797-0.06946211490891217j),(0.002610336804355173+0.012071504544248421j),(-0.04062808585401344-0.06081206389303197j),(0.017984593195579792+0.04660629406961653j),(0.028942226746360343-0.03419852994489846j),(-0.006467803330236081+0.020325249301972565j),(0.0037412172458105766-0.011250393066097146j),(-0.00569496481365758+0.004602923628550814j),(-0.005995455216539257+0.02365935919593763j),(0.003255954977807552-0.012737357673554562j),(-0.0062621612086188275+0.005284068491852331j),(-0.005975937979223897+0.023677791498127206j),(0.0032473919295921334-0.012740173333257436j),(-0.006256910606771828+0.005298809338237821j),(-0.005237252013912766+0.024121118093651615j),(-0.005304515301405126+0.025090897099881472j),(0.002950534181329593-0.012564268870900386j),(-0.005812896111664822+0.005777691137336782j),(0.023269401375414216+0.028372538396703846j),(-0.00786373421456386-0.0003946272532866571j),(0.017512815265824985+0.020107010554055116j),(0.0004392096575231252+0.0001663629265408462j),(0.00043419095189522507-0.005215280172481103j),(-0.014211671453284572-0.0015971368424912515j),(0.024290201839906992+0.027137718979116116j),(-0.007230688371852404+0.0005493929222068379j),(0.01832581752514823+0.020149486651907994j),(-0.0018317540229558643-0.04331505616200833j),(0.0015026047818345704+0.012264180751347208j),(-0.0035777136638916627-0.007381637125172596j),(-0.002179363370834885-0.043963872548075635j),(0.0014054719491056276+0.012504991822347059j),(-0.0038178525448936997-0.007462759478720098j),(0.002239717380570213-0.016099654865945424j),(-0.013754379307738585+0.0007833691277177035j),(0.006797447883374766+0.025970520030797493j),(0.0021505890509082607-0.009131841509433669j),(-0.007386478645323852-0.001010122789575524j),(0.00441490037568478+0.014078209718104586j),(-0.0009395585353411074+0.002778007321691038j),(0.0009070767693273257-0.0013650703313424406j),(-0.0004593154058276981-0.0024150536078349507j),(-0.001963503412128226+0.003851073900200519j),(0.0015731735723027891-0.0021416432124050184j),(-0.0008597391198138038-0.003500038878591066j),(-0.000939970751094064+0.0031996853109339043j),(0.0012094320232865173-0.0012442551578414982j),(-0.0006365608149243428-0.0030159757276522186j),(-0.003089228640891609+0.005096001266490981j),(0.002402552463967201-0.002904641077188859j),(-0.001288381692982879-0.004543171055361384j),(-0.0032354089768729406+0.005251073670872719j),(0.002433012269498865-0.0029454959821855597j),(-0.0013517458490421145-0.004638989524470592j),(-0.003114919293570642+0.005128558513620346j),(0.0024683475486471872-0.002955637805794732j),(-0.0012935782885963526-0.004588062437578056j),(-0.0009097096138169403+0.005215970857859155j),(0.002635776090527254-0.0005261159974493442j),(-0.001475150630640354-0.005681722732652844j),(-0.0007095592824242153+0.009695833404134619j),(0.0058334364425743895+0.0016296977868143873j),(-0.0032175509217023763-0.01103625247052373j),(-0.0006658720484289324+0.01018986609891139j),(0.00618919721491574+0.0018364797658564965j),(-0.003405869104413184-0.01161087348282087j),(0.0022396323681061784-0.016111739835756665j),(-0.013761668270524153+0.0007863748490740414j),(0.006799377214135867+0.025983574591192746j),(-0.0017289390507204375-0.0023617437141451947j),(-0.002140568632069382+0.0025934419619632497j),(0.003543378290181789+0.0038928394976767873j),(-0.007817405029731394+0.028775809720640137j),(0.002120210018508612-0.015549772505006729j),(-0.012821005263401698+0.001046546229797097j),(0.006277867987172783+0.02423254967126802j),(0.0026576810990936906-0.00982674103828401j),(0.0033954737564538323-0.0035739067428184803j),(-0.00321910063313747-0.0001755936337206946j),(-0.0007251811210953477+0.005529425882637854j),(0.00542862117578302+0.0023444547393767683j)
15,(6.065320699083098e-05+8.769053170174965e-05j),(-3.132758166295872e-05-1.7668020275460382e-05j),(-2.9325625328354112e-05-7.002251146956808e-05j),(3.738710707945541e-05+5.660490098655617e-05j),(-3.116555597395739e-05-4.297656685107548e-05j),(4.314084271562008e-06-2.254407961593292e-05j),(0.003600594620882655+0.002696362180930341j),(-0.0015163152937920034-0.0037736575709894637j),(0.0011228603839305003-0.0025620200594018913j),(0.005361026624570933+0.004112371831391487j),(-0.0025040155777991575-0.005769761786629067j),(0.0016012087512133897-0.003193759207640201j),(0.019558896777288375+0.021249719929225877j),(-0.02349379815417213-0.03218297272159752j),(0.002610336804355173+0.012071504544248421j),(0.9484027428102986-0.06656450110472766j),(0.004446762033668015+0.006013842032549149j),(0.007119791431656159-0.01793038861477618j),(0.02223239302036179+0.04583568999477804j),(-0.0009510932043488321+6.30338813032998e-05j),(0.0013927443120137517+0.010872209973663642j),(0.0007439149876905758-0.007887190653118032j),(-0.0010047299332793913+7.700541122665635e-05j),(0.0014463541249503079+0.011754539971288698j),(0.00039272970941623265-0.008905635554316364j),(-0.0010067398592352775+8.049130717636933e-05j),(0.0014460557428419476+0.011764138988761124j),(0.0003833157390336787-0.008910609566116572j),(-0.0010694198663412666+0.00028230197752853196j),(-0.0009779823093629173+6.50078284302484e-05j),(0.0014638427185445918+0.012069831526799994j),(6.972543850007943e-05-0.00885089506953773j),(-0.0036693110317638443+0.011019700163685127j),(0.0027493832885768493+0.022664127009875086j),(-0.010884356147792668+0.0005451139881399204j),(-0.0010089716220964618+0.002804309091345141j),(-0.0017594576623900977+0.003506373264335609j),(0.00392955309224994+0.024105317035388416j),(-0.003831251351886958+0.011138986567456564j),(0.002554252560438404+0.022555295426129548j),(-0.011241144971388353+0.0011909626994584012j),(-0.0030696195163892846-0.002053441826035611j),(-0.0017046909190131625+0.004717632704602091j),(-0.0036167650070279495+0.015076889214298742j),(-0.0030437550424260353-0.0023289499738768232j),(-0.0017745291845196747+0.00418848316743985j),(-0.0035334390245456695+0.015124933892578591j),(0.0021122169995046055-0.005180041882864382j),(0.0010482033082078348-0.005965471644335897j),(-0.0031398047763029737+0.005527525541665565j),(0.0016582707520324813-0.0032274965855136357j),(0.0008779169402313073-0.003938628767206074j),(-0.0014448496143290761+0.002407669636450364j),(-0.00014831944977962376+0.00021066124035040452j),(1.680927619076186e-05-0.000383013867311349j),(0.0005650800616688136-0.0013330066326755418j),(-0.00030073723104115727+0.00036145037823214366j),(-9.425291942045813e-06+0.00013128506147194827j),(0.0006831211757857931-0.0018068483781527034j),(-0.00021731174765508713+0.00036402257411761486j),(-2.65919383395959e-05-0.00027136536369930047j),(0.000637991217408972-0.001426328499486726j),(-0.0004985319311437172+0.0006087098062486727j),(-7.377272615663238e-05+0.0008369639828352564j),(0.0007832262246532883-0.002229863403316327j),(-0.0005217965127174537+0.0006238988417896253j),(-8.124293304902436e-05+0.000882153059763028j),(0.0007918580504087751-0.0022841012059311976j),(-0.0005048060282978146+0.0006251356641965074j),(-7.617926953267049e-05+0.0008822324188700612j),(0.0007876592709473171-0.002238650013606144j),(-0.0005612620590700598+0.001142539371405289j),(-0.00026000639833879133+0.000321190142871618j),(0.0009509481363038774-0.00177435370538625j),(-0.001380552330451842+0.0030855451148819966j),(-0.0008496771190485562+0.0019105286293614326j),(0.001555898102102978-0.002144423506158022j),(-0.0014603956730193995+0.003311077267930497j),(-0.0009081693925125688+0.00209453412401902j),(0.0016241462430846981-0.0021844566441734303j),(0.002112362443508693-0.005182182953268145j),(0.001048169992308102-0.005967105929070652j),(-0.0031422726760476517+0.0055327610798907925j),(0.0003443670212138199-0.0018252281267182053j),(0.00013893420133602582-0.0016712009924358695j),(0.0005579414086286044+0.00048389743149538115j),(-0.00554569230595595-0.017427532611450067j),(0.001946351417306206-0.004897555405919039j),(0.00096523830024615-0.005517926196075763j),(-0.002979405432839226+0.005321904147678138j),(0.0018585194283832463-0.0033748459073482135j),(-8.112202528193875e-05+0.0014072199949205604j),(0.0002433172088890265-0.0032716887298009103j),(7.706209651230978e-05-0.0028404523310230603j),(0.0018360848121568192-0.0010936099233630962j)
16,(6.500431734677427e-05+8.708307218596348e-05j),(7.477648710195697e-05+8.55657493518847e-05j),(-0.00013978080448717996-0.00017264882155860098j),(9.144889277163663e-05+9.333553946334608e-05j),(1.8065242180294066e-05-5.5221793619134025e-06j),(-6.652247206032178e-05-0.00010300476560470164j),(0.011023268949525208+0.004217135357853043j),(0.0059321167942956495-0.0017926519718422101j),(-0.001915671850580029-0.009818875464557206j),(0.01597898234952951+0.006852161737548927j),(0.00831147109070716-0.0022031065275849443j),(-0.0035207049034629095-0.014689585928381863j),(0.04351428259384839+0.048310838006622656j),(0.011266933477374418+0.0097378945757432j),(-0.04062808585401344-0.06081206389303197j),(0.004446762033668015+0.006013842032549149j),(0.8815608193784548-0.11166674968833333j),(0.005844325145062369+0.011097784755050057j),(0.025711316238978592+0.015330018030077192j),(0.004833830514653199+0.01152550382138814j),(0.003576347659843798+0.015927180275527704j),(-0.003059163794604086+0.022440677476180032j),(0.007401555070166847+0.01483747246460386j),(0.002917991661409225+0.015908837673027372j),(-0.003999915891228682+0.022895050201672318j),(0.007429575414746162+0.014862625293083714j),(0.0029127982213898555+0.015900513097338177j),(-0.004003355113114466+0.02288820253033823j),(0.008121547464139043+0.015296212400479693j),(0.009883018712191119+0.016658835251778255j),(0.002716082858147971+0.01518923187553431j),(-0.003981205205665517+0.022265820420139415j),(0.012313860165217568+0.021619342633348925j),(-0.011509107212078982-0.014394191860977762j),(-0.00458203192855625-0.002705964764216022j),(8.565912238411855e-07+0.023377377397847288j),(-0.0051430774452981744+0.02321684242889544j),(-0.01618920272139418-0.02055255475190447j),(0.012278541091453335+0.022235997396051872j),(-0.011086256406872014-0.014154277108911026j),(-0.004103922535786116-0.003608737880920386j),(-0.011082927836557004+0.024028902180655936j),(0.00739722655824832+0.015918584227326497j),(0.009285301852356782-0.007087710908438459j),(-0.01141268509889403+0.023945039286391204j),(0.00739410333319661+0.016032584697200647j),(0.009314018680306442-0.007321534581912283j),(-0.0028211036668759544+0.019181629830142405j),(0.0026567300776694355+0.004743595862232478j),(-0.0019000796595773338-0.0293680892625319j),(-0.00010151323448624359+0.01092752658253996j),(0.0020403753257892715+0.0025381610866581925j),(-0.0008597738746489634-0.016370893508001153j),(0.0010218982562246828-0.003976592885401203j),(-8.642620653291495e-05-0.0009881162207211458j),(-0.00039714054202482973+0.002122417851608488j),(0.0010592152930274177-0.004846358542087161j),(-0.00045941098349659443-0.0007591116019434578j),(-0.0006384476167302729+0.004015067598655188j),(0.001054168795253514-0.004496016991148441j),(-0.00014063915021377726-0.0011281759179967484j),(-0.00034429824731178205+0.0027731999377894664j),(0.0010179091809399171-0.005404978391301394j),(-0.0009301469066827834-9.638804170861593e-05j),(-0.0009418505133731527+0.006391266182776913j),(0.00101624089522497-0.0054704788313614805j),(-0.0009668443373727238-4.798090469240648e-05j),(-0.0009727482931688839+0.006647107212951049j),(0.0010136478170374942-0.005417012383027971j),(-0.0009563779358317651-5.437871966612346e-05j),(-0.0009543716179544728+0.006479134422003233j),(0.001132740819173901-0.00660965065544088j),(-0.00041503088415576763-0.0015004393787798785j),(-0.00010123958633564357+0.006005307146244809j),(0.0011679451919556923-0.009996234490471684j),(-0.001027390618676746-0.0012944129372912051j),(0.0004436009741600015+0.0137201998831955j),(0.0011809863585496626-0.01038624181075894j),(-0.0010815485654511207-0.001299555939218256j),(0.0005227496840383796+0.01454459098847195j),(-0.002825645288752712+0.019193097011863038j),(0.002657983587513474+0.004747529683127935j),(-0.0019000690708343528-0.029383895017133566j),(0.0009620083879974513+0.0032339680882502416j),(0.0007725247731649219+0.0007834762706842809j),(-0.003383761016932688-0.0039317238795522295j),(-0.012306534220643886-0.0017618301113825757j),(-0.002882120759633798+0.018098375634311745j),(0.0025671538697964093+0.00453185944655635j),(-0.0016250261884696872-0.02754721699558478j),(0.0002868101561949999+0.011964050275965124j),(-0.0012132819883717547+0.00042806410964416064j),(0.002098577945203916+0.0027533435430561596j),(0.0009865243185102114+0.0007344725424742841j),(-0.006038132884272675-0.0007648783501912163j)
17,(-1.9510626944013084e-06-3.136985008725347e-06j),(-1.6192324397546996e-05-7.688003809322642e-05j),(1.8143387088371487e-05+8.001702309792057e-05j),(-6.674134272695722e-06-1.9113140016964716e-05j),(-4.534942481291416e-06-1.5619126977001207e-05j),(1.3627911735319617e-05+7.174187774134593e-05j),(0.0004202315042754058+0.0019414561782264937j),(0.000508975575730204+0.0018352502281616181j),(0.0023264220066533657+0.00874092055183195j),(0.000734308974808578+0.0024937696860594313j),(0.0007525918883226074+0.0022589456431337807j),(0.003575105926902535+0.01293605950792667j),(0.007176982991939675-0.006130141676090113j),(0.0017134074910368175-0.011161045306647603j),(0.017984593195579792+0.04660629406961653j),(0.007119791431656159-0.01793038861477618j),(0.005844325145062369+0.011097784755050057j),(0.9278513633890437-0.019098838697980302j),(-0.019788796577703868-0.05747750235876812j),(0.0002858637219713689+0.012042116632379297j),(0.012836218387711772+0.028470568626869593j),(0.00010669749853526537+0.01763820614371708j),(-0.0004570175654461184+0.013117054143349714j),(0.013675872750397607+0.02984826586807893j),(8.593929312319124e-05+0.019728921409097874j),(-0.0004650139618460969+0.013111854878096282j),(0.013673610166968319+0.02984624670150263j),(9.007061239629625e-05+0.019742916123544497j),(-0.000746385824206313+0.012251334278019683j),(-0.0014748694480987805+0.01240275363931392j),(0.013222673078880556+0.028985133108302523j),(0.0002454225345503423+0.019446772370411113j),(-0.008959758552025354-0.026178681370614354j),(-0.014081166133334277-0.01430627831789196j),(0.006118595024116394-0.0017983930500178047j),(-0.0027255749223207833+0.006156511872220331j),(-0.0009084601058417898+0.004149951837932074j),(-0.020456288739598708-0.017720113438751524j),(-0.008712690015181277-0.02662130209140918j),(-0.013819083302631537-0.015090421533642902j),(0.006317502064082983-0.002275482186533326j),(0.0037371839362474704+0.02354964184865011j),(0.012332478248789634+0.010967791498920857j),(-0.008945483136367402+0.012670022104090035j),(0.0037526173647399936+0.024101522374364973j),(0.012330926964413862+0.011290885690527837j),(-0.009187710156847613+0.012719172811040833j),(-0.002455129000351221+0.005623966685200755j),(0.0027233826370262997+0.0009892513104926993j),(-0.004715015205347777-0.012833994233808228j),(-0.0020291850032241694+0.0028283014994764915j),(0.0008169351159406672+0.0006219292427438626j),(-0.002780936204298335-0.007388975862401917j),(-8.757605389689228e-05-0.0009706750011610646j),(-0.0007806622125607818+0.00015901767317586944j),(0.0002753998058740666+0.0009058148143524577j),(0.0003605780175125354-0.001110986111092371j),(-0.0006657622039482697-3.7315465049067836e-05j),(0.0007897973455586198+0.001743105612711421j),(-4.333983868534013e-05-0.0011355787402731715j),(-0.0008502831904583314+0.00015214846325274927j),(0.00035883830023084794+0.001167320954890576j),(0.0009598396188950947-0.0013147438107827866j),(-0.0004006269169688344-0.00037018448886983867j),(0.0014340191534904915+0.0025816082440371694j),(0.0010267458041332929-0.0013282133806180683j),(-0.0003723984549580479-0.00038449433465578223j),(0.0015060863334573566+0.0026787942328601634j),(0.0009808893022633788-0.0013273684130455394j),(-0.00038958081133817687-0.00039614787549063606j),(0.0014561372776331991+0.0026065166963091827j),(0.0002313568441850024-0.0019374270370966804j),(-0.001072072130587502+5.8683845540626793e-05j),(0.0008003537693889342+0.002310674037008467j),(0.00107563250429929-0.003780108848460193j),(-0.00122934246874441-0.0003554678318024797j),(0.0018862674005954891+0.004568611960148352j),(0.0011646023899348156-0.003982136543278246j),(-0.0012452914351542344-0.0004021860771854279j),(0.002021294883874419+0.004807160546036897j),(-0.002455302703881521+0.005629159112170965j),(0.002726741640748629+0.0009905516936593115j),(-0.004717876830161106-0.012839359626987918j),(0.0004964655140642206+0.0018884522729985566j),(0.0007654096186765591+9.601470872664135e-05j),(-0.0022321879818330012-0.0010777203752501637j),(-0.012982166519978999+0.016744366531119735j),(-0.002279154762966459+0.005455173837248247j),(0.0026885561143181512+0.0009433475513494216j),(-0.004517757382793483-0.011930097175098475j),(-0.002215661838426224+0.0029899317380877276j),(-0.0003444871512697313-0.0007554260398293881j),(0.0016643086344764896+0.0029876094761339786j),(0.0010680681952713773+0.0006437911149556228j),(-0.0030316104073164355+0.0016056601196128976j)
18,(-5.9043025810475214e-05-0.00010457878652439501j),(-5.45849378257538e-05+5.933146713955196e-05j),(0.00011362796362032378+4.5247319412417755e-05j),(-7.401071707536165e-05-6.336112708676783e-05j),(-7.34890865497605e-06+5.557772595609567e-05j),(5.4646817917505106e-05-1.1784307005452406e-05j),(-0.00874284106708616-0.005344144112427843j),(-0.003963982448710834+0.002638853787546141j),(0.0012702507556457661-0.002527309034006516j),(-0.012492653515063831-0.00830853445271416j),(-0.005088181986472751+0.0041493015107037816j),(0.002412368773298996-0.004206847296390009j),(-0.02782964300072166-0.04580176152637311j),(0.012836574187727517+0.026664287834332837j),(0.028942226746360343-0.03419852994489846j),(0.02223239302036179+0.04583568999477804j),(0.025711316238978592+0.015330018030077192j),(-0.019788796577703868-0.05747750235876812j),(0.8891306112927357-0.061684880855747165j),(0.0011502433242920433+0.022367357309223998j),(-0.0013334849944844+0.022827081534040436j),(0.017792720821392438+0.010213653021774136j),(-0.00012010497417836883+0.023973539990022257j),(-0.001266594098754471+0.024801056796702532j),(0.01944023280792949+0.011851853725643405j),(-0.00013782426868066305+0.02396539060784144j),(-0.0012604068704117587+0.024810034927477242j),(0.01944251120064998+0.011865203465497095j),(-0.0007887169180784233+0.022996595846983672j),(-0.000987223589955196+0.02313635456053519j),(-0.001008130651855543+0.02425382394186651j),(0.018931531373699947+0.011650771754455572j),(-0.02527104204933006-0.02031194374054482j),(0.008434386194028747-0.00927134661955238j),(-0.017126383841646484-0.00757157379845249j),(-0.0017942721746086812+0.0039374823462395465j),(-0.000374939395071184+0.0004636360946228763j),(0.017211049940692377-0.011354547966098038j),(-0.025803458176592804-0.021613154250321745j),(0.006965659137157625-0.010387913206036853j),(-0.01832511394705861-0.007584064448288429j),(0.023108527452449696-0.0029907628260000805j),(-0.021523275977896494-0.009064399431094399j),(0.01635232935351754+0.024338143174100733j),(0.023638794950793213-0.0025831631417448583j),(-0.021612876681993853-0.008427356029628776j),(0.016732997165031877+0.024743574215686494j),(-0.0018820075698602428-0.007208571762452977j),(-0.0007202235657089204+0.0059088832864675755j),(-0.002981158474112489+0.003064165391945278j),(-0.003343368352565078-0.0039086660275648236j),(-0.0005759953604617043+0.003890767605834601j),(-0.003008752783988722+0.0014404265869554529j),(-0.0008531590405661006+0.001740341878516785j),(0.0007041311988436145+0.0002404440938350988j),(-0.0006417443023482918-0.0003055899548635851j),(-0.0003832908041104329+0.0016725168818296906j),(0.000714910649360238-0.0003500052564732927j),(-0.00048277392104211446-0.0010703912474597328j),(-0.0007908684122049342+0.0019715954250221985j),(0.0007578814373437288+0.00010409588045036475j),(-0.0005453112944260489-0.0003120714215754752j),(0.00017172905780394029+0.0012917837075823117j),(0.0006583210620176878-0.0013292973684208478j),(-0.0002944348389272576-0.0021479894257506495j),(0.0002450928661260266+0.001255871523704136j),(0.0006761717129042711-0.0014085548512613108j),(-0.0002638826259101242-0.0022622336742755163j),(0.00018442756044432534+0.0012714700596038013j),(0.0006417796049918258-0.00138391760764452j),(-0.00029315295112313536-0.002190281857718932j),(-0.0004613735421492204+0.0028325226258743416j),(0.0009860881645344323-0.0007540608312589653j),(-6.93725334212675e-05-0.0004904103151351083j),(0.0003517410797025637+0.003928031412090097j),(0.0013404950598169916-0.0033746387195900274j),(0.0010779644717709763-0.0013708006910407916j),(0.00044637198159486256+0.0040489393362189135j),(0.0014019079793475713-0.0036394233145938437j),(0.001198441475439438-0.0014739221640432693j),(-0.0018778592529088245-0.007213038740249875j),(-0.0007224081109961587+0.005910022943021835j),(-0.0029794762270571665+0.0030678643912863414j),(-0.0005738530431676344+0.0005593780479184838j),(0.0003672839649934414+0.0016124632066201682j),(-0.0004621843834421662+0.00201989303060565j),(-0.008350174176852729+0.03957229580755185j),(-0.0013901422958307252-0.006767818777248942j),(-0.0010162777693758546+0.005347420053427636j),(-0.0026254719315005563+0.003140317669824678j),(-0.004038255136012524-0.004274480202690355j),(0.0002886481335887068-0.001912300819128944j),(-5.162109531061239e-05+0.0036630743809065985j),(0.0009880276573115965+0.0033746737931323466j),(0.0004339674821738148+0.004663673497121317j)
19,(6.31356437609386e-06-4.475888614561352e-06j),(6.757715687279955e-06-1.749835592449723e-05j),(-1.3071280070808619e-05+2.197424456190693e-05j),(7.068946816961112e-06-8.512623046149015e-06j),(-1.3359778796887863e-07-3.4567210428863e-06j),(-7.875982483474095e-06+1.6446441939347434e-05j),(0.0005026237462856757-0.0002446500392446398j),(6.12778876634538e-05+5.387420815464107e-05j),(-0.0005258680467803692+0.001719514611246579j),(0.0007808257577294599-0.00035918112075559094j),(6.120066415427365e-05+9.757145318641317e-05j),(-0.0008602556129778279+0.00278632523398343j),(0.004466464675792217-0.0011960387336578111j),(-0.00091338650719808+0.0011581574807523788j),(-0.006467803330236081+0.020325249301972565j),(-0.0009510932043488321+6.30338813032998e-05j),(0.004833830514653199+0.01152550382138814j),(0.0002858637219713689+0.012042116632379297j),(0.0011502433242920433+0.022367357309223998j),(0.9839907468480306+0.022434911918743503j),(-0.006207395469313435+0.05529035791451813j),(-0.005593673938676267+0.04519096475645976j),(-0.009484435093146516-0.005969685021822244j),(0.0020847072428463115-0.021188546227343678j),(0.0018357604987607125-0.022933370623584467j),(-0.009618032855363425-0.006402110601981327j),(0.0019136427602732724-0.02204947541434601j),(0.0016838056533772412-0.02365677948481487j),(-0.014706190227474377+0.026814277417377037j),(-0.013052729495469973+0.008224229498591732j),(-0.0040893632583249954+0.007176344396968791j),(-0.0028620475815411255+0.005166048642358902j),(0.006243041331867285+0.01907847623319174j),(-0.0006525080343553799+0.011920928529971179j),(-0.00015732882370693869+0.003507248457083981j),(0.001540921384714782+0.029001424639991325j),(0.0013628470834624869+0.03174115435035013j),(-0.0018195455445936006+0.012249375523169207j),(0.007322401028251602+0.01912757576070347j),(-9.273567056197112e-05+0.011395217411519314j),(0.00032941032437926366+0.0034008618544679493j),(0.00042274902641969124+0.020171964615698056j),(0.0005918045013248677+0.007758615494302697j),(-0.004188989749936372+0.00914673202594195j),(0.00035018017596691125+0.020058848462547366j),(0.0005514174870643359+0.00757020020663133j),(-0.004203621230131264+0.00922942600574445j),(0.001924704008634112+0.0014144711073356825j),(-0.004147984193950989-0.0028776323942284413j),(0.0007561234891780351+0.007783675856196723j),(0.0012497214945561877+0.0003224048614180741j),(-0.002433643613940535-0.00159750963434384j),(0.0005345748320047859+0.004422551555758911j),(-0.00040230621963355815-0.00031163491865046026j),(3.815963550191353e-06+0.0006639004035513742j),(-6.665506910091736e-05-0.00022071898347127714j),(-0.0006151124002410583-0.00036460437362548334j),(0.00026015609771655294+0.001084405804421785j),(-8.672846507922567e-05-0.0007191613219278974j),(-0.00043342447769131973-0.00034168563065909124j),(0.00010057109908493848+0.0007032466321055953j),(-7.884721095720109e-05-0.00037703369114856235j),(-0.0007360569880000791-0.00046177226137273297j),(0.0006823342292109497+0.0015339511580957897j),(-1.2274026666332714e-05-0.0013090706978768013j),(-0.0007583924588340124-0.00048171888318946634j),(0.0007038773143779269+0.0015586027172469334j),(-1.126949943622464e-05-0.0013802041043211519j),(-0.0007336449503872312-0.0004600789214063345j),(0.0007132375062122065+0.0015641404657204456j),(-4.4502045410498145e-06-0.001326047531659384j),(-0.0004898340300562512-0.0005248208385167296j),(0.0006369795669700944+0.0008342808309007413j),(-6.776969423816183e-05-0.0011388017804050514j),(-0.0003280797946282087-0.001036042332997714j),(0.0020702860876920057+0.0009297480684800482j),(0.00017554718583663446-0.0029152292382344605j),(-0.00030895748597154155-0.0011169984845926899j),(0.0022229108368717913+0.0009216229857370111j),(0.00020061204108755954-0.0031245714817491714j),(0.0019255187436514635+0.0014178027822808296j),(-0.004149856700145437-0.0028783116249950225j),(0.0007558900373326543+0.00778857547349479j),(7.259341503733816e-05-0.0005922886304860419j),(-0.0008282070621649861-0.0005968935445574148j),(0.0009833264230678933+0.0003727057595835212j),(-0.0045155096566393375-0.005240726555582698j),(0.0017872028731600877+0.0014990044172631684j),(-0.003853857638840302-0.0027056884690823055j),(0.0006452312488796958+0.0072739070917166564j),(0.0014203341800725403+0.00020071271021465317j),(0.0011216737878020628+0.0019314182672129443j),(-0.0002863816694994337-0.0018025730754718517j),(-0.000843341055137345-0.0011526187051519763j),(0.0014649048317130135-0.001537934952452053j)
20,(-1.2888263263427787e-05-2.5514076916567123e-05j),(-6.289591013953423e-06+2.1877828589334255e-05j),(1.9177854278693398e-05+3.636248307036557e-06j),(-1.3112608905266312e-05-1.612093768844632e-05j),(1.4619419872886882e-06+1.2957368330441337e-05j),(8.655966576528187e-06-1.19138951681561e-05j),(-0.0016356991487800647-0.0024283073896580083j),(-0.0005581997478227851-0.0004221776431897386j),(1.268515020254584e-05-0.0022876608643369644j),(-0.0024500710759984743-0.0035951184435816935j),(-0.0007213680065038934-0.00037225034602073395j),(0.0001006532790582531-0.0033695766458609914j),(-0.010221638160740608-0.01297890841899648j),(0.0018000502194896193+0.009584469749177357j),(0.0037412172458105766-0.011250393066097146j),(0.0013927443120137517+0.010872209973663642j),(0.003576347659843798+0.015927180275527704j),(0.012836218387711772+0.028470568626869593j),(-0.0013334849944844+0.022827081534040436j),(-0.006207395469313435+0.05529035791451813j),(0.9638572408146284+0.0480585972322277j),(-0.01098944695041161+0.06111192140137338j),(0.0023213221671335663-0.02266657395589798j),(-0.015831127364274018-0.027929852529753954j),(0.004513659024644681-0.019466771861449204j),(0.0021817593850682244-0.02368057303392765j),(-0.01585780757749899-0.029064271303781256j),(0.004452318348653899-0.020424500052638288j),(-0.003926754075079938+0.011223913050100724j),(-0.002006562921404536+0.007974876454963097j),(-0.02019607409489603-0.001503698275720118j),(0.0008997581053042904+0.011665434632310456j),(-0.0010323737821671046+0.01389794664331339j),(0.009594474668985439+0.012056197705952279j),(-0.005697893845298711+0.01311768234515812j),(0.0002435768724473855+0.008645846918916174j),(-0.0008490556985962233+0.009955032106878023j),(0.01675965977704255+0.010198243976959507j),(0.0002629140718771007+0.01567382677170232j),(0.009737935209702623+0.00990444286995008j),(-0.005548658605818988+0.011399312776602607j),(-0.0020713299035628333+0.00514513514229974j),(-0.010812208578768853+0.00855452074070575j),(-0.0027945989070036594+0.0005709550629955196j),(-0.0019595716354208017+0.005119198159069971j),(-0.010732531463160708+0.008807182721198223j),(-0.0026049280408177783+0.0006264643825389968j),(-0.0017657486397168521+0.00028423276975075677j),(-0.003288603913599277+0.0014164283717505548j),(0.001434717181672685+0.007868942439679184j),(-0.0010818393793470354+0.00016790885254212677j),(-0.0015340292181125546+0.0008644748042433113j),(0.0009436474709096653+0.004659395940284259j),(0.00028482209477782275+0.0003031221871649516j),(0.0006772417266063539+0.00028926711266937763j),(0.00021847602613861054-0.00018007332059716643j),(0.00016376630148197846+0.00041359667298252953j),(0.0006220366970148461+0.0001576336290135419j),(0.0001116544698750154-0.0003278101855395824j),(0.0003521726337064182+0.00028897820643902436j),(0.0007705505914575427+0.00027649769658567446j),(0.0001863913765193902-0.00039167388887565867j),(-7.484891017168551e-05+0.000512583808785735j),(0.0004251549375442929-2.2147494151353222e-05j),(-9.142566948213836e-05-0.000499085721772975j),(-9.80546494598385e-05+0.0005261826231625728j),(0.00041264518164406595-3.316572468613525e-05j),(-0.00011138851225431928-0.0005158045749658743j),(-8.585708129684986e-05+0.0005140903252744181j),(0.00041160540419208486-3.3994500863350225e-05j),(-0.00010060649834669111-0.0005063083945186357j),(0.0005993839380725903+0.00019409712348004548j),(0.0011174829679089808+0.00019651894013262726j),(-2.593769171670558e-05-0.0013995470193462782j),(0.0008605322131247975-6.745045262558213e-05j),(0.001524891999112175-1.502850914893595e-05j),(-0.000744691595378001-0.0036466228437509493j),(0.0008983523476795648-0.00012159747694702894j),(0.0015841353705538285-6.223142742194532e-05j),(-0.0008149695490422812-0.0039050139706443927j),(-0.0017665750858592367+0.000284854001448856j),(-0.0032914949251957827+0.0014178037520772083j),(0.0014350244715830669+0.007872740995197825j),(-0.0007065383115194728-7.039819366829098e-05j),(-0.0013117726135802677+0.00041948174911890165j),(0.0007034891830650385+0.00075754493696293j),(0.012072883581661137+0.02720226956399096j),(-0.0016132237098123118+0.0002773578344272172j),(-0.003177834729811143+0.0013654058966257251j),(0.0013324966257284832+0.007298136188943056j),(-0.0012027920767711177+8.737437355381926e-05j),(0.00024545640819754555-0.00017583004260949544j),(-0.0014229106657794345-0.00012923170592524594j),(-0.0021107528584585543+0.0007634105032182366j),(0.0005651985067010932-0.0003152718474871301j)
21,(-5.043129279401959e-06+2.5481892249719657e-05j),(1.2377486453444987e-05-7.894349237729416e-06j),(-7.334357157252271e-06-1.758754301003788e-05j),(-1.7311493999144546e-07+1.9233235590179672e-05j),(5.665885345192298e-06-9.746204701487722e-06j),(-8.393523538060014e-06-7.883244936997072e-07j),(7.0048857475075825e-06+0.0022574239077505784j),(0.00033901121126992013+0.0002378418278105943j),(-0.0007351102591885788+0.0008587072636236661j),(-9.118003972836226e-05+0.0034836125663521827j),(0.0004584387025706521+0.0002346351829374321j),(-0.001133469561328084+0.0012686097520751556j),(-0.004450547554386018+0.01881766036775848j),(0.00016394758457887793-0.004014635350259422j),(-0.00569496481365758+0.004602923628550814j),(0.0007439149876905758-0.007887190653118032j),(-0.003059163794604086+0.022440677476180032j),(0.00010669749853526537+0.01763820614371708j),(0.017792720821392438+0.010213653021774136j),(-0.005593673938676267+0.04519096475645976j),(-0.01098944695041161+0.06111192140137338j),(0.9719370015655294+0.03586945554838472j),(0.0021702493908474707-0.024329794250815995j),(0.0044208811271674794-0.019213154592131056j),(-0.012432216075688205-0.03164651783619177j),(0.002054184982875516-0.02519519865849386j),(0.00436664442913756-0.02017522668655171j),(-0.012472961318527896-0.03273337826983109j),(-0.0023258728147196026+0.008152707742792087j),(-0.001648138834565977+0.003302533921224017j),(0.0009468051880048677+0.011123580739091636j),(-0.0147659084246137-0.011968776106739555j),(0.0016093458932758833+0.005707476633583584j),(-0.0051279294959924926+0.015485001697323034j),(0.017365500408527617+0.005881307126781103j),(-0.0005193310668802019+0.010130456378031377j),(-0.0017529759695343932+0.012302832075868467j),(-0.007970294141204141+0.01527890152544352j),(0.0031501341226963936+0.006752991742788653j),(-0.004360624251832668+0.013205843809385309j),(0.019193624637777698+0.005350281339369942j),(-0.006474290929521182+0.011295138764827158j),(0.0041251250952318895+0.009272452928046538j),(0.0026102580196748805+0.015790040583052525j),(-0.00657123956792537+0.011310108784078919j),(0.004125248482743354+0.009074238868909238j),(0.002379623792050151+0.015873163473647117j),(-0.0006357561712668855+0.0034404535601798847j),(-0.000638480590431788-0.0027353581274741834j),(0.0004503945878255723+0.001960640868933575j),(0.00015927047070775835+0.001515645380158537j),(-0.0002537067517838561-0.0020205224843693804j),(0.0003058850721986672+0.0007503221886713354j),(0.0004306164514428875-0.0008964829682386337j),(0.0001452852095952947-0.00035520145777134175j),(-0.00022418844153963727-0.00023679240678264142j),(0.0003823911925668514-0.000855007344949333j),(0.00010660875484873924+0.00042398021442704493j),(-0.00045319959273549523-0.00039310617177353794j),(0.00044429266046262176-0.000991856519921264j),(0.00016755146740605098-0.00036179931767716734j),(-0.00022194268600315991-0.00023804256016421747j),(0.0002964072461615133-0.000633511302856629j),(5.1002572003011875e-05+0.001507493950868638j),(-0.0007384055787287961-0.0004184414931054587j),(0.0002825229219035354-0.0006239150496533889j),(3.954239088519037e-05+0.0015823187174480173j),(-0.0007742471610292033-0.00043167154823205633j),(0.0002955296430972071-0.0006150809745573155j),(5.195834164304757e-05+0.0015739950870826947j),(-0.0007460588029702121-0.00041141210315820236j),(0.00048168007852070953-0.0013221505227617105j),(0.00026248724346850615-0.00029098647824237216j),(-0.00023143237865347595-0.00012810386879736875j),(0.00048415079069050263-0.001578436763694349j),(0.00044255206598692483+0.0002741848608917904j),(-0.0002655660906725545+0.0005146541792958419j),(0.0004932197797550826-0.0016265286374566787j),(0.0004678698687934794+0.0003138969554505166j),(-0.00026867403483679805+0.0005675206174393672j),(-0.0006373221560682113+0.003443905587422608j),(-0.0006384909951767705-0.0027351704000272955j),(0.00045083377284034346+0.0019636098912865618j),(0.00013984774441568742-3.811372028985141e-05j),(-0.00040013394046528193-0.0007883190153737604j),(-0.0002976362131214412-5.197328821595032e-05j),(-0.008021485046498158-0.00744338816367759j),(-0.0007104356524928123+0.003262938452754955j),(-0.0005385999119374117-0.002514972271028094j),(0.0004386708274434348+0.0019432449784208116j),(0.00028273521204960975+0.001598297816400248j),(0.00012037770292800819+0.0023076226371917916j),(-5.156959748787151e-05-0.0011266296370974617j),(-0.0008946892453594558-0.001382563452954583j),(-0.0008092749075693321-0.0006874561901071576j)
22,(5.459218686044772e-06-6.964954095643505e-06j),(5.5360299070795976e-06-2.1203267087192034e-05j),(-1.0995248599868888e-05+2.8168221207369932e-05j),(5.604921657573668e-06-1.1505738470093463e-05j),(-6.393429037885699e-07-3.6246941679178524e-06j),(-7.00942772788289e-06+2.049471644008459e-05j),(0.0002937160400175951-0.0003562746132149317j),(-7.553946525132608e-05+0.00011360606743082181j),(-0.0005244907350574583+0.0021277491986024357j),(0.0004849048239054295-0.0005393325096360621j),(-0.0001292052393133677+0.00017871063724583282j),(-0.0008472496195985471+0.0034155622895244335j),(0.003982777573649084-0.0023661227669899304j),(-0.0011460199988259164+0.0011239625421738259j),(-0.005995455216539257+0.02365935919593763j),(-0.0010047299332793913+7.700541122665635e-05j),(0.007401555070166847+0.01483747246460386j),(-0.0004570175654461184+0.013117054143349714j),(-0.00012010497417836883+0.023973539990022257j),(-0.009484435093146516-0.005969685021822244j),(0.0023213221671335663-0.02266657395589798j),(0.0021702493908474707-0.024329794250815995j),(0.9809829793754351+0.020920291421399784j),(-0.007598579384816624+0.022982268094373058j),(-0.006197163919330027+0.02011595097406238j),(-0.018713603331314513+0.02601646052915265j),(-0.0072620598199063+0.03360061697304389j),(-0.005945081209655732+0.024922947792057917j),(-0.005095933401976718-0.008302297654918458j),(-0.015684604621088463+0.013864214033650334j),(0.0062442529608904285-0.015172194592851998j),(0.005724630432785736-0.020231292145647752j),(0.00588408483001745+0.020970769676214484j),(-0.0004372229930191099+0.01252543516250783j),(7.51504332598534e-05+0.0038476182049476644j),(0.0015645819118784723+0.03150761500815881j),(0.0016352430468779054+0.03451190210764629j),(-0.0016699546957441194+0.013697632346804062j),(0.0069477549069016445+0.02014265300532577j),(-1.7957134467014324e-05+0.01286589598110461j),(0.00017158834462842646+0.003855789512326199j),(0.0009816140655578296+0.02181086844774263j),(0.0004249440379752779+0.008151605260521413j),(-0.004729520222546537+0.01036001577687809j),(0.000893250889681172+0.02165165180532167j),(0.0003535961211175232+0.007856843109681867j),(-0.004767554275104035+0.010383953507670081j),(0.0021388630813878535+0.001209119269295865j),(-0.0044993034453906285-0.003142423288218717j),(0.000746590853658864+0.008950168242011643j),(0.0013348130058186921+0.00015394770148737837j),(-0.002650653682075322-0.001736850818589989j),(0.0005303287009276033+0.005076090125022481j),(-0.00045447100014207235-0.00026492829910630656j),(1.323703100127938e-05+0.0007428128920791275j),(-5.084662894057042e-05-0.00027568134287912283j),(-0.000685170848026152-0.0003041408802489825j),(0.00029431598710510703+0.001190024621717418j),(-6.47387722363667e-05-0.0008462582864713909j),(-0.0004881839582714332-0.0002886768838457161j),(0.00011833359471523683+0.0007866351795232528j),(-6.220344876130648e-05-0.00045692453877396765j),(-0.0008174254027862984-0.0003977247953449864j),(0.0007528121556411927+0.0016579255837532332j),(2.2239331748969728e-05-0.0015257399213077297j),(-0.0008416033841586448-0.00041781306035384384j),(0.0007764703769443811+0.0016834638909246221j),(2.4099976149594615e-05-0.0016070458270184694j),(-0.0008149404933939046-0.0003957257172497301j),(0.0007861911304036038+0.0016893126420671671j),(3.0866605242322676e-05-0.0015457053080354338j),(-0.0005497428222509779-0.0004526062513776029j),(0.0006988738861221054+0.0009275580840689109j),(-4.360682078113039e-05-0.0013425501624009682j),(-0.0003795127559633022-0.0009557067040037938j),(0.002241886569436592+0.0010059983632092254j),(0.00022608390680725328-0.003413587264452338j),(-0.0003594486001681479-0.001037814918860817j),(0.0024062437771476854+0.0009948817513753027j),(0.0002537195725463705-0.003656389711687968j),(0.002139876512715135+0.0012125372621121008j),(-0.0045013386107144015-0.003143198355067947j),(0.0007462881740773965+0.008955782439364434j),(7.018676308440753e-05-0.000680853025094117j),(-0.0008986239371872682-0.0006549517927789961j),(0.001104976682192573+0.0004903191434775829j),(-0.004819911862718701-0.005351234823439291j),(0.00199423236133125+0.0013173884468224897j),(-0.004183507566438459-0.0029561020030946777j),(0.0006279301176624198+0.008368564046192227j),(0.0015041207102170614+1.1738036616304459e-07j),(0.001225337365053224+0.0020707859774650172j),(-0.00032238045417742406-0.001963866350634881j),(-0.0009131279093531234-0.0012517810261631407j),(0.0016853136454654338-0.001607100613111589j)
23,(-1.2918610366332889e-05-2.5855764741080204e-05j),(-5.684145924595139e-06+2.4520328302166982e-05j),(1.8602756291376963e-05+1.3354364159074743e-06j),(-1.2883709383242111e-05-1.566912357333619e-05j),(1.7281013368435211e-06+1.3802988248566708e-05j),(8.24187991602701e-06-1.4073653842453516e-05j),(-0.0016261406519695815-0.0024731931290788416j),(-0.0005420996798777666-0.00042940828040682194j),(-3.8810497681952306e-05-0.0025327381319065114j),(-0.00244190036725101-0.003655063983203758j),(-0.000696474112137906-0.00036644215398068045j),(1.975083503521569e-05-0.0037360240439980996j),(-0.01038462752159443-0.012914180229915462j),(0.0019193873720747007+0.010283755670260191j),(0.003255954977807552-0.012737357673554562j),(0.0014463541249503079+0.011754539971288698j),(0.002917991661409225+0.015908837673027372j),(0.013675872750397607+0.02984826586807893j),(-0.001266594098754471+0.024801056796702532j),(0.0020847072428463115-0.021188546227343678j),(-0.015831127364274018-0.027929852529753954j),(0.0044208811271674794-0.019213154592131056j),(-0.007598579384816624+0.022982268094373058j),(0.9692885480090272+0.011951049556581278j),(-0.006569850559181628+0.03367375389986806j),(-0.0072380110929522665+0.033539243047175885j),(-0.03024027751765085+0.02101475246909243j),(-0.006292899861294339+0.03379664121539831j),(0.008374292967337289-0.022432696053383414j),(-0.0024964333872089326+0.00893925456855129j),(-0.0128497040879228-0.018860760450871556j),(0.007585333696950455-0.017683531913838795j),(-7.224934760138499e-05+0.017001178692263735j),(0.009683960573574492+0.010210981875273292j),(-0.005559473730870191+0.012677627949666575j),(0.0002325951191738877+0.008900590647899768j),(-0.0008704726992155464+0.01019669280986926j),(0.01676503423488534+0.01084806602901996j),(-0.0002439670930834261+0.01464577192021296j),(0.009856965319975325+0.01202084876316208j),(-0.005842189747275843+0.012722012907329862j),(-0.0022538235535757957+0.0049871045448467745j),(-0.01103334461753919+0.008904360323012254j),(-0.002684575036801971+0.0005294186866603894j),(-0.002161917995753863+0.004916210849290781j),(-0.010991439932741973+0.009001588645321851j),(-0.0025232406701950457+0.00045783693653061964j),(-0.0018004397822319372+0.0003160778927178316j),(-0.003414087274269671+0.0015559470395313107j),(0.0014988133637925333+0.008090390206992308j),(-0.0010850738152489805+0.00019413429874498393j),(-0.0015908647276044558+0.0009433064949673567j),(0.0009832206131174471+0.0047901353058706j),(0.0002911625048411296+0.00031120077160564784j),(0.0006964152566202494+0.00028626215731584803j),(0.00021289600230277105-0.00018961089949920352j),(0.00016566236644534194+0.0004220524552550897j),(0.0006405177842331158+0.00015305572506565295j),(9.712012560643272e-05-0.0003444864841598723j),(0.00035938216489981374+0.00029633716516259544j),(0.0007931623724631169+0.00027033092045535435j),(0.00017984015897311393-0.00040648242170312056j),(-7.911393223488225e-05+0.0005230764237712576j),(0.00044088849743660884-2.4708654684921748e-05j),(-0.00011678781787522342-0.0005208546227040002j),(-0.00010301798256705954+0.0005368077752283141j),(0.00042803665638784964-3.572464315174063e-05j),(-0.00013796941026720036-0.0005381599182682551j),(-9.033303735817171e-05+0.0005247206916608963j),(0.00042724219831468687-3.631460388002191e-05j),(-0.00012633526438665644-0.0005282062871341461j),(0.0006098334651653035+0.00019903867480245818j),(0.0011550721940018333+0.0001779245360505723j),(-3.735685778726342e-05-0.001437134550762871j),(0.0008751754666834848-6.334100451843832e-05j),(0.001590689603789721-5.244078691974893e-05j),(-0.0007677133891671767-0.0037271746973106972j),(0.0009138282717149829-0.00011850558510271506j),(0.0016532773850601423-0.00010260122287013371j),(-0.0008392204841797942-0.003990948601487207j),(-0.0018013241311681373+0.0003166636133659084j),(-0.0034170755421413217+0.0015574093201856654j),(0.0014991575844859914+0.008094268957119974j),(-0.0007328223616320554-7.691043588728625e-05j),(-0.00134219376449587+0.0004584362743667615j),(0.0007247266849516102+0.0007797596826921041j),(0.012432294272110019+0.027863032720327217j),(-0.0016475008032451697+0.0003010218009982628j),(-0.003296796217515754+0.0014990864213066599j),(0.001394582663713668+0.00750221132937234j),(-0.0012015080157108525+0.00011352233741342664j),(0.0002609793741504494-0.00017388647976506952j),(-0.001476888508775298-0.000140745989736176j),(-0.002148704958924714+0.0008112075617681962j),(0.0005803498711572692-0.0003229721327648526j)
24,(-4.096473693781372e-06+2.849871015149214e-05j),(1.3528836318765552e-05-9.113364682414552e-06j),(-9.432362608294611e-06-1.9385345468222e-05j),(1.1648763389287466e-06+2.1249521768966167e-05j),(5.941970999506154e-06-1.1158711303960916e-05j),(-9.42614687962766e-06-8.170018282894043e-07j),(0.00018320926502985932+0.002435114428738063j),(0.00043426854350663924+0.00018377484054217606j),(-0.0007492407956702571+0.000905774597482947j),(0.0001569510284115329+0.0037620312788500514j),(0.0005846546174892173+0.00015025362077100875j),(-0.001165914313106703+0.0013486194249716778j),(-0.0040092075643931215+0.02048622374043834j),(-7.1828421421170005e-06-0.004565714577087508j),(-0.0062621612086188275+0.005284068491852331j),(0.00039272970941623265-0.008905635554316364j),(-0.003999915891228682+0.022895050201672318j),(8.593929312319124e-05+0.019728921409097874j),(0.01944023280792949+0.011851853725643405j),(0.0018357604987607125-0.022933370623584467j),(0.004513659024644681-0.019466771861449204j),(-0.012432216075688205-0.03164651783619177j),(-0.006197163919330027+0.02011595097406238j),(-0.006569850559181628+0.03367375389986806j),(0.9760684488326316-0.002423457024252208j),(-0.0059238010613796395+0.02486547759195357j),(-0.006295310311524887+0.03380332340864806j),(-0.023336132114200263+0.012149902504515673j),(0.007606518225726836-0.026811999244410797j),(-0.0019344771293757206+0.004331816222868836j),(0.007535740280562092-0.017259823892767444j),(-0.009691639234435362-0.02223940353867704j),(0.0026659897521625646+0.008017564821447385j),(-0.0052567342719887986+0.01447253653463127j),(0.01780288503858735+0.00512247570224986j),(-0.0005820024192545916+0.010541654774137255j),(-0.0018248739241276913+0.01278656101155036j),(-0.008492215190969953+0.016086354272478676j),(0.0029630717524677186+0.006131024511011947j),(-0.0045759973288439304+0.015259783998334737j),(0.019191325017020873+0.006059969228127064j),(-0.007052740431600422+0.011925162608070694j),(0.00449095564650499+0.009894062203909136j),(0.002702306073506227+0.015954048635721474j),(-0.007182169340344597+0.011887138973536375j),(0.004452829587008085+0.009527921966518063j),(0.0024371732540094467+0.015925927789523644j),(-0.0006650861862423326+0.0037585385834368657j),(-0.0005720732833686093-0.002857744776538781j),(0.0004698249303675681+0.0018102983454058343j),(0.0001925918203746984+0.001690554428933825j),(-0.00020939341995186085-0.002103392049172738j),(0.00032758795788326517+0.0006743851529148726j),(0.00046012956005859595-0.0009618892811710337j),(0.00013269757128308093-0.00036759198738618357j),(-0.00023191337702983486-0.00020445039286428332j),(0.00040786626233892337-0.0009266638065779263j),(8.997544615944311e-05+0.000435621576961878j),(-0.0004637189069106246-0.0003420946004293354j),(0.0004741370635580257-0.0010667387425296999j),(0.00015320759461360817-0.0003732589032481615j),(-0.00023048689142746853-0.00020235756004733144j),(0.00031795458676724727-0.0007050198128315859j),(3.2455828216559164e-05+0.0015539448909472659j),(-0.0007506305318645408-0.0003408582483463789j),(0.0003034641991767678-0.0006958081709477076j),(2.0487512642717795e-05+0.0016312876887493292j),(-0.0007868074166706341-0.00035145803915705154j),(0.00031704447460821216-0.0006862616517316956j),(3.353507050766059e-05+0.001622529543854384j),(-0.000758249066640527-0.00033267544856794814j),(0.0005130717820005881-0.0014365633579780462j),(0.0002418054692021657-0.000293862827828475j),(-0.00024276845274245982-7.285642307342118e-05j),(0.0005201054786447277-0.0017600511162175723j),(0.000414382143827095+0.00030654851214724694j),(-0.0002790078072670653+0.0006234262607601035j),(0.0005296617474394861-0.0018162307170384601j),(0.00043871263226903613+0.0003489529748885447j),(-0.00028239652063581194+0.0006818586878017258j),(-0.0006667886045582432+0.0037621906798072763j),(-0.0005720227773035944-0.002857550807224102j),(0.00047026825333511843+0.0018131887583087026j),(0.00015602553245688117-2.6183409794456984e-05j),(-0.0004038784058112066-0.000839023427643343j),(-0.00031714013249322455-9.916331180482825e-05j),(-0.008138752682998629-0.008185561693091106j),(-0.0007479516282948628+0.00356071809964822j),(-0.0004708648644808529-0.002624731864252762j),(0.000458195691713309+0.0018012344906123126j),(0.00032956861610200646+0.0017884535245662123j),(0.00010639276860011657+0.002378462504843224j),(-3.8067315050408017e-05-0.001194193584800754j),(-0.0009260428850084952-0.0014851734076262828j),(-0.000860991767754193-0.0007711052027700747j)
25,(5.44286168297647e-06-6.979019336186188e-06j),(5.504646185820579e-06-2.1227630521901883e-05j),(-1.0947507875723053e-05+2.820664988266009e-05j),(5.576953730860832e-06-1.1522005290306515e-05j),(-6.487686950647924e-07-3.624978395558716e-06j),(-6.983316655305129e-06+2.0522195015619522e-05j),(0.0002906708833092237-0.0003561086496766718j),(-7.737153681965916e-05+0.00011466737227675775j),(-0.0005231641548941895+0.0021309612757503065j),(0.0004804877107680301-0.0005391706063901458j),(-0.0001317337431664319+0.00018019514306778133j),(-0.0008449931861767855+0.003420352179453556j),(0.003972153121787992-0.0023675815591168536j),(-0.0011493846143648628+0.001124993261684337j),(-0.005975937979223897+0.023677791498127206j),(-0.0010067398592352775+8.049130717636933e-05j),(0.007429575414746162+0.014862625293083714j),(-0.0004650139618460969+0.013111854878096282j),(-0.00013782426868066305+0.02396539060784144j),(-0.009618032855363425-0.006402110601981327j),(0.0021817593850682244-0.02368057303392765j),(0.002054184982875516-0.02519519865849386j),(-0.018713603331314513+0.02601646052915265j),(-0.0072380110929522665+0.033539243047175885j),(-0.0059238010613796395+0.02486547759195357j),(0.9813915922816788+0.021278135034398085j),(-0.007165996312656639+0.02316764635219764j),(-0.005797898429844336+0.02026179864018224j),(-0.005445984958169123-0.008110505058067343j),(-0.015609010082461412+0.013736212761152933j),(0.0059231677911562985-0.01428459802176795j),(0.005422906103434072-0.019471761230126963j),(0.005887085563498786+0.020933031714263514j),(-0.0004269951445724305+0.012495985135142619j),(8.468353241052767e-05+0.003820461017642744j),(0.001558695441780587+0.03150833479944658j),(0.0016390592791878343+0.03450927645449105j),(-0.0016684259835771324+0.013704740673426736j),(0.006906425392261255+0.02015853558591049j),(-1.8220275932453425e-05+0.012868382463220158j),(0.00016128667251070355+0.0038671113712426776j),(0.0009902551460438944+0.02180519236233328j),(0.0004221172314053487+0.008147547009780598j),(-0.004728312960214515+0.010364070194818576j),(0.0009007234312812458+0.021643160075219253j),(0.0003487326940069782+0.00785071034458497j),(-0.004768105188053918+0.010385868951268987j),(0.002138184762938031+0.0012054408748743504j),(-0.004495621416032664-0.003138999993416364j),(0.0007446998871062793+0.008953570045910617j),(0.001333660253705226+0.00015200494846164501j),(-0.0026486023374116376-0.001734692665749874j),(0.0005291133107642579+0.005078033236002125j),(-0.00045420327932317936-0.0002637890141644767j),(1.3434275137383682e-05+0.0007428399614130493j),(-5.033771911627517e-05-0.00027586967969207686j),(-0.0006847738433372067-0.00030268878659561933j),(0.0002943020257057137+0.0011895932006476258j),(-6.409379361576478e-05-0.0008464604792494789j),(-0.0004878833525993535-0.0002874521505596974j),(0.00011845258252657484+0.0007866096780939938j),(-6.164954118187058e-05-0.00045722291804704157j),(-0.0008170037785439354-0.00039603488497815453j),(0.0007524021039943608+0.0016568462238121442j),(2.2911575359701748e-05-0.0015260244557533222j),(-0.0008411684607607834-0.00041608592286208933j),(0.0007760420802749607+0.0016823486146662861j),(2.478277169606284e-05-0.0016073310410501074j),(-0.0008145252437909696-0.0003940354255428033j),(0.000785750615493967+0.001688188496032673j),(3.153408907576429e-05-0.0015459982417450136j),(-0.0005493739691604208-0.0004510651665355053j),(0.0006985280553076102+0.0009272168764116761j),(-4.2933702890141155e-05-0.0013434198171370887j),(-0.00037932576991772963-0.0009537781923028843j),(0.002240150928804247+0.0010047519508821763j),(0.00022667562475921715-0.0034158649933004764j),(-0.00035928539992204913-0.001035841285937352j),(0.002404359686407913+0.000993542577045718j),(0.000254299379499559-0.0036588212559118295j),(0.0021391993217644337+0.0012088554945740553j),(-0.004497655208218487-0.0031397744322715524j),(0.0007443963062478719+0.00895918572148521j),(7.004563760427293e-05-0.0006807460905546223j),(-0.0008977937074980145-0.0006545742159775054j),(0.001104938693169237+0.0004914504050066284j),(-0.004816816685201992-0.005343828778351818j),(0.001993713042382585+0.001313837038110232j),(-0.004180145455740339-0.002952957620795703j),(0.0006261503759718258+0.008371773009829808j),(0.001502591497666819-2.048730213848743e-06j),(0.0012244785301548857+0.002069104048414972j),(-0.0003221600033129393-0.001962738162020124j),(-0.0009121569739255664-0.001251322635226731j),(0.0016859683640243815-0.0016052726476149253j)
26,(-1.2907799354430521e-05-2.584200840873815e-05j),(-5.671913299243494e-06+2.4534315034961645e-05j),(1.8579712654278834e-05+1.3076933508320091e-06j),(-1.2870312716872366e-05-1.5650826319366374e-05j),(1.7293369180313485e-06+1.3805667176017572e-05j),(8.229261964822522e-06-1.4086902213984755e-05j),(-0.0016247139543184418-0.0024711757932987695j),(-0.0005415029401096092-0.0004283505008000187j),(-3.9472380290794546e-05-0.00253304568101847j),(-0.002439861636425488-0.003651969877634864j),(-0.0006956410135594902-0.00036481800088685075j),(1.8665156221152942e-05-0.003736492095416561j),(-0.010378016210606694-0.012897897094085443j),(0.001919020072294159+0.010291269154769512j),(0.0032473919295921334-0.012740173333257436j),(0.0014460557428419476+0.011764138988761124j),(0.0029127982213898555+0.015900513097338177j),(0.013673610166968319+0.02984624670150263j),(-0.0012604068704117587+0.024810034927477242j),(0.0019136427602732724-0.02204947541434601j),(-0.01585780757749899-0.029064271303781256j),(0.00436664442913756-0.02017522668655171j),(-0.0072620598199063+0.03360061697304389j),(-0.03024027751765085+0.02101475246909243j),(-0.006295310311524887+0.03380332340864806j),(-0.007165996312656639+0.02316764635219764j),(0.9697285364805052+0.012561435075394667j),(-0.006176061804957162+0.03388847535578078j),(0.008029404905261231-0.021658299063153672j),(-0.002412806828068313+0.008731377452047334j),(-0.013231477814203904-0.018354762237241817j),(0.007231412969542932-0.01695491192951659j),(-3.2706266365211e-05+0.016971446188858326j),(0.009678077303127109+0.01017838088077839j),(-0.005543451264696831+0.012638316705237372j),(0.0002288828433022796+0.008903184602865263j),(-0.000868195175724164+0.010194861118129802j),(0.01674069120968524+0.010856538917103324j),(-0.0002675304288169661+0.014664976401092416j),(0.009844902605189965+0.01202869706491823j),(-0.005845770131218044+0.012739064509164452j),(-0.0022552962229742133+0.004982148015057999j),(-0.011023578306169995+0.00890768022947646j),(-0.002681732789011763+0.0005311004604361797j),(-0.0021650664920523314+0.004908180039624174j),(-0.010984015755776266+0.00900180760333257j),(-0.0025225754107154495+0.00045660429235134647j),(-0.001800011867807639+0.0003165691005594974j),(-0.003412197564987492+0.0015599509519842736j),(0.0014976858098830403+0.008088439156938439j),(-0.0010845539050813352+0.00019456708037684026j),(-0.0015900056043852697+0.0009456194975597035j),(0.0009825094841648735+0.004789039640513035j),(0.0002910504827152588+0.00031141451262960834j),(0.0006959570084341119+0.00028607768850409904j),(0.0002127387718818226-0.00018947784301466487j),(0.00016570331876240385+0.0004222622293941977j),(0.0006401190779316828+0.00015273961132064844j),(9.704711495879168e-05-0.00034427794521433674j),(0.0003592338995717836+0.00029653789375124915j),(0.0007926548495828682+0.00027005048868155624j),(0.00017971244440724755-0.00040630011932695333j),(-7.879150803331816e-05+0.0005232592277531183j),(0.00044069681696605104-2.5142760892230432e-05j),(-0.0001166737435091931-0.000520548822955652j),(-0.00010266691071377202+0.0005369885077552358j),(0.00042785804748490927-3.61674199860257e-05j),(-0.00013783658995558733-0.0005378415633625756j),(-8.99983870821263e-05+0.00052490169926518j),(0.00042706464304230853-3.6754886804579376e-05j),(-0.0001262128315791778-0.0005278980230578622j),(0.0006095904981262446+0.00019916321825590036j),(0.0011544375083125064+0.0001772154233154054j),(-3.727151717681761e-05-0.0014367132531906003j),(0.0008750043673250744-6.345877219051006e-05j),(0.0015901296403183658-5.40536875261342e-05j),(-0.0007668935355776017-0.0037262102612302273j),(0.0009136603767715007-0.00011865224618759149j),(0.0016527125014464265-0.00010431436477166111j),(-0.0008383288896805221-0.003989933606172314j),(-0.0018008968399560513+0.00031715372823942767j),(-0.003415184076428773+0.0015614148164207163j),(0.0014980295716380942+0.008092316349519332j),(-0.0007328679112242578-7.67049231350913e-05j),(-0.0013411578299265846+0.0004591866018488055j),(0.0007243103586801379+0.0007798564078483972j),(0.012427904613319966+0.027857733187636957j),(-0.0016471815986601134+0.0003013591755221829j),(-0.0032949375007153116+0.0015028406647575269j),(0.0013935393082292755+0.007500371726867095j),(-0.0012008386848382593+0.00011393866786230285j),(0.00026097116817502526-0.0001743773808534693j),(-0.0014767420484229248-0.0001402042650668517j),(-0.0021469362094864+0.0008117726657560201j),(0.0005800531822023966-0.00032215034267899564j)
27,(-4.076921284929582e-06+2.8524060565865166e-05j),(1.3520142484531494e-05-9.133353741390393e-06j),(-9.44322118240238e-06-1.93907068236389e-05j),(1.180052338302116e-06+2.1262146003317984e-05j),(5.935071448070298e-06-1.1174902057613334e-05j),(-9.423231444481254e-06-8.104417898425773e-07j),(0.00018546056985111392+0.002435930680802753j),(0.00043488303138694605+0.00018266506854671544j),(-0.0007478893307834122+0.0009063588003814758j),(0.00016020642054632083+0.0037634752343263175j),(0.0005854158903218117+0.0001487240095774129j),(-0.0011639507858268619+0.0013497642991456022j),(-0.003998589002138034+0.020501448719054464j),(-1.2183127057960753e-05-0.004567961093374151j),(-0.006256910606771828+0.005298809338237821j),(0.0003833157390336787-0.008910609566116572j),(-0.004003355113114466+0.02288820253033823j),(9.007061239629625e-05+0.019742916123544497j),(0.01944251120064998+0.011865203465497095j),(0.0016838056533772412-0.02365677948481487j),(0.004452318348653899-0.020424500052638288j),(-0.012472961318527896-0.03273337826983109j),(-0.005945081209655732+0.024922947792057917j),(-0.006292899861294339+0.03379664121539831j),(-0.023336132114200263+0.012149902504515673j),(-0.005797898429844336+0.02026179864018224j),(-0.006176061804957162+0.03388847535578078j),(0.9764640822443861-0.001877558587829772j),(0.007281157176507482-0.026148114709824297j),(-0.0018566010267540272+0.004128932878804928j),(0.007184831275643226-0.016524559166530707j),(-0.010010499542021977-0.021711491896825905j),(0.002700197626686421+0.007989697506837846j),(-0.005245935233031989+0.014434212413180426j),(0.017788657500653574+0.005093540913168404j),(-0.0005856500256741016+0.010544867206314496j),(-0.0018228489963410931+0.012786067434562839j),(-0.008491389817365679+0.016093062859274747j),(0.0029411131547791725+0.006157336199521834j),(-0.0045734982832986255+0.015272488345946909j),(0.019156623239193166+0.006066719034762591j),(-0.00705398168078947+0.01192751911015806j),(0.004490550889240374+0.009897004917525104j),(0.002706493275214701+0.015945432162781673j),(-0.0071849793517160575+0.011886459401512757j),(0.004450165246383847+0.009528018052469642j),(0.002439760727701246+0.0159146038226096j),(-0.0006653065800167314+0.0037601909209095384j),(-0.0005683917180529357-0.0028553165352051893j),(0.00046877907223846413+0.0018072232905355584j),(0.00019256502969591555+0.0016919925275163397j),(-0.00020730039512559023-0.0021015446702576115j),(0.00032688021766538484+0.0006734315660602559j),(0.00046023057091766254-0.0009617332344932915j),(0.00013232675663042747-0.00036727869096622934j),(-0.0002318779685856704-0.00020323031407988882j),(0.00040806271694381275-0.0009266687516458665j),(8.948812055419893e-05+0.0004353318775748129j),(-0.00046332218175491885-0.00034045354608149437j),(0.0004742401180957673-0.0010666471159447369j),(0.00015274882364409343-0.0003729596574826998j),(-0.0002304530675838671-0.00020111606917100323j),(0.0003183246230057575-0.0007053824841464747j),(3.191043042502983e-05+0.0015527751131677017j),(-0.000749744165372427-0.0003388804156545396j),(0.00030385959000484345-0.000696198510996087j),(1.9945099196267248e-05+0.0016300584069601303j),(-0.0007858610953913301-0.00034943463872084404j),(0.00031741776654445634-0.0006866456239458343j),(3.298278889697463e-05+0.0016213048255416071j),(-0.0007573484018042142-0.0003306925563594039j),(0.0005132308743986621-0.0014369028486663047j),(0.0002409977982453361-0.00029374803384873776j),(-0.00024267805530329522-7.162882365010473e-05j),(0.0005205305702952865-0.0017618016211111225j),(0.00041298354838584835+0.00030583403697806433j),(-0.0002786510330595802+0.0006241377083710232j),(0.0005301015909379256-0.001818133032799102j),(0.0004372390234294337+0.00034814758155357335j),(-0.0002820189932330337+0.0006825267085903437j),(-0.0006670096368912213+0.0037638427069362893j),(-0.0005683396814484846-0.002855122256114781j),(0.00046922218271231884+0.0018101098255989233j),(0.00015601861202366597-2.5823959127582816e-05j),(-0.00040317720141196025-0.0008390604223395396j),(-0.00031719411070980474-9.946645494680472e-05j),(-0.008133131306608957-0.008187922907499073j),(-0.0007482023566616864+0.003562237979959632j),(-0.0004674497509860709-0.002622468839829443j),(0.0004572744384583403+0.0017982256489381364j),(0.0003295496431313784+0.001790024190617751j),(0.00010571802776884005+0.002376621821025101j),(-3.79156086462633e-05-0.0011938718907096994j),(-0.0009254368340818434-0.0014856894959937004j),(-0.0008608060977727789-0.0007712140383664726j)
28,(4.987897688946589e-06-7.176196432974171e-06j),(4.38788694963961e-06-2.183500779440875e-05j),(-9.375784645714321e-06+2.901120424888317e-05j),(4.710062773045153e-06-1.1765353887700706e-05j),(-9.98975440838397e-07-3.6447957519744857e-06j),(-6.067824148026434e-06+2.1195022003474464e-05j),(0.00020291618026623012-0.00032582421215381335j),(-0.00013304575323051245+0.00015500936958705563j),(-0.00046856466432710947+0.0022219454915216666j),(0.0003537967159015703-0.0004944161060460206j),(-0.00020817017301732956+0.0002376920721449396j),(-0.0007535963898824822+0.0035543149270116157j),(0.0036922354829786383-0.0021782244036900097j),(-0.0012421036233233116+0.0012254789212882615j),(-0.005237252013912766+0.024121118093651615j),(-0.0010694198663412666+0.00028230197752853196j),(0.008121547464139043+0.015296212400479693j),(-0.000746385824206313+0.012251334278019683j),(-0.0007887169180784233+0.022996595846983672j),(-0.014706190227474377+0.026814277417377037j),(-0.003926754075079938+0.011223913050100724j),(-0.0023258728147196026+0.008152707742792087j),(-0.005095933401976718-0.008302297654918458j),(0.008374292967337289-0.022432696053383414j),(0.007606518225726836-0.026811999244410797j),(-0.005445984958169123-0.008110505058067343j),(0.008029404905261231-0.021658299063153672j),(0.007281157176507482-0.026148114709824297j),(0.9681951270278724+0.03841008103143492j),(-0.01045600242076777+0.0025497166217601473j),(-0.019056089869527643+0.05448003621893234j),(-0.016845605569042802+0.04790657578940295j),(0.005848971396683014+0.017408773235751185j),(0.0002898663855994593+0.011824455441431252j),(0.0005525251574976564+0.0025688462524025915j),(0.0012694944613804693+0.031529212402491735j),(0.0017845806163032578+0.03434239551933618j),(-0.0016605946183493678+0.01374093475420359j),(0.005322928654338966+0.021908067478324834j),(-0.000256911843718817+0.011935662349676744j),(-0.000293588992077684+0.0040423377710413965j),(0.0013361921422330937+0.02155345413780789j),(0.0003113756123211558+0.007959771134395142j),(-0.004610216075679126+0.010448630417612787j),(0.0012007377301623305+0.02126017825679841j),(0.00017164682098180914+0.007656944331443358j),(-0.0047125236924504404+0.010429658479900426j),(0.002081379540249146+0.0011254647519779518j),(-0.004283592272365421-0.002934313105827132j),(0.0006373510326739024+0.008911835095922603j),(0.0012719020605604543+0.00011672255577689812j),(-0.0025270744014616988-0.0016099066623866546j),(0.00046188569866384476+0.005055944852134307j),(-0.00043434058967988437-0.00022970237395090527j),(2.228459020507808e-05+0.0007349631763027891j),(-2.776173904302145e-05-0.00027241558850430543j),(-0.0006573238534838971-0.0002580517615317806j),(0.00028978984574798915+0.0011589446716318021j),(-3.599242454448701e-05-0.0008305343800857345j),(-0.0004661544272554298-0.0002519476249854998j),(0.00012276162893359253+0.0007752592253307725j),(-3.651671675485469e-05-0.0004545740680058387j),(-0.0007878331362784199-0.0003423957029435108j),(0.0007243889794526874+0.001596645049165974j),(5.0594419691665803e-05-0.0014977174101804542j),(-0.0008112498736903952-0.00036089709817985335j),(0.0007468721901072845+0.001620571587911211j),(5.283321833462345e-05-0.0015772605488698715j),(-0.0007856873203372172-0.0003404462927516288j),(0.0007559848805483486+0.0016259279853182188j),(5.889186548031864e-05-0.0015175142866344004j),(-0.0005237795775967512-0.00041086224922125963j),(0.000676335640466069+0.0008981466025823925j),(-1.0553539191539025e-05-0.0013460130745973021j),(-0.0003632297069149265-0.0009102976738266308j),(0.0021409605463470673+0.0009333605395881479j),(0.00025764372437883063-0.0034332500478841685j),(-0.00034437244675040876-0.000991842651285258j),(0.0022970107252233488+0.0009177716151630854j),(0.0002850871817663027-0.0036778455294535005j),(0.0020824295760856603+0.0011287886620933284j),(-0.004285547837644267-0.0029350378912435153j),(0.0006370033357396385+0.008917410557017693j),(6.848706048993798e-05-0.0006544856675326915j),(-0.0008495995535253155-0.000628732914944724j),(0.0010786255227413348+0.000522345509957071j),(-0.004718867352551637-0.004964565548670379j),(0.0019458786930523194+0.0012370558412504156j),(-0.003986133073902456-0.0027653973607299374j),(0.0005260578990099758+0.008333286219380304j),(0.00142408778108681-4.192549677948035e-05j),(0.001171250504497973+0.001980981532073001j),(-0.00029826800936822795-0.001883042055230559j),(-0.0008558664326184697-0.0012179917130696366j),(0.001675679499602355-0.0015122460493725697j)
29,(4.316318720410207e-06-8.543456381979416e-06j),(4.141638114315604e-06-2.2814718891551345e-05j),(-8.457956840551997e-06+3.1358175296658984e-05j),(4.0767474723572655e-06-1.3076740999198336e-05j),(-8.773384045813818e-07-3.4028099796743904e-06j),(-5.6715138885878445e-06+2.2553164852754856e-05j),(0.00014702692927383946-0.0003899811676851758j),(-0.0001332063497281482+0.00018840741047462762j),(-0.00043847167857551567+0.0023512441981379624j),(0.0002683005719409154-0.0006032547831147624j),(-0.00021104023233379783+0.00028017906609235053j),(-0.000714770213195896+0.003751112397202313j),(0.003232136415832403-0.0031671768106310075j),(-0.0013042280106513164+0.001136310711918404j),(-0.005304515301405126+0.025090897099881472j),(-0.0009779823093629173+6.50078284302484e-05j),(0.009883018712191119+0.016658835251778255j),(-0.0014748694480987805+0.01240275363931392j),(-0.000987223589955196+0.02313635456053519j),(-0.013052729495469973+0.008224229498591732j),(-0.002006562921404536+0.007974876454963097j),(-0.001648138834565977+0.003302533921224017j),(-0.015684604621088463+0.013864214033650334j),(-0.0024964333872089326+0.00893925456855129j),(-0.0019344771293757206+0.004331816222868836j),(-0.015609010082461412+0.013736212761152933j),(-0.002412806828068313+0.008731377452047334j),(-0.0018566010267540272+0.004128932878804928j),(-0.01045600242076777+0.0025497166217601473j),(0.9834693821439929+0.0127417075376763j),(0.0029861251031163463-0.005796237748502584j),(0.003030912114390652-0.009993436911779603j),(0.007376452168901501+0.02101033923336904j),(-0.0010262685934427575+0.012914096757048138j),(-0.0007767885145021438+0.003920476401089137j),(-0.0008569031042153634+0.03176320708299432j),(0.00384523517755579+0.033632231304315065j),(-0.002513382806406815+0.014454832277083537j),(0.008621967195255435+0.02040413204493644j),(-0.0005222732047233598+0.012770611140424245j),(-0.0005511234371300343+0.0037870923995813946j),(0.0007590614329118549+0.02203493123392318j),(0.0008679195801370214+0.008074252218631181j),(-0.004813442724718028+0.010436779969317134j),(0.0006560897867884726+0.02188972151304279j),(0.0008089676636574034+0.007816241733348607j),(-0.004834295707629574+0.010494696451462974j),(0.002246356987709277+0.0009174919316383614j),(-0.004640439264152946-0.0031747318132800545j),(0.0008309257145735004+0.00931330732765123j),(0.0013812507600023958-2.2388740010313365e-05j),(-0.002775217148140538-0.0017104522050379063j),(0.000549855744896033+0.005319983975310945j),(-0.0005198723512475564-0.00020476114373336595j),(-5.19401813492338e-05+0.0008159572030339969j),(-9.611217625089081e-05-0.00025322890614784056j),(-0.0007341999281374083-0.0002583342397411647j),(0.0002661662278362169+0.0012420938941239159j),(-8.430549363336976e-05-0.0008760170349350425j),(-0.0005576498418780062-0.00021967909134797665j),(5.506612774012999e-05+0.0008616401375919037j),(-0.00011063306933630461-0.0004402909535930435j),(-0.0008246220304061455-0.0003958733625171254j),(0.0007966825610797692+0.0016652019680193347j),(5.4459846376748934e-05-0.0016300318826413729j),(-0.0008449556608704713-0.00042060837702843175j),(0.000825552479370977+0.001687061623873982j),(6.161614515199157e-05-0.0017191550173657163j),(-0.0008199835920016407-0.00039579281592293887j),(0.000834521953234042+0.0016941011225872459j),(6.537655197534826e-05-0.0016529320171179494j),(-0.0006207330366484977-0.00036374788800241204j),(0.0006653998708673628+0.0009954699584680583j),(-8.971457011832983e-05-0.0013654360959816589j),(-0.00039369024389534753-0.0008957417254535764j),(0.0023436688750703497+0.0009978947359316477j),(0.0002421471752294932-0.0035705507072010586j),(-0.00036826727067790406-0.0009806833352521277j),(0.0025209362934147887+0.000979472718223004j),(0.00027542686258316554-0.0038274138073490604j),(0.0022474265340104065+0.0009208158957327416j),(-0.004642449635235506-0.003175590525776712j),(0.0008306892627837461+0.009319064361268952j),(4.0686669838295545e-05-0.0007374835531006502j),(-0.0008935192004855574-0.0006489374604796156j),(0.0011730056402747232+0.0005284735960358587j),(-0.005033657031338951-0.005512092681911935j),(0.002090554608604538+0.0010503387456315232j),(-0.004308487331557828-0.0029894284724655794j),(0.000705869283727676+0.008706488825923588j),(0.0015585741628800784-0.00020548046934499957j),(0.001323527795620622+0.0020524145328485012j),(-0.0003818016684499608-0.0020076874487431405j),(-0.0008785036013945411-0.0012492175638570701j),(0.0017953923077019358-0.0016225591808326021j)
30,(-1.2367759843129652e-05-2.5109762270882686e-05j),(-5.192498797591397e-06+2.466693671465975e-05j),(1.7560258639234017e-05+4.428255300112125e-07j),(-1.2240945997006337e-05-1.4830469365692124e-05j),(1.7496613841531525e-06+1.3793055573972482e-05j),(7.70575125406638e-06-1.4251492248165145e-05j),(-0.0015490395011339099-0.002354399098244163j),(-0.0005083048457053489-0.00036559853542588935j),(-5.4648518840219075e-05-0.0024878742309272558j),(-0.002329714165641922-0.0034758840051353126j),(-0.0006498356805213117-0.00027326250487342066j),(-8.388160048124725e-06-0.0036706628905267243j),(-0.009982345993117403-0.01211231425353005j),(0.0019009897403386646+0.010545077456571315j),(0.002950534181329593-0.012564268870900386j),(0.0014638427185445918+0.012069831526799994j),(0.002716082858147971+0.01518923187553431j),(0.013222673078880556+0.028985133108302523j),(-0.001008130651855543+0.02425382394186651j),(-0.0040893632583249954+0.007176344396968791j),(-0.02019607409489603-0.001503698275720118j),(0.0009468051880048677+0.011123580739091636j),(0.0062442529608904285-0.015172194592851998j),(-0.0128497040879228-0.018860760450871556j),(0.007535740280562092-0.017259823892767444j),(0.0059231677911562985-0.01428459802176795j),(-0.013231477814203904-0.018354762237241817j),(0.007184831275643226-0.016524559166530707j),(-0.019056089869527643+0.05448003621893234j),(0.0029861251031163463-0.005796237748502584j),(0.9586012041160283+0.027232580123977775j),(-0.01750041141821391+0.05604435444062879j),(0.0013769834690177403+0.012979263208467354j),(0.009620568875856082+0.010000189766944527j),(-0.0046774873753248625+0.010953037514653187j),(3.7343117448487145e-05+0.009017078852917413j),(-0.0007617846629115144+0.01007582123386466j),(0.015426049122521202+0.01093380723502585j),(-0.000881069479072383+0.016976662386046948j),(0.008906220704559249+0.010841662381369252j),(-0.0059322634749760725+0.012895855212574294j),(-0.0022914885861179605+0.0048372644929610235j),(-0.010462728217467679+0.009029858807537424j),(-0.0025885267934570404+0.0006476730519793072j),(-0.002272872813845136+0.004619465408786053j),(-0.010499801062600723+0.009085960869432894j),(-0.002510240764850702+0.0005116331151072419j),(-0.0017861835253305503+0.0003671199446174979j),(-0.0032902877168970203+0.0017489983450155316j),(0.0014114490330341448+0.007881615011142037j),(-0.0010675834859114996+0.0002291772138066587j),(-0.0015366130008765792+0.0010549327074640385j),(0.0009286478191480496+0.004670559818770186j),(0.0002840123576565741+0.00031479383937133714j),(0.0006671220248957253+0.0002769010025153752j),(0.0002057858685119119-0.0001771553223041116j),(0.0001691514083463301+0.0004241044435446036j),(0.0006148387819197791+0.00013654256133863326j),(9.736966476332656e-05-0.0003228835833024063j),(0.00035044596767853307+0.0002984963822512878j),(0.0007606235920870024+0.00025636543605675054j),(0.00017477559483550508-0.0003890497822923556j),(-5.754821542615875e-05+0.0005221864064109084j),(0.0004273049041506276-4.844357046326214e-05j),(-0.00010313631207918518-0.0004890152179197909j),(-7.958299397359133e-05+0.0005356853762657002j),(0.0004152973868291067-5.9945835345018034e-05j),(-0.00012292796329361165-0.0005050832029755052j),(-6.80120398676493e-05+0.0005236596006119318j),(0.00041443863351637547-6.046824595439459e-05j),(-0.00011212518964612793-0.0004960764219720261j),(0.0005967972050521036+0.0001937135197992777j),(0.001113189363251653+0.0001430922278245505j),(-2.8746403185369055e-05-0.0013964094212354332j),(0.0008688311731900008-8.892405025772224e-05j),(0.0015485751537744345-0.00013257090519146284j),(-0.0007146134313351053-0.0036358691647298837j),(0.0009079254712971755-0.00014628248454771117j),(0.001610452871822451-0.00018761945106065062j),(-0.0007816170016190355-0.0038945097804648286j),(-0.0017870852260830506+0.00036769829739707535j),(-0.003293162508021614+0.001750534609457427j),(0.0014117544311778346+0.007885373927835592j),(-0.0007287197292645074-5.5578821730340594e-05j),(-0.0012813447072903077+0.0004932749445975887j),(0.0006883103646140637+0.0007745671895365738j),(0.012085165074418718+0.027572853897068955j),(-0.0016371186397676647+0.0003465023347921075j),(-0.0031761458602546475+0.0016786547505815395j),(0.0013126739151465873+0.0073071089719452705j),(-0.0011776844897593394+0.0001490655003338441j),(0.0002570045829633746-0.00020218964860037412j),(-0.0014531147138087306-9.572252115601517e-05j),(-0.0020469565495724387+0.0008390630932826667j),(0.0005457068428212771-0.00027164094738414707j)
31,(-3.4919368422356768e-06+2.9003060143282424e-05j),(1.2742171976501515e-05-9.693731584548726e-06j),(-9.250235119192702e-06-1.9309328560810084e-05j),(1.4565307314039595e-06+2.1412262896723824e-05j),(5.5495608000057415e-06-1.1569549547119986e-05j),(-8.927578377420997e-06-5.659831659992397e-07j),(0.0002405524585245779+0.0024350984114824654j),(0.0004401361322878654+0.00014581586866306128j),(-0.0006729543031603956+0.0009163591225987873j),(0.00024187006739356028+0.003770644593685134j),(0.000590340008652952+0.00010087271735543472j),(-0.001051586792377306+0.001374730845723501j),(-0.003640288227419682+0.02086964495719679j),(-0.00017387682308019742-0.004502762282764159j),(-0.005812896111664822+0.005777691137336782j),(6.972543850007943e-05-0.00885089506953773j),(-0.003981205205665517+0.022265820420139415j),(0.0002454225345503423+0.019446772370411113j),(0.018931531373699947+0.011650771754455572j),(-0.0028620475815411255+0.005166048642358902j),(0.0008997581053042904+0.011665434632310456j),(-0.0147659084246137-0.011968776106739555j),(0.005724630432785736-0.020231292145647752j),(0.007585333696950455-0.017683531913838795j),(-0.009691639234435362-0.02223940353867704j),(0.005422906103434072-0.019471761230126963j),(0.007231412969542932-0.01695491192951659j),(-0.010010499542021977-0.021711491896825905j),(-0.016845605569042802+0.04790657578940295j),(0.003030912114390652-0.009993436911779603j),(-0.01750041141821391+0.05604435444062879j),(0.9673876407607077+0.014225756486390392j),(0.0037709148247654623+0.004445652145124384j),(-0.0043688109199473395+0.013568848703160549j),(0.016982996528621046+0.004102462489212319j),(-0.0007650870247224049+0.010668535457706713j),(-0.0017217875339640394+0.012698136321017333j),(-0.00830475358936187+0.01611409766254472j),(0.0022537713470632327+0.008595680623131874j),(-0.0046210313312630025+0.01452868869956488j),(0.01736335174749545+0.005831890548007687j),(-0.006958193495213446+0.011950824712461245j),(0.004317667339253897+0.009898817682118878j),(0.0029679815621280956+0.015563720923282419j),(-0.007151184060270677+0.011770638587758595j),(0.004203540935120295+0.00950240852859492j),(0.0026516871228339546+0.015473499904753787j),(-0.0006864685409740145+0.003781352146974044j),(-0.00039316756817565137-0.002691603288717889j),(0.00040325442942452396+0.0016611104197833933j),(0.0001696450226337735+0.001731523684661709j),(-0.00010926987390573979-0.0019813540791096844j),(0.0002767967836839957+0.000627890105543242j),(0.0004588427525747591-0.0009405574379992267j),(0.00011825753979809808-0.0003498547260042729j),(-0.00023255008014622948-0.00014600404166838568j),(0.00041429192634482226-0.00091367850748892j),(6.991453817135744e-05+0.0004170383246396706j),(-0.00044526002863031286-0.00026641314069450125j),(0.0004733143188652583-0.001046796076318553j),(0.00013467289437878228-0.0003569798217168703j),(-0.00023072257388493463-0.00014272845166308059j),(0.00033632645145057426-0.0007123681294405773j),(9.110041966608464e-06+0.0014820419188712691j),(-0.0007066360098127479-0.0002543327864703913j),(0.00032354064096376013-0.0007047176568332565j),(-2.5795275070252064e-06+0.0015556972606138111j),(-0.0007396276418827056-0.0002632527891509406j),(0.000335646446515769-0.0006948380173223262j),(9.729243850063827e-06+0.0015473399582552256j),(-0.0007135429714513793-0.000246159903485576j),(0.0005169074543847278-0.001431091013806291j),(0.0002068823162635183-0.0002917832917896751j),(-0.00023792949878011436-1.4570616954688717e-05j),(0.0005413659335961246-0.0018151293629582379j),(0.0003508886806550117+0.00025105843920700775j),(-0.00025591219073375145+0.0006507455779863488j),(0.0005521252517695312-0.0018776967877844912j),(0.0003717010806860375+0.0002873971455442919j),(-0.0002577280360497187+0.000706472394988663j),(-0.0006881653404461315+0.003784968050173886j),(-0.00039305769663662413-0.002691388638292792j),(0.0004036963341220981+0.0016638188151996015j),(0.00015181700036538378-4.465317472085884e-06j),(-0.0003653549617128359-0.0008273251553575778j),(-0.00032128150080163587-0.00010342343345537148j),(-0.00787259396649654-0.008040444175128848j),(-0.0007667545484621463+0.0035829940804080972j),(-0.00030770759907363006-0.00247194467405854j),(0.00039938136483785554+0.001656098121873002j),(0.0003021884028298731+0.0018334537327795554j),(7.400890131923905e-05+0.002266929094936169j),(-2.986472574650216e-05-0.0011506312234971048j),(-0.0008857194157306581-0.0014833552900167192j),(-0.0008468249456069384-0.0007469230462666659j)
32,(-4.975004004023457e-06+2.1349536036914714e-06j),(-3.4515453485447494e-05-3.064204794615434e-05j),(3.949045750076281e-05+2.850709436302159e-05j),(-2.0021144920222724e-05-3.430824964638285e-06j),(-1.4420474766345132e-05-5.9491288796396485e-06j),(2.468673865830298e-05+2.8967465379294694e-05j),(-0.002103530688854151+0.0018456093195300478j),(-0.0018548659169815456+0.001504652382925855j),(0.0015658231676500454+0.004102760605119744j),(-0.0028736361777816186+0.0028922429428334126j),(-0.0025863391453695766+0.002210321884150712j),(0.002664941762986953+0.00621568036428583j),(-0.0010703215155396365+0.01731108374924879j),(-0.003567099450223597+0.007165432710574598j),(0.023269401375414216+0.028372538396703846j),(-0.0036693110317638443+0.011019700163685127j),(0.012313860165217568+0.021619342633348925j),(-0.008959758552025354-0.026178681370614354j),(-0.02527104204933006-0.02031194374054482j),(0.006243041331867285+0.01907847623319174j),(-0.0010323737821671046+0.01389794664331339j),(0.0016093458932758833+0.005707476633583584j),(0.00588408483001745+0.020970769676214484j),(-7.224934760138499e-05+0.017001178692263735j),(0.0026659897521625646+0.008017564821447385j),(0.005887085563498786+0.020933031714263514j),(-3.2706266365211e-05+0.016971446188858326j),(0.002700197626686421+0.007989697506837846j),(0.005848971396683014+0.017408773235751185j),(0.007376452168901501+0.02101033923336904j),(0.0013769834690177403+0.012979263208467354j),(0.0037709148247654623+0.004445652145124384j),(0.9459557954587117-0.0010514824696732392j),(-0.0003747465413863685+0.0037984012945664154j),(-0.00627847511468018+0.011606392630107333j),(0.00230489831453889+0.02641957970428116j),(-0.004651295943739117+0.029806644992504003j),(0.006537801991122978+0.0013366108566954527j),(-0.054713680064686764-0.012305628000914344j),(-0.0012867786239398008+0.004081070981118444j),(-0.006882118740890679+0.004810211668748498j),(0.016552699810063493+0.005663165429112241j),(-0.008586469071462207-0.0012513329132300202j),(0.0013705335402936045+0.011150182748620103j),(0.017388800344477828+0.006096967813907178j),(-0.008473125835654042-0.000963411028252547j),(0.0014727625730990637+0.011341691749868054j),(-0.0018547883156116286+0.0008017818435762866j),(0.007719841455725625+0.008263958932442018j),(-0.005451809811787219+0.00044193017391054665j),(-0.0021865039184151094+0.0005545262963609389j),(0.004672479538868059+0.0048883169824423985j),(-0.003117772170972792+0.00012814940294068357j),(0.0010708399227440807+0.0006954442715100558j),(0.0008266319206856516-0.0002715254126617983j),(0.0013127181535900086+3.0190717497845487e-05j),(0.001159435850062712+0.0011822831992528903j),(0.00015468209016115375-0.0008741846740037525j),(0.0014024433209845395+0.0006621286693006914j),(0.001160829401202925+0.0006383759491704773j),(0.000675118767779957-0.00043462134484658623j),(0.00145572356588307-6.376300155185125e-05j),(0.0008837788136967645+0.0017535446550726638j),(-0.0010777407922528937-0.0016207169346648146j),(0.001127832614780619+0.0013708311006334212j),(0.0008768332513757247+0.001834858256365892j),(-0.0011479249303026145-0.0016520581873893736j),(0.0011142059285965773+0.0014602598941291269j),(0.0008566495086521922+0.0017627331234704793j),(-0.0011643160591673636-0.001677675207314367j),(0.0011046623098901922+0.0013884982098344711j),(0.0013163703972059375+0.0003860093770786286j),(-0.00034308299781220404-0.0012055629047009746j),(0.0018523023924770072-0.0005203400404924089j),(0.000656116139657289-8.361484442546835e-05j),(-0.0036851208398172345-0.0028277253926391483j),(0.0017297042643663507-0.001468380092900499j),(0.0005837907454218697-0.00015512589313582j),(-0.004029157941605631-0.003018741365530868j),(0.0017222146120572115-0.0015932909305737112j),(-0.0018527692167173222+0.0008023531881071917j),(0.007722395949917156+0.00826768596880573j),(-0.005454415514563405+0.0004430579848772589j),(0.00026244031634653974+0.0014166702643609137j),(0.0016820175395392894+0.0008004167630308566j),(-0.0011251863997281176+0.0013461194109403783j),(0.0002588055876400904+0.015386622172011078j),(-0.0014865504959156361+0.0007828119359445844j),(0.007026176815873669+0.007634968791618169j),(-0.005114444622572272+0.0004967696545191067j),(-0.0028756859467022862+0.00046602771320648426j),(-0.002262480755275703-0.0024561311705175435j),(0.0014902740610637912+0.0028752152683992594j),(0.0019436179633412394+0.0006971364904279789j),(-0.0003478946671741078+0.003312441425806549j)
33,(1.2748697542009162e-05+1.1379895511884286e-05j),(1.4781101195380922e-05+2.1210390675064756e-05j),(-2.7529798743120195e-05-3.259028619880001e-05j),(1.639354529823331e-05+2.2712719227892448e-05j),(1.9506930948627814e-06+9.77477055472907e-06j),(-1.4739435511603401e-05-1.4393912147741612e-05j),(0.0020467466982180805+0.0033306576015099633j),(0.0010711325901495185+0.0025725012079092545j),(-0.0004652863040389998+0.0004894081862929661j),(0.0030114297837057643+0.005079853395192976j),(0.0014827763640109367+0.00393710865162161j),(-0.0008123612008042454+0.000662687924357792j),(0.010300826249423523+0.02454138760889724j),(0.0012248804526455946+0.01960920250450521j),(-0.00786373421456386-0.0003946272532866571j),(0.0027493832885768493+0.022664127009875086j),(-0.011509107212078982-0.014394191860977762j),(-0.014081166133334277-0.01430627831789196j),(0.008434386194028747-0.00927134661955238j),(-0.0006525080343553799+0.011920928529971179j),(0.009594474668985439+0.012056197705952279j),(-0.0051279294959924926+0.015485001697323034j),(-0.0004372229930191099+0.01252543516250783j),(0.009683960573574492+0.010210981875273292j),(-0.0052567342719887986+0.01447253653463127j),(-0.0004269951445724305+0.012495985135142619j),(0.009678077303127109+0.01017838088077839j),(-0.005245935233031989+0.014434212413180426j),(0.0002898663855994593+0.011824455441431252j),(-0.0010262685934427575+0.012914096757048138j),(0.009620568875856082+0.010000189766944527j),(-0.0043688109199473395+0.013568848703160549j),(-0.0003747465413863685+0.0037984012945664154j),(0.9700400637999275+0.0029857368120899544j),(0.0027971135989744806+0.013819581507798412j),(-0.002226736239580405+0.008181367124716572j),(-0.000744344399086626+0.006033809088890396j),(-0.03931960916367673+0.00322363895970665j),(0.00029375812354129685+0.002774075816069454j),(-0.028701237776317362-0.006127678429431755j),(0.0031721078555134994+0.0026130829700305083j),(-0.0036232041084027547-0.00280833255046542j),(0.013333849092948082+0.012608392311600122j),(-0.0006011398109352444+0.0056646895572968915j),(-0.0037344052283890495-0.0026954295307037093j),(0.01360292283768011+0.013043951138615738j),(-0.0007184773570445562+0.00576531742502183j),(-0.0016021234950398923+0.0036446755133807632j),(0.003482918795519552+0.01039982722815266j),(-0.0035022041778539183-0.004490955363711569j),(-0.0006855434864257138+0.0023545467717378176j),(0.0016034042846202207+0.005977449087591891j),(-0.0020507646205287044-0.0025237536409567093j),(0.00011687603643766381+0.0002337867809925683j),(-0.0005880466053363075-0.00031815524363421543j),(5.860148114209839e-05+0.0004370792235565044j),(0.0005108899234652358+0.00030330148520015627j),(-0.0005791843489210898-0.0007704189775019023j),(0.00029556475997975844+0.0009432880549782793j),(0.00011757483127052035+0.00012133758382944877j),(-0.0006669067513921773-0.0005448559726972232j),(0.00014152126886981083+0.0005080441705048058j),(0.001071700524148598+0.00037009190856791005j),(-0.00040674200636515973-0.0012455323506820031j),(0.0006562301463003858+0.0015252967824997354j),(0.0011333860812019854+0.00038594095748794785j),(-0.0003911393023647389-0.001274402635699626j),(0.0006964610675913149+0.0015963704422382314j),(0.0010920197344634107+0.00036721367605012985j),(-0.0003974038066852655-0.001275652947428065j),(0.0006690898627209437+0.0015414058496843767j),(0.00020747546230052424-0.00041971394187116347j),(-0.0009093450500062941-0.001564009015530307j),(0.0006103337257032517+0.0008414679753971275j),(0.0006851709964184545-0.0016563571398388408j),(-0.0010279276723392777-0.003710435622466207j),(0.0018969238870897658+0.0015874219384628162j),(0.0007343450059699399-0.0018146311120003943j),(-0.001052500216465341-0.003965891426646929j),(0.002033716382221519+0.0016375865451477131j),(-0.0016035866001804142+0.0036456976473093084j),(0.003486189554379605+0.010405892210044867j),(-0.0035038705019983-0.004492939344827534j),(-0.0003316266162891608+0.0012861022144014694j),(0.0016563795735453305+0.0019847447635402j),(-0.0014336293311898321+0.00032443826540000755j),(-0.005121616535541089+0.015276830807791707j),(-0.0015844013314098818+0.003281566395482686j),(0.0033982941592769463+0.009827724260330715j),(-0.0032875174340088135-0.004163015629358428j),(-0.0005893042521588756+0.002394265157307088j),(-0.00031938729888698544-0.001619374513109439j),(0.00014136279756683567+0.0024988032273552258j),(0.002726494678103765+0.0021067178616176532j),(-0.0016319201045730332+0.00242747676799432j)
34,(1.555326029302013e-05+3.625827408472395e-05j),(-2.7899582862205557e-05-2.3891785191266937e-05j),(1.234632257044495e-05-1.236648889568374e-05j),(5.171024403255617e-06+2.031445160894365e-05j),(-1.2411791171583302e-05-2.0956933916579224e-05j),(1.920713727599785e-05+6.291180080184933e-06j),(0.0016336313011114734+0.001636990403809862j),(0.00017088203193250332-0.0011717684614089563j),(0.0027292000170813725+0.0007419427931798462j),(0.0024532865083150687+0.0029265624696053136j),(0.00011990905735812137-0.0015238728601040755j),(0.004111065498194632+0.0014734699372859943j),(0.010022374287161673+0.03072563029534475j),(-0.005536202447277339+0.0021883125497974536j),(0.017512815265824985+0.020107010554055116j),(-0.010884356147792668+0.0005451139881399204j),(-0.00458203192855625-0.002705964764216022j),(0.006118595024116394-0.0017983930500178047j),(-0.017126383841646484-0.00757157379845249j),(-0.00015732882370693869+0.003507248457083981j),(-0.005697893845298711+0.01311768234515812j),(0.017365500408527617+0.005881307126781103j),(7.51504332598534e-05+0.0038476182049476644j),(-0.005559473730870191+0.012677627949666575j),(0.01780288503858735+0.00512247570224986j),(8.468353241052767e-05+0.003820461017642744j),(-0.005543451264696831+0.012638316705237372j),(0.017788657500653574+0.005093540913168404j),(0.0005525251574976564+0.0025688462524025915j),(-0.0007767885145021438+0.003920476401089137j),(-0.0046774873753248625+0.010953037514653187j),(0.016982996528621046+0.004102462489212319j),(-0.00627847511468018+0.011606392630107333j),(0.0027971135989744806+0.013819581507798412j),(0.9478997000780061-0.0076539454784636625j),(-0.0032326504845649954+0.010000525693711446j),(-0.0010324493223376361+0.009188285910115276j),(0.008555645852921089+0.005207580351639117j),(-0.0068157921531919905+0.00486587139518599j),(0.0018591419552152167+0.004500422863137736j),(-0.05303554884207412-0.0075126827458464095j),(-6.473574007757237e-05+0.008037921131851776j),(-0.008922161222413981+0.006411342259067011j),(0.014190131877153307-0.0017773912896495592j),(6.900028656596372e-05+0.008171267804212741j),(-0.008799658540629796+0.006531790960833738j),(0.014983169244210469-0.0015900148227522039j),(-0.002058209011914424+0.003897322343182506j),(0.007879310506956944+0.005838512553786762j),(-0.0031666823579540645-0.0054383562631726175j),(-0.0014466218934407345+0.0031036711725130773j),(0.004575273852763337+0.004090025708509942j),(-0.002417418936284009-0.0018392125386067536j),(0.00041453523127758037+0.00019937253101948334j),(-0.00029207896918074003+0.00029406804476737126j),(-0.00017873783336532238+0.0022979501119372043j),(0.0007549980350558572-9.076005263844618e-05j),(-0.0006721348013951597-0.0006406251880473038j),(0.0004265082181682+0.0029663166778820657j),(0.0004658862237416726+5.763224899271507e-05j),(-0.00045849121997762785+0.00019886200094101317j),(-0.00013888071493098098+0.0023636305105597883j),(0.001197486692817591-0.0007068735949670689j),(-0.001055751711420118-0.0020448691282064753j),(0.0012062186200595675+0.0034868086938099783j),(0.001262511296454622-0.0007570244247004903j),(-0.0010637257834312057-0.0021421883470063626j),(0.001307106348763019+0.003556007927887685j),(0.0012040025821796988-0.0007418480710080829j),(-0.001088842894843974-0.002131735569178188j),(0.001225572134587168+0.003495032372607264j),(0.0007564314660698408-0.0008287852500354464j),(-0.0011778324635322828-0.0004648337789695952j),(0.00013030805985129063+0.002483748585121893j),(0.0014948933945806158-0.003530030130606149j),(-0.002635089842710208-0.0026618848503364013j),(0.0008927477787858726+0.0019235199851076659j),(0.0015547481434848014-0.0038341102743725372j),(-0.0028000511426041-0.0029117447987303444j),(0.0009599888381402551+0.0018745154861183643j),(-0.002058939706345288+0.0038987188132280906j),(0.007882253265559103+0.005841053045052141j),(-0.0031660556112732756-0.005442969115379094j),(-4.5781679278181014e-05+0.0011648009716304954j),(0.001457209094355718+1.5447217333162564e-05j),(-0.0006896977657637308-5.660054469257877e-05j),(0.0040965142273467325+0.004916383922401148j),(-0.001940064850863807+0.003679179305919973j),(0.007214877661986741+0.005470563418904348j),(-0.002760784906679634-0.005143443780801884j),(-0.0016459823416610187+0.0033792845682817626j),(-0.0015819958607333922-0.0030986956768764475j),(0.0005145863528006066+0.0015463752017415503j),(0.0011309661511598314-0.0007314821031346108j),(-0.000312403976975167+0.0011435981037165835j)
35,(-3.7134780449539832e-06+7.899357680702514e-06j),(-1.8766096362049487e-06+1.7196957589660198e-06j),(5.5900876809693736e-06-9.619053432471268e-06j),(-3.7738868931151636e-06+7.762348198714607e-06j),(4.6943444658039875e-07-1.2377618468361851e-06j),(2.6083789813679924e-06-3.189647708945556e-06j),(-0.0002437074572728085+0.0009190766835081613j),(8.126365228242408e-07+0.00029389094151044274j),(0.00019159948783388717+6.805803129298661e-05j),(-0.00040609153447834496+0.0015027910282573859j),(-2.9077977047308043e-05+0.00046155398192548446j),(0.00026956086240578+9.566589013066881e-05j),(-0.003317458504168647+0.011643058117293409j),(-0.0013128388108754583+0.0028201660273214175j),(0.0004392096575231252+0.0001663629265408462j),(-0.0010089716220964618+0.002804309091345141j),(8.565912238411855e-07+0.023377377397847288j),(-0.0027255749223207833+0.006156511872220331j),(-0.0017942721746086812+0.0039374823462395465j),(0.001540921384714782+0.029001424639991325j),(0.0002435768724473855+0.008645846918916174j),(-0.0005193310668802019+0.010130456378031377j),(0.0015645819118784723+0.03150761500815881j),(0.0002325951191738877+0.008900590647899768j),(-0.0005820024192545916+0.010541654774137255j),(0.001558695441780587+0.03150833479944658j),(0.0002288828433022796+0.008903184602865263j),(-0.0005856500256741016+0.010544867206314496j),(0.0012694944613804693+0.031529212402491735j),(-0.0008569031042153634+0.03176320708299432j),(3.7343117448487145e-05+0.009017078852917413j),(-0.0007650870247224049+0.010668535457706713j),(0.00230489831453889+0.02641957970428116j),(-0.002226736239580405+0.008181367124716572j),(-0.0032326504845649954+0.010000525693711446j),(0.9415803035643591+0.026431683671563136j),(0.04561542266513538+0.003756613069417214j),(-0.0028519323813916337+0.008386794714861038j),(0.0022583220982150018+0.026062712021935247j),(-0.0021931613008756706+0.008059999320645413j),(-0.003268790533419425+0.00984981681418945j),(-0.0033148613568997503+0.01901521632912623j),(6.584707862619969e-05+0.004880606395755164j),(-0.0009083962163067637+0.004084098266099949j),(-0.003370822245038859+0.018822993122914j),(7.624758301615422e-05+0.004841378437513285j),(-0.0008754670083144294+0.003992266013015663j),(-0.00011621186481238887+0.002397812643262996j),(-0.00022987070950021777+0.001855480024134827j),(-2.6381583696489143e-05+0.00036602212597966824j),(-8.487942877182463e-05+0.0007294974909377869j),(-0.00032831585549945885+0.0013431667272284572j),(-0.00013899248637942946+0.00042997690685751025j),(0.0001307531916500905-0.001129777857710916j),(-0.00016739675002450127+0.0006430860499491162j),(-6.92915386264996e-05+0.0005596015152579436j),(0.0002589343933192419-0.0012356413293464104j),(-7.282318147677183e-05+0.0005262250184438174j),(2.4518701338123276e-05+0.0005036941779686373j),(0.00013447517669606945-0.0012107266583274543j),(-0.0001598831738782615+0.0006178819099898324j),(-6.772922846508505e-05+0.0005653444601248889j),(0.0004789074441662296-0.0014008284758445636j),(0.00012047672499666107+0.00033764349434638153j),(0.0002010401216515508+0.0003883991861123616j),(0.000502203933900043-0.001417408612829853j),(0.0001367914761036199+0.00032175444833478384j),(0.00022029104154093975+0.0003766027360551094j),(0.00048787979083751086-0.0014079614364010434j),(0.0001310717023976018+0.00032753418919485915j),(0.00020801976780687612+0.0003832735662014947j),(0.000207231385687931-0.0016340645811558174j),(-6.108624112109811e-05+0.0004581028907296625j),(-4.50959337303214e-06+0.0005509213421949629j),(0.0005266483697791233-0.002588076093899574j),(0.00033459238705066657-5.936082849002745e-05j),(0.00028289703635563644+0.00036063801550263833j),(0.0005608686707801945-0.0027220187579690956j),(0.0003755318608674365-0.00012484959484817355j),(0.0003144228961198735+0.0003308468417968368j),(-0.00011653146706562707+0.0024014597148989663j),(-0.00022971459166077517+0.0018564200158559677j),(-2.628671135055653e-05+0.00036623572713116704j),(-7.553485926701969e-05+0.00044447870878144456j),(2.6904131630642135e-05+0.00038757602630077166j),(-9.967444158457187e-05+0.0001445333530204388j),(-0.0014197205254341278+0.006814150323065618j),(-0.00016349816117980245+0.0024236487197875824j),(-0.00019577190800102465+0.001689811925869842j),(-2.429179565882633e-05+0.0003089328227927216j),(-9.57455457933098e-05+0.0007003978024204584j),(0.00023024039787028272+0.00023605311231396538j),(-0.00013278660994221536+0.0006030625108363593j),(5.5934181909777243e-05+0.0005009285106402062j),(-0.00022489961329483799+0.00035382474040794213j)
36,(-5.585922118555201e-07+1.2527010906892133e-05j),(-1.6849990819994196e-06+7.469702184695452e-06j),(2.2435912911469897e-06-1.9996713086510463e-05j),(-1.5564716129600883e-06+1.2659486198231197e-05j),(-8.688501821182968e-07-1.6075157721393533e-06j),(1.0755115799639526e-06-1.010084731480247e-05j),(-0.00018202538293809784+0.0010631465171328383j),(-0.00019436799925355217+0.00012077960228362933j),(-5.4637074018324455e-05-0.000651511831383074j),(-0.00028901324855002157+0.0017792517839485481j),(-0.00029486521689571065+0.00023657460900341435j),(-6.407285992377122e-05-0.0010006350124547514j),(-0.001965287659569914+0.01523100401520183j),(-0.001426684219438113+0.0032218039539417473j),(0.00043419095189522507-0.005215280172481103j),(-0.0017594576623900977+0.003506373264335609j),(-0.0051430774452981744+0.02321684242889544j),(-0.0009084601058417898+0.004149951837932074j),(-0.000374939395071184+0.0004636360946228763j),(0.0013628470834624869+0.03174115435035013j),(-0.0008490556985962233+0.009955032106878023j),(-0.0017529759695343932+0.012302832075868467j),(0.0016352430468779054+0.03451190210764629j),(-0.0008704726992155464+0.01019669280986926j),(-0.0018248739241276913+0.01278656101155036j),(0.0016390592791878343+0.03450927645449105j),(-0.000868195175724164+0.010194861118129802j),(-0.0018228489963410931+0.012786067434562839j),(0.0017845806163032578+0.03434239551933618j),(0.00384523517755579+0.033632231304315065j),(-0.0007617846629115144+0.01007582123386466j),(-0.0017217875339640394+0.012698136321017333j),(-0.004651295943739117+0.029806644992504003j),(-0.000744344399086626+0.006033809088890396j),(-0.0010324493223376361+0.009188285910115276j),(0.04561542266513538+0.003756613069417214j),(0.9519962496198588+0.018177624327113392j),(-0.00016283518932078893+0.005360415348664303j),(-0.004873151771678635+0.02938525488307793j),(-0.0008635073092664624+0.0059384326692020414j),(-0.0010243867460855917+0.008965186315203242j),(-0.001196302472859615+0.016084690506215648j),(-0.0025587409693696764+0.005114239433411565j),(-0.0010768872275065983+0.0037955803791440996j),(-0.0011356021531195334+0.015843585086264794j),(-0.002525223852963557+0.005131123042617451j),(-0.0010620053464208757+0.003704198976787445j),(-0.0012274148071730953+0.003123038487014607j),(0.001085720597796841+0.002807524746832016j),(-0.0003920041002095612-0.0016654684925578866j),(-0.0004397934897961936+0.0011228593717509234j),(0.0008667886038549697+0.00174125046557831j),(-2.5670543847274767e-05-0.0008576694342161944j),(0.0006345046030294338-0.0014786864331278798j),(0.00024939021858516857+0.0003070806708918262j),(0.00029985810350916377+0.0004752037277603665j),(0.00066645582227402-0.001492526020962272j),(0.00010328746050563138+0.00018167142191071036j),(0.0002215474154208969+0.0007088245339487275j),(0.0006666532132574797-0.001592117646646313j),(0.0002263234687830233+0.0002651597556420002j),(0.00031426584814819197+0.0005126545617107571j),(0.0006098440119150907-0.0014538313940156658j),(-0.0001634404905642016+8.742991191599658e-05j),(5.2552981497505104e-05+0.0010155032453722018j),(0.000607018624258974-0.0014466288513480443j),(-0.0001812451534077453+8.369572875965023e-05j),(3.6454960249188324e-05+0.0010511226651184749j),(0.0006048337558270776-0.0014535762398136096j),(-0.0001807290172402482+8.068057065842684e-05j),(4.4314882907596585e-05+0.0010254451107581252j),(0.000746849648541323-0.0020908692516230353j),(5.0746230534106126e-05+0.00011131034126340628j),(0.00032515616612741245+0.0007197524181611586j),(0.0006661057552581425-0.0028946667241567916j),(-0.000589919506436617-6.272471197988228e-05j),(0.00012317724224458537+0.0013022453631975702j),(0.0006612829521729087-0.00301286960124982j),(-0.0006510092768175665-9.273842585911206e-05j),(0.00010860863802506778+0.0013552351500073934j),(-0.0012284739301135828+0.0031267495996030116j),(0.0010856975757000066+0.0028091227848036195j),(-0.00039250618884541786-0.0016661685830534336j),(-7.019558569027773e-05+0.0007866240836639305j),(0.00019351963623546016+0.0005452865728533504j),(-0.00044833181939374746+5.99147435678297e-05j),(0.0003914475118081189+0.00899188885451894j),(-0.001168800586331101+0.00306698800957662j),(0.000986134605278365+0.0025913735634168662j),(-0.0003719048496327027-0.001580249566122004j),(-0.000487598357978027+0.0011777070645613821j),(-0.00038428279865541297-6.5322103265422725e-06j),(0.00012711404606291184+0.0011775768586841863j),(0.00018274755516915184+0.0007898012062553803j),(-0.0007101394753175732+0.0007965895327072437j)
37,(1.9931297137235613e-05+1.8148043182422254e-05j),(2.57673375612614e-05+2.563205189331208e-05j),(-4.569863470728318e-05-4.3780095089956665e-05j),(2.687780229147685e-05+3.127052786085609e-05j),(4.304178353615446e-06+1.0629450353575093e-05j),(-2.483440339606803e-05-1.8593562188537073e-05j),(0.0032465194611615384+0.004368570366696935j),(0.0017297941680647685+0.0031337004419654596j),(-0.0008943494385205046+0.000620449104152771j),(0.0047572363599117495+0.006619046912583273j),(0.0023865726838446216+0.00473947558134932j),(-0.0015417045243859995+0.0008154598859170395j),(0.0155542712443128+0.030249240113474657j),(0.0016836838805172625+0.021315381708866318j),(-0.014211671453284572-0.0015971368424912515j),(0.00392955309224994+0.024105317035388416j),(-0.01618920272139418-0.02055255475190447j),(-0.020456288739598708-0.017720113438751524j),(0.017211049940692377-0.011354547966098038j),(-0.0018195455445936006+0.012249375523169207j),(0.01675965977704255+0.010198243976959507j),(-0.007970294141204141+0.01527890152544352j),(-0.0016699546957441194+0.013697632346804062j),(0.01676503423488534+0.01084806602901996j),(-0.008492215190969953+0.016086354272478676j),(-0.0016684259835771324+0.013704740673426736j),(0.01674069120968524+0.010856538917103324j),(-0.008491389817365679+0.016093062859274747j),(-0.0016605946183493678+0.01374093475420359j),(-0.002513382806406815+0.014454832277083537j),(0.015426049122521202+0.01093380723502585j),(-0.00830475358936187+0.01611409766254472j),(0.006537801991122978+0.0013366108566954527j),(-0.03931960916367673+0.00322363895970665j),(0.008555645852921089+0.005207580351639117j),(-0.0028519323813916337+0.008386794714861038j),(-0.00016283518932078893+0.005360415348664303j),(0.9446417363666946-0.010170286574871996j),(0.007555392476752803+0.0028288403089272614j),(-0.03818864412030011+0.007176771911926925j),(0.009811406763301202+0.007511490225164501j),(-0.007192381550078578-0.003788562456069608j),(0.02269619103407984+0.012943001861060928j),(-0.002255466101259418+0.0066204366996253j),(-0.007481665097858433-0.0038325805304876906j),(0.02299630331764985+0.012986868366335627j),(-0.0025278853763102006+0.006517100558795914j),(-0.0015009888250133406+0.004089122406428891j),(0.0035546892372369326+0.011707920820419788j),(-0.004067920139122077-0.005847592423868996j),(-0.0004023330938421197+0.0025543335868741367j),(0.0014054592249991798+0.00630618903852168j),(-0.0022604831301543684-0.0036850144586673297j),(8.017873008679536e-06+0.00013565529493680473j),(-0.0010728634990674383-0.0004997276118898746j),(-0.00011039098735936645+0.0005671867245323624j),(0.0005156357804590247+0.00025901565526744667j),(-0.0009391310849391426-0.0009879442904979433j),(0.0002150265887251409+0.0011822652414933857j),(-1.2836367509421994e-05+1.2172851840528635e-05j),(-0.0011606064142764703-0.0007425639610132589j),(-2.1536413428216146e-05+0.0006803903103380009j),(0.0013162502501190155+0.0004566027002926901j),(-0.0004512984832714099-0.0014898709698903815j),(0.0008082080103465994+0.0018511828530460763j),(0.0014012372017324975+0.0004866180156951781j),(-0.00041126338899629235-0.0015258991583331216j),(0.0008729535324309289+0.0019294144431019878j),(0.0013479850697741835+0.00045879651188213957j),(-0.0004228116161433305-0.0015188898569493234j),(0.0008313589567196999+0.0018707747940344393j),(3.9255451640118604e-05-0.0005342421822337293j),(-0.0013383306337845582-0.0018308619389556424j),(0.0005571881064849753+0.0011836433927914624j),(0.000653536110972799-0.0017337695657379869j),(-0.0009568308165417531-0.0041926999385639j),(0.002356526399108522+0.0021404453869306593j),(0.0007182048511841513-0.0018920791182744194j),(-0.0009371934407934126-0.0044746464495196495j),(0.002546069088656294+0.0022126801597304856j),(-0.0015030676659048888+0.004090274378686089j),(0.003559133528866847+0.011715184113612094j),(-0.004070154807994132-0.005849704668382135j),(-0.00030897515578115053+0.001482757834089659j),(0.0019153905488267062+0.002222146557748557j),(-0.001721904732212296+0.0002467213184794557j),(-0.00927949921478369+0.01556178009030769j),(-0.0015671246150635123+0.0036652450633895186j),(0.003587720784820755+0.01107370378362519j),(-0.0038435578744244006-0.005410125580406372j),(-0.00019003224262547128+0.0027381209613041102j),(-0.0001342680619571561-0.0018231217717557386j),(0.00012342565644759946+0.0026425008872381817j),(0.003389718747675012+0.0025151544484469223j),(-0.0019714148128078205+0.0026998258529002186j)
38,(-5.786246407434281e-06+2.6716152325929004e-06j),(-3.595514489124905e-05-2.9659748966311647e-05j),(4.174139131132856e-05+2.698813375408955e-05j),(-2.1239859209398214e-05-2.7633529068611307e-06j),(-1.471557108769244e-05-5.890703370643118e-06j),(2.6030662227198168e-05+2.7911089894213744e-05j),(-0.0022170663590237037+0.0018732352265515271j),(-0.001913516695441781+0.001491384982889179j),(0.001642452530756729+0.003990634637784536j),(-0.0030419250709158106+0.0029419273208809256j),(-0.0026680424556895605+0.0021927944010654054j),(0.002792253624216529+0.006035968211030234j),(-0.0017085836327238356+0.01786765113971374j),(-0.0036718079117718074+0.007187422822320794j),(0.024290201839906992+0.027137718979116116j),(-0.003831251351886958+0.011138986567456564j),(0.012278541091453335+0.022235997396051872j),(-0.008712690015181277-0.02662130209140918j),(-0.025803458176592804-0.021613154250321745j),(0.007322401028251602+0.01912757576070347j),(0.0002629140718771007+0.01567382677170232j),(0.0031501341226963936+0.006752991742788653j),(0.0069477549069016445+0.02014265300532577j),(-0.0002439670930834261+0.01464577192021296j),(0.0029630717524677186+0.006131024511011947j),(0.006906425392261255+0.02015853558591049j),(-0.0002675304288169661+0.014664976401092416j),(0.0029411131547791725+0.006157336199521834j),(0.005322928654338966+0.021908067478324834j),(0.008621967195255435+0.02040413204493644j),(-0.000881069479072383+0.016976662386046948j),(0.0022537713470632327+0.008595680623131874j),(-0.054713680064686764-0.012305628000914344j),(0.00029375812354129685+0.002774075816069454j),(-0.0068157921531919905+0.00486587139518599j),(0.0022583220982150018+0.026062712021935247j),(-0.004873151771678635+0.02938525488307793j),(0.007555392476752803+0.0028288403089272614j),(0.9431306805939011-0.0028374352810712758j),(-0.001153758751126856+0.0016656996666294752j),(-0.007235062794757416+0.01194978846576551j),(0.016300875110618028+0.004355177555145863j),(-0.009248701048018148-0.0013153584635458744j),(0.0016591194232614588+0.011059112172704298j),(0.01717404978407598+0.004286412303109121j),(-0.009130269235267252-0.0013325083463051092j),(0.0017630722337872303+0.010836208201234076j),(-0.001918579252888872+0.0007879578819371142j),(0.008057197206603688+0.008613747033759046j),(-0.005485642625740417+0.00017983753283284422j),(-0.0022232465438987515+0.0005765140668342432j),(0.004894086075165839+0.005087300179297717j),(-0.0031405398518496463-1.7987151000794024e-05j),(0.001128085125717712+0.0007601730843384704j),(0.0008622023173118318-0.0003513540361655032j),(0.0013423067281446229-1.93134998063767e-06j),(0.0012225895429400348+0.0012621091523020208j),(0.00016668904870704965-0.0009751613445202988j),(0.0014331169294139472+0.0006701389194798536j),(0.001219540041920624+0.0007035178704628261j),(0.0007024747905510905-0.0005227257932286975j),(0.0014855873295168054-9.38000868472482e-05j),(0.0009368713035223826+0.0018529549545199305j),(-0.001113712345884541-0.0017338838923679177j),(0.0011437136330381826+0.001439404885587513j),(0.0009295981941995805+0.0019371032148565882j),(-0.0011868155155323155-0.0017645766398026418j),(0.0011289955319464728+0.0015362913414916687j),(0.0009087429566838423+0.0018624866675170208j),(-0.0012036029968497568-0.001792257397917507j),(0.0011195320657608034+0.0014589227289916878j),(0.0013712327850168276+0.0004562087337708236j),(-0.00036716981846663613-0.0013216074229169305j),(0.0018731635480999848-0.0005288400653876214j),(0.0006662181435934336+1.3045962821872453e-05j),(-0.0038617550967035307-0.0029590378434263534j),(0.001699003185011425-0.0013829163501096415j),(0.000588879084681152-5.41853622757126e-05j),(-0.004221994615562743-0.0031518400972745273j),(0.0016857778772898218-0.0014980552423879791j),(-0.00191660411674707+0.0007883038861864859j),(0.00805982124346205+0.008617539453455371j),(-0.005488205777452906+0.00018073048519144652j),(0.0002813389870623484+0.0014878335953654477j),(0.0017334236570787586+0.0008962729521916658j),(-0.001186213662047693+0.0013964109178527394j),(0.0008929735560723382+0.016453207637748005j),(-0.0015449942123296155+0.0007549456000374571j),(0.00733296110712618+0.007958016359470908j),(-0.0051380122289936304+0.00025015412448197057j),(-0.0029262143672090265+0.00047403748021455396j),(-0.0023435472846810622-0.0025941727640994153j),(0.0015543867755427937+0.0030726480223710034j),(0.0019830152494475467+0.0008704815518636916j),(-0.00042654077574051923+0.0035357964993618578j)
39,(1.2120672611131555e-05+1.1248529886055252e-05j),(1.3579381656844745e-05+1.9684199918658352e-05j),(-2.570005427379528e-05-3.09327298198588e-05j),(1.533521027169543e-05+2.211072873013795e-05j),(1.6038311188978458e-06+9.320852450653977e-06j),(-1.3728036767841892e-05-1.3110668153753255e-05j),(0.0019309988804945776+0.0033167802994892425j),(0.000999921638979395+0.0025596391091323506j),(-0.00041352562355081134+0.0006133906395894713j),(0.002844710506567396+0.005061615556215687j),(0.0013835086599991425+0.003916341497610755j),(-0.0007271625738871136+0.0008526797702356403j),(0.009869425479532816+0.02456674337903229j),(0.0010956591318861358+0.019445169569853083j),(-0.007230688371852404+0.0005493929222068379j),(0.002554252560438404+0.022555295426129548j),(-0.011086256406872014-0.014154277108911026j),(-0.013819083302631537-0.015090421533642902j),(0.006965659137157625-0.010387913206036853j),(-9.273567056197112e-05+0.011395217411519314j),(0.009737935209702623+0.00990444286995008j),(-0.004360624251832668+0.013205843809385309j),(-1.7957134467014324e-05+0.01286589598110461j),(0.009856965319975325+0.01202084876316208j),(-0.0045759973288439304+0.015259783998334737j),(-1.8220275932453425e-05+0.012868382463220158j),(0.009844902605189965+0.01202869706491823j),(-0.0045734982832986255+0.015272488345946909j),(-0.000256911843718817+0.011935662349676744j),(-0.0005222732047233598+0.012770611140424245j),(0.008906220704559249+0.010841662381369252j),(-0.0046210313312630025+0.01452868869956488j),(-0.0012867786239398008+0.004081070981118444j),(-0.028701237776317362-0.006127678429431755j),(0.0018591419552152167+0.004500422863137736j),(-0.0021931613008756706+0.008059999320645413j),(-0.0008635073092664624+0.0059384326692020414j),(-0.03818864412030011+0.007176771911926925j),(-0.001153758751126856+0.0016656996666294752j),(0.9712660027020855-0.0018783035319827083j),(0.0025912421551061034+0.011780646115742362j),(-0.003064930042317517-0.002703666561937275j),(0.012061365770821588+0.012768857878499374j),(-0.00022230653828994584+0.005793699094324245j),(-0.0031540818511307813-0.002921175162789471j),(0.012338175362085743+0.012718496123515237j),(-0.00034148067136321276+0.005589435624670243j),(-0.001463352996978819+0.00370843489050195j),(0.0036375750733575445+0.010365170682618021j),(-0.003448572474817107-0.004733504552284853j),(-0.0006318664154256869+0.002404592016670512j),(0.0017233069442547226+0.006031855974470048j),(-0.002043081742996982-0.0026133278981870507j),(0.0001162942174404408+0.00022322696422592716j),(-0.0005288406862947201-0.00028863262651829496j),(7.448252711202534e-05+0.00042135471065611173j),(0.0004932270465221022+0.00027205936087462473j),(-0.0005325173746396281-0.0007216062611887946j),(0.0002936574737235991+0.0009060266041732864j),(0.0001156377659327022+0.00010952931499502109j),(-0.0006112805384235161-0.000519382351897735j),(0.00015835327213435576+0.000499790797115j),(0.0010234395872874714+0.0003071812480797192j),(-0.00039404296162277673-0.0011737546000706329j),(0.0006174044452784068+0.0014711291560272925j),(0.0010818602338525355+0.0003192259541847566j),(-0.000381581870032614-0.001200508093598132j),(0.0006534062944963252+0.0015404854940755342j),(0.0010424890539117314+0.0003033603105225273j),(-0.00038650288351197934-0.0012027172284921942j),(0.0006288589435552922+0.001486739618971313j),(0.0001933205894825814-0.0004425647588900453j),(-0.0008824475842143453-0.0015572306046406181j),(0.0006219290598103936+0.0008747098413105238j),(0.0006255302062979574-0.0017043636454549898j),(-0.0011040177987065379-0.003733222736214077j),(0.0018667556964681448+0.0017459647227037686j),(0.000668895736460305-0.0018642025997342685j),(-0.0011390611431980635-0.003990245030616067j),(0.001998904587172408+0.0018094496071011656j),(-0.0014646886566983932+0.0037093932361382757j),(0.003640790011986179+0.010371112209510699j),(-0.0034501210569244625-0.00473573500033737j),(-0.0002890064364322782+0.0012921672873062865j),(0.0017100756998851422+0.0019867710362926755j),(-0.0014400600601442723+0.000309027044850538j),(-0.005039761299941832+0.013994533573082422j),(-0.0014487160435485073+0.0033356065231856143j),(0.0035287211726966216+0.009795727818048668j),(-0.00322874151676946-0.004393635801884058j),(-0.0005418014002525913+0.002431781920230968j),(-0.000325035859703152-0.0015354687141086016j),(0.000235206038185132+0.0025463796793315603j),(0.0027874322281751596+0.002073800124323614j),(-0.001636668756949478+0.0024584287303982184j)
40,(1.5889010227949384e-05+3.4417514271996e-05j),(-2.949016382800113e-05-2.3631484141087895e-05j),(1.3601153599835488e-05-1.0786030134496286e-05j),(4.857061847746302e-06+1.879990738351798e-05j),(-1.3115992488672609e-05-2.0378351142128033e-05j),(2.0309392164001022e-05+6.577593344117405e-06j),(0.001594030347488738+0.0014656440645068984j),(0.00010698214616700671-0.001198529422181181j),(0.0028100882179922845+0.0006967053070496164j),(0.0024030822427574183+0.0026668649328366184j),(2.8152220701461485e-05-0.001551435297267742j),(0.004239754051539462+0.0014128593471718015j),(0.010177530764589127+0.029515669560747422j),(-0.0057814966613704164+0.002588768639666575j),(0.01832581752514823+0.020149486651907994j),(-0.011241144971388353+0.0011909626994584012j),(-0.004103922535786116-0.003608737880920386j),(0.006317502064082983-0.002275482186533326j),(-0.01832511394705861-0.007584064448288429j),(0.00032941032437926366+0.0034008618544679493j),(-0.005548658605818988+0.011399312776602607j),(0.019193624637777698+0.005350281339369942j),(0.00017158834462842646+0.003855789512326199j),(-0.005842189747275843+0.012722012907329862j),(0.019191325017020873+0.006059969228127064j),(0.00016128667251070355+0.0038671113712426776j),(-0.005845770131218044+0.012739064509164452j),(0.019156623239193166+0.006066719034762591j),(-0.000293588992077684+0.0040423377710413965j),(-0.0005511234371300343+0.0037870923995813946j),(-0.0059322634749760725+0.012895855212574294j),(0.01736335174749545+0.005831890548007687j),(-0.006882118740890679+0.004810211668748498j),(0.0031721078555134994+0.0026130829700305083j),(-0.05303554884207412-0.0075126827458464095j),(-0.003268790533419425+0.00984981681418945j),(-0.0010243867460855917+0.008965186315203242j),(0.009811406763301202+0.007511490225164501j),(-0.007235062794757416+0.01194978846576551j),(0.0025912421551061034+0.011780646115742362j),(0.944378472997949-0.008290161222394907j),(0.0003585133145954005+0.007882723431592164j),(-0.009625338421455847+0.0063991461199432685j),(0.013507054332962058-0.0032574879736637537j),(0.0004989789360937648+0.007616631792720265j),(-0.009510379523193078+0.00622414791513223j),(0.014334748415437902-0.003522565694674913j),(-0.001977140439320244+0.0038234418582461785j),(0.007905661806381088+0.006145805641276407j),(-0.0029991578916011914-0.005533430623588956j),(-0.0014323487845122804+0.0030819746192693796j),(0.0046009883495153+0.004302258007492043j),(-0.002314978685727901-0.0018037639165733102j),(0.0004038094588021002+0.00022698191773713782j),(-0.0002684897184036855+0.00029245651995431595j),(-0.00015155429255824342+0.002409138461620614j),(0.0007404087732012477-6.593987898499947e-05j),(-0.0006501787402856227-0.0007009351625727363j),(0.00045754919400864885+0.003092773984154519j),(0.00045423975069826456+8.6150894441112e-05j),(-0.00043574832311252184+0.00019371979377379416j),(-0.00011626089046803991+0.00247440006181878j),(0.0011754205043576736-0.000697999650429177j),(-0.0010428066637797114-0.0021852717165840117j),(0.001237766917773432+0.0036189253007938875j),(0.0012399992181735806-0.0007486461946816653j),(-0.0010511478556988155-0.0022876916783525153j),(0.0013390399566573373+0.003689644600409407j),(0.0011814291906911576-0.0007343994973370311j),(-0.001076662116073894-0.0022772662531605837j),(0.0012569018192383945+0.003626701194145261j),(0.0007389419109331342-0.0008046190200482734j),(-0.0011638276200150665-0.0004932465955498058j),(0.00012919159133729596+0.0025838755560313145j),(0.001457041282722279-0.003542759411703322j),(-0.0026569781532806334-0.0027607398668132582j),(0.000824830780364035+0.001965227316641895j),(0.0015135104404908415-0.0038504122052815315j),(-0.0028263929160140403-0.0030179730600043532j),(0.0008847933423094176+0.0019121406064462533j),(-0.00197770151790971+0.0038246862986319524j),(0.00790853598521266+0.00614837473497422j),(-0.0029985396950262637-0.005538392899030027j),(-5.606166617687922e-05+0.0011876255897463979j),(0.0014696453585397403+9.821511228475844e-05j),(-0.0006204307182985408-6.437710944607504e-05j),(0.005008575071128692+0.005765952445266365j),(-0.001847976489116563+0.003609140690320615j),(0.00723009529526585+0.0057546250226981404j),(-0.0026125649946452762-0.005251720381760411j),(-0.0016437111446217763+0.0033501110154974664j),(-0.0015811877805011504-0.0033031795481188j),(0.0005170777105052533+0.0016484643947586334j),(0.0011606616428657228-0.000609819570957043j),(-0.00021789201600057082+0.00114524307803909j)
41,(-4.8307421078927614e-06+2.604255143042644e-05j),(3.97771218857415e-06+4.522052782653094e-05j),(8.530299307305997e-07-7.126307924983961e-05j),(-6.404379781040531e-07+3.295588025136938e-05j),(4.976029429048764e-06+3.3818870737688346e-06j),(6.474880279530612e-07-4.806084563185609e-05j),(0.00032658621939222966+0.001277308347268189j),(0.0006019632620900479-0.000558154113413202j),(5.582434559818169e-05-0.004832895485621018j),(0.00025539003228040825+0.002143443659877329j),(0.0007533218536602535-0.0007609340225366449j),(2.2271972775178258e-05-0.007535416171268792j),(-0.008314623813209007+0.018687319147606206j),(-0.002576162191471417+9.407944043091174e-05j),(-0.0018317540229558643-0.04331505616200833j),(-0.0030696195163892846-0.002053441826035611j),(-0.011082927836557004+0.024028902180655936j),(0.0037371839362474704+0.02354964184865011j),(0.023108527452449696-0.0029907628260000805j),(0.00042274902641969124+0.020171964615698056j),(-0.0020713299035628333+0.00514513514229974j),(-0.006474290929521182+0.011295138764827158j),(0.0009816140655578296+0.02181086844774263j),(-0.0022538235535757957+0.0049871045448467745j),(-0.007052740431600422+0.011925162608070694j),(0.0009902551460438944+0.02180519236233328j),(-0.0022552962229742133+0.004982148015057999j),(-0.00705398168078947+0.01192751911015806j),(0.0013361921422330937+0.02155345413780789j),(0.0007590614329118549+0.02203493123392318j),(-0.0022914885861179605+0.0048372644929610235j),(-0.006958193495213446+0.011950824712461245j),(0.016552699810063493+0.005663165429112241j),(-0.0036232041084027547-0.00280833255046542j),(-6.473574007757237e-05+0.008037921131851776j),(-0.0033148613568997503+0.01901521632912623j),(-0.001196302472859615+0.016084690506215648j),(-0.007192381550078578-0.003788562456069608j),(0.016300875110618028+0.004355177555145863j),(-0.003064930042317517-0.002703666561937275j),(0.0003585133145954005+0.007882723431592164j),(0.9630307789203665-0.03767815052874675j),(0.0016706541246428465-0.0023322933287865015j),(-0.0012502858627113705-0.0007099711196158929j),(-0.0372382402376418-0.034200848070739365j),(0.0019292892217779704+0.007959235461131529j),(-0.0011513826669331262+0.0034047687299554753j),(0.0033719860654816574+0.0015290253127789206j),(0.00010038327124836524+0.005819509444861461j),(0.003763968753602363+0.0014908992299674352j),(0.003864384587889538+0.001162155706170417j),(0.0003385910556173941+0.0019116481518502704j),(0.0024882152706174076-0.00023028346524952246j),(0.000516699590070851+0.0016873300869478618j),(-0.00041180907447797854-0.002449396541372282j),(-0.0004306155436825795-0.0016971006420332907j),(0.000557543114273024+0.0020292585732846844j),(5.863603320820435e-06-0.002144380067423648j),(-0.00024149363342569987-0.0013045414007749096j),(0.00037262043886475296+0.0017010863158284058j),(-0.0004756420752568189-0.002624638684891648j),(-0.0005665566074170189-0.0017472560293067883j),(0.0007501407749316287+0.0026531657300148453j),(0.0007019623682232141-0.001292833667919541j),(0.00016652780472000816-0.0003822996344016627j),(0.0007596874140588647+0.0027160013816443914j),(0.0007486425475036317-0.0012192432259322452j),(0.0002039781399732017-0.00027678002232998456j),(0.0007649868463239571+0.0026810309321220306j),(0.000746268559592756-0.001244937577365871j),(0.00018708032185249307-0.00034676232405203523j),(-0.00019187903124171743+0.0019511509598254067j),(-0.000628451955793725-0.0030852861855263525j),(-0.0010607412095241964-0.001616678148046531j),(-0.0010379246346830379+0.0029953192613762334j),(-0.0003179735111788079-0.002851996693747668j),(-0.0015450890622536167-0.00010840413444046862j),(-0.0011322236114124859+0.00313001967586975j),(-0.0003207103416499491-0.002859892699885889j),(-0.0016230573648740956+2.389383884893615e-05j),(0.003367546377613168+0.0015262766921530085j),(0.00010005004937439039+0.005824536104155498j),(0.003765219338064005+0.001493212540515548j),(0.0009320597146206704+0.0012313704707146756j),(-0.0003333206314127472+0.003062526221632245j),(-0.00037062159393809425+0.0019932330097820593j),(0.00999312713662961+0.027552670088483666j),(0.0026985237113425135+0.0009641605981710218j),(0.00020572765642339866+0.005639694354027825j),(0.0035655152159292545+0.0015263378052845214j),(0.004492293479145373+0.0008500295678641363j),(0.0012529810455369653-0.0007622869897289265j),(0.0008752640019592568+0.003138442567283667j),(-5.282631952597525e-05+0.006321688634805455j),(-0.0008797799176224506+0.005200781635763309j)
42,(-2.0971510305095133e-05-2.212442779867487e-05j),(-9.850668954528241e-06-1.5710160098682745e-05j),(3.0822179260012254e-05+3.783458789302195e-05j),(-2.30677866859888e-05-2.3843345536631285e-05j),(6.879108440198881e-07+1.339559451759074e-06j),(1.1773705631303282e-05+1.9176637698041783e-05j),(-0.0028791093081337983-0.001768412580422105j),(-0.0012021166048802475-0.00021920079429840232j),(-7.383172618690283e-05+0.0013244104547729422j),(-0.004294822918033077-0.002623251953774417j),(-0.0016529661059881467-0.00020944715414429886j),(-5.9435328554505694e-05+0.002076300405396093j),(-0.017154516579626782-0.009814465917231091j),(-0.0008546424820662933+0.004073985773899818j),(0.0015026047818345704+0.012264180751347208j),(-0.0017046909190131625+0.004717632704602091j),(0.00739722655824832+0.015918584227326497j),(0.012332478248789634+0.010967791498920857j),(-0.021523275977896494-0.009064399431094399j),(0.0005918045013248677+0.007758615494302697j),(-0.010812208578768853+0.00855452074070575j),(0.0041251250952318895+0.009272452928046538j),(0.0004249440379752779+0.008151605260521413j),(-0.01103334461753919+0.008904360323012254j),(0.00449095564650499+0.009894062203909136j),(0.0004221172314053487+0.008147547009780598j),(-0.011023578306169995+0.00890768022947646j),(0.004490550889240374+0.009897004917525104j),(0.0003113756123211558+0.007959771134395142j),(0.0008679195801370214+0.008074252218631181j),(-0.010462728217467679+0.009029858807537424j),(0.004317667339253897+0.009898817682118878j),(-0.008586469071462207-0.0012513329132300202j),(0.013333849092948082+0.012608392311600122j),(-0.008922161222413981+0.006411342259067011j),(6.584707862619969e-05+0.004880606395755164j),(-0.0025587409693696764+0.005114239433411565j),(0.02269619103407984+0.012943001861060928j),(-0.009248701048018148-0.0013153584635458744j),(0.012061365770821588+0.012768857878499374j),(-0.009625338421455847+0.0063991461199432685j),(0.0016706541246428465-0.0023322933287865015j),(0.9658742607887103+0.0006176073542692859j),(0.0020780162029844103+0.005519115644994051j),(0.002123455795978039+0.007476116348860006j),(-0.03383096046310603+0.007476053212205345j),(0.0024409318453970296+0.004906302111701859j),(0.005607106603727961+0.002709028427967938j),(-0.002629629658536998-0.00035859532274282527j),(0.005730253037660039-0.0002576200589404498j),(0.0032258262554006006+0.0018241073679903389j),(-0.00040731265679012083+0.00023424042133180309j),(0.0033924416697482954-0.0004068817167392231j),(-0.00030101354523286514-0.0009557615413611628j),(0.0015681746247700424+0.0011571111108759566j),(-9.481216656909998e-05-0.0006422248337775978j),(-0.0010544559903362797-0.0014016595611285793j),(0.0017024608621216799+0.0020599216208845913j),(-0.0008562728571286098-0.0018281401607653078j),(-0.0003810153430029282-0.0010090006367876596j),(0.0016119998365779812+0.001069788661810971j),(-0.00017220382001497422-0.0004809827811128992j),(-0.002006964333741676-0.0017756634157741265j),(0.0016993817434203164+0.0031223747327143946j),(-0.0018193131185912685-0.0031290946971609854j),(-0.00212080089941808-0.0018391334330102908j),(0.0016819989046393939+0.0031741331874965213j),(-0.0019341904054745252-0.003289994348224156j),(-0.0020353624246260984-0.0017741971697312416j),(0.001708159011590253+0.0031982251721131014j),(-0.0018482998549850995-0.003163404054789414j),(-0.0008449580930311557-0.001175592325501845j),(0.001664297811854781+0.0006197788865336482j),(-0.0006243511749396025+0.0003199356609431283j),(-0.002176081706370911-0.0012415795800802352j),(0.0011755258761259814-0.0005716293001931157j),(-0.001934182814438198+0.002315607550166009j),(-0.002335159319127607-0.0012516345393912233j),(0.001129379676920401-0.0006672465622092737j),(-0.0020854173080841185+0.002518191012068018j),(0.005609782793404139+0.0027108172315908332j),(-0.002635636198465995-0.0003585489679872912j),(0.005733021942395503-0.0002565059751479491j),(0.001191661521242913+0.00025648980366044737j),(-0.00010815950118293742+0.0004483537102697062j),(0.0006916777699565804-9.061610608372597e-05j),(0.004773673880665892-0.022562501331932126j),(0.005338616727946666+0.00256752105132398j),(-0.002877613082619775-0.00034086087843931794j),(0.0054000213750972845-0.00017251181096373386j),(0.003298113796312929+0.002237879243024263j),(0.0019368801508355673+0.004171071510015008j),(0.0013267738555976611+0.0002747153126843382j),(0.0003620538574406686+0.0007205810437359391j),(0.0003530334524843756+0.000136946242983731j)
43,(9.959001490144555e-06-5.7554733989087904e-05j),(5.913952453270777e-07+2.3105480936965623e-05j),(-1.0550396756667192e-05+3.4449253039632665e-05j),(6.179859565862307e-06-3.8003016613688495e-05j),(-5.355199792900686e-06+2.7447783647145252e-05j),(-5.917294585433949e-06+1.1757167807137726e-06j),(-0.0004008794490594377-0.003461975213724702j),(-0.0009201305559649286+0.001097515707334503j),(-0.0010826656112541682-0.0007313082435003314j),(-0.0005067962170538478-0.005594455490778115j),(-0.0013728141193760863+0.0017192309707235402j),(-0.0015581209572285552-0.0011764045067885862j),(0.0019876036528184895-0.03945776941631729j),(-0.005451398164381621+0.011137579860535575j),(-0.0035777136638916627-0.007381637125172596j),(-0.0036167650070279495+0.015076889214298742j),(0.009285301852356782-0.007087710908438459j),(-0.008945483136367402+0.012670022104090035j),(0.01635232935351754+0.024338143174100733j),(-0.004188989749936372+0.00914673202594195j),(-0.0027945989070036594+0.0005709550629955196j),(0.0026102580196748805+0.015790040583052525j),(-0.004729520222546537+0.01036001577687809j),(-0.002684575036801971+0.0005294186866603894j),(0.002702306073506227+0.015954048635721474j),(-0.004728312960214515+0.010364070194818576j),(-0.002681732789011763+0.0005311004604361797j),(0.002706493275214701+0.015945432162781673j),(-0.004610216075679126+0.010448630417612787j),(-0.004813442724718028+0.010436779969317134j),(-0.0025885267934570404+0.0006476730519793072j),(0.0029679815621280956+0.015563720923282419j),(0.0013705335402936045+0.011150182748620103j),(-0.0006011398109352444+0.0056646895572968915j),(0.014190131877153307-0.0017773912896495592j),(-0.0009083962163067637+0.004084098266099949j),(-0.0010768872275065983+0.0037955803791440996j),(-0.002255466101259418+0.0066204366996253j),(0.0016591194232614588+0.011059112172704298j),(-0.00022230653828994584+0.005793699094324245j),(0.013507054332962058-0.0032574879736637537j),(-0.0012502858627113705-0.0007099711196158929j),(0.0020780162029844103+0.005519115644994051j),(0.953843888942481-0.05506613599374046j),(-0.001132611392611252+0.0033500057472927412j),(0.00226707100572291+0.0052503696812076514j),(-0.04612324965538947-0.04220705439997094j),(0.005253382951210521+0.0006420784682826602j),(-0.0073874532425576575+0.005904758202771268j),(0.010853198769522895+0.0018476829981697342j),(0.0032504618462676203-0.00044385722915489653j),(-0.004122017998934652+0.002520141943536197j),(0.007500291622415684+0.002525779965552581j),(-0.0002749897755755864-0.0010065917366320941j),(0.0006563557763483529-0.001270606146404211j),(0.0007354303759012319+0.0031462169424610774j),(-0.0006878357667872109-0.0006993053531637256j),(0.0011269532372072072-0.0017349494854842782j),(6.57907015988678e-05+0.003135978880453199j),(-0.0003919221484374665-0.0010464387285458489j),(0.0008028167164131773-0.001373568966986928j),(0.0004930112114828632+0.0031550388412140157j),(-0.0011628859567968356-0.0001795522825478145j),(0.001631477332103378-0.002225628107029129j),(-0.0007358311934932777+0.0029573751511440937j),(-0.0012281763184849633-0.00010879356332857328j),(0.0016510919248237943-0.0022558001368192665j),(-0.00083396858784694+0.002940939946801755j),(-0.0011717293546314336-0.0001678750069256836j),(0.0016701346158897574-0.0022570423562253104j),(-0.0007582414562284228+0.0029466744115671448j),(-0.0009807914626717654-0.0010920328339593956j),(0.0014068578780036633-0.0017995191624847712j),(-0.0007090877660528943+0.0030935863168950663j),(-0.002457517777447405-0.0007654745741541014j),(0.002456498000625653-0.0024837984242548736j),(-0.0037513079664572933+0.0023278143525517023j),(-0.002637489299428584-0.0007494423876176085j),(0.0025384299091122877-0.0025800425885013135j),(-0.0040729294422421234+0.0023119738611500533j),(0.005255461676923896+0.0006440118802173925j),(-0.007391168275861811+0.0059094567668565925j),(0.010852406635755936+0.001842952817787253j),(1.9745622721956298e-05+0.00033249192787521576j),(-0.0011628569227134173+0.00267075850936265j),(0.0028886901406648545-0.0006637133469148406j),(0.01608669502445845+0.02151896361517379j),(0.004975058564692027+0.0007590413120970904j),(-0.006801280982877227+0.005670853537047167j),(0.009641003170169974+0.0011667701979133568j),(0.0033978160531958576-0.0005041156900022855j),(0.0022001445825572587-0.0026282858139600185j),(-0.0005060474022098184+0.001227486616874415j),(-0.00011687676553306525+0.004364642688249741j),(0.002664354271531002-0.0020985624297354733j)
44,(-4.662792120345678e-06+2.6425203613685142e-05j),(4.52584953089113e-06+4.5866231520176055e-05j),(1.3694260290769752e-07-7.229143512578744e-05j),(-2.2983578053285624e-07+3.338907423197228e-05j),(5.198111451377138e-06+3.3810167918022867e-06j),(2.495394222614672e-07-4.8796798032757435e-05j),(0.00037597842423371056+0.0012743286478424925j),(0.0006387632588838309-0.0005867596766107978j),(3.692817540462863e-05-0.00491962708958129j),(0.00032375479443832143+0.002139302144338254j),(0.0008036283050714722-0.0008039388042148212j),(-1.1504394742607596e-05-0.007667889091315024j),(-0.008253577379154026+0.01868537865191392j),(-0.0025526943808486663-8.765769097552212e-05j),(-0.002179363370834885-0.043963872548075635j),(-0.0030437550424260353-0.0023289499738768232j),(-0.01141268509889403+0.023945039286391204j),(0.0037526173647399936+0.024101522374364973j),(0.023638794950793213-0.0025831631417448583j),(0.00035018017596691125+0.020058848462547366j),(-0.0019595716354208017+0.005119198159069971j),(-0.00657123956792537+0.011310108784078919j),(0.000893250889681172+0.02165165180532167j),(-0.002161917995753863+0.004916210849290781j),(-0.007182169340344597+0.011887138973536375j),(0.0009007234312812458+0.021643160075219253j),(-0.0021650664920523314+0.004908180039624174j),(-0.0071849793517160575+0.011886459401512757j),(0.0012007377301623305+0.02126017825679841j),(0.0006560897867884726+0.02188972151304279j),(-0.002272872813845136+0.004619465408786053j),(-0.007151184060270677+0.011770638587758595j),(0.017388800344477828+0.006096967813907178j),(-0.0037344052283890495-0.0026954295307037093j),(6.900028656596372e-05+0.008171267804212741j),(-0.003370822245038859+0.018822993122914j),(-0.0011356021531195334+0.015843585086264794j),(-0.007481665097858433-0.0038325805304876906j),(0.01717404978407598+0.004286412303109121j),(-0.0031540818511307813-0.002921175162789471j),(0.0004989789360937648+0.007616631792720265j),(-0.0372382402376418-0.034200848070739365j),(0.002123455795978039+0.007476116348860006j),(-0.001132611392611252+0.0033500057472927412j),(0.9622633142931776-0.03798014425861358j),(0.0021153956638384963-0.0020424279954852852j),(-0.0011483471330386453-0.0007533087561263961j),(0.003254309398782572+0.0014311470597259957j),(7.799187339586704e-05+0.005654671545308552j),(0.003791231446668099+0.0015374350147897816j),(0.0038290879223927534+0.0011694601809607783j),(0.00031770867021998724+0.0018269480636592724j),(0.0025043134398300393-0.00020401194140619587j),(0.000514848640064393+0.0017382301558437681j),(-0.00043760105059698247-0.0023893851594644034j),(-0.0004489566670938228-0.001647061875368021j),(0.0005689822307948453+0.0020585597787641094j),(-1.3492045273466981e-05-0.002107905992683664j),(-0.0002526864069344037-0.00128909422030514j),(0.00037130303153850035+0.001755973992985876j),(-0.0005013585225661645-0.0025583661057117946j),(-0.0005866915936303984-0.0016956863203199148j),(0.000786436557102817+0.002651272232990755j),(0.0006987837115258295-0.001307694559933896j),(0.00016954567379127224-0.0004318484207088283j),(0.0007987290275083157+0.002710539419918923j),(0.0007465850068795947-0.0012399717669884071j),(0.00020845874885916686-0.00033394093500490815j),(0.0008022717601512167+0.002677957427321501j),(0.0007441021940752701-0.0012618823524601138j),(0.0001907005125868417-0.00039863055794706927j),(-0.0001864560387623952+0.0020190260575578016j),(-0.0006482240663866323-0.003009406231072181j),(-0.0010854640151457104-0.0015803177129699736j),(-0.0010074306561812028+0.003061685727494495j),(-0.00032071781340705784-0.002822841498445458j),(-0.0015793809567303104-0.000174872337956925j),(-0.0010990835988251746+0.0031971383880161656j),(-0.0003219815593221045-0.0028340279686624786j),(-0.0016586296182259847-5.175036284130966e-05j),(0.0032500736040382092+0.001427394140731699j),(7.806629790112381e-05+0.005658917009078113j),(0.003792788290274427+0.0015388896952174902j),(0.000897658587105057+0.0011736810827155351j),(-0.00034350411323246996+0.0030340889778919565j),(-0.0003522819407883655+0.001985389640177193j),(0.009673132029131785+0.027575585714947226j),(0.002608367361841583+0.0008197744415676667j),(0.00022092937947883824+0.005462926891639831j),(0.003615832280840576+0.0015161459929850934j),(0.00446294916541269+0.0009104096737833252j),(0.0012616634587308145-0.0007901882291049857j),(0.0008124768685607485+0.0030964474151543306j),(-7.246811698959292e-05+0.006285147816777966j),(-0.0008616870811711545+0.0051621871934187415j)
45,(-2.08442345950545e-05-2.180739844806098e-05j),(-9.788017682115743e-06-1.626522703525824e-05j),(3.063225227593177e-05+3.807262547859921e-05j),(-2.2938397869449412e-05-2.3852614067181457e-05j),(6.736249059045429e-07+9.692559060127912e-07j),(1.1686151621349171e-05+1.9438675090665193e-05j),(-0.0028694346963838054-0.0017838439517292824j),(-0.001203309854504737-0.00026030205023387995j),(-7.945525285038145e-05+0.0013349211668169346j),(-0.004280275980872154-0.002647297235624511j),(-0.0016556655514787934-0.00027465911027014297j),(-6.921429242536968e-05+0.0020958069997814655j),(-0.01709205712614699-0.009950946828655972j),(-0.0009031338821139136+0.003652765668137898j),(0.0014054719491056276+0.012504991822347059j),(-0.0017745291845196747+0.00418848316743985j),(0.00739410333319661+0.016032584697200647j),(0.012330926964413862+0.011290885690527837j),(-0.021612876681993853-0.008427356029628776j),(0.0005514174870643359+0.00757020020663133j),(-0.010732531463160708+0.008807182721198223j),(0.004125248482743354+0.009074238868909238j),(0.0003535961211175232+0.007856843109681867j),(-0.010991439932741973+0.009001588645321851j),(0.004452829587008085+0.009527921966518063j),(0.0003487326940069782+0.00785071034458497j),(-0.010984015755776266+0.00900180760333257j),(0.004450165246383847+0.009528018052469642j),(0.00017164682098180914+0.007656944331443358j),(0.0008089676636574034+0.007816241733348607j),(-0.010499801062600723+0.009085960869432894j),(0.004203540935120295+0.00950240852859492j),(-0.008473125835654042-0.000963411028252547j),(0.01360292283768011+0.013043951138615738j),(-0.008799658540629796+0.006531790960833738j),(7.624758301615422e-05+0.004841378437513285j),(-0.002525223852963557+0.005131123042617451j),(0.02299630331764985+0.012986868366335627j),(-0.009130269235267252-0.0013325083463051092j),(0.012338175362085743+0.012718496123515237j),(-0.009510379523193078+0.00622414791513223j),(0.0019292892217779704+0.007959235461131529j),(-0.03383096046310603+0.007476053212205345j),(0.00226707100572291+0.0052503696812076514j),(0.0021153956638384963-0.0020424279954852852j),(0.9659476478755374-0.0002775656999776359j),(0.0024640549198132636+0.005525886709901973j),(0.0056054983016455735+0.0026213047163589163j),(-0.0026927343643139558-0.0006306589595581136j),(0.005743102133415207-0.00012486551555170727j),(0.0032279429897171825+0.0017588887637386263j),(-0.000423097681364558+0.0001470973127086708j),(0.0034052515474496834-0.0003085468264708499j),(-0.0003055401229556001-0.0009288639290650012j),(0.0015731810686643766+0.001212294623011409j),(-0.00010142465317160271-0.0006391921714976051j),(-0.0010595099285701103-0.001395892617358097j),(0.001706294885777603+0.002109979713957874j),(-0.0008562816663708345-0.0018355090882180808j),(-0.00038619080433256373-0.0009780158072253808j),(0.0016178973362823458+0.0011329698139328605j),(-0.00018064824044163649-0.0004822795553863363j),(-0.0020150536814688923-0.0018166984646698914j),(0.0016973744959503062+0.0031674040687876878j),(-0.0018134957210421106-0.00315746510142317j),(-0.002129179867597983-0.00188522764943965j),(0.0016792991412301764+0.0032194303732753045j),(-0.00192766386200148-0.0033205077376955677j),(-0.002043594061156719-0.0018170526393264243j),(0.0017059095228345888+0.0032426324650243455j),(-0.0018423227358266262-0.0031926469247466746j),(-0.0008548184363354636-0.0011415091692819838j),(0.0016735456771341205+0.0007238669934155938j),(-0.0006411827436075708+0.00029208957596120943j),(-0.0021954807120106896-0.0012493611213645942j),(0.0011890553345461682-0.00037940894213116423j),(-0.0019668768933417224+0.0022069245166226516j),(-0.002355601213567498-0.0012621978175898154j),(0.001143664066650182-0.00046475277514437634j),(-0.0021200329306035274+0.0024019313051065576j),(0.00560856133009218+0.0026224155627966187j),(-0.002698444580956766-0.0006315855020507296j),(0.0057461241625096065-0.00012471645672549117j),(0.0011981750852034343+0.00022572016842141614j),(-0.0001358325166588715+0.0003429239833804727j),(0.0007238959917848598-9.673501012243124e-05j),(0.004029311397407139-0.023105413442053864j),(0.0053689994036877995+0.002468814068008393j),(-0.0029090421927329096-0.0006344669601233109j),(0.005432506193887892-0.00012136400662737801j),(0.003293483508339328+0.0021513979610292607j),(0.0019332490745624814+0.00420547737920174j),(0.0013346195728585397+0.0001867492856191052j),(0.0002997775636457492+0.0006002746884414315j),(0.000414335029939775+6.202275926109864e-05j)
46,(1.0016799868510836e-05-5.834880577041969e-05j),(9.723526348037753e-07+2.334406241977053e-05j),(-1.0989152525235642e-05+3.500474333688585e-05j),(6.3324534701531985e-06-3.8529157845285314e-05j),(-5.2708006097458595e-06+2.782490575658445e-05j),(-6.264339447249666e-06+1.2809634471907401e-06j),(-0.0004023023604884646-0.003501243371416122j),(-0.0009211401211754075+0.0011204215865768573j),(-0.0011197344833302459-0.0007249876741289036j),(-0.0005086733604045703-0.0056629842792463025j),(-0.0013740859929909138+0.0017503404562073657j),(-0.0016140483370940973-0.00116995333121004j),(0.0019963641992738626-0.040129026987941505j),(-0.00544166290477161+0.011151525331142075j),(-0.0038178525448936997-0.007462759478720098j),(-0.0035334390245456695+0.015124933892578591j),(0.009314018680306442-0.007321534581912283j),(-0.009187710156847613+0.012719172811040833j),(0.016732997165031877+0.024743574215686494j),(-0.004203621230131264+0.00922942600574445j),(-0.0026049280408177783+0.0006264643825389968j),(0.002379623792050151+0.015873163473647117j),(-0.004767554275104035+0.010383953507670081j),(-0.0025232406701950457+0.00045783693653061964j),(0.0024371732540094467+0.015925927789523644j),(-0.004768105188053918+0.010385868951268987j),(-0.0025225754107154495+0.00045660429235134647j),(0.002439760727701246+0.0159146038226096j),(-0.0047125236924504404+0.010429658479900426j),(-0.004834295707629574+0.010494696451462974j),(-0.002510240764850702+0.0005116331151072419j),(0.0026516871228339546+0.015473499904753787j),(0.0014727625730990637+0.011341691749868054j),(-0.0007184773570445562+0.00576531742502183j),(0.014983169244210469-0.0015900148227522039j),(-0.0008754670083144294+0.003992266013015663j),(-0.0010620053464208757+0.003704198976787445j),(-0.0025278853763102006+0.006517100558795914j),(0.0017630722337872303+0.010836208201234076j),(-0.00034148067136321276+0.005589435624670243j),(0.014334748415437902-0.003522565694674913j),(-0.0011513826669331262+0.0034047687299554753j),(0.0024409318453970296+0.004906302111701859j),(-0.04612324965538947-0.04220705439997094j),(-0.0011483471330386453-0.0007533087561263961j),(0.0024640549198132636+0.005525886709901973j),(0.9531645953232721-0.05536834974275886j),(0.005264637529386674+0.0005938326288248462j),(-0.007438496418444707+0.005792921100532394j),(0.010727079094421048+0.0018921507005688065j),(0.0032674532707211443-0.0004887411228053085j),(-0.004149030148283413+0.0024763917361462703j),(0.0074564935510561+0.002620584146123317j),(-0.00027934635525807034-0.0009605508349042102j),(0.0006477427167106282-0.001260446755935645j),(0.0007541423100871203+0.0031304129341525417j),(-0.0006902644387279044-0.0006815526842489524j),(0.0011273472637198536-0.0017217969038393162j),(8.912672862851703e-05+0.0031194562373053065j),(-0.0003982006808117335-0.0009960394342829195j),(0.0007938896723545274-0.0013614937276592305j),(0.0005132256893802277+0.0031373743246657744j),(-0.0011688976881936753-0.00021793349286573348j),(0.0016375924261843276-0.00220885249330041j),(-0.0007156695446073612+0.002963067361691359j),(-0.0012347208284961986-0.0001535913769914821j),(0.0016575651659941396-0.0022383449048295027j),(-0.0008143422146790589+0.002949723220697401j),(-0.00117783742375676-0.0002082437366766523j),(0.0016765390921455242-0.002240237208388835j),(-0.000738168146376607+0.002953056927715191j),(-0.0009986793039306358-0.001040227487751389j),(0.0013971388099165189-0.0017791975616851144j),(-0.0006852591757642585+0.003084723396714604j),(-0.0025000318546125966-0.0007595736162190865j),(0.0024497809887348053-0.002445468455039036j),(-0.0037242677888127958+0.002385936202137553j),(-0.002682376195598764-0.0007463857252655286j),(0.0025319728164560386-0.0025390391786646277j),(-0.004045032382979421+0.0023770047101773573j),(0.005267001910443486+0.0005948739082172882j),(-0.007441964422243376+0.005796497550453611j),(0.010726476200789887+0.001887017442181095j),(2.3515403314668983e-05+0.0003168944094971331j),(-0.0011672207332077593+0.002659010564036956j),(0.0028771631818252995-0.0006981460304281671j),(0.0158175473548053+0.021653439975663574j),(0.005009845182947396+0.0006610531778633774j),(-0.006824685678957165+0.005491226705642227j),(0.00954495263238777+0.0012175406841513428j),(0.0034113208848686703-0.000582959232386896j),(0.0022086407721229884-0.002612489335688112j),(-0.00049577322563957+0.001197670686332595j),(-0.00011061243901164171+0.004347562647097134j),(0.0026485417307178347-0.0021455861745877016j)
47,(-6.660615864924907e-06+1.1866841431487039e-05j),(-1.602213019602877e-06+1.015361953889839e-05j),(8.262828894928339e-06-2.202046096795211e-05j),(-4.906991760384059e-06+1.1126701509225294e-05j),(2.7104029835462624e-06-2.376423282969519e-06j),(4.56166921122865e-06-1.3933907165820889e-05j),(-0.00019316112219546503+0.00029894524555856925j),(0.00025982454221597-0.0006014802724125256j),(0.0003870890936638488-0.001589131309749583j),(-0.000341027685785321+0.0005690063101835749j),(0.0003843331609892577-0.0009143603986634199j),(0.0005752244963832986-0.0025187069485621376j),(-0.0035215683049650472+0.007585146150071494j),(0.001465920674735737-0.004283147663004399j),(0.002239717380570213-0.016099654865945424j),(0.0021122169995046055-0.005180041882864382j),(-0.0028211036668759544+0.019181629830142405j),(-0.002455129000351221+0.005623966685200755j),(-0.0018820075698602428-0.007208571762452977j),(0.001924704008634112+0.0014144711073356825j),(-0.0017657486397168521+0.00028423276975075677j),(-0.0006357561712668855+0.0034404535601798847j),(0.0021388630813878535+0.001209119269295865j),(-0.0018004397822319372+0.0003160778927178316j),(-0.0006650861862423326+0.0037585385834368657j),(0.002138184762938031+0.0012054408748743504j),(-0.001800011867807639+0.0003165691005594974j),(-0.0006653065800167314+0.0037601909209095384j),(0.002081379540249146+0.0011254647519779518j),(0.002246356987709277+0.0009174919316383614j),(-0.0017861835253305503+0.0003671199446174979j),(-0.0006864685409740145+0.003781352146974044j),(-0.0018547883156116286+0.0008017818435762866j),(-0.0016021234950398923+0.0036446755133807632j),(-0.002058209011914424+0.003897322343182506j),(-0.00011621186481238887+0.002397812643262996j),(-0.0012274148071730953+0.003123038487014607j),(-0.0015009888250133406+0.004089122406428891j),(-0.001918579252888872+0.0007879578819371142j),(-0.001463352996978819+0.00370843489050195j),(-0.001977140439320244+0.0038234418582461785j),(0.0033719860654816574+0.0015290253127789206j),(0.005607106603727961+0.002709028427967938j),(0.005253382951210521+0.0006420784682826602j),(0.003254309398782572+0.0014311470597259957j),(0.0056054983016455735+0.0026213047163589163j),(0.005264637529386674+0.0005938326288248462j),(0.9798065688168157-0.018806965790823162j),(0.0021707997559698078-0.01700078194173328j),(-0.0032446469993070545-0.006627553475011146j),(-0.011668274382574888+0.002913557009954215j),(0.00021898914394528188-0.0007862867043644285j),(-0.0024668162695015805+0.0014096811051513697j),(0.0011573274487718791+0.008511075758216986j),(-0.0005723074091031406+0.00863240393288859j),(0.00016670175078258161+0.008560395212327772j),(0.0026744446055643077+0.005660560918758604j),(-0.0004525440034491158+0.004918637533072679j),(0.0002847393710115417+0.0037738285174086852j),(0.0015499496756084946+0.008985721240148405j),(-0.0006593456275308091+0.00902019209713125j),(0.00022489113874885741+0.008944943016110459j),(0.004656759967321801+0.0012542701728952138j),(-0.00023269793225815395-0.0031647206806453155j),(0.0003554823869874196-0.005712745057535978j),(0.004886490662916951+0.0007886841358278364j),(-0.00020000744824559004-0.004002111450383507j),(0.00036934467808533443-0.006826085147372284j),(0.004720741248068996+0.0010688304777161164j),(-0.00022906483359545803-0.003536051675693288j),(0.00035301417635689514-0.006057911947915728j),(0.0033172261075907427+0.010273938901115639j),(-0.001299256921093529+0.007922917540487046j),(0.00018683093097763247+0.007612899797584836j),(0.005672064556583337+0.008236223816447216j),(-0.004790051757431288-0.004548885351220516j),(-0.002134505979144829-0.005817051151308587j),(0.005914787388939687+0.008138475239250065j),(-0.005161182354929982-0.005631858551445981j),(-0.002383220632460583-0.007011608117651821j),(-0.020110523534983098-0.0165350004562253j),(0.002287540911020955-0.008073170842081763j),(-0.0032239730174662452-0.003388947058769416j),(-0.005228174275581217-0.006334965552930574j),(0.0006117072741380044-0.0029020380980146736j),(0.000636595445449346-0.0014244873832022983j),(-0.00011954241473904393+0.0017814035530597612j),(-0.01859877103381418-0.01645553621902111j),(0.002209039346568195-0.009005995611878632j),(-0.0029504426480701992-0.0037090454859715107j),(-0.01156935685149342+0.008475001734099184j),(-0.000331088897193416-0.006202292108586848j),(-0.007350551993459009-0.00287574042708612j),(0.0001381217554919645-0.005645122595597702j),(0.0009691573619646115-0.0037614070905599194j)
48,(2.0389354792487208e-06+1.3720887594924531e-05j),(1.593162445870802e-05-3.0941815117159473e-06j),(-1.797055993510028e-05-1.062670608164986e-05j),(6.9151031783591805e-06+9.321638032412837e-06j),(4.649105752760237e-06-6.294657214469267e-06j),(-1.3481697887893005e-05-2.807458120041727e-06j),(0.0004078615049778987+0.0006898074050250259j),(0.00025552637237726076-0.00036688141988261555j),(-0.0012212004011676804-7.629209079202184e-05j),(0.0005978887431776444+0.0011017669671303043j),(0.00036355327788561845-0.0005962659856894562j),(-0.001969092963440061-8.574510382613381e-05j),(0.0021097986617024+0.007371985058388764j),(0.0008996606337017918-0.004513253134060729j),(-0.013754379307738585+0.0007833691277177035j),(0.0010482033082078348-0.005965471644335897j),(0.0026567300776694355+0.004743595862232478j),(0.0027233826370262997+0.0009892513104926993j),(-0.0007202235657089204+0.0059088832864675755j),(-0.004147984193950989-0.0028776323942284413j),(-0.003288603913599277+0.0014164283717505548j),(-0.000638480590431788-0.0027353581274741834j),(-0.0044993034453906285-0.003142423288218717j),(-0.003414087274269671+0.0015559470395313107j),(-0.0005720732833686093-0.002857744776538781j),(-0.004495621416032664-0.003138999993416364j),(-0.003412197564987492+0.0015599509519842736j),(-0.0005683917180529357-0.0028553165352051893j),(-0.004283592272365421-0.002934313105827132j),(-0.004640439264152946-0.0031747318132800545j),(-0.0032902877168970203+0.0017489983450155316j),(-0.00039316756817565137-0.002691603288717889j),(0.007719841455725625+0.008263958932442018j),(0.003482918795519552+0.01039982722815266j),(0.007879310506956944+0.005838512553786762j),(-0.00022987070950021777+0.001855480024134827j),(0.001085720597796841+0.002807524746832016j),(0.0035546892372369326+0.011707920820419788j),(0.008057197206603688+0.008613747033759046j),(0.0036375750733575445+0.010365170682618021j),(0.007905661806381088+0.006145805641276407j),(0.00010038327124836524+0.005819509444861461j),(-0.002629629658536998-0.00035859532274282527j),(-0.0073874532425576575+0.005904758202771268j),(7.799187339586704e-05+0.005654671545308552j),(-0.0026927343643139558-0.0006306589595581136j),(-0.007438496418444707+0.005792921100532394j),(0.0021707997559698078-0.01700078194173328j),(0.9691080185355838-0.013233452131244697j),(0.007122995522585229-0.007163282534372609j),(0.0019587000222486385-0.0028370096848880574j),(-0.01553032086887008+0.003924533642202051j),(0.0049611486884093775+0.0008714794703387138j),(-0.0011456934356085622+0.005316103827747226j),(0.0014416696651827086+0.004934731707383086j),(-0.0011713826868459166+0.003003363730689297j),(-0.0017200922687576163+0.0025068148244342652j),(0.0034844233795138626+0.0049481663196404005j),(-0.0013057513075248237+0.0004996832804447537j),(-0.0012386389603413156+0.005701256775478818j),(0.0019153347903778767+0.004993502971832387j),(-0.0014419550479896016+0.003257325515795129j),(-0.002656833807950957-0.0033538686435663455j),(0.005494434892773336+0.0051406069549457655j),(-0.0015578600657865003-0.003637073560071361j),(-0.002817394710239083-0.004044286544504765j),(0.005574228107813404+0.005185355923037548j),(-0.0016253284184334074-0.004101075439973636j),(-0.0026584563536956635-0.0035555186191223997j),(0.005644264762241144+0.0051485561330186485j),(-0.0015438656906086713-0.0037835456120102707j),(-0.0017670059837583936+0.005619615784581129j),(0.003939157473652399+0.0054435672004666084j),(-0.002670359539918598+0.0035716494052777875j),(-0.003079418280368161-0.0007425811821299274j),(0.008040814986015292+0.00583763999874563j),(-0.005126860614538401+0.001023176337165834j),(-0.0032072235278804736-0.0012217212999955625j),(0.008496783308864612+0.005985171609266269j),(-0.005387706591248271+0.0008691544342141842j),(0.0022846193004798874-0.008069978211202387j),(-0.03067849767345486-0.007008879550924039j),(0.007161079349805031-0.008605664372966084j),(0.0005488852677074735-0.002609281913129931j),(-0.005735508936375718-0.005472738564199338j),(0.0013486464316667468-0.0031934593695138796j),(0.017033709818257407-0.010436099306343332j),(0.0021718783704902976-0.008953114801240185j),(-0.028603841304784106-0.007948108546982255j),(0.006634424866777018-0.008075539304915814j),(0.0018952985203978517-0.005125276587341588j),(0.007632026859594911+0.005422394541595162j),(2.9671265004278017e-05-0.007102048131769419j),(-0.00716159501674776-0.004748084054870353j),(0.0012029242642276796-0.007348526038738077j)
49,(1.0083789195195175e-05-2.0399751658299194e-05j),(-8.33187314402685e-06-2.1984397475256984e-05j),(-1.751916065042285e-06+4.238414913069483e-05j),(6.011057143310255e-06-2.1657760765952784e-05j),(-5.533907126425824e-06+1.5395993588392725e-06j),(3.8764339245870596e-06+2.6577853243302994e-05j),(0.0008779751256856466-0.0011192691336992658j),(0.0001525417921776529+0.00040631562227675137j),(0.0009477100145563702+0.0024930445902806644j),(0.0013279573286050733-0.001844578351942423j),(0.00016162725993106389+0.0006431959357878622j),(0.0014431976402740799+0.0039694022995723j),(0.0059594117849335665-0.014973680936913482j),(-0.0022533223698052215+0.003926120276033392j),(0.006797447883374766+0.025970520030797493j),(-0.0031398047763029737+0.005527525541665565j),(-0.0019000796595773338-0.0293680892625319j),(-0.004715015205347777-0.012833994233808228j),(-0.002981158474112489+0.003064165391945278j),(0.0007561234891780351+0.007783675856196723j),(0.001434717181672685+0.007868942439679184j),(0.0004503945878255723+0.001960640868933575j),(0.000746590853658864+0.008950168242011643j),(0.0014988133637925333+0.008090390206992308j),(0.0004698249303675681+0.0018102983454058343j),(0.0007446998871062793+0.008953570045910617j),(0.0014976858098830403+0.008088439156938439j),(0.00046877907223846413+0.0018072232905355584j),(0.0006373510326739024+0.008911835095922603j),(0.0008309257145735004+0.00931330732765123j),(0.0014114490330341448+0.007881615011142037j),(0.00040325442942452396+0.0016611104197833933j),(-0.005451809811787219+0.00044193017391054665j),(-0.0035022041778539183-0.004490955363711569j),(-0.0031666823579540645-0.0054383562631726175j),(-2.6381583696489143e-05+0.00036602212597966824j),(-0.0003920041002095612-0.0016654684925578866j),(-0.004067920139122077-0.005847592423868996j),(-0.005485642625740417+0.00017983753283284422j),(-0.003448572474817107-0.004733504552284853j),(-0.0029991578916011914-0.005533430623588956j),(0.003763968753602363+0.0014908992299674352j),(0.005730253037660039-0.0002576200589404498j),(0.010853198769522895+0.0018476829981697342j),(0.003791231446668099+0.0015374350147897816j),(0.005743102133415207-0.00012486551555170727j),(0.010727079094421048+0.0018921507005688065j),(-0.0032446469993070545-0.006627553475011146j),(0.007122995522585229-0.007163282534372609j),(0.9698883417507721-0.02143361588256427j),(-0.001568290784583805+0.0006791943127341j),(0.0043376754674907415+0.0011759175799514934j),(-0.01581456824720435+0.0027155639190691774j),(6.717665976191015e-05+0.006660715420139267j),(-0.0015178768002828498+0.0024073964416891406j),(0.0015878575113898066+0.0013109196824424322j),(0.0008358960322017819+0.002344553997464567j),(-0.0007610598502300246+0.0019943248070985187j),(0.0033575450399792495+0.0013107776548138281j),(-1.7990218050615713e-05+0.0070067641838208496j),(-0.0018977469705892883+0.0023747027674720965j),(0.0020948507026508495+0.0015432750487021866j),(0.0009714818283939658-0.005898153999197887j),(-0.0002721503858275763+0.0008071792220031362j),(0.004540389474833115+0.0036810685985445377j),(0.000982650060630368-0.006848693052639897j),(-0.0001996803534790358+0.0007415234661796999j),(0.004662098794475364+0.0040392795584286816j),(0.0009705384433794449-0.0061926699795399245j),(-0.00026933947978821296+0.0007293344935667585j),(0.004576642384519551+0.0037444225507361883j),(-0.0006456536211533457+0.006049316105654831j),(-0.003616307705458554+0.0015865721779066734j),(0.004168167634269104+0.004277792012164117j),(-0.00223514605102167-0.0034504166943294633j),(-0.006685799774242966-0.0021973385459181953j),(0.008406959199622702+0.01471495814243187j),(-0.0023926959905408124-0.004204444166161005j),(-0.007020017680991401-0.002474115955324891j),(0.008901780364600284+0.015824422268938626j),(-0.003225522668984618-0.0033881850745058825j),(0.007162797288045247-0.008606890076436877j),(-0.029811778403909014-0.009448477414963248j),(0.0008432703953557257-0.0004091407024112417j),(0.0022281070834621807-0.0020961553214869037j),(-0.005982241445753865-0.005033162621775982j),(-0.0041970750791688605+0.009908549501792083j),(-0.0030060828711207096-0.003683338595714007j),(0.006754215968708608-0.008126168618082782j),(-0.02766757005842558-0.011134778001879488j),(-0.0021769113394662647-0.002511566663774667j),(-0.0005918634605276054-2.6206487922708285e-05j),(0.0029832229044273414-0.0020435809677678794j),(0.0029899694168590792-0.0048037999690004034j),(-0.006626638504412778-0.0029149248704590913j)
50,(-5.272165032347205e-06+6.653362077535947e-06j),(-2.7663070992541337e-06+5.515032867406141e-06j),(8.038472136891849e-06-1.216839494434881e-05j),(-6.1254738129625305e-06+6.61139903684806e-06j),(-1.1159282798779134e-07-9.56451114663261e-07j),(3.0422656457614173e-06-7.228141241678746e-06j),(-0.0007675575318291506+0.0004328716643175381j),(-0.00039751073528879584-8.13924579924801e-05j),(-0.00011949294064273592-0.0006331616634221667j),(-0.0010976110737733482+0.0006759165499555359j),(-0.0005156137488593052-0.00017243224045672629j),(-0.00011218494103425235-0.0010651784543587312j),(-0.002542275680573713+0.0041359615747754265j),(0.0010355634387733282-0.002695587628184169j),(0.0021505890509082607-0.009131841509433669j),(0.0016582707520324813-0.0032274965855136357j),(-0.00010151323448624359+0.01092752658253996j),(-0.0020291850032241694+0.0028283014994764915j),(-0.003343368352565078-0.0039086660275648236j),(0.0012497214945561877+0.0003224048614180741j),(-0.0010818393793470354+0.00016790885254212677j),(0.00015927047070775835+0.001515645380158537j),(0.0013348130058186921+0.00015394770148737837j),(-0.0010850738152489805+0.00019413429874498393j),(0.0001925918203746984+0.001690554428933825j),(0.001333660253705226+0.00015200494846164501j),(-0.0010845539050813352+0.00019456708037684026j),(0.00019256502969591555+0.0016919925275163397j),(0.0012719020605604543+0.00011672255577689812j),(0.0013812507600023958-2.2388740010313365e-05j),(-0.0010675834859114996+0.0002291772138066587j),(0.0001696450226337735+0.001731523684661709j),(-0.0021865039184151094+0.0005545262963609389j),(-0.0006855434864257138+0.0023545467717378176j),(-0.0014466218934407345+0.0031036711725130773j),(-8.487942877182463e-05+0.0007294974909377869j),(-0.0004397934897961936+0.0011228593717509234j),(-0.0004023330938421197+0.0025543335868741367j),(-0.0022232465438987515+0.0005765140668342432j),(-0.0006318664154256869+0.002404592016670512j),(-0.0014323487845122804+0.0030819746192693796j),(0.003864384587889538+0.001162155706170417j),(0.0032258262554006006+0.0018241073679903389j),(0.0032504618462676203-0.00044385722915489653j),(0.0038290879223927534+0.0011694601809607783j),(0.0032279429897171825+0.0017588887637386263j),(0.0032674532707211443-0.0004887411228053085j),(-0.011668274382574888+0.002913557009954215j),(0.0019587000222486385-0.0028370096848880574j),(-0.001568290784583805+0.0006791943127341j),(0.9867078865062108-0.004870368823275633j),(-0.0009487687550483848-0.012312304033522266j),(-0.0035649119913658952-0.006582660500977873j),(-0.00032859438370967756-0.0019391318096184378j),(-0.0012705932570573253-0.011299687416889796j),(-0.001206850542721214-0.011268327833073218j),(0.00128821090356326+0.0019312164738767758j),(-0.0012043605185057195-0.0073312862793930116j),(-0.0005109576815562587-0.004619013721467174j),(1.8500607711064267e-06-0.0020379770777283067j),(-0.0013812374523351607-0.011422836161441477j),(-0.0012862153229171198-0.011669902152325062j),(0.0029327715689035803+0.009526771179367382j),(-0.0018195466099906652+0.0004661843001439389j),(0.00025785283234703595+0.0054767825678357805j),(0.0030974272819469907+0.010623281502023373j),(-0.0019209044230330454+0.0014292663346618258j),(0.0003528393271375096+0.006581838126503953j),(0.0029923642327367517+0.009749077277746553j),(-0.0018374696939767296+0.0007370237641391641j),(0.00028253308270363025+0.005837473604009951j),(0.001090918296588615+0.00042918031776000357j),(-0.002238204529916658-0.007306479661299577j),(-0.002060266729030138-0.008637507368109726j),(0.003205148822438164+0.013460145723185562j),(-0.001574587383177839+0.012365159497235264j),(-0.0009201256957828527+0.006330328760668664j),(0.003508722146258688+0.014972026533317726j),(-0.0014269885676295544+0.014379778505074256j),(-0.0007363486714757837+0.007844309774133527j),(-0.011663748712113734+0.0029201334003291345j),(0.0019627222258156362-0.002835445573364794j),(-0.001565134547939222+0.0006846339611927509j),(-0.0020535109347443172-0.0017473953798163803j),(0.0001733359252465887-0.000735428575746851j),(-0.0002681784555123882+0.0003633397352282453j),(-0.0006130910193563308-0.00041693288041858294j),(-0.010530289495581834+0.0027485272932711814j),(0.0018047022814347976-0.0025620424194074615j),(-0.0014421708028935693+0.0007483926758587271j),(-0.008983684578407527-0.022747904404231096j),(-0.0019255452548643864+0.0013190105784646458j),(-0.0028224643485371195-0.006184763540759921j),(-0.0007605368695974678-0.004136500056210936j),(-0.00013831128143963414-0.002876880698378858j)
51,(7.815134771831143e-07+9.620233874484669e-06j),(8.252813529288675e-06-2.8368382872605814e-07j),(-9.034327005345245e-06-9.33655004484506e-06j),(2.2971975344620543e-06+7.611732564154886e-06j),(1.4420045265428452e-06-3.332719875505929e-06j),(-7.947980401046134e-06-3.0225721677565563e-06j),(-0.00015945043213289083+0.0007457527633186155j),(-0.00022404127621602032+7.785625417363901e-06j),(-0.000975087002589832+1.7453887149895928e-05j),(-0.000189089566683782+0.001126819141645909j),(-0.000291497133826403-5.4343907290409026e-05j),(-0.0014899797357358349+5.036808056125197e-07j),(0.001250986945478357+0.005123952018210035j),(0.0006035462069120493-0.002956665356756411j),(-0.007386478645323852-0.001010122789575524j),(0.0008779169402313073-0.003938628767206074j),(0.0020403753257892715+0.0025381610866581925j),(0.0008169351159406672+0.0006219292427438626j),(-0.0005759953604617043+0.003890767605834601j),(-0.002433643613940535-0.00159750963434384j),(-0.0015340292181125546+0.0008644748042433113j),(-0.0002537067517838561-0.0020205224843693804j),(-0.002650653682075322-0.001736850818589989j),(-0.0015908647276044558+0.0009433064949673567j),(-0.00020939341995186085-0.002103392049172738j),(-0.0026486023374116376-0.001734692665749874j),(-0.0015900056043852697+0.0009456194975597035j),(-0.00020730039512559023-0.0021015446702576115j),(-0.0025270744014616988-0.0016099066623866546j),(-0.002775217148140538-0.0017104522050379063j),(-0.0015366130008765792+0.0010549327074640385j),(-0.00010926987390573979-0.0019813540791096844j),(0.004672479538868059+0.0048883169824423985j),(0.0016034042846202207+0.005977449087591891j),(0.004575273852763337+0.004090025708509942j),(-0.00032831585549945885+0.0013431667272284572j),(0.0008667886038549697+0.00174125046557831j),(0.0014054592249991798+0.00630618903852168j),(0.004894086075165839+0.005087300179297717j),(0.0017233069442547226+0.006031855974470048j),(0.0046009883495153+0.004302258007492043j),(0.0003385910556173941+0.0019116481518502704j),(-0.00040731265679012083+0.00023424042133180309j),(-0.004122017998934652+0.002520141943536197j),(0.00031770867021998724+0.0018269480636592724j),(-0.000423097681364558+0.0001470973127086708j),(-0.004149030148283413+0.0024763917361462703j),(0.00021898914394528188-0.0007862867043644285j),(-0.01553032086887008+0.003924533642202051j),(0.0043376754674907415+0.0011759175799514934j),(-0.0009487687550483848-0.012312304033522266j),(0.9818996490476447-0.036926925128255j),(-0.0012556789388718653-0.024684110158014885j),(-0.0036760732401033853-0.024037919643770934j),(-0.0013104825851043731+0.006898510304141663j),(-0.0008293378337072369-0.004873387570969095j),(-0.003181183192334005-0.013478866316559413j),(-0.0002784491419888902+0.0057660191152140924j),(-0.0014997007093224325-0.0012117134599623266j),(-0.00368849864535065-0.024823512826789264j),(-0.0006394214750231196+0.008214784179074047j),(-0.0007440610233383244-0.00436322714836437j),(-0.00019921516191712997+0.011024959915430985j),(0.0021455291021269863+0.0018869708226061759j),(-0.001341417855139394+0.0038526086409971265j),(0.00011911611709597458+0.013746331690151822j),(0.002355767766523378+0.0008471181218626684j),(-0.0013726074422615896+0.0041811342084279255j),(-7.187786324605388e-05+0.011975465896532844j),(0.0022687966443772243+0.002044887059277559j),(-0.0013079145519437755+0.004129391254182371j),(-0.003019112488025265-0.020309101313859056j),(0.0023480953355525906+0.011035878960745683j),(-0.0006971129871738951-0.002148897888141899j),(-0.0009859861308213816+0.01555029921680891j),(0.006097350479672019+0.010772675802601144j),(-0.00345998189218943+0.004919131987461968j),(-0.0007348809197456461+0.018943254582433504j),(0.006550556352932003+0.011147682433698413j),(-0.00366616006718989+0.005791198220432283j),(0.00022030446864302144-0.0007811924907463411j),(-0.015525571377568704+0.003973588723743638j),(0.004344312487780966+0.0012135964058048905j),(0.0010601988077761136-0.001182450955146499j),(-0.004222379963817555-0.001951589394172528j),(0.0012692707627538716-0.0005147393030439078j),(0.009664790898618315-0.004910359882628819j),(0.0001311941362791538-0.0012134880377868834j),(-0.014290042858626843+0.004912967642512962j),(0.003966103937162449+0.001837463145367037j),(0.0031641649535156897+0.003988207945642894j),(0.0031183833181092652+0.008118577060706317j),(7.623769126778684e-05-0.006096488850265466j),(-0.00353180091525138-0.004443549793421072j),(-0.00044924580402014546-0.005151594967672814j)
52,(4.463379080846511e-06-9.048583166452542e-06j),(-5.7344267833588395e-06-1.2248394397761124e-05j),(1.271047694320783e-06+2.129697756371234e-05j),(1.1347454088990781e-06-9.864148583879545e-06j),(-3.978620427834647e-06+4.2913569498738963e-07j),(2.5018535244113604e-06+1.4383671246436606e-05j),(9.39467298337333e-05-0.00026720547750873575j),(-0.0002320193022057134+0.00039824449468394205j),(0.00033351742563617764+0.0015382222967016404j),(0.00019387844241400116-0.0005115323045089069j),(-0.0003344138546421026+0.000581311806275615j),(0.000555478784296298+0.002405303893548082j),(0.0028454099198331785-0.006896236460220817j),(-0.0010382370736176224+0.0017156025201283155j),(0.00441490037568478+0.014078209718104586j),(-0.0014448496143290761+0.002407669636450364j),(-0.0008597738746489634-0.016370893508001153j),(-0.002780936204298335-0.007388975862401917j),(-0.003008752783988722+0.0014404265869554529j),(0.0005345748320047859+0.004422551555758911j),(0.0009436474709096653+0.004659395940284259j),(0.0003058850721986672+0.0007503221886713354j),(0.0005303287009276033+0.005076090125022481j),(0.0009832206131174471+0.0047901353058706j),(0.00032758795788326517+0.0006743851529148726j),(0.0005291133107642579+0.005078033236002125j),(0.0009825094841648735+0.004789039640513035j),(0.00032688021766538484+0.0006734315660602559j),(0.00046188569866384476+0.005055944852134307j),(0.000549855744896033+0.005319983975310945j),(0.0009286478191480496+0.004670559818770186j),(0.0002767967836839957+0.000627890105543242j),(-0.003117772170972792+0.00012814940294068357j),(-0.0020507646205287044-0.0025237536409567093j),(-0.002417418936284009-0.0018392125386067536j),(-0.00013899248637942946+0.00042997690685751025j),(-2.5670543847274767e-05-0.0008576694342161944j),(-0.0022604831301543684-0.0036850144586673297j),(-0.0031405398518496463-1.7987151000794024e-05j),(-0.002043081742996982-0.0026133278981870507j),(-0.002314978685727901-0.0018037639165733102j),(0.0024882152706174076-0.00023028346524952246j),(0.0033924416697482954-0.0004068817167392231j),(0.007500291622415684+0.002525779965552581j),(0.0025043134398300393-0.00020401194140619587j),(0.0034052515474496834-0.0003085468264708499j),(0.0074564935510561+0.002620584146123317j),(-0.0024668162695015805+0.0014096811051513697j),(0.0049611486884093775+0.0008714794703387138j),(-0.01581456824720435+0.0027155639190691774j),(-0.0035649119913658952-0.006582660500977873j),(-0.0012556789388718653-0.024684110158014885j),(0.9830257437127308-0.054895237911788346j),(-0.003928503532126776-0.03290256359697746j),(-0.0008767799160640482-0.003512969693939659j),(-0.0022669091107438114+0.018853861678773197j),(-0.002944660595828861-0.018559080134216276j),(-0.0025720244132919927-0.0020700132279971983j),(-0.001037483432008277+0.015269492435550851j),(-0.0038346210564345435-0.03393468754820231j),(-0.0006500830696636415-0.002678636739211206j),(-0.0016242842653654312+0.020837367043930927j),(0.0020801098656889573+0.01312012639242207j),(-0.0023261932701442853-0.0010573760328163309j),(0.003248347169483788+0.0006667209346083924j),(0.00266845695322357+0.016724873173998886j),(-0.0023431930435010226-0.0015480436010982053j),(0.0037325117210175954-0.0013195874691893476j),(0.002275049952916785+0.014299992336615094j),(-0.002273039366480234-0.0007428883586964394j),(0.0034192543021761197+0.0002526480969268687j),(-0.0025079910970214475-0.027254544968956282j),(-5.955831981395855e-05+0.0006862227063742111j),(0.001694291320634865+0.022408348894612372j),(-6.736197329140672e-05+0.019551081084377402j),(-0.0036502431242281946+0.006598672310841285j),(0.006018785942911823+0.0030415815448642624j),(0.00021074620528002948+0.02384045612875893j),(-0.003937210709205872+0.007400457460504306j),(0.006498672335369145+0.0016856641754185633j),(-0.0024651958615119654+0.0014162617592265482j),(0.004969303048830653+0.0009083896116404075j),(-0.015811426786219808+0.0027812453247239455j),(0.001505304647748185+0.0020470967072647823j),(0.0003133811565318215-9.299739659702848e-05j),(-0.003471524317995186-0.004132122676184179j),(-0.002899101311882114+0.00491877553074449j),(-0.002325156516842908+0.000683991129368235j),(0.004620195999877464+0.0014560993599990538j),(-0.014634944542296793+0.004352643839173234j),(0.0008911141158558995+0.016453837226802343j),(-0.001296805063604512+0.004923936321220637j),(0.001783283606564376-0.00405399796048591j),(0.0016244394391532794-0.0034787843163022274j),(-0.0041351887018613665-0.0020061566824780422j)
53,(1.1544529084934244e-06-1.269715061579912e-06j),(4.7134235768927916e-07-2.0123169829160824e-06j),(-1.6257952670231918e-06+3.2820320438748465e-06j),(9.561763111360384e-08-1.1277428265983504e-06j),(-1.2240435563111085e-06+3.1870124895297336e-07j),(-1.769387199195983e-06+2.61020143612987e-06j),(-0.00024016966867670226+0.00014815551985042114j),(-0.0003183940343428368+0.00024183077750427576j),(-0.000344182188658067+0.00042911034375073514j),(-0.00030608568274663445+0.000173645233312518j),(-0.00043476894554650365+0.0003335555174656447j),(-0.00048722927676829756+0.0006445248752199872j),(0.0008588569281418282-0.0012747563995293204j),(-0.00015954939519037797+0.00022472647896691145j),(-0.0009395585353411074+0.002778007321691038j),(-0.00014831944977962376+0.00021066124035040452j),(0.0010218982562246828-0.003976592885401203j),(-8.757605389689228e-05-0.0009706750011610646j),(-0.0008531590405661006+0.001740341878516785j),(-0.00040230621963355815-0.00031163491865046026j),(0.00028482209477782275+0.0003031221871649516j),(0.0004306164514428875-0.0008964829682386337j),(-0.00045447100014207235-0.00026492829910630656j),(0.0002911625048411296+0.00031120077160564784j),(0.00046012956005859595-0.0009618892811710337j),(-0.00045420327932317936-0.0002637890141644767j),(0.0002910504827152588+0.00031141451262960834j),(0.00046023057091766254-0.0009617332344932915j),(-0.00043434058967988437-0.00022970237395090527j),(-0.0005198723512475564-0.00020476114373336595j),(0.0002840123576565741+0.00031479383937133714j),(0.0004588427525747591-0.0009405574379992267j),(0.0010708399227440807+0.0006954442715100558j),(0.00011687603643766381+0.0002337867809925683j),(0.00041453523127758037+0.00019937253101948334j),(0.0001307531916500905-0.001129777857710916j),(0.0006345046030294338-0.0014786864331278798j),(8.017873008679536e-06+0.00013565529493680473j),(0.001128085125717712+0.0007601730843384704j),(0.0001162942174404408+0.00022322696422592716j),(0.0004038094588021002+0.00022698191773713782j),(0.000516699590070851+0.0016873300869478618j),(-0.00030101354523286514-0.0009557615413611628j),(-0.0002749897755755864-0.0010065917366320941j),(0.000514848640064393+0.0017382301558437681j),(-0.0003055401229556001-0.0009288639290650012j),(-0.00027934635525807034-0.0009605508349042102j),(0.0011573274487718791+0.008511075758216986j),(-0.0011456934356085622+0.005316103827747226j),(6.717665976191015e-05+0.006660715420139267j),(-0.00032859438370967756-0.0019391318096184378j),(-0.0036760732401033853-0.024037919643770934j),(-0.003928503532126776-0.03290256359697746j),(0.991719371124457-0.014651382373854762j),(-0.001395987023454858-0.014082494623871428j),(-0.002022324074801662-0.011182543305506394j),(-0.00659339041144183-0.0008976885257419188j),(-0.0024154906699727736-0.002457334232300637j),(-0.0023541016043768085+0.00022697336446527664j),(-0.008244525034148676-0.010797081462214083j),(-0.000938439824038436-0.0030141198255201804j),(-0.0017386096689116213-0.006162414343172771j),(-0.00048599161006828773+0.011998835650984377j),(-0.0025561046871337635-0.0044143258753692755j),(-0.0015238699764830125+0.005290302359203619j),(0.0002560998652917255+0.011729574480115846j),(-0.0024975150712332793-0.0066539157347063815j),(-0.001434893252662852+0.004877922761131547j),(-0.0002749152226374376+0.01293895521539681j),(-0.002604877932082543-0.0036898258987267145j),(-0.0014806044634387144+0.005776163452035502j),(-0.006056752054945706-3.117066076831253e-05j),(0.0007623227595804667+0.00586236366428465j),(-0.00032571243474201265+0.001900433468348515j),(0.0022349380925081016+0.017932909920173344j),(0.0020181868867091995+0.009757834814363485j),(0.0003820296925167819+0.007513944723438165j),(0.0030517538514331284+0.01966775130905163j),(0.0022496341519880805+0.010293583556941894j),(0.0005364365307186152+0.008143772393686721j),(0.0011591141115819654+0.008524306612142181j),(-0.0011422186487989715+0.005355925830881298j),(7.262840405920519e-05+0.006714526077934651j),(0.0014839618742706867+0.0036502371449405775j),(-0.00039717449550452107-0.0008192102474857822j),(-0.001020629260321451-0.000986135102391995j),(0.0002345101403134141-0.0017814781697434185j),(0.0010407918491364388+0.007495486592186312j),(-0.0011061833729445367+0.005681246729501968j),(3.6829129135441865e-05+0.0073717651434616685j),(0.004113001536836951+0.008652096087955266j),(-0.0038866403620437294+0.01088569983011081j),(0.001497674510033916-0.0032733512850066453j),(-0.0007247766455616302+0.0004631224352370349j),(-0.0004323479906174399+0.0002831546290113656j)
54,(2.903863829678672e-07+1.2802644982197542e-06j),(-1.17838246462798e-06+1.4857772896675978e-06j),(8.879960809548475e-07-2.766041787141294e-06j),(-1.0033303784478207e-06+1.866222678543358e-06j),(-1.3304805296251033e-06+4.1332603012992734e-07j),(1.4939915093719652e-08-1.2700611043846337e-06j),(-0.00027410264334083105+0.0002902457528346366j),(-0.00030324760638228036+0.00019782231926261076j),(-0.00018698806690679035+4.2928236219443765e-05j),(-0.00036382468415388177+0.00040408629356404363j),(-0.00041224739950631564+0.0002629137354671863j),(-0.00023277087683883029+2.711669885292192e-05j),(0.0003162054707740797+0.00045846727603463634j),(-7.829710973275244e-05-0.00023794850416786466j),(0.0009070767693273257-0.0013650703313424406j),(1.680927619076186e-05-0.000383013867311349j),(-8.642620653291495e-05-0.0009881162207211458j),(-0.0007806622125607818+0.00015901767317586944j),(0.0007041311988436145+0.0002404440938350988j),(3.815963550191353e-06+0.0006639004035513742j),(0.0006772417266063539+0.00028926711266937763j),(0.0001452852095952947-0.00035520145777134175j),(1.323703100127938e-05+0.0007428128920791275j),(0.0006964152566202494+0.00028626215731584803j),(0.00013269757128308093-0.00036759198738618357j),(1.3434275137383682e-05+0.0007428399614130493j),(0.0006959570084341119+0.00028607768850409904j),(0.00013232675663042747-0.00036727869096622934j),(2.228459020507808e-05+0.0007349631763027891j),(-5.19401813492338e-05+0.0008159572030339969j),(0.0006671220248957253+0.0002769010025153752j),(0.00011825753979809808-0.0003498547260042729j),(0.0008266319206856516-0.0002715254126617983j),(-0.0005880466053363075-0.00031815524363421543j),(-0.00029207896918074003+0.00029406804476737126j),(-0.00016739675002450127+0.0006430860499491162j),(0.00024939021858516857+0.0003070806708918262j),(-0.0010728634990674383-0.0004997276118898746j),(0.0008622023173118318-0.0003513540361655032j),(-0.0005288406862947201-0.00028863262651829496j),(-0.0002684897184036855+0.00029245651995431595j),(-0.00041180907447797854-0.002449396541372282j),(0.0015681746247700424+0.0011571111108759566j),(0.0006563557763483529-0.001270606146404211j),(-0.00043760105059698247-0.0023893851594644034j),(0.0015731810686643766+0.001212294623011409j),(0.0006477427167106282-0.001260446755935645j),(-0.0005723074091031406+0.00863240393288859j),(0.0014416696651827086+0.004934731707383086j),(-0.0015178768002828498+0.0024073964416891406j),(-0.0012705932570573253-0.011299687416889796j),(-0.0013104825851043731+0.006898510304141663j),(-0.0008767799160640482-0.003512969693939659j),(-0.001395987023454858-0.014082494623871428j),(0.9939709014459945-0.013245632294982743j),(-0.002564382485702032-0.016542416773160463j),(-0.0007498236325536942+0.000898791939830482j),(-0.00431479419529421-0.00015756074623867692j),(-0.0017942153495089002-0.006792823856953823j),(-0.0013377309736602966-0.003993284242980985j),(-0.0058944737038254804-0.0054452487246119214j),(-0.0025680701131175375-0.01763355635078427j),(-0.0007648302789395967+0.004026249204518674j),(-0.0015581953693506931+0.0058964117964442125j),(-0.0009637846009581222+0.010154665555802689j),(-0.000671619784586234+0.0037613281199161495j),(-0.0010508724565924483+0.005550095844743429j),(-0.000817608349739861+0.011859182551941684j),(-0.0008098638164862412+0.004215148142829568j),(-0.001552304318798158+0.0062270926298567085j),(-0.0009644638297317161+0.010779297585300579j),(-0.00147233788432394+0.0013196682606519145j),(-0.0047373839807858704+0.004113649055826791j),(-0.0021870200481883106-0.0113770835931218j),(-2.302531423919004e-05+0.005427292582736882j),(0.0029690925802407075+0.02074894943438626j),(0.0013120720005834377+0.011150010191595408j),(0.00022487730043506003+0.006008746055481808j),(0.003775020667229119+0.022461323548064488j),(0.0017415686724550875+0.013279288029263408j),(-0.0005714269005689292+0.008658591135648912j),(0.0014453880366438032+0.004930934117247558j),(-0.0015186844765671848+0.0024145914420509195j),(-0.00011057221258461346-0.0013374550643082354j),(0.00015120189798803187+0.002842943725513649j),(0.00028437262369171895+0.0013575583519764155j),(-0.00039839105830755746+0.0027955453896916288j),(-0.0006021675091276007+0.008688506010621119j),(0.0014612046916206054+0.004161907220443807j),(-0.0014458843335952004+0.0022502868938631794j),(-0.0030991890559474234-0.020740072296189224j),(-0.003298324035002704+0.004145477065423916j),(-4.1262653015503365e-05-0.00020021609312799522j),(0.0006747653639039775-0.0019934968843861923j),(-0.0010332463348121175-0.0005549211880442712j)
55,(-1.6633281978027483e-06+4.452481121534122e-06j),(4.6794365885035393e-07+1.6732474488506962e-06j),(1.1953845406194035e-06-6.125728569593243e-06j),(-1.9341980079462693e-06+4.254310770218651e-06j),(-2.682659710164959e-08-8.047916779649972e-07j),(-5.570659637232539e-07-2.707880156233444e-06j),(-0.00035024485927081253+0.00044377867885652203j),(-0.00023610796636794367+9.988548556241175e-05j),(-0.0002648524023908376-7.984316884416479e-05j),(-0.0004936102846765611+0.0006653341728325876j),(-0.00031034253461911766+0.00011492577542750247j),(-0.00036920949582057905-0.00016270285879114977j),(-0.000849818154808176+0.0028378582206125993j),(0.00043858840973468483-0.0009280042984129933j),(-0.0004593154058276981-0.0024150536078349507j),(0.0005650800616688136-0.0013330066326755418j),(-0.00039714054202482973+0.002122417851608488j),(0.0002753998058740666+0.0009058148143524577j),(-0.0006417443023482918-0.0003055899548635851j),(-6.665506910091736e-05-0.00022071898347127714j),(0.00021847602613861054-0.00018007332059716643j),(-0.00022418844153963727-0.00023679240678264142j),(-5.084662894057042e-05-0.00027568134287912283j),(0.00021289600230277105-0.00018961089949920352j),(-0.00023191337702983486-0.00020445039286428332j),(-5.033771911627517e-05-0.00027586967969207686j),(0.0002127387718818226-0.00018947784301466487j),(-0.0002318779685856704-0.00020323031407988882j),(-2.776173904302145e-05-0.00027241558850430543j),(-9.611217625089081e-05-0.00025322890614784056j),(0.0002057858685119119-0.0001771553223041116j),(-0.00023255008014622948-0.00014600404166838568j),(0.0013127181535900086+3.0190717497845487e-05j),(5.860148114209839e-05+0.0004370792235565044j),(-0.00017873783336532238+0.0022979501119372043j),(-6.92915386264996e-05+0.0005596015152579436j),(0.00029985810350916377+0.0004752037277603665j),(-0.00011039098735936645+0.0005671867245323624j),(0.0013423067281446229-1.93134998063767e-06j),(7.448252711202534e-05+0.00042135471065611173j),(-0.00015155429255824342+0.002409138461620614j),(-0.0004306155436825795-0.0016971006420332907j),(-9.481216656909998e-05-0.0006422248337775978j),(0.0007354303759012319+0.0031462169424610774j),(-0.0004489566670938228-0.001647061875368021j),(-0.00010142465317160271-0.0006391921714976051j),(0.0007541423100871203+0.0031304129341525417j),(0.00016670175078258161+0.008560395212327772j),(-0.0011713826868459166+0.003003363730689297j),(0.0015878575113898066+0.0013109196824424322j),(-0.001206850542721214-0.011268327833073218j),(-0.0008293378337072369-0.004873387570969095j),(-0.0022669091107438114+0.018853861678773197j),(-0.002022324074801662-0.011182543305506394j),(-0.002564382485702032-0.016542416773160463j),(0.9935039581955426-0.009025742130638136j),(-0.0013861527987767243-0.0008274307551303824j),(-0.002409805546739384-0.010386651966926232j),(-0.003977383105845941+0.007327697113208754j),(-0.002045916170127776-0.006960711986790667j),(-0.002488992834842018-0.017136713907754866j),(-0.006283071837200758+0.004014665008992417j),(-0.0012421318264739046+0.005234046351349032j),(-0.00250357069694207+0.001702847759658098j),(-0.0005013116247745456+0.007659024148842912j),(-0.001211366268410327+0.0055137165009615016j),(-0.002454625640377007+0.0029253350869386j),(-9.036982201817947e-05+0.006384534036003709j),(-0.0012489903991760314+0.005531970870766891j),(-0.0025400005577327395+0.0022021786086399266j),(-0.0003898867684597882+0.00790236424946224j),(-0.0019724412041176548-0.0015516491189352518j),(-0.001741565837913804-0.008841941576426707j),(-0.005179899011277496+0.008849112049500833j),(0.00020001163515752913+0.007167540722213923j),(0.002635854177676259+0.01780694150764754j),(0.002109180769717063+0.009235574133293827j),(0.000507630299904728+0.008129181936571726j),(0.0031640224361403815+0.020346934387122144j),(0.002844872047880374+0.009468809206731722j),(0.0001683938115558815+0.008586488875083885j),(-0.0011717618519436008+0.0030133792538401113j),(0.0015930827961057174+0.0012864347392710597j),(5.7898031064027293e-05-0.00013693039161928556j),(-0.0002817180443222859+0.0007049030276768918j),(4.1619152065273035e-05+0.002015123761718504j),(0.00017673261098217772-0.0014878242497203798j),(9.848931458500935e-05+0.008713305183029166j),(-0.001127193489313233+0.0029342330618513652j),(0.0016628580143833332+0.0003223377213697389j),(-0.0031392393424876557-0.019890793486747903j),(-0.0033282782254201865+0.0036933875110845248j),(-9.693673263230897e-05-0.0010801269692122903j),(-0.0007013169862475706-0.00033494376128921866j),(0.0004830860465827843-0.0011793191833528104j)
56,(1.7153926392551274e-06-2.443267898032017e-06j),(1.8357571013401278e-06-3.032329514205475e-06j),(-3.551149742696041e-06+5.47559741129592e-06j),(1.5052479063826443e-06-2.613429552598747e-06j),(-4.549284327813234e-07+1.664583190550183e-07j),(-2.553275488248928e-06+3.613063107689895e-06j),(-1.734893447318596e-05-5.896656503758706e-05j),(-0.00013031522769189+0.0001244966784179093j),(-0.0002898977392054402+0.0004216859659566901j),(8.267095123086417e-08-0.0001269358739717037j),(-0.00018188389245901303+0.00017702982047507394j),(-0.0004372860687198906+0.0006589200294159481j),(0.0010592688294684244-0.002165500524379074j),(-0.00023483859018347242+0.00033512539763843815j),(-0.001963503412128226+0.003851073900200519j),(-0.00030073723104115727+0.00036145037823214366j),(0.0010592152930274177-0.004846358542087161j),(0.0003605780175125354-0.001110986111092371j),(-0.0003832908041104329+0.0016725168818296906j),(-0.0006151124002410583-0.00036460437362548334j),(0.00016376630148197846+0.00041359667298252953j),(0.0003823911925668514-0.000855007344949333j),(-0.000685170848026152-0.0003041408802489825j),(0.00016566236644534194+0.0004220524552550897j),(0.00040786626233892337-0.0009266638065779263j),(-0.0006847738433372067-0.00030268878659561933j),(0.00016570331876240385+0.0004222622293941977j),(0.00040806271694381275-0.0009266687516458665j),(-0.0006573238534838971-0.0002580517615317806j),(-0.0007341999281374083-0.0002583342397411647j),(0.0001691514083463301+0.0004241044435446036j),(0.00041429192634482226-0.00091367850748892j),(0.001159435850062712+0.0011822831992528903j),(0.0005108899234652358+0.00030330148520015627j),(0.0007549980350558572-9.076005263844618e-05j),(0.0002589343933192419-0.0012356413293464104j),(0.00066645582227402-0.001492526020962272j),(0.0005156357804590247+0.00025901565526744667j),(0.0012225895429400348+0.0012621091523020208j),(0.0004932270465221022+0.00027205936087462473j),(0.0007404087732012477-6.593987898499947e-05j),(0.000557543114273024+0.0020292585732846844j),(-0.0010544559903362797-0.0014016595611285793j),(-0.0006878357667872109-0.0006993053531637256j),(0.0005689822307948453+0.0020585597787641094j),(-0.0010595099285701103-0.001395892617358097j),(-0.0006902644387279044-0.0006815526842489524j),(0.0026744446055643077+0.005660560918758604j),(-0.0017200922687576163+0.0025068148244342652j),(0.0008358960322017819+0.002344553997464567j),(0.00128821090356326+0.0019312164738767758j),(-0.003181183192334005-0.013478866316559413j),(-0.002944660595828861-0.018559080134216276j),(-0.00659339041144183-0.0008976885257419188j),(-0.0007498236325536942+0.000898791939830482j),(-0.0013861527987767243-0.0008274307551303824j),(0.9889348623257112-0.02029884295926644j),(-0.004160867622691768-0.01854166574997274j),(-0.0049801703312462465-0.012597978299594585j),(-0.0060273555173204155+0.0011051892476117682j),(-0.0001861319540243122+0.002397519227388667j),(-0.0008289356460457872+0.0007114081633559869j),(-0.005795270458318558+0.0029968707243227463j),(-0.005316348984215672-0.0045589858913659j),(-0.004766715144011495+0.0021660705096462583j),(-0.004778293550292+0.0074602410529604505j),(-0.005255414210741004-0.0034205205948510315j),(-0.004562816859502516+0.004261599162689004j),(-0.005688732208942586+0.003362189885439637j),(-0.005430931267047263-0.004393836786747625j),(-0.004792759468246242+0.002444502387583973j),(-0.0023229573685621227+0.008503079504857711j),(0.002155444084929678+0.005933134695554511j),(0.0013531646995455524+0.004824779484091877j),(0.0022927514731843485+0.015471130458755592j),(0.0033590059813298563+0.00619303666471863j),(0.0009175861784302951+0.0032023228102570547j),(0.002767866437126029+0.01636456865520125j),(0.003582129249993308+0.006461119751692664j),(0.0009567990931329368+0.0032280855832216102j),(0.0026759257675364953+0.005665238807194531j),(-0.0017180826995603954+0.002528455674756379j),(0.0008409417245149144+0.002373071775057645j),(0.001640916426815266+0.0025469109503035714j),(-0.00037820919344023026-0.00033347529269692547j),(-0.0005630801431239954-0.0006406358348215197j),(0.0007308453251926065-0.001835259136651302j),(0.0024477140116149036+0.004975688211780637j),(-0.001618796972441789+0.0027542289789015077j),(0.0008093567685002014+0.002833535748536056j),(0.005201228325709736+0.009441344235588591j),(-0.006757798632336404+6.508796827741931e-05j),(0.0020699991916788498-0.0008499626378225695j),(-5.449946311715728e-05+0.0012961752909092165j),(3.500134964710116e-05+0.0008288323492679263j)
57,(-1.4349700072803822e-07-4.56966926360671e-07j),(-1.8724763930134738e-06+2.369817384831768e-06j),(2.0159733931763597e-06-1.912850458112506e-06j),(-1.1982736284035298e-06+5.458755721590957e-07j),(-1.0371842198914419e-06+1.0690439960494991e-06j),(1.1007681351940714e-06-1.6198076132970084e-06j),(-0.00020171848954610302+7.594471000848993e-05j),(-0.00019425422716607627+0.00011939889504557297j),(-2.1293918383004194e-05-0.00010748303067117536j),(-0.0002759216953937567+8.883721239956585e-05j),(-0.00026481713654865865+0.0001625799026396266j),(6.825097005579559e-06-0.00019460897321826897j),(-0.0001329565083405816-0.0006138922753614251j),(-8.674280375953474e-05+5.469115064568727e-05j),(0.0015731735723027891-0.0021416432124050184j),(-9.425291942045813e-06+0.00013128506147194827j),(-0.00045941098349659443-0.0007591116019434578j),(-0.0006657622039482697-3.7315465049067836e-05j),(0.000714910649360238-0.0003500052564732927j),(0.00026015609771655294+0.001084405804421785j),(0.0006220366970148461+0.0001576336290135419j),(0.00010660875484873924+0.00042398021442704493j),(0.00029431598710510703+0.001190024621717418j),(0.0006405177842331158+0.00015305572506565295j),(8.997544615944311e-05+0.000435621576961878j),(0.0002943020257057137+0.0011895932006476258j),(0.0006401190779316828+0.00015273961132064844j),(8.948812055419893e-05+0.0004353318775748129j),(0.00028978984574798915+0.0011589446716318021j),(0.0002661662278362169+0.0012420938941239159j),(0.0006148387819197791+0.00013654256133863326j),(6.991453817135744e-05+0.0004170383246396706j),(0.00015468209016115375-0.0008741846740037525j),(-0.0005791843489210898-0.0007704189775019023j),(-0.0006721348013951597-0.0006406251880473038j),(-7.282318147677183e-05+0.0005262250184438174j),(0.00010328746050563138+0.00018167142191071036j),(-0.0009391310849391426-0.0009879442904979433j),(0.00016668904870704965-0.0009751613445202988j),(-0.0005325173746396281-0.0007216062611887946j),(-0.0006501787402856227-0.0007009351625727363j),(5.863603320820435e-06-0.002144380067423648j),(0.0017024608621216799+0.0020599216208845913j),(0.0011269532372072072-0.0017349494854842782j),(-1.3492045273466981e-05-0.002107905992683664j),(0.001706294885777603+0.002109979713957874j),(0.0011273472637198536-0.0017217969038393162j),(-0.0004525440034491158+0.004918637533072679j),(0.0034844233795138626+0.0049481663196404005j),(-0.0007610598502300246+0.0019943248070985187j),(-0.0012043605185057195-0.0073312862793930116j),(-0.0002784491419888902+0.0057660191152140924j),(-0.0025720244132919927-0.0020700132279971983j),(-0.0024154906699727736-0.002457334232300637j),(-0.00431479419529421-0.00015756074623867692j),(-0.002409805546739384-0.010386651966926232j),(-0.004160867622691768-0.01854166574997274j),(0.9913192022151873-0.01846970962584753j),(-0.005196076652356333-0.018933065961827j),(-0.002194901491303706-0.0016190147272788589j),(-0.003800698741370994+0.0009650328274017845j),(-0.001992931264340708-0.009108226924785924j),(-0.0038830769526340867+0.0004984352789260331j),(-0.006318981246688223+0.008246865823212313j),(-0.003523957462625568-0.0012983769134590345j),(-0.0037776400330270504+0.003340288298311943j),(-0.005809586617798082+0.014256675694843334j),(-0.003082673921503163+0.0024692798517672006j),(-0.0038919233623811193+0.0004145235439740414j),(-0.006270865082766631+0.007956581118054465j),(-0.0035155583403633957-0.001019897809478785j),(-0.0009649794516855266+0.0005108281273653904j),(-0.001068467933141546+0.004779204302966857j),(-0.00015679986697489362-0.00218643248197107j),(0.0021324870959907845+0.0062715590461849295j),(0.0031846297050745695+0.01298747964872286j),(0.001698552608152703+0.013333028650944649j),(0.002538250518584599+0.007083999134978193j),(0.0036822691497973765+0.014066470409726719j),(0.001986223137985198+0.014942848131124484j),(-0.00045163084880206245+0.004934437824449031j),(0.0034892067559751136+0.004946392677437536j),(-0.0007585245977523984+0.0019990854316834193j),(7.398623584972024e-05-7.33313588385234e-05j),(0.0009859590465954376+0.0020525428978079695j),(9.649013617820063e-05+0.0011543394965193745j),(-0.0018040682748715175+0.0020294379944337873j),(-0.0004876199130223758+0.00495510733731185j),(0.0033337259983266623+0.004365075039279787j),(-0.0006525679639439595+0.0018646661110647746j),(-0.0017483395236662527-0.014312426581954836j),(-0.006092681836922912-0.0034085219235243437j),(8.209055860755638e-05+0.0005626248418007669j),(0.001315569157240644-0.00015993853443112277j),(-0.00018092574696882628+0.000671015090748207j)
58,(-2.465979751151017e-06+5.087234729523112e-06j),(1.1298080333049941e-06+2.1388122176490868e-06j),(1.3361717198488139e-06-7.226046946054831e-06j),(-1.9404814212882243e-06+4.595800559349358e-06j),(8.833541722771163e-07-1.1857542279183233e-06j),(-3.9772627000993757e-07-3.6226153984850534e-06j),(-0.00026339100625282966+0.00035455526379158146j),(-8.902100693756546e-05-3.899432990708189e-05j),(-0.0001836516281785493-0.0002578212281713298j),(-0.00039024987301158475+0.000552756254921854j),(-0.00010866083909135587-8.214581493967872e-05j),(-0.00026858783729736846-0.0004284458591495112j),(-0.0014729722718716835+0.0032401642029024845j),(0.0005639157367608447-0.0013054442743897312j),(-0.0008597391198138038-0.003500038878591066j),(0.0006831211757857931-0.0018068483781527034j),(-0.0006384476167302729+0.004015067598655188j),(0.0007897973455586198+0.001743105612711421j),(-0.00048277392104211446-0.0010703912474597328j),(-8.672846507922567e-05-0.0007191613219278974j),(0.0001116544698750154-0.0003278101855395824j),(-0.00045319959273549523-0.00039310617177353794j),(-6.47387722363667e-05-0.0008462582864713909j),(9.712012560643272e-05-0.0003444864841598723j),(-0.0004637189069106246-0.0003420946004293354j),(-6.409379361576478e-05-0.0008464604792494789j),(9.704711495879168e-05-0.00034427794521433674j),(-0.00046332218175491885-0.00034045354608149437j),(-3.599242454448701e-05-0.0008305343800857345j),(-8.430549363336976e-05-0.0008760170349350425j),(9.736966476332656e-05-0.0003228835833024063j),(-0.00044526002863031286-0.00026641314069450125j),(0.0014024433209845395+0.0006621286693006914j),(0.00029556475997975844+0.0009432880549782793j),(0.0004265082181682+0.0029663166778820657j),(2.4518701338123276e-05+0.0005036941779686373j),(0.0002215474154208969+0.0007088245339487275j),(0.0002150265887251409+0.0011822652414933857j),(0.0014331169294139472+0.0006701389194798536j),(0.0002936574737235991+0.0009060266041732864j),(0.00045754919400864885+0.003092773984154519j),(-0.00024149363342569987-0.0013045414007749096j),(-0.0008562728571286098-0.0018281401607653078j),(6.57907015988678e-05+0.003135978880453199j),(-0.0002526864069344037-0.00128909422030514j),(-0.0008562816663708345-0.0018355090882180808j),(8.912672862851703e-05+0.0031194562373053065j),(0.0002847393710115417+0.0037738285174086852j),(-0.0013057513075248237+0.0004996832804447537j),(0.0033575450399792495+0.0013107776548138281j),(-0.0005109576815562587-0.004619013721467174j),(-0.0014997007093224325-0.0012117134599623266j),(-0.001037483432008277+0.015269492435550851j),(-0.0023541016043768085+0.00022697336446527664j),(-0.0017942153495089002-0.006792823856953823j),(-0.003977383105845941+0.007327697113208754j),(-0.0049801703312462465-0.012597978299594585j),(-0.005196076652356333-0.018933065961827j),(0.9921035188048646-0.013702114366601655j),(-0.002044818470499386+0.0012869267942990765j),(-0.0013307269082496072-0.005063559879963611j),(-0.003532926729041215+0.0075712443075472684j),(-0.004323011765797243+0.0015539848923610145j),(-0.004461186501115282-0.00639129656520284j),(-0.006391413855158521+0.011546717967868375j),(-0.004005024442710172+0.004105069274884125j),(-0.004066458586797965-0.003270363836469353j),(-0.005944924975800283+0.015377829415043771j),(-0.0043589081112525505+0.0016183829600342429j),(-0.004521942272555051-0.006365827454198451j),(-0.006416577732688864+0.011503879010232995j),(-0.0005773501871550685+0.003559767325250995j),(0.0006686496031783026+0.003112858960449494j),(-0.0012446811884081245+0.005967668409319409j),(0.0014191181247897712+0.0019620840889850635j),(0.0025918668910402537+0.0181081175566779j),(0.0028623517229790403+0.0026193740286402757j),(0.0016869168557728802+0.002019339605664895j),(0.002883807146116313+0.019665238167292244j),(0.003308744349672827+0.0025763712391526448j),(0.0002857610987262438+0.003784546730490612j),(-0.001305462064363773+0.0005015600074578224j),(0.003363208611242577+0.0012915506242494974j),(0.00013125031562851277-0.00010283153750867587j),(-0.0003313408575264765+0.00039242099593992134j),(0.0006163473855726977+0.001623406085143905j),(0.0008193147892561771-0.000777576352987825j),(0.00023241657310329295+0.0038742216545739165j),(-0.001222240581997905+0.000507616989953674j),(0.0032782177163823154+0.0006290566837904099j),(-0.0006618415595526452-0.012340646927955036j),(-0.005681114278004669-0.012408543047075744j),(0.00012466243719136763+0.00017081019826268166j),(-0.00044361038758990146+0.0007097407443302652j),(0.00128398120483295-4.401815441912442e-05j)
59,(1.3763656116649737e-06-1.5401093983462174e-06j),(4.492681293360477e-07-2.251415350392295e-06j),(-1.825633741734836e-06+3.7915247475423053e-06j),(2.480552166331394e-07-1.3639179759358446e-06j),(-1.3249160188940823e-06+3.9017837475233953e-07j),(-1.8457641712415932e-06+2.9541977643460074e-06j),(-0.00022888963888188942+0.00014773273840618171j),(-0.0003230635604389874+0.00026214520666349695j),(-0.00034671727546195107+0.0004721095964739482j),(-0.0002879928785697697+0.000169655824286489j),(-0.0004420881559634515+0.00036401616213388357j),(-0.0004906535301668509+0.000712345568199962j),(0.0009817007390329556-0.0014350154451147424j),(-0.00020598789189930846+0.0003513214287145677j),(-0.000939970751094064+0.0031996853109339043j),(-0.00021731174765508713+0.00036402257411761486j),(0.001054168795253514-0.004496016991148441j),(-4.333983868534013e-05-0.0011355787402731715j),(-0.0007908684122049342+0.0019715954250221985j),(-0.00043342447769131973-0.00034168563065909124j),(0.0003521726337064182+0.00028897820643902436j),(0.00044429266046262176-0.000991856519921264j),(-0.0004881839582714332-0.0002886768838457161j),(0.00035938216489981374+0.00029633716516259544j),(0.0004741370635580257-0.0010667387425296999j),(-0.0004878833525993535-0.0002874521505596974j),(0.0003592338995717836+0.00029653789375124915j),(0.0004742401180957673-0.0010666471159447369j),(-0.0004661544272554298-0.0002519476249854998j),(-0.0005576498418780062-0.00021967909134797665j),(0.00035044596767853307+0.0002984963822512878j),(0.0004733143188652583-0.001046796076318553j),(0.001160829401202925+0.0006383759491704773j),(0.00011757483127052035+0.00012133758382944877j),(0.0004658862237416726+5.763224899271507e-05j),(0.00013447517669606945-0.0012107266583274543j),(0.0006666532132574797-0.001592117646646313j),(-1.2836367509421994e-05+1.2172851840528635e-05j),(0.001219540041920624+0.0007035178704628261j),(0.0001156377659327022+0.00010952931499502109j),(0.00045423975069826456+8.6150894441112e-05j),(0.00037262043886475296+0.0017010863158284058j),(-0.0003810153430029282-0.0010090006367876596j),(-0.0003919221484374665-0.0010464387285458489j),(0.00037130303153850035+0.001755973992985876j),(-0.00038619080433256373-0.0009780158072253808j),(-0.0003982006808117335-0.0009960394342829195j),(0.0015499496756084946+0.008985721240148405j),(-0.0012386389603413156+0.005701256775478818j),(-1.7990218050615713e-05+0.0070067641838208496j),(1.8500607711064267e-06-0.0020379770777283067j),(-0.00368849864535065-0.024823512826789264j),(-0.0038346210564345435-0.03393468754820231j),(-0.008244525034148676-0.010797081462214083j),(-0.0013377309736602966-0.003993284242980985j),(-0.002045916170127776-0.006960711986790667j),(-0.0060273555173204155+0.0011051892476117682j),(-0.002194901491303706-0.0016190147272788589j),(-0.002044818470499386+0.0012869267942990765j),(0.9915066372274262-0.014429187127466353j),(-0.001151587425353617-0.012437421051995516j),(-0.0018903192140051971-0.010038307234363561j),(-0.0001233102090885793+0.012716522283544827j),(-0.002179760385580645-0.004370409929105075j),(-0.0011800778366128882+0.0053831713266044405j),(0.0005457930251750809+0.012227588796444661j),(-0.0021185596869021522-0.006774695849101307j),(-0.0011215376229189247+0.004781322691988016j),(8.993648254060327e-05+0.013668782237879389j),(-0.002217438546188769-0.003602831131455728j),(-0.001128958144067698+0.005851553664955584j),(-0.0066342851719180165-0.001783184959474397j),(0.0005534205001978961+0.005326521607205779j),(-0.0006152280111752886+0.001159573612587331j),(0.001975166438151417+0.01807615023440471j),(0.001998273614693391+0.009935765248139454j),(0.00040376335208642595+0.008053010794958093j),(0.0028228993963045563+0.02007544713655037j),(0.0022478541053631094+0.010592697952990882j),(0.0005897945704601125+0.008855895729142289j),(0.0015516998826112086+0.008999640394222559j),(-0.0012352941710350874+0.005742603029573278j),(-1.2806736805895673e-05+0.007062399546727121j),(0.001566660845590409+0.0038211687706563493j),(-0.00041889925639120615-0.0008103675620779235j),(-0.0010624068196398782-0.0010124064985997635j),(0.00020746959808160025-0.00183431693452662j),(0.0013962145897695197+0.007923993234999486j),(-0.0011959271639552245+0.006062461347781201j),(-5.242117803141831e-05+0.007727046916706568j),(0.004190216786693665+0.009321561400663796j),(-0.0034583191744147505+0.012024680464713777j),(0.0015846715306811854-0.003268422491292686j),(-0.0007861367330369859+0.0005358833941064876j),(-0.0004996634456728782+0.00032951319498483847j)
60,(3.205434819539753e-07+1.0493835819245798e-06j),(-1.5177573160953643e-06+1.3987789955887326e-06j),(1.1972138335671784e-06-2.4481625773547092e-06j),(-1.0833815205131274e-06+1.6789060197811e-06j),(-1.44575656004749e-06+4.886411400443409e-07j),(2.8554444217626006e-07-1.0951125524260784e-06j),(-0.0002731428590816218+0.0002813846122596557j),(-0.0003049911189724072+0.00020643611009870506j),(-0.0001571689550364355+5.897932522033636e-05j),(-0.00036231706770111416+0.0003896063993073049j),(-0.00041524488926866283+0.0002766890167181582j),(-0.0001854503180950864+5.165724113600362e-05j),(0.00032214516016559165+0.0003470254897808343j),(-0.00011049258480206589-0.00014441970956952685j),(0.0012094320232865173-0.0012442551578414982j),(-2.65919383395959e-05-0.00027136536369930047j),(-0.00014063915021377726-0.0011281759179967484j),(-0.0008502831904583314+0.00015214846325274927j),(0.0007578814373437288+0.00010409588045036475j),(0.00010057109908493848+0.0007032466321055953j),(0.0007705505914575427+0.00027649769658567446j),(0.00016755146740605098-0.00036179931767716734j),(0.00011833359471523683+0.0007866351795232528j),(0.0007931623724631169+0.00027033092045535435j),(0.00015320759461360817-0.0003732589032481615j),(0.00011845258252657484+0.0007866096780939938j),(0.0007926548495828682+0.00027005048868155624j),(0.00015274882364409343-0.0003729596574826998j),(0.00012276162893359253+0.0007752592253307725j),(5.506612774012999e-05+0.0008616401375919037j),(0.0007606235920870024+0.00025636543605675054j),(0.00013467289437878228-0.0003569798217168703j),(0.000675118767779957-0.00043462134484658623j),(-0.0006669067513921773-0.0005448559726972232j),(-0.00045849121997762785+0.00019886200094101317j),(-0.0001598831738782615+0.0006178819099898324j),(0.0002263234687830233+0.0002651597556420002j),(-0.0011606064142764703-0.0007425639610132589j),(0.0007024747905510905-0.0005227257932286975j),(-0.0006112805384235161-0.000519382351897735j),(-0.00043574832311252184+0.00019371979377379416j),(-0.0004756420752568189-0.002624638684891648j),(0.0016119998365779812+0.001069788661810971j),(0.0008028167164131773-0.001373568966986928j),(-0.0005013585225661645-0.0025583661057117946j),(0.0016178973362823458+0.0011329698139328605j),(0.0007938896723545274-0.0013614937276592305j),(-0.0006593456275308091+0.00902019209713125j),(0.0019153347903778767+0.004993502971832387j),(-0.0018977469705892883+0.0023747027674720965j),(-0.0013812374523351607-0.011422836161441477j),(-0.0006394214750231196+0.008214784179074047j),(-0.0006500830696636415-0.002678636739211206j),(-0.000938439824038436-0.0030141198255201804j),(-0.0058944737038254804-0.0054452487246119214j),(-0.002488992834842018-0.017136713907754866j),(-0.0001861319540243122+0.002397519227388667j),(-0.003800698741370994+0.0009650328274017845j),(-0.0013307269082496072-0.005063559879963611j),(-0.001151587425353617-0.012437421051995516j),(0.9936491179193051-0.012842330470240547j),(-0.002672328514851806-0.01715525912318095j),(-0.0004001352926905651+0.003961798304710293j),(-0.00115393165170366+0.005564017304253153j),(-0.000631334752969846+0.011450176541427163j),(-0.00033663623412339875+0.0034662023484408207j),(-0.0006747711199405963+0.004941223174012982j),(-0.0005194362931604983+0.012991410546162983j),(-0.0004522870665620704+0.004133853243662887j),(-0.001155616587268165+0.005936637208397295j),(-0.0006359568864978632+0.012066917838908276j),(-0.001423495748542036+0.0015033848657216471j),(-0.00543054302189094+0.0028850171626271254j),(-0.002521753434830045-0.012944497362719165j),(-0.00024359642626006777+0.0049383602952707785j),(0.002599577103617841+0.021830131360392975j),(0.0014683949673940705+0.010617773187613963j),(-1.9879572261894437e-05+0.005516373927768858j),(0.0034343594681370965+0.023840397021725843j),(0.001944688441438748+0.012883802002477115j),(-0.0006584383490138592+0.00904694845268096j),(0.0019187197959508536+0.0049878765780723465j),(-0.0018993521016302363+0.002380653288831658j),(-0.00019649499126084057-0.001400705194362853j),(0.00026159143352330665+0.0029897538303156708j),(0.0002249437874604923+0.001406229505516902j),(-0.0006666444543864917+0.003261094068187479j),(-0.0006750896176026221+0.009081284153558286j),(0.001894170627141183+0.004159369594312669j),(-0.0018104298408566618+0.0021888961202129378j),(-0.0034903748310999815-0.02150818263392668j),(-0.0031053154452701003+0.00478112976912989j),(-7.630579024313788e-05-3.532853431955853e-05j),(0.0007647855348250264-0.0020111252632101957j),(-0.0011324924571325388-0.00045317202837997573j)
61,(-1.8365073766848962e-06+4.921761670452624e-06j),(6.858864496676093e-07+2.229090335590656e-06j),(1.150620929338257e-06-7.1508520054246065e-06j),(-2.023445507226299e-06+4.778681926536073e-06j),(8.265098508644039e-08-8.141469293026998e-07j),(-6.937056144581545e-07-3.350148401727069e-06j),(-0.0003678788242814593+0.00047381658794809283j),(-0.000241452098710487+9.524509439587056e-05j),(-0.0002913179866646394-0.00013716075325930313j),(-0.0005196515208697213+0.000713943942813775j),(-0.00031657621510067767+0.00010709805845811392j),(-0.0004092127782020908-0.00025407240521909714j),(-0.0009413230073220527+0.003198102012595924j),(0.0004886524098335272-0.0009923310038697048j),(-0.0006365608149243428-0.0030159757276522186j),(0.000637991217408972-0.001426328499486726j),(-0.00034429824731178205+0.0027731999377894664j),(0.00035883830023084794+0.001167320954890576j),(-0.0005453112944260489-0.0003120714215754752j),(-7.884721095720109e-05-0.00037703369114856235j),(0.0001863913765193902-0.00039167388887565867j),(-0.00022194268600315991-0.00023804256016421747j),(-6.220344876130648e-05-0.00045692453877396765j),(0.00017984015897311393-0.00040648242170312056j),(-0.00023048689142746853-0.00020235756004733144j),(-6.164954118187058e-05-0.00045722291804704157j),(0.00017971244440724755-0.00040630011932695333j),(-0.0002304530675838671-0.00020111606917100323j),(-3.651671675485469e-05-0.0004545740680058387j),(-0.00011063306933630461-0.0004402909535930435j),(0.00017477559483550508-0.0003890497822923556j),(-0.00023072257388493463-0.00014272845166308059j),(0.00145572356588307-6.376300155185125e-05j),(0.00014152126886981083+0.0005080441705048058j),(-0.00013888071493098098+0.0023636305105597883j),(-6.772922846508505e-05+0.0005653444601248889j),(0.00031426584814819197+0.0005126545617107571j),(-2.1536413428216146e-05+0.0006803903103380009j),(0.0014855873295168054-9.38000868472482e-05j),(0.00015835327213435576+0.000499790797115j),(-0.00011626089046803991+0.00247440006181878j),(-0.0005665566074170189-0.0017472560293067883j),(-0.00017220382001497422-0.0004809827811128992j),(0.0004930112114828632+0.0031550388412140157j),(-0.0005866915936303984-0.0016956863203199148j),(-0.00018064824044163649-0.0004822795553863363j),(0.0005132256893802277+0.0031373743246657744j),(0.00022489113874885741+0.008944943016110459j),(-0.0014419550479896016+0.003257325515795129j),(0.0020948507026508495+0.0015432750487021866j),(-0.0012862153229171198-0.011669902152325062j),(-0.0007440610233383244-0.00436322714836437j),(-0.0016242842653654312+0.020837367043930927j),(-0.0017386096689116213-0.006162414343172771j),(-0.0025680701131175375-0.01763355635078427j),(-0.006283071837200758+0.004014665008992417j),(-0.0008289356460457872+0.0007114081633559869j),(-0.001992931264340708-0.009108226924785924j),(-0.003532926729041215+0.0075712443075472684j),(-0.0018903192140051971-0.010038307234363561j),(-0.002672328514851806-0.01715525912318095j),(0.9931110657975857-0.009348275978341602j),(-0.0010233422010207758+0.005076344676416376j),(-0.002224344424766017+0.0027213276832805033j),(1.4500431792394347e-06+0.007186658650897794j),(-0.001063139325413461+0.005093350581225358j),(-0.002225772672046938+0.0037826787140945867j),(0.0003889990232041849+0.005895661202654968j),(-0.0010365609644812257+0.005332493347485701j),(-0.0022614519327747136+0.003231163384367617j),(0.0001228076641016243+0.007477308991864516j),(-0.00209154575877019-0.001712693407385957j),(-0.002144995701613311-0.010828024723715884j),(-0.00589575091804958+0.007639314786024508j),(5.89063854188088e-05+0.007249552124503494j),(0.002863929211659057+0.017467762313426338j),(0.0016674719660661062+0.010586218000837977j),(0.0003704622840908005+0.008297179700372859j),(0.0034546884183015965+0.020204823805064602j),(0.0024315299271799587+0.011138316982003153j),(0.0002267498133842489+0.008971998190859514j),(-0.0014428174631628972+0.003266935467617397j),(0.002099801199738674+0.0015162393974533237j),(-3.648254120045742e-05-0.00021821577808445007j),(-0.0003082006319313525+0.0007549787541027662j),(0.0001558206685310558+0.00222162881747641j),(0.00023600985911158718-0.0018872361332141598j),(0.000160289036255571+0.00911284470112911j),(-0.0013867121572708697+0.00316108436557436j),(0.0021265032098216107+0.00045239193147017086j),(-0.0035318978984979713-0.021367360391690775j),(-0.0030287518329100947+0.005543266640604252j),(-0.00022993060988869246-0.0010622325916297495j),(-0.000822840125775363-0.0003004380514114976j),(0.0005834027580187821-0.0012272817084177509j)
62,(2.2945146856803606e-06-4.179456609174511e-06j),(3.447740080300469e-06-4.333135319823215e-06j),(-5.742254768053633e-06+8.512591927956292e-06j),(3.4071110778835776e-06-4.805511845463522e-06j),(7.844452485129109e-07-5.3715952030050466e-08j),(-3.1485661092224376e-06+4.865403832836539e-06j),(0.0003401073291118906-0.00039508112978752473j),(0.000192868672440482-7.907892563214141e-05j),(-0.00012902487140480058+0.000360622255163093j),(0.0004873054982967093-0.0006097916591542175j),(0.0002537470249786365-9.571599417667486e-05j),(-0.0002453264022069294+0.0006045387366622758j),(0.0012035117745450733-0.003376472892485334j),(-0.00032002061259835037+0.00048195296346318153j),(-0.003089228640891609+0.005096001266490981j),(-0.0004985319311437172+0.0006087098062486727j),(0.0010179091809399171-0.005404978391301394j),(0.0009598396188950947-0.0013147438107827866j),(0.00017172905780394029+0.0012917837075823117j),(-0.0007360569880000791-0.00046177226137273297j),(-7.484891017168551e-05+0.000512583808785735j),(0.0002964072461615133-0.000633511302856629j),(-0.0008174254027862984-0.0003977247953449864j),(-7.911393223488225e-05+0.0005230764237712576j),(0.00031795458676724727-0.0007050198128315859j),(-0.0008170037785439354-0.00039603488497815453j),(-7.879150803331816e-05+0.0005232592277531183j),(0.0003183246230057575-0.0007053824841464747j),(-0.0007878331362784199-0.0003423957029435108j),(-0.0008246220304061455-0.0003958733625171254j),(-5.754821542615875e-05+0.0005221864064109084j),(0.00033632645145057426-0.0007123681294405773j),(0.0008837788136967645+0.0017535446550726638j),(0.001071700524148598+0.00037009190856791005j),(0.001197486692817591-0.0007068735949670689j),(0.0004789074441662296-0.0014008284758445636j),(0.0006098440119150907-0.0014538313940156658j),(0.0013162502501190155+0.0004566027002926901j),(0.0009368713035223826+0.0018529549545199305j),(0.0010234395872874714+0.0003071812480797192j),(0.0011754205043576736-0.000697999650429177j),(0.0007501407749316287+0.0026531657300148453j),(-0.002006964333741676-0.0017756634157741265j),(-0.0011628859567968356-0.0001795522825478145j),(0.000786436557102817+0.002651272232990755j),(-0.0020150536814688923-0.0018166984646698914j),(-0.0011688976881936753-0.00021793349286573348j),(0.004656759967321801+0.0012542701728952138j),(-0.002656833807950957-0.0033538686435663455j),(0.0009714818283939658-0.005898153999197887j),(0.0029327715689035803+0.009526771179367382j),(-0.00019921516191712997+0.011024959915430985j),(0.0020801098656889573+0.01312012639242207j),(-0.00048599161006828773+0.011998835650984377j),(-0.0007648302789395967+0.004026249204518674j),(-0.0012421318264739046+0.005234046351349032j),(-0.005795270458318558+0.0029968707243227463j),(-0.0038830769526340867+0.0004984352789260331j),(-0.004323011765797243+0.0015539848923610145j),(-0.0001233102090885793+0.012716522283544827j),(-0.0004001352926905651+0.003961798304710293j),(-0.0010233422010207758+0.005076344676416376j),(0.9857479544610045-0.015095041351613039j),(-0.008408981089194675-0.01424190037847705j),(-0.008786356447119555-0.008469785953386232j),(-0.015053925210298169-0.013151033851585257j),(-0.00872941972274639-0.004792297504663204j),(-0.009207451789910656-0.0049496963649943125j),(-0.014472783658771997-0.012225497388693572j),(-0.008483652621938257-0.0050257322289688836j),(-0.008924950078575569-0.004920462673341256j),(0.0006736722049739987+0.013477775537996641j),(0.0012321922081227588+0.0030102624992213375j),(-0.00013001605376627957+0.003247246073798631j),(0.0009553367583300209+0.011819941600164845j),(0.005338060938268848+0.0012943290296150833j),(0.0023310980175855365-0.0015747569568798922j),(0.0010972681784689109+0.011935335317198521j),(0.0058279042840836195+0.0012702311945216186j),(0.0026395542300999618-0.0019027991536051123j),(0.004658601986333654+0.0012433475572157793j),(-0.002660195272747862-0.0033735650762146685j),(0.0009696844011463539-0.005923823371394461j),(0.0012451682813495594-0.0004083514982871732j),(-0.0002882048097794406+0.0009336365153476208j),(0.00047201346500144324+0.0002955615572220612j),(0.001279560373503241-0.0019012440440604713j),(0.004391936207153241+0.0012055601230206402j),(-0.002491160079853285-0.0034565687853213775j),(0.0009097033674638209-0.0059746390929515105j),(0.0017766535826429144+0.006563428733012314j),(-0.009384832928511198-0.01337114775134411j),(0.002561174103722145+0.003321718486216051j),(0.0009263635567228607+0.0019464652026635124j),(0.0005740937323241739+0.0012550301209531861j)
63,(-7.267910422441825e-07-3.0103970569293624e-06j),(-2.6660775248315e-06+3.1489537250614967e-06j),(3.39286856562193e-06-1.3855666782075573e-07j),(-1.1615042553096959e-06-1.6281733720661282e-06j),(-3.44591239829803e-07+1.7980404636221765e-06j),(2.6990481646786603e-06-1.7781424560062069e-06j),(-1.728129202143267e-05-0.00028227115604590017j),(3.989911794646491e-05-4.079243215307027e-05j),(0.00027353403311984777-0.00032339980332869364j),(-4.018585016921954e-05-0.0004319615123435368j),(5.202502103820165e-05-4.688817279140621e-05j),(0.0004250866365649239-0.0005048466812561507j),(-0.0007551737387458399-0.0021359725517409367j),(-9.991665830287339e-05+0.00043397131638982494j),(0.002402552463967201-0.002904641077188859j),(-7.377272615663238e-05+0.0008369639828352564j),(-0.0009301469066827834-9.638804170861593e-05j),(-0.0004006269169688344-0.00037018448886983867j),(0.0006583210620176878-0.0013292973684208478j),(0.0006823342292109497+0.0015339511580957897j),(0.0004251549375442929-2.2147494151353222e-05j),(5.1002572003011875e-05+0.001507493950868638j),(0.0007528121556411927+0.0016579255837532332j),(0.00044088849743660884-2.4708654684921748e-05j),(3.2455828216559164e-05+0.0015539448909472659j),(0.0007524021039943608+0.0016568462238121442j),(0.00044069681696605104-2.5142760892230432e-05j),(3.191043042502983e-05+0.0015527751131677017j),(0.0007243889794526874+0.001596645049165974j),(0.0007966825610797692+0.0016652019680193347j),(0.0004273049041506276-4.844357046326214e-05j),(9.110041966608464e-06+0.0014820419188712691j),(-0.0010777407922528937-0.0016207169346648146j),(-0.00040674200636515973-0.0012455323506820031j),(-0.001055751711420118-0.0020448691282064753j),(0.00012047672499666107+0.00033764349434638153j),(-0.0001634404905642016+8.742991191599658e-05j),(-0.0004512984832714099-0.0014898709698903815j),(-0.001113712345884541-0.0017338838923679177j),(-0.00039404296162277673-0.0011737546000706329j),(-0.0010428066637797114-0.0021852717165840117j),(0.0007019623682232141-0.001292833667919541j),(0.0016993817434203164+0.0031223747327143946j),(0.001631477332103378-0.002225628107029129j),(0.0006987837115258295-0.001307694559933896j),(0.0016973744959503062+0.0031674040687876878j),(0.0016375924261843276-0.00220885249330041j),(-0.00023269793225815395-0.0031647206806453155j),(0.005494434892773336+0.0051406069549457655j),(-0.0002721503858275763+0.0008071792220031362j),(-0.0018195466099906652+0.0004661843001439389j),(0.0021455291021269863+0.0018869708226061759j),(-0.0023261932701442853-0.0010573760328163309j),(-0.0025561046871337635-0.0044143258753692755j),(-0.0015581953693506931+0.0058964117964442125j),(-0.00250357069694207+0.001702847759658098j),(-0.005316348984215672-0.0045589858913659j),(-0.006318981246688223+0.008246865823212313j),(-0.004461186501115282-0.00639129656520284j),(-0.002179760385580645-0.004370409929105075j),(-0.00115393165170366+0.005564017304253153j),(-0.002224344424766017+0.0027213276832805033j),(-0.008408981089194675-0.01424190037847705j),(0.987329653756843+0.0011833867614976928j),(-0.006974472962085117-0.019658776951448104j),(-0.008688861928245147-0.0036671522190311096j),(-0.01340239500622516+0.00840866335301128j),(-0.007197054536555542-0.020710631644991317j),(-0.008377000110882046-0.005212320745368714j),(-0.012528171118688688+0.00745927598631705j),(-0.006996228932398432-0.021036696759101182j),(-0.00026826933925165294-0.0025700864652882455j),(0.0003702202465174833+0.003505873112729853j),(-0.000835232932945303+0.0064159017420193105j),(0.004540204333058182+0.008516682886093314j),(0.0029635157423955937+0.001885446987965174j),(0.0026828620616722748+0.01389468489688174j),(0.005124852368125047+0.009701546462570959j),(0.0033372377172225104+0.0019867095907172803j),(0.0031408542625777592+0.01483847681844943j),(-0.00023061083763077314-0.0031698625273076228j),(0.005498361647483872+0.005145055338236504j),(-0.000269291401641844+0.0008094032805193024j),(5.5994872025681664e-05+0.001876265841398091j),(0.0020120043641144525+0.0001534747210330577j),(-0.00018082816345441137+0.0004936487080631699j),(-0.003416879132250797+0.0010285877251377442j),(-0.00017984358015158243-0.003113663383620493j),(0.005111449974464239+0.004926322864263156j),(-0.00019598074039027156+0.0008110681893848462j),(-0.0013732707390878127+0.004318590785653964j),(-0.009387552331880865-0.0071742783901296665j),(0.00019145946894013843+0.001577578154021411j),(0.0020158937420817597+0.0025970093210257554j),(0.0010200763732935239+0.0023996413203898415j)
64,(-3.3784152610432765e-06+5.272005131898934e-06j),(1.9347972464784695e-06+2.413770195278115e-06j),(1.4436180174037866e-06-7.685775326045616e-06j),(-1.6465285306468115e-06+4.357172513826237e-06j),(2.2175603542117563e-06-1.636328527549846e-06j),(2.2780729085304576e-08-4.391816084623607e-06j),(-7.125579289488088e-05+0.00015199903135596523j),(0.00017297528178580602-0.0002573965778433546j),(-5.151036456596075e-06-0.0004922278069286637j),(-0.000147232021351321+0.00028083069706325817j),(0.0002487123410268258-0.000387153212388394j),(-3.6845465419387306e-05-0.000769710623042476j),(-0.0022238778701211344+0.003400220262145475j),(0.0006936032459250378-0.0016820184863548075j),(-0.001288381692982879-0.004543171055361384j),(0.0007832262246532883-0.002229863403316327j),(-0.0009418505133731527+0.006391266182776913j),(0.0014340191534904915+0.0025816082440371694j),(-0.0002944348389272576-0.0021479894257506495j),(-1.2274026666332714e-05-0.0013090706978768013j),(-9.142566948213836e-05-0.000499085721772975j),(-0.0007384055787287961-0.0004184414931054587j),(2.2239331748969728e-05-0.0015257399213077297j),(-0.00011678781787522342-0.0005208546227040002j),(-0.0007506305318645408-0.0003408582483463789j),(2.2911575359701748e-05-0.0015260244557533222j),(-0.0001166737435091931-0.000520548822955652j),(-0.000749744165372427-0.0003388804156545396j),(5.0594419691665803e-05-0.0014977174101804542j),(5.4459846376748934e-05-0.0016300318826413729j),(-0.00010313631207918518-0.0004890152179197909j),(-0.0007066360098127479-0.0002543327864703913j),(0.001127832614780619+0.0013708311006334212j),(0.0006562301463003858+0.0015252967824997354j),(0.0012062186200595675+0.0034868086938099783j),(0.0002010401216515508+0.0003883991861123616j),(5.2552981497505104e-05+0.0010155032453722018j),(0.0008082080103465994+0.0018511828530460763j),(0.0011437136330381826+0.001439404885587513j),(0.0006174044452784068+0.0014711291560272925j),(0.001237766917773432+0.0036189253007938875j),(0.00016652780472000816-0.0003822996344016627j),(-0.0018193131185912685-0.0031290946971609854j),(-0.0007358311934932777+0.0029573751511440937j),(0.00016954567379127224-0.0004318484207088283j),(-0.0018134957210421106-0.00315746510142317j),(-0.0007156695446073612+0.002963067361691359j),(0.0003554823869874196-0.005712745057535978j),(-0.0015578600657865003-0.003637073560071361j),(0.004540389474833115+0.0036810685985445377j),(0.00025785283234703595+0.0054767825678357805j),(-0.001341417855139394+0.0038526086409971265j),(0.003248347169483788+0.0006667209346083924j),(-0.0015238699764830125+0.005290302359203619j),(-0.0009637846009581222+0.010154665555802689j),(-0.0005013116247745456+0.007659024148842912j),(-0.004766715144011495+0.0021660705096462583j),(-0.003523957462625568-0.0012983769134590345j),(-0.006391413855158521+0.011546717967868375j),(-0.0011800778366128882+0.0053831713266044405j),(-0.000631334752969846+0.011450176541427163j),(1.4500431792394347e-06+0.007186658650897794j),(-0.008786356447119555-0.008469785953386232j),(-0.006974472962085117-0.019658776951448104j),(0.9854703240947785+0.002640708976955957j),(-0.009148705831250721-0.005002588256647737j),(-0.007244427674096632-0.02139265579378522j),(-0.015007996145180237+0.015055597774385181j),(-0.008918646791648051-0.00502425983542567j),(-0.007052952380101529-0.021231364081317386j),(-0.014494549870215482+0.015366793799605628j),(0.000326527949423724+0.004262510688670867j),(0.0007373705527366046+0.01468875676182112j),(0.0017318812326725217+0.004112470818034401j),(0.002671967962646016-0.0027170205717146558j),(0.0026175232957703874+0.014099784086616104j),(0.0033862898632143284-0.00391332827737019j),(0.002961593391721169-0.003267595557824459j),(0.0028935371061856023+0.014259146042598743j),(0.0036199623309706866-0.004567004737654709j),(0.00035556612549125-0.0057275175338774645j),(-0.0015581948457874994-0.003647161227943848j),(0.004541486980554856+0.0036854141970876116j),(-1.7698556700689472e-05+8.471338601682694e-05j),(-0.00041514892560645753-6.507052786474733e-06j),(0.0015750129615622458+0.00012925927688517413j),(0.001540445469787402+5.391603873304129e-05j),(0.0003672270693953575-0.005620991623368795j),(-0.0014340442017128836-0.0035459398910202295j),(0.00418149106653943+0.0036755496633317335j),(0.0009596447199764088+0.009273535259795488j),(-0.00777906873115028-0.029499048250711958j),(0.0003694990348572765+0.001954969033682134j),(3.2227122171379263e-05+0.0020093760181125993j),(0.002083350274477194+0.0017370862008502085j)
65,(2.3753741094153466e-06-4.338604140788809e-06j),(3.6536994614201397e-06-4.4997195892221785e-06j),(-6.029073573433974e-06+8.838323729125577e-06j),(3.6388519337169228e-06-5.028293779234365e-06j),(9.239230858898292e-07-9.58234308347142e-08j),(-3.2435120013132313e-06+5.01193087720634e-06j),(0.0003810421622927549-0.0004299394980921828j),(0.00022869567105977177-0.00010182139753409894j),(-0.00011368772416203298+0.0003556699804862177j),(0.000543367847942569-0.0006596283249124956j),(0.000302019764748417-0.00012633444563999558j),(-0.0002279201001306979+0.0006013675457348265j),(0.0012317858744150495-0.0034919402454796564j),(-0.00033030638175946805+0.0004912054819967582j),(-0.0032354089768729406+0.005251073670872719j),(-0.0005217965127174537+0.0006238988417896253j),(0.00101624089522497-0.0054704788313614805j),(0.0010267458041332929-0.0013282133806180683j),(0.0002450928661260266+0.001255871523704136j),(-0.0007583924588340124-0.00048171888318946634j),(-9.80546494598385e-05+0.0005261826231625728j),(0.0002825229219035354-0.0006239150496533889j),(-0.0008416033841586448-0.00041781306035384384j),(-0.00010301798256705954+0.0005368077752283141j),(0.0003034641991767678-0.0006958081709477076j),(-0.0008411684607607834-0.00041608592286208933j),(-0.00010266691071377202+0.0005369885077552358j),(0.00030385959000484345-0.000696198510996087j),(-0.0008112498736903952-0.00036089709817985335j),(-0.0008449556608704713-0.00042060837702843175j),(-7.958299397359133e-05+0.0005356853762657002j),(0.00032354064096376013-0.0007047176568332565j),(0.0008768332513757247+0.001834858256365892j),(0.0011333860812019854+0.00038594095748794785j),(0.001262511296454622-0.0007570244247004903j),(0.000502203933900043-0.001417408612829853j),(0.000607018624258974-0.0014466288513480443j),(0.0014012372017324975+0.0004866180156951781j),(0.0009295981941995805+0.0019371032148565882j),(0.0010818602338525355+0.0003192259541847566j),(0.0012399992181735806-0.0007486461946816653j),(0.0007596874140588647+0.0027160013816443914j),(-0.00212080089941808-0.0018391334330102908j),(-0.0012281763184849633-0.00010879356332857328j),(0.0007987290275083157+0.002710539419918923j),(-0.002129179867597983-0.00188522764943965j),(-0.0012347208284961986-0.0001535913769914821j),(0.004886490662916951+0.0007886841358278364j),(-0.002817394710239083-0.004044286544504765j),(0.000982650060630368-0.006848693052639897j),(0.0030974272819469907+0.010623281502023373j),(0.00011911611709597458+0.013746331690151822j),(0.00266845695322357+0.016724873173998886j),(0.0002560998652917255+0.011729574480115846j),(-0.000671619784586234+0.0037613281199161495j),(-0.001211366268410327+0.0055137165009615016j),(-0.004778293550292+0.0074602410529604505j),(-0.0037776400330270504+0.003340288298311943j),(-0.004005024442710172+0.004105069274884125j),(0.0005457930251750809+0.012227588796444661j),(-0.00033663623412339875+0.0034662023484408207j),(-0.001063139325413461+0.005093350581225358j),(-0.015053925210298169-0.013151033851585257j),(-0.008688861928245147-0.0036671522190311096j),(-0.009148705831250721-0.005002588256647737j),(0.9834884523960457-0.01930479459955782j),(-0.009413001818938525-0.014060254110461787j),(-0.009820056300933768-0.010596170739394188j),(-0.015407010380422814-0.014034311649057198j),(-0.00887738526526313-0.004370384804708956j),(-0.00935500614767815-0.005347902179153361j),(0.0008216030448383083+0.014365789405216649j),(0.0011200009504537631+0.003060417871001162j),(-0.00043552146402838865+0.003232436767242211j),(0.000773168935594084+0.01181732594707656j),(0.005538149800090276+0.0007260917059584955j),(0.0024810562881858195-0.002269823661258639j),(0.0008945691204089782+0.011802890968428417j),(0.006058807200382226+0.0006084970438093897j),(0.002832628604974234-0.002684247444737064j),(0.004888432558464738+0.0007756036666360482j),(-0.002821418012376635-0.004068596699739271j),(0.000980044371997342-0.006880527148189854j),(0.001245389259712358-0.0006360681883691406j),(-0.0002487792296035447+0.0009898360793130965j),(0.0005615800719164881+0.0003899553348003706j),(0.0013739526894284205-0.0018887693568586364j),(0.004624128312620258+0.000788023930070908j),(-0.0026435580954252257-0.004174893845867302j),(0.0009152006178763737-0.006983345873280795j),(0.0013586719617512896+0.006515605015662328j),(-0.009370880399310319-0.017634054483678108j),(0.0026106455714316216+0.0037073868497159413j),(0.0009977769192571306+0.0020532157908397233j),(0.000641422857473528+0.001305065390926234j)
66,(-7.54943877285506e-07-3.196401196139962e-06j),(-2.680937498531588e-06+3.183062930860816e-06j),(3.435881374698903e-06+1.3338266143206215e-08j),(-1.1189321774947584e-06-1.8034189929465566e-06j),(-2.70505199812533e-07+1.8342207607725865e-06j),(2.790269799222981e-06-1.781008506899143e-06j),(2.3069954132051923e-06-0.00031307780751301033j),(6.212367441291496e-05-5.715964414826721e-05j),(0.00029598175601171694-0.00034140229016686296j),(-1.4548294093627974e-05-0.0004763668913669417j),(8.20681701481433e-05-6.85994178517935e-05j),(0.0004561758899518765-0.0005301866213400566j),(-0.0007945150480291436-0.002250575599383052j),(-0.00010222835005671321+0.0004576929700514489j),(0.002433012269498865-0.0029454959821855597j),(-8.124293304902436e-05+0.000882153059763028j),(-0.0009668443373727238-4.798090469240648e-05j),(-0.0003723984549580479-0.00038449433465578223j),(0.0006761717129042711-0.0014085548512613108j),(0.0007038773143779269+0.0015586027172469334j),(0.00041264518164406595-3.316572468613525e-05j),(3.954239088519037e-05+0.0015823187174480173j),(0.0007764703769443811+0.0016834638909246221j),(0.00042803665638784964-3.572464315174063e-05j),(2.0487512642717795e-05+0.0016312876887493292j),(0.0007760420802749607+0.0016823486146662861j),(0.00042785804748490927-3.61674199860257e-05j),(1.9945099196267248e-05+0.0016300584069601303j),(0.0007468721901072845+0.001620571587911211j),(0.000825552479370977+0.001687061623873982j),(0.0004152973868291067-5.9945835345018034e-05j),(-2.5795275070252064e-06+0.0015556972606138111j),(-0.0011479249303026145-0.0016520581873893736j),(-0.0003911393023647389-0.001274402635699626j),(-0.0010637257834312057-0.0021421883470063626j),(0.0001367914761036199+0.00032175444833478384j),(-0.0001812451534077453+8.369572875965023e-05j),(-0.00041126338899629235-0.0015258991583331216j),(-0.0011868155155323155-0.0017645766398026418j),(-0.000381581870032614-0.001200508093598132j),(-0.0010511478556988155-0.0022876916783525153j),(0.0007486425475036317-0.0012192432259322452j),(0.0016819989046393939+0.0031741331874965213j),(0.0016510919248237943-0.0022558001368192665j),(0.0007465850068795947-0.0012399717669884071j),(0.0016792991412301764+0.0032194303732753045j),(0.0016575651659941396-0.0022383449048295027j),(-0.00020000744824559004-0.004002111450383507j),(0.005574228107813404+0.005185355923037548j),(-0.0001996803534790358+0.0007415234661796999j),(-0.0019209044230330454+0.0014292663346618258j),(0.002355767766523378+0.0008471181218626684j),(-0.0023431930435010226-0.0015480436010982053j),(-0.0024975150712332793-0.0066539157347063815j),(-0.0010508724565924483+0.005550095844743429j),(-0.002454625640377007+0.0029253350869386j),(-0.005255414210741004-0.0034205205948510315j),(-0.005809586617798082+0.014256675694843334j),(-0.004066458586797965-0.003270363836469353j),(-0.0021185596869021522-0.006774695849101307j),(-0.0006747711199405963+0.004941223174012982j),(-0.002225772672046938+0.0037826787140945867j),(-0.00872941972274639-0.004792297504663204j),(-0.01340239500622516+0.00840866335301128j),(-0.007244427674096632-0.02139265579378522j),(-0.009413001818938525-0.014060254110461787j),(0.9849737536840338+0.0035045939060295273j),(-0.007845603982474863-0.024039914775879925j),(-0.008758579363314558-0.005053504342899131j),(-0.01340889597360407+0.007171883285112689j),(-0.007285357209650872-0.021899911311549496j),(-0.0002108138165447858-0.0036267357015266235j),(0.0005764616743221677+0.004213710934648609j),(-0.0010248484730337136+0.007143735091393182j),(0.004691850606418817+0.009661927485179096j),(0.0028783763435000164+0.0006422524863861911j),(0.002763808720096378+0.013531632655711705j),(0.005288102426661838+0.011004106049615563j),(0.003229925604629272+0.0005135253274391009j),(0.0032482932823170822+0.014378634100615009j),(-0.00019777079455793735-0.004009640158757227j),(0.005577947752774198+0.0051913457536130695j),(-0.0001967057865492908+0.0007444152578373643j),(0.00014692952219640695+0.0023891868482445425j),(0.0021990538665783233-0.0002717155524184743j),(-0.00028316713280942906+0.000362590598173956j),(-0.0035096855467373527+0.0009721416702830471j),(-0.00013838300938968538-0.003967827135391293j),(0.005172603428961009+0.005026453329268824j),(-0.00012929617909766643+0.0007803894193894774j),(-0.001254450375754235+0.007379331002161581j),(-0.008769720538932354-0.012031001948334823j),(0.0002211526055270436+0.0014666628106857799j),(0.0019918510405610764+0.0029818781675932473j),(0.001166432592621444+0.0026069500876676845j)
67,(-3.4621563373219652e-06+5.310067841037319e-06j),(2.0441980701469016e-06+2.4213164107039014e-06j),(1.4179582699269814e-06-7.73138425021373e-06j),(-1.5933894910537849e-06+4.338261232085006e-06j),(2.366290328802094e-06-1.6987660748099025e-06j),(4.724996304865932e-08-4.463535645927195e-06j),(-4.827587313897649e-05+0.00013077182537127112j),(0.00020236664782424742-0.0002817468630100513j),(1.311947325704089e-05-0.0005162546954190937j),(-0.0001177441969859539+0.0002525652061906435j),(0.0002887645609241648-0.00042123503725494625j),(-1.3574628902989828e-05-0.000804432205182907j),(-0.002295157505078914+0.0034270811799181947j),(0.0007063751968916579-0.0017277938627251908j),(-0.0013517458490421145-0.004638989524470592j),(0.0007918580504087751-0.0022841012059311976j),(-0.0009727482931688839+0.006647107212951049j),(0.0015060863334573566+0.0026787942328601634j),(-0.0002638826259101242-0.0022622336742755163j),(-1.126949943622464e-05-0.0013802041043211519j),(-0.00011138851225431928-0.0005158045749658743j),(-0.0007742471610292033-0.00043167154823205633j),(2.4099976149594615e-05-0.0016070458270184694j),(-0.00013796941026720036-0.0005381599182682551j),(-0.0007868074166706341-0.00035145803915705154j),(2.478277169606284e-05-0.0016073310410501074j),(-0.00013783658995558733-0.0005378415633625756j),(-0.0007858610953913301-0.00034943463872084404j),(5.283321833462345e-05-0.0015772605488698715j),(6.161614515199157e-05-0.0017191550173657163j),(-0.00012292796329361165-0.0005050832029755052j),(-0.0007396276418827056-0.0002632527891509406j),(0.0011142059285965773+0.0014602598941291269j),(0.0006964610675913149+0.0015963704422382314j),(0.001307106348763019+0.003556007927887685j),(0.00022029104154093975+0.0003766027360551094j),(3.6454960249188324e-05+0.0010511226651184749j),(0.0008729535324309289+0.0019294144431019878j),(0.0011289955319464728+0.0015362913414916687j),(0.0006534062944963252+0.0015404854940755342j),(0.0013390399566573373+0.003689644600409407j),(0.0002039781399732017-0.00027678002232998456j),(-0.0019341904054745252-0.003289994348224156j),(-0.00083396858784694+0.002940939946801755j),(0.00020845874885916686-0.00033394093500490815j),(-0.00192766386200148-0.0033205077376955677j),(-0.0008143422146790589+0.002949723220697401j),(0.00036934467808533443-0.006826085147372284j),(-0.0016253284184334074-0.004101075439973636j),(0.004662098794475364+0.0040392795584286816j),(0.0003528393271375096+0.006581838126503953j),(-0.0013726074422615896+0.0041811342084279255j),(0.0037325117210175954-0.0013195874691893476j),(-0.001434893252662852+0.004877922761131547j),(-0.000817608349739861+0.011859182551941684j),(-9.036982201817947e-05+0.006384534036003709j),(-0.004562816859502516+0.004261599162689004j),(-0.003082673921503163+0.0024692798517672006j),(-0.005944924975800283+0.015377829415043771j),(-0.0011215376229189247+0.004781322691988016j),(-0.0005194362931604983+0.012991410546162983j),(0.0003889990232041849+0.005895661202654968j),(-0.009207451789910656-0.0049496963649943125j),(-0.007197054536555542-0.020710631644991317j),(-0.015007996145180237+0.015055597774385181j),(-0.009820056300933768-0.010596170739394188j),(-0.007845603982474863-0.024039914775879925j),(0.9834673984157078+0.0035758223012454736j),(-0.009371242180298098-0.005243717227796061j),(-0.007331939704239213-0.02157930804743046j),(-0.015305751407039072+0.014689211032480415j),(0.00023239933240650713+0.004020558316799868j),(0.0007314269917497291+0.01599726018881137j),(0.0019762496360788313+0.0053627286977224065j),(0.002830403223223246-0.0028519535280133916j),(0.0026012389179751105+0.013551924900629134j),(0.003407689709019693-0.004773864652014761j),(0.0031441940184998955-0.0034248561025316576j),(0.002875220533999156+0.013534552727737098j),(0.00362196594647692-0.005699782080839709j),(0.0003692906845699968-0.006843694109574649j),(-0.0016257225948577451-0.004112152334838937j),(0.00466267408429585+0.004046821831139212j),(1.3475989892008087e-05+0.00022028648202179106j),(-0.0004087428769192546-0.00013455024510199376j),(0.0016574858960391886-8.044659386501757e-05j),(0.001646568002545006+0.00015904085225918775j),(0.00038455168220221563-0.006731893872536683j),(-0.0014938206071114794-0.003992952512839258j),(0.004272517986963045+0.0041102515278955525j),(0.0011703120661118763+0.012407339181722501j),(-0.007907911396185036-0.033273615132558436j),(0.00038995093621646917+0.0020732084817791877j),(5.8870168041019485e-05+0.0021927369230822407j),(0.002175416030448374+0.0019530278030848438j)
68,(2.304157345709966e-06-4.262623078735719e-06j),(3.4878791153916984e-06-4.365855725206643e-06j),(-5.792036463201672e-06+8.628478802458467e-06j),(3.463674888188691e-06-4.897789991603337e-06j),(8.298278755925992e-07-5.149711393491967e-08j),(-3.148855994075676e-06+4.904618206017123e-06j),(0.00035279059410421294-0.0004091338050692672j),(0.0002051852779206858-8.676352144480499e-05j),(-0.00012094263907792981+0.0003568207220269546j),(0.0005044080441441539-0.0006300767443826482j),(0.00027036822943969576-0.00010593408646059348j),(-0.0002349718920729775+0.0006001254598791616j),(0.0012004483162020606-0.0034309770814489847j),(-0.00032246465400253893+0.0004913147851626845j),(-0.003114919293570642+0.005128558513620346j),(-0.0005048060282978146+0.0006251356641965074j),(0.0010136478170374942-0.005417012383027971j),(0.0009808893022633788-0.0013273684130455394j),(0.00018442756044432534+0.0012714700596038013j),(-0.0007336449503872312-0.0004600789214063345j),(-8.585708129684986e-05+0.0005140903252744181j),(0.0002955296430972071-0.0006150809745573155j),(-0.0008149404933939046-0.0003957257172497301j),(-9.033303735817171e-05+0.0005247206916608963j),(0.00031704447460821216-0.0006862616517316956j),(-0.0008145252437909696-0.0003940354255428033j),(-8.99983870821263e-05+0.00052490169926518j),(0.00031741776654445634-0.0006866456239458343j),(-0.0007856873203372172-0.0003404462927516288j),(-0.0008199835920016407-0.00039579281592293887j),(-6.80120398676493e-05+0.0005236596006119318j),(0.000335646446515769-0.0006948380173223262j),(0.0008566495086521922+0.0017627331234704793j),(0.0010920197344634107+0.00036721367605012985j),(0.0012040025821796988-0.0007418480710080829j),(0.00048787979083751086-0.0014079614364010434j),(0.0006048337558270776-0.0014535762398136096j),(0.0013479850697741835+0.00045879651188213957j),(0.0009087429566838423+0.0018624866675170208j),(0.0010424890539117314+0.0003033603105225273j),(0.0011814291906911576-0.0007343994973370311j),(0.0007649868463239571+0.0026810309321220306j),(-0.0020353624246260984-0.0017741971697312416j),(-0.0011717293546314336-0.0001678750069256836j),(0.0008022717601512167+0.002677957427321501j),(-0.002043594061156719-0.0018170526393264243j),(-0.00117783742375676-0.0002082437366766523j),(0.004720741248068996+0.0010688304777161164j),(-0.0026584563536956635-0.0035555186191223997j),(0.0009705384433794449-0.0061926699795399245j),(0.0029923642327367517+0.009749077277746553j),(-7.187786324605388e-05+0.011975465896532844j),(0.002275049952916785+0.014299992336615094j),(-0.0002749152226374376+0.01293895521539681j),(-0.0008098638164862412+0.004215148142829568j),(-0.0012489903991760314+0.005531970870766891j),(-0.005688732208942586+0.003362189885439637j),(-0.0038919233623811193+0.0004145235439740414j),(-0.0043589081112525505+0.0016183829600342429j),(8.993648254060327e-05+0.013668782237879389j),(-0.0004522870665620704+0.004133853243662887j),(-0.0010365609644812257+0.005332493347485701j),(-0.014472783658771997-0.012225497388693572j),(-0.008377000110882046-0.005212320745368714j),(-0.008918646791648051-0.00502425983542567j),(-0.015407010380422814-0.014034311649057198j),(-0.008758579363314558-0.005053504342899131j),(-0.009371242180298098-0.005243717227796061j),(0.9851226779582111-0.016141415597869743j),(-0.008682366649596962-0.015103259597070859j),(-0.009114720870380778-0.009180961243433676j),(0.0008174535811963542+0.013716153742495678j),(0.001177366229992072+0.002858796805094207j),(-0.0001629969242825678+0.003196053978664128j),(0.0009231955702921009+0.01150382129823317j),(0.0054158234860001144+0.0011142016238488385j),(0.002394413940943421-0.0016560156240875163j),(0.0010507838388905434+0.011578479991156791j),(0.00591722707110565+0.0010857347864306269j),(0.002711678068159774-0.0019863109312115495j),(0.004722584695813633+0.0010574095167135457j),(-0.002661992444335923-0.003576794534579368j),(0.0009684686062631455-0.006220345953798339j),(0.0012069804572733397-0.0005669033753657529j),(-0.00029823109202681183+0.0010178572804933248j),(0.0005225256798961802+0.0003358137745980332j),(0.0012782498919441615-0.0019147606647824337j),(0.004453848154095944+0.0010504500949204479j),(-0.0024917418440327074-0.0036755528897638237j),(0.0009076482404587836-0.006292017705360241j),(0.0016372141477530302+0.00633714875754875j),(-0.009625658079844559-0.012441654864236613j),(0.002577730023453747+0.0035127204948290263j),(0.0009812989647259192+0.0019546573812679532j),(0.0005911786450033253+0.0012687887247431154j)
69,(-7.692506231026242e-07-3.1622566477178945e-06j),(-2.736623998961475e-06+3.204396295757122e-06j),(3.5058746211799063e-06-4.213964769734393e-08j),(-1.1798287659051167e-06-1.7495035896363942e-06j),(-3.151016561329217e-07+1.8493774894049127e-06j),(2.8089407945055388e-06-1.789845782882713e-06j),(-9.239626022601187e-06-0.0003011892494518658j),(5.1426694744589554e-05-4.795432893519693e-05j),(0.00029094450491565986-0.0003348944733316346j),(-3.0198571666843364e-05-0.00045964383752782534j),(6.764129374127532e-05-5.6098187463470505e-05j),(0.00045017649887186406-0.000521603508379717j),(-0.0007952638085074902-0.0022238525411692246j),(-9.993007610111892e-05+0.00045846028822776625j),(0.0024683475486471872-0.002955637805794732j),(-7.617926953267049e-05+0.0008822324188700612j),(-0.0009563779358317651-5.437871966612346e-05j),(-0.00038958081133817687-0.00039614787549063606j),(0.0006417796049918258-0.00138391760764452j),(0.0007132375062122065+0.0015641404657204456j),(0.00041160540419208486-3.3994500863350225e-05j),(5.195834164304757e-05+0.0015739950870826947j),(0.0007861911304036038+0.0016893126420671671j),(0.00042724219831468687-3.631460388002191e-05j),(3.353507050766059e-05+0.001622529543854384j),(0.000785750615493967+0.001688188496032673j),(0.00042706464304230853-3.6754886804579376e-05j),(3.298278889697463e-05+0.0016213048255416071j),(0.0007559848805483486+0.0016259279853182188j),(0.000834521953234042+0.0016941011225872459j),(0.00041443863351637547-6.046824595439459e-05j),(9.729243850063827e-06+0.0015473399582552256j),(-0.0011643160591673636-0.001677675207314367j),(-0.0003974038066852655-0.001275652947428065j),(-0.001088842894843974-0.002131735569178188j),(0.0001310717023976018+0.00032753418919485915j),(-0.0001807290172402482+8.068057065842684e-05j),(-0.0004228116161433305-0.0015188898569493234j),(-0.0012036029968497568-0.001792257397917507j),(-0.00038650288351197934-0.0012027172284921942j),(-0.001076662116073894-0.0022772662531605837j),(0.000746268559592756-0.001244937577365871j),(0.001708159011590253+0.0031982251721131014j),(0.0016701346158897574-0.0022570423562253104j),(0.0007441021940752701-0.0012618823524601138j),(0.0017059095228345888+0.0032426324650243455j),(0.0016765390921455242-0.002240237208388835j),(-0.00022906483359545803-0.003536051675693288j),(0.005644264762241144+0.0051485561330186485j),(-0.00026933947978821296+0.0007293344935667585j),(-0.0018374696939767296+0.0007370237641391641j),(0.0022687966443772243+0.002044887059277559j),(-0.002273039366480234-0.0007428883586964394j),(-0.002604877932082543-0.0036898258987267145j),(-0.001552304318798158+0.0062270926298567085j),(-0.0025400005577327395+0.0022021786086399266j),(-0.005430931267047263-0.004393836786747625j),(-0.006270865082766631+0.007956581118054465j),(-0.004521942272555051-0.006365827454198451j),(-0.002217438546188769-0.003602831131455728j),(-0.001155616587268165+0.005936637208397295j),(-0.0022614519327747136+0.003231163384367617j),(-0.008483652621938257-0.0050257322289688836j),(-0.012528171118688688+0.00745927598631705j),(-0.007052952380101529-0.021231364081317386j),(-0.00887738526526313-0.004370384804708956j),(-0.01340889597360407+0.007171883285112689j),(-0.007331939704239213-0.02157930804743046j),(-0.008682366649596962-0.015103259597070859j),(0.9871222632258789+0.0002026561114733862j),(-0.007221097707503047-0.021716493283847844j),(-0.00025413253809146463-0.002125381579515655j),(0.0003488071796560134+0.003360584851221563j),(-0.0008559019342618471+0.00689695355846177j),(0.004698968951686146+0.008146976989974918j),(0.002980118163857261+0.0014585645939238744j),(0.002741940669488167+0.014124552643539562j),(0.005297302549042363+0.009259155371876684j),(0.003357876096415702+0.0015341350415020785j),(0.0032081559316573935+0.015047324374996437j),(-0.00022693194499373483-0.003542021970844215j),(0.005648220301016846+0.005152815567411375j),(-0.00026654674150335513+0.0007310301392813301j),(6.601512261039319e-06+0.0018027230103896176j),(0.002009936818109467+0.00018075070805604557j),(-0.00015627885331763827+0.0004941452249773142j),(-0.0035239494558555536+0.0009605462764324963j),(-0.0001722302498392747-0.0034732759022076893j),(0.0052495600204927485+0.0049386218402657535j),(-0.00019413032634651143+0.0007302092018379169j),(-0.0014050296215437881+0.004641359374469609j),(-0.010052432741622978-0.004830010165421304j),(0.00018376005854350264+0.0017285237251967748j),(0.002095270653324873+0.002665836345166364j),(0.0010599796642186282+0.0024584011725658516j)
70,(-3.4194148899306647e-06+5.261786014434954e-06j),(1.9513745785047537e-06+2.433538667192247e-06j),(1.4680403139345105e-06-7.695324680676696e-06j),(-1.6446238579507787e-06+4.33726540913462e-06j),(2.26612180991013e-06-1.6446671302546932e-06j),(5.2571540709656725e-08-4.422826888985646e-06j),(-6.455695481454175e-05+0.00014317302246967534j),(0.000182830512204921-0.0002654905552562541j),(2.8170004490941415e-06-0.000501755619312792j),(-0.00013891280752475078+0.0002687502665175408j),(0.00026216315265989047-0.0003983697214235849j),(-2.6178810481092903e-05-0.0007836422954805538j),(-0.0022568239798976923+0.0033968428298127296j),(0.0006987837610768939-0.0016918702721161628j),(-0.0012935782885963526-0.004588062437578056j),(0.0007876592709473171-0.002238650013606144j),(-0.0009543716179544728+0.006479134422003233j),(0.0014561372776331991+0.0026065166963091827j),(-0.00029315295112313536-0.002190281857718932j),(-4.4502045410498145e-06-0.001326047531659384j),(-0.00010060649834669111-0.0005063083945186357j),(-0.0007460588029702121-0.00041141210315820236j),(3.0866605242322676e-05-0.0015457053080354338j),(-0.00012633526438665644-0.0005282062871341461j),(-0.000758249066640527-0.00033267544856794814j),(3.153408907576429e-05-0.0015459982417450136j),(-0.0001262128315791778-0.0005278980230578622j),(-0.0007573484018042142-0.0003306925563594039j),(5.889186548031864e-05-0.0015175142866344004j),(6.537655197534826e-05-0.0016529320171179494j),(-0.00011212518964612793-0.0004960764219720261j),(-0.0007135429714513793-0.000246159903485576j),(0.0011046623098901922+0.0013884982098344711j),(0.0006690898627209437+0.0015414058496843767j),(0.001225572134587168+0.003495032372607264j),(0.00020801976780687612+0.0003832735662014947j),(4.4314882907596585e-05+0.0010254451107581252j),(0.0008313589567196999+0.0018707747940344393j),(0.0011195320657608034+0.0014589227289916878j),(0.0006288589435552922+0.001486739618971313j),(0.0012569018192383945+0.003626701194145261j),(0.00018708032185249307-0.00034676232405203523j),(-0.0018482998549850995-0.003163404054789414j),(-0.0007582414562284228+0.0029466744115671448j),(0.0001907005125868417-0.00039863055794706927j),(-0.0018423227358266262-0.0031926469247466746j),(-0.000738168146376607+0.002953056927715191j),(0.00035301417635689514-0.006057911947915728j),(-0.0015438656906086713-0.0037835456120102707j),(0.004576642384519551+0.0037444225507361883j),(0.00028253308270363025+0.005837473604009951j),(-0.0013079145519437755+0.004129391254182371j),(0.0034192543021761197+0.0002526480969268687j),(-0.0014806044634387144+0.005776163452035502j),(-0.0009644638297317161+0.010779297585300579j),(-0.0003898867684597882+0.00790236424946224j),(-0.004792759468246242+0.002444502387583973j),(-0.0035155583403633957-0.001019897809478785j),(-0.006416577732688864+0.011503879010232995j),(-0.001128958144067698+0.005851553664955584j),(-0.0006359568864978632+0.012066917838908276j),(0.0001228076641016243+0.007477308991864516j),(-0.008924950078575569-0.004920462673341256j),(-0.006996228932398432-0.021036696759101182j),(-0.014494549870215482+0.015366793799605628j),(-0.00935500614767815-0.005347902179153361j),(-0.007285357209650872-0.021899911311549496j),(-0.015305751407039072+0.014689211032480415j),(-0.009114720870380778-0.009180961243433676j),(-0.007221097707503047-0.021716493283847844j),(0.9848599954347353+0.0031381453579516026j),(0.0004101300577519997+0.004455727726392995j),(0.000722667321817548+0.015105607175389656j),(0.0018495724828274471+0.0037808024527061935j),(0.002713416450313386-0.0030332544408260033j),(0.002624814663561655+0.013959002434504472j),(0.0034217442101059357-0.004070720790367584j),(0.0029983741324922566-0.003630626878238156j),(0.0029021586241043656+0.01406846162436438j),(0.003648326749642165-0.004704463295628108j),(0.00035306983670037166-0.006073608249753722j),(-0.0015442281071686625-0.0037941985582246856j),(0.00457754328243102+0.003749443531792693j),(-4.5440464763638055e-05+4.526881110132304e-05j),(-0.00042566142713288974+1.323030475288339e-05j),(0.001620241228611144+8.657834672725403e-05j),(0.001549488571293416+7.532221557644218e-05j),(0.0003682999824688627-0.005964838063671858j),(-0.0014201837655545256-0.003692905176123795j),(0.004207532277401695+0.003761827175231403j),(0.0009904814992934695+0.009861199352350412j),(-0.007896062828460951-0.029188459310648538j),(0.00038018356282015726+0.0020544126894788107j),(6.384900938147955e-05+0.002040921680928396j),(0.002109812127777474+0.0017962782722595724j)
71,(2.386492549307743e-06-3.098854097488621e-06j),(3.969541763755456e-07-3.4972437974901887e-06j),(-2.783446727573599e-06+6.596097893595581e-06j),(1.2087094301873087e-06-2.848570388074045e-06j),(-1.518076489976523e-06+6.779406720027622e-07j),(-1.982226660945986e-06+4.6606627615775825e-06j),(-9.374442159248072e-05+6.927383817044864e-05j),(-0.00025987874162422206+0.0003029486013469301j),(-0.000281826719076041+0.0006341961142835145j),(-9.297013361952452e-05+4.402091832507016e-05j),(-0.00036117360781395813+0.000433378068283247j),(-0.00040198851160939617+0.000977667368721977j),(0.0015036809110783042-0.002323612067589682j),(-0.00042397498523111797+0.0009645431971414828j),(-0.0009097096138169403+0.005215970857859155j),(-0.0005612620590700598+0.001142539371405289j),(0.001132740819173901-0.00660965065544088j),(0.0002313568441850024-0.0019374270370966804j),(-0.0004613735421492204+0.0028325226258743416j),(-0.0004898340300562512-0.0005248208385167296j),(0.0005993839380725903+0.00019409712348004548j),(0.00048168007852070953-0.0013221505227617105j),(-0.0005497428222509779-0.0004526062513776029j),(0.0006098334651653035+0.00019903867480245818j),(0.0005130717820005881-0.0014365633579780462j),(-0.0005493739691604208-0.0004510651665355053j),(0.0006095904981262446+0.00019916321825590036j),(0.0005132308743986621-0.0014369028486663047j),(-0.0005237795775967512-0.00041086224922125963j),(-0.0006207330366484977-0.00036374788800241204j),(0.0005967972050521036+0.0001937135197992777j),(0.0005169074543847278-0.001431091013806291j),(0.0013163703972059375+0.0003860093770786286j),(0.00020747546230052424-0.00041971394187116347j),(0.0007564314660698408-0.0008287852500354464j),(0.000207231385687931-0.0016340645811558174j),(0.000746849648541323-0.0020908692516230353j),(3.9255451640118604e-05-0.0005342421822337293j),(0.0013712327850168276+0.0004562087337708236j),(0.0001933205894825814-0.0004425647588900453j),(0.0007389419109331342-0.0008046190200482734j),(-0.00019187903124171743+0.0019511509598254067j),(-0.0008449580930311557-0.001175592325501845j),(-0.0009807914626717654-0.0010920328339593956j),(-0.0001864560387623952+0.0020190260575578016j),(-0.0008548184363354636-0.0011415091692819838j),(-0.0009986793039306358-0.001040227487751389j),(0.0033172261075907427+0.010273938901115639j),(-0.0017670059837583936+0.005619615784581129j),(-0.0006456536211533457+0.006049316105654831j),(0.001090918296588615+0.00042918031776000357j),(-0.003019112488025265-0.020309101313859056j),(-0.0025079910970214475-0.027254544968956282j),(-0.006056752054945706-3.117066076831253e-05j),(-0.00147233788432394+0.0013196682606519145j),(-0.0019724412041176548-0.0015516491189352518j),(-0.0023229573685621227+0.008503079504857711j),(-0.0009649794516855266+0.0005108281273653904j),(-0.0005773501871550685+0.003559767325250995j),(-0.0066342851719180165-0.001783184959474397j),(-0.001423495748542036+0.0015033848657216471j),(-0.00209154575877019-0.001712693407385957j),(0.0006736722049739987+0.013477775537996641j),(-0.00026826933925165294-0.0025700864652882455j),(0.000326527949423724+0.004262510688670867j),(0.0008216030448383083+0.014365789405216649j),(-0.0002108138165447858-0.0036267357015266235j),(0.00023239933240650713+0.004020558316799868j),(0.0008174535811963542+0.013716153742495678j),(-0.00025413253809146463-0.002125381579515655j),(0.0004101300577519997+0.004455727726392995j),(0.9922077684238881-0.01443462908983808j),(-0.0011175736229565988-0.011423732959841832j),(-0.002390045685532088-0.00903260536044654j),(-0.00021552097206660947+0.016935515029218116j),(0.00180224306069797+0.00983183642069487j),(0.0005964628579465385+0.009977161727213925j),(0.0005505571734844781+0.02035261130358894j),(0.0021725584785442105+0.011527401795371506j),(0.0009739720513799395+0.011927818741652548j),(0.003319615605608494+0.010286438336321639j),(-0.0017652585495536147+0.005654653916543078j),(-0.0006431387301787261+0.0060945076785898725j),(0.001671327244876279+0.0034715597791944233j),(-0.0004998484459485308-0.00037736576319531375j),(-0.0009902493841735457-0.0007161274658538273j),(8.336734612919507e-05-0.0020660827937829676j),(0.00305459593438662+0.009211163173295345j),(-0.0016937461470501055+0.005862604481996735j),(-0.0006694969896031463+0.006584714570196738j),(0.0030453777036663797+0.008880404057696894j),(-0.0008006066955787614+0.013106850992491868j),(0.0017957109989112851-0.0022741617392066167j),(-0.0009248674243187285+0.0007294258469716764j),(-0.0007616518690915304+0.0004096940385267622j)
72,(4.322653826686966e-07-3.97222724900867e-07j),(-3.053430898715742e-06+7.496779112101021e-07j),(2.621165514431321e-06-3.524551859925082e-07j),(-1.2167531403632291e-06+3.283748206757661e-07j),(-1.7115148668676586e-06+7.82520450255088e-07j),(1.7654018154514512e-06-6.078912003420217e-08j),(-0.00018862235914375176+0.00015790167515559441j),(-0.00023004182798746662+0.00019208294662028985j),(5.758969501981876e-05+0.00010559621653758074j),(-0.00024812377752057456+0.0002063549265489983j),(-0.00031683023836119194+0.0002675492046283043j),(0.00013815010635849186+0.00013136250092292152j),(0.00029527143221288413-0.00035919061501707514j),(-0.00026649897119686555+0.0003190559533026759j),(0.002635776090527254-0.0005261159974493442j),(-0.00026000639833879133+0.000321190142871618j),(-0.00041503088415576763-0.0015004393787798785j),(-0.001072072130587502+5.8683845540626793e-05j),(0.0009860881645344323-0.0007540608312589653j),(0.0006369795669700944+0.0008342808309007413j),(0.0011174829679089808+0.00019651894013262726j),(0.00026248724346850615-0.00029098647824237216j),(0.0006988738861221054+0.0009275580840689109j),(0.0011550721940018333+0.0001779245360505723j),(0.0002418054692021657-0.000293862827828475j),(0.0006985280553076102+0.0009272168764116761j),(0.0011544375083125064+0.0001772154233154054j),(0.0002409977982453361-0.00029374803384873776j),(0.000676335640466069+0.0008981466025823925j),(0.0006653998708673628+0.0009954699584680583j),(0.001113189363251653+0.0001430922278245505j),(0.0002068823162635183-0.0002917832917896751j),(-0.00034308299781220404-0.0012055629047009746j),(-0.0009093450500062941-0.001564009015530307j),(-0.0011778324635322828-0.0004648337789695952j),(-6.108624112109811e-05+0.0004581028907296625j),(5.0746230534106126e-05+0.00011131034126340628j),(-0.0013383306337845582-0.0018308619389556424j),(-0.00036716981846663613-0.0013216074229169305j),(-0.0008824475842143453-0.0015572306046406181j),(-0.0011638276200150665-0.0004932465955498058j),(-0.000628451955793725-0.0030852861855263525j),(0.001664297811854781+0.0006197788865336482j),(0.0014068578780036633-0.0017995191624847712j),(-0.0006482240663866323-0.003009406231072181j),(0.0016735456771341205+0.0007238669934155938j),(0.0013971388099165189-0.0017791975616851144j),(-0.001299256921093529+0.007922917540487046j),(0.003939157473652399+0.0054435672004666084j),(-0.003616307705458554+0.0015865721779066734j),(-0.002238204529916658-0.007306479661299577j),(0.0023480953355525906+0.011035878960745683j),(-5.955831981395855e-05+0.0006862227063742111j),(0.0007623227595804667+0.00586236366428465j),(-0.0047373839807858704+0.004113649055826791j),(-0.001741565837913804-0.008841941576426707j),(0.002155444084929678+0.005933134695554511j),(-0.001068467933141546+0.004779204302966857j),(0.0006686496031783026+0.003112858960449494j),(0.0005534205001978961+0.005326521607205779j),(-0.00543054302189094+0.0028850171626271254j),(-0.002144995701613311-0.010828024723715884j),(0.0012321922081227588+0.0030102624992213375j),(0.0003702202465174833+0.003505873112729853j),(0.0007373705527366046+0.01468875676182112j),(0.0011200009504537631+0.003060417871001162j),(0.0005764616743221677+0.004213710934648609j),(0.0007314269917497291+0.01599726018881137j),(0.001177366229992072+0.002858796805094207j),(0.0003488071796560134+0.003360584851221563j),(0.000722667321817548+0.015105607175389656j),(-0.0011175736229565988-0.011423732959841832j),(0.9923016047885976-0.012196848849987054j),(-0.0036433112234540593-0.01731483379958047j),(-0.0010378172110969714+0.0035242537206097947j),(-0.00018969717594881672+0.024555349905724805j),(0.0020248992839396757+0.005359428561150988j),(-0.0009329105707668074+0.004666778825746129j),(0.000570742906470702+0.028156357773790757j),(0.002651502981782877+0.007950035335781518j),(-0.0012978322826305978+0.007942709351246675j),(0.0039409617446628615+0.0054350407990036795j),(-0.0036208220062185913+0.0015869689657854536j),(-0.0005911547131970694-0.0010666649835357374j),(0.0008486401688094916+0.002711467976581808j),(-0.0002584286181739126+0.0012904282132775275j),(-0.0018465748316331568+0.005434786155401112j),(-0.0011833292888625395+0.007932001897980103j),(0.0037053992525816356+0.004592688093007736j),(-0.0034474586190412116+0.0013610046890909977j),(-0.00453994310971746-0.018388498129764546j),(-0.0015935851201137612+0.006354301441377282j),(-0.00031188160645190087+0.0006606685938007021j),(0.0010907191757972123-0.0014975363196887718j),(-0.0013736892809267244+0.0002898438402841074j)
73,(-2.6200689307711526e-06+6.72812274344251e-06j),(1.7814717405721966e-06+4.638508803537106e-06j),(8.385971931823172e-07-1.1366631546142333e-05j),(-2.1750213492062167e-06+6.76806412258091e-06j),(8.293752962924518e-07-8.802007184762933e-07j),(-1.1850055397395546e-06-6.1608511862565675e-06j),(-0.0003757448845921953+0.0005372533376950142j),(-0.00019277098293829056+2.598349358500906e-05j),(-0.00035153406623674165-0.0004313595246228767j),(-0.0005407074813088174+0.0008320250622668558j),(-0.0002462005113106024+6.870460853332242e-06j),(-0.0005104378289218259-0.0007135337304753036j),(-0.0013819754615681142+0.004674638024675768j),(0.0007113640067991835-0.0012516828662830536j),(-0.001475150630640354-0.005681722732652844j),(0.0009509481363038774-0.00177435370538625j),(-0.00010123958633564357+0.006005307146244809j),(0.0008003537693889342+0.002310674037008467j),(-6.93725334212675e-05-0.0004904103151351083j),(-6.776969423816183e-05-0.0011388017804050514j),(-2.593769171670558e-05-0.0013995470193462782j),(-0.00023143237865347595-0.00012810386879736875j),(-4.360682078113039e-05-0.0013425501624009682j),(-3.735685778726342e-05-0.001437134550762871j),(-0.00024276845274245982-7.285642307342118e-05j),(-4.2933702890141155e-05-0.0013434198171370887j),(-3.727151717681761e-05-0.0014367132531906003j),(-0.00024267805530329522-7.162882365010473e-05j),(-1.0553539191539025e-05-0.0013460130745973021j),(-8.971457011832983e-05-0.0013654360959816589j),(-2.8746403185369055e-05-0.0013964094212354332j),(-0.00023792949878011436-1.4570616954688717e-05j),(0.0018523023924770072-0.0005203400404924089j),(0.0006103337257032517+0.0008414679753971275j),(0.00013030805985129063+0.002483748585121893j),(-4.50959337303214e-06+0.0005509213421949629j),(0.00032515616612741245+0.0007197524181611586j),(0.0005571881064849753+0.0011836433927914624j),(0.0018731635480999848-0.0005288400653876214j),(0.0006219290598103936+0.0008747098413105238j),(0.00012919159133729596+0.0025838755560313145j),(-0.0010607412095241964-0.001616678148046531j),(-0.0006243511749396025+0.0003199356609431283j),(-0.0007090877660528943+0.0030935863168950663j),(-0.0010854640151457104-0.0015803177129699736j),(-0.0006411827436075708+0.00029208957596120943j),(-0.0006852591757642585+0.003084723396714604j),(0.00018683093097763247+0.007612899797584836j),(-0.002670359539918598+0.0035716494052777875j),(0.004168167634269104+0.004277792012164117j),(-0.002060266729030138-0.008637507368109726j),(-0.0006971129871738951-0.002148897888141899j),(0.001694291320634865+0.022408348894612372j),(-0.00032571243474201265+0.001900433468348515j),(-0.0021870200481883106-0.0113770835931218j),(-0.005179899011277496+0.008849112049500833j),(0.0013531646995455524+0.004824779484091877j),(-0.00015679986697489362-0.00218643248197107j),(-0.0012446811884081245+0.005967668409319409j),(-0.0006152280111752886+0.001159573612587331j),(-0.002521753434830045-0.012944497362719165j),(-0.00589575091804958+0.007639314786024508j),(-0.00013001605376627957+0.003247246073798631j),(-0.000835232932945303+0.0064159017420193105j),(0.0017318812326725217+0.004112470818034401j),(-0.00043552146402838865+0.003232436767242211j),(-0.0010248484730337136+0.007143735091393182j),(0.0019762496360788313+0.0053627286977224065j),(-0.0001629969242825678+0.003196053978664128j),(-0.0008559019342618471+0.00689695355846177j),(0.0018495724828274471+0.0037808024527061935j),(-0.002390045685532088-0.00903260536044654j),(-0.0036433112234540593-0.01731483379958047j),(0.9915784126621782-0.014041360168202155j),(-0.0004475978639853366+0.007747437765054068j),(0.0034642325720387747+0.011632164015324804j),(-0.0012455569798818838+0.017554409209517133j),(-0.00013805117476314952+0.009563131384419488j),(0.004252835735185756+0.014851521393822132j),(-0.0005248169748987994+0.020141769387098253j),(0.00018993807339243022+0.007633938396465475j),(-0.0026728975677809334+0.0035787847521145406j),(0.004171026844006006+0.004252467246823856j),(-0.0005261928210785634-0.00041698761072810845j),(-0.00048242902289645495+0.0008341806947168102j),(0.0008166433980999245+0.002458035744956297j),(0.0005190508261141384-0.003759953337484326j),(0.00022839788375218165+0.0077053180432457204j),(-0.0025653175599233404+0.003430162686546785j),(0.003948292350899691+0.0030807783212367735j),(-0.004385904659700842-0.021358443145584348j),(-0.0012605806616170917+0.012514900134423827j),(-0.0009307780386553043-0.0007640579710401378j),(-0.0012652839564836554+1.2727904466635302e-05j),(0.0010129144436231395-0.0010970081248186498j)
74,(4.3997078203960425e-06-7.46205873208469e-06j),(4.043770484145037e-07-6.594885027492117e-06j),(-4.804084873084052e-06+1.4056943757203794e-05j),(4.047993791244473e-06-7.421754280231217e-06j),(-9.817376069692718e-07+1.0630406994412967e-06j),(-1.4602314556552188e-06+8.56937827308701e-06j),(0.00046617747282785875-0.000390526471955628j),(0.00015902670690205853+0.0001763001613047776j),(0.00011778948998944749+0.0008198246764226668j),(0.0006861554787483629-0.0006308868169286291j),(0.0001958324169157323+0.0002941877196228751j),(0.00014398135935016584+0.0013307197693116757j),(0.0024079224777292167-0.004660647633743189j),(-0.0009064888222149089+0.002398217399911132j),(-0.0007095592824242153+0.009695833404134619j),(-0.001380552330451842+0.0030855451148819966j),(0.0011679451919556923-0.009996234490471684j),(0.00107563250429929-0.003780108848460193j),(0.0003517410797025637+0.003928031412090097j),(-0.0003280797946282087-0.001036042332997714j),(0.0008605322131247975-6.745045262558213e-05j),(0.00048415079069050263-0.001578436763694349j),(-0.0003795127559633022-0.0009557067040037938j),(0.0008751754666834848-6.334100451843832e-05j),(0.0005201054786447277-0.0017600511162175723j),(-0.00037932576991772963-0.0009537781923028843j),(0.0008750043673250744-6.345877219051006e-05j),(0.0005205305702952865-0.0017618016211111225j),(-0.0003632297069149265-0.0009102976738266308j),(-0.00039369024389534753-0.0008957417254535764j),(0.0008688311731900008-8.892405025772224e-05j),(0.0005413659335961246-0.0018151293629582379j),(0.000656116139657289-8.361484442546835e-05j),(0.0006851709964184545-0.0016563571398388408j),(0.0014948933945806158-0.003530030130606149j),(0.0005266483697791233-0.002588076093899574j),(0.0006661057552581425-0.0028946667241567916j),(0.000653536110972799-0.0017337695657379869j),(0.0006662181435934336+1.3045962821872453e-05j),(0.0006255302062979574-0.0017043636454549898j),(0.001457041282722279-0.003542759411703322j),(-0.0010379246346830379+0.0029953192613762334j),(-0.002176081706370911-0.0012415795800802352j),(-0.002457517777447405-0.0007654745741541014j),(-0.0010074306561812028+0.003061685727494495j),(-0.0021954807120106896-0.0012493611213645942j),(-0.0025000318546125966-0.0007595736162190865j),(0.005672064556583337+0.008236223816447216j),(-0.003079418280368161-0.0007425811821299274j),(-0.00223514605102167-0.0034504166943294633j),(0.003205148822438164+0.013460145723185562j),(-0.0009859861308213816+0.01555029921680891j),(-6.736197329140672e-05+0.019551081084377402j),(0.0022349380925081016+0.017932909920173344j),(-2.302531423919004e-05+0.005427292582736882j),(0.00020001163515752913+0.007167540722213923j),(0.0022927514731843485+0.015471130458755592j),(0.0021324870959907845+0.0062715590461849295j),(0.0014191181247897712+0.0019620840889850635j),(0.001975166438151417+0.01807615023440471j),(-0.00024359642626006777+0.0049383602952707785j),(5.89063854188088e-05+0.007249552124503494j),(0.0009553367583300209+0.011819941600164845j),(0.004540204333058182+0.008516682886093314j),(0.002671967962646016-0.0027170205717146558j),(0.000773168935594084+0.01181732594707656j),(0.004691850606418817+0.009661927485179096j),(0.002830403223223246-0.0028519535280133916j),(0.0009231955702921009+0.01150382129823317j),(0.004698968951686146+0.008146976989974918j),(0.002713416450313386-0.0030332544408260033j),(-0.00021552097206660947+0.016935515029218116j),(-0.0010378172110969714+0.0035242537206097947j),(-0.0004475978639853366+0.007747437765054068j),(0.9921813374808071+0.004213540345807051j),(-0.0016756213621589979-0.007184633034369426j),(-0.0007460189248789266+0.0049659078724847636j),(-0.008470971825604374+0.003946275776675311j),(-0.0016782128595924138+0.0008164719511330187j),(-0.000804186954920016+0.007566028634786833j),(0.005674794917387027+0.008229067872951742j),(-0.003082129306051324-0.0007650415092536177j),(-0.0022381002167258923-0.0034817928730088467j),(0.0012289879371497428-0.0003634520636695696j),(-0.0008359948941180618+0.0013231920767173798j),(-0.00022475889141523888+0.0007526677081245757j),(-0.0001177014473916463-0.002411393932522222j),(0.00532837183914356+0.007803202062590637j),(-0.002848587827649981-0.0011232765366218575j),(-0.002060473840869718-0.0038932311125500453j),(0.001354796872411098+0.007712156413186182j),(0.006707424538243198-0.0015840869406431191j),(0.0016009185439222525+0.0028018714995444896j),(-0.0006366085154287073+0.0009180053362996527j),(-0.0010382270662339138+0.000328733166660359j)
75,(4.50020582645732e-07-4.863832497146835e-06j),(-6.281654817771541e-06-1.559249131690097e-06j),(5.831634232113055e-06+6.423081628952605e-06j),(-8.096882121822797e-07-4.386467567749589e-06j),(-1.340121761800276e-06+1.1424270268319522e-06j),(5.8042408720720125e-06+2.926400485141531e-06j),(0.0002515409784971278-0.00042457314046967954j),(0.00020943627223286805-5.4764655769291414e-05j),(0.0007814460591939777+8.86915185106229e-05j),(0.00034143569707557203-0.0006322899932135646j),(0.00027141086486267917-4.1864389401759716e-05j),(0.0011919830445454452+0.00015795839765217143j),(-2.2473989797885648e-05-0.002520012835318261j),(-0.0006153240235450873+0.0014618209862370503j),(0.0058334364425743895+0.0016296977868143873j),(-0.0008496771190485562+0.0019105286293614326j),(-0.001027390618676746-0.0012944129372912051j),(-0.00122934246874441-0.0003554678318024797j),(0.0013404950598169916-0.0033746387195900274j),(0.0020702860876920057+0.0009297480684800482j),(0.001524891999112175-1.502850914893595e-05j),(0.00044255206598692483+0.0002741848608917904j),(0.002241886569436592+0.0010059983632092254j),(0.001590689603789721-5.244078691974893e-05j),(0.000414382143827095+0.00030654851214724694j),(0.002240150928804247+0.0010047519508821763j),(0.0015901296403183658-5.40536875261342e-05j),(0.00041298354838584835+0.00030583403697806433j),(0.0021409605463470673+0.0009333605395881479j),(0.0023436688750703497+0.0009978947359316477j),(0.0015485751537744345-0.00013257090519146284j),(0.0003508886806550117+0.00025105843920700775j),(-0.0036851208398172345-0.0028277253926391483j),(-0.0010279276723392777-0.003710435622466207j),(-0.002635089842710208-0.0026618848503364013j),(0.00033459238705066657-5.936082849002745e-05j),(-0.000589919506436617-6.272471197988228e-05j),(-0.0009568308165417531-0.0041926999385639j),(-0.0038617550967035307-0.0029590378434263534j),(-0.0011040177987065379-0.003733222736214077j),(-0.0026569781532806334-0.0027607398668132582j),(-0.0003179735111788079-0.002851996693747668j),(0.0011755258761259814-0.0005716293001931157j),(0.002456498000625653-0.0024837984242548736j),(-0.00032071781340705784-0.002822841498445458j),(0.0011890553345461682-0.00037940894213116423j),(0.0024497809887348053-0.002445468455039036j),(-0.004790051757431288-0.004548885351220516j),(0.008040814986015292+0.00583763999874563j),(-0.006685799774242966-0.0021973385459181953j),(-0.001574587383177839+0.012365159497235264j),(0.006097350479672019+0.010772675802601144j),(-0.0036502431242281946+0.006598672310841285j),(0.0020181868867091995+0.009757834814363485j),(0.0029690925802407075+0.02074894943438626j),(0.002635854177676259+0.01780694150764754j),(0.0033590059813298563+0.00619303666471863j),(0.0031846297050745695+0.01298747964872286j),(0.0025918668910402537+0.0181081175566779j),(0.001998273614693391+0.009935765248139454j),(0.002599577103617841+0.021830131360392975j),(0.002863929211659057+0.017467762313426338j),(0.005338060938268848+0.0012943290296150833j),(0.0029635157423955937+0.001885446987965174j),(0.0026175232957703874+0.014099784086616104j),(0.005538149800090276+0.0007260917059584955j),(0.0028783763435000164+0.0006422524863861911j),(0.0026012389179751105+0.013551924900629134j),(0.0054158234860001144+0.0011142016238488385j),(0.002980118163857261+0.0014585645939238744j),(0.002624814663561655+0.013959002434504472j),(0.00180224306069797+0.00983183642069487j),(-0.00018969717594881672+0.024555349905724805j),(0.0034642325720387747+0.011632164015324804j),(-0.0016756213621589979-0.007184633034369426j),(0.9874128712174247+0.011158085081163146j),(0.0006286722570563216-0.017107337398154617j),(-0.001996052536023491+0.0001718099670271686j),(-0.01361070406711868+0.015178400488431536j),(0.0002854924834684731-0.02218613527422087j),(-0.004793904479044888-0.004571709445002278j),(0.008042818364034312+0.0058310933113046625j),(-0.006688892323111743-0.002208981255621336j),(-0.0011891674031821711+0.001558553195135451j),(0.0020157056010545425-0.0009776503262221379j),(-0.002064830841824184-0.00023371536500297555j),(-0.004304965218381488+0.010022717084497758j),(-0.004451341532731592-0.004727265897757914j),(0.007480693508104992+0.005453462293277617j),(-0.006157054940418932-0.0021497788394796253j),(-0.0006902826383755816+0.018751427398670657j),(0.0034233359028224505-0.00024215835502739216j),(-0.001155794175034444+0.0021224032251435454j),(0.001755686839465914+0.0015340203048562848j),(-0.0011160249463034173+0.0027604161231541973j)
76,(-4.3554692367467975e-06+9.146947870233988e-06j),(4.30011844278792e-06+9.3096421107069e-06j),(5.535079926727348e-08-1.845658997825299e-05j),(-1.7367896775411481e-06+9.310944013936165e-06j),(3.252175769680133e-06-1.093606153325028e-06j),(-1.6097288331570839e-06-1.1699259578702831e-05j),(-0.00015561305973797458+0.0003711102392946326j),(0.00015676226075053424-0.0003138446317212656j),(-0.0002614704273097558-0.0011928319347768912j),(-0.00026812510384415823+0.0006581667650092365j),(0.00023605101858430655-0.00046332777434811284j),(-0.0004294194429788279-0.001867630048944656j),(-0.0024642557299826198+0.007088015789726165j),(0.0011607744214145292-0.0016124756735586916j),(-0.0032175509217023763-0.01103625247052373j),(0.001555898102102978-0.002144423506158022j),(0.0004436009741600015+0.0137201998831955j),(0.0018862674005954891+0.004568611960148352j),(0.0010779644717709763-0.0013708006910407916j),(0.00017554718583663446-0.0029152292382344605j),(-0.000744691595378001-0.0036466228437509493j),(-0.0002655660906725545+0.0005146541792958419j),(0.00022608390680725328-0.003413587264452338j),(-0.0007677133891671767-0.0037271746973106972j),(-0.0002790078072670653+0.0006234262607601035j),(0.00022667562475921715-0.0034158649933004764j),(-0.0007668935355776017-0.0037262102612302273j),(-0.0002786510330595802+0.0006241377083710232j),(0.00025764372437883063-0.0034332500478841685j),(0.0002421471752294932-0.0035705507072010586j),(-0.0007146134313351053-0.0036358691647298837j),(-0.00025591219073375145+0.0006507455779863488j),(0.0017297042643663507-0.001468380092900499j),(0.0018969238870897658+0.0015874219384628162j),(0.0008927477787858726+0.0019235199851076659j),(0.00028289703635563644+0.00036063801550263833j),(0.00012317724224458537+0.0013022453631975702j),(0.002356526399108522+0.0021404453869306593j),(0.001699003185011425-0.0013829163501096415j),(0.0018667556964681448+0.0017459647227037686j),(0.000824830780364035+0.001965227316641895j),(-0.0015450890622536167-0.00010840413444046862j),(-0.001934182814438198+0.002315607550166009j),(-0.0037513079664572933+0.0023278143525517023j),(-0.0015793809567303104-0.000174872337956925j),(-0.0019668768933417224+0.0022069245166226516j),(-0.0037242677888127958+0.002385936202137553j),(-0.002134505979144829-0.005817051151308587j),(-0.005126860614538401+0.001023176337165834j),(0.008406959199622702+0.01471495814243187j),(-0.0009201256957828527+0.006330328760668664j),(-0.00345998189218943+0.004919131987461968j),(0.006018785942911823+0.0030415815448642624j),(0.0003820296925167819+0.007513944723438165j),(0.0013120720005834377+0.011150010191595408j),(0.002109180769717063+0.009235574133293827j),(0.0009175861784302951+0.0032023228102570547j),(0.001698552608152703+0.013333028650944649j),(0.0028623517229790403+0.0026193740286402757j),(0.00040376335208642595+0.008053010794958093j),(0.0014683949673940705+0.010617773187613963j),(0.0016674719660661062+0.010586218000837977j),(0.0023310980175855365-0.0015747569568798922j),(0.0026828620616722748+0.01389468489688174j),(0.0033862898632143284-0.00391332827737019j),(0.0024810562881858195-0.002269823661258639j),(0.002763808720096378+0.013531632655711705j),(0.003407689709019693-0.004773864652014761j),(0.002394413940943421-0.0016560156240875163j),(0.002741940669488167+0.014124552643539562j),(0.0034217442101059357-0.004070720790367584j),(0.0005964628579465385+0.009977161727213925j),(0.0020248992839396757+0.005359428561150988j),(-0.0012455569798818838+0.017554409209517133j),(-0.0007460189248789266+0.0049659078724847636j),(0.0006286722570563216-0.017107337398154617j),(0.9875651460936401+0.017625266988813344j),(-0.0009181504108309081+0.007350991412211635j),(0.00045409536581105496-0.02153478371104886j),(-0.013231025274227667+0.029435973608120603j),(-0.0021358895856787453-0.005832916471175266j),(-0.005128686882652379+0.00101821023501328j),(0.008409029487451099+0.014730410361139513j),(-0.0015100768686722216-0.00017990039231062516j),(-0.0012607932267896028+0.00030543460481952285j),(0.002414257356645408+0.0004911551558326038j),(0.0012410325156125349-0.0077943636165697504j),(-0.0019586061550170434-0.005851000782549517j),(-0.004751037556512984+0.0008846750643019281j),(0.007726228440910031+0.014088519987258425j),(-4.4865325088605176e-05+0.011429499063397646j),(0.003401916578914014+0.018938250946518534j),(-0.0027909299501093048+0.0005803971696484416j),(-0.001674411409933122+0.0012473567195385661j),(0.001978130367625093+0.00038181698181154704j)
77,(4.605520953088732e-06-7.95686636251089e-06j),(3.8305892219807913e-07-6.927239037171816e-06j),(-4.988579879259631e-06+1.4884105397451883e-05j),(4.325285966395271e-06-7.930741442496262e-06j),(-9.400673291536434e-07+1.1164501300012553e-06j),(-1.39497122186582e-06+9.000905585371203e-06j),(0.0005209559884675301-0.00043976663292854775j),(0.00019952715183879562+0.00016480775171578434j),(0.00015852413791902128+0.0008418436177203975j),(0.000762553111959222-0.0007034067373662563j),(0.0002497023302658969+0.00028242387568813763j),(0.00020016409030453318+0.0013717538256718606j),(0.0025040660263349456-0.004922251488897656j),(-0.0009525752908482171+0.0025665581868646566j),(-0.0006658720484289324+0.01018986609891139j),(-0.0014603956730193995+0.003311077267930497j),(0.0011809863585496626-0.01038624181075894j),(0.0011646023899348156-0.003982136543278246j),(0.00044637198159486256+0.0040489393362189135j),(-0.00030895748597154155-0.0011169984845926899j),(0.0008983523476795648-0.00012159747694702894j),(0.0004932197797550826-0.0016265286374566787j),(-0.0003594486001681479-0.001037814918860817j),(0.0009138282717149829-0.00011850558510271506j),(0.0005296617474394861-0.0018162307170384601j),(-0.00035928539992204913-0.001035841285937352j),(0.0009136603767715007-0.00011865224618759149j),(0.0005301015909379256-0.001818133032799102j),(-0.00034437244675040876-0.000991842651285258j),(-0.00036826727067790406-0.0009806833352521277j),(0.0009079254712971755-0.00014628248454771117j),(0.0005521252517695312-0.0018776967877844912j),(0.0005837907454218697-0.00015512589313582j),(0.0007343450059699399-0.0018146311120003943j),(0.0015547481434848014-0.0038341102743725372j),(0.0005608686707801945-0.0027220187579690956j),(0.0006612829521729087-0.00301286960124982j),(0.0007182048511841513-0.0018920791182744194j),(0.000588879084681152-5.41853622757126e-05j),(0.000668895736460305-0.0018642025997342685j),(0.0015135104404908415-0.0038504122052815315j),(-0.0011322236114124859+0.00313001967586975j),(-0.002335159319127607-0.0012516345393912233j),(-0.002637489299428584-0.0007494423876176085j),(-0.0010990835988251746+0.0031971383880161656j),(-0.002355601213567498-0.0012621978175898154j),(-0.002682376195598764-0.0007463857252655286j),(0.005914787388939687+0.008138475239250065j),(-0.0032072235278804736-0.0012217212999955625j),(-0.0023926959905408124-0.004204444166161005j),(0.003508722146258688+0.014972026533317726j),(-0.0007348809197456461+0.018943254582433504j),(0.00021074620528002948+0.02384045612875893j),(0.0030517538514331284+0.01966775130905163j),(0.00022487730043506003+0.006008746055481808j),(0.000507630299904728+0.008129181936571726j),(0.002767866437126029+0.01636456865520125j),(0.002538250518584599+0.007083999134978193j),(0.0016869168557728802+0.002019339605664895j),(0.0028228993963045563+0.02007544713655037j),(-1.9879572261894437e-05+0.005516373927768858j),(0.0003704622840908005+0.008297179700372859j),(0.0010972681784689109+0.011935335317198521j),(0.005124852368125047+0.009701546462570959j),(0.002961593391721169-0.003267595557824459j),(0.0008945691204089782+0.011802890968428417j),(0.005288102426661838+0.011004106049615563j),(0.0031441940184998955-0.0034248561025316576j),(0.0010507838388905434+0.011578479991156791j),(0.005297302549042363+0.009259155371876684j),(0.0029983741324922566-0.003630626878238156j),(0.0005505571734844781+0.02035261130358894j),(-0.0009329105707668074+0.004666778825746129j),(-0.00013805117476314952+0.009563131384419488j),(-0.008470971825604374+0.003946275776675311j),(-0.001996052536023491+0.0001718099670271686j),(-0.0009181504108309081+0.007350991412211635j),(0.9905222106534+0.002227768486396361j),(-0.002293499619807423-0.008161488962605348j),(-0.0010512727634211752+0.004949600155707242j),(0.0059174340757379065+0.008129208626265398j),(-0.003210441847196715-0.0012494552423636448j),(-0.0023962412859847605-0.004242677548996916j),(0.0011988690414400883-0.0006677214706737585j),(-0.0008705100295962188+0.001480447779827072j),(-0.00016583470111726248+0.0008864881422035861j),(-0.00016871417133714492-0.002454439588740441j),(0.005560379221568748+0.007746423800840907j),(-0.002962922801015807-0.0016660682576964733j),(-0.0022006121840857686-0.0047395959703330276j),(0.0013623489704396043+0.00809814578732208j),(0.007530106399977901-0.0027612138189490936j),(0.0016030878879205867+0.0032974222861668224j),(-0.0006128459378382029+0.000978829552746852j),(-0.0010680890355529657+0.0003593819080191903j)
78,(4.5661735698256697e-07-5.334741598783871e-06j),(-6.641038958280369e-06-1.7617259939698012e-06j),(6.18442159839975e-06+7.096467592899037e-06j),(-7.797667189810826e-07-4.867305102489947e-06j),(-1.319358161060118e-06+1.19669625128544e-06j),(6.233457700558084e-06+3.211186653176401e-06j),(0.0002943252830954436-0.0004837947012207951j),(0.00025174827013391864-7.842138028767501e-05j),(0.0008554963747219325+8.536582903232224e-05j),(0.00039886702192722454-0.0007176071700709464j),(0.0003280319112412203-7.095665750194531e-05j),(0.0013004356733594654+0.00015820065557849866j),(-4.7988326430921466e-05-0.0027422741344686787j),(-0.0006498617729131205+0.0015964503437789204j),(0.00618919721491574+0.0018364797658564965j),(-0.0009081693925125688+0.00209453412401902j),(-0.0010815485654511207-0.001299555939218256j),(-0.0012452914351542344-0.0004021860771854279j),(0.0014019079793475713-0.0036394233145938437j),(0.0022229108368717913+0.0009216229857370111j),(0.0015841353705538285-6.223142742194532e-05j),(0.0004678698687934794+0.0003138969554505166j),(0.0024062437771476854+0.0009948817513753027j),(0.0016532773850601423-0.00010260122287013371j),(0.00043871263226903613+0.0003489529748885447j),(0.002404359686407913+0.000993542577045718j),(0.0016527125014464265-0.00010431436477166111j),(0.0004372390234294337+0.00034814758155357335j),(0.0022970107252233488+0.0009177716151630854j),(0.0025209362934147887+0.000979472718223004j),(0.001610452871822451-0.00018761945106065062j),(0.0003717010806860375+0.0002873971455442919j),(-0.004029157941605631-0.003018741365530868j),(-0.001052500216465341-0.003965891426646929j),(-0.0028000511426041-0.0029117447987303444j),(0.0003755318608674365-0.00012484959484817355j),(-0.0006510092768175665-9.273842585911206e-05j),(-0.0009371934407934126-0.0044746464495196495j),(-0.004221994615562743-0.0031518400972745273j),(-0.0011390611431980635-0.003990245030616067j),(-0.0028263929160140403-0.0030179730600043532j),(-0.0003207103416499491-0.002859892699885889j),(0.001129379676920401-0.0006672465622092737j),(0.0025384299091122877-0.0025800425885013135j),(-0.0003219815593221045-0.0028340279686624786j),(0.001143664066650182-0.00046475277514437634j),(0.0025319728164560386-0.0025390391786646277j),(-0.005161182354929982-0.005631858551445981j),(0.008496783308864612+0.005985171609266269j),(-0.007020017680991401-0.002474115955324891j),(-0.0014269885676295544+0.014379778505074256j),(0.006550556352932003+0.011147682433698413j),(-0.003937210709205872+0.007400457460504306j),(0.0022496341519880805+0.010293583556941894j),(0.003775020667229119+0.022461323548064488j),(0.0031640224361403815+0.020346934387122144j),(0.003582129249993308+0.006461119751692664j),(0.0036822691497973765+0.014066470409726719j),(0.002883807146116313+0.019665238167292244j),(0.0022478541053631094+0.010592697952990882j),(0.0034343594681370965+0.023840397021725843j),(0.0034546884183015965+0.020204823805064602j),(0.0058279042840836195+0.0012702311945216186j),(0.0033372377172225104+0.0019867095907172803j),(0.0028935371061856023+0.014259146042598743j),(0.006058807200382226+0.0006084970438093897j),(0.003229925604629272+0.0005135253274391009j),(0.002875220533999156+0.013534552727737098j),(0.00591722707110565+0.0010857347864306269j),(0.003357876096415702+0.0015341350415020785j),(0.0029021586241043656+0.01406846162436438j),(0.0021725584785442105+0.011527401795371506j),(0.000570742906470702+0.028156357773790757j),(0.004252835735185756+0.014851521393822132j),(-0.0016782128595924138+0.0008164719511330187j),(-0.01361070406711868+0.015178400488431536j),(0.00045409536581105496-0.02153478371104886j),(-0.002293499619807423-0.008161488962605348j),(0.9846920745138587+0.009755119184505223j),(-4.8586159367825426e-05-0.022577468013867535j),(-0.005165704215510187-0.005658795578564006j),(0.008498762668762748+0.005978403062424228j),(-0.007023101718102225-0.0024871269046213935j),(-0.0012552034925628708+0.0018060861460342179j),(0.0021336413881244453-0.0012901160175929054j),(-0.00223961862278736-0.0003509801046521219j),(-0.0045696955359598255+0.010544435785442736j),(-0.004802148696864603-0.005832863624938049j),(0.007902515230833343+0.005626100445242197j),(-0.006454870433013377-0.002411153134823355j),(-0.00024375645280800935+0.022387361828829045j),(0.0040122449781516915-0.0007559979033062991j),(-0.0012393011522255613+0.002320298766301089j),(0.0018410524059680451+0.001828020925355951j),(-0.0011019349555379068+0.0030260742024126605j)
79,(-4.546355857121392e-06+9.449171232326362e-06j),(4.56927740017556e-06+9.812512150188123e-06j),(-2.292153740286487e-08-1.9261683379655135e-05j),(-1.7050970520444056e-06+9.62119382857443e-06j),(3.5022469494729494e-06-1.1276090276800534e-06j),(-1.6639953173859496e-06-1.2306510716081061e-05j),(-0.00013597482097398145+0.0003580403328697034j),(0.0001905012491783841-0.00034885482176989275j),(-0.00025527031145248537-0.00127352037922314j),(-0.0002441941739946688+0.0006467744759784269j),(0.00028278217121786755-0.0005117456026020342j),(-0.00042544749517446184-0.0019900748920043893j),(-0.002576823320268919+0.007382423211019208j),(0.0012130143460198854-0.001649037777952001j),(-0.003405869104413184-0.01161087348282087j),(0.0016241462430846981-0.0021844566441734303j),(0.0005227496840383796+0.01454459098847195j),(0.002021294883874419+0.004807160546036897j),(0.001198441475439438-0.0014739221640432693j),(0.00020061204108755954-0.0031245714817491714j),(-0.0008149695490422812-0.0039050139706443927j),(-0.00026867403483679805+0.0005675206174393672j),(0.0002537195725463705-0.003656389711687968j),(-0.0008392204841797942-0.003990948601487207j),(-0.00028239652063581194+0.0006818586878017258j),(0.000254299379499559-0.0036588212559118295j),(-0.0008383288896805221-0.003989933606172314j),(-0.0002820189932330337+0.0006825267085903437j),(0.0002850871817663027-0.0036778455294535005j),(0.00027542686258316554-0.0038274138073490604j),(-0.0007816170016190355-0.0038945097804648286j),(-0.0002577280360497187+0.000706472394988663j),(0.0017222146120572115-0.0015932909305737112j),(0.002033716382221519+0.0016375865451477131j),(0.0009599888381402551+0.0018745154861183643j),(0.0003144228961198735+0.0003308468417968368j),(0.00010860863802506778+0.0013552351500073934j),(0.002546069088656294+0.0022126801597304856j),(0.0016857778772898218-0.0014980552423879791j),(0.001998904587172408+0.0018094496071011656j),(0.0008847933423094176+0.0019121406064462533j),(-0.0016230573648740956+2.389383884893615e-05j),(-0.0020854173080841185+0.002518191012068018j),(-0.0040729294422421234+0.0023119738611500533j),(-0.0016586296182259847-5.175036284130966e-05j),(-0.0021200329306035274+0.0024019313051065576j),(-0.004045032382979421+0.0023770047101773573j),(-0.002383220632460583-0.007011608117651821j),(-0.005387706591248271+0.0008691544342141842j),(0.008901780364600284+0.015824422268938626j),(-0.0007363486714757837+0.007844309774133527j),(-0.00366616006718989+0.005791198220432283j),(0.006498672335369145+0.0016856641754185633j),(0.0005364365307186152+0.008143772393686721j),(0.0017415686724550875+0.013279288029263408j),(0.002844872047880374+0.009468809206731722j),(0.0009567990931329368+0.0032280855832216102j),(0.001986223137985198+0.014942848131124484j),(0.003308744349672827+0.0025763712391526448j),(0.0005897945704601125+0.008855895729142289j),(0.001944688441438748+0.012883802002477115j),(0.0024315299271799587+0.011138316982003153j),(0.0026395542300999618-0.0019027991536051123j),(0.0031408542625777592+0.01483847681844943j),(0.0036199623309706866-0.004567004737654709j),(0.002832628604974234-0.002684247444737064j),(0.0032482932823170822+0.014378634100615009j),(0.00362196594647692-0.005699782080839709j),(0.002711678068159774-0.0019863109312115495j),(0.0032081559316573935+0.015047324374996437j),(0.003648326749642165-0.004704463295628108j),(0.0009739720513799395+0.011927818741652548j),(0.002651502981782877+0.007950035335781518j),(-0.0005248169748987994+0.020141769387098253j),(-0.000804186954920016+0.007566028634786833j),(0.0002854924834684731-0.02218613527422087j),(-0.013231025274227667+0.029435973608120603j),(-0.0010512727634211752+0.004949600155707242j),(-4.8586159367825426e-05-0.022577468013867535j),(0.9852379860778536+0.02024427737670372j),(-0.0023851726475967927-0.007030990436772709j),(-0.005389574565010948+0.0008628796663868749j),(0.0089038008141498+0.015843236215583797j),(-0.0016161068542691877-0.00014886471796538405j),(-0.0013437268083730499+0.00027230673856091896j),(0.0025793971103114117+0.0003361086179073762j),(0.001283541596498067-0.008228224447361557j),(-0.002196120764702638-0.007058800870992518j),(-0.004985064349168105+0.0007218916501041638j),(0.008173334496590901+0.015229024387276531j),(0.00043642970146002234+0.014619494529874242j),(0.003975275258323785+0.01974327795730171j),(-0.002982945881112601+0.0007462882182066157j),(-0.0017237028751170514+0.001395330273546686j),(0.00209077137219991+0.0005295578279036088j)
80,(-6.662170972214083e-06+1.1874990720197173e-05j),(-1.6003260684574324e-06+1.0163365058117569e-05j),(8.262497051061007e-06-2.203835577615132e-05j),(-4.9048878086896695e-06+1.1134767775037925e-05j),(2.7143152198953196e-06-2.3776290863677772e-06j),(4.5634804077505205e-06-1.3946210884379725e-05j),(-0.0001923254535196682+0.00029885398076170814j),(0.0002607442161798178-0.0006021625423650388j),(0.0003877596044253776-0.0015907287248791006j),(-0.0003399315220640053+0.0005690055197607731j),(0.00038558333242680055-0.0009153230777401477j),(0.0005761287389378731-0.0025211460444758828j),(-0.0035231997149002287+0.007590794590697468j),(0.001466134292255856-0.004284740389667783j),(0.0022396323681061784-0.016111739835756665j),(0.002112362443508693-0.005182182953268145j),(-0.002825645288752712+0.019193097011863038j),(-0.002455302703881521+0.005629159112170965j),(-0.0018778592529088245-0.007213038740249875j),(0.0019255187436514635+0.0014178027822808296j),(-0.0017665750858592367+0.000284854001448856j),(-0.0006373221560682113+0.003443905587422608j),(0.002139876512715135+0.0012125372621121008j),(-0.0018013241311681373+0.0003166636133659084j),(-0.0006667886045582432+0.0037621906798072763j),(0.0021391993217644337+0.0012088554945740553j),(-0.0018008968399560513+0.00031715372823942767j),(-0.0006670096368912213+0.0037638427069362893j),(0.0020824295760856603+0.0011287886620933284j),(0.0022474265340104065+0.0009208158957327416j),(-0.0017870852260830506+0.00036769829739707535j),(-0.0006881653404461315+0.003784968050173886j),(-0.0018527692167173222+0.0008023531881071917j),(-0.0016035866001804142+0.0036456976473093084j),(-0.002058939706345288+0.0038987188132280906j),(-0.00011653146706562707+0.0024014597148989663j),(-0.0012284739301135828+0.0031267495996030116j),(-0.0015030676659048888+0.004090274378686089j),(-0.00191660411674707+0.0007883038861864859j),(-0.0014646886566983932+0.0037093932361382757j),(-0.00197770151790971+0.0038246862986319524j),(0.003367546377613168+0.0015262766921530085j),(0.005609782793404139+0.0027108172315908332j),(0.005255461676923896+0.0006440118802173925j),(0.0032500736040382092+0.001427394140731699j),(0.00560856133009218+0.0026224155627966187j),(0.005267001910443486+0.0005948739082172882j),(-0.020110523534983098-0.0165350004562253j),(0.0022846193004798874-0.008069978211202387j),(-0.003225522668984618-0.0033881850745058825j),(-0.011663748712113734+0.0029201334003291345j),(0.00022030446864302144-0.0007811924907463411j),(-0.0024651958615119654+0.0014162617592265482j),(0.0011591141115819654+0.008524306612142181j),(-0.0005714269005689292+0.008658591135648912j),(0.0001683938115558815+0.008586488875083885j),(0.0026759257675364953+0.005665238807194531j),(-0.00045163084880206245+0.004934437824449031j),(0.0002857610987262438+0.003784546730490612j),(0.0015516998826112086+0.008999640394222559j),(-0.0006584383490138592+0.00904694845268096j),(0.0002267498133842489+0.008971998190859514j),(0.004658601986333654+0.0012433475572157793j),(-0.00023061083763077314-0.0031698625273076228j),(0.00035556612549125-0.0057275175338774645j),(0.004888432558464738+0.0007756036666360482j),(-0.00019777079455793735-0.004009640158757227j),(0.0003692906845699968-0.006843694109574649j),(0.004722584695813633+0.0010574095167135457j),(-0.00022693194499373483-0.003542021970844215j),(0.00035306983670037166-0.006073608249753722j),(0.003319615605608494+0.010286438336321639j),(-0.0012978322826305978+0.007942709351246675j),(0.00018993807339243022+0.007633938396465475j),(0.005674794917387027+0.008229067872951742j),(-0.004793904479044888-0.004571709445002278j),(-0.0021358895856787453-0.005832916471175266j),(0.0059174340757379065+0.008129208626265398j),(-0.005165704215510187-0.005658795578564006j),(-0.0023851726475967927-0.007030990436772709j),(0.9797844785555117-0.018885431642546652j),(0.0021676507386224277-0.017056550823927104j),(-0.0032524391962882797-0.006664461089550532j),(-0.005229632606214-0.006352039126470244j),(0.0006116649277700349-0.0029035684811650926j),(0.0006366682769390166-0.0014250849298821887j),(-0.00011816441809523273+0.001786769420847865j),(-0.0186031906622183-0.01644574472378878j),(0.0022168669122934236-0.008968272362999451j),(-0.002945965014489718-0.0036860664956928878j),(-0.011572247909110923+0.008517948170434284j),(-0.0003287126162991378-0.0062120212934155625j),(-0.007354283360684007-0.0028713357995721655j),(0.0001394355850994717-0.005648134711996006j),(0.0009702499892042766-0.003762800521767942j)
81,(2.038793563119715e-06+1.3723293164031612e-05j),(1.5939685297777114e-05-3.098544280593265e-06j),(-1.797847885810987e-05-1.0624748882167287e-05j),(6.918831081030711e-06+9.321240216547474e-06j),(4.653007984590336e-06-6.297799351353474e-06j),(-1.3486981315727553e-05-2.8056646915476432e-06j),(0.00040834927317779995+0.000689528522547922j),(0.0002560421364573989-0.0003673602671156377j),(-0.0012214348265735015-7.633227042021283e-05j),(0.000598538951233624+0.0011014249452533384j),(0.00036425519805432225-0.0005969418984509804j),(-0.001969576703953304-8.573089833616198e-05j),(0.0021094042017252056+0.007373599188041768j),(0.0008998874134492697-0.004514475548310506j),(-0.013761668270524153+0.0007863748490740414j),(0.001048169992308102-0.005967105929070652j),(0.002657983587513474+0.004747529683127935j),(0.002726741640748629+0.0009905516936593115j),(-0.0007224081109961587+0.005910022943021835j),(-0.004149856700145437-0.0028783116249950225j),(-0.0032914949251957827+0.0014178037520772083j),(-0.0006384909951767705-0.0027351704000272955j),(-0.0045013386107144015-0.003143198355067947j),(-0.0034170755421413217+0.0015574093201856654j),(-0.0005720227773035944-0.002857550807224102j),(-0.004497655208218487-0.0031397744322715524j),(-0.003415184076428773+0.0015614148164207163j),(-0.0005683396814484846-0.002855122256114781j),(-0.004285547837644267-0.0029350378912435153j),(-0.004642449635235506-0.003175590525776712j),(-0.003293162508021614+0.001750534609457427j),(-0.00039305769663662413-0.002691388638292792j),(0.007722395949917156+0.00826768596880573j),(0.003486189554379605+0.010405892210044867j),(0.007882253265559103+0.005841053045052141j),(-0.00022971459166077517+0.0018564200158559677j),(0.0010856975757000066+0.0028091227848036195j),(0.003559133528866847+0.011715184113612094j),(0.00805982124346205+0.008617539453455371j),(0.003640790011986179+0.010371112209510699j),(0.00790853598521266+0.00614837473497422j),(0.00010005004937439039+0.005824536104155498j),(-0.002635636198465995-0.0003585489679872912j),(-0.007391168275861811+0.0059094567668565925j),(7.806629790112381e-05+0.005658917009078113j),(-0.002698444580956766-0.0006315855020507296j),(-0.007441964422243376+0.005796497550453611j),(0.002287540911020955-0.008073170842081763j),(-0.03067849767345486-0.007008879550924039j),(0.007162797288045247-0.008606890076436877j),(0.0019627222258156362-0.002835445573364794j),(-0.015525571377568704+0.003973588723743638j),(0.004969303048830653+0.0009083896116404075j),(-0.0011422186487989715+0.005355925830881298j),(0.0014453880366438032+0.004930934117247558j),(-0.0011717618519436008+0.0030133792538401113j),(-0.0017180826995603954+0.002528455674756379j),(0.0034892067559751136+0.004946392677437536j),(-0.001305462064363773+0.0005015600074578224j),(-0.0012352941710350874+0.005742603029573278j),(0.0019187197959508536+0.0049878765780723465j),(-0.0014428174631628972+0.003266935467617397j),(-0.002660195272747862-0.0033735650762146685j),(0.005498361647483872+0.005145055338236504j),(-0.0015581948457874994-0.003647161227943848j),(-0.002821418012376635-0.004068596699739271j),(0.005577947752774198+0.0051913457536130695j),(-0.0016257225948577451-0.004112152334838937j),(-0.002661992444335923-0.003576794534579368j),(0.005648220301016846+0.005152815567411375j),(-0.0015442281071686625-0.0037941985582246856j),(-0.0017652585495536147+0.005654653916543078j),(0.0039409617446628615+0.0054350407990036795j),(-0.0026728975677809334+0.0035787847521145406j),(-0.003082129306051324-0.0007650415092536177j),(0.008042818364034312+0.0058310933113046625j),(-0.005128686882652379+0.00101821023501328j),(-0.003210441847196715-0.0012494552423636448j),(0.008498762668762748+0.005978403062424228j),(-0.005389574565010948+0.0008628796663868749j),(0.0021676507386224277-0.017056550823927104j),(0.9690668154493361-0.013296961795234164j),(0.007123589157821223-0.007203168352271808j),(0.0005477125728543088-0.0026101371636874683j),(-0.005734476084558542-0.005489162023488583j),(0.001347309075526471-0.0031945113712054697j),(0.0170425228682632-0.010444260314481358j),(0.002182157422824309-0.0089165319305295j),(-0.02861463709755927-0.007925109898653184j),(0.0066428625237369785-0.0080700856105421j),(0.0018935198857140127-0.005137463710455117j),(0.007637635007521683+0.005418364995483375j),(2.9877346569353784e-05-0.007104828612379421j),(-0.007164192412874745-0.004749140507648646j),(0.001204843899059008-0.0073511605319723115j)
82,(1.0091858258972244e-05-2.0418399503458523e-05j),(-8.334338555506336e-06-2.1993389450276916e-05j),(-1.7575197180899865e-06+4.241178895060626e-05j),(6.018087492674439e-06-2.1675059610139695e-05j),(-5.536119394659225e-06+1.5434994139381813e-06j),(3.8770090623444455e-06+2.6591990826430177e-05j),(0.0008789439449668006-0.0011206106711643448j),(0.00015295286161470353+0.0004064090462767272j),(0.0009483204211442237+0.0024940550168729824j),(0.0013293652097767009-0.0018466865058031545j),(0.00016214085529341795+0.0006434068264282171j),(0.001444069132080295+0.0039710666651703915j),(0.0059635936834093-0.014986688459949984j),(-0.002255353599568639+0.003929879838505679j),(0.006799377214135867+0.025983574591192746j),(-0.0031422726760476517+0.0055327610798907925j),(-0.0019000690708343528-0.029383895017133566j),(-0.004717876830161106-0.012839359626987918j),(-0.0029794762270571665+0.0030678643912863414j),(0.0007558900373326543+0.00778857547349479j),(0.0014350244715830669+0.007872740995197825j),(0.00045083377284034346+0.0019636098912865618j),(0.0007462881740773965+0.008955782439364434j),(0.0014991575844859914+0.008094268957119974j),(0.00047026825333511843+0.0018131887583087026j),(0.0007443963062478719+0.00895918572148521j),(0.0014980295716380942+0.008092316349519332j),(0.00046922218271231884+0.0018101098255989233j),(0.0006370033357396385+0.008917410557017693j),(0.0008306892627837461+0.009319064361268952j),(0.0014117544311778346+0.007885373927835592j),(0.0004036963341220981+0.0016638188151996015j),(-0.005454415514563405+0.0004430579848772589j),(-0.0035038705019983-0.004492939344827534j),(-0.0031660556112732756-0.005442969115379094j),(-2.628671135055653e-05+0.00036623572713116704j),(-0.00039250618884541786-0.0016661685830534336j),(-0.004070154807994132-0.005849704668382135j),(-0.005488205777452906+0.00018073048519144652j),(-0.0034501210569244625-0.00473573500033737j),(-0.0029985396950262637-0.005538392899030027j),(0.003765219338064005+0.001493212540515548j),(0.005733021942395503-0.0002565059751479491j),(0.010852406635755936+0.001842952817787253j),(0.003792788290274427+0.0015388896952174902j),(0.0057461241625096065-0.00012471645672549117j),(0.010726476200789887+0.001887017442181095j),(-0.0032239730174662452-0.003388947058769416j),(0.007161079349805031-0.008605664372966084j),(-0.029811778403909014-0.009448477414963248j),(-0.001565134547939222+0.0006846339611927509j),(0.004344312487780966+0.0012135964058048905j),(-0.015811426786219808+0.0027812453247239455j),(7.262840405920519e-05+0.006714526077934651j),(-0.0015186844765671848+0.0024145914420509195j),(0.0015930827961057174+0.0012864347392710597j),(0.0008409417245149144+0.002373071775057645j),(-0.0007585245977523984+0.0019990854316834193j),(0.003363208611242577+0.0012915506242494974j),(-1.2806736805895673e-05+0.007062399546727121j),(-0.0018993521016302363+0.002380653288831658j),(0.002099801199738674+0.0015162393974533237j),(0.0009696844011463539-0.005923823371394461j),(-0.000269291401641844+0.0008094032805193024j),(0.004541486980554856+0.0036854141970876116j),(0.000980044371997342-0.006880527148189854j),(-0.0001967057865492908+0.0007444152578373643j),(0.00466267408429585+0.004046821831139212j),(0.0009684686062631455-0.006220345953798339j),(-0.00026654674150335513+0.0007310301392813301j),(0.00457754328243102+0.003749443531792693j),(-0.0006431387301787261+0.0060945076785898725j),(-0.0036208220062185913+0.0015869689657854536j),(0.004171026844006006+0.004252467246823856j),(-0.0022381002167258923-0.0034817928730088467j),(-0.006688892323111743-0.002208981255621336j),(0.008409029487451099+0.014730410361139513j),(-0.0023962412859847605-0.004242677548996916j),(-0.007023101718102225-0.0024871269046213935j),(0.0089038008141498+0.015843236215583797j),(-0.0032524391962882797-0.006664461089550532j),(0.007123589157821223-0.007203168352271808j),(0.9698512146334318-0.021512118990606875j),(0.0008413449610066856-0.00041086344052850693j),(0.0022291538030040758-0.002096030988616991j),(-0.005981741145222683-0.00504758134316417j),(-0.004197350954532103+0.009916440089263283j),(-0.0030002924569830923-0.003659677155891987j),(0.0067611123351188854-0.008119454586984268j),(-0.027674479543038817-0.011103109897791636j),(-0.0021806368729007015-0.002538308187823402j),(-0.0005907879884573901-3.336935800515341e-05j),(0.0029844809143167008-0.0020415621304946566j),(0.002991426352073168-0.004805113744354531j),(-0.006627937696739357-0.0029177837775005524j)
83,(-9.513290224950892e-07+3.172687563757295e-06j),(1.8200854074147114e-06+1.1500557460392714e-06j),(-8.687563836594136e-07-4.322743309938604e-06j),(-1.3733330220917461e-07+2.515234605336621e-06j),(9.545803191962745e-07-1.0933951530875028e-06j),(-1.114166264232211e-06-2.4061926998890744e-06j),(-4.2944502921309796e-05+9.502075081911437e-05j),(2.3677588603647485e-05-0.0001476240836631413j),(-0.0001454296756430385-0.00025733526906879456j),(-6.82395492328982e-05+0.00016146771801605763j),(3.689984975187141e-05-0.0002316826709977304j),(-0.00023664296141598905-0.00040267640177773557j),(-0.0004116953645474943+0.0014951671962990156j),(0.0002478270768017806-0.001389560671918744j),(-0.0017289390507204375-0.0023617437141451947j),(0.0003443670212138199-0.0018252281267182053j),(0.0009620083879974513+0.0032339680882502416j),(0.0004964655140642206+0.0018884522729985566j),(-0.0005738530431676344+0.0005593780479184838j),(7.259341503733816e-05-0.0005922886304860419j),(-0.0007065383115194728-7.039819366829098e-05j),(0.00013984774441568742-3.811372028985141e-05j),(7.018676308440753e-05-0.000680853025094117j),(-0.0007328223616320554-7.691043588728625e-05j),(0.00015602553245688117-2.6183409794456984e-05j),(7.004563760427293e-05-0.0006807460905546223j),(-0.0007328679112242578-7.67049231350913e-05j),(0.00015601861202366597-2.5823959127582816e-05j),(6.848706048993798e-05-0.0006544856675326915j),(4.0686669838295545e-05-0.0007374835531006502j),(-0.0007287197292645074-5.5578821730340594e-05j),(0.00015181700036538378-4.465317472085884e-06j),(0.00026244031634653974+0.0014166702643609137j),(-0.0003316266162891608+0.0012861022144014694j),(-4.5781679278181014e-05+0.0011648009716304954j),(-7.553485926701969e-05+0.00044447870878144456j),(-7.019558569027773e-05+0.0007866240836639305j),(-0.00030897515578115053+0.001482757834089659j),(0.0002813389870623484+0.0014878335953654477j),(-0.0002890064364322782+0.0012921672873062865j),(-5.606166617687922e-05+0.0011876255897463979j),(0.0009320597146206704+0.0012313704707146756j),(0.001191661521242913+0.00025648980366044737j),(1.9745622721956298e-05+0.00033249192787521576j),(0.000897658587105057+0.0011736810827155351j),(0.0011981750852034343+0.00022572016842141614j),(2.3515403314668983e-05+0.0003168944094971331j),(-0.005228174275581217-0.006334965552930574j),(0.0005488852677074735-0.002609281913129931j),(0.0008432703953557257-0.0004091407024112417j),(-0.0020535109347443172-0.0017473953798163803j),(0.0010601988077761136-0.001182450955146499j),(0.001505304647748185+0.0020470967072647823j),(0.0014839618742706867+0.0036502371449405775j),(-0.00011057221258461346-0.0013374550643082354j),(5.7898031064027293e-05-0.00013693039161928556j),(0.001640916426815266+0.0025469109503035714j),(7.398623584972024e-05-7.33313588385234e-05j),(0.00013125031562851277-0.00010283153750867587j),(0.001566660845590409+0.0038211687706563493j),(-0.00019649499126084057-0.001400705194362853j),(-3.648254120045742e-05-0.00021821577808445007j),(0.0012451682813495594-0.0004083514982871732j),(5.5994872025681664e-05+0.001876265841398091j),(-1.7698556700689472e-05+8.471338601682694e-05j),(0.001245389259712358-0.0006360681883691406j),(0.00014692952219640695+0.0023891868482445425j),(1.3475989892008087e-05+0.00022028648202179106j),(0.0012069804572733397-0.0005669033753657529j),(6.601512261039319e-06+0.0018027230103896176j),(-4.5440464763638055e-05+4.526881110132304e-05j),(0.001671327244876279+0.0034715597791944233j),(-0.0005911547131970694-0.0010666649835357374j),(-0.0005261928210785634-0.00041698761072810845j),(0.0012289879371497428-0.0003634520636695696j),(-0.0011891674031821711+0.001558553195135451j),(-0.0015100768686722216-0.00017990039231062516j),(0.0011988690414400883-0.0006677214706737585j),(-0.0012552034925628708+0.0018060861460342179j),(-0.0016161068542691877-0.00014886471796538405j),(-0.005229632606214-0.006352039126470244j),(0.0005477125728543088-0.0026101371636874683j),(0.0008413449610066856-0.00041086344052850693j),(0.9744755594540363+0.0763366920687715j),(0.008555796786997126-0.03505556238802243j),(0.009698867743519558-0.028800811545055018j),(0.00046596052635099455+0.0002768678637028307j),(-0.004767751436384223-0.006294321153006776j),(0.00048120620759135543-0.002262488999281727j),(0.0007280665536201032-0.0003221865772985071j),(-0.00242847189120177-0.002254563712369812j),(-0.0010473650217988075-0.0011194220065744113j),(-0.012754542535349012-0.0025683141869759702j),(0.0016048637654608575+0.009385575522363247j),(0.0027405352108124995+0.00239125365595183j)
84,(-1.4617422759313077e-08+1.7139729526180308e-06j),(2.6895549296325226e-06-3.6664691581137206e-06j),(-2.6749375060829134e-06+1.9524962052457938e-06j),(8.308911173208595e-07+1.8149098626941704e-08j),(8.544222250053442e-07-1.934509676469854e-06j),(-2.2162728908408686e-06+2.230554005168636e-06j),(2.458332618360021e-05+2.6210397500850874e-05j),(2.926188351172004e-05-0.00011963763105331967j),(-0.00020449138190531386+0.0002250802264820671j),(3.410794650619858e-05+4.7426792181811065e-05j),(4.2359566122834015e-05-0.00019066634973002042j),(-0.00032613020314672866+0.00036397359235314003j),(6.165787439472298e-05+0.0005130716454669847j),(0.0001469861427731158-0.0013006504488465233j),(-0.002140568632069382+0.0025934419619632497j),(0.00013893420133602582-0.0016712009924358695j),(0.0007725247731649219+0.0007834762706842809j),(0.0007654096186765591+9.601470872664135e-05j),(0.0003672839649934414+0.0016124632066201682j),(-0.0008282070621649861-0.0005968935445574148j),(-0.0013117726135802677+0.00041948174911890165j),(-0.00040013394046528193-0.0007883190153737604j),(-0.0008986239371872682-0.0006549517927789961j),(-0.00134219376449587+0.0004584362743667615j),(-0.0004038784058112066-0.000839023427643343j),(-0.0008977937074980145-0.0006545742159775054j),(-0.0013411578299265846+0.0004591866018488055j),(-0.00040317720141196025-0.0008390604223395396j),(-0.0008495995535253155-0.000628732914944724j),(-0.0008935192004855574-0.0006489374604796156j),(-0.0012813447072903077+0.0004932749445975887j),(-0.0003653549617128359-0.0008273251553575778j),(0.0016820175395392894+0.0008004167630308566j),(0.0016563795735453305+0.0019847447635402j),(0.001457209094355718+1.5447217333162564e-05j),(2.6904131630642135e-05+0.00038757602630077166j),(0.00019351963623546016+0.0005452865728533504j),(0.0019153905488267062+0.002222146557748557j),(0.0017334236570787586+0.0008962729521916658j),(0.0017100756998851422+0.0019867710362926755j),(0.0014696453585397403+9.821511228475844e-05j),(-0.0003333206314127472+0.003062526221632245j),(-0.00010815950118293742+0.0004483537102697062j),(-0.0011628569227134173+0.00267075850936265j),(-0.00034350411323246996+0.0030340889778919565j),(-0.0001358325166588715+0.0003429239833804727j),(-0.0011672207332077593+0.002659010564036956j),(0.0006117072741380044-0.0029020380980146736j),(-0.005735508936375718-0.005472738564199338j),(0.0022281070834621807-0.0020961553214869037j),(0.0001733359252465887-0.000735428575746851j),(-0.004222379963817555-0.001951589394172528j),(0.0003133811565318215-9.299739659702848e-05j),(-0.00039717449550452107-0.0008192102474857822j),(0.00015120189798803187+0.002842943725513649j),(-0.0002817180443222859+0.0007049030276768918j),(-0.00037820919344023026-0.00033347529269692547j),(0.0009859590465954376+0.0020525428978079695j),(-0.0003313408575264765+0.00039242099593992134j),(-0.00041889925639120615-0.0008103675620779235j),(0.00026159143352330665+0.0029897538303156708j),(-0.0003082006319313525+0.0007549787541027662j),(-0.0002882048097794406+0.0009336365153476208j),(0.0020120043641144525+0.0001534747210330577j),(-0.00041514892560645753-6.507052786474733e-06j),(-0.0002487792296035447+0.0009898360793130965j),(0.0021990538665783233-0.0002717155524184743j),(-0.0004087428769192546-0.00013455024510199376j),(-0.00029823109202681183+0.0010178572804933248j),(0.002009936818109467+0.00018075070805604557j),(-0.00042566142713288974+1.323030475288339e-05j),(-0.0004998484459485308-0.00037736576319531375j),(0.0008486401688094916+0.002711467976581808j),(-0.00048242902289645495+0.0008341806947168102j),(-0.0008359948941180618+0.0013231920767173798j),(0.0020157056010545425-0.0009776503262221379j),(-0.0012607932267896028+0.00030543460481952285j),(-0.0008705100295962188+0.001480447779827072j),(0.0021336413881244453-0.0012901160175929054j),(-0.0013437268083730499+0.00027230673856091896j),(0.0006116649277700349-0.0029035684811650926j),(-0.005734476084558542-0.005489162023488583j),(0.0022291538030040758-0.002096030988616991j),(0.008555796786997126-0.03505556238802243j),(0.9731726865328042+0.07474966001869282j),(0.0105858518985513-0.02592676904165497j),(0.00271575831760322-0.003698736511798646j),(0.0005253178916891504-0.0025465151253187494j),(-0.005193972594531105-0.0054824886617827855j),(0.0020556170937847014-0.001825311090627335j),(0.0005897241648003867-0.00011582945992960354j),(0.0011946600566886988+0.0020229523188541963j),(0.0014800175944091887+0.00932519992518957j),(-0.012682600756149286+0.001788620080073952j),(0.002560135813171302-0.0034316338284333774j)
85,(-1.1163145968897558e-06-3.9722429497484185e-06j),(-2.9910687374697315e-06-3.4676706903162775e-06j),(4.107383331906003e-06+7.439913640155107e-06j),(-1.494163292432852e-06-4.12582019287002e-06j),(-2.3570745875785782e-07+4.0017917847880365e-07j),(3.155621035526545e-06+4.356391972234509e-06j),(1.8536401412343625e-05-0.000271611088706723j),(0.00010866793692873316+1.6053980580089705e-05j),(0.00039980679192017034+0.00034472841899792586j),(9.66280268718498e-06-0.00043844343855138634j),(0.00015804559450666248+2.8225058567637605e-05j),(0.0006231608221893977+0.0005548729573335107j),(-0.0007533648093481803-0.0031638150156163888j),(0.0004261390717412165+0.00028789624025833465j),(0.003543378290181789+0.0038928394976767873j),(0.0005579414086286044+0.00048389743149538115j),(-0.003383761016932688-0.0039317238795522295j),(-0.0022321879818330012-0.0010777203752501637j),(-0.0004621843834421662+0.00201989303060565j),(0.0009833264230678933+0.0003727057595835212j),(0.0007034891830650385+0.00075754493696293j),(-0.0002976362131214412-5.197328821595032e-05j),(0.001104976682192573+0.0004903191434775829j),(0.0007247266849516102+0.0007797596826921041j),(-0.00031714013249322455-9.916331180482825e-05j),(0.001104938693169237+0.0004914504050066284j),(0.0007243103586801379+0.0007798564078483972j),(-0.00031719411070980474-9.946645494680472e-05j),(0.0010786255227413348+0.000522345509957071j),(0.0011730056402747232+0.0005284735960358587j),(0.0006883103646140637+0.0007745671895365738j),(-0.00032128150080163587-0.00010342343345537148j),(-0.0011251863997281176+0.0013461194109403783j),(-0.0014336293311898321+0.00032443826540000755j),(-0.0006896977657637308-5.660054469257877e-05j),(-9.967444158457187e-05+0.0001445333530204388j),(-0.00044833181939374746+5.99147435678297e-05j),(-0.001721904732212296+0.0002467213184794557j),(-0.001186213662047693+0.0013964109178527394j),(-0.0014400600601442723+0.000309027044850538j),(-0.0006204307182985408-6.437710944607504e-05j),(-0.00037062159393809425+0.0019932330097820593j),(0.0006916777699565804-9.061610608372597e-05j),(0.0028886901406648545-0.0006637133469148406j),(-0.0003522819407883655+0.001985389640177193j),(0.0007238959917848598-9.673501012243124e-05j),(0.0028771631818252995-0.0006981460304281671j),(0.000636595445449346-0.0014244873832022983j),(0.0013486464316667468-0.0031934593695138796j),(-0.005982241445753865-0.005033162621775982j),(-0.0002681784555123882+0.0003633397352282453j),(0.0012692707627538716-0.0005147393030439078j),(-0.003471524317995186-0.004132122676184179j),(-0.001020629260321451-0.000986135102391995j),(0.00028437262369171895+0.0013575583519764155j),(4.1619152065273035e-05+0.002015123761718504j),(-0.0005630801431239954-0.0006406358348215197j),(9.649013617820063e-05+0.0011543394965193745j),(0.0006163473855726977+0.001623406085143905j),(-0.0010624068196398782-0.0010124064985997635j),(0.0002249437874604923+0.001406229505516902j),(0.0001558206685310558+0.00222162881747641j),(0.00047201346500144324+0.0002955615572220612j),(-0.00018082816345441137+0.0004936487080631699j),(0.0015750129615622458+0.00012925927688517413j),(0.0005615800719164881+0.0003899553348003706j),(-0.00028316713280942906+0.000362590598173956j),(0.0016574858960391886-8.044659386501757e-05j),(0.0005225256798961802+0.0003358137745980332j),(-0.00015627885331763827+0.0004941452249773142j),(0.001620241228611144+8.657834672725403e-05j),(-0.0009902493841735457-0.0007161274658538273j),(-0.0002584286181739126+0.0012904282132775275j),(0.0008166433980999245+0.002458035744956297j),(-0.00022475889141523888+0.0007526677081245757j),(-0.002064830841824184-0.00023371536500297555j),(0.002414257356645408+0.0004911551558326038j),(-0.00016583470111726248+0.0008864881422035861j),(-0.00223961862278736-0.0003509801046521219j),(0.0025793971103114117+0.0003361086179073762j),(0.0006366682769390166-0.0014250849298821887j),(0.001347309075526471-0.0031945113712054697j),(-0.005981741145222683-0.00504758134316417j),(0.009698867743519558-0.028800811545055018j),(0.0105858518985513-0.02592676904165497j),(0.9692482198402823+0.07567286950693686j),(0.0008634134273990636+0.0016920296929830057j),(0.0005763494643011664-0.0012126521585373168j),(0.0011952205898286073-0.0029000771433598076j),(-0.005416012088714147-0.004997852951456251j),(-0.00022135405200635907+0.0014930436228845283j),(0.0005430805953315341+0.0009471765131818591j),(0.003060992148430756+0.002165304093473263j),(0.0030644650817636034-0.003616358750530013j),(-0.010766749228746417+0.008272788259773909j)
86,(1.7447646710148762e-05+2.4735967315573568e-05j),(6.91511987296747e-06-3.486303573165716e-05j),(-2.436276657888896e-05+1.012706841591917e-05j),(1.6922176046592358e-05+8.54861343339233e-06j),(-2.8297714590434455e-06-1.9615403548258796e-05j),(-1.0795698085685131e-05+2.0089636331449003e-05j),(0.0017819828019818688+0.0012179549827499867j),(0.0003630653059815776-0.0007409151670145753j),(-0.00024154738394550684+0.0023957990953779565j),(0.0026379704459459107+0.001819269332672329j),(0.000393567195506408-0.0012719589525772533j),(-0.000499218467815738+0.003893057946434971j),(0.009552022230693095+0.0071607424911935315j),(-0.004643286379381667-0.012139178099483103j),(-0.007817405029731394+0.028775809720640137j),(-0.00554569230595595-0.017427532611450067j),(-0.012306534220643886-0.0017618301113825757j),(-0.012982166519978999+0.016744366531119735j),(-0.008350174176852729+0.03957229580755185j),(-0.0045155096566393375-0.005240726555582698j),(0.012072883581661137+0.02720226956399096j),(-0.008021485046498158-0.00744338816367759j),(-0.004819911862718701-0.005351234823439291j),(0.012432294272110019+0.027863032720327217j),(-0.008138752682998629-0.008185561693091106j),(-0.004816816685201992-0.005343828778351818j),(0.012427904613319966+0.027857733187636957j),(-0.008133131306608957-0.008187922907499073j),(-0.004718867352551637-0.004964565548670379j),(-0.005033657031338951-0.005512092681911935j),(0.012085165074418718+0.027572853897068955j),(-0.00787259396649654-0.008040444175128848j),(0.0002588055876400904+0.015386622172011078j),(-0.005121616535541089+0.015276830807791707j),(0.0040965142273467325+0.004916383922401148j),(-0.0014197205254341278+0.006814150323065618j),(0.0003914475118081189+0.00899188885451894j),(-0.00927949921478369+0.01556178009030769j),(0.0008929735560723382+0.016453207637748005j),(-0.005039761299941832+0.013994533573082422j),(0.005008575071128692+0.005765952445266365j),(0.00999312713662961+0.027552670088483666j),(0.004773673880665892-0.022562501331932126j),(0.01608669502445845+0.02151896361517379j),(0.009673132029131785+0.027575585714947226j),(0.004029311397407139-0.023105413442053864j),(0.0158175473548053+0.021653439975663574j),(-0.00011954241473904393+0.0017814035530597612j),(0.017033709818257407-0.010436099306343332j),(-0.0041970750791688605+0.009908549501792083j),(-0.0006130910193563308-0.00041693288041858294j),(0.009664790898618315-0.004910359882628819j),(-0.002899101311882114+0.00491877553074449j),(0.0002345101403134141-0.0017814781697434185j),(-0.00039839105830755746+0.0027955453896916288j),(0.00017673261098217772-0.0014878242497203798j),(0.0007308453251926065-0.001835259136651302j),(-0.0018040682748715175+0.0020294379944337873j),(0.0008193147892561771-0.000777576352987825j),(0.00020746959808160025-0.00183431693452662j),(-0.0006666444543864917+0.003261094068187479j),(0.00023600985911158718-0.0018872361332141598j),(0.001279560373503241-0.0019012440440604713j),(-0.003416879132250797+0.0010285877251377442j),(0.001540445469787402+5.391603873304129e-05j),(0.0013739526894284205-0.0018887693568586364j),(-0.0035096855467373527+0.0009721416702830471j),(0.001646568002545006+0.00015904085225918775j),(0.0012782498919441615-0.0019147606647824337j),(-0.0035239494558555536+0.0009605462764324963j),(0.001549488571293416+7.532221557644218e-05j),(8.336734612919507e-05-0.0020660827937829676j),(-0.0018465748316331568+0.005434786155401112j),(0.0005190508261141384-0.003759953337484326j),(-0.0001177014473916463-0.002411393932522222j),(-0.004304965218381488+0.010022717084497758j),(0.0012410325156125349-0.0077943636165697504j),(-0.00016871417133714492-0.002454439588740441j),(-0.0045696955359598255+0.010544435785442736j),(0.001283541596498067-0.008228224447361557j),(-0.00011816441809523273+0.001786769420847865j),(0.0170425228682632-0.010444260314481358j),(-0.004197350954532103+0.009916440089263283j),(0.00046596052635099455+0.0002768678637028307j),(0.00271575831760322-0.003698736511798646j),(0.0008634134273990636+0.0016920296929830057j),(0.9143169302362513-0.046816531632522126j),(-0.00011343987131875143+0.0020413426430815522j),(0.01588199473531292-0.010128517044077344j),(-0.003822076776666168+0.009454207320620113j),(-0.0009026891549805656-0.0006077382830105661j),(-0.004815788090816053+0.00012623377496429923j),(0.0015421834229734476-0.0007277273981151424j),(0.0018794380432111475-0.005799421222730065j),(0.0032038916141602816+0.0003706059776004163j)
87,(-6.220790972881638e-06+1.1587107980568798e-05j),(-1.439861946363762e-06+1.001693066430519e-05j),(7.660652928923447e-06-2.1604038643009845e-05j),(-4.487513220968863e-06+1.0943711429404633e-05j),(2.629200350228082e-06-2.240214157352827e-06j),(4.296535894495374e-06-1.3641504095618963e-05j),(-0.00015101821595019847+0.0003059355631942636j),(0.0002699620981920655-0.0005715408241855709j),(0.0003803310424425196-0.001545523343982487j),(-0.00027965565483252996+0.0005752410628666669j),(0.00039558871062398635-0.0008678107331459117j),(0.000563212217977839-0.002447160313924866j),(-0.003335270770452904+0.007422275629093429j),(0.001354188607061458-0.004025079522976316j),(0.002120210018508612-0.015549772505006729j),(0.001946351417306206-0.004897555405919039j),(-0.002882120759633798+0.018098375634311745j),(-0.002279154762966459+0.005455173837248247j),(-0.0013901422958307252-0.006767818777248942j),(0.0017872028731600877+0.0014990044172631684j),(-0.0016132237098123118+0.0002773578344272172j),(-0.0007104356524928123+0.003262938452754955j),(0.00199423236133125+0.0013173884468224897j),(-0.0016475008032451697+0.0003010218009982628j),(-0.0007479516282948628+0.00356071809964822j),(0.001993713042382585+0.001313837038110232j),(-0.0016471815986601134+0.0003013591755221829j),(-0.0007482023566616864+0.003562237979959632j),(0.0019458786930523194+0.0012370558412504156j),(0.002090554608604538+0.0010503387456315232j),(-0.0016371186397676647+0.0003465023347921075j),(-0.0007667545484621463+0.0035829940804080972j),(-0.0014865504959156361+0.0007828119359445844j),(-0.0015844013314098818+0.003281566395482686j),(-0.001940064850863807+0.003679179305919973j),(-0.00016349816117980245+0.0024236487197875824j),(-0.001168800586331101+0.00306698800957662j),(-0.0015671246150635123+0.0036652450633895186j),(-0.0015449942123296155+0.0007549456000374571j),(-0.0014487160435485073+0.0033356065231856143j),(-0.001847976489116563+0.003609140690320615j),(0.0026985237113425135+0.0009641605981710218j),(0.005338616727946666+0.00256752105132398j),(0.004975058564692027+0.0007590413120970904j),(0.002608367361841583+0.0008197744415676667j),(0.0053689994036877995+0.002468814068008393j),(0.005009845182947396+0.0006610531778633774j),(-0.01859877103381418-0.01645553621902111j),(0.0021718783704902976-0.008953114801240185j),(-0.0030060828711207096-0.003683338595714007j),(-0.010530289495581834+0.0027485272932711814j),(0.0001311941362791538-0.0012134880377868834j),(-0.002325156516842908+0.000683991129368235j),(0.0010407918491364388+0.007495486592186312j),(-0.0006021675091276007+0.008688506010621119j),(9.848931458500935e-05+0.008713305183029166j),(0.0024477140116149036+0.004975688211780637j),(-0.0004876199130223758+0.00495510733731185j),(0.00023241657310329295+0.0038742216545739165j),(0.0013962145897695197+0.007923993234999486j),(-0.0006750896176026221+0.009081284153558286j),(0.000160289036255571+0.00911284470112911j),(0.004391936207153241+0.0012055601230206402j),(-0.00017984358015158243-0.003113663383620493j),(0.0003672270693953575-0.005620991623368795j),(0.004624128312620258+0.000788023930070908j),(-0.00013838300938968538-0.003967827135391293j),(0.00038455168220221563-0.006731893872536683j),(0.004453848154095944+0.0010504500949204479j),(-0.0001722302498392747-0.0034732759022076893j),(0.0003682999824688627-0.005964838063671858j),(0.00305459593438662+0.009211163173295345j),(-0.0011833292888625395+0.007932001897980103j),(0.00022839788375218165+0.0077053180432457204j),(0.00532837183914356+0.007803202062590637j),(-0.004451341532731592-0.004727265897757914j),(-0.0019586061550170434-0.005851000782549517j),(0.005560379221568748+0.007746423800840907j),(-0.004802148696864603-0.005832863624938049j),(-0.002196120764702638-0.007058800870992518j),(-0.0186031906622183-0.01644574472378878j),(0.002182157422824309-0.0089165319305295j),(-0.0030002924569830923-0.003659677155891987j),(-0.004767751436384223-0.006294321153006776j),(0.0005253178916891504-0.0025465151253187494j),(0.0005763494643011664-0.0012126521585373168j),(-0.00011343987131875143+0.0020413426430815522j),(0.9824072769644001-0.016527216813700372j),(0.002119078656184777-0.013829662780848895j),(-0.002682241604928254-0.005275097337922685j),(-0.010824797866463216+0.009421116973570448j),(-0.00025632288845963455-0.0058778643897139035j),(-0.006874415061950634-0.0024908490064397223j),(0.00016826998237535963-0.0052311704983262165j),(0.0008895592432539492-0.0034318427992406164j)
88,(1.7091939549646362e-06+1.251466082600558e-05j),(1.4762791628383487e-05-3.2760615430081627e-06j),(-1.6471985581199815e-05-9.238599282307398e-06j),(6.245020399016833e-06+8.332309471026602e-06j),(4.3492862936825385e-06-5.911449812079882e-06j),(-1.2453569152382583e-05-2.215748650750111e-06j),(0.0003571923359337719+0.0006184450575284156j),(0.00023077742826355742-0.0003477625004136063j),(-0.0011348618650403076-3.942007827419623e-05j),(0.0005228603130099342+0.0009908114935891525j),(0.00032890447442293413-0.0005628968507259365j),(-0.0018306428427770178-2.9711391133167928e-05j),(0.0018227387623045961+0.0067430225523505485j),(0.0008426794754597437-0.004174436688401693j),(-0.012821005263401698+0.001046546229797097j),(0.00096523830024615-0.005517926196075763j),(0.0025671538697964093+0.00453185944655635j),(0.0026885561143181512+0.0009433475513494216j),(-0.0010162777693758546+0.005347420053427636j),(-0.003853857638840302-0.0027056884690823055j),(-0.003177834729811143+0.0013654058966257251j),(-0.0005385999119374117-0.002514972271028094j),(-0.004183507566438459-0.0029561020030946777j),(-0.003296796217515754+0.0014990864213066599j),(-0.0004708648644808529-0.002624731864252762j),(-0.004180145455740339-0.002952957620795703j),(-0.0032949375007153116+0.0015028406647575269j),(-0.0004674497509860709-0.002622468839829443j),(-0.003986133073902456-0.0027653973607299374j),(-0.004308487331557828-0.0029894284724655794j),(-0.0031761458602546475+0.0016786547505815395j),(-0.00030770759907363006-0.00247194467405854j),(0.007026176815873669+0.007634968791618169j),(0.0033982941592769463+0.009827724260330715j),(0.007214877661986741+0.005470563418904348j),(-0.00019577190800102465+0.001689811925869842j),(0.000986134605278365+0.0025913735634168662j),(0.003587720784820755+0.01107370378362519j),(0.00733296110712618+0.007958016359470908j),(0.0035287211726966216+0.009795727818048668j),(0.00723009529526585+0.0057546250226981404j),(0.00020572765642339866+0.005639694354027825j),(-0.002877613082619775-0.00034086087843931794j),(-0.006801280982877227+0.005670853537047167j),(0.00022092937947883824+0.005462926891639831j),(-0.0029090421927329096-0.0006344669601233109j),(-0.006824685678957165+0.005491226705642227j),(0.002209039346568195-0.009005995611878632j),(-0.028603841304784106-0.007948108546982255j),(0.006754215968708608-0.008126168618082782j),(0.0018047022814347976-0.0025620424194074615j),(-0.014290042858626843+0.004912967642512962j),(0.004620195999877464+0.0014560993599990538j),(-0.0011061833729445367+0.005681246729501968j),(0.0014612046916206054+0.004161907220443807j),(-0.001127193489313233+0.0029342330618513652j),(-0.001618796972441789+0.0027542289789015077j),(0.0033337259983266623+0.004365075039279787j),(-0.001222240581997905+0.000507616989953674j),(-0.0011959271639552245+0.006062461347781201j),(0.001894170627141183+0.004159369594312669j),(-0.0013867121572708697+0.00316108436557436j),(-0.002491160079853285-0.0034565687853213775j),(0.005111449974464239+0.004926322864263156j),(-0.0014340442017128836-0.0035459398910202295j),(-0.0026435580954252257-0.004174893845867302j),(0.005172603428961009+0.005026453329268824j),(-0.0014938206071114794-0.003992952512839258j),(-0.0024917418440327074-0.0036755528897638237j),(0.0052495600204927485+0.0049386218402657535j),(-0.0014201837655545256-0.003692905176123795j),(-0.0016937461470501055+0.005862604481996735j),(0.0037053992525816356+0.004592688093007736j),(-0.0025653175599233404+0.003430162686546785j),(-0.002848587827649981-0.0011232765366218575j),(0.007480693508104992+0.005453462293277617j),(-0.004751037556512984+0.0008846750643019281j),(-0.002962922801015807-0.0016660682576964733j),(0.007902515230833343+0.005626100445242197j),(-0.004985064349168105+0.0007218916501041638j),(0.0022168669122934236-0.008968272362999451j),(-0.02861463709755927-0.007925109898653184j),(0.0067611123351188854-0.008119454586984268j),(0.00048120620759135543-0.002262488999281727j),(-0.005193972594531105-0.0054824886617827855j),(0.0011952205898286073-0.0029000771433598076j),(0.01588199473531292-0.010128517044077344j),(0.002119078656184777-0.013829662780848895j),(0.9730417337051641-0.011540218881689818j),(0.006241592837771098-0.00622669105705238j),(0.0017790779625541722-0.005322192571442952j),(0.0071537062153208975+0.005010192962195858j),(6.163751659707742e-05-0.006665667107550691j),(-0.006664492327484009-0.004380520156075089j),(0.001153455750559568-0.006811904072418193j)
89,(9.652151512056194e-06-1.9678073642921592e-05j),(-7.74137067552048e-06-2.034156333536282e-05j),(-1.910780849747126e-06+4.001963697512462e-05j),(5.8049252570063965e-06-2.0656624042917886e-05j),(-5.246394464446755e-06+1.7196343729611556e-06j),(3.497750107193702e-06+2.4887210440681083e-05j),(0.0008294028500110672-0.0010839390767252784j),(0.00013661170989737986+0.00039072485802883034j),(0.0008737244646343596+0.002325437358280933j),(0.0012557404296729972-0.001785048822475707j),(0.00014156957242037922+0.0006182512401311448j),(0.0013307488271951098+0.0037025282981778262j),(0.005690681111827547-0.014422173287664791j),(-0.0021683007953207066+0.0037771940944752672j),(0.006277867987172783+0.02423254967126802j),(-0.002979405432839226+0.005321904147678138j),(-0.0016250261884696872-0.02754721699558478j),(-0.004517757382793483-0.011930097175098475j),(-0.0026254719315005563+0.003140317669824678j),(0.0006452312488796958+0.0072739070917166564j),(0.0013324966257284832+0.007298136188943056j),(0.0004386708274434348+0.0019432449784208116j),(0.0006279301176624198+0.008368564046192227j),(0.001394582663713668+0.00750221132937234j),(0.000458195691713309+0.0018012344906123126j),(0.0006261503759718258+0.008371773009829808j),(0.0013935393082292755+0.007500371726867095j),(0.0004572744384583403+0.0017982256489381364j),(0.0005260578990099758+0.008333286219380304j),(0.000705869283727676+0.008706488825923588j),(0.0013126739151465873+0.0073071089719452705j),(0.00039938136483785554+0.001656098121873002j),(-0.005114444622572272+0.0004967696545191067j),(-0.0032875174340088135-0.004163015629358428j),(-0.002760784906679634-0.005143443780801884j),(-2.429179565882633e-05+0.0003089328227927216j),(-0.0003719048496327027-0.001580249566122004j),(-0.0038435578744244006-0.005410125580406372j),(-0.0051380122289936304+0.00025015412448197057j),(-0.00322874151676946-0.004393635801884058j),(-0.0026125649946452762-0.005251720381760411j),(0.0035655152159292545+0.0015263378052845214j),(0.0054000213750972845-0.00017251181096373386j),(0.009641003170169974+0.0011667701979133568j),(0.003615832280840576+0.0015161459929850934j),(0.005432506193887892-0.00012136400662737801j),(0.00954495263238777+0.0012175406841513428j),(-0.0029504426480701992-0.0037090454859715107j),(0.006634424866777018-0.008075539304915814j),(-0.02766757005842558-0.011134778001879488j),(-0.0014421708028935693+0.0007483926758587271j),(0.003966103937162449+0.001837463145367037j),(-0.014634944542296793+0.004352643839173234j),(3.6829129135441865e-05+0.0073717651434616685j),(-0.0014458843335952004+0.0022502868938631794j),(0.0016628580143833332+0.0003223377213697389j),(0.0008093567685002014+0.002833535748536056j),(-0.0006525679639439595+0.0018646661110647746j),(0.0032782177163823154+0.0006290566837904099j),(-5.242117803141831e-05+0.007727046916706568j),(-0.0018104298408566618+0.0021888961202129378j),(0.0021265032098216107+0.00045239193147017086j),(0.0009097033674638209-0.0059746390929515105j),(-0.00019598074039027156+0.0008110681893848462j),(0.00418149106653943+0.0036755496633317335j),(0.0009152006178763737-0.006983345873280795j),(-0.00012929617909766643+0.0007803894193894774j),(0.004272517986963045+0.0041102515278955525j),(0.0009076482404587836-0.006292017705360241j),(-0.00019413032634651143+0.0007302092018379169j),(0.004207532277401695+0.003761827175231403j),(-0.0006694969896031463+0.006584714570196738j),(-0.0034474586190412116+0.0013610046890909977j),(0.003948292350899691+0.0030807783212367735j),(-0.002060473840869718-0.0038932311125500453j),(-0.006157054940418932-0.0021497788394796253j),(0.007726228440910031+0.014088519987258425j),(-0.0022006121840857686-0.0047395959703330276j),(-0.006454870433013377-0.002411153134823355j),(0.008173334496590901+0.015229024387276531j),(-0.002945965014489718-0.0036860664956928878j),(0.0066428625237369785-0.0080700856105421j),(-0.027674479543038817-0.011103109897791636j),(0.0007280665536201032-0.0003221865772985071j),(0.0020556170937847014-0.001825311090627335j),(-0.005416012088714147-0.004997852951456251j),(-0.003822076776666168+0.009454207320620113j),(-0.002682241604928254-0.005275097337922685j),(0.006241592837771098-0.00622669105705238j),(0.9740024971483567-0.018265241693002268j),(-0.001988111111041342-0.0033594436461573743j),(-0.0005183601192481222-0.00015982340879408183j),(0.002771327604432808-0.0018502644667041004j),(0.002775366362670465-0.004420469080297031j),(-0.0061090178413327504-0.0027592641193199077j)
90,(-6.139303535672097e-06+6.785260687538227e-06j),(-3.550202587736992e-06+5.92551137642219e-06j),(9.689506128820776e-06-1.2710772062628502e-05j),(-7.404287412738035e-06+6.874786300644411e-06j),(-4.055013596247139e-07-8.426007216592243e-07j),(3.6387591956313632e-06-7.5798418072076946e-06j),(-0.0009554856238565344+0.00048161527237628897j),(-0.0005213330439826314-4.543330239179335e-05j),(-0.00016249616731400752-0.0006397197144109726j),(-0.0013623513048945399+0.0007447795808391503j),(-0.0006810555500706913-0.00012718118530400052j),(-0.00015869411624450146-0.001089854338081636j),(-0.002982752165043378+0.004278749836468284j),(0.0011416243869357694-0.0028419977228994163j),(0.0026576810990936906-0.00982674103828401j),(0.0018585194283832463-0.0033748459073482135j),(0.0002868101561949999+0.011964050275965124j),(-0.002215661838426224+0.0029899317380877276j),(-0.004038255136012524-0.004274480202690355j),(0.0014203341800725403+0.00020071271021465317j),(-0.0012027920767711177+8.737437355381926e-05j),(0.00028273521204960975+0.001598297816400248j),(0.0015041207102170614+1.1738036616304459e-07j),(-0.0012015080157108525+0.00011352233741342664j),(0.00032956861610200646+0.0017884535245662123j),(0.001502591497666819-2.048730213848743e-06j),(-0.0012008386848382593+0.00011393866786230285j),(0.0003295496431313784+0.001790024190617751j),(0.00142408778108681-4.192549677948035e-05j),(0.0015585741628800784-0.00020548046934499957j),(-0.0011776844897593394+0.0001490655003338441j),(0.0003021884028298731+0.0018334537327795554j),(-0.0028756859467022862+0.00046602771320648426j),(-0.0005893042521588756+0.002394265157307088j),(-0.0016459823416610187+0.0033792845682817626j),(-9.57455457933098e-05+0.0007003978024204584j),(-0.000487598357978027+0.0011777070645613821j),(-0.00019003224262547128+0.0027381209613041102j),(-0.0029262143672090265+0.00047403748021455396j),(-0.0005418014002525913+0.002431781920230968j),(-0.0016437111446217763+0.0033501110154974664j),(0.004492293479145373+0.0008500295678641363j),(0.003298113796312929+0.002237879243024263j),(0.0033978160531958576-0.0005041156900022855j),(0.00446294916541269+0.0009104096737833252j),(0.003293483508339328+0.0021513979610292607j),(0.0034113208848686703-0.000582959232386896j),(-0.01156935685149342+0.008475001734099184j),(0.0018952985203978517-0.005125276587341588j),(-0.0021769113394662647-0.002511566663774667j),(-0.008983684578407527-0.022747904404231096j),(0.0031641649535156897+0.003988207945642894j),(0.0008911141158558995+0.016453837226802343j),(0.004113001536836951+0.008652096087955266j),(-0.0030991890559474234-0.020740072296189224j),(-0.0031392393424876557-0.019890793486747903j),(0.005201228325709736+0.009441344235588591j),(-0.0017483395236662527-0.014312426581954836j),(-0.0006618415595526452-0.012340646927955036j),(0.004190216786693665+0.009321561400663796j),(-0.0034903748310999815-0.02150818263392668j),(-0.0035318978984979713-0.021367360391690775j),(0.0017766535826429144+0.006563428733012314j),(-0.0013732707390878127+0.004318590785653964j),(0.0009596447199764088+0.009273535259795488j),(0.0013586719617512896+0.006515605015662328j),(-0.001254450375754235+0.007379331002161581j),(0.0011703120661118763+0.012407339181722501j),(0.0016372141477530302+0.00633714875754875j),(-0.0014050296215437881+0.004641359374469609j),(0.0009904814992934695+0.009861199352350412j),(0.0030453777036663797+0.008880404057696894j),(-0.00453994310971746-0.018388498129764546j),(-0.004385904659700842-0.021358443145584348j),(0.001354796872411098+0.007712156413186182j),(-0.0006902826383755816+0.018751427398670657j),(-4.4865325088605176e-05+0.011429499063397646j),(0.0013623489704396043+0.00809814578732208j),(-0.00024375645280800935+0.022387361828829045j),(0.00043642970146002234+0.014619494529874242j),(-0.011572247909110923+0.008517948170434284j),(0.0018935198857140127-0.005137463710455117j),(-0.0021806368729007015-0.002538308187823402j),(-0.00242847189120177-0.002254563712369812j),(0.0005897241648003867-0.00011582945992960354j),(-0.00022135405200635907+0.0014930436228845283j),(-0.0009026891549805656-0.0006077382830105661j),(-0.010824797866463216+0.009421116973570448j),(0.0017790779625541722-0.005322192571442952j),(-0.001988111111041342-0.0033594436461573743j),(0.979049186374834-0.038187429047620014j),(-0.0022692632615739805-0.00047508992707137945j),(-0.002545496962098421-0.006902618447979427j),(-0.001108469736667135-0.004522376235723882j),(-0.0002162945323875903-0.003292466809654092j)
91,(-1.3224713479925606e-06-4.7651734442951736e-06j),(-3.807005360223814e-06+3.9177571192737695e-06j),(5.129476706498917e-06+8.474163251190737e-07j),(-1.6535414214558534e-06-2.9197826840341277e-06j),(-1.6500470160086838e-07+2.501846542848678e-06j),(4.177995711332236e-06-1.9473253733319306e-06j),(3.612116723198105e-05-0.00046821868520989214j),(0.0001406959994679354-9.11617628168072e-05j),(0.0004739677346185026-0.0004381345927025062j),(2.0807908085488457e-05-0.0007067682199859474j),(0.00018888224588633156-0.00010880855511675904j),(0.0007193901968198657-0.0006758239247756006j),(-0.0012588467572472728-0.0031139890191315264j),(-8.90512042486945e-05+0.000744799361637071j),(0.0033954737564538323-0.0035739067428184803j),(-8.112202528193875e-05+0.0014072199949205604j),(-0.0012132819883717547+0.00042806410964416064j),(-0.0003444871512697313-0.0007554260398293881j),(0.0002886481335887068-0.001912300819128944j),(0.0011216737878020628+0.0019314182672129443j),(0.00024545640819754555-0.00017583004260949544j),(0.00012037770292800819+0.0023076226371917916j),(0.001225337365053224+0.0020707859774650172j),(0.0002609793741504494-0.00017388647976506952j),(0.00010639276860011657+0.002378462504843224j),(0.0012244785301548857+0.002069104048414972j),(0.00026097116817502526-0.0001743773808534693j),(0.00010571802776884005+0.002376621821025101j),(0.001171250504497973+0.001980981532073001j),(0.001323527795620622+0.0020524145328485012j),(0.0002570045829633746-0.00020218964860037412j),(7.400890131923905e-05+0.002266929094936169j),(-0.002262480755275703-0.0024561311705175435j),(-0.00031938729888698544-0.001619374513109439j),(-0.0015819958607333922-0.0030986956768764475j),(0.00023024039787028272+0.00023605311231396538j),(-0.00038428279865541297-6.5322103265422725e-06j),(-0.0001342680619571561-0.0018231217717557386j),(-0.0023435472846810622-0.0025941727640994153j),(-0.000325035859703152-0.0015354687141086016j),(-0.0015811877805011504-0.0033031795481188j),(0.0012529810455369653-0.0007622869897289265j),(0.0019368801508355673+0.004171071510015008j),(0.0022001445825572587-0.0026282858139600185j),(0.0012616634587308145-0.0007901882291049857j),(0.0019332490745624814+0.00420547737920174j),(0.0022086407721229884-0.002612489335688112j),(-0.000331088897193416-0.006202292108586848j),(0.007632026859594911+0.005422394541595162j),(-0.0005918634605276054-2.6206487922708285e-05j),(-0.0019255452548643864+0.0013190105784646458j),(0.0031183833181092652+0.008118577060706317j),(-0.001296805063604512+0.004923936321220637j),(-0.0038866403620437294+0.01088569983011081j),(-0.003298324035002704+0.004145477065423916j),(-0.0033282782254201865+0.0036933875110845248j),(-0.006757798632336404+6.508796827741931e-05j),(-0.006092681836922912-0.0034085219235243437j),(-0.005681114278004669-0.012408543047075744j),(-0.0034583191744147505+0.012024680464713777j),(-0.0031053154452701003+0.00478112976912989j),(-0.0030287518329100947+0.005543266640604252j),(-0.009384832928511198-0.01337114775134411j),(-0.009387552331880865-0.0071742783901296665j),(-0.00777906873115028-0.029499048250711958j),(-0.009370880399310319-0.017634054483678108j),(-0.008769720538932354-0.012031001948334823j),(-0.007907911396185036-0.033273615132558436j),(-0.009625658079844559-0.012441654864236613j),(-0.010052432741622978-0.004830010165421304j),(-0.007896062828460951-0.029188459310648538j),(-0.0008006066955787614+0.013106850992491868j),(-0.0015935851201137612+0.006354301441377282j),(-0.0012605806616170917+0.012514900134423827j),(0.006707424538243198-0.0015840869406431191j),(0.0034233359028224505-0.00024215835502739216j),(0.003401916578914014+0.018938250946518534j),(0.007530106399977901-0.0027612138189490936j),(0.0040122449781516915-0.0007559979033062991j),(0.003975275258323785+0.01974327795730171j),(-0.0003287126162991378-0.0062120212934155625j),(0.007637635007521683+0.005418364995483375j),(-0.0005907879884573901-3.336935800515341e-05j),(-0.0010473650217988075-0.0011194220065744113j),(0.0011946600566886988+0.0020229523188541963j),(0.0005430805953315341+0.0009471765131818591j),(-0.004815788090816053+0.00012623377496429923j),(-0.00025632288845963455-0.0058778643897139035j),(0.0071537062153208975+0.005010192962195858j),(-0.0005183601192481222-0.00015982340879408183j),(-0.0022692632615739805-0.00047508992707137945j),(0.9764430332589334+0.041698013032612946j),(-0.00011289316173567469+0.004277050388608941j),(0.003372467117930143+0.002288019497460717j),(0.001101896113064587+0.0025422983044514616j)
92,(-1.3878609938831866e-06+3.878864097323753e-06j),(3.4102271702154124e-06-1.5077493120938611e-06j),(-2.0223661758602968e-06-2.371114785540265e-06j),(-2.8924877915124836e-07+2.1367094329106457e-06j),(1.3011585089746334e-06-2.2722569247784545e-06j),(-2.5857815332865937e-06-5.615837754482123e-07j),(-0.00016767639862195623+0.00011318735273933528j),(-6.304268296636811e-05-0.00019524588950852237j),(-0.0003611232405560294-5.346057185634254e-05j),(-0.00024762234548719053+0.00017668855079767102j),(-8.259068515894826e-05-0.00031950257447578117j),(-0.0005631994833410059-7.738919228047082e-05j),(-0.0008385716949536673+0.001056865913063192j),(0.00019053955295171787-0.002437736534604827j),(-0.00321910063313747-0.0001755936337206946j),(0.0002433172088890265-0.0032716887298009103j),(0.002098577945203916+0.0027533435430561596j),(0.0016643086344764896+0.0029876094761339786j),(-5.162109531061239e-05+0.0036630743809065985j),(-0.0002863816694994337-0.0018025730754718517j),(-0.0014229106657794345-0.00012923170592524594j),(-5.156959748787151e-05-0.0011266296370974617j),(-0.00032238045417742406-0.001963866350634881j),(-0.001476888508775298-0.000140745989736176j),(-3.8067315050408017e-05-0.001194193584800754j),(-0.0003221600033129393-0.001962738162020124j),(-0.0014767420484229248-0.0001402042650668517j),(-3.79156086462633e-05-0.0011938718907096994j),(-0.00029826800936822795-0.001883042055230559j),(-0.0003818016684499608-0.0020076874487431405j),(-0.0014531147138087306-9.572252115601517e-05j),(-2.986472574650216e-05-0.0011506312234971048j),(0.0014902740610637912+0.0028752152683992594j),(0.00014136279756683567+0.0024988032273552258j),(0.0005145863528006066+0.0015463752017415503j),(-0.00013278660994221536+0.0006030625108363593j),(0.00012711404606291184+0.0011775768586841863j),(0.00012342565644759946+0.0026425008872381817j),(0.0015543867755427937+0.0030726480223710034j),(0.000235206038185132+0.0025463796793315603j),(0.0005170777105052533+0.0016484643947586334j),(0.0008752640019592568+0.003138442567283667j),(0.0013267738555976611+0.0002747153126843382j),(-0.0005060474022098184+0.001227486616874415j),(0.0008124768685607485+0.0030964474151543306j),(0.0013346195728585397+0.0001867492856191052j),(-0.00049577322563957+0.001197670686332595j),(-0.007350551993459009-0.00287574042708612j),(2.9671265004278017e-05-0.007102048131769419j),(0.0029832229044273414-0.0020435809677678794j),(-0.0028224643485371195-0.006184763540759921j),(7.623769126778684e-05-0.006096488850265466j),(0.001783283606564376-0.00405399796048591j),(0.001497674510033916-0.0032733512850066453j),(-4.1262653015503365e-05-0.00020021609312799522j),(-9.693673263230897e-05-0.0010801269692122903j),(0.0020699991916788498-0.0008499626378225695j),(8.209055860755638e-05+0.0005626248418007669j),(0.00012466243719136763+0.00017081019826268166j),(0.0015846715306811854-0.003268422491292686j),(-7.630579024313788e-05-3.532853431955853e-05j),(-0.00022993060988869246-0.0010622325916297495j),(0.002561174103722145+0.003321718486216051j),(0.00019145946894013843+0.001577578154021411j),(0.0003694990348572765+0.001954969033682134j),(0.0026106455714316216+0.0037073868497159413j),(0.0002211526055270436+0.0014666628106857799j),(0.00038995093621646917+0.0020732084817791877j),(0.002577730023453747+0.0035127204948290263j),(0.00018376005854350264+0.0017285237251967748j),(0.00038018356282015726+0.0020544126894788107j),(0.0017957109989112851-0.0022741617392066167j),(-0.00031188160645190087+0.0006606685938007021j),(-0.0009307780386553043-0.0007640579710401378j),(0.0016009185439222525+0.0028018714995444896j),(-0.001155794175034444+0.0021224032251435454j),(-0.0027909299501093048+0.0005803971696484416j),(0.0016030878879205867+0.0032974222861668224j),(-0.0012393011522255613+0.002320298766301089j),(-0.002982945881112601+0.0007462882182066157j),(-0.007354283360684007-0.0028713357995721655j),(2.9877346569353784e-05-0.007104828612379421j),(0.0029844809143167008-0.0020415621304946566j),(-0.012754542535349012-0.0025683141869759702j),(0.0014800175944091887+0.00932519992518957j),(0.003060992148430756+0.002165304093473263j),(0.0015421834229734476-0.0007277273981151424j),(-0.006874415061950634-0.0024908490064397223j),(6.163751659707742e-05-0.006665667107550691j),(0.002771327604432808-0.0018502644667041004j),(-0.002545496962098421-0.006902618447979427j),(-0.00011289316173567469+0.004277050388608941j),(0.9577068356597735+0.08657087968529625j),(0.010465266948165493-0.019274183443883743j),(0.010769486835788612-0.02325424522399092j)
93,(-1.533038382978121e-06+1.106631901180643e-06j),(1.271108072876352e-06-7.553800535519293e-06j),(2.6193031034979123e-07+6.447168632511099e-06j),(-1.0711302213424358e-06-1.788759373006741e-06j),(6.760798937520281e-07-3.047909868891045e-06j),(-7.947258382100621e-07+5.545068641179878e-06j),(-0.00017940812035632196-5.798183280712787e-05j),(-6.002233440963912e-05-0.00017859463852803637j),(-0.000134616633720673+0.0005254918014024515j),(-0.00026877952260155797-9.061345223411773e-05j),(-7.969635829277645e-05-0.0002909687398339547j),(-0.0001993214490914813+0.0008374328088972568j),(-0.0011035125397042763-0.0005595911810277464j),(0.00010448431897692588-0.0022168732300967956j),(-0.0007251811210953477+0.005529425882637854j),(7.706209651230978e-05-0.0028404523310230603j),(0.0009865243185102114+0.0007344725424742841j),(0.0010680681952713773+0.0006437911149556228j),(0.0009880276573115965+0.0033746737931323466j),(-0.000843341055137345-0.0011526187051519763j),(-0.0021107528584585543+0.0007634105032182366j),(-0.0008946892453594558-0.001382563452954583j),(-0.0009131279093531234-0.0012517810261631407j),(-0.002148704958924714+0.0008112075617681962j),(-0.0009260428850084952-0.0014851734076262828j),(-0.0009121569739255664-0.001251322635226731j),(-0.0021469362094864+0.0008117726657560201j),(-0.0009254368340818434-0.0014856894959937004j),(-0.0008558664326184697-0.0012179917130696366j),(-0.0008785036013945411-0.0012492175638570701j),(-0.0020469565495724387+0.0008390630932826667j),(-0.0008857194157306581-0.0014833552900167192j),(0.0019436179633412394+0.0006971364904279789j),(0.002726494678103765+0.0021067178616176532j),(0.0011309661511598314-0.0007314821031346108j),(5.5934181909777243e-05+0.0005009285106402062j),(0.00018274755516915184+0.0007898012062553803j),(0.003389718747675012+0.0025151544484469223j),(0.0019830152494475467+0.0008704815518636916j),(0.0027874322281751596+0.002073800124323614j),(0.0011606616428657228-0.000609819570957043j),(-5.282631952597525e-05+0.006321688634805455j),(0.0003620538574406686+0.0007205810437359391j),(-0.00011687676553306525+0.004364642688249741j),(-7.246811698959292e-05+0.006285147816777966j),(0.0002997775636457492+0.0006002746884414315j),(-0.00011061243901164171+0.004347562647097134j),(0.0001381217554919645-0.005645122595597702j),(-0.00716159501674776-0.004748084054870353j),(0.0029899694168590792-0.0048037999690004034j),(-0.0007605368695974678-0.004136500056210936j),(-0.00353180091525138-0.004443549793421072j),(0.0016244394391532794-0.0034787843163022274j),(-0.0007247766455616302+0.0004631224352370349j),(0.0006747653639039775-0.0019934968843861923j),(-0.0007013169862475706-0.00033494376128921866j),(-5.449946311715728e-05+0.0012961752909092165j),(0.001315569157240644-0.00015993853443112277j),(-0.00044361038758990146+0.0007097407443302652j),(-0.0007861367330369859+0.0005358833941064876j),(0.0007647855348250264-0.0020111252632101957j),(-0.000822840125775363-0.0003004380514114976j),(0.0009263635567228607+0.0019464652026635124j),(0.0020158937420817597+0.0025970093210257554j),(3.2227122171379263e-05+0.0020093760181125993j),(0.0009977769192571306+0.0020532157908397233j),(0.0019918510405610764+0.0029818781675932473j),(5.8870168041019485e-05+0.0021927369230822407j),(0.0009812989647259192+0.0019546573812679532j),(0.002095270653324873+0.002665836345166364j),(6.384900938147955e-05+0.002040921680928396j),(-0.0009248674243187285+0.0007294258469716764j),(0.0010907191757972123-0.0014975363196887718j),(-0.0012652839564836554+1.2727904466635302e-05j),(-0.0006366085154287073+0.0009180053362996527j),(0.001755686839465914+0.0015340203048562848j),(-0.001674411409933122+0.0012473567195385661j),(-0.0006128459378382029+0.000978829552746852j),(0.0018410524059680451+0.001828020925355951j),(-0.0017237028751170514+0.001395330273546686j),(0.0001394355850994717-0.005648134711996006j),(-0.007164192412874745-0.004749140507648646j),(0.002991426352073168-0.004805113744354531j),(0.0016048637654608575+0.009385575522363247j),(-0.012682600756149286+0.001788620080073952j),(0.0030644650817636034-0.003616358750530013j),(0.0018794380432111475-0.005799421222730065j),(0.00016826998237535963-0.0052311704983262165j),(-0.006664492327484009-0.004380520156075089j),(0.002775366362670465-0.004420469080297031j),(-0.001108469736667135-0.004522376235723882j),(0.003372467117930143+0.002288019497460717j),(0.010465266948165493-0.019274183443883743j),(0.9583254480128239+0.090166933959003j),(0.009149222207903578-0.026340638841542505j)
94,(-5.384189159587707e-06-3.0067629864228074e-06j),(-3.903744441951083e-06-2.8097173920674805e-06j),(9.287933599894844e-06+5.816480380051332e-06j),(-5.153992402876563e-06-3.454300134489749e-06j),(9.65400194547339e-07-1.4843128200720634e-08j),(5.396375627792319e-06+3.1989647232705303e-06j),(-0.0002845996463437454-0.00029042631504355964j),(0.0001267791363872392-9.17282975928266e-05j),(0.0005223988888261501+0.00017304765522537476j),(-0.00046413287735944933-0.0004654299897754238j),(0.00020276435348562974-0.00014594946774425927j),(0.0008315864531316603+0.00028570723057084384j),(-0.003560906737468448-0.0031696247330834466j),(0.0013433422113680467-0.0009149349352633023j),(0.00542862117578302+0.0023444547393767683j),(0.0018360848121568192-0.0010936099233630962j),(-0.006038132884272675-0.0007648783501912163j),(-0.0030316104073164355+0.0016056601196128976j),(0.0004339674821738148+0.004663673497121317j),(0.0014649048317130135-0.001537934952452053j),(0.0005651985067010932-0.0003152718474871301j),(-0.0008092749075693321-0.0006874561901071576j),(0.0016853136454654338-0.001607100613111589j),(0.0005803498711572692-0.0003229721327648526j),(-0.000860991767754193-0.0007711052027700747j),(0.0016859683640243815-0.0016052726476149253j),(0.0005800531822023966-0.00032215034267899564j),(-0.0008608060977727789-0.0007712140383664726j),(0.001675679499602355-0.0015122460493725697j),(0.0017953923077019358-0.0016225591808326021j),(0.0005457068428212771-0.00027164094738414707j),(-0.0008468249456069384-0.0007469230462666659j),(-0.0003478946671741078+0.003312441425806549j),(-0.0016319201045730332+0.00242747676799432j),(-0.000312403976975167+0.0011435981037165835j),(-0.00022489961329483799+0.00035382474040794213j),(-0.0007101394753175732+0.0007965895327072437j),(-0.0019714148128078205+0.0026998258529002186j),(-0.00042654077574051923+0.0035357964993618578j),(-0.001636668756949478+0.0024584287303982184j),(-0.00021789201600057082+0.00114524307803909j),(-0.0008797799176224506+0.005200781635763309j),(0.0003530334524843756+0.000136946242983731j),(0.002664354271531002-0.0020985624297354733j),(-0.0008616870811711545+0.0051621871934187415j),(0.000414335029939775+6.202275926109864e-05j),(0.0026485417307178347-0.0021455861745877016j),(0.0009691573619646115-0.0037614070905599194j),(0.0012029242642276796-0.007348526038738077j),(-0.006626638504412778-0.0029149248704590913j),(-0.00013831128143963414-0.002876880698378858j),(-0.00044924580402014546-0.005151594967672814j),(-0.0041351887018613665-0.0020061566824780422j),(-0.0004323479906174399+0.0002831546290113656j),(-0.0010332463348121175-0.0005549211880442712j),(0.0004830860465827843-0.0011793191833528104j),(3.500134964710116e-05+0.0008288323492679263j),(-0.00018092574696882628+0.000671015090748207j),(0.00128398120483295-4.401815441912442e-05j),(-0.0004996634456728782+0.00032951319498483847j),(-0.0011324924571325388-0.00045317202837997573j),(0.0005834027580187821-0.0012272817084177509j),(0.0005740937323241739+0.0012550301209531861j),(0.0010200763732935239+0.0023996413203898415j),(0.002083350274477194+0.0017370862008502085j),(0.000641422857473528+0.001305065390926234j),(0.001166432592621444+0.0026069500876676845j),(0.002175416030448374+0.0019530278030848438j),(0.0005911786450033253+0.0012687887247431154j),(0.0010599796642186282+0.0024584011725658516j),(0.002109812127777474+0.0017962782722595724j),(-0.0007616518690915304+0.0004096940385267622j),(-0.0013736892809267244+0.0002898438402841074j),(0.0010129144436231395-0.0010970081248186498j),(-0.0010382270662339138+0.000328733166660359j),(-0.0011160249463034173+0.0027604161231541973j),(0.001978130367625093+0.00038181698181154704j),(-0.0010680890355529657+0.0003593819080191903j),(-0.0011019349555379068+0.0030260742024126605j),(0.00209077137219991+0.0005295578279036088j),(0.0009702499892042766-0.003762800521767942j),(0.001204843899059008-0.0073511605319723115j),(-0.006627937696739357-0.0029177837775005524j),(0.0027405352108124995+0.00239125365595183j),(0.002560135813171302-0.0034316338284333774j),(-0.010766749228746417+0.008272788259773909j),(0.0032038916141602816+0.0003706059776004163j),(0.0008895592432539492-0.0034318427992406164j),(0.001153455750559568-0.006811904072418193j),(-0.0061090178413327504-0.0027592641193199077j),(-0.0002162945323875903-0.003292466809654092j),(0.001101896113064587+0.0025422983044514616j),(0.010769486835788612-0.02325424522399092j),(0.009149222207903578-0.026340638841542505j),(0.9609818140506894+0.0956281256277447j)
