,0,1,2,3,4,5,6,7,8,9,10,11,12,13,14,15,16,17,18,19,20,21,22,23,24,25,26,27,28,29,30,31,32,33,34,35,36,37,38,39,40,41,42,43,44,45,46,47,48,49,50,51,52,53,54,55,56,57,58,59,60,61,62,63,64,65,66,67,68,69,70,71,72,73,74,75,76,77,78,79,80,81,82,83,84,85,86,87,88,89,90,91,92,93,94
0,(0.9999917057068365+0.00022964760013255192j),(2.7046071338777276e-06-4.995837151355366e-05j),(5.58968602988593e-06-0.00017968922861999725j),(-3.692762832435748e-06+0.00011529841640498927j),(2.795936937986571e-06-7.828362628870053e-05j),(8.704508529710452e-07-3.702549277054002e-05j),(-0.00011998237945711772-1.4576047315160122e-06j),(7.867647786716544e-05+8.828125223357892e-05j),(2.5110590792191456e-05-9.746698161292559e-05j),(-0.00015386963814768883-0.00017551121433913587j),(9.683435413530408e-05+0.00018159234956203574j),(2.723895140541847e-05-8.219520336701552e-06j),(-0.00012214474127219944-0.00013364699009409093j),(1.0232258186014038e-05+1.8198842681729386e-05j),(3.61976849620791e-05-8.26073193034937e-06j),(6.038280967384649e-05+8.753873273916477e-05j),(6.341477700985201e-05+8.683274220734114e-05j),(-1.3444588289432666e-06-2.909834781485767e-06j),(-5.81589983912691e-05-0.00010460962789034134j),(6.219511216189473e-06-4.48131505925721e-06j),(-1.2754783132911106e-05-2.539977778346228e-05j),(-5.233287481702089e-06+2.526458478955167e-05j),(5.3972823326177604e-06-6.9631286345001575e-06j),(-1.2800035832929666e-05-2.5744371394312788e-05j),(-4.310662472081969e-06+2.82751010073332e-05j),(5.381481069948225e-06-6.977144240421464e-06j),(-1.2789476129964178e-05-2.5730678178387125e-05j),(-4.291228489358009e-06+2.8300592177335756e-05j),(4.944907363903879e-06-7.173112530230282e-06j),(4.278924266657125e-06-8.533320084588388e-06j),(-1.225820501888641e-05-2.500085024265718e-05j),(-3.705573667746739e-06+2.878699490016848e-05j),(-4.418789093817888e-06+2.123287448192466e-06j),(1.2529614297246556e-05+1.1377967913195641e-05j),(1.549625752614579e-05+3.636800169584162e-05j),(-3.6582064233241507e-06+7.913136103858005e-06j),(-5.35349477377645e-07+1.2546809803639549e-05j),(1.9565813765565085e-05+1.813110134145532e-05j),(-5.211668702923566e-06+2.657480723608461e-06j),(1.191727243226232e-05+1.1245358088705984e-05j),(1.585490839381394e-05+3.454934892288465e-05j),(-4.981324421082818e-06+2.59136928143208e-05j),(-2.0757679064066267e-05-2.2091729243009365e-05j),(1.0402159348094073e-05-5.7019755647923876e-05j),(-4.8241186244567506e-06+2.6294866697223148e-05j),(-2.0634928027269393e-05-2.177757718229647e-05j),(1.0461425148618517e-05-5.7811551350163956e-05j),(-6.61551793575959e-06+1.1839543138855465e-05j),(1.8046255714113727e-06+1.358673298630016e-05j),(1.0153544369436068e-05-2.0208670701440018e-05j),(-5.210868861098481e-06+6.607015072233275e-06j),(6.588887502854245e-07+9.507637172162098e-06j),(4.508273096651853e-06-9.001142734923772e-06j),(1.1386940958650719e-06-1.2694748141685898e-06j),(3.0000118731664215e-07+1.2632930741114195e-06j),(-1.6767955140575305e-06+4.364281946841e-06j),(1.6927413144544917e-06-2.4207514074706354e-06j),(-1.0545497729795192e-07-4.3160763655915354e-07j),(-2.4849088718082725e-06+4.96495615657482e-06j),(1.3582291022688187e-06-1.539120296382815e-06j),(3.3285594174843754e-07+1.0328021648320529e-06j),(-1.8516352026371564e-06+4.833840920376881e-06j),(2.267159666594348e-06-4.120416217235744e-06j),(-6.516664407914755e-07-2.923130159149832e-06j),(-3.400351603772654e-06+5.122899608884618e-06j),(2.3466817943084997e-06-4.276274323430014e-06j),(-6.77706700136524e-07-3.1046871708601225e-06j),(-3.485084627688348e-06+5.157587700569962e-06j),(2.277150222039174e-06-4.201758599471386e-06j),(-6.916136871665644e-07-3.0712638396095676e-06j),(-3.441034775969219e-06+5.112141574871902e-06j),(2.3589815929885653e-06-3.0865368284785636e-06j),(4.5893138127431075e-07-4.0392653089947355e-07j),(-2.641319467025762e-06+6.65135382425809e-06j),(4.3586965089646264e-06-7.40053754100104e-06j),(5.150174132187129e-07-4.824168696106163e-06j),(-4.379621467741107e-06+9.12579478232425e-06j),(4.563689595277606e-06-7.890778951631893e-06j),(5.258847434352345e-07-5.290965161833005e-06j),(-4.571406966679176e-06+9.433607753908725e-06j),(-6.617109651067109e-06+1.184771565663417e-05j),(1.8043753269859011e-06+1.358912608820127e-05j),(1.016168076143046e-05-2.0227091102879873e-05j),(-9.601383834297239e-07+3.1324177766134543e-06j),(-6.182005195511857e-08+1.69692228286935e-06j),(-1.0962530105926302e-06-3.956653078704291e-06j),(1.701816588115928e-05+2.458132256307667e-05j),(-6.182853251951327e-06+1.1559112274480819e-05j),(1.4925569173182339e-06+1.239007276447425e-05j),(9.720910521751375e-06-1.94926246204489e-05j),(-6.059974019939217e-06+6.72996241687853e-06j),(-1.2140108697592919e-06-4.634048120753398e-06j),(-1.4248940930803787e-06+3.796113719955978e-06j),(-1.5844135564244085e-06+1.0789537610098879e-06j),(-5.365825884125039e-06-3.0345376529169404e-06j)
1,(2.7046071338777276e-06-4.995837151355366e-05j),(0.999996888808059-6.823552205967813e-05j),(4.0658480563453847e-07+0.00011819389356855704j),(6.000117759083071e-07-4.779273396482339e-05j),(-1.3254743097484793e-06-6.534600448033324e-06j),(5.640403362089804e-07+5.46364919289981e-05j),(6.306383561536008e-06-8.356414322858638e-05j),(-5.032020568650679e-05-0.0002659072096057565j),(1.165040897438799e-05+0.0003752322035146422j),(3.4725672396678235e-06+3.3380148629919904e-05j),(-7.02805732674355e-05-0.00015310124510359792j),(2.9254494849808674e-05+0.00013444433555572364j),(-4.082677473976059e-05+3.228519622414672e-05j),(-1.2530230758040792e-05-4.24750352191164e-05j),(0.00010579569857211961+3.25697617734487e-05j),(-3.160946016360474e-05-1.7688175157255803e-05j),(7.386256987297285e-05+8.548512321320786e-05j),(-1.6163682511241643e-05-7.686440960674915e-05j),(-5.337448663394676e-05+5.922336493719431e-05j),(6.802798866415399e-06-1.7282140617136558e-05j),(-6.122596747390331e-06+2.174098852083144e-05j),(1.2264984905102343e-05-7.712625946505362e-06j),(5.610449524907428e-06-2.0966674512982346e-05j),(-5.521691723096033e-06+2.4379835386445483e-05j),(1.339537642181165e-05-8.92745431153169e-06j),(5.579368923115944e-06-2.0991151294014757e-05j),(-5.509718820317262e-06+2.4393904353450492e-05j),(1.3386609019221383e-05-8.947556562047752e-06j),(4.471906895935103e-06-2.1605409292122263e-05j),(4.227356941357193e-06-2.2569928054057398e-05j),(-5.042739063134897e-06+2.453108700565538e-05j),(1.2612470026813736e-05-9.515094118182973e-06j),(-3.415022802065386e-05-3.083056160915983e-05j),(1.4377143828242374e-05+2.125642938743184e-05j),(-2.7718257302628068e-05-2.409131432065213e-05j),(-1.904488954671425e-06+1.7059880875867142e-06j),(-1.74677648286252e-06+7.38384425862537e-06j),(2.514769671764333e-05+2.577189572160786e-05j),(-3.558479393521901e-05-2.9874105318428548e-05j),(1.3200439489108265e-05+1.9722953691092554e-05j),(-2.9299290500932424e-05-2.3851996329325418e-05j),(3.462141980127058e-06+4.489316680408801e-05j),(-9.378293689784964e-06-1.5774110020930465e-05j),(1.8648577252252646e-07+2.288763324998284e-05j),(4.001853841497619e-06+4.554227046248755e-05j),(-9.310406016192254e-06-1.632372861739176e-05j),(5.618309551540891e-07+2.313005935844738e-05j),(-1.537407523924103e-06+1.0178053484823161e-05j),(1.5969658978916982e-05-3.039657584194224e-06j),(-8.343109252719941e-06-2.1920681591131456e-05j),(-2.6861369759497878e-06+5.544751136987146e-06j),(8.278323691513866e-06-2.513553232204493e-07j),(-5.721238396256377e-06-1.221171428874913e-05j),(4.781488855258311e-07-1.9845208272371257e-06j),(-1.1886665207423975e-06+1.4844621830597259e-06j),(4.7118929869823485e-07+1.6688478618661728e-06j),(1.8193711595673922e-06-3.0044820097367307e-06j),(-1.890904911306391e-06+2.3452733128361706e-06j),(1.119635499667683e-06+2.1207978564983763e-06j),(4.5582368582052133e-07-2.22426241387287e-06j),(-1.5284147658035164e-06+1.398568748196912e-06j),(6.905731843013141e-07+2.22444003066333e-06j),(3.4053638409107626e-06-4.309035088315959e-06j),(-2.691976011779984e-06+3.092911915398488e-06j),(1.909804466147516e-06+2.3782595669662586e-06j),(3.6083095325142664e-06-4.47549967577584e-06j),(-2.708088127308523e-06+3.1249653443304574e-06j),(2.017490079904378e-06+2.3843121409181708e-06j),(3.44468769223476e-06-4.342231738228565e-06j),(-2.762514715413963e-06+3.1463700343069592e-06j),(1.9259159490753442e-06+2.3971555044529535e-06j),(4.0269570229957337e-07-3.4758300706341675e-06j),(-3.064943659097514e-06+7.522126796179123e-07j),(1.7934388394969176e-06+4.631880217891913e-06j),(4.080926922546695e-07-6.5963182306883025e-06j),(-6.290932179860121e-06-1.5600442709139055e-06j),(4.328208455890392e-06+9.292080451574319e-06j),(3.866798966933659e-07-6.931371035847468e-06j),(-6.650959288174655e-06-1.763237651624867e-06j),(4.5996531142902944e-06+9.794638891185937e-06j),(-1.5355942402587885e-06+1.0187758848993005e-05j),(1.5977773811567353e-05-3.044005898421652e-06j),(-8.345647068738965e-06-2.1929666020844544e-05j),(1.826274139786969e-06+1.1573053350637057e-06j),(2.7028669638028446e-06-3.6339808864973534e-06j),(-2.973891291104043e-06-3.4392111734248038e-06j),(7.164218690880876e-06-3.435357319201972e-05j),(-1.3865566734218337e-06+1.0035675260191223e-05j),(1.4805773714779509e-05-3.224104533430134e-06j),(-7.755813678757675e-06-2.0283846525865067e-05j),(-3.4547902929848866e-06+5.954904120483834e-06j),(-3.826444079003026e-06+3.837328982535081e-06j),(3.422804441845026e-06-1.4810089654289884e-06j),(1.3058880102796852e-06-7.493875652177644e-06j),(-3.858620852869399e-06-2.758482509882804e-06j)
2,(5.58968602988593e-06-0.00017968922861999725j),(4.0658480563453847e-07+0.00011819389356855704j),(0.9999940037291658+6.14953350481724e-05j),(3.0927510561220394e-06-6.75056824393165e-05j),(-1.470462629582757e-06+8.481822673589091e-05j),(-1.4344911875366855e-06-1.7610999158453324e-05j),(0.00011367599591586445+8.502174798228485e-05j),(-2.835627223197732e-05+0.00017762595733801837j),(-3.6760999756627006e-05-0.0002777652219085407j),(0.00015039707093215138+0.00014213106574645715j),(-2.6553780929180207e-05-2.849110450190486e-05j),(-5.6493446239355786e-05-0.00012622481522630717j),(0.00016297151627959485+0.00010136179389303368j),(2.2979723887799412e-06+2.4276192515294663e-05j),(-0.0001419933835826868-2.4309029841821424e-05j),(-2.8773349583741136e-05-6.985055764439186e-05j),(-0.00013727734690215354-0.00017231786542423736j),(1.750814135153031e-05+7.977424440095837e-05j),(0.00011153348502426213+4.5386262991259726e-05j),(-1.3022310082994016e-05+2.1763455705184222e-05j),(1.8877379874478078e-05+3.6587892417613664e-06j),(-7.031697404073005e-06-1.7551958855164344e-05j),(-1.1007731857544902e-05+2.7929803176904528e-05j),(1.8321727549215003e-05+1.3645359844470338e-06j),(-9.084713929736716e-06-1.934764670903042e-05j),(-1.0960849993850016e-05+2.7968295564207346e-05j),(1.8299194942993496e-05+1.3367738010791025e-06j),(-9.095380510027872e-06-1.935303562888371e-05j),(-9.416814260211245e-06+2.87785218509121e-05j),(-8.506281207376252e-06+3.110324816019969e-05j),(1.7300944074555992e-05+4.697632136095719e-07j),(-8.906896339622826e-06-1.9271900795702603e-05j),(3.8569017121148117e-05+2.870727417872281e-05j),(-2.6906758137708922e-05-3.2634397315132176e-05j),(1.2221999779712446e-05-1.2276687383632248e-05j),(5.562695375537307e-06-9.619124184019266e-06j),(2.2821259537560033e-06-1.9930654061075354e-05j),(-4.471351049574958e-05-4.390299707732649e-05j),(4.0796462645376836e-05+2.721662461116811e-05j),(-2.511771193264842e-05-3.096831179222813e-05j),(1.344438210887435e-05-1.0697352600833645e-05j),(1.5191824552465903e-06-7.080685963838006e-05j),(3.0135972754001937e-05+3.786583926763414e-05j),(-1.0588645160900956e-05+3.413212241518319e-05j),(8.222647981780776e-07-7.183713717863146e-05j),(2.9945334042676057e-05+3.810130580237616e-05j),(-1.1023256144761452e-05+3.468149200894625e-05j),(8.15292546813111e-06-2.2017596632329956e-05j),(-1.777428454012428e-05-1.0547075400010602e-05j),(-1.8104351328222543e-06+4.2129352303588025e-05j),(7.897005841078573e-06-1.215176621338469e-05j),(-8.937212437322456e-06-9.256281847056975e-06j),(1.2129652911910708e-06+2.1212857029185808e-05j),(-1.6168429830072492e-06+3.2539956427698993e-06j),(8.886653334488703e-07-2.7477552576875874e-06j),(1.2056062185328528e-06-6.033129810637011e-06j),(-3.5121124762296244e-06+5.425233419102336e-06j),(1.9963598874408298e-06-1.9136656774683117e-06j),(1.3652733766995394e-06-7.085754015038084e-06j),(-1.8140527900838175e-06+3.763382711888545e-06j),(1.1955588237841582e-06-2.431370913839097e-06j),(1.1610620219593414e-06-7.058280952654351e-06j),(-5.672523510483306e-06+8.429451308288631e-06j),(3.3436424503587973e-06-1.6978175724768286e-07j),(1.490547142402538e-06-7.501159177720873e-06j),(-5.9549913288525425e-06+8.75177400190848e-06j),(3.3857948256946373e-06-2.0278174810476978e-08j),(1.4675945526222493e-06-7.541899844009489e-06j),(-5.721837917022248e-06+8.543990340646101e-06j),(3.454128400255658e-06-7.510619556967545e-08j),(1.5151188315217595e-06-7.509297081124494e-06j),(-2.761677297734201e-06+6.562366901787641e-06j),(2.6060122764133014e-06-3.482861500470858e-07j),(8.478806323769356e-07-1.1283234045113468e-05j),(-4.766789206299239e-06+1.3996855776129122e-05j),(5.775914763414702e-06+6.38421296574793e-06j),(5.141302051446394e-08-1.8417875239559285e-05j),(-4.950369497186808e-06+1.4822149992329776e-05j),(6.125074540956738e-06+7.054202811747299e-06j),(-2.82461389556542e-08-1.922824665079572e-05j),(8.152703899805735e-06-2.2035474514992584e-05j),(-1.7782149128971714e-05-1.0545120188308445e-05j),(-1.8160337086109369e-06+4.215675713550243e-05j),(-8.661357547735898e-07-4.2897231126022326e-06j),(-2.641046910715164e-06+1.9370586034831488e-06j),(4.070144299460691e-06+7.395864255854485e-06j),(-2.418238454460773e-05+9.772250626023963e-06j),(7.569409933822601e-06-2.1594787543129814e-05j),(-1.629833062338379e-05-9.165968229189136e-06j),(-1.965096858349852e-06+3.977647115755872e-05j),(9.514764317472876e-06-1.2684866541012737e-05j),(5.0404549457889026e-06+7.967191372157382e-07j),(-1.997910347515679e-06-2.315104754238688e-06j),(2.785255465760948e-07+6.414921891880444e-06j),(9.224446736640588e-06+5.7930201682291925e-06j)
3,(-3.692762832435748e-06+0.00011529841640498927j),(6.000117759083071e-07-4.779273396482339e-05j),(3.0927510561220394e-06-6.75056824393165e-05j),(0.9999972377799984-0.0001378603564194572j),(1.3294043059163643e-06-0.00012126247209654945j),(6.464683739326937e-07-0.00012732971593186119j),(-0.00010242136850712332-5.556027449848857e-05j),(2.5245663229876014e-05-5.017108810641291e-05j),(1.2433916026376249e-05+4.310172057948369e-05j),(-0.00013955895784544656-0.00012007449058343893j),(2.3246466776124674e-05+7.262813865104283e-05j),(1.2933437132573441e-05+4.10750537476984e-05j),(-0.00011999126623813254-9.537614984854699e-05j),(4.154754470357538e-06-1.9678977752532988e-06j),(7.668665585215412e-05+1.2620222571465e-06j),(3.703636852917033e-05+5.648045361458592e-05j),(8.978986207990909e-05+9.327455347393404e-05j),(-6.202298420593574e-06-1.9083797756084492e-05j),(-7.277375298706303e-05-6.356116133618509e-05j),(7.008236192500972e-06-8.44369702748286e-06j),(-1.290891936206171e-05-1.604067803715997e-05j),(-3.9071941563133997e-07+1.9099085344342387e-05j),(5.582061373865244e-06-1.1428795249680194e-05j),(-1.2693442672976385e-05-1.5589340933245647e-05j),(9.186441731962792e-07+2.1114796423522334e-05j),(5.554667092314919e-06-1.1445106124898303e-05j),(-1.268037241291906e-05-1.557105947966291e-05j),(9.337197009877954e-07+2.112758462844963e-05j),(4.706520341052042e-06-1.1691091800953687e-05j),(4.0767558737737485e-06-1.2994035095689089e-05j),(-1.2064317927933276e-05-1.4751847875119047e-05j),(1.2137191900546132e-06+2.1284672619022303e-05j),(-1.941218324951187e-05-3.532879538442267e-06j),(1.6024641199182794e-05+2.2713451545171863e-05j),(5.251059499854254e-06+2.045754509684319e-05j),(-3.753771301681053e-06+7.776349903001533e-06j),(-1.5644265113636828e-06+1.2660441215101287e-05j),(2.6281811353698427e-05+3.127814155208564e-05j),(-2.0612439783471394e-05-2.8749677794644567e-06j),(1.4990861181681778e-05+2.210868052649789e-05j),(4.961827103702611e-06+1.8955826402312722e-05j),(-9.728563628924715e-07+3.278550418708063e-05j),(-2.2676469412847363e-05-2.3808221731538884e-05j),(6.350313737994787e-06-3.771460867594866e-05j),(-5.74816591705889e-07+3.3218753367301546e-05j),(-2.254883806884222e-05-2.381839660134402e-05j),(6.5006903942609395e-06-3.8239971380849954e-05j),(-4.846273140513011e-06+1.1068677251608653e-05j),(6.727031519112678e-06+9.208886943368692e-06j),(6.055998149399008e-06-2.150910100956969e-05j),(-6.0419650454329576e-06+6.621294996515696e-06j),(2.2026392817589648e-06+7.572526365032649e-06j),(1.17820575205959e-06-9.778095987080582e-06j),(8.85589839280263e-08-1.0733553817690496e-06j),(-9.974277670881232e-07+1.9025586131573562e-06j),(-1.9379540208112386e-06+4.229562499510311e-06j),(1.4797697101409063e-06-2.572913947136936e-06j),(-1.1749088102931936e-06+5.873811065654321e-07j),(-1.958951936517732e-06+4.513456694326279e-06j),(2.392714458090024e-07-1.3072333643414926e-06j),(-1.0749843139847176e-06+1.716404605530533e-06j),(-2.0274196739878606e-06+4.755532180528295e-06j),(3.361866370171883e-06-4.79117972350719e-06j),(-1.1149725108427846e-06-1.590451856826806e-06j),(-1.6809679305884308e-06+4.201589693248711e-06j),(3.5906453216479857e-06-5.017199427789061e-06j),(-1.0717912823204232e-06-1.7667902801108701e-06j),(-1.6301969914886167e-06+4.174394338772622e-06j),(3.4182073172754868e-06-4.884271088775532e-06j),(-1.1313110187109938e-06-1.711612460526567e-06j),(-1.6792595332215768e-06+4.179195030232786e-06j),(1.1921871576679504e-06-2.78962577154281e-06j),(-1.196036652927571e-06+3.6279846890475495e-07j),(-2.1800350216910766e-06+6.74711233080301e-06j),(4.0137673119973535e-06-7.391625377563395e-06j),(-7.609949903796195e-07-4.392966211703278e-06j),(-1.7430023383294351e-06+9.271415147237194e-06j),(4.28976002846313e-06-7.903713434829184e-06j),(-7.282174535490762e-07-4.8781895762059565e-06j),(-1.711664690976714e-06+9.580201724193722e-06j),(-4.8442330039531404e-06+1.1076646898664438e-05j),(6.7306860254240054e-06+9.208403375951521e-06j),(6.063040741224255e-06-2.1526301173252055e-05j),(-1.435231665075514e-07+2.4798516626394675e-06j),(7.984886768102862e-07+1.1064598707767494e-08j),(-1.4740759664441663e-06-4.110939844648968e-06j),(1.664276367017762e-05+8.571474545778696e-06j),(-4.436997446619641e-06+1.0885409130574493e-05j),(6.074682686032966e-06+8.227493513490637e-06j),(5.848070277531828e-06-2.0514417836747312e-05j),(-7.299763990669858e-06+6.888492436728286e-06j),(-1.5755876493042455e-06-2.8745217266076907e-06j),(-3.154360789965347e-07+2.0840997831557023e-06j),(-1.0956287553977766e-06-1.7887334991129019e-06j),(-5.126489123218726e-06-3.4622270450531948e-06j)
4,(2.795936937986571e-06-7.828362628870053e-05j),(-1.3254743097484793e-06-6.534600448033324e-06j),(-1.470462629582757e-06+8.481822673589091e-05j),(1.3294043059163643e-06-0.00012126247209654945j),(0.9999980107879036-0.0001333336815911052j),(-1.245544834977563e-07-0.000131712997003499j),(3.208439043764632e-05-4.9244708573601206e-05j),(-6.257826273821687e-05-0.00015065992429784847j),(-1.5583806419933075e-05+0.0001489066581332239j),(3.42323358417828e-05+7.218444394465519e-05j),(-8.573967795084465e-05-0.00012971619013775321j),(-1.8204548054953895e-05+5.421668089896327e-05j),(1.86534524255712e-05+5.722277867881388e-05j),(-7.859486795755487e-06-2.362522038609912e-05j),(3.560555003452418e-05+1.082256882833673e-05j),(-3.121167399545465e-05-4.292818989740934e-05j),(1.8207759117531364e-05-5.294588388535072e-06j),(-4.750913973637711e-06-1.5849508045868386e-05j),(-7.112631210430482e-06+5.541017239960806e-05j),(-8.733958062238456e-08-3.3811584858631266e-06j),(1.5145758883112379e-06+1.2906917801864068e-05j),(5.663557421036805e-06-9.63258281944734e-06j),(-5.916000696012895e-07-3.549412306863399e-06j),(1.78421293296095e-06+1.3755386370501405e-05j),(5.938215287813901e-06-1.1038428033932203e-05j),(-6.010826137585525e-07-3.549798442931955e-06j),(1.7854067715055762e-06+1.3758122098308162e-05j),(5.931349073533945e-06-1.105461436504567e-05j),(-9.534125707499776e-07-3.5736761076152365e-06j),(-8.345346756220582e-07-3.331289134676229e-06j),(1.802349638182559e-06+1.3747147075023929e-05j),(5.548590591736127e-06-1.1450706080493671e-05j),(-1.4442532013302356e-05-6.039287446628902e-06j),(1.8301872034483652e-06+9.77816969520504e-06j),(-1.226744663435895e-05-2.0938300618451148e-05j),(4.2666790009083804e-07-1.2396938461750098e-06j),(-9.034963419721826e-07-1.6292267393827362e-06j),(4.122535060330807e-06+1.0657245954629557e-05j),(-1.474004208248571e-05-5.987680441818403e-06j),(1.490107317283594e-06+9.322853325549685e-06j),(-1.2972865914474198e-05-2.037212017120549e-05j),(4.812917492143336e-06+3.3582218546004364e-06j),(8.374530922407002e-07+1.336970627424296e-06j),(-5.686749135690484e-06+2.712564955438565e-05j),(5.034615439691945e-06+3.3591164270797415e-06j),(8.265466288231794e-07+9.690515518102148e-07j),(-5.606220718517309e-06+2.7500950757045014e-05j),(2.719752943311264e-06-2.4034097930424736e-06j),(4.726972954976452e-06-6.253967401657206e-06j),(-5.567667447771334e-06+1.4706174614948312e-06j),(-9.777263277117449e-08-8.941026877538387e-07j),(1.486502781126199e-06-3.2435335078116897e-06j),(-3.986021246252285e-06+4.6096133840508636e-07j),(-1.2131311176409236e-06+3.727419035772749e-07j),(-1.33560330498409e-06+4.6881781387648533e-07j),(-1.5575678854357853e-08-7.292114288025486e-07j),(-4.545455205679557e-07+1.8135956882944044e-07j),(-1.0570371155129382e-06+1.0814983828266127e-06j),(8.859743569995618e-07-1.1289526059514827e-06j),(-1.3130254032505666e-06+4.4566847874246337e-07j),(-1.451450804041662e-06+5.448424412997967e-07j),(9.55729969904412e-08-7.372756668584223e-07j),(7.705063182772058e-07-1.0643584747411956e-07j),(-3.8324413812423603e-07+1.7362504599400191e-06j),(2.2075292361366592e-06-1.6221712020349374e-06j),(9.085506927702667e-07-1.555083018320108e-07j),(-3.1093764134676557e-07+1.7662797243514103e-06j),(2.355006216265766e-06-1.6890432934546217e-06j),(8.152758504849983e-07-1.0710256834627151e-07j),(-3.546127837934874e-07+1.7835148728694426e-06j),(2.2555324819684715e-06-1.6323826491082668e-06j),(-1.5032417680283e-06+7.22847076920891e-07j),(-1.7211756345489524e-06+8.243894829018373e-07j),(8.482599417996794e-07-8.137551271859687e-07j),(-9.691215463325428e-07+1.023319240640652e-06j),(-1.3652138142464559e-06+1.0906499591817799e-06j),(3.2733641798803794e-06-1.10882473632976e-06j),(-9.278049485886265e-07+1.068448178523213e-06j),(-1.3464346150997881e-06+1.13585481698952e-06j),(3.524123977442121e-06-1.1506304878796045e-06j),(2.7236427123074382e-06-2.404738294033249e-06j),(4.73092497947078e-06-6.257180532678287e-06j),(-5.569943328686493e-06+1.4743572946423247e-06j),(9.582712590049041e-07-1.082937616265989e-06j),(8.756719839789486e-07-1.9219961196718453e-06j),(-2.3838128772049057e-07+3.972455814392114e-07j),(-2.6213768577567733e-06-1.9415102814169985e-05j),(2.6364607875958667e-06-2.266673486927531e-06j),(4.424844782198661e-06-5.873761841508902e-06j),(-5.28083203684488e-06+1.6506088994628121e-06j),(-3.911491178218729e-07-7.663419023411107e-07j),(-2.0998705239404567e-07+2.3976387740107658e-06j),(1.3168270173854935e-06-2.2306341908929015e-06j),(7.100167109199834e-07-3.0161861868983683e-06j),(9.719520769365122e-07+8.72926378110946e-09j)
5,(8.704508529710452e-07-3.702549277054002e-05j),(5.640403362089804e-07+5.46364919289981e-05j),(-1.4344911875366855e-06-1.7610999158453324e-05j),(6.464683739326937e-07-0.00012732971593186119j),(-1.245544834977563e-07-0.000131712997003499j),(0.9999986647918824-0.00012678039537808956j),(2.5287002195741558e-05+4.037512688458211e-05j),(-6.089403105689283e-06+0.0001414299454404766j),(-2.8936628529985635e-05-0.0002607092503514836j),(3.027318282288394e-05+3.9120559836964565e-05j),(-7.129166334395212e-06+4.896981580570265e-05j),(-4.9981403014861834e-05-0.0001088051792528856j),(6.493685050842884e-05+2.0394870407933068e-05j),(6.594422722469159e-06+2.5043564052056077e-05j),(-8.451002182912617e-05-2.691000109539611e-05j),(4.589222002455417e-06-2.247148306688591e-05j),(-6.534511279684606e-05-0.0001026820751438288j),(1.3380853308035277e-05+7.149440053898939e-05j),(5.350797331012136e-05-1.183370492753623e-05j),(-7.88041068108186e-06+1.627590296699334e-05j),(8.51859997168804e-06-1.1809532361022361e-05j),(-8.268070870653934e-06-8.809625595550081e-07j),(-7.045567311332489e-06+2.0300615738260257e-05j),(8.113092712174159e-06-1.3962286512887523e-05j),(-9.278316510956536e-06-9.076610176488697e-07j),(-7.019856414767776e-06+2.0328120031673022e-05j),(8.100727805978542e-06-1.3975570579105001e-05j),(-9.27528375453396e-06-9.009676659737544e-07j),(-6.117026377966175e-06+2.1004671366589036e-05j),(-5.72535250280808e-06+2.2345955400163737e-05j),(7.587958023424392e-06-1.414365644608497e-05j),(-8.78121381776985e-06-6.498320475334436e-07j),(2.4250603113523e-05+2.9089970655587993e-05j),(-1.440155574707947e-05-1.4441081729521196e-05j),(1.9146021054147157e-05+6.535695497593224e-06j),(2.597352899913139e-06-3.175877526109001e-06j),(1.1108743953804226e-06-1.002471794228404e-05j),(-2.4312749754488143e-05-1.8721961503155468e-05j),(2.5586257246518245e-05+2.805613271567204e-05j),(-1.3411760911809034e-05-1.3151065430355319e-05j),(2.0236220236516836e-05+6.833521359660014e-06j),(1.0688129674698856e-06-4.770995023633099e-05j),(1.1387118919241402e-05+1.924490523712226e-05j),(-5.789003284388216e-06+1.1032460577893894e-06j),(6.8003340792746e-07-4.8447966834139095e-05j),(1.1297001473635125e-05+1.9503103666583055e-05j),(-6.13354785347547e-06+1.2023268669953638e-06j),(4.4973679932417065e-06-1.3988919608659376e-05j),(-1.344728780874767e-05-2.8288910425735815e-06j),(3.855989351926041e-06+2.6436343069656385e-05j),(2.9650578922235997e-06-7.199914110099277e-06j),(-7.932633055698223e-06-2.9702197857555043e-06j),(2.4797768217648704e-06+1.4373653650826204e-05j),(-1.766127660466985e-06+2.632603395344098e-06j),(2.1476377088721504e-08-1.2129881024355396e-06j),(-5.495547343139377e-07-2.6273019122983025e-06j),(-2.534159714170673e-06+3.596359305674894e-06j),(1.1017960803529484e-06-1.5793352177965303e-06j),(-3.836127058845148e-07-3.5452638014696756e-06j),(-1.8412455820701324e-06+2.978781338633946e-06j),(2.9194517812952033e-07-1.0385838403410971e-06j),(-6.861753474112785e-07-3.2679985851381677e-06j),(-3.1142049783701134e-06+4.785438883418466e-06j),(2.689725194613707e-06-1.7760869221719727e-06j),(4.107075865038952e-08-4.3371399817220495e-06j),(-3.2071550415369785e-06+4.92487696731416e-06j),(2.780588308050947e-06-1.7827620970432776e-06j),(6.623558207379436e-08-4.4115867147549004e-06j),(-3.1141810914220095e-06+4.82231194150729e-06j),(2.7987479089589693e-06-1.7896078565378425e-06j),(7.083177111215942e-08-4.369029433295438e-06j),(-1.9738613172271107e-06+4.681188113769293e-06j),(1.768863759195516e-06-2.1711006356684353e-08j),(-1.1798501185978338e-06-6.086904508523435e-06j),(-1.4518392431768634e-06+8.531231145655368e-06j),(5.789855286314617e-06+2.8755809657459814e-06j),(-1.6207287031366184e-06-1.169462733352411e-05j),(-1.3868317237575003e-06+8.957543976731264e-06j),(6.217830557346985e-06+3.152115394647641e-06j),(-1.6769168627246805e-06-1.2309338393192941e-05j),(4.499240190394111e-06-1.4001300010719254e-05j),(-1.3452582840541203e-05-2.8271852581225592e-06j),(3.856583393052652e-06+2.645031213301529e-05j),(-1.117515188145089e-06-2.4040200541291364e-06j),(-2.2100695633217434e-06+2.206083565676367e-06j),(3.1335368940774543e-06+4.320971531863021e-06j),(-1.0869919703580489e-05+1.9709210796156498e-05j),(4.243190797103773e-06-1.3689473533462293e-05j),(-1.2427059135778652e-05-2.2372867237287744e-06j),(3.4802332015481317e-06+2.4752502794068356e-05j),(3.544777107692688e-06-7.537400428592505e-06j),(4.154962528110727e-06-1.9600060831559396e-06j),(-2.5843652909319644e-06-5.504570946998095e-07j),(-8.001010889977462e-07+5.508499061338066e-06j),(5.351765365529243e-06+3.1640069495045566e-06j)
6,(-0.00011998237945711772-1.4576047315160122e-06j),(6.306383561536008e-06-8.356414322858638e-05j),(0.00011367599591586445+8.502174798228485e-05j),(-0.00010242136850712332-5.556027449848857e-05j),(3.208439043764632e-05-4.9244708573601206e-05j),(2.5287002195741558e-05+4.037512688458211e-05j),(0.9868399987590166-0.009476138814067331j),(-0.004169403081964482-0.009106090609848839j),(-0.0035373990155748323-0.0020855340889565713j),(-0.01784632078066587-0.006819808043820942j),(-0.005327573148014069+0.004593089593475328j),(-0.004526346265907675+0.0034072946593621967j),(-0.013033338653824271-0.007199245269444439j),(0.0005350556142917898-0.0003783904124864297j),(0.008271526536040033-0.0021192109476254424j),(0.0035610240752985503+0.0026919268174515412j),(0.010876004257643295+0.004276001558115503j),(0.0004452049455226379+0.0018961724324906282j),(-0.008625149467318316-0.005411768717152j),(0.0004964415909697992-0.0002408987280978893j),(-0.0016053069683287238-0.0024128543873225376j),(-2.1283865722575204e-05+0.0022399400400038164j),(0.00029085198148586763-0.0003537898864171625j),(-0.0015966577076893867-0.00245675128844086j),(0.0001521688738052437+0.0024186644064116926j),(0.0002878580483332504-0.000353644825342577j),(-0.001595266797971758-0.0024547306841484866j),(0.00015442408322538688+0.0024195208856703596j),(0.0002017979139835706-0.00032405170610414835j),(0.00014567290597533155-0.0003882831449583202j),(-0.0015212580406158576-0.0023381520030524086j),(0.00021050900506789684+0.0024202448556796922j),(-0.0020456952582873634+0.001824140447985438j),(0.0020026493868612505+0.0033308234228394233j),(0.0016643658454979157+0.0016823042962187118j),(-0.0002451691154557714+0.0009230024182705842j),(-0.00018246254123734595+0.0010684120679658087j),(0.003173935542512251+0.004367727921902759j),(-0.002157042357305713+0.0018513464185635439j),(0.0018897596427498182+0.003316647032733218j),(0.0016280050595331554+0.001512636609554894j),(0.00029589873369469306+0.001282508869533649j),(-0.0028313851873864636-0.0017613113642024275j),(-0.00039381031317388415-0.0034520958336690466j),(0.0003439788179423959+0.0012796695676020793j),(-0.0028219617648937573-0.001776983416764649j),(-0.00039590111721649285-0.0034919100793407406j),(-0.00019141750568462475+0.00028100932664106904j),(0.0003847142996290563+0.0006752214473069312j),(0.0008795528888350968-0.0011145449821299543j),(-0.0007571165990220188+0.0004427184330618337j),(-0.00016741268333169505+0.000754119380107528j),(0.00010118601709737318-0.00025101686990225186j),(-0.0002368539078707319+0.000164717333410103j),(-0.0002696412557870064+0.00030713250582201654j),(-0.00034630114135795846+0.0004544467263103172j),(-1.8755693740836576e-05-5.199273987649449e-05j),(-0.00019747055682604523+8.782916149680463e-05j),(-0.0002641359964113991+0.0003537353580791325j),(-0.0002255100295753546+0.00016502612440216877j),(-0.0002682986829369613+0.00029843793598428414j),(-0.00036370150406242843+0.0004850058485205488j),(0.0003318505912627796-0.00040477123843104634j),(-1.453079312106127e-05-0.0002820333581959399j),(-7.88767000611476e-05+0.00013299879454015335j),(0.00037194134662732914-0.00044147774250478944j),(4.70314710938488e-06-0.0003139679157421471j),(-5.672564463194943e-05+0.00010974450357016034j),(0.00034433001434581827-0.00041945844785053134j),(-6.445527695687613e-06-0.0003015149087404189j),(-7.239357244292737e-05+0.0001235002379900319j),(-9.127420948428644e-05+8.554565124108479e-05j),(-0.0001831510922423303+0.00017118609944517696j),(-0.0003717277477742527+0.0005469691680978029j),(0.00046157951727551717-0.000392641782298077j),(0.0002534539398317163-0.00043604875202798163j),(-0.00015686537677753827+0.0003633673709588334j),(0.0005157065354735015-0.0004436816247751984j),(0.0002959139316896404-0.0004976995024972748j),(-0.00013777008775321298+0.0003486081447659554j),(-0.00019059614891839282+0.00028088315765784793j),(0.0003851879946698861+0.0006749137824307657j),(0.0008805146416621601-0.0011159011569309492j),(-4.4567323974697135e-05+9.048042167169419e-05j),(2.141905988736249e-05+2.4189091845680646e-05j),(1.913244069902967e-05-0.00027273895396991545j),(0.0017452512509608946+0.001210257367023339j),(-0.00015002343539929355+0.00028873426939587227j),(0.00033620682415559335+0.0006046526647836793j),(0.0008308691167399792-0.0010796576044699207j),(-0.0009422964026804855+0.0004946467346243419j),(4.120315498864518e-05-0.00047271106015556386j),(-0.00017054914691231332+0.00010985085635743077j),(-0.00018067734504611564-5.826700707310374e-05j),(-0.00028393440815528904-0.0002926063138865875j)
7,(7.867647786716544e-05+8.828125223357892e-05j),(-5.032020568650679e-05-0.0002659072096057565j),(-2.835627223197732e-05+0.00017762595733801837j),(2.5245663229876014e-05-5.017108810641291e-05j),(-6.257826273821687e-05-0.00015065992429784847j),(-6.089403105689283e-06+0.0001414299454404766j),(-0.004169403081964482-0.009106090609848839j),(0.9895616265599335-0.016428125407343282j),(-0.004873045441198495+0.005841745275421145j),(-0.005400382755580656+0.004678552905278058j),(-0.01351341246212294-0.008713465939427751j),(-0.006399398958540886+0.005441939968694114j),(-0.0031671074672623123+0.002723001856953809j),(-0.00046667644834128593-0.002052872730291609j),(0.005895841710972922-0.0011379087773320143j),(-0.0015344285835657654-0.0037686929662437j),(0.005905424008681524-0.0017233652372578429j),(0.00048675489858357923+0.0017758147449422335j),(-0.00391084545898491+0.0025784128771218083j),(6.245502507204524e-05+5.839307161945267e-05j),(-0.0005384279157100305-0.00041545181972533866j),(0.0003262970291143851+0.00023712880301792697j),(-7.345788586270033e-05+0.00011655268456847072j),(-0.0005221091024928055-0.00042156229216724905j),(0.00042063515072972117+0.00018446789735029542j),(-7.52806030049107e-05+0.00011759167628970285j),(-0.0005215293352892902-0.0004204973297057303j),(0.0004212618577397421+0.00018338599487870318j),(-0.00013064335860378496+0.00015721472919247867j),(-0.00013150364284967528+0.00019009436864585172j),(-0.0004893451074683792-0.00035778223067592374j),(0.0004274347700415327+0.00014747878768507552j),(-0.00183821924621863+0.0014859759179919824j),(0.0010426516358111614+0.002571861668136468j),(0.00020636840327641504-0.001136545038569553j),(-4.8944004466817525e-06+0.0002969492441502954j),(-0.00019674550714660185+0.00012424040825851235j),(0.0016835045858805244+0.0031328679886101843j),(-0.0018960599451824938+0.00147246578527942j),(0.0009731877041831566+0.002558845955989602j),(0.00014385318379903176-0.0011633267432175284j),(0.000581743362465591-0.0005450654752393461j),(-0.0011695626970506115-0.00021370599439989656j),(-0.0009515789554768782+0.0010672139401161265j),(0.000618036067348245-0.0005734533614913766j),(-0.001170622673358079-0.0002548242407811512j),(-0.0009534048477209694+0.0010894256215575786j),(0.00025864331412379525-0.0006167269182804479j),(0.00025136326972922696-0.0003718400346130978j),(0.00014761814267716495+0.00039679163136431637j),(-0.00039118894704400897-6.767890788574905e-05j),(-0.0002218448261495726+2.424543574668916e-05j),(-0.00022853866523837364+0.00041087681704031346j),(-0.00031387454127992383+0.00025819788271183846j),(-0.00029949465533084116+0.00021582857718967056j),(-0.0002307111614926164+0.00011710481265054932j),(-0.00013016614623632703+0.00012965452449491494j),(-0.0001931227384363245+0.00012927034913901968j),(-8.776676372066207e-05-3.0596968731644737e-05j),(-0.00031830755118968676+0.00027916227057817413j),(-0.0003010714246621591+0.00022459187819965113j),(-0.00023568481032918957+0.00011295432560793988j),(0.00018628430632429118-9.321349410995573e-05j),(3.6377598021909764e-05-4.710681125266348e-05j),(0.00016768264940415187-0.000264990147070618j),(0.0002213462673454545-0.00011803909356290017j),(5.8062216137043864e-05-6.492609420387851e-05j),(0.00019633407189278878-0.0002910953508793969j),(0.00019835944091266906-0.00010166468012233742j),(4.773823835489337e-05-5.510613122877849e-05j),(0.0001772995595676448-0.0002737092359822488j),(-0.0002553879233052935+0.0003180163473672315j),(-0.00022666818818535688+0.00020582884497392473j),(-0.00018668674647848743+4.137247817739484e-05j),(0.00015723564477610128+0.00016927420157123612j),(0.0002060787641083161-6.887594645745682e-05j),(0.00015769909759191051-0.0003199583385264575j),(0.00019712356714503108+0.00015563856341684556j),(0.0002477139443855744-9.523211819530337e-05j),(0.00019095756349526811-0.0003570642956650756j),(0.00025955123863991296-0.0006174457233152585j),(0.0002518736254155264-0.00037234674507364684j),(0.00014801552294803374+0.0003968534280627211j),(2.297855344066712e-05-0.000149036267251273j),(2.987807024620393e-05-0.00012039472467907371j),(0.00010766436872586797+1.3960611032172703e-05j),(0.00036139713248782546-0.0007367228649247382j),(0.0002685351411817278-0.0005860685140971498j),(0.00022737280777566753-0.00035259830569514647j),(0.00013167687416558847+0.0003811713126267331j),(-0.0005135508431557445-2.7805223471000923e-05j),(0.00013675204029126346-0.00010544166695377965j),(-6.260943799121176e-05-0.00019226580848765264j),(-5.707979085287485e-05-0.00017671206939124103j),(0.00012628130002030125-9.140878744584613e-05j)
8,(2.5110590792191456e-05-9.746698161292559e-05j),(1.165040897438799e-05+0.0003752322035146422j),(-3.6760999756627006e-05-0.0002777652219085407j),(1.2433916026376249e-05+4.310172057948369e-05j),(-1.5583806419933075e-05+0.0001489066581332239j),(-2.8936628529985635e-05-0.0002607092503514836j),(-0.0035373990155748323-0.0020855340889565713j),(-0.004873045441198495+0.005841745275421145j),(0.992497681377088-0.024541288346629334j),(-0.004683629828263619+0.003471093986155683j),(-0.006518862537847904+0.005518079125369987j),(-0.009370716493605156-0.009078640850357825j),(0.001251772798211868+0.00024086436978237522j),(0.0008855417923409354+0.0018447279716750165j),(-0.004446030833380198-0.0037199281204120236j),(0.0011330317261718807-0.0025549672839286306j),(-0.0018466275370021636-0.009748158781768317j),(0.002297622935956792+0.008681951286177849j),(0.0012057841757559615-0.0025697219778825294j),(-0.0005295148517408416+0.001704041417976152j),(1.6503162644901197e-05-0.002268751979947219j),(-0.0007368875822077632+0.0008420634772163147j),(-0.0005302911890041776+0.002108981537942828j),(-3.4224939877815566e-05-0.0025124352337254604j),(-0.0007498640404527553+0.0008900327380937626j),(-0.0005289864962860031+0.0021121839238469734j),(-3.487794732311318e-05-0.0025127441752653412j),(-0.0007484928933942738+0.000890652841334473j),(-0.00047502552845449665+0.002203154317053617j),(-0.000445870491494809+0.002330539809946279j),(-4.985294481749331e-05-0.0024680603846794864j),(-0.0006729959849726401+0.0009021852011148451j),(0.0015454678005114497+0.004103986326725085j),(-0.00045418063097594835+0.00048301462952802555j),(0.002747809281720411+0.000794048691766973j),(0.00018852556531925854+7.210666400972324e-05j),(-5.083964230175099e-05-0.0006406471360751679j),(-0.0008800396214544799+0.0006045101333776665j),(0.0016224267736802164+0.003994049877677116j),(-0.00040311906806352353+0.0006076249810864163j),(0.0028291233519114867+0.0007506368848851884j),(8.680434467388926e-05-0.0047914010424411554j),(-8.705727575004062e-05+0.0013370846517460203j),(-0.0010768911642427357-0.0007447094334501036j),(6.824952430653703e-05-0.004878263155757534j),(-9.304245697050093e-05+0.0013471136295818672j),(-0.0011142549180061957-0.0007394388866887565j),(0.00037964187272394975-0.001605462500489671j),(-0.001227729332208504-8.525468744823451e-05j),(0.0009430346882558226+0.002477041863706778j),(-0.00012109826614734303-0.0006222306266088023j),(-0.00097468069473099+3.083627406650979e-05j),(0.00033518245671464793+0.001546698842375985j),(-0.00034040038824849296+0.0004421525684372141j),(-0.00018233322391354235+6.0284542630945894e-05j),(-0.00025974208079690604-6.252487287517535e-05j),(-0.0002882260123214362+0.00042381938289254496j),(-1.8505436361676884e-05-9.600764619563038e-05j),(-0.0001812471714806109-0.00024749389171896754j),(-0.0003426684336297289+0.00048582419241501593j),(-0.00015233953411874856+7.637621677631886e-05j),(-0.0002859651615054998-0.00011935301667076307j),(-0.00013153129146632227+0.0003444029151305843j),(0.0002723723224429213-0.00032482440560981953j),(-7.680750463254888e-06-0.0004954063661834643j),(-0.00011666054007235846+0.0003374238675512551j),(0.0002944050505226548-0.0003440502234504123j),(1.0037462025866444e-05-0.0005209524257328087j),(-0.00012361146591869916+0.00033990090195335507j),(0.0002896111118648911-0.00033695575736233463j),(9.932256356777534e-08-0.000505447415606294j),(-0.0002779144501246857+0.0006465111911190912j),(6.184148865774654e-05+0.00011849560831413402j),(-0.0003464963291074626-0.0004156348547775942j),(0.00011582669631838275+0.0008129074450135799j),(0.0007786028489241606+7.514271220836574e-05j),(-0.0002628968915116743-0.0011968728044853116j),(0.00015597781321292722+0.0008331069740906765j),(0.0008520200480193996+6.928947693997611e-05j),(-0.0002573713775871072-0.00127955560915209j),(0.0003803081029680028-0.0016070914191233777j),(-0.0012279736436327682-8.532255036915095e-05j),(0.0009436379040769536+0.0024780199218911265j),(-0.00014665206804102972-0.0002591107312467587j),(-0.00020505691318236882+0.00022148797275846653j),(0.0003969639174179241+0.0003401288148826093j),(-0.0002664623486471967+0.002354757844783157j),(0.00037377340158965724-0.001560687180913286j),(-0.0011412046841131626-4.8058209993973294e-05j),(0.0008693848763948128+0.002309973222998017j),(-0.00016416523965779271-0.0006249138998679193j),(0.000471673796396424-0.0004451385985707445j),(-0.000361779876575619-5.259693137128123e-05j),(-0.00013505209169230946+0.0005220402992181854j),(0.0005173954415835488+0.0001690296113698662j)
9,(-0.00015386963814768883-0.00017551121433913587j),(3.4725672396678235e-06+3.3380148629919904e-05j),(0.00015039707093215138+0.00014213106574645715j),(-0.00013955895784544656-0.00012007449058343893j),(3.42323358417828e-05+7.218444394465519e-05j),(3.027318282288394e-05+3.9120559836964565e-05j),(-0.01784632078066587-0.006819808043820942j),(-0.005400382755580656+0.004678552905278058j),(-0.004683629828263619+0.003471093986155683j),(0.9751867083273711-0.01401746380972302j),(-0.007574937644458076-0.0062241035703769175j),(-0.006153179957871532-2.8763414928886614e-05j),(-0.020203384491903367-0.011857411095295041j),(0.0008836900315803862+7.548539182210268e-05j),(0.011705916903511608-0.003327566470202067j),(0.005300033368317657+0.0041003227015094235j),(0.01575760220774809+0.006928069302616871j),(0.0007745341927349711+0.0024298117295367683j),(-0.012321865458712354-0.008404639604134352j),(0.0007719320130000675-0.00035295334526972127j),(-0.0024059425626881785-0.0035724574409655638j),(-0.0001317097463588283+0.0034577458139453746j),(0.0004809941778518772-0.0005346544506352794j),(-0.0023991593418612586-0.003631007188351394j),(0.00011238314995195599+0.0037375460460374425j),(0.000476653565948706-0.0005345203550319744j),(-0.0023971725645197946-0.0036279077510755573j),(0.00011564238552635954+0.0037390470391592857j),(0.00035247927575610615-0.0004907039628128632j),(0.0002667474945618828-0.0005994895953451871j),(-0.002289422600907341-0.0034520726231453084j),(0.00019865907093410528+0.0037484277912022655j),(-0.002788589737505599+0.002863071182102164j),(0.002948313459207093+0.005081891634669896j),(0.0024940881126433714+0.002989840083015727j),(-0.0004080461215914841+0.0015094434917892554j),(-0.00029020211205061947+0.0017877036749076698j),(0.004653404635742481+0.006619950566868385j),(-0.002953734769723315+0.002912068866964195j),(0.0027856345089123996+0.005063199700416481j),(0.002448550260172543+0.0027326686782046493j),(0.00021050124470994728+0.002148216756735631j),(-0.004227597427703869-0.002613051979245301j),(-0.0004921793231562472-0.005574006108784612j),(0.00027695037352296796+0.00214424515183968j),(-0.004213440524651626-0.0026374678545054986j),(-0.0004949442571192319-0.005643247311363474j),(-0.0003382537025052172+0.0005436931027314649j),(0.0005626731367922613+0.0010799985945543784j),(0.0013307193628833002-0.0018359915383825527j),(-0.0010828480665106778+0.0006881499778652769j),(-0.00020205569583813557+0.0011364115590626377j),(0.00020399955309396086-0.0004892977957261142j),(-0.0003020101070852912+0.00019603641667817592j),(-0.00035785309574325864+0.0004265884362834819j),(-0.000488661564526829+0.0006784432181859188j),(-2.489410603841783e-06-0.0001173349443971271j),(-0.0002699515398248296+0.0001049668557407484j),(-0.0003918997116469455+0.0005497388902971357j),(-0.0002838368741018291+0.00019308486035426282j),(-0.00035575812622339086+0.00041236836147873733j),(-0.0005143772770427057+0.0007277883750013324j),(0.00047523152716623683-0.0006223837060658865j),(-3.583340727730385e-05-0.0004309636022295078j),(-0.00015841659329328533+0.0002527121184315508j),(0.0005301151309651256-0.0006746894093736105j),(-1.0657587913415206e-05-0.0004768517847701969j),(-0.00013008440230179616+0.00022164485069526988j),(0.0004920571913979432-0.0006435089984524866j),(-2.5755858340644817e-05-0.00045936909681350616j),(-0.0001503915592655609+0.0002397084550774145j),(-9.002882068783584e-05+6.640266484946748e-05j),(-0.0002403497180553378+0.0002242921751095168j),(-0.0005355650598521025+0.0008441573195736708j),(0.0006797504834973089-0.0006322938649695876j),(0.0003453785837548758-0.0006468877272062428j),(-0.00026969864458434826+0.0006477409253408033j),(0.0007553063275748124-0.000707135319070777j),(0.0004024853931854125-0.0007353935815003468j),(-0.00024645915917723463+0.0006341798090788654j),(-0.00033717749630070174+0.0005436451388296172j),(0.00056330262088244+0.0010796174780960816j),(0.0013321184924696438-0.0018381164992245327j),(-7.06105398663087e-05+0.00015459988069961702j),(2.9076726502730646e-05+4.44073913529228e-05j),(1.0677571516743144e-05-0.00043986477355093087j),(0.0025833037092018495+0.0018084826046260534j),(-0.00027798558737160883+0.0005509548404368184j),(0.0004908652020313928+0.0009702674059147189j),(0.0012583569015126592-0.0017771085665028818j),(-0.0013436180286355496+0.0007611715470780015j),(2.8776056424661293e-05-0.0007116868155672329j),(-0.00025212902287069706+0.0001707991272144074j),(-0.00027129777614753604-9.148222545130716e-05j),(-0.00046308473538221465-0.000468923934040171j)
10,(9.683435413530408e-05+0.00018159234956203574j),(-7.02805732674355e-05-0.00015310124510359792j),(-2.6553780929180207e-05-2.849110450190486e-05j),(2.3246466776124674e-05+7.262813865104283e-05j),(-8.573967795084465e-05-0.00012971619013775321j),(-7.129166334395212e-06+4.896981580570265e-05j),(-0.005327573148014069+0.004593089593475328j),(-0.01351341246212294-0.008713465939427751j),(-0.006518862537847904+0.005518079125369987j),(-0.007574937644458076-0.0062241035703769175j),(0.9812284788521184-0.02183821008262783j),(-0.008687472047312928+0.00923127890232122j),(-0.0041330596349874685+0.00422350753845889j),(-0.001596013765331842-0.00393150153358926j),(0.008121815166329241-0.0012445986602158368j),(-0.002533499585562381-0.005768498636821698j),(0.008275556338381979-0.0021123239062902296j),(0.0007196042281967724+0.0021727650882539737j),(-0.00501490746036906+0.004065206128604591j),(6.406341568653028e-05+0.00010512614085744386j),(-0.0006941605179517441-0.000363655736201781j),(0.00044288067915735415+0.00023558028512481958j),(-0.0001250351756349813+0.00018428917134828j),(-0.0006689270346133583-0.0003562681390054095j),(0.0005678690189093211+0.000153165074280405j),(-0.00012755195353990844+0.0001857441734648621j),(-0.0006681169430815198-0.00035463248048601265j),(0.0005686457446313436+0.00015167303812490575j),(-0.00020361565087658557+0.00024227451146054298j),(-0.00020743704604179309+0.000284096106242508j),(-0.0006237021380455674-0.00026307426374553786j),(0.000574763277128144+0.00010506449314670249j),(-0.0025646057771544044+0.0021860561675338406j),(0.0014436705480107086+0.003937294911503393j),(0.000167381098358654-0.0014763813558031271j),(-3.7788519998270325e-05+0.0004667395757721282j),(-0.0002994372578278005+0.00024210986030516208j),(0.002323197019845868+0.00473965411397752j),(-0.002645331452207424+0.00216813263119099j),(0.0013467676859189358+0.003916337708002874j),(7.732357179804101e-05-0.0015041463336764645j),(0.0007232488256471658-0.0007437103657408082j),(-0.0016083948630702754-0.0002013125181303976j),(-0.001420359656379493+0.001674238759075724j),(0.0007728771269669226-0.0007864294632899923j),(-0.00161086370104157-0.00026653461828829325j),(-0.0014227553870323941+0.0017043838556556612j),(0.0003826875998711445-0.0009351295686875756j),(0.0003587596746964794-0.0006025509713805002j),(0.00015362605200272954+0.0006287145743118423j),(-0.0005070597039596957-0.00015402228003144635j),(-0.00028813671439362155-3.189170915575965e-05j),(-0.00033042398663290715+0.0005976518631038197j),(-0.00042874206660596816+0.00035547189862925087j),(-0.0004074577784398952+0.00028708100180404434j),(-0.000303030555875086+0.0001385411184369927j),(-0.00018198584431480548+0.00018359489689449642j),(-0.0002638978345064606+0.00017541061929562192j),(-0.00010708780256786594-7.03578053645878e-05j),(-0.00043571566254591617+0.00038683382567482327j),(-0.00041021652436705946+0.0003010862119771521j),(-0.00030871017773945436+0.00013140910593121722j),(0.0002442795256304626-0.0001154750750569295j),(4.626498066126716e-05-5.6358276062039336e-05j),(0.00024126292895426394-0.0003968981281285426j),(0.00029149386266719005-0.00014893088817385046j),(7.554693718657017e-05-8.006334390853892e-05j),(0.0002802997302518111-0.00043333946972977594j),(0.0002605622370903367-0.00012674135431746354j),(6.163491146340256e-05-6.672452171263511e-05j),(0.0002543831792617233-0.0004089591702511547j),(-0.00035503780650847014+0.0004536642959034108j),(-0.00031247460145338745+0.00028611170756776623j),(-0.00023765649531603546+2.818371403185099e-05j),(0.00019376985236805233+0.0002848352732686915j),(0.000266856705422266-6.067864650527899e-05j),(0.00023818420208521196-0.00047083114080033624j),(0.0002468501567621143+0.0002702089646942679j),(0.0003225879036710041-9.338167929824701e-05j),(0.0002843367737700166-0.0005220484781169842j),(0.0003839215480152798-0.0009361417324681293j),(0.00035945482953669817-0.0006032642508513367j),(0.00015411995353996826+0.0006288812986369637j),(3.604957626282673e-05-0.0002335276192844517j),(4.344546883692134e-05-0.00019159980520160855j),(0.0001564403344429506+2.5251459423929787e-05j),(0.0003951710329677693-0.0012638734663363883j),(0.00039359417208723285-0.0008875944900303663j),(0.00032510705761629367-0.0005690240488311175j),(0.00013360462713190454+0.0006037899577644133j),(-0.0006705061695976313-0.00010346203391186455j),(0.000182348227572034-0.00012931427248779698j),(-8.173997686671584e-05-0.0003152811776358311j),(-7.530697776395326e-05-0.00028829086347820915j),(0.00020193963680850054-0.00014540716918343464j)
11,(2.723895140541847e-05-8.219520336701552e-06j),(2.9254494849808674e-05+0.00013444433555572364j),(-5.6493446239355786e-05-0.00012622481522630717j),(1.2933437132573441e-05+4.10750537476984e-05j),(-1.8204548054953895e-05+5.421668089896327e-05j),(-4.9981403014861834e-05-0.0001088051792528856j),(-0.004526346265907675+0.0034072946593621967j),(-0.006399398958540886+0.005441939968694114j),(-0.009370716493605156-0.009078640850357825j),(-0.006153179957871532-2.8763414928886614e-05j),(-0.008687472047312928+0.00923127890232122j),(0.9864750544905608-0.0302723539379438j),(0.0021756025293374337-0.00014805429802260128j),(0.001309746136208219+0.002784175536371043j),(-0.007962165598940718-0.00621521977583457j),(0.0016171774945127337-0.0031877018832066357j),(-0.0034150954222306592-0.014595715369382908j),(0.003533829740421569+0.012852122391469652j),(0.002307241073049791-0.004264213818712688j),(-0.0008658676475453994+0.0027619666037798918j),(0.00010425900810059462-0.0033420816793717353j),(-0.0011340035422057481+0.001244076876865805j),(-0.0008562018985035186+0.00338646786355439j),(2.4492573131694104e-05-0.003706546502715626j),(-0.001164570990744861+0.001325277313476897j),(-0.0008539791770242501+0.0033912477395817006j),(2.3422636921713227e-05-0.0037070164160530293j),(-0.0011625792801546542+0.001326472999289157j),(-0.00076357255901981+0.003525344918362718j),(-0.0007260844592502051+0.0037193146049510767j),(-3.1943047006832877e-06-0.0036418776931679475j),(-0.0010494910257740568+0.0013536308206333748j),(0.002632611030673314+0.006221945347061952j),(-0.0007915061636290847+0.000654476160446088j),(0.004134746305023959+0.001547866416186634j),(0.0002652458456355635+0.00010246219062419286j),(-5.8598092230732095e-05-0.000983359074189033j),(-0.0015136811746675662+0.0007930208022135085j),(0.002760328553583782+0.006045673699189668j),(-0.0007076079622787162+0.0008454590497985063j),(0.004263865301007228+0.0014899756136112427j),(7.20181878084542e-05-0.007471714154960249j),(-8.396206638521539e-05+0.0020952321935662106j),(-0.0015460084856950807-0.0011936671386496695j),(3.881163001567909e-05-0.007604434296298436j),(-9.432460080866997e-05+0.002113968435611984j),(-0.001602292065232954-0.001188740756522848j),(0.0005639488361460297-0.0025414459618848164j),(-0.001978769400020725-9.881885727792234e-05j),(0.0014357707811082617+0.003944556288042559j),(-0.00011580970836331606-0.001051019291023846j),(-0.0014901171647074612+1.81919706855586e-05j),(0.0005567790156229457+0.0024152552829944276j),(-0.0004824211648777029+0.0006614420372869872j),(-0.00022657999945681546+5.0720489229773204e-05j),(-0.00036236473080417304-0.00013865641819802202j),(-0.00043505428085503724+0.0006607863584208145j),(1.0454343151935019e-05-0.00017888617067848963j),(-0.0002651756382605559-0.00041346550674250924j),(-0.0004854657856457203+0.0007302098943191664j),(-0.0001789899383091649+7.533007484921209e-05j),(-0.0004020292510010673-0.00022932605946637168j),(-0.0002484246888468038+0.0005812465292802508j),(0.0004233130204303438-0.0005064886038123305j),(-3.9853598954332135e-05-0.0007725995673616916j),(-0.00023160855800388757+0.0005752930504822886j),(0.00045384709787695286-0.0005334830176468772j),(-1.729816511838474e-05-0.0008093365419890829j),(-0.00023828166181645983+0.0005758764583128819j),(0.0004481608744643568-0.0005240984643719937j),(-2.9434575059296246e-05-0.0007872096910700285j),(-0.00039688995809472746+0.0009938257294581441j),(0.0001439917726205632+0.00014901315950481943j),(-0.0005036310252484286-0.000691475673386315j),(0.00014142864086486235+0.0013212996632254485j),(0.0011886072728946727+0.00013995900401966312j),(-0.0004312141729329642-0.0018721247883245829j),(0.00019685837221303492+0.0013599373929302034j),(0.0012962664554528394+0.0001368106389142388j),(-0.0004281408369298392-0.0019972593447346544j),(0.0005648484440482941-0.0025439269504666695j),(-0.00197926723116466-9.884248770595898e-05j),(0.0014366329190652106+0.003946175025941217j),(-0.0002383659370298832-0.0004052251829917629j),(-0.00032704568497969464+0.000358497446547603j),(0.0006186233005173603+0.0005478337031418825j),(-0.0005380597344458401+0.003828256441284975j),(0.0005533330398948831-0.00246817811711169j),(-0.001840109491442917-4.2294019641688895e-05j),(0.001323898807744937+0.003678613612368383j),(-0.00016263611313318052-0.0010704101574941678j),(0.0007158841368516788-0.0006848759369205274j),(-0.000564232624603064-7.66804653096448e-05j),(-0.00020034466910321351+0.0008316069308448151j),(0.0008235160483736552+0.00027922072363332253j)
12,(-0.00012214474127219944-0.00013364699009409093j),(-4.082677473976059e-05+3.228519622414672e-05j),(0.00016297151627959485+0.00010136179389303368j),(-0.00011999126623813254-9.537614984854699e-05j),(1.86534524255712e-05+5.722277867881388e-05j),(6.493685050842884e-05+2.0394870407933068e-05j),(-0.013033338653824271-0.007199245269444439j),(-0.0031671074672623123+0.002723001856953809j),(0.001251772798211868+0.00024086436978237522j),(-0.020203384491903367-0.011857411095295041j),(-0.0041330596349874685+0.00422350753845889j),(0.0021756025293374337-0.00014805429802260128j),(0.8899367185365079-0.09529006138826712j),(0.008304857102903749+0.012207500998313782j),(0.021494778788038932-0.02550344416243102j),(0.01924448009623237+0.020990733845219683j),(0.042573310112503024+0.04814580618052041j),(0.007448422794869149-0.006241757635640433j),(-0.027341303102549397-0.045996806389244506j),(0.004443756009450721-0.0011440817088240172j),(-0.010091062122167887-0.012903113806865497j),(-0.004548394812963968+0.01872159530175218j),(0.003980918379193012-0.0023067512389396546j),(-0.01026082355637159-0.012835801346420966j),(-0.004120627572744702+0.020389350690853465j),(0.003970594985988338-0.0023081861469859176j),(-0.010254368744216568-0.012819474426399632j),(-0.004110074104194356+0.020404688595491084j),(0.0037000381460551798-0.0021188602803669256j),(0.0032436987262152318-0.0031010180931343597j),(-0.00986504786156608-0.012032962833024153j),(-0.00375147786636796+0.020777443607493788j),(-0.0007827607140175291+0.01730454188640057j),(0.010153206903573431+0.02462198282707811j),(0.009989240787161515+0.030803807514189808j),(-0.003316624276458248+0.011702471290802603j),(-0.0019909275287013977+0.015288751872329972j),(0.01531415228355856+0.030340919813633585j),(-0.0014132587962146655+0.01785571124868386j),(0.009729009756880803+0.024645050035301732j),(0.010156606532281977+0.02960494955698686j),(-0.008456629643809485+0.01858452050343041j),(-0.017044063975886047-0.009790575967344978j),(0.0022087608299122038-0.039140042177186786j),(-0.00840153241787369+0.01858172457759103j),(-0.016983783213995327-0.009928975006917994j),(0.0022182419687832838-0.039809950831928016j),(-0.003504241004735514+0.007539234278447656j),(0.0019404226587008445+0.007282635233417455j),(0.005988286476539228-0.01487430273620029j),(-0.002516337460252123+0.004087457522197846j),(0.0011549743751426214+0.005047325080002239j),(0.002859634404909645-0.006880996051303354j),(0.0008403784290525859-0.0012756232330377653j),(0.0003129892646306833+0.0004425797828186852j),(-0.0008674402366560218+0.0027783173421110858j),(0.0010299980939531773-0.0021575985849335948j),(-0.00012344692620550404-0.0006122245735296087j),(-0.0015012132884820602+0.003155434893942277j),(0.0009629904543102202-0.0014338110567846249j),(0.00032195884139256983+0.0003326727654948284j),(-0.0009586032964021095+0.003139778357404828j),(0.0011647629537591387-0.003351920247650334j),(-0.0007274617443950376-0.00210632245032057j),(-0.0022614671304861628+0.0032941632045033068j),(0.0011915207332318042-0.0034658761940769642j),(-0.0007659809959852271-0.002218972409738926j),(-0.002334149850056295+0.003318516995634109j),(0.001161676616332469-0.0034055798254168154j),(-0.0007661756753137682-0.0021924618242640382j),(-0.0022944887814627716+0.003290230077912573j),(0.0014859474672754822-0.0023076790552495115j),(0.00031122887210233326-0.00036116032573886916j),(-0.001395732438788955+0.004628394621070632j),(0.0024009026092541947-0.00459602205181642j),(3.7279857493624806e-05-0.002478006477945261j),(-0.002459761368861878+0.007088728007684576j),(0.002498901779590232-0.004852569107857861j),(1.6839845387754855e-05-0.002695807498549318j),(-0.0025704242152434467+0.007388301222398461j),(-0.0035058963786808502+0.007544885599035822j),(0.001939955602255317+0.007284243438542892j),(0.005992505585989954-0.014887175231664378j),(-0.00041947300132704705+0.0014635152927295943j),(2.870444243156193e-05+0.0005005893235446748j),(-0.0007435672004800827-0.00315861092888822j),(0.009336619008214638+0.0071494737483019065j),(-0.003321743407355247+0.007377787986569139j),(0.0016661501158025636+0.006660271393201942j),(0.005719685802095765-0.014324986959017709j),(-0.002946219162733062+0.004223471266526184j),(-0.001211040643536713-0.0030630080962744037j),(-0.0008658246291052819+0.0009967498454249973j),(-0.001139102161390452-0.0005806536088720136j),(-0.0035534308067564696-0.00319300927803543j)
13,(1.0232258186014038e-05+1.8198842681729386e-05j),(-1.2530230758040792e-05-4.24750352191164e-05j),(2.2979723887799412e-06+2.4276192515294663e-05j),(4.154754470357538e-06-1.9678977752532988e-06j),(-7.859486795755487e-06-2.362522038609912e-05j),(6.594422722469159e-06+2.5043564052056077e-05j),(0.0005350556142917898-0.0003783904124864297j),(-0.00046667644834128593-0.002052872730291609j),(0.0008855417923409354+0.0018447279716750165j),(0.0008836900315803862+7.548539182210268e-05j),(-0.001596013765331842-0.00393150153358926j),(0.001309746136208219+0.002784175536371043j),(0.008304857102903749+0.012207500998313782j),(0.9605917988994886-0.058039774619664045j),(0.006058316321770852+0.015315200763147928j),(-0.023699620092845944-0.032409513047700955j),(0.011290578679571513+0.00960498847019674j),(0.001580143916291355-0.011406838069790842j),(0.012891106439945302+0.02656655750965751j),(-0.0008565577955979859+0.0012232327225938022j),(0.001817353938153644+0.00955886591572682j),(0.00023798282092357768-0.003927232073547155j),(-0.0010857197651566726+0.0011958862338518005j),(0.0019388657229676678+0.010260681124453032j),(6.78872692766899e-05-0.004475576345617724j),(-0.0010891266134590541+0.0011969445618695655j),(0.0019385038697543008+0.010268269305953887j),(6.284389266325205e-05-0.004477836777357025j),(-0.0011840362979736042+0.0012975954821073897j),(-0.0012464779134994046+0.0012103135029676488j),(0.0019199079862638373+0.010524322745686956j),(-0.00010100729812794113-0.004414367287075233j),(-0.003607163587053764+0.007209630064570731j),(0.0012021640213556797+0.019655064735088493j),(-0.005561112623622701+0.0021742291942595353j),(-0.001356870887945851+0.0028665888063357167j),(-0.0014867905536612423+0.0032589315966605765j),(0.0016552452262075796+0.021373408252907976j),(-0.0037173123737383965+0.007228464103802011j),(0.00107282819762021+0.019491754385880872j),(-0.005814333545473278+0.002566639063538814j),(-0.0026956882651938447+7.0818194266669e-05j),(-0.0008340331792335476+0.004102626777365972j),(-0.005675220991846797+0.01095916947490077j),(-0.0026717514816658725-0.00011127070120328826j),(-0.0008802431368369141+0.003682072039454712j),(-0.005666311338204203+0.010972112561072233j),(0.0014634305092097806-0.004287801612344697j),(0.0009396614076170339-0.004492821645467296j),(-0.0023120341514383707+0.003856043338846966j),(0.0010343299275000937-0.002702465607697194j),(0.0006216801119150267-0.002948827271090797j),(-0.0010705151748927623+0.001681632682483768j),(-0.00016370315296485092+0.00021370205545762772j),(-9.163122269181645e-05-0.0002477707618257734j),(0.0004384184818586445-0.0009148246631948173j),(-0.00024796609988563196+0.00031679712636607186j),(-0.0001143144892442107+3.051817068697171e-05j),(0.0005583444809836695-0.0012866462653295147j),(-0.00020900750970951785+0.00034118477112998584j),(-0.00012329633844189607-0.00015303517313856874j),(0.0004907704636121495-0.0009777560682469098j),(-0.00034359892658583895+0.0004552345568623658j),(-0.0001442039988582798+0.0003927385004160091j),(0.0006815577366124387-0.0016573834516486587j),(-0.00035481482553004597+0.0004638113989978102j),(-0.0001478272995681844+0.00041524515665697544j),(0.0006937942950450762-0.0017023531246336144j),(-0.0003465378125705274+0.0004641607448318541j),(-0.00014512100543985452+0.00041623080335847704j),(0.0006864052138500325-0.0016671343747574245j),(-0.00042143120676318296+0.0009590232131165928j),(-0.0002764634330285241+0.0003165188402913478j),(0.0007244439841205837-0.0012308314334945427j),(-0.0008896669785962288+0.002404924789505453j),(-0.0006161137846431774+0.001474889335567624j),(0.0011988110724345062-0.0015783168293472191j),(-0.000933934824936308+0.0025750024797297068j),(-0.0006494771317009014+0.0016115228135686142j),(0.0012542692096830332-0.001613171356025885j),(0.0014636309160883693-0.004289394281649487j),(0.0009399147259374854-0.004494027226799455j),(-0.0023141162640275253+0.003859743492039056j),(0.00025208931949904613-0.0013860905512070283j),(0.00015854110968596788-0.0012962214681555163j),(0.00041552894998114125+0.0002819944554060547j),(-0.004467141250226095-0.012026571013913561j),(0.001351033319281553-0.0040292553641824436j),(0.0008811368910674134-0.004154487703046992j),(-0.0022247927763668525+0.003709745924045967j),(0.0011409308176084814-0.0028485647350598286j),(-0.00014245189169982556+0.0006923184199258987j),(0.00020244406046940683-0.002428573149973416j),(0.00012280223391358914-0.002210544019858641j),(0.0013372397387285313-0.0009094814189102295j)
14,(3.61976849620791e-05-8.26073193034937e-06j),(0.00010579569857211961+3.25697617734487e-05j),(-0.0001419933835826868-2.4309029841821424e-05j),(7.668665585215412e-05+1.2620222571465e-06j),(3.560555003452418e-05+1.082256882833673e-05j),(-8.451002182912617e-05-2.691000109539611e-05j),(0.008271526536040033-0.0021192109476254424j),(0.005895841710972922-0.0011379087773320143j),(-0.004446030833380198-0.0037199281204120236j),(0.011705916903511608-0.003327566470202067j),(0.008121815166329241-0.0012445986602158368j),(-0.007962165598940718-0.00621521977583457j),(0.021494778788038932-0.02550344416243102j),(0.006058316321770852+0.015315200763147928j),(0.9149736215729039-0.06955543937654253j),(0.0027131805163866257+0.011924154447748025j),(-0.04010343839931886-0.060890709351654776j),(0.017883376035038596+0.04643292392005749j),(0.02816830642181489-0.034195996607264925j),(-0.006498245374166009+0.020175599828462138j),(0.0036740176491039857-0.011171330082351164j),(-0.005616379361977966+0.004517835901417496j),(-0.006044351530525412+0.023497563057724404j),(0.0031930173255551755-0.012654226608539938j),(-0.006169918848112768+0.005197602387599724j),(-0.006025008522859632+0.023516128932732045j),(0.00318461716719448-0.012657039640119367j),(-0.006164597407780316+0.005212434106205994j),(-0.00529166743164753+0.02396607775295234j),(-0.005362001968686804+0.02492569877213275j),(0.002894897712909076-0.012482319664282857j),(-0.005721971893661522+0.00569618164542021j),(0.023064710858021028+0.028570524721269606j),(-0.007611788590975825-0.00037095033382313503j),(0.017451662368951352+0.02026747473234016j),(0.0004325460179841396+0.00022484172446186857j),(0.00044899708709786497-0.005102387046411305j),(-0.013837525937775232-0.0016272018252814556j),(0.02408391659470327+0.027356433481156916j),(-0.006994013019021146+0.0005789077849726555j),(0.018258569965924988+0.02032046300687003j),(-0.001491339091149564-0.0429792735986983j),(0.001216677558236394+0.012336048175961404j),(-0.0033898829760666523-0.007339956796725588j),(-0.0018343327083972455-0.04363105610294811j),(0.0011153948069588231+0.012571658892410333j),(-0.003628231301957153-0.007425455670218224j),(0.0021874343208066332-0.01612584529621394j),(-0.013791178022546527+0.0007421512739949091j),(0.006749636353539628+0.025829850628568653j),(0.002086722075270288-0.00916037843729227j),(-0.007417136578402917-0.0010295452096072653j),(0.004372875483168342+0.014009869278765859j),(-0.0009534450758599643+0.002744662040252788j),(0.0009017717236040981-0.0013606979974649682j),(-0.0004630040718109047-0.002389222486074587j),(-0.0019647735782713136+0.0038059407491783815j),(0.001566488474278505-0.002133632797516531j),(-0.0008528379564703782-0.0034559865675856333j),(-0.0009530856700690718+0.003167894582266279j),(0.001205588296999818-0.001239230677358965j),(-0.0006398459169736211-0.0029885325248739823j),(-0.003075677275953184+0.005038077373673261j),(0.0023937793807521316-0.0028919676555248363j),(-0.0012694095927654582-0.0044798521495395035j),(-0.0032199899283028898+0.0051915739225331155j),(0.0024245689051192384-0.002932702174779738j),(-0.0013312781796598154-0.004573735899356507j),(-0.0031009825858392347+0.005070291881045012j),(0.002459166055564514-0.0029425684114943555j),(-0.0012742828284169898-0.004523990645624632j),(-0.0009186243555250376+0.005192341012172416j),(0.002639249486648501-0.000517849212597751j),(-0.0014763949096990806-0.0056484472718035025j),(-0.0007047682331747527+0.009692693393604205j),(0.00585472783245773+0.0016460686515238788j),(-0.0032121251145295444-0.010993274756406822j),(-0.000659418307599692+0.010189688763051164j),(0.0062133551716739045+0.0018543420678540645j),(-0.0033997830111835376-0.011567375657938684j),(0.00218740037346402-0.01613789408583858j),(-0.01379849699685629+0.0007451416081841623j),(0.0067515829786642285+0.025842826795196103j),(-0.0017319165660253173-0.0023678944849834967j),(-0.0021471050930824474+0.002566549449291752j),(0.0035132234386191577+0.003857020375837912j),(-0.008045713745248222+0.02837109081477575j),(0.00207630594225529-0.015569776501766542j),(-0.012859580228727002+0.0010075260223943354j),(0.00623539356073503+0.024100868643849842j),(0.002583670553927258-0.009853811221643268j),(0.0033779778809149867-0.003555064831878436j),(-0.0032254281694720204-0.00019577692652054924j),(-0.0007441802789207013+0.005478623714202702j),(0.0053717684511428+0.002298292080159642j)
15,(6.038280967384649e-05+8.753873273916477e-05j),(-3.160946016360474e-05-1.7688175157255803e-05j),(-2.8773349583741136e-05-6.985055764439186e-05j),(3.703636852917033e-05+5.648045361458592e-05j),(-3.121167399545465e-05-4.292818989740934e-05j),(4.589222002455417e-06-2.247148306688591e-05j),(0.0035610240752985503+0.0026919268174515412j),(-0.0015344285835657654-0.0037686929662437j),(0.0011330317261718807-0.0025549672839286306j),(0.005300033368317657+0.0041003227015094235j),(-0.002533499585562381-0.005768498636821698j),(0.0016171774945127337-0.0031877018832066357j),(0.01924448009623237+0.020990733845219683j),(-0.023699620092845944-0.032409513047700955j),(0.0027131805163866257+0.011924154447748025j),(0.9482758141183296-0.06673692423760022j),(0.0046362867011775985+0.005862764575512264j),(0.0068953820231742406-0.0181914447131929j),(0.02221543771521117+0.04568350622320685j),(-0.0008790036136546084+0.0001424075751243315j),(0.0014218091813329873+0.010812927478908045j),(0.0008267812327547139-0.007746245647111984j),(-0.0009321407907512939+0.00016410173821659597j),(0.0014796506607447522+0.011697942541150665j),(0.00047896757994434955-0.00876038786181836j),(-0.0009342524107940518+0.0001676103098466837j),(0.0014793636398486658+0.011707655272865089j),(0.0004695414523663478-0.0087654161384072j),(-0.0010011417337595203+0.00036912666194360405j),(-0.0009108800148267152+0.00015548580817300976j),(0.0014962873381182736+0.01201750128392821j),(0.00015474794257027379-0.008709897632941195j),(-0.0037648405168336533+0.011044175557346058j),(0.0027167989033297733+0.022759464009722622j),(-0.010865724661875307+0.00046128678735736506j),(-0.0010610932980765844+0.0028528752341603026j),(-0.0018255945341965792+0.003534384343949523j),(0.0038926396352968293+0.02424112402565178j),(-0.003933907918676177+0.01115781800361566j),(0.0025205759882002054+0.022648985686196294j),(-0.011231665623377499+0.0010939083687418298j),(-0.0031858945560159953-0.002073367518849123j),(-0.0016863825015822637+0.004708208373966818j),(-0.003910391479052807+0.014880053140437253j),(-0.0031585615844383734-0.0023485680295004738j),(-0.001753187575284512+0.004179833044172358j),(-0.0038287167546865817+0.01492807706028237j),(0.002113101050984218-0.00518051935113693j),(0.0011035544372493761-0.005932295718051628j),(-0.003204957307920386+0.0054391424673699874j),(0.0016565367030242557-0.0032336818338572076j),(0.0009034855630372519-0.00392310190658483j),(-0.001480332526196519+0.0023642230050853075j),(-0.00015280293191582755+0.0001968056943660256j),(1.9900782105085973e-06-0.00039396001644638554j),(0.0005664293450823235-0.001316196889315362j),(-0.000315953795235714+0.00033952322704599615j),(-4.2949684654884895e-05+0.00010040248093889188j),(0.0006797423034964941-0.0017788983985778653j),(-0.00022042309590823055+0.00035101234931611503j),(-4.0704448054304374e-05-0.0002807628093448092j),(0.0006417294217479653-0.0014082834398365057j),(-0.0005264597694085572+0.00057742283899841j),(-0.00012957598936418806+0.0007820760147642719j),(0.0007738401848879826-0.00218994286101111j),(-0.0005507962290071363+0.0005919710598308314j),(-0.0001387186193656728+0.0008256546975651188j),(0.0007820747813209864-0.002242600442328881j),(-0.0005333719247846706+0.0005932966634390035j),(-0.00013323424396904059+0.0008258806059711554j),(0.0007779026183480681-0.002198475194900129j),(-0.0005577602356181266+0.0011340526212996168j),(-0.0002705229696622079+0.00031946882470250404j),(0.0009659900298670718-0.0017508866903710309j),(-0.001360598838126445+0.0030899138606269062j),(-0.000849495397683077+0.0019285656885649318j),(0.0015959565220107495-0.002109408043225529j),(-0.00143841741494729+0.0033173343441054133j),(-0.0009066583027804039+0.0021150804069036567j),(0.0016675450471825312-0.0021478711807579615j),(0.0021132381497477207-0.0051826561704749405j),(0.001103556441326709-0.005933911138348106j),(-0.0032074862199259575+0.005444306420559132j),(0.00035134473810182626-0.0018187611403344159j),(0.0001544388682357589-0.001664822287985617j),(0.0005451245685632634+0.00047683854316797223j),(-0.005319642872123686-0.017274972470770592j),(0.001946590940963574-0.004897551030572891j),(0.0010181399203799935-0.005486499265908878j),(-0.0030426129094467506+0.005237180046572584j),(0.0018563830493085018-0.0033808693586282693j),(-0.00015028771182089761+0.0013349392896405098j),(0.00026086313397402476-0.0032573044084395577j),(0.00010089668311656253-0.0028319050958560818j),(0.001828141391253291-0.0010851694115031623j)
16,(6.341477700985201e-05+8.683274220734114e-05j),(7.386256987297285e-05+8.548512321320786e-05j),(-0.00013727734690215354-0.00017231786542423736j),(8.978986207990909e-05+9.327455347393404e-05j),(1.8207759117531364e-05-5.294588388535072e-06j),(-6.534511279684606e-05-0.0001026820751438288j),(0.010876004257643295+0.004276001558115503j),(0.005905424008681524-0.0017233652372578429j),(-0.0018466275370021636-0.009748158781768317j),(0.01575760220774809+0.006928069302616871j),(0.008275556338381979-0.0021123239062902296j),(-0.0034150954222306592-0.014595715369382908j),(0.042573310112503024+0.04814580618052041j),(0.011290578679571513+0.00960498847019674j),(-0.04010343839931886-0.060890709351654776j),(0.0046362867011775985+0.005862764575512264j),(0.8826527388338147-0.1113345223378094j),(0.005476470555513282+0.011040057950415356j),(0.024796439422861187+0.015297706652192752j),(0.004826545414052523+0.011578066559760899j),(0.003568280202394633+0.015992418360007497j),(-0.0031010641420179405+0.02235217798694597j),(0.007364958639953848+0.014886882996815766j),(0.002920851655692826+0.0159803577943895j),(-0.004025922178974832+0.02280561093864171j),(0.007392618918008911+0.014911959306270376j),(0.002915805253621267+0.015972059237306643j),(-0.004029147523539354+0.022798773752311145j),(0.008073406529124154+0.015343106838122147j),(0.009829851248419858+0.01670844091529515j),(0.0027237810649306258+0.015261395496223087j),(-0.004001885520407026+0.022177344206511025j),(0.011934447412781227+0.021578744946536756j),(-0.011335212763653154-0.014307726546509622j),(-0.004477153854562016-0.002740510505685162j),(-1.602886436637141e-05+0.02348147100539013j),(-0.005120258111359152+0.023309730252058753j),(-0.015911495340310108-0.020454221338226282j),(0.011893088844745625+0.022190625183532327j),(-0.01092942121912508-0.01407150161433645j),(-0.003996304808893538-0.003631883619575442j),(-0.010807745796827316+0.023948014082387097j),(0.0070974791897522975+0.015892636971399907j),(0.009488470233588318-0.006663864864235605j),(-0.011130615040288925+0.023864265829912457j),(0.007092024343755436+0.016006707298180975j),(0.009518318650046782-0.006893306278533383j),(-0.002912890955053091+0.019079517315291207j),(0.002578421447746876+0.004663023427482408j),(-0.0018077064678517388-0.029203826937615508j),(-0.0001918870764521137+0.01089982637735177j),(0.0019890246101780034+0.002509776218257531j),(-0.0008274575891884014-0.016287724117705713j),(0.0010153640791133317-0.003926161483863065j),(-7.658711446534652e-05-0.0009666545049879507j),(-0.00041806005863109227+0.0020790518162125556j),(0.001058008910996245-0.0047941013014692994j),(-0.0004415876211844531-0.0007377873264317199j),(-0.0006636518747689154+0.003940151843977757j),(0.0010509251657856392-0.004443117666826596j),(-0.0001291370755663849-0.0011051694672393375j),(-0.0003671037879351287+0.0027279323849138193j),(0.001022675005254403-0.005356477348141821j),(-0.0009039222746126326-8.03265420478809e-05j),(-0.0009717490356563253+0.006278089791893526j),(0.0010215770660522818-0.005422507800448504j),(-0.0009399384990329497-3.2598753216958425e-05j),(-0.001003226559096842+0.006529685574163111j),(0.0010186743770962516-0.005368640013158291j),(-0.0009297170271009144-3.849743368737179e-05j),(-0.0009843884117763549+0.006364627390372036j),(0.0011451132649552343-0.006549985082467227j),(-0.0003963967730075957-0.0014742461043486563j),(-0.0001328015808035349+0.005949988535445206j),(0.0012144724078875931-0.00993441516158523j),(-0.0009960091792769583-0.0012725835043847136j),(0.00039477433409047824+0.01363935621533708j),(0.0012313188187184666-0.010324441283284705j),(-0.0010483919789896715-0.0012779149106637213j),(0.00047211618173452746+0.014462143634474893j),(-0.002917399563572116+0.019090888550464733j),(0.0025796220608182933+0.004666893331333282j),(-0.0018076066004537633-0.02921949806047943j),(0.0009379477220960987+0.0032128104162952175j),(0.0007404933450007498+0.0007645317463005831j),(-0.00335202147994409-0.003917637101045266j),(-0.012423933932358891-0.001630664153101126j),(-0.0029626544275478638+0.01800094331136451j),(0.002489775413344242+0.004455382328023826j),(-0.0015372392451490136-0.027388789023022185j),(0.0001825578451569014+0.011937129154193309j),(-0.0011828221584462895+0.0004438752611762471j),(0.002061624502181983+0.002728325911132601j),(0.0009311759495533949+0.0007156912525282872j),(-0.0060042638430678206-0.0007772898546235174j)
17,(-1.3444588289432666e-06-2.909834781485767e-06j),(-1.6163682511241643e-05-7.686440960674915e-05j),(1.750814135153031e-05+7.977424440095837e-05j),(-6.202298420593574e-06-1.9083797756084492e-05j),(-4.750913973637711e-06-1.5849508045868386e-05j),(1.3380853308035277e-05+7.149440053898939e-05j),(0.0004452049455226379+0.0018961724324906282j),(0.00048675489858357923+0.0017758147449422335j),(0.002297622935956792+0.008681951286177849j),(0.0007745341927349711+0.0024298117295367683j),(0.0007196042281967724+0.0021727650882539737j),(0.003533829740421569+0.012852122391469652j),(0.007448422794869149-0.006241757635640433j),(0.001580143916291355-0.011406838069790842j),(0.017883376035038596+0.04643292392005749j),(0.0068953820231742406-0.0181914447131929j),(0.005476470555513282+0.011040057950415356j),(0.9280626914153761-0.018996502228156922j),(-0.019651693020330367-0.057189203136080995j),(0.0002811414395723403+0.012067813187048186j),(0.012701462481756385+0.028530816928543316j),(0.00017692486758394844+0.017488755210197934j),(-0.00045300552257323753+0.013150773172026183j),(0.013535734115094667+0.029905351574861135j),(0.00015216384835999497+0.019572990397549332j),(-0.0004608817128571416+0.013145641839455722j),(0.01353354597694364+0.02990318718616279j),(0.00015613058304240124+0.019587075713154788j),(-0.0007385595473242256+0.012288043887507342j),(-0.0014623193811968615+0.012436844203158406j),(0.013087947611358623+0.029035388315151435j),(0.00030431964403032554+0.01929759253068829j),(-0.008862779794622638-0.026002864603177932j),(-0.013954536809222665-0.014530831024124606j),(0.005870675040149518-0.0015994226181909946j),(-0.002742866906285465+0.006237555003597201j),(-0.0009489262489075492+0.004266119285987029j),(-0.020278642774117832-0.01805831091492461j),(-0.00861873589855047-0.026438227570155647j),(-0.01369255983434849-0.015302695279345961j),(0.006061209247408049-0.0020629951036286107j),(0.003627573985070457+0.023494020208563712j),(0.012275829721665195+0.011143146184080143j),(-0.00890834723528944+0.012586375564883897j),(0.0036411566154457976+0.02404245526732854j),(0.012273586789988807+0.01146838645926512j),(-0.00914685642338891+0.012632116663829147j),(-0.0025186335110499924+0.005596734105514001j),(0.002742727712938121+0.0009591129348407758j),(-0.0047343928654041845-0.012785971952371092j),(-0.002063215945590991+0.002816463301232067j),(0.0008282432092650814+0.0005975272374757982j),(-0.002797468172106758-0.007363837554507715j),(-8.179081734631968e-05-0.0009631309959699564j),(-0.0007858076516527287+0.00015281330605755616j),(0.00026569958849318695+0.0008951321198919229j),(0.0003720112572246072-0.0010968496560404663j),(-0.0006671445555579688-2.7315890574086676e-05j),(0.0007754690923528392+0.001711590808967536j),(-3.647575467039389e-05-0.0011279116472582566j),(-0.0008567488942156116+0.0001448876905391324j),(0.0003502165045659921+0.0011581308065408687j),(0.0009776914098364035-0.0012916248453181504j),(-0.00039744978165877733-0.0003382481865330314j),(0.0014150759863217166+0.0025282846721374082j),(0.0010451833555493407-0.0013045588666434921j),(-0.0003689291157148616-0.00035130766859774003j),(0.0014865307578717484+0.0026227513618727453j),(0.0009990322889306335-0.0013036611453551318j),(-0.0003861175051821771-0.0003627208167214053j),(0.001437102641311114+0.0025526421216849953j),(0.0002431953093149475-0.0019286565526491944j),(-0.001084840089115724+4.790316282069331e-05j),(0.0007974032344402917+0.0023101682817991726j),(0.0010989525063492738-0.00376684006783936j),(-0.0012543487724118465-0.0003703955883826043j),(0.0018987521095051182+0.004591342896220534j),(0.0011894554470422496-0.003968646720526969j),(-0.0012715319075753643-0.00041757210075197334j),(0.002035681564706789+0.0048326661686470445j),(-0.002518850947759603+0.0056019027836475815j),(0.0027460911109304298+0.0009604236622658847j),(-0.00473725512324763-0.012791318594350147j),(0.00048064604655428554+0.0018844205228528412j),(0.0007633456185395507+9.374645214313372e-05j),(-0.002220778316923861-0.001070463823372296j),(-0.012940909882357365+0.01678398982795145j),(-0.0023393730307579457+0.005428466648911419j),(0.0027062352496501386+0.0009176962898019246j),(-0.004534804944471704-0.011886224625677809j),(-0.0022506511753187745+0.0029783255160711307j),(-0.0003377986714315449-0.0007037113997235616j),(0.0016478725583999295+0.002987271434322666j),(0.0010623017103228813+0.0006465309845674912j),(-0.0030072663141267604+0.0016061682977398213j)
18,(-5.81589983912691e-05-0.00010460962789034134j),(-5.337448663394676e-05+5.922336493719431e-05j),(0.00011153348502426213+4.5386262991259726e-05j),(-7.277375298706303e-05-6.356116133618509e-05j),(-7.112631210430482e-06+5.541017239960806e-05j),(5.350797331012136e-05-1.183370492753623e-05j),(-0.008625149467318316-0.005411768717152j),(-0.00391084545898491+0.0025784128771218083j),(0.0012057841757559615-0.0025697219778825294j),(-0.012321865458712354-0.008404639604134352j),(-0.00501490746036906+0.004065206128604591j),(0.002307241073049791-0.004264213818712688j),(-0.027341303102549397-0.045996806389244506j),(0.012891106439945302+0.02656655750965751j),(0.02816830642181489-0.034195996607264925j),(0.02221543771521117+0.04568350622320685j),(0.024796439422861187+0.015297706652192752j),(-0.019651693020330367-0.057189203136080995j),(0.8897155905886178-0.06176388696406369j),(0.0010361471787145116+0.022324174686421575j),(-0.0011987174214274556+0.022689906571878412j),(0.017533190855734078+0.010217447671835383j),(-0.00022094813284225813+0.023929783502600114j),(-0.001138241762289533+0.024658292171931107j),(0.019165566154459905+0.011855499543943552j),(-0.00023827435331792306+0.023921651687774742j),(-0.0011322211729019142+0.024667359321930864j),(0.01916799990411472+0.011868790017529853j),(-0.000874802338510929+0.022953927845719767j),(-0.0010764856425889405+0.023101955201978767j),(-0.0008873519965654822+0.02411759606558479j),(0.018668920896888735+0.011650804767015771j),(-0.024807959482840383-0.020341686893726212j),(0.008243759670152114-0.009091411675394064j),(-0.01677070780068908-0.007747231987817741j),(-0.0017810035649614545+0.004032198491467746j),(-0.00035602489151021323+0.0005601428043128941j),(0.01686857928085253-0.011056828845300612j),(-0.02531967678119171-0.021641310348454318j),(0.006793236436880957-0.010217534541836612j),(-0.017942522959168383-0.007765170727960655j),(0.02308075394131491-0.002631892965521832j),(-0.021255671301526106-0.009218752814109698j),(0.01648248304623041+0.02453279272559807j),(0.02360113343684956-0.00222169583513335j),(-0.021351064660719156-0.008585725873460025j),(0.016856486159524967+0.024941571541234435j),(-0.0019111384227233287-0.007207764938850214j),(-0.0008634197066468398+0.005842661358117028j),(-0.0029850474076816985+0.0030019768813678523j),(-0.003343155852016257-0.003947836781534197j),(-0.000658861294225033+0.0038449741499897265j),(-0.0030080274329515834+0.001384244634723931j),(-0.0008573854805766878+0.0017089913601251844j),(0.0007020097546010888+0.000251598835151327j),(-0.000649793228138207-0.000314331808755515j),(-0.00038636634944216685+0.0016505747988022354j),(0.0007223865137148652-0.000335229885935014j),(-0.0004820606286890266-0.0010606868634245427j),(-0.0007954532232240536+0.0019399957137744713j),(0.0007584260227265619+0.00011784029648064485j),(-0.0005549440274954104-0.0003206196670705024j),(0.000170420328220676+0.0012842552918750048j),(0.0006781775983062026-0.0013085394440935493j),(-0.00028310564281624296-0.0021144179809793j),(0.0002438032313414817+0.001250174098267413j),(0.0006969241699910889-0.0013867475043228099j),(-0.00025150172812196875-0.0022258376638882443j),(0.0001832869160934779+0.0012643499086233308j),(0.0006623590124695134-0.001363151947489396j),(-0.0002813817134210187-0.0021559581598882757j),(-0.00046751447543137595+0.002802987087702073j),(0.0009999538689168172-0.0007262445603423377j),(-8.622455415391501e-05-0.0004957642295427057j),(0.0003447369785504876+0.003911822260715941j),(0.0013865943711473018-0.00331120300537676j),(0.0010477860417734022-0.0013624159882987363j),(0.0004396423087784975+0.004034362832339992j),(0.0014517567356804792-0.003572347129937871j),(0.0011671802992118136-0.001464136856523291j),(-0.0019070286262160819-0.007212144043437737j),(-0.0008656482974993827+0.0058437675933870545j),(-0.002983358298940108+0.0030056936861213744j),(-0.0005864743349669565+0.0005482979040082293j),(0.00034474411544500004+0.001596462747062597j),(-0.0004708606915994327+0.0019965979642935115j),(-0.008891599018436468+0.03938918146911086j),(-0.0014196940334094727-0.006762026654541745j),(-0.0011465511220940645+0.0052827649837316575j),(-0.002628178431789305+0.0030843423184619178j),(-0.004030135949662975-0.0043213459188515616j),(0.0003165785607400404-0.0018961883886727156j),(-7.572620826149159e-05+0.003632931598598757j),(0.0009642328024730799+0.0033421307249961014j),(0.00041096432525607407+0.004622135585835018j)
19,(6.219511216189473e-06-4.48131505925721e-06j),(6.802798866415399e-06-1.7282140617136558e-05j),(-1.3022310082994016e-05+2.1763455705184222e-05j),(7.008236192500972e-06-8.44369702748286e-06j),(-8.733958062238456e-08-3.3811584858631266e-06j),(-7.88041068108186e-06+1.627590296699334e-05j),(0.0004964415909697992-0.0002408987280978893j),(6.245502507204524e-05+5.839307161945267e-05j),(-0.0005295148517408416+0.001704041417976152j),(0.0007719320130000675-0.00035295334526972127j),(6.406341568653028e-05+0.00010512614085744386j),(-0.0008658676475453994+0.0027619666037798918j),(0.004443756009450721-0.0011440817088240172j),(-0.0008565577955979859+0.0012232327225938022j),(-0.006498245374166009+0.020175599828462138j),(-0.0008790036136546084+0.0001424075751243315j),(0.004826545414052523+0.011578066559760899j),(0.0002811414395723403+0.012067813187048186j),(0.0010361471787145116+0.022324174686421575j),(0.9839792920284406+0.02247727885451323j),(-0.006262876869371204+0.05533114946453536j),(-0.005593580933761224+0.045220015713821934j),(-0.009503297857021465-0.005946994297424138j),(0.0020280216130533976-0.021152827351460894j),(0.001838034441306821-0.02290322197406679j),(-0.009637047213340208-0.006378998579408572j),(0.001856982717296611-0.022013411375951815j),(0.001686091936288108-0.023626216829793985j),(-0.014728554632622192+0.026858591938540306j),(-0.013069018561435563+0.008262117031693975j),(-0.0041472045409473735+0.00722605809399229j),(-0.0028619268815855093+0.005208384863678164j),(0.006195984714883373+0.01908579483864484j),(-0.0006573265738653161+0.011911644922465936j),(-0.00018513670412072724+0.003565542017361037j),(0.0015500046635316472+0.029090656677286518j),(0.0013637539031176042+0.031834391530978876j),(-0.0018180475356583707+0.012225677168541707j),(0.00728752494807877+0.019128627846221727j),(-0.00010931875109005708+0.011395758300027358j),(0.00029807551879688265+0.0034620333220182226j),(0.00041234979856610696+0.020159878420365027j),(0.0005588447337017781+0.007875728994173938j),(-0.00414559222238651+0.009186105331851277j),(0.0003398741091157741+0.020046785194204837j),(0.0005188430785736994+0.007687956173811808j),(-0.0041595364617612015+0.00926831300816639j),(0.0019065923986665051+0.0014345473774066853j),(-0.00412355518307541-0.00282687370350892j),(0.0007631290143859083+0.007806267828044669j),(0.0012396433975952496+0.0003433088697182441j),(-0.0024183218679706487-0.0015661405467841394j),(0.0005389689201635975+0.004442792450536573j),(-0.0003966099508096515-0.0002967400373696904j),(5.398414847819716e-06+0.0006662255656495172j),(-6.424229551327287e-05-0.00020763974125728865j),(-0.0006062475664951334-0.000347889044436045j),(0.0002537607354401219+0.0010744065456963583j),(-7.779929271875335e-05-0.0006916036623507354j),(-0.00042756952194703457-0.00032749707369803796j),(0.00010250051320320936+0.0007057779181653914j),(-7.75630389611242e-05-0.0003665069032403294j),(-0.0007247975403769395-0.00044421684794979793j),(0.000665332501941281+0.001508115790492265j),(3.104174847416252e-06-0.0012661338479583021j),(-0.0007466032445147198-0.0004637783125028424j),(0.0006863510971948639+0.0015318528961764035j),(5.03853482943439e-06-0.0013353731754156117j),(-0.0007224710454646249-0.0004426810738812053j),(0.0006954675847950006+0.001537237793574274j),(1.1012707378463987e-05-0.0012827096833525858j),(-0.0004839841989826241-0.0005147963821315496j),(0.0006401000158953908+0.0008372369859010035j),(-7.248380028986823e-05-0.0011413964770223997j),(-0.0003249346938370693-0.001039737842352967j),(0.0020739856819189575+0.0009303625325913188j),(0.00015495914807542825-0.0029518848415591888j),(-0.0003061447216536701-0.0011223799212281781j),(0.0022268181978044063+0.000921711780529869j),(0.0001782702565829965-0.003165175526325672j),(0.0019073965703627726+0.0014378730958161858j),(-0.0041254212446822786-0.0028275223625086107j),(0.0007629025406304056+0.007811170541781633j),(7.075433452644267e-05-0.0005799799360467746j),(-0.0008211197702541231-0.0005846593270591846j),(0.0009809744784589846+0.0003822652812318259j),(-0.004532201583568825-0.005157200928992188j),(0.0017702668146833593+0.001516677850262601j),(-0.003831693314212102-0.0026572758373534424j),(0.0006522337141437848+0.0072949585677100125j),(0.0014089212157626504+0.0002225402021833467j),(0.0010938296348128765+0.0018914418585289985j),(-0.00028348846426516297-0.0017757127804485264j),(-0.00083213171661332-0.0011307877400422556j),(0.0014624264945944181-0.001516032802884244j)
20,(-1.2754783132911106e-05-2.539977778346228e-05j),(-6.122596747390331e-06+2.174098852083144e-05j),(1.8877379874478078e-05+3.6587892417613664e-06j),(-1.290891936206171e-05-1.604067803715997e-05j),(1.5145758883112379e-06+1.2906917801864068e-05j),(8.51859997168804e-06-1.1809532361022361e-05j),(-0.0016053069683287238-0.0024128543873225376j),(-0.0005384279157100305-0.00041545181972533866j),(1.6503162644901197e-05-0.002268751979947219j),(-0.0024059425626881785-0.0035724574409655638j),(-0.0006941605179517441-0.000363655736201781j),(0.00010425900810059462-0.0033420816793717353j),(-0.010091062122167887-0.012903113806865497j),(0.001817353938153644+0.00955886591572682j),(0.0036740176491039857-0.011171330082351164j),(0.0014218091813329873+0.010812927478908045j),(0.003568280202394633+0.015992418360007497j),(0.012701462481756385+0.028530816928543316j),(-0.0011987174214274556+0.022689906571878412j),(-0.006262876869371204+0.05533114946453536j),(0.9638781992822651+0.04797555678532523j),(-0.011090991517353092+0.061122615234123066j),(0.002261558045675512-0.022629193513643796j),(-0.015819127608898885-0.028059972565042748j),(0.004411344537091232-0.019456939411493294j),(0.0021219436118313176-0.023642831355261653j),(-0.015845967285864775-0.02919404795825937j),(0.004350064698746749-0.020414252502101445j),(-0.003987351243727817+0.011276083748918905j),(-0.0020670008078587042+0.008022158541939241j),(-0.02018632726481403-0.001607553325206873j),(0.000801796900319724+0.011682834497324782j),(-0.0009990550995993594+0.013851213549331897j),(0.009491119074849556+0.01203756592434661j),(-0.005531409484005834+0.012954910122092501j),(0.00022778585207751986+0.00876816642178621j),(-0.0008479569804442426+0.010065310628570488j),(0.016590992535765216+0.010235744666496932j),(0.00031647937586711997+0.015617964805627656j),(0.009630349825572688+0.009888455545076948j),(-0.005377375599025552+0.011231689654343208j),(-0.0021316654485082896+0.005256706434687855j),(-0.010676656327799756+0.008440757777143107j),(-0.0028853316632519157+0.0006373386974343627j),(-0.002022012808812423+0.0052330622684853625j),(-0.01059684366549505+0.008694710669949025j),(-0.002699168355240221+0.0006958430776556898j),(-0.0017648505190625177+0.00031460108577356476j),(-0.003297013865959276+0.001461467717669255j),(0.001419971122656006+0.00785972391115418j),(-0.0010758531021114262+0.00017589566364886733j),(-0.0015432741212974388+0.0008909373127423872j),(0.0009396086463237413+0.004653771375522111j),(0.00028842674550938084+0.0003005448742804648j),(0.0006706900283250481+0.0002949998009636682j),(0.0002238506082641638-0.00016741328518626126j),(0.00017319336774532603+0.00041765101396381036j),(0.0006240338206136062+0.0001729110892374295j),(0.0001210983552971728-0.0003082507036401079j),(0.0003549113347559063+0.0002851725644501214j),(0.0007630757475976836+0.0002800780741943433j),(0.00019164827440289645-0.0003789871942692498j),(-5.808824226579975e-05+0.0005255803386944838j),(0.0004382802453976294+5.522476755704352e-06j),(-7.702781692897197e-05-0.0004707812351818258j),(-8.064581960828568e-05+0.000540077041952954j),(0.000426607085521998-4.433479131521652e-06j),(-9.657665421759385e-05-0.00048659709121226915j),(-6.874224013251665e-05+0.0005274639794633721j),(0.00042536347052854744-5.695011405063531e-06j),(-8.59576982017603e-05-0.00047765588751055724j),(0.0005982896701009915+0.0001853614399477013j),(0.0011062313805816914+0.0001906715595504085j),(-2.1247170260300496e-05-0.001386267324790885j),(0.0008503406762077894-8.535298566487645e-05j),(0.0015059092419694824-4.134717099815027e-05j),(-0.0007424334601033864-0.003631610627503358j),(0.0008871178008256994-0.00014087367418555603j),(0.0015641451434937836-9.08901658316693e-05j),(-0.0008131825666522824-0.0038903789537168983j),(-0.0017656895750590969+0.00031525922063506927j),(-0.0032998924425485633+0.0014628544235765484j),(0.0014202577620999633+0.007863524092405627j),(-0.000706841831783211-6.28485828799161e-05j),(-0.001303457401128516+0.0004254209219024434j),(0.0006929393266283527+0.0007601127516468481j),(0.012027420279538311+0.027236811804119316j),(-0.0016136089398508593+0.0003071884918139905j),(-0.003183618271909265+0.0014057263303295792j),(0.0013175945397513548+0.00728994342290217j),(-0.0011951069153894184+9.272515406337847e-05j),(0.00026540930747736874-0.00014239224085374437j),(-0.001421015973703836-0.00011929378363927673j),(-0.002093720037236072+0.0007644622843036423j),(0.000550416198388289-0.0003046461390082195j)
21,(-5.233287481702089e-06+2.526458478955167e-05j),(1.2264984905102343e-05-7.712625946505362e-06j),(-7.031697404073005e-06-1.7551958855164344e-05j),(-3.9071941563133997e-07+1.9099085344342387e-05j),(5.663557421036805e-06-9.63258281944734e-06j),(-8.268070870653934e-06-8.809625595550081e-07j),(-2.1283865722575204e-05+0.0022399400400038164j),(0.0003262970291143851+0.00023712880301792697j),(-0.0007368875822077632+0.0008420634772163147j),(-0.0001317097463588283+0.0034577458139453746j),(0.00044288067915735415+0.00023558028512481958j),(-0.0011340035422057481+0.001244076876865805j),(-0.004548394812963968+0.01872159530175218j),(0.00023798282092357768-0.003927232073547155j),(-0.005616379361977966+0.004517835901417496j),(0.0008267812327547139-0.007746245647111984j),(-0.0031010641420179405+0.02235217798694597j),(0.00017692486758394844+0.017488755210197934j),(0.017533190855734078+0.010217447671835383j),(-0.005593580933761224+0.045220015713821934j),(-0.011090991517353092+0.061122615234123066j),(0.9720155082072552+0.03584958456175843j),(0.0021705861005478703-0.02429780596359941j),(0.004319237682392915-0.019203990135461344j),(-0.0123629760170108-0.03171023473818036j),(0.0020544241594185136-0.025162761974672418j),(0.004265043334949028-0.02016564466180152j),(-0.012403890721081442-0.032796790329789896j),(-0.0023291188967747797+0.008197882233459516j),(-0.0016446670612549946+0.003337184233293976j),(0.0008478515808378159+0.011140961804939169j),(-0.014698966539378435-0.012007795010778005j),(0.001525654047922349+0.005778243753869299j),(-0.00503832050147795+0.015354150139615094j),(0.017188169869032287+0.005937750164320816j),(-0.0005190762850879134+0.010184143446959146j),(-0.0017531665399581095+0.012364247619450049j),(-0.007819748417129672+0.01509709427672702j),(0.0030763698875123165+0.006819647602266643j),(-0.004290924495088485+0.01308513814934626j),(0.019007225976609032+0.005414862840578653j),(-0.006408887280886063+0.011293713972924477j),(0.0039566499591072515+0.00932057623914503j),(0.002704274669669225+0.015710142427948385j),(-0.006503696056715415+0.01130820815629064j),(0.003957313249536882+0.009123923135584642j),(0.002477029479663592+0.015791899588815647j),(-0.0006129421343094233+0.003496222064229304j),(-0.000634639969229688-0.002766660354785797j),(0.00042077405282401324+0.001969290482352123j),(0.0001674267544164059+0.0015617487831872075j),(-0.00024827526838350406-0.0020286384661709535j),(0.0002863227646232655+0.0007640273341086206j),(0.00042455576325810626-0.0008945734838822809j),(0.00014786790011289352-0.0003424246286410487j),(-0.0002227650089758313-0.0002330019663734893j),(0.0003753104318073557-0.0008586673852557547j),(0.00010943364418929244+0.00043754708856668495j),(-0.0004508646207626929-0.00039192892716719127j),(0.0004377426029473628-0.000991427565160147j),(0.0001699215997595832-0.0003482767869311227j),(-0.00021961293928997403-0.00023454122741245215j),(0.0002883833535082046-0.0006443129441766193j),(5.384426346241307e-05+0.0015213129341233645j),(-0.0007349037849956767-0.00042120568130569634j),(0.0002744051067375328-0.0006355899676338638j),(4.2410988237881605e-05+0.0015959688972192552j),(-0.0007706140002778371-0.00043494233915328034j),(0.0002874720015980975-0.0006260899937069852j),(5.478502067041212e-05+0.0015879297843707442j),(-0.0007425153619902388-0.00041428318363570093j),(0.0004730194860597533-0.0013294146846828986j),(0.00026367490882023075-0.000274615234453888j),(-0.00022469121975131145-0.0001268105705202506j),(0.0004712532342409646-0.0016044028723503133j),(0.00044000270281797926+0.000294474022442449j),(-0.0002487383391143837+0.00050892220145381j),(0.00047980995492922986-0.0016545878435046482j),(0.00046504952376378173+0.00033464130091212995j),(-0.00025084138118345846+0.0005610303225751646j),(-0.0006144849355346961+0.0034996823571861345j),(-0.0006346669382254226-0.002766497252021858j),(0.00042121038487438116+0.001972244288827772j),(0.00014904786553718698-3.191055389235777e-05j),(-0.0004083933381818972-0.000789769221129112j),(-0.0002991263797016899-4.723498120933682e-05j),(-0.007965382398237714-0.007400576091548875j),(-0.0006879209481902368+0.0033147784891056275j),(-0.0005373077323401448-0.002543900369700658j),(0.000412305150874654+0.0019503232963842803j),(0.00029046898606626065+0.0016496699852118447j),(0.00012285358867037614+0.0023241523471329243j),(-4.012499049235582e-05-0.0011232757644617584j),(-0.0009095638803427673-0.0013739774845814346j),(-0.0008054221440146164-0.0006796300232206872j)
22,(5.3972823326177604e-06-6.9631286345001575e-06j),(5.610449524907428e-06-2.0966674512982346e-05j),(-1.1007731857544902e-05+2.7929803176904528e-05j),(5.582061373865244e-06-1.1428795249680194e-05j),(-5.916000696012895e-07-3.549412306863399e-06j),(-7.045567311332489e-06+2.0300615738260257e-05j),(0.00029085198148586763-0.0003537898864171625j),(-7.345788586270033e-05+0.00011655268456847072j),(-0.0005302911890041776+0.002108981537942828j),(0.0004809941778518772-0.0005346544506352794j),(-0.0001250351756349813+0.00018428917134828j),(-0.0008562018985035186+0.00338646786355439j),(0.003980918379193012-0.0023067512389396546j),(-0.0010857197651566726+0.0011958862338518005j),(-0.006044351530525412+0.023497563057724404j),(-0.0009321407907512939+0.00016410173821659597j),(0.007364958639953848+0.014886882996815766j),(-0.00045300552257323753+0.013150773172026183j),(-0.00022094813284225813+0.023929783502600114j),(-0.009503297857021465-0.005946994297424138j),(0.002261558045675512-0.022629193513643796j),(0.0021705861005478703-0.02429780596359941j),(0.9809613736681184+0.020972182220674276j),(-0.007663758050736276+0.023028086683939117j),(-0.006199275013034391+0.020156570866637163j),(-0.018734960241717773+0.02606896861320343j),(-0.007326951265353501+0.03365537308958844j),(-0.005947023527074669+0.024967541761171805j),(-0.0051119121646862106-0.008293940363689311j),(-0.015702404489262113+0.013908132326883621j),(0.006188690033105435-0.01513844632555266j),(0.005729452089352051-0.02019750664982676j),(0.005856423900751524+0.020976459183287714j),(-0.0004594152353429061+0.01252059442367644j),(4.057799756913036e-05+0.003913256760176752j),(0.0015746755884915374+0.0316041226456058j),(0.0016359721849885157+0.03461325195268869j),(-0.0016749166233914715+0.013670947483117537j),(0.006907575718114217+0.020151187141283777j),(-2.952527872573745e-05+0.012861324781555526j),(0.00013936654059685323+0.003922616594585414j),(0.0009631231736498045+0.021800313802661415j),(0.0003965360404942619+0.008280345040367709j),(-0.004685297464541139+0.010395319293549218j),(0.0008751952736469516+0.021640918170658635j),(0.0003253298455759418+0.007986446935543453j),(-0.004722620975867853+0.010418668681954043j),(0.002120423413563202+0.001233075114545219j),(-0.004472031378254392-0.0030854415487045327j),(0.0007528432537823719+0.008971940744736577j),(0.0013254550930405973+0.00017714338771360194j),(-0.0026334401185814935-0.001702217070818443j),(0.0005346740246118605+0.005096551419849549j),(-0.0004481332829790014-0.0002497334695983527j),(1.4777990847959234e-05+0.0007448118325928249j),(-4.805697739401852e-05-0.00026076979844425364j),(-0.0006754910278435822-0.00028692344969818723j),(0.00028711083085822676+0.0011788281699013337j),(-5.490512298664198e-05-0.0008151986921164402j),(-0.00048172853495533964-0.0002742991945198898j),(0.000120231481252069+0.0007888035895116858j),(-6.0604437186549405e-05-0.00044472489202219143j),(-0.0008052446946820371-0.00037938008267502255j),(0.0007340273943593548+0.0016299069583145909j),(3.905642690020452e-05-0.001477402217150076j),(-0.0008288594143335603-0.0003990279727988711j),(0.0007571075292283863+0.001654483880922548j),(4.192367652480148e-05-0.0015565895527972487j),(-0.0008028554234271619-0.00037754189261105355j),(0.0007665712209440744+0.0016601555677914753j),(4.7775649307524207e-05-0.001496910040724138j),(-0.0005435479367276409-0.00044285831210615686j),(0.0007019934881216857+0.0009300455094896473j),(-4.834312955714524e-05-0.0013442564371604513j),(-0.000376799076172351-0.0009607388063868016j),(0.0022455531697429323+0.0010059580907041984j),(0.00020450918738790556-0.0034513382001697818j),(-0.00035715382557679164-0.0010446649019296862j),(0.0024101183188874895+0.0009942616714916233j),(0.00023028698145588093-0.0036983518529570356j),(0.002121424065942677+0.0012364889581262615j),(-0.004474058703281434-0.0030861818156898467j),(0.000752546796178343+0.008977556163095066j),(6.844253013345208e-05-0.0006670751587231454j),(-0.0008904320532899504-0.0006411932520332128j),(0.0011019452866763697+0.0005004085222149629j),(-0.004838294771466735-0.005261329373292121j),(0.0019768454396890847+0.0013386488301930094j),(-0.00415862794145074-0.0029017683789936697j),(0.0006342539052924135+0.008388752430965611j),(0.001493634104192458+2.4257689555976306e-05j),(0.0011948040081490748+0.002027626044075583j),(-0.0003188250162243692-0.0019342357363004614j),(-0.0008999922088786884-0.0012276148401278333j),(0.0016820904324434825-0.0015832393614380123j)
23,(-1.2800035832929666e-05-2.5744371394312788e-05j),(-5.521691723096033e-06+2.4379835386445483e-05j),(1.8321727549215003e-05+1.3645359844470338e-06j),(-1.2693442672976385e-05-1.5589340933245647e-05j),(1.78421293296095e-06+1.3755386370501405e-05j),(8.113092712174159e-06-1.3962286512887523e-05j),(-0.0015966577076893867-0.00245675128844086j),(-0.0005221091024928055-0.00042156229216724905j),(-3.4224939877815566e-05-0.0025124352337254604j),(-0.0023991593418612586-0.003631007188351394j),(-0.0006689270346133583-0.0003562681390054095j),(2.4492573131694104e-05-0.003706546502715626j),(-0.01026082355637159-0.012835801346420966j),(0.0019388657229676678+0.010260681124453032j),(0.0031930173255551755-0.012654226608539938j),(0.0014796506607447522+0.011697942541150665j),(0.002920851655692826+0.0159803577943895j),(0.013535734115094667+0.029905351574861135j),(-0.001138241762289533+0.024658292171931107j),(0.0020280216130533976-0.021152827351460894j),(-0.015819127608898885-0.028059972565042748j),(0.004319237682392915-0.019203990135461344j),(-0.007663758050736276+0.023028086683939117j),(0.9693030358926623+0.011855455052685083j),(-0.006677810581451614+0.03369096699163906j),(-0.007302850417465362+0.03359395300037643j),(-0.030225299768944783+0.02092290933523945j),(-0.006400530074296577+0.03381352408594668j),(0.008318626074734506-0.022402287308047407j),(-0.002560169566344168+0.00898994913902173j),(-0.012833828578503284-0.01900518013984028j),(0.007489511059853217-0.017678259637881832j),(-2.8745011843118984e-05+0.016947539989210503j),(0.009566035194765368+0.010199759644412986j),(-0.005392062851220801+0.012508910472796122j),(0.00021664123980061312+0.009026135958928146j),(-0.0008689002497589476+0.010310071620451817j),(0.01659572086238586+0.010889051024360706j),(-0.00020849425188927548+0.014591596388948785j),(0.00975919777549658+0.012001136464753223j),(-0.005663892928860198+0.012548766606622552j),(-0.00231119924412745+0.0051029433560907285j),(-0.010898187892329814+0.008785700177867999j),(-0.0027746648945419228+0.000600131048344481j),(-0.00222071439286223+0.005034263451656033j),(-0.010856447691537886+0.0088843560742918j),(-0.0026168542036661387+0.0005316536128409559j),(-0.0017992637670576777+0.00034737482299040945j),(-0.0034234756804181+0.001601314369043011j),(0.0014842218823007502+0.00808139026339254j),(-0.0010791460164275418+0.00020269425595918246j),(-0.0016007777986083837+0.000970372597291479j),(0.0009792447551720106+0.004784818855964126j),(0.00029474488800938076+0.0003087200937824438j),(0.0006898845894375166+0.0002926382709724411j),(0.00021838064404705278-0.0001764960497223205j),(0.00017518511024336414+0.0004262198564128003j),(0.0006427711856055003+0.00016893173546571067j),(0.00010692347850627332-0.00032410937371052904j),(0.00036208468089024884+0.0002925952099481935j),(0.0007857090708314876+0.0002745509892435953j),(0.00018517273655126252-0.0003933929344419703j),(-6.211587607248151e-05+0.0005361501818699974j),(0.0004545464360152258+3.4242505817009238e-06j),(-0.00010175426602780147-0.000491370800934865j),(-8.535800935471254e-05+0.0005507801061493053j),(0.00044255504870294475-6.532492104971421e-06j),(-0.00012249283665664683-0.0005077299766254872j),(-7.2974636110879e-05+0.0005381671162543828j),(0.00044154652817098553-7.56486046076801e-06j),(-0.0001110404362210638-0.0004983644001952886j),(0.0006086386088564226+0.00019017083191461004j),(0.0011438446334820136+0.00017264236532923234j),(-3.276507392115547e-05-0.0014237427797519461j),(0.0008647089333877291-8.19736880909314e-05j),(0.0015716767702198312-7.858531483000142e-05j),(-0.0007660078720258137-0.003712877642119172j),(0.0009022938649187208-0.00013858367093761044j),(0.001633251671520877-0.00013113287836611937j),(-0.0008380423274977471-0.003977126261254732j),(-0.0018001600917740908+0.0003479983252156621j),(-0.0034264517587631878+0.0016027871271176407j),(0.0014845456827624493+0.00808527088278143j),(-0.0007330090087539068-6.924092565575466e-05j),(-0.0013340295422173086+0.0004642539160576104j),(0.0007139454985790148+0.0007823263550275209j),(0.012385275266766678+0.027895802458915264j),(-0.0016476074245419256+0.00033178638201802196j),(-0.0033034834184676566+0.0015396186682179406j),(0.0013798232954571523+0.007494254954942929j),(-0.0011939440097867538+0.0001194394047929169j),(0.00028158115485500587-0.0001401971160635779j),(-0.0014749156833288536-0.0001308371722267138j),(-0.002131904841348584+0.0008119227879238497j),(0.0005650679637780283-0.0003123531782275978j)
24,(-4.310662472081969e-06+2.82751010073332e-05j),(1.339537642181165e-05-8.92745431153169e-06j),(-9.084713929736716e-06-1.934764670903042e-05j),(9.186441731962792e-07+2.1114796423522334e-05j),(5.938215287813901e-06-1.1038428033932203e-05j),(-9.278316510956536e-06-9.076610176488697e-07j),(0.0001521688738052437+0.0024186644064116926j),(0.00042063515072972117+0.00018446789735029542j),(-0.0007498640404527553+0.0008900327380937626j),(0.00011238314995195599+0.0037375460460374425j),(0.0005678690189093211+0.000153165074280405j),(-0.001164570990744861+0.001325277313476897j),(-0.004120627572744702+0.020389350690853465j),(6.78872692766899e-05-0.004475576345617724j),(-0.006169918848112768+0.005197602387599724j),(0.00047896757994434955-0.00876038786181836j),(-0.004025922178974832+0.02280561093864171j),(0.00015216384835999497+0.019572990397549332j),(0.019165566154459905+0.011855499543943552j),(0.001838034441306821-0.02290322197406679j),(0.004411344537091232-0.019456939411493294j),(-0.0123629760170108-0.03171023473818036j),(-0.006199275013034391+0.020156570866637163j),(-0.006677810581451614+0.03369096699163906j),(0.9761461206569764-0.002453895326910932j),(-0.005925739684424149+0.024910054919187324j),(-0.006402965353273018+0.0338202246931844j),(-0.02325781886714522+0.012127900686647822j),(0.007609595847086922-0.026780364649680158j),(-0.001931225017676932+0.004371705832299776j),(0.00743864404806477-0.017254032501652757j),(-0.009618543958910744-0.02231646454282544j),(0.0025865624643551075+0.008084631138078105j),(-0.005177071804993022+0.014339540880065865j),(0.017617690043987097+0.005183923545389848j),(-0.0005819985922614027+0.01059644874896926j),(-0.0018253021304656513+0.012849053702607856j),(-0.008335084952829468+0.015896104774957138j),(0.002867072292206021+0.006204851863435884j),(-0.0044926503005371515+0.015130090417549247j),(0.01900087037065981+0.006124076738529627j),(-0.006985165206462078+0.011917952078127477j),(0.00431587754609865+0.009944121188874635j),(0.002795181917836475+0.01586987137385725j),(-0.007111682005045923+0.011879228732170379j),(0.004278092446969285+0.00957980315960656j),(0.0025336071246076283+0.01584040266981224j),(-0.000641457439107151+0.0038154112162835136j),(-0.0005669218229364557-0.00288848601433595j),(0.000440278514789526+0.0018210403599068963j),(0.00020079835198837776+0.0017382188066447203j),(-0.00020316839900606939-0.0021107872240723495j),(0.0003079882765702807+0.0006896176208036082j),(0.0004539071702931521-0.0009592157194698133j),(0.00013537828648971101-0.0003544885282928724j),(-0.0002303850787712454-0.000200793959121258j),(0.0004005426845900801-0.0009297895490117701j),(9.28275122806777e-05+0.00044952494747716007j),(-0.0004615258849120038-0.00034165208546687014j),(0.00046742758744248595-0.001065566528875897j),(0.00015564918906527952-0.00035943875243405545j),(-0.00022801129972383556-0.00019899510490994118j),(0.0003095967275559882-0.0007156254226972569j),(3.522161154275111e-05+0.0015680740707498474j),(-0.0007475584732724302-0.0003450962191028097j),(0.00029500262256626367-0.0007073311590839547j),(2.3269711538438653e-05+0.0016452311598250781j),(-0.0007836360534899247-0.00035628913297771356j),(0.0003086496576644557-0.000697083345226797j),(3.6281529825900804e-05+0.0016367812280275137j),(-0.000755145134204227-0.0003370436491107729j),(0.0005042668456917455-0.0014432534627973218j),(0.00024292345226198907-0.00027737422185776083j),(-0.00023568835543777804-7.176591095894337e-05j),(0.0005070813632707279-0.0017860195770072224j),(0.0004113931223801297+0.00032639647392729526j),(-0.00026142662833384994+0.0006172182602327161j),(0.0005161251337147603-0.001844366684705078j),(0.00043541178036847396+0.00036919878315865647j),(-0.00026376955886199137+0.0006748649180282626j),(-0.0006431355851477952+0.003819070413388959j),(-0.0005668878004099112-0.002888316898005263j),(0.0004407190490204352+0.0018239157061619793j),(0.00016549084156889749-1.9733664853280146e-05j),(-0.00041215485979841896-0.0008401399803361028j),(-0.0003183593245534724-9.388157575173392e-05j),(-0.008074635149233733-0.008136871906683907j),(-0.0007246196085399095+0.003613518550892393j),(-0.0004684234902698136-0.0026531178204328935j),(0.00043190043611405463+0.001810223544222246j),(0.0003372203805502331+0.0018415752662686116j),(0.00010877034874401761+0.002395495400038594j),(-2.624253515630314e-05-0.0011903767250743824j),(-0.0009410612646722106-0.0014757342930131023j),(-0.000856560184753995-0.0007625185853318843j)
25,(5.381481069948225e-06-6.977144240421464e-06j),(5.579368923115944e-06-2.0991151294014757e-05j),(-1.0960849993850016e-05+2.7968295564207346e-05j),(5.554667092314919e-06-1.1445106124898303e-05j),(-6.010826137585525e-07-3.549798442931955e-06j),(-7.019856414767776e-06+2.0328120031673022e-05j),(0.0002878580483332504-0.000353644825342577j),(-7.52806030049107e-05+0.00011759167628970285j),(-0.0005289864962860031+0.0021121839238469734j),(0.000476653565948706-0.0005345203550319744j),(-0.00012755195353990844+0.0001857441734648621j),(-0.0008539791770242501+0.0033912477395817006j),(0.003970594985988338-0.0023081861469859176j),(-0.0010891266134590541+0.0011969445618695655j),(-0.006025008522859632+0.023516128932732045j),(-0.0009342524107940518+0.0001676103098466837j),(0.007392618918008911+0.014911959306270376j),(-0.0004608817128571416+0.013145641839455722j),(-0.00023827435331792306+0.023921651687774742j),(-0.009637047213340208-0.006378998579408572j),(0.0021219436118313176-0.023642831355261653j),(0.0020544241594185136-0.025162761974672418j),(-0.018734960241717773+0.02606896861320343j),(-0.007302850417465362+0.03359395300037643j),(-0.005925739684424149+0.024910054919187324j),(0.981370218772018+0.021328809885923318j),(-0.007230910341962674+0.02321282001469496j),(-0.005799836437678232+0.020302027833463063j),(-0.005462012560651191-0.00810120612960685j),(-0.015626842885429527+0.01377999000462822j),(0.0058674436975462135-0.014250643824621156j),(0.005427549065157624-0.019437873435468045j),(0.005859560305985332+0.020938638915119576j),(-0.0004492809842019565+0.012491296842378171j),(5.011110906560912e-05+0.003886127883332099j),(0.0015687865471114893+0.03160482508897758j),(0.0016397886656431288+0.034610623890931766j),(-0.0016735431977133253+0.013678112790401929j),(0.006866380824992486+0.0201671978006766j),(-2.9890019226746036e-05+0.012863762361210864j),(0.00012907389424984372+0.0039339005839789665j),(0.0009716639685930655+0.02179468808150431j),(0.00039382797902340816+0.008276243949641382j),(-0.004684192526959997+0.010399255549454605j),(0.0008825694395870976+0.021632474031369774j),(0.00032059067156679994+0.007980274423391406j),(-0.004723271244756173+0.01042046630989291j),(0.0021197830949686667+0.0012294236146169583j),(-0.0044683457179914895-0.003081993500320365j),(0.0007509440030640138+0.008975313919129887j),(0.0013243352001055552+0.00017520182114181757j),(-0.002631385364350396-0.0017000518203273635j),(0.0005334589815755266+0.005098475854197654j),(-0.00044786811083294875-0.00024860995691344085j),(1.49731858691116e-05+0.0007448322130077056j),(-4.7546826128099017e-05-0.0002609534846523243j),(-0.0006751015887064006-0.00028548778774311473j),(0.00028709751181532704+0.001178398783569286j),(-5.426520069939933e-05-0.0008154003792568255j),(-0.0004814313406821311-0.00027309052620971976j),(0.00012034793723608603+0.0007887699007373047j),(-6.004824006823102e-05-0.0004450166609765583j),(-0.0008048352312473793-0.0003777046181809166j),(0.0007336225484930305+0.0016288426224173494j),(3.97173942661746e-05-0.001477689176885537j),(-0.0008284373278837055-0.00039731524093612313j),(0.0007566845215648487+0.0016533844859684388j),(4.259436818535207e-05-0.001556877646913791j),(-0.0008024523824255988-0.00037586584135581875j),(0.000766136333285126+0.0016590472746666998j),(4.843173385445402e-05-0.0014972054030078642j),(-0.0005431858945295414-0.0004413326227388581j),(0.0007016435348079778+0.0009296907733597715j),(-4.766205517643302e-05-0.0013451088869957059j),(-0.0003766245989752381-0.000958817998248505j),(0.002243811922874822+0.0010046916987585279j),(0.00020512276850661823-0.00345357081955661j),(-0.0003570037614977481-0.0010426982216069462j),(0.0024082281554081665+0.0009929016686717192j),(0.0002308901947556698-0.003700735622888244j),(0.0021207848707986677+0.001232834122872676j),(-0.004470371659322259-0.0030827331218814978j),(0.0007506466247566939+0.008980930794660173j),(6.83069144469936e-05-0.0006669669921494385j),(-0.0008895971648760471-0.0006408103916910653j),(0.00110190499642003+0.000501534161063985j),(-0.00483517515138783-0.0052539432423306335j),(0.0019763599301899472+0.0013351237946811392j),(-0.004155260644092901-0.002898601221278995j),(0.0006324654871111976+0.00839193331535661j),(0.0014921428110268196+2.2090694721185744e-05j),(0.0011939573540719062+0.002025969554283773j),(-0.00031860022804359106-0.0019331119330424416j),(-0.0008990119637120082-0.0012271561121472317j),(0.0016827419076752253-0.0015814186962382736j)
26,(-1.2789476129964178e-05-2.5730678178387125e-05j),(-5.509718820317262e-06+2.4393904353450492e-05j),(1.8299194942993496e-05+1.3367738010791025e-06j),(-1.268037241291906e-05-1.557105947966291e-05j),(1.7854067715055762e-06+1.3758122098308162e-05j),(8.100727805978542e-06-1.3975570579105001e-05j),(-0.001595266797971758-0.0024547306841484866j),(-0.0005215293352892902-0.0004204973297057303j),(-3.487794732311318e-05-0.0025127441752653412j),(-0.0023971725645197946-0.0036279077510755573j),(-0.0006681169430815198-0.00035463248048601265j),(2.3422636921713227e-05-0.0037070164160530293j),(-0.010254368744216568-0.012819474426399632j),(0.0019385038697543008+0.010268269305953887j),(0.00318461716719448-0.012657039640119367j),(0.0014793636398486658+0.011707655272865089j),(0.002915805253621267+0.015972059237306643j),(0.01353354597694364+0.02990318718616279j),(-0.0011322211729019142+0.024667359321930864j),(0.001856982717296611-0.022013411375951815j),(-0.015845967285864775-0.02919404795825937j),(0.004265043334949028-0.02016564466180152j),(-0.007326951265353501+0.03365537308958844j),(-0.030225299768944783+0.02092290933523945j),(-0.006402965353273018+0.0338202246931844j),(-0.007230910341962674+0.02321282001469496j),(0.9697431857184728+0.012464578604469237j),(-0.00628367008777379+0.03390522148210737j),(0.007973587806499741-0.021627608996360112j),(-0.0024765629805073124+0.00878198331208369j),(-0.013215764216400944-0.018498134540419316j),(0.007135488609040968-0.016949759569792704j),(1.0689914005033692e-05+0.016917766831013425j),(0.0095602196738382+0.010167249434118421j),(-0.005376206701386165+0.01246970462183477j),(0.000212936555844349+0.009028710397401576j),(-0.0008666253092090372+0.010308248536360901j),(0.016571503588618232+0.010897474976404167j),(-0.00023220015925326187+0.014610967014162967j),(0.009747190486906743+0.012008873258270849j),(-0.005667640878872092+0.012565879628878084j),(-0.0023125923079989103+0.005097963754740219j),(-0.010888566012809119+0.008789059571398259j),(-0.0027717569484908846+0.0006017611444031111j),(-0.0022237744633288913+0.005026204545072535j),(-0.010849162102733036+0.008884617496121891j),(-0.0026161151331704864+0.0005303682185405743j),(-0.001798824180825585+0.0003478704543838154j),(-0.0034215833772978715+0.0016052956543308981j),(0.0014831092957409316+0.008079457679280908j),(-0.0010786250402052377+0.00020314024507683652j),(-0.001599913255120994+0.0009726806660257641j),(0.0009785393610245315+0.004783741746766641j),(0.00029463127649216245+0.00030893760887587584j),(0.0006894333738709483+0.0002924624276379518j),(0.0002182218961936358-0.0001763596196349182j),(0.00017522032543143773+0.0004264277363186875j),(0.0006423763344639898+0.0001686181866759162j),(0.00010684877980629396-0.0003238993180465432j),(0.00036193519694847605+0.0002927997569008437j),(0.0007852089287202496+0.00027428035940850763j),(0.00018504312186969752-0.0003932079762530589j),(-6.180461976171641e-05+0.0005363227319040232j),(0.0004543536291213525+2.9835665752153684e-06j),(-0.00010164266672785401-0.0004910671707847956j),(-8.501861932413812e-05+0.0005509497320738523j),(0.0004423749458839999-6.9826069578312125e-06j),(-0.0001223625114557831-0.0005074141565794854j),(-7.265139586014946e-05+0.0005383375191579699j),(0.00044136755074620994-8.012211964051295e-06j),(-0.00011092055009462331-0.000498058475652922j),(0.0006083957756033737+0.00019029801061393441j),(0.0011432181776058804+0.0001719471186038277j),(-3.2683759845700397e-05-0.0014233234057005823j),(0.0008645400529685879-8.209640317022749e-05j),(0.001571124411350512-8.018013390789173e-05j),(-0.0007651977776038313-0.00371192981996848j),(0.0009021283398667353-0.00013873604182033407j),(0.0016326944020104424-0.00013282762022519615j),(-0.0008371610340884197-0.003976129245902193j),(-0.0017997211066817407+0.0003484928509861415j),(-0.003424557713699171+0.0016067699778710073j),(0.0014834326550684724+0.008083336735338634j),(-0.0007330505280965618-6.90380423717643e-05j),(-0.0013330027108467855+0.00046499981795694676j),(0.000713535487176404+0.0007824217207209247j),(0.012380957226837911+0.02789040945576829j),(-0.001647275849230271+0.00033212766836154123j),(-0.003301624298063295+0.0015433520248072374j),(0.0013787947445565358+0.007492431911399863j),(-0.0011932755553727575+0.00011987184316346322j),(0.00028156843494923705-0.0001406995357081729j),(-0.0014747678166138185-0.00013030339824782002j),(-0.002130154952201402+0.0008124846402467932j),(0.0005647773888590199-0.000311540711226425j)
27,(-4.291228489358009e-06+2.8300592177335756e-05j),(1.3386609019221383e-05-8.947556562047752e-06j),(-9.095380510027872e-06-1.935303562888371e-05j),(9.337197009877954e-07+2.112758462844963e-05j),(5.931349073533945e-06-1.105461436504567e-05j),(-9.27528375453396e-06-9.009676659737544e-07j),(0.00015442408322538688+0.0024195208856703596j),(0.0004212618577397421+0.00018338599487870318j),(-0.0007484928933942738+0.000890652841334473j),(0.00011564238552635954+0.0037390470391592857j),(0.0005686457446313436+0.00015167303812490575j),(-0.0011625792801546542+0.001326472999289157j),(-0.004110074104194356+0.020404688595491084j),(6.284389266325205e-05-0.004477836777357025j),(-0.006164597407780316+0.005212434106205994j),(0.0004695414523663478-0.0087654161384072j),(-0.004029147523539354+0.022798773752311145j),(0.00015613058304240124+0.019587075713154788j),(0.01916799990411472+0.011868790017529853j),(0.001686091936288108-0.023626216829793985j),(0.004350064698746749-0.020414252502101445j),(-0.012403890721081442-0.032796790329789896j),(-0.005947023527074669+0.024967541761171805j),(-0.006400530074296577+0.03381352408594668j),(-0.02325781886714522+0.012127900686647822j),(-0.005799836437678232+0.020302027833463063j),(-0.00628367008777379+0.03390522148210737j),(0.9765417960031625-0.0019093139664288316j),(0.007284105799147291-0.02611632839757036j),(-0.0018533897567787328+0.0041688086634544125j),(0.007087652469095186-0.016518907721145264j),(-0.009937529683147232-0.021787345050871924j),(0.0026207554461659477+0.008056636808316819j),(-0.005166415025895143+0.014301376319044448j),(0.017603638903240584+0.005154930886687129j),(-0.0005856505576052524+0.010599648109915896j),(-0.001823282685097615+0.012848541680340216j),(-0.008334462581457484+0.015902904754349557j),(0.0028450825465680713+0.006231235706189692j),(-0.004490275531173292+0.015142762603104553j),(0.01896633372441343+0.006130698763285942j),(-0.006986477187015418+0.011920242330849283j),(0.004315606508980885+0.009946998907006017j),(0.002799187287393765+0.015861242088724446j),(-0.007114557937989056+0.011878479717260354j),(0.004275568150292123+0.009579837904894254j),(0.002536014319407521+0.0158290691804229j),(-0.0006416718610221599+0.003817038673848183j),(-0.0005632316883151108-0.0028859995451758743j),(0.0004392784657352253+0.0018179872074106668j),(0.00020077872479475263+0.0017396381593672008j),(-0.00020107255009523317-0.0021089101906523766j),(0.00030731202923203445+0.0006886701623646956j),(0.0004540113642910175-0.0009590516862150028j),(0.0001350062906601975-0.0003541795879174134j),(-0.0002303480222753338-0.000199581116505711j),(0.0004007387801222555-0.0009297841273620952j),(9.233819952412977e-05+0.00044923145847868603j),(-0.00046113638270951004-0.00034002574920120486j),(0.00046753409619517696-0.0010654659270673225j),(0.00015518916575391764-0.0003591454514101053j),(-0.00022797606249684365-0.0001977603126860183j),(0.00030996224753457877-0.0007159746139180111j),(3.467348818688202e-05+0.001566901980430624j),(-0.0007466896896116008-0.00034314090867930327j),(0.0002953929627123803-0.0007077076974805682j),(2.2724302734658964e-05+0.0016439996593642628j),(-0.000782708522690333-0.0003542891191059515j),(0.0003090183313319676-0.0006974537111985534j),(3.572660758698401e-05+0.001635554300103039j),(-0.0007542623764270985-0.0003350835372328358j),(0.0005044305580843527-0.001443579117634145j),(0.00024211418276996752-0.0002772723608436186j),(-0.00023559780173198103-7.054180050188822e-05j),(0.0005075129676075918-0.001787745907920855j),(0.0004099925634455712+0.0003256539672414876j),(-0.0002610731876925114+0.0006179342365993093j),(0.0005165717468388694-0.0018462439975920242j),(0.00043393592058134855+0.0003683636262685026j),(-0.0002633956685023659+0.0006755381802047793j),(-0.0006433506524984692+0.0038206975489097745j),(-0.0005631961167937941-0.002885830092569869j),(0.0004397187872296662+0.0018208586942203252j),(0.00016548075265506563-1.9375484989073502e-05j),(-0.0004114446940314781-0.0008401655003609609j),(-0.0003184061460800604-9.418253040723848e-05j),(-0.00806895505718925-0.008139185759905505j),(-0.0007248655388935553+0.0036150147562777975j),(-0.00046499837718942135-0.0026508009332682388j),(0.00043101979454483784+0.0018072352474340627j),(0.0003372090389664722+0.0018431235805879157j),(0.0001080956604188148+0.002393653832533343j),(-2.60952243015794e-05-0.0011900517059241394j),(-0.0009404385051208933-0.001476241922869743j),(-0.0008563697626511864-0.0007626261554581257j)
28,(4.944907363903879e-06-7.173112530230282e-06j),(4.471906895935103e-06-2.1605409292122263e-05j),(-9.416814260211245e-06+2.87785218509121e-05j),(4.706520341052042e-06-1.1691091800953687e-05j),(-9.534125707499776e-07-3.5736761076152365e-06j),(-6.117026377966175e-06+2.1004671366589036e-05j),(0.0002017979139835706-0.00032405170610414835j),(-0.00013064335860378496+0.00015721472919247867j),(-0.00047502552845449665+0.002203154317053617j),(0.00035247927575610615-0.0004907039628128632j),(-0.00020361565087658557+0.00024227451146054298j),(-0.00076357255901981+0.003525344918362718j),(0.0037000381460551798-0.0021188602803669256j),(-0.0011840362979736042+0.0012975954821073897j),(-0.00529166743164753+0.02396607775295234j),(-0.0010011417337595203+0.00036912666194360405j),(0.008073406529124154+0.015343106838122147j),(-0.0007385595473242256+0.012288043887507342j),(-0.000874802338510929+0.022953927845719767j),(-0.014728554632622192+0.026858591938540306j),(-0.003987351243727817+0.011276083748918905j),(-0.0023291188967747797+0.008197882233459516j),(-0.0051119121646862106-0.008293940363689311j),(0.008318626074734506-0.022402287308047407j),(0.007609595847086922-0.026780364649680158j),(-0.005462012560651191-0.00810120612960685j),(0.007973587806499741-0.021627608996360112j),(0.007284105799147291-0.02611632839757036j),(0.9681735587500002+0.03849566298430493j),(-0.010475585343042718+0.0025826747228609136j),(-0.019123643568120817+0.054533523435871555j),(-0.01685309873891187+0.04795315835184119j),(0.00581321182727752+0.017416720285259576j),(0.00027638399398698186+0.011820585755801671j),(0.0005215867919531683+0.0026338851128165953j),(0.001279331738249552+0.03162504955697355j),(0.0017854551393376426+0.034443692072824716j),(-0.001672654822934692+0.013718200433662014j),(0.005300181126648986+0.021915914924657963j),(-0.00028325057293413945+0.01193524433961557j),(-0.00032728911487067724+0.004108087786281035j),(0.0013144957525872462+0.021544984918891036j),(0.0002872395063097939+0.008085758716169048j),(-0.004570017664151992+0.010480353617044346j),(0.0011790927115946988+0.02125164256470986j),(0.00014822816245916508+0.007783727476987187j),(-0.004671456341643858+0.010460799758514364j),(0.0020643495459531664+0.001150053133967507j),(-0.00425672479432306-0.0028768585669044014j),(0.0006436863637391086+0.008932978815231687j),(0.00126368926344706+0.0001397011888970498j),(-0.002510071198018703-0.0015752609094840699j),(0.000466409766495115+0.0050758352253023895j),(-0.0004281878229647521-0.00021508237543324546j),(2.3772293522439348e-05+0.0007367407123317021j),(-2.5045454645105216e-05-0.0002575862330436802j),(-0.000648058495269477-0.0002414386475854762j),(0.0002827516282329413+0.0011480179979759509j),(-2.659942206463756e-05-0.0008000073612143213j),(-0.0004599082670792132-0.00023814165184604663j),(0.00012459020681698747+0.000777140928092666j),(-3.49447392853464e-05-0.00044235778409222793j),(-0.0007762687440260041-0.00032458099118695466j),(0.0007060994170979176+0.001569586106125242j),(6.66052125694273e-05-0.0014503447371171357j),(-0.000799154755208081-0.0003426447253333724j),(0.0007280154114946737+0.0015925943549275298j),(6.9801841896772e-05-0.0015278245863815478j),(-0.0007742188950896591-0.00032278223643149914j),(0.0007368873788433162+0.0015977757253556573j),(7.498744988998246e-05-0.001469693578083733j),(-0.0005178716503840981-0.00040159374140226727j),(0.0006793416291108838+0.0009001039364001466j),(-1.505887050540683e-05-0.0013471707756888627j),(-0.00036087544887891486-0.0009153478539336382j),(0.0021445094597349968+0.0009324690275531247j),(0.0002369637010731553-0.003469048239159864j),(-0.00034244460432821195-0.0009986649396715981j),(0.0023007537771122092+0.0009162612774243364j),(0.0002626236530030832-0.003717712377001023j),(0.0020653868792143695+0.001153374145601566j),(-0.00425867241324378-0.0028775481324846853j),(0.0006433443952352267+0.008938555214046186j),(6.688095325947291e-05-0.0006408325833192456j),(-0.0008413982171915637-0.0006148896925528926j),(0.0010756720709980238+0.0005321799400677348j),(-0.004736709838292366-0.0048753944132337535j),(0.0019297669128632569+0.001258947929941967j),(-0.003961575451291662-0.0027106378383082354j),(0.0005324175455238066+0.008352853354681881j),(0.0014149235606506353-1.8103294785921584e-05j),(0.0011416354755848515+0.001939362723293906j),(-0.00029472916502921726-0.001853910072879263j),(-0.0008426446225794609-0.0011940343234318434j),(0.0016724986867025851-0.0014889388698403488j)
29,(4.278924266657125e-06-8.533320084588388e-06j),(4.227356941357193e-06-2.2569928054057398e-05j),(-8.506281207376252e-06+3.110324816019969e-05j),(4.0767558737737485e-06-1.2994035095689089e-05j),(-8.345346756220582e-07-3.331289134676229e-06j),(-5.72535250280808e-06+2.2345955400163737e-05j),(0.00014567290597533155-0.0003882831449583202j),(-0.00013150364284967528+0.00019009436864585172j),(-0.000445870491494809+0.002330539809946279j),(0.0002667474945618828-0.0005994895953451871j),(-0.00020743704604179309+0.000284096106242508j),(-0.0007260844592502051+0.0037193146049510767j),(0.0032436987262152318-0.0031010180931343597j),(-0.0012464779134994046+0.0012103135029676488j),(-0.005362001968686804+0.02492569877213275j),(-0.0009108800148267152+0.00015548580817300976j),(0.009829851248419858+0.01670844091529515j),(-0.0014623193811968615+0.012436844203158406j),(-0.0010764856425889405+0.023101955201978767j),(-0.013069018561435563+0.008262117031693975j),(-0.0020670008078587042+0.008022158541939241j),(-0.0016446670612549946+0.003337184233293976j),(-0.015702404489262113+0.013908132326883621j),(-0.002560169566344168+0.00898994913902173j),(-0.001931225017676932+0.004371705832299776j),(-0.015626842885429527+0.01377999000462822j),(-0.0024765629805073124+0.00878198331208369j),(-0.0018533897567787328+0.0041688086634544125j),(-0.010475585343042718+0.0025826747228609136j),(0.9834556289583087+0.012772397900915805j),(0.0029217429369242185-0.005753283540721798j),(0.0030314592871055293-0.009957386489325693j),(0.007347821894199035+0.02102431392122399j),(-0.001043597872044468+0.012905731449387283j),(-0.0008158244934360129+0.003994261631338862j),(-0.0008462612837958326+0.031849686526425836j),(0.0038453937165636703+0.033734955072069646j),(-0.002518449919720592+0.014423301419762726j),(0.008590162798194793+0.020417976899540308j),(-0.0005376026011877044+0.012766566943134959j),(-0.0005903244532323657+0.0038627876598587574j),(0.0007374525951010273+0.022024395657228378j),(0.0008412630379693204+0.008211247679410094j),(-0.0047703055089362905+0.010464554506687625j),(0.0006346422784109065+0.021878918842272506j),(0.0007825821799632449+0.00795393108005001j),(-0.004790394769010149+0.01052164789785495j),(0.002227244044770432+0.0009419287777285863j),(-0.004611658682902696-0.003118377955930512j),(0.000835856388583463+0.009332688936491314j),(0.0013721378236577157+1.0310509869736195e-06j),(-0.0027568415017245568-0.001676486759626894j),(0.0005538662698911049+0.005339377708076217j),(-0.0005130967807397133-0.0001897505826159086j),(-5.034106521027552e-05+0.0008176288034539105j),(-9.285841629232388e-05-0.00023771053289043217j),(-0.0007242052822153742-0.000241324423471605j),(0.00025825032178248316+0.0012299413737301855j),(-7.354315928773082e-05-0.0008434607738173462j),(-0.0005507515475262776-0.00020549401725526234j),(5.7057741460554744e-05+0.0008635922812815151j),(-0.00010861634334826157-0.00042753027619231313j),(-0.0008124233411943534-0.0003777288392629468j),(0.0007761245345263271+0.0016355054004247433j),(7.259684036482121e-05-0.0015791844203119829j),(-0.0008322078095971707-0.0004020078924829567j),(0.0008043479834420313+0.0016563639337334078j),(8.081740240756588e-05-0.001666068250384435j),(-0.0008079035598513427-0.0003778171584054011j),(0.0008130606542260906+0.0016632172441824395j),(8.36088491628842e-05-0.0016015973084596547j),(-0.0006141723743570782-0.00035419269800943186j),(0.0006686967238386437+0.0009983044393570269j),(-9.434900192942946e-05-0.0013668099083608168j),(-0.00039098918219023887-0.0009010315909146207j),(0.00234755548830444+0.0009994382920008177j),(0.00021973756159349622-0.003608663880335806j),(-0.00036601432427467277-0.0009877903912606043j),(0.0025250522140752747+0.0009805561889269314j),(0.0002510743687421564-0.003869813938785763j),(0.0022282993313049266+0.0009452488268125257j),(-0.004613660774831501-0.0031192010210777544j),(0.0008356248663829702+0.009338444928143215j),(3.909506383663325e-05-0.000723557702434502j),(-0.0008850352092115566-0.0006352453404120962j),(0.0011696052207202593+0.0005382251413086594j),(-0.005050772465488174-0.005429232415300979j),(0.0020724904743017027+0.001072032242485017j),(-0.004282183947574786-0.0029355637179858214j),(0.0007109577895129775+0.00872434832605056j),(0.0015484582760417868-0.00018106814981776014j),(0.0012903609450171504+0.002006929581218767j),(-0.00037776833764167504-0.001977842365765005j),(-0.0008648928311455327-0.0012250480968776557j),(0.0017918289028616247-0.0015988544894664184j)
30,(-1.225820501888641e-05-2.500085024265718e-05j),(-5.042739063134897e-06+2.453108700565538e-05j),(1.7300944074555992e-05+4.697632136095719e-07j),(-1.2064317927933276e-05-1.4751847875119047e-05j),(1.802349638182559e-06+1.3747147075023929e-05j),(7.587958023424392e-06-1.414365644608497e-05j),(-0.0015212580406158576-0.0023381520030524086j),(-0.0004893451074683792-0.00035778223067592374j),(-4.985294481749331e-05-0.0024680603846794864j),(-0.002289422600907341-0.0034520726231453084j),(-0.0006237021380455674-0.00026307426374553786j),(-3.1943047006832877e-06-0.0036418776931679475j),(-0.00986504786156608-0.012032962833024153j),(0.0019199079862638373+0.010524322745686956j),(0.002894897712909076-0.012482319664282857j),(0.0014962873381182736+0.01201750128392821j),(0.0027237810649306258+0.015261395496223087j),(0.013087947611358623+0.029035388315151435j),(-0.0008873519965654822+0.02411759606558479j),(-0.0041472045409473735+0.00722605809399229j),(-0.02018632726481403-0.001607553325206873j),(0.0008478515808378159+0.011140961804939169j),(0.006188690033105435-0.01513844632555266j),(-0.012833828578503284-0.01900518013984028j),(0.00743864404806477-0.017254032501652757j),(0.0058674436975462135-0.014250643824621156j),(-0.013215764216400944-0.018498134540419316j),(0.007087652469095186-0.016518907721145264j),(-0.019123643568120817+0.054533523435871555j),(0.0029217429369242185-0.005753283540721798j),(0.9586060455757628+0.02717311893209239j),(-0.01760452971082434+0.056052931201797995j),(0.0014023060357011322+0.012931362988389698j),(0.009519747479798234+0.009984865456335057j),(-0.004517159249284576+0.010790291490571762j),(2.173466423341223e-05+0.00914152884647529j),(-0.0007605477469465973+0.010189695392739317j),(0.015263326528965105+0.0109709734781988j),(-0.000838651250497788+0.016925125135127634j),(0.00880103638829955+0.010821789123769434j),(-0.00576684497340918+0.012728477913906053j),(-0.00234527592843773+0.004951174517134147j),(-0.010335403635210908+0.00891465511045731j),(-0.0026748420665543204+0.0007151867759109002j),(-0.0023282058583374387+0.0047355538533918745j),(-0.010372030430594377+0.008972129884697751j),(-0.002599650569424491+0.0005821380607704471j),(-0.0017848060087628421+0.0003983062962867531j),(-0.0032994407783863734+0.0017928484750117483j),(0.0013975612141625582+0.007873819837869809j),(-0.0010618148035395122+0.00023823398365643497j),(-0.001546182986124701+0.0010814643776618869j),(0.0009248897626628105+0.004666292009645085j),(0.00028752922108892995+0.0003125380479177365j),(0.0006609305635218698+0.00028362250335662475j),(0.00021111491639082876-0.00016401642215426164j),(0.00017841017234281005+0.0004282319887627655j),(0.0006172614483038667+0.0001525234047664685j),(0.0001069591499354086-0.000302725805006556j),(0.00035311092951650333+0.00029498907637123773j),(0.0007535241398380222+0.0002609925920840239j),(0.00017994068097634477-0.0003759618798270183j),(-4.107700820216792e-05+0.0005348308770422995j),(0.00044086982015442016-2.0573144752866236e-05j),(-8.84082614646133e-05-0.00046009502479852455j),(-6.247489468345666e-05+0.0005491865664904692j),(0.00042970296517772714-3.105010485148028e-05j),(-0.00010776384702729583-0.00047525436611326475j),(-5.119217677852352e-05+0.0005366616139351188j),(0.0004286346896970444-3.1998741126137986e-05j),(-9.714108834796048e-05-0.00046681114672197715j),(0.0005956767706019899+0.00018505985271904512j),(0.001102343993438247+0.00013844280194449726j),(-2.4389802740114276e-05-0.001383188930606153j),(0.0008586502499428012-0.00010761731007462132j),(0.0015298969891066098-0.00015778902000208352j),(-0.0007133176471570875-0.003622310925955681j),(0.0008966979641823526-0.00016644761507559128j),(0.001590761661860738-0.00021519894866427972j),(-0.0007808613406253464-0.003881472619617637j),(-0.0017857187501822724+0.00039892143409975267j),(-0.0033023042023450928+0.0017943944127621712j),(0.00139784712661704+0.007877580495111915j),(-0.0007288035769333978-4.8105396239124304e-05j),(-0.0012736751550257667+0.0004988312504427203j),(0.0006779538908342114+0.0007770894938694437j),(0.01204192093734657+0.02760113768010354j),(-0.0016369528096810795+0.00037712571188410447j),(-0.0031827342036437846+0.0017178157562209688j),(0.0012986192727287042+0.007300241629627549j),(-0.0011703836502818484+0.00015562958867674712j),(0.00027734370400332145-0.00016891140933089762j),(-0.0014511839529915604-8.62655586483632e-05j),(-0.0020311810931268647+0.0008396182680437061j),(0.000530931467758998-0.000261539516794095j)
31,(-3.705573667746739e-06+2.878699490016848e-05j),(1.2612470026813736e-05-9.515094118182973e-06j),(-8.906896339622826e-06-1.9271900795702603e-05j),(1.2137191900546132e-06+2.1284672619022303e-05j),(5.548590591736127e-06-1.1450706080493671e-05j),(-8.78121381776985e-06-6.498320475334436e-07j),(0.00021050900506789684+0.0024202448556796922j),(0.0004274347700415327+0.00014747878768507552j),(-0.0006729959849726401+0.0009021852011148451j),(0.00019865907093410528+0.0037484277912022655j),(0.000574763277128144+0.00010506449314670249j),(-0.0010494910257740568+0.0013536308206333748j),(-0.00375147786636796+0.020777443607493788j),(-0.00010100729812794113-0.004414367287075233j),(-0.005721971893661522+0.00569618164542021j),(0.00015474794257027379-0.008709897632941195j),(-0.004001885520407026+0.022177344206511025j),(0.00030431964403032554+0.01929759253068829j),(0.018668920896888735+0.011650804767015771j),(-0.0028619268815855093+0.005208384863678164j),(0.000801796900319724+0.011682834497324782j),(-0.014698966539378435-0.012007795010778005j),(0.005729452089352051-0.02019750664982676j),(0.007489511059853217-0.017678259637881832j),(-0.009618543958910744-0.02231646454282544j),(0.005427549065157624-0.019437873435468045j),(0.007135488609040968-0.016949759569792704j),(-0.009937529683147232-0.021787345050871924j),(-0.01685309873891187+0.04795315835184119j),(0.0030314592871055293-0.009957386489325693j),(-0.01760452971082434+0.056052931201797995j),(0.9674536045749317+0.01423589482336302j),(0.0036812510554498873+0.004512884216003977j),(-0.004285376395032013+0.013439124140631024j),(0.01681148692112817+0.004157305985801196j),(-0.0007652157788828244+0.010722965350804792j),(-0.0017223653096310985+0.012759971428862628j),(-0.008160965573319256+0.01593133058296039j),(0.002171690917801773+0.008665536759653914j),(-0.004555530206464568+0.01440446946946514j),(0.01718151330626772+0.005890476284532638j),(-0.0068943491739776736+0.01194242146205151j),(0.004151273149857734+0.009944654239619188j),(0.0030524339804050334+0.015480478414552558j),(-0.007084768615494805+0.011761641258612603j),(0.004038070195222791+0.009550013967586429j),(0.0027397178469704708+0.015389055101920554j),(-0.0006628336054021814+0.0038367327814802384j),(-0.00038841494211721336-0.002719785513081532j),(0.00037601649772172913+0.0016725341944519084j),(0.0001781485646712988+0.0017778153576870463j),(-0.00010339893905183568-0.001987555857329544j),(0.00025879581903423977+0.0006430377517265351j),(0.0004527723089266388-0.0009376861746577007j),(0.00012085515920908787-0.00033696626533765014j),(-0.00023099640635963016-0.00014277625303242493j),(0.00040696286796282734-0.0009164098260567024j),(7.269967701046528e-05+0.00043077646658604086j),(-0.00044342013285932297-0.00026665453269372535j),(0.0004667704070790175-0.0010453718218376216j),(0.0001370436496442227-0.00034344049978367964j),(-0.00022824584086136458-0.0001397652134791029j),(0.0003277806087159888-0.0007223107830100956j),(1.1847109241630658e-05+0.0014961171182864361j),(-0.0007043560854450827-0.0002594890835036067j),(0.0003148661775262381-0.000715547539723877j),(1.6631138521384925e-07+0.0015695984460772183j),(-0.0007373006727751235-0.00026902689515158774j),(0.0003270599966883603-0.0007049871728599884j),(1.2455420335030862e-05+0.0015615426226074558j),(-0.0007112442686420266-0.00025145445231456115j),(0.0005083282538119349-0.0014372413510263477j),(0.00020799256500338574-0.0002758477680389852j),(-0.00023096817802421341-1.3690146600565034e-05j),(0.0005286825092318652-0.00183988181197825j),(0.000348075481171665+0.000269807827097909j),(-0.0002387326500775595+0.0006448422259967466j),(0.0005389466338243899-0.0019045560661254965j),(0.0003685846617058245+0.00030647934000371953j),(-0.00023952744842226087+0.0006998312918457495j),(-0.0006645067215090636+0.0038403555800458557j),(-0.0003883208897579254-0.0027195944265290244j),(0.0003764556263892153+0.0016752286230552228j),(0.00016101026545364578+1.822598513571451e-06j),(-0.00037328852053168226-0.0008279808122950124j),(-0.0003221957420955683-9.81854492550446e-05j),(-0.007809004990135904-0.007990671447040817j),(-0.0007434605065343149+0.003634395717529738j),(-0.0003055230707396872-0.0024979703694607046j),(0.0003751329652516011+0.00166574784785058j),(0.0003102044342874607+0.0018849581087422773j),(7.654077980162946e-05+0.0022839446085946504j),(-1.8451151859875572e-05-0.0011468519902202668j),(-0.0009000038264587776-0.0014737484167131343j),(-0.0008423064897793923-0.0007385456762254923j)
32,(-4.418789093817888e-06+2.123287448192466e-06j),(-3.415022802065386e-05-3.083056160915983e-05j),(3.8569017121148117e-05+2.870727417872281e-05j),(-1.941218324951187e-05-3.532879538442267e-06j),(-1.4442532013302356e-05-6.039287446628902e-06j),(2.4250603113523e-05+2.9089970655587993e-05j),(-0.0020456952582873634+0.001824140447985438j),(-0.00183821924621863+0.0014859759179919824j),(0.0015454678005114497+0.004103986326725085j),(-0.002788589737505599+0.002863071182102164j),(-0.0025646057771544044+0.0021860561675338406j),(0.002632611030673314+0.006221945347061952j),(-0.0007827607140175291+0.01730454188640057j),(-0.003607163587053764+0.007209630064570731j),(0.023064710858021028+0.028570524721269606j),(-0.0037648405168336533+0.011044175557346058j),(0.011934447412781227+0.021578744946536756j),(-0.008862779794622638-0.026002864603177932j),(-0.024807959482840383-0.020341686893726212j),(0.006195984714883373+0.01908579483864484j),(-0.0009990550995993594+0.013851213549331897j),(0.001525654047922349+0.005778243753869299j),(0.005856423900751524+0.020976459183287714j),(-2.8745011843118984e-05+0.016947539989210503j),(0.0025865624643551075+0.008084631138078105j),(0.005859560305985332+0.020938638915119576j),(1.0689914005033692e-05+0.016917766831013425j),(0.0026207554461659477+0.008056636808316819j),(0.00581321182727752+0.017416720285259576j),(0.007347821894199035+0.02102431392122399j),(0.0014023060357011322+0.012931362988389698j),(0.0036812510554498873+0.004512884216003977j),(0.9460921896435609-0.000991448416500135j),(-0.0005619242490463216+0.003951746673968192j),(-0.006220418885056912+0.011591676182163233j),(0.0022930680762157226+0.02653798607259525j),(-0.004637087644293218+0.0298973458091934j),(0.006264685100133107+0.0015435669809193593j),(-0.054570618897722065-0.012290677716370262j),(-0.0014640724275418494+0.0042246410989404005j),(-0.0068160177258072335+0.004765593815446853j),(0.01642716081238455+0.005749195448327457j),(-0.00843857264150083-0.0013212876908556513j),(0.0012457080778064044+0.011096715242964815j),(0.01726029832004706+0.006184814929503976j),(-0.008323982298283373-0.001033237417018884j),(0.0013460104965582823+0.011289518169189956j),(-0.0018090048596152539+0.0008395180750069321j),(0.007706279649954958+0.008330848276760094j),(-0.005424523436699881+0.00046203826229722616j),(-0.0021506620920749976+0.0005600071574626414j),(0.004664858446914513+0.004919391583005002j),(-0.0030998195213091046+0.00013337697025579513j),(0.0010642125061740742+0.0006872598317609288j),(0.0008261761309641431-0.0002763388659645675j),(0.0013064435786133532+3.0807059925479745e-05j),(0.0011458462114856548+0.0011747429350592344j),(0.00016253355028007408-0.0008627040695774199j),(0.0013812664065651922+0.0006459908848101383j),(0.0011534795936051765+0.0006299482360589265j),(0.0006741839632327239-0.00044295170733266555j),(0.0014507209384456666-6.059613490601911e-05j),(0.0008648731141731174+0.0017501632656030282j),(-0.0010570533526667388-0.0015863554080761456j),(0.0010921638955869873+0.0013383481499789135j),(0.0008569697084336286+0.0018315729838096345j),(-0.0011267451199227698-0.0016162621557263609j),(0.0010766436023256216+0.001425730687160941j),(0.0008378051525558067+0.0017597473301197084j),(-0.001142597936721198-0.001641820706793607j),(0.0010686927193131108+0.0013556260407859913j),(0.001307301679181549+0.00037880387155120836j),(-0.00034476106630840187-0.001228415038916784j),(0.0018551637032284917-0.0005029247420223907j),(0.0006466030441781185-8.051657953553371e-05j),(-0.003685239018646972-0.002876057490926255j),(0.0017536308934630292-0.0014121490574247673j),(0.0005741556216539357-0.000151379013358937j),(-0.0040296802505847265-0.003070198937231112j),(0.001748433897510982-0.0015334546011864856j),(-0.0018069869498558862+0.0008401377974706185j),(0.007708840509012967+0.008334611746659332j),(-0.00542713034162662+0.0004631807441290844j),(0.0002639846927824101+0.0014193381863721306j),(0.0016842846158753892+0.000814656943099671j),(-0.0011182508206070722+0.001345862479938103j),(0.00024696464487412796+0.015483535575427813j),(-0.0014459271903624307+0.0008193508609102987j),(0.00701575267167803+0.007696528670487255j),(-0.0050902707226233995+0.0005148028525487156j),(-0.002834423644460683+0.0004672495317491563j),(-0.0022260694841569678-0.00240259807348653j),(0.0014856299999048248+0.0028724699562667393j),(0.0019502244055897725+0.0007056434911706694j),(-0.00034269452890307357+0.0033054157080335198j)
33,(1.2529614297246556e-05+1.1377967913195641e-05j),(1.4377143828242374e-05+2.125642938743184e-05j),(-2.6906758137708922e-05-3.2634397315132176e-05j),(1.6024641199182794e-05+2.2713451545171863e-05j),(1.8301872034483652e-06+9.77816969520504e-06j),(-1.440155574707947e-05-1.4441081729521196e-05j),(0.0020026493868612505+0.0033308234228394233j),(0.0010426516358111614+0.002571861668136468j),(-0.00045418063097594835+0.00048301462952802555j),(0.002948313459207093+0.005081891634669896j),(0.0014436705480107086+0.003937294911503393j),(-0.0007915061636290847+0.000654476160446088j),(0.010153206903573431+0.02462198282707811j),(0.0012021640213556797+0.019655064735088493j),(-0.007611788590975825-0.00037095033382313503j),(0.0027167989033297733+0.022759464009722622j),(-0.011335212763653154-0.014307726546509622j),(-0.013954536809222665-0.014530831024124606j),(0.008243759670152114-0.009091411675394064j),(-0.0006573265738653161+0.011911644922465936j),(0.009491119074849556+0.01203756592434661j),(-0.00503832050147795+0.015354150139615094j),(-0.0004594152353429061+0.01252059442367644j),(0.009566035194765368+0.010199759644412986j),(-0.005177071804993022+0.014339540880065865j),(-0.0004492809842019565+0.012491296842378171j),(0.0095602196738382+0.010167249434118421j),(-0.005166415025895143+0.014301376319044448j),(0.00027638399398698186+0.011820585755801671j),(-0.001043597872044468+0.012905731449387283j),(0.009519747479798234+0.009984865456335057j),(-0.004285376395032013+0.013439124140631024j),(-0.0005619242490463216+0.003951746673968192j),(0.9701348464258754+0.0029147018754758407j),(0.002498472150646499+0.013943124549322514j),(-0.0022319019557358794+0.008271451216792094j),(-0.0007592299814283434+0.006166580538904384j),(-0.039133166020235255+0.0030697668951762975j),(9.96931964740923e-05+0.002926513579982179j),(-0.02861713634093835-0.006229923111694631j),(0.002864527950047512+0.0027156201206656305j),(-0.003532622006724578-0.0027900952129276298j),(0.013119850691583978+0.012651956122751534j),(-0.0005137174832613943+0.005588125268238645j),(-0.0036393236216513474-0.002679583352580568j),(0.013390279270028468+0.013087418394098894j),(-0.0006254277305835355+0.005686897174488571j),(-0.0015952286448479205+0.00366356683449833j),(0.003482347826774549+0.010371058758392289j),(-0.0034836267136299083-0.0044367815955833j),(-0.0006893319541357108+0.0023806996265494703j),(0.001607593116656962+0.005975526887109311j),(-0.0020456526128918716-0.0024788837611361392j),(0.00011637462969318818+0.00024128705718108904j),(-0.0005800669295960116-0.00029804385153673317j),(5.4130749983676154e-05+0.0004466487493510734j),(0.0005074949700299435+0.0003060090204803599j),(-0.0005681150926872747-0.0007480389252566206j),(0.0002899187571603763+0.0009433660008576032j),(0.00011757571795403216+0.00012820475732324386j),(-0.000659376718621887-0.0005244171475945573j),(0.00013673858187662635+0.0005169533161790666j),(0.0010645269464392665+0.000365041715878478j),(-0.000393198270725807-0.0012226347392800185j),(0.0006489813719371574+0.0015128108734240508j),(0.0011257383572988368+0.00037989904012030633j),(-0.00037746657626324125-0.0012517144688888693j),(0.0006889903287826948+0.0015823984432441667j),(0.001084746539049833+0.0003619473827836169j),(-0.0003836969490461377-0.0012526032974989115j),(0.0006618112791946288+0.001528523318025664j),(0.00020954266490118398-0.0004178349503931203j),(-0.0009049227030126141-0.0015440458512966763j),(0.0006039588569845819+0.0008458969133388265j),(0.0006904527013221424-0.0016730916420503558j),(-0.0010337337671414645-0.003699326435477516j),(0.0018861005771783966+0.0015752500802862128j),(0.0007398604525749062-0.0018336338336295468j),(-0.001059401346830188-0.003956093504225027j),(0.0020224850203643006+0.0016237891148712963j),(-0.001596668844192465+0.0036645809482264355j),(0.0034855957068730976+0.01037709537554416j),(-0.003485268630235721-0.004438762719669942j),(-0.000329341492898483+0.001282981028669423j),(0.001641084641003084+0.001978247625035296j),(-0.0014221625733917887+0.00032567850521597196j),(-0.004997791010587223+0.015125051567133452j),(-0.0015762470514476346+0.003299284194539261j),(0.0033949311783662054+0.009800909071287781j),(-0.003268949698138988-0.004113596643921341j),(-0.0005960983454953396+0.002424290860220478j),(-0.00030369017825897904-0.00159304989403042j),(0.00013804561937064803+0.0024858049589994427j),(0.002695038052149183+0.002099842514049154j),(-0.0016193880976197851+0.002413082090685269j)
34,(1.549625752614579e-05+3.636800169584162e-05j),(-2.7718257302628068e-05-2.409131432065213e-05j),(1.2221999779712446e-05-1.2276687383632248e-05j),(5.251059499854254e-06+2.045754509684319e-05j),(-1.226744663435895e-05-2.0938300618451148e-05j),(1.9146021054147157e-05+6.535695497593224e-06j),(0.0016643658454979157+0.0016823042962187118j),(0.00020636840327641504-0.001136545038569553j),(0.002747809281720411+0.000794048691766973j),(0.0024940881126433714+0.002989840083015727j),(0.000167381098358654-0.0014763813558031271j),(0.004134746305023959+0.001547866416186634j),(0.009989240787161515+0.030803807514189808j),(-0.005561112623622701+0.0021742291942595353j),(0.017451662368951352+0.02026747473234016j),(-0.010865724661875307+0.00046128678735736506j),(-0.004477153854562016-0.002740510505685162j),(0.005870675040149518-0.0015994226181909946j),(-0.01677070780068908-0.007747231987817741j),(-0.00018513670412072724+0.003565542017361037j),(-0.005531409484005834+0.012954910122092501j),(0.017188169869032287+0.005937750164320816j),(4.057799756913036e-05+0.003913256760176752j),(-0.005392062851220801+0.012508910472796122j),(0.017617690043987097+0.005183923545389848j),(5.011110906560912e-05+0.003886127883332099j),(-0.005376206701386165+0.01246970462183477j),(0.017603638903240584+0.005154930886687129j),(0.0005215867919531683+0.0026338851128165953j),(-0.0008158244934360129+0.003994261631338862j),(-0.004517159249284576+0.010790291490571762j),(0.01681148692112817+0.004157305985801196j),(-0.006220418885056912+0.011591676182163233j),(0.002498472150646499+0.013943124549322514j),(0.9482591726769211-0.007850507079166739j),(-0.003240071318265537+0.010058831262104682j),(-0.0010343047116443279+0.009223777290432177j),(0.00810733383389016+0.00541643519803031j),(-0.006746934133385934+0.0048189030692415225j),(0.001577039990524476+0.004588659442311952j),(-0.052664219267965634-0.007739782122290623j),(-0.0001709110373567732+0.00802715465306928j),(-0.008658917298215526+0.006232394382008764j),(0.013922523943070243-0.0017785797186167032j),(-3.983909690741293e-05+0.008162409781242448j),(-0.008534780490599535+0.006354161194493262j),(0.014708801005284574-0.0015867836053843447j),(-0.0020368656813376565+0.003881493623461886j),(0.007846569528802494+0.005916302441864354j),(-0.0030908184310757345-0.005403233413905344j),(-0.0014252813436109561+0.003079805466012484j),(0.004553322716196847+0.004130901473260073j),(-0.0023647729102509655-0.0018352800177709435j),(0.0004137557720680951+0.00020605919047304464j),(-0.0002939348476623084+0.00029788925828322415j),(-0.00017842327674044817+0.002279957851874647j),(0.0007464403670053601-7.94436043866269e-05j),(-0.0006700250274123071-0.0006316270942508379j),(0.0004105082439354799+0.0029341534360316788j),(0.0004651868526113904+6.537441747098659e-05j),(-0.0004598395619033211+0.00020047299935449807j),(-0.0001387782177749562+0.002346928753816437j),(0.0011806204642482295-0.0006886066634147897j),(-0.0010477521811055612-0.0020277882467373562j),(0.0011719044215904+0.003440520943914155j),(0.0012444492509350912-0.0007380653961124115j),(-0.0010557632858877225-0.0021245024088996554j),(0.001270550575407895+0.003508142184272035j),(0.0011870149804632541-0.0007232745429435142j),(-0.0010802186332613732-0.0021141738088899012j),(0.0011907555118461032+0.0034482962980690634j),(0.0007564540236116465-0.0008149632019136844j),(-0.001176389370136969-0.000472378311971506j),(0.00012961617929382375+0.002474944273970591j),(0.0014970919889775304-0.0035011283898072824j),(-0.0026256084092907282-0.002688528921265008j),(0.0008909452428236052+0.0019359161535696357j),(0.0015573643612335221-0.003804185660158939j),(-0.002790096379244323-0.0029406876695626336j),(0.0009582526643215617+0.0018888616625444279j),(-0.002037606852811313+0.003882901661717209j),(0.0078495235570467+0.005918869944204434j),(-0.00309019134843148-0.005407806240692558j),(-5.0958808261576845e-05+0.0011614060078081875j),(0.0014616429699188188+3.261662942787491e-05j),(-0.0006776397489347612-5.639131436913211e-05j),(0.004064726678155303+0.004995439456693444j),(-0.0019218935531242752+0.0036649644619775818j),(0.0071882233610678446+0.005541346959682346j),(-0.002693400684780965-0.005110221147819255j),(-0.0016212050686085313+0.003348348217591307j),(-0.001562908095408133-0.003075961640267698j),(0.000503066895108484+0.0015430068627990082j),(0.001145882840583252-0.000720481052074794j),(-0.0003065189655197769+0.0011364091955104764j)
35,(-3.6582064233241507e-06+7.913136103858005e-06j),(-1.904488954671425e-06+1.7059880875867142e-06j),(5.562695375537307e-06-9.619124184019266e-06j),(-3.753771301681053e-06+7.776349903001533e-06j),(4.2666790009083804e-07-1.2396938461750098e-06j),(2.597352899913139e-06-3.175877526109001e-06j),(-0.0002451691154557714+0.0009230024182705842j),(-4.8944004466817525e-06+0.0002969492441502954j),(0.00018852556531925854+7.210666400972324e-05j),(-0.0004080461215914841+0.0015094434917892554j),(-3.7788519998270325e-05+0.0004667395757721282j),(0.0002652458456355635+0.00010246219062419286j),(-0.003316624276458248+0.011702471290802603j),(-0.001356870887945851+0.0028665888063357167j),(0.0004325460179841396+0.00022484172446186857j),(-0.0010610932980765844+0.0028528752341603026j),(-1.602886436637141e-05+0.02348147100539013j),(-0.002742866906285465+0.006237555003597201j),(-0.0017810035649614545+0.004032198491467746j),(0.0015500046635316472+0.029090656677286518j),(0.00022778585207751986+0.00876816642178621j),(-0.0005190762850879134+0.010184143446959146j),(0.0015746755884915374+0.0316041226456058j),(0.00021664123980061312+0.009026135958928146j),(-0.0005819985922614027+0.01059644874896926j),(0.0015687865471114893+0.03160482508897758j),(0.000212936555844349+0.009028710397401576j),(-0.0005856505576052524+0.010599648109915896j),(0.001279331738249552+0.03162504955697355j),(-0.0008462612837958326+0.031849686526425836j),(2.173466423341223e-05+0.00914152884647529j),(-0.0007652157788828244+0.010722965350804792j),(0.0022930680762157226+0.02653798607259525j),(-0.0022319019557358794+0.008271451216792094j),(-0.003240071318265537+0.010058831262104682j),(0.9415617710247743+0.026262524558987116j),(0.0456329122013232+0.0038131516913163335j),(-0.0028531987315070536+0.00846838776718431j),(0.00224556469638943+0.02618131733684973j),(-0.0021988077431775105+0.008149334018991955j),(-0.0032768946143480406+0.009907729951827947j),(-0.003319670527452917+0.019071448906517494j),(4.46506907904585e-05+0.004944126694142594j),(-0.0009286165618807563+0.0040951147148893825j),(-0.003375557056414849+0.018877940025794588j),(5.5020657121849365e-05+0.004903561052065374j),(-0.0008957881381119615+0.004002381836362687j),(-0.00012937528531476285+0.0024061621046672288j),(-0.00024066254346083102+0.0018386638330573082j),(-4.1213934995035944e-05+0.0003520478131888616j),(-9.283980583494364e-05+0.0007380777670966147j),(-0.00033357449196871024+0.0013309624816037545j),(-0.00014722078581718302+0.0004214388575555369j),(0.00012793071886595705-0.0011201963301402682j),(-0.00016743977065454877+0.0006401308527704372j),(-7.038442321175714e-05+0.0005597350754381022j),(0.00025476917419690913-0.0012264558583861577j),(-7.39099447603685e-05+0.0005232468736175106j),(2.299277511253015e-05+0.0005031239461020955j),(0.0001320213548759231-0.0012009704000024303j),(-0.000159600152509917+0.0006154514904812961j),(-6.848467001035411e-05+0.0005660673676243521j),(0.0004727435654871796-0.0013916414048204962j),(0.00011768236120360991+0.00033515188519581563j),(0.00019858251914161017+0.0003874816869042512j),(0.000495829005613072-0.0014082301092405232j),(0.00013384798351688743+0.00031928392758719034j),(0.00021773488832867735+0.00037564167217681455j),(0.00048163605180215655-0.0013987641779100533j),(0.00012818901527788666+0.00032508445420917787j),(0.00020552253392497143+0.00038235220251490727j),(0.00020623479213989325-0.0016231285353050001j),(-5.95666561571283e-05+0.00045854461027457433j),(-3.958685016411601e-06+0.0005548315576911617j),(0.0005283958167643119-0.0025742071768561155j),(0.00033830589079074803-5.2069938122015094e-05j),(0.0002858333901753926+0.00037179831976324746j),(0.0005630769739033573-0.0027078793086235j),(0.0003796755019727136-0.00011685247119465675j),(0.00031778318733787826+0.0003428634262409222j),(-0.00012970121853161974+0.0024098137830224266j),(-0.0002405145824030656+0.001839605088782942j),(-4.1128380623064144e-05+0.00035225670520231994j),(-7.652112963991227e-05+0.0004429760769507371j),(2.3786774460410657e-05+0.00038314803190967275j),(-0.00010221199736040797+0.00014069723189680272j),(-0.0014335887701322986+0.006828888739838456j),(-0.00017562731486623771+0.0024316912927893272j),(-0.0002060476850287263+0.0016746962848240676j),(-3.825645394524298e-05+0.00029580539175705594j),(-0.00010356726638309976+0.0007091891834712476j),(0.0002266115069962676+0.00023423383591073986j),(-0.000133242704645572+0.0005969098265586077j),(5.153641819693195e-05+0.0004938625045683693j),(-0.00022782516443303362+0.00034718468544518445j)
36,(-5.35349477377645e-07+1.2546809803639549e-05j),(-1.74677648286252e-06+7.38384425862537e-06j),(2.2821259537560033e-06-1.9930654061075354e-05j),(-1.5644265113636828e-06+1.2660441215101287e-05j),(-9.034963419721826e-07-1.6292267393827362e-06j),(1.1108743953804226e-06-1.002471794228404e-05j),(-0.00018246254123734595+0.0010684120679658087j),(-0.00019674550714660185+0.00012424040825851235j),(-5.083964230175099e-05-0.0006406471360751679j),(-0.00029020211205061947+0.0017877036749076698j),(-0.0002994372578278005+0.00024210986030516208j),(-5.8598092230732095e-05-0.000983359074189033j),(-0.0019909275287013977+0.015288751872329972j),(-0.0014867905536612423+0.0032589315966605765j),(0.00044899708709786497-0.005102387046411305j),(-0.0018255945341965792+0.003534384343949523j),(-0.005120258111359152+0.023309730252058753j),(-0.0009489262489075492+0.004266119285987029j),(-0.00035602489151021323+0.0005601428043128941j),(0.0013637539031176042+0.031834391530978876j),(-0.0008479569804442426+0.010065310628570488j),(-0.0017531665399581095+0.012364247619450049j),(0.0016359721849885157+0.03461325195268869j),(-0.0008689002497589476+0.010310071620451817j),(-0.0018253021304656513+0.012849053702607856j),(0.0016397886656431288+0.034610623890931766j),(-0.0008666253092090372+0.010308248536360901j),(-0.001823282685097615+0.012848541680340216j),(0.0017854551393376426+0.034443692072824716j),(0.0038453937165636703+0.033734955072069646j),(-0.0007605477469465973+0.010189695392739317j),(-0.0017223653096310985+0.012759971428862628j),(-0.004637087644293218+0.0298973458091934j),(-0.0007592299814283434+0.006166580538904384j),(-0.0010343047116443279+0.009223777290432177j),(0.0456329122013232+0.0038131516913163335j),(0.951971672510091+0.017994451550597264j),(-0.00018200843445361696+0.005507340218421444j),(-0.0048586905410219925+0.02947472737584396j),(-0.0008783247183217833+0.006067623339517769j),(-0.0010267714573408138+0.008998609347382908j),(-0.0012074850324751993+0.016171270949437086j),(-0.0025688209559393666+0.0051251455231853555j),(-0.0011085902658667516+0.0038104290090822963j),(-0.001147114685147745+0.015929642807549646j),(-0.0025353926754981505+0.005140449888516693j),(-0.0010939896054268322+0.003718643161530895j),(-0.0012346109661859337+0.0031249535656345134j),(0.0010657578661123596+0.00278305961553335j),(-0.0004080004707193582-0.001684268247121412j),(-0.0004480167050123114+0.0011255502773982954j),(0.0008528382165360992+0.001725278828105076j),(-3.7637908874334116e-05-0.0008705080132180749j),(0.0006271473282790175-0.0014688031093201635j),(0.0002466716677613546+0.00030528726643479546j),(0.00029536399875220197+0.00047333560564020104j),(0.0006580531811519965-0.0014841394283207792j),(0.00010295604012044497+0.00018285290993712484j),(0.0002150277570861058+0.000700942833739525j),(0.0006596139225420966-0.001581681550723352j),(0.00022392165941745456+0.00026362101606373814j),(0.00031052110066079775+0.0005121766451182581j),(0.000601100341141877-0.0014471321631323454j),(-0.00016010739497369073+9.218922246619478e-05j),(4.443683039946991e-05+0.0010008377052576492j),(0.0005981572758793869-0.0014402023683511658j),(-0.00017772034085613794+8.86135174171254e-05j),(2.809835638286208e-05+0.0010356511647592287j),(0.0005961346738290828-0.0014468840089129382j),(-0.0001771317775492939+8.570742674611932e-05j),(3.618936094965824e-05+0.0010105802701555209j),(0.0007419705122321432-0.0020778171414030204j),(5.038181170785186e-05+0.0001109245991511054j),(0.00032551794781815116+0.0007260412483318381j),(0.0006677998229507273-0.0028757774318347246j),(-0.000584243629712041-6.079053863748858e-05j),(0.00013430852370554332+0.0013237689942764363j),(0.0006638151903836461-0.002993351887182403j),(-0.0006446256933017075-9.043686716814648e-05j),(0.00012100906768439248+0.0013785849473727093j),(-0.0012356689912001186+0.0031286724156337382j),(0.0010657279517294297+0.002784650163868493j),(-0.00040850940420940427-0.0016849725035389456j),(-7.138743704255126e-05+0.0007820717716981636j),(0.0001889013158881118+0.0005379660695871228j),(-0.0004500668590555026+5.367762688227452e-05j),(0.00037396013855956297+0.009013280674112336j),(-0.0011754085084004847+0.003069631620534941j),(0.0009675966767721427+0.0025684800099774092j),(-0.00038702025678328503-0.0015977499838877654j),(-0.0004958771325013306+0.0011795553208254815j),(-0.00037722857915864277+2.102784898277369e-06j),(0.00012425834925723267+0.001165021548194238j),(0.00017568615862003205+0.0007763729785001125j),(-0.0007126465639435312+0.0007842977242941993j)
37,(1.9565813765565085e-05+1.813110134145532e-05j),(2.514769671764333e-05+2.577189572160786e-05j),(-4.471351049574958e-05-4.390299707732649e-05j),(2.6281811353698427e-05+3.127814155208564e-05j),(4.122535060330807e-06+1.0657245954629557e-05j),(-2.4312749754488143e-05-1.8721961503155468e-05j),(0.003173935542512251+0.004367727921902759j),(0.0016835045858805244+0.0031328679886101843j),(-0.0008800396214544799+0.0006045101333776665j),(0.004653404635742481+0.006619950566868385j),(0.002323197019845868+0.00473965411397752j),(-0.0015136811746675662+0.0007930208022135085j),(0.01531415228355856+0.030340919813633585j),(0.0016552452262075796+0.021373408252907976j),(-0.013837525937775232-0.0016272018252814556j),(0.0038926396352968293+0.02424112402565178j),(-0.015911495340310108-0.020454221338226282j),(-0.020278642774117832-0.01805831091492461j),(0.01686857928085253-0.011056828845300612j),(-0.0018180475356583707+0.012225677168541707j),(0.016590992535765216+0.010235744666496932j),(-0.007819748417129672+0.01509709427672702j),(-0.0016749166233914715+0.013670947483117537j),(0.01659572086238586+0.010889051024360706j),(-0.008335084952829468+0.015896104774957138j),(-0.0016735431977133253+0.013678112790401929j),(0.016571503588618232+0.010897474976404167j),(-0.008334462581457484+0.015902904754349557j),(-0.001672654822934692+0.013718200433662014j),(-0.002518449919720592+0.014423301419762726j),(0.015263326528965105+0.0109709734781988j),(-0.008160965573319256+0.01593133058296039j),(0.006264685100133107+0.0015435669809193593j),(-0.039133166020235255+0.0030697668951762975j),(0.00810733383389016+0.00541643519803031j),(-0.0028531987315070536+0.00846838776718431j),(-0.00018200843445361696+0.005507340218421444j),(0.9449773173530586-0.010436475672774679j),(0.007272921437737184+0.0030523576785724312j),(-0.03801886584096831+0.0070434259163320075j),(0.009345262542614561+0.007741717664630923j),(-0.00704906354797021-0.003794810910014445j),(0.022361566479509695+0.013059021537865655j),(-0.0021107971431574258+0.006500686062028869j),(-0.007331660512246064-0.0038430707190008906j),(0.02266335424223672+0.013101761743431244j),(-0.0023746157504510486+0.006392860677002036j),(-0.0014990478217207512+0.004107754042048569j),(0.0035649460473215484+0.011661895720315755j),(-0.0040506386546480385-0.005780343078712842j),(-0.00041372231003821086+0.0025904538820529155j),(0.001419024357935326+0.006298989421382786j),(-0.002257959739208974-0.003626671330859335j),(8.020118617508415e-06+0.00014737999105837165j),(-0.001061134825819087-0.0004750105489832651j),(-0.00011559481931214656+0.0005797819603541631j),(0.0005115015824527327+0.00026289110300745187j),(-0.0009248248734623599-0.0009617849540954368j),(0.00020893193044998375+0.0011814473962430015j),(-1.1870949129994305e-05+2.3208574657210095e-05j),(-0.00114965891225184-0.0007171476115210418j),(-2.7051509465489594e-05+0.0006921582262328202j),(0.0013062953431169657+0.0004481673565705675j),(-0.00043589065420245184-0.0014652331394643928j),(0.0008005601671073163+0.0018321521963356852j),(0.0013906021518800943+0.0004766204402842579j),(-0.00039581196629872163-0.001501818991497859j),(0.0008651072408090005+0.0019082117020744792j),(0.00133784330839106+0.00045001159960908216j),(-0.0004073339996641425-0.0014941150482214174j),(0.0008236709052938617+0.0018511720533788967j),(4.396227721924411e-05-0.0005294610895032843j),(-0.0013326909304023288-0.0018052426048263503j),(0.0005498337763729136+0.0011891060047008713j),(0.0006638576543920296-0.0017541750301846067j),(-0.0009680745377515382-0.004178343791636762j),(0.002343526287153528+0.002121144520484515j),(0.00072898364867284-0.0019154140581856454j),(-0.0009501267965611468-0.00446187228120155j),(0.00253256776574861+0.0021909914224652292j),(-0.0015010949086666627+0.004108882020473315j),(0.003569358630432464+0.01166912276895717j),(-0.0040528420299980085-0.0057824578282720685j),(-0.0003058704724322515+0.0014789312577516635j),(0.001895966092210238+0.0022122292929413557j),(-0.0017075753766082004+0.00024844653753641397j),(-0.009088060074169003+0.015370518808360548j),(-0.001562523485530835+0.003682132214839099j),(0.003592755310262174+0.011031571916612474j),(-0.0038254528472838607-0.005349066276453089j),(-0.0002067489336244607+0.0027812245270453376j),(-0.00011791478630396757-0.0017938315791555153j),(0.0001209104467615569+0.0026272815665180143j),(0.003347768289627474+0.002507528821529345j),(-0.0019541169357674627+0.002682539261317398j)
38,(-5.211668702923566e-06+2.657480723608461e-06j),(-3.558479393521901e-05-2.9874105318428548e-05j),(4.0796462645376836e-05+2.721662461116811e-05j),(-2.0612439783471394e-05-2.8749677794644567e-06j),(-1.474004208248571e-05-5.987680441818403e-06j),(2.5586257246518245e-05+2.805613271567204e-05j),(-0.002157042357305713+0.0018513464185635439j),(-0.0018960599451824938+0.00147246578527942j),(0.0016224267736802164+0.003994049877677116j),(-0.002953734769723315+0.002912068866964195j),(-0.002645331452207424+0.00216813263119099j),(0.002760328553583782+0.006045673699189668j),(-0.0014132587962146655+0.01785571124868386j),(-0.0037173123737383965+0.007228464103802011j),(0.02408391659470327+0.027356433481156916j),(-0.003933907918676177+0.01115781800361566j),(0.011893088844745625+0.022190625183532327j),(-0.00861873589855047-0.026438227570155647j),(-0.02531967678119171-0.021641310348454318j),(0.00728752494807877+0.019128627846221727j),(0.00031647937586711997+0.015617964805627656j),(0.0030763698875123165+0.006819647602266643j),(0.006907575718114217+0.020151187141283777j),(-0.00020849425188927548+0.014591596388948785j),(0.002867072292206021+0.006204851863435884j),(0.006866380824992486+0.0201671978006766j),(-0.00023220015925326187+0.014610967014162967j),(0.0028450825465680713+0.006231235706189692j),(0.005300181126648986+0.021915914924657963j),(0.008590162798194793+0.020417976899540308j),(-0.000838651250497788+0.016925125135127634j),(0.002171690917801773+0.008665536759653914j),(-0.054570618897722065-0.012290677716370262j),(9.96931964740923e-05+0.002926513579982179j),(-0.006746934133385934+0.0048189030692415225j),(0.00224556469638943+0.02618131733684973j),(-0.0048586905410219925+0.02947472737584396j),(0.007272921437737184+0.0030523576785724312j),(0.9432791644739824-0.0027808970894396302j),(-0.0013374841225764836+0.00181873616968215j),(-0.0071627491136968206+0.011917278941596889j),(0.016170874706341903+0.004447743474562692j),(-0.009092416354820344-0.0013961708683690906j),(0.0015236873135996275+0.011003551390079773j),(0.01704099863658885+0.0043792967574658j),(-0.008972710522755382-0.0014137930020164322j),(0.0016255947629650993+0.010781092203606664j),(-0.0018696704466112236+0.0008269906483621015j),(0.008043140300652958+0.008679929424178256j),(-0.005459834492938335+0.00019676350686099152j),(-0.0021852671711617457+0.000581421965649441j),(0.004886017001666717+0.0051176363535232255j),(-0.003123223872803745-1.515264320267086e-05j),(0.001120930313993915+0.0007504258084881929j),(0.000861482810865212-0.00035648406309956703j),(0.0013361212000824667-1.7994730981166457e-06j),(0.0012081682562596282+0.0012529034478021787j),(0.00017484991379080605-0.0009627061780703208j),(0.001411317727794253+0.0006525358862716937j),(0.001211597336175313+0.0006935237972925506j),(0.0007012238228821502-0.000531507223536423j),(0.0014808216883155213-9.086338432022644e-05j),(0.000916927808300861+0.0018479814382324263j),(-0.0010918823538945536-0.0016968270487909363j),(0.0011067117820291296+0.0014044973934213036j),(0.0009086504953373879+0.0019322079894114452j),(-0.001164458179530777-0.0017259727318537053j),(0.0010900018811426694+0.0014992142324006825j),(0.0008888688710966682+0.0018579289155320373j),(-0.001180677785895826-0.0017535986578684692j),(0.0010822172996988947+0.001423605231494797j),(0.0013613580176773101+0.0004475630019477674j),(-0.0003693284203930135-0.0013454298818186684j),(0.0018770378880678975-0.0005103149223700963j),(0.000655719205550694+1.56087644281148e-05j),(-0.0038624456470845924-0.003008938830924732j),(0.0017258941662841667-0.0013219613646025697j),(0.0005782364265741429-5.087828464806723e-05j),(-0.004223123075749013-0.0032049270295951325j),(0.0017151713269520506-0.001433110803886553j),(-0.0018676957662254307+0.0008273881340180034j),(0.008045771500165815+0.008683757189929649j),(-0.005462400867217373+0.0001976700868478523j),(0.0002834029331204367+0.0014900937441994356j),(0.0017358498593622674+0.0009100800111720715j),(-0.0011794551936422446+0.001395490639980331j),(0.0008794042838510333+0.016549115845418974j),(-0.0015015275425099605+0.0007928585056835025j),(0.00732222685797199+0.008018759857396354j),(-0.005115337612056648+0.00026519160491641873j),(-0.002882524912438095+0.00047448799075891154j),(-0.0023050361629962015-0.002536584509118433j),(0.0015500991290020474+0.0030683542343521394j),(0.001989971238218798+0.0008775349863453239j),(-0.000421465156723463+0.0035276526519226353j)
39,(1.191727243226232e-05+1.1245358088705984e-05j),(1.3200439489108265e-05+1.9722953691092554e-05j),(-2.511771193264842e-05-3.096831179222813e-05j),(1.4990861181681778e-05+2.210868052649789e-05j),(1.490107317283594e-06+9.322853325549685e-06j),(-1.3411760911809034e-05-1.3151065430355319e-05j),(0.0018897596427498182+0.003316647032733218j),(0.0009731877041831566+0.002558845955989602j),(-0.00040311906806352353+0.0006076249810864163j),(0.0027856345089123996+0.005063199700416481j),(0.0013467676859189358+0.003916337708002874j),(-0.0007076079622787162+0.0008454590497985063j),(0.009729009756880803+0.024645050035301732j),(0.00107282819762021+0.019491754385880872j),(-0.006994013019021146+0.0005789077849726555j),(0.0025205759882002054+0.022648985686196294j),(-0.01092942121912508-0.01407150161433645j),(-0.01369255983434849-0.015302695279345961j),(0.006793236436880957-0.010217534541836612j),(-0.00010931875109005708+0.011395758300027358j),(0.009630349825572688+0.009888455545076948j),(-0.004290924495088485+0.01308513814934626j),(-2.952527872573745e-05+0.012861324781555526j),(0.00975919777549658+0.012001136464753223j),(-0.0044926503005371515+0.015130090417549247j),(-2.9890019226746036e-05+0.012863762361210864j),(0.009747190486906743+0.012008873258270849j),(-0.004490275531173292+0.015142762603104553j),(-0.00028325057293413945+0.01193524433961557j),(-0.0005376026011877044+0.012766566943134959j),(0.00880103638829955+0.010821789123769434j),(-0.004555530206464568+0.01440446946946514j),(-0.0014640724275418494+0.0042246410989404005j),(-0.02861713634093835-0.006229923111694631j),(0.001577039990524476+0.004588659442311952j),(-0.0021988077431775105+0.008149334018991955j),(-0.0008783247183217833+0.006067623339517769j),(-0.03801886584096831+0.0070434259163320075j),(-0.0013374841225764836+0.00181873616968215j),(0.9713389778977011-0.0019434298315061619j),(0.002295532044648478+0.011900120330093368j),(-0.002979822718341887-0.0026865489117090836j),(0.011858591137352619+0.012807570899665416j),(-0.0001381130669403192+0.00572017051923856j),(-0.0030647483423240744-0.002906929515459254j),(0.012136694167636566+0.012755641216957823j),(-0.0002518613291613769+0.005513322930183555j),(-0.0014552811458824807+0.0037268511287570083j),(0.0036354038734265634+0.010335257422638194j),(-0.0034289924312165174-0.004680565891377296j),(-0.000634293916906119+0.0024294773029555914j),(0.001726443582121678+0.006028750860051594j),(-0.002037246281458886-0.002569920775419071j),(0.00011568722879433776+0.000230031932387688j),(-0.0005210047684113516-0.0002690700166265382j),(6.99334712042866e-05+0.0004300172585119226j),(0.0004896388804472611+0.0002742318115633124j),(-0.0005223602042739014-0.0007005494096845925j),(0.0002879296122337385+0.0009059896926322734j),(0.00011548335496208122+0.00011572849004007303j),(-0.0006037350116526975-0.0004993320304557053j),(0.00015345752508051319+0.0005077387202298618j),(0.0010159935060941932+0.0003018620283112756j),(-0.00038230414321118963-0.0011530272396861108j),(0.0006100587923946225+0.0014595770017312199j),(0.0010739488611772401+0.00031297284964339027j),(-0.00036977317985644994-0.0011800137009077786j),(0.0006458509553156747+0.0015275856302763911j),(0.001034930440296402+0.0002978193169596126j),(-0.00037465576425744585-0.001181907288222435j),(0.0006214745839687645+0.001474816261734806j),(0.0001950416986129423-0.00044111266413648974j),(-0.0008772082727111196-0.0015367780923392252j),(0.0006152934168021123+0.0008780678709336661j),(0.0006301892685251659-0.001720470450973652j),(-0.0011070787125947688-0.0037191113847254657j),(0.0018554112514388675+0.001733088739435j),(0.000673767947458835-0.0018824576511782178j),(-0.001143019749659638-0.0039771824020906465j),(0.0019871304807049742+0.0017950114018173502j),(-0.0014565947706117665+0.003727802081721578j),(0.0036385965208535864+0.010341170326405646j),(-0.003430516717056099-0.004682792891815316j),(-0.00028666965630351157+0.0012887524206206995j),(0.00169470106532087+0.0019802539716485025j),(-0.001428398025207573+0.0003100681034639036j),(-0.0049274331530423186+0.013839375987411258j),(-0.0014395850081092194+0.0033528511755069844j),(0.00352404576806038+0.009767835553233413j),(-0.0032092969040509525-0.004345314614797529j),(-0.0005468911607171003+0.002460286235978007j),(-0.00031180281924314356-0.001512365207823841j),(0.00023180731132542635+0.0025329309186123963j),(0.002756253522006839+0.002066747800785321j),(-0.0016239924151681656+0.002443797172868538j)
40,(1.585490839381394e-05+3.454934892288465e-05j),(-2.9299290500932424e-05-2.3851996329325418e-05j),(1.344438210887435e-05-1.0697352600833645e-05j),(4.961827103702611e-06+1.8955826402312722e-05j),(-1.2972865914474198e-05-2.037212017120549e-05j),(2.0236220236516836e-05+6.833521359660014e-06j),(0.0016280050595331554+0.001512636609554894j),(0.00014385318379903176-0.0011633267432175284j),(0.0028291233519114867+0.0007506368848851884j),(0.002448550260172543+0.0027326686782046493j),(7.732357179804101e-05-0.0015041463336764645j),(0.004263865301007228+0.0014899756136112427j),(0.010156606532281977+0.02960494955698686j),(-0.005814333545473278+0.002566639063538814j),(0.018258569965924988+0.02032046300687003j),(-0.011231665623377499+0.0010939083687418298j),(-0.003996304808893538-0.003631883619575442j),(0.006061209247408049-0.0020629951036286107j),(-0.017942522959168383-0.007765170727960655j),(0.00029807551879688265+0.0034620333220182226j),(-0.005377375599025552+0.011231689654343208j),(0.019007225976609032+0.005414862840578653j),(0.00013936654059685323+0.003922616594585414j),(-0.005663892928860198+0.012548766606622552j),(0.01900087037065981+0.006124076738529627j),(0.00012907389424984372+0.0039339005839789665j),(-0.005667640878872092+0.012565879628878084j),(0.01896633372441343+0.006130698763285942j),(-0.00032728911487067724+0.004108087786281035j),(-0.0005903244532323657+0.0038627876598587574j),(-0.00576684497340918+0.012728477913906053j),(0.01718151330626772+0.005890476284532638j),(-0.0068160177258072335+0.004765593815446853j),(0.002864527950047512+0.0027156201206656305j),(-0.052664219267965634-0.007739782122290623j),(-0.0032768946143480406+0.009907729951827947j),(-0.0010267714573408138+0.008998609347382908j),(0.009345262542614561+0.007741717664630923j),(-0.0071627491136968206+0.011917278941596889j),(0.002295532044648478+0.011900120330093368j),(0.9447685770991165-0.008511172485133998j),(0.00024207081812270374+0.007871084155312158j),(-0.00934540446538087+0.006212638553551173j),(0.013226318924199978-0.0032528936710355984j),(0.0003797193280185335+0.0076060445236593825j),(-0.009228691000135469+0.006037988728336063j),(0.014046797203283088-0.003514379152279338j),(-0.001957375294013173+0.0038032788661216694j),(0.00787443876985693+0.00622921212207791j),(-0.002920351691951956-0.005499501591380214j),(-0.0014113403331636768+0.003054392752261192j),(0.004579474374314803+0.00434576959652637j),(-0.0022602313133714327-0.0018015964391699547j),(0.00040367347146144905+0.00023394245915918377j),(-0.00027084836773950776+0.0002957607276185958j),(-0.00015101178087088664+0.002390237302018514j),(0.0007325073615253603-5.370299580728915e-05j),(-0.0006489549814026874-0.0006927742319489776j),(0.0004416908398340638+0.003060159909683788j),(0.00045422879424026475+9.427931235882702e-05j),(-0.00043758130918631174+0.0001947236192029972j),(-0.00011600913258691758+0.002456786332984543j),(0.0011592189117867304-0.0006780189347605874j),(-0.0010361000254827113-0.002169339343786762j),(0.0012034854061313879+0.0035728157107099883j),(0.0012226092784159296-0.0007278722678341846j),(-0.001044507852095668-0.002271153228365285j),(0.0013025103124684986+0.0036420377873806952j),(0.0011651023695921619-0.0007140919801684048j),(-0.0010693538649215952-0.002260884000330188j),(0.0012221106468706198+0.0035801597720386607j),(0.000739870650262773-0.000789824608348889j),(-0.0011627372966835866-0.0005017458446056596j),(0.00012827360170745077+0.002574238058066756j),(0.0014605866982108967-0.00351142266823967j),(-0.0026474237314617058-0.002788857943118779j),(0.0008219077246989623+0.0019772292309109124j),(0.001517523646850536-0.00381790669683618j),(-0.002816337020069314-0.003048456735271398j),(0.0008818390130067819+0.0019261313700762374j),(-0.001957949224512482+0.0038045341679316114j),(0.007877326684776628+0.006231810976531507j),(-0.0029197332085742355-0.005504422689430582j),(-6.196205319318617e-05+0.0011839956614373495j),(0.0014755111974717081+0.00011598872780555251j),(-0.0006082421433655227-6.431053610275869e-05j),(0.004973076562498877+0.005842814011409323j),(-0.001831425825441913+0.0035908881511101734j),(0.007205078287158713+0.005830575501268454j),(-0.002542568459580112-0.00521953880607923j),(-0.0016191911729482513+0.0033149116675015725j),(-0.0015636476287022552-0.003282124036716348j),(0.0005048688252909572+0.0016454698944211505j),(0.0011780291982618656-0.0005991338969465555j),(-0.0002122285256697871+0.0011381022505364562j)
41,(-4.981324421082818e-06+2.59136928143208e-05j),(3.462141980127058e-06+4.489316680408801e-05j),(1.5191824552465903e-06-7.080685963838006e-05j),(-9.728563628924715e-07+3.278550418708063e-05j),(4.812917492143336e-06+3.3582218546004364e-06j),(1.0688129674698856e-06-4.770995023633099e-05j),(0.00029589873369469306+0.001282508869533649j),(0.000581743362465591-0.0005450654752393461j),(8.680434467388926e-05-0.0047914010424411554j),(0.00021050124470994728+0.002148216756735631j),(0.0007232488256471658-0.0007437103657408082j),(7.20181878084542e-05-0.007471714154960249j),(-0.008456629643809485+0.01858452050343041j),(-0.0026956882651938447+7.0818194266669e-05j),(-0.001491339091149564-0.0429792735986983j),(-0.0031858945560159953-0.002073367518849123j),(-0.010807745796827316+0.023948014082387097j),(0.003627573985070457+0.023494020208563712j),(0.02308075394131491-0.002631892965521832j),(0.00041234979856610696+0.020159878420365027j),(-0.0021316654485082896+0.005256706434687855j),(-0.006408887280886063+0.011293713972924477j),(0.0009631231736498045+0.021800313802661415j),(-0.00231119924412745+0.0051029433560907285j),(-0.006985165206462078+0.011917952078127477j),(0.0009716639685930655+0.02179468808150431j),(-0.0023125923079989103+0.005097963754740219j),(-0.006986477187015418+0.011920242330849283j),(0.0013144957525872462+0.021544984918891036j),(0.0007374525951010273+0.022024395657228378j),(-0.00234527592843773+0.004951174517134147j),(-0.0068943491739776736+0.01194242146205151j),(0.01642716081238455+0.005749195448327457j),(-0.003532622006724578-0.0027900952129276298j),(-0.0001709110373567732+0.00802715465306928j),(-0.003319670527452917+0.019071448906517494j),(-0.0012074850324751993+0.016171270949437086j),(-0.00704906354797021-0.003794810910014445j),(0.016170874706341903+0.004447743474562692j),(-0.002979822718341887-0.0026865489117090836j),(0.00024207081812270374+0.007871084155312158j),(0.9630350798432114-0.03755293095442267j),(0.001562632117257633-0.0023511601154293524j),(-0.0014130656196593696-0.0008383047460098986j),(-0.03723099757012904-0.034073960635466076j),(0.001822163729522871+0.00794926911638806j),(-0.0013135619269966639+0.0032791866259295234j),(0.003430912453310235+0.0016031940730030503j),(0.00017240506624960307+0.005781850036585656j),(0.003671853451941898+0.0013905773684182304j),(0.003897304161541385+0.001202883247165205j),(0.00038414011531166814+0.0018967319677392798j),(0.002441559196728889-0.0002775375591519214j),(0.0005122331762493071+0.001659211527330048j),(-0.00041051790821123734-0.002444251959312871j),(-0.0004151957493990032-0.0016824364245073273j),(0.0005477201509736936+0.001991228974697589j),(7.875876411561882e-06-0.002120595743449937j),(-0.0002318485669647219-0.0012996395826577014j),(0.0003670950776685049+0.0016711789379915j),(-0.00047661195671267365-0.0026211592657602945j),(-0.0005474640248824579-0.0017283946848589936j),(0.0007341478225227917+0.0026048650842027217j),(0.0007048184250191554-0.0012463236050501468j),(0.00016903364520939185-0.0003889745033007746j),(0.0007428438824426823+0.0026660920161378646j),(0.0007512734589869429-0.0011715240947525653j),(0.00020552950033943056-0.0002851111378911579j),(0.0007488772079590898+0.0026326650969049643j),(0.0007493394766461873-0.001196851256373828j),(0.0001894277318077078-0.000353623079346541j),(-0.00020253581685605139+0.0019133730033864742j),(-0.0006403587060160566-0.003089941780969105j),(-0.0010246560062232965-0.00157845064349377j),(-0.0010591835181854225+0.0029442913626046945j),(-0.00035400219444357167-0.0028719696998509314j),(-0.0014720017247348265-2.5297069883482327e-05j),(-0.0011548399636155226+0.0030776259485984815j),(-0.0003593078913430174-0.0028815844988074376j),(-0.0015460041353972823+0.00011178291194590805j),(0.0034265012258946834+0.0016004986172122176j),(0.00017209099894550614+0.005786851140117635j),(0.0036730358468283148+0.0013928174318052376j),(0.0009550985350811035+0.0012342810922614084j),(-0.00032231016317814214+0.003045537801178985j),(-0.00038520750786102606+0.001981790730399926j),(0.010062645677756237+0.02747004825597992j),(0.0027539878176446164+0.0010356211248148776j),(0.00027196814115473377+0.0056039683305065605j),(0.003478211155151036+0.001430752812866403j),(0.0045259752491306465+0.0008958475135506256j),(0.0012606192008337517-0.0006944117052963533j),(0.0009072615635518486+0.003118316661245942j),(-4.3368778714765775e-05+0.006289090150987272j),(-0.0008853876484927925+0.005192200419665462j)
42,(-2.0757679064066267e-05-2.2091729243009365e-05j),(-9.378293689784964e-06-1.5774110020930465e-05j),(3.0135972754001937e-05+3.786583926763414e-05j),(-2.2676469412847363e-05-2.3808221731538884e-05j),(8.374530922407002e-07+1.336970627424296e-06j),(1.1387118919241402e-05+1.924490523712226e-05j),(-0.0028313851873864636-0.0017613113642024275j),(-0.0011695626970506115-0.00021370599439989656j),(-8.705727575004062e-05+0.0013370846517460203j),(-0.004227597427703869-0.002613051979245301j),(-0.0016083948630702754-0.0002013125181303976j),(-8.396206638521539e-05+0.0020952321935662106j),(-0.017044063975886047-0.009790575967344978j),(-0.0008340331792335476+0.004102626777365972j),(0.001216677558236394+0.012336048175961404j),(-0.0016863825015822637+0.004708208373966818j),(0.0070974791897522975+0.015892636971399907j),(0.012275829721665195+0.011143146184080143j),(-0.021255671301526106-0.009218752814109698j),(0.0005588447337017781+0.007875728994173938j),(-0.010676656327799756+0.008440757777143107j),(0.0039566499591072515+0.00932057623914503j),(0.0003965360404942619+0.008280345040367709j),(-0.010898187892329814+0.008785700177867999j),(0.00431587754609865+0.009944121188874635j),(0.00039382797902340816+0.008276243949641382j),(-0.010888566012809119+0.008789059571398259j),(0.004315606508980885+0.009946998907006017j),(0.0002872395063097939+0.008085758716169048j),(0.0008412630379693204+0.008211247679410094j),(-0.010335403635210908+0.00891465511045731j),(0.004151273149857734+0.009944654239619188j),(-0.00843857264150083-0.0013212876908556513j),(0.013119850691583978+0.012651956122751534j),(-0.008658917298215526+0.006232394382008764j),(4.46506907904585e-05+0.004944126694142594j),(-0.0025688209559393666+0.0051251455231853555j),(0.022361566479509695+0.013059021537865655j),(-0.009092416354820344-0.0013961708683690906j),(0.011858591137352619+0.012807570899665416j),(-0.00934540446538087+0.006212638553551173j),(0.001562632117257633-0.0023511601154293524j),(0.9660680405120673+0.0005473192759325796j),(0.0020529511912247495+0.005587384468798979j),(0.002010851715550028+0.00746797899669131j),(-0.033638650762662134+0.007408335912757339j),(0.0024104429951244083+0.0049765546493689816j),(0.005626511396934672+0.002724522931301574j),(-0.0026480629217484606-0.0004121575291584356j),(0.005719636162197174-0.0003026722655939673j),(0.003254873768160895+0.0018198223917146785j),(-0.000416924845533111+0.0001964067297172121j),(0.0033953180905040075-0.0004441533485148117j),(-0.00029546377314954963-0.0009737672875933521j),(0.0015650017559043364+0.0011547743181226956j),(-8.844910648473953e-05-0.0006487539919401485j),(-0.0010468042796533434-0.0014151251143499723j),(0.001672289153961255+0.0020298918288233535j),(-0.0008378448016948044-0.0017987762218834216j),(-0.0003769685362811945-0.001027817999331318j),(0.001612921577268909+0.001073280092887323j),(-0.00016748635130143922-0.000490598434022264j),(-0.001998064634205395-0.0017820512015718328j),(0.001636319676181587+0.0030596836443184438j),(-0.0017883344980090818-0.0030565857224044307j),(-0.002111015445383029-0.001843844617552693j),(0.0016170807851494258+0.0031100786084492507j),(-0.0019012239612082045-0.0032120757244395856j),(-0.002026867287132441-0.001780825745000483j),(0.0016428787297390547+0.003133074113359464j),(-0.0018172517089959032-0.0030897462867072365j),(-0.0008483869148212186-0.0011959096485186734j),(0.0016849402721327432+0.0006524309519141125j),(-0.00062806963216117+0.0002977671866268767j),(-0.002197656110844411-0.0012551069263986641j),(0.001240031382433229-0.00046674265499873756j),(-0.0019588335870342646+0.002272902941050212j),(-0.0023585099853648066-0.001264319186727753j),(0.0011986048086683066-0.0005549202856477932j),(-0.0021122891647985904+0.0024739339470276917j),(0.005629162341485201+0.0027263362984186424j),(-0.0026540633442271727-0.0004121329706541369j),(0.0057223847760917-0.000301559445095044j),(0.0011974376998661065+0.00025616604685736234j),(-0.00010753453524422855+0.00044118793635477237j),(0.0006872101187222774-9.272170112227399e-05j),(0.004457000782782025-0.022769767085582295j),(0.005354347449399068+0.002582151430196911j),(-0.002892204090760989-0.00039107526643715126j),(0.005389486198227797-0.00021345527807633408j),(0.0033334890074473303+0.0022331367711868663j),(0.0018444998013389738+0.004072984018676629j),(0.0013365005278694348+0.00027090283846377725j),(0.00036974293046144465+0.0007138144075377293j),(0.00034989091314661794+0.0001425588897210012j)
43,(1.0402159348094073e-05-5.7019755647923876e-05j),(1.8648577252252646e-07+2.288763324998284e-05j),(-1.0588645160900956e-05+3.413212241518319e-05j),(6.350313737994787e-06-3.771460867594866e-05j),(-5.686749135690484e-06+2.712564955438565e-05j),(-5.789003284388216e-06+1.1032460577893894e-06j),(-0.00039381031317388415-0.0034520958336690466j),(-0.0009515789554768782+0.0010672139401161265j),(-0.0010768911642427357-0.0007447094334501036j),(-0.0004921793231562472-0.005574006108784612j),(-0.001420359656379493+0.001674238759075724j),(-0.0015460084856950807-0.0011936671386496695j),(0.0022087608299122038-0.039140042177186786j),(-0.005675220991846797+0.01095916947490077j),(-0.0033898829760666523-0.007339956796725588j),(-0.003910391479052807+0.014880053140437253j),(0.009488470233588318-0.006663864864235605j),(-0.00890834723528944+0.012586375564883897j),(0.01648248304623041+0.02453279272559807j),(-0.00414559222238651+0.009186105331851277j),(-0.0028853316632519157+0.0006373386974343627j),(0.002704274669669225+0.015710142427948385j),(-0.004685297464541139+0.010395319293549218j),(-0.0027746648945419228+0.000600131048344481j),(0.002795181917836475+0.01586987137385725j),(-0.004684192526959997+0.010399255549454605j),(-0.0027717569484908846+0.0006017611444031111j),(0.002799187287393765+0.015861242088724446j),(-0.004570017664151992+0.010480353617044346j),(-0.0047703055089362905+0.010464554506687625j),(-0.0026748420665543204+0.0007151867759109002j),(0.0030524339804050334+0.015480478414552558j),(0.0012457080778064044+0.011096715242964815j),(-0.0005137174832613943+0.005588125268238645j),(0.013922523943070243-0.0017785797186167032j),(-0.0009286165618807563+0.0040951147148893825j),(-0.0011085902658667516+0.0038104290090822963j),(-0.0021107971431574258+0.006500686062028869j),(0.0015236873135996275+0.011003551390079773j),(-0.0001381130669403192+0.00572017051923856j),(0.013226318924199978-0.0032528936710355984j),(-0.0014130656196593696-0.0008383047460098986j),(0.0020529511912247495+0.005587384468798979j),(0.9537506376646583-0.055076349721017014j),(-0.0012943639885980062+0.003224327424230339j),(0.002243438635909084+0.0053176555952468355j),(-0.04621247126378443-0.042207543192269964j),(0.005191324464526024+0.0005571206718463812j),(-0.007250243995364676+0.0060036775368767364j),(0.010863771047296434+0.001803301499311804j),(0.0032161238956079294-0.0004857792327900481j),(-0.004046896778680694+0.0025809242032081223j),(0.007509992488845079+0.0024939772556172787j),(-0.0002523716715949647-0.000985753907170541j),(0.0006478411512266294-0.001265309937273529j),(0.0007492126580496897+0.0031331461844510363j),(-0.0006624471065888348-0.000668848547746465j),(0.0010944338093194787-0.001750545033877525j),(9.22520049243807e-05+0.0031446325955866356j),(-0.00036719086181129105-0.0010243133877539793j),(0.0007935871921469426-0.0013682393211282536j),(0.0005050333525815145+0.0031396279060461156j),(-0.0011362914283815024-0.00014065473155038758j),(0.0015691765739382724-0.0022680761777661845j),(-0.0006963994484871108+0.002989507349817711j),(-0.0012008017594950593-6.855188362354676e-05j),(0.001587104481057268-0.0022998959172338355j),(-0.0007925913751097748+0.002975944560767326j),(-0.001145494413876658-0.000128965804825203j),(0.0016058219903415803-0.0023012504918868276j),(-0.0007186798348631959+0.0029794304188599597j),(-0.000947109013633276-0.0010656213809678724j),(0.0013940849152816151-0.0017950273856262948j),(-0.0007063969719030116+0.0030659862031333406j),(-0.0024099026065716703-0.0007342226863380884j),(0.0024330504136581242-0.0024833778230470885j),(-0.0037753577422210984+0.0022690017327467557j),(-0.002588601918266141-0.0007177252128095883j),(0.0025138681852945087-0.0025803171309666554j),(-0.004100177185195741+0.0022499432225686167j),(0.0051933555431479175+0.0005589897940604678j),(-0.007253893319041971+0.006008425950987849j),(0.010862971322244752+0.0017985566853972665j),(9.845161668610436e-06+0.0003356870520063778j),(-0.0011219600839371784+0.002675180438859257j),(0.0028865946870721563-0.0006596353659691278j),(0.016200249349993017+0.02133662962150297j),(0.004915752214689328+0.000677624447382462j),(-0.006673052598176804+0.0057642688013453194j),(0.009650153550671154+0.0011259554011370694j),(0.003358393273943939-0.0005481682823508353j),(0.002111180427524224-0.0026935924850338376j),(-0.0005031486134155304+0.001252836540483193j),(-6.189038786750132e-05+0.004358304654523006j),(0.0026659422630200096-0.002078019385653247j)
44,(-4.8241186244567506e-06+2.6294866697223148e-05j),(4.001853841497619e-06+4.554227046248755e-05j),(8.222647981780776e-07-7.183713717863146e-05j),(-5.74816591705889e-07+3.3218753367301546e-05j),(5.034615439691945e-06+3.3591164270797415e-06j),(6.8003340792746e-07-4.8447966834139095e-05j),(0.0003439788179423959+0.0012796695676020793j),(0.000618036067348245-0.0005734533614913766j),(6.824952430653703e-05-0.004878263155757534j),(0.00027695037352296796+0.00214424515183968j),(0.0007728771269669226-0.0007864294632899923j),(3.881163001567909e-05-0.007604434296298436j),(-0.00840153241787369+0.01858172457759103j),(-0.0026717514816658725-0.00011127070120328826j),(-0.0018343327083972455-0.04363105610294811j),(-0.0031585615844383734-0.0023485680295004738j),(-0.011130615040288925+0.023864265829912457j),(0.0036411566154457976+0.02404245526732854j),(0.02360113343684956-0.00222169583513335j),(0.0003398741091157741+0.020046785194204837j),(-0.002022012808812423+0.0052330622684853625j),(-0.006503696056715415+0.01130820815629064j),(0.0008751952736469516+0.021640918170658635j),(-0.00222071439286223+0.005034263451656033j),(-0.007111682005045923+0.011879228732170379j),(0.0008825694395870976+0.021632474031369774j),(-0.0022237744633288913+0.005026204545072535j),(-0.007114557937989056+0.011878479717260354j),(0.0011790927115946988+0.02125164256470986j),(0.0006346422784109065+0.021878918842272506j),(-0.0023282058583374387+0.0047355538533918745j),(-0.007084768615494805+0.011761641258612603j),(0.01726029832004706+0.006184814929503976j),(-0.0036393236216513474-0.002679583352580568j),(-3.983909690741293e-05+0.008162409781242448j),(-0.003375557056414849+0.018877940025794588j),(-0.001147114685147745+0.015929642807549646j),(-0.007331660512246064-0.0038430707190008906j),(0.01704099863658885+0.0043792967574658j),(-0.0030647483423240744-0.002906929515459254j),(0.0003797193280185335+0.0076060445236593825j),(-0.03723099757012904-0.034073960635466076j),(0.002010851715550028+0.00746797899669131j),(-0.0012943639885980062+0.003224327424230339j),(0.962273262642369-0.0378555831181982j),(0.0020032402836822655-0.0020618089968796015j),(-0.0013097099935050595-0.0008849106155349156j),(0.003312587479247375+0.0015042704490978095j),(0.00014948704830970673+0.0056150745604218386j),(0.0036986341497847637+0.0014367611348900626j),(0.0038614054625251233+0.001209950197524786j),(0.0003630092200946961+0.0018111043070160714j),(0.0024573291086961704-0.0002512111986980065j),(0.0005103395878027978+0.001710148193854398j),(-0.000436151691259372-0.0023841147696675898j),(-0.00043340866161743297-0.0016321876845249886j),(0.0005591556664991933+0.002020418251205097j),(-1.1081528252830175e-05-0.0020840122868832573j),(-0.00024282272279767345-0.0012840805983758653j),(0.0003657551606153749+0.0017261178513594327j),(-0.0005021892276131101-0.0025547261992472574j),(-0.0005674652216752966-0.0016766101102953987j),(0.0007704734383579975+0.0026025845552342533j),(0.0007022974261990124-0.001261190437067486j),(0.00017235233595573715-0.0004386033966778573j),(0.0007819147232488314+0.0026602098386662243j),(0.0007498934835012175-0.001192272934254746j),(0.0002103170601747749-0.0003423738857933909j),(0.0007861952814161833+0.002629195288164466j),(0.0007478451336299411-0.0012138057354580496j),(0.00019335309074117375-0.0004055782656993854j),(-0.00019704741098716943+0.0019812762059369517j),(-0.0006601079241310105-0.003013825998557068j),(-0.0010492388242915227-0.001541932434683568j),(-0.0010284994579526773+0.0030102593228237794j),(-0.0003570968692094297-0.0028428225572573644j),(-0.0015062422442697638-9.210353495441893e-05j),(-0.0011214989593272735+0.003144307193933397j),(-0.0003609668265681296-0.0028557493702962063j),(-0.0015815391288088222+3.5742997322880596e-05j),(0.003308380949242704+0.0015005682615113758j),(0.00014958040809088125+0.005619293088355213j),(0.003700123338346251+0.001438141662395061j),(0.0009206758457325425+0.0011763258693576672j),(-0.0003327332330227671+0.003016778674821376j),(-0.00036689247958013576+0.0019738123340855744j),(0.009744438461037062+0.02749254173233781j),(0.0026633313923141054+0.0008901012544165719j),(0.00028665534142352403+0.005425420279168045j),(0.0035281438592749594+0.0014202222384848244j),(0.004495930710441543+0.0009561076200850296j),(0.00127011406836725-0.0007223158115586582j),(0.0008445026736178957+0.0030761050763618855j),(-6.336426069974306e-05+0.006252351302281241j),(-0.0008673092869586999+0.005153316332828379j)
45,(-2.0634928027269393e-05-2.177757718229647e-05j),(-9.310406016192254e-06-1.632372861739176e-05j),(2.9945334042676057e-05+3.810130580237616e-05j),(-2.254883806884222e-05-2.381839660134402e-05j),(8.265466288231794e-07+9.690515518102148e-07j),(1.1297001473635125e-05+1.9503103666583055e-05j),(-0.0028219617648937573-0.001776983416764649j),(-0.001170622673358079-0.0002548242407811512j),(-9.304245697050093e-05+0.0013471136295818672j),(-0.004213440524651626-0.0026374678545054986j),(-0.00161086370104157-0.00026653461828829325j),(-9.432460080866997e-05+0.002113968435611984j),(-0.016983783213995327-0.009928975006917994j),(-0.0008802431368369141+0.003682072039454712j),(0.0011153948069588231+0.012571658892410333j),(-0.001753187575284512+0.004179833044172358j),(0.007092024343755436+0.016006707298180975j),(0.012273586789988807+0.01146838645926512j),(-0.021351064660719156-0.008585725873460025j),(0.0005188430785736994+0.007687956173811808j),(-0.01059684366549505+0.008694710669949025j),(0.003957313249536882+0.009123923135584642j),(0.0003253298455759418+0.007986446935543453j),(-0.010856447691537886+0.0088843560742918j),(0.004278092446969285+0.00957980315960656j),(0.00032059067156679994+0.007980274423391406j),(-0.010849162102733036+0.008884617496121891j),(0.004275568150292123+0.009579837904894254j),(0.00014822816245916508+0.007783727476987187j),(0.0007825821799632449+0.00795393108005001j),(-0.010372030430594377+0.008972129884697751j),(0.004038070195222791+0.009550013967586429j),(-0.008323982298283373-0.001033237417018884j),(0.013390279270028468+0.013087418394098894j),(-0.008534780490599535+0.006354161194493262j),(5.5020657121849365e-05+0.004903561052065374j),(-0.0025353926754981505+0.005140449888516693j),(0.02266335424223672+0.013101761743431244j),(-0.008972710522755382-0.0014137930020164322j),(0.012136694167636566+0.012755641216957823j),(-0.009228691000135469+0.006037988728336063j),(0.001822163729522871+0.00794926911638806j),(-0.033638650762662134+0.007408335912757339j),(0.002243438635909084+0.0053176555952468355j),(0.0020032402836822655-0.0020618089968796015j),(0.966137501429752-0.0003534924246498257j),(0.002434627318128962+0.005595887874417926j),(0.005624336972634194+0.002635085420800075j),(-0.0027119040207006792-0.0006841025505840391j),(0.005732957531279194-0.00017038643861104139j),(0.003256482177940938+0.0017534968428404305j),(-0.00043319042872911305+0.00010912252015152322j),(0.0034082933258631036-0.0003460155361790767j),(-0.0003000954626425238-0.000946828511370064j),(0.0015699491023462796+0.0012094168404812701j),(-9.52605671242864e-05-0.000645740569456308j),(-0.0010520506252378837-0.0014094731174031207j),(0.0016763105067374986+0.0020795541493783764j),(-0.0008383549178101785-0.0018067519744356243j),(-0.0003822138937174089-0.000996722989648247j),(0.0016187475749494663+0.001135879336003026j),(-0.00017610135176358166-0.00049182988582782j),(-0.0020064199665362848-0.0018234194123619015j),(0.0016348203128387015+0.0031044848363149923j),(-0.0017833332492949955-0.0030862719264985712j),(-0.002119678721190705-0.001890310786974781j),(0.001614904344001038+0.0031551303860242893j),(-0.0018955553460721043-0.0032439950739918573j),(-0.0020353617519382056-0.0018240146849588061j),(0.0016411608613696473+0.0031772783867414192j),(-0.0018120971804951678-0.003120324040183832j),(-0.0008581316267492493-0.001161428366523411j),(0.001694066203966171+0.0007557333345437874j),(-0.0006449177181836513+0.0002703591939070974j),(-0.0022164745203100177-0.0012620492751591076j),(0.0012533631552856563-0.0002759019868769077j),(-0.001991116161246482+0.002165359197881264j),(-0.0023783219770526177-0.001273992820848988j),(0.0012126892966798544-0.0003538452707063421j),(-0.0021464501834139982+0.0023588787511898118j),(0.005627375318578366+0.0026362197287169344j),(-0.0027176082007893945-0.0006850523336603982j),(0.005735960478887592-0.0001702392635801117j),(0.0012037717130017492+0.00022532936773013304j),(-0.00013512454469069178+0.00033586370911378727j),(0.0007193812155982507-9.889258846119487e-05j),(0.0037105190404552475-0.023308387601658858j),(0.005384262291426545+0.0024818679038300755j),(-0.0029243096300958517-0.0006847503343401437j),(0.005422488976662392-0.00016273656489353486j),(0.003328283589511534+0.0021454722899431154j),(0.0018417222783313155+0.004107635467938397j),(0.0013441550760163604+0.0001832328162646387j),(0.000307697008885312+0.0005938772151439662j),(0.000411160868384489+6.774614947847507e-05j)
46,(1.0461425148618517e-05-5.7811551350163956e-05j),(5.618309551540891e-07+2.313005935844738e-05j),(-1.1023256144761452e-05+3.468149200894625e-05j),(6.5006903942609395e-06-3.8239971380849954e-05j),(-5.606220718517309e-06+2.7500950757045014e-05j),(-6.13354785347547e-06+1.2023268669953638e-06j),(-0.00039590111721649285-0.0034919100793407406j),(-0.0009534048477209694+0.0010894256215575786j),(-0.0011142549180061957-0.0007394388866887565j),(-0.0004949442571192319-0.005643247311363474j),(-0.0014227553870323941+0.0017043838556556612j),(-0.001602292065232954-0.001188740756522848j),(0.0022182419687832838-0.039809950831928016j),(-0.005666311338204203+0.010972112561072233j),(-0.003628231301957153-0.007425455670218224j),(-0.0038287167546865817+0.01492807706028237j),(0.009518318650046782-0.006893306278533383j),(-0.00914685642338891+0.012632116663829147j),(0.016856486159524967+0.024941571541234435j),(-0.0041595364617612015+0.00926831300816639j),(-0.002699168355240221+0.0006958430776556898j),(0.002477029479663592+0.015791899588815647j),(-0.004722620975867853+0.010418668681954043j),(-0.0026168542036661387+0.0005316536128409559j),(0.0025336071246076283+0.01584040266981224j),(-0.004723271244756173+0.01042046630989291j),(-0.0026161151331704864+0.0005303682185405743j),(0.002536014319407521+0.0158290691804229j),(-0.004671456341643858+0.010460799758514364j),(-0.004790394769010149+0.01052164789785495j),(-0.002599650569424491+0.0005821380607704471j),(0.0027397178469704708+0.015389055101920554j),(0.0013460104965582823+0.011289518169189956j),(-0.0006254277305835355+0.005686897174488571j),(0.014708801005284574-0.0015867836053843447j),(-0.0008957881381119615+0.004002381836362687j),(-0.0010939896054268322+0.003718643161530895j),(-0.0023746157504510486+0.006392860677002036j),(0.0016255947629650993+0.010781092203606664j),(-0.0002518613291613769+0.005513322930183555j),(0.014046797203283088-0.003514379152279338j),(-0.0013135619269966639+0.0032791866259295234j),(0.0024104429951244083+0.0049765546493689816j),(-0.04621247126378443-0.042207543192269964j),(-0.0013097099935050595-0.0008849106155349156j),(0.002434627318128962+0.005595887874417926j),(0.953078327076787-0.055381146290632316j),(0.005201795825633904+0.000508352556117052j),(-0.007300987603490881+0.005890314273130082j),(0.010736839670952496+0.0018473462418727264j),(0.003232516923871901-0.0005306266157772018j),(-0.004073631993084193+0.0025365033987923315j),(0.007465579228639163+0.0025888345652935185j),(-0.00025655802377500805-0.0009396923257958294j),(0.000639330054707829-0.0012552222393974915j),(0.0007678415770544403+0.003117346938009926j),(-0.0006645815555188462-0.0006511547052263323j),(0.0010951231538883384-0.0017372839145981707j),(0.00011556792762561956+0.0031279565818505355j),(-0.0003732825054268428-0.0009738898892076527j),(0.0007847237323456943-0.0013562386096905622j),(0.0005251811263722398+0.0031219742463409056j),(-0.001141882547315472-0.00017922018486910083j),(0.0015758094782531275-0.0022510246934357193j),(-0.0006761835908796973+0.0029947721668299263j),(-0.0012069170000199685-0.00011354805253576631j),(0.0015941109703907237-0.0022821495510540104j),(-0.0007729053097059152+0.0029842676104362004j),(-0.001151174942211478-0.00016952290819187074j),(0.0016127577956528514-0.002284162082785283j),(-0.0006985480364977969+0.0029853764186608756j),(-0.0009647455312859182-0.0010138078841996207j),(0.0013842335748081615-0.0017748248693987292j),(-0.0006825597471045822+0.003057098135736476j),(-0.002452085390709918-0.0007285131576583248j),(0.0024257268496262283-0.002445393225586901j),(-0.0037481565208878674+0.002326853472788719j),(-0.002633155615178421-0.0007148796177965412j),(0.0025067544946682525-0.0025396779882958004j),(-0.004072105063300597+0.0023146851673203402j),(0.005204113029808466+0.0005093283976767642j),(-0.007304389666466628+0.005893939528526744j),(0.01073622936530929+0.001842196242897224j),(1.3621922502992517e-05+0.00032010486250724345j),(-0.0011264513991619696+0.0026632475679525j),(0.0028750337621505275-0.0006941286209088454j),(0.01593394493069112+0.02147080341230824j),(0.0049498838655188514+0.0005791295723369471j),(-0.006696190556355704+0.005583252416687553j),(0.009553405267441754+0.0011761698613426547j),(0.0033711842403807953-0.0006268777664422925j),(0.0021203582670336497-0.0026774674681391657j),(-0.0004927393265870752+0.0012231733408325255j),(-5.587119024028844e-05+0.00434126261898241j),(0.002650226022776003-0.002124899759689863j)
47,(-6.61551793575959e-06+1.1839543138855465e-05j),(-1.537407523924103e-06+1.0178053484823161e-05j),(8.15292546813111e-06-2.2017596632329956e-05j),(-4.846273140513011e-06+1.1068677251608653e-05j),(2.719752943311264e-06-2.4034097930424736e-06j),(4.4973679932417065e-06-1.3988919608659376e-05j),(-0.00019141750568462475+0.00028100932664106904j),(0.00025864331412379525-0.0006167269182804479j),(0.00037964187272394975-0.001605462500489671j),(-0.0003382537025052172+0.0005436931027314649j),(0.0003826875998711445-0.0009351295686875756j),(0.0005639488361460297-0.0025414459618848164j),(-0.003504241004735514+0.007539234278447656j),(0.0014634305092097806-0.004287801612344697j),(0.0021874343208066332-0.01612584529621394j),(0.002113101050984218-0.00518051935113693j),(-0.002912890955053091+0.019079517315291207j),(-0.0025186335110499924+0.005596734105514001j),(-0.0019111384227233287-0.007207764938850214j),(0.0019065923986665051+0.0014345473774066853j),(-0.0017648505190625177+0.00031460108577356476j),(-0.0006129421343094233+0.003496222064229304j),(0.002120423413563202+0.001233075114545219j),(-0.0017992637670576777+0.00034737482299040945j),(-0.000641457439107151+0.0038154112162835136j),(0.0021197830949686667+0.0012294236146169583j),(-0.001798824180825585+0.0003478704543838154j),(-0.0006416718610221599+0.003817038673848183j),(0.0020643495459531664+0.001150053133967507j),(0.002227244044770432+0.0009419287777285863j),(-0.0017848060087628421+0.0003983062962867531j),(-0.0006628336054021814+0.0038367327814802384j),(-0.0018090048596152539+0.0008395180750069321j),(-0.0015952286448479205+0.00366356683449833j),(-0.0020368656813376565+0.003881493623461886j),(-0.00012937528531476285+0.0024061621046672288j),(-0.0012346109661859337+0.0031249535656345134j),(-0.0014990478217207512+0.004107754042048569j),(-0.0018696704466112236+0.0008269906483621015j),(-0.0014552811458824807+0.0037268511287570083j),(-0.001957375294013173+0.0038032788661216694j),(0.003430912453310235+0.0016031940730030503j),(0.005626511396934672+0.002724522931301574j),(0.005191324464526024+0.0005571206718463812j),(0.003312587479247375+0.0015042704490978095j),(0.005624336972634194+0.002635085420800075j),(0.005201795825633904+0.000508352556117052j),(0.9797365108320598-0.01892689559715077j),(0.002033183988017297-0.01713583550289147j),(-0.003277661624019214-0.00664017540554329j),(-0.011705425977142856+0.0028627778912320868j),(0.0001445869672812331-0.0008509721180131741j),(-0.00247925170020832+0.001410366507611064j),(0.0011597139222889919+0.008511479346562982j),(-0.0005531074805966407+0.008648257985915678j),(0.000185569968673828+0.008573438479859995j),(0.002697107729668572+0.005667304918966486j),(-0.0003992088976304412+0.004934379892481834j),(0.00033154381317159615+0.0038026126323821227j),(0.0015514889932074336+0.008986227299332732j),(-0.0006405465480610971+0.009038352039015943j),(0.0002412270687925295+0.008955375120920806j),(0.004704084961549653+0.0012603080578587472j),(-0.0001391977596231016-0.003157665464762491j),(0.0004342553191475985-0.0056705332962974815j),(0.004936253388131439+0.0007948430253452744j),(-0.00010297535926537325-0.003995409650949404j),(0.000451433569716436-0.00678218376846455j),(0.004769109009562499+0.001074666021023983j),(-0.0001336036194742546-0.003529731072106913j),(0.00043302342233313715-0.006015380890662898j),(0.0033150198188801666+0.010267756419534008j),(-0.001283302624815498+0.007944129347722326j),(0.00019020728359769217+0.007605692709807011j),(0.005650988779342028+0.008177056213318872j),(-0.004794084361301307-0.004563020122242843j),(-0.0021745339708848315-0.005899464219385949j),(0.00589142904817053+0.00807365968947089j),(-0.005168362599247755-0.0056508652856509705j),(-0.0024286000355294005-0.0071031088206072205j),(-0.02018047235105268-0.016650668386116337j),(0.0021500508922813162-0.008199462490051504j),(-0.0032569641639170646-0.003397624362463759j),(-0.005249804735286837-0.006373047488312685j),(0.0005803708912552074-0.002924978779809885j),(0.0006347363343261474-0.0014437179428671391j),(-7.199617561039835e-05+0.0017248830649058515j),(-0.0186632989620907-0.01656071792989098j),(0.002081730776652365-0.009125496222015512j),(-0.0029815788871498106-0.0037195404286114522j),(-0.011604744979613602+0.00842844607949198j),(-0.00022085622062708292-0.006206621897814872j),(-0.007385220159235444-0.002917195664608615j),(9.927025089454549e-05-0.00567325175562019j),(0.0009550762234625304-0.0038141055552358342j)
48,(1.8046255714113727e-06+1.358673298630016e-05j),(1.5969658978916982e-05-3.039657584194224e-06j),(-1.777428454012428e-05-1.0547075400010602e-05j),(6.727031519112678e-06+9.208886943368692e-06j),(4.726972954976452e-06-6.253967401657206e-06j),(-1.344728780874767e-05-2.8288910425735815e-06j),(0.0003847142996290563+0.0006752214473069312j),(0.00025136326972922696-0.0003718400346130978j),(-0.001227729332208504-8.525468744823451e-05j),(0.0005626731367922613+0.0010799985945543784j),(0.0003587596746964794-0.0006025509713805002j),(-0.001978769400020725-9.881885727792234e-05j),(0.0019404226587008445+0.007282635233417455j),(0.0009396614076170339-0.004492821645467296j),(-0.013791178022546527+0.0007421512739949091j),(0.0011035544372493761-0.005932295718051628j),(0.002578421447746876+0.004663023427482408j),(0.002742727712938121+0.0009591129348407758j),(-0.0008634197066468398+0.005842661358117028j),(-0.00412355518307541-0.00282687370350892j),(-0.003297013865959276+0.001461467717669255j),(-0.000634639969229688-0.002766660354785797j),(-0.004472031378254392-0.0030854415487045327j),(-0.0034234756804181+0.001601314369043011j),(-0.0005669218229364557-0.00288848601433595j),(-0.0044683457179914895-0.003081993500320365j),(-0.0034215833772978715+0.0016052956543308981j),(-0.0005632316883151108-0.0028859995451758743j),(-0.00425672479432306-0.0028768585669044014j),(-0.004611658682902696-0.003118377955930512j),(-0.0032994407783863734+0.0017928484750117483j),(-0.00038841494211721336-0.002719785513081532j),(0.007706279649954958+0.008330848276760094j),(0.003482347826774549+0.010371058758392289j),(0.007846569528802494+0.005916302441864354j),(-0.00024066254346083102+0.0018386638330573082j),(0.0010657578661123596+0.00278305961553335j),(0.0035649460473215484+0.011661895720315755j),(0.008043140300652958+0.008679929424178256j),(0.0036354038734265634+0.010335257422638194j),(0.00787443876985693+0.00622921212207791j),(0.00017240506624960307+0.005781850036585656j),(-0.0026480629217484606-0.0004121575291584356j),(-0.007250243995364676+0.0060036775368767364j),(0.00014948704830970673+0.0056150745604218386j),(-0.0027119040207006792-0.0006841025505840391j),(-0.007300987603490881+0.005890314273130082j),(0.002033183988017297-0.01713583550289147j),(0.9690955289482384-0.013224876303824745j),(0.007014604201997328-0.0073192977635303386j),(0.0018770813026636126-0.002901871944818576j),(-0.015538534285165592+0.003943338218965334j),(0.004904270914964313+0.0007979208877700143j),(-0.0011185087439806879+0.005331750082346735j),(0.0014428940533791576+0.004927473836473438j),(-0.0011487771655610142+0.003017189015212012j),(-0.0016538828117550327+0.002537209595369714j),(0.003504983573572748+0.004946675823190957j),(-0.0012485273075178856+0.0005274139831356441j),(-0.0012120518981588693+0.005717273791546814j),(0.0019139734968875997+0.004983067399142327j),(-0.0014207446396840044+0.0032723195846068205j),(-0.0025479257644470408-0.0033149261366752815j),(0.005534663412864007+0.0051394244331742014j),(-0.0014629501827460507-0.003599479237739565j),(-0.0027037427691009182-0.00400533527273058j),(0.0056168274798212015+0.005182658277826685j),(-0.0015262823578051196-0.004063122647162219j),(-0.002548119833440199-0.0035159573580265738j),(0.005685017324760235+0.005148088090340125j),(-0.0014476745689729182-0.003745359779165941j),(-0.0017452046123239747+0.005630095325498472j),(0.003923831915375119+0.005412401519474017j),(-0.002657757132778369+0.0035868032266027565j),(-0.0030796537063152545-0.0007801690195470001j),(0.007983103708549986+0.0057322693769830835j),(-0.0051436392666928486+0.0010121970946291615j),(-0.0032104546504050564-0.0012647772283620193j),(0.00843479893338174+0.0058721249307495975j),(-0.005408461941538149+0.0008552624396082967j),(0.0021471433588889054-0.00819627504562563j),(-0.030690590579185544-0.006992862547792368j),(0.007052735598046711-0.00876194389805316j),(0.0005176739879733018-0.0026277113970045174j),(-0.005726037615687683-0.0055008271267754875j),(0.0013071908827775452-0.0032194933662903127j),(0.01696211239557338-0.010495070590675275j),(0.0020451542211999242-0.009073143359929238j),(-0.02861574865321334-0.007931310312311046j),(0.006534872492657187-0.00822188379517989j),(0.0018061134721553368-0.005192354956985381j),(0.007668781044896755+0.005436801295066077j),(-1.4378194895010258e-05-0.007124999395808517j),(-0.007162198389059863-0.004801074600157868j),(0.0011531349171173255-0.007370999675603069j)
49,(1.0153544369436068e-05-2.0208670701440018e-05j),(-8.343109252719941e-06-2.1920681591131456e-05j),(-1.8104351328222543e-06+4.2129352303588025e-05j),(6.055998149399008e-06-2.150910100956969e-05j),(-5.567667447771334e-06+1.4706174614948312e-06j),(3.855989351926041e-06+2.6436343069656385e-05j),(0.0008795528888350968-0.0011145449821299543j),(0.00014761814267716495+0.00039679163136431637j),(0.0009430346882558226+0.002477041863706778j),(0.0013307193628833002-0.0018359915383825527j),(0.00015362605200272954+0.0006287145743118423j),(0.0014357707811082617+0.003944556288042559j),(0.005988286476539228-0.01487430273620029j),(-0.0023120341514383707+0.003856043338846966j),(0.006749636353539628+0.025829850628568653j),(-0.003204957307920386+0.0054391424673699874j),(-0.0018077064678517388-0.029203826937615508j),(-0.0047343928654041845-0.012785971952371092j),(-0.0029850474076816985+0.0030019768813678523j),(0.0007631290143859083+0.007806267828044669j),(0.001419971122656006+0.00785972391115418j),(0.00042077405282401324+0.001969290482352123j),(0.0007528432537823719+0.008971940744736577j),(0.0014842218823007502+0.00808139026339254j),(0.000440278514789526+0.0018210403599068963j),(0.0007509440030640138+0.008975313919129887j),(0.0014831092957409316+0.008079457679280908j),(0.0004392784657352253+0.0018179872074106668j),(0.0006436863637391086+0.008932978815231687j),(0.000835856388583463+0.009332688936491314j),(0.0013975612141625582+0.007873819837869809j),(0.00037601649772172913+0.0016725341944519084j),(-0.005424523436699881+0.00046203826229722616j),(-0.0034836267136299083-0.0044367815955833j),(-0.0030908184310757345-0.005403233413905344j),(-4.1213934995035944e-05+0.0003520478131888616j),(-0.0004080004707193582-0.001684268247121412j),(-0.0040506386546480385-0.005780343078712842j),(-0.005459834492938335+0.00019676350686099152j),(-0.0034289924312165174-0.004680565891377296j),(-0.002920351691951956-0.005499501591380214j),(0.003671853451941898+0.0013905773684182304j),(0.005719636162197174-0.0003026722655939673j),(0.010863771047296434+0.001803301499311804j),(0.0036986341497847637+0.0014367611348900626j),(0.005732957531279194-0.00017038643861104139j),(0.010736839670952496+0.0018473462418727264j),(-0.003277661624019214-0.00664017540554329j),(0.007014604201997328-0.0073192977635303386j),(0.9698311028071217-0.02146593394844517j),(-0.0015774226546949894+0.0006805323165434245j),(0.004285426197692119+0.0011004107387260573j),(-0.015845600038707598+0.002710269815530315j),(8.476751547254493e-05+0.006650851460550766j),(-0.0015004771639837498+0.0024079214661401937j),(0.0015823721601419187+0.001277875306670102j),(0.000874133690540883+0.002336479932455126j),(-0.0007006018295310622+0.0020392418883473876j),(0.003351082077281541+0.0012478257573537137j),(-2.2822381799918862e-06+0.006996112027941182j),(-0.0018832108912059345+0.002372434233604802j),(0.002090637346540689+0.0015123340570001864j),(0.0010330767116615107-0.005903332381564539j),(-0.00016022329412982228+0.0009032691116676733j),(0.004533212161767436+0.003578821675884516j),(0.0010457965169578811-0.006853706491220275j),(-8.456880309566845e-05+0.0008424118731062344j),(0.004654068695480091+0.00393249239866369j),(0.0010335322904666564-0.006197584063160274j),(-0.00015412920703183935+0.0008277984902812716j),(0.004569895351098406+0.003640919030544842j),(-0.0006403238904915862+0.006034780711314221j),(-0.003616523079061746+0.0015697175864671214j),(0.004169665427760565+0.004253498642336846j),(-0.0022593029877408443-0.0034839983305597743j),(-0.006722310406050645-0.002255713340759106j),(0.008418535265965602+0.014698435264115085j),(-0.0024204590406408924-0.004240874373304556j),(-0.007061362656759306-0.0025372814187793495j),(0.008914831414103099+0.015809521592389637j),(-0.003258521498297904-0.0033968680118366887j),(0.0070544325624053725-0.008763182339769974j),(-0.029868459813184835-0.009468669365593652j),(0.0008405056157266147-0.0004176661052898668j),(0.0021907418203956333-0.0021075094967054394j),(-0.005981272678492473-0.005047422756364561j),(-0.004062961982956927+0.010002363428504385j),(-0.0030374441185127875-0.003693635915035867j),(0.0066536127761632514-0.008274030219803833j),(-0.027720009434225822-0.011151603022036794j),(-0.002186843514978725-0.002508293345074651j),(-0.0004392129669189602+8.941025183354517e-05j),(0.00297565896237507-0.002062493760827524j),(0.0029424917813808287-0.004803139925353737j),(-0.006623080843187859-0.00292412938746119j)
50,(-5.210868861098481e-06+6.607015072233275e-06j),(-2.6861369759497878e-06+5.544751136987146e-06j),(7.897005841078573e-06-1.215176621338469e-05j),(-6.0419650454329576e-06+6.621294996515696e-06j),(-9.777263277117449e-08-8.941026877538387e-07j),(2.9650578922235997e-06-7.199914110099277e-06j),(-0.0007571165990220188+0.0004427184330618337j),(-0.00039118894704400897-6.767890788574905e-05j),(-0.00012109826614734303-0.0006222306266088023j),(-0.0010828480665106778+0.0006881499778652769j),(-0.0005070597039596957-0.00015402228003144635j),(-0.00011580970836331606-0.001051019291023846j),(-0.002516337460252123+0.004087457522197846j),(0.0010343299275000937-0.002702465607697194j),(0.002086722075270288-0.00916037843729227j),(0.0016565367030242557-0.0032336818338572076j),(-0.0001918870764521137+0.01089982637735177j),(-0.002063215945590991+0.002816463301232067j),(-0.003343155852016257-0.003947836781534197j),(0.0012396433975952496+0.0003433088697182441j),(-0.0010758531021114262+0.00017589566364886733j),(0.0001674267544164059+0.0015617487831872075j),(0.0013254550930405973+0.00017714338771360194j),(-0.0010791460164275418+0.00020269425595918246j),(0.00020079835198837776+0.0017382188066447203j),(0.0013243352001055552+0.00017520182114181757j),(-0.0010786250402052377+0.00020314024507683652j),(0.00020077872479475263+0.0017396381593672008j),(0.00126368926344706+0.0001397011888970498j),(0.0013721378236577157+1.0310509869736195e-06j),(-0.0010618148035395122+0.00023823398365643497j),(0.0001781485646712988+0.0017778153576870463j),(-0.0021506620920749976+0.0005600071574626414j),(-0.0006893319541357108+0.0023806996265494703j),(-0.0014252813436109561+0.003079805466012484j),(-9.283980583494364e-05+0.0007380777670966147j),(-0.0004480167050123114+0.0011255502773982954j),(-0.00041372231003821086+0.0025904538820529155j),(-0.0021852671711617457+0.000581421965649441j),(-0.000634293916906119+0.0024294773029555914j),(-0.0014113403331636768+0.003054392752261192j),(0.003897304161541385+0.001202883247165205j),(0.003254873768160895+0.0018198223917146785j),(0.0032161238956079294-0.0004857792327900481j),(0.0038614054625251233+0.001209950197524786j),(0.003256482177940938+0.0017534968428404305j),(0.003232516923871901-0.0005306266157772018j),(-0.011705425977142856+0.0028627778912320868j),(0.0018770813026636126-0.002901871944818576j),(-0.0015774226546949894+0.0006805323165434245j),(0.9866684758574176-0.0049703072107147635j),(-0.0009951978076701328-0.012380751674233213j),(-0.003563819698036117-0.006596826805871462j),(-0.0003259050623485866-0.0019947201521223878j),(-0.0012626304428083005-0.011353907303252168j),(-0.0011967351142688342-0.011305041499152065j),(0.0012987760520350735+0.00190082823073672j),(-0.0011813816355723235-0.007365535269755318j),(-0.0004850061292340948-0.004621192555508424j),(4.634803872968513e-06-0.0020941162056185374j),(-0.0013734879150395928-0.011478166194177231j),(-0.001278661052168224-0.011711527936983282j),(0.002948640103336177+0.009532715573676812j),(-0.0017811375243386772+0.0004571666817948178j),(0.00030100471131975777+0.005514059139712505j),(0.0031135866401659574+0.010634226431248076j),(-0.0018812912312805364+0.0014229606840511786j),(0.00039787644859904845+0.006623220668731557j),(0.0030085376372949897+0.009756031479692902j),(-0.0017982258509994602+0.0007287608679230921j),(0.00032632905448582903+0.005876110525910153j),(0.0010898259275045844+0.0003747801287833641j),(-0.0022346945295128964-0.007359524549782395j),(-0.0020684089149253307-0.008696414310482566j),(0.003195068150823437+0.013450102981563586j),(-0.001568249332134205+0.012372195679214156j),(-0.0009520131625027073+0.006275468955902076j),(0.003498348946470929+0.014968429752675951j),(-0.0014201307729301352+0.014394749659882699j),(-0.0007704420737339871+0.0077912022988595175j),(-0.011700889263240373+0.0028694240384686525j),(0.0018810657640091594-0.002900309703107661j),(-0.00157428209823917+0.0006859862845472291j),(-0.002059197125066259-0.0017642386907270914j),(0.00015624795435813894-0.0007444872144290191j),(-0.00027189122047819475+0.0003514451505083997j),(-0.0006021678178886403-0.00045445053376327936j),(-0.010563630655425076+0.0027041918061764484j),(0.0017287565118637262-0.0026225286794122234j),(-0.0014514154101113409+0.0007490409604088873j),(-0.009012675188074857-0.022844341239397378j),(-0.001878535115052257+0.0013060176121160658j),(-0.002838997101249778-0.006217115685604387j),(-0.0007814722812534839-0.0041560212713334065j),(-0.00014352245779510888-0.0029097768585854317j)
51,(6.588887502854245e-07+9.507637172162098e-06j),(8.278323691513866e-06-2.513553232204493e-07j),(-8.937212437322456e-06-9.256281847056975e-06j),(2.2026392817589648e-06+7.572526365032649e-06j),(1.486502781126199e-06-3.2435335078116897e-06j),(-7.932633055698223e-06-2.9702197857555043e-06j),(-0.00016741268333169505+0.000754119380107528j),(-0.0002218448261495726+2.424543574668916e-05j),(-0.00097468069473099+3.083627406650979e-05j),(-0.00020205569583813557+0.0011364115590626377j),(-0.00028813671439362155-3.189170915575965e-05j),(-0.0014901171647074612+1.81919706855586e-05j),(0.0011549743751426214+0.005047325080002239j),(0.0006216801119150267-0.002948827271090797j),(-0.007417136578402917-0.0010295452096072653j),(0.0009034855630372519-0.00392310190658483j),(0.0019890246101780034+0.002509776218257531j),(0.0008282432092650814+0.0005975272374757982j),(-0.000658861294225033+0.0038449741499897265j),(-0.0024183218679706487-0.0015661405467841394j),(-0.0015432741212974388+0.0008909373127423872j),(-0.00024827526838350406-0.0020286384661709535j),(-0.0026334401185814935-0.001702217070818443j),(-0.0016007777986083837+0.000970372597291479j),(-0.00020316839900606939-0.0021107872240723495j),(-0.002631385364350396-0.0017000518203273635j),(-0.001599913255120994+0.0009726806660257641j),(-0.00020107255009523317-0.0021089101906523766j),(-0.002510071198018703-0.0015752609094840699j),(-0.0027568415017245568-0.001676486759626894j),(-0.001546182986124701+0.0010814643776618869j),(-0.00010339893905183568-0.001987555857329544j),(0.004664858446914513+0.004919391583005002j),(0.001607593116656962+0.005975526887109311j),(0.004553322716196847+0.004130901473260073j),(-0.00033357449196871024+0.0013309624816037545j),(0.0008528382165360992+0.001725278828105076j),(0.001419024357935326+0.006298989421382786j),(0.004886017001666717+0.0051176363535232255j),(0.001726443582121678+0.006028750860051594j),(0.004579474374314803+0.00434576959652637j),(0.00038414011531166814+0.0018967319677392798j),(-0.000416924845533111+0.0001964067297172121j),(-0.004046896778680694+0.0025809242032081223j),(0.0003630092200946961+0.0018111043070160714j),(-0.00043319042872911305+0.00010912252015152322j),(-0.004073631993084193+0.0025365033987923315j),(0.0001445869672812331-0.0008509721180131741j),(-0.015538534285165592+0.003943338218965334j),(0.004285426197692119+0.0011004107387260573j),(-0.0009951978076701328-0.012380751674233213j),(0.9818769453147621-0.036975829515023616j),(-0.0013041044941423643-0.02480356709207019j),(-0.003662051937955306-0.024080734914417347j),(-0.0013225712987950315+0.006837670070944513j),(-0.0008195335519739595-0.004909254790714518j),(-0.0031484320401221804-0.013494269115619788j),(-0.00028002594989252395+0.005727499156786851j),(-0.0014693841766588883-0.0012223097779911762j),(-0.003674888884031378-0.024869629931574454j),(-0.0006523729504606703+0.00815032859707161j),(-0.0007348839643242784-0.004398848629150097j),(-0.00014813235356950563+0.011050865369646092j),(0.002157968361572687+0.0018911815106305626j),(-0.0012904113111664739+0.003878719831434564j),(0.00017213848262646533+0.01377913756083755j),(0.002369596924283488+0.0008601551819767458j),(-0.0013193331380630042+0.004213547848841974j),(-2.011749264173811e-05+0.012002080150940668j),(0.0022818731937997894+0.0020491764792534457j),(-0.001256183412562436+0.00415612174667014j),(-0.003011062373848891-0.020371107270383448j),(0.002331357398218455+0.01095684307390283j),(-0.0006940328332957624-0.00218436792005184j),(-0.000988957665299198+0.015535330142213255j),(0.006079017114732563+0.010723005320290906j),(-0.0034734689188499657+0.004933464249958294j),(-0.0007385345206978532+0.018935479215307797j),(0.006532710674878197+0.01110249857143994j),(-0.0036813237348452604+0.005811807390366483j),(0.00014587602901289882-0.0008458800672787453j),(-0.015533765929059022+0.00399247190711384j),(0.004292069706096312+0.0011381640641296622j),(0.0010356962720265853-0.0011886971366475525j),(-0.004217749738113727-0.001972057880924607j),(0.0012625773246823999-0.0005252844112736427j),(0.009622785340989965-0.004954967148854009j),(6.17890344849432e-05-0.0012741598433135288j),(-0.014297337185560042+0.0049315546382402145j),(0.0039185571372727995+0.0017707564903757956j),(0.003117655784835178+0.003917799233680977j),(0.0031356706833935623+0.008101315887021001j),(6.446120338889782e-05-0.006113027543337575j),(-0.0035333976776621527-0.0044772749449457005j),(-0.000485332071606106-0.005175633679000461j)
52,(4.508273096651853e-06-9.001142734923772e-06j),(-5.721238396256377e-06-1.221171428874913e-05j),(1.2129652911910708e-06+2.1212857029185808e-05j),(1.17820575205959e-06-9.778095987080582e-06j),(-3.986021246252285e-06+4.6096133840508636e-07j),(2.4797768217648704e-06+1.4373653650826204e-05j),(0.00010118601709737318-0.00025101686990225186j),(-0.00022853866523837364+0.00041087681704031346j),(0.00033518245671464793+0.001546698842375985j),(0.00020399955309396086-0.0004892977957261142j),(-0.00033042398663290715+0.0005976518631038197j),(0.0005567790156229457+0.0024152552829944276j),(0.002859634404909645-0.006880996051303354j),(-0.0010705151748927623+0.001681632682483768j),(0.004372875483168342+0.014009869278765859j),(-0.001480332526196519+0.0023642230050853075j),(-0.0008274575891884014-0.016287724117705713j),(-0.002797468172106758-0.007363837554507715j),(-0.0030080274329515834+0.001384244634723931j),(0.0005389689201635975+0.004442792450536573j),(0.0009396086463237413+0.004653771375522111j),(0.0002863227646232655+0.0007640273341086206j),(0.0005346740246118605+0.005096551419849549j),(0.0009792447551720106+0.004784818855964126j),(0.0003079882765702807+0.0006896176208036082j),(0.0005334589815755266+0.005098475854197654j),(0.0009785393610245315+0.004783741746766641j),(0.00030731202923203445+0.0006886701623646956j),(0.000466409766495115+0.0050758352253023895j),(0.0005538662698911049+0.005339377708076217j),(0.0009248897626628105+0.004666292009645085j),(0.00025879581903423977+0.0006430377517265351j),(-0.0030998195213091046+0.00013337697025579513j),(-0.0020456526128918716-0.0024788837611361392j),(-0.0023647729102509655-0.0018352800177709435j),(-0.00014722078581718302+0.0004214388575555369j),(-3.7637908874334116e-05-0.0008705080132180749j),(-0.002257959739208974-0.003626671330859335j),(-0.003123223872803745-1.515264320267086e-05j),(-0.002037246281458886-0.002569920775419071j),(-0.0022602313133714327-0.0018015964391699547j),(0.002441559196728889-0.0002775375591519214j),(0.0033953180905040075-0.0004441533485148117j),(0.007509992488845079+0.0024939772556172787j),(0.0024573291086961704-0.0002512111986980065j),(0.0034082933258631036-0.0003460155361790767j),(0.007465579228639163+0.0025888345652935185j),(-0.00247925170020832+0.001410366507611064j),(0.004904270914964313+0.0007979208877700143j),(-0.015845600038707598+0.002710269815530315j),(-0.003563819698036117-0.006596826805871462j),(-0.0013041044941423643-0.02480356709207019j),(0.9829796223652202-0.055007791207648156j),(-0.003931238616818898-0.03292324149403731j),(-0.0008714604048320917-0.0035474241297690384j),(-0.0022791709451553954+0.018761286040272232j),(-0.0029345287339394917-0.018572795256387612j),(-0.002542631237931959-0.002079597204008698j),(-0.001046600223957107+0.015188378468548413j),(-0.0038388786071383487-0.0339586874037912j),(-0.0006456163910502151-0.0027132215572384794j),(-0.0016351296848631156+0.020745863451126677j),(0.0021079916668998574+0.013109685714966403j),(-0.002269749569404321-0.0010335548538964743j),(0.003244132367386654+0.000625585692521905j),(0.0026981614202227543+0.016713509630461042j),(-0.0022838707632781303-0.00152402730005666j),(0.0037286212431652394-0.0013560163511973948j),(0.0023036518125933835+0.014290476471807156j),(-0.002215594082707717-0.0007156450590392804j),(0.003415343329978613+0.000213326860238134j),(-0.002517717261212064-0.02730246138873644j),(-6.021051873999529e-05+0.000647279107760277j),(0.0016908841161261184+0.022332918238837235j),(-8.034697070247092e-05+0.01950719469878888j),(-0.003667396998796316+0.006584848782114876j),(0.006034002259198193+0.003056996463112347j),(0.00019768633751740528+0.02380027810103857j),(-0.003956074372292675+0.007390697738594415j),(0.006516630646339457+0.0017098959897344484j),(-0.002477652178665375+0.001416958109200353j),(0.004912421384760464+0.0008348992964438209j),(-0.01584243686096903+0.002776077234485549j),(0.0015000614180845741+0.002046701115441546j),(0.00029111117615212797-0.00010640506636117627j),(-0.003462280757230243-0.0041371632959681295j),(-0.0028393393185392056+0.004976892662800835j),(-0.0023381563403171214+0.0006831472239047127j),(0.004567891078579536+0.0013901586414401153j),(-0.014662619305118196+0.00435080740015872j),(0.0009066791812796734+0.01644492054046662j),(-0.001237272617042471+0.005008476962502173j),(0.0017928972894136134-0.004066359088022129j),(0.0015984812128206367-0.0034768361400074705j),(-0.004139571577634882-0.00202184665770662j)
53,(1.1386940958650719e-06-1.2694748141685898e-06j),(4.781488855258311e-07-1.9845208272371257e-06j),(-1.6168429830072492e-06+3.2539956427698993e-06j),(8.85589839280263e-08-1.0733553817690496e-06j),(-1.2131311176409236e-06+3.727419035772749e-07j),(-1.766127660466985e-06+2.632603395344098e-06j),(-0.0002368539078707319+0.000164717333410103j),(-0.00031387454127992383+0.00025819788271183846j),(-0.00034040038824849296+0.0004421525684372141j),(-0.0003020101070852912+0.00019603641667817592j),(-0.00042874206660596816+0.00035547189862925087j),(-0.0004824211648777029+0.0006614420372869872j),(0.0008403784290525859-0.0012756232330377653j),(-0.00016370315296485092+0.00021370205545762772j),(-0.0009534450758599643+0.002744662040252788j),(-0.00015280293191582755+0.0001968056943660256j),(0.0010153640791133317-0.003926161483863065j),(-8.179081734631968e-05-0.0009631309959699564j),(-0.0008573854805766878+0.0017089913601251844j),(-0.0003966099508096515-0.0002967400373696904j),(0.00028842674550938084+0.0003005448742804648j),(0.00042455576325810626-0.0008945734838822809j),(-0.0004481332829790014-0.0002497334695983527j),(0.00029474488800938076+0.0003087200937824438j),(0.0004539071702931521-0.0009592157194698133j),(-0.00044786811083294875-0.00024860995691344085j),(0.00029463127649216245+0.00030893760887587584j),(0.0004540113642910175-0.0009590516862150028j),(-0.0004281878229647521-0.00021508237543324546j),(-0.0005130967807397133-0.0001897505826159086j),(0.00028752922108892995+0.0003125380479177365j),(0.0004527723089266388-0.0009376861746577007j),(0.0010642125061740742+0.0006872598317609288j),(0.00011637462969318818+0.00024128705718108904j),(0.0004137557720680951+0.00020605919047304464j),(0.00012793071886595705-0.0011201963301402682j),(0.0006271473282790175-0.0014688031093201635j),(8.020118617508415e-06+0.00014737999105837165j),(0.001120930313993915+0.0007504258084881929j),(0.00011568722879433776+0.000230031932387688j),(0.00040367347146144905+0.00023394245915918377j),(0.0005122331762493071+0.001659211527330048j),(-0.00029546377314954963-0.0009737672875933521j),(-0.0002523716715949647-0.000985753907170541j),(0.0005103395878027978+0.001710148193854398j),(-0.0003000954626425238-0.000946828511370064j),(-0.00025655802377500805-0.0009396923257958294j),(0.0011597139222889919+0.008511479346562982j),(-0.0011185087439806879+0.005331750082346735j),(8.476751547254493e-05+0.006650851460550766j),(-0.0003259050623485866-0.0019947201521223878j),(-0.003662051937955306-0.024080734914417347j),(-0.003931238616818898-0.03292324149403731j),(0.9916923523201223-0.014741026019534064j),(-0.0014172582053675825-0.01421318245009524j),(-0.002045549378485111-0.011265888081153882j),(-0.006620172809817382-0.0009513095673509026j),(-0.002446335492605242-0.00254536758326j),(-0.002377696802110683+0.00017879547791044368j),(-0.008271343638922436-0.010881161019129148j),(-0.0009589459822935313-0.003135203582147082j),(-0.0017615226973621053-0.006241916323217385j),(-0.0005055031909960815+0.011958558475235515j),(-0.0025969350551524268-0.004464398298220281j),(-0.0015448059975951766+0.00526880446901631j),(0.00023790263554811914+0.011682564306120396j),(-0.002538470340756985-0.006703512111171973j),(-0.0014553887300368848+0.004855829305632492j),(-0.00029433328734896475+0.01290086061247762j),(-0.002646601854512131-0.0037369138884559955j),(-0.001501503438639459+0.005756516570811096j),(-0.006076268425241541-6.244296815424797e-05j),(0.0007488003764309143+0.005787831848800959j),(-0.0003421627911950408+0.00185221546241184j),(0.002257744613073542+0.01796496195597565j),(0.0020324441998885202+0.009786590340488325j),(0.0003922525940227207+0.007515777452040475j),(0.0030799956725984863+0.01970814998268301j),(0.002267894310479913+0.010333341915957714j),(0.0005501897809176199+0.008151564430392576j),(0.0011614983667359536+0.008524780659937599j),(-0.0011150189934577598+0.005371646651863592j),(9.02482215151817e-05+0.0067046784413306885j),(0.0014894468423809542+0.003660612766936423j),(-0.000388155313403997-0.0008173850626905293j),(-0.00102379730365497-0.0009922333459388526j),(0.00020993749269695002-0.0017873738449561594j),(0.0010422246292318216+0.007497047952386712j),(-0.0010809348316155654+0.005697069869434243j),(5.404732529796786e-05+0.007362785975556734j),(0.004120491438934429+0.008576734157523025j),(-0.0039418073226715035+0.010866705001931416j),(0.0015038286279150282-0.0032774708623455905j),(-0.000715072918578561+0.0004624650925823742j),(-0.00042463275408907513+0.0002935415405912815j)
54,(3.0000118731664215e-07+1.2632930741114195e-06j),(-1.1886665207423975e-06+1.4844621830597259e-06j),(8.886653334488703e-07-2.7477552576875874e-06j),(-9.974277670881232e-07+1.9025586131573562e-06j),(-1.33560330498409e-06+4.6881781387648533e-07j),(2.1476377088721504e-08-1.2129881024355396e-06j),(-0.0002696412557870064+0.00030713250582201654j),(-0.00029949465533084116+0.00021582857718967056j),(-0.00018233322391354235+6.0284542630945894e-05j),(-0.00035785309574325864+0.0004265884362834819j),(-0.0004074577784398952+0.00028708100180404434j),(-0.00022657999945681546+5.0720489229773204e-05j),(0.0003129892646306833+0.0004425797828186852j),(-9.163122269181645e-05-0.0002477707618257734j),(0.0009017717236040981-0.0013606979974649682j),(1.9900782105085973e-06-0.00039396001644638554j),(-7.658711446534652e-05-0.0009666545049879507j),(-0.0007858076516527287+0.00015281330605755616j),(0.0007020097546010888+0.000251598835151327j),(5.398414847819716e-06+0.0006662255656495172j),(0.0006706900283250481+0.0002949998009636682j),(0.00014786790011289352-0.0003424246286410487j),(1.4777990847959234e-05+0.0007448118325928249j),(0.0006898845894375166+0.0002926382709724411j),(0.00013537828648971101-0.0003544885282928724j),(1.49731858691116e-05+0.0007448322130077056j),(0.0006894333738709483+0.0002924624276379518j),(0.0001350062906601975-0.0003541795879174134j),(2.3772293522439348e-05+0.0007367407123317021j),(-5.034106521027552e-05+0.0008176288034539105j),(0.0006609305635218698+0.00028362250335662475j),(0.00012085515920908787-0.00033696626533765014j),(0.0008261761309641431-0.0002763388659645675j),(-0.0005800669295960116-0.00029804385153673317j),(-0.0002939348476623084+0.00029788925828322415j),(-0.00016743977065454877+0.0006401308527704372j),(0.0002466716677613546+0.00030528726643479546j),(-0.001061134825819087-0.0004750105489832651j),(0.000861482810865212-0.00035648406309956703j),(-0.0005210047684113516-0.0002690700166265382j),(-0.00027084836773950776+0.0002957607276185958j),(-0.00041051790821123734-0.002444251959312871j),(0.0015650017559043364+0.0011547743181226956j),(0.0006478411512266294-0.001265309937273529j),(-0.000436151691259372-0.0023841147696675898j),(0.0015699491023462796+0.0012094168404812701j),(0.000639330054707829-0.0012552222393974915j),(-0.0005531074805966407+0.008648257985915678j),(0.0014428940533791576+0.004927473836473438j),(-0.0015004771639837498+0.0024079214661401937j),(-0.0012626304428083005-0.011353907303252168j),(-0.0013225712987950315+0.006837670070944513j),(-0.0008714604048320917-0.0035474241297690384j),(-0.0014172582053675825-0.01421318245009524j),(0.9939447858478703-0.013360780069329297j),(-0.002584390114620972-0.016622697130354355j),(-0.0007747334448976357+0.000829036075058214j),(-0.004344393505529344-0.00021312299968957987j),(-0.0018148768121053634-0.006840265068675482j),(-0.0013588898469087142-0.004115837380466588j),(-0.005919178803987-0.005554022572546016j),(-0.002588193644169621-0.017713640099109564j),(-0.000792109645730294+0.004010074955258576j),(-0.00158726865004736+0.005879184512926511j),(-0.0009831272325454992+0.010131870166397626j),(-0.0006993416367807693+0.003749452252070836j),(-0.001080318096235755+0.005532142823229691j),(-0.0008368281869541886+0.011835467703836835j),(-0.0008371429943929556+0.004201014992882823j),(-0.0015810877570196506+0.006211336189350453j),(-0.0009837317196084562+0.010757791671151996j),(-0.0014901977209170552+0.0012389132008620851j),(-0.004752114976377999+0.0040540784305674255j),(-0.0022042806920182807-0.011423835885829096j),(-1.5883420649914163e-05+0.00545080725955871j),(0.003000737254607526+0.020768054108185774j),(0.0013175776904684583+0.011178708612257116j),(0.000235561738156174+0.00604315576929161j),(0.0038126128212101528+0.022490319371419733j),(0.0017504650622135035+0.013317133159447788j),(-0.0005522144929966741+0.008674538771856522j),(0.0014466296612536485+0.004923747385893407j),(-0.0015012728279188332+0.002415163168415738j),(-0.00010468368518228152-0.001338490545301833j),(0.00014833984495852718+0.002846465689642544j),(0.00029676555243609+0.0013578838277912607j),(-0.0003981765420398943+0.0027691371690781786j),(-0.0005844092944860666+0.00870497244386581j),(0.0014624240331216607+0.004156170135921669j),(-0.0014299387537039508+0.002251122436385859j),(-0.0030893449516430273-0.02079005848385771j),(-0.0033206312350342122+0.004103727345671651j),(-2.7456507525700424e-05-0.00020299892754200715j),(0.0006765262635234091-0.001999980232780552j),(-0.0010307958722044922-0.0005614631921692927j)
55,(-1.6767955140575305e-06+4.364281946841e-06j),(4.7118929869823485e-07+1.6688478618661728e-06j),(1.2056062185328528e-06-6.033129810637011e-06j),(-1.9379540208112386e-06+4.229562499510311e-06j),(-1.5575678854357853e-08-7.292114288025486e-07j),(-5.495547343139377e-07-2.6273019122983025e-06j),(-0.00034630114135795846+0.0004544467263103172j),(-0.0002307111614926164+0.00011710481265054932j),(-0.00025974208079690604-6.252487287517535e-05j),(-0.000488661564526829+0.0006784432181859188j),(-0.000303030555875086+0.0001385411184369927j),(-0.00036236473080417304-0.00013865641819802202j),(-0.0008674402366560218+0.0027783173421110858j),(0.0004384184818586445-0.0009148246631948173j),(-0.0004630040718109047-0.002389222486074587j),(0.0005664293450823235-0.001316196889315362j),(-0.00041806005863109227+0.0020790518162125556j),(0.00026569958849318695+0.0008951321198919229j),(-0.000649793228138207-0.000314331808755515j),(-6.424229551327287e-05-0.00020763974125728865j),(0.0002238506082641638-0.00016741328518626126j),(-0.0002227650089758313-0.0002330019663734893j),(-4.805697739401852e-05-0.00026076979844425364j),(0.00021838064404705278-0.0001764960497223205j),(-0.0002303850787712454-0.000200793959121258j),(-4.7546826128099017e-05-0.0002609534846523243j),(0.0002182218961936358-0.0001763596196349182j),(-0.0002303480222753338-0.000199581116505711j),(-2.5045454645105216e-05-0.0002575862330436802j),(-9.285841629232388e-05-0.00023771053289043217j),(0.00021111491639082876-0.00016401642215426164j),(-0.00023099640635963016-0.00014277625303242493j),(0.0013064435786133532+3.0807059925479745e-05j),(5.4130749983676154e-05+0.0004466487493510734j),(-0.00017842327674044817+0.002279957851874647j),(-7.038442321175714e-05+0.0005597350754381022j),(0.00029536399875220197+0.00047333560564020104j),(-0.00011559481931214656+0.0005797819603541631j),(0.0013361212000824667-1.7994730981166457e-06j),(6.99334712042866e-05+0.0004300172585119226j),(-0.00015101178087088664+0.002390237302018514j),(-0.0004151957493990032-0.0016824364245073273j),(-8.844910648473953e-05-0.0006487539919401485j),(0.0007492126580496897+0.0031331461844510363j),(-0.00043340866161743297-0.0016321876845249886j),(-9.52605671242864e-05-0.000645740569456308j),(0.0007678415770544403+0.003117346938009926j),(0.000185569968673828+0.008573438479859995j),(-0.0011487771655610142+0.003017189015212012j),(0.0015823721601419187+0.001277875306670102j),(-0.0011967351142688342-0.011305041499152065j),(-0.0008195335519739595-0.004909254790714518j),(-0.0022791709451553954+0.018761286040272232j),(-0.002045549378485111-0.011265888081153882j),(-0.002584390114620972-0.016622697130354355j),(0.9934794084663915-0.009131457307221313j),(-0.001410283559720548-0.0008728977399866849j),(-0.002434286739418575-0.01045871035663824j),(-0.003995466749923564+0.007283671350586446j),(-0.0020694347125403117-0.007039994845682204j),(-0.0025087706380602496-0.017214001624576383j),(-0.006306812996515813+0.003920710819535912j),(-0.0012648000180908597+0.005214740629208004j),(-0.0025334771096162216+0.0016306115474098533j),(-0.0005087547613114015+0.007652401277428468j),(-0.0012330433738999035+0.005491134721321558j),(-0.0024829041133021283+0.002843621400272769j),(-9.62646896903171e-05+0.006374652327024272j),(-0.0012720177614695813+0.005515496570825743j),(-0.0025713356834064036+0.002133440049357097j),(-0.00039717976315021105+0.007899052083011917j),(-0.001992404413554403-0.0016004934142607122j),(-0.001756527094542142-0.008876656562052816j),(-0.0051951742748465625+0.008799639910016161j),(0.000207821400786016+0.007159915092345211j),(0.002649032679932013+0.017848390408945015j),(0.002137230203775665+0.009232150824346442j),(0.0005190980089529793+0.008126676423398548j),(0.0031812952201285914+0.02039803316845295j),(0.0028782700842563624+0.009470339108219065j),(0.00018727251199516842+0.008599599809099268j),(-0.0011491411011750705+0.00302726951743457j),(0.0015876084355929512+0.001253470890319323j),(6.645345212429244e-05-0.00013834416867300166j),(-0.00027597549184783457+0.0007024947308857938j),(3.4741770501305904e-05+0.0020182022445442496j),(0.00014133798247791172-0.0014906757141990442j),(0.00011605758620145378+0.008726371012137728j),(-0.0011062649727608248+0.0029476508250381103j),(0.0016576791922682118+0.00029333340123756206j),(-0.0031262666138977564-0.0199193335157589j),(-0.0033887575777355253+0.0036849657543770314j),(-8.315324647066195e-05-0.0010781666439634507j),(-0.0006905084110909195-0.0003376990598114735j),(0.00048314901507826426-0.0011851830805733226j)
56,(1.6927413144544917e-06-2.4207514074706354e-06j),(1.8193711595673922e-06-3.0044820097367307e-06j),(-3.5121124762296244e-06+5.425233419102336e-06j),(1.4797697101409063e-06-2.572913947136936e-06j),(-4.545455205679557e-07+1.8135956882944044e-07j),(-2.534159714170673e-06+3.596359305674894e-06j),(-1.8755693740836576e-05-5.199273987649449e-05j),(-0.00013016614623632703+0.00012965452449491494j),(-0.0002882260123214362+0.00042381938289254496j),(-2.489410603841783e-06-0.0001173349443971271j),(-0.00018198584431480548+0.00018359489689449642j),(-0.00043505428085503724+0.0006607863584208145j),(0.0010299980939531773-0.0021575985849335948j),(-0.00024796609988563196+0.00031679712636607186j),(-0.0019647735782713136+0.0038059407491783815j),(-0.000315953795235714+0.00033952322704599615j),(0.001058008910996245-0.0047941013014692994j),(0.0003720112572246072-0.0010968496560404663j),(-0.00038636634944216685+0.0016505747988022354j),(-0.0006062475664951334-0.000347889044436045j),(0.00017319336774532603+0.00041765101396381036j),(0.0003753104318073557-0.0008586673852557547j),(-0.0006754910278435822-0.00028692344969818723j),(0.00017518511024336414+0.0004262198564128003j),(0.0004005426845900801-0.0009297895490117701j),(-0.0006751015887064006-0.00028548778774311473j),(0.00017522032543143773+0.0004264277363186875j),(0.0004007387801222555-0.0009297841273620952j),(-0.000648058495269477-0.0002414386475854762j),(-0.0007242052822153742-0.000241324423471605j),(0.00017841017234281005+0.0004282319887627655j),(0.00040696286796282734-0.0009164098260567024j),(0.0011458462114856548+0.0011747429350592344j),(0.0005074949700299435+0.0003060090204803599j),(0.0007464403670053601-7.94436043866269e-05j),(0.00025476917419690913-0.0012264558583861577j),(0.0006580531811519965-0.0014841394283207792j),(0.0005115015824527327+0.00026289110300745187j),(0.0012081682562596282+0.0012529034478021787j),(0.0004896388804472611+0.0002742318115633124j),(0.0007325073615253603-5.370299580728915e-05j),(0.0005477201509736936+0.001991228974697589j),(-0.0010468042796533434-0.0014151251143499723j),(-0.0006624471065888348-0.000668848547746465j),(0.0005591556664991933+0.002020418251205097j),(-0.0010520506252378837-0.0014094731174031207j),(-0.0006645815555188462-0.0006511547052263323j),(0.002697107729668572+0.005667304918966486j),(-0.0016538828117550327+0.002537209595369714j),(0.000874133690540883+0.002336479932455126j),(0.0012987760520350735+0.00190082823073672j),(-0.0031484320401221804-0.013494269115619788j),(-0.0029345287339394917-0.018572795256387612j),(-0.006620172809817382-0.0009513095673509026j),(-0.0007747334448976357+0.000829036075058214j),(-0.001410283559720548-0.0008728977399866849j),(0.988878248446382-0.020445989168823668j),(-0.004219715395505481-0.018662809728365468j),(-0.005029882744965684-0.012686831736231682j),(-0.006051076946637491+0.0010594228673502096j),(-0.00020884076404035934+0.0023294311837464285j),(-0.0008508110991980209+0.0006677548807673094j),(-0.005849484440009657+0.002858902321229773j),(-0.005398204656988181-0.004661156545841453j),(-0.004823754214615896+0.0021013113933091134j),(-0.0048301313751711265+0.007335195995131119j),(-0.0053376853903824625-0.00351966710105073j),(-0.004619292132608756+0.004203931551580191j),(-0.0057433821177333136+0.0032223914435061474j),(-0.0055145091647851065-0.004496032447475637j),(-0.004850417659086508+0.0023796003840932277j),(-0.0023306078090214793+0.008475270800639756j),(0.0021438493644696166+0.0058665394461811715j),(0.001342601198915757+0.004779597702391886j),(0.0023142035376095688+0.015529204717008683j),(0.0033750610631062498+0.006217198053908685j),(0.000931146878708611+0.003207790482460054j),(0.002793528480664363+0.016434061054410407j),(0.0036022781873652396+0.006495909591005688j),(0.0009737131385735055+0.0032399706433817697j),(0.002698600511713231+0.005672026097335959j),(-0.0016518351865932378+0.0025589061286037385j),(0.0008792158016204114+0.0023650059758576853j),(0.0016503635795556628+0.0025603623913305756j),(-0.00036028567190686436-0.0003240882567907277j),(-0.0005586947255694947-0.0006355366337853991j),(0.0006704595850245032-0.0018667678127373842j),(0.0024681528541242817+0.004982427408290153j),(-0.0015571458154465228+0.002783355092945898j),(0.0008455690468484648+0.002826276988278132j),(0.005215707182423021+0.009402181756116106j),(-0.00686083931164464-3.5753828414643654e-05j),(0.0020867548908098383-0.0008327361831729296j),(-2.8985231100911754e-05+0.0013136348321306842j),(5.14480484990471e-05+0.0008568955047132692j)
57,(-1.0545497729795192e-07-4.3160763655915354e-07j),(-1.890904911306391e-06+2.3452733128361706e-06j),(1.9963598874408298e-06-1.9136656774683117e-06j),(-1.1749088102931936e-06+5.873811065654321e-07j),(-1.0570371155129382e-06+1.0814983828266127e-06j),(1.1017960803529484e-06-1.5793352177965303e-06j),(-0.00019747055682604523+8.782916149680463e-05j),(-0.0001931227384363245+0.00012927034913901968j),(-1.8505436361676884e-05-9.600764619563038e-05j),(-0.0002699515398248296+0.0001049668557407484j),(-0.0002638978345064606+0.00017541061929562192j),(1.0454343151935019e-05-0.00017888617067848963j),(-0.00012344692620550404-0.0006122245735296087j),(-0.0001143144892442107+3.051817068697171e-05j),(0.001566488474278505-0.002133632797516531j),(-4.2949684654884895e-05+0.00010040248093889188j),(-0.0004415876211844531-0.0007377873264317199j),(-0.0006671445555579688-2.7315890574086676e-05j),(0.0007223865137148652-0.000335229885935014j),(0.0002537607354401219+0.0010744065456963583j),(0.0006240338206136062+0.0001729110892374295j),(0.00010943364418929244+0.00043754708856668495j),(0.00028711083085822676+0.0011788281699013337j),(0.0006427711856055003+0.00016893173546571067j),(9.28275122806777e-05+0.00044952494747716007j),(0.00028709751181532704+0.001178398783569286j),(0.0006423763344639898+0.0001686181866759162j),(9.233819952412977e-05+0.00044923145847868603j),(0.0002827516282329413+0.0011480179979759509j),(0.00025825032178248316+0.0012299413737301855j),(0.0006172614483038667+0.0001525234047664685j),(7.269967701046528e-05+0.00043077646658604086j),(0.00016253355028007408-0.0008627040695774199j),(-0.0005681150926872747-0.0007480389252566206j),(-0.0006700250274123071-0.0006316270942508379j),(-7.39099447603685e-05+0.0005232468736175106j),(0.00010295604012044497+0.00018285290993712484j),(-0.0009248248734623599-0.0009617849540954368j),(0.00017484991379080605-0.0009627061780703208j),(-0.0005223602042739014-0.0007005494096845925j),(-0.0006489549814026874-0.0006927742319489776j),(7.875876411561882e-06-0.002120595743449937j),(0.001672289153961255+0.0020298918288233535j),(0.0010944338093194787-0.001750545033877525j),(-1.1081528252830175e-05-0.0020840122868832573j),(0.0016763105067374986+0.0020795541493783764j),(0.0010951231538883384-0.0017372839145981707j),(-0.0003992088976304412+0.004934379892481834j),(0.003504983573572748+0.004946675823190957j),(-0.0007006018295310622+0.0020392418883473876j),(-0.0011813816355723235-0.007365535269755318j),(-0.00028002594989252395+0.005727499156786851j),(-0.002542631237931959-0.002079597204008698j),(-0.002446335492605242-0.00254536758326j),(-0.004344393505529344-0.00021312299968957987j),(-0.002434286739418575-0.01045871035663824j),(-0.004219715395505481-0.018662809728365468j),(0.9912597860557031-0.01858271324604976j),(-0.00525290282435867-0.019055979116237298j),(-0.0022241581681375407-0.0017067592275487467j),(-0.0038269300788488364+0.0009129432763250473j),(-0.0020153846763570453-0.009176881054831946j),(-0.003956545727533291+0.0004171167197439521j),(-0.006378210346229223+0.008169896310570942j),(-0.0035934757757758217-0.0014015458783116982j),(-0.0038522251141629906+0.0032664193805581306j),(-0.005868275230356141+0.014198098025652809j),(-0.00315272375535531+0.002376503828081191j),(-0.0039659243579404846+0.00033291522177901397j),(-0.0063298709156627605+0.007876358024587521j),(-0.0035856336408222255-0.0011241933490987492j),(-0.0009858968346177829+0.000423715428104445j),(-0.0010773923619078283+0.0047292031922738925j),(-0.00017019908774641208-0.00224314020589869j),(0.002144249765399455+0.0063035995315686745j),(0.003217566199408534+0.013021629410699146j),(0.0017083387993017517+0.013374253331315944j),(0.0025546609451104763+0.0071297325835569915j),(0.0037208947088321846+0.014112022170006035j),(0.001999684738317993+0.014996457829532715j),(-0.0003982613540424824+0.0049502461517073795j),(0.0035097909009272343+0.004944947800709191j),(-0.000698035433871787+0.002044069271383016j),(8.909477899805948e-05-6.547888207085115e-05j),(0.0009904438663073446+0.0020610691743188215j),(0.00011624697667680884+0.0011640544063258862j),(-0.0018001114730001261+0.0020023005338360546j),(-0.00043785915531681667+0.00497105129723955j),(0.0033526913713840282+0.004363962372154045j),(-0.0005967904309788915+0.00190695440308207j),(-0.0017223329769579577-0.014345218682029388j),(-0.006142973590129805-0.0035470934857451896j),(0.00010286949609092202+0.0005767823618020948j),(0.0013257032652647712-0.0001455877560970225j),(-0.0001569822371142465+0.0006802140571621726j)
58,(-2.4849088718082725e-06+4.96495615657482e-06j),(1.119635499667683e-06+2.1207978564983763e-06j),(1.3652733766995394e-06-7.085754015038084e-06j),(-1.958951936517732e-06+4.513456694326279e-06j),(8.859743569995618e-07-1.1289526059514827e-06j),(-3.836127058845148e-07-3.5452638014696756e-06j),(-0.0002641359964113991+0.0003537353580791325j),(-8.776676372066207e-05-3.0596968731644737e-05j),(-0.0001812471714806109-0.00024749389171896754j),(-0.0003918997116469455+0.0005497388902971357j),(-0.00010708780256786594-7.03578053645878e-05j),(-0.0002651756382605559-0.00041346550674250924j),(-0.0015012132884820602+0.003155434893942277j),(0.0005583444809836695-0.0012866462653295147j),(-0.0008528379564703782-0.0034559865675856333j),(0.0006797423034964941-0.0017788983985778653j),(-0.0006636518747689154+0.003940151843977757j),(0.0007754690923528392+0.001711590808967536j),(-0.0004820606286890266-0.0010606868634245427j),(-7.779929271875335e-05-0.0006916036623507354j),(0.0001210983552971728-0.0003082507036401079j),(-0.0004508646207626929-0.00039192892716719127j),(-5.490512298664198e-05-0.0008151986921164402j),(0.00010692347850627332-0.00032410937371052904j),(-0.0004615258849120038-0.00034165208546687014j),(-5.426520069939933e-05-0.0008154003792568255j),(0.00010684877980629396-0.0003238993180465432j),(-0.00046113638270951004-0.00034002574920120486j),(-2.659942206463756e-05-0.0008000073612143213j),(-7.354315928773082e-05-0.0008434607738173462j),(0.0001069591499354086-0.000302725805006556j),(-0.00044342013285932297-0.00026665453269372535j),(0.0013812664065651922+0.0006459908848101383j),(0.0002899187571603763+0.0009433660008576032j),(0.0004105082439354799+0.0029341534360316788j),(2.299277511253015e-05+0.0005031239461020955j),(0.0002150277570861058+0.000700942833739525j),(0.00020893193044998375+0.0011814473962430015j),(0.001411317727794253+0.0006525358862716937j),(0.0002879296122337385+0.0009059896926322734j),(0.0004416908398340638+0.003060159909683788j),(-0.0002318485669647219-0.0012996395826577014j),(-0.0008378448016948044-0.0017987762218834216j),(9.22520049243807e-05+0.0031446325955866356j),(-0.00024282272279767345-0.0012840805983758653j),(-0.0008383549178101785-0.0018067519744356243j),(0.00011556792762561956+0.0031279565818505355j),(0.00033154381317159615+0.0038026126323821227j),(-0.0012485273075178856+0.0005274139831356441j),(0.003351082077281541+0.0012478257573537137j),(-0.0004850061292340948-0.004621192555508424j),(-0.0014693841766588883-0.0012223097779911762j),(-0.001046600223957107+0.015188378468548413j),(-0.002377696802110683+0.00017879547791044368j),(-0.0018148768121053634-0.006840265068675482j),(-0.003995466749923564+0.007283671350586446j),(-0.005029882744965684-0.012686831736231682j),(-0.00525290282435867-0.019055979116237298j),(0.9920669569730345-0.013787300003909047j),(-0.0020669468386471527+0.0012396594134899026j),(-0.001348681350026633-0.0051044062831468225j),(-0.003548704876643597+0.007529897652657273j),(-0.0043815186090689845+0.0014904899380893842j),(-0.00453686258366302-0.00652753074194214j),(-0.006421163837863778+0.011498885193647102j),(-0.004062472166185235+0.004047497082826413j),(-0.004140778467130062-0.003402856848700681j),(-0.005971728194287576+0.015337705143122632j),(-0.004418402184086356+0.0015551877912459823j),(-0.004599759824447136-0.006503109583062025j),(-0.006446729099458133+0.011456260979256809j),(-0.0005924143323461163+0.003506876775884588j),(0.0006631385363313317+0.0030914427618655444j),(-0.0012494314032610266+0.005923171369505601j),(0.0014227235776277448+0.0019448943844119996j),(0.0026124231699068833+0.018161573761939692j),(0.0028855130313341507+0.002633537741175051j),(0.0016933443396822431+0.0020068522338496948j),(0.0029082282858886714+0.019728886201681388j),(0.003335873635571574+0.002597274482911049j),(0.0003325884180754774+0.003813368776919389j),(-0.0012482072955691766+0.0005293412202738187j),(0.003356751711646608+0.0012286271058387695j),(0.00014845852641094854-9.527573299482513e-05j),(-0.0003146265618613783+0.00039818594385623764j),(0.0006094937307411087+0.0016271897216658124j),(0.0007354046936843796-0.0008374833658255682j),(0.0002758949241114974+0.003901006363291156j),(-0.0011690398682350335+0.0005342067149782482j),(0.003272211924321616+0.0005716735770700428j),(-0.0006307419730330698-0.012337188907671595j),(-0.005790512272710276-0.012539468457586972j),(0.00015257282674466436+0.00018808331959630666j),(-0.0004149202903227095+0.0007217345803720247j),(0.0012880418372517711-2.8093935975697416e-05j)
59,(1.3582291022688187e-06-1.539120296382815e-06j),(4.5582368582052133e-07-2.22426241387287e-06j),(-1.8140527900838175e-06+3.763382711888545e-06j),(2.392714458090024e-07-1.3072333643414926e-06j),(-1.3130254032505666e-06+4.4566847874246337e-07j),(-1.8412455820701324e-06+2.978781338633946e-06j),(-0.0002255100295753546+0.00016502612440216877j),(-0.00031830755118968676+0.00027916227057817413j),(-0.0003426684336297289+0.00048582419241501593j),(-0.0002838368741018291+0.00019308486035426282j),(-0.00043571566254591617+0.00038683382567482327j),(-0.0004854657856457203+0.0007302098943191664j),(0.0009629904543102202-0.0014338110567846249j),(-0.00020900750970951785+0.00034118477112998584j),(-0.0009530856700690718+0.003167894582266279j),(-0.00022042309590823055+0.00035101234931611503j),(0.0010509251657856392-0.004443117666826596j),(-3.647575467039389e-05-0.0011279116472582566j),(-0.0007954532232240536+0.0019399957137744713j),(-0.00042756952194703457-0.00032749707369803796j),(0.0003549113347559063+0.0002851725644501214j),(0.0004377426029473628-0.000991427565160147j),(-0.00048172853495533964-0.0002742991945198898j),(0.00036208468089024884+0.0002925952099481935j),(0.00046742758744248595-0.001065566528875897j),(-0.0004814313406821311-0.00027309052620971976j),(0.00036193519694847605+0.0002927997569008437j),(0.00046753409619517696-0.0010654659270673225j),(-0.0004599082670792132-0.00023814165184604663j),(-0.0005507515475262776-0.00020549401725526234j),(0.00035311092951650333+0.00029498907637123773j),(0.0004667704070790175-0.0010453718218376216j),(0.0011534795936051765+0.0006299482360589265j),(0.00011757571795403216+0.00012820475732324386j),(0.0004651868526113904+6.537441747098659e-05j),(0.0001320213548759231-0.0012009704000024303j),(0.0006596139225420966-0.001581681550723352j),(-1.1870949129994305e-05+2.3208574657210095e-05j),(0.001211597336175313+0.0006935237972925506j),(0.00011548335496208122+0.00011572849004007303j),(0.00045422879424026475+9.427931235882702e-05j),(0.0003670950776685049+0.0016711789379915j),(-0.0003769685362811945-0.001027817999331318j),(-0.00036719086181129105-0.0010243133877539793j),(0.0003657551606153749+0.0017261178513594327j),(-0.0003822138937174089-0.000996722989648247j),(-0.0003732825054268428-0.0009738898892076527j),(0.0015514889932074336+0.008986227299332732j),(-0.0012120518981588693+0.005717273791546814j),(-2.2822381799918862e-06+0.006996112027941182j),(4.634803872968513e-06-0.0020941162056185374j),(-0.003674888884031378-0.024869629931574454j),(-0.0038388786071383487-0.0339586874037912j),(-0.008271343638922436-0.010881161019129148j),(-0.0013588898469087142-0.004115837380466588j),(-0.0020694347125403117-0.007039994845682204j),(-0.006051076946637491+0.0010594228673502096j),(-0.0022241581681375407-0.0017067592275487467j),(-0.0020669468386471527+0.0012396594134899026j),(0.9914793128906919-0.014514591624421126j),(-0.0011725812390398199-0.01256847710961977j),(-0.001913861896684338-0.010122165818364467j),(-0.0001400466949776063+0.012685802475793987j),(-0.0022184115504052682-0.004415932590289256j),(-0.0011993578657908766+0.005363415392489781j),(0.0005300858830799231+0.012190615956376147j),(-0.002157407183894097-0.006819372093107413j),(-0.0011405007495097316+0.0047611670053357485j),(7.333798948034036e-05+0.013640608756133776j),(-0.002256924662929554-0.003645403641950545j),(-0.001148156475235918+0.005833600093478573j),(-0.006655742120658467-0.0018209925747306017j),(0.0005386415059312491+0.005247514517274073j),(-0.000633004878218402+0.0011076882297725052j),(0.0019993480312557196+0.01810618148284587j),(0.002012620814589177+0.009963927265875161j),(0.00041539872959002884+0.008056453059629938j),(0.002852845741323822+0.020114714254061354j),(0.0022663637101233924+0.010632524816711873j),(0.0006052702205866249+0.008866143782242162j),(0.0015532357192945972+0.00900021770222759j),(-0.0012086923911642658+0.005758699650405424j),(2.9301708997514367e-06+0.007051767480387516j),(0.0015718302845346642+0.003831621891578146j),(-0.00041004093738105534-0.0008091426940962849j),(-0.0010661560032811119-0.0010192448817876619j),(0.00018662501465931895-0.0018352039126240532j),(0.00139681111738712+0.007925588612818849j),(-0.0011712475787668192+0.0060787447842339075j),(-3.691325352557685e-05+0.007717441700931575j),(0.004197437980021851+0.00924441065177966j),(-0.003510698534248363+0.012014542764180782j),(0.0015901510531362419-0.0032737848538065125j),(-0.0007771628294103651+0.0005337827942290315j),(-0.000492568532869617+0.00033913942772443315j)
60,(3.3285594174843754e-07+1.0328021648320529e-06j),(-1.5284147658035164e-06+1.398568748196912e-06j),(1.1955588237841582e-06-2.431370913839097e-06j),(-1.0749843139847176e-06+1.716404605530533e-06j),(-1.451450804041662e-06+5.448424412997967e-07j),(2.9194517812952033e-07-1.0385838403410971e-06j),(-0.0002682986829369613+0.00029843793598428414j),(-0.0003010714246621591+0.00022459187819965113j),(-0.00015233953411874856+7.637621677631886e-05j),(-0.00035575812622339086+0.00041236836147873733j),(-0.00041021652436705946+0.0003010862119771521j),(-0.0001789899383091649+7.533007484921209e-05j),(0.00032195884139256983+0.0003326727654948284j),(-0.00012329633844189607-0.00015303517313856874j),(0.001205588296999818-0.001239230677358965j),(-4.0704448054304374e-05-0.0002807628093448092j),(-0.0001291370755663849-0.0011051694672393375j),(-0.0008567488942156116+0.0001448876905391324j),(0.0007584260227265619+0.00011784029648064485j),(0.00010250051320320936+0.0007057779181653914j),(0.0007630757475976836+0.0002800780741943433j),(0.0001699215997595832-0.0003482767869311227j),(0.000120231481252069+0.0007888035895116858j),(0.0007857090708314876+0.0002745509892435953j),(0.00015564918906527952-0.00035943875243405545j),(0.00012034793723608603+0.0007887699007373047j),(0.0007852089287202496+0.00027428035940850763j),(0.00015518916575391764-0.0003591454514101053j),(0.00012459020681698747+0.000777140928092666j),(5.7057741460554744e-05+0.0008635922812815151j),(0.0007535241398380222+0.0002609925920840239j),(0.0001370436496442227-0.00034344049978367964j),(0.0006741839632327239-0.00044295170733266555j),(-0.000659376718621887-0.0005244171475945573j),(-0.0004598395619033211+0.00020047299935449807j),(-0.000159600152509917+0.0006154514904812961j),(0.00022392165941745456+0.00026362101606373814j),(-0.00114965891225184-0.0007171476115210418j),(0.0007012238228821502-0.000531507223536423j),(-0.0006037350116526975-0.0004993320304557053j),(-0.00043758130918631174+0.0001947236192029972j),(-0.00047661195671267365-0.0026211592657602945j),(0.001612921577268909+0.001073280092887323j),(0.0007935871921469426-0.0013682393211282536j),(-0.0005021892276131101-0.0025547261992472574j),(0.0016187475749494663+0.001135879336003026j),(0.0007847237323456943-0.0013562386096905622j),(-0.0006405465480610971+0.009038352039015943j),(0.0019139734968875997+0.004983067399142327j),(-0.0018832108912059345+0.002372434233604802j),(-0.0013734879150395928-0.011478166194177231j),(-0.0006523729504606703+0.00815032859707161j),(-0.0006456163910502151-0.0027132215572384794j),(-0.0009589459822935313-0.003135203582147082j),(-0.005919178803987-0.005554022572546016j),(-0.0025087706380602496-0.017214001624576383j),(-0.00020884076404035934+0.0023294311837464285j),(-0.0038269300788488364+0.0009129432763250473j),(-0.001348681350026633-0.0051044062831468225j),(-0.0011725812390398199-0.01256847710961977j),(0.9936247173629115-0.012957258902009296j),(-0.0026927968879488966-0.017233020268837593j),(-0.00042481271578315334+0.003950831534237358j),(-0.001180540824806987+0.005552046692578343j),(-0.0006472974575981644+0.011434838364466599j),(-0.00036178618624603754+0.003459857693554626j),(-0.0007019868254481739+0.0049285280130180594j),(-0.0005353380133987195+0.012975242225964367j),(-0.00047693331875427403+0.004124807749066218j),(-0.0011819569586962102+0.005926575845855503j),(-0.0006518019845129917+0.012053060362996698j),(-0.001442081893971643+0.0014197000613971958j),(-0.005445959148189296+0.002819633802313518j),(-0.002540663035483103-0.012994298024760625j),(-0.00023666188909248452+0.004960421361083287j),(0.002632998556000006+0.02184961360463959j),(0.001474265521565439+0.01064477385225575j),(-9.37398050780664e-06+0.005549665829915018j),(0.003473953277714492+0.023870828407002043j),(0.001954168824868305+0.01292027732075976j),(-0.0006396270962127198+0.0090652065065466j),(0.0019173741497752897+0.004977513620731524j),(-0.0018848065107326944+0.002378428154952276j),(-0.00019043602643253833-0.001402734779132028j),(0.0002575309963234955+0.0029933059022368208j),(0.00023676061191333137+0.001405741477779852j),(-0.0006647164716217167+0.003235836145626169j),(-0.0006577037203525332+0.00909996168090603j),(0.0018929996286552824+0.004150787070290033j),(-0.001797186666131643+0.002187020024841893j),(-0.003480664899706901-0.021559340578151367j),(-0.0031255489370134327+0.004751556472413732j),(-6.255275899496141e-05-3.991077008093392e-05j),(0.0007653513414787398-0.0020188544539531373j),(-0.0011308780446752684-0.00046089518444566015j)
61,(-1.8516352026371564e-06+4.833840920376881e-06j),(6.905731843013141e-07+2.22444003066333e-06j),(1.1610620219593414e-06-7.058280952654351e-06j),(-2.0274196739878606e-06+4.755532180528295e-06j),(9.55729969904412e-08-7.372756668584223e-07j),(-6.861753474112785e-07-3.2679985851381677e-06j),(-0.00036370150406242843+0.0004850058485205488j),(-0.00023568481032918957+0.00011295432560793988j),(-0.0002859651615054998-0.00011935301667076307j),(-0.0005143772770427057+0.0007277883750013324j),(-0.00030871017773945436+0.00013140910593121722j),(-0.0004020292510010673-0.00022932605946637168j),(-0.0009586032964021095+0.003139778357404828j),(0.0004907704636121495-0.0009777560682469098j),(-0.0006398459169736211-0.0029885325248739823j),(0.0006417294217479653-0.0014082834398365057j),(-0.0003671037879351287+0.0027279323849138193j),(0.0003502165045659921+0.0011581308065408687j),(-0.0005549440274954104-0.0003206196670705024j),(-7.75630389611242e-05-0.0003665069032403294j),(0.00019164827440289645-0.0003789871942692498j),(-0.00021961293928997403-0.00023454122741245215j),(-6.0604437186549405e-05-0.00044472489202219143j),(0.00018517273655126252-0.0003933929344419703j),(-0.00022801129972383556-0.00019899510490994118j),(-6.004824006823102e-05-0.0004450166609765583j),(0.00018504312186969752-0.0003932079762530589j),(-0.00022797606249684365-0.0001977603126860183j),(-3.49447392853464e-05-0.00044235778409222793j),(-0.00010861634334826157-0.00042753027619231313j),(0.00017994068097634477-0.0003759618798270183j),(-0.00022824584086136458-0.0001397652134791029j),(0.0014507209384456666-6.059613490601911e-05j),(0.00013673858187662635+0.0005169533161790666j),(-0.0001387782177749562+0.002346928753816437j),(-6.848467001035411e-05+0.0005660673676243521j),(0.00031052110066079775+0.0005121766451182581j),(-2.7051509465489594e-05+0.0006921582262328202j),(0.0014808216883155213-9.086338432022644e-05j),(0.00015345752508051319+0.0005077387202298618j),(-0.00011600913258691758+0.002456786332984543j),(-0.0005474640248824579-0.0017283946848589936j),(-0.00016748635130143922-0.000490598434022264j),(0.0005050333525815145+0.0031396279060461156j),(-0.0005674652216752966-0.0016766101102953987j),(-0.00017610135176358166-0.00049182988582782j),(0.0005251811263722398+0.0031219742463409056j),(0.0002412270687925295+0.008955375120920806j),(-0.0014207446396840044+0.0032723195846068205j),(0.002090637346540689+0.0015123340570001864j),(-0.001278661052168224-0.011711527936983282j),(-0.0007348839643242784-0.004398848629150097j),(-0.0016351296848631156+0.020745863451126677j),(-0.0017615226973621053-0.006241916323217385j),(-0.002588193644169621-0.017713640099109564j),(-0.006306812996515813+0.003920710819535912j),(-0.0008508110991980209+0.0006677548807673094j),(-0.0020153846763570453-0.009176881054831946j),(-0.003548704876643597+0.007529897652657273j),(-0.001913861896684338-0.010122165818364467j),(-0.0026927968879488966-0.017233020268837593j),(0.9930865410628394-0.009452081326665975j),(-0.0010435970857589135+0.005061210014649636j),(-0.0022521177262497033+0.0026538279488778054j),(-3.5755377343131987e-06+0.0071853259121622565j),(-0.0010825444732572372+0.005075272512951835j),(-0.002252097542565507+0.0037057545519405613j),(0.0003853688594114853+0.005891614197606258j),(-0.0010571331796818267+0.005320218305368379j),(-0.0022906074348004197+0.003167446961199587j),(0.00011798068310855215+0.007479261143741802j),(-0.002112461783874538-0.0017650022798589233j),(-0.002162029713537509-0.010868103852683149j),(-0.005912854136906352+0.007584714688342157j),(6.808837728983333e-05+0.007244449507841054j),(0.0028775429132408253+0.017509055340231026j),(0.0016963335804860936+0.010578489581213253j),(0.0003835607086332395+0.008298058508329886j),(0.0034727019776085947+0.02025651878006405j),(0.0024659933507457754+0.011136134411730437j),(0.0002430969687568441+0.008982501847730244j),(-0.0014215928314777297+0.0032819955183509596j),(0.00209559851845917+0.0014853801653567904j),(-2.869436638485852e-05-0.00022078811708619878j),(-0.00030264522671124145+0.0007520745273603313j),(0.0001485567685478936+0.002224501985738544j),(0.00020333241008596464-0.0018851201466387323j),(0.00017560487720161174+0.009123663678277879j),(-0.001367121823901248+0.003175515945301282j),(0.002122442126870287+0.00042529601263107276j),(-0.003522122901265962-0.021401708847535447j),(-0.0030864635783167836+0.0055438514958049065j),(-0.00021806633588391757-0.0010619002974290455j),(-0.0008128367063415398-0.0003053731785464969j),(0.0005829829288379022-0.0012353917219267373j)
62,(2.267159666594348e-06-4.120416217235744e-06j),(3.4053638409107626e-06-4.309035088315959e-06j),(-5.672523510483306e-06+8.429451308288631e-06j),(3.361866370171883e-06-4.79117972350719e-06j),(7.705063182772058e-07-1.0643584747411956e-07j),(-3.1142049783701134e-06+4.785438883418466e-06j),(0.0003318505912627796-0.00040477123843104634j),(0.00018628430632429118-9.321349410995573e-05j),(-0.00013153129146632227+0.0003444029151305843j),(0.00047523152716623683-0.0006223837060658865j),(0.0002442795256304626-0.0001154750750569295j),(-0.0002484246888468038+0.0005812465292802508j),(0.0011647629537591387-0.003351920247650334j),(-0.00034359892658583895+0.0004552345568623658j),(-0.003075677275953184+0.005038077373673261j),(-0.0005264597694085572+0.00057742283899841j),(0.001022675005254403-0.005356477348141821j),(0.0009776914098364035-0.0012916248453181504j),(0.000170420328220676+0.0012842552918750048j),(-0.0007247975403769395-0.00044421684794979793j),(-5.808824226579975e-05+0.0005255803386944838j),(0.0002883833535082046-0.0006443129441766193j),(-0.0008052446946820371-0.00037938008267502255j),(-6.211587607248151e-05+0.0005361501818699974j),(0.0003095967275559882-0.0007156254226972569j),(-0.0008048352312473793-0.0003777046181809166j),(-6.180461976171641e-05+0.0005363227319040232j),(0.00030996224753457877-0.0007159746139180111j),(-0.0007762687440260041-0.00032458099118695466j),(-0.0008124233411943534-0.0003777288392629468j),(-4.107700820216792e-05+0.0005348308770422995j),(0.0003277806087159888-0.0007223107830100956j),(0.0008648731141731174+0.0017501632656030282j),(0.0010645269464392665+0.000365041715878478j),(0.0011806204642482295-0.0006886066634147897j),(0.0004727435654871796-0.0013916414048204962j),(0.000601100341141877-0.0014471321631323454j),(0.0013062953431169657+0.0004481673565705675j),(0.000916927808300861+0.0018479814382324263j),(0.0010159935060941932+0.0003018620283112756j),(0.0011592189117867304-0.0006780189347605874j),(0.0007341478225227917+0.0026048650842027217j),(-0.001998064634205395-0.0017820512015718328j),(-0.0011362914283815024-0.00014065473155038758j),(0.0007704734383579975+0.0026025845552342533j),(-0.0020064199665362848-0.0018234194123619015j),(-0.001141882547315472-0.00017922018486910083j),(0.004704084961549653+0.0012603080578587472j),(-0.0025479257644470408-0.0033149261366752815j),(0.0010330767116615107-0.005903332381564539j),(0.002948640103336177+0.009532715573676812j),(-0.00014813235356950563+0.011050865369646092j),(0.0021079916668998574+0.013109685714966403j),(-0.0005055031909960815+0.011958558475235515j),(-0.000792109645730294+0.004010074955258576j),(-0.0012648000180908597+0.005214740629208004j),(-0.005849484440009657+0.002858902321229773j),(-0.003956545727533291+0.0004171167197439521j),(-0.0043815186090689845+0.0014904899380893842j),(-0.0001400466949776063+0.012685802475793987j),(-0.00042481271578315334+0.003950831534237358j),(-0.0010435970857589135+0.005061210014649636j),(0.9856485273502891-0.015351329536828703j),(-0.00853872538710623-0.014424598469927571j),(-0.008888909295611837-0.008598473587605633j),(-0.015157730921684915-0.013421999907738503j),(-0.008863982887390615-0.0049685995842967045j),(-0.00931413962839376-0.0050795009449407045j),(-0.014573981546436798-0.012485014577857018j),(-0.008615911166796499-0.0052017074133063786j),(-0.00902918747098112-0.005047083867889013j),(0.0006685736216297341+0.013486032483802637j),(0.0012197394891560083+0.0030135362463822556j),(-0.00013938247519853565+0.003244076789403639j),(0.0009749884884363305+0.011905301289834469j),(0.005356147826198207+0.0013016125305602968j),(0.00234874244359921-0.0015704632331569358j),(0.001120675922750383+0.01203010321556302j),(0.005850448805259972+0.0012790984937479256j),(0.0026609581159979805-0.0018972228983068903j),(0.004705961693376024+0.0012493770272087798j),(-0.00255122092054272-0.0033346128624099497j),(0.0010313188460197148-0.005928995906236761j),(0.0012559354330421695-0.0003964163123028764j),(-0.0002612912489374601+0.000951917757620613j),(0.0004892696590706202+0.0003171714153466427j),(0.0011810792908975767-0.001962199021674183j),(0.004435845249382028+0.0012103338904384774j),(-0.0023896431397537913-0.003420491934232668j),(0.0009670820406225788-0.0059788173613488475j),(0.0017908055556537972+0.006580456473165406j),(-0.009535640817440579-0.013572054554086114j),(0.002589168349980237+0.003366390744634846j),(0.0009704306181178947+0.0019859268609244076j),(0.0006000930868669284+0.0013010507864477047j)
63,(-6.516664407914755e-07-2.923130159149832e-06j),(-2.691976011779984e-06+3.092911915398488e-06j),(3.3436424503587973e-06-1.6978175724768286e-07j),(-1.1149725108427846e-06-1.590451856826806e-06j),(-3.8324413812423603e-07+1.7362504599400191e-06j),(2.689725194613707e-06-1.7760869221719727e-06j),(-1.453079312106127e-05-0.0002820333581959399j),(3.6377598021909764e-05-4.710681125266348e-05j),(0.0002723723224429213-0.00032482440560981953j),(-3.583340727730385e-05-0.0004309636022295078j),(4.626498066126716e-05-5.6358276062039336e-05j),(0.0004233130204303438-0.0005064886038123305j),(-0.0007274617443950376-0.00210632245032057j),(-0.0001442039988582798+0.0003927385004160091j),(0.0023937793807521316-0.0028919676555248363j),(-0.00012957598936418806+0.0007820760147642719j),(-0.0009039222746126326-8.03265420478809e-05j),(-0.00039744978165877733-0.0003382481865330314j),(0.0006781775983062026-0.0013085394440935493j),(0.000665332501941281+0.001508115790492265j),(0.0004382802453976294+5.522476755704352e-06j),(5.384426346241307e-05+0.0015213129341233645j),(0.0007340273943593548+0.0016299069583145909j),(0.0004545464360152258+3.4242505817009238e-06j),(3.522161154275111e-05+0.0015680740707498474j),(0.0007336225484930305+0.0016288426224173494j),(0.0004543536291213525+2.9835665752153684e-06j),(3.467348818688202e-05+0.001566901980430624j),(0.0007060994170979176+0.001569586106125242j),(0.0007761245345263271+0.0016355054004247433j),(0.00044086982015442016-2.0573144752866236e-05j),(1.1847109241630658e-05+0.0014961171182864361j),(-0.0010570533526667388-0.0015863554080761456j),(-0.000393198270725807-0.0012226347392800185j),(-0.0010477521811055612-0.0020277882467373562j),(0.00011768236120360991+0.00033515188519581563j),(-0.00016010739497369073+9.218922246619478e-05j),(-0.00043589065420245184-0.0014652331394643928j),(-0.0010918823538945536-0.0016968270487909363j),(-0.00038230414321118963-0.0011530272396861108j),(-0.0010361000254827113-0.002169339343786762j),(0.0007048184250191554-0.0012463236050501468j),(0.001636319676181587+0.0030596836443184438j),(0.0015691765739382724-0.0022680761777661845j),(0.0007022974261990124-0.001261190437067486j),(0.0016348203128387015+0.0031044848363149923j),(0.0015758094782531275-0.0022510246934357193j),(-0.0001391977596231016-0.003157665464762491j),(0.005534663412864007+0.0051394244331742014j),(-0.00016022329412982228+0.0009032691116676733j),(-0.0017811375243386772+0.0004571666817948178j),(0.002157968361572687+0.0018911815106305626j),(-0.002269749569404321-0.0010335548538964743j),(-0.0025969350551524268-0.004464398298220281j),(-0.00158726865004736+0.005879184512926511j),(-0.0025334771096162216+0.0016306115474098533j),(-0.005398204656988181-0.004661156545841453j),(-0.006378210346229223+0.008169896310570942j),(-0.00453686258366302-0.00652753074194214j),(-0.0022184115504052682-0.004415932590289256j),(-0.001180540824806987+0.005552046692578343j),(-0.0022521177262497033+0.0026538279488778054j),(-0.00853872538710623-0.014424598469927571j),(0.9872345162179218+0.0010219614817526463j),(-0.007106415742172552-0.019864981965488228j),(-0.008823622664684144-0.003839246678183332j),(-0.013501666426581911+0.00824568885012648j),(-0.007334692891686772-0.02092386217595659j),(-0.008508266883531441-0.0053884087223228004j),(-0.012623649671648278+0.007296787805009075j),(-0.007130121932382327-0.02124711167074238j),(-0.0002950535622033713-0.002598522700764967j),(0.0003568757065152106+0.0035110517792731853j),(-0.0008531003957323591+0.00637453584397373j),(0.004558242851792729+0.008541032323389312j),(0.0029960234450657603+0.0019388531278681821j),(0.0027002832246018345+0.013944349568578082j),(0.005149021914606801+0.009733302832065156j),(0.0033759729598243386+0.0020467718927365507j),(0.003163377259992186+0.01489939797542952j),(-0.0001370472223377417-0.0031627865606383204j),(0.005538615941817569+0.005143856629874826j),(-0.00015730767279576057+0.000905576257515972j),(7.948004631582221e-05+0.0018938034109739355j),(0.0020252939629128936+0.00016614128754408302j),(-0.00015298494152172115+0.0005145040914716278j),(-0.003405539066493485+0.0010027986359045764j),(-9.2372945490992e-05-0.0031061873065249606j),(0.005148373143913717+0.00492381349549339j),(-9.247187913457195e-05+0.0009011907189861099j),(-0.0013337861177188585+0.004309819684682772j),(-0.009471302827058005-0.007411586800170409j),(0.0002195588079012982+0.0016118393294930408j),(0.0020350538013344643+0.002637795293538067j),(0.001070423159286278+0.0024279376061425006j)
64,(-3.400351603772654e-06+5.122899608884618e-06j),(1.909804466147516e-06+2.3782595669662586e-06j),(1.490547142402538e-06-7.501159177720873e-06j),(-1.6809679305884308e-06+4.201589693248711e-06j),(2.2075292361366592e-06-1.6221712020349374e-06j),(4.107075865038952e-08-4.3371399817220495e-06j),(-7.88767000611476e-05+0.00013299879454015335j),(0.00016768264940415187-0.000264990147070618j),(-7.680750463254888e-06-0.0004954063661834643j),(-0.00015841659329328533+0.0002527121184315508j),(0.00024126292895426394-0.0003968981281285426j),(-3.9853598954332135e-05-0.0007725995673616916j),(-0.0022614671304861628+0.0032941632045033068j),(0.0006815577366124387-0.0016573834516486587j),(-0.0012694095927654582-0.0044798521495395035j),(0.0007738401848879826-0.00218994286101111j),(-0.0009717490356563253+0.006278089791893526j),(0.0014150759863217166+0.0025282846721374082j),(-0.00028310564281624296-0.0021144179809793j),(3.104174847416252e-06-0.0012661338479583021j),(-7.702781692897197e-05-0.0004707812351818258j),(-0.0007349037849956767-0.00042120568130569634j),(3.905642690020452e-05-0.001477402217150076j),(-0.00010175426602780147-0.000491370800934865j),(-0.0007475584732724302-0.0003450962191028097j),(3.97173942661746e-05-0.001477689176885537j),(-0.00010164266672785401-0.0004910671707847956j),(-0.0007466896896116008-0.00034314090867930327j),(6.66052125694273e-05-0.0014503447371171357j),(7.259684036482121e-05-0.0015791844203119829j),(-8.84082614646133e-05-0.00046009502479852455j),(-0.0007043560854450827-0.0002594890835036067j),(0.0010921638955869873+0.0013383481499789135j),(0.0006489813719371574+0.0015128108734240508j),(0.0011719044215904+0.003440520943914155j),(0.00019858251914161017+0.0003874816869042512j),(4.443683039946991e-05+0.0010008377052576492j),(0.0008005601671073163+0.0018321521963356852j),(0.0011067117820291296+0.0014044973934213036j),(0.0006100587923946225+0.0014595770017312199j),(0.0012034854061313879+0.0035728157107099883j),(0.00016903364520939185-0.0003889745033007746j),(-0.0017883344980090818-0.0030565857224044307j),(-0.0006963994484871108+0.002989507349817711j),(0.00017235233595573715-0.0004386033966778573j),(-0.0017833332492949955-0.0030862719264985712j),(-0.0006761835908796973+0.0029947721668299263j),(0.0004342553191475985-0.0056705332962974815j),(-0.0014629501827460507-0.003599479237739565j),(0.004533212161767436+0.003578821675884516j),(0.00030100471131975777+0.005514059139712505j),(-0.0012904113111664739+0.003878719831434564j),(0.003244132367386654+0.000625585692521905j),(-0.0015448059975951766+0.00526880446901631j),(-0.0009831272325454992+0.010131870166397626j),(-0.0005087547613114015+0.007652401277428468j),(-0.004823754214615896+0.0021013113933091134j),(-0.0035934757757758217-0.0014015458783116982j),(-0.006421163837863778+0.011498885193647102j),(-0.0011993578657908766+0.005363415392489781j),(-0.0006472974575981644+0.011434838364466599j),(-3.5755377343131987e-06+0.0071853259121622565j),(-0.008888909295611837-0.008598473587605633j),(-0.007106415742172552-0.019864981965488228j),(0.9854092758451163+0.002524227764732061j),(-0.009255372316379153-0.00513011232273794j),(-0.00738187604508388-0.0216062118599568j),(-0.015071491386953639+0.014946455841173545j),(-0.009023094722530501-0.005151932325869795j),(-0.007187652339357193-0.021445096145053924j),(-0.014556472082316078+0.015258494141213899j),(0.0003137710672732195+0.004243974747500238j),(0.0007364744034082337+0.014703629232366875j),(0.0017359025689361138+0.004126112824072084j),(0.0026705555009715553-0.0027515651917446498j),(0.0026473212012171478+0.014165525120045j),(0.003402278944132209-0.003886728597646138j),(0.0029622579393126947-0.0033035887698691386j),(0.0029275336662677003+0.014331627909796496j),(0.003638369244629246-0.00453923257968358j),(0.000434377085820048-0.005685307060733488j),(-0.0014632350719804039-0.003609551641085255j),(0.004534308327975403+0.0035830920557709776j),(6.652086763863458e-06+0.00010357688055732863j),(-0.0003858816795121833+9.763675152588656e-06j),(0.0015720773962096192+0.0001309092895515054j),(0.0014041052379702038-7.165374103521027e-05j),(0.00044024881589565097-0.00558234564717887j),(-0.0013456024596934682-0.0035101068794771498j),(0.00417505551324293+0.0035798785131547477j),(0.0010054591157289783+0.009315204080062122j),(-0.007932377379207767-0.029788125818608614j),(0.00041378979698482754+0.0019891442096587244j),(8.12521494528379e-05+0.0020390294841968345j),(0.0020905620655201516+0.0017798845409218221j)
65,(2.3466817943084997e-06-4.276274323430014e-06j),(3.6083095325142664e-06-4.47549967577584e-06j),(-5.9549913288525425e-06+8.75177400190848e-06j),(3.5906453216479857e-06-5.017199427789061e-06j),(9.085506927702667e-07-1.555083018320108e-07j),(-3.2071550415369785e-06+4.92487696731416e-06j),(0.00037194134662732914-0.00044147774250478944j),(0.0002213462673454545-0.00011803909356290017j),(-0.00011666054007235846+0.0003374238675512551j),(0.0005301151309651256-0.0006746894093736105j),(0.00029149386266719005-0.00014893088817385046j),(-0.00023160855800388757+0.0005752930504822886j),(0.0011915207332318042-0.0034658761940769642j),(-0.00035481482553004597+0.0004638113989978102j),(-0.0032199899283028898+0.0051915739225331155j),(-0.0005507962290071363+0.0005919710598308314j),(0.0010215770660522818-0.005422507800448504j),(0.0010451833555493407-0.0013045588666434921j),(0.0002438032313414817+0.001250174098267413j),(-0.0007466032445147198-0.0004637783125028424j),(-8.064581960828568e-05+0.000540077041952954j),(0.0002744051067375328-0.0006355899676338638j),(-0.0008288594143335603-0.0003990279727988711j),(-8.535800935471254e-05+0.0005507801061493053j),(0.00029500262256626367-0.0007073311590839547j),(-0.0008284373278837055-0.00039731524093612313j),(-8.501861932413812e-05+0.0005509497320738523j),(0.0002953929627123803-0.0007077076974805682j),(-0.000799154755208081-0.0003426447253333724j),(-0.0008322078095971707-0.0004020078924829567j),(-6.247489468345666e-05+0.0005491865664904692j),(0.0003148661775262381-0.000715547539723877j),(0.0008569697084336286+0.0018315729838096345j),(0.0011257383572988368+0.00037989904012030633j),(0.0012444492509350912-0.0007380653961124115j),(0.000495829005613072-0.0014082301092405232j),(0.0005981572758793869-0.0014402023683511658j),(0.0013906021518800943+0.0004766204402842579j),(0.0009086504953373879+0.0019322079894114452j),(0.0010739488611772401+0.00031297284964339027j),(0.0012226092784159296-0.0007278722678341846j),(0.0007428438824426823+0.0026660920161378646j),(-0.002111015445383029-0.001843844617552693j),(-0.0012008017594950593-6.855188362354676e-05j),(0.0007819147232488314+0.0026602098386662243j),(-0.002119678721190705-0.001890310786974781j),(-0.0012069170000199685-0.00011354805253576631j),(0.004936253388131439+0.0007948430253452744j),(-0.0027037427691009182-0.00400533527273058j),(0.0010457965169578811-0.006853706491220275j),(0.0031135866401659574+0.010634226431248076j),(0.00017213848262646533+0.01377913756083755j),(0.0026981614202227543+0.016713509630461042j),(0.00023790263554811914+0.011682564306120396j),(-0.0006993416367807693+0.003749452252070836j),(-0.0012330433738999035+0.005491134721321558j),(-0.0048301313751711265+0.007335195995131119j),(-0.0038522251141629906+0.0032664193805581306j),(-0.004062472166185235+0.004047497082826413j),(0.0005300858830799231+0.012190615956376147j),(-0.00036178618624603754+0.003459857693554626j),(-0.0010825444732572372+0.005075272512951835j),(-0.015157730921684915-0.013421999907738503j),(-0.008823622664684144-0.003839246678183332j),(-0.009255372316379153-0.00513011232273794j),(0.9833784038159602-0.019588984463664208j),(-0.009554178768998285-0.014264106738376796j),(-0.00993298547781598-0.0107401821883406j),(-0.015512858123386857-0.014311705343413507j),(-0.009014847090173476-0.004545208834553183j),(-0.009463506090835315-0.005477352289776421j),(0.0008157823032983374+0.014385848923096911j),(0.0011070513621305414+0.0030753242326495038j),(-0.00044485606692943333+0.0032361859132230943j),(0.0007925548731009134+0.011905625187314504j),(0.005556747696589133+0.0007295107030570649j),(0.0024986392917742076-0.0022636884827360133j),(0.000917755572213943+0.011899339528872973j),(0.006081956060796933+0.0006118270581787159j),(0.002853983696202377-0.002677621367941671j),(0.004938232676290965+0.0007817466263477547j),(-0.002707696578971709-0.004029644865978767j),(0.0010432296957473043-0.006885533409314232j),(0.0012568250471635812-0.0006242464873326362j),(-0.00022049777485902785+0.0010086959032635755j),(0.0005797366237318903+0.00041350535525592645j),(0.001270622928637393-0.001953448797956399j),(0.004670396722752365+0.0007926607825627964j),(-0.0025376065395418825-0.004138976267988034j),(0.0009739418990625777-0.006987236270420509j),(0.0013722962984142981+0.006539203243541113j),(-0.009526229499441824-0.017852937744233476j),(0.002639646653806933+0.0037547636488178726j),(0.0010435972482443765+0.0020950794942914933j),(0.0006684569221432407+0.001352929337791893j)
66,(-6.77706700136524e-07-3.1046871708601225e-06j),(-2.708088127308523e-06+3.1249653443304574e-06j),(3.3857948256946373e-06-2.0278174810476978e-08j),(-1.0717912823204232e-06-1.7667902801108701e-06j),(-3.1093764134676557e-07+1.7662797243514103e-06j),(2.780588308050947e-06-1.7827620970432776e-06j),(4.70314710938488e-06-0.0003139679157421471j),(5.8062216137043864e-05-6.492609420387851e-05j),(0.0002944050505226548-0.0003440502234504123j),(-1.0657587913415206e-05-0.0004768517847701969j),(7.554693718657017e-05-8.006334390853892e-05j),(0.00045384709787695286-0.0005334830176468772j),(-0.0007659809959852271-0.002218972409738926j),(-0.0001478272995681844+0.00041524515665697544j),(0.0024245689051192384-0.002932702174779738j),(-0.0001387186193656728+0.0008256546975651188j),(-0.0009399384990329497-3.2598753216958425e-05j),(-0.0003689291157148616-0.00035130766859774003j),(0.0006969241699910889-0.0013867475043228099j),(0.0006863510971948639+0.0015318528961764035j),(0.000426607085521998-4.433479131521652e-06j),(4.2410988237881605e-05+0.0015959688972192552j),(0.0007571075292283863+0.001654483880922548j),(0.00044255504870294475-6.532492104971421e-06j),(2.3269711538438653e-05+0.0016452311598250781j),(0.0007566845215648487+0.0016533844859684388j),(0.0004423749458839999-6.9826069578312125e-06j),(2.2724302734658964e-05+0.0016439996593642628j),(0.0007280154114946737+0.0015925943549275298j),(0.0008043479834420313+0.0016563639337334078j),(0.00042970296517772714-3.105010485148028e-05j),(1.6631138521384925e-07+0.0015695984460772183j),(-0.0011267451199227698-0.0016162621557263609j),(-0.00037746657626324125-0.0012517144688888693j),(-0.0010557632858877225-0.0021245024088996554j),(0.00013384798351688743+0.00031928392758719034j),(-0.00017772034085613794+8.86135174171254e-05j),(-0.00039581196629872163-0.001501818991497859j),(-0.001164458179530777-0.0017259727318537053j),(-0.00036977317985644994-0.0011800137009077786j),(-0.001044507852095668-0.002271153228365285j),(0.0007512734589869429-0.0011715240947525653j),(0.0016170807851494258+0.0031100786084492507j),(0.001587104481057268-0.0022998959172338355j),(0.0007498934835012175-0.001192272934254746j),(0.001614904344001038+0.0031551303860242893j),(0.0015941109703907237-0.0022821495510540104j),(-0.00010297535926537325-0.003995409650949404j),(0.0056168274798212015+0.005182658277826685j),(-8.456880309566845e-05+0.0008424118731062344j),(-0.0018812912312805364+0.0014229606840511786j),(0.002369596924283488+0.0008601551819767458j),(-0.0022838707632781303-0.00152402730005666j),(-0.002538470340756985-0.006703512111171973j),(-0.001080318096235755+0.005532142823229691j),(-0.0024829041133021283+0.002843621400272769j),(-0.0053376853903824625-0.00351966710105073j),(-0.005868275230356141+0.014198098025652809j),(-0.004140778467130062-0.003402856848700681j),(-0.002157407183894097-0.006819372093107413j),(-0.0007019868254481739+0.0049285280130180594j),(-0.002252097542565507+0.0037057545519405613j),(-0.008863982887390615-0.0049685995842967045j),(-0.013501666426581911+0.00824568885012648j),(-0.00738187604508388-0.0216062118599568j),(-0.009554178768998285-0.014264106738376796j),(0.9848674661496299+0.003335024488266359j),(-0.007991125936838083-0.024260481887886258j),(-0.008894731333071103-0.005231666959462151j),(-0.013508688180557005+0.007000880774812571j),(-0.007424790907626159-0.0221171547487577j),(-0.0002381227777330454-0.0036472695105471166j),(0.0005616903663038545+0.004231915729442769j),(-0.001042497479496013+0.007103730325044505j),(0.0047100512532652775+0.00968560901270045j),(0.002911711732866494+0.0006939136146251849j),(0.0027806195361625794+0.013586479083808455j),(0.005312529495718821+0.011034389826136567j),(0.003269694077834108+0.0005700446682789934j),(0.0032701750302308774+0.01444480713625997j),(-0.00010067296446344661-0.004002921353737171j),(0.0056205736149374675+0.0051886174223934114j),(-8.153752587645768e-05+0.000845392245220844j),(0.00017246667370554407+0.0024083254950407395j),(0.0022143162370126153-0.00025947029469650367j),(-0.00025581381895329415+0.0003845520532064226j),(-0.003499153582450684+0.0009452511679733586j),(-4.7638842120570997e-05-0.003960616755793619j),(0.005211768941670467+0.005022095245199375j),(-2.2869408287925943e-05+0.0008751406941953296j),(-0.0012144390242211636+0.0073740372165659995j),(-0.008853839386904257-0.0122906388049508j),(0.00024970930539174995+0.0015021570324420923j),(0.002011306346910284+0.003025356353493651j),(0.0012195605970341016+0.002637167146174941j)
67,(-3.485084627688348e-06+5.157587700569962e-06j),(2.017490079904378e-06+2.3843121409181708e-06j),(1.4675945526222493e-06-7.541899844009489e-06j),(-1.6301969914886167e-06+4.174394338772622e-06j),(2.355006216265766e-06-1.6890432934546217e-06j),(6.623558207379436e-08-4.4115867147549004e-06j),(-5.672564463194943e-05+0.00010974450357016034j),(0.00019633407189278878-0.0002910953508793969j),(1.0037462025866444e-05-0.0005209524257328087j),(-0.00013008440230179616+0.00022164485069526988j),(0.0002802997302518111-0.00043333946972977594j),(-1.729816511838474e-05-0.0008093365419890829j),(-0.002334149850056295+0.003318516995634109j),(0.0006937942950450762-0.0017023531246336144j),(-0.0013312781796598154-0.004573735899356507j),(0.0007820747813209864-0.002242600442328881j),(-0.001003226559096842+0.006529685574163111j),(0.0014865307578717484+0.0026227513618727453j),(-0.00025150172812196875-0.0022258376638882443j),(5.03853482943439e-06-0.0013353731754156117j),(-9.657665421759385e-05-0.00048659709121226915j),(-0.0007706140002778371-0.00043494233915328034j),(4.192367652480148e-05-0.0015565895527972487j),(-0.00012249283665664683-0.0005077299766254872j),(-0.0007836360534899247-0.00035628913297771356j),(4.259436818535207e-05-0.001556877646913791j),(-0.0001223625114557831-0.0005074141565794854j),(-0.000782708522690333-0.0003542891191059515j),(6.9801841896772e-05-0.0015278245863815478j),(8.081740240756588e-05-0.001666068250384435j),(-0.00010776384702729583-0.00047525436611326475j),(-0.0007373006727751235-0.00026902689515158774j),(0.0010766436023256216+0.001425730687160941j),(0.0006889903287826948+0.0015823984432441667j),(0.001270550575407895+0.003508142184272035j),(0.00021773488832867735+0.00037564167217681455j),(2.809835638286208e-05+0.0010356511647592287j),(0.0008651072408090005+0.0019082117020744792j),(0.0010900018811426694+0.0014992142324006825j),(0.0006458509553156747+0.0015275856302763911j),(0.0013025103124684986+0.0036420377873806952j),(0.00020552950033943056-0.0002851111378911579j),(-0.0019012239612082045-0.0032120757244395856j),(-0.0007925913751097748+0.002975944560767326j),(0.0002103170601747749-0.0003423738857933909j),(-0.0018955553460721043-0.0032439950739918573j),(-0.0007729053097059152+0.0029842676104362004j),(0.000451433569716436-0.00678218376846455j),(-0.0015262823578051196-0.004063122647162219j),(0.004654068695480091+0.00393249239866369j),(0.00039787644859904845+0.006623220668731557j),(-0.0013193331380630042+0.004213547848841974j),(0.0037286212431652394-0.0013560163511973948j),(-0.0014553887300368848+0.004855829305632492j),(-0.0008368281869541886+0.011835467703836835j),(-9.62646896903171e-05+0.006374652327024272j),(-0.004619292132608756+0.004203931551580191j),(-0.00315272375535531+0.002376503828081191j),(-0.005971728194287576+0.015337705143122632j),(-0.0011405007495097316+0.0047611670053357485j),(-0.0005353380133987195+0.012975242225964367j),(0.0003853688594114853+0.005891614197606258j),(-0.00931413962839376-0.0050795009449407045j),(-0.007334692891686772-0.02092386217595659j),(-0.015071491386953639+0.014946455841173545j),(-0.00993298547781598-0.0107401821883406j),(-0.007991125936838083-0.024260481887886258j),(0.9833992354500523+0.0034453477693613594j),(-0.009479819669856131-0.005376575380742999j),(-0.0074723284519022555-0.021800248055373853j),(-0.015370773654960201+0.014577502533181132j),(0.00021943539334131403+0.00400983704145802j),(0.0007303867235732295+0.016020574729160637j),(0.001981120920499208+0.005387846801415471j),(0.002828395425385866-0.0028886289330252043j),(0.0026322304277984084+0.013617668360319031j),(0.0034225723377731784-0.0047444488466243506j),(0.0031442228262156735-0.003464172809233951j),(0.0029105194843280944+0.013605918675653436j),(0.003639068325866015-0.0056704248110055495j),(0.0004514188507721814-0.0067997975441607475j),(-0.0015266244956978522-0.004074192193676838j),(0.004654641221357525+0.003939947184739541j),(3.902535104847039e-05+0.00024051939724582675j),(-0.00037780150704585526-0.00011742483645787343j),(0.0016546009534932774-7.904526405663401e-05j),(0.0015039459630441215+2.590491884714094e-05j),(0.00046060939483535165-0.0066916621596406455j),(-0.0014014816888317906-0.003956894187524005j),(0.004265321111711817+0.00401014371379918j),(0.0012172964772070912+0.012453547219415202j),(-0.008065906048318748-0.03358474024059817j),(0.0004358682747143254+0.0021089457181289618j),(0.00010989947753931752+0.002224333669634319j),(0.0021829374706323523+0.001998778434567489j)
68,(2.277150222039174e-06-4.201758599471386e-06j),(3.44468769223476e-06-4.342231738228565e-06j),(-5.721837917022248e-06+8.543990340646101e-06j),(3.4182073172754868e-06-4.884271088775532e-06j),(8.152758504849983e-07-1.0710256834627151e-07j),(-3.1141810914220095e-06+4.82231194150729e-06j),(0.00034433001434581827-0.00041945844785053134j),(0.00019835944091266906-0.00010166468012233742j),(-0.00012361146591869916+0.00033990090195335507j),(0.0004920571913979432-0.0006435089984524866j),(0.0002605622370903367-0.00012674135431746354j),(-0.00023828166181645983+0.0005758764583128819j),(0.001161676616332469-0.0034055798254168154j),(-0.0003465378125705274+0.0004641607448318541j),(-0.0031009825858392347+0.005070291881045012j),(-0.0005333719247846706+0.0005932966634390035j),(0.0010186743770962516-0.005368640013158291j),(0.0009990322889306335-0.0013036611453551318j),(0.0001832869160934779+0.0012643499086233308j),(-0.0007224710454646249-0.0004426810738812053j),(-6.874224013251665e-05+0.0005274639794633721j),(0.0002874720015980975-0.0006260899937069852j),(-0.0008028554234271619-0.00037754189261105355j),(-7.2974636110879e-05+0.0005381671162543828j),(0.0003086496576644557-0.000697083345226797j),(-0.0008024523824255988-0.00037586584135581875j),(-7.265139586014946e-05+0.0005383375191579699j),(0.0003090183313319676-0.0006974537111985534j),(-0.0007742188950896591-0.00032278223643149914j),(-0.0008079035598513427-0.0003778171584054011j),(-5.119217677852352e-05+0.0005366616139351188j),(0.0003270599966883603-0.0007049871728599884j),(0.0008378051525558067+0.0017597473301197084j),(0.001084746539049833+0.0003619473827836169j),(0.0011870149804632541-0.0007232745429435142j),(0.00048163605180215655-0.0013987641779100533j),(0.0005961346738290828-0.0014468840089129382j),(0.00133784330839106+0.00045001159960908216j),(0.0008888688710966682+0.0018579289155320373j),(0.001034930440296402+0.0002978193169596126j),(0.0011651023695921619-0.0007140919801684048j),(0.0007488772079590898+0.0026326650969049643j),(-0.002026867287132441-0.001780825745000483j),(-0.001145494413876658-0.000128965804825203j),(0.0007861952814161833+0.002629195288164466j),(-0.0020353617519382056-0.0018240146849588061j),(-0.001151174942211478-0.00016952290819187074j),(0.004769109009562499+0.001074666021023983j),(-0.002548119833440199-0.0035159573580265738j),(0.0010335322904666564-0.006197584063160274j),(0.0030085376372949897+0.009756031479692902j),(-2.011749264173811e-05+0.012002080150940668j),(0.0023036518125933835+0.014290476471807156j),(-0.00029433328734896475+0.01290086061247762j),(-0.0008371429943929556+0.004201014992882823j),(-0.0012720177614695813+0.005515496570825743j),(-0.0057433821177333136+0.0032223914435061474j),(-0.0039659243579404846+0.00033291522177901397j),(-0.004418402184086356+0.0015551877912459823j),(7.333798948034036e-05+0.013640608756133776j),(-0.00047693331875427403+0.004124807749066218j),(-0.0010571331796818267+0.005320218305368379j),(-0.014573981546436798-0.012485014577857018j),(-0.008508266883531441-0.0053884087223228004j),(-0.009023094722530501-0.005151932325869795j),(-0.015512858123386857-0.014311705343413507j),(-0.008894731333071103-0.005231666959462151j),(-0.009479819669856131-0.005376575380742999j),(0.9850195254203594-0.016404616222346083j),(-0.008816524319856347-0.015296050224429317j),(-0.009221115368148469-0.009315816255455734j),(0.0008126138263725085+0.013724500287224908j),(0.0011650289779295082+0.0028640912700003095j),(-0.0001724313427995148+0.003194664894226805j),(0.0009428405234798762+0.011590017838741007j),(0.005433840104107702+0.001121806604886151j),(0.002412484317288258-0.001652766485937312j),(0.001074156677636259+0.01167414815487713j),(0.005939691479769917+0.0010947401075992345j),(0.002733556172937127-0.0019820441400538215j),(0.004770988059204888+0.0010632351399090974j),(-0.0025515887422661943-0.003537223879439718j),(0.0010315026796486183-0.006225255198198014j),(0.0012175247427071076-0.0005550920915928844j),(-0.0002711976435004132+0.0010366395771653093j),(0.0005405225603095788+0.0003579899217199412j),(0.001178857330235547-0.001976461930768654j),(0.004498741814274547+0.0010550152334217085j),(-0.002388899113682361-0.0036389131378765163j),(0.0009663165889792959-0.006295977128307891j),(0.0016515164619670928+0.006356022481833467j),(-0.009778461144600795-0.012642909759235715j),(0.0026062152268611365+0.0035585416847168823j),(0.001026154192834586+0.00199493151747747j),(0.0006175571362286639+0.0013154780337168116j)
69,(-6.916136871665644e-07-3.0712638396095676e-06j),(-2.762514715413963e-06+3.1463700343069592e-06j),(3.454128400255658e-06-7.510619556967545e-08j),(-1.1313110187109938e-06-1.711612460526567e-06j),(-3.546127837934874e-07+1.7835148728694426e-06j),(2.7987479089589693e-06-1.7896078565378425e-06j),(-6.445527695687613e-06-0.0003015149087404189j),(4.773823835489337e-05-5.510613122877849e-05j),(0.0002896111118648911-0.00033695575736233463j),(-2.5755858340644817e-05-0.00045936909681350616j),(6.163491146340256e-05-6.672452171263511e-05j),(0.0004481608744643568-0.0005240984643719937j),(-0.0007661756753137682-0.0021924618242640382j),(-0.00014512100543985452+0.00041623080335847704j),(0.002459166055564514-0.0029425684114943555j),(-0.00013323424396904059+0.0008258806059711554j),(-0.0009297170271009144-3.849743368737179e-05j),(-0.0003861175051821771-0.0003627208167214053j),(0.0006623590124695134-0.001363151947489396j),(0.0006954675847950006+0.001537237793574274j),(0.00042536347052854744-5.695011405063531e-06j),(5.478502067041212e-05+0.0015879297843707442j),(0.0007665712209440744+0.0016601555677914753j),(0.00044154652817098553-7.56486046076801e-06j),(3.6281529825900804e-05+0.0016367812280275137j),(0.000766136333285126+0.0016590472746666998j),(0.00044136755074620994-8.012211964051295e-06j),(3.572660758698401e-05+0.001635554300103039j),(0.0007368873788433162+0.0015977757253556573j),(0.0008130606542260906+0.0016632172441824395j),(0.0004286346896970444-3.1998741126137986e-05j),(1.2455420335030862e-05+0.0015615426226074558j),(-0.001142597936721198-0.001641820706793607j),(-0.0003836969490461377-0.0012526032974989115j),(-0.0010802186332613732-0.0021141738088899012j),(0.00012818901527788666+0.00032508445420917787j),(-0.0001771317775492939+8.570742674611932e-05j),(-0.0004073339996641425-0.0014941150482214174j),(-0.001180677785895826-0.0017535986578684692j),(-0.00037465576425744585-0.001181907288222435j),(-0.0010693538649215952-0.002260884000330188j),(0.0007493394766461873-0.001196851256373828j),(0.0016428787297390547+0.003133074113359464j),(0.0016058219903415803-0.0023012504918868276j),(0.0007478451336299411-0.0012138057354580496j),(0.0016411608613696473+0.0031772783867414192j),(0.0016127577956528514-0.002284162082785283j),(-0.0001336036194742546-0.003529731072106913j),(0.005685017324760235+0.005148088090340125j),(-0.00015412920703183935+0.0008277984902812716j),(-0.0017982258509994602+0.0007287608679230921j),(0.0022818731937997894+0.0020491764792534457j),(-0.002215594082707717-0.0007156450590392804j),(-0.002646601854512131-0.0037369138884559955j),(-0.0015810877570196506+0.006211336189350453j),(-0.0025713356834064036+0.002133440049357097j),(-0.0055145091647851065-0.004496032447475637j),(-0.0063298709156627605+0.007876358024587521j),(-0.004599759824447136-0.006503109583062025j),(-0.002256924662929554-0.003645403641950545j),(-0.0011819569586962102+0.005926575845855503j),(-0.0022906074348004197+0.003167446961199587j),(-0.008615911166796499-0.0052017074133063786j),(-0.012623649671648278+0.007296787805009075j),(-0.007187652339357193-0.021445096145053924j),(-0.009014847090173476-0.004545208834553183j),(-0.013508688180557005+0.007000880774812571j),(-0.0074723284519022555-0.021800248055373853j),(-0.008816524319856347-0.015296050224429317j),(0.9870253039364728+3.094062725819376e-05j),(-0.007358136044299076-0.021932782410048993j),(-0.0002813380285850587-0.002150677332342096j),(0.0003355681486588535+0.003366894400422516j),(-0.0008745686251940993+0.006858003322489785j),(0.0047175539995301585+0.008170626120396828j),(0.003012118549660382+0.0015147956298923737j),(0.002760487591610395+0.014172186459787607j),(0.005322125891689931+0.009289800661793518j),(0.003396065530146538+0.0015971436248039053j),(0.0032319886177751994+0.015105827635014519j),(-0.00013140579150193888-0.0035356825902902386j),(0.00568899829016859+0.005152331900990723j),(-0.0001512772673660056+0.0008295754156548811j),(2.9773803055436684e-05+0.0018203148707498199j),(0.0020230049005163135+0.0001940058637402561j),(-0.00012741655430191696+0.0005154827876030455j),(-0.003511356447865428+0.0009355661916358501j),(-8.290775778011417e-05-0.003466508181019206j),(0.005286923929264701+0.004936797623902136j),(-8.754843672558312e-05+0.0008224617947643863j),(-0.0013646235249142676+0.004633065994268691j),(-0.010139289710243367-0.00506447075908434j),(0.00021228893324025998+0.0017640403676562506j),(0.002115108746147527+0.0027077333668545462j),(0.0011113986477862456+0.0024874843271479852j)
70,(-3.441034775969219e-06+5.112141574871902e-06j),(1.9259159490753442e-06+2.3971555044529535e-06j),(1.5151188315217595e-06-7.509297081124494e-06j),(-1.6792595332215768e-06+4.179195030232786e-06j),(2.2555324819684715e-06-1.6323826491082668e-06j),(7.083177111215942e-08-4.369029433295438e-06j),(-7.239357244292737e-05+0.0001235002379900319j),(0.0001772995595676448-0.0002737092359822488j),(9.932256356777534e-08-0.000505447415606294j),(-0.0001503915592655609+0.0002397084550774145j),(0.0002543831792617233-0.0004089591702511547j),(-2.9434575059296246e-05-0.0007872096910700285j),(-0.0022944887814627716+0.003290230077912573j),(0.0006864052138500325-0.0016671343747574245j),(-0.0012742828284169898-0.004523990645624632j),(0.0007779026183480681-0.002198475194900129j),(-0.0009843884117763549+0.006364627390372036j),(0.001437102641311114+0.0025526421216849953j),(-0.0002813817134210187-0.0021559581598882757j),(1.1012707378463987e-05-0.0012827096833525858j),(-8.59576982017603e-05-0.00047765588751055724j),(-0.0007425153619902388-0.00041428318363570093j),(4.7775649307524207e-05-0.001496910040724138j),(-0.0001110404362210638-0.0004983644001952886j),(-0.000755145134204227-0.0003370436491107729j),(4.843173385445402e-05-0.0014972054030078642j),(-0.00011092055009462331-0.000498058475652922j),(-0.0007542623764270985-0.0003350835372328358j),(7.498744988998246e-05-0.001469693578083733j),(8.36088491628842e-05-0.0016015973084596547j),(-9.714108834796048e-05-0.00046681114672197715j),(-0.0007112442686420266-0.00025145445231456115j),(0.0010686927193131108+0.0013556260407859913j),(0.0006618112791946288+0.001528523318025664j),(0.0011907555118461032+0.0034482962980690634j),(0.00020552253392497143+0.00038235220251490727j),(3.618936094965824e-05+0.0010105802701555209j),(0.0008236709052938617+0.0018511720533788967j),(0.0010822172996988947+0.001423605231494797j),(0.0006214745839687645+0.001474816261734806j),(0.0012221106468706198+0.0035801597720386607j),(0.0001894277318077078-0.000353623079346541j),(-0.0018172517089959032-0.0030897462867072365j),(-0.0007186798348631959+0.0029794304188599597j),(0.00019335309074117375-0.0004055782656993854j),(-0.0018120971804951678-0.003120324040183832j),(-0.0006985480364977969+0.0029853764186608756j),(0.00043302342233313715-0.006015380890662898j),(-0.0014476745689729182-0.003745359779165941j),(0.004569895351098406+0.003640919030544842j),(0.00032632905448582903+0.005876110525910153j),(-0.001256183412562436+0.00415612174667014j),(0.003415343329978613+0.000213326860238134j),(-0.001501503438639459+0.005756516570811096j),(-0.0009837317196084562+0.010757791671151996j),(-0.00039717976315021105+0.007899052083011917j),(-0.004850417659086508+0.0023796003840932277j),(-0.0035856336408222255-0.0011241933490987492j),(-0.006446729099458133+0.011456260979256809j),(-0.001148156475235918+0.005833600093478573j),(-0.0006518019845129917+0.012053060362996698j),(0.00011798068310855215+0.007479261143741802j),(-0.00902918747098112-0.005047083867889013j),(-0.007130121932382327-0.02124711167074238j),(-0.014556472082316078+0.015258494141213899j),(-0.009463506090835315-0.005477352289776421j),(-0.007424790907626159-0.0221171547487577j),(-0.015370773654960201+0.014577502533181132j),(-0.009221115368148469-0.009315816255455734j),(-0.007358136044299076-0.021932782410048993j),(0.9847961229943069+0.003015260306531407j),(0.0003975653185133851+0.0044379539425948656j),(0.0007221157381862532+0.01512101152310925j),(0.0018538643013147138+0.003796080947048959j),(0.0027118619393851173-0.0030684492924918268j),(0.0026548635596053624+0.01402584368975051j),(0.0034376476100504644-0.004044465677691175j),(0.0029988615886359917-0.003667440610976531j),(0.0029363958067433324+0.014142078121187123j),(0.00366661284265963-0.004677212973185182j),(0.0004331177954463103-0.0060310800426509395j),(-0.0014479864884724052-0.0037559975047137106j),(0.004570795005257079+0.003645860776085098j),(-2.1052692699802928e-05+6.447913818162358e-05j),(-0.0003960949132035137+3.001741392768555e-05j),(0.0016176644051974713+8.814410489745017e-05j),(0.0014116584477020123-5.233474274930847e-05j),(0.00044247240134473453-0.005925930155314306j),(-0.001330554461585626-0.0036564864300131688j),(0.004201506537370365+0.003664911459638988j),(0.0010369378849202826+0.009904079240001475j),(-0.008050898720569251-0.029481046294261393j),(0.0004251298233037493+0.002089320140259603j),(0.00011369060912738646+0.0020712159899595587j),(0.0021171718359083956+0.0018400303836078806j)
71,(2.3589815929885653e-06-3.0865368284785636e-06j),(4.0269570229957337e-07-3.4758300706341675e-06j),(-2.761677297734201e-06+6.562366901787641e-06j),(1.1921871576679504e-06-2.78962577154281e-06j),(-1.5032417680283e-06+7.22847076920891e-07j),(-1.9738613172271107e-06+4.681188113769293e-06j),(-9.127420948428644e-05+8.554565124108479e-05j),(-0.0002553879233052935+0.0003180163473672315j),(-0.0002779144501246857+0.0006465111911190912j),(-9.002882068783584e-05+6.640266484946748e-05j),(-0.00035503780650847014+0.0004536642959034108j),(-0.00039688995809472746+0.0009938257294581441j),(0.0014859474672754822-0.0023076790552495115j),(-0.00042143120676318296+0.0009590232131165928j),(-0.0009186243555250376+0.005192341012172416j),(-0.0005577602356181266+0.0011340526212996168j),(0.0011451132649552343-0.006549985082467227j),(0.0002431953093149475-0.0019286565526491944j),(-0.00046751447543137595+0.002802987087702073j),(-0.0004839841989826241-0.0005147963821315496j),(0.0005982896701009915+0.0001853614399477013j),(0.0004730194860597533-0.0013294146846828986j),(-0.0005435479367276409-0.00044285831210615686j),(0.0006086386088564226+0.00019017083191461004j),(0.0005042668456917455-0.0014432534627973218j),(-0.0005431858945295414-0.0004413326227388581j),(0.0006083957756033737+0.00019029801061393441j),(0.0005044305580843527-0.001443579117634145j),(-0.0005178716503840981-0.00040159374140226727j),(-0.0006141723743570782-0.00035419269800943186j),(0.0005956767706019899+0.00018505985271904512j),(0.0005083282538119349-0.0014372413510263477j),(0.001307301679181549+0.00037880387155120836j),(0.00020954266490118398-0.0004178349503931203j),(0.0007564540236116465-0.0008149632019136844j),(0.00020623479213989325-0.0016231285353050001j),(0.0007419705122321432-0.0020778171414030204j),(4.396227721924411e-05-0.0005294610895032843j),(0.0013613580176773101+0.0004475630019477674j),(0.0001950416986129423-0.00044111266413648974j),(0.000739870650262773-0.000789824608348889j),(-0.00020253581685605139+0.0019133730033864742j),(-0.0008483869148212186-0.0011959096485186734j),(-0.000947109013633276-0.0010656213809678724j),(-0.00019704741098716943+0.0019812762059369517j),(-0.0008581316267492493-0.001161428366523411j),(-0.0009647455312859182-0.0010138078841996207j),(0.0033150198188801666+0.010267756419534008j),(-0.0017452046123239747+0.005630095325498472j),(-0.0006403238904915862+0.006034780711314221j),(0.0010898259275045844+0.0003747801287833641j),(-0.003011062373848891-0.020371107270383448j),(-0.002517717261212064-0.02730246138873644j),(-0.006076268425241541-6.244296815424797e-05j),(-0.0014901977209170552+0.0012389132008620851j),(-0.001992404413554403-0.0016004934142607122j),(-0.0023306078090214793+0.008475270800639756j),(-0.0009858968346177829+0.000423715428104445j),(-0.0005924143323461163+0.003506876775884588j),(-0.006655742120658467-0.0018209925747306017j),(-0.001442081893971643+0.0014197000613971958j),(-0.002112461783874538-0.0017650022798589233j),(0.0006685736216297341+0.013486032483802637j),(-0.0002950535622033713-0.002598522700764967j),(0.0003137710672732195+0.004243974747500238j),(0.0008157823032983374+0.014385848923096911j),(-0.0002381227777330454-0.0036472695105471166j),(0.00021943539334131403+0.00400983704145802j),(0.0008126138263725085+0.013724500287224908j),(-0.0002813380285850587-0.002150677332342096j),(0.0003975653185133851+0.0044379539425948656j),(0.9921814906126205-0.014533280413672137j),(-0.0011386568143733813-0.011541017611789973j),(-0.002413607900269341-0.009120594483178908j),(-0.0001869484880028131+0.01695416560457106j),(0.0018167389676587893+0.009846322499225211j),(0.0006139770147233425+0.009986037080403062j),(0.0005857123428143993+0.020388313445932758j),(0.002191904051795698+0.011557527461873817j),(0.0009966850728237832+0.011949602700514681j),(0.003317406273784546+0.010280316562396504j),(-0.0017434415590573428+0.005665228717590422j),(-0.0006377854052183852+0.006080021234089356j),(0.0016735169213197981+0.0034784897990161644j),(-0.0004926277401810942-0.0003794399913003984j),(-0.000994526245908049-0.0007237999518177139j),(8.244070568587402e-05-0.0020434705301152515j),(0.00305181277584694+0.009205866005550753j),(-0.001673578182118397+0.005874187994647179j),(-0.0006637514153455069+0.006572361789566186j),(0.0030467291426934575+0.008806288722355051j),(-0.00083476831200862+0.013126672819226779j),(0.001796597004596208-0.002283635382907109j),(-0.0009193880986871493+0.0007213588701621504j),(-0.0007576871924849797+0.00041378644518458107j)
72,(4.5893138127431075e-07-4.0392653089947355e-07j),(-3.064943659097514e-06+7.522126796179123e-07j),(2.6060122764133014e-06-3.482861500470858e-07j),(-1.196036652927571e-06+3.6279846890475495e-07j),(-1.7211756345489524e-06+8.243894829018373e-07j),(1.768863759195516e-06-2.1711006356684353e-08j),(-0.0001831510922423303+0.00017118609944517696j),(-0.00022666818818535688+0.00020582884497392473j),(6.184148865774654e-05+0.00011849560831413402j),(-0.0002403497180553378+0.0002242921751095168j),(-0.00031247460145338745+0.00028611170756776623j),(0.0001439917726205632+0.00014901315950481943j),(0.00031122887210233326-0.00036116032573886916j),(-0.0002764634330285241+0.0003165188402913478j),(0.002639249486648501-0.000517849212597751j),(-0.0002705229696622079+0.00031946882470250404j),(-0.0003963967730075957-0.0014742461043486563j),(-0.001084840089115724+4.790316282069331e-05j),(0.0009999538689168172-0.0007262445603423377j),(0.0006401000158953908+0.0008372369859010035j),(0.0011062313805816914+0.0001906715595504085j),(0.00026367490882023075-0.000274615234453888j),(0.0007019934881216857+0.0009300455094896473j),(0.0011438446334820136+0.00017264236532923234j),(0.00024292345226198907-0.00027737422185776083j),(0.0007016435348079778+0.0009296907733597715j),(0.0011432181776058804+0.0001719471186038277j),(0.00024211418276996752-0.0002772723608436186j),(0.0006793416291108838+0.0009001039364001466j),(0.0006686967238386437+0.0009983044393570269j),(0.001102343993438247+0.00013844280194449726j),(0.00020799256500338574-0.0002758477680389852j),(-0.00034476106630840187-0.001228415038916784j),(-0.0009049227030126141-0.0015440458512966763j),(-0.001176389370136969-0.000472378311971506j),(-5.95666561571283e-05+0.00045854461027457433j),(5.038181170785186e-05+0.0001109245991511054j),(-0.0013326909304023288-0.0018052426048263503j),(-0.0003693284203930135-0.0013454298818186684j),(-0.0008772082727111196-0.0015367780923392252j),(-0.0011627372966835866-0.0005017458446056596j),(-0.0006403587060160566-0.003089941780969105j),(0.0016849402721327432+0.0006524309519141125j),(0.0013940849152816151-0.0017950273856262948j),(-0.0006601079241310105-0.003013825998557068j),(0.001694066203966171+0.0007557333345437874j),(0.0013842335748081615-0.0017748248693987292j),(-0.001283302624815498+0.007944129347722326j),(0.003923831915375119+0.005412401519474017j),(-0.003616523079061746+0.0015697175864671214j),(-0.0022346945295128964-0.007359524549782395j),(0.002331357398218455+0.01095684307390283j),(-6.021051873999529e-05+0.000647279107760277j),(0.0007488003764309143+0.005787831848800959j),(-0.004752114976377999+0.0040540784305674255j),(-0.001756527094542142-0.008876656562052816j),(0.0021438493644696166+0.0058665394461811715j),(-0.0010773923619078283+0.0047292031922738925j),(0.0006631385363313317+0.0030914427618655444j),(0.0005386415059312491+0.005247514517274073j),(-0.005445959148189296+0.002819633802313518j),(-0.002162029713537509-0.010868103852683149j),(0.0012197394891560083+0.0030135362463822556j),(0.0003568757065152106+0.0035110517792731853j),(0.0007364744034082337+0.014703629232366875j),(0.0011070513621305414+0.0030753242326495038j),(0.0005616903663038545+0.004231915729442769j),(0.0007303867235732295+0.016020574729160637j),(0.0011650289779295082+0.0028640912700003095j),(0.0003355681486588535+0.003366894400422516j),(0.0007221157381862532+0.01512101152310925j),(-0.0011386568143733813-0.011541017611789973j),(0.992284151132891-0.012315580954968151j),(-0.0036693464916521946-0.01739362209653298j),(-0.001032253123977524+0.003529260389355225j),(-0.00015017356468351384+0.024572952334078735j),(0.0020325607058385552+0.005375812436148963j),(-0.0009238213273704959+0.004685878435897449j),(0.0006169566257688418+0.0281926527175645j),(0.0026636808794084223+0.007979108630445502j),(-0.0012818640522025892+0.00796402040204509j),(0.00392564152156269+0.00540394491391177j),(-0.003621039640313429+0.0015701460988890026j),(-0.0005843869760772566-0.001073312349255129j),(0.0008398295002076853+0.002712836981985117j),(-0.0002515577351008928+0.0012859578657955172j),(-0.001835469169217813+0.005415949848921375j),(-0.0011684878127929475+0.00795334100512554j),(0.0036912933933380913+0.0045653377949987336j),(-0.0034481269078811814+0.0013453577034402368j),(-0.004533554595250176-0.01844379094713787j),(-0.0016034938627671475+0.006380604930720556j),(-0.000299832936574792+0.000646938549364494j),(0.0010845973982455343-0.0015094241526726283j),(-0.0013746636146998144+0.0002772510294674272j)
73,(-2.641319467025762e-06+6.65135382425809e-06j),(1.7934388394969176e-06+4.631880217891913e-06j),(8.478806323769356e-07-1.1283234045113468e-05j),(-2.1800350216910766e-06+6.74711233080301e-06j),(8.482599417996794e-07-8.137551271859687e-07j),(-1.1798501185978338e-06-6.086904508523435e-06j),(-0.0003717277477742527+0.0005469691680978029j),(-0.00018668674647848743+4.137247817739484e-05j),(-0.0003464963291074626-0.0004156348547775942j),(-0.0005355650598521025+0.0008441573195736708j),(-0.00023765649531603546+2.818371403185099e-05j),(-0.0005036310252484286-0.000691475673386315j),(-0.001395732438788955+0.004628394621070632j),(0.0007244439841205837-0.0012308314334945427j),(-0.0014763949096990806-0.0056484472718035025j),(0.0009659900298670718-0.0017508866903710309j),(-0.0001328015808035349+0.005949988535445206j),(0.0007974032344402917+0.0023101682817991726j),(-8.622455415391501e-05-0.0004957642295427057j),(-7.248380028986823e-05-0.0011413964770223997j),(-2.1247170260300496e-05-0.001386267324790885j),(-0.00022469121975131145-0.0001268105705202506j),(-4.834312955714524e-05-0.0013442564371604513j),(-3.276507392115547e-05-0.0014237427797519461j),(-0.00023568835543777804-7.176591095894337e-05j),(-4.766205517643302e-05-0.0013451088869957059j),(-3.2683759845700397e-05-0.0014233234057005823j),(-0.00023559780173198103-7.054180050188822e-05j),(-1.505887050540683e-05-0.0013471707756888627j),(-9.434900192942946e-05-0.0013668099083608168j),(-2.4389802740114276e-05-0.001383188930606153j),(-0.00023096817802421341-1.3690146600565034e-05j),(0.0018551637032284917-0.0005029247420223907j),(0.0006039588569845819+0.0008458969133388265j),(0.00012961617929382375+0.002474944273970591j),(-3.958685016411601e-06+0.0005548315576911617j),(0.00032551794781815116+0.0007260412483318381j),(0.0005498337763729136+0.0011891060047008713j),(0.0018770378880678975-0.0005103149223700963j),(0.0006152934168021123+0.0008780678709336661j),(0.00012827360170745077+0.002574238058066756j),(-0.0010246560062232965-0.00157845064349377j),(-0.00062806963216117+0.0002977671866268767j),(-0.0007063969719030116+0.0030659862031333406j),(-0.0010492388242915227-0.001541932434683568j),(-0.0006449177181836513+0.0002703591939070974j),(-0.0006825597471045822+0.003057098135736476j),(0.00019020728359769217+0.007605692709807011j),(-0.002657757132778369+0.0035868032266027565j),(0.004169665427760565+0.004253498642336846j),(-0.0020684089149253307-0.008696414310482566j),(-0.0006940328332957624-0.00218436792005184j),(0.0016908841161261184+0.022332918238837235j),(-0.0003421627911950408+0.00185221546241184j),(-0.0022042806920182807-0.011423835885829096j),(-0.0051951742748465625+0.008799639910016161j),(0.001342601198915757+0.004779597702391886j),(-0.00017019908774641208-0.00224314020589869j),(-0.0012494314032610266+0.005923171369505601j),(-0.000633004878218402+0.0011076882297725052j),(-0.002540663035483103-0.012994298024760625j),(-0.005912854136906352+0.007584714688342157j),(-0.00013938247519853565+0.003244076789403639j),(-0.0008531003957323591+0.00637453584397373j),(0.0017359025689361138+0.004126112824072084j),(-0.00044485606692943333+0.0032361859132230943j),(-0.001042497479496013+0.007103730325044505j),(0.001981120920499208+0.005387846801415471j),(-0.0001724313427995148+0.003194664894226805j),(-0.0008745686251940993+0.006858003322489785j),(0.0018538643013147138+0.003796080947048959j),(-0.002413607900269341-0.009120594483178908j),(-0.0036693464916521946-0.01739362209653298j),(0.9915545445514254-0.014154103321806359j),(-0.0004330150101696956+0.007751646096229519j),(0.003479840013680762+0.011667121054815792j),(-0.0012154090656618093+0.01752280948965573j),(-0.00011862251151583211+0.009579560557732023j),(0.004274082563995126+0.014901621547654894j),(-0.000488419059867868+0.02012180985000347j),(0.0001933328896112996+0.007626805854715878j),(-0.002660284331463124+0.0035940047017091296j),(0.004172532033749249+0.00422824274178486j),(-0.0005232770135350246-0.0004242744791365118j),(-0.0004778322573500423+0.0008293140114564606j),(0.0008096462828598081+0.0024574572810645307j),(0.0005018964297734259-0.003734406922600128j),(0.00023221550430719737+0.007700281488214302j),(-0.0025539013341238956+0.003444659790086793j),(0.0039492923371836006+0.003059312213564625j),(-0.004393670089431195-0.02142195679270946j),(-0.0012968863958551483+0.0125400848053035j),(-0.0009287269965040825-0.0007724376904558903j),(-0.0012595566221929224-2.0185980613096656e-06j),(0.0010093997254726366-0.0011143419933337196j)
74,(4.3586965089646264e-06-7.40053754100104e-06j),(4.080926922546695e-07-6.5963182306883025e-06j),(-4.766789206299239e-06+1.3996855776129122e-05j),(4.0137673119973535e-06-7.391625377563395e-06j),(-9.691215463325428e-07+1.023319240640652e-06j),(-1.4518392431768634e-06+8.531231145655368e-06j),(0.00046157951727551717-0.000392641782298077j),(0.00015723564477610128+0.00016927420157123612j),(0.00011582669631838275+0.0008129074450135799j),(0.0006797504834973089-0.0006322938649695876j),(0.00019376985236805233+0.0002848352732686915j),(0.00014142864086486235+0.0013212996632254485j),(0.0024009026092541947-0.00459602205181642j),(-0.0008896669785962288+0.002404924789505453j),(-0.0007047682331747527+0.009692693393604205j),(-0.001360598838126445+0.0030899138606269062j),(0.0012144724078875931-0.00993441516158523j),(0.0010989525063492738-0.00376684006783936j),(0.0003447369785504876+0.003911822260715941j),(-0.0003249346938370693-0.001039737842352967j),(0.0008503406762077894-8.535298566487645e-05j),(0.0004712532342409646-0.0016044028723503133j),(-0.000376799076172351-0.0009607388063868016j),(0.0008647089333877291-8.19736880909314e-05j),(0.0005070813632707279-0.0017860195770072224j),(-0.0003766245989752381-0.000958817998248505j),(0.0008645400529685879-8.209640317022749e-05j),(0.0005075129676075918-0.001787745907920855j),(-0.00036087544887891486-0.0009153478539336382j),(-0.00039098918219023887-0.0009010315909146207j),(0.0008586502499428012-0.00010761731007462132j),(0.0005286825092318652-0.00183988181197825j),(0.0006466030441781185-8.051657953553371e-05j),(0.0006904527013221424-0.0016730916420503558j),(0.0014970919889775304-0.0035011283898072824j),(0.0005283958167643119-0.0025742071768561155j),(0.0006677998229507273-0.0028757774318347246j),(0.0006638576543920296-0.0017541750301846067j),(0.000655719205550694+1.56087644281148e-05j),(0.0006301892685251659-0.001720470450973652j),(0.0014605866982108967-0.00351142266823967j),(-0.0010591835181854225+0.0029442913626046945j),(-0.002197656110844411-0.0012551069263986641j),(-0.0024099026065716703-0.0007342226863380884j),(-0.0010284994579526773+0.0030102593228237794j),(-0.0022164745203100177-0.0012620492751591076j),(-0.002452085390709918-0.0007285131576583248j),(0.005650988779342028+0.008177056213318872j),(-0.0030796537063152545-0.0007801690195470001j),(-0.0022593029877408443-0.0034839983305597743j),(0.003195068150823437+0.013450102981563586j),(-0.000988957665299198+0.015535330142213255j),(-8.034697070247092e-05+0.01950719469878888j),(0.002257744613073542+0.01796496195597565j),(-1.5883420649914163e-05+0.00545080725955871j),(0.000207821400786016+0.007159915092345211j),(0.0023142035376095688+0.015529204717008683j),(0.002144249765399455+0.0063035995315686745j),(0.0014227235776277448+0.0019448943844119996j),(0.0019993480312557196+0.01810618148284587j),(-0.00023666188909248452+0.004960421361083287j),(6.808837728983333e-05+0.007244449507841054j),(0.0009749884884363305+0.011905301289834469j),(0.004558242851792729+0.008541032323389312j),(0.0026705555009715553-0.0027515651917446498j),(0.0007925548731009134+0.011905625187314504j),(0.0047100512532652775+0.00968560901270045j),(0.002828395425385866-0.0028886289330252043j),(0.0009428405234798762+0.011590017838741007j),(0.0047175539995301585+0.008170626120396828j),(0.0027118619393851173-0.0030684492924918268j),(-0.0001869484880028131+0.01695416560457106j),(-0.001032253123977524+0.003529260389355225j),(-0.0004330150101696956+0.007751646096229519j),(0.992201184851409+0.004168528359565116j),(-0.0016822115586830042-0.0072686386198609594j),(-0.0007297274613817975+0.004963866843814824j),(-0.008452651387744026+0.003881875071510611j),(-0.001686390598344269+0.0007219285426662472j),(-0.0007881140101054655+0.007557357689746002j),(0.005653705959211924+0.008169836259851616j),(-0.003082362565603831-0.0008026561806446101j),(-0.0022622668350870583-0.0035153545363590614j),(0.0012168188887649706-0.0003781515822729176j),(-0.0008360185032617793+0.0013106566979209687j),(-0.00022254383710301572+0.0007503792099176898j),(-6.389163024841547e-05-0.002334636675786114j),(0.005308771993581099+0.007746509105924728j),(-0.0028488844444291804-0.0011583592297927346j),(-0.002082670411233652-0.003922860158869132j),(0.0013428912090509208+0.0077152542109329494j),(0.0067341941657880705-0.001573530230077517j),(0.0015854873168570519+0.0027939755036292687j),(-0.000638808396409514+0.0009014354056131622j),(-0.0010417191971858928+0.00031543979714796123j)
75,(5.150174132187129e-07-4.824168696106163e-06j),(-6.290932179860121e-06-1.5600442709139055e-06j),(5.775914763414702e-06+6.38421296574793e-06j),(-7.609949903796195e-07-4.392966211703278e-06j),(-1.3652138142464559e-06+1.0906499591817799e-06j),(5.789855286314617e-06+2.8755809657459814e-06j),(0.0002534539398317163-0.00043604875202798163j),(0.0002060787641083161-6.887594645745682e-05j),(0.0007786028489241606+7.514271220836574e-05j),(0.0003453785837548758-0.0006468877272062428j),(0.000266856705422266-6.067864650527899e-05j),(0.0011886072728946727+0.00013995900401966312j),(3.7279857493624806e-05-0.002478006477945261j),(-0.0006161137846431774+0.001474889335567624j),(0.00585472783245773+0.0016460686515238788j),(-0.000849495397683077+0.0019285656885649318j),(-0.0009960091792769583-0.0012725835043847136j),(-0.0012543487724118465-0.0003703955883826043j),(0.0013865943711473018-0.00331120300537676j),(0.0020739856819189575+0.0009303625325913188j),(0.0015059092419694824-4.134717099815027e-05j),(0.00044000270281797926+0.000294474022442449j),(0.0022455531697429323+0.0010059580907041984j),(0.0015716767702198312-7.858531483000142e-05j),(0.0004113931223801297+0.00032639647392729526j),(0.002243811922874822+0.0010046916987585279j),(0.001571124411350512-8.018013390789173e-05j),(0.0004099925634455712+0.0003256539672414876j),(0.0021445094597349968+0.0009324690275531247j),(0.00234755548830444+0.0009994382920008177j),(0.0015298969891066098-0.00015778902000208352j),(0.000348075481171665+0.000269807827097909j),(-0.003685239018646972-0.002876057490926255j),(-0.0010337337671414645-0.003699326435477516j),(-0.0026256084092907282-0.002688528921265008j),(0.00033830589079074803-5.2069938122015094e-05j),(-0.000584243629712041-6.079053863748858e-05j),(-0.0009680745377515382-0.004178343791636762j),(-0.0038624456470845924-0.003008938830924732j),(-0.0011070787125947688-0.0037191113847254657j),(-0.0026474237314617058-0.002788857943118779j),(-0.00035400219444357167-0.0028719696998509314j),(0.001240031382433229-0.00046674265499873756j),(0.0024330504136581242-0.0024833778230470885j),(-0.0003570968692094297-0.0028428225572573644j),(0.0012533631552856563-0.0002759019868769077j),(0.0024257268496262283-0.002445393225586901j),(-0.004794084361301307-0.004563020122242843j),(0.007983103708549986+0.0057322693769830835j),(-0.006722310406050645-0.002255713340759106j),(-0.001568249332134205+0.012372195679214156j),(0.006079017114732563+0.010723005320290906j),(-0.003667396998796316+0.006584848782114876j),(0.0020324441998885202+0.009786590340488325j),(0.003000737254607526+0.020768054108185774j),(0.002649032679932013+0.017848390408945015j),(0.0033750610631062498+0.006217198053908685j),(0.003217566199408534+0.013021629410699146j),(0.0026124231699068833+0.018161573761939692j),(0.002012620814589177+0.009963927265875161j),(0.002632998556000006+0.02184961360463959j),(0.0028775429132408253+0.017509055340231026j),(0.005356147826198207+0.0013016125305602968j),(0.0029960234450657603+0.0019388531278681821j),(0.0026473212012171478+0.014165525120045j),(0.005556747696589133+0.0007295107030570649j),(0.002911711732866494+0.0006939136146251849j),(0.0026322304277984084+0.013617668360319031j),(0.005433840104107702+0.001121806604886151j),(0.003012118549660382+0.0015147956298923737j),(0.0026548635596053624+0.01402584368975051j),(0.0018167389676587893+0.009846322499225211j),(-0.00015017356468351384+0.024572952334078735j),(0.003479840013680762+0.011667121054815792j),(-0.0016822115586830042-0.0072686386198609594j),(0.9874365444344257+0.011114935062713296j),(0.000626681878532984-0.01713938003072425j),(-0.0020056433124447767+7.55934100455883e-05j),(-0.01359001388871401+0.015120367341821296j),(0.0002808659720837914-0.022238651308561334j),(-0.004797954008758905-0.0045858708683099055j),(0.007985066574419442+0.005725666550152559j),(-0.006725426900811815-0.002267409215686346j),(-0.0011830261985669357+0.0015438244974516433j),(0.0019973176614131085-0.0009933431261049588j),(-0.002074944766815988-0.0002490752737343508j),(-0.004267310484000959+0.010019805924172127j),(-0.004455652093973409-0.004741059685851853j),(0.007427512208472917+0.00535634674561623j),(-0.006191089774082952-0.0022047132775279534j),(-0.000683115473258247+0.01875507873111356j),(0.0034439071888538856-0.00013532124811799565j),(-0.0011529150376306738+0.002089486118563539j),(0.0017314288865346807+0.001522849310234334j),(-0.001118087184441908+0.002740183945928265j)
76,(-4.379621467741107e-06+9.12579478232425e-06j),(4.328208455890392e-06+9.292080451574319e-06j),(5.141302051446394e-08-1.8417875239559285e-05j),(-1.7430023383294351e-06+9.271415147237194e-06j),(3.2733641798803794e-06-1.10882473632976e-06j),(-1.6207287031366184e-06-1.169462733352411e-05j),(-0.00015686537677753827+0.0003633673709588334j),(0.00015769909759191051-0.0003199583385264575j),(-0.0002628968915116743-0.0011968728044853116j),(-0.00026969864458434826+0.0006477409253408033j),(0.00023818420208521196-0.00047083114080033624j),(-0.0004312141729329642-0.0018721247883245829j),(-0.002459761368861878+0.007088728007684576j),(0.0011988110724345062-0.0015783168293472191j),(-0.0032121251145295444-0.010993274756406822j),(0.0015959565220107495-0.002109408043225529j),(0.00039477433409047824+0.01363935621533708j),(0.0018987521095051182+0.004591342896220534j),(0.0010477860417734022-0.0013624159882987363j),(0.00015495914807542825-0.0029518848415591888j),(-0.0007424334601033864-0.003631610627503358j),(-0.0002487383391143837+0.00050892220145381j),(0.00020450918738790556-0.0034513382001697818j),(-0.0007660078720258137-0.003712877642119172j),(-0.00026142662833384994+0.0006172182602327161j),(0.00020512276850661823-0.00345357081955661j),(-0.0007651977776038313-0.00371192981996848j),(-0.0002610731876925114+0.0006179342365993093j),(0.0002369637010731553-0.003469048239159864j),(0.00021973756159349622-0.003608663880335806j),(-0.0007133176471570875-0.003622310925955681j),(-0.0002387326500775595+0.0006448422259967466j),(0.0017536308934630292-0.0014121490574247673j),(0.0018861005771783966+0.0015752500802862128j),(0.0008909452428236052+0.0019359161535696357j),(0.0002858333901753926+0.00037179831976324746j),(0.00013430852370554332+0.0013237689942764363j),(0.002343526287153528+0.002121144520484515j),(0.0017258941662841667-0.0013219613646025697j),(0.0018554112514388675+0.001733088739435j),(0.0008219077246989623+0.0019772292309109124j),(-0.0014720017247348265-2.5297069883482327e-05j),(-0.0019588335870342646+0.002272902941050212j),(-0.0037753577422210984+0.0022690017327467557j),(-0.0015062422442697638-9.210353495441893e-05j),(-0.001991116161246482+0.002165359197881264j),(-0.0037481565208878674+0.002326853472788719j),(-0.0021745339708848315-0.005899464219385949j),(-0.0051436392666928486+0.0010121970946291615j),(0.008418535265965602+0.014698435264115085j),(-0.0009520131625027073+0.006275468955902076j),(-0.0034734689188499657+0.004933464249958294j),(0.006034002259198193+0.003056996463112347j),(0.0003922525940227207+0.007515777452040475j),(0.0013175776904684583+0.011178708612257116j),(0.002137230203775665+0.009232150824346442j),(0.000931146878708611+0.003207790482460054j),(0.0017083387993017517+0.013374253331315944j),(0.0028855130313341507+0.002633537741175051j),(0.00041539872959002884+0.008056453059629938j),(0.001474265521565439+0.01064477385225575j),(0.0016963335804860936+0.010578489581213253j),(0.00234874244359921-0.0015704632331569358j),(0.0027002832246018345+0.013944349568578082j),(0.003402278944132209-0.003886728597646138j),(0.0024986392917742076-0.0022636884827360133j),(0.0027806195361625794+0.013586479083808455j),(0.0034225723377731784-0.0047444488466243506j),(0.002412484317288258-0.001652766485937312j),(0.002760487591610395+0.014172186459787607j),(0.0034376476100504644-0.004044465677691175j),(0.0006139770147233425+0.009986037080403062j),(0.0020325607058385552+0.005375812436148963j),(-0.0012154090656618093+0.01752280948965573j),(-0.0007297274613817975+0.004963866843814824j),(0.000626681878532984-0.01713938003072425j),(0.987576673263951+0.017508302070866243j),(-0.0009025040534478659+0.0073416851554241784j),(0.00045061290904842483-0.02158462350234836j),(-0.01322264619468623+0.029310776215787353j),(-0.002175917381062444-0.005915351009999496j),(-0.005145470402196346+0.0010071967971305128j),(0.00842059907163474+0.014713843458561453j),(-0.001523750505891781-0.0001946798867889705j),(-0.001259926370124769+0.00029432132762539226j),(0.002414672441489453+0.0004726622972322566j),(0.0012703121528236739-0.007714647791128935j),(-0.0019947981306388542-0.005925815330825996j),(-0.004766832146093265+0.0008733845042143921j),(0.007736645726672855+0.014071756506345963j),(-8.308914520280741e-05+0.011363162550993896j),(0.0034410873815071924+0.018933265384704086j),(-0.0028141424638169358+0.0005532604481483586j),(-0.0016789910481239505+0.0012151705113843312j),(0.001965270805765051+0.00034992663985591036j)
77,(4.563689595277606e-06-7.890778951631893e-06j),(3.866798966933659e-07-6.931371035847468e-06j),(-4.950369497186808e-06+1.4822149992329776e-05j),(4.28976002846313e-06-7.903713434829184e-06j),(-9.278049485886265e-07+1.068448178523213e-06j),(-1.3868317237575003e-06+8.957543976731264e-06j),(0.0005157065354735015-0.0004436816247751984j),(0.00019712356714503108+0.00015563856341684556j),(0.00015597781321292722+0.0008331069740906765j),(0.0007553063275748124-0.000707135319070777j),(0.0002468501567621143+0.0002702089646942679j),(0.00019685837221303492+0.0013599373929302034j),(0.002498901779590232-0.004852569107857861j),(-0.000933934824936308+0.0025750024797297068j),(-0.000659418307599692+0.010189688763051164j),(-0.00143841741494729+0.0033173343441054133j),(0.0012313188187184666-0.010324441283284705j),(0.0011894554470422496-0.003968646720526969j),(0.0004396423087784975+0.004034362832339992j),(-0.0003061447216536701-0.0011223799212281781j),(0.0008871178008256994-0.00014087367418555603j),(0.00047980995492922986-0.0016545878435046482j),(-0.00035715382557679164-0.0010446649019296862j),(0.0009022938649187208-0.00013858367093761044j),(0.0005161251337147603-0.001844366684705078j),(-0.0003570037614977481-0.0010426982216069462j),(0.0009021283398667353-0.00013873604182033407j),(0.0005165717468388694-0.0018462439975920242j),(-0.00034244460432821195-0.0009986649396715981j),(-0.00036601432427467277-0.0009877903912606043j),(0.0008966979641823526-0.00016644761507559128j),(0.0005389466338243899-0.0019045560661254965j),(0.0005741556216539357-0.000151379013358937j),(0.0007398604525749062-0.0018336338336295468j),(0.0015573643612335221-0.003804185660158939j),(0.0005630769739033573-0.0027078793086235j),(0.0006638151903836461-0.002993351887182403j),(0.00072898364867284-0.0019154140581856454j),(0.0005782364265741429-5.087828464806723e-05j),(0.000673767947458835-0.0018824576511782178j),(0.001517523646850536-0.00381790669683618j),(-0.0011548399636155226+0.0030776259485984815j),(-0.0023585099853648066-0.001264319186727753j),(-0.002588601918266141-0.0007177252128095883j),(-0.0011214989593272735+0.003144307193933397j),(-0.0023783219770526177-0.001273992820848988j),(-0.002633155615178421-0.0007148796177965412j),(0.00589142904817053+0.00807365968947089j),(-0.0032104546504050564-0.0012647772283620193j),(-0.0024204590406408924-0.004240874373304556j),(0.003498348946470929+0.014968429752675951j),(-0.0007385345206978532+0.018935479215307797j),(0.00019768633751740528+0.02380027810103857j),(0.0030799956725984863+0.01970814998268301j),(0.000235561738156174+0.00604315576929161j),(0.0005190980089529793+0.008126676423398548j),(0.002793528480664363+0.016434061054410407j),(0.0025546609451104763+0.0071297325835569915j),(0.0016933443396822431+0.0020068522338496948j),(0.002852845741323822+0.020114714254061354j),(-9.37398050780664e-06+0.005549665829915018j),(0.0003835607086332395+0.008298058508329886j),(0.001120675922750383+0.01203010321556302j),(0.005149021914606801+0.009733302832065156j),(0.0029622579393126947-0.0033035887698691386j),(0.000917755572213943+0.011899339528872973j),(0.005312529495718821+0.011034389826136567j),(0.0031442228262156735-0.003464172809233951j),(0.001074156677636259+0.01167414815487713j),(0.005322125891689931+0.009289800661793518j),(0.0029988615886359917-0.003667440610976531j),(0.0005857123428143993+0.020388313445932758j),(-0.0009238213273704959+0.004685878435897449j),(-0.00011862251151583211+0.009579560557732023j),(-0.008452651387744026+0.003881875071510611j),(-0.0020056433124447767+7.55934100455883e-05j),(-0.0009025040534478659+0.0073416851554241784j),(0.9905373405724976+0.002165594604054037j),(-0.0023060881248217935-0.008268074870788629j),(-0.001036402799982966+0.004943434965516103j),(0.0058940602347751885+0.00806431346566313j),(-0.003213673668162394-0.0012925544255420647j),(-0.002424018460720137-0.004279096367631109j),(0.001185159054485198-0.0006846696940083727j),(-0.0008714323672486363+0.001466777516256958j),(-0.00016320791982168232+0.0008844557800721095j),(-0.0001086356491074949-0.0023716438157683397j),(0.005538712886451654+0.0076842518092746755j),(-0.0029660064987012333-0.0017064914890585125j),(-0.002226203939325633-0.004771937996706473j),(0.0013496174192416807+0.008110295881100293j),(0.007564671702220275-0.0027507501881544405j),(0.001585843870449173+0.0032897804980655584j),(-0.0006161006266857013+0.0009612978536129131j),(-0.0010725811884679318+0.0003442871757031894j)
78,(5.258847434352345e-07-5.290965161833005e-06j),(-6.650959288174655e-06-1.763237651624867e-06j),(6.125074540956738e-06+7.054202811747299e-06j),(-7.282174535490762e-07-4.8781895762059565e-06j),(-1.3464346150997881e-06+1.13585481698952e-06j),(6.217830557346985e-06+3.152115394647641e-06j),(0.0002959139316896404-0.0004976995024972748j),(0.0002477139443855744-9.523211819530337e-05j),(0.0008520200480193996+6.928947693997611e-05j),(0.0004024853931854125-0.0007353935815003468j),(0.0003225879036710041-9.338167929824701e-05j),(0.0012962664554528394+0.0001368106389142388j),(1.6839845387754855e-05-0.002695807498549318j),(-0.0006494771317009014+0.0016115228135686142j),(0.0062133551716739045+0.0018543420678540645j),(-0.0009066583027804039+0.0021150804069036567j),(-0.0010483919789896715-0.0012779149106637213j),(-0.0012715319075753643-0.00041757210075197334j),(0.0014517567356804792-0.003572347129937871j),(0.0022268181978044063+0.000921711780529869j),(0.0015641451434937836-9.08901658316693e-05j),(0.00046504952376378173+0.00033464130091212995j),(0.0024101183188874895+0.0009942616714916233j),(0.001633251671520877-0.00013113287836611937j),(0.00043541178036847396+0.00036919878315865647j),(0.0024082281554081665+0.0009929016686717192j),(0.0016326944020104424-0.00013282762022519615j),(0.00043393592058134855+0.0003683636262685026j),(0.0023007537771122092+0.0009162612774243364j),(0.0025250522140752747+0.0009805561889269314j),(0.001590761661860738-0.00021519894866427972j),(0.0003685846617058245+0.00030647934000371953j),(-0.0040296802505847265-0.003070198937231112j),(-0.001059401346830188-0.003956093504225027j),(-0.002790096379244323-0.0029406876695626336j),(0.0003796755019727136-0.00011685247119465675j),(-0.0006446256933017075-9.043686716814648e-05j),(-0.0009501267965611468-0.00446187228120155j),(-0.004223123075749013-0.0032049270295951325j),(-0.001143019749659638-0.0039771824020906465j),(-0.002816337020069314-0.003048456735271398j),(-0.0003593078913430174-0.0028815844988074376j),(0.0011986048086683066-0.0005549202856477932j),(0.0025138681852945087-0.0025803171309666554j),(-0.0003609668265681296-0.0028557493702962063j),(0.0012126892966798544-0.0003538452707063421j),(0.0025067544946682525-0.0025396779882958004j),(-0.005168362599247755-0.0056508652856509705j),(0.00843479893338174+0.0058721249307495975j),(-0.007061362656759306-0.0025372814187793495j),(-0.0014201307729301352+0.014394749659882699j),(0.006532710674878197+0.01110249857143994j),(-0.003956074372292675+0.007390697738594415j),(0.002267894310479913+0.010333341915957714j),(0.0038126128212101528+0.022490319371419733j),(0.0031812952201285914+0.02039803316845295j),(0.0036022781873652396+0.006495909591005688j),(0.0037208947088321846+0.014112022170006035j),(0.0029082282858886714+0.019728886201681388j),(0.0022663637101233924+0.010632524816711873j),(0.003473953277714492+0.023870828407002043j),(0.0034727019776085947+0.02025651878006405j),(0.005850448805259972+0.0012790984937479256j),(0.0033759729598243386+0.0020467718927365507j),(0.0029275336662677003+0.014331627909796496j),(0.006081956060796933+0.0006118270581787159j),(0.003269694077834108+0.0005700446682789934j),(0.0029105194843280944+0.013605918675653436j),(0.005939691479769917+0.0010947401075992345j),(0.003396065530146538+0.0015971436248039053j),(0.0029363958067433324+0.014142078121187123j),(0.002191904051795698+0.011557527461873817j),(0.0006169566257688418+0.0281926527175645j),(0.004274082563995126+0.014901621547654894j),(-0.001686390598344269+0.0007219285426662472j),(-0.01359001388871401+0.015120367341821296j),(0.00045061290904842483-0.02158462350234836j),(-0.0023060881248217935-0.008268074870788629j),(0.984707528993838+0.009696497652552899j),(-5.556474549616607e-05-0.02263112020228908j),(-0.005172906206165914-0.005677845841955706j),(0.008436732357630464+0.005865285340624231j),(-0.0070644742215624215-0.0025503569054076474j),(-0.0012494669869825966+0.0017904607690103934j),(0.00211421661799289-0.0013077932263250644j),(-0.0022516021536040276-0.00036763698559298067j),(-0.0045286649400115234+0.010544806560758464j),(-0.00480945454646017-0.005851489977696004j),(0.007845394074598883+0.005521758777742548j),(-0.006493366372018685-0.002470649119989987j),(-0.00023609873173585367+0.022399995527099665j),(0.004037923142023846-0.0006407464279131921j),(-0.00123770148569271+0.0022855556466450408j),(0.0018148651041916264+0.0018168150725573142j),(-0.001104465672969743+0.003005002235765211j)
79,(-4.571406966679176e-06+9.433607753908725e-06j),(4.5996531142902944e-06+9.794638891185937e-06j),(-2.82461389556542e-08-1.922824665079572e-05j),(-1.711664690976714e-06+9.580201724193722e-06j),(3.524123977442121e-06-1.1506304878796045e-06j),(-1.6769168627246805e-06-1.2309338393192941e-05j),(-0.00013777008775321298+0.0003486081447659554j),(0.00019095756349526811-0.0003570642956650756j),(-0.0002573713775871072-0.00127955560915209j),(-0.00024645915917723463+0.0006341798090788654j),(0.0002843367737700166-0.0005220484781169842j),(-0.0004281408369298392-0.0019972593447346544j),(-0.0025704242152434467+0.007388301222398461j),(0.0012542692096830332-0.001613171356025885j),(-0.0033997830111835376-0.011567375657938684j),(0.0016675450471825312-0.0021478711807579615j),(0.00047211618173452746+0.014462143634474893j),(0.002035681564706789+0.0048326661686470445j),(0.0011671802992118136-0.001464136856523291j),(0.0001782702565829965-0.003165175526325672j),(-0.0008131825666522824-0.0038903789537168983j),(-0.00025084138118345846+0.0005610303225751646j),(0.00023028698145588093-0.0036983518529570356j),(-0.0008380423274977471-0.003977126261254732j),(-0.00026376955886199137+0.0006748649180282626j),(0.0002308901947556698-0.003700735622888244j),(-0.0008371610340884197-0.003976129245902193j),(-0.0002633956685023659+0.0006755381802047793j),(0.0002626236530030832-0.003717712377001023j),(0.0002510743687421564-0.003869813938785763j),(-0.0007808613406253464-0.003881472619617637j),(-0.00023952744842226087+0.0006998312918457495j),(0.001748433897510982-0.0015334546011864856j),(0.0020224850203643006+0.0016237891148712963j),(0.0009582526643215617+0.0018888616625444279j),(0.00031778318733787826+0.0003428634262409222j),(0.00012100906768439248+0.0013785849473727093j),(0.00253256776574861+0.0021909914224652292j),(0.0017151713269520506-0.001433110803886553j),(0.0019871304807049742+0.0017950114018173502j),(0.0008818390130067819+0.0019261313700762374j),(-0.0015460041353972823+0.00011178291194590805j),(-0.0021122891647985904+0.0024739339470276917j),(-0.004100177185195741+0.0022499432225686167j),(-0.0015815391288088222+3.5742997322880596e-05j),(-0.0021464501834139982+0.0023588787511898118j),(-0.004072105063300597+0.0023146851673203402j),(-0.0024286000355294005-0.0071031088206072205j),(-0.005408461941538149+0.0008552624396082967j),(0.008914831414103099+0.015809521592389637j),(-0.0007704420737339871+0.0077912022988595175j),(-0.0036813237348452604+0.005811807390366483j),(0.006516630646339457+0.0017098959897344484j),(0.0005501897809176199+0.008151564430392576j),(0.0017504650622135035+0.013317133159447788j),(0.0028782700842563624+0.009470339108219065j),(0.0009737131385735055+0.0032399706433817697j),(0.001999684738317993+0.014996457829532715j),(0.003335873635571574+0.002597274482911049j),(0.0006052702205866249+0.008866143782242162j),(0.001954168824868305+0.01292027732075976j),(0.0024659933507457754+0.011136134411730437j),(0.0026609581159979805-0.0018972228983068903j),(0.003163377259992186+0.01489939797542952j),(0.003638369244629246-0.00453923257968358j),(0.002853983696202377-0.002677621367941671j),(0.0032701750302308774+0.01444480713625997j),(0.003639068325866015-0.0056704248110055495j),(0.002733556172937127-0.0019820441400538215j),(0.0032319886177751994+0.015105827635014519j),(0.00366661284265963-0.004677212973185182j),(0.0009966850728237832+0.011949602700514681j),(0.0026636808794084223+0.007979108630445502j),(-0.000488419059867868+0.02012180985000347j),(-0.0007881140101054655+0.007557357689746002j),(0.0002808659720837914-0.022238651308561334j),(-0.01322264619468623+0.029310776215787353j),(-0.001036402799982966+0.004943434965516103j),(-5.556474549616607e-05-0.02263112020228908j),(0.9852416350638986+0.020113615980567035j),(-0.002430555102499125-0.007122525940272925j),(-0.00541033758778448+0.0008489414056796589j),(0.008916843391758814+0.015828281757520848j),(-0.0016317916429667671-0.00016464483621265753j),(-0.0013435072857780966+0.0002603396940335659j),(0.0025805809477493194+0.000315714005893474j),(0.0013181913128215432-0.008143136628015406j),(-0.0022372555716104582-0.0071421317672039734j),(-0.005004551460070194+0.0007077115991328022j),(0.008185107618159979+0.015213577453721672j),(0.00039550816108855746+0.014555356495746843j),(0.0040231974145621685+0.019738417304146973j),(-0.0030092650369743937+0.0007173094749556651j),(-0.0017296876486911227+0.0013613022462308046j),(0.0020769306253700963+0.0004958687915415996j)
80,(-6.617109651067109e-06+1.184771565663417e-05j),(-1.5355942402587885e-06+1.0187758848993005e-05j),(8.152703899805735e-06-2.2035474514992584e-05j),(-4.8442330039531404e-06+1.1076646898664438e-05j),(2.7236427123074382e-06-2.404738294033249e-06j),(4.499240190394111e-06-1.4001300010719254e-05j),(-0.00019059614891839282+0.00028088315765784793j),(0.00025955123863991296-0.0006174457233152585j),(0.0003803081029680028-0.0016070914191233777j),(-0.00033717749630070174+0.0005436451388296172j),(0.0003839215480152798-0.0009361417324681293j),(0.0005648484440482941-0.0025439269504666695j),(-0.0035058963786808502+0.007544885599035822j),(0.0014636309160883693-0.004289394281649487j),(0.00218740037346402-0.01613789408583858j),(0.0021132381497477207-0.0051826561704749405j),(-0.002917399563572116+0.019090888550464733j),(-0.002518850947759603+0.0056019027836475815j),(-0.0019070286262160819-0.007212144043437737j),(0.0019073965703627726+0.0014378730958161858j),(-0.0017656895750590969+0.00031525922063506927j),(-0.0006144849355346961+0.0034996823571861345j),(0.002121424065942677+0.0012364889581262615j),(-0.0018001600917740908+0.0003479983252156621j),(-0.0006431355851477952+0.003819070413388959j),(0.0021207848707986677+0.001232834122872676j),(-0.0017997211066817407+0.0003484928509861415j),(-0.0006433506524984692+0.0038206975489097745j),(0.0020653868792143695+0.001153374145601566j),(0.0022282993313049266+0.0009452488268125257j),(-0.0017857187501822724+0.00039892143409975267j),(-0.0006645067215090636+0.0038403555800458557j),(-0.0018069869498558862+0.0008401377974706185j),(-0.001596668844192465+0.0036645809482264355j),(-0.002037606852811313+0.003882901661717209j),(-0.00012970121853161974+0.0024098137830224266j),(-0.0012356689912001186+0.0031286724156337382j),(-0.0015010949086666627+0.004108882020473315j),(-0.0018676957662254307+0.0008273881340180034j),(-0.0014565947706117665+0.003727802081721578j),(-0.001957949224512482+0.0038045341679316114j),(0.0034265012258946834+0.0016004986172122176j),(0.005629162341485201+0.0027263362984186424j),(0.0051933555431479175+0.0005589897940604678j),(0.003308380949242704+0.0015005682615113758j),(0.005627375318578366+0.0026362197287169344j),(0.005204113029808466+0.0005093283976767642j),(-0.02018047235105268-0.016650668386116337j),(0.0021471433588889054-0.00819627504562563j),(-0.003258521498297904-0.0033968680118366887j),(-0.011700889263240373+0.0028694240384686525j),(0.00014587602901289882-0.0008458800672787453j),(-0.002477652178665375+0.001416958109200353j),(0.0011614983667359536+0.008524780659937599j),(-0.0005522144929966741+0.008674538771856522j),(0.00018727251199516842+0.008599599809099268j),(0.002698600511713231+0.005672026097335959j),(-0.0003982613540424824+0.0049502461517073795j),(0.0003325884180754774+0.003813368776919389j),(0.0015532357192945972+0.00900021770222759j),(-0.0006396270962127198+0.0090652065065466j),(0.0002430969687568441+0.008982501847730244j),(0.004705961693376024+0.0012493770272087798j),(-0.0001370472223377417-0.0031627865606383204j),(0.000434377085820048-0.005685307060733488j),(0.004938232676290965+0.0007817466263477547j),(-0.00010067296446344661-0.004002921353737171j),(0.0004514188507721814-0.0067997975441607475j),(0.004770988059204888+0.0010632351399090974j),(-0.00013140579150193888-0.0035356825902902386j),(0.0004331177954463103-0.0060310800426509395j),(0.003317406273784546+0.010280316562396504j),(-0.0012818640522025892+0.00796402040204509j),(0.0001933328896112996+0.007626805854715878j),(0.005653705959211924+0.008169836259851616j),(-0.004797954008758905-0.0045858708683099055j),(-0.002175917381062444-0.005915351009999496j),(0.0058940602347751885+0.00806431346566313j),(-0.005172906206165914-0.005677845841955706j),(-0.002430555102499125-0.007122525940272925j),(0.9797143561157987-0.01900547451263064j),(0.0020299152600878273-0.017191775749391236j),(-0.0032855212783308215-0.006677143832014142j),(-0.005251269319783026-0.006390170698620658j),(0.0005803145244133437-0.00292651865621827j),(0.0006348084362632026-0.0014443155871591944j),(-7.056743963358638e-05+0.001730217425263806j),(-0.01866774614656385-0.01655101283893292j),(0.0020895041028134013-0.00908781592131991j),(-0.0029771342016094364-0.0036965576044203988j),(-0.0116076403655461+0.008471469357120731j),(-0.00021840373800775632-0.0062163372422570865j),(-0.007388970462449239-0.0029128074871456683j),(0.00010057636128186214-0.005676275150863343j),(0.0009561687462477864-0.0038155209777837283j)
81,(1.8043753269859011e-06+1.358912608820127e-05j),(1.5977773811567353e-05-3.044005898421652e-06j),(-1.7782149128971714e-05-1.0545120188308445e-05j),(6.7306860254240054e-06+9.208403375951521e-06j),(4.73092497947078e-06-6.257180532678287e-06j),(-1.3452582840541203e-05-2.8271852581225592e-06j),(0.0003851879946698861+0.0006749137824307657j),(0.0002518736254155264-0.00037234674507364684j),(-0.0012279736436327682-8.532255036915095e-05j),(0.00056330262088244+0.0010796174780960816j),(0.00035945482953669817-0.0006032642508513367j),(-0.00197926723116466-9.884248770595898e-05j),(0.001939955602255317+0.007284243438542892j),(0.0009399147259374854-0.004494027226799455j),(-0.01379849699685629+0.0007451416081841623j),(0.001103556441326709-0.005933911138348106j),(0.0025796220608182933+0.004666893331333282j),(0.0027460911109304298+0.0009604236622658847j),(-0.0008656482974993827+0.0058437675933870545j),(-0.0041254212446822786-0.0028275223625086107j),(-0.0032998924425485633+0.0014628544235765484j),(-0.0006346669382254226-0.002766497252021858j),(-0.004474058703281434-0.0030861818156898467j),(-0.0034264517587631878+0.0016027871271176407j),(-0.0005668878004099112-0.002888316898005263j),(-0.004470371659322259-0.0030827331218814978j),(-0.003424557713699171+0.0016067699778710073j),(-0.0005631961167937941-0.002885830092569869j),(-0.00425867241324378-0.0028775481324846853j),(-0.004613660774831501-0.0031192010210777544j),(-0.0033023042023450928+0.0017943944127621712j),(-0.0003883208897579254-0.0027195944265290244j),(0.007708840509012967+0.008334611746659332j),(0.0034855957068730976+0.01037709537554416j),(0.0078495235570467+0.005918869944204434j),(-0.0002405145824030656+0.001839605088782942j),(0.0010657279517294297+0.002784650163868493j),(0.003569358630432464+0.01166912276895717j),(0.008045771500165815+0.008683757189929649j),(0.0036385965208535864+0.010341170326405646j),(0.007877326684776628+0.006231810976531507j),(0.00017209099894550614+0.005786851140117635j),(-0.0026540633442271727-0.0004121329706541369j),(-0.007253893319041971+0.006008425950987849j),(0.00014958040809088125+0.005619293088355213j),(-0.0027176082007893945-0.0006850523336603982j),(-0.007304389666466628+0.005893939528526744j),(0.0021500508922813162-0.008199462490051504j),(-0.030690590579185544-0.006992862547792368j),(0.0070544325624053725-0.008763182339769974j),(0.0018810657640091594-0.002900309703107661j),(-0.015533765929059022+0.00399247190711384j),(0.004912421384760464+0.0008348992964438209j),(-0.0011150189934577598+0.005371646651863592j),(0.0014466296612536485+0.004923747385893407j),(-0.0011491411011750705+0.00302726951743457j),(-0.0016518351865932378+0.0025589061286037385j),(0.0035097909009272343+0.004944947800709191j),(-0.0012482072955691766+0.0005293412202738187j),(-0.0012086923911642658+0.005758699650405424j),(0.0019173741497752897+0.004977513620731524j),(-0.0014215928314777297+0.0032819955183509596j),(-0.00255122092054272-0.0033346128624099497j),(0.005538615941817569+0.005143856629874826j),(-0.0014632350719804039-0.003609551641085255j),(-0.002707696578971709-0.004029644865978767j),(0.0056205736149374675+0.0051886174223934114j),(-0.0015266244956978522-0.004074192193676838j),(-0.0025515887422661943-0.003537223879439718j),(0.00568899829016859+0.005152331900990723j),(-0.0014479864884724052-0.0037559975047137106j),(-0.0017434415590573428+0.005665228717590422j),(0.00392564152156269+0.00540394491391177j),(-0.002660284331463124+0.0035940047017091296j),(-0.003082362565603831-0.0008026561806446101j),(0.007985066574419442+0.005725666550152559j),(-0.005145470402196346+0.0010071967971305128j),(-0.003213673668162394-0.0012925544255420647j),(0.008436732357630464+0.005865285340624231j),(-0.00541033758778448+0.0008489414056796589j),(0.0020299152600878273-0.017191775749391236j),(0.9690543126392223-0.013288367212374324j),(0.0070150851494033125-0.007359401597160017j),(0.0005164975176477681-0.0026285728169253737j),(-0.005724985454671785-0.005517284219389455j),(0.0013058043966922587-0.003220554642355833j),(0.016970863532810104-0.010503269693861526j),(0.00205536707039529-0.00903659708273552j),(-0.02862655238407457-0.00790834587775073j),(0.006543255788318789-0.008216503338058245j),(0.0018042885593159-0.005204532385190204j),(0.007674403942580998+0.005432799894577445j),(-1.4198771863660518e-05-0.00712778625607187j),(-0.007164793806451613-0.0048021577223384074j),(0.0011550503137299664-0.0073736297886657955j)
82,(1.016168076143046e-05-2.0227091102879873e-05j),(-8.345647068738965e-06-2.1929666020844544e-05j),(-1.8160337086109369e-06+4.215675713550243e-05j),(6.063040741224255e-06-2.1526301173252055e-05j),(-5.569943328686493e-06+1.4743572946423247e-06j),(3.856583393052652e-06+2.645031213301529e-05j),(0.0008805146416621601-0.0011159011569309492j),(0.00014801552294803374+0.0003968534280627211j),(0.0009436379040769536+0.0024780199218911265j),(0.0013321184924696438-0.0018381164992245327j),(0.00015411995353996826+0.0006288812986369637j),(0.0014366329190652106+0.003946175025941217j),(0.005992505585989954-0.014887175231664378j),(-0.0023141162640275253+0.003859743492039056j),(0.0067515829786642285+0.025842826795196103j),(-0.0032074862199259575+0.005444306420559132j),(-0.0018076066004537633-0.02921949806047943j),(-0.00473725512324763-0.012791318594350147j),(-0.002983358298940108+0.0030056936861213744j),(0.0007629025406304056+0.007811170541781633j),(0.0014202577620999633+0.007863524092405627j),(0.00042121038487438116+0.001972244288827772j),(0.000752546796178343+0.008977556163095066j),(0.0014845456827624493+0.00808527088278143j),(0.0004407190490204352+0.0018239157061619793j),(0.0007506466247566939+0.008980930794660173j),(0.0014834326550684724+0.008083336735338634j),(0.0004397187872296662+0.0018208586942203252j),(0.0006433443952352267+0.008938555214046186j),(0.0008356248663829702+0.009338444928143215j),(0.00139784712661704+0.007877580495111915j),(0.0003764556263892153+0.0016752286230552228j),(-0.00542713034162662+0.0004631807441290844j),(-0.003485268630235721-0.004438762719669942j),(-0.00309019134843148-0.005407806240692558j),(-4.1128380623064144e-05+0.00035225670520231994j),(-0.00040850940420940427-0.0016849725035389456j),(-0.0040528420299980085-0.0057824578282720685j),(-0.005462400867217373+0.0001976700868478523j),(-0.003430516717056099-0.004682792891815316j),(-0.0029197332085742355-0.005504422689430582j),(0.0036730358468283148+0.0013928174318052376j),(0.0057223847760917-0.000301559445095044j),(0.010862971322244752+0.0017985566853972665j),(0.003700123338346251+0.001438141662395061j),(0.005735960478887592-0.0001702392635801117j),(0.01073622936530929+0.001842196242897224j),(-0.0032569641639170646-0.003397624362463759j),(0.007052735598046711-0.00876194389805316j),(-0.029868459813184835-0.009468669365593652j),(-0.00157428209823917+0.0006859862845472291j),(0.004292069706096312+0.0011381640641296622j),(-0.01584243686096903+0.002776077234485549j),(9.02482215151817e-05+0.0067046784413306885j),(-0.0015012728279188332+0.002415163168415738j),(0.0015876084355929512+0.001253470890319323j),(0.0008792158016204114+0.0023650059758576853j),(-0.000698035433871787+0.002044069271383016j),(0.003356751711646608+0.0012286271058387695j),(2.9301708997514367e-06+0.007051767480387516j),(-0.0018848065107326944+0.002378428154952276j),(0.00209559851845917+0.0014853801653567904j),(0.0010313188460197148-0.005928995906236761j),(-0.00015730767279576057+0.000905576257515972j),(0.004534308327975403+0.0035830920557709776j),(0.0010432296957473043-0.006885533409314232j),(-8.153752587645768e-05+0.000845392245220844j),(0.004654641221357525+0.003939947184739541j),(0.0010315026796486183-0.006225255198198014j),(-0.0001512772673660056+0.0008295754156548811j),(0.004570795005257079+0.003645860776085098j),(-0.0006377854052183852+0.006080021234089356j),(-0.003621039640313429+0.0015701460988890026j),(0.004172532033749249+0.00422824274178486j),(-0.0022622668350870583-0.0035153545363590614j),(-0.006725426900811815-0.002267409215686346j),(0.00842059907163474+0.014713843458561453j),(-0.002424018460720137-0.004279096367631109j),(-0.0070644742215624215-0.0025503569054076474j),(0.008916843391758814+0.015828281757520848j),(-0.0032855212783308215-0.006677143832014142j),(0.0070150851494033125-0.007359401597160017j),(0.9697939179554657-0.02154444717729352j),(0.0008385813965000807-0.00041938916155620076j),(0.0021917701998139397-0.0021073705594776386j),(-0.00598076571654706-0.00506188166167763j),(-0.004063141500036393+0.010010277144617694j),(-0.00303167873978688-0.0036699635483459364j),(0.006660473815661458-0.008267377970235322j),(-0.02772695348901897-0.011119991464103413j),(-0.0021906056186466504-0.00253502111639195j),(-0.0004380365216484154+8.227053579918167e-05j),(0.0029769065232867504-0.0020604787913085015j),(0.0029439391848637307-0.004804456439208181j),(-0.006624371970798475-0.0029269789790333707j)
83,(-9.601383834297239e-07+3.1324177766134543e-06j),(1.826274139786969e-06+1.1573053350637057e-06j),(-8.661357547735898e-07-4.2897231126022326e-06j),(-1.435231665075514e-07+2.4798516626394675e-06j),(9.582712590049041e-07-1.082937616265989e-06j),(-1.117515188145089e-06-2.4040200541291364e-06j),(-4.4567323974697135e-05+9.048042167169419e-05j),(2.297855344066712e-05-0.000149036267251273j),(-0.00014665206804102972-0.0002591107312467587j),(-7.06105398663087e-05+0.00015459988069961702j),(3.604957626282673e-05-0.0002335276192844517j),(-0.0002383659370298832-0.0004052251829917629j),(-0.00041947300132704705+0.0014635152927295943j),(0.00025208931949904613-0.0013860905512070283j),(-0.0017319165660253173-0.0023678944849834967j),(0.00035134473810182626-0.0018187611403344159j),(0.0009379477220960987+0.0032128104162952175j),(0.00048064604655428554+0.0018844205228528412j),(-0.0005864743349669565+0.0005482979040082293j),(7.075433452644267e-05-0.0005799799360467746j),(-0.000706841831783211-6.28485828799161e-05j),(0.00014904786553718698-3.191055389235777e-05j),(6.844253013345208e-05-0.0006670751587231454j),(-0.0007330090087539068-6.924092565575466e-05j),(0.00016549084156889749-1.9733664853280146e-05j),(6.83069144469936e-05-0.0006669669921494385j),(-0.0007330505280965618-6.90380423717643e-05j),(0.00016548075265506563-1.9375484989073502e-05j),(6.688095325947291e-05-0.0006408325833192456j),(3.909506383663325e-05-0.000723557702434502j),(-0.0007288035769333978-4.8105396239124304e-05j),(0.00016101026545364578+1.822598513571451e-06j),(0.0002639846927824101+0.0014193381863721306j),(-0.000329341492898483+0.001282981028669423j),(-5.0958808261576845e-05+0.0011614060078081875j),(-7.652112963991227e-05+0.0004429760769507371j),(-7.138743704255126e-05+0.0007820717716981636j),(-0.0003058704724322515+0.0014789312577516635j),(0.0002834029331204367+0.0014900937441994356j),(-0.00028666965630351157+0.0012887524206206995j),(-6.196205319318617e-05+0.0011839956614373495j),(0.0009550985350811035+0.0012342810922614084j),(0.0011974376998661065+0.00025616604685736234j),(9.845161668610436e-06+0.0003356870520063778j),(0.0009206758457325425+0.0011763258693576672j),(0.0012037717130017492+0.00022532936773013304j),(1.3621922502992517e-05+0.00032010486250724345j),(-0.005249804735286837-0.006373047488312685j),(0.0005176739879733018-0.0026277113970045174j),(0.0008405056157266147-0.0004176661052898668j),(-0.002059197125066259-0.0017642386907270914j),(0.0010356962720265853-0.0011886971366475525j),(0.0015000614180845741+0.002046701115441546j),(0.0014894468423809542+0.003660612766936423j),(-0.00010468368518228152-0.001338490545301833j),(6.645345212429244e-05-0.00013834416867300166j),(0.0016503635795556628+0.0025603623913305756j),(8.909477899805948e-05-6.547888207085115e-05j),(0.00014845852641094854-9.527573299482513e-05j),(0.0015718302845346642+0.003831621891578146j),(-0.00019043602643253833-0.001402734779132028j),(-2.869436638485852e-05-0.00022078811708619878j),(0.0012559354330421695-0.0003964163123028764j),(7.948004631582221e-05+0.0018938034109739355j),(6.652086763863458e-06+0.00010357688055732863j),(0.0012568250471635812-0.0006242464873326362j),(0.00017246667370554407+0.0024083254950407395j),(3.902535104847039e-05+0.00024051939724582675j),(0.0012175247427071076-0.0005550920915928844j),(2.9773803055436684e-05+0.0018203148707498199j),(-2.1052692699802928e-05+6.447913818162358e-05j),(0.0016735169213197981+0.0034784897990161644j),(-0.0005843869760772566-0.001073312349255129j),(-0.0005232770135350246-0.0004242744791365118j),(0.0012168188887649706-0.0003781515822729176j),(-0.0011830261985669357+0.0015438244974516433j),(-0.001523750505891781-0.0001946798867889705j),(0.001185159054485198-0.0006846696940083727j),(-0.0012494669869825966+0.0017904607690103934j),(-0.0016317916429667671-0.00016464483621265753j),(-0.005251269319783026-0.006390170698620658j),(0.0005164975176477681-0.0026285728169253737j),(0.0008385813965000807-0.00041938916155620076j),(0.974398339386419+0.07652367569287939j),(0.008557732536317478-0.035162935905067944j),(0.009725677212202674-0.028891949483450037j),(0.00047269153889310366+0.0002771491556821989j),(-0.004787650199716174-0.006330782568800812j),(0.00045251088679692625-0.002279221035162298j),(0.0007254527027925122-0.0003297276175979044j),(-0.002429428410353311-0.002273673046331231j),(-0.001037416979279321-0.0011079223594991933j),(-0.012722710000082557-0.0025257092015612314j),(0.0015344033653451198+0.00935679039750534j),(0.0026813624491596015+0.0023656958563304463j)
84,(-6.182005195511857e-08+1.69692228286935e-06j),(2.7028669638028446e-06-3.6339808864973534e-06j),(-2.641046910715164e-06+1.9370586034831488e-06j),(7.984886768102862e-07+1.1064598707767494e-08j),(8.756719839789486e-07-1.9219961196718453e-06j),(-2.2100695633217434e-06+2.206083565676367e-06j),(2.141905988736249e-05+2.4189091845680646e-05j),(2.987807024620393e-05-0.00012039472467907371j),(-0.00020505691318236882+0.00022148797275846653j),(2.9076726502730646e-05+4.44073913529228e-05j),(4.344546883692134e-05-0.00019159980520160855j),(-0.00032704568497969464+0.000358497446547603j),(2.870444243156193e-05+0.0005005893235446748j),(0.00015854110968596788-0.0012962214681555163j),(-0.0021471050930824474+0.002566549449291752j),(0.0001544388682357589-0.001664822287985617j),(0.0007404933450007498+0.0007645317463005831j),(0.0007633456185395507+9.374645214313372e-05j),(0.00034474411544500004+0.001596462747062597j),(-0.0008211197702541231-0.0005846593270591846j),(-0.001303457401128516+0.0004254209219024434j),(-0.0004083933381818972-0.000789769221129112j),(-0.0008904320532899504-0.0006411932520332128j),(-0.0013340295422173086+0.0004642539160576104j),(-0.00041215485979841896-0.0008401399803361028j),(-0.0008895971648760471-0.0006408103916910653j),(-0.0013330027108467855+0.00046499981795694676j),(-0.0004114446940314781-0.0008401655003609609j),(-0.0008413982171915637-0.0006148896925528926j),(-0.0008850352092115566-0.0006352453404120962j),(-0.0012736751550257667+0.0004988312504427203j),(-0.00037328852053168226-0.0008279808122950124j),(0.0016842846158753892+0.000814656943099671j),(0.001641084641003084+0.001978247625035296j),(0.0014616429699188188+3.261662942787491e-05j),(2.3786774460410657e-05+0.00038314803190967275j),(0.0001889013158881118+0.0005379660695871228j),(0.001895966092210238+0.0022122292929413557j),(0.0017358498593622674+0.0009100800111720715j),(0.00169470106532087+0.0019802539716485025j),(0.0014755111974717081+0.00011598872780555251j),(-0.00032231016317814214+0.003045537801178985j),(-0.00010753453524422855+0.00044118793635477237j),(-0.0011219600839371784+0.002675180438859257j),(-0.0003327332330227671+0.003016778674821376j),(-0.00013512454469069178+0.00033586370911378727j),(-0.0011264513991619696+0.0026632475679525j),(0.0005803708912552074-0.002924978779809885j),(-0.005726037615687683-0.0055008271267754875j),(0.0021907418203956333-0.0021075094967054394j),(0.00015624795435813894-0.0007444872144290191j),(-0.004217749738113727-0.001972057880924607j),(0.00029111117615212797-0.00010640506636117627j),(-0.000388155313403997-0.0008173850626905293j),(0.00014833984495852718+0.002846465689642544j),(-0.00027597549184783457+0.0007024947308857938j),(-0.00036028567190686436-0.0003240882567907277j),(0.0009904438663073446+0.0020610691743188215j),(-0.0003146265618613783+0.00039818594385623764j),(-0.00041004093738105534-0.0008091426940962849j),(0.0002575309963234955+0.0029933059022368208j),(-0.00030264522671124145+0.0007520745273603313j),(-0.0002612912489374601+0.000951917757620613j),(0.0020252939629128936+0.00016614128754408302j),(-0.0003858816795121833+9.763675152588656e-06j),(-0.00022049777485902785+0.0010086959032635755j),(0.0022143162370126153-0.00025947029469650367j),(-0.00037780150704585526-0.00011742483645787343j),(-0.0002711976435004132+0.0010366395771653093j),(0.0020230049005163135+0.0001940058637402561j),(-0.0003960949132035137+3.001741392768555e-05j),(-0.0004926277401810942-0.0003794399913003984j),(0.0008398295002076853+0.002712836981985117j),(-0.0004778322573500423+0.0008293140114564606j),(-0.0008360185032617793+0.0013106566979209687j),(0.0019973176614131085-0.0009933431261049588j),(-0.001259926370124769+0.00029432132762539226j),(-0.0008714323672486363+0.001466777516256958j),(0.00211421661799289-0.0013077932263250644j),(-0.0013435072857780966+0.0002603396940335659j),(0.0005803145244133437-0.00292651865621827j),(-0.005724985454671785-0.005517284219389455j),(0.0021917701998139397-0.0021073705594776386j),(0.008557732536317478-0.035162935905067944j),(0.9730854250500692+0.07493065257842241j),(0.01062376802247054-0.02600511117069885j),(0.0026999245433690557-0.00368078246354407j),(0.0004961341178174954-0.0025678405806891617j),(-0.00518474471053147-0.005509332303769869j),(0.002021050250691459-0.0018350891035333623j),(0.000571317837865569-0.00012144742029795031j),(0.0011959180815552253+0.0020461670387048516j),(0.0014088778819329546+0.009296281067231474j),(-0.01265047309753277+0.0018159575684873687j),(0.0025055523523748254-0.0034400760813415995j)
85,(-1.0962530105926302e-06-3.956653078704291e-06j),(-2.973891291104043e-06-3.4392111734248038e-06j),(4.070144299460691e-06+7.395864255854485e-06j),(-1.4740759664441663e-06-4.110939844648968e-06j),(-2.3838128772049057e-07+3.972455814392114e-07j),(3.1335368940774543e-06+4.320971531863021e-06j),(1.913244069902967e-05-0.00027273895396991545j),(0.00010766436872586797+1.3960611032172703e-05j),(0.0003969639174179241+0.0003401288148826093j),(1.0677571516743144e-05-0.00043986477355093087j),(0.0001564403344429506+2.5251459423929787e-05j),(0.0006186233005173603+0.0005478337031418825j),(-0.0007435672004800827-0.00315861092888822j),(0.00041552894998114125+0.0002819944554060547j),(0.0035132234386191577+0.003857020375837912j),(0.0005451245685632634+0.00047683854316797223j),(-0.00335202147994409-0.003917637101045266j),(-0.002220778316923861-0.001070463823372296j),(-0.0004708606915994327+0.0019965979642935115j),(0.0009809744784589846+0.0003822652812318259j),(0.0006929393266283527+0.0007601127516468481j),(-0.0002991263797016899-4.723498120933682e-05j),(0.0011019452866763697+0.0005004085222149629j),(0.0007139454985790148+0.0007823263550275209j),(-0.0003183593245534724-9.388157575173392e-05j),(0.00110190499642003+0.000501534161063985j),(0.000713535487176404+0.0007824217207209247j),(-0.0003184061460800604-9.418253040723848e-05j),(0.0010756720709980238+0.0005321799400677348j),(0.0011696052207202593+0.0005382251413086594j),(0.0006779538908342114+0.0007770894938694437j),(-0.0003221957420955683-9.81854492550446e-05j),(-0.0011182508206070722+0.001345862479938103j),(-0.0014221625733917887+0.00032567850521597196j),(-0.0006776397489347612-5.639131436913211e-05j),(-0.00010221199736040797+0.00014069723189680272j),(-0.0004500668590555026+5.367762688227452e-05j),(-0.0017075753766082004+0.00024844653753641397j),(-0.0011794551936422446+0.001395490639980331j),(-0.001428398025207573+0.0003100681034639036j),(-0.0006082421433655227-6.431053610275869e-05j),(-0.00038520750786102606+0.001981790730399926j),(0.0006872101187222774-9.272170112227399e-05j),(0.0028865946870721563-0.0006596353659691278j),(-0.00036689247958013576+0.0019738123340855744j),(0.0007193812155982507-9.889258846119487e-05j),(0.0028750337621505275-0.0006941286209088454j),(0.0006347363343261474-0.0014437179428671391j),(0.0013071908827775452-0.0032194933662903127j),(-0.005981272678492473-0.005047422756364561j),(-0.00027189122047819475+0.0003514451505083997j),(0.0012625773246823999-0.0005252844112736427j),(-0.003462280757230243-0.0041371632959681295j),(-0.00102379730365497-0.0009922333459388526j),(0.00029676555243609+0.0013578838277912607j),(3.4741770501305904e-05+0.0020182022445442496j),(-0.0005586947255694947-0.0006355366337853991j),(0.00011624697667680884+0.0011640544063258862j),(0.0006094937307411087+0.0016271897216658124j),(-0.0010661560032811119-0.0010192448817876619j),(0.00023676061191333137+0.001405741477779852j),(0.0001485567685478936+0.002224501985738544j),(0.0004892696590706202+0.0003171714153466427j),(-0.00015298494152172115+0.0005145040914716278j),(0.0015720773962096192+0.0001309092895515054j),(0.0005797366237318903+0.00041350535525592645j),(-0.00025581381895329415+0.0003845520532064226j),(0.0016546009534932774-7.904526405663401e-05j),(0.0005405225603095788+0.0003579899217199412j),(-0.00012741655430191696+0.0005154827876030455j),(0.0016176644051974713+8.814410489745017e-05j),(-0.000994526245908049-0.0007237999518177139j),(-0.0002515577351008928+0.0012859578657955172j),(0.0008096462828598081+0.0024574572810645307j),(-0.00022254383710301572+0.0007503792099176898j),(-0.002074944766815988-0.0002490752737343508j),(0.002414672441489453+0.0004726622972322566j),(-0.00016320791982168232+0.0008844557800721095j),(-0.0022516021536040276-0.00036763698559298067j),(0.0025805809477493194+0.000315714005893474j),(0.0006348084362632026-0.0014443155871591944j),(0.0013058043966922587-0.003220554642355833j),(-0.00598076571654706-0.00506188166167763j),(0.009725677212202674-0.028891949483450037j),(0.01062376802247054-0.02600511117069885j),(0.9691253284838544+0.07586338473701008j),(0.0008975260881567359+0.0017025221058053926j),(0.0005748597956371346-0.0012301062462995588j),(0.0011557867782821252-0.002924182431016169j),(-0.005414720931332646-0.005012102182921443j),(-0.00022930000807682934+0.0014816135323677108j),(0.0005888118142344187+0.0009713048425818872j),(0.003000742247515521+0.00213879212060239j),(0.0030086664237138085-0.0036254038647383752j),(-0.010724581190808321+0.008290530414043764j)
86,(1.701816588115928e-05+2.458132256307667e-05j),(7.164218690880876e-06-3.435357319201972e-05j),(-2.418238454460773e-05+9.772250626023963e-06j),(1.664276367017762e-05+8.571474545778696e-06j),(-2.6213768577567733e-06-1.9415102814169985e-05j),(-1.0869919703580489e-05+1.9709210796156498e-05j),(0.0017452512509608946+0.001210257367023339j),(0.00036139713248782546-0.0007367228649247382j),(-0.0002664623486471967+0.002354757844783157j),(0.0025833037092018495+0.0018084826046260534j),(0.0003951710329677693-0.0012638734663363883j),(-0.0005380597344458401+0.003828256441284975j),(0.009336619008214638+0.0071494737483019065j),(-0.004467141250226095-0.012026571013913561j),(-0.008045713745248222+0.02837109081477575j),(-0.005319642872123686-0.017274972470770592j),(-0.012423933932358891-0.001630664153101126j),(-0.012940909882357365+0.01678398982795145j),(-0.008891599018436468+0.03938918146911086j),(-0.004532201583568825-0.005157200928992188j),(0.012027420279538311+0.027236811804119316j),(-0.007965382398237714-0.007400576091548875j),(-0.004838294771466735-0.005261329373292121j),(0.012385275266766678+0.027895802458915264j),(-0.008074635149233733-0.008136871906683907j),(-0.00483517515138783-0.0052539432423306335j),(0.012380957226837911+0.02789040945576829j),(-0.00806895505718925-0.008139185759905505j),(-0.004736709838292366-0.0048753944132337535j),(-0.005050772465488174-0.005429232415300979j),(0.01204192093734657+0.02760113768010354j),(-0.007809004990135904-0.007990671447040817j),(0.00024696464487412796+0.015483535575427813j),(-0.004997791010587223+0.015125051567133452j),(0.004064726678155303+0.004995439456693444j),(-0.0014335887701322986+0.006828888739838456j),(0.00037396013855956297+0.009013280674112336j),(-0.009088060074169003+0.015370518808360548j),(0.0008794042838510333+0.016549115845418974j),(-0.0049274331530423186+0.013839375987411258j),(0.004973076562498877+0.005842814011409323j),(0.010062645677756237+0.02747004825597992j),(0.004457000782782025-0.022769767085582295j),(0.016200249349993017+0.02133662962150297j),(0.009744438461037062+0.02749254173233781j),(0.0037105190404552475-0.023308387601658858j),(0.01593394493069112+0.02147080341230824j),(-7.199617561039835e-05+0.0017248830649058515j),(0.01696211239557338-0.010495070590675275j),(-0.004062961982956927+0.010002363428504385j),(-0.0006021678178886403-0.00045445053376327936j),(0.009622785340989965-0.004954967148854009j),(-0.0028393393185392056+0.004976892662800835j),(0.00020993749269695002-0.0017873738449561594j),(-0.0003981765420398943+0.0027691371690781786j),(0.00014133798247791172-0.0014906757141990442j),(0.0006704595850245032-0.0018667678127373842j),(-0.0018001114730001261+0.0020023005338360546j),(0.0007354046936843796-0.0008374833658255682j),(0.00018662501465931895-0.0018352039126240532j),(-0.0006647164716217167+0.003235836145626169j),(0.00020333241008596464-0.0018851201466387323j),(0.0011810792908975767-0.001962199021674183j),(-0.003405539066493485+0.0010027986359045764j),(0.0014041052379702038-7.165374103521027e-05j),(0.001270622928637393-0.001953448797956399j),(-0.003499153582450684+0.0009452511679733586j),(0.0015039459630441215+2.590491884714094e-05j),(0.001178857330235547-0.001976461930768654j),(-0.003511356447865428+0.0009355661916358501j),(0.0014116584477020123-5.233474274930847e-05j),(8.244070568587402e-05-0.0020434705301152515j),(-0.001835469169217813+0.005415949848921375j),(0.0005018964297734259-0.003734406922600128j),(-6.389163024841547e-05-0.002334636675786114j),(-0.004267310484000959+0.010019805924172127j),(0.0012703121528236739-0.007714647791128935j),(-0.0001086356491074949-0.0023716438157683397j),(-0.0045286649400115234+0.010544806560758464j),(0.0013181913128215432-0.008143136628015406j),(-7.056743963358638e-05+0.001730217425263806j),(0.016970863532810104-0.010503269693861526j),(-0.004063141500036393+0.010010277144617694j),(0.00047269153889310366+0.0002771491556821989j),(0.0026999245433690557-0.00368078246354407j),(0.0008975260881567359+0.0017025221058053926j),(0.9141674894097627-0.04665958765321553j),(-6.707996867058716e-05+0.001989195937356235j),(0.015811320705595648-0.010184995572741074j),(-0.003695075619740044+0.00954049631993038j),(-0.0008935394822367135-0.0006475285184989989j),(-0.004778257625056287+0.00012000768157494415j),(0.0015515330896459412-0.000703474120188203j),(0.0018694284889554538-0.005742407817970736j),(0.0032448036047796965+0.00037845967733096214j)
87,(-6.182853251951327e-06+1.1559112274480819e-05j),(-1.3865566734218337e-06+1.0035675260191223e-05j),(7.569409933822601e-06-2.1594787543129814e-05j),(-4.436997446619641e-06+1.0885409130574493e-05j),(2.6364607875958667e-06-2.266673486927531e-06j),(4.243190797103773e-06-1.3689473533462293e-05j),(-0.00015002343539929355+0.00028873426939587227j),(0.0002685351411817278-0.0005860685140971498j),(0.00037377340158965724-0.001560687180913286j),(-0.00027798558737160883+0.0005509548404368184j),(0.00039359417208723285-0.0008875944900303663j),(0.0005533330398948831-0.00246817811711169j),(-0.003321743407355247+0.007377787986569139j),(0.001351033319281553-0.0040292553641824436j),(0.00207630594225529-0.015569776501766542j),(0.001946590940963574-0.004897551030572891j),(-0.0029626544275478638+0.01800094331136451j),(-0.0023393730307579457+0.005428466648911419j),(-0.0014196940334094727-0.006762026654541745j),(0.0017702668146833593+0.001516677850262601j),(-0.0016136089398508593+0.0003071884918139905j),(-0.0006879209481902368+0.0033147784891056275j),(0.0019768454396890847+0.0013386488301930094j),(-0.0016476074245419256+0.00033178638201802196j),(-0.0007246196085399095+0.003613518550892393j),(0.0019763599301899472+0.0013351237946811392j),(-0.001647275849230271+0.00033212766836154123j),(-0.0007248655388935553+0.0036150147562777975j),(0.0019297669128632569+0.001258947929941967j),(0.0020724904743017027+0.001072032242485017j),(-0.0016369528096810795+0.00037712571188410447j),(-0.0007434605065343149+0.003634395717529738j),(-0.0014459271903624307+0.0008193508609102987j),(-0.0015762470514476346+0.003299284194539261j),(-0.0019218935531242752+0.0036649644619775818j),(-0.00017562731486623771+0.0024316912927893272j),(-0.0011754085084004847+0.003069631620534941j),(-0.001562523485530835+0.003682132214839099j),(-0.0015015275425099605+0.0007928585056835025j),(-0.0014395850081092194+0.0033528511755069844j),(-0.001831425825441913+0.0035908881511101734j),(0.0027539878176446164+0.0010356211248148776j),(0.005354347449399068+0.002582151430196911j),(0.004915752214689328+0.000677624447382462j),(0.0026633313923141054+0.0008901012544165719j),(0.005384262291426545+0.0024818679038300755j),(0.0049498838655188514+0.0005791295723369471j),(-0.0186632989620907-0.01656071792989098j),(0.0020451542211999242-0.009073143359929238j),(-0.0030374441185127875-0.003693635915035867j),(-0.010563630655425076+0.0027041918061764484j),(6.17890344849432e-05-0.0012741598433135288j),(-0.0023381563403171214+0.0006831472239047127j),(0.0010422246292318216+0.007497047952386712j),(-0.0005844092944860666+0.00870497244386581j),(0.00011605758620145378+0.008726371012137728j),(0.0024681528541242817+0.004982427408290153j),(-0.00043785915531681667+0.00497105129723955j),(0.0002758949241114974+0.003901006363291156j),(0.00139681111738712+0.007925588612818849j),(-0.0006577037203525332+0.00909996168090603j),(0.00017560487720161174+0.009123663678277879j),(0.004435845249382028+0.0012103338904384774j),(-9.2372945490992e-05-0.0031061873065249606j),(0.00044024881589565097-0.00558234564717887j),(0.004670396722752365+0.0007926607825627964j),(-4.7638842120570997e-05-0.003960616755793619j),(0.00046060939483535165-0.0066916621596406455j),(0.004498741814274547+0.0010550152334217085j),(-8.290775778011417e-05-0.003466508181019206j),(0.00044247240134473453-0.005925930155314306j),(0.00305181277584694+0.009205866005550753j),(-0.0011684878127929475+0.00795334100512554j),(0.00023221550430719737+0.007700281488214302j),(0.005308771993581099+0.007746509105924728j),(-0.004455652093973409-0.004741059685851853j),(-0.0019947981306388542-0.005925815330825996j),(0.005538712886451654+0.0076842518092746755j),(-0.00480945454646017-0.005851489977696004j),(-0.0022372555716104582-0.0071421317672039734j),(-0.01866774614656385-0.01655101283893292j),(0.00205536707039529-0.00903659708273552j),(-0.00303167873978688-0.0036699635483459364j),(-0.004787650199716174-0.006330782568800812j),(0.0004961341178174954-0.0025678405806891617j),(0.0005748597956371346-0.0012301062462995588j),(-6.707996867058716e-05+0.001989195937356235j),(0.982348349730288-0.016632700309693545j),(0.0020007454585425242-0.013945943631356525j),(-0.0027121596030645415-0.00528585756081267j),(-0.010856702646972327+0.009380850035906831j),(-0.00015307117762415875-0.00588063954883832j),(-0.006906340458559503-0.0025294992231571865j),(0.0001323469410064446-0.0052574197244596j),(0.0008765250037437012-0.003481132158057867j)
88,(1.4925569173182339e-06+1.239007276447425e-05j),(1.4805773714779509e-05-3.224104533430134e-06j),(-1.629833062338379e-05-9.165968229189136e-06j),(6.074682686032966e-06+8.227493513490637e-06j),(4.424844782198661e-06-5.873761841508902e-06j),(-1.2427059135778652e-05-2.2372867237287744e-06j),(0.00033620682415559335+0.0006046526647836793j),(0.00022737280777566753-0.00035259830569514647j),(-0.0011412046841131626-4.8058209993973294e-05j),(0.0004908652020313928+0.0009702674059147189j),(0.00032510705761629367-0.0005690240488311175j),(-0.001840109491442917-4.2294019641688895e-05j),(0.0016661501158025636+0.006660271393201942j),(0.0008811368910674134-0.004154487703046992j),(-0.012859580228727002+0.0010075260223943354j),(0.0010181399203799935-0.005486499265908878j),(0.002489775413344242+0.004455382328023826j),(0.0027062352496501386+0.0009176962898019246j),(-0.0011465511220940645+0.0052827649837316575j),(-0.003831693314212102-0.0026572758373534424j),(-0.003183618271909265+0.0014057263303295792j),(-0.0005373077323401448-0.002543900369700658j),(-0.00415862794145074-0.0029017683789936697j),(-0.0033034834184676566+0.0015396186682179406j),(-0.0004684234902698136-0.0026531178204328935j),(-0.004155260644092901-0.002898601221278995j),(-0.003301624298063295+0.0015433520248072374j),(-0.00046499837718942135-0.0026508009332682388j),(-0.003961575451291662-0.0027106378383082354j),(-0.004282183947574786-0.0029355637179858214j),(-0.0031827342036437846+0.0017178157562209688j),(-0.0003055230707396872-0.0024979703694607046j),(0.00701575267167803+0.007696528670487255j),(0.0033949311783662054+0.009800909071287781j),(0.0071882233610678446+0.005541346959682346j),(-0.0002060476850287263+0.0016746962848240676j),(0.0009675966767721427+0.0025684800099774092j),(0.003592755310262174+0.011031571916612474j),(0.00732222685797199+0.008018759857396354j),(0.00352404576806038+0.009767835553233413j),(0.007205078287158713+0.005830575501268454j),(0.00027196814115473377+0.0056039683305065605j),(-0.002892204090760989-0.00039107526643715126j),(-0.006673052598176804+0.0057642688013453194j),(0.00028665534142352403+0.005425420279168045j),(-0.0029243096300958517-0.0006847503343401437j),(-0.006696190556355704+0.005583252416687553j),(0.002081730776652365-0.009125496222015512j),(-0.02861574865321334-0.007931310312311046j),(0.0066536127761632514-0.008274030219803833j),(0.0017287565118637262-0.0026225286794122234j),(-0.014297337185560042+0.0049315546382402145j),(0.004567891078579536+0.0013901586414401153j),(-0.0010809348316155654+0.005697069869434243j),(0.0014624240331216607+0.004156170135921669j),(-0.0011062649727608248+0.0029476508250381103j),(-0.0015571458154465228+0.002783355092945898j),(0.0033526913713840282+0.004363962372154045j),(-0.0011690398682350335+0.0005342067149782482j),(-0.0011712475787668192+0.0060787447842339075j),(0.0018929996286552824+0.004150787070290033j),(-0.001367121823901248+0.003175515945301282j),(-0.0023896431397537913-0.003420491934232668j),(0.005148373143913717+0.00492381349549339j),(-0.0013456024596934682-0.0035101068794771498j),(-0.0025376065395418825-0.004138976267988034j),(0.005211768941670467+0.005022095245199375j),(-0.0014014816888317906-0.003956894187524005j),(-0.002388899113682361-0.0036389131378765163j),(0.005286923929264701+0.004936797623902136j),(-0.001330554461585626-0.0036564864300131688j),(-0.001673578182118397+0.005874187994647179j),(0.0036912933933380913+0.0045653377949987336j),(-0.0025539013341238956+0.003444659790086793j),(-0.0028488844444291804-0.0011583592297927346j),(0.007427512208472917+0.00535634674561623j),(-0.004766832146093265+0.0008733845042143921j),(-0.0029660064987012333-0.0017064914890585125j),(0.007845394074598883+0.005521758777742548j),(-0.005004551460070194+0.0007077115991328022j),(0.0020895041028134013-0.00908781592131991j),(-0.02862655238407457-0.00790834587775073j),(0.006660473815661458-0.008267377970235322j),(0.00045251088679692625-0.002279221035162298j),(-0.00518474471053147-0.005509332303769869j),(0.0011557867782821252-0.002924182431016169j),(0.015811320705595648-0.010184995572741074j),(0.0020007454585425242-0.013945943631356525j),(0.9730302470577025-0.011536583595805606j),(0.006149207621388308-0.0063601253939475355j),(0.0016961224622678113-0.005384504384971907j),(0.007186625906559786+0.005023241924737163j),(2.054509539807064e-05-0.006686952736909771j),(-0.006665068560054479-0.004429772997589021j),(0.0011075482520364706-0.006832361563373954j)
89,(9.720910521751375e-06-1.94926246204489e-05j),(-7.755813678757675e-06-2.0283846525865067e-05j),(-1.965096858349852e-06+3.977647115755872e-05j),(5.848070277531828e-06-2.0514417836747312e-05j),(-5.28083203684488e-06+1.6506088994628121e-06j),(3.4802332015481317e-06+2.4752502794068356e-05j),(0.0008308691167399792-0.0010796576044699207j),(0.00013167687416558847+0.0003811713126267331j),(0.0008693848763948128+0.002309973222998017j),(0.0012583569015126592-0.0017771085665028818j),(0.00013360462713190454+0.0006037899577644133j),(0.001323898807744937+0.003678613612368383j),(0.005719685802095765-0.014324986959017709j),(-0.0022247927763668525+0.003709745924045967j),(0.00623539356073503+0.024100868643849842j),(-0.0030426129094467506+0.005237180046572584j),(-0.0015372392451490136-0.027388789023022185j),(-0.004534804944471704-0.011886224625677809j),(-0.002628178431789305+0.0030843423184619178j),(0.0006522337141437848+0.0072949585677100125j),(0.0013175945397513548+0.00728994342290217j),(0.000412305150874654+0.0019503232963842803j),(0.0006342539052924135+0.008388752430965611j),(0.0013798232954571523+0.007494254954942929j),(0.00043190043611405463+0.001810223544222246j),(0.0006324654871111976+0.00839193331535661j),(0.0013787947445565358+0.007492431911399863j),(0.00043101979454483784+0.0018072352474340627j),(0.0005324175455238066+0.008352853354681881j),(0.0007109577895129775+0.00872434832605056j),(0.0012986192727287042+0.007300241629627549j),(0.0003751329652516011+0.00166574784785058j),(-0.0050902707226233995+0.0005148028525487156j),(-0.003268949698138988-0.004113596643921341j),(-0.002693400684780965-0.005110221147819255j),(-3.825645394524298e-05+0.00029580539175705594j),(-0.00038702025678328503-0.0015977499838877654j),(-0.0038254528472838607-0.005349066276453089j),(-0.005115337612056648+0.00026519160491641873j),(-0.0032092969040509525-0.004345314614797529j),(-0.002542568459580112-0.00521953880607923j),(0.003478211155151036+0.001430752812866403j),(0.005389486198227797-0.00021345527807633408j),(0.009650153550671154+0.0011259554011370694j),(0.0035281438592749594+0.0014202222384848244j),(0.005422488976662392-0.00016273656489353486j),(0.009553405267441754+0.0011761698613426547j),(-0.0029815788871498106-0.0037195404286114522j),(0.006534872492657187-0.00822188379517989j),(-0.027720009434225822-0.011151603022036794j),(-0.0014514154101113409+0.0007490409604088873j),(0.0039185571372727995+0.0017707564903757956j),(-0.014662619305118196+0.00435080740015872j),(5.404732529796786e-05+0.007362785975556734j),(-0.0014299387537039508+0.002251122436385859j),(0.0016576791922682118+0.00029333340123756206j),(0.0008455690468484648+0.002826276988278132j),(-0.0005967904309788915+0.00190695440308207j),(0.003272211924321616+0.0005716735770700428j),(-3.691325352557685e-05+0.007717441700931575j),(-0.001797186666131643+0.002187020024841893j),(0.002122442126870287+0.00042529601263107276j),(0.0009670820406225788-0.0059788173613488475j),(-9.247187913457195e-05+0.0009011907189861099j),(0.00417505551324293+0.0035798785131547477j),(0.0009739418990625777-0.006987236270420509j),(-2.2869408287925943e-05+0.0008751406941953296j),(0.004265321111711817+0.00401014371379918j),(0.0009663165889792959-0.006295977128307891j),(-8.754843672558312e-05+0.0008224617947643863j),(0.004201506537370365+0.003664911459638988j),(-0.0006637514153455069+0.006572361789566186j),(-0.0034481269078811814+0.0013453577034402368j),(0.0039492923371836006+0.003059312213564625j),(-0.002082670411233652-0.003922860158869132j),(-0.006191089774082952-0.0022047132775279534j),(0.007736645726672855+0.014071756506345963j),(-0.002226203939325633-0.004771937996706473j),(-0.006493366372018685-0.002470649119989987j),(0.008185107618159979+0.015213577453721672j),(-0.0029771342016094364-0.0036965576044203988j),(0.006543255788318789-0.008216503338058245j),(-0.02772695348901897-0.011119991464103413j),(0.0007254527027925122-0.0003297276175979044j),(0.002021050250691459-0.0018350891035333623j),(-0.005414720931332646-0.005012102182921443j),(-0.003695075619740044+0.00954049631993038j),(-0.0027121596030645415-0.00528585756081267j),(0.006149207621388308-0.0063601253939475355j),(0.9739537648331124-0.018297524477811324j),(-0.0019988167979872163-0.00335738871479117j),(-0.00037628424231890415-5.374315583452777e-05j),(0.0027641796192151907-0.0018674965871535935j),(0.002731905067044561-0.004419806750131742j),(-0.006105659590984803-0.0027672652939778183j)
90,(-6.059974019939217e-06+6.72996241687853e-06j),(-3.4547902929848866e-06+5.954904120483834e-06j),(9.514764317472876e-06-1.2684866541012737e-05j),(-7.299763990669858e-06+6.888492436728286e-06j),(-3.911491178218729e-07-7.663419023411107e-07j),(3.544777107692688e-06-7.537400428592505e-06j),(-0.0009422964026804855+0.0004946467346243419j),(-0.0005135508431557445-2.7805223471000923e-05j),(-0.00016416523965779271-0.0006249138998679193j),(-0.0013436180286355496+0.0007611715470780015j),(-0.0006705061695976313-0.00010346203391186455j),(-0.00016263611313318052-0.0010704101574941678j),(-0.002946219162733062+0.004223471266526184j),(0.0011409308176084814-0.0028485647350598286j),(0.002583670553927258-0.009853811221643268j),(0.0018563830493085018-0.0033808693586282693j),(0.0001825578451569014+0.011937129154193309j),(-0.0022506511753187745+0.0029783255160711307j),(-0.004030135949662975-0.0043213459188515616j),(0.0014089212157626504+0.0002225402021833467j),(-0.0011951069153894184+9.272515406337847e-05j),(0.00029046898606626065+0.0016496699852118447j),(0.001493634104192458+2.4257689555976306e-05j),(-0.0011939440097867538+0.0001194394047929169j),(0.0003372203805502331+0.0018415752662686116j),(0.0014921428110268196+2.2090694721185744e-05j),(-0.0011932755553727575+0.00011987184316346322j),(0.0003372090389664722+0.0018431235805879157j),(0.0014149235606506353-1.8103294785921584e-05j),(0.0015484582760417868-0.00018106814981776014j),(-0.0011703836502818484+0.00015562958867674712j),(0.0003102044342874607+0.0018849581087422773j),(-0.002834423644460683+0.0004672495317491563j),(-0.0005960983454953396+0.002424290860220478j),(-0.0016212050686085313+0.003348348217591307j),(-0.00010356726638309976+0.0007091891834712476j),(-0.0004958771325013306+0.0011795553208254815j),(-0.0002067489336244607+0.0027812245270453376j),(-0.002882524912438095+0.00047448799075891154j),(-0.0005468911607171003+0.002460286235978007j),(-0.0016191911729482513+0.0033149116675015725j),(0.0045259752491306465+0.0008958475135506256j),(0.0033334890074473303+0.0022331367711868663j),(0.003358393273943939-0.0005481682823508353j),(0.004495930710441543+0.0009561076200850296j),(0.003328283589511534+0.0021454722899431154j),(0.0033711842403807953-0.0006268777664422925j),(-0.011604744979613602+0.00842844607949198j),(0.0018061134721553368-0.005192354956985381j),(-0.002186843514978725-0.002508293345074651j),(-0.009012675188074857-0.022844341239397378j),(0.003117655784835178+0.003917799233680977j),(0.0009066791812796734+0.01644492054046662j),(0.004120491438934429+0.008576734157523025j),(-0.0030893449516430273-0.02079005848385771j),(-0.0031262666138977564-0.0199193335157589j),(0.005215707182423021+0.009402181756116106j),(-0.0017223329769579577-0.014345218682029388j),(-0.0006307419730330698-0.012337188907671595j),(0.004197437980021851+0.00924441065177966j),(-0.003480664899706901-0.021559340578151367j),(-0.003522122901265962-0.021401708847535447j),(0.0017908055556537972+0.006580456473165406j),(-0.0013337861177188585+0.004309819684682772j),(0.0010054591157289783+0.009315204080062122j),(0.0013722962984142981+0.006539203243541113j),(-0.0012144390242211636+0.0073740372165659995j),(0.0012172964772070912+0.012453547219415202j),(0.0016515164619670928+0.006356022481833467j),(-0.0013646235249142676+0.004633065994268691j),(0.0010369378849202826+0.009904079240001475j),(0.0030467291426934575+0.008806288722355051j),(-0.004533554595250176-0.01844379094713787j),(-0.004393670089431195-0.02142195679270946j),(0.0013428912090509208+0.0077152542109329494j),(-0.000683115473258247+0.01875507873111356j),(-8.308914520280741e-05+0.011363162550993896j),(0.0013496174192416807+0.008110295881100293j),(-0.00023609873173585367+0.022399995527099665j),(0.00039550816108855746+0.014555356495746843j),(-0.0116076403655461+0.008471469357120731j),(0.0018042885593159-0.005204532385190204j),(-0.0021906056186466504-0.00253502111639195j),(-0.002429428410353311-0.002273673046331231j),(0.000571317837865569-0.00012144742029795031j),(-0.00022930000807682934+0.0014816135323677108j),(-0.0008935394822367135-0.0006475285184989989j),(-0.010856702646972327+0.009380850035906831j),(0.0016961224622678113-0.005384504384971907j),(-0.0019988167979872163-0.00335738871479117j),(0.9789956054698875-0.03830645856249009j),(-0.0022185242742587237-0.0004907477951132978j),(-0.002564488143895308-0.006937056621069664j),(-0.0011302799823971-0.0045440818952976175j),(-0.00021930596567616567-0.0033273925437789895j)
91,(-1.2140108697592919e-06-4.634048120753398e-06j),(-3.826444079003026e-06+3.837328982535081e-06j),(5.0404549457889026e-06+7.967191372157382e-07j),(-1.5755876493042455e-06-2.8745217266076907e-06j),(-2.0998705239404567e-07+2.3976387740107658e-06j),(4.154962528110727e-06-1.9600060831559396e-06j),(4.120315498864518e-05-0.00047271106015556386j),(0.00013675204029126346-0.00010544166695377965j),(0.000471673796396424-0.0004451385985707445j),(2.8776056424661293e-05-0.0007116868155672329j),(0.000182348227572034-0.00012931427248779698j),(0.0007158841368516788-0.0006848759369205274j),(-0.001211040643536713-0.0030630080962744037j),(-0.00014245189169982556+0.0006923184199258987j),(0.0033779778809149867-0.003555064831878436j),(-0.00015028771182089761+0.0013349392896405098j),(-0.0011828221584462895+0.0004438752611762471j),(-0.0003377986714315449-0.0007037113997235616j),(0.0003165785607400404-0.0018961883886727156j),(0.0010938296348128765+0.0018914418585289985j),(0.00026540930747736874-0.00014239224085374437j),(0.00012285358867037614+0.0023241523471329243j),(0.0011948040081490748+0.002027626044075583j),(0.00028158115485500587-0.0001401971160635779j),(0.00010877034874401761+0.002395495400038594j),(0.0011939573540719062+0.002025969554283773j),(0.00028156843494923705-0.0001406995357081729j),(0.0001080956604188148+0.002393653832533343j),(0.0011416354755848515+0.001939362723293906j),(0.0012903609450171504+0.002006929581218767j),(0.00027734370400332145-0.00016891140933089762j),(7.654077980162946e-05+0.0022839446085946504j),(-0.0022260694841569678-0.00240259807348653j),(-0.00030369017825897904-0.00159304989403042j),(-0.001562908095408133-0.003075961640267698j),(0.0002266115069962676+0.00023423383591073986j),(-0.00037722857915864277+2.102784898277369e-06j),(-0.00011791478630396757-0.0017938315791555153j),(-0.0023050361629962015-0.002536584509118433j),(-0.00031180281924314356-0.001512365207823841j),(-0.0015636476287022552-0.003282124036716348j),(0.0012606192008337517-0.0006944117052963533j),(0.0018444998013389738+0.004072984018676629j),(0.002111180427524224-0.0026935924850338376j),(0.00127011406836725-0.0007223158115586582j),(0.0018417222783313155+0.004107635467938397j),(0.0021203582670336497-0.0026774674681391657j),(-0.00022085622062708292-0.006206621897814872j),(0.007668781044896755+0.005436801295066077j),(-0.0004392129669189602+8.941025183354517e-05j),(-0.001878535115052257+0.0013060176121160658j),(0.0031356706833935623+0.008101315887021001j),(-0.001237272617042471+0.005008476962502173j),(-0.0039418073226715035+0.010866705001931416j),(-0.0033206312350342122+0.004103727345671651j),(-0.0033887575777355253+0.0036849657543770314j),(-0.00686083931164464-3.5753828414643654e-05j),(-0.006142973590129805-0.0035470934857451896j),(-0.005790512272710276-0.012539468457586972j),(-0.003510698534248363+0.012014542764180782j),(-0.0031255489370134327+0.004751556472413732j),(-0.0030864635783167836+0.0055438514958049065j),(-0.009535640817440579-0.013572054554086114j),(-0.009471302827058005-0.007411586800170409j),(-0.007932377379207767-0.029788125818608614j),(-0.009526229499441824-0.017852937744233476j),(-0.008853839386904257-0.0122906388049508j),(-0.008065906048318748-0.03358474024059817j),(-0.009778461144600795-0.012642909759235715j),(-0.010139289710243367-0.00506447075908434j),(-0.008050898720569251-0.029481046294261393j),(-0.00083476831200862+0.013126672819226779j),(-0.0016034938627671475+0.006380604930720556j),(-0.0012968863958551483+0.0125400848053035j),(0.0067341941657880705-0.001573530230077517j),(0.0034439071888538856-0.00013532124811799565j),(0.0034410873815071924+0.018933265384704086j),(0.007564671702220275-0.0027507501881544405j),(0.004037923142023846-0.0006407464279131921j),(0.0040231974145621685+0.019738417304146973j),(-0.00021840373800775632-0.0062163372422570865j),(0.007674403942580998+0.005432799894577445j),(-0.0004380365216484154+8.227053579918167e-05j),(-0.001037416979279321-0.0011079223594991933j),(0.0011959180815552253+0.0020461670387048516j),(0.0005888118142344187+0.0009713048425818872j),(-0.004778257625056287+0.00012000768157494415j),(-0.00015307117762415875-0.00588063954883832j),(0.007186625906559786+0.005023241924737163j),(-0.00037628424231890415-5.374315583452777e-05j),(-0.0022185242742587237-0.0004907477951132978j),(0.9763075565435297+0.04159754599808967j),(-8.050520768170974e-05+0.004325952409323632j),(0.0034005174998312975+0.0023356415278164076j),(0.0011584833803538858+0.002574726889275519j)
92,(-1.4248940930803787e-06+3.796113719955978e-06j),(3.422804441845026e-06-1.4810089654289884e-06j),(-1.997910347515679e-06-2.315104754238688e-06j),(-3.154360789965347e-07+2.0840997831557023e-06j),(1.3168270173854935e-06-2.2306341908929015e-06j),(-2.5843652909319644e-06-5.504570946998095e-07j),(-0.00017054914691231332+0.00010985085635743077j),(-6.260943799121176e-05-0.00019226580848765264j),(-0.000361779876575619-5.259693137128123e-05j),(-0.00025212902287069706+0.0001707991272144074j),(-8.173997686671584e-05-0.0003152811776358311j),(-0.000564232624603064-7.66804653096448e-05j),(-0.0008658246291052819+0.0009967498454249973j),(0.00020244406046940683-0.002428573149973416j),(-0.0032254281694720204-0.00019577692652054924j),(0.00026086313397402476-0.0032573044084395577j),(0.002061624502181983+0.002728325911132601j),(0.0016478725583999295+0.002987271434322666j),(-7.572620826149159e-05+0.003632931598598757j),(-0.00028348846426516297-0.0017757127804485264j),(-0.001421015973703836-0.00011929378363927673j),(-4.012499049235582e-05-0.0011232757644617584j),(-0.0003188250162243692-0.0019342357363004614j),(-0.0014749156833288536-0.0001308371722267138j),(-2.624253515630314e-05-0.0011903767250743824j),(-0.00031860022804359106-0.0019331119330424416j),(-0.0014747678166138185-0.00013030339824782002j),(-2.60952243015794e-05-0.0011900517059241394j),(-0.00029472916502921726-0.001853910072879263j),(-0.00037776833764167504-0.001977842365765005j),(-0.0014511839529915604-8.62655586483632e-05j),(-1.8451151859875572e-05-0.0011468519902202668j),(0.0014856299999048248+0.0028724699562667393j),(0.00013804561937064803+0.0024858049589994427j),(0.000503066895108484+0.0015430068627990082j),(-0.000133242704645572+0.0005969098265586077j),(0.00012425834925723267+0.001165021548194238j),(0.0001209104467615569+0.0026272815665180143j),(0.0015500991290020474+0.0030683542343521394j),(0.00023180731132542635+0.0025329309186123963j),(0.0005048688252909572+0.0016454698944211505j),(0.0009072615635518486+0.003118316661245942j),(0.0013365005278694348+0.00027090283846377725j),(-0.0005031486134155304+0.001252836540483193j),(0.0008445026736178957+0.0030761050763618855j),(0.0013441550760163604+0.0001832328162646387j),(-0.0004927393265870752+0.0012231733408325255j),(-0.007385220159235444-0.002917195664608615j),(-1.4378194895010258e-05-0.007124999395808517j),(0.00297565896237507-0.002062493760827524j),(-0.002838997101249778-0.006217115685604387j),(6.446120338889782e-05-0.006113027543337575j),(0.0017928972894136134-0.004066359088022129j),(0.0015038286279150282-0.0032774708623455905j),(-2.7456507525700424e-05-0.00020299892754200715j),(-8.315324647066195e-05-0.0010781666439634507j),(0.0020867548908098383-0.0008327361831729296j),(0.00010286949609092202+0.0005767823618020948j),(0.00015257282674466436+0.00018808331959630666j),(0.0015901510531362419-0.0032737848538065125j),(-6.255275899496141e-05-3.991077008093392e-05j),(-0.00021806633588391757-0.0010619002974290455j),(0.002589168349980237+0.003366390744634846j),(0.0002195588079012982+0.0016118393294930408j),(0.00041378979698482754+0.0019891442096587244j),(0.002639646653806933+0.0037547636488178726j),(0.00024970930539174995+0.0015021570324420923j),(0.0004358682747143254+0.0021089457181289618j),(0.0026062152268611365+0.0035585416847168823j),(0.00021228893324025998+0.0017640403676562506j),(0.0004251298233037493+0.002089320140259603j),(0.001796597004596208-0.002283635382907109j),(-0.000299832936574792+0.000646938549364494j),(-0.0009287269965040825-0.0007724376904558903j),(0.0015854873168570519+0.0027939755036292687j),(-0.0011529150376306738+0.002089486118563539j),(-0.0028141424638169358+0.0005532604481483586j),(0.001585843870449173+0.0032897804980655584j),(-0.00123770148569271+0.0022855556466450408j),(-0.0030092650369743937+0.0007173094749556651j),(-0.007388970462449239-0.0029128074871456683j),(-1.4198771863660518e-05-0.00712778625607187j),(0.0029769065232867504-0.0020604787913085015j),(-0.012722710000082557-0.0025257092015612314j),(0.0014088778819329546+0.009296281067231474j),(0.003000742247515521+0.00213879212060239j),(0.0015515330896459412-0.000703474120188203j),(-0.006906340458559503-0.0025294992231571865j),(2.054509539807064e-05-0.006686952736909771j),(0.0027641796192151907-0.0018674965871535935j),(-0.002564488143895308-0.006937056621069664j),(-8.050520768170974e-05+0.004325952409323632j),(0.9576436900954238+0.08680120098534462j),(0.01036334537795515-0.01937994987695862j),(0.010685820162242276-0.023350451650283783j)
93,(-1.5844135564244085e-06+1.0789537610098879e-06j),(1.3058880102796852e-06-7.493875652177644e-06j),(2.785255465760948e-07+6.414921891880444e-06j),(-1.0956287553977766e-06-1.7887334991129019e-06j),(7.100167109199834e-07-3.0161861868983683e-06j),(-8.001010889977462e-07+5.508499061338066e-06j),(-0.00018067734504611564-5.826700707310374e-05j),(-5.707979085287485e-05-0.00017671206939124103j),(-0.00013505209169230946+0.0005220402992181854j),(-0.00027129777614753604-9.148222545130716e-05j),(-7.530697776395326e-05-0.00028829086347820915j),(-0.00020034466910321351+0.0008316069308448151j),(-0.001139102161390452-0.0005806536088720136j),(0.00012280223391358914-0.002210544019858641j),(-0.0007441802789207013+0.005478623714202702j),(0.00010089668311656253-0.0028319050958560818j),(0.0009311759495533949+0.0007156912525282872j),(0.0010623017103228813+0.0006465309845674912j),(0.0009642328024730799+0.0033421307249961014j),(-0.00083213171661332-0.0011307877400422556j),(-0.002093720037236072+0.0007644622843036423j),(-0.0009095638803427673-0.0013739774845814346j),(-0.0008999922088786884-0.0012276148401278333j),(-0.002131904841348584+0.0008119227879238497j),(-0.0009410612646722106-0.0014757342930131023j),(-0.0008990119637120082-0.0012271561121472317j),(-0.002130154952201402+0.0008124846402467932j),(-0.0009404385051208933-0.001476241922869743j),(-0.0008426446225794609-0.0011940343234318434j),(-0.0008648928311455327-0.0012250480968776557j),(-0.0020311810931268647+0.0008396182680437061j),(-0.0009000038264587776-0.0014737484167131343j),(0.0019502244055897725+0.0007056434911706694j),(0.002695038052149183+0.002099842514049154j),(0.001145882840583252-0.000720481052074794j),(5.153641819693195e-05+0.0004938625045683693j),(0.00017568615862003205+0.0007763729785001125j),(0.003347768289627474+0.002507528821529345j),(0.001989971238218798+0.0008775349863453239j),(0.002756253522006839+0.002066747800785321j),(0.0011780291982618656-0.0005991338969465555j),(-4.3368778714765775e-05+0.006289090150987272j),(0.00036974293046144465+0.0007138144075377293j),(-6.189038786750132e-05+0.004358304654523006j),(-6.336426069974306e-05+0.006252351302281241j),(0.000307697008885312+0.0005938772151439662j),(-5.587119024028844e-05+0.00434126261898241j),(9.927025089454549e-05-0.00567325175562019j),(-0.007162198389059863-0.004801074600157868j),(0.0029424917813808287-0.004803139925353737j),(-0.0007814722812534839-0.0041560212713334065j),(-0.0035333976776621527-0.0044772749449457005j),(0.0015984812128206367-0.0034768361400074705j),(-0.000715072918578561+0.0004624650925823742j),(0.0006765262635234091-0.001999980232780552j),(-0.0006905084110909195-0.0003376990598114735j),(-2.8985231100911754e-05+0.0013136348321306842j),(0.0013257032652647712-0.0001455877560970225j),(-0.0004149202903227095+0.0007217345803720247j),(-0.0007771628294103651+0.0005337827942290315j),(0.0007653513414787398-0.0020188544539531373j),(-0.0008128367063415398-0.0003053731785464969j),(0.0009704306181178947+0.0019859268609244076j),(0.0020350538013344643+0.002637795293538067j),(8.12521494528379e-05+0.0020390294841968345j),(0.0010435972482443765+0.0020950794942914933j),(0.002011306346910284+0.003025356353493651j),(0.00010989947753931752+0.002224333669634319j),(0.001026154192834586+0.00199493151747747j),(0.002115108746147527+0.0027077333668545462j),(0.00011369060912738646+0.0020712159899595587j),(-0.0009193880986871493+0.0007213588701621504j),(0.0010845973982455343-0.0015094241526726283j),(-0.0012595566221929224-2.0185980613096656e-06j),(-0.000638808396409514+0.0009014354056131622j),(0.0017314288865346807+0.001522849310234334j),(-0.0016789910481239505+0.0012151705113843312j),(-0.0006161006266857013+0.0009612978536129131j),(0.0018148651041916264+0.0018168150725573142j),(-0.0017296876486911227+0.0013613022462308046j),(0.00010057636128186214-0.005676275150863343j),(-0.007164793806451613-0.0048021577223384074j),(0.0029439391848637307-0.004804456439208181j),(0.0015344033653451198+0.00935679039750534j),(-0.01265047309753277+0.0018159575684873687j),(0.0030086664237138085-0.0036254038647383752j),(0.0018694284889554538-0.005742407817970736j),(0.0001323469410064446-0.0052574197244596j),(-0.006665068560054479-0.004429772997589021j),(0.002731905067044561-0.004419806750131742j),(-0.0011302799823971-0.0045440818952976175j),(0.0034005174998312975+0.0023356415278164076j),(0.01036334537795515-0.01937994987695862j),(0.9582510726442359+0.09037854073094105j),(0.009084624431463469-0.02641427718956477j)
94,(-5.365825884125039e-06-3.0345376529169404e-06j),(-3.858620852869399e-06-2.758482509882804e-06j),(9.224446736640588e-06+5.7930201682291925e-06j),(-5.126489123218726e-06-3.4622270450531948e-06j),(9.719520769365122e-07+8.72926378110946e-09j),(5.351765365529243e-06+3.1640069495045566e-06j),(-0.00028393440815528904-0.0002926063138865875j),(0.00012628130002030125-9.140878744584613e-05j),(0.0005173954415835488+0.0001690296113698662j),(-0.00046308473538221465-0.000468923934040171j),(0.00020193963680850054-0.00014540716918343464j),(0.0008235160483736552+0.00027922072363332253j),(-0.0035534308067564696-0.00319300927803543j),(0.0013372397387285313-0.0009094814189102295j),(0.0053717684511428+0.002298292080159642j),(0.001828141391253291-0.0010851694115031623j),(-0.0060042638430678206-0.0007772898546235174j),(-0.0030072663141267604+0.0016061682977398213j),(0.00041096432525607407+0.004622135585835018j),(0.0014624264945944181-0.001516032802884244j),(0.000550416198388289-0.0003046461390082195j),(-0.0008054221440146164-0.0006796300232206872j),(0.0016820904324434825-0.0015832393614380123j),(0.0005650679637780283-0.0003123531782275978j),(-0.000856560184753995-0.0007625185853318843j),(0.0016827419076752253-0.0015814186962382736j),(0.0005647773888590199-0.000311540711226425j),(-0.0008563697626511864-0.0007626261554581257j),(0.0016724986867025851-0.0014889388698403488j),(0.0017918289028616247-0.0015988544894664184j),(0.000530931467758998-0.000261539516794095j),(-0.0008423064897793923-0.0007385456762254923j),(-0.00034269452890307357+0.0033054157080335198j),(-0.0016193880976197851+0.002413082090685269j),(-0.0003065189655197769+0.0011364091955104764j),(-0.00022782516443303362+0.00034718468544518445j),(-0.0007126465639435312+0.0007842977242941993j),(-0.0019541169357674627+0.002682539261317398j),(-0.000421465156723463+0.0035276526519226353j),(-0.0016239924151681656+0.002443797172868538j),(-0.0002122285256697871+0.0011381022505364562j),(-0.0008853876484927925+0.005192200419665462j),(0.00034989091314661794+0.0001425588897210012j),(0.0026659422630200096-0.002078019385653247j),(-0.0008673092869586999+0.005153316332828379j),(0.000411160868384489+6.774614947847507e-05j),(0.002650226022776003-0.002124899759689863j),(0.0009550762234625304-0.0038141055552358342j),(0.0011531349171173255-0.007370999675603069j),(-0.006623080843187859-0.00292412938746119j),(-0.00014352245779510888-0.0029097768585854317j),(-0.000485332071606106-0.005175633679000461j),(-0.004139571577634882-0.00202184665770662j),(-0.00042463275408907513+0.0002935415405912815j),(-0.0010307958722044922-0.0005614631921692927j),(0.00048314901507826426-0.0011851830805733226j),(5.14480484990471e-05+0.0008568955047132692j),(-0.0001569822371142465+0.0006802140571621726j),(0.0012880418372517711-2.8093935975697416e-05j),(-0.000492568532869617+0.00033913942772443315j),(-0.0011308780446752684-0.00046089518444566015j),(0.0005829829288379022-0.0012353917219267373j),(0.0006000930868669284+0.0013010507864477047j),(0.001070423159286278+0.0024279376061425006j),(0.0020905620655201516+0.0017798845409218221j),(0.0006684569221432407+0.001352929337791893j),(0.0012195605970341016+0.002637167146174941j),(0.0021829374706323523+0.001998778434567489j),(0.0006175571362286639+0.0013154780337168116j),(0.0011113986477862456+0.0024874843271479852j),(0.0021171718359083956+0.0018400303836078806j),(-0.0007576871924849797+0.00041378644518458107j),(-0.0013746636146998144+0.0002772510294674272j),(0.0010093997254726366-0.0011143419933337196j),(-0.0010417191971858928+0.00031543979714796123j),(-0.001118087184441908+0.002740183945928265j),(0.001965270805765051+0.00034992663985591036j),(-0.0010725811884679318+0.0003442871757031894j),(-0.001104465672969743+0.003005002235765211j),(0.0020769306253700963+0.0004958687915415996j),(0.0009561687462477864-0.0038155209777837283j),(0.0011550503137299664-0.0073736297886657955j),(-0.006624371970798475-0.0029269789790333707j),(0.0026813624491596015+0.0023656958563304463j),(0.0025055523523748254-0.0034400760813415995j),(-0.010724581190808321+0.008290530414043764j),(0.0032448036047796965+0.00037845967733096214j),(0.0008765250037437012-0.003481132158057867j),(0.0011075482520364706-0.006832361563373954j),(-0.006105659590984803-0.0027672652939778183j),(-0.00021930596567616567-0.0033273925437789895j),(0.0011584833803538858+0.002574726889275519j),(0.010685820162242276-0.023350451650283783j),(0.009084624431463469-0.02641427718956477j),(0.960899057954653+0.09582061525815726j)
