,0,1,2,3,4,5,6,7,8,9,10,11,12,13,14,15,16,17,18,19,20,21,22,23,24,25,26,27,28,29,30,31,32,33,34,35,36,37,38,39,40,41,42,43,44,45,46,47,48,49,50,51,52,53,54,55,56,57,58,59,60,61,62,63,64,65,66,67,68,69,70,71,72,73,74,75,76,77,78,79,80,81,82,83,84,85,86,87,88,89,90,91,92,93,94
0,(0.999735005708268+0.0011245862661064445j),(9.758013651937246e-05-0.000492919246803111j),(0.0001674141552125549-0.0006316670193029627j),(-0.0001078638875210902+0.00010996766216642183j),(8.703438155340669e-05-8.821127977027708e-05j),(2.078251617656869e-05-2.1113758553916016e-05j),(-0.004205483093470373-0.0015339478908738963j),(0.003356828457907096+0.0026384723490922328j),(0.000783443947366516-0.0009297825538592882j),(-0.005629211161626093-0.0020846257632814494j),(0.004625454362919154+0.003440236430410726j),(0.0010262336932053175-0.001195076315931269j),(0.000765289197795139+0.0006199370932493877j),(0.0027444657908854172-0.0038979837132475086j),(-0.0003957462400771876+0.0005630679659291688j),(-0.0028493086714620705+0.002300842737270926j),(6.320744467676017e-05-0.00031721200794181364j),(-0.0003733726560927027+0.0006833693445769206j),(0.00025992979692084946-0.00031182183121160535j),(1.1715682691130492e-06+4.551035643881094e-06j),(-2.0763935943256305e-05-7.421592743740832e-06j),(-2.8804663415478915e-05-7.133419867083382e-06j),(-3.3584111613455742e-06+1.081467383851229e-05j),(-1.1708388675309448e-05-1.531109286912289e-05j),(-3.508199320819074e-05-4.386519141581616e-06j),(-3.3462599056402275e-06+1.093866719963676e-05j),(-1.165115698157516e-05-1.5451138897447904e-05j),(-3.511638790081434e-05-4.291433410511591e-06j),(-2.7209561942240385e-06+1.4594435211801664e-05j),(-1.8896940878973087e-06+3.6293352247708716e-05j),(-1.0572828855291459e-05-1.7070097652820645e-05j),(-3.5251595952470524e-05-2.022761404419446e-06j),(3.803369502743724e-05+9.04098459816367e-06j),(2.221190589703333e-05-1.809572622857428e-05j),(8.07059003002312e-06+1.0684994763431643e-05j),(7.74666680898634e-06-6.329615411212965e-06j),(-5.402225703777108e-06+2.1421942725601064e-06j),(2.8890963588089135e-05+3.104810434698127e-06j),(3.904468198364718e-05+7.94089350810413e-06j),(2.2785946520472843e-05-2.104076131186974e-05j),(1.008814478911388e-05+1.1372900247553918e-05j),(-1.5016780290354844e-05+3.266890444312004e-05j),(-2.664339187714496e-06-1.4591905927030168e-05j),(3.3276282734914024e-06+7.646161402115026e-05j),(-1.5669146998597826e-05+3.2693626288191955e-05j),(-2.789820523972892e-06-1.4395773692032862e-05j),(3.222894280970745e-06+7.673602761034511e-05j),(-2.286103000610433e-05-2.0945343943382208e-05j),(-1.695427874147134e-05-1.2668788747775418e-05j),(-9.454047731387613e-06-1.2128777649720127e-05j),(-1.093113328372504e-05-1.3009108469650681e-05j),(-8.30885104718611e-06-6.494835124592146e-06j),(-3.716907460438451e-06-1.0806709974020016e-05j),(4.345155027823804e-06+3.4333536738608464e-06j),(2.2340453350767564e-06+3.2712593066480623e-06j),(2.8822845332877558e-06-4.773851284791367e-06j),(7.034239476530644e-06+6.694795316774683e-06j),(5.718912126549373e-06+4.4880474000787944e-06j),(3.304299130861845e-06-1.9805034296080235e-06j),(4.6075917240206115e-06+3.726030500724843e-06j),(2.1947265201907654e-06+3.5265952534346345e-06j),(3.071893658333513e-06-4.8636757674594175e-06j),(9.659202596963284e-06+1.0236670183250182e-05j),(9.541384615740527e-06+5.629044661801841e-06j),(3.4451844815425504e-06+1.2673439393961352e-06j),(9.880070994461234e-06+1.061367021852451e-05j),(9.808562233594144e-06+5.776935685874041e-06j),(3.404822226714906e-06+1.6217651986719636e-06j),(9.784858227639492e-06+1.0365104362962079e-05j),(9.764445406117218e-06+5.652248940110895e-06j),(3.478659810202258e-06+1.3825125079310337e-06j),(5.3865869256195344e-06+4.899343545900993e-06j),(1.7135261176956694e-06+4.524540292208026e-06j),(3.6388447925631893e-06-5.255884280055012e-06j),(6.260527944677482e-06+7.235321668279757e-06j),(-3.779988405394063e-08+6.454368795433538e-06j),(4.264537374542902e-06-6.119993729655534e-06j),(6.322581963213642e-06+7.4076276965632105e-06j),(-1.7052155615483524e-07+6.59725439563944e-06j),(4.307599471056965e-06-6.185162736980583e-06j),(-2.2876003396542836e-05-2.095094159025516e-05j),(-1.696395454407658e-05-1.2677096321304249e-05j),(-9.460615130739654e-06-1.212203583708695e-05j),(-4.694889728422627e-06-4.512360207837274e-06j),(-5.909881947475068e-06-2.812697836469399e-06j),(6.069490855517426e-07-4.0673547812739055e-06j),(2.9529665495000732e-05-1.0945848696077382e-05j),(-2.1377813648115404e-05-1.939638106997185e-05j),(-1.551722706829103e-05-1.2002471273705622e-05j),(-9.024178384169988e-06-1.065196741942074e-05j),(-1.1218973280166505e-05-1.4088345609156278e-05j),(1.204973366383145e-05+5.228045579289202e-06j),(-6.491368923366297e-06-6.232367730964401e-06j),(-9.336089399525585e-06-3.704208626621764e-06j),(8.44676979783152e-07-7.816559274225612e-06j)
1,(9.758013651937246e-05-0.000492919246803111j),(0.999872510134711+0.0008773982276985959j),(2.9909728769706977e-05-0.0003844789808960966j),(1.75880353840994e-05-4.693989009878284e-07j),(-4.8663829991607274e-05+6.662812231452201e-05j),(3.068342276800627e-05-6.578927557255741e-05j),(0.0014743693284247435+0.0012519185684922644j),(-0.0012100347762097037-0.002064003576867983j),(-0.00017545329238521142+0.0008554469975956512j),(0.0019484282212011805+0.0017375130885320404j),(-0.0017504577267644704-0.002639526971869914j),(-0.00012277830955045543+0.0009555713747408239j),(-0.000338816285376475-0.00044752262107155367j),(-0.0016315776959148721+0.0007699432173896845j),(0.00039330368301733633-0.00015967941091714658j),(0.0013742575493982867-0.00010662155646744926j),(-9.515625159316359e-05+0.00018593346756168826j),(0.0004061430364928311-0.00015326845269662495j),(-0.0002738809138490504+9.076226453973987e-05j),(1.3148954039854328e-05+1.054366817313094e-05j),(-4.6798300337979335e-06-1.3791598670259061e-05j),(1.9187649337587908e-05+7.1944579718126955e-06j),(1.7730194687160776e-05+9.608901696007201e-06j),(-1.1840194228360932e-05-1.3747829132042154e-05j),(2.387146608778475e-05+7.692121098803449e-06j),(1.7743344125578296e-05+9.541348947137272e-06j),(-1.1914200234588945e-05-1.3694048619621026e-05j),(2.3912000796969665e-05+7.64666071069622e-06j),(1.7830984870125998e-05+7.5892706096647895e-06j),(2.1179604747935023e-05-1.0760119629903123e-06j),(-1.2918778650755663e-05-1.258737648471422e-05j),(2.406123339245821e-05+6.332070414053921e-06j),(-1.377452849681621e-05-7.291865102725318e-06j),(-1.7273394189461765e-05+1.648677130835701e-05j),(-2.0024470291706677e-05-2.0778914775124773e-05j),(-1.9373891533799563e-06-1.1757906356900788e-05j),(-8.398279477899351e-07+3.942257980335075e-06j),(-1.2680476550102013e-05+1.4938857619546135e-05j),(-1.5140143660776018e-05-9.013185769986847e-06j),(-1.7610216092726398e-05+1.7719565868887674e-05j),(-2.1626086966851444e-05-2.2490640247846937e-05j),(7.563873987543628e-08-6.440071091554505e-05j),(6.345104687762346e-06+9.879989333462638e-06j),(6.86808944332671e-06-5.3066825068464447e-05j),(2.1563309744048698e-07-6.457986386248158e-05j),(6.252778247618656e-06+9.950132657193632e-06j),(7.179147141512916e-06-5.303734587718415e-05j),(1.765293764871085e-05+1.7778777597851e-05j),(1.955717426659363e-05+2.6752050319649093e-05j),(2.0023334577955457e-05+1.0623146917968869e-05j),(1.0687949031807265e-05+1.2379538066285723e-05j),(1.2035304971127112e-05+1.3635978436537787e-05j),(1.055775290196312e-05+9.183981037247349e-06j),(-2.5697810959873707e-06-5.575383470525905e-07j),(-6.03786877384164e-08-6.400549806634054e-06j),(-4.019194457106983e-06+4.0333819099448506e-06j),(-6.028275067398689e-06-2.774074699914012e-06j),(-4.513330806467507e-06-1.0093542368120728e-05j),(-5.586161659523801e-06+2.7223310838478245e-06j),(-2.7388455291287874e-06-8.422914057490093e-07j),(-5.475117503891726e-08-6.788770748317454e-06j),(-4.493559697933021e-06+3.973989129412578e-06j),(-1.0201334787357999e-05-5.237955891340626e-06j),(-1.00724081419722e-05-1.4160397094542183e-05j),(-7.464884583649532e-06+1.207916407277525e-06j),(-1.061478516734061e-05-5.44641419791901e-06j),(-1.0515683718118355e-05-1.4497521244915827e-05j),(-7.628993592349972e-06+1.0884668143114802e-06j),(-1.0375288959626275e-05-5.35998191060531e-06j),(-1.037221922717526e-05-1.436690301446189e-05j),(-7.555860011239994e-06+1.1271394861739755e-06j),(-3.605028694527679e-06-2.0446021838358147e-06j),(-1.830562978640661e-07-8.334190169560937e-06j),(-6.702888570829924e-06+3.728950147585264e-06j),(-5.825051128890685e-06-4.547701358687164e-06j),(-8.405885408376025e-07-1.1378931186701046e-05j),(-1.1852446510012779e-05+3.2496492388977955e-06j),(-5.995366457074529e-06-4.7331207888709575e-06j),(-8.955490909140876e-07-1.1604720956373062e-05j),(-1.2239812557446686e-05+3.215903794580723e-06j),(1.766059096089775e-05+1.7778093841952416e-05j),(1.9565499922482815e-05+2.676754495876025e-05j),(2.003464404526629e-05+1.0619193057276587e-05j),(1.9834838007207592e-06+4.638690596909279e-06j),(5.1667635596677125e-06+7.152951594339163e-06j),(3.90053588118007e-06+2.1501515850817194e-06j),(-4.310583023480228e-05+2.546038333161301e-05j),(1.6562868869869287e-05+1.6057740814701432e-05j),(1.7870154782373523e-05+2.5113719036276722e-05j),(1.878608836269321e-05+9.553930277213537e-06j),(1.1495445477676666e-05+1.316403329227385e-05j),(-1.3105536199833185e-05-1.603080187997801e-05j),(2.7131890845741176e-06+8.266140907245016e-06j),(8.275506602854879e-06+1.0326786964005682e-05j),(4.957622409742777e-06+4.145292428188719e-06j)
2,(0.0001674141552125549-0.0006316670193029627j),(2.9909728769706977e-05-0.0003844789808960966j),(0.9998026761160181+0.001016146000196511j),(9.027585213620745e-05-0.00010949826326440157j),(-3.8370551560908397e-05+2.1583157455068366e-05j),(-5.146593894498462e-05+8.690303412567087e-05j),(0.00273111376499809+0.00028202932245215747j),(-0.002146793681632275-0.0005744687722407748j),(-0.0006079906549927726+7.433555619294242e-05j),(0.0036807829403566234+0.0003471126748482345j),(-0.0028749966360784463-0.0008007094585677735j),(-0.0009034553836742508+0.0002395049410982927j),(-0.0004264729126680811-0.000172414472249508j),(-0.0011128880950232027+0.0031280404956385358j),(2.4425571233889547e-06-0.0004033885549552537j),(0.0014750511221510191-0.002194221180957745j),(3.1948806873358085e-05+0.00013127854057369057j),(-3.2770380398040595e-05-0.0005301008917983471j),(1.3951116976714897e-05+0.00022105956685565225j),(-1.4320522236854263e-05-1.5094703832278417e-05j),(2.5443765954163973e-05+2.121319136928711e-05j),(9.617014116113358e-06-6.103816256492701e-08j),(-1.4371783447235977e-05-2.042357555180416e-05j),(2.3548582878979274e-05+2.9058921955035657e-05j),(1.1210527161158624e-05-3.3056020163835618e-06j),(-1.4397084140569344e-05-2.0480016163853405e-05j),(2.356535719196945e-05+2.914518747144833e-05j),(1.12043871443246e-05-3.355227359371265e-06j),(-1.5110028599929344e-05-2.218370583949649e-05j),(-1.92899106050218e-05-3.52173403074497e-05j),(2.349160747918455e-05+2.9657474093687557e-05j),(1.1190362597581514e-05-4.309309068988654e-06j),(-2.4259166517411753e-05-1.7491194688743004e-06j),(-4.9385118046931045e-06+1.6089549790552007e-06j),(1.1953880198111295e-05+1.0093920023829161e-05j),(-5.809277653599163e-06+1.808752174936403e-05j),(6.242053640734179e-06-6.08445226816779e-06j),(-1.6210487148660057e-05-1.8043667982092935e-05j),(-2.390453830701728e-05+1.0722922905476878e-06j),(-5.175730528264777e-06+3.3211955041962476e-06j),(1.153794210786284e-05+1.1117740017516661e-05j),(1.4941141587358725e-05+3.1731806477708425e-05j),(-3.6807654957431235e-06+4.711916645476814e-06j),(-1.0195717784800232e-05-2.3394788898623985e-05j),(1.5453513939421253e-05+3.188623757984317e-05j),(-3.4629577181502296e-06+4.445641085055893e-06j),(-1.0402041489249522e-05-2.3698681678709766e-05j),(5.208092348994173e-06+3.1665663040300875e-06j),(-2.6028955167724275e-06-1.4083261607746022e-05j),(-1.056928686209474e-05+1.5056307196176808e-06j),(2.431842429868847e-07+6.295703802340314e-07j),(-3.726453919320735e-06-7.141143334428033e-06j),(-6.840845447457464e-06+1.622728925526322e-06j),(-1.7753739355719835e-06-2.8758153189155384e-06j),(-2.1736666461694874e-06+3.1292905006490438e-06j),(1.1369099328927834e-06+7.404693715341004e-07j),(-1.0059644120393344e-06-3.92072060195625e-06j),(-1.2055813201280518e-06+5.605494975765896e-06j),(2.2818625399319385e-06-7.418276549935705e-07j),(-1.8687461989134652e-06-2.883739087437936e-06j),(-2.1399753445665488e-06+3.2621754951284945e-06j),(1.421666048468384e-06+8.896866339217134e-07j),(5.421321890481878e-07-4.998714269251525e-06j),(5.310235260300151e-07+8.531352448502078e-06j),(4.019700115708805e-06-2.4752603435234313e-06j),(7.347141716712539e-07-5.167255997274839e-06j),(7.071214835107665e-07+8.720585575733768e-06j),(4.224171380400189e-06-2.7102320103400234e-06j),(5.904307305081704e-07-5.005122429122468e-06j),(6.077738193444438e-07+8.714654090882103e-06j),(4.077200215973858e-06-2.5096519911176087e-06j),(-1.7815582351708049e-06-2.854741353100821e-06j),(-1.530469818971426e-06+3.809649878371966e-06j),(3.0640437880977487e-06+1.5269341286297265e-06j),(-4.3547681960902874e-07-2.6876202974991147e-06j),(8.783884247012919e-07+4.924562394444509e-06j),(7.587909147228223e-06+2.8703444872196335e-06j),(-3.2721551014393774e-07-2.6745068957353894e-06j),(1.0660706469205455e-06+5.007466563364202e-06j),(7.932213097919639e-06+2.969258938552891e-06j),(5.215412427586693e-06+3.172847707377255e-06j),(-2.6015453703757866e-06-1.4090448673603996e-05j),(-1.0574028930573571e-05+1.5028427666789534e-06j),(2.711405926911989e-06-1.2633039979027053e-07j),(7.431183920855922e-07-4.340253765794586e-06j),(-4.507484969909213e-06+1.9172031919566876e-06j),(1.3576164824821913e-05-1.4514534639213886e-05j),(4.814944770966376e-06+3.3386402179903308e-06j),(-2.3529277064072732e-06-1.311124779558821e-05j),(-9.761909993953973e-06+1.0980371304972263e-06j),(-2.7647220665767703e-07+9.243122921696225e-07j),(1.0558025349496419e-06+1.0802756320511901e-05j),(3.7781798385946354e-06-2.0337731940907353e-06j),(1.0605828024268467e-06-6.622578354175385e-06j),(-5.802299392663448e-06+3.6712668382231687e-06j)
3,(-0.0001078638875210902+0.00010996766216642183j),(1.75880353840994e-05-4.693989009878284e-07j),(9.027585213620745e-05-0.00010949826326440157j),(0.9999345493413855+0.0005640941084985645j),(4.0149683245778495e-05-0.0006903100521508118j),(2.415276999281101e-05-0.000632500448908908j),(-0.002591150186497448-0.0007517315676355187j),(0.002020987513157651+0.0012456247799827042j),(0.0005195974541022752-0.00038252328292770585j),(-0.0034788651122568577-0.0010001379853513351j),(0.002753440439335133+0.0016541722679530744j),(0.0007142769364670564-0.0005349962702409602j),(0.0004195137653353213+0.0003118007329555129j),(0.0015095797880816174-0.0025741485334275253j),(-0.00018229967824664713+0.00034579198780152094j),(-0.0016591354060721954+0.0016601734354484898j),(2.204547017245396e-05-0.00016160858946517778j),(-0.0001654234499822908+0.00042367018038026483j),(0.00012249216774434248-0.00016658351774927687j),(5.147026844414549e-06+7.828714096269979e-06j),(-1.795846640499356e-05-2.0925555340420907e-07j),(-1.5875238537520648e-05-7.2115552913342335e-06j),(3.2901234896358253e-06+1.199574775072473e-05j),(-1.3418004979704306e-05-5.193415008514253e-06j),(-1.9186704920976225e-05-5.706315079214326e-06j),(3.302375037013468e-06+1.2060250241164717e-05j),(-1.3390744846643775e-05-5.282029135356287e-06j),(-1.9206005906261793e-05-5.656428442051947e-06j),(3.797954103246743e-06+1.3950958983209029e-05j),(5.063984790962587e-06+2.6808159509156085e-05j),(-1.2675567100473573e-05-6.474730143694362e-06j),(-1.9423998150177797e-05-4.456086463440538e-06j),(2.7029218090513962e-05+1.01017703375184e-06j),(1.7333386565103063e-05-1.7253891240782257e-05j),(-4.9122553071389584e-06-4.481632119021975e-07j),(4.631051984110547e-06-6.7954534435332676e-06j),(-3.828543774289841e-06+3.109168496646025e-06j),(2.507891958103963e-05-6.273471790283716e-06j),(2.7186977782598984e-05-3.144656548651148e-07j),(1.7489091506026004e-05-1.9229059320537643e-05j),(-4.067186826944655e-06-1.3810169351680498e-07j),(-1.456664456560473e-05+3.1989740489669644e-06j),(-3.94428628956018e-06-1.0401082703796662e-05j),(5.9705964802480595e-06+4.192626084629677e-05j),(-1.5034636747587612e-05+3.229667657663333e-06j),(-4.087225912277741e-06-1.004084974267766e-05j),(6.091855952940911e-06+4.219077867655724e-05j),(-8.305349630674609e-06-1.1101314857979574e-05j),(-3.0050201846421988e-06-5.048266088580873e-07j),(2.6644941598738756e-06-6.856533012785483e-06j),(-2.941364469278999e-06-6.3782598074012285e-06j),(-4.157156249223308e-07-1.5499926423330853e-07j),(2.3251498640583703e-06-5.727005226231734e-06j),(2.0016577835655657e-06+2.508888680875896e-06j),(1.2548232000840533e-06+4.6486440461185005e-07j),(3.3340618058034254e-07-2.022331348973079e-06j),(2.3678966260478727e-06+4.237224331209487e-06j),(1.9262714048898163e-06+8.1015305798789e-08j),(-6.374190382497822e-07-3.725832237420816e-07j),(2.1191862620292755e-06+2.6663287706187827e-06j),(1.192998039314259e-06+5.314853797922701e-07j),(3.3208612442799715e-07-2.0708401845267857e-06j),(2.4178569908663307e-06+6.064259836289742e-06j),(2.4532716672790488e-06-5.135249114192471e-07j),(-1.9949798458530435e-06+1.5179517968650432e-06j),(2.3896604155518206e-06+6.276350189118569e-06j),(2.4567574391265927e-06-5.256102256375302e-07j),(-2.1703536549710286e-06+1.7390609601110416e-06j),(2.4350234331559347e-06+6.11934017031889e-06j),(2.5013799053011623e-06-5.684197552125715e-07j),(-2.029856922871463e-06+1.575812914625203e-06j),(2.346793987118517e-06+3.2729663634839437e-06j),(6.663699762346489e-07+7.706513822260211e-07j),(1.2878083595900446e-07-2.2905998426673347e-06j),(2.1848665567998844e-06+4.430060378117031e-06j),(-1.0743063498098813e-06+1.183308013684527e-06j),(-7.922240999147249e-07-2.7909081544807195e-06j),(2.1692831846769887e-06+4.515284248843315e-06j),(-1.2073609356493735e-06+1.2137936606770176e-06j),(-8.64225020522721e-07-2.8281948958513165e-06j),(-8.313009425959757e-06-1.1106405131620697e-05j),(-3.0083221579561506e-06-5.062771068497632e-07j),(2.6650002237407027e-06-6.853295499782599e-06j),(-2.113660484510534e-06-1.8231178498853775e-06j),(-2.3188986713399955e-06+2.3178026930193204e-07j),(2.9467501476470624e-06-2.363443565138857e-06j),(1.1786259644942159e-05+5.482736026741705e-06j),(-7.791762560658855e-06-1.0424120530901073e-05j),(-2.7325452852990072e-06-5.857952465252835e-07j),(2.361305556202878e-06-5.978931168420219e-06j),(-2.8162616264494657e-06-6.9763418983606045e-06j),(3.2415051200638597e-06-1.4480224474836661e-06j),(-2.5891439446280454e-06-1.6221068406577553e-06j),(-3.653471486469913e-06+8.139940562797765e-07j),(4.45107834417626e-06-4.411370661862239e-06j)
4,(8.703438155340669e-05-8.821127977027708e-05j),(-4.8663829991607274e-05+6.662812231452201e-05j),(-3.8370551560908397e-05+2.1583157455068366e-05j),(4.0149683245778495e-05-0.0006903100521508118j),(0.9999551001650044+0.0004968838300719868j),(3.1382175126029454e-06-0.0005653467835147845j),(0.002100899567617381+0.001099052772194776j),(-0.0016831176938475587-0.001822793414119566j),(-0.0003895323128608595+0.0006406134655505974j),(0.002798639148246401+0.0015140384431134727j),(-0.0023515356057485157-0.0023574024962882702j),(-0.0004787429835480636+0.0007814089806058033j),(-0.0004229794164339264-0.0004064157047225628j),(-0.0016974373785926175+0.001729300250481315j),(0.0002800811654118086-0.00027704182364988105j),(0.0016175249296483227-0.0008438950352181485j),(-5.9081364901278375e-05+0.00019380503353087346j),(0.0002754633892258633-0.000334062338668913j),(-0.00018079832385940888+0.0001769399987551735j),(3.955668022877655e-06+2.6303852878179305e-06j),(5.563763491813312e-06+8.787416505394595e-06j),(1.643199018145628e-05+1.990279322932893e-06j),(7.385108232880272e-06-1.239346711999898e-07j),(-3.224355158747435e-07+1.2407503943082019e-05j),(2.028825639936567e-05+6.048293932121986e-07j),(7.387363506334375e-06-1.995057743852455e-07j),(-3.640675467885532e-07+1.2474743675303516e-05j),(2.031076437179026e-05+5.484513431273202e-07j),(7.284671308131061e-06-2.4477063031690673e-06j),(8.269189681106747e-06-1.4028238050698418e-05j),(-9.254038665603308e-07+1.3070429515692278e-05j),(2.031541967964122e-05-8.120000392408918e-07j),(-1.5763147602850716e-05-1.0622578950870681e-05j),(-8.498081954859522e-06+2.4098378546049777e-06j),(-1.3642345636018988e-05-1.2887703744844128e-05j),(-4.343582906285282e-06+9.946034209807497e-08j),(2.351997337244563e-06+8.685940444600554e-07j),(-7.721542227336283e-06-1.0651527149055984e-05j),(-1.6770600492585287e-05-1.0747810885837525e-05j),(-9.088360261270328e-06+3.7326293669197427e-06j),(-1.5040108684477103e-05-1.3442874059979001e-05j),(3.642759613729597e-06-3.336796568601058e-05j),(-1.4448658325457502e-06+6.236157518800364e-06j),(4.950279058811816e-06-4.496212536224501e-05j),(3.91493587504488e-06-3.334165895962149e-05j),(-1.4391320497364507e-06+6.380035350847854e-06j),(5.1992960210094455e-06-4.500463847475797e-05j),(1.6892208579495245e-05+1.3494859145460922e-05j),(1.5771088598909532e-05+1.4502781170558618e-05j),(1.2962150804819933e-05+7.2492756925174885e-06j),(9.00627282661578e-06+8.783953901745672e-06j),(8.777481991040186e-06+7.528257686771374e-06j),(6.160545529737256e-06+6.673811832400233e-06j),(-2.802885968246929e-06-1.5412490593401984e-06j),(-1.1622007786871433e-06-3.328450851121026e-06j),(-3.108583682984311e-06+3.2940428892589835e-06j),(-5.3736330552536625e-06-3.613821493520844e-06j),(-4.3995947918309355e-06-5.221602672107277e-06j),(-4.4636296100515525e-06+1.757861028503713e-06j),(-2.972811153203798e-06-1.7252589215944187e-06j),(-1.1705273226502988e-06-3.5505235183072977e-06j),(-3.3279609771443407e-06+3.3406215309162404e-06j),(-8.179214348142674e-06-5.904865034105562e-06j),(-8.167836024931088e-06-7.2526708700335955e-06j),(-5.8721036366312286e-06-4.395395443355992e-08j),(-8.44499779431027e-06-6.129031913438631e-06j),(-8.462158536201892e-06-7.442636328870835e-06j),(-5.989842585921297e-06-2.237794431060542e-07j),(-8.300143846522464e-06-6.000202292195778e-06j),(-8.371919265116566e-06-7.342090703561121e-06j),(-5.941079984827299e-06-1.1804792410175594e-07j),(-3.5885631178885475e-06-2.478134415151697e-06j),(-1.1173484278915838e-06-4.42857113974886e-06j),(-4.1880637922243855e-06+3.5449568345135292e-06j),(-4.663566389374937e-06-4.004680530277349e-06j),(-8.078028057254778e-07-6.148608703003206e-06j),(-5.850661275719503e-06+4.0003009601780494e-06j),(-4.7437830881980955e-06-4.11732960311774e-06j),(-7.856114049912869e-07-6.275929023409392e-06j),(-5.973923146467367e-06+4.035230078403743e-06j),(1.6901334338221703e-05+1.3496653869911277e-05j),(1.5778461397511147e-05+1.4511112126796282e-05j),(1.2970350467678412e-05+7.24509649323563e-06j),(3.0518126005681305e-06+3.4700880096972767e-06j),(4.281779903427581e-06+3.6391269741989895e-06j),(2.1163727935974048e-06+2.231281849520659e-06j),(-2.213325589323072e-05+1.686536445640727e-05j),(1.5777748499387418e-05+1.236021959083149e-05j),(1.4437280267710821e-05+1.3612401304173483e-05j),(1.2223827219238744e-05+6.4354284158388325e-06j),(9.42119649086749e-06+9.421333708598303e-06j),(-1.0238987536716461e-05-7.823146851578896e-06j),(4.552889790024782e-06+5.691707481157883e-06j),(6.800207636753698e-06+5.358569145686874e-06j),(3.219229885700545e-06+4.430133238423594e-06j)
5,(2.078251617656869e-05-2.1113758553916016e-05j),(3.068342276800627e-05-6.578927557255741e-05j),(-5.146593894498462e-05+8.690303412567087e-05j),(2.415276999281101e-05-0.000632500448908908j),(3.1382175126029454e-06-0.0005653467835147845j),(0.999969789896277+0.00043992053547083396j),(0.00047938447749893933-0.0003553676714957946j),(-0.00037708102775722304+0.0005335665250405493j),(-0.00017322032809998717-0.0003132681374155956j),(0.0006550000323152748-0.0004991274019534985j),(-0.00046324391325884746+0.000669611664813213j),(-0.0003060184993800426-0.00029578825985625414j),(-5.4441113670610884e-05+0.0001077353004447641j),(0.00016314844155643384+0.0009139225591399739j),(-0.00016888802237223282-0.0001106012807830065j),(6.769588024169604e-05-0.0007660628027935311j),(5.461081580550436e-05-1.30914231943908e-05j),(-0.00018731463534482848-0.0001747341717117381j),(0.00013162863587267305+8.333359769518426e-05j),(-1.0563177533833738e-05-9.81363933941831e-06j),(1.0213787672211515e-05+2.4571019606373175e-05j),(-4.977600059001931e-06-6.816673147963811e-06j),(-1.233448126173055e-05-1.167159297438163e-05j),(1.2399053405462679e-05+2.8379179081879118e-05j),(-6.392629330438266e-06-8.918463590462446e-06j),(-1.2349234949167045e-05-1.1671292377114641e-05j),(1.2442727057536396e-05+2.838820851711149e-05j),(-6.417385813931338e-06-8.92476021682466e-06j),(-1.2611590514904697e-05-1.1716397433955147e-05j),(-1.567360916705072e-05-1.3647074453843945e-05j),(1.3057400111585974e-05+2.776757308453442e-05j),(-6.623680293699975e-06-8.802066587246657e-06j),(-4.225715212280826e-07-1.8394675093441314e-06j),(1.1674095804486428e-05-1.5627312282849148e-05j),(8.301307415131017e-06+1.1370470077493825e-05j),(-2.559266949737076e-06+1.348438179835069e-05j),(3.4290475755105394e-06-3.55061450818343e-06j),(7.278870657531477e-06-2.713764466562195e-05j),(4.82729800614919e-08+3.857965401626222e-08j),(1.1506252195429123e-05-1.5684364604336486e-05j),(8.647399017796818e-06+1.2812669101809859e-05j),(1.2412866036215397e-06+3.971757824265329e-05j),(-8.27547454424428e-06-5.186465889277482e-06j),(-4.769017522983086e-06+1.5045733586958055e-05j),(1.3486782969246427e-06+3.9941826122788216e-05j),(-8.1620181195978e-06-5.12007661807635e-06j),(-4.8713604433394834e-06+1.49591841953807e-05j),(-2.5105924280735794e-06-7.321880548330856e-06j),(-5.465063328070408e-06-1.6579045051773e-05j),(-9.377897051522265e-06-5.535995462588398e-06j),(-2.6798352599222667e-06-5.652199868544859e-06j),(-4.389960091713832e-06-8.389195028099753e-06j),(-5.486782894726359e-06-4.135498328764518e-06j),(9.721028280103077e-08-8.150951366989752e-07j),(-1.320385385962301e-06+3.941157945463299e-06j),(1.6017630421523643e-06-1.1409758456877138e-06j),(1.3699623158466558e-06-2.4658032321706276e-07j),(3.6009951675750283e-07+6.400821700516599e-06j),(1.980381315334925e-06-1.12916136329596e-06j),(1.0921028923157674e-07-6.698854855908172e-07j),(-1.3487489111396134e-06+4.159826365779638e-06j),(1.9180972563825947e-06-1.0102242765173383e-06j),(3.208269073738735e-06+4.0988407755010304e-07j),(2.7495926039090792e-06+9.186608953088055e-06j),(2.6514321702359666e-06-1.1404357891291846e-06j),(3.403869370790059e-06+4.373264724715025e-07j),(2.9458458051687436e-06+9.395358933547463e-06j),(2.715885928533128e-06-1.1783003161902623e-06j),(3.280208372876645e-06+4.593109607740938e-07j),(2.8780388121094633e-06+9.342377101411061e-06j),(2.682826646831425e-06-1.1194508730797e-06j),(4.336176118536973e-07-2.7333097943227334e-08j),(-1.2051111892146457e-06+5.041730576411892e-06j),(3.5534414515462493e-06-4.497039123885232e-07j),(1.786699413739021e-06+1.366002775629502e-06j),(-2.601473863733863e-07+6.8037423640442055e-06j),(7.709040321388544e-06+7.316350191748793e-07j),(1.8929864916225994e-06+1.4698558601523292e-06j),(-1.8381319711068482e-07+6.9348638886184405e-06j),(8.02351760827004e-06+8.185576205578988e-07j),(-2.5101843407315363e-06-7.319587735713034e-06j),(-5.4665862241788445e-06-1.6588606404195763e-05j),(-9.382678762265069e-06-5.536093108725952e-06j),(9.645154546665095e-07-1.8683766346319936e-06j),(-1.3221805611930489e-06-4.665841384786558e-06j),(-2.232662630688942e-06-3.5326531030798056e-07j),(2.7708451838568784e-05-1.0503843271706188e-05j),(-2.4492335490190475e-06-6.463857073415432e-06j),(-4.9429116866330275e-06-1.5548047831111275e-05j),(-8.750960232678045e-06-5.091088785952246e-06j),(-3.1529831067537937e-06-5.934069331603448e-06j),(4.049933945119273e-06+1.0847801831268808e-05j),(1.7671819256611956e-06-3.7917111521255234e-06j),(-2.213748740762347e-06-6.661142263014347e-06j),(-2.2582016836260964e-06-4.5994161979345216e-07j)
6,(-0.004205483093470373-0.0015339478908738963j),(0.0014743693284247435+0.0012519185684922644j),(0.00273111376499809+0.00028202932245215747j),(-0.002591150186497448-0.0007517315676355187j),(0.002100899567617381+0.001099052772194776j),(0.00047938447749893933-0.0003553676714957946j),(0.7803534603078666+0.058392702279322264j),(0.19063643731442625-0.005266196826521803j),(0.013567301438497388-0.052919266564541274j),(-0.2946943367880487+0.0818815513766338j),(0.2577596324302576-0.005363201242629928j),(0.01817962243225574-0.0688501914401172j),(0.035859940494493994+0.007730046280371699j),(-0.0024964909413304013-0.24084757804486812j),(-0.008294496794679414+0.030603494689836266j),(-0.04247311749870826+0.19729829282894826j),(-0.002473784105697552-0.010519763850882057j),(-0.006561122925066399+0.030294771581624635j),(0.014579942679063136-0.008502082130590248j),(0.0006011128860609078+0.0005673161926547507j),(-0.00018535870836938078+0.0050333007013177505j),(-0.0025228169398112386-0.0011960110507907415j),(0.0006119857676219748+0.0009037335932866727j),(0.00012955187794675966+0.00474878692569399j),(-0.0028874895588032164-0.0011579714055046742j),(0.0006151684287999317+0.0009063599502066848j),(0.00013078081585542536+0.004738394088378199j),(-0.0028899825492011678-0.0011543017016462217j),(0.000731345003788074+0.0009602853803893797j),(0.0012448335271003223+0.0017764574089390787j),(0.00017496531779010675+0.004433835289929154j),(-0.0029098692195940693-0.0010471797841211713j),(0.0029046592738169266-0.0030287611381719015j),(0.0017850329642152126-0.0067628542226745615j),(-0.0018484025414731453+0.0002880646780910717j),(7.047298294793336e-05+0.00022216090577384666j),(0.00010726665120343974+0.0003742088076167504j),(0.0027663097366772923-0.008206770735136702j),(0.0028267992272475186-0.0030689603664428465j),(0.0016044439408409213-0.006975379945921652j),(-0.0017510704526002047+0.0004327305437933693j),(-0.001741545505253953+0.002253841467287538j),(-0.0028703981297670002-0.0011671801048030923j),(0.0035685289212405587+0.0039676078839932585j),(-0.0017736670234159181+0.002314885138948673j),(-0.0028443462363519907-0.0010600694200175783j),(0.0036300568858748062+0.003988090716264949j),(-0.00047175331314068753-0.0013096924734874245j),(0.000632676226879804-0.0004544196913355155j),(0.0005561521914071957-0.0015087081245914631j),(-0.00016506798880569994-0.000868640894490489j),(0.0004633856197563736-0.00024231467259082612j),(0.00021313582701732462-0.0010268770005830382j),(0.0001620438513383007+0.00015228783067261945j),(7.3373365534051e-06+0.00015014345530916715j),(-0.00022124699694560195-8.426999224904182e-05j),(0.00014095953172459298+0.0003266065154739791j),(-7.824974293300958e-05+0.0001395297796982672j),(-0.00047370073039926133+0.0001762641540819143j),(0.00017703441659150534+0.00017498940534446948j),(-4.0846199393604365e-06+0.00016870162063562416j),(-0.00020724067122496258-7.608409729017854e-05j),(9.82936778614374e-05+0.0005155223925078643j),(-0.0001840186047839557+0.00011274363049654603j),(-0.0007670560950119775+0.00047044019787895446j),(9.173976363971946e-05+0.0005379533379210877j),(-0.00019753972106278868+0.00011523130981762417j),(-0.0008005919088180616+0.0005043452912039119j),(9.764626289632098e-05+0.0005209723569097968j),(-0.00018672753382199282+0.00010835222764260586j),(-0.0007766002961569462+0.00047968836908105503j),(0.00023069721198853076+0.00027227944311244913j),(-6.458419209725533e-05+0.00024837920683914023j),(-0.0001427260608491484-4.1769107080035146e-05j),(0.0003203027384258159+0.0004809549341903598j),(-0.00022044847473423634+0.00041974568399021463j),(-6.475591916483853e-07+3.0375038935110364e-05j),(0.0003268964251603568+0.000496513685306703j),(-0.00023211162150539155+0.00043261303939430996j),(9.933140106578846e-06+3.579029889779492e-05j),(-0.00047231619036899956-0.0013099649945922675j),(0.0006325988660404733-0.0004547834059990853j),(0.0005568265177845031-0.0015088009958810775j),(3.4362408318593368e-06-0.00014283932148807603j),(-0.00010181094078071353+1.3935944158824116e-05j),(0.00047666620413385136-0.0004772677404262166j),(0.003680237396853708+0.0007398002831411131j),(-0.0004593118761172304-0.0012122577065959j),(0.0005779438302742-0.00044744289705120994j),(0.0005353260817083534-0.001351509530164009j),(-0.0001803107466096948-0.000949338364123197j),(-0.00016512646519004223+2.0083250160486243e-05j),(0.00023253744467248576-0.00011091891322738924j),(-0.00011676883670660278+0.00015320717478713264j),(0.0008389611713749131-0.0007941013100127595j)
7,(0.003356828457907096+0.0026384723490922328j),(-0.0012100347762097037-0.002064003576867983j),(-0.002146793681632275-0.0005744687722407748j),(0.002020987513157651+0.0012456247799827042j),(-0.0016831176938475587-0.001822793414119566j),(-0.00037708102775722304+0.0005335665250405493j),(0.19063643731442625-0.005266196826521803j),(0.7996909862021941-0.07064514898620425j),(-0.007876985437940716+0.05954507141144024j),(0.25564188199295845+0.0013670677114472063j),(-0.27195294016133087-0.08199923859965694j),(-0.010930179572211842+0.07678300264377809j),(-0.05375304095733685-0.008686206478482679j),(-0.05287769550315877+0.19576720305330364j),(-0.0005364163515711486-0.03274502883365395j),(0.08661980489543666-0.11459305785237915j),(0.00623990710526834+0.018376500142975316j),(-0.00577114777778872-0.04136876004944455j),(0.006464754073823961+0.028459276396172038j),(0.0003400114956379299+0.00029145796504982625j),(0.0018559859051671887+0.00455503336401941j),(0.00023275011057220622-0.0018279066115883826j),(0.0004472243192642682-7.849829796556041e-05j),(0.0017745658471127017+0.005301463295225543j),(0.0002699442990161476-0.00228580866197164j),(0.00044391425783135534-8.547426384781934e-05j),(0.0017771465859627834+0.005305046826808065j),(0.00026613333056411427-0.002291503282972941j),(0.0003454133382425832-0.0003022860487421628j),(-0.00016485323936337782-0.0012093353010318134j),(0.001800719036953103+0.005185299940911522j),(0.0001557368247563115-0.0023789460496976733j),(-0.0006810815323925494-0.0020807628239244602j),(0.000685955841465009-0.004187768654414516j),(-0.0030357984160313874-0.0003246206478367069j),(-0.0002785804665475526+0.0010318546768152185j),(0.00044302114841500656-2.8556556306490405e-05j),(0.00018448124536011266-0.006993553604508223j),(-0.0007939829502340212-0.0019974237874579655j),(0.0005892896006316319-0.0041329099199237974j),(-0.003138146848520919-0.00015933773309491188j),(-0.001943232964127435-0.0013661103349087663j),(-0.001955338890357294-4.56583781562682e-05j),(-0.00010919032937610051-0.002381376341531004j),(-0.0019223640654797791-0.0013372664207261474j),(-0.0019283557653386307+3.9524697331360065e-05j),(-5.0816554940371836e-05-0.0023877733849422397j),(0.0024053618684323486-0.000531087510392001j),(0.002650043360869156-5.64617446197767e-05j),(0.0019429686869019908-0.0008780402558797183j),(0.0013532320509743348-0.00023357105764866873j),(0.0014735497262774605-2.0420138453298682e-05j),(0.0010382724115294917-0.00026056291507708425j),(-0.00035753083337989754+6.121240116414704e-05j),(-0.0003202106983346348-4.4126299646469005e-05j),(-0.0002582748044098979+0.00045087669197550203j),(-0.0007579168628064505+7.72837987396051e-05j),(-0.0007607878138854918-1.4995484248209634e-05j),(-0.0006748160044968284+0.0004941974627662713j),(-0.00037782932549634113+7.037664958364515e-05j),(-0.0003396935987650566-4.9924945688603725e-05j),(-0.0002576502932134738+0.0004744086569899006j),(-0.0011900621495011742+8.076549102247138e-05j),(-0.0012499946966096675+1.748396383940878e-05j),(-0.0011308177015564214+0.0005203061336748389j),(-0.0012331768171772426+8.104081243474545e-05j),(-0.0012935285623590224+1.8251424169656808e-05j),(-0.0011773946866570554+0.0005226452235900981j),(-0.0012074061737508547+8.073055732020083e-05j),(-0.0012730720890951266+2.0267245117581425e-05j),(-0.0011485492673759326+0.0005212172693760205j),(-0.00044415228888194924+0.00010086362030852019j),(-0.00040557300986826517-8.030731760429658e-05j),(-0.0002309687631157307+0.0005641071748162727j),(-0.0005402968068149148+0.0001456174300877948j),(-0.0005065174298214662-0.00015898283229525686j),(-0.00012280114375942355+0.0007306274626768372j),(-0.0005472363859120734+0.00014897129403588643j),(-0.0005138918175799424-0.00016476966657445638j),(-0.00011443904927564263+0.0007429863807164339j),(0.0024063081748378163-0.000531569349232857j),(0.0026511572312990514-5.651021856996666e-05j),(0.0019439178421470926-0.0008789897204502128j),(0.0005962021634074675+3.729461686805089e-05j),(0.0005258807310369123+1.0262789438303713e-05j),(0.0006200474153880307-0.00010374555900334007j),(0.001545203063424376+0.0030418891938214718j),(0.0022231205720719648-0.0005020787712097399j),(0.002442240847782361-4.7097806374948436e-05j),(0.0018165576648576434-0.0008283926788897056j),(0.0014132375169296982-0.00023496986676771654j),(-0.0014296235106486669+6.210361737477477e-05j),(0.001049428362964391+0.0001445844001430105j),(0.0008420979868429604+8.218025901293625e-05j),(0.0011314724049699943-9.232975178803031e-05j)
8,(0.000783443947366516-0.0009297825538592882j),(-0.00017545329238521142+0.0008554469975956512j),(-0.0006079906549927726+7.433555619294242e-05j),(0.0005195974541022752-0.00038252328292770585j),(-0.0003895323128608595+0.0006406134655505974j),(-0.00017322032809998717-0.0003132681374155956j),(0.013567301438497388-0.052919266564541274j),(-0.007876985437940716+0.05954507141144024j),(0.9670161093340139-0.02345208783673589j),(0.01795653989153658-0.06858614012242664j),(-0.009170133612357065+0.07928093929162172j),(-0.04476006908386125-0.01696382512651854j),(-0.00456030970119832+0.016427708828132243j),(0.05676260326906059+0.06795320842391331j),(-0.029487052212803157-0.0027073011751210553j),(-0.02675348042227354-0.05475348491714651j),(0.0069856478197979485-0.002521469848965476j),(-0.03610569540606298-0.011643620958678332j),(0.027514165309699037+0.008552155079908981j),(-0.001405198807741409-0.00021709176424590223j),(0.0029972354999281818+0.005590975105038242j),(-0.001796578818397098-0.001596498293983721j),(-0.0016791235861396954-0.00032572481286254843j),(0.0035584389278076043+0.006045496263782316j),(-0.002201991430048835-0.001899558456194106j),(-0.0016807922362887316-0.0003260831067511934j),(0.0035654059602469373+0.006041359810617488j),(-0.002207459862511975-0.0018994097183054831j),(-0.0017049730113997748-0.0003642570244769532j),(-0.0021559918065625037-0.00038873317055083696j),(0.0036294846833288762+0.005783511317608717j),(-0.002271113786928889-0.0018618701713588137j),(0.000748727106758329-0.0019500408079189434j),(0.001441534790154646-0.0063149870187198635j),(-0.00014771949743191438+0.0008280399924013131j),(0.0003936566132670613+0.002094237452106175j),(0.00037146537101446315-0.0004579851051250548j),(0.0005168198277577685-0.00881832369698822j),(0.0008401144269451228-0.00175126938758668j),(0.001323895168349176-0.006376837640153432j),(-2.816313703147763e-05+0.0010836728757131122j),(0.0009666529275124585+0.004820452978305613j),(-0.0029264709395248048-0.000618443753856039j),(0.001490349991130493+0.002742444908646339j),(0.0009851921367808342+0.00487163383695449j),(-0.0028922640372537325-0.0005485469676712587j),(0.0015160628037280475+0.0027444169569415464j),(-4.9641858262086625e-05-0.0013965020274252491j),(-0.00040880450318120615-0.0017888853647507242j),(-0.0004973416396579927-0.0009834638480149967j),(-0.0002142084000844441-0.0009161999569065173j),(-0.0002926023601975082-0.0008167826002160877j),(-0.0004090180765106578-0.0006487231643100139j),(-9.268869093784526e-05-1.3464695536685245e-05j),(-3.9213771701620946e-05+0.0005654211698107247j),(-4.257437019123382e-05-0.00010132259348709914j),(-6.111598474076602e-05+5.618098630311143e-05j),(0.00010872771604779444+0.0007613379713400954j),(-0.00023599137921833635-8.107344506616143e-06j),(-8.473081597830991e-05+1.4412134239197554e-05j),(-4.153840517442982e-05+0.000596863878209351j),(6.020537522698796e-06-9.275760106720562e-05j),(2.0074605294168654e-05+0.00010609008377605481j),(0.000331342706383218+0.0009505994633668857j),(-0.00042695215730839366+7.317868441928223e-05j),(2.6533629213913853e-05+0.00010736582232605317j),(0.00034549075839837643+0.0009649478609866206j),(-0.0004503520332365253+7.882098993899607e-05j),(2.4828861935164153e-05+0.00010997231850796676j),(0.0003458885666003658+0.0009607104691710412j),(-0.0004318642571419664+7.765352168691698e-05j),(-1.595571965007863e-05+0.00011788670812731318j),(-2.3201547325270864e-05+0.0007086403173632614j),(0.00025536084862924624-7.551870323661028e-05j),(0.00021197680215405347+0.0002977197801995407j),(8.422193268154634e-05+0.0008935801883314194j),(0.0008801012383233664-8.602564495539149e-05j),(0.00022962267543085268+0.00031082971673230696j),(9.291529424748189e-05+0.000907076024387959j),(0.0009272338796892533-8.720296363910767e-05j),(-4.936938184222869e-05-0.0013965472668651712j),(-0.0004091577117388913-0.001790053408261527j),(-0.0004973312499763208-0.0009835595379941932j),(0.00020827897964175896-0.00031280597165975156j),(-0.00027045958471199504-0.00045592691311020865j),(0.0001195201853940118-0.00012985705480984063j),(0.004480881507877005-0.0013793843239233473j),(-5.270230030556477e-05-0.0012540592979277464j),(-0.00038224385564036536-0.001693505726557197j),(-0.00045385177428807443-0.0008907504371823667j),(-0.00026758654802223306-0.0009539612494013136j),(0.0005195552346824496+0.001050117575886773j),(0.00043046968697002264-0.0005283790248042273j),(-0.00038350227489899574-0.0005611614125367165j),(0.0004222580241239262-0.00025526206562508926j)
9,(-0.005629211161626093-0.0020846257632814494j),(0.0019484282212011805+0.0017375130885320404j),(0.0036807829403566234+0.0003471126748482345j),(-0.0034788651122568577-0.0010001379853513351j),(0.002798639148246401+0.0015140384431134727j),(0.0006550000323152748-0.0004991274019534985j),(-0.2946943367880487+0.0818815513766338j),(0.25564188199295845+0.0013670677114472063j),(0.01795653989153658-0.06858614012242664j),(0.6036564879175308+0.10893009222618229j),(0.34561174451393495-0.014484874579098618j),(0.024246811284777653-0.09389886559749698j),(0.04214686076670714+0.011283446208860709j),(-0.004180728096118816-0.32165787643027277j),(-0.00957414778350775+0.04265894014557539j),(-0.05609483776195747+0.2667508090907149j),(-0.003540693123668017-0.013925804266179787j),(-0.008936742662222722+0.04166985664996789j),(0.020088168227641527-0.012889485587136214j),(0.0010495892906066265+0.0009900067156865607j),(-0.00040151095923418026+0.007535590585299194j),(-0.003943131381211812-0.001493250016747751j),(0.001097264108104895+0.0014572421279380509j),(2.7703878636782054e-05+0.007154306111702242j),(-0.004466575520775551-0.001422102422528269j),(0.0011017787593225613+0.001460260166446313j),(2.9480352130849784e-05+0.007139391592485807j),(-0.0044697435990031726-0.001417071075924304j),(0.0012669355057573748+0.0015094213457012935j),(0.0019579623825359623+0.0026104823958388763j),(9.553769851956633e-05+0.006686650738893714j),(-0.004483139899771901-0.0012793286980090027j),(0.004541084865268396-0.004872337155398764j),(0.0025678132134354724-0.010245946305296754j),(-0.0023731766771890425+1.2833748469147192e-06j),(0.00020632316208429413+0.000299263003229769j),(0.00010981565517195424+0.0006988102922617289j),(0.0038707098615593802-0.01244778386270606j),(0.00442732509814993-0.004931448892912749j),(0.002325730898253296-0.010560888496209623j),(-0.002207060701165373+0.00021135752046137876j),(-0.0026227411925687258+0.0035307642236846876j),(-0.00412559878106531-0.0018645649327559554j),(0.0054387226061039+0.006342601117246745j),(-0.002674026889365469+0.0036264152304705914j),(-0.0040848090688939435-0.0017050170098155825j),(0.005526635829502096+0.006380282970482578j),(-0.0008022021901892487-0.002067232547886076j),(0.0009433389643145897-0.0008127535566093257j),(0.0009266551957506136-0.002374861453444224j),(-0.00028692589906777546-0.0013815529217287457j),(0.0007027673947019563-0.00044260177670791363j),(0.0003732988150596796-0.0016309836748617332j),(0.0002680968184890573+0.00023430923957593758j),(2.2896486864341925e-05+0.0002403275771461473j),(-0.0003529510187412079-0.00014822193386110002j),(0.0002354610948916313+0.0005164089938892258j),(-0.00012059187072669409+0.00023116937559312803j),(-0.0007353081617371588+0.00027314451764324154j),(0.00029294076442987183+0.0002696468369522202j),(7.377344260763919e-06+0.0002716160773158832j),(-0.00033533525359649165-0.0001365999209030843j),(0.00016519474219013164+0.0008238733885998653j),(-0.00030142355775787135+0.00019758489037489295j),(-0.001181979239202513+0.0007509163592808489j),(0.00015465461526626627+0.0008605395929193391j),(-0.00032369292821848785+0.00020273332518095646j),(-0.0012329773427887775+0.0008061183707668874j),(0.00016394731767124522+0.0008326852607914222j),(-0.0003065990223612364+0.00019081588195689727j),(-0.0011965850658844596+0.0007658924103015876j),(0.00038043285929541357+0.00042210378188659465j),(-7.903402899404855e-05+0.00040684643460186696j),(-0.00025614418245648843-8.691219017341757e-05j),(0.0005224797925339981+0.0007515681805003006j),(-0.0003098723121199563+0.0006997761244373388j),(-8.763991801017052e-05+1.9958754422253876e-05j),(0.0005328938726344814+0.0007761483904172482j),(-0.0003271796505133443+0.0007217644534860749j),(-7.51364846937057e-05+2.80145128421813e-05j),(-0.000803113167924856-0.002067649092532016j),(0.0009432170752464668-0.000813367613571734j),(0.0009277179070238922-0.0023749793687434084j),(-1.5203068089702588e-05-0.0002416125598313783j),(-0.00013917180459391244+1.7369869306294852e-05j),(0.0007342464820987869-0.0007580195490105796j),(0.005669487201861987+0.0009105662301657352j),(-0.0007780071757928404-0.0019134584852298665j),(0.0008638286551779442-0.0007938025668181902j),(0.000887818509426644-0.0021274189300240064j),(-0.00031271187781027436-0.001510910662974662j),(-0.000283336461406896+4.8455463261831005e-05j),(0.00033360992086868226-0.0002038914582530744j),(-0.00013308205665929992+0.00022889497273517823j),(0.0012771029564882452-0.00125850686765827j)
10,(0.004625454362919154+0.003440236430410726j),(-0.0017504577267644704-0.002639526971869914j),(-0.0028749966360784463-0.0008007094585677735j),(0.002753440439335133+0.0016541722679530744j),(-0.0023515356057485157-0.0023574024962882702j),(-0.00046324391325884746+0.000669611664813213j),(0.2577596324302576-0.005363201242629928j),(-0.27195294016133087-0.08199923859965694j),(-0.009170133612357065+0.07928093929162172j),(0.34561174451393495-0.014484874579098618j),(0.6297639113498091-0.10845857158335896j),(-0.012602576593243302+0.10862168663996248j),(-0.07280445628900843-0.00786630208252338j),(-0.07386396997675494+0.2661212076737293j),(-0.001310059627582764-0.043580568396077365j),(0.11651612095285666-0.1547345965482878j),(0.00833004694282387+0.02624452539800334j),(-0.007668799953135661-0.05472709457207141j),(0.008505180818038163+0.04018727906805381j),(0.0006070483359261001+0.0006051326503216502j),(0.002843855208315996+0.006106999628324879j),(0.0005202615533567915-0.0022051849223269225j),(0.0007663138386081608+0.00011436531597564577j),(0.0027404817370058937+0.007104699933592998j),(0.0005842608265913211-0.0028302402992561064j),(0.0007616860959430121+0.0001043940480359622j),(0.0027437061573717843+0.007109095531347608j),(0.0005789769637672502-0.002838631431577194j),(0.0006201899871555061-0.00020756517700714662j),(-4.940207575268238e-05-0.0014128519276959597j),(0.002762640511115829+0.00693377186278587j),(0.00042161921296826914-0.002980541551924893j),(-0.001244645188695566-0.0034194486873412476j),(0.0006734639893442047-0.006208056071101561j),(-0.004303178384346587-0.0010943047128735848j),(-0.0003301858146987518+0.0015255727271344468j),(0.0006189755802559995+8.626807637447545e-05j),(-8.845642572327499e-05-0.010022023264918042j),(-0.0014160723093512356-0.003336010205110285j),(0.0005324394764588784-0.006138703239740299j),(-0.0044603104914343675-0.0009079037016488569j),(-0.0030440378528641837-0.002372055832859989j),(-0.002681319406139965-6.743279157771199e-05j),(-0.0005525272171912178-0.003986203917059265j),(-0.00301000887163541-0.0023264260152969455j),(-0.0026363614001973547+6.033144710743132e-05j),(-0.00046966525409095636-0.00398973333492795j),(0.0039005608210743044-0.0008237581110020404j),(0.004262963248020464-0.00013090061098478814j),(0.0031926940067410403-0.0013629468581417136j),(0.002209610607235176-0.0003704505882395359j),(0.0023737362363262793-6.412612902941418e-05j),(0.0017306292906142293-0.00039566464495648253j),(-0.0005698901952404158+8.480908410094141e-05j),(-0.0005126920238085362-7.608914945512568e-05j),(-0.0004056269372848481+0.0007248225932319448j),(-0.0012288823066439795+0.00011279636954425573j),(-0.0012369271174922924-2.7397953174472696e-05j),(-0.0010647388279265899+0.0008042015862178283j),(-0.0006024688031644821+9.879819257328781e-05j),(-0.0005426013235349911-8.415761316605766e-05j),(-0.0004091696908331154+0.0007607472253025801j),(-0.001945850702287468+0.00012335920360125128j),(-0.0020470402189858928+2.8502193758873657e-05j),(-0.0017897599254771723+0.0008605431058773612j),(-0.002017422955895607+0.00012456640905858128j),(-0.0021188875033162544+3.0280309641552133e-05j),(-0.0018635903632308586+0.0008660804013343528j),(-0.00197467223801701+0.00012338207774230826j),(-0.0020854720007796304+3.304697148999707e-05j),(-0.0018181282551471196+0.0008624353656204838j),(-0.0007120689989636476+0.0001464547564739064j),(-0.0006451116342975962-0.00012584907809572133j),(-0.00039054879071483313+0.0008986353957589308j),(-0.0008807293539964778+0.00021987861586342193j),(-0.0008068066003475095-0.0002329075670410326j),(-0.00027919311369955076+0.0011573691635295015j),(-0.0008929950874137746+0.00022541207239460298j),(-0.0008186693924478243-0.00024074017878207866j),(-0.0002704755225429234+0.0011766155024245956j),(0.003902087353722299-0.0008245164688460882j),(0.004264786024331496-0.00013098581414277936j),(0.003194194524281832-0.0013644591781067981j),(0.0009582280060805666+5.346363867517103e-05j),(0.0008816030783087124+2.2208130644256713e-05j),(0.0009761239490448351-0.00015941295117595706j),(0.0022458440795059295+0.004725913190807486j),(0.003605610383204695-0.0007799594130672013j),(0.003931603134613008-0.00011054600151183102j),(0.0029812863519848086-0.0012892836318832315j),(0.002309380988961505-0.00037489377284275166j),(-0.002350301790556878+9.911150981002995e-05j),(0.0016807837725432713+0.00021817975545867108j),(0.0014263855270892328+0.000132332653407462j),(0.001768421822367794-0.000132083802997679j)
11,(0.0010262336932053175-0.001195076315931269j),(-0.00012277830955045543+0.0009555713747408239j),(-0.0009034553836742508+0.0002395049410982927j),(0.0007142769364670564-0.0005349962702409602j),(-0.0004787429835480636+0.0007814089806058033j),(-0.0003060184993800426-0.00029578825985625414j),(0.01817962243225574-0.0688501914401172j),(-0.010930179572211842+0.07678300264377809j),(-0.04476006908386125-0.01696382512651854j),(0.024246811284777653-0.09389886559749698j),(-0.012602576593243302+0.10862168663996248j),(0.9380894195647456-0.033477162734035594j),(-0.004646659141978425+0.023751000698646156j),(0.07628790859320138+0.09237181624094182j),(-0.045185318632062-0.0023478374224268905j),(-0.03520137202660135-0.07232667170634027j),(0.009492739400373297-0.0047307102585619695j),(-0.05118127722227219-0.01349956123397459j),(0.03899571596545606+0.010520298429512676j),(-0.002202185467075544-0.0002793822174064712j),(0.004322742546663011+0.008100664585197384j),(-0.0024749317664653223-0.0019906550767911846j),(-0.0026153542206226177-0.0004073408286503575j),(0.005136243309383895+0.008703316133417984j),(-0.0030516405853254656-0.0023908994293021886j),(-0.002617445169251015-0.00040769188203614547j),(0.005145961015319333+0.00869658523217011j),(-0.00305915378566784-0.0023906371428559846j),(-0.002641514288589613-0.00046178412412135883j),(-0.00324597943887705-0.0004505936960372218j),(0.005232514891930526+0.008308312867765837j),(-0.0031404671903711673-0.00234603272406835j),(0.0010745856821943022-0.003123896305251001j),(0.0019996055059681344-0.009558019019250005j),(0.00019246374671224795+0.0007627540610217198j),(0.0007181377399916244+0.0031670160949689077j),(0.0005248764746068434-0.0005218033088227011j),(0.0006419899145815068-0.013131113842232152j),(0.0012219049262384603-0.0028340805175474182j),(0.001832024805086786-0.009662310235399055j),(0.0003689249242025041+0.0011163334844425388j),(0.0017084914812922044+0.007657812723096683j),(-0.004215664255339199-0.0010100894455747963j),(0.0021393676040765445+0.004445345115528639j),(0.0017386916510308322+0.00773805403830398j),(-0.0041614413441321985-0.0009093948923559522j),(0.002172355385672062+0.004455580185764533j),(-0.00011874795695589039-0.0022076264889458867j),(-0.0007657152219061-0.0029435022128094937j),(-0.0007885936969084643-0.0015466975705532137j),(-0.0003476538496176829-0.0014716194929453098j),(-0.0005201482407438117-0.0013607584533700283j),(-0.0006305540384416975-0.0010436844869237036j),(-0.0001299668786769679-4.4141962835923115e-05j),(-3.717545438739888e-05+0.0009106277878341623j),(-5.671097437310723e-05-0.00018702921478645817j),(-8.797617273191685e-05+7.472119802925369e-05j),(0.00019463543332755553+0.0012354684185084698j),(-0.0003416754494489835-2.676303811734129e-05j),(-0.00011604852260957376-5.799791852474341e-07j),(-3.7697298237721576e-05+0.0009627383930289292j),(1.6168661013085358e-05-0.0001749210031403754j),(2.482899942225661e-05+0.0001679583809210748j),(0.0005369286223055827+0.0015551244888284833j),(-0.0006248528152054827+0.00012126179279763928j),(3.3438201418080024e-05+0.00017158476378649013j),(0.0005586279265694021+0.0015796975890264614j),(-0.0006596907670086247+0.00013237633231720828j),(3.166481834865548e-05+0.00017463425743249352j),(0.0005592700804655535+0.0015720846001380405j),(-0.0006320844623010078+0.00012905042362357602j),(-5.7807877682839164e-06+0.00016390174886406921j),(9.227692334340463e-07+0.0011525442665535125j),(0.00038794234522326816-0.0001507295290461185j),(0.00034769018056836034+0.00045745547669381j),(0.0001817289992719378+0.001479634624103545j),(0.001315244418522461-0.00016657898837956994j),(0.0003750059463388596+0.0004789179385887478j),(0.0001962325715113204+0.0015035932510082286j),(0.0013851859480725785-0.00016832416223026782j),(-0.00011833654241717674-0.0022076611678166977j),(-0.0007663135136457766-0.002945400110346657j),(-0.0007886160860730504-0.0015468050091570068j),(0.00031359047890289204-0.0005094433994948173j),(-0.0004161772214099469-0.0007380715708140788j),(0.00015711615473733222-0.00020794984814720158j),(0.006947229248470457-0.0025130836093331635j),(-0.00012029714598868924-0.0019814658868212184j),(-0.0007120388986371884-0.002783857692527424j),(-0.0007225703929719708-0.0014008911412383175j),(-0.00043136660294086746-0.0015347543109821248j),(0.0008256058616891313+0.0017205518267260148j),(0.0006534249921998047-0.0008678906124935416j),(-0.0005671304273693398-0.0009236420436071245j),(0.0006039555116176071-0.0004069896560584584j)
12,(0.000765289197795139+0.0006199370932493877j),(-0.000338816285376475-0.00044752262107155367j),(-0.0004264729126680811-0.000172414472249508j),(0.0004195137653353213+0.0003118007329555129j),(-0.0004229794164339264-0.0004064157047225628j),(-5.4441113670610884e-05+0.0001077353004447641j),(0.035859940494493994+0.007730046280371699j),(-0.05375304095733685-0.008686206478482679j),(-0.00456030970119832+0.016427708828132243j),(0.04214686076670714+0.011283446208860709j),(-0.07280445628900843-0.00786630208252338j),(-0.004646659141978425+0.023751000698646156j),(0.7368197116651449+0.0336529678841959j),(-0.001082580139141683+0.13996473553442917j),(0.06871959152277884+0.05877591364373021j),(0.01927829378993479+0.016863385935659544j),(-0.013121868606647605+0.01231397174595793j),(-0.002234607660861091+0.036195206641556316j),(0.015690116115008736-0.06087649125594949j),(0.010483334926991189+0.009665750485370491j),(-0.007293117176428157+0.030949761719160886j),(-0.022958310471611114+0.005122690243970779j),(0.011963663778413937+0.010293812431607867j),(-0.0071518475744931625+0.030983600099800262j),(-0.024282707552050618+0.005957944664386776j),(0.011974086935867483+0.010271441756845474j),(-0.007147030394340082+0.03094540774346207j),(-0.024274069176204553+0.005960885011451251j),(0.012350675794701881+0.009266995976424419j),(0.01231837152363505+0.009237954608027565j),(-0.006864940833108221+0.029180526148783338j),(-0.023695387031958597+0.005657636450180659j),(0.02688769887095073-0.0328108319817721j),(0.006718227759852868-0.04674259747254576j),(0.0053999120889570915-0.016446550661443914j),(0.0046823538640785-3.937430780338348e-05j),(-0.0012848634383988092+0.008574405872801744j),(0.005838422628258878-0.05713229764619056j),(0.026525165032220625-0.03303867016055009j),(0.00684786589351441-0.047945035846053065j),(0.006896510115642393-0.015814669835986426j),(-0.01120021908424476+0.020435539185153423j),(-0.009827187796323064-0.012653462930808353j),(0.026719087734539446+0.0427273508917774j),(-0.011546402172810388+0.020985646900518948j),(-0.009594128449385638-0.012037940525234018j),(0.026922723332431085+0.043154302532308036j),(-0.007394796221980443-0.012953317896645982j),(0.0035717303572404945-0.0088151903533807j),(0.0075494736237036765-0.014527296428901881j),(-0.002958488703540582-0.008994717398185725j),(0.0031412902840429018-0.005106767468836381j),(0.0036473953013878794-0.010533269758395487j),(0.0021251609097847988+0.00125754598632978j),(0.0005861775460365205+0.001599231995825047j),(-0.0023527164059435972-0.0015329155166456578j),(0.0020123866673776762+0.0033014211804333273j),(-0.0005874577607131009+0.0018687843885494514j),(-0.004054671167121591+0.001434734404185383j),(0.0023241806929079553+0.0014557587660268922j),(0.0005880855935613493+0.0018659286439586145j),(-0.002418444785397027-0.0015068606226383103j),(0.0015458980418673798+0.005590083602287048j),(-0.002190798870288635+0.002030848960653104j),(-0.006129885357397102+0.004868526288434715j),(0.001482419706257069+0.005868198631755046j),(-0.002358579037916333+0.0021124930049877446j),(-0.006364128515081105+0.005270155561064638j),(0.0015321952552633002+0.005653915803206315j),(-0.002255712262450992+0.0019970735259210396j),(-0.006200642416189788+0.0049745825823016045j),(0.0029769704955675824+0.0023444395252164023j),(0.00041457852302647074+0.0030455004102484034j),(-0.002801467053071094-0.0013568869273520388j),(0.0039005970925882444+0.004347093054012847j),(-0.0003905642960827394+0.005663367775135775j),(-0.003893504270473325-0.0009410409307254054j),(0.003966942969703356+0.004497012881342024j),(-0.000452263301020479+0.005859573029290057j),(-0.003976748261344161-0.0009083981231869723j),(-0.007401317677209613-0.012955551343613713j),(0.0035709726134626144-0.008820612031729819j),(0.007556064443643985-0.014526921424632397j),(-0.0009708067880795836-0.0021584577431467402j),(-8.072274104480633e-05-0.0001241222066054124j),(0.0038573385100120726-0.0048740947826041645j),(0.02965726292567528-0.004699775342104286j),(-0.007050666133516698-0.011994811035243238j),(0.00335512110747325-0.008386267850115633j),(0.00708578429765677-0.013010790557089306j),(-0.0031961445315171807-0.009858373146694844j),(-0.002527309748729231+0.0010155241368576262j),(0.0006224077575321703-0.002421893307637496j),(0.0010312071369191534+0.0008298361218438492j),(0.006092573410864-0.007999879064505592j)
13,(0.0027444657908854172-0.0038979837132475086j),(-0.0016315776959148721+0.0007699432173896845j),(-0.0011128880950232027+0.0031280404956385358j),(0.0015095797880816174-0.0025741485334275253j),(-0.0016974373785926175+0.001729300250481315j),(0.00016314844155643384+0.0009139225591399739j),(-0.0024964909413304013-0.24084757804486812j),(-0.05287769550315877+0.19576720305330364j),(0.05676260326906059+0.06795320842391331j),(-0.004180728096118816-0.32165787643027277j),(-0.07386396997675494+0.2661212076737293j),(0.07628790859320138+0.09237181624094182j),(-0.001082580139141683+0.13996473553442917j),(0.8831241176952062+0.07067086910893623j),(-0.017900257485622646+0.03723604151269757j),(-0.024326134085771042+0.012182081254148602j),(-0.007475688213618104+0.06663513810396499j),(0.01158957299740096+0.05142118573695789j),(-0.016649943416087727+0.07567826402760139j),(0.006554859346344021+0.009250367609712857j),(0.014362076269654814-0.003179186785792986j),(0.009819410428239691+0.011842563814317782j),(0.007276026195147177+0.009582755788197336j),(0.014525057358381974-0.003656619824878995j),(0.010526208918662048+0.011591317246636128j),(0.0072695705457212515+0.009557421916664874j),(0.01451287276510147-0.0036743368311419836j),(0.010521298206420717+0.011560197249927769j),(0.006900320949345109+0.00869661140437262j),(0.007808946632493347+0.009296837850387811j),(0.01394807470276192-0.004199128917090557j),(0.010163729204315677+0.010504486458823615j),(-0.014843951920313353-0.02581433966066377j),(-0.011373988220220989-0.022527168383384j),(-0.009042279999853329-0.028533242447189675j),(0.001832445780275956+0.005671330236103325j),(0.001096662711611151+0.00571713089063028j),(-0.014947701981837909-0.02325485749434214j),(-0.01568194238217179-0.027106565817266712j),(-0.011813412842559155-0.02269176393063419j),(-0.009912429967514649-0.03019681932296579j),(-0.017793449606657786-0.02437562513130632j),(-0.0010374892794411499-0.00026140247024760734j),(-0.01779414242111059-0.03514121201861329j),(-0.01753014710448437-0.024103834793869593j),(-0.0006734697144585942+0.00026856142816904585j),(-0.01762002476967231-0.034928409933555546j),(0.028677447848125544-0.004266527718440376j),(0.029976202408957764-0.002061518188787555j),(0.024881962855634234-0.007372281530456271j),(0.016768359246889485-0.0021528596212950883j),(0.01678496362669532-0.0014323050927293312j),(0.014350412492585738-0.0016423669516418054j),(-0.003845368998543536+2.026022772992934e-05j),(-0.0035258387532244475-0.000814327661986301j),(-0.002505465589068388+0.005121035962605455j),(-0.009013575788331724+0.00025362086389717903j),(-0.009196732602449506-0.000433028340269607j),(-0.006653125204800022+0.00597068471882173j),(-0.004075668220696244+8.188945030111706e-05j),(-0.0036811154690918856-0.0008321467887188641j),(-0.002707341683979277+0.005300961447262958j),(-0.01483734607455783+0.00046725215016218957j),(-0.015754733444662244+6.748558633245388e-05j),(-0.011337555061783031+0.006822279459755979j),(-0.015419060560299173+0.0004996024972758299j),(-0.016325554573726597+9.738855702882271e-05j),(-0.011804577766947592+0.006918877126600028j),(-0.015073693956623451+0.0004685931245566252j),(-0.016074815016080494+0.00010084106729794755j),(-0.011528252020235056+0.006848614030932956j),(-0.004968359097137787+0.00032833704605251656j),(-0.004261633954594295-0.0008906437496719415j),(-0.003512505325638181+0.00602949796838339j),(-0.006696414765460146+0.000819739610594028j),(-0.005339866143619075-0.0009840807604634082j),(-0.0051244109258580806+0.007505379981122895j),(-0.006825256629541701+0.0008579741624452687j),(-0.005420811428587885-0.0009891698684564155j),(-0.005243993088416161+0.0076168530584018j),(0.028688497247844107-0.00427120882480404j),(0.029990260478111257-0.0020621965379397904j),(0.024891565276814805-0.007382383009800659j),(0.006678631175054553+0.00020204731085649193j),(0.0075639990647374+0.00043091131402643547j),(0.005981033888825262-0.0007451010564178242j),(0.005811409304698621+0.02653752746322064j),(0.02653720155566909-0.004098342261001125j),(0.027753539120421188-0.00174213111954798j),(0.023103760351194994-0.007120994620454147j),(0.01758953945339314-0.0022389764070902558j),(-0.018449009681858596+0.0005164589224111761j),(0.011441412535773498+0.0010987900729419332j),(0.012724300225308518+0.000999781672299537j),(0.01032784575518071-0.00014873566637750403j)
14,(-0.0003957462400771876+0.0005630679659291688j),(0.00039330368301733633-0.00015967941091714658j),(2.4425571233889547e-06-0.0004033885549552537j),(-0.00018229967824664713+0.00034579198780152094j),(0.0002800811654118086-0.00027704182364988105j),(-0.00016888802237223282-0.0001106012807830065j),(-0.008294496794679414+0.030603494689836266j),(-0.0005364163515711486-0.03274502883365395j),(-0.029487052212803157-0.0027073011751210553j),(-0.00957414778350775+0.04265894014557539j),(-0.001310059627582764-0.043580568396077365j),(-0.045185318632062-0.0023478374224268905j),(0.06871959152277884+0.05877591364373021j),(-0.017900257485622646+0.03723604151269757j),(0.7730347395641897+0.04542990312578784j),(0.035991616004345896+0.06718477529184436j),(0.002014558361261517-0.05434688945043249j),(-0.09793405886361656+0.0935842410515427j),(0.06946370203662022-0.04265036008288786j),(-0.013295613617124533+0.0002368990486654671j),(0.01085288603256645+0.023262417079271933j),(-0.000902014202899125+0.0070551667661123176j),(-0.015148571476904493+0.0009567988413008545j),(0.013110012866414486+0.02275697471132026j),(-0.001991774018082906+0.007509953454766551j),(-0.015141542317948523+0.0009619143459572918j),(0.013122573285744964+0.022708674427446576j),(-0.001995323175525007+0.007512482849394105j),(-0.014771651210787929+0.0008506929489713062j),(-0.014600380098404774+0.0025988749460169255j),(0.013131923309377132+0.02101907638796823j),(-0.0017780602880106682+0.007250739845093736j),(0.002396676286454673-0.020228128339363754j),(0.0022535554203142244-0.043148398627224166j),(0.016932299143783615-0.015076750102330838j),(0.00776805738265889+0.014476969145017057j),(0.0013195216577875507+0.0047746851122939795j),(-0.0021474122830550026-0.05124873447305374j),(0.0034305411021893738-0.019279990779700856j),(0.0019131993454771365-0.04403265371897522j),(0.017510514025484012-0.014717660103247529j),(0.0179630764168856+0.04960102106747151j),(-0.01045400375378297-0.007782942743449615j),(0.005414846051600721+0.03206462769837545j),(0.018190350055733818+0.0500638256173614j),(-0.010115595918154563-0.00754273985638081j),(0.005336358360029534+0.03238402396641152j),(-0.002386237185310474-0.013893978498754931j),(-0.009668732406542278-0.023180226825029782j),(-0.005369393667373075-0.009472619087733152j),(-0.0026190470123700917-0.010163089694066634j),(-0.005662502064723132-0.01134615679247734j),(-0.0035542128484895236-0.007302484723448001j),(-0.00018036775910519555-0.0012104187827704882j),(0.0007248202699687055+0.006411209999137154j),(7.414653669383692e-05-0.0022446992930818315j),(-0.0001702039123356446-0.00010616726440987513j),(0.002147564716683998+0.009110466794995607j),(-0.0008253303015392583-0.0007825144040507039j),(-4.312261957757678e-05-0.0009598930910247358j),(0.0008461178766553939+0.006828854801731503j),(0.00037992201193651806-0.002217414413905081j),(6.350946920780955e-06+0.001059894186809334j),(0.003985817270781829+0.012001206615174814j),(-0.001774591198033192+0.0008531551984076353j),(6.866678527833649e-06+0.0011465526241106931j),(0.00410325130190281+0.01223519660532659j),(-0.0018978560567480703+0.0010013449834473127j),(2.5072088500806625e-05+0.0011243360773628883j),(0.004102960709160788+0.012150891851540998j),(-0.0017959252288729745+0.0009286663261665381j),(0.0007071342622217845+9.408120743926995e-05j),(0.0014788788782987513+0.008516819943542631j),(0.0018565015830301127-0.0021531322604467886j),(0.0026730278455146575+0.0022682534433124167j),(0.003092631062875823+0.011892381250616202j),(0.005378527761897012-0.0021525625942297203j),(0.0028230933772190004+0.002429516993929951j),(0.00321721887284538+0.012142705831613813j),(0.005643544283685943-0.0021537692248233277j),(-0.002384358167382976-0.01389277447867053j),(-0.009674088201484741-0.023194271335795377j),(-0.005371112357858728-0.009471636673563849j),(0.0013281103031131227-0.003782397023324691j),(-0.0022061795721795264-0.005409765299574492j),(-0.0003396369036210581-0.0014075917353546241j),(0.03832966819964947-0.029302331862180633j),(-0.0022616867798857924-0.012431575524572098j),(-0.008860519895268967-0.02182053163082106j),(-0.005034253282841732-0.00858119476951973j),(-0.0031269772772322645-0.010680760097522436j),(0.005459481424037502+0.01341598855319905j),(0.0029717040185259017-0.006740644764171231j),(-0.00213280391014322-0.007396860584886867j),(0.001185799901889669-0.002686451812221901j)
15,(-0.0028493086714620705+0.002300842737270926j),(0.0013742575493982867-0.00010662155646744926j),(0.0014750511221510191-0.002194221180957745j),(-0.0016591354060721954+0.0016601734354484898j),(0.0016175249296483227-0.0008438950352181485j),(6.769588024169604e-05-0.0007660628027935311j),(-0.04247311749870826+0.19729829282894826j),(0.08661980489543666-0.11459305785237915j),(-0.02675348042227354-0.05475348491714651j),(-0.05609483776195747+0.2667508090907149j),(0.11651612095285666-0.1547345965482878j),(-0.03520137202660135-0.07232667170634027j),(0.01927829378993479+0.016863385935659544j),(-0.024326134085771042+0.012182081254148602j),(0.035991616004345896+0.06718477529184436j),(0.8111316317343258+0.1542343506728422j),(-0.015239437283255608+0.1095646546966928j),(0.06563391084789096+0.02757462127079524j),(-0.05639264397246346+0.1139570787825723j),(0.010336207958429896+0.008739425876982437j),(0.012456474520907363-0.000829309139995826j),(0.019269607356949377+0.010369911443557166j),(0.011785248099086673+0.008502715772750889j),(0.011584928656670617-0.0010466382272575538j),(0.020904904176966197+0.009838334598091678j),(0.01177379863421802+0.008462104033825706j),(0.011561624834572602-0.0010610211564504191j),(0.020899166682583827+0.009793945574335732j),(0.011128917361841765+0.007161982291507508j),(0.011786912421915265+0.006208465270622536j),(0.01077889370225779-0.00166175958355895j),(0.02023387777826645+0.008394757153800907j),(-0.023175022045006165-0.03177695146446767j),(-0.018533058212507128-0.02495889875472015j),(-0.018929324895915263-0.036653242828266173j),(-0.002690184147781204+0.005000052796773275j),(0.003869760281572066+0.006256204452760007j),(-0.022445357576960312-0.02681160960633917j),(-0.024458331538296595-0.0330988756449314j),(-0.018903009588990854-0.025038178294061974j),(-0.020540768487360368-0.03841123493612549j),(-0.02163273749539868-0.026249266379219684j),(0.0022854219593532103+0.004233799934113089j),(-0.022703362474219765-0.03874941014012717j),(-0.021249306444928114-0.025913209379230313j),(0.002762280456283973+0.004823041403576311j),(-0.022394922273836756-0.03847289613860778j),(0.03483955331606777-0.004975690369407017j),(0.03454340220780452-0.004656203916707943j),(0.02997490009363422-0.01096827244111182j),(0.020102889899736798-0.002224320528568441j),(0.01920743165738313-0.00307950207526044j),(0.01708111423788269-0.0031041830714286806j),(-0.0048760162294848525+0.00033946687776525986j),(-0.003929153507829995-0.0011342492509185563j),(-0.003141509575391819+0.006390568266452387j),(-0.011117025531117309+0.0009432434606522974j),(-0.010978328151365338+4.903543673251236e-05j),(-0.00771369766807549+0.007171734092019394j),(-0.005149449466745035+0.0003682110028164912j),(-0.0040196285973023325-0.0011966653935262138j),(-0.003428816249136793+0.00669949706041925j),(-0.01811112287726635+0.0015886438687180322j),(-0.019136562569569728+0.001529696136128536j),(-0.012815773104582703+0.007894032944367156j),(-0.018794661897159955+0.0016632869915310308j),(-0.01982657016174027+0.0016326546690834907j),(-0.013306346354887956+0.007969591014413066j),(-0.018403103813215527+0.0016082725532489683j),(-0.01954642259443014+0.0016190209777835335j),(-0.013033131912610862+0.007919415552089845j),(-0.006162771595066577+0.00045882021009694676j),(-0.004250291168057377-0.0014524417208617822j),(-0.004554828907697503+0.007982902883058961j),(-0.008004817811518267+0.0005858656261553213j),(-0.004422488569559227-0.001981214810195667j),(-0.006745353345193+0.01064426791776196j),(-0.008141407401311349+0.0005972627202110846j),(-0.00443539140426425-0.0020186911491412206j),(-0.006906950700115807+0.010844361370598483j),(0.034853361085283065-0.004981287387171095j),(0.034559978155830645-0.004657352106189764j),(0.02998664859670555-0.010981206417126445j),(0.007903836299369867+0.00014236873401363495j),(0.009507378896002167-0.0003640209922409531j),(0.007037256578217361-0.0011798462066776362j),(0.0068192408911151555+0.03372136831973831j),(0.03224286046580837-0.004779602248023679j),(0.03199161858546737-0.004079109722910364j),(0.027824616583617567-0.01050864912451774j),(0.021077084557313754-0.0022183151873755753j),(-0.02278273285235504+0.0026019833620429776j),(0.013624542366902087+0.0008511932026707871j),(0.0162078035483087-0.0006260238064334086j),(0.012260140432294777-0.0005886578261007744j)
16,(6.320744467676017e-05-0.00031721200794181364j),(-9.515625159316359e-05+0.00018593346756168826j),(3.1948806873358085e-05+0.00013127854057369057j),(2.204547017245396e-05-0.00016160858946517778j),(-5.9081364901278375e-05+0.00019380503353087346j),(5.461081580550436e-05-1.30914231943908e-05j),(-0.002473784105697552-0.010519763850882057j),(0.00623990710526834+0.018376500142975316j),(0.0069856478197979485-0.002521469848965476j),(-0.003540693123668017-0.013925804266179787j),(0.00833004694282387+0.02624452539800334j),(0.009492739400373297-0.0047307102585619695j),(-0.013121868606647605+0.01231397174595793j),(-0.007475688213618104+0.06663513810396499j),(0.002014558361261517-0.05434688945043249j),(-0.015239437283255608+0.1095646546966928j),(0.7988683581263856-0.002580353882954344j),(0.045524842121865354+0.012914567676347154j),(0.030063431111019976+0.04865297452094955j),(0.006068657435118999-0.0008280256139220551j),(-0.018795712776903343-0.002241534575473643j),(-0.0201663531991979-0.01766485404228266j),(0.008725157617035292-0.00014976981152960145j),(-0.02006742355978706-0.0021715461639118644j),(-0.021180115882262266-0.018221837593616737j),(0.00877130074773843-0.00013920619827752917j),(-0.020059001881828794-0.0021496365343024893j),(-0.021169729921388707-0.018197443010804962j),(0.010223892595217486+0.000596642871613734j),(0.015254328313764214+0.0007662113136038193j),(-0.019468301809381243-0.00137997925832445j),(-0.02058126950892642-0.017019542235777375j),(0.023948405130057752+0.03332095952610836j),(0.00600103803754181+0.027411652306565202j),(0.005638750561954287+0.03667721360330713j),(-0.0005615163137989293+0.013572632897540113j),(0.010904619809906695+0.009016359570634605j),(0.009691608174778186+0.030719885503935385j),(0.024456400911648732+0.03371171254383132j),(0.0070570456827229264+0.02713678605599901j),(0.007168100218599455+0.03854593142936091j),(0.02593640792951884-0.003924313481023695j),(0.024199319290297935-0.023547967497662484j),(0.031652863439210435+0.025526401940257338j),(0.02561531116236093-0.004587605360842621j),(0.02399691891957374-0.02446430373458974j),(0.031661644189710854+0.025030796186028874j),(-0.02214906471603427-0.011165064003838838j),(-0.014814758370842228-0.015882005345295994j),(-0.009318276570645559-0.005707375091631349j),(-0.014631028964343498-0.005830310419515065j),(-0.009803703803465236-0.008673853489536632j),(-0.007312375072093735-0.004869383518514899j),(0.0018446449806846757+0.0007751003963259481j),(0.0008034116783157321+0.0007341096882791508j),(-0.000998496169843588-0.0031478307455386563j),(0.006775965753382059+0.0028226508292369308j),(0.003878860057549957+0.0032846168352068817j),(0.0023055618977614245-0.00312439069985628j),(0.0019602795626526832+0.0007671710575157167j),(0.0009112951417327322+0.0007805244222743079j),(-0.001113621645313316-0.0030931820060349155j),(0.012571003073275671+0.004969366038224161j),(0.007644724387669919+0.005986160708891885j),(0.006369051378935016-0.0032408808975277993j),(0.013205782735902007+0.005183961135939394j),(0.008027996557776092+0.006239780409735709j),(0.00681647806676847-0.003270885597109265j),(0.01277613401199681+0.005055386622408944j),(0.0077982097075263955+0.006105051437202164j),(0.006513667070809423-0.0032356811656316297j),(0.002556500620877958+0.0005365960885170343j),(0.001544418843178198+0.0007594799851533812j),(-0.001464141388294693-0.002956649646939956j),(0.004118514449668539-0.00038921710592314685j),(0.003315668901827892+0.00023652470996641j),(-0.0018473679488362205-0.002913757635722058j),(0.004237155048645167-0.00046177548627097725j),(0.0034507095137265515+0.00019370289538132943j),(-0.0018733776417237317-0.002912879342459143j),(-0.02215411613831777-0.01117132132628161j),(-0.014817525858211295-0.015892059567039242j),(-0.009316830258464835-0.005705560731989887j),(-0.006111937216710361-0.0037861546213952936j),(-0.003192364907762639-0.0036507445946495336j),(-0.002554100006355535-0.0016927365468705768j),(0.002673873685125526-0.056380693229613574j),(-0.020400044193705065-0.010389002888232616j),(-0.013510094533223039-0.01491475342941917j),(-0.008597944622472247-0.004972836994998554j),(-0.01571198041393506-0.0056194839172362876j),(0.008419274522342486+0.0067687402356901676j),(-0.010728212279164545-0.00585056268467123j),(-0.006413776160933732-0.005762790189324511j),(-0.0058345245673222315-0.0034072153573528894j)
17,(-0.0003733726560927027+0.0006833693445769206j),(0.0004061430364928311-0.00015326845269662495j),(-3.2770380398040595e-05-0.0005301008917983471j),(-0.0001654234499822908+0.00042367018038026483j),(0.0002754633892258633-0.000334062338668913j),(-0.00018731463534482848-0.0001747341717117381j),(-0.006561122925066399+0.030294771581624635j),(-0.00577114777778872-0.04136876004944455j),(-0.03610569540606298-0.011643620958678332j),(-0.008936742662222722+0.04166985664996789j),(-0.007668799953135661-0.05472709457207141j),(-0.05118127722227219-0.01349956123397459j),(-0.002234607660861091+0.036195206641556316j),(0.01158957299740096+0.05142118573695789j),(-0.09793405886361656+0.0935842410515427j),(0.06563391084789096+0.02757462127079524j),(0.045524842121865354+0.012914567676347154j),(0.729245410879762+0.14281984796237915j),(0.10188052752754873-0.025405040304055895j),(-0.009174473111261731+0.004104118001582946j),(0.018550978689745624-0.04153219535102035j),(-0.01150462705304978+0.002408014061494157j),(-0.01154391148140233+0.005066687755332117j),(0.02189447758219614-0.04369228424900282j),(-0.013467342598322395+0.0040979560226281075j),(-0.011556265125445924+0.005102312930301469j),(0.021919331561209683-0.0436902434834348j),(-0.01347115297526345+0.004144191011383518j),(-0.011905934115208917+0.006265003692846244j),(-0.014490177727889691+0.007148005033125737j),(0.022333632754820636-0.04229882113894054j),(-0.013352953169454292+0.00530555519690061j),(-0.005585842782294903+0.05032186074913946j),(0.015878050406433343+0.04682870643986189j),(0.008984321205084907+0.04299426755518307j),(0.015072621012020107+0.01803011142263259j),(-0.0006566422055345189+0.009639289844612608j),(0.014172109351556089+0.061141181653043664j),(-0.004603026740445562+0.0495146450800172j),(0.01605742755389604+0.04729107669064313j),(0.009873269872270246+0.042066433995692015j),(0.00911455611893238-0.05581426511535348j),(0.012357315067459754-0.031886134429294236j),(-0.006755711622775412-0.06142492121517013j),(0.009176333323958633-0.05682967371886269j),(0.012028276478144024-0.03260013969297762j),(-0.007022805432940968-0.06227844455668807j),(0.007971223541525588-0.0048388530918607245j),(0.011776391176676882+0.008255310073466606j),(-0.0022718256583833633+0.009098752414836967j),(0.005169378722127813-0.0027311407524565467j),(0.0055430053162287725+0.005184335230250688j),(0.00010995569141014454+0.007638319923520434j),(-0.0004340326780673964-0.0019572348162605994j),(-0.003973377217968309-0.000920960442732429j),(0.0022269391581276545+0.0028542690153936182j),(-0.00022190928961897134-0.0022625911547986266j),(-0.0030097562290169614-0.0020476193632926343j),(0.0019725641144432166+0.00296899501686459j),(-0.0007216327978462884-0.0019020533957461291j),(-0.004529304595012057-0.0010575877053043067j),(0.002337507069566971+0.0026043787798490092j),(9.478325426555065e-05-0.0027316203967914284j),(-0.0016523475446115665-0.003380596473947171j),(0.0015655454187862+0.003082360356521382j),(9.635985945307193e-05-0.0027883586282552286j),(-0.0015810327012704577-0.0035008978898167075j),(0.0014893029151258497+0.0030939114852263695j),(0.00012564590114511054-0.0027472746503699533j),(-0.0015562967205238558-0.0034446252721158435j),(0.0015679943704162277+0.0030857687536067777j),(-0.0020325078473489087-0.0017508629087294445j),(-0.006996159326827614-0.0016993249399995351j),(0.002734322017610018+0.0014098616231294496j),(-0.005016726089849648-0.0016052701204435915j),(-0.012457522678166725-0.0031960088807595766j),(0.003396387989614405-0.0013847292287779657j),(-0.005241378650581651-0.0015954446313176905j),(-0.012866797197763138-0.0033066811110914127j),(0.0034430092030489886-0.0015941156468950854j),(0.007975284901924451-0.004846438217618696j),(0.011785175384093561+0.008255490042942761j),(-0.0022751212640301187+0.009094132887812906j),(0.001453856033868333-0.0004634284832998026j),(0.0002429748149493185+0.001795982840341563j),(-0.0015158740886860966+0.002161091455381083j),(-0.01598648716796542-0.0255579906979893j),(0.007535739557504674-0.004707795026869931j),(0.010996496596085719+0.007688519974072484j),(-0.002097855033020119+0.008028021052945656j),(0.005558962789806962-0.002735423605166256j),(-0.0003317406205098493-0.0039315665576979235j),(-0.0001934750028459159+0.0004029050183800651j),(-0.0027355556983878083+0.0032579339388926916j),(-0.003533597210522454+0.003484796311919428j)
18,(0.00025992979692084946-0.00031182183121160535j),(-0.0002738809138490504+9.076226453973987e-05j),(1.3951116976714897e-05+0.00022105956685565225j),(0.00012249216774434248-0.00016658351774927687j),(-0.00018079832385940888+0.0001769399987551735j),(0.00013162863587267305+8.333359769518426e-05j),(0.014579942679063136-0.008502082130590248j),(0.006464754073823961+0.028459276396172038j),(0.027514165309699037+0.008552155079908981j),(0.020088168227641527-0.012889485587136214j),(0.008505180818038163+0.04018727906805381j),(0.03899571596545606+0.010520298429512676j),(0.015690116115008736-0.06087649125594949j),(-0.016649943416087727+0.07567826402760139j),(0.06946370203662022-0.04265036008288786j),(-0.05639264397246346+0.1139570787825723j),(0.030063431111019976+0.04865297452094955j),(0.10188052752754873-0.025405040304055895j),(0.6990488257590597+0.041081293590725536j),(-0.017861414895393356-0.014159228459784883j),(-0.028340431659298795-0.0012333793067910792j),(0.03554625776690563-0.010413969507609491j),(-0.020112638528670856-0.015405963971733109j),(-0.030762042861779894+9.062384501674035e-05j),(0.039349879761401974-0.011052478935416457j),(-0.020118534492187343-0.01538303571730483j),(-0.030761179014835126+0.00012889104688276233j),(0.03937479435763169-0.011058654058494849j),(-0.020216877202856986-0.014510397201989978j),(-0.023036888522804305-0.017288842909412013j),(-0.030304566144031+0.0009083642865957281j),(0.03946006725829376-0.010664276531825653j),(-0.002585324895148032+0.04199494528209255j),(0.007401296838843762+0.027915589389371515j),(0.006259616451008557+0.02506408368665744j),(-0.0011036609314892636+0.005019924758103139j),(0.012358063898089161+0.027612388763869768j),(0.016959737165181066+0.03013217220196439j),(-0.0013463837051866726+0.04367895649195021j),(0.008172390880019118+0.02766314708139491j),(0.004813487422550869+0.02630178708347239j),(0.04233234797598254+0.02151330090578481j),(0.026885490383641165-0.021914784407364156j),(0.018520642319165666+0.02506940683711127j),(0.042521989931650093+0.020792887034830024j),(0.026616097828547444-0.023117274893776546j),(0.018439050325718777+0.0246680436182902j),(-0.015114957091388792-0.010838750699638463j),(-0.030764905352456816-0.024045141936844018j),(-0.022355996330834696-0.005352655529478979j),(-0.009263382791142114-0.008875355289511853j),(-0.017339710042355287-0.01184318899728117j),(-0.01281228854624021-0.006263700747952431j),(0.002121377153860628-0.004007374055354548j),(0.0035546382513925276+0.0062985948161225006j),(0.0020763560775328388-0.005537118316031332j),(0.004848239163151678-0.0019184353307813038j),(0.008000659426587611+0.011003233622750049j),(0.006807368601365384-0.005259414487231229j),(0.0022500099438655823-0.004028383296540195j),(0.0038794708655945135+0.006514311059463133j),(0.0020908182807129988-0.005499833982975331j),(0.007764048818208985+0.0007955591718274129j),(0.012883988335116416+0.016686272276784327j),(0.012022586349515772-0.004625368995333997j),(0.008077001143271888+0.0010240952735800328j),(0.013334577086356526+0.01712940820133727j),(0.012586423684123358-0.004611517470561913j),(0.00786839947303213+0.0009357781635217343j),(0.01310525689644767+0.016997766131416556j),(0.012208069450537224-0.0045660404257971115j),(0.0026668911532637058-0.003960684195408572j),(0.005121140570825192+0.0075276231019361615j),(0.0019520546137298772-0.0051315876321587454j),(0.0032416677719807625-0.003431627922683214j),(0.007416136856047521+0.00995074357370802j),(0.0012230394420996984-0.0038673217004884086j),(0.003283146000961983-0.0033905092437588377j),(0.007586967497539001+0.0101322936292463j),(0.0011667788112760561-0.0037711285875226524j),(-0.015117033305466845-0.010838095992074472j),(-0.0307772674752234-0.02406049703641806j),(-0.022364405408530234-0.00534867490362223j),(-0.003930238266544221-0.003588657083787687j),(-0.005012279697298411-0.00725081546733165j),(-0.006652887281499646-0.0012330711876585645j),(0.00499325573757667-0.08013290780814301j),(-0.013892849715102067-0.009728221958111256j),(-0.028242270891098382-0.022616781237224805j),(-0.020816922003422153-0.004751798719728407j),(-0.009791124229001929-0.008947269584541609j),(0.014473146013090498+0.019923545031114973j),(-0.007584999679427329-0.0071667129530890985j),(-0.007772771431930795-0.012183742828890275j),(-0.010884147004663761-0.0028668655146438116j)
19,(1.1715682691130492e-06+4.551035643881094e-06j),(1.3148954039854328e-05+1.054366817313094e-05j),(-1.4320522236854263e-05-1.5094703832278417e-05j),(5.147026844414549e-06+7.828714096269979e-06j),(3.955668022877655e-06+2.6303852878179305e-06j),(-1.0563177533833738e-05-9.81363933941831e-06j),(0.0006011128860609078+0.0005673161926547507j),(0.0003400114956379299+0.00029145796504982625j),(-0.001405198807741409-0.00021709176424590223j),(0.0010495892906066265+0.0009900067156865607j),(0.0006070483359261001+0.0006051326503216502j),(-0.002202185467075544-0.0002793822174064712j),(0.010483334926991189+0.009665750485370491j),(0.006554859346344021+0.009250367609712857j),(-0.013295613617124533+0.0002368990486654671j),(0.010336207958429896+0.008739425876982437j),(0.006068657435118999-0.0008280256139220551j),(-0.009174473111261731+0.004104118001582946j),(-0.017861414895393356-0.014159228459784883j),(0.911038162762328-0.0001340825934806234j),(0.00826382868067298+0.060780275641892555j),(0.01098182401262841+0.06528624985143777j),(0.0015296597826827312+0.013858413260605176j),(-0.008545831888936282-0.0032814679009074655j),(-0.014093711434353296-0.009630654481752366j),(0.0021176122277271033+0.01272929872187751j),(-0.008785993796001451-0.0040875643891245565j),(-0.014401928034371821-0.010454878424493266j),(-0.017486701703732885+0.012761157910061174j),(-0.028095380059591193+0.004273468355015503j),(-0.004209827078547398+0.01317501111059051j),(-0.0038694641962606123+0.0075296411191523305j),(0.02213998958194737+0.011277627302264828j),(0.0010356327762801642+0.0225650406227722j),(0.004543628807766315+0.002889864124877785j),(0.013420756110460319+0.014975133908181995j),(0.005880515873404228+0.0064788202248822115j),(-0.0016743027614122834+0.02386213205427027j),(0.02424277664016282+0.010742421368830263j),(0.0019505102352879182+0.020524949454964928j),(0.007072251003629341-1.3293927502065327e-05j),(0.029352335313894445+0.006683232417205659j),(0.01141013055034017-0.004634400875330549j),(0.017764161661202486+0.013621909658987085j),(0.02917433595054634+0.006446913897600604j),(0.011373453059125283-0.005350239131254409j),(0.01779817580401185+0.013619183805641748j),(-0.014523297958556142-0.00027789213358100874j),(-0.016268044125645774-0.011944003134638004j),(-0.008716537607653594-0.0002683481000247956j),(-0.009991840239451948-0.000991428331117866j),(-0.00925794818447943-0.008703250625549186j),(-0.005762056953211088-0.0021216623786812477j),(0.0006942252953304078-0.0024774599349254994j),(0.0030072121815827727-0.003703938828461835j),(0.0005913149239840154-0.004015636543758691j),(0.0036271300014604673-0.002711563817967873j),(0.006075168438342113-0.0019456492929878382j),(0.0022490754826037128-0.004681246719945854j),(0.0007872214980197251-0.0024944013626929397j),(0.003154878836335587-0.003696888973299889j),(0.0006618081846072672-0.003991211750978135j),(0.0069532712320423806-0.0028032109439108076j),(0.009610146512972942+0.0002725854671438285j),(0.00414794831272838-0.005277279285415477j),(0.00731054212946488-0.002853518898859474j),(0.009937094412153593+0.0004216874378336478j),(0.004348275787713829-0.005374796334444569j),(0.007074236330159429-0.0027804858808609762j),(0.00977172795124405+0.00040916468649889294j),(0.004219580137967234-0.005277171618875582j),(0.0011644438638657077-0.0024716643878905753j),(0.0037786712748635303-0.0036107896535984866j),(0.0009722158162643261-0.0037691512142484975j),(0.0019356681028111743-0.0022020162823003933j),(0.005103423033773532-0.00327827698467722j),(0.001660061119693221-0.003034088485309021j),(0.0019931068729900354-0.00218202143045407j),(0.005202275618309065-0.003254634474668676j),(0.001711503821848001-0.002979381357667947j),(-0.01452497635800308-0.0002761872004857528j),(-0.016274531412297052-0.011947536080905295j),(-0.00871778175510946-0.00026472569209469443j),(-0.003824031261079746-0.0011967734529033654j),(-0.0034243176216930135-0.0031808610888636687j),(-0.002698600966570771+0.00046470092909633824j),(0.0004663703897156207-0.04228005548410568j),(-0.013301832208747562-0.0001302342231442031j),(-0.015037839432525645-0.011167699310035441j),(-0.00806277441513689-0.00010571407751132356j),(-0.010721104545402163-0.0006416809246767284j),(0.01079794356640872+0.0019208894521021667j),(-0.0069091416085136645-0.0024472176615660947j),(-0.005999422308997922-0.004599112171193411j),(-0.005103492365076972+0.0005379830113478745j)
20,(-2.0763935943256305e-05-7.421592743740832e-06j),(-4.6798300337979335e-06-1.3791598670259061e-05j),(2.5443765954163973e-05+2.121319136928711e-05j),(-1.795846640499356e-05-2.0925555340420907e-07j),(5.563763491813312e-06+8.787416505394595e-06j),(1.0213787672211515e-05+2.4571019606373175e-05j),(-0.00018535870836938078+0.0050333007013177505j),(0.0018559859051671887+0.00455503336401941j),(0.0029972354999281818+0.005590975105038242j),(-0.00040151095923418026+0.007535590585299194j),(0.002843855208315996+0.006106999628324879j),(0.004322742546663011+0.008100664585197384j),(-0.007293117176428157+0.030949761719160886j),(0.014362076269654814-0.003179186785792986j),(0.01085288603256645+0.023262417079271933j),(0.012456474520907363-0.000829309139995826j),(-0.018795712776903343-0.002241534575473643j),(0.018550978689745624-0.04153219535102035j),(-0.028340431659298795-0.0012333793067910792j),(0.00826382868067298+0.060780275641892555j),(0.8645507040413603+0.030155160124882067j),(0.029658159085184703+0.09232824827444727j),(-0.008569583181736475-0.003592574356662527j),(-0.009953114842701385+0.03719833500967201j),(-0.012096354638671591-0.02417081136612188j),(-0.00860921934866517-0.0045525431889803705j),(-0.009110402443608747+0.035466487007098j),(-0.012670281827504544-0.02538173695215958j),(-0.0009289610654239105+0.01731586990762771j),(-0.003029715087466267+0.01910542805148771j),(-0.03911444922813326+0.028280550960634088j),(0.0008859420298215296-0.0006943075692714964j),(0.008815371360369917+0.020958592961965734j),(0.03862117544722311+0.01075696407632492j),(-0.006290028350544293+0.015326605186168268j),(0.004470691344442629+0.007751451300722939j),(0.009550570821859339+0.01933351126434019j),(0.05721968677649736+0.006561266825173748j),(0.008542098759511658+0.017716654939481977j),(0.037762164235567136+0.009391719935254846j),(-0.0030646932743039097+0.010479912960323617j),(0.00032085577541503783-0.028846440238988323j),(-0.001683567949002437-0.02380915518844346j),(0.007823843526975105-0.026819073184038467j),(0.00028933965211600746-0.02925373720224066j),(-0.002170486486829089-0.024084944686348676j),(0.00794600619448755-0.02701925388366085j),(-0.005165191878140717+0.0004496811226077017j),(-0.004856409286453695+0.015026828510878288j),(-0.008127931201512829+0.01045357490421585j),(-0.001883181648677755-0.0018553718965282893j),(-0.003174206335934513+0.008783017116017713j),(-0.0040900591213931334+0.007171521419246768j),(0.0029638416630138405-0.006282188067258098j),(-0.0008236487500620667-0.0014022891669162292j),(0.0021490614896059563+0.0013326707909307352j),(0.004735462145242943-0.007383476481838473j),(0.0013848716016736833-0.005095989052730298j),(0.00438762626790274+0.0008539948099727863j),(0.0029486062477405003-0.006342425640868095j),(-0.0010081791705322705-0.001382272525503935j),(0.00213520224050541+0.0011265203109498852j),(0.006842245376303005-0.00871632744371153j),(0.0040867874741924845-0.009574372584974442j),(0.007013358856275306+0.0002913721782890055j),(0.007019683923683509-0.008813944300254012j),(0.004296638372353689-0.009898798794181315j),(0.007260329421506784+0.000273055237847433j),(0.006947879288231207-0.008792552434174414j),(0.004234426823235253-0.009834633976416235j),(0.0071294474637138075+0.0002458580456746283j),(0.0028677564131266244-0.006627248557616505j),(-0.0018363567876676673-0.0013010258777431047j),(0.0020578942810477786+0.00019216007590808302j),(0.0026824867243846503-0.007283388740687775j),(-0.0036690305524730454-0.0011366602303263616j),(0.0018687227861622707-0.0018942068312641893j),(0.0026677904294348303-0.007334448656512442j),(-0.0038059747201415303-0.0011252103693717985j),(0.001854349777808263-0.0020507037647475783j),(-0.005168698005816414+0.0004497021322288743j),(-0.004857895892390607+0.015031138631530912j),(-0.008131465889080038+0.010454324962736999j),(-0.0016875251648272671+0.0009095216542919209j),(-0.003090461121173181+0.0038250262013344986j),(-0.0026315582227855925+0.0021377559409920914j),(-0.005938266440426455-0.03524623519945396j),(-0.004787114000665557+0.00031219672743559856j),(-0.004498098193214497+0.013850810328390615j),(-0.007448730075897053+0.009574073954238385j),(-0.0019122867937773744-0.0017594990403420098j),(0.005581710507191471-0.0125167150138485j),(-0.004396690487202534+0.003330800502329011j),(-0.006645802955791282+0.006933536941196291j),(-0.005439202570657156+0.004188717203016457j)
21,(-2.8804663415478915e-05-7.133419867083382e-06j),(1.9187649337587908e-05+7.1944579718126955e-06j),(9.617014116113358e-06-6.103816256492701e-08j),(-1.5875238537520648e-05-7.2115552913342335e-06j),(1.643199018145628e-05+1.990279322932893e-06j),(-4.977600059001931e-06-6.816673147963811e-06j),(-0.0025228169398112386-0.0011960110507907415j),(0.00023275011057220622-0.0018279066115883826j),(-0.001796578818397098-0.001596498293983721j),(-0.003943131381211812-0.001493250016747751j),(0.0005202615533567915-0.0022051849223269225j),(-0.0024749317664653223-0.0019906550767911846j),(-0.022958310471611114+0.005122690243970779j),(0.009819410428239691+0.011842563814317782j),(-0.000902014202899125+0.0070551667661123176j),(0.019269607356949377+0.010369911443557166j),(-0.0201663531991979-0.01766485404228266j),(-0.01150462705304978+0.002408014061494157j),(0.03554625776690563-0.010413969507609491j),(0.01098182401262841+0.06528624985143777j),(0.029658159085184703+0.09232824827444727j),(0.8664772766009468-0.017941261947480996j),(-0.014603264715588388-0.01015024097707777j),(-0.012247469608153247-0.024031796492825518j),(0.0020075523657198807+0.016541648140044704j),(-0.01471699059058051-0.011127034631454789j),(-0.012832413714983355-0.02524864154605469j),(0.002967619864474421+0.014972347273889741j),(-0.0003385718981484334+0.01128560378254427j),(-0.006452405729915894+0.018512932601591047j),(0.00011548827472609383-0.0014955832316365103j),(-0.033294749203828466+0.001227310780124058j),(0.004993119262562221+0.000642855810602562j),(-0.011399623982565842+0.020723585022296365j),(0.04335043223268907+0.017120755821610715j),(-0.0031802366925977395+0.015437719955587348j),(0.009389482919306389+0.011340777116706632j),(-0.017911915822594347+0.022620369863936382j),(0.00804108383890148-0.003079806152103317j),(-0.006183176732485782+0.01645876312568463j),(0.04353756995359183+0.018776838844007666j),(0.016558517157849808+0.009504509273381088j),(0.01697068484211712-0.01121700222204505j),(0.024489957759319385+0.01768488796276931j),(0.01655140482040531+0.009447157817949352j),(0.016907717488384662-0.011858532273086158j),(0.02400708029760242+0.017338781061256643j),(-0.011152207174755673-0.004080899497095296j),(-0.0224082274897752-0.003035592994087205j),(-0.01497173622011001-0.006558248970687861j),(-0.005369699373472462-0.004159083518245126j),(-0.011577618401715766-4.0706685578840713e-05j),(-0.008612364720424906-0.005846980010307478j),(0.0023515993824694903-0.004621686189053871j),(0.004100361504228215+0.0031184319349648625j),(0.0006157544505694696-0.004892799272549752j),(0.004569839906871667-0.004221758314020134j),(0.007749407909690867+0.004638758042271005j),(0.0032413163210765405-0.0051032445084383754j),(0.0023928207068847707-0.004708935741339688j),(0.004310833282135404+0.003036122644451663j),(0.0006708128112845569-0.004836458693685363j),(0.007046256292468563-0.003797861063471534j),(0.011884788460465+0.00632679737444026j),(0.006171565346896363-0.005436500479910309j),(0.007293178719543948-0.003786421447552921j),(0.012246138405693071+0.006448307629846679j),(0.0064712503656396796-0.005502328171173644j),(0.007147124308772375-0.0037624455722279097j),(0.012085456373080476+0.006423707818447849j),(0.006286295584844212-0.005431759491010748j),(0.0024873215079481486-0.005170881491870355j),(0.005136978989419023+0.0025377586680059294j),(0.0008206658502516553-0.004663299799119274j),(0.0025287660916724925-0.006368895661957821j),(0.0067452896050840625+0.0011573894445491267j),(0.0009699399494182822-0.004469839026296506j),(0.002530929745980956-0.006461271363903049j),(0.0068649950380173606+0.0010511188529666272j),(0.0009799719551544337-0.00445855574113456j),(-0.011157051678275338-0.004079639863796895j),(-0.02241871859605691-0.0030401183869037604j),(-0.014976267691090402-0.006556793381120621j),(-0.0034090040869205495-0.0001969596352866679j),(-0.004853719391174855-0.0016078182664871973j),(-0.00337816940245102-0.0030221317355821993j),(-0.0073294237604063514-0.050443217909362195j),(-0.010351028694529158-0.0036832335054543877j),(-0.020644660290366594-0.002996749332501322j),(-0.013831110460823023-0.005875585132964004j),(-0.005251334376558742-0.004051027366605978j),(0.013568489685816438+0.0073947992686962324j),(-0.00605255579472005-0.00041458054779185854j),(-0.007540212306235226-0.0030076418251537562j),(-0.006327356191958901-0.005121778996056099j)
22,(-3.3584111613455742e-06+1.081467383851229e-05j),(1.7730194687160776e-05+9.608901696007201e-06j),(-1.4371783447235977e-05-2.042357555180416e-05j),(3.2901234896358253e-06+1.199574775072473e-05j),(7.385108232880272e-06-1.239346711999898e-07j),(-1.233448126173055e-05-1.167159297438163e-05j),(0.0006119857676219748+0.0009037335932866727j),(0.0004472243192642682-7.849829796556041e-05j),(-0.0016791235861396954-0.00032572481286254843j),(0.001097264108104895+0.0014572421279380509j),(0.0007663138386081608+0.00011436531597564577j),(-0.0026153542206226177-0.0004073408286503575j),(0.011963663778413937+0.010293812431607867j),(0.007276026195147177+0.009582755788197336j),(-0.015148571476904493+0.0009567988413008545j),(0.011785248099086673+0.008502715772750889j),(0.008725157617035292-0.00014976981152960145j),(-0.01154391148140233+0.005066687755332117j),(-0.020112638528670856-0.015405963971733109j),(0.0015296597826827312+0.013858413260605176j),(-0.008569583181736475-0.003592574356662527j),(-0.014603264715588388-0.01015024097707777j),(0.9479072050057193-0.007861285371267243j),(-0.0006287805604922606+0.041131550635722325j),(0.001207481274664725+0.04391157335831999j),(-0.051669931632480105-0.0023784057366286024j),(-0.0003213813726340469+0.041620340232610645j),(0.0013178560606330251+0.04077482169719426j),(-0.0020599538487471886+0.03869471082087081j),(-0.030337077489863883+0.0066563794217327655j),(-0.003909372661376747-0.008641594406756175j),(-0.011014576356728667-0.018898692274977237j),(0.02281865974601084+0.011921890932102762j),(0.0013011634034829768+0.023728713651681055j),(0.00620156873314018+0.002424071361181294j),(0.014631630009593687+0.015990877825016733j),(0.006332859382734869+0.007212859951587873j),(-0.0018870922721930831+0.02601301798270408j),(0.02597563619930502+0.011059968053383102j),(0.00205301141334148+0.022677849619020155j),(0.00634538961577448+0.0005628806301579041j),(0.0319499255825567+0.007376770956663756j),(0.012085392169454768-0.004855955050655556j),(0.01920215273049691+0.014134349332968189j),(0.03174697964272571+0.007165280677646469j),(0.011970516620814733-0.005673146255668206j),(0.019201799325219857+0.014072062781190116j),(-0.015496996533439132-7.044120225304165e-05j),(-0.01752640881292118-0.012848944226329494j),(-0.009437589956149213-0.00022468402522980713j),(-0.010664012030447824-0.0009555657554865032j),(-0.00992542181774124-0.009401031606087728j),(-0.0062039576517652776-0.0022401624915055034j),(0.0007093451845815868-0.0027270846507193376j),(0.0032986995896571785-0.004084949771637307j),(0.0006683831715177705-0.004339084733438761j),(0.0038255494246300908-0.0030341412864747412j),(0.006611654737538056-0.0022052693281182966j),(0.0024228076748295077-0.005068568524244144j),(0.0008083425342853118-0.0027455082570486487j),(0.003456253266680807-0.004078449496548639j),(0.0007489111807960465-0.004313887397123571j),(0.007355050957895244-0.003193639012959267j),(0.010424196630071709+0.0001700372811783389j),(0.004425862684897432-0.0057246161951445065j),(0.0077337437130955925-0.0032550281818654967j),(0.010775907024525196+0.0003280168740161758j),(0.004636662397218467-0.005831634532592233j),(0.007483618237086896-0.0031709619343676483j),(0.010598955570911568+0.0003173163755713212j),(0.004501667538552605-0.005724741879447846j),(0.0012063672564945314-0.0027200348583331082j),(0.004116488778191321-0.003989832619817918j),(0.0010996142521585684-0.004080043688841582j),(0.0020111874308725154-0.0024243278258412205j),(0.005506724356672092-0.0036394629183872846j),(0.0018672577497625214-0.0033008010010711717j),(0.002071062399561066-0.0024023952040471107j),(0.005610384802567668-0.0036145993644528347j),(0.0019245929481494213-0.0032428394175203143j),(-0.0154987473015376-6.845281750926047e-05j),(-0.017533482090462828-0.01285269172997023j),(-0.009438984639178428-0.00022082245490476562j),(-0.0040791760640211385-0.0012228532204797953j),(-0.003687484876528921-0.0034335028482564795j),(-0.00292311505760636+0.0005213782239190147j),(0.0002688509232600684-0.0453671169601574j),(-0.014192933690956961+7.595197537471014e-05j),(-0.016204259094498037-0.012014328769044982j),(-0.008726736816730776-5.900023963118298e-05j),(-0.011436093890632337-0.0005773762543474309j),(0.01171800006781369+0.0019615302765974597j),(-0.007370708832761528-0.002545785906772605j),(-0.006452522830233466-0.004953695167131802j),(-0.005503770358807994+0.0006227084332791978j)
23,(-1.1708388675309448e-05-1.531109286912289e-05j),(-1.1840194228360932e-05-1.3747829132042154e-05j),(2.3548582878979274e-05+2.9058921955035657e-05j),(-1.3418004979704306e-05-5.193415008514253e-06j),(-3.224355158747435e-07+1.2407503943082019e-05j),(1.2399053405462679e-05+2.8379179081879118e-05j),(0.00012955187794675966+0.00474878692569399j),(0.0017745658471127017+0.005301463295225543j),(0.0035584389278076043+0.006045496263782316j),(2.7703878636782054e-05+0.007154306111702242j),(0.0027404817370058937+0.007104699933592998j),(0.005136243309383895+0.008703316133417984j),(-0.0071518475744931625+0.030983600099800262j),(0.014525057358381974-0.003656619824878995j),(0.013110012866414486+0.02275697471132026j),(0.011584928656670617-0.0010466382272575538j),(-0.02006742355978706-0.0021715461639118644j),(0.02189447758219614-0.04369228424900282j),(-0.030762042861779894+9.062384501674035e-05j),(-0.008545831888936282-0.0032814679009074655j),(-0.009953114842701385+0.03719833500967201j),(-0.012247469608153247-0.024031796492825518j),(-0.0006287805604922606+0.041131550635722325j),(0.9149840702083676+0.009895737616438739j),(0.012072103406581667+0.05216970208374582j),(-0.00042868340430948413+0.04156631720552315j),(-0.08456098913614912+0.0185267968413651j),(0.012149467425360045+0.04594544697033942j),(-0.0025646865450037895-0.013331384259019169j),(-0.0023002436316178097+0.019708198641120115j),(-0.016242882283852685+0.0722457915902498j),(-0.007642349073379596-0.035619642463179765j),(0.009596339297291014+0.020626073155664386j),(0.03796763264075477+0.010322562975595126j),(-0.003446821463230613+0.014538478135805144j),(0.004334352230914304+0.007956557064626864j),(0.009930985308422235+0.01982809085932162j),(0.05801807311053635+0.005665230104943131j),(0.009180475768218748+0.018534818885698773j),(0.039515324150795075+0.008906552392307057j),(-0.005060033614264773+0.010995299195399445j),(7.02647423802584e-05-0.028889520232750588j),(-0.001512286010938081-0.024082600900145665j),(0.007736903868567178-0.026629278329687055j),(-5.3475568711778936e-05-0.02935657240576149j),(-0.002053524958299243-0.024316022634794165j),(0.007825280087640458-0.02691418130403981j),(-0.005485830400759806+0.00035283793049109254j),(-0.00516172582923298+0.015119036395448404j),(-0.008288907427368826+0.010622257720535993j),(-0.002033105963521371-0.0019927513007743317j),(-0.0033615019417104867+0.008834041187791833j),(-0.004174466407903513+0.007271155319738265j),(0.0031018012994738376-0.0064708290452342755j),(-0.0008068016509676808-0.0014040968064673405j),(0.002195218927600331+0.001349603529286919j),(0.004939789248210269-0.00757771135868801j),(0.0014311825753075174-0.005164070250986261j),(0.004525198086732823+0.0008497248528622184j),(0.003090727478351453-0.006532545718883092j),(-0.0009858305971031647-0.0013777187314499674j),(0.0021753155457026854+0.0011426714843649746j),(0.007122095230968224-0.008917960497861564j),(0.004166252116585068-0.009725324536000677j),(0.007259160111725964+0.00026215570125836407j),(0.007307375733638194-0.009014690873034805j),(0.0043800619674829715-0.010054522464049372j),(0.00751783330529221+0.00024250316236078913j),(0.0072306171092480324-0.008995422218556313j),(0.004314845318229774-0.00999112000109024j),(0.007379164750681256+0.00021496738250216838j),(0.003027549106635019-0.006823354048875214j),(-0.0017889523891838916-0.0012677481226502233j),(0.0020713729247832796+0.00020575519121134728j),(0.002880820016721729-0.00749099998977076j),(-0.0035643376191290934-0.0010385134863908213j),(0.001824967015569492-0.0018842954556989688j),(0.00286900128449807-0.007542967175901369j),(-0.003696964418135961-0.0010222542787937956j),(0.0018063695066784212-0.00204106127815065j),(-0.005489551205186826+0.00035290053568025944j),(-0.005163350287946516+0.015123363574522935j),(-0.00829251975931742+0.010623084783186265j),(-0.0017720971069930353+0.000888667304180633j),(-0.003160133040277117+0.0038783095195529245j),(-0.0026874803731074246+0.0021709015556654753j),(-0.005808203050869405-0.0361964226390661j),(-0.005087264542571093+0.00022145122479477926j),(-0.004780301427236245+0.013934762631912552j),(-0.0075977418259954264+0.00973178768649j),(-0.0020742589145281423-0.0018941907519893799j),(0.005656989432584009-0.012739869259483571j),(-0.004543176567627121+0.003347729596232369j),(-0.006750530934155481+0.007046469954164058j),(-0.005552832135791441+0.00425919237475116j)
24,(-3.508199320819074e-05-4.386519141581616e-06j),(2.387146608778475e-05+7.692121098803449e-06j),(1.1210527161158624e-05-3.3056020163835618e-06j),(-1.9186704920976225e-05-5.706315079214326e-06j),(2.028825639936567e-05+6.048293932121986e-07j),(-6.392629330438266e-06-8.918463590462446e-06j),(-0.0028874895588032164-0.0011579714055046742j),(0.0002699442990161476-0.00228580866197164j),(-0.002201991430048835-0.001899558456194106j),(-0.004466575520775551-0.001422102422528269j),(0.0005842608265913211-0.0028302402992561064j),(-0.0030516405853254656-0.0023908994293021886j),(-0.024282707552050618+0.005957944664386776j),(0.010526208918662048+0.011591317246636128j),(-0.001991774018082906+0.007509953454766551j),(0.020904904176966197+0.009838334598091678j),(-0.021180115882262266-0.018221837593616737j),(-0.013467342598322395+0.0040979560226281075j),(0.039349879761401974-0.011052478935416457j),(-0.014093711434353296-0.009630654481752366j),(-0.012096354638671591-0.02417081136612188j),(0.0020075523657198807+0.016541648140044704j),(0.001207481274664725+0.04391157335831999j),(0.012072103406581667+0.05216970208374582j),(0.9197597810869151-0.03319262973824625j),(0.0011986915732446221+0.04071808378635216j),(0.01215309570861171+0.04595357963101434j),(-0.0798995416137098-0.020118832219152654j),(-0.010682004189126645-0.02403853800063066j),(-0.004923776146359336+0.019249796440560706j),(-0.0077281786000404865-0.034986210727871225j),(-0.004789195070123496+0.05516210516459704j),(0.006446764793981223+0.00011386158269326846j),(-0.008816112246678571+0.020425562520936247j),(0.04139845855984943+0.016835152036272356j),(-0.003147613068464219+0.016147377341045054j),(0.009451637283784741+0.011351976826388482j),(-0.018483584775950825+0.0233826713039971j),(0.007058856557483872-0.0022177759649052477j),(-0.008415012619577344+0.017198388214969967j),(0.0464969593881258+0.018667032065931632j),(0.01690477048781176+0.00919922429308764j),(0.01691959005877134-0.011588661674476594j),(0.025586744770646437+0.018038057831943406j),(0.016840006775346115+0.00907377302006515j),(0.016820830518237587-0.012319335753599232j),(0.025024756052571043+0.01775542692910602j),(-0.011360518039072799-0.004146264800239958j),(-0.02276223990315244-0.0026607137900622525j),(-0.015189412488708285-0.006650586018659751j),(-0.005483091113683912-0.004242906407726075j),(-0.01174731261649318+0.00020294163240716688j),(-0.008768244405689095-0.0059735100369802405j),(0.002399097080501922-0.004751788731043522j),(0.004204781330668618+0.003146044684519584j),(0.0005932146618075161-0.005058160783313443j),(0.004671924017358039-0.004356490209326127j),(0.007944536869603646+0.004645087745234434j),(0.0032329155979177143-0.00527945293763242j),(0.0024405769656910352-0.004840839099374708j),(0.004415833383894227+0.0030564541885816044j),(0.0006527775705759643-0.0050023051751811164j),(0.007213722420809017-0.003939205212215345j),(0.012189090673597592+0.0063082187091792145j),(0.006181160868391643-0.005626206489075547j),(0.007466639094171352-0.0039288408346422965j),(0.012559125860124112+0.006427385822476716j),(0.006481813547960971-0.005693747457081301j),(0.0073176197603761015-0.0039038388291921756j),(0.012395640766491158+0.006403994758836734j),(0.00629714650050287-0.005621822428214567j),(0.0025368538958855987-0.005312402756713578j),(0.005244825980604674+0.0025243080759793277j),(0.0008241118700935929-0.004832157581284876j),(0.002584308316550436-0.0065353946303557935j),(0.006860877772473394+0.0010660717142193833j),(0.001024066707011158-0.004647763578454884j),(0.0025869275495052444-0.006629723240348554j),(0.006981180436970116+0.0009539240432011251j),(0.0010378759079358634-0.004637243569407371j),(-0.011365430809591731-0.004145019667312509j),(-0.02277292614446137-0.002665145136355776j),(-0.01519393460517076-0.006649034473612313j),(-0.0034697296383725527-0.00018087224276601942j),(-0.004979740822367949-0.0015443310249237917j),(-0.0034065020094790604-0.003075822293631958j),(-0.007903192975368902-0.05112677669079711j),(-0.010541440446915351-0.0037455878307032318j),(-0.0209733974228967-0.0026547047562861855j),(-0.014030759020099766-0.00595349794689804j),(-0.0053672851776461125-0.004131807746827667j),(0.013932513378815601+0.007367494963589814j),(-0.006167804853001171-0.00037280067258683693j),(-0.0077575233357032244-0.002926138236417458j),(-0.006400518908619961-0.005208224260573532j)
25,(-3.3462599056402275e-06+1.093866719963676e-05j),(1.7743344125578296e-05+9.541348947137272e-06j),(-1.4397084140569344e-05-2.0480016163853405e-05j),(3.302375037013468e-06+1.2060250241164717e-05j),(7.387363506334375e-06-1.995057743852455e-07j),(-1.2349234949167045e-05-1.1671292377114641e-05j),(0.0006151684287999317+0.0009063599502066848j),(0.00044391425783135534-8.547426384781934e-05j),(-0.0016807922362887316-0.0003260831067511934j),(0.0011017787593225613+0.001460260166446313j),(0.0007616860959430121+0.0001043940480359622j),(-0.002617445169251015-0.00040769188203614547j),(0.011974086935867483+0.010271441756845474j),(0.0072695705457212515+0.009557421916664874j),(-0.015141542317948523+0.0009619143459572918j),(0.01177379863421802+0.008462104033825706j),(0.00877130074773843-0.00013920619827752917j),(-0.011556265125445924+0.005102312930301469j),(-0.020118534492187343-0.01538303571730483j),(0.0021176122277271033+0.01272929872187751j),(-0.00860921934866517-0.0045525431889803705j),(-0.01471699059058051-0.011127034631454789j),(-0.051669931632480105-0.0023784057366286024j),(-0.00042868340430948413+0.04156631720552315j),(0.0011986915732446221+0.04071808378635216j),(0.9484136332302292-0.005381247471857149j),(-0.0003941418034130807+0.04089215476466466j),(0.001405078913041457+0.04340459400880498j),(-0.0032926235124456403+0.037131725708839415j),(-0.030111895441345564+0.006760638405433252j),(-0.003947559171347836-0.00737534627096985j),(-0.010939146780167469-0.017344218653056107j),(0.022815649406529515+0.011923350010464897j),(0.001301923089002499+0.02364717307216841j),(0.006203702672857593+0.0023278350612607693j),(0.014618022734974534+0.015980841623082328j),(0.00633396215619883+0.007217255208375601j),(-0.0018970914563227969+0.025995764381553457j),(0.025917125661251178+0.011075619082918403j),(0.0020429294023094086+0.022677808153206885j),(0.006317734801335278+0.0006144771068583984j),(0.031942119081906695+0.007382745217239094j),(0.012070288167240331-0.004840673072686596j),(0.019187554472767265+0.01412086383875221j),(0.03173725897020757+0.007170300201111291j),(0.01195212327942766-0.005656464154200464j),(0.019184079261378887+0.014058345647823595j),(-0.015482088564651043-7.069090219591866e-05j),(-0.017511048373783273-0.012844720703119109j),(-0.009428774116188983-0.0002250533311217058j),(-0.010654502752682246-0.0009567801039991525j),(-0.009915280781320588-0.00940010431944051j),(-0.006197605629533179-0.0022402373700927004j),(0.0007078146120208226-0.002726957581149234j),(0.003298396005497312-0.004087164282248409j),(0.000668633247343968-0.004338280264004371j),(0.003820287096656305-0.0030339965667726494j),(0.006608275330589616-0.002208969233213451j),(0.0024207136194943596-0.005066953084737515j),(0.0008067956738469914-0.0027453234383909716j),(0.003455864428909257-0.004080603508837315j),(0.0007491758315137533-0.004313158479167026j),(0.007345429555738867-0.0031935454328401664j),(0.010417134900103292+0.0001645514783344031j),(0.004420948597049301-0.005722134220245267j),(0.007723649721925562-0.0032549070214227963j),(0.010768493045729596+0.00032240740007554933j),(0.004631443964523403-0.005829030509317537j),(0.007473839671968358-0.003170890419546305j),(0.01059173125229552+0.000311723991643041j),(0.004496649912090288-0.0057222461086353545j),(0.0012047201297217323-0.0027195992441839748j),(0.0041156477823321245-0.0039916802758599695j),(0.0010998635740472732-0.004079696149084327j),(0.0020092243049487403-0.00242336377938511j),(0.005504718820356776-0.0036405790633164824j),(0.0018672872815907364-0.0033013926971462385j),(0.0020690746278099518-0.002401391702105596j),(0.005608290865438226-0.00361566067535306j),(0.001924604463223751-0.0032435015570879237j),(-0.015483835125002982-6.870067314671859e-05j),(-0.01751811832848998-0.012848463039162771j),(-0.009430168339998303-0.00022119347986197455j),(-0.0040745268565176756-0.0012221582603468197j),(-0.0036840697941297167-0.003431955823461221j),(-0.002920516769041096+0.0005210868884449917j),(0.00027273082002314455-0.04532096942400314j),(-0.01417916816369682+7.579524307590058e-05j),(-0.01619020639260388-0.012010309943600053j),(-0.008718579945866042-5.952486591275993e-05j),(-0.011426099855887351-0.0005791871840235085j),(0.011709855575824189+0.001954812582205822j),(-0.007361951370435176-0.002544845598690554j),(-0.006445918315965158-0.004951333689401855j),(-0.005498196344813408+0.0006221980562455816j)
26,(-1.165115698157516e-05-1.5451138897447904e-05j),(-1.1914200234588945e-05-1.3694048619621026e-05j),(2.356535719196945e-05+2.914518747144833e-05j),(-1.3390744846643775e-05-5.282029135356287e-06j),(-3.640675467885532e-07+1.2474743675303516e-05j),(1.2442727057536396e-05+2.838820851711149e-05j),(0.00013078081585542536+0.004738394088378199j),(0.0017771465859627834+0.005305046826808065j),(0.0035654059602469373+0.006041359810617488j),(2.9480352130849784e-05+0.007139391592485807j),(0.0027437061573717843+0.007109095531347608j),(0.005145961015319333+0.00869658523217011j),(-0.007147030394340082+0.03094540774346207j),(0.01451287276510147-0.0036743368311419836j),(0.013122573285744964+0.022708674427446576j),(0.011561624834572602-0.0010610211564504191j),(-0.020059001881828794-0.0021496365343024893j),(0.021919331561209683-0.0436902434834348j),(-0.030761179014835126+0.00012889104688276233j),(-0.008785993796001451-0.0040875643891245565j),(-0.009110402443608747+0.035466487007098j),(-0.012832413714983355-0.02524864154605469j),(-0.0003213813726340469+0.041620340232610645j),(-0.08456098913614912+0.0185267968413651j),(0.01215309570861171+0.04595357963101434j),(-0.0003941418034130807+0.04089215476466466j),(0.9153999307321601+0.013058393827865429j),(0.0123971967341006+0.05142256101259925j),(-0.002786770856314659-0.012232414630144746j),(-0.002194496156565925+0.01957365478369149j),(-0.017372228063619776+0.07076020528617023j),(-0.007413105848710751-0.03363234994532124j),(0.009599046969475595+0.020536822205568614j),(0.03795920375970015+0.010345849978627343j),(-0.0034158119364680268+0.014375897754593421j),(0.004329635855436177+0.007964060083867689j),(0.009928016493942204+0.019820314192534313j),(0.05794334430389671+0.005650663625187173j),(0.009176721151764586+0.018549501304759228j),(0.039470655229255594+0.008882987270027214j),(-0.005088593603587132+0.01104838393420814j),(6.94205921338278e-05-0.028866059218983553j),(-0.0015043500365373155-0.024068135724550667j),(0.007734598777823203-0.026607907990546433j),(-5.849494140054007e-05-0.029332288917378026j),(-0.0020477497981856354-0.024301620270940585j),(0.007819242626425298-0.026893109020766498j),(-0.005484616018448421+0.0003535636966484606j),(-0.005161322540930163+0.01511445844741864j),(-0.008281030566663704+0.010617904822672764j),(-0.0020325941449333743-0.0019932317825346775j),(-0.0033610993177962865+0.008830462734896453j),(-0.004170242627800976+0.007268258320928511j),(0.0031019348158784765-0.006472442233721439j),(-0.0008054103661809782-0.0014052504401616348j),(0.002194347198163741+0.001349895411385138j),(0.004939137752060125-0.007579449797930183j),(0.0014303498045119519-0.005163869029994645j),(0.0045228452674529575+0.0008491623393168614j),(0.003090945667617321-0.0065341807398877445j),(-0.0009840951959987107-0.0013789286237774782j),(0.0021744123347252+0.0011432269924343643j),(0.007120441283122628-0.00891976206066201j),(0.004162657766749139-0.009723402685412143j),(0.007255081141419909+0.0002605685050854372j),(0.007305666339658429-0.009016505877174405j),(0.004376286987862534-0.010052479538237572j),(0.007513609879236542+0.0002407926603511844j),(0.007228895805255511-0.008997220346250782j),(0.0043110799039894985-0.00998909421753612j),(0.007374999617226715+0.00021335099169846432j),(0.0030281388768649423-0.006825023628833735j),(-0.001785647373143092-0.0012691544401893821j),(0.002070356890586207+0.00020751299646057332j),(0.0028822259269502912-0.007492623112835835j),(-0.003557473097805425-0.0010402414725290913j),(0.0018237546085362174-0.0018798419859130198j),(0.002870468488657139-0.0075445865187631946j),(-0.003689833556150145-0.001024006664487813j),(0.0018051439205123464-0.002036406697248307j),(-0.00548833687443015+0.00035362992790130207j),(-0.00516294733749076+0.015118786448032748j),(-0.008284639592089114+0.010618732010890409j),(-0.0017715950634910789+0.0008883261792314795j),(-0.0031579993085771516+0.0038772316542868327j),(-0.0026852798599310795+0.0021702979171835863j),(-0.005805372131794345-0.036172932824341j),(-0.00508622877884077+0.00022221566573178524j),(-0.004779921539296348+0.013930601091176338j),(-0.007590466595297388+0.009727816363453089j),(-0.0020738631256022903-0.0018945357162753124j),(0.005651345578656918-0.012736689198811883j),(-0.00454061262406274+0.003346457382996128j),(-0.006744996798194237+0.007043907900577169j),(-0.005548358158682574+0.00425800383726648j)
27,(-3.511638790081434e-05-4.291433410511591e-06j),(2.3912000796969665e-05+7.64666071069622e-06j),(1.12043871443246e-05-3.355227359371265e-06j),(-1.9206005906261793e-05-5.656428442051947e-06j),(2.031076437179026e-05+5.484513431273202e-07j),(-6.417385813931338e-06-8.92476021682466e-06j),(-0.0028899825492011678-0.0011543017016462217j),(0.00026613333056411427-0.002291503282972941j),(-0.002207459862511975-0.0018994097183054831j),(-0.0044697435990031726-0.001417071075924304j),(0.0005789769637672502-0.002838631431577194j),(-0.00305915378566784-0.0023906371428559846j),(-0.024274069176204553+0.005960885011451251j),(0.010521298206420717+0.011560197249927769j),(-0.001995323175525007+0.007512482849394105j),(0.020899166682583827+0.009793945574335732j),(-0.021169729921388707-0.018197443010804962j),(-0.01347115297526345+0.004144191011383518j),(0.03937479435763169-0.011058654058494849j),(-0.014401928034371821-0.010454878424493266j),(-0.012670281827504544-0.02538173695215958j),(0.002967619864474421+0.014972347273889741j),(0.0013178560606330251+0.04077482169719426j),(0.012149467425360045+0.04594544697033942j),(-0.0798995416137098-0.020118832219152654j),(0.001405078913041457+0.04340459400880498j),(0.0123971967341006+0.05142256101259925j),(0.920090388267732-0.029705609470941162j),(-0.010786766575063295-0.022622442154606976j),(-0.004820619978521244+0.01905859951641388j),(-0.007471476927419821-0.032997646827329835j),(-0.005970166188335332+0.05320271560892204j),(0.006452403886629106+2.4501097081793682e-05j),(-0.00878028776625995+0.020268333900940898j),(0.04134488948935972+0.016892875878599625j),(-0.003139202786095614+0.01614721500313446j),(0.009435080253179587+0.011348740088762615j),(-0.0184757777763253+0.02336815868315316j),(0.007039057539379037-0.002142432850697786j),(-0.00844228697911012+0.017243709702885104j),(0.04643668010352023+0.018617834857987084j),(0.01688851568957878+0.009188260975971304j),(0.016889497005984685-0.011572286337630156j),(0.025591097115686516+0.018027548532550328j),(0.016820077494569485+0.00906243525276975j),(0.01678725239769245-0.012302641279288111j),(0.025027658532187323+0.01774563736353196j),(-0.011351075758358729-0.004146640357114055j),(-0.022737461259321464-0.0026539847184760147j),(-0.015174650698367978-0.006650252146402345j),(-0.00547892592524213-0.004242940964688305j),(-0.011733683508023122+0.0002052965903239438j),(-0.00876107116111973-0.005973483681155255j),(0.0023980633895744554-0.004751368051668617j),(0.0042028497626684725+0.0031435364112621985j),(0.0005915189550151157-0.005057997078783709j),(0.00466895422096299-0.004356428657332218j),(0.007939260951475548+0.004640642377569067j),(0.0032280819977720593-0.00527806130173594j),(0.002439589549215921-0.004840333834278551j),(0.0044136692954821356+0.0030540108758203483j),(0.0006511306288512461-0.0050022781199800005j),(0.0072086548395422015-0.003939504326396342j),(0.012180149606886334+0.006301612278562446j),(0.006172898134899589-0.005623267493309763j),(0.007461355888739437-0.0039291389303615165j),(0.012549853086667496+0.00642062983512384j),(0.0064731888065653964-0.005690602910427539j),(0.00731247150199907-0.0039041744019307845j),(0.01238653035812795+0.006397260191621559j),(0.006288757305553895-0.005618849203404976j),(0.0025362112440946325-0.005311431798917296j),(0.00524180217497541+0.0025223118089543373j),(0.0008228737725217901-0.0048326425742671155j),(0.002584715607986819-0.006533173198795513j),(0.006856326115253206+0.0010654012135703625j),(0.0010241142949679303-0.004649142435128797j),(0.0025874146786240065-0.006627407094724387j),(0.006976516767675611+0.0009533549352162716j),(0.0010380210044753447-0.00463868725550661j),(-0.01135598465637578-0.0041453968322599285j),(-0.022748138241382276-0.0026584099810654394j),(-0.015179164717571296-0.006648700940549671j),(-0.0034663739403281647-0.00018151786293869442j),(-0.00497522946993367-0.0015414278095582123j),(-0.0034021757405392292-0.0030747213477376745j),(-0.007895143854665401-0.05107381826595334j),(-0.010532681899681168-0.0037460809884989395j),(-0.020950697745566644-0.0026483718621472035j),(-0.014016973139228107-0.005953167572664393j),(-0.00536353819959573-0.004131791053382554j),(0.01392230717978901+0.007359404141747019j),(-0.006161476944789044-0.00037354166258946834j),(-0.007750514157974683-0.0029212734793978706j),(-0.006392467884615955-0.005206220899851025j)
28,(-2.7209561942240385e-06+1.4594435211801664e-05j),(1.7830984870125998e-05+7.5892706096647895e-06j),(-1.5110028599929344e-05-2.218370583949649e-05j),(3.797954103246743e-06+1.3950958983209029e-05j),(7.284671308131061e-06-2.4477063031690673e-06j),(-1.2611590514904697e-05-1.1716397433955147e-05j),(0.000731345003788074+0.0009602853803893797j),(0.0003454133382425832-0.0003022860487421628j),(-0.0017049730113997748-0.0003642570244769532j),(0.0012669355057573748+0.0015094213457012935j),(0.0006201899871555061-0.00020756517700714662j),(-0.002641514288589613-0.00046178412412135883j),(0.012350675794701881+0.009266995976424419j),(0.006900320949345109+0.00869661140437262j),(-0.014771651210787929+0.0008506929489713062j),(0.011128917361841765+0.007161982291507508j),(0.010223892595217486+0.000596642871613734j),(-0.011905934115208917+0.006265003692846244j),(-0.020216877202856986-0.014510397201989978j),(-0.017486701703732885+0.012761157910061174j),(-0.0009289610654239105+0.01731586990762771j),(-0.0003385718981484334+0.01128560378254427j),(-0.0020599538487471886+0.03869471082087081j),(-0.0025646865450037895-0.013331384259019169j),(-0.010682004189126645-0.02403853800063066j),(-0.0032926235124456403+0.037131725708839415j),(-0.002786770856314659-0.012232414630144746j),(-0.010786766575063295-0.022622442154606976j),(0.9069531465170659-0.05282503128858483j),(-0.018019878882772507+0.011670857114625184j),(-0.0048269386339004575+0.08133393379817191j),(0.0010767362101493456+0.09388663823292294j),(0.023072922113564893+0.012290734671263043j),(0.001219577036852093+0.01987348194397293j),(0.005668119265695912-0.001999491957518325j),(0.013883990457977292+0.015513057831661027j),(0.006421897967781054+0.007439176844095693j),(-0.0022496641789018198+0.025169650383833595j),(0.02297122765169176+0.011927355750050803j),(0.0016793475189860946+0.022496120650401637j),(0.005585992201031916+0.0030133916826035547j),(0.0315359461857693+0.007621815074569357j),(0.011393312706612995-0.004245638406919907j),(0.01857306655868584+0.013514570085866444j),(0.03125742105731215+0.007346843798245047j),(0.011167254147429704-0.004971446588339047j),(0.018457028972573848+0.01346963243462341j),(-0.01482547596242416-0.00013701833671682113j),(-0.0167712965507606-0.012663874305412805j),(-0.009021544739591459-0.0002753341972483933j),(-0.010232382768886245-0.0010373528120345397j),(-0.00943392024737295-0.00935242109566404j),(-0.005909229798348145-0.0022584442182433852j),(0.0006434343565334654-0.0027035471443793745j),(0.003273914486702514-0.004164801141325366j),(0.0006718723363796328-0.004292680567663872j),(0.003591824239031728-0.0029982555382356505j),(0.006437527646355757-0.0023532880143593378j),(0.002323556176691925-0.004980144162300566j),(0.0007417124480910963-0.0027192416011224663j),(0.0034270721887161098-0.004155186672347952j),(0.0007520270057774785-0.0042708175565798106j),(0.0069257422894994855-0.0031496142022034383j),(0.010072142366141422-6.30971436986422e-05j),(0.00420370298961032-0.005593379257011248j),(0.007283314970299838-0.003208374565324545j),(0.010407106192623214+8.936770096583564e-05j),(0.004401339038778544-0.00569430011542137j),(0.007047210416786857-0.003127735233426768j),(0.010238889856418033+7.884699267889875e-05j),(0.004274940228869092-0.005592885008774258j),(0.0011356376000513449-0.0026838862154478335j),(0.004065033783130235-0.004052891695335825j),(0.001097916458953803-0.004055609653481754j),(0.0019280755370336146-0.0023719308467582446j),(0.005399910099135192-0.0036740422884912493j),(0.0018476709224192092-0.0033259055178471806j),(0.001986983766664987-0.002348808335383084j),(0.005499379789121141-0.003647061979284576j),(0.0019036043963230136-0.0032716753641925563j),(-0.014827040919480616-0.00013498437249932164j),(-0.016778188417206664-0.012667406288304253j),(-0.009022904133695976-0.000271567030331224j),(-0.0038685363812838757-0.0012009722877728028j),(-0.003519634304023491-0.003360144402129926j),(-0.0027993320233494013+0.0004930400957211161j),(0.00046203064545605795-0.04321827437583227j),(-0.013572671621349983+1.6988596293735208e-05j),(-0.015512517933733278-0.011838224374409024j),(-0.008341749241177695-0.00011372184809461949j),(-0.010982805571389724-0.000688683935350276j),(0.01130955441722151+0.0016631003163093006j),(-0.006969807830329561-0.002514765102407605j),(-0.006133788732738492-0.004843969160812176j),(-0.005243112381867422+0.0005734681568149799j)
29,(-1.8896940878973087e-06+3.6293352247708716e-05j),(2.1179604747935023e-05-1.0760119629903123e-06j),(-1.92899106050218e-05-3.52173403074497e-05j),(5.063984790962587e-06+2.6808159509156085e-05j),(8.269189681106747e-06-1.4028238050698418e-05j),(-1.567360916705072e-05-1.3647074453843945e-05j),(0.0012448335271003223+0.0017764574089390787j),(-0.00016485323936337782-0.0012093353010318134j),(-0.0021559918065625037-0.00038873317055083696j),(0.0019579623825359623+0.0026104823958388763j),(-4.940207575268238e-05-0.0014128519276959597j),(-0.00324597943887705-0.0004505936960372218j),(0.01231837152363505+0.009237954608027565j),(0.007808946632493347+0.009296837850387811j),(-0.014600380098404774+0.0025988749460169255j),(0.011786912421915265+0.006208465270622536j),(0.015254328313764214+0.0007662113136038193j),(-0.014490177727889691+0.007148005033125737j),(-0.023036888522804305-0.017288842909412013j),(-0.028095380059591193+0.004273468355015503j),(-0.003029715087466267+0.01910542805148771j),(-0.006452405729915894+0.018512932601591047j),(-0.030337077489863883+0.0066563794217327655j),(-0.0023002436316178097+0.019708198641120115j),(-0.004923776146359336+0.019249796440560706j),(-0.030111895441345564+0.006760638405433252j),(-0.002194496156565925+0.01957365478369149j),(-0.004820619978521244+0.01905859951641388j),(-0.018019878882772507+0.011670857114625184j),(0.9628319203077094+0.019193680648165092j),(0.0029430668218173826+0.010980507347021226j),(-0.00034451395105527713+0.007368812423913421j),(0.0250544459149014+0.011380423642960633j),(-0.00040197902353157166+0.024019186617749825j),(0.004000050270607473-0.0013255367692975653j),(0.01502848565116031+0.016504866938047334j),(0.005470609584199886+0.006354928147529972j),(-0.004114687933727959+0.026948853011130952j),(0.02830712098065489+0.01077432225745448j),(0.0009978384778133202+0.022765368993260593j),(0.005513061614702669-0.0027183696685780644j),(0.031041850810456243+0.007633033420054204j),(0.011652987064419269-0.004402312282752532j),(0.01801643560061752+0.014660971843053544j),(0.030799675542345303+0.00741911012960175j),(0.011557405356493779-0.005166524771544121j),(0.018027578054920966+0.0146809289831333j),(-0.015279065887949337+0.0003706472797798568j),(-0.01710707609609919-0.012628936757296212j),(-0.00881529883375971+5.681345566164661e-05j),(-0.010638245222816282-0.000724427053064729j),(-0.00973235660157548-0.009444821019549264j),(-0.005872815901502203-0.0021686103673490137j),(0.0006520596152426631-0.00287025569617422j),(0.003312323240888828-0.004402392825996809j),(0.0006639467498103253-0.004467438797880218j),(0.0037565197370248967-0.0032900568523939805j),(0.006542257763148274-0.002513767378664166j),(0.002275568104471499-0.005297023682107133j),(0.0007489109860235185-0.002886172054646811j),(0.0034742096294436784-0.004405451698638816j),(0.0007485350718168769-0.004433944475162154j),(0.007269291888633208-0.003547849421972997j),(0.01026160460473501-9.310203188111089e-05j),(0.00411238202582185-0.0060427982338089724j),(0.007649064693165519-0.0036214294430284124j),(0.010608192944120637+6.344219969188752e-05j),(0.004307175288213238-0.0061609630603934075j),(0.0073956719850202515-0.0035274756260381844j),(0.010430239113308547+5.990088652285067e-05j),(0.004181171191148442-0.006045057988789088j),(0.001137653962411591-0.002825704234818101j),(0.00416167401024147-0.004339428579055711j),(0.0011198974065426519-0.004142033290214033j),(0.0019228780656072799-0.0023988094729949787j),(0.005630947328098388-0.00399629965662029j),(0.0019383774765664595-0.0031882837448913206j),(0.001981304400848885-0.0023667786502117854j),(0.005740579805127907-0.00397177160048952j),(0.0019995516359231705-0.003117063939896799j),(-0.015280667903427234+0.00037289860655579906j),(-0.017113938687778857-0.01263230851337558j),(-0.008816491521577121+6.0955959985963676e-05j),(-0.0040181381934261285-0.0011843845424923914j),(-0.0035602862462667897-0.0033990740492840167j),(-0.0027926237653070687+0.0007387758960349352j),(-0.0009307764592586323-0.04340280404983893j),(-0.01399177137179078+0.00048408983938010757j),(-0.015817697380019827-0.011803588865594862j),(-0.00815732660379174+0.00020352869715354813j),(-0.011440542543513385-0.0003047299163361443j),(0.011479907612971275+0.0018074131650799583j),(-0.007255509803303284-0.002494044772303311j),(-0.006234362306361112-0.0048982937550108244j),(-0.005246792029231708+0.0010194946575697906j)
30,(-1.0572828855291459e-05-1.7070097652820645e-05j),(-1.2918778650755663e-05-1.258737648471422e-05j),(2.349160747918455e-05+2.9657474093687557e-05j),(-1.2675567100473573e-05-6.474730143694362e-06j),(-9.254038665603308e-07+1.3070429515692278e-05j),(1.3057400111585974e-05+2.776757308453442e-05j),(0.00017496531779010675+0.004433835289929154j),(0.001800719036953103+0.005185299940911522j),(0.0036294846833288762+0.005783511317608717j),(9.553769851956633e-05+0.006686650738893714j),(0.002762640511115829+0.00693377186278587j),(0.005232514891930526+0.008308312867765837j),(-0.006864940833108221+0.029180526148783338j),(0.01394807470276192-0.004199128917090557j),(0.013131923309377132+0.02101907638796823j),(0.01077889370225779-0.00166175958355895j),(-0.019468301809381243-0.00137997925832445j),(0.022333632754820636-0.04229882113894054j),(-0.030304566144031+0.0009083642865957281j),(-0.004209827078547398+0.01317501111059051j),(-0.03911444922813326+0.028280550960634088j),(0.00011548827472609383-0.0014955832316365103j),(-0.003909372661376747-0.008641594406756175j),(-0.016242882283852685+0.0722457915902498j),(-0.0077281786000404865-0.034986210727871225j),(-0.003947559171347836-0.00737534627096985j),(-0.017372228063619776+0.07076020528617023j),(-0.007471476927419821-0.032997646827329835j),(-0.0048269386339004575+0.08133393379817191j),(0.0029430668218173826+0.010980507347021226j),(0.8817151884478961-0.03689659543202853j),(0.019543476942490777+0.1128923172790699j),(0.009666954184226655+0.016238896500404894j),(0.03819391298621977+0.012297864388200942j),(-0.002993818330698565+0.006849063728891715j),(0.0041906271690615735+0.008359714795811143j),(0.009711057605864206+0.019413330364696675j),(0.05424610550500524+0.0053481370826920505j),(0.00887732541885785+0.01914610928765944j),(0.036856052044905545+0.008097864676136764j),(-0.00537066259586687+0.013385616942599748j),(3.191184860370372e-05-0.027940433099257953j),(-0.0010631791408717848-0.02343203314894577j),(0.0074720929370134265-0.025831236737767868j),(-0.00023762692033839697-0.028347622352141763j),(-0.001686945314542168-0.023698188042073656j),(0.007416073249655331-0.026088663345353046j),(-0.005343469528071891+0.00034370591785547145j),(-0.0050399091200253755+0.014846224716725693j),(-0.007876576500744348+0.01039985541973706j),(-0.001960706587427331-0.002028098035061212j),(-0.003287706530643992+0.008633665064478921j),(-0.003945101831668741+0.007131384455684091j),(0.0030898834876644664-0.006519094957309031j),(-0.0007604973912470963-0.001455434317397442j),(0.0021559680260496055+0.0013728232110628376j),(0.004879285241080181-0.007625950542583135j),(0.0013649743613978137-0.005134636259082765j),(0.004399289795992692+0.0008391352760220978j),(0.003081274229194325-0.0065808615421058935j),(-0.0009256459007087386-0.0014323722783848997j),(0.002135385312428996+0.0011779829188490623j),(0.007000938438978552-0.008962579936591098j),(0.003961618026436372-0.009594136430052379j),(0.007031386252489722+0.00021086405538297154j),(0.007182232346353234-0.009059570319454766j),(0.004165986739761445-0.009916257866726164j),(0.007281034391542537+0.00018595090782224825j),(0.0071057570840166425-0.0090394507980421j),(0.004101876429414468-0.009853763051551627j),(0.007146578825540942+0.00016272844683667942j),(0.003028644135570947-0.006869315700256718j),(-0.0016651493329584712-0.0013347326139429502j),(0.0020291181070238554+0.00029596316308863136j),(0.002904336229427773-0.007526718295746226j),(-0.0032958364608571635-0.0011277351215279018j),(0.0017786459499702294-0.0016714793961386653j),(0.002894202908130487-0.0075778982019232225j),(-0.003417640426681392-0.0011131413507115655j),(0.0017597984168036904-0.0018190956975459513j),(-0.005347148831924551+0.000343896107694675j),(-0.005041478344727854+0.014850555282978701j),(-0.00788003811682603+0.01040066074704235j),(-0.0017274289028271358+0.0008617450743441477j),(-0.0030382737038210914+0.0038121463830618372j),(-0.00257494870220042+0.002140664186507007j),(-0.005716332856033225-0.03498859706293955j),(-0.004959089011132765+0.00021688579771933633j),(-0.0046654858710918875+0.013686444356207684j),(-0.007218110270006454+0.009527043575577213j),(-0.0020044235383930523-0.0019244643026386568j),(0.005355845722666966-0.012534165309570928j),(-0.004392908206546447+0.003265933587558297j),(-0.006462988267118921+0.006899222201876799j),(-0.005326386259038026+0.004195539369694281j)
31,(-3.5251595952470524e-05-2.022761404419446e-06j),(2.406123339245821e-05+6.332070414053921e-06j),(1.1190362597581514e-05-4.309309068988654e-06j),(-1.9423998150177797e-05-4.456086463440538e-06j),(2.031541967964122e-05-8.120000392408918e-07j),(-6.623680293699975e-06-8.802066587246657e-06j),(-0.0029098692195940693-0.0010471797841211713j),(0.0001557368247563115-0.0023789460496976733j),(-0.002271113786928889-0.0018618701713588137j),(-0.004483139899771901-0.0012793286980090027j),(0.00042161921296826914-0.002980541551924893j),(-0.0031404671903711673-0.00234603272406835j),(-0.023695387031958597+0.005657636450180659j),(0.010163729204315677+0.010504486458823615j),(-0.0017780602880106682+0.007250739845093736j),(0.02023387777826645+0.008394757153800907j),(-0.02058126950892642-0.017019542235777375j),(-0.013352953169454292+0.00530555519690061j),(0.03946006725829376-0.010664276531825653j),(-0.0038694641962606123+0.0075296411191523305j),(0.0008859420298215296-0.0006943075692714964j),(-0.033294749203828466+0.001227310780124058j),(-0.011014576356728667-0.018898692274977237j),(-0.007642349073379596-0.035619642463179765j),(-0.004789195070123496+0.05516210516459704j),(-0.010939146780167469-0.017344218653056107j),(-0.007413105848710751-0.03363234994532124j),(-0.005970166188335332+0.05320271560892204j),(0.0010767362101493456+0.09388663823292294j),(-0.00034451395105527713+0.007368812423913421j),(0.019543476942490777+0.1128923172790699j),(0.8844603284716563-0.09286577761645899j),(0.006160491302106032-0.004202851674432087j),(-0.00816962625506816+0.01285169194922327j),(0.03988971662990863+0.02046558385646689j),(-0.0027418117801812545+0.01606675486732171j),(0.008694025175033135+0.01129727634635586j),(-0.017775349324213017+0.02264952166396053j),(0.006454345748029979+0.0013049586739320024j),(-0.008734498961747368+0.01918406797345134j),(0.04250252565929408+0.01643191032240909j),(0.016271130965365817+0.008715675027896908j),(0.015508262437083569-0.0108870109129472j),(0.025759259730501374+0.017590662239475714j),(0.016077188911462995+0.008596648930638027j),(0.0152772921287359-0.011561630837914479j),(0.025157003472523136+0.017304214251981604j),(-0.010929931315341743-0.00419785192423959j),(-0.02164017236327849-0.002451193294061803j),(-0.01452304444752596-0.006618733722179964j),(-0.005306449227667618-0.0042675370847424805j),(-0.01113724849800311+0.00025291236219842966j),(-0.008448118294935808-0.005969362476491744j),(0.0023465032317411855-0.0047285487356138285j),(0.00411099293840019+0.003043610257068297j),(0.000519912708225578-0.005055449819394734j),(0.004529273401420287-0.004341108067324763j),(0.007696965661311632+0.004467408492671513j),(0.0030217916649829205-0.005217066216256786j),(0.0023907269922658096-0.004813304508977529j),(0.00431187537655702+0.002958719019788581j),(0.0005815265812911466-0.005006271094568552j),(0.006973193898276333-0.003928129223147071j),(0.0117725991803983+0.006049356852246807j),(0.005819724634799346-0.005486188520388046j),(0.007216144473532159-0.003916504036885026j),(0.012127422663518333+0.006163128971835036j),(0.006104624500502201-0.005543661553134929j),(0.007073268965203226-0.003893902949201236j),(0.011971296396101876+0.0061402150144754825j),(0.005930103562928496-0.005479914302817794j),(0.0025057366200408-0.00526001163968503j),(0.005103601206765272+0.002456262526356607j),(0.0007708152856501477-0.004859488081491713j),(0.0026079376815612-0.006413979358375989j),(0.0066541440640361755+0.001082825927335604j),(0.0010279459181813072-0.004711357074501166j),(0.0026147146327468065-0.006503062079758409j),(0.006769655919816413+0.000977147871764666j),(0.0010460965012076236-0.004703423316831114j),(-0.010934637800538723-0.0041966818053969564j),(-0.021650436187820105-0.0024553866941525886j),(-0.014527188308103268-0.006617185587482911j),(-0.003313351622508396-0.00023055254261998212j),(-0.004768528967071324-0.001437793826719957j),(-0.003216531529200972-0.003009105110259804j),(-0.007473118368320625-0.0487732169782915j),(-0.010141327630147644-0.0037987729734940846j),(-0.01994595074059824-0.002456689374936506j),(-0.013407808852889813-0.005923001465379561j),(-0.005214141582406813-0.004154554917272236j),(0.013456515150690079+0.007050179224688734j),(-0.005876927817681944-0.00044580983534532744j),(-0.007429098412598146-0.0027465196439631517j),(-0.006038514819490226-0.005094251808133869j)
32,(3.803369502743724e-05+9.04098459816367e-06j),(-1.377452849681621e-05-7.291865102725318e-06j),(-2.4259166517411753e-05-1.7491194688743004e-06j),(2.7029218090513962e-05+1.01017703375184e-06j),(-1.5763147602850716e-05-1.0622578950870681e-05j),(-4.225715212280826e-07-1.8394675093441314e-06j),(0.0029046592738169266-0.0030287611381719015j),(-0.0006810815323925494-0.0020807628239244602j),(0.000748727106758329-0.0019500408079189434j),(0.004541084865268396-0.004872337155398764j),(-0.001244645188695566-0.0034194486873412476j),(0.0010745856821943022-0.003123896305251001j),(0.02688769887095073-0.0328108319817721j),(-0.014843951920313353-0.02581433966066377j),(0.002396676286454673-0.020228128339363754j),(-0.023175022045006165-0.03177695146446767j),(0.023948405130057752+0.03332095952610836j),(-0.005585842782294903+0.05032186074913946j),(-0.002585324895148032+0.04199494528209255j),(0.02213998958194737+0.011277627302264828j),(0.008815371360369917+0.020958592961965734j),(0.004993119262562221+0.000642855810602562j),(0.02281865974601084+0.011921890932102762j),(0.009596339297291014+0.020626073155664386j),(0.006446764793981223+0.00011386158269326846j),(0.022815649406529515+0.011923350010464897j),(0.009599046969475595+0.020536822205568614j),(0.006452403886629106+2.4501097081793682e-05j),(0.023072922113564893+0.012290734671263043j),(0.0250544459149014+0.011380423642960633j),(0.009666954184226655+0.016238896500404894j),(0.006160491302106032-0.004202851674432087j),(0.898873519159767-0.03818451137165779j),(-0.0023207862540358887-0.01961489797119012j),(-0.015346592768866884+0.019079665912493486j),(-0.021976865303406985-0.010133023200662472j),(0.01468191707824507+0.023405408609623587j),(0.002421138216465321-0.02866295315274639j),(-0.09307792459205916+0.03799398279963247j),(-0.009230894805252009-0.026980757391724074j),(-0.013755857840821985+0.04924465370579812j),(0.012188295241997143+0.016519285785649047j),(-0.020973310284118564+0.021263736204122072j),(-0.006094836503752131-0.016128950015756538j),(0.013523853541124935+0.015447666606194108j),(-0.020495067134559578+0.02209583847851388j),(-0.0058574843134205695-0.01711692882363341j),(0.015630020067294664-0.006344530808548469j),(0.01758185619635746-0.005059318508089597j),(0.007855379474018336-0.0050128781252734705j),(0.009996766870324882-0.006232439193861145j),(0.013070408047341215-0.00643936207232748j),(0.006361435356959892-0.003810525492257289j),(-0.002193290773862556-0.0004823828074133457j),(0.001602975842947146-0.005839194400211002j),(0.0005364087652569766-0.0012480311403227453j),(-0.007027959792896445+0.0004999022991919173j),(-0.001925645502743537-0.0073055298385770705j),(-0.0018780256944040006+0.0006421296722465475j),(-0.0021219466756544217-0.000382312127956917j),(0.0015091810536605559-0.00563905037029451j),(0.0005613664320502024-0.0014210136614062191j),(-0.012702273592501982+0.001313483455115466j),(-0.006243470812400622-0.009355223218749773j),(-0.0048361177431681225+0.0025510101192749626j),(-0.013332320637087338+0.001450797584222595j),(-0.00667618486423137-0.009459975791953311j),(-0.00516547842708406+0.0028003447592039234j),(-0.012899229338183098+0.0013107687090682173j),(-0.006424258324935801-0.009501898009518839j),(-0.004940201273273878+0.0025919845090853384j),(-0.0018575399711782624-0.00010495475791199205j),(0.0009132758196374797-0.0048529138371152525j),(0.0005360785969149982-0.0023996823455850447j),(-0.0014317787241019363+0.00010306350934323558j),(-0.000791864397651949-0.0033841112442868195j),(0.00017856593298328633-0.005027810920210571j),(-0.0014018390077393012+0.00011523563592192535j),(-0.0009220557846425411-0.0032778235557660374j),(0.0001489481186588669-0.0052274475018355155j),(0.015636616735716983-0.006342591282278795j),(0.017583841317353466-0.005055179994787805j),(0.007855729379375363-0.00501526449853798j),(0.0056057594011372945-0.0004651884420509289j),(0.003927751566598095-2.796460808320413e-05j),(0.002626551815115115-0.0022633908941907064j),(0.015395314319556489+0.049230322458912505j),(0.014564138323080351-0.005634000741752969j),(0.016004403235690946-0.00460074662227252j),(0.007327332261113323-0.004836297883157859j),(0.010474848606349722-0.0074688734111578725j),(-0.007276897896980226-0.011391093115546506j),(0.011135923201814656-0.0013279685295990165j),(0.007992563807177958+0.00010668213430234218j),(0.006087369898830085-0.004277459039941287j)
33,(2.221190589703333e-05-1.809572622857428e-05j),(-1.7273394189461765e-05+1.648677130835701e-05j),(-4.9385118046931045e-06+1.6089549790552007e-06j),(1.7333386565103063e-05-1.7253891240782257e-05j),(-8.498081954859522e-06+2.4098378546049777e-06j),(1.1674095804486428e-05-1.5627312282849148e-05j),(0.0017850329642152126-0.0067628542226745615j),(0.000685955841465009-0.004187768654414516j),(0.001441534790154646-0.0063149870187198635j),(0.0025678132134354724-0.010245946305296754j),(0.0006734639893442047-0.006208056071101561j),(0.0019996055059681344-0.009558019019250005j),(0.006718227759852868-0.04674259747254576j),(-0.011373988220220989-0.022527168383384j),(0.0022535554203142244-0.043148398627224166j),(-0.018533058212507128-0.02495889875472015j),(0.00600103803754181+0.027411652306565202j),(0.015878050406433343+0.04682870643986189j),(0.007401296838843762+0.027915589389371515j),(0.0010356327762801642+0.0225650406227722j),(0.03862117544722311+0.01075696407632492j),(-0.011399623982565842+0.020723585022296365j),(0.0013011634034829768+0.023728713651681055j),(0.03796763264075477+0.010322562975595126j),(-0.008816112246678571+0.020425562520936247j),(0.001301923089002499+0.02364717307216841j),(0.03795920375970015+0.010345849978627343j),(-0.00878028776625995+0.020268333900940898j),(0.001219577036852093+0.01987348194397293j),(-0.00040197902353157166+0.024019186617749825j),(0.03819391298621977+0.012297864388200942j),(-0.00816962625506816+0.01285169194922327j),(-0.0023207862540358887-0.01961489797119012j),(0.9232092600046802-0.04069710701445271j),(0.014411220578346285-0.045804540592194j),(0.0010285768935104165+0.022587542000939063j),(-0.0009119595317564396+0.0035104899651180535j),(-0.09423698163839113-0.0005294413729099827j),(-0.007825407368305996-0.02517906616669019j),(-0.05726209860196661+0.023929486603643434j),(0.009218686077979241+0.0005127398538012154j),(-0.003601442329503422+0.010694506143055473j),(0.016753258150521422+0.0026572415298500157j),(-0.008417814663417844+0.0037508261680644084j),(-0.0034989855418997035+0.011167561816009683j),(0.017212190376653863+0.00186037894381208j),(-0.008504907006225759+0.0032712801578988517j),(0.00379459587483871-0.0014419404604851648j),(0.002969210766234121+0.002102185049321503j),(0.010438612509279677-0.00016104158925404378j),(0.003159009099227103-0.003944212341055502j),(0.0014726868845215844-0.00019580099229061197j),(0.0064589506869357615+0.0009839320774212958j),(0.0019986923868681285-0.007668202920057548j),(0.0004970368206526566-0.0031902441511871514j),(0.0003960240836053786+0.0028546083516890926j),(0.0011026985537289217-0.008581908306437902j),(-0.0023411011731422787-0.003235567122449515j),(-0.0014613840847821137+0.0013072678917988509j),(0.002061220704075495-0.00770840232648763j),(0.0008393858111914104-0.003310044470928271j),(0.00036774549389726905+0.0031395674031587523j),(-2.858556965739485e-05-0.009609727676283597j),(-0.0058012141547040645-0.0031914439331593067j),(-0.003637973548293844-0.0006076840994556614j),(-9.670064787939718e-05-0.009707043914522687j),(-0.006034074614398491-0.0032004092788828027j),(-0.0038302156626402965-0.0008120102602241566j),(-0.00010132893198271011-0.009653433348787146j),(-0.006011368706337347-0.003179114338097192j),(-0.003741097840595294-0.00067870949519859j),(0.0023284580751580424-0.007845645503743084j),(0.002434430897230847-0.003795218239500354j),(0.00025853769080849784+0.0043880399792954345j),(0.0029112761026203167-0.00807648299953984j),(0.006120276847215068-0.004775215462402887j),(4.68240861259998e-05+0.007076998032023152j),(0.002954533475404685-0.008095281927415562j),(0.00639596411488797-0.004849684976985303j),(3.284651372502048e-05+0.007276417727655195j),(0.0037944496319361563-0.0014375258484534137j),(0.002971989066687947+0.0021053107056514322j),(0.010441904700282889-0.0001622722709641606j),(0.0008863846721734893-0.00040931726308867517j),(0.002623226518312565+0.0007277281434177781j),(0.002595079650499503+0.0004024902533866148j),(-0.0006636777558367453+0.019917389412162156j),(0.0033789597014802844-0.0012590924425266922j),(0.002890105164954114+0.0020550768703073187j),(0.009645225080952726-0.00021893626746534098j),(0.0032371175735113507-0.003733923678049131j),(-0.008270124052468788-0.002870794049996185j),(0.0030875958649811087-0.00045556460537703663j),(0.006401885286413705+0.00020475088722167435j),(0.005001099253390971+0.00058096949940748j)
34,(8.07059003002312e-06+1.0684994763431643e-05j),(-2.0024470291706677e-05-2.0778914775124773e-05j),(1.1953880198111295e-05+1.0093920023829161e-05j),(-4.9122553071389584e-06-4.481632119021975e-07j),(-1.3642345636018988e-05-1.2887703744844128e-05j),(8.301307415131017e-06+1.1370470077493825e-05j),(-0.0018484025414731453+0.0002880646780910717j),(-0.0030357984160313874-0.0003246206478367069j),(-0.00014771949743191438+0.0008280399924013131j),(-0.0023731766771890425+1.2833748469147192e-06j),(-0.004303178384346587-0.0010943047128735848j),(0.00019246374671224795+0.0007627540610217198j),(0.0053999120889570915-0.016446550661443914j),(-0.009042279999853329-0.028533242447189675j),(0.016932299143783615-0.015076750102330838j),(-0.018929324895915263-0.036653242828266173j),(0.005638750561954287+0.03667721360330713j),(0.008984321205084907+0.04299426755518307j),(0.006259616451008557+0.02506408368665744j),(0.004543628807766315+0.002889864124877785j),(-0.006290028350544293+0.015326605186168268j),(0.04335043223268907+0.017120755821610715j),(0.00620156873314018+0.002424071361181294j),(-0.003446821463230613+0.014538478135805144j),(0.04139845855984943+0.016835152036272356j),(0.006203702672857593+0.0023278350612607693j),(-0.0034158119364680268+0.014375897754593421j),(0.04134488948935972+0.016892875878599625j),(0.005668119265695912-0.001999491957518325j),(0.004000050270607473-0.0013255367692975653j),(-0.002993818330698565+0.006849063728891715j),(0.03988971662990863+0.02046558385646689j),(-0.015346592768866884+0.019079665912493486j),(0.014411220578346285-0.045804540592194j),(0.8636666776635449-0.021423471365526175j),(0.015363373658694099+0.006981439191671509j),(-0.02206197099748864+0.013527100845108272j),(0.030701522844256205-0.029006694549435642j),(-0.014479167366967829+0.049127504929329276j),(0.00608517605142358-0.0028346995269618383j),(-0.12735103466061326+0.0022333949187559377j),(-0.009629611931953863-0.008997906044047987j),(-0.046841220448843236+0.01912812292282546j),(0.03101216315782191-0.00282671828966689j),(-0.009314784512661718-0.009853625101678426j),(-0.04642215831333381+0.01917518251560519j),(0.03292378414403958-0.002924264873724533j),(0.008073334863464607-0.007518530748015025j),(0.02528053855876969+0.004163285182131159j),(0.013082374637984548-0.005515342899325506j),(0.002654087431445348-0.005961638113446794j),(0.01431874126862068+0.001371857202036819j),(0.00483156248467705-0.005835386109731373j),(-0.00011218076141633875-0.0034244332405250896j),(-0.00014338629559121753-0.0006122095525337712j),(-0.00253651852144594-0.0047655377408382295j),(-0.002044125556517855-0.003102309486934221j),(-0.003037410739136092-0.0021681551818256905j),(-0.005683050610106837-0.002163532550336515j),(5.880448081852332e-05-0.0033201644902566313j),(-0.00037528075071817304-0.0004517946717454372j),(-0.002397211013322505-0.005021217858304923j),(-0.004070721513905814-0.0025722893500246848j),(-0.00608052732308548-0.0038093630849744013j),(-0.009021293164706396+0.00113329379074293j),(-0.0042898418379024965-0.002476113389474491j),(-0.006377467133876449-0.0039015822312579323j),(-0.009381751463371594+0.0015318753779508983j),(-0.004141497299018852-0.002574995148885337j),(-0.006206842414151859-0.0039187660299511255j),(-0.00913849440537001+0.0012299236426743902j),(0.0010306834754315259-0.0026911591681420613j),(-0.0011829290855396217+0.0004963786471822267j),(-0.0014841040375308376-0.005966089758126672j),(0.0036226623286264113-0.0008891824281722573j),(-0.0024866118279758057+0.0031190789735507825j),(0.0011210773938833323-0.00758354040604222j),(0.0038184926185977105-0.000753575132460414j),(-0.0025800280092096667+0.003317699224849993j),(0.0013176580637008037-0.007702094709790067j),(0.008078541883464147-0.007520580961466502j),(0.025288409631477216+0.0041680263852570554j),(0.01309443639449955-0.005514632051024024j),(0.003492275216647502-0.0026536927415707523j),(0.004191512840904844+0.002454376006742449j),(0.004680815366725101-0.00019825230079650695j),(0.013417226481108276+0.049074972997098086j),(0.00753855910744933-0.0070442850808213765j),(0.023023346090374153+0.0038423914792386073j),(0.012449534678498849-0.004897754142323428j),(0.0018262789404797273-0.005860787816633922j),(-0.0067587907087430545-0.005260073193859502j),(0.006690120819620581-0.004151975701292558j),(0.00657314888669662+0.003857198738054287j),(0.009197631667063173-0.00043474827521004393j)
35,(7.74666680898634e-06-6.329615411212965e-06j),(-1.9373891533799563e-06-1.1757906356900788e-05j),(-5.809277653599163e-06+1.808752174936403e-05j),(4.631051984110547e-06-6.7954534435332676e-06j),(-4.343582906285282e-06+9.946034209807497e-08j),(-2.559266949737076e-06+1.348438179835069e-05j),(7.047298294793336e-05+0.00022216090577384666j),(-0.0002785804665475526+0.0010318546768152185j),(0.0003936566132670613+0.002094237452106175j),(0.00020632316208429413+0.000299263003229769j),(-0.0003301858146987518+0.0015255727271344468j),(0.0007181377399916244+0.0031670160949689077j),(0.0046823538640785-3.937430780338348e-05j),(0.001832445780275956+0.005671330236103325j),(0.00776805738265889+0.014476969145017057j),(-0.002690184147781204+0.005000052796773275j),(-0.0005615163137989293+0.013572632897540113j),(0.015072621012020107+0.01803011142263259j),(-0.0011036609314892636+0.005019924758103139j),(0.013420756110460319+0.014975133908181995j),(0.004470691344442629+0.007751451300722939j),(-0.0031802366925977395+0.015437719955587348j),(0.014631630009593687+0.015990877825016733j),(0.004334352230914304+0.007956557064626864j),(-0.003147613068464219+0.016147377341045054j),(0.014618022734974534+0.015980841623082328j),(0.004329635855436177+0.007964060083867689j),(-0.003139202786095614+0.01614721500313446j),(0.013883990457977292+0.015513057831661027j),(0.01502848565116031+0.016504866938047334j),(0.0041906271690615735+0.008359714795811143j),(-0.0027418117801812545+0.01606675486732171j),(-0.021976865303406985-0.010133023200662472j),(0.0010285768935104165+0.022587542000939063j),(0.015363373658694099+0.006981439191671509j),(0.9614642061704298+0.011325234696667255j),(0.012140191978468882+0.011328528232177393j),(0.0023518295823693387+0.030446769162044345j),(-0.022966482839991-0.011071583278078318j),(0.0006565740881806665+0.021829229362274293j),(0.015449363299100662+0.006286345945124821j),(-0.003977693017388007+0.013045889708229902j),(-0.010895861719954086+0.00442319264459972j),(-0.021418074745088857+0.005580158728227522j),(-0.003762729735749792+0.013353807507026791j),(-0.01101045647679088+0.004413471456804898j),(-0.021765111897978175+0.00559573542358087j),(-0.0007591318593990458+0.0014804900260481845j),(0.004149095678318653+0.00038917885388403944j),(0.002955771842512793-0.00042377447021444076j),(-0.00039254203606570116-0.0014996950740679181j),(0.004115828029454666-0.0044345126308632694j),(0.0031245209420623686-0.0027407553290246674j),(-0.0004230069347897934-0.002901953335905168j),(0.0026272943511697986-0.0100725012175162j),(0.0016323385980634233-0.004805124897798593j),(-0.0006217984818698278-0.0036156024150580477j),(0.0020807336322448706-0.01102355676034331j),(0.001087553054633155-0.00544987473569934j),(-0.0004107782211774727-0.0028697501303596423j),(0.002614446846183352-0.010201488339054226j),(0.0016181089124640575-0.004814115113897654j),(-0.0009360527946774288-0.004470118599594448j),(0.001326077214101553-0.012123741236631132j),(0.0003552901115073332-0.006220250386631461j),(-0.0009661728525055114-0.004552522999079446j),(0.001266907222879027-0.012219377319338863j),(0.0002779533368669659-0.006295886978957468j),(-0.0009505225868142642-0.004507160224413355j),(0.001284027690052194-0.012177563199561432j),(0.0003267497832895909-0.006252817961262521j),(-0.0004178683990433693-0.0027213071761062195j),(0.002474436399576456-0.010769962736559526j),(0.0014676122341463795-0.004858300597148696j),(-0.0005551506199408884-0.0024076769920270873j),(0.002010104587096811-0.012037348533592998j),(0.000966683512659512-0.004984820813132883j),(-0.0005667968719249529-0.0023866234746274992j),(0.0019729995682722136-0.012135131086832235j),(0.0009275475631028803-0.004996852596298151j),(-0.0007600107693925085+0.0014854382867163125j),(0.004147799059068594+0.00039582016581045376j),(0.0029532892306070625-0.00042032708906348626j),(0.0002648863271799174+0.000591267092058301j),(0.0006579158928405244+0.00015633474085909472j),(0.0005252342585674633+0.00044187369377896577j),(-0.0143189923958681+0.030236666848502555j),(-0.0007155023305243355+0.0015060193266452932j),(0.003756615147192465+0.00042247101116533667j),(0.0025957426246542934-0.0004264453302771559j),(-0.0004995576502772867-0.0019894992964898627j),(0.0008782132180144982-0.012579505269978405j),(0.0010087337465356733+0.0011063085409359031j),(0.0009072797286896606+0.0005340391657841081j),(0.0009180829703690494+0.0012234235581905437j)
36,(-5.402225703777108e-06+2.1421942725601064e-06j),(-8.398279477899351e-07+3.942257980335075e-06j),(6.242053640734179e-06-6.08445226816779e-06j),(-3.828543774289841e-06+3.109168496646025e-06j),(2.351997337244563e-06+8.685940444600554e-07j),(3.4290475755105394e-06-3.55061450818343e-06j),(0.00010726665120343974+0.0003742088076167504j),(0.00044302114841500656-2.8556556306490405e-05j),(0.00037146537101446315-0.0004579851051250548j),(0.00010981565517195424+0.0006988102922617289j),(0.0006189755802559995+8.626807637447545e-05j),(0.0005248764746068434-0.0005218033088227011j),(-0.0012848634383988092+0.008574405872801744j),(0.001096662711611151+0.00571713089063028j),(0.0013195216577875507+0.0047746851122939795j),(0.003869760281572066+0.006256204452760007j),(0.010904619809906695+0.009016359570634605j),(-0.0006566422055345189+0.009639289844612608j),(0.012358063898089161+0.027612388763869768j),(0.005880515873404228+0.0064788202248822115j),(0.009550570821859339+0.01933351126434019j),(0.009389482919306389+0.011340777116706632j),(0.006332859382734869+0.007212859951587873j),(0.009930985308422235+0.01982809085932162j),(0.009451637283784741+0.011351976826388482j),(0.00633396215619883+0.007217255208375601j),(0.009928016493942204+0.019820314192534313j),(0.009435080253179587+0.011348740088762615j),(0.006421897967781054+0.007439176844095693j),(0.005470609584199886+0.006354928147529972j),(0.009711057605864206+0.019413330364696675j),(0.008694025175033135+0.01129727634635586j),(0.01468191707824507+0.023405408609623587j),(-0.0009119595317564396+0.0035104899651180535j),(-0.02206197099748864+0.013527100845108272j),(0.012140191978468882+0.011328528232177393j),(0.9633668707397256+0.01275636940130574j),(-0.0018355927501663202-0.00411294988947149j),(0.0139769329485224+0.023866933566538788j),(-0.0016415876972333777+0.004245980192461361j),(-0.02320333925531353+0.01367770219245845j),(-0.02983145727197381-0.0028529885605355736j),(-0.012767748766108256+0.02578322010576782j),(-0.01076827380387033+0.0023869609330221912j),(-0.03017916220786053-0.0031401616365049484j),(-0.012812145500677804+0.025960576444531206j),(-0.010530646332132517+0.0022412471484731557j),(0.004478302231409647+0.0024217392427728825j),(0.00807166563194292-0.0005420828665884565j),(0.002750245174528697-0.0005548396465248542j),(0.003055225812840446+0.0012432069503937474j),(0.005637120435438862-0.004715415856886764j),(0.0021422269806284293-0.0019113666619373732j),(-0.000985208255842266-0.0029106328863429285j),(0.0018615988708184346-0.0109145284616065j),(0.0012060173110539831-0.004865471842850881j),(-0.0020089133238525183-0.0035049900748936494j),(0.0008544751196658939-0.01260623769694497j),(0.000913730119731589-0.005287411913115834j),(-0.001024609071596999-0.00301745977565059j),(0.001835043286457082-0.010957873514143766j),(0.0012127356258618417-0.004939299458412308j),(-0.0031125144318337817-0.004158771802492852j),(-0.00023921989279381646-0.01452682813901787j),(0.0006452064959106014-0.005741961130692141j),(-0.003235133516723112-0.004205993100502285j),(-0.00034187400176527807-0.01467597670901611j),(0.000616159634861188-0.005771562210903059j),(-0.003149624770719191-0.004195948941884782j),(-0.00028775307695021223-0.014631074304997794j),(0.0006361112512525814-0.005769591342546607j),(-0.0011500769105972114-0.0034719166915391482j),(0.0017804526482847706-0.011072001241325825j),(0.0012970897994793345-0.005241959777198644j),(-0.0013049528541877763-0.004416094112246235j),(0.0018158957561889577-0.011157998301869478j),(0.0016162110575695108-0.005841892531297373j),(-0.0013167079294987333-0.004488197403308454j),(0.0018179903060852173-0.011166862839286631j),(0.0016398828936875307-0.005888751722218154j),(0.004476972942916973+0.002422635960413309j),(0.008072868600124954-0.0005344307689191721j),(0.002749739605163491-0.0005528335914973571j),(0.0010283640891652357+0.000932443587666051j),(0.0017682813361781387+0.000854088158628244j),(0.0010340473833708177-0.0001562472952005129j),(-0.016283149983329873+0.0361283619211971j),(0.004069954742206247+0.0020794859399909j),(0.0072989276406877895-0.00023359015572809762j),(0.002536267192968016-0.0005012451417108817j),(0.0035315434626345898+0.0016764317481655945j),(-0.0005711697447511781-0.015592654231020929j),(0.001968806956168673+0.0019448878554813856j),(0.0029560397183407343+0.0021639332359705225j),(0.0020813258915856735+0.0002199422587143025j)
37,(2.8890963588089135e-05+3.104810434698127e-06j),(-1.2680476550102013e-05+1.4938857619546135e-05j),(-1.6210487148660057e-05-1.8043667982092935e-05j),(2.507891958103963e-05-6.273471790283716e-06j),(-7.721542227336283e-06-1.0651527149055984e-05j),(7.278870657531477e-06-2.713764466562195e-05j),(0.0027663097366772923-0.008206770735136702j),(0.00018448124536011266-0.006993553604508223j),(0.0005168198277577685-0.00881832369698822j),(0.0038707098615593802-0.01244778386270606j),(-8.845642572327499e-05-0.010022023264918042j),(0.0006419899145815068-0.013131113842232152j),(0.005838422628258878-0.05713229764619056j),(-0.014947701981837909-0.02325485749434214j),(-0.0021474122830550026-0.05124873447305374j),(-0.022445357576960312-0.02681160960633917j),(0.009691608174778186+0.030719885503935385j),(0.014172109351556089+0.061141181653043664j),(0.016959737165181066+0.03013217220196439j),(-0.0016743027614122834+0.02386213205427027j),(0.05721968677649736+0.006561266825173748j),(-0.017911915822594347+0.022620369863936382j),(-0.0018870922721930831+0.02601301798270408j),(0.05801807311053635+0.005665230104943131j),(-0.018483584775950825+0.0233826713039971j),(-0.0018970914563227969+0.025995764381553457j),(0.05794334430389671+0.005650663625187173j),(-0.0184757777763253+0.02336815868315316j),(-0.0022496641789018198+0.025169650383833595j),(-0.004114687933727959+0.026948853011130952j),(0.05424610550500524+0.0053481370826920505j),(-0.017775349324213017+0.02264952166396053j),(0.002421138216465321-0.02866295315274639j),(-0.09423698163839113-0.0005294413729099827j),(0.030701522844256205-0.029006694549435642j),(0.0023518295823693387+0.030446769162044345j),(-0.0018355927501663202-0.00411294988947149j),(0.8588283159826264+0.008651431024679688j),(0.00776021905633136-0.03388787132351104j),(-0.09104563784539174-0.011099538481652542j),(0.0364474181385145-0.038405646483664825j),(-0.007916344248029493+0.014159686567353884j),(0.03741063703788534-0.002004653868832168j),(-0.017152624219769735+0.007072377254002622j),(-0.008270377726315252+0.014710696906606223j),(0.03831515747990306-0.0015920807793569497j),(-0.017834845627209238+0.007689232482224615j),(0.00420645587019256-0.0011471282486487568j),(0.000860100370647802+0.002853973021893351j),(0.013052031840225565-0.0016105201671866454j),(0.0034532993665149347-0.0037714776132074827j),(0.00034836100673267664+0.0014958351560935192j),(0.007835457712229729+0.0009583442042635018j),(0.0017861000685387273-0.00809140165445982j),(0.000992922156591791-0.003087884542601659j),(-6.862752715502854e-05+0.002988021659344746j),(0.00118478285198013-0.008791661674506374j),(-0.0027125517673983043-0.0030628630741619855j),(-0.002065753175327183+0.000805278716487676j),(0.001801812502578625-0.008174142012301886j),(0.0015111082107367-0.0033099653417235277j),(-0.00014367414098145993+0.0033882997364431972j),(0.000491984584673642-0.009394862728327158j),(-0.007310273939384289-0.002914931863103197j),(-0.004279177860225257-0.0016144003257421366j),(0.00047517919624590543-0.009469101993905823j),(-0.007682170115305879-0.0029693534950131386j),(-0.004473209116787499-0.0018923882949438888j),(0.00043221487664083565-0.00941187906897288j),(-0.007556919673803746-0.0028694354475403646j),(-0.004384907201758556-0.0016930334382059525j),(0.0019355979585640461-0.008430352339570455j),(0.0038240643346071778-0.0043468801681584585j),(-0.00036745711004904606+0.005287670504123474j),(0.0023778345348010187-0.008711793235526755j),(0.008901062592529532-0.006701382262940957j),(-0.0006353227637245423+0.009809432604729936j),(0.002411694855863734-0.008732881254425923j),(0.00927892947307402-0.006879552364633383j),(-0.0006517581711582565+0.010148199257803543j),(0.004206058473536195-0.0011422416815012552j),(0.0008634236919096362+0.0028556733040795285j),(0.013055839379836759-0.001613178220440211j),(0.0007266194072328432-0.0004477439419179694j),(0.0032046486092949062+0.0004732067021748993j),(0.0029317728663182043+0.000429912203747951j),(-0.0064793711187656425+0.0231225565319971j),(0.0036924817819190326-0.0009908590340792084j),(0.0011048551633725005+0.002785569147163618j),(0.011991480060551628-0.0015949888827518164j),(0.003702754149922263-0.003815188681054322j),(-0.009818184332152865-0.0019089590700129113j),(0.0030299691518587855-0.0006664013143342736j),(0.008041700314984636-0.0008045446620341841j),(0.005443138191678577+0.0007680694874296495j)
38,(3.904468198364718e-05+7.94089350810413e-06j),(-1.5140143660776018e-05-9.013185769986847e-06j),(-2.390453830701728e-05+1.0722922905476878e-06j),(2.7186977782598984e-05-3.144656548651148e-07j),(-1.6770600492585287e-05-1.0747810885837525e-05j),(4.82729800614919e-08+3.857965401626222e-08j),(0.0028267992272475186-0.0030689603664428465j),(-0.0007939829502340212-0.0019974237874579655j),(0.0008401144269451228-0.00175126938758668j),(0.00442732509814993-0.004931448892912749j),(-0.0014160723093512356-0.003336010205110285j),(0.0012219049262384603-0.0028340805175474182j),(0.026525165032220625-0.03303867016055009j),(-0.01568194238217179-0.027106565817266712j),(0.0034305411021893738-0.019279990779700856j),(-0.024458331538296595-0.0330988756449314j),(0.024456400911648732+0.03371171254383132j),(-0.004603026740445562+0.0495146450800172j),(-0.0013463837051866726+0.04367895649195021j),(0.02424277664016282+0.010742421368830263j),(0.008542098759511658+0.017716654939481977j),(0.00804108383890148-0.003079806152103317j),(0.02597563619930502+0.011059968053383102j),(0.009180475768218748+0.018534818885698773j),(0.007058856557483872-0.0022177759649052477j),(0.025917125661251178+0.011075619082918403j),(0.009176721151764586+0.018549501304759228j),(0.007039057539379037-0.002142432850697786j),(0.02297122765169176+0.011927355750050803j),(0.02830712098065489+0.01077432225745448j),(0.00887732541885785+0.01914610928765944j),(0.006454345748029979+0.0013049586739320024j),(-0.09307792459205916+0.03799398279963247j),(-0.007825407368305996-0.02517906616669019j),(-0.014479167366967829+0.049127504929329276j),(-0.022966482839991-0.011071583278078318j),(0.0139769329485224+0.023866933566538788j),(0.00776021905633136-0.03388787132351104j),(0.8925146610586405-0.03679472276000931j),(-0.005626001304232858-0.018084176544442054j),(-0.018318543136206504+0.02036802316264844j),(0.008359272011323592+0.01602056399102914j),(-0.022822003968194435+0.02229116381843218j),(-0.008064501664032223-0.01736720739044745j),(0.010095835715218396+0.0174163726322106j),(-0.02248620012494981+0.022863866361362655j),(-0.007726638605902995-0.01731087076323793j),(0.017927414189581367-0.0066440340346926j),(0.019887731815318742-0.004492375164935446j),(0.008875265198464377-0.005456875137987399j),(0.011460579690305499-0.006293493737518441j),(0.014458888883937676-0.00617273769676569j),(0.007085517783411767-0.003945437778481501j),(-0.002425060806146467-0.00031384548967820227j),(0.0013669422207565622-0.005997287800735417j),(0.0005383758493270879-0.0010204776641878973j),(-0.007696512598941644+0.0006946022006034628j),(-0.002504677541812323-0.007603202642749838j),(-0.002102345975989994+0.000991118042674129j),(-0.0023716433650157647-0.00021036764517418072j),(0.001246094350493534-0.0057991737217623855j),(0.00056042092362919-0.0011977158255022985j),(-0.013859283307249932+0.0015080135624606571j),(-0.007205232019407887-0.009835448208277529j),(-0.005317643796942896+0.0030044509848971626j),(-0.014542175409305769+0.0016494475911571454j),(-0.007673794626847469-0.009950201308198384j),(-0.005674503419761858+0.003268415680947925j),(-0.014073671328379424+0.0015026356070060387j),(-0.007403045142429121-0.009994575808111451j),(-0.005431166500298747+0.0030469176994471527j),(-0.002178420572381583+6.423903920330814e-05j),(0.0005387254018944655-0.005027807495157833j),(0.000523523515031631-0.0022196004870506736j),(-0.0018908771844521914+0.00022468565203243376j),(-0.001390456779593386-0.003608444383675296j),(0.0001468326230690322-0.004999885744260655j),(-0.001871217002666487+0.0002331345627557737j),(-0.001537343353884768-0.003505876274829161j),(0.00011574610534486446-0.00521118074053648j),(0.01793438897721831-0.006642166553780687j),(0.01989064981603799-0.004487828828131431j),(0.0088757002318499-0.0054596034571709785j),(0.006178896709230625-0.0003360908366851537j),(0.004390009037781815+0.00014268428042056754j),(0.002970020675686167-0.002421977985108228j),(0.016123534262291038+0.055260801495671j),(0.016655482900398384-0.005915640560148091j),(0.018147641227527187-0.004059061572406481j),(0.008269097324958471-0.005255965930042031j),(0.012033775779943265-0.007534940909006399j),(-0.008353471301799396-0.012034751444478103j),(0.0121113701576532-0.0010487936347810779j),(0.00873203972645427+0.00039031109100320477j),(0.0067478197063257665-0.004478377330198624j)
39,(2.2785946520472843e-05-2.104076131186974e-05j),(-1.7610216092726398e-05+1.7719565868887674e-05j),(-5.175730528264777e-06+3.3211955041962476e-06j),(1.7489091506026004e-05-1.9229059320537643e-05j),(-9.088360261270328e-06+3.7326293669197427e-06j),(1.1506252195429123e-05-1.5684364604336486e-05j),(0.0016044439408409213-0.006975379945921652j),(0.0005892896006316319-0.0041329099199237974j),(0.001323895168349176-0.006376837640153432j),(0.002325730898253296-0.010560888496209623j),(0.0005324394764588784-0.006138703239740299j),(0.001832024805086786-0.009662310235399055j),(0.00684786589351441-0.047945035846053065j),(-0.011813412842559155-0.02269176393063419j),(0.0019131993454771365-0.04403265371897522j),(-0.018903009588990854-0.025038178294061974j),(0.0070570456827229264+0.02713678605599901j),(0.01605742755389604+0.04729107669064313j),(0.008172390880019118+0.02766314708139491j),(0.0019505102352879182+0.020524949454964928j),(0.037762164235567136+0.009391719935254846j),(-0.006183176732485782+0.01645876312568463j),(0.00205301141334148+0.022677849619020155j),(0.039515324150795075+0.008906552392307057j),(-0.008415012619577344+0.017198388214969967j),(0.0020429294023094086+0.022677808153206885j),(0.039470655229255594+0.008882987270027214j),(-0.00844228697911012+0.017243709702885104j),(0.0016793475189860946+0.022496120650401637j),(0.0009978384778133202+0.022765368993260593j),(0.036856052044905545+0.008097864676136764j),(-0.008734498961747368+0.01918406797345134j),(-0.009230894805252009-0.026980757391724074j),(-0.05726209860196661+0.023929486603643434j),(0.00608517605142358-0.0028346995269618383j),(0.0006565740881806665+0.021829229362274293j),(-0.0016415876972333777+0.004245980192461361j),(-0.09104563784539174-0.011099538481652542j),(-0.005626001304232858-0.018084176544442054j),(0.9235569515931951-0.02935539181906018j),(0.010685077699485582-0.04117744348153732j),(-0.003108689723531825+0.012554209780933155j),(0.012441295134063803+0.005087415068125996j),(-0.007827942028915362+0.005260192025584564j),(-0.0031534914069544836+0.012725657887162702j),(0.013567309696799217+0.006088362345761808j),(-0.008052676350803182+0.006267579015882159j),(0.00432669285955317-0.0016000024855923143j),(0.003852648329947952+0.0006633880537306666j),(0.010904011475069737-0.0006591227797454503j),(0.0034351749533934246-0.004065238279869603j),(0.0020363418212192156-0.0013263133879080407j),(0.006770327126120263+0.0005741148446313121j),(0.001940387963414013-0.007641165431467895j),(0.0004830191110396547-0.003306289936757312j),(0.0004073501621697214+0.0028947135223715507j),(0.0008384635814692783-0.008601467520546125j),(-0.002431349553087667-0.0030249215418385995j),(-0.0016515501762726485+0.0014355557955100916j),(0.0020126208599629916-0.0076708914757060665j),(0.0008104252868529588-0.003418459779161877j),(0.00038962342965364596+0.0031840707407380384j),(-0.0005509035725066759-0.009710810118440365j),(-0.005973397000046614-0.002579910728447452j),(-0.004080154218279864-0.0004193637420089758j),(-0.0006426771068856968-0.009817816468119847j),(-0.006204227770996708-0.002551304088308834j),(-0.004296358410075305-0.0006182497974158915j),(-0.0006354530700596441-0.00975647838429953j),(-0.0061924123691026525-0.0025484245282466423j),(-0.004194290738617891-0.0004874653473612642j),(0.0023124701469331038-0.007775039810830568j),(0.0023468648303164572-0.0038489183454392534j),(0.0003161948729670609+0.004427414385188221j),(0.0029456303628234096-0.007972952749664879j),(0.005931260263255049-0.004671312475087886j),(0.00016211352564628298+0.007035634884484589j),(0.0029925021181624275-0.00798956666735139j),(0.006199608673307379-0.0047337902517264165j),(0.00015229083092031345+0.0072285631469296355j),(0.004326978780489923-0.0015954543596077737j),(0.003855321463519668+0.0006667073848365627j),(0.010907406531391758-0.0006601318273341365j),(0.0010522824486304506-0.00046258298812985876j),(0.002811957229391108+0.0004432027671057862j),(0.0028218624251827927+0.00025967518039258543j),(0.0012584691692876654+0.0225163841928398j),(0.0038985514252880974-0.001389449667947476j),(0.003660495657496771+0.0007321698445966231j),(0.010072908775076422-0.0006673791900112091j),(0.0034785633849021007-0.0038061313891001713j),(-0.008591044319287307-0.0020862826349309902j),(0.003446894878975441-0.0006243581498925955j),(0.006712859106109792-0.00019373869600071767j),(0.005468131587268696+0.0002729495502510445j)
40,(1.008814478911388e-05+1.1372900247553918e-05j),(-2.1626086966851444e-05-2.2490640247846937e-05j),(1.153794210786284e-05+1.1117740017516661e-05j),(-4.067186826944655e-06-1.3810169351680498e-07j),(-1.5040108684477103e-05-1.3442874059979001e-05j),(8.647399017796818e-06+1.2812669101809859e-05j),(-0.0017510704526002047+0.0004327305437933693j),(-0.003138146848520919-0.00015933773309491188j),(-2.816313703147763e-05+0.0010836728757131122j),(-0.002207060701165373+0.00021135752046137876j),(-0.0044603104914343675-0.0009079037016488569j),(0.0003689249242025041+0.0011163334844425388j),(0.006896510115642393-0.015814669835986426j),(-0.009912429967514649-0.03019681932296579j),(0.017510514025484012-0.014717660103247529j),(-0.020540768487360368-0.03841123493612549j),(0.007168100218599455+0.03854593142936091j),(0.009873269872270246+0.042066433995692015j),(0.004813487422550869+0.02630178708347239j),(0.007072251003629341-1.3293927502065327e-05j),(-0.0030646932743039097+0.010479912960323617j),(0.04353756995359183+0.018776838844007666j),(0.00634538961577448+0.0005628806301579041j),(-0.005060033614264773+0.010995299195399445j),(0.0464969593881258+0.018667032065931632j),(0.006317734801335278+0.0006144771068583984j),(-0.005088593603587132+0.01104838393420814j),(0.04643668010352023+0.018617834857987084j),(0.005585992201031916+0.0030133916826035547j),(0.005513061614702669-0.0027183696685780644j),(-0.00537066259586687+0.013385616942599748j),(0.04250252565929408+0.01643191032240909j),(-0.013755857840821985+0.04924465370579812j),(0.009218686077979241+0.0005127398538012154j),(-0.12735103466061326+0.0022333949187559377j),(0.015449363299100662+0.006286345945124821j),(-0.02320333925531353+0.01367770219245845j),(0.0364474181385145-0.038405646483664825j),(-0.018318543136206504+0.02036802316264844j),(0.010685077699485582-0.04117744348153732j),(0.8543700792841348-0.022898774244971304j),(-0.0118182739903197-0.009960367242640574j),(-0.049276209152693526+0.020275741320051166j),(0.027752576700502594-0.004478239464735672j),(-0.011418459014082763-0.009812453883494115j),(-0.049021568644861034+0.021858492482234693j),(0.03016079723172755-0.004007540417728897j),(0.00948608083494677-0.007572595553366161j),(0.028102803805166707+0.004554096480175551j),(0.015083029609495823-0.005360502357528375j),(0.0034359777974470956-0.00598367246975067j),(0.015928729679706766+0.0014099396665648966j),(0.006018228047014339-0.0057248666778123205j),(-0.0002741090367542159-0.003308721145393766j),(-0.0004102450349555036-0.0008705866376625161j),(-0.0026323696830615534-0.004655495298760061j),(-0.002473465115290108-0.0030237425516420943j),(-0.0037093570556673825-0.0025468744798988023j),(-0.0061282431238943585-0.002006670818546552j),(-0.00010969873185089399-0.003193609198275609j),(-0.000672489731268153-0.0007043622536380481j),(-0.002502811280879874-0.004918408655782767j),(-0.004801455619428595-0.0025480901207061138j),(-0.007211394507563946-0.0043201564878164785j),(-0.009851448800703651+0.0013328421916743056j),(-0.005051768348531529-0.0024528514412502584j),(-0.007549033758284186-0.004416616696844584j),(-0.010252221584646264+0.0017401304491593515j),(-0.004884004965703393-0.002555567367173105j),(-0.0073597031719674025-0.004439915275658797j),(-0.00998320950802085+0.0014286615914199316j),(0.0008386859577753905-0.002517656174583532j),(-0.0016066018749025658+0.00028710782931024546j),(-0.0016197403749802762-0.005900982065294123j),(0.003390009980323295-0.0006152371119683281j),(-0.003170844370548798+0.0030424010161610414j),(0.0009482616541792773-0.007615888070580844j),(0.003582803880668336-0.00047208757284884165j),(-0.0032836762587640537+0.0032512403392751174j),(0.0011421635645365218-0.007741718163466535j),(0.009491766599978782-0.007574648328399611j),(0.028111701190782153+0.004559483087551665j),(0.015095730347119411-0.005359800568114248j),(0.003900974976707489-0.002700833580143661j),(0.004774655143969795+0.002619106216375184j),(0.005131481737349628+4.2291025794427214e-05j),(0.013970873706932951+0.055453744451959684j),(0.008845618874186867-0.007097016618595445j),(0.025614336436044452+0.004222629247742796j),(0.01429914825400969-0.004762996245059211j),(0.002599862486156601-0.005901635884580118j),(-0.008070839114402453-0.005919607034216535j),(0.007401582608423469-0.004157510083238394j),(0.007435438145978231+0.004159336648803969j),(0.00998675479392126+3.5189644040496896e-05j)
41,(-1.5016780290354844e-05+3.266890444312004e-05j),(7.563873987543628e-08-6.440071091554505e-05j),(1.4941141587358725e-05+3.1731806477708425e-05j),(-1.456664456560473e-05+3.1989740489669644e-06j),(3.642759613729597e-06-3.336796568601058e-05j),(1.2412866036215397e-06+3.971757824265329e-05j),(-0.001741545505253953+0.002253841467287538j),(-0.001943232964127435-0.0013661103349087663j),(0.0009666529275124585+0.004820452978305613j),(-0.0026227411925687258+0.0035307642236846876j),(-0.0030440378528641837-0.002372055832859989j),(0.0017084914812922044+0.007657812723096683j),(-0.01120021908424476+0.020435539185153423j),(-0.017793449606657786-0.02437562513130632j),(0.0179630764168856+0.04960102106747151j),(-0.02163273749539868-0.026249266379219684j),(0.02593640792951884-0.003924313481023695j),(0.00911455611893238-0.05581426511535348j),(0.04233234797598254+0.02151330090578481j),(0.029352335313894445+0.006683232417205659j),(0.00032085577541503783-0.028846440238988323j),(0.016558517157849808+0.009504509273381088j),(0.0319499255825567+0.007376770956663756j),(7.02647423802584e-05-0.028889520232750588j),(0.01690477048781176+0.00919922429308764j),(0.031942119081906695+0.007382745217239094j),(6.94205921338278e-05-0.028866059218983553j),(0.01688851568957878+0.009188260975971304j),(0.0315359461857693+0.007621815074569357j),(0.031041850810456243+0.007633033420054204j),(3.191184860370372e-05-0.027940433099257953j),(0.016271130965365817+0.008715675027896908j),(0.012188295241997143+0.016519285785649047j),(-0.003601442329503422+0.010694506143055473j),(-0.009629611931953863-0.008997906044047987j),(-0.003977693017388007+0.013045889708229902j),(-0.02983145727197381-0.0028529885605355736j),(-0.007916344248029493+0.014159686567353884j),(0.008359272011323592+0.01602056399102914j),(-0.003108689723531825+0.012554209780933155j),(-0.0118182739903197-0.009960367242640574j),(0.8539833758264165-0.004208522689678191j),(-0.00358640742899549+0.03380948351234711j),(-0.07439469648248194-0.009781790449565689j),(-0.14652404446648618+0.0010932763269606224j),(-0.00325256740377336+0.0376623030153541j),(-0.07464779633689589-0.008803816944985967j),(0.06707905135103615-0.006619282679638811j),(0.056451734707686066+0.006492119845419732j),(0.03067590054694636-0.016830203785602408j),(0.041642783478613346+0.0018164570811414387j),(0.0311659534054701+0.003541672223274884j),(0.01951267511861587-0.00556543228936749j),(-0.007818034623005253+0.00204588260078922j),(-0.005798614599475671-0.00922132969859911j),(-0.00010176811914720566+0.003205161009214109j),(-0.018002077945632373+0.002628565322274047j),(-0.01438293351732383-0.011999387833029222j),(-0.004889587214251465+0.0045463118445717285j),(-0.008628907362322049+0.001933312123633491j),(-0.00624790772654491-0.009514600054762727j),(-0.0003254651836790825+0.0033760672059762213j),(-0.02903391411567156+0.0031126595949180448j),(-0.023762860197373083-0.015618730367670102j),(-0.01018714816193422+0.005790523171741j),(-0.03018190096487565+0.0031741023081902457j),(-0.024638347317698213-0.016017516142313448j),(-0.010721769382571762+0.0059279445270663395j),(-0.02944676127297094+0.0031157783256716507j),(-0.024178171668702737-0.01575829767767172j),(-0.010396001690769742+0.0058243473739210865j),(-0.011750571930530956+0.0012191618253347284j),(-0.007746210407095593-0.0112131490248642j),(-0.0011295871658225033+0.0038951416914672424j),(-0.017632775447229635-0.0007457716068573193j),(-0.010016271757206109-0.015877661612092663j),(-0.0024974327011173074+0.0045814227333453965j),(-0.018068181260994277-0.0008923876973187837j),(-0.010184509325865579-0.016231333025750305j),(-0.0025988698440224905+0.004630127357708258j),(0.06709224692835611-0.0066310444696355995j),(0.05647915415552893+0.006498856705846268j),(0.030680524058734615-0.016844079956580982j),(0.014319383991753244+0.004148917135816993j),(0.012988389195405872+0.0017890548262289637j),(0.009111282667674532-0.004000107750845739j),(0.0046016099125952975+0.15802334197486442j),(0.061432940717877194-0.0068119559760498275j),(0.052450217491100584+0.006750101579081409j),(0.028201192390539885-0.015871238407302677j),(0.04508134199058332+0.0030226342710054314j),(-0.026484919202141192-0.016308556654266462j),(0.022472879791969987+0.009475635845531233j),(0.02009912866487996+0.003946752796021773j),(0.016113014594738354-0.003436816280072287j)
42,(-2.664339187714496e-06-1.4591905927030168e-05j),(6.345104687762346e-06+9.879989333462638e-06j),(-3.6807654957431235e-06+4.711916645476814e-06j),(-3.94428628956018e-06-1.0401082703796662e-05j),(-1.4448658325457502e-06+6.236157518800364e-06j),(-8.27547454424428e-06-5.186465889277482e-06j),(-0.0028703981297670002-0.0011671801048030923j),(-0.001955338890357294-4.56583781562682e-05j),(-0.0029264709395248048-0.000618443753856039j),(-0.00412559878106531-0.0018645649327559554j),(-0.002681319406139965-6.743279157771199e-05j),(-0.004215664255339199-0.0010100894455747963j),(-0.009827187796323064-0.012653462930808353j),(-0.0010374892794411499-0.00026140247024760734j),(-0.01045400375378297-0.007782942743449615j),(0.0022854219593532103+0.004233799934113089j),(0.024199319290297935-0.023547967497662484j),(0.012357315067459754-0.031886134429294236j),(0.026885490383641165-0.021914784407364156j),(0.01141013055034017-0.004634400875330549j),(-0.001683567949002437-0.02380915518844346j),(0.01697068484211712-0.01121700222204505j),(0.012085392169454768-0.004855955050655556j),(-0.001512286010938081-0.024082600900145665j),(0.01691959005877134-0.011588661674476594j),(0.012070288167240331-0.004840673072686596j),(-0.0015043500365373155-0.024068135724550667j),(0.016889497005984685-0.011572286337630156j),(0.011393312706612995-0.004245638406919907j),(0.011652987064419269-0.004402312282752532j),(-0.0010631791408717848-0.02343203314894577j),(0.015508262437083569-0.0108870109129472j),(-0.020973310284118564+0.021263736204122072j),(0.016753258150521422+0.0026572415298500157j),(-0.046841220448843236+0.01912812292282546j),(-0.010895861719954086+0.00442319264459972j),(-0.012767748766108256+0.02578322010576782j),(0.03741063703788534-0.002004653868832168j),(-0.022822003968194435+0.02229116381843218j),(0.012441295134063803+0.005087415068125996j),(-0.049276209152693526+0.020275741320051166j),(-0.00358640742899549+0.03380948351234711j),(0.9006681232652067+0.08257065685611022j),(-0.005366136276907011+0.046550461056284874j),(-0.002634176726658088+0.036450878462149394j),(-0.09833539261050014+0.08908143916914738j),(-0.004295806108353588+0.045762088342307994j),(0.013616790657498108-0.003549758958916495j),(0.015756252510828066-0.040647180630804226j),(0.012532907335409587-0.008994006257109607j),(0.007921882303488594-0.004976931070940188j),(0.010524471848660961-0.02816673543853787j),(0.008236813877766558-0.005216620232583676j),(0.0003968050039861541-0.006988245667364165j),(0.00024281530681534409-0.0037300779035246826j),(0.001638729532068129+0.0016329097888782345j),(-0.0035426925896130113-0.008761943807199218j),(-0.0013930729774149836+0.004123377741195297j),(-0.0017962542071991315+0.0027943809242839445j),(0.000548142178511701-0.006869897750592222j),(-1.9845774156099466e-05-0.0036109091165038047j),(0.0017573471513983746+0.0017640510081792645j),(-0.00842185697413391-0.010963135712977539j),(-0.003409218872374036+0.013770172901688311j),(-0.006114528603313709+0.003973211807640307j),(-0.00885383057091906-0.011323196137647585j),(-0.0034740015502857527+0.014455039909935397j),(-0.006511159710914913+0.004003024460631673j),(-0.008654220182003833-0.010966770595953568j),(-0.00356856944001704+0.014346313953184434j),(-0.006312194528729638+0.004075800732536154j),(0.001099339127272709-0.006481842788323674j),(-0.0012249483371049874-0.0029008029423509664j),(0.002118540920608064+0.0021957704929606685j),(0.002031225733157974-0.006055164763938688j),(-0.0038860343937273892-0.0010041138840186474j),(0.0025144519969054827+0.0027558109882368387j),(0.0020977852258745686-0.006027903549427224j),(-0.004084252437133944-0.0008611998395649748j),(0.002541747461968846+0.0027943383928567826j),(0.01362271018067283-0.0035437457081592093j),(0.015752261974337003-0.0406523547976727j),(0.01253677044147332-0.008993348013402395j),(0.002780999210478868-0.0008481637820687594j),(0.003929454083024777-0.008145273125315662j),(0.0050831338490801336-0.0026189203235176383j),(0.04473385762111727+0.049758128137442056j),(0.012774648464587667-0.0029548923820564565j),(0.01374864071239295-0.03759990408348455j),(0.011689505390669569-0.008103233433469064j),(0.00752580334010265-0.004287649459237555j),(-0.005671806564441672+0.020619965621859873j),(0.005248748499127877-0.0026454306027980834j),(0.006035232655623179-0.010341881804588643j),(0.00909998649422975-0.005778417823620267j)
43,(3.3276282734914024e-06+7.646161402115026e-05j),(6.86808944332671e-06-5.3066825068464447e-05j),(-1.0195717784800232e-05-2.3394788898623985e-05j),(5.9705964802480595e-06+4.192626084629677e-05j),(4.950279058811816e-06-4.496212536224501e-05j),(-4.769017522983086e-06+1.5045733586958055e-05j),(0.0035685289212405587+0.0039676078839932585j),(-0.00010919032937610051-0.002381376341531004j),(0.001490349991130493+0.002742444908646339j),(0.0054387226061039+0.006342601117246745j),(-0.0005525272171912178-0.003986203917059265j),(0.0021393676040765445+0.004445345115528639j),(0.026719087734539446+0.0427273508917774j),(-0.01779414242111059-0.03514121201861329j),(0.005414846051600721+0.03206462769837545j),(-0.022703362474219765-0.03874941014012717j),(0.031652863439210435+0.025526401940257338j),(-0.006755711622775412-0.06142492121517013j),(0.018520642319165666+0.02506940683711127j),(0.017764161661202486+0.013621909658987085j),(0.007823843526975105-0.026819073184038467j),(0.024489957759319385+0.01768488796276931j),(0.01920215273049691+0.014134349332968189j),(0.007736903868567178-0.026629278329687055j),(0.025586744770646437+0.018038057831943406j),(0.019187554472767265+0.01412086383875221j),(0.007734598777823203-0.026607907990546433j),(0.025591097115686516+0.018027548532550328j),(0.01857306655868584+0.013514570085866444j),(0.01801643560061752+0.014660971843053544j),(0.0074720929370134265-0.025831236737767868j),(0.025759259730501374+0.017590662239475714j),(-0.006094836503752131-0.016128950015756538j),(-0.008417814663417844+0.0037508261680644084j),(0.03101216315782191-0.00282671828966689j),(-0.021418074745088857+0.005580158728227522j),(-0.01076827380387033+0.0023869609330221912j),(-0.017152624219769735+0.007072377254002622j),(-0.008064501664032223-0.01736720739044745j),(-0.007827942028915362+0.005260192025584564j),(0.027752576700502594-0.004478239464735672j),(-0.07439469648248194-0.009781790449565689j),(-0.005366136276907011+0.046550461056284874j),(0.8455257333216648-0.0479091185637169j),(-0.07474027755905469-0.008588664015993532j),(-0.00520686530668416+0.04707894265313834j),(-0.15518859827905152-0.039295893878870815j),(0.03963361419964885-0.0021049037945532964j),(0.06467938804945783+0.009780289387436351j),(0.06111730743879963+3.927082078920407e-05j),(0.02558714233735262-0.0030381098746716795j),(0.03832795843011901+0.0035444624562023276j),(0.03835518221252738+0.0006721558049729019j),(-0.0031642641072749493-0.0014318544094947452j),(-0.003983885823920188-0.00506122861843925j),(-0.001796215234313042-0.0003782490248853284j),(-0.00958850773456597-0.002100928826073902j),(-0.015130460756682871-0.007390710112089651j),(-0.01033811933032347-0.0021781684987238347j),(-0.003628242394165287-0.0012985213141166255j),(-0.0044462418636207045-0.005138288867465927j),(-0.0024633717362267387-0.00023069098606902589j),(-0.01698851026474223-0.003170327600072121j),(-0.028274605871830616-0.010157979335476465j),(-0.019859889608226794-0.004608062913497198j),(-0.01773187092813202-0.003204191999197435j),(-0.029450990945322452-0.010321641755795275j),(-0.020840382930337485-0.004813961653246306j),(-0.017293984914556526-0.0032594237638954096j),(-0.028906559287271524-0.010336699683157558j),(-0.020232298904369256-0.004731906803459267j),(-0.00570486810299424-0.0008397966821706553j),(-0.006536956847183674-0.005437549313834949j),(-0.005252108909331475+0.00022581120932384235j),(-0.010394139394485098-0.00011921267689849607j),(-0.011367720543947864-0.00598995795351548j),(-0.01105699320402623+0.000807187604929158j),(-0.010747693481816908-6.593438221146747e-05j),(-0.011733492789362712-0.006029111739999646j),(-0.011490103755417983+0.0008495368801756439j),(0.03964135141498418-0.002104291613247218j),(0.06470724380856961+0.009791883339337573j),(0.06112688157076059+3.326883068085172e-05j),(0.009575535682321435-0.00016198303889814955j),(0.01590464305983192+0.0027682884659298336j),(0.011325540832399788+0.006240025691880334j),(-0.015313028506112126+0.16593590550546425j),(0.03645507912344345-0.0020910615909316282j),(0.05998802145096662+0.009833703606748467j),(0.05592389210726714-0.0007898036717797043j),(0.026846389589898573-0.004267875991303967j),(-0.0335684443904466-0.012353079588793486j),(0.016249042073198456+0.0027899051336257017j),(0.02419504298880032+0.005143452470530103j),(0.017561893865672897+0.013880165620612396j)
44,(-1.5669146998597826e-05+3.2693626288191955e-05j),(2.1563309744048698e-07-6.457986386248158e-05j),(1.5453513939421253e-05+3.188623757984317e-05j),(-1.5034636747587612e-05+3.229667657663333e-06j),(3.91493587504488e-06-3.334165895962149e-05j),(1.3486782969246427e-06+3.9941826122788216e-05j),(-0.0017736670234159181+0.002314885138948673j),(-0.0019223640654797791-0.0013372664207261474j),(0.0009851921367808342+0.00487163383695449j),(-0.002674026889365469+0.0036264152304705914j),(-0.00301000887163541-0.0023264260152969455j),(0.0017386916510308322+0.00773805403830398j),(-0.011546402172810388+0.020985646900518948j),(-0.01753014710448437-0.024103834793869593j),(0.018190350055733818+0.0500638256173614j),(-0.021249306444928114-0.025913209379230313j),(0.02561531116236093-0.004587605360842621j),(0.009176333323958633-0.05682967371886269j),(0.042521989931650093+0.020792887034830024j),(0.02917433595054634+0.006446913897600604j),(0.00028933965211600746-0.02925373720224066j),(0.01655140482040531+0.009447157817949352j),(0.03174697964272571+0.007165280677646469j),(-5.3475568711778936e-05-0.02935657240576149j),(0.016840006775346115+0.00907377302006515j),(0.03173725897020757+0.007170300201111291j),(-5.849494140054007e-05-0.029332288917378026j),(0.016820077494569485+0.00906243525276975j),(0.03125742105731215+0.007346843798245047j),(0.030799675542345303+0.00741911012960175j),(-0.00023762692033839697-0.028347622352141763j),(0.016077188911462995+0.008596648930638027j),(0.013523853541124935+0.015447666606194108j),(-0.0034989855418997035+0.011167561816009683j),(-0.009314784512661718-0.009853625101678426j),(-0.003762729735749792+0.013353807507026791j),(-0.03017916220786053-0.0031401616365049484j),(-0.008270377726315252+0.014710696906606223j),(0.010095835715218396+0.0174163726322106j),(-0.0031534914069544836+0.012725657887162702j),(-0.011418459014082763-0.009812453883494115j),(-0.14652404446648618+0.0010932763269606224j),(-0.002634176726658088+0.036450878462149394j),(-0.07474027755905469-0.008588664015993532j),(0.8525545332702298-0.003980179885314384j),(-0.002430869382710003+0.03505385946912226j),(-0.07491659717696936-0.009007782651358123j),(0.06669752788273192-0.006391955531475117j),(0.05630829085311558+0.00700618512387427j),(0.030589523550429112-0.016657856662440854j),(0.041532065914019485+0.001710095948660062j),(0.03108629962912076+0.0036204029492959665j),(0.019464080971840114-0.0056140535176998855j),(-0.007743882194172781+0.0020267357044034115j),(-0.005825880600062546-0.009343946820754272j),(-0.00010230829887069044+0.003145560730199982j),(-0.01785219490568777+0.0026441711695455164j),(-0.01436788627197603-0.012105109416341242j),(-0.004843599839719114+0.004486150434519676j),(-0.008556596817415388+0.0019152968705944957j),(-0.006277977421204621-0.009641582435892032j),(-0.0003283470311157801+0.0033184197745312763j),(-0.028793326470520134+0.0031710530563160712j),(-0.02369439800092453-0.01566801498729609j),(-0.010075113615221735+0.00574042645680015j),(-0.02993318033771504+0.0032409096578855643j),(-0.024564910238993924-0.01605274686429366j),(-0.010603508787018365+0.005881911435050717j),(-0.029202218667525537+0.0031740884345024998j),(-0.02410734765479368-0.015809464625538602j),(-0.010281121307754808+0.005773344165836076j),(-0.01168716647005343+0.0012139694988395535j),(-0.007786977068275795-0.011324436971853891j),(-0.001134945897949529+0.003857675401060666j),(-0.017590760122709152-0.0007092064574480024j),(-0.010078788550378578-0.015872435334909826j),(-0.0024929302462618408+0.004616108783182112j),(-0.01802780122865858-0.0008526364628290225j),(-0.010248596448124769-0.016216880623598537j),(-0.0025935244689451477+0.004670369233640531j),(0.0667112706672148-0.006403419900888335j),(0.05633545512129445+0.007013027898733655j),(0.03059371308278356-0.0166717947175976j),(0.01424415021573441+0.004123923860149916j),(0.01292518701094244+0.0019115393900239804j),(0.009062782204583565-0.003932946326573318j),(0.0038853368295437667+0.1575337361851714j),(0.06113784208244101-0.006550863166879469j),(0.052306250908475516+0.007188286371923112j),(0.028090664462510302-0.01575118059487114j),(0.04497624024983868+0.0028396313559795354j),(-0.026403238442800424-0.016445529232287013j),(0.022333904658549616+0.009436509766091243j),(0.019995891448126107+0.0040727142274980055j),(0.016017652124165477-0.0033445373730599665j)
45,(-2.789820523972892e-06-1.4395773692032862e-05j),(6.252778247618656e-06+9.950132657193632e-06j),(-3.4629577181502296e-06+4.445641085055893e-06j),(-4.087225912277741e-06-1.004084974267766e-05j),(-1.4391320497364507e-06+6.380035350847854e-06j),(-8.1620181195978e-06-5.12007661807635e-06j),(-0.0028443462363519907-0.0010600694200175783j),(-0.0019283557653386307+3.9524697331360065e-05j),(-0.0028922640372537325-0.0005485469676712587j),(-0.0040848090688939435-0.0017050170098155825j),(-0.0026363614001973547+6.033144710743132e-05j),(-0.0041614413441321985-0.0009093948923559522j),(-0.009594128449385638-0.012037940525234018j),(-0.0006734697144585942+0.00026856142816904585j),(-0.010115595918154563-0.00754273985638081j),(0.002762280456283973+0.004823041403576311j),(0.02399691891957374-0.02446430373458974j),(0.012028276478144024-0.03260013969297762j),(0.026616097828547444-0.023117274893776546j),(0.011373453059125283-0.005350239131254409j),(-0.002170486486829089-0.024084944686348676j),(0.016907717488384662-0.011858532273086158j),(0.011970516620814733-0.005673146255668206j),(-0.002053524958299243-0.024316022634794165j),(0.016820830518237587-0.012319335753599232j),(0.01195212327942766-0.005656464154200464j),(-0.0020477497981856354-0.024301620270940585j),(0.01678725239769245-0.012302641279288111j),(0.011167254147429704-0.004971446588339047j),(0.011557405356493779-0.005166524771544121j),(-0.001686945314542168-0.023698188042073656j),(0.0152772921287359-0.011561630837914479j),(-0.020495067134559578+0.02209583847851388j),(0.017212190376653863+0.00186037894381208j),(-0.04642215831333381+0.01917518251560519j),(-0.01101045647679088+0.004413471456804898j),(-0.012812145500677804+0.025960576444531206j),(0.03831515747990306-0.0015920807793569497j),(-0.02248620012494981+0.022863866361362655j),(0.013567309696799217+0.006088362345761808j),(-0.049021568644861034+0.021858492482234693j),(-0.00325256740377336+0.0376623030153541j),(-0.09833539261050014+0.08908143916914738j),(-0.00520686530668416+0.04707894265313834j),(-0.002430869382710003+0.03505385946912226j),(0.9022121413086123+0.08258721648051186j),(-0.004037439439308334+0.04789088198279245j),(0.013313575530769044-0.0038676424371438395j),(0.01489797148492856-0.04078675545611737j),(0.01207040086747559-0.008992097772369624j),(0.007779301376942926-0.005320517470336031j),(0.010159871022865025-0.028126870466502314j),(0.007988869753332512-0.005402053589574409j),(0.0003992017852810306-0.007046782212395718j),(0.00032585498170502536-0.0036155552902568965j),(0.0016593341115477764+0.0014637514511953984j),(-0.0034623214210648735-0.008653285191886313j),(-0.0012152557910715834+0.004206334758404893j),(-0.0016675211812648806+0.0027379181792914833j),(0.0005485366687415325-0.006930614390366982j),(6.664428278135067e-05-0.00349128498442836j),(0.001778550772999937+0.0015855819130090728j),(-0.008232512480278429-0.010605782983724197j),(-0.003132415201682926+0.013809258150748183j),(-0.005836623041404418+0.004085219296111627j),(-0.008657708562898358-0.010942349127747324j),(-0.0032027001725458046+0.014484878054868054j),(-0.006221271974132395+0.004130718432981693j),(-0.008458036229028432-0.010598771340493971j),(-0.0032792488083144902+0.014385551557315959j),(-0.006026510346186599+0.004195125589489939j),(0.0010993206125238467-0.00651739869060545j),(-0.001145595741368307-0.0027704265462300975j),(0.0021558399251594158+0.0019991981086477303j),(0.0020530657991930192-0.005952781657200818j),(-0.003873218593212376-0.0008768282477999139j),(0.0026229162575146427+0.002569112140136872j),(0.0021214837617216883-0.0059147081036538835j),(-0.004076702390619694-0.000734313625240646j),(0.0026557271642288745+0.002608655268005373j),(0.013319067692172101-0.0038618780325417566j),(0.014894494458107864-0.04079228883100897j),(0.01207361253506552-0.008991416476989693j),(0.0027259325698139776-0.0009230491932576083j),(0.003762967601576955-0.008254846275976791j),(0.004950346581154754-0.0026481277679196507j),(0.0437686974326877+0.04943031046984772j),(0.012472041329347885-0.0032876288829422236j),(0.013036142434411944-0.03768457697294003j),(0.011221290181423668-0.008131363246893699j),(0.007388577640432083-0.004692361163609202j),(-0.005167049783958263+0.0206829466022279j),(0.005138230287735078-0.002821776040227242j),(0.005783162876686404-0.010526730128121914j),(0.008879306002166187-0.005877673710004846j)
46,(3.222894280970745e-06+7.673602761034511e-05j),(7.179147141512916e-06-5.303734587718415e-05j),(-1.0402041489249522e-05-2.3698681678709766e-05j),(6.091855952940911e-06+4.219077867655724e-05j),(5.1992960210094455e-06-4.500463847475797e-05j),(-4.8713604433394834e-06+1.49591841953807e-05j),(0.0036300568858748062+0.003988090716264949j),(-5.0816554940371836e-05-0.0023877733849422397j),(0.0015160628037280475+0.0027444169569415464j),(0.005526635829502096+0.006380282970482578j),(-0.00046966525409095636-0.00398973333492795j),(0.002172355385672062+0.004455580185764533j),(0.026922723332431085+0.043154302532308036j),(-0.01762002476967231-0.034928409933555546j),(0.005336358360029534+0.03238402396641152j),(-0.022394922273836756-0.03847289613860778j),(0.031661644189710854+0.025030796186028874j),(-0.007022805432940968-0.06227844455668807j),(0.018439050325718777+0.0246680436182902j),(0.01779817580401185+0.013619183805641748j),(0.00794600619448755-0.02701925388366085j),(0.02400708029760242+0.017338781061256643j),(0.019201799325219857+0.014072062781190116j),(0.007825280087640458-0.02691418130403981j),(0.025024756052571043+0.01775542692910602j),(0.019184079261378887+0.014058345647823595j),(0.007819242626425298-0.026893109020766498j),(0.025027658532187323+0.01774563736353196j),(0.018457028972573848+0.01346963243462341j),(0.018027578054920966+0.0146809289831333j),(0.007416073249655331-0.026088663345353046j),(0.025157003472523136+0.017304214251981604j),(-0.0058574843134205695-0.01711692882363341j),(-0.008504907006225759+0.0032712801578988517j),(0.03292378414403958-0.002924264873724533j),(-0.021765111897978175+0.00559573542358087j),(-0.010530646332132517+0.0022412471484731557j),(-0.017834845627209238+0.007689232482224615j),(-0.007726638605902995-0.01731087076323793j),(-0.008052676350803182+0.006267579015882159j),(0.03016079723172755-0.004007540417728897j),(-0.07464779633689589-0.008803816944985967j),(-0.004295806108353588+0.045762088342307994j),(-0.15518859827905152-0.039295893878870815j),(-0.07491659717696936-0.009007782651358123j),(-0.004037439439308334+0.04789088198279245j),(0.843430528388373-0.04769109794237488j),(0.03964032982991557-0.0018904849076297123j),(0.06447948303105867+0.010191069942786433j),(0.06067884490773418+0.0002587661981012313j),(0.02565279905785925-0.0029958863679804236j),(0.03822493822581269+0.0036467037498970276j),(0.038343234134407315+0.0006967503291201447j),(-0.003167489593051087-0.0014696901552511705j),(-0.004029010724566224-0.005082440343450512j),(-0.0016398475785852902-0.00042730735778839617j),(-0.009574177249016182-0.0021271257242915006j),(-0.015127649721526965-0.00745937195960356j),(-0.010144824662245911-0.0022636966821315543j),(-0.003637499406748209-0.0013393075087332583j),(-0.004492804525652668-0.0051603805006391j),(-0.0023095696126409827-0.0002754166902600606j),(-0.01695540887744164-0.0031697904666472473j),(-0.028201237101202415-0.010294328269829546j),(-0.019653889396305965-0.004722147219168067j),(-0.01769379679615575-0.003202351460526106j),(-0.02936568206873988-0.010470879841659767j),(-0.020631113493528214-0.004932673639115839j),(-0.01726138054514781-0.003257107535281384j),(-0.028832432354703393-0.01047270322607202j),(-0.02002675799608213-0.004846223199091615j),(-0.005742990962714167-0.0008833472193648332j),(-0.006577465764862353-0.005473504497284468j),(-0.0051349439566706+0.00021401769003614318j),(-0.010489184826362394-0.00014957048771332276j),(-0.011353698129043452-0.006092481268635226j),(-0.011064212458704951+0.0008911552193159901j),(-0.010846917855471164-9.518937939905978e-05j),(-0.011715164850387809-0.006136870016850108j),(-0.011506807162506294+0.0009407696077340429j),(0.039647600482736856-0.001890024159755338j),(0.06450689314455745+0.010202685553931095j),(0.06068895315980612+0.0002528896903842685j),(0.009550776818203748-8.162242275615642e-05j),(0.015861018215879392+0.002847932900882564j),(0.011224948659513836+0.006223987041711532j),(-0.01605958645400538+0.16575032575241133j),(0.03643150603736468-0.001934349682515265j),(0.05977722892953931+0.01018228378886938j),(0.05559138647100293-0.0005363619784910286j),(0.026908110925658556-0.004217906524606546j),(-0.0335242055749671-0.01243026497075244j),(0.016194642360696926+0.0029085437912659004j),(0.02413481225772082+0.005238062396637118j),(0.017402733599346132+0.013872862082584982j)
47,(-2.286103000610433e-05-2.0945343943382208e-05j),(1.765293764871085e-05+1.7778777597851e-05j),(5.208092348994173e-06+3.1665663040300875e-06j),(-8.305349630674609e-06-1.1101314857979574e-05j),(1.6892208579495245e-05+1.3494859145460922e-05j),(-2.5105924280735794e-06-7.321880548330856e-06j),(-0.00047175331314068753-0.0013096924734874245j),(0.0024053618684323486-0.000531087510392001j),(-4.9641858262086625e-05-0.0013965020274252491j),(-0.0008022021901892487-0.002067232547886076j),(0.0039005608210743044-0.0008237581110020404j),(-0.00011874795695589039-0.0022076264889458867j),(-0.007394796221980443-0.012953317896645982j),(0.028677447848125544-0.004266527718440376j),(-0.002386237185310474-0.013893978498754931j),(0.03483955331606777-0.004975690369407017j),(-0.02214906471603427-0.011165064003838838j),(0.007971223541525588-0.0048388530918607245j),(-0.015114957091388792-0.010838750699638463j),(-0.014523297958556142-0.00027789213358100874j),(-0.005165191878140717+0.0004496811226077017j),(-0.011152207174755673-0.004080899497095296j),(-0.015496996533439132-7.044120225304165e-05j),(-0.005485830400759806+0.00035283793049109254j),(-0.011360518039072799-0.004146264800239958j),(-0.015482088564651043-7.069090219591866e-05j),(-0.005484616018448421+0.0003535636966484606j),(-0.011351075758358729-0.004146640357114055j),(-0.01482547596242416-0.00013701833671682113j),(-0.015279065887949337+0.0003706472797798568j),(-0.005343469528071891+0.00034370591785547145j),(-0.010929931315341743-0.00419785192423959j),(0.015630020067294664-0.006344530808548469j),(0.00379459587483871-0.0014419404604851648j),(0.008073334863464607-0.007518530748015025j),(-0.0007591318593990458+0.0014804900260481845j),(0.004478302231409647+0.0024217392427728825j),(0.00420645587019256-0.0011471282486487568j),(0.017927414189581367-0.0066440340346926j),(0.00432669285955317-0.0016000024855923143j),(0.00948608083494677-0.007572595553366161j),(0.06707905135103615-0.006619282679638811j),(0.013616790657498108-0.003549758958916495j),(0.03963361419964885-0.0021049037945532964j),(0.06669752788273192-0.006391955531475117j),(0.013313575530769044-0.0038676424371438395j),(0.03964032982991557-0.0018904849076297123j),(0.9128562065437476+0.07433015932457658j),(-0.03068809559085307+0.06801246724037077j),(-0.021783750567085335+0.05340730992897319j),(-0.039748738383885464+0.0007879279745641055j),(-0.009063285155897728+0.005751668568768742j),(-0.011329396540734293+0.008859136740689335j),(0.01444066161890594-0.010202416041195284j),(0.006187641464998492-0.022684173809251765j),(-0.0008356676321245701-0.013242741509825441j),(0.025376255863498197-0.013893877636474906j),(0.012137640854258128-0.022727272041363048j),(0.003826935191932096-0.016867040681362973j),(0.015279149210381248-0.009956161322545468j),(0.0059922783443419215-0.022912672821153935j),(-0.0008552569864564783-0.013470476636012904j),(0.037087502919951866-0.017961591668442835j),(0.01855014129906881-0.01756837148698819j),(0.0102393636070456-0.01994284421176358j),(0.03820270332793252-0.017853278051854847j),(0.019276494706098754-0.015737463413860807j),(0.010840205391904834-0.01980300981116241j),(0.037559883453334726-0.018352482763906046j),(0.018728461914883865-0.017994435287196048j),(0.010507528500061961-0.02025718955098775j),(0.018107965146745068-0.007738165926822853j),(0.004608158628871928-0.01863716064895039j),(-0.0003551741918414188-0.013053463961221845j),(0.022387275396487983-0.0010293032999607009j),(0.0004037594323016019+0.0028555076005190947j),(0.001935481317880425-0.00905163147842704j),(0.022696157788568466-0.0005237995553769251j),(8.624706440548096e-05+0.004532637206284324j),(0.0021141273592340526-0.008736169330801975j),(-0.0870668956336204+0.07186234104162148j),(-0.030636138163647204+0.07294679280491519j),(-0.02177931387704625+0.05425307059345131j),(-0.016844473863946084+0.002456468652603421j),(-0.012296894919622329+0.0197170902408084j),(-0.00914398228573406+0.015895265797720475j),(-0.013892190259871392-0.08705840281570283j),(-0.08046708127096314+0.0665585191832673j),(-0.02902147763923768+0.06780555329996357j),(-0.020061910308662827+0.05138795184080653j),(-0.04152187387480945-0.011322524466531734j),(0.017173157278506435-0.031190637622707643j),(-0.025465329398686988-0.000617032806948102j),(-0.01892708338903355+0.02312523734168923j),(-0.01599297517704687+0.02029277173416927j)
48,(-1.695427874147134e-05-1.2668788747775418e-05j),(1.955717426659363e-05+2.6752050319649093e-05j),(-2.6028955167724275e-06-1.4083261607746022e-05j),(-3.0050201846421988e-06-5.048266088580873e-07j),(1.5771088598909532e-05+1.4502781170558618e-05j),(-5.465063328070408e-06-1.6579045051773e-05j),(0.000632676226879804-0.0004544196913355155j),(0.002650043360869156-5.64617446197767e-05j),(-0.00040880450318120615-0.0017888853647507242j),(0.0009433389643145897-0.0008127535566093257j),(0.004262963248020464-0.00013090061098478814j),(-0.0007657152219061-0.0029435022128094937j),(0.0035717303572404945-0.0088151903533807j),(0.029976202408957764-0.002061518188787555j),(-0.009668732406542278-0.023180226825029782j),(0.03454340220780452-0.004656203916707943j),(-0.014814758370842228-0.015882005345295994j),(0.011776391176676882+0.008255310073466606j),(-0.030764905352456816-0.024045141936844018j),(-0.016268044125645774-0.011944003134638004j),(-0.004856409286453695+0.015026828510878288j),(-0.0224082274897752-0.003035592994087205j),(-0.01752640881292118-0.012848944226329494j),(-0.00516172582923298+0.015119036395448404j),(-0.02276223990315244-0.0026607137900622525j),(-0.017511048373783273-0.012844720703119109j),(-0.005161322540930163+0.01511445844741864j),(-0.022737461259321464-0.0026539847184760147j),(-0.0167712965507606-0.012663874305412805j),(-0.01710707609609919-0.012628936757296212j),(-0.0050399091200253755+0.014846224716725693j),(-0.02164017236327849-0.002451193294061803j),(0.01758185619635746-0.005059318508089597j),(0.002969210766234121+0.002102185049321503j),(0.02528053855876969+0.004163285182131159j),(0.004149095678318653+0.00038917885388403944j),(0.00807166563194292-0.0005420828665884565j),(0.000860100370647802+0.002853973021893351j),(0.019887731815318742-0.004492375164935446j),(0.003852648329947952+0.0006633880537306666j),(0.028102803805166707+0.004554096480175551j),(0.056451734707686066+0.006492119845419732j),(0.015756252510828066-0.040647180630804226j),(0.06467938804945783+0.009780289387436351j),(0.05630829085311558+0.00700618512387427j),(0.01489797148492856-0.04078675545611737j),(0.06447948303105867+0.010191069942786433j),(-0.03068809559085307+0.06801246724037077j),(0.8812772529633536+0.04491874472411826j),(-0.03121643944708028+0.07049111708404054j),(-0.013702708200453356+0.02493724500813451j),(-0.04944251426086593+0.039132658119337235j),(-0.018628354986946788+0.025419439082854142j),(0.001102748281850991-0.02887020548834334j),(0.019115063977107855+0.004751548037970491j),(-0.0024893879877643426-0.017585741321877534j),(0.00662277332031766-0.031323133059132965j),(0.02715777644346965-0.007390784691595455j),(0.00393617101955837-0.01921385718887741j),(0.0012872778544398287-0.030023167100305233j),(0.020517323606686108+0.0046385113851918226j),(-0.0022490386625340967-0.01868841828440874j),(0.01541206078479503-0.026376865402656623j),(0.03398492762302327-0.02108509802462047j),(0.014376343999739107-0.01607136141291144j),(0.01579675929168112-0.026251957886790495j),(0.03293281183485927-0.023191389621966773j),(0.015063291893707014-0.016075929967535846j),(0.016044988072052346-0.02596799489103591j),(0.035195632837029804-0.02130977617935486j),(0.015011747575712237-0.015779896576145935j),(0.003347201291139803-0.03021064077236405j),(0.023434865210707492+0.0034173215423852696j),(0.0006395972436905429-0.020425429167440647j),(0.011175085142501243-0.019290698439480676j),(0.022463848177108114-0.0008673069642393949j),(0.011601490447984543-0.01762866800482983j),(0.01178145001477796-0.018411334520337545j),(0.02234780093236346-0.0012036884105170306j),(0.012449249007246888-0.017385314932496534j),(-0.0306260750156587+0.0729224147718246j),(-0.11863037230326316+0.04534026674435414j),(-0.031221783435373324+0.06802829226645532j),(-0.011774531522938274+0.01818720656488352j),(-0.021500965094006796-0.0010055296938672985j),(-0.011700546689992342+0.01617978695044654j),(0.0025293284947126553-0.05856382373474213j),(-0.028726532764639795+0.06812059833255962j),(-0.10966733810827232+0.039336109997402426j),(-0.028797127279571937+0.06538623055979821j),(-0.012620310128942838+0.022376622646296064j),(0.058001510601927334-0.017249786531698598j),(-0.02137299186746606+0.021714689272290852j),(-0.03147759281193885-0.0006085027932666721j),(-0.02140161648022182+0.021397440475507415j)
49,(-9.454047731387613e-06-1.2128777649720127e-05j),(2.0023334577955457e-05+1.0623146917968869e-05j),(-1.056928686209474e-05+1.5056307196176808e-06j),(2.6644941598738756e-06-6.856533012785483e-06j),(1.2962150804819933e-05+7.2492756925174885e-06j),(-9.377897051522265e-06-5.535995462588398e-06j),(0.0005561521914071957-0.0015087081245914631j),(0.0019429686869019908-0.0008780402558797183j),(-0.0004973416396579927-0.0009834638480149967j),(0.0009266551957506136-0.002374861453444224j),(0.0031926940067410403-0.0013629468581417136j),(-0.0007885936969084643-0.0015466975705532137j),(0.0075494736237036765-0.014527296428901881j),(0.024881962855634234-0.007372281530456271j),(-0.005369393667373075-0.009472619087733152j),(0.02997490009363422-0.01096827244111182j),(-0.009318276570645559-0.005707375091631349j),(-0.0022718256583833633+0.009098752414836967j),(-0.022355996330834696-0.005352655529478979j),(-0.008716537607653594-0.0002683481000247956j),(-0.008127931201512829+0.01045357490421585j),(-0.01497173622011001-0.006558248970687861j),(-0.009437589956149213-0.00022468402522980713j),(-0.008288907427368826+0.010622257720535993j),(-0.015189412488708285-0.006650586018659751j),(-0.009428774116188983-0.0002250533311217058j),(-0.008281030566663704+0.010617904822672764j),(-0.015174650698367978-0.006650252146402345j),(-0.009021544739591459-0.0002753341972483933j),(-0.00881529883375971+5.681345566164661e-05j),(-0.007876576500744348+0.01039985541973706j),(-0.01452304444752596-0.006618733722179964j),(0.007855379474018336-0.0050128781252734705j),(0.010438612509279677-0.00016104158925404378j),(0.013082374637984548-0.005515342899325506j),(0.002955771842512793-0.00042377447021444076j),(0.002750245174528697-0.0005548396465248542j),(0.013052031840225565-0.0016105201671866454j),(0.008875265198464377-0.005456875137987399j),(0.010904011475069737-0.0006591227797454503j),(0.015083029609495823-0.005360502357528375j),(0.03067590054694636-0.016830203785602408j),(0.012532907335409587-0.008994006257109607j),(0.06111730743879963+3.927082078920407e-05j),(0.030589523550429112-0.016657856662440854j),(0.01207040086747559-0.008992097772369624j),(0.06067884490773418+0.0002587661981012313j),(-0.021783750567085335+0.05340730992897319j),(-0.03121643944708028+0.07049111708404054j),(0.9174770382797798+0.041557993384224515j),(-0.010429396347487269+0.022321054640932463j),(-0.016494126264331683+0.02366412163347481j),(-0.02747684259349143+0.007254601593010848j),(0.0019943299269533908-0.014054649961658205j),(-0.0003751428666093904-0.0025014209697282143j),(0.01681198680050547-0.015390025746935834j),(0.00614725972797866-0.02002323255562527j),(0.00894680543277949-0.011670525937904805j),(0.022615345958545308-0.019333478397303806j),(0.0020113546943634885-0.014550232262327576j),(-0.0005666407305556728-0.002529298277692784j),(0.01742439464529321-0.015401175873037045j),(0.011009951410539547-0.024638584199260745j),(0.021792664786589852-0.02296685966742964j),(0.025331209414207974-0.02113210979998176j),(0.011906516423312783-0.02536642271461134j),(0.02369544857399654-0.024944141309775694j),(0.02583403470970829-0.02150917550309682j),(0.011042851371998303-0.024677300158704236j),(0.022060284315756244-0.02298995465254684j),(0.025324164928314935-0.02109023497064673j),(0.0022178308207007583-0.014961198068619517j),(0.0002716970202419733-0.0031497259207680546j),(0.017091702005311262-0.01307870902548949j),(0.004397048602675138-0.012546981915921893j),(0.007531397742278434-0.00755278537438759j),(0.01093262990709353-0.0034859643052221403j),(0.004573229785715235-0.012351260068826348j),(0.008110907105777292-0.007907905937174756j),(0.010443434780507741-0.002749111681012834j),(-0.02178173492372684+0.05423413288676741j),(-0.031229700186470265+0.06802899413032837j),(-0.08241853406929285+0.04636202697951393j),(-0.007958398741310413+0.015249708826907994j),(-0.011047730787957424+0.01693568883434023j),(-0.01458413417185735-0.001497342988389938j),(-0.016178167556753872-0.05049201082894848j),(-0.020041485292929033+0.05116341603641158j),(-0.029122869217403057+0.064939143394129j),(-0.07645676393091758+0.0404562827608796j),(-0.013199721543281608+0.026005887916601383j),(0.019352155866040947-0.014993872461193238j),(-0.013984545717148142+0.020635352952734446j),(-0.017627456190859155+0.023414209583026202j),(-0.019995231391460838-0.0034510456868647637j)
50,(-1.093113328372504e-05-1.3009108469650681e-05j),(1.0687949031807265e-05+1.2379538066285723e-05j),(2.431842429868847e-07+6.295703802340314e-07j),(-2.941364469278999e-06-6.3782598074012285e-06j),(9.00627282661578e-06+8.783953901745672e-06j),(-2.6798352599222667e-06-5.652199868544859e-06j),(-0.00016506798880569994-0.000868640894490489j),(0.0013532320509743348-0.00023357105764866873j),(-0.0002142084000844441-0.0009161999569065173j),(-0.00028692589906777546-0.0013815529217287457j),(0.002209610607235176-0.0003704505882395359j),(-0.0003476538496176829-0.0014716194929453098j),(-0.002958488703540582-0.008994717398185725j),(0.016768359246889485-0.0021528596212950883j),(-0.0026190470123700917-0.010163089694066634j),(0.020102889899736798-0.002224320528568441j),(-0.014631028964343498-0.005830310419515065j),(0.005169378722127813-0.0027311407524565467j),(-0.009263382791142114-0.008875355289511853j),(-0.009991840239451948-0.000991428331117866j),(-0.001883181648677755-0.0018553718965282893j),(-0.005369699373472462-0.004159083518245126j),(-0.010664012030447824-0.0009555657554865032j),(-0.002033105963521371-0.0019927513007743317j),(-0.005483091113683912-0.004242906407726075j),(-0.010654502752682246-0.0009567801039991525j),(-0.0020325941449333743-0.0019932317825346775j),(-0.00547892592524213-0.004242940964688305j),(-0.010232382768886245-0.0010373528120345397j),(-0.010638245222816282-0.000724427053064729j),(-0.001960706587427331-0.002028098035061212j),(-0.005306449227667618-0.0042675370847424805j),(0.009996766870324882-0.006232439193861145j),(0.003159009099227103-0.003944212341055502j),(0.002654087431445348-0.005961638113446794j),(-0.00039254203606570116-0.0014996950740679181j),(0.003055225812840446+0.0012432069503937474j),(0.0034532993665149347-0.0037714776132074827j),(0.011460579690305499-0.006293493737518441j),(0.0034351749533934246-0.004065238279869603j),(0.0034359777974470956-0.00598367246975067j),(0.041642783478613346+0.0018164570811414387j),(0.007921882303488594-0.004976931070940188j),(0.02558714233735262-0.0030381098746716795j),(0.041532065914019485+0.001710095948660062j),(0.007779301376942926-0.005320517470336031j),(0.02565279905785925-0.0029958863679804236j),(-0.039748738383885464+0.0007879279745641055j),(-0.013702708200453356+0.02493724500813451j),(-0.010429396347487269+0.022321054640932463j),(0.9511583507753358+0.06658507856050354j),(-0.027092452275512713+0.05463470773864286j),(-0.02036095275257197+0.044273454653092334j),(0.0066701930343762185+0.009458106872491068j),(0.0022129188613254167+0.013842196598060554j),(0.0030866809813635313+0.005310792123032969j),(0.016779910014880335-0.002031924779976619j),(0.006388336119223155-5.2036336672499003e-05j),(0.005934721058526368-0.004964034823144831j),(0.0076281525733042505+0.00805321916438026j),(0.0029371342607410625+0.012847083821252488j),(0.003426359812441885+0.004606909715283164j),(0.02497290880780534-0.014423630727991289j),(0.009576255545936788-0.02017751753347035j),(0.0058746947964052505-0.018684744198074307j),(0.025827059813269874-0.01681625782833033j),(0.010023767057395723-0.02253398894689059j),(0.005942728985381894-0.020500915297660897j),(0.025225469581384215-0.014557054561366434j),(0.009663966288050902-0.02062723314184453j),(0.005824660448459524-0.019030044593746555j),(0.010311442385074907+0.0014310067290354972j),(0.005600111932824359+0.005067888554055791j),(0.002899984312981095+0.0005593850449093075j),(0.011039294596425178-0.013853342499056774j),(0.008976328813575338-0.021558583406042376j),(-0.0036787779334495666-0.013278935569967672j),(0.011057458681427365-0.015004005954334968j),(0.009208460815362971-0.023614788264032738j),(-0.004205542315585431-0.014353308888185656j),(-0.03972838316250603+0.000703869806623984j),(-0.013681995866883838+0.02488751819325136j),(-0.010412284987202572+0.02228702165990211j),(-0.007839744867806977-0.002371782714274364j),(-0.004313773252775962+0.006893312237517632j),(-0.003552850815651793+0.0060820544395271585j),(-0.007366608133084103-0.05877482069323721j),(-0.03574512417901282-0.00011213749578331891j),(-0.012333708059186373+0.022501517887008084j),(-0.009422816440387883+0.020401593264829123j),(-0.04804031216905022+0.07633201751538954j),(0.009997103637196164-0.012724546713061934j),(-0.015155936913092218+0.003345166792462417j),(-0.012141838565520494+0.01491614844770609j),(-0.01006295508351945+0.013390696307059824j)
51,(-8.30885104718611e-06-6.494835124592146e-06j),(1.2035304971127112e-05+1.3635978436537787e-05j),(-3.726453919320735e-06-7.141143334428033e-06j),(-4.157156249223308e-07-1.5499926423330853e-07j),(8.777481991040186e-06+7.528257686771374e-06j),(-4.389960091713832e-06-8.389195028099753e-06j),(0.0004633856197563736-0.00024231467259082612j),(0.0014735497262774605-2.0420138453298682e-05j),(-0.0002926023601975082-0.0008167826002160877j),(0.0007027673947019563-0.00044260177670791363j),(0.0023737362363262793-6.412612902941418e-05j),(-0.0005201482407438117-0.0013607584533700283j),(0.0031412902840429018-0.005106767468836381j),(0.01678496362669532-0.0014323050927293312j),(-0.005662502064723132-0.01134615679247734j),(0.01920743165738313-0.00307950207526044j),(-0.009803703803465236-0.008673853489536632j),(0.0055430053162287725+0.005184335230250688j),(-0.017339710042355287-0.01184318899728117j),(-0.00925794818447943-0.008703250625549186j),(-0.003174206335934513+0.008783017116017713j),(-0.011577618401715766-4.0706685578840713e-05j),(-0.00992542181774124-0.009401031606087728j),(-0.0033615019417104867+0.008834041187791833j),(-0.01174731261649318+0.00020294163240716688j),(-0.009915280781320588-0.00940010431944051j),(-0.0033610993177962865+0.008830462734896453j),(-0.011733683508023122+0.0002052965903239438j),(-0.00943392024737295-0.00935242109566404j),(-0.00973235660157548-0.009444821019549264j),(-0.003287706530643992+0.008633665064478921j),(-0.01113724849800311+0.00025291236219842966j),(0.013070408047341215-0.00643936207232748j),(0.0014726868845215844-0.00019580099229061197j),(0.01431874126862068+0.001371857202036819j),(0.004115828029454666-0.0044345126308632694j),(0.005637120435438862-0.004715415856886764j),(0.00034836100673267664+0.0014958351560935192j),(0.014458888883937676-0.00617273769676569j),(0.0020363418212192156-0.0013263133879080407j),(0.015928729679706766+0.0014099396665648966j),(0.0311659534054701+0.003541672223274884j),(0.010524471848660961-0.02816673543853787j),(0.03832795843011901+0.0035444624562023276j),(0.03108629962912076+0.0036204029492959665j),(0.010159871022865025-0.028126870466502314j),(0.03822493822581269+0.0036467037498970276j),(-0.009063285155897728+0.005751668568768742j),(-0.04944251426086593+0.039132658119337235j),(-0.016494126264331683+0.02366412163347481j),(-0.027092452275512713+0.05463470773864286j),(0.904524315575049-0.001760272428091943j),(-0.02958748784325323+0.08686170432873044j),(0.013617353770530378+0.035035813891602874j),(-0.019763195419012933-0.019565293461232824j),(0.014770358780518092+0.018365635078780484j),(0.013968217268087425+0.010519940729901943j),(0.006669509220918163-0.009440427795618066j),(0.014031493029911416+0.0011556228535756219j),(0.014562542513207833+0.03439705533126551j),(-0.018437029386817398-0.02050040512901594j),(0.015824728298032425+0.01663060471441861j),(0.005881205671179087-0.038912434581851015j),(0.04044205508021688+0.0077530012736797375j),(0.003326132492071883-0.024399848247738474j),(0.005769930773935818-0.04213805636234077j),(0.04752857220279859+0.013087098177807698j),(0.002814543371979122-0.025668814785958873j),(0.005132668458527036-0.04164290816807016j),(0.03980355913702181+0.006693126993016205j),(0.002535781686450398-0.026022642247422394j),(0.014051016770415627+0.017770000645247107j),(-0.005902702021925232-0.016990356021779143j),(0.014732839763737689+0.004684735416951059j),(-0.0012223427818887382-0.049132243504565805j),(0.03466834145684693+0.01061129710185425j),(-0.0042744450457583094-0.025648094286283653j),(-0.0024637855343131168-0.054314362654287754j),(0.037771600311056294+0.012789035553558542j),(-0.005807416226694602-0.02792750512399371j),(-0.009034678967844377+0.005678305162632832j),(-0.0493748159875205+0.03918367967876076j),(-0.01647017996053019+0.023577758185808078j),(-0.004577600382631197+0.006486699020400751j),(-0.012286089133907652+0.00102752226987733j),(-0.003980794896193639+0.008198650985572799j),(-8.330459659829093e-05-0.036635175245402066j),(-0.007497096257472335+0.0041238921024459585j),(-0.04556495355025102+0.03803800528088169j),(-0.014133692791773306+0.020327949349667838j),(-0.02829195367152691+0.06870223087620392j),(-0.001732230281080046-0.02740592842580678j),(-0.01261226095764116+0.01919488486798743j),(-0.019682330922247474-0.002512431555084071j),(-0.01292128308554208+0.014419216474205169j)
52,(-3.716907460438451e-06-1.0806709974020016e-05j),(1.055775290196312e-05+9.183981037247349e-06j),(-6.840845447457464e-06+1.622728925526322e-06j),(2.3251498640583703e-06-5.727005226231734e-06j),(6.160545529737256e-06+6.673811832400233e-06j),(-5.486782894726359e-06-4.135498328764518e-06j),(0.00021313582701732462-0.0010268770005830382j),(0.0010382724115294917-0.00026056291507708425j),(-0.0004090180765106578-0.0006487231643100139j),(0.0003732988150596796-0.0016309836748617332j),(0.0017306292906142293-0.00039566464495648253j),(-0.0006305540384416975-0.0010436844869237036j),(0.0036473953013878794-0.010533269758395487j),(0.014350412492585738-0.0016423669516418054j),(-0.0035542128484895236-0.007302484723448001j),(0.01708111423788269-0.0031041830714286806j),(-0.007312375072093735-0.004869383518514899j),(0.00010995569141014454+0.007638319923520434j),(-0.01281228854624021-0.006263700747952431j),(-0.005762056953211088-0.0021216623786812477j),(-0.0040900591213931334+0.007171521419246768j),(-0.008612364720424906-0.005846980010307478j),(-0.0062039576517652776-0.0022401624915055034j),(-0.004174466407903513+0.007271155319738265j),(-0.008768244405689095-0.0059735100369802405j),(-0.006197605629533179-0.0022402373700927004j),(-0.004170242627800976+0.007268258320928511j),(-0.00876107116111973-0.005973483681155255j),(-0.005909229798348145-0.0022584442182433852j),(-0.005872815901502203-0.0021686103673490137j),(-0.003945101831668741+0.007131384455684091j),(-0.008448118294935808-0.005969362476491744j),(0.006361435356959892-0.003810525492257289j),(0.0064589506869357615+0.0009839320774212958j),(0.00483156248467705-0.005835386109731373j),(0.0031245209420623686-0.0027407553290246674j),(0.0021422269806284293-0.0019113666619373732j),(0.007835457712229729+0.0009583442042635018j),(0.007085517783411767-0.003945437778481501j),(0.006770327126120263+0.0005741148446313121j),(0.006018228047014339-0.0057248666778123205j),(0.01951267511861587-0.00556543228936749j),(0.008236813877766558-0.005216620232583676j),(0.03835518221252738+0.0006721558049729019j),(0.019464080971840114-0.0056140535176998855j),(0.007988869753332512-0.005402053589574409j),(0.038343234134407315+0.0006967503291201447j),(-0.011329396540734293+0.008859136740689335j),(-0.018628354986946788+0.025419439082854142j),(-0.02747684259349143+0.007254601593010848j),(-0.02036095275257197+0.044273454653092334j),(-0.02958748784325323+0.08686170432873044j),(0.9091339832572045+0.06270621408251446j),(0.0028802069732149424+0.020575922045246522j),(0.0174172689454698-0.012406595751096997j),(-0.017789789867329903+0.017959359041304763j),(0.006126470907565755+0.0039515485673271115j),(0.015297263458360105-0.010739245615501387j),(0.001808002556129021+0.00021566391813272398j),(0.0034200753322665162+0.02005964500047265j),(0.018787630676193465-0.015452771548272438j),(-0.016046444074746+0.01669991097943812j),(0.008084334222151175-0.02480182039521093j),(0.004388761050167068+0.00433269730917013j),(0.028223418458642707-0.025465909387126975j),(0.006951914221073849-0.02676157120806165j),(0.0016540568208317846+0.009497398278976436j),(0.03004740751683072-0.02699383662249879j),(0.00866461747683377-0.026420322296067958j),(0.00456979058887431+0.0031223051622038776j),(0.029554825731415477-0.026928848114400536j),(0.004683543898199129+0.010149393487359205j),(0.01881777115668182-0.01962826856564061j),(-0.004116833565933233+0.006141098783408877j),(-0.0016165277030175565-0.026308125672704713j),(-0.0017656626529700724+0.0014718687120728498j),(0.02424434375005117-0.024249192203142294j),(-0.0021603366089609642-0.02911737110426744j),(-0.0034449140451767108+0.0032529574987462447j),(0.02635225337548372-0.026558855813555743j),(-0.011314251258576269+0.008807650731235508j),(-0.018610117496511897+0.025334430676079673j),(-0.0273846386051819+0.007176052168612683j),(-0.0037139304430446147+0.005587637052889861j),(-0.003922492520552434+0.008720221929195233j),(-0.005468467331045188-0.0027363073372049657j),(-0.006796459365353407-0.03472944688545383j),(-0.010652634854434729+0.007555305042787547j),(-0.016620532571466836+0.02208908161200769j),(-0.02336565201288978+0.006858501647366443j),(-0.006174637243688344+0.03723724685199264j),(0.013485420431495605-0.03524130382992638j),(-0.008400832402754842+0.01539955951263932j),(-0.011072910014718204+0.012850974963385312j),(-0.013810369101229226-0.0023106600942891173j)
53,(4.345155027823804e-06+3.4333536738608464e-06j),(-2.5697810959873707e-06-5.575383470525905e-07j),(-1.7753739355719835e-06-2.8758153189155384e-06j),(2.0016577835655657e-06+2.508888680875896e-06j),(-2.802885968246929e-06-1.5412490593401984e-06j),(9.721028280103077e-08-8.150951366989752e-07j),(0.0001620438513383007+0.00015228783067261945j),(-0.00035753083337989754+6.121240116414704e-05j),(-9.268869093784526e-05-1.3464695536685245e-05j),(0.0002680968184890573+0.00023430923957593758j),(-0.0005698901952404158+8.480908410094141e-05j),(-0.0001299668786769679-4.4141962835923115e-05j),(0.0021251609097847988+0.00125754598632978j),(-0.003845368998543536+2.026022772992934e-05j),(-0.00018036775910519555-0.0012104187827704882j),(-0.0048760162294848525+0.00033946687776525986j),(0.0018446449806846757+0.0007751003963259481j),(-0.0004340326780673964-0.0019572348162605994j),(0.002121377153860628-0.004007374055354548j),(0.0006942252953304078-0.0024774599349254994j),(0.0029638416630138405-0.006282188067258098j),(0.0023515993824694903-0.004621686189053871j),(0.0007093451845815868-0.0027270846507193376j),(0.0031018012994738376-0.0064708290452342755j),(0.002399097080501922-0.004751788731043522j),(0.0007078146120208226-0.002726957581149234j),(0.0031019348158784765-0.006472442233721439j),(0.0023980633895744554-0.004751368051668617j),(0.0006434343565334654-0.0027035471443793745j),(0.0006520596152426631-0.00287025569617422j),(0.0030898834876644664-0.006519094957309031j),(0.0023465032317411855-0.0047285487356138285j),(-0.002193290773862556-0.0004823828074133457j),(0.0019986923868681285-0.007668202920057548j),(-0.00011218076141633875-0.0034244332405250896j),(-0.0004230069347897934-0.002901953335905168j),(-0.000985208255842266-0.0029106328863429285j),(0.0017861000685387273-0.00809140165445982j),(-0.002425060806146467-0.00031384548967820227j),(0.001940387963414013-0.007641165431467895j),(-0.0002741090367542159-0.003308721145393766j),(-0.007818034623005253+0.00204588260078922j),(0.0003968050039861541-0.006988245667364165j),(-0.0031642641072749493-0.0014318544094947452j),(-0.007743882194172781+0.0020267357044034115j),(0.0003992017852810306-0.007046782212395718j),(-0.003167489593051087-0.0014696901552511705j),(0.01444066161890594-0.010202416041195284j),(0.001102748281850991-0.02887020548834334j),(0.0019943299269533908-0.014054649961658205j),(0.0066701930343762185+0.009458106872491068j),(0.013617353770530378+0.035035813891602874j),(0.0028802069732149424+0.020575922045246522j),(0.9664512868870154+0.03517176104246019j),(0.0005340098459317892+0.025002801748742805j),(-0.0030941508008603003+0.002720506020211462j),(-0.02198079191632083+0.027293295540283834j),(-0.002577343958792733+0.02117633120374992j),(-0.0019923755470330996+0.002901917498535289j),(-0.03458460057546198+0.03860306721213899j),(0.0006513293550606094+0.02972030630605139j),(-0.0032257288528940555+0.0035244894100322915j),(0.004612867468550689+0.00013941122377061086j),(-0.004638638199969847+0.004309387524217646j),(0.0002522456408975914+0.004994142875865557j),(0.007923686755017216+0.00037137991063944907j),(-0.005770541448579649-0.001304760056941634j),(0.00011728554860324352+0.0047594813705013755j),(0.005599104983917711-0.0011836275963088448j),(-0.0043821937980858495+0.0038221005584702216j),(0.0004911345931048806+0.005050890015907385j),(-0.02817373895089785+0.03055614010078664j),(0.001739270373961266+0.01949934582789352j),(-0.0025987156638025664+0.002695756870088722j),(0.008384366826088232-0.010636358029058577j),(0.00505830282063058-0.018737896989403112j),(-0.0007521716868999226+0.005539968552502533j),(0.011242649881650111-0.013859785420023732j),(0.005307265030388338-0.02168825782401107j),(-0.0006153951095622572+0.005782043735767441j),(0.01444879175633758-0.010227492093817651j),(0.0010860704274696297-0.02895395190853283j),(0.001992904903591782-0.014099785007793731j),(0.0024647636265239456-0.0006678939701656455j),(0.002246022498826917-0.006522385683747992j),(0.0010351540243635038-0.0035041154925013925j),(0.003716363035843002+0.0021302132599714052j),(0.013180731641333028-0.009272268402358536j),(0.0013335686645135044-0.02805409547097791j),(0.0019822620967714687-0.013402046330653682j),(0.016552270469048933-0.006795437564932869j),(0.0002151097114712207-0.005794615886544077j),(0.004009751976728693+0.0005446234903384049j),(0.0031495384193150726-0.003756783392774924j),(0.0021997200056721724-0.003337847033316686j)
54,(2.2340453350767564e-06+3.2712593066480623e-06j),(-6.03786877384164e-08-6.400549806634054e-06j),(-2.1736666461694874e-06+3.1292905006490438e-06j),(1.2548232000840533e-06+4.6486440461185005e-07j),(-1.1622007786871433e-06-3.328450851121026e-06j),(-1.320385385962301e-06+3.941157945463299e-06j),(7.3373365534051e-06+0.00015014345530916715j),(-0.0003202106983346348-4.4126299646469005e-05j),(-3.9213771701620946e-05+0.0005654211698107247j),(2.2896486864341925e-05+0.0002403275771461473j),(-0.0005126920238085362-7.608914945512568e-05j),(-3.717545438739888e-05+0.0009106277878341623j),(0.0005861775460365205+0.001599231995825047j),(-0.0035258387532244475-0.000814327661986301j),(0.0007248202699687055+0.006411209999137154j),(-0.003929153507829995-0.0011342492509185563j),(0.0008034116783157321+0.0007341096882791508j),(-0.003973377217968309-0.000920960442732429j),(0.0035546382513925276+0.0062985948161225006j),(0.0030072121815827727-0.003703938828461835j),(-0.0008236487500620667-0.0014022891669162292j),(0.004100361504228215+0.0031184319349648625j),(0.0032986995896571785-0.004084949771637307j),(-0.0008068016509676808-0.0014040968064673405j),(0.004204781330668618+0.003146044684519584j),(0.003298396005497312-0.004087164282248409j),(-0.0008054103661809782-0.0014052504401616348j),(0.0042028497626684725+0.0031435364112621985j),(0.003273914486702514-0.004164801141325366j),(0.003312323240888828-0.004402392825996809j),(-0.0007604973912470963-0.001455434317397442j),(0.00411099293840019+0.003043610257068297j),(0.001602975842947146-0.005839194400211002j),(0.0004970368206526566-0.0031902441511871514j),(-0.00014338629559121753-0.0006122095525337712j),(0.0026272943511697986-0.0100725012175162j),(0.0018615988708184346-0.0109145284616065j),(0.000992922156591791-0.003087884542601659j),(0.0013669422207565622-0.005997287800735417j),(0.0004830191110396547-0.003306289936757312j),(-0.0004102450349555036-0.0008705866376625161j),(-0.005798614599475671-0.00922132969859911j),(0.00024281530681534409-0.0037300779035246826j),(-0.003983885823920188-0.00506122861843925j),(-0.005825880600062546-0.009343946820754272j),(0.00032585498170502536-0.0036155552902568965j),(-0.004029010724566224-0.005082440343450512j),(0.006187641464998492-0.022684173809251765j),(0.019115063977107855+0.004751548037970491j),(-0.0003751428666093904-0.0025014209697282143j),(0.0022129188613254167+0.013842196598060554j),(-0.019763195419012933-0.019565293461232824j),(0.0174172689454698-0.012406595751096997j),(0.0005340098459317892+0.025002801748742805j),(0.9627552006541278+0.007009444166228941j),(0.011328163143119872+0.037994715499224105j),(0.0005137985877234539+0.018434340760437744j),(-0.02003452957121113+0.01591003175395283j),(0.006047644340680509+0.02353060381322797j),(0.0005034599692004069+0.030868488517119617j),(-0.03792772897152464+0.0129299982982621j),(0.011074435793895544+0.03768281258711559j),(-0.000499139964433876-0.008654868055340706j),(0.009944476202285061+0.008551309732380795j),(-0.004680247926324956-0.011258946979879551j),(0.00029367577147513353-0.014679608535573721j),(0.01747919252004515+0.010464819118195644j),(-0.0054078850616394395-0.013003138407297728j),(-0.0010353833456073292-0.009620779881811294j),(0.009203360039593449+0.007570038886270313j),(-0.005437970405400329-0.012914053205036271j),(-0.000179994084131236+0.02419937983102406j),(-0.030045143508353207+0.008611406368599276j),(0.0069550928644774405+0.0338101743516564j),(-0.00012496083732485173-0.014594677009019813j),(0.013938071466389992-0.014723750601022743j),(-0.008166402971408606-0.006132655223814523j),(-0.0001090197674021927-0.01765025272004766j),(0.017382481284314518-0.016563136250084255j),(-0.009331067756130362-0.009324406824475433j),(0.006191968094867019-0.022731877931373073j),(0.01916550350479842+0.004784104937292027j),(-0.0003999059800132938-0.0024877078483307577j),(0.0016097029783158447-0.002694259048151582j),(0.0015388374923135744+0.0010725406887393666j),(0.00016851903038754662-0.0020696753512762164j),(-0.0034060069394656173+0.0023277999243256683j),(0.006336379174535549-0.022023197841790226j),(0.01806834743003921+0.005603139250156759j),(-0.0011858749458750046-0.0024029799113374235j),(-0.0010152233388920576+0.032441378307601534j),(-0.025604638260233084-0.003564886679266915j),(0.002741518899886594+0.002934897192076295j),(0.0008729710898952464-0.0008913227371802183j),(0.0034835962024515016+0.0007176982355302326j)
55,(2.8822845332877558e-06-4.773851284791367e-06j),(-4.019194457106983e-06+4.0333819099448506e-06j),(1.1369099328927834e-06+7.404693715341004e-07j),(3.3340618058034254e-07-2.022331348973079e-06j),(-3.108583682984311e-06+3.2940428892589835e-06j),(1.6017630421523643e-06-1.1409758456877138e-06j),(-0.00022124699694560195-8.426999224904182e-05j),(-0.0002582748044098979+0.00045087669197550203j),(-4.257437019123382e-05-0.00010132259348709914j),(-0.0003529510187412079-0.00014822193386110002j),(-0.0004056269372848481+0.0007248225932319448j),(-5.671097437310723e-05-0.00018702921478645817j),(-0.0023527164059435972-0.0015329155166456578j),(-0.002505465589068388+0.005121035962605455j),(7.414653669383692e-05-0.0022446992930818315j),(-0.003141509575391819+0.006390568266452387j),(-0.000998496169843588-0.0031478307455386563j),(0.0022269391581276545+0.0028542690153936182j),(0.0020763560775328388-0.005537118316031332j),(0.0005913149239840154-0.004015636543758691j),(0.0021490614896059563+0.0013326707909307352j),(0.0006157544505694696-0.004892799272549752j),(0.0006683831715177705-0.004339084733438761j),(0.002195218927600331+0.001349603529286919j),(0.0005932146618075161-0.005058160783313443j),(0.000668633247343968-0.004338280264004371j),(0.002194347198163741+0.001349895411385138j),(0.0005915189550151157-0.005057997078783709j),(0.0006718723363796328-0.004292680567663872j),(0.0006639467498103253-0.004467438797880218j),(0.0021559680260496055+0.0013728232110628376j),(0.000519912708225578-0.005055449819394734j),(0.0005364087652569766-0.0012480311403227453j),(0.0003960240836053786+0.0028546083516890926j),(-0.00253651852144594-0.0047655377408382295j),(0.0016323385980634233-0.004805124897798593j),(0.0012060173110539831-0.004865471842850881j),(-6.862752715502854e-05+0.002988021659344746j),(0.0005383758493270879-0.0010204776641878973j),(0.0004073501621697214+0.0028947135223715507j),(-0.0026323696830615534-0.004655495298760061j),(-0.00010176811914720566+0.003205161009214109j),(0.001638729532068129+0.0016329097888782345j),(-0.001796215234313042-0.0003782490248853284j),(-0.00010230829887069044+0.003145560730199982j),(0.0016593341115477764+0.0014637514511953984j),(-0.0016398475785852902-0.00042730735778839617j),(-0.0008356676321245701-0.013242741509825441j),(-0.0024893879877643426-0.017585741321877534j),(0.01681198680050547-0.015390025746935834j),(0.0030866809813635313+0.005310792123032969j),(0.014770358780518092+0.018365635078780484j),(-0.017789789867329903+0.017959359041304763j),(-0.0030941508008603003+0.002720506020211462j),(0.011328163143119872+0.037994715499224105j),(0.9604397689400305+0.013492470162085473j),(-0.0020270633810947516+0.004462124779076879j),(0.002245541781287113+0.02821590384524883j),(-0.023370387055305454+0.014104234083330482j),(-0.0033179469747879687+0.003918696760092091j),(0.011704100193157412+0.03597661407588395j),(-0.040033839060305235+0.02349323971333838j),(0.0015120410117346896+0.0059319842520972246j),(-0.010389430067967132+0.004777509727645754j),(0.011383409245293338-0.004429457293529564j),(0.0008753463375045074+0.005585441692657726j),(-0.014183615028592857+0.004578268248528519j),(0.015477823496558872-0.008497504222029887j),(0.002094545312009359+0.005977745131490405j),(-0.009810175064775198+0.0032477854754614606j),(0.012794369286629526-0.004926091191538482j),(-0.0034567380024332814+0.0040216252854369874j),(0.010158198376293337+0.026636450734165013j),(-0.030482520250738922+0.01590725822781204j),(-0.0023193494778326836+0.004601415949000806j),(-0.0020817006468742644-0.016891373404305843j),(0.01806800020648403-0.017067733001685674j),(-0.002225330126171537+0.004641585301702424j),(-0.003054762837545277-0.020288232437238065j),(0.02185700372567167-0.019633494654460924j),(-0.0008411847663410636-0.013265940094669127j),(-0.002512472835876977-0.017631845067220483j),(0.016856862812307777-0.015433234916755715j),(0.0003333554888123705-0.002118176319304499j),(0.0008444749776927088-0.004862757795725741j),(0.002989047306223247-0.0017612713526369659j),(0.005276186407200318-0.0008918856410327592j),(-0.0010493196644111892-0.012384058892148267j),(-0.002583064234611511-0.01710574124299481j),(0.016564575885212388-0.014263972300142947j),(0.005530313256607921+0.008154149500895875j),(0.009900853325038083-0.012891476867688396j),(0.0013298198457456843-0.0015793338563501046j),(0.0024615757070454315-0.00192759768625566j),(0.00039324409937131657-0.001614699470842098j)
56,(7.034239476530644e-06+6.694795316774683e-06j),(-6.028275067398689e-06-2.774074699914012e-06j),(-1.0059644120393344e-06-3.92072060195625e-06j),(2.3678966260478727e-06+4.237224331209487e-06j),(-5.3736330552536625e-06-3.613821493520844e-06j),(1.3699623158466558e-06-2.4658032321706276e-07j),(0.00014095953172459298+0.0003266065154739791j),(-0.0007579168628064505+7.72837987396051e-05j),(-6.111598474076602e-05+5.618098630311143e-05j),(0.0002354610948916313+0.0005164089938892258j),(-0.0012288823066439795+0.00011279636954425573j),(-8.797617273191685e-05+7.472119802925369e-05j),(0.0020123866673776762+0.0033014211804333273j),(-0.009013575788331724+0.00025362086389717903j),(-0.0001702039123356446-0.00010616726440987513j),(-0.011117025531117309+0.0009432434606522974j),(0.006775965753382059+0.0028226508292369308j),(-0.00022190928961897134-0.0022625911547986266j),(0.004848239163151678-0.0019184353307813038j),(0.0036271300014604673-0.002711563817967873j),(0.004735462145242943-0.007383476481838473j),(0.004569839906871667-0.004221758314020134j),(0.0038255494246300908-0.0030341412864747412j),(0.004939789248210269-0.00757771135868801j),(0.004671924017358039-0.004356490209326127j),(0.003820287096656305-0.0030339965667726494j),(0.004939137752060125-0.007579449797930183j),(0.00466895422096299-0.004356428657332218j),(0.003591824239031728-0.0029982555382356505j),(0.0037565197370248967-0.0032900568523939805j),(0.004879285241080181-0.007625950542583135j),(0.004529273401420287-0.004341108067324763j),(-0.007027959792896445+0.0004999022991919173j),(0.0011026985537289217-0.008581908306437902j),(-0.002044125556517855-0.003102309486934221j),(-0.0006217984818698278-0.0036156024150580477j),(-0.0020089133238525183-0.0035049900748936494j),(0.00118478285198013-0.008791661674506374j),(-0.007696512598941644+0.0006946022006034628j),(0.0008384635814692783-0.008601467520546125j),(-0.002473465115290108-0.0030237425516420943j),(-0.018002077945632373+0.002628565322274047j),(-0.0035426925896130113-0.008761943807199218j),(-0.00958850773456597-0.002100928826073902j),(-0.01785219490568777+0.0026441711695455164j),(-0.0034623214210648735-0.008653285191886313j),(-0.009574177249016182-0.0021271257242915006j),(0.025376255863498197-0.013893877636474906j),(0.00662277332031766-0.031323133059132965j),(0.00614725972797866-0.02002323255562527j),(0.016779910014880335-0.002031924779976619j),(0.013968217268087425+0.010519940729901943j),(0.006126470907565755+0.0039515485673271115j),(-0.02198079191632083+0.027293295540283834j),(0.0005137985877234539+0.018434340760437744j),(-0.0020270633810947516+0.004462124779076879j),(0.9770231779585652+0.018288960931585094j),(-0.00221935279701796+0.014607116971703055j),(-0.0034088953066657157+0.006924688360524941j),(-0.022517503425344455+0.02807278808563069j),(0.00033316104342942954+0.017877259741630815j),(-0.0020853554635797585+0.00410001809859031j),(-0.013694402459659392+0.010086751328997095j),(-0.004883895018573502+0.007938240781672445j),(-0.0040850010191972996+0.010588275452908417j),(-0.013637683912842756+0.001995609420883946j),(-0.0047891861956361635+0.013765180111764507j),(-0.0042728489425686075+0.011663429057632952j),(-0.013140801033269476+0.010785622240824308j),(-0.004926822004190901+0.006484367425420325j),(-0.004061472809355102+0.01060783844240867j),(-0.019190852961880507+0.024811114484544664j),(-4.2026186491458256e-05+0.012054556500186428j),(-0.0017084671753795912+0.003496424370862435j),(0.004011612055918958+0.006300196893187235j),(-0.0009677201508412538-0.008421235473160519j),(0.00024910687781211013+0.008794210160612725j),(0.005849916378261504+0.004860128229104307j),(-0.0010400331231075481-0.009997743840118284j),(0.0004035633990031877+0.00924111078541564j),(0.025383088764329167-0.013908095913022332j),(0.006611948240046411-0.03137681560127888j),(0.00614575702244693-0.020053273786080395j),(0.005667376180229629-0.0005394464008566683j),(0.0030511006640224583-0.00792130237773235j),(0.0026017278708521693-0.005186159140597886j),(0.008103777865475215+0.017848634984222504j),(0.023239253370780075-0.01273439785468652j),(0.006316629738433227-0.029804210132958565j),(0.005742720225868678-0.01878006847231446j),(0.023268529903634518-0.013027452000296987j),(0.000424719772484376+0.008933891900825577j),(0.009841989057777771-0.0009437838321223166j),(0.005438516976527043-0.008662364344792232j),(0.005580171446554053-0.00745100679452449j)
57,(5.718912126549373e-06+4.4880474000787944e-06j),(-4.513330806467507e-06-1.0093542368120728e-05j),(-1.2055813201280518e-06+5.605494975765896e-06j),(1.9262714048898163e-06+8.1015305798789e-08j),(-4.3995947918309355e-06-5.221602672107277e-06j),(3.6009951675750283e-07+6.400821700516599e-06j),(-7.824974293300958e-05+0.0001395297796982672j),(-0.0007607878138854918-1.4995484248209634e-05j),(0.00010872771604779444+0.0007613379713400954j),(-0.00012059187072669409+0.00023116937559312803j),(-0.0012369271174922924-2.7397953174472696e-05j),(0.00019463543332755553+0.0012354684185084698j),(-0.0005874577607131009+0.0018687843885494514j),(-0.009196732602449506-0.000433028340269607j),(0.002147564716683998+0.009110466794995607j),(-0.010978328151365338+4.903543673251236e-05j),(0.003878860057549957+0.0032846168352068817j),(-0.0030097562290169614-0.0020476193632926343j),(0.008000659426587611+0.011003233622750049j),(0.006075168438342113-0.0019456492929878382j),(0.0013848716016736833-0.005095989052730298j),(0.007749407909690867+0.004638758042271005j),(0.006611654737538056-0.0022052693281182966j),(0.0014311825753075174-0.005164070250986261j),(0.007944536869603646+0.004645087745234434j),(0.006608275330589616-0.002208969233213451j),(0.0014303498045119519-0.005163869029994645j),(0.007939260951475548+0.004640642377569067j),(0.006437527646355757-0.0023532880143593378j),(0.006542257763148274-0.002513767378664166j),(0.0013649743613978137-0.005134636259082765j),(0.007696965661311632+0.004467408492671513j),(-0.001925645502743537-0.0073055298385770705j),(-0.0023411011731422787-0.003235567122449515j),(-0.003037410739136092-0.0021681551818256905j),(0.0020807336322448706-0.01102355676034331j),(0.0008544751196658939-0.01260623769694497j),(-0.0027125517673983043-0.0030628630741619855j),(-0.002504677541812323-0.007603202642749838j),(-0.002431349553087667-0.0030249215418385995j),(-0.0037093570556673825-0.0025468744798988023j),(-0.01438293351732383-0.011999387833029222j),(-0.0013930729774149836+0.004123377741195297j),(-0.015130460756682871-0.007390710112089651j),(-0.01436788627197603-0.012105109416341242j),(-0.0012152557910715834+0.004206334758404893j),(-0.015127649721526965-0.00745937195960356j),(0.012137640854258128-0.022727272041363048j),(0.02715777644346965-0.007390784691595455j),(0.00894680543277949-0.011670525937904805j),(0.006388336119223155-5.2036336672499003e-05j),(0.006669509220918163-0.009440427795618066j),(0.015297263458360105-0.010739245615501387j),(-0.002577343958792733+0.02117633120374992j),(-0.02003452957121113+0.01591003175395283j),(0.002245541781287113+0.02821590384524883j),(-0.00221935279701796+0.014607116971703055j),(0.9791600495332884+0.006781986244489843j),(0.00032818825886658445+0.025153674241878237j),(-0.0029100449427206018+0.021425389469410017j),(-0.02035054278902033+0.01651996712904112j),(0.0018038331428111795+0.029018694736924047j),(-0.0010092812215059775+0.001185884531938207j),(-0.012686832002504152+0.0023596417109735565j),(-0.0023890872893646336+0.004266486540577097j),(0.00030386332589445273+0.006015177458415715j),(-0.012941045466276354-0.0023341213118463085j),(-0.0014307661124754044-0.0015071706144129515j),(-0.0012872291326461562-0.0006119597818055201j),(-0.012381636618455295+0.0025589560914645627j),(-0.0028049264511110154+0.004094728932449715j),(-0.0035769962905219596+0.017971044751241547j),(-0.017429580304795973+0.01404319842287104j),(-0.000503936239156127+0.02420439208381923j),(-0.0023164822033960235-0.003217537875498176j),(0.004004339481857978-0.0036402668578875697j),(-0.004767817063963873-0.003504603236520817j),(-0.002204314429900933-0.004892946560875085j),(0.0057076708873633605-0.005037056995215122j),(-0.005077829790531492-0.005672574817245984j),(0.012142730344790858-0.022756433352388993j),(0.02718203189132777-0.007386717907607237j),(0.008935563589471517-0.011670705473002639j),(0.0031066830747222764-0.0040663093000291445j),(0.005570333655178197-7.403469082697305e-05j),(0.002327870835054916-0.003703379379709974j),(-0.0027630703825837523+0.0115680508323385j),(0.011520024428868524-0.021550109302446944j),(0.0252790883548561-0.006386807416820172j),(0.007813047162182283-0.010915681400335279j),(0.0036216876124443454+0.00674240232589313j),(-0.02064234231377904+0.003420643699738676j),(0.005706295656946929-0.002553127643569431j),(0.008435496360903866-0.00045439786753907535j),(0.005844624593659315-0.003086872598150821j)
58,(3.304299130861845e-06-1.9805034296080235e-06j),(-5.586161659523801e-06+2.7223310838478245e-06j),(2.2818625399319385e-06-7.418276549935705e-07j),(-6.374190382497822e-07-3.725832237420816e-07j),(-4.4636296100515525e-06+1.757861028503713e-06j),(1.980381315334925e-06-1.12916136329596e-06j),(-0.00047370073039926133+0.0001762641540819143j),(-0.0006748160044968284+0.0004941974627662713j),(-0.00023599137921833635-8.107344506616143e-06j),(-0.0007353081617371588+0.00027314451764324154j),(-0.0010647388279265899+0.0008042015862178283j),(-0.0003416754494489835-2.676303811734129e-05j),(-0.004054671167121591+0.001434734404185383j),(-0.006653125204800022+0.00597068471882173j),(-0.0008253303015392583-0.0007825144040507039j),(-0.00771369766807549+0.007171734092019394j),(0.0023055618977614245-0.00312439069985628j),(0.0019725641144432166+0.00296899501686459j),(0.006807368601365384-0.005259414487231229j),(0.0022490754826037128-0.004681246719945854j),(0.00438762626790274+0.0008539948099727863j),(0.0032413163210765405-0.0051032445084383754j),(0.0024228076748295077-0.005068568524244144j),(0.004525198086732823+0.0008497248528622184j),(0.0032329155979177143-0.00527945293763242j),(0.0024207136194943596-0.005066953084737515j),(0.0045228452674529575+0.0008491623393168614j),(0.0032280819977720593-0.00527806130173594j),(0.002323556176691925-0.004980144162300566j),(0.002275568104471499-0.005297023682107133j),(0.004399289795992692+0.0008391352760220978j),(0.0030217916649829205-0.005217066216256786j),(-0.0018780256944040006+0.0006421296722465475j),(-0.0014613840847821137+0.0013072678917988509j),(-0.005683050610106837-0.002163532550336515j),(0.001087553054633155-0.00544987473569934j),(0.000913730119731589-0.005287411913115834j),(-0.002065753175327183+0.000805278716487676j),(-0.002102345975989994+0.000991118042674129j),(-0.0016515501762726485+0.0014355557955100916j),(-0.0061282431238943585-0.002006670818546552j),(-0.004889587214251465+0.0045463118445717285j),(-0.0017962542071991315+0.0027943809242839445j),(-0.01033811933032347-0.0021781684987238347j),(-0.004843599839719114+0.004486150434519676j),(-0.0016675211812648806+0.0027379181792914833j),(-0.010144824662245911-0.0022636966821315543j),(0.003826935191932096-0.016867040681362973j),(0.00393617101955837-0.01921385718887741j),(0.022615345958545308-0.019333478397303806j),(0.005934721058526368-0.004964034823144831j),(0.014031493029911416+0.0011556228535756219j),(0.001808002556129021+0.00021566391813272398j),(-0.0019923755470330996+0.002901917498535289j),(0.006047644340680509+0.02353060381322797j),(-0.023370387055305454+0.014104234083330482j),(-0.0034088953066657157+0.006924688360524941j),(0.00032818825886658445+0.025153674241878237j),(0.9792352734897025-0.0008626918153729826j),(-0.002132567057392725+0.002746256919089958j),(0.0060678267100968105+0.023271225274453407j),(-0.023672304161029688+0.014826040923422781j),(-0.0037122814758273072+0.011931639847879653j),(-0.007625861640868814+0.01365012464702099j),(-0.006101734994441782-0.004809012671229976j),(-0.004018148206406775+0.01291339544636366j),(-0.008554452509451636+0.00885628074606154j),(-0.005855583722599535-0.003107508172869216j),(-0.0035105880189043714+0.012005245658417405j),(-0.007527293890066813+0.013790201260713314j),(-0.005179297511232726-0.005800055096353576j),(-0.00251763435354808+0.0032509851951756513j),(0.00430215734029064+0.01555586873461905j),(-0.018716045713682315+0.015094900765204762j),(-0.0017096694611800963+0.009678198979699978j),(-0.003387341354685076-0.012751209140201954j),(0.010282739255633002+0.005511376255605986j),(-0.00163445232075704+0.010196656647005267j),(-0.003984902468366141-0.014922192838063952j),(0.012568750062893127+0.004721914914797379j),(0.0038229726324129853-0.016880622129351378j),(0.003921900077792601-0.019238530831615377j),(0.022639781649923987-0.01935806963783356j),(0.002021262614214639-0.0039227541780498774j),(0.0013129027154948924-0.0061672873782507645j),(0.005181863350979108-0.0013648014081313411j),(0.009559825172780086+0.00914865152046191j),(0.0033672129470798894-0.015648027286937954j),(0.0034285544230885467-0.018185807371084876j),(0.021384002513942457-0.017938816432339206j),(0.006428152597778219-0.004234953724368777j),(0.005150682656036855+0.011554716388069052j),(0.004374854949843486-0.006214881543336614j),(0.003023695178060895-0.006528770342584916j),(0.006423781599716817-0.0015481575760095756j)
59,(4.6075917240206115e-06+3.726030500724843e-06j),(-2.7388455291287874e-06-8.422914057490093e-07j),(-1.8687461989134652e-06-2.883739087437936e-06j),(2.1191862620292755e-06+2.6663287706187827e-06j),(-2.972811153203798e-06-1.7252589215944187e-06j),(1.0921028923157674e-07-6.698854855908172e-07j),(0.00017703441659150534+0.00017498940534446948j),(-0.00037782932549634113+7.037664958364515e-05j),(-8.473081597830991e-05+1.4412134239197554e-05j),(0.00029294076442987183+0.0002696468369522202j),(-0.0006024688031644821+9.879819257328781e-05j),(-0.00011604852260957376-5.799791852474341e-07j),(0.0023241806929079553+0.0014557587660268922j),(-0.004075668220696244+8.188945030111706e-05j),(-4.312261957757678e-05-0.0009598930910247358j),(-0.005149449466745035+0.0003682110028164912j),(0.0019602795626526832+0.0007671710575157167j),(-0.0007216327978462884-0.0019020533957461291j),(0.0022500099438655823-0.004028383296540195j),(0.0007872214980197251-0.0024944013626929397j),(0.0029486062477405003-0.006342425640868095j),(0.0023928207068847707-0.004708935741339688j),(0.0008083425342853118-0.0027455082570486487j),(0.003090727478351453-0.006532545718883092j),(0.0024405769656910352-0.004840839099374708j),(0.0008067956738469914-0.0027453234383909716j),(0.003090945667617321-0.0065341807398877445j),(0.002439589549215921-0.004840333834278551j),(0.0007417124480910963-0.0027192416011224663j),(0.0007489109860235185-0.002886172054646811j),(0.003081274229194325-0.0065808615421058935j),(0.0023907269922658096-0.004813304508977529j),(-0.0021219466756544217-0.000382312127956917j),(0.002061220704075495-0.00770840232648763j),(5.880448081852332e-05-0.0033201644902566313j),(-0.0004107782211774727-0.0028697501303596423j),(-0.001024609071596999-0.00301745977565059j),(0.001801812502578625-0.008174142012301886j),(-0.0023716433650157647-0.00021036764517418072j),(0.0020126208599629916-0.0076708914757060665j),(-0.00010969873185089399-0.003193609198275609j),(-0.008628907362322049+0.001933312123633491j),(0.000548142178511701-0.006869897750592222j),(-0.003628242394165287-0.0012985213141166255j),(-0.008556596817415388+0.0019152968705944957j),(0.0005485366687415325-0.006930614390366982j),(-0.003637499406748209-0.0013393075087332583j),(0.015279149210381248-0.009956161322545468j),(0.0012872778544398287-0.030023167100305233j),(0.0020113546943634885-0.014550232262327576j),(0.0076281525733042505+0.00805321916438026j),(0.014562542513207833+0.03439705533126551j),(0.0034200753322665162+0.02005964500047265j),(-0.03458460057546198+0.03860306721213899j),(0.0005034599692004069+0.030868488517119617j),(-0.0033179469747879687+0.003918696760092091j),(-0.022517503425344455+0.02807278808563069j),(-0.0029100449427206018+0.021425389469410017j),(-0.002132567057392725+0.002746256919089958j),(0.9641123388888668+0.03638072544957186j),(0.00043448935345876544+0.025055454435334114j),(-0.0035019808918964187+0.0022411700738976907j),(0.005305554418334905+0.0011720691155974396j),(-0.005057162839596994+0.004269166970435768j),(0.0004332444371327685+0.005310412994156001j),(0.008775252375726931+0.0009389931449548363j),(-0.0061888157115563905-0.0008261974401162601j),(0.00034344958576368323+0.005247647114180331j),(0.006311442522645807-0.0008968415960880862j),(-0.004790136550168757+0.004437683801069915j),(0.0006757475336092891+0.0054540531639089215j),(-0.029607324344756006+0.031084649060629972j),(0.0016925887790874947+0.020149442108254725j),(-0.002890741446462266+0.0028044690431487823j),(0.007645037327255948-0.011420378664763284j),(0.005512646031177053-0.018341798249605742j),(-0.0007421734888877147+0.0058611115967347575j),(0.01056341373930884-0.0147485503723941j),(0.005801253138453248-0.02131089784066227j),(-0.0005802508500218559+0.0061196661113148455j),(0.015286889751473541-0.009979146618678623j),(0.001269510573731078-0.030107486029364645j),(0.0020091559764571407-0.014595265639917237j),(0.002507638579673652-0.0006055257693905333j),(0.002418014496610306-0.006737992950973135j),(0.0010410249531536556-0.0036379804320144644j),(0.003629916261222536+0.002769372256609214j),(0.013926821551676172-0.009016868079682987j),(0.0015010109912842909-0.029137479192478014j),(0.0019905183237005-0.013862820018764037j),(0.01755226668121227-0.008766914323965022j),(-0.0003794589038308349-0.006299171489326724j),(0.004082140577083798+0.0005199063224058896j),(0.0035323065712121347-0.00402067440369922j),(0.002297842232403815-0.0035541328397947496j)
60,(2.1947265201907654e-06+3.5265952534346345e-06j),(-5.475117503891726e-08-6.788770748317454e-06j),(-2.1399753445665488e-06+3.2621754951284945e-06j),(1.192998039314259e-06+5.314853797922701e-07j),(-1.1705273226502988e-06-3.5505235183072977e-06j),(-1.3487489111396134e-06+4.159826365779638e-06j),(-4.0846199393604365e-06+0.00016870162063562416j),(-0.0003396935987650566-4.9924945688603725e-05j),(-4.153840517442982e-05+0.000596863878209351j),(7.377344260763919e-06+0.0002716160773158832j),(-0.0005426013235349911-8.415761316605766e-05j),(-3.7697298237721576e-05+0.0009627383930289292j),(0.0005880855935613493+0.0018659286439586145j),(-0.0036811154690918856-0.0008321467887188641j),(0.0008461178766553939+0.006828854801731503j),(-0.0040196285973023325-0.0011966653935262138j),(0.0009112951417327322+0.0007805244222743079j),(-0.004529304595012057-0.0010575877053043067j),(0.0038794708655945135+0.006514311059463133j),(0.003154878836335587-0.003696888973299889j),(-0.0010081791705322705-0.001382272525503935j),(0.004310833282135404+0.003036122644451663j),(0.003456253266680807-0.004078449496548639j),(-0.0009858305971031647-0.0013777187314499674j),(0.004415833383894227+0.0030564541885816044j),(0.003455864428909257-0.004080603508837315j),(-0.0009840951959987107-0.0013789286237774782j),(0.0044136692954821356+0.0030540108758203483j),(0.0034270721887161098-0.004155186672347952j),(0.0034742096294436784-0.004405451698638816j),(-0.0009256459007087386-0.0014323722783848997j),(0.00431187537655702+0.002958719019788581j),(0.0015091810536605559-0.00563905037029451j),(0.0008393858111914104-0.003310044470928271j),(-0.00037528075071817304-0.0004517946717454372j),(0.002614446846183352-0.010201488339054226j),(0.001835043286457082-0.010957873514143766j),(0.0015111082107367-0.0033099653417235277j),(0.001246094350493534-0.0057991737217623855j),(0.0008104252868529588-0.003418459779161877j),(-0.000672489731268153-0.0007043622536380481j),(-0.00624790772654491-0.009514600054762727j),(-1.9845774156099466e-05-0.0036109091165038047j),(-0.0044462418636207045-0.005138288867465927j),(-0.006277977421204621-0.009641582435892032j),(6.664428278135067e-05-0.00349128498442836j),(-0.004492804525652668-0.0051603805006391j),(0.0059922783443419215-0.022912672821153935j),(0.020517323606686108+0.0046385113851918226j),(-0.0005666407305556728-0.002529298277692784j),(0.0029371342607410625+0.012847083821252488j),(-0.018437029386817398-0.02050040512901594j),(0.018787630676193465-0.015452771548272438j),(0.0006513293550606094+0.02972030630605139j),(-0.03792772897152464+0.0129299982982621j),(0.011704100193157412+0.03597661407588395j),(0.00033316104342942954+0.017877259741630815j),(-0.02035054278902033+0.01651996712904112j),(0.0060678267100968105+0.023271225274453407j),(0.00043448935345876544+0.025055454435334114j),(0.9609740119757255+0.007285036337231381j),(0.011474426679616588+0.0398698130574313j),(-0.0008674345146944184-0.008631517805438587j),(0.01050478735181311+0.009609002656285753j),(-0.00514180766778353-0.011411259954280707j),(-6.07134749250059e-05-0.014089398032967201j),(0.0182558503705242+0.011348957903481692j),(-0.005861199000167398-0.013383306968480517j),(-0.0014206482632477739-0.008887591516766383j),(0.009700064660276857+0.0083359202682485j),(-0.0059034658758744425-0.013459753167134032j),(-0.00015313006832514894+0.024103559042319006j),(-0.03141318021465227+0.008431667118523367j),(0.0071610018326923805+0.0347055091537928j),(0.0002095159139760502-0.01331760893391095j),(0.012590493565972142-0.01647100212322619j),(-0.008182277459579265-0.0045260708302703595j),(0.0002509095296386369-0.016266250722294463j),(0.016043250294281733-0.018432330669754075j),(-0.009361422143339833-0.00767107005945681j),(0.005995282566627394-0.022959360347547905j),(0.02056767120252434+0.004672080565815001j),(-0.0005936070565930281-0.002511447641283586j),(0.0016846015233025506-0.002806257735961653j),(0.001619808101865408+0.001166010088346057j),(0.00017795044144971168-0.0021927718623135114j),(-0.0036151932339568414+0.0028307626399477937j),(0.006148110042520458-0.022241256699471634j),(0.019374337603281173+0.005501544759689036j),(-0.0014358618683529105-0.002374605005784185j),(-0.0003847750065185604+0.03200738029845895j),(-0.02599978795345132-0.0024122335198637265j),(0.003017607116194098+0.002689629168370963j),(0.0008585820492115708-0.0007720254913984253j),(0.0038368209293810664+0.0005576577130963101j)
61,(3.071893658333513e-06-4.8636757674594175e-06j),(-4.493559697933021e-06+3.973989129412578e-06j),(1.421666048468384e-06+8.896866339217134e-07j),(3.3208612442799715e-07-2.0708401845267857e-06j),(-3.3279609771443407e-06+3.3406215309162404e-06j),(1.9180972563825947e-06-1.0102242765173383e-06j),(-0.00020724067122496258-7.608409729017854e-05j),(-0.0002576502932134738+0.0004744086569899006j),(6.020537522698796e-06-9.275760106720562e-05j),(-0.00033533525359649165-0.0001365999209030843j),(-0.0004091696908331154+0.0007607472253025801j),(1.6168661013085358e-05-0.0001749210031403754j),(-0.002418444785397027-0.0015068606226383103j),(-0.002707341683979277+0.005300961447262958j),(0.00037992201193651806-0.002217414413905081j),(-0.003428816249136793+0.00669949706041925j),(-0.001113621645313316-0.0030931820060349155j),(0.002337507069566971+0.0026043787798490092j),(0.0020908182807129988-0.005499833982975331j),(0.0006618081846072672-0.003991211750978135j),(0.00213520224050541+0.0011265203109498852j),(0.0006708128112845569-0.004836458693685363j),(0.0007489111807960465-0.004313887397123571j),(0.0021753155457026854+0.0011426714843649746j),(0.0006527775705759643-0.0050023051751811164j),(0.0007491758315137533-0.004313158479167026j),(0.0021744123347252+0.0011432269924343643j),(0.0006511306288512461-0.0050022781199800005j),(0.0007520270057774785-0.0042708175565798106j),(0.0007485350718168769-0.004433944475162154j),(0.002135385312428996+0.0011779829188490623j),(0.0005815265812911466-0.005006271094568552j),(0.0005613664320502024-0.0014210136614062191j),(0.00036774549389726905+0.0031395674031587523j),(-0.002397211013322505-0.005021217858304923j),(0.0016181089124640575-0.004814115113897654j),(0.0012127356258618417-0.004939299458412308j),(-0.00014367414098145993+0.0033882997364431972j),(0.00056042092362919-0.0011977158255022985j),(0.00038962342965364596+0.0031840707407380384j),(-0.002502811280879874-0.004918408655782767j),(-0.0003254651836790825+0.0033760672059762213j),(0.0017573471513983746+0.0017640510081792645j),(-0.0024633717362267387-0.00023069098606902589j),(-0.0003283470311157801+0.0033184197745312763j),(0.001778550772999937+0.0015855819130090728j),(-0.0023095696126409827-0.0002754166902600606j),(-0.0008552569864564783-0.013470476636012904j),(-0.0022490386625340967-0.01868841828440874j),(0.01742439464529321-0.015401175873037045j),(0.003426359812441885+0.004606909715283164j),(0.015824728298032425+0.01663060471441861j),(-0.016046444074746+0.01669991097943812j),(-0.0032257288528940555+0.0035244894100322915j),(0.011074435793895544+0.03768281258711559j),(-0.040033839060305235+0.02349323971333838j),(-0.0020853554635797585+0.00410001809859031j),(0.0018038331428111795+0.029018694736924047j),(-0.023672304161029688+0.014826040923422781j),(-0.0035019808918964187+0.0022411700738976907j),(0.011474426679616588+0.0398698130574313j),(0.9590118218118006+0.013432131827747436j),(0.001717114132388689+0.006402266376696138j),(-0.010803882472517323+0.004359240013592021j),(0.011956186577484536-0.003124541363113185j),(0.0011339119475867105+0.0062221141782594636j),(-0.014574981786528055+0.003733307564284233j),(0.016145217816437567-0.006933692593151892j),(0.002309520588415983+0.006561776976898415j),(-0.010201923516473095+0.002390957285476364j),(0.013354150584115883-0.0032558885823173404j),(-0.003718736370120919+0.00389900797307007j),(0.009921110507441343+0.028718915344905283j),(-0.0315872175265714+0.015467429112131864j),(-0.002364133591967712+0.00520603598196992j),(-0.001662217249865727-0.016390525873104137j),(0.017198588442330832-0.018797431475842015j),(-0.0022504965250944985+0.005301523353962008j),(-0.0025813958355065674-0.019918962041525094j),(0.02101219780630139-0.021460634861088033j),(-0.0008613134752996398-0.013492990634236444j),(-0.00227330901904627-0.0187334760791825j),(0.017467556466861385-0.015442822425480488j),(0.00029980518321263554-0.002221387512472071j),(0.0010414591105436352-0.005095281531960656j),(0.002976678566339785-0.0017504437419808743j),(0.005244472187801747-0.0006837529607032749j),(-0.0010638569638246683-0.012584431789561902j),(-0.0023842030927793524-0.01810971369126999j),(0.017091802722112276-0.014276696202326765j),(0.005393672204341478+0.00781883738349863j),(0.009632777291914764-0.013773348635855803j),(0.0013281749065967177-0.0018093147577692645j),(0.002959564899667879-0.002066071964127637j),(0.00031375462463966613-0.0015932517028829545j)
62,(9.659202596963284e-06+1.0236670183250182e-05j),(-1.0201334787357999e-05-5.237955891340626e-06j),(5.421321890481878e-07-4.998714269251525e-06j),(2.4178569908663307e-06+6.064259836289742e-06j),(-8.179214348142674e-06-5.904865034105562e-06j),(3.208269073738735e-06+4.0988407755010304e-07j),(9.82936778614374e-05+0.0005155223925078643j),(-0.0011900621495011742+8.076549102247138e-05j),(2.0074605294168654e-05+0.00010609008377605481j),(0.00016519474219013164+0.0008238733885998653j),(-0.001945850702287468+0.00012335920360125128j),(2.482899942225661e-05+0.0001679583809210748j),(0.0015458980418673798+0.005590083602287048j),(-0.01483734607455783+0.00046725215016218957j),(6.350946920780955e-06+0.001059894186809334j),(-0.01811112287726635+0.0015886438687180322j),(0.012571003073275671+0.004969366038224161j),(9.478325426555065e-05-0.0027316203967914284j),(0.007764048818208985+0.0007955591718274129j),(0.0069532712320423806-0.0028032109439108076j),(0.006842245376303005-0.00871632744371153j),(0.007046256292468563-0.003797861063471534j),(0.007355050957895244-0.003193639012959267j),(0.007122095230968224-0.008917960497861564j),(0.007213722420809017-0.003939205212215345j),(0.007345429555738867-0.0031935454328401664j),(0.007120441283122628-0.00891976206066201j),(0.0072086548395422015-0.003939504326396342j),(0.0069257422894994855-0.0031496142022034383j),(0.007269291888633208-0.003547849421972997j),(0.007000938438978552-0.008962579936591098j),(0.006973193898276333-0.003928129223147071j),(-0.012702273592501982+0.001313483455115466j),(-2.858556965739485e-05-0.009609727676283597j),(-0.004070721513905814-0.0025722893500246848j),(-0.0009360527946774288-0.004470118599594448j),(-0.0031125144318337817-0.004158771802492852j),(0.000491984584673642-0.009394862728327158j),(-0.013859283307249932+0.0015080135624606571j),(-0.0005509035725066759-0.009710810118440365j),(-0.004801455619428595-0.0025480901207061138j),(-0.02903391411567156+0.0031126595949180448j),(-0.00842185697413391-0.010963135712977539j),(-0.01698851026474223-0.003170327600072121j),(-0.028793326470520134+0.0031710530563160712j),(-0.008232512480278429-0.010605782983724197j),(-0.01695540887744164-0.0031697904666472473j),(0.037087502919951866-0.017961591668442835j),(0.01541206078479503-0.026376865402656623j),(0.011009951410539547-0.024638584199260745j),(0.02497290880780534-0.014423630727991289j),(0.005881205671179087-0.038912434581851015j),(0.008084334222151175-0.02480182039521093j),(0.004612867468550689+0.00013941122377061086j),(-0.000499139964433876-0.008654868055340706j),(0.0015120410117346896+0.0059319842520972246j),(-0.013694402459659392+0.010086751328997095j),(-0.0010092812215059775+0.001185884531938207j),(-0.0037122814758273072+0.011931639847879653j),(0.005305554418334905+0.0011720691155974396j),(-0.0008674345146944184-0.008631517805438587j),(0.001717114132388689+0.006402266376696138j),(0.9577141585885711+0.012144443678619684j),(-0.0012466492530021351+0.02430799584510988j),(-0.010560480123270363+0.01818037133633754j),(-0.0435387237917515+0.028892402365315463j),(-0.0023965636171206723+0.018177312495243188j),(-0.01133123863646044+0.01843800743394594j),(-0.04318244579780795+0.02033379055088448j),(-0.0011430536022113379+0.026147062660114604j),(-0.010854280332771566+0.019056420238058182j),(0.0042218433011880115+0.009872976305928408j),(-0.0032309307884240924-0.004874411874884936j),(0.001748021225033664+0.008134008034902988j),(-0.008975426899247423+0.0336866814763769j),(-0.008788887095187138+0.0167503053504642j),(0.0005802622402733115+0.010799498820799709j),(-0.01002835582300277+0.03546880060276659j),(-0.009199804291253165+0.018485294070343557j),(0.0004883585878189766+0.010999018442668741j),(0.037096828201667716-0.01796420716074804j),(0.015422098750219593-0.026357562728626032j),(0.011010596577780835-0.024635487496357824j),(0.009500958402183193-0.0007160371324910321j),(0.0038009795690570475-0.007755664161341j),(0.0044825056964493595-0.006634456098781114j),(0.013153987443012612+0.03548080320168609j),(0.03428540728629713-0.016766578832075378j),(0.01416173971327533-0.023922674623707518j),(0.0100617631035799-0.022766276643784344j),(0.023916207290534622-0.010309775944988404j),(-0.0029007219698531754+0.027236712086320274j),(0.016304734048674413-0.0031053780675258024j),(0.008044322066201063-0.014817190924851368j),(0.009399712367345214-0.012216126598548364j)
63,(9.541384615740527e-06+5.629044661801841e-06j),(-1.00724081419722e-05-1.4160397094542183e-05j),(5.310235260300151e-07+8.531352448502078e-06j),(2.4532716672790488e-06-5.135249114192471e-07j),(-8.167836024931088e-06-7.2526708700335955e-06j),(2.7495926039090792e-06+9.186608953088055e-06j),(-0.0001840186047839557+0.00011274363049654603j),(-0.0012499946966096675+1.748396383940878e-05j),(0.000331342706383218+0.0009505994633668857j),(-0.00030142355775787135+0.00019758489037489295j),(-0.0020470402189858928+2.8502193758873657e-05j),(0.0005369286223055827+0.0015551244888284833j),(-0.002190798870288635+0.002030848960653104j),(-0.015754733444662244+6.748558633245388e-05j),(0.003985817270781829+0.012001206615174814j),(-0.019136562569569728+0.001529696136128536j),(0.007644724387669919+0.005986160708891885j),(-0.0016523475446115665-0.003380596473947171j),(0.012883988335116416+0.016686272276784327j),(0.009610146512972942+0.0002725854671438285j),(0.0040867874741924845-0.009574372584974442j),(0.011884788460465+0.00632679737444026j),(0.010424196630071709+0.0001700372811783389j),(0.004166252116585068-0.009725324536000677j),(0.012189090673597592+0.0063082187091792145j),(0.010417134900103292+0.0001645514783344031j),(0.004162657766749139-0.009723402685412143j),(0.012180149606886334+0.006301612278562446j),(0.010072142366141422-6.30971436986422e-05j),(0.01026160460473501-9.310203188111089e-05j),(0.003961618026436372-0.009594136430052379j),(0.0117725991803983+0.006049356852246807j),(-0.006243470812400622-0.009355223218749773j),(-0.0058012141547040645-0.0031914439331593067j),(-0.00608052732308548-0.0038093630849744013j),(0.001326077214101553-0.012123741236631132j),(-0.00023921989279381646-0.01452682813901787j),(-0.007310273939384289-0.002914931863103197j),(-0.007205232019407887-0.009835448208277529j),(-0.005973397000046614-0.002579910728447452j),(-0.007211394507563946-0.0043201564878164785j),(-0.023762860197373083-0.015618730367670102j),(-0.003409218872374036+0.013770172901688311j),(-0.028274605871830616-0.010157979335476465j),(-0.02369439800092453-0.01566801498729609j),(-0.003132415201682926+0.013809258150748183j),(-0.028201237101202415-0.010294328269829546j),(0.01855014129906881-0.01756837148698819j),(0.03398492762302327-0.02108509802462047j),(0.021792664786589852-0.02296685966742964j),(0.009576255545936788-0.02017751753347035j),(0.04044205508021688+0.0077530012736797375j),(0.004388761050167068+0.00433269730917013j),(-0.004638638199969847+0.004309387524217646j),(0.009944476202285061+0.008551309732380795j),(-0.010389430067967132+0.004777509727645754j),(-0.004883895018573502+0.007938240781672445j),(-0.012686832002504152+0.0023596417109735565j),(-0.007625861640868814+0.01365012464702099j),(-0.005057162839596994+0.004269166970435768j),(0.01050478735181311+0.009609002656285753j),(-0.010803882472517323+0.004359240013592021j),(-0.0012466492530021351+0.02430799584510988j),(0.9533033707627417-0.01389675921455261j),(0.0023860392032859644+0.02510312674331489j),(-0.003263466804172035+0.01568465875393315j),(-0.049599248419689934-0.004412880658529266j),(0.0012021758127485145+0.03037629390997812j),(-0.0004279271264660002+0.026655474407457046j),(-0.046553084831080296-0.005680878746182497j),(0.003287008259413551+0.026561708167385043j),(-0.005920382822524088+0.004836212403912637j),(0.007380488419256561+0.01367728176193359j),(-0.009457473359134863+0.004082111047180655j),(-0.00528176495737407+0.01567279717335999j),(-0.016708364421996365+0.01941174164499889j),(0.00147443164038+0.005917790969813612j),(-0.005215117893274894+0.016584031757182795j),(-0.01862388397877684+0.019812242129547717j),(0.0023428398561526464+0.0060617477374499415j),(0.01855758737832997-0.017564065397016215j),(0.03397164027957859-0.021121073577684883j),(0.021811227916432113-0.02300200880445772j),(0.004894835433001142-0.005295383699180731j),(0.010243536040309092-0.0012967511257944214j),(0.005574258594913335-0.0047827000587533095j),(-0.001765219183745458+0.021819970011155633j),(0.016862291043520758-0.01590881082110472j),(0.031247936664467596-0.020145149010154427j),(0.020609032990695476-0.021607326876482792j),(0.009378916746583471-0.03315260502973799j),(-0.012451272977723193+0.011130992980144677j),(0.008797170809995447-0.010219158426168972j),(0.01780227712438521+0.0005471632661653128j),(0.007949219705646325-0.0079178773306329j)
64,(3.4451844815425504e-06+1.2673439393961352e-06j),(-7.464884583649532e-06+1.207916407277525e-06j),(4.019700115708805e-06-2.4752603435234313e-06j),(-1.9949798458530435e-06+1.5179517968650432e-06j),(-5.8721036366312286e-06-4.395395443355992e-08j),(2.6514321702359666e-06-1.1404357891291846e-06j),(-0.0007670560950119775+0.00047044019787895446j),(-0.0011308177015564214+0.0005203061336748389j),(-0.00042695215730839366+7.317868441928223e-05j),(-0.001181979239202513+0.0007509163592808489j),(-0.0017897599254771723+0.0008605431058773612j),(-0.0006248528152054827+0.00012126179279763928j),(-0.006129885357397102+0.004868526288434715j),(-0.011337555061783031+0.006822279459755979j),(-0.001774591198033192+0.0008531551984076353j),(-0.012815773104582703+0.007894032944367156j),(0.006369051378935016-0.0032408808975277993j),(0.0015655454187862+0.003082360356521382j),(0.012022586349515772-0.004625368995333997j),(0.00414794831272838-0.005277279285415477j),(0.007013358856275306+0.0002913721782890055j),(0.006171565346896363-0.005436500479910309j),(0.004425862684897432-0.0057246161951445065j),(0.007259160111725964+0.00026215570125836407j),(0.006181160868391643-0.005626206489075547j),(0.004420948597049301-0.005722134220245267j),(0.007255081141419909+0.0002605685050854372j),(0.006172898134899589-0.005623267493309763j),(0.00420370298961032-0.005593379257011248j),(0.00411238202582185-0.0060427982338089724j),(0.007031386252489722+0.00021086405538297154j),(0.005819724634799346-0.005486188520388046j),(-0.0048361177431681225+0.0025510101192749626j),(-0.003637973548293844-0.0006076840994556614j),(-0.009021293164706396+0.00113329379074293j),(0.0003552901115073332-0.006220250386631461j),(0.0006452064959106014-0.005741961130692141j),(-0.004279177860225257-0.0016144003257421366j),(-0.005317643796942896+0.0030044509848971626j),(-0.004080154218279864-0.0004193637420089758j),(-0.009851448800703651+0.0013328421916743056j),(-0.01018714816193422+0.005790523171741j),(-0.006114528603313709+0.003973211807640307j),(-0.019859889608226794-0.004608062913497198j),(-0.010075113615221735+0.00574042645680015j),(-0.005836623041404418+0.004085219296111627j),(-0.019653889396305965-0.004722147219168067j),(0.0102393636070456-0.01994284421176358j),(0.014376343999739107-0.01607136141291144j),(0.025331209414207974-0.02113210979998176j),(0.0058746947964052505-0.018684744198074307j),(0.003326132492071883-0.024399848247738474j),(0.028223418458642707-0.025465909387126975j),(0.0002522456408975914+0.004994142875865557j),(-0.004680247926324956-0.011258946979879551j),(0.011383409245293338-0.004429457293529564j),(-0.0040850010191972996+0.010588275452908417j),(-0.0023890872893646336+0.004266486540577097j),(-0.006101734994441782-0.004809012671229976j),(0.0004332444371327685+0.005310412994156001j),(-0.00514180766778353-0.011411259954280707j),(0.011956186577484536-0.003124541363113185j),(-0.010560480123270363+0.01818037133633754j),(0.0023860392032859644+0.02510312674331489j),(0.9640808197828649-0.00498895388056133j),(-0.010793950972551078+0.018307944388027096j),(0.002393204370953648+0.03124329888856459j),(-0.03672205007072485-0.0010661534696529422j),(-0.011139517760668974+0.019349085581815546j),(0.002193426508621036+0.027180082067437005j),(-0.036978013317748276+0.0034074229680651777j),(0.0005588619973347084+0.007063159506099536j),(-0.005949079857938562-0.007880461091471311j),(0.00936045167676814+0.006189495345296404j),(-0.0003287905337768122+0.012541435997924857j),(-0.003255602321002046+0.007410675967731255j),(-0.010071114395069117+0.037575267227323114j),(-0.0004001758920891647+0.012970733150141096j),(-0.00302022177608916+0.008589499928881746j),(-0.011607946070953522+0.04000595563575207j),(0.010242982299970406-0.019941350650638186j),(0.014389343142667156-0.016057583034204227j),(0.02532221031431121-0.02112484197063198j),(0.004132784307626481-0.00623336773692571j),(0.0021639385988117075-0.005835735185291895j),(0.00702761281359446-0.0008492971332318294j),(0.014453953903023887+0.020614688823915248j),(0.009524422513405024-0.018393444051158198j),(0.013385475119160245-0.014450390446920515j),(0.023000306914505053-0.019658010040145j),(0.004491767866937925-0.02071451460218341j),(-0.007571311215821537+0.04476805597393902j),(0.007557791195091274-0.011788172757514686j),(0.0033342227749879557-0.012463262997900983j),(0.013896336096552966-0.001552196930131862j)
65,(9.880070994461234e-06+1.061367021852451e-05j),(-1.061478516734061e-05-5.44641419791901e-06j),(7.347141716712539e-07-5.167255997274839e-06j),(2.3896604155518206e-06+6.276350189118569e-06j),(-8.44499779431027e-06-6.129031913438631e-06j),(3.403869370790059e-06+4.373264724715025e-07j),(9.173976363971946e-05+0.0005379533379210877j),(-0.0012331768171772426+8.104081243474545e-05j),(2.6533629213913853e-05+0.00010736582232605317j),(0.00015465461526626627+0.0008605395929193391j),(-0.002017422955895607+0.00012456640905858128j),(3.3438201418080024e-05+0.00017158476378649013j),(0.001482419706257069+0.005868198631755046j),(-0.015419060560299173+0.0004996024972758299j),(6.866678527833649e-06+0.0011465526241106931j),(-0.018794661897159955+0.0016632869915310308j),(0.013205782735902007+0.005183961135939394j),(9.635985945307193e-05-0.0027883586282552286j),(0.008077001143271888+0.0010240952735800328j),(0.00731054212946488-0.002853518898859474j),(0.007019683923683509-0.008813944300254012j),(0.007293178719543948-0.003786421447552921j),(0.0077337437130955925-0.0032550281818654967j),(0.007307375733638194-0.009014690873034805j),(0.007466639094171352-0.0039288408346422965j),(0.007723649721925562-0.0032549070214227963j),(0.007305666339658429-0.009016505877174405j),(0.007461355888739437-0.0039291389303615165j),(0.007283314970299838-0.003208374565324545j),(0.007649064693165519-0.0036214294430284124j),(0.007182232346353234-0.009059570319454766j),(0.007216144473532159-0.003916504036885026j),(-0.013332320637087338+0.001450797584222595j),(-9.670064787939718e-05-0.009707043914522687j),(-0.0042898418379024965-0.002476113389474491j),(-0.0009661728525055114-0.004552522999079446j),(-0.003235133516723112-0.004205993100502285j),(0.00047517919624590543-0.009469101993905823j),(-0.014542175409305769+0.0016494475911571454j),(-0.0006426771068856968-0.009817816468119847j),(-0.005051768348531529-0.0024528514412502584j),(-0.03018190096487565+0.0031741023081902457j),(-0.00885383057091906-0.011323196137647585j),(-0.01773187092813202-0.003204191999197435j),(-0.02993318033771504+0.0032409096578855643j),(-0.008657708562898358-0.010942349127747324j),(-0.01769379679615575-0.003202351460526106j),(0.03820270332793252-0.017853278051854847j),(0.01579675929168112-0.026251957886790495j),(0.011906516423312783-0.02536642271461134j),(0.025827059813269874-0.01681625782833033j),(0.005769930773935818-0.04213805636234077j),(0.006951914221073849-0.02676157120806165j),(0.007923686755017216+0.00037137991063944907j),(0.00029367577147513353-0.014679608535573721j),(0.0008753463375045074+0.005585441692657726j),(-0.013637683912842756+0.001995609420883946j),(0.00030386332589445273+0.006015177458415715j),(-0.004018148206406775+0.01291339544636366j),(0.008775252375726931+0.0009389931449548363j),(-6.07134749250059e-05-0.014089398032967201j),(0.0011339119475867105+0.0062221141782594636j),(-0.0435387237917515+0.028892402365315463j),(-0.003263466804172035+0.01568465875393315j),(-0.010793950972551078+0.018307944388027096j),(0.9491472794623619+0.007609368052325586j),(-0.0006919381819019423+0.036200311444565925j),(-0.011506136521538413+0.020666081939561026j),(-0.043939920680637956+0.03341961980165447j),(-0.00399928474895731+0.012648718492809342j),(-0.011121502580793252+0.018261900507811447j),(0.006506871296480034+0.0041801746372194795j),(-0.0021799741451493755-0.0018783711222617387j),(0.0017263716999288852+0.009360871907982508j),(-0.01039018650998339+0.037126528559987215j),(-0.010438373839014435+0.018638531697933534j),(0.0012551586040769674+0.011108028181334552j),(-0.011716198293258727+0.039818727244836455j),(-0.011080319301181897+0.02006274859755549j),(0.0012087416573096379+0.011198091335080068j),(0.0382119761414175-0.01785244925428854j),(0.015807456992735176-0.02622822049401908j),(0.011909706143226282-0.02536158719614735j),(0.009878193700218717-0.0006223146390820829j),(0.0038496467789782786-0.007879081345441378j),(0.004743090803555748-0.006706299472859991j),(0.013692809584642522+0.037406480125804935j),(0.035274188063136064-0.016646521683289697j),(0.014506842336719901-0.02374634148570239j),(0.010935114898930818-0.023408484812241812j),(0.024499311224088143-0.011012727517879043j),(-0.0009529290814092505+0.033801948301720224j),(0.01701092845318394-0.003350130362727112j),(0.00825405540687826-0.01551917901828591j),(0.009758382306100207-0.012679533679341803j)
66,(9.808562233594144e-06+5.776935685874041e-06j),(-1.0515683718118355e-05-1.4497521244915827e-05j),(7.071214835107665e-07+8.720585575733768e-06j),(2.4567574391265927e-06-5.256102256375302e-07j),(-8.462158536201892e-06-7.442636328870835e-06j),(2.9458458051687436e-06+9.395358933547463e-06j),(-0.00019753972106278868+0.00011523130981762417j),(-0.0012935285623590224+1.8251424169656808e-05j),(0.00034549075839837643+0.0009649478609866206j),(-0.00032369292821848785+0.00020273332518095646j),(-0.0021188875033162544+3.0280309641552133e-05j),(0.0005586279265694021+0.0015796975890264614j),(-0.002358579037916333+0.0021124930049877446j),(-0.016325554573726597+9.738855702882271e-05j),(0.00410325130190281+0.01223519660532659j),(-0.01982657016174027+0.0016326546690834907j),(0.008027996557776092+0.006239780409735709j),(-0.0015810327012704577-0.0035008978898167075j),(0.013334577086356526+0.01712940820133727j),(0.009937094412153593+0.0004216874378336478j),(0.004296638372353689-0.009898798794181315j),(0.012246138405693071+0.006448307629846679j),(0.010775907024525196+0.0003280168740161758j),(0.0043800619674829715-0.010054522464049372j),(0.012559125860124112+0.006427385822476716j),(0.010768493045729596+0.00032240740007554933j),(0.004376286987862534-0.010052479538237572j),(0.012549853086667496+0.00642062983512384j),(0.010407106192623214+8.936770096583564e-05j),(0.010608192944120637+6.344219969188752e-05j),(0.004165986739761445-0.009916257866726164j),(0.012127422663518333+0.006163128971835036j),(-0.00667618486423137-0.009459975791953311j),(-0.006034074614398491-0.0032004092788828027j),(-0.006377467133876449-0.0039015822312579323j),(0.001266907222879027-0.012219377319338863j),(-0.00034187400176527807-0.01467597670901611j),(-0.007682170115305879-0.0029693534950131386j),(-0.007673794626847469-0.009950201308198384j),(-0.006204227770996708-0.002551304088308834j),(-0.007549033758284186-0.004416616696844584j),(-0.024638347317698213-0.016017516142313448j),(-0.0034740015502857527+0.014455039909935397j),(-0.029450990945322452-0.010321641755795275j),(-0.024564910238993924-0.01605274686429366j),(-0.0032027001725458046+0.014484878054868054j),(-0.02936568206873988-0.010470879841659767j),(0.019276494706098754-0.015737463413860807j),(0.03293281183485927-0.023191389621966773j),(0.02369544857399654-0.024944141309775694j),(0.010023767057395723-0.02253398894689059j),(0.04752857220279859+0.013087098177807698j),(0.0016540568208317846+0.009497398278976436j),(-0.005770541448579649-0.001304760056941634j),(0.01747919252004515+0.010464819118195644j),(-0.014183615028592857+0.004578268248528519j),(-0.0047891861956361635+0.013765180111764507j),(-0.012941045466276354-0.0023341213118463085j),(-0.008554452509451636+0.00885628074606154j),(-0.0061888157115563905-0.0008261974401162601j),(0.0182558503705242+0.011348957903481692j),(-0.014574981786528055+0.003733307564284233j),(-0.0023965636171206723+0.018177312495243188j),(-0.049599248419689934-0.004412880658529266j),(0.002393204370953648+0.03124329888856459j),(-0.0006919381819019423+0.036200311444565925j),(0.9345533812069821-0.023091366096495782j),(0.005579777569922803+0.023938889764450917j),(-0.002247135955185135+0.01494489265798874j),(-0.047353058146237026-0.0018757366069627446j),(0.0026990555466465797+0.0340802346389258j),(-0.006004672085375948+0.008267088748095836j),(0.011957155368462794+0.01233287078409896j),(-0.011039533289186262+0.0003384916249327091j),(-0.005120602466743582+0.017835377139285426j),(-0.021437651743903746+0.020386084556680915j),(0.0035805086398611476+0.006918776476104338j),(-0.005060168737950678+0.018419126319915095j),(-0.024041722951495856+0.021063634085160442j),(0.004701608268642316+0.007537921103024207j),(0.019284246751241334-0.01572782344744529j),(0.03290859674070913-0.023237203569530414j),(0.02371996650981155-0.024988799140797203j),(0.005081716981500664-0.0051284566275384405j),(0.0105279750972409-0.0017768428830011495j),(0.006088196220789133-0.0047637698460445245j),(-0.0016996133860560615+0.02292437736918394j),(0.01743964239156411-0.014035067735849123j),(0.03015883937531784-0.02237137089687139j),(0.022576342648005385-0.023505671197392573j),(0.010108326742848641-0.041079587941284815j),(-0.006078502969025675+0.016515203496647125j),(0.009126155818096685-0.011038907154846874j),(0.018634787319128796+0.0006698170634411314j),(0.00809783897937435-0.00825491273124632j)
67,(3.404822226714906e-06+1.6217651986719636e-06j),(-7.628993592349972e-06+1.0884668143114802e-06j),(4.224171380400189e-06-2.7102320103400234e-06j),(-2.1703536549710286e-06+1.7390609601110416e-06j),(-5.989842585921297e-06-2.237794431060542e-07j),(2.715885928533128e-06-1.1783003161902623e-06j),(-0.0008005919088180616+0.0005043452912039119j),(-0.0011773946866570554+0.0005226452235900981j),(-0.0004503520332365253+7.882098993899607e-05j),(-0.0012329773427887775+0.0008061183707668874j),(-0.0018635903632308586+0.0008660804013343528j),(-0.0006596907670086247+0.00013237633231720828j),(-0.006364128515081105+0.005270155561064638j),(-0.011804577766947592+0.006918877126600028j),(-0.0018978560567480703+0.0010013449834473127j),(-0.013306346354887956+0.007969591014413066j),(0.00681647806676847-0.003270885597109265j),(0.0014893029151258497+0.0030939114852263695j),(0.012586423684123358-0.004611517470561913j),(0.004348275787713829-0.005374796334444569j),(0.007260329421506784+0.000273055237847433j),(0.0064712503656396796-0.005502328171173644j),(0.004636662397218467-0.005831634532592233j),(0.00751783330529221+0.00024250316236078913j),(0.006481813547960971-0.005693747457081301j),(0.004631443964523403-0.005829030509317537j),(0.007513609879236542+0.0002407926603511844j),(0.0064731888065653964-0.005690602910427539j),(0.004401339038778544-0.00569430011542137j),(0.004307175288213238-0.0061609630603934075j),(0.007281034391542537+0.00018595090782224825j),(0.006104624500502201-0.005543661553134929j),(-0.00516547842708406+0.0028003447592039234j),(-0.0038302156626402965-0.0008120102602241566j),(-0.009381751463371594+0.0015318753779508983j),(0.0002779533368669659-0.006295886978957468j),(0.000616159634861188-0.005771562210903059j),(-0.004473209116787499-0.0018923882949438888j),(-0.005674503419761858+0.003268415680947925j),(-0.004296358410075305-0.0006182497974158915j),(-0.010252221584646264+0.0017401304491593515j),(-0.010721769382571762+0.0059279445270663395j),(-0.006511159710914913+0.004003024460631673j),(-0.020840382930337485-0.004813961653246306j),(-0.010603508787018365+0.005881911435050717j),(-0.006221271974132395+0.004130718432981693j),(-0.020631113493528214-0.004932673639115839j),(0.010840205391904834-0.01980300981116241j),(0.015063291893707014-0.016075929967535846j),(0.02583403470970829-0.02150917550309682j),(0.005942728985381894-0.020500915297660897j),(0.002814543371979122-0.025668814785958873j),(0.03004740751683072-0.02699383662249879j),(0.00011728554860324352+0.0047594813705013755j),(-0.0054078850616394395-0.013003138407297728j),(0.015477823496558872-0.008497504222029887j),(-0.0042728489425686075+0.011663429057632952j),(-0.0014307661124754044-0.0015071706144129515j),(-0.005855583722599535-0.003107508172869216j),(0.00034344958576368323+0.005247647114180331j),(-0.005861199000167398-0.013383306968480517j),(0.016145217816437567-0.006933692593151892j),(-0.01133123863646044+0.01843800743394594j),(0.0012021758127485145+0.03037629390997812j),(-0.03672205007072485-0.0010661534696529422j),(-0.011506136521538413+0.020666081939561026j),(0.005579777569922803+0.023938889764450917j),(0.9553556494006831+0.0014381545801829452j),(-0.01177256599491793+0.01833910134300117j),(0.0002957218855301078+0.03375368273577207j),(-0.03701049319850123-0.002947156577507934j),(0.0009151027133753216+0.00845067813379022j),(-0.005630900540187207-0.011959135531805927j),(0.011588777045144915+0.006993699356337135j),(2.6257052779180782e-05+0.012863657279268793j),(-0.0038937392680739894+0.009138067489438193j),(-0.012040321852225803+0.0413427594567664j),(-5.52335170091239e-05+0.0131701315048749j),(-0.003764863884445414+0.010860683331131037j),(-0.013873846796765106+0.04390125183348885j),(0.010844432927446569-0.01979886348596788j),(0.0150777833891622-0.016060455724084426j),(0.025823156782096908-0.021500395546782916j),(0.00433311799512333-0.00639233879926489j),(0.0022372868789401522-0.0059056778956908754j),(0.007259408645508609-0.0007280199925828435j),(0.014977226447162768+0.021870675097859196j),(0.010073427994937307-0.018223617811361895j),(0.014045938064976744-0.014424663694897165j),(0.023423300968064335-0.020018638515939144j),(0.004705696350073418-0.02382671415763012j),(-0.007320502753772394+0.050516261548999894j),(0.007902430021454607-0.01240621270992503j),(0.0032947869946573197-0.013137043698737336j),(0.014687013448470817-0.0015009091220959576j)
68,(9.784858227639492e-06+1.0365104362962079e-05j),(-1.0375288959626275e-05-5.35998191060531e-06j),(5.904307305081704e-07-5.005122429122468e-06j),(2.4350234331559347e-06+6.11934017031889e-06j),(-8.300143846522464e-06-6.000202292195778e-06j),(3.280208372876645e-06+4.593109607740938e-07j),(9.764626289632098e-05+0.0005209723569097968j),(-0.0012074061737508547+8.073055732020083e-05j),(2.4828861935164153e-05+0.00010997231850796676j),(0.00016394731767124522+0.0008326852607914222j),(-0.00197467223801701+0.00012338207774230826j),(3.166481834865548e-05+0.00017463425743249352j),(0.0015321952552633002+0.005653915803206315j),(-0.015073693956623451+0.0004685931245566252j),(2.5072088500806625e-05+0.0011243360773628883j),(-0.018403103813215527+0.0016082725532489683j),(0.01277613401199681+0.005055386622408944j),(0.00012564590114511054-0.0027472746503699533j),(0.00786839947303213+0.0009357781635217343j),(0.007074236330159429-0.0027804858808609762j),(0.006947879288231207-0.008792552434174414j),(0.007147124308772375-0.0037624455722279097j),(0.007483618237086896-0.0031709619343676483j),(0.0072306171092480324-0.008995422218556313j),(0.0073176197603761015-0.0039038388291921756j),(0.007473839671968358-0.003170890419546305j),(0.007228895805255511-0.008997220346250782j),(0.00731247150199907-0.0039041744019307845j),(0.007047210416786857-0.003127735233426768j),(0.0073956719850202515-0.0035274756260381844j),(0.0071057570840166425-0.0090394507980421j),(0.007073268965203226-0.003893902949201236j),(-0.012899229338183098+0.0013107687090682173j),(-0.00010132893198271011-0.009653433348787146j),(-0.004141497299018852-0.002574995148885337j),(-0.0009505225868142642-0.004507160224413355j),(-0.003149624770719191-0.004195948941884782j),(0.00043221487664083565-0.00941187906897288j),(-0.014073671328379424+0.0015026356070060387j),(-0.0006354530700596441-0.00975647838429953j),(-0.004884004965703393-0.002555567367173105j),(-0.02944676127297094+0.0031157783256716507j),(-0.008654220182003833-0.010966770595953568j),(-0.017293984914556526-0.0032594237638954096j),(-0.029202218667525537+0.0031740884345024998j),(-0.008458036229028432-0.010598771340493971j),(-0.01726138054514781-0.003257107535281384j),(0.037559883453334726-0.018352482763906046j),(0.016044988072052346-0.02596799489103591j),(0.011042851371998303-0.024677300158704236j),(0.025225469581384215-0.014557054561366434j),(0.005132668458527036-0.04164290816807016j),(0.00866461747683377-0.026420322296067958j),(0.005599104983917711-0.0011836275963088448j),(-0.0010353833456073292-0.009620779881811294j),(0.002094545312009359+0.005977745131490405j),(-0.013140801033269476+0.010785622240824308j),(-0.0012872291326461562-0.0006119597818055201j),(-0.0035105880189043714+0.012005245658417405j),(0.006311442522645807-0.0008968415960880862j),(-0.0014206482632477739-0.008887591516766383j),(0.002309520588415983+0.006561776976898415j),(-0.04318244579780795+0.02033379055088448j),(-0.0004279271264660002+0.026655474407457046j),(-0.011139517760668974+0.019349085581815546j),(-0.043939920680637956+0.03341961980165447j),(-0.002247135955185135+0.01494489265798874j),(-0.01177256599491793+0.01833910134300117j),(0.9548398709593954+0.008746588209011691j),(2.8907131228383953e-05+0.031175941399169082j),(-0.011369377599464704+0.019391834756833537j),(0.0051659074537408894+0.01021454939569032j),(-0.003885660963490644-0.006736155506404528j),(0.002155965217777154+0.00806659788049285j),(-0.009514555048468248+0.03455782579081292j),(-0.008725565530972647+0.018153354853267606j),(0.00028776479598811074+0.010835477685184027j),(-0.010688343435610377+0.036338725833774954j),(-0.009074598809115125+0.020187707931036872j),(0.00014203598956431373+0.011048554142317306j),(0.03756946158990482-0.018355427863306552j),(0.016056749755191314-0.025944464415764402j),(0.011042693451882739-0.024672062778418265j),(0.009656873234535887-0.0007821798521994877j),(0.0038523298599675883-0.007663455580431321j),(0.0045271596267326365-0.0067189634200118305j),(0.013337516515993133+0.03609918032626036j),(0.03475376016803042-0.01715824105417458j),(0.014734746237516298-0.023459219757878597j),(0.010059337704406894-0.022790221377773284j),(0.02372065870985025-0.009636331610063411j),(-0.004060045941052562+0.026106138872446387j),(0.016535827600867702-0.0031918620313336797j),(0.008179453332762121-0.015011108189300602j),(0.009562041836470967-0.0124203966288192j)
69,(9.764445406117218e-06+5.652248940110895e-06j),(-1.037221922717526e-05-1.436690301446189e-05j),(6.077738193444438e-07+8.714654090882103e-06j),(2.5013799053011623e-06-5.684197552125715e-07j),(-8.371919265116566e-06-7.342090703561121e-06j),(2.8780388121094633e-06+9.342377101411061e-06j),(-0.00018672753382199282+0.00010835222764260586j),(-0.0012730720890951266+2.0267245117581425e-05j),(0.0003458885666003658+0.0009607104691710412j),(-0.0003065990223612364+0.00019081588195689727j),(-0.0020854720007796304+3.304697148999707e-05j),(0.0005592700804655535+0.0015720846001380405j),(-0.002255712262450992+0.0019970735259210396j),(-0.016074815016080494+0.00010084106729794755j),(0.004102960709160788+0.012150891851540998j),(-0.01954642259443014+0.0016190209777835335j),(0.0077982097075263955+0.006105051437202164j),(-0.0015562967205238558-0.0034446252721158435j),(0.01310525689644767+0.016997766131416556j),(0.00977172795124405+0.00040916468649889294j),(0.004234426823235253-0.009834633976416235j),(0.012085456373080476+0.006423707818447849j),(0.010598955570911568+0.0003173163755713212j),(0.004314845318229774-0.00999112000109024j),(0.012395640766491158+0.006403994758836734j),(0.01059173125229552+0.000311723991643041j),(0.0043110799039894985-0.00998909421753612j),(0.01238653035812795+0.006397260191621559j),(0.010238889856418033+7.884699267889875e-05j),(0.010430239113308547+5.990088652285067e-05j),(0.004101876429414468-0.009853763051551627j),(0.011971296396101876+0.0061402150144754825j),(-0.006424258324935801-0.009501898009518839j),(-0.006011368706337347-0.003179114338097192j),(-0.006206842414151859-0.0039187660299511255j),(0.001284027690052194-0.012177563199561432j),(-0.00028775307695021223-0.014631074304997794j),(-0.007556919673803746-0.0028694354475403646j),(-0.007403045142429121-0.009994575808111451j),(-0.0061924123691026525-0.0025484245282466423j),(-0.0073597031719674025-0.004439915275658797j),(-0.024178171668702737-0.01575829767767172j),(-0.00356856944001704+0.014346313953184434j),(-0.028906559287271524-0.010336699683157558j),(-0.02410734765479368-0.015809464625538602j),(-0.0032792488083144902+0.014385551557315959j),(-0.028832432354703393-0.01047270322607202j),(0.018728461914883865-0.017994435287196048j),(0.035195632837029804-0.02130977617935486j),(0.022060284315756244-0.02298995465254684j),(0.009663966288050902-0.02062723314184453j),(0.03980355913702181+0.006693126993016205j),(0.00456979058887431+0.0031223051622038776j),(-0.0043821937980858495+0.0038221005584702216j),(0.009203360039593449+0.007570038886270313j),(-0.009810175064775198+0.0032477854754614606j),(-0.004926822004190901+0.006484367425420325j),(-0.012381636618455295+0.0025589560914645627j),(-0.007527293890066813+0.013790201260713314j),(-0.004790136550168757+0.004437683801069915j),(0.009700064660276857+0.0083359202682485j),(-0.010201923516473095+0.002390957285476364j),(-0.0011430536022113379+0.026147062660114604j),(-0.046553084831080296-0.005680878746182497j),(0.002193426508621036+0.027180082067437005j),(-0.00399928474895731+0.012648718492809342j),(-0.047353058146237026-0.0018757366069627446j),(0.0002957218855301078+0.03375368273577207j),(2.8907131228383953e-05+0.031175941399169082j),(0.9519840935144191-0.014896155188854654j),(0.0035426435342944514+0.025478279344996763j),(-0.00597979106534747+0.0031667457309541413j),(0.007140280441537616+0.013752655823956256j),(-0.00925326578325436+0.003331459445387497j),(-0.005646956677830455+0.016365829876728237j),(-0.016256885572021384+0.02116603796032088j),(0.0009846330786288271+0.00639733960393111j),(-0.005597877036542915+0.017505394568854808j),(-0.018128656646094074+0.021679630703290112j),(0.001804972289715715+0.006620476107454631j),(0.018735942731349875-0.017990028226102857j),(0.03518468120662579-0.02134455891162046j),(0.022078886001784138-0.023023511867922897j),(0.004960313464710795-0.005499625310785936j),(0.010548156100131972-0.001157426398557173j),(0.005618377343091674-0.0048814465448854105j),(-0.0017030440900469158+0.022189600428499028j),(0.017025705464576754-0.016320469423036908j),(0.03239559624139166-0.020311517421839127j),(0.02083753215159527-0.021613294888975725j),(0.009646699501613438-0.03292924751010076j),(-0.015343195958428764+0.008954761815389276j),(0.008912362180726621-0.01053235398511649j),(0.01825939163329629+0.0005963805294857247j),(0.008056369149376567-0.008209693889756979j)
70,(3.478659810202258e-06+1.3825125079310337e-06j),(-7.555860011239994e-06+1.1271394861739755e-06j),(4.077200215973858e-06-2.5096519911176087e-06j),(-2.029856922871463e-06+1.575812914625203e-06j),(-5.941079984827299e-06-1.1804792410175594e-07j),(2.682826646831425e-06-1.1194508730797e-06j),(-0.0007766002961569462+0.00047968836908105503j),(-0.0011485492673759326+0.0005212172693760205j),(-0.0004318642571419664+7.765352168691698e-05j),(-0.0011965850658844596+0.0007658924103015876j),(-0.0018181282551471196+0.0008624353656204838j),(-0.0006320844623010078+0.00012905042362357602j),(-0.006200642416189788+0.0049745825823016045j),(-0.011528252020235056+0.006848614030932956j),(-0.0017959252288729745+0.0009286663261665381j),(-0.013033131912610862+0.007919415552089845j),(0.006513667070809423-0.0032356811656316297j),(0.0015679943704162277+0.0030857687536067777j),(0.012208069450537224-0.0045660404257971115j),(0.004219580137967234-0.005277171618875582j),(0.0071294474637138075+0.0002458580456746283j),(0.006286295584844212-0.005431759491010748j),(0.004501667538552605-0.005724741879447846j),(0.007379164750681256+0.00021496738250216838j),(0.00629714650050287-0.005621822428214567j),(0.004496649912090288-0.0057222461086353545j),(0.007374999617226715+0.00021335099169846432j),(0.006288757305553895-0.005618849203404976j),(0.004274940228869092-0.005592885008774258j),(0.004181171191148442-0.006045057988789088j),(0.007146578825540942+0.00016272844683667942j),(0.005930103562928496-0.005479914302817794j),(-0.004940201273273878+0.0025919845090853384j),(-0.003741097840595294-0.00067870949519859j),(-0.00913849440537001+0.0012299236426743902j),(0.0003267497832895909-0.006252817961262521j),(0.0006361112512525814-0.005769591342546607j),(-0.004384907201758556-0.0016930334382059525j),(-0.005431166500298747+0.0030469176994471527j),(-0.004194290738617891-0.0004874653473612642j),(-0.00998320950802085+0.0014286615914199316j),(-0.010396001690769742+0.0058243473739210865j),(-0.006312194528729638+0.004075800732536154j),(-0.020232298904369256-0.004731906803459267j),(-0.010281121307754808+0.005773344165836076j),(-0.006026510346186599+0.004195125589489939j),(-0.02002675799608213-0.004846223199091615j),(0.010507528500061961-0.02025718955098775j),(0.015011747575712237-0.015779896576145935j),(0.025324164928314935-0.02109023497064673j),(0.005824660448459524-0.019030044593746555j),(0.002535781686450398-0.026022642247422394j),(0.029554825731415477-0.026928848114400536j),(0.0004911345931048806+0.005050890015907385j),(-0.005437970405400329-0.012914053205036271j),(0.012794369286629526-0.004926091191538482j),(-0.004061472809355102+0.01060783844240867j),(-0.0028049264511110154+0.004094728932449715j),(-0.005179297511232726-0.005800055096353576j),(0.0006757475336092891+0.0054540531639089215j),(-0.0059034658758744425-0.013459753167134032j),(0.013354150584115883-0.0032558885823173404j),(-0.010854280332771566+0.019056420238058182j),(0.003287008259413551+0.026561708167385043j),(-0.036978013317748276+0.0034074229680651777j),(-0.011121502580793252+0.018261900507811447j),(0.0026990555466465797+0.0340802346389258j),(-0.03701049319850123-0.002947156577507934j),(-0.011369377599464704+0.019391834756833537j),(0.0035426435342944514+0.025478279344996763j),(0.9604340874452021-0.001695599519793672j),(0.0006878618730395449+0.006983485263554636j),(-0.006829175438757006-0.008515745469827056j),(0.01072202759637162+0.005379211170700471j),(-0.0003715373414138857+0.012623835439213677j),(-0.002954963990151241+0.008498040081437853j),(-0.011006031307195522+0.03865548995372409j),(-0.0004539656756543507+0.013070836241902306j),(-0.0026194481965710796+0.009792918493071961j),(-0.012731771622362224+0.04125513018356062j),(0.010511534013012159-0.02025560297337535j),(0.015026597177780564-0.01576355605940161j),(0.025313296417837222-0.02108095460338136j),(0.004222366803419381-0.006363565183676298j),(0.002216249901587579-0.005755319145564823j),(0.007074859295792031-0.0008586101006819854j),(0.014631014365858898+0.02101727376751889j),(0.009794329183294596-0.018695048054161122j),(0.013988694048334213-0.014121890227969083j),(0.02293953859683925-0.01961809234976355j),(0.004268300073739518-0.020739758862754223j),(-0.008860350725532094+0.04489518450853957j),(0.007673187593550724-0.011990823235354057j),(0.003383518853152034-0.012655174294513379j),(0.014176395464766005-0.0015855083265862715j)
71,(5.3865869256195344e-06+4.899343545900993e-06j),(-3.605028694527679e-06-2.0446021838358147e-06j),(-1.7815582351708049e-06-2.854741353100821e-06j),(2.346793987118517e-06+3.2729663634839437e-06j),(-3.5885631178885475e-06-2.478134415151697e-06j),(4.336176118536973e-07-2.7333097943227334e-08j),(0.00023069721198853076+0.00027227944311244913j),(-0.00044415228888194924+0.00010086362030852019j),(-1.595571965007863e-05+0.00011788670812731318j),(0.00038043285929541357+0.00042210378188659465j),(-0.0007120689989636476+0.0001464547564739064j),(-5.7807877682839164e-06+0.00016390174886406921j),(0.0029769704955675824+0.0023444395252164023j),(-0.004968359097137787+0.00032833704605251656j),(0.0007071342622217845+9.408120743926995e-05j),(-0.006162771595066577+0.00045882021009694676j),(0.002556500620877958+0.0005365960885170343j),(-0.0020325078473489087-0.0017508629087294445j),(0.0026668911532637058-0.003960684195408572j),(0.0011644438638657077-0.0024716643878905753j),(0.0028677564131266244-0.006627248557616505j),(0.0024873215079481486-0.005170881491870355j),(0.0012063672564945314-0.0027200348583331082j),(0.003027549106635019-0.006823354048875214j),(0.0025368538958855987-0.005312402756713578j),(0.0012047201297217323-0.0027195992441839748j),(0.0030281388768649423-0.006825023628833735j),(0.0025362112440946325-0.005311431798917296j),(0.0011356376000513449-0.0026838862154478335j),(0.001137653962411591-0.002825704234818101j),(0.003028644135570947-0.006869315700256718j),(0.0025057366200408-0.00526001163968503j),(-0.0018575399711782624-0.00010495475791199205j),(0.0023284580751580424-0.007845645503743084j),(0.0010306834754315259-0.0026911591681420613j),(-0.0004178683990433693-0.0027213071761062195j),(-0.0011500769105972114-0.0034719166915391482j),(0.0019355979585640461-0.008430352339570455j),(-0.002178420572381583+6.423903920330814e-05j),(0.0023124701469331038-0.007775039810830568j),(0.0008386859577753905-0.002517656174583532j),(-0.011750571930530956+0.0012191618253347284j),(0.001099339127272709-0.006481842788323674j),(-0.00570486810299424-0.0008397966821706553j),(-0.01168716647005343+0.0012139694988395535j),(0.0010993206125238467-0.00651739869060545j),(-0.005742990962714167-0.0008833472193648332j),(0.018107965146745068-0.007738165926822853j),(0.003347201291139803-0.03021064077236405j),(0.0022178308207007583-0.014961198068619517j),(0.010311442385074907+0.0014310067290354972j),(0.014051016770415627+0.017770000645247107j),(0.004683543898199129+0.010149393487359205j),(-0.02817373895089785+0.03055614010078664j),(-0.000179994084131236+0.02419937983102406j),(-0.0034567380024332814+0.0040216252854369874j),(-0.019190852961880507+0.024811114484544664j),(-0.0035769962905219596+0.017971044751241547j),(-0.00251763435354808+0.0032509851951756513j),(-0.029607324344756006+0.031084649060629972j),(-0.00015313006832514894+0.024103559042319006j),(-0.003718736370120919+0.00389900797307007j),(0.0042218433011880115+0.009872976305928408j),(-0.005920382822524088+0.004836212403912637j),(0.0005588619973347084+0.007063159506099536j),(0.006506871296480034+0.0041801746372194795j),(-0.006004672085375948+0.008267088748095836j),(0.0009151027133753216+0.00845067813379022j),(0.0051659074537408894+0.01021454939569032j),(-0.00597979106534747+0.0031667457309541413j),(0.0006878618730395449+0.006983485263554636j),(0.9717841479993719+0.022508683494681173j),(0.0010851145145362915+0.012476040789572627j),(-0.0037201035156999565+0.0025594051080188064j),(-0.0018104447728146938-0.008348439869868631j),(0.006599671209020311-0.008071460430468132j),(-0.0006181857261864853+0.006701298401430224j),(0.0003111366108504833-0.010991817167058316j),(0.007018682011151575-0.01006400727307741j),(-0.0003655549990009893+0.006945787972135735j),(0.01811532379992896-0.007749534280599147j),(0.003332587316313179-0.030272691293948245j),(0.002213950440130475-0.014993380736198145j),(0.0026929664000826304-0.0003427813872740027j),(0.003090494534386015-0.006622826318429672j),(0.0011109916628866741-0.003813962593644315j),(0.003182588840835436+0.005304413715721774j),(0.016535457344959727-0.0069311393797372185j),(0.0033211950488863597-0.02894696474748336j),(0.002109498510187706-0.014144314398274136j),(0.016864567725320277-0.012446474693907724j),(-0.003565869142555335-0.002623266983615029j),(0.0042406884296142915-3.742826756364902e-05j),(0.005178586280315458-0.005528495216208206j),(0.002648801690013159-0.004507100537222387j)
72,(1.7135261176956694e-06+4.524540292208026e-06j),(-1.830562978640661e-07-8.334190169560937e-06j),(-1.530469818971426e-06+3.809649878371966e-06j),(6.663699762346489e-07+7.706513822260211e-07j),(-1.1173484278915838e-06-4.42857113974886e-06j),(-1.2051111892146457e-06+5.041730576411892e-06j),(-6.458419209725533e-05+0.00024837920683914023j),(-0.00040557300986826517-8.030731760429658e-05j),(-2.3201547325270864e-05+0.0007086403173632614j),(-7.903402899404855e-05+0.00040684643460186696j),(-0.0006451116342975962-0.00012584907809572133j),(9.227692334340463e-07+0.0011525442665535125j),(0.00041457852302647074+0.0030455004102484034j),(-0.004261633954594295-0.0008906437496719415j),(0.0014788788782987513+0.008516819943542631j),(-0.004250291168057377-0.0014524417208617822j),(0.001544418843178198+0.0007594799851533812j),(-0.006996159326827614-0.0016993249399995351j),(0.005121140570825192+0.0075276231019361615j),(0.0037786712748635303-0.0036107896535984866j),(-0.0018363567876676673-0.0013010258777431047j),(0.005136978989419023+0.0025377586680059294j),(0.004116488778191321-0.003989832619817918j),(-0.0017889523891838916-0.0012677481226502233j),(0.005244825980604674+0.0025243080759793277j),(0.0041156477823321245-0.0039916802758599695j),(-0.001785647373143092-0.0012691544401893821j),(0.00524180217497541+0.0025223118089543373j),(0.004065033783130235-0.004052891695335825j),(0.00416167401024147-0.004339428579055711j),(-0.0016651493329584712-0.0013347326139429502j),(0.005103601206765272+0.002456262526356607j),(0.0009132758196374797-0.0048529138371152525j),(0.002434430897230847-0.003795218239500354j),(-0.0011829290855396217+0.0004963786471822267j),(0.002474436399576456-0.010769962736559526j),(0.0017804526482847706-0.011072001241325825j),(0.0038240643346071778-0.0043468801681584585j),(0.0005387254018944655-0.005027807495157833j),(0.0023468648303164572-0.0038489183454392534j),(-0.0016066018749025658+0.00028710782931024546j),(-0.007746210407095593-0.0112131490248642j),(-0.0012249483371049874-0.0029008029423509664j),(-0.006536956847183674-0.005437549313834949j),(-0.007786977068275795-0.011324436971853891j),(-0.001145595741368307-0.0027704265462300975j),(-0.006577465764862353-0.005473504497284468j),(0.004608158628871928-0.01863716064895039j),(0.023434865210707492+0.0034173215423852696j),(0.0002716970202419733-0.0031497259207680546j),(0.005600111932824359+0.005067888554055791j),(-0.005902702021925232-0.016990356021779143j),(0.01881777115668182-0.01962826856564061j),(0.001739270373961266+0.01949934582789352j),(-0.030045143508353207+0.008611406368599276j),(0.010158198376293337+0.026636450734165013j),(-4.2026186491458256e-05+0.012054556500186428j),(-0.017429580304795973+0.01404319842287104j),(0.00430215734029064+0.01555586873461905j),(0.0016925887790874947+0.020149442108254725j),(-0.03141318021465227+0.008431667118523367j),(0.009921110507441343+0.028718915344905283j),(-0.0032309307884240924-0.004874411874884936j),(0.007380488419256561+0.01367728176193359j),(-0.005949079857938562-0.007880461091471311j),(-0.0021799741451493755-0.0018783711222617387j),(0.011957155368462794+0.01233287078409896j),(-0.005630900540187207-0.011959135531805927j),(-0.003885660963490644-0.006736155506404528j),(0.007140280441537616+0.013752655823956256j),(-0.006829175438757006-0.008515745469827056j),(0.0010851145145362915+0.012476040789572627j),(0.9698320439558212-0.0018467368146007194j),(0.006068544141132167+0.031747182098347454j),(0.0016837904451240922-0.0017331872079682162j),(-0.0023760167537425748-0.01955764775293399j),(-0.0050983869635549805+0.008082693362210947j),(0.0017358915169259298-0.003276265847045521j),(-0.00014456368159744505-0.02139637298443216j),(-0.005936741333931835+0.00631147581676033j),(0.004605678188194447-0.01866814702865208j),(0.023471935130477392+0.003444474764817969j),(0.0002455408317682089-0.003127140189367659j),(0.001991030385954558-0.002681975852010121j),(0.0018784784199503207+0.0012762967173028834j),(0.0008114336400449749-0.0020631480798051233j),(-0.00442175548787873+0.004809025299490413j),(0.004664680216566245-0.018024085927822647j),(0.021976679878709944+0.004071083081505276j),(-0.00060083539333597-0.0028348712588278273j),(0.0026477967124110702+0.018760989871718425j),(-0.020748462194685444+0.007856982190553476j),(0.004080898828510347+0.0004651843766737697j),(0.0010329721193292835+0.00026534730705948237j),(0.004972362915617314-0.000344559629124583j)
73,(3.6388447925631893e-06-5.255884280055012e-06j),(-6.702888570829924e-06+3.728950147585264e-06j),(3.0640437880977487e-06+1.5269341286297265e-06j),(1.2878083595900446e-07-2.2905998426673347e-06j),(-4.1880637922243855e-06+3.5449568345135292e-06j),(3.5534414515462493e-06-4.497039123885232e-07j),(-0.0001427260608491484-4.1769107080035146e-05j),(-0.0002309687631157307+0.0005641071748162727j),(0.00025536084862924624-7.551870323661028e-05j),(-0.00025614418245648843-8.691219017341757e-05j),(-0.00039054879071483313+0.0008986353957589308j),(0.00038794234522326816-0.0001507295290461185j),(-0.002801467053071094-0.0013568869273520388j),(-0.003512505325638181+0.00602949796838339j),(0.0018565015830301127-0.0021531322604467886j),(-0.004554828907697503+0.007982902883058961j),(-0.001464141388294693-0.002956649646939956j),(0.002734322017610018+0.0014098616231294496j),(0.0019520546137298772-0.0051315876321587454j),(0.0009722158162643261-0.0037691512142484975j),(0.0020578942810477786+0.00019216007590808302j),(0.0008206658502516553-0.004663299799119274j),(0.0010996142521585684-0.004080043688841582j),(0.0020713729247832796+0.00020575519121134728j),(0.0008241118700935929-0.004832157581284876j),(0.0010998635740472732-0.004079696149084327j),(0.002070356890586207+0.00020751299646057332j),(0.0008228737725217901-0.0048326425742671155j),(0.001097916458953803-0.004055609653481754j),(0.0011198974065426519-0.004142033290214033j),(0.0020291181070238554+0.00029596316308863136j),(0.0007708152856501477-0.004859488081491713j),(0.0005360785969149982-0.0023996823455850447j),(0.00025853769080849784+0.0043880399792954345j),(-0.0014841040375308376-0.005966089758126672j),(0.0014676122341463795-0.004858300597148696j),(0.0012970897994793345-0.005241959777198644j),(-0.00036745711004904606+0.005287670504123474j),(0.000523523515031631-0.0022196004870506736j),(0.0003161948729670609+0.004427414385188221j),(-0.0016197403749802762-0.005900982065294123j),(-0.0011295871658225033+0.0038951416914672424j),(0.002118540920608064+0.0021957704929606685j),(-0.005252108909331475+0.00022581120932384235j),(-0.001134945897949529+0.003857675401060666j),(0.0021558399251594158+0.0019991981086477303j),(-0.0051349439566706+0.00021401769003614318j),(-0.0003551741918414188-0.013053463961221845j),(0.0006395972436905429-0.020425429167440647j),(0.017091702005311262-0.01307870902548949j),(0.002899984312981095+0.0005593850449093075j),(0.014732839763737689+0.004684735416951059j),(-0.004116833565933233+0.006141098783408877j),(-0.0025987156638025664+0.002695756870088722j),(0.0069550928644774405+0.0338101743516564j),(-0.030482520250738922+0.01590725822781204j),(-0.0017084671753795912+0.003496424370862435j),(-0.000503936239156127+0.02420439208381923j),(-0.018716045713682315+0.015094900765204762j),(-0.002890741446462266+0.0028044690431487823j),(0.0071610018326923805+0.0347055091537928j),(-0.0315872175265714+0.015467429112131864j),(0.001748021225033664+0.008134008034902988j),(-0.009457473359134863+0.004082111047180655j),(0.00936045167676814+0.006189495345296404j),(0.0017263716999288852+0.009360871907982508j),(-0.011039533289186262+0.0003384916249327091j),(0.011588777045144915+0.006993699356337135j),(0.002155965217777154+0.00806659788049285j),(-0.00925326578325436+0.003331459445387497j),(0.01072202759637162+0.005379211170700471j),(-0.0037201035156999565+0.0025594051080188064j),(0.006068544141132167+0.031747182098347454j),(0.9719204708003334-0.001622324253109278j),(-0.002174981965578245+0.006963016227535462j),(0.001377751604000411-0.004159167145967323j),(0.00507615666563756-0.021873685646443004j),(-0.0020329489768131565+0.007207423697250633j),(0.0010207003457512968-0.00683199186429494j),(0.007701753424921024-0.024221690852578505j),(-0.0003597467936114231-0.01306999284129956j),(0.0006203287367283669-0.02045651900942755j),(0.01711803849921298-0.013103190530284636j),(0.00018302180977391503-0.0026596327156548265j),(0.0021618496356591264-0.005019522491245581j),(0.0023866269485848584-0.0016024876120323797j),(0.00502237464765059+0.00018419352740737822j),(-0.00046356301592821855-0.012151371403199142j),(0.0003401233265409369-0.019448537233880993j),(0.016338344670693616-0.012087561126570211j),(0.0023373761129860853+0.0028494670809781743j),(0.0047325927139334764-0.011015230214279269j),(0.0010965228392140931-0.003148807311132739j),(0.0049467398916822-0.003079064659468413j),(0.0002987353321929582-0.0015087348879639798j)
74,(6.260527944677482e-06+7.235321668279757e-06j),(-5.825051128890685e-06-4.547701358687164e-06j),(-4.3547681960902874e-07-2.6876202974991147e-06j),(2.1848665567998844e-06+4.430060378117031e-06j),(-4.663566389374937e-06-4.004680530277349e-06j),(1.786699413739021e-06+1.366002775629502e-06j),(0.0003203027384258159+0.0004809549341903598j),(-0.0005402968068149148+0.0001456174300877948j),(0.00021197680215405347+0.0002977197801995407j),(0.0005224797925339981+0.0007515681805003006j),(-0.0008807293539964778+0.00021987861586342193j),(0.00034769018056836034+0.00045745547669381j),(0.0039005970925882444+0.004347093054012847j),(-0.006696414765460146+0.000819739610594028j),(0.0026730278455146575+0.0022682534433124167j),(-0.008004817811518267+0.0005858656261553213j),(0.004118514449668539-0.00038921710592314685j),(-0.005016726089849648-0.0016052701204435915j),(0.0032416677719807625-0.003431627922683214j),(0.0019356681028111743-0.0022020162823003933j),(0.0026824867243846503-0.007283388740687775j),(0.0025287660916724925-0.006368895661957821j),(0.0020111874308725154-0.0024243278258412205j),(0.002880820016721729-0.00749099998977076j),(0.002584308316550436-0.0065353946303557935j),(0.0020092243049487403-0.00242336377938511j),(0.0028822259269502912-0.007492623112835835j),(0.002584715607986819-0.006533173198795513j),(0.0019280755370336146-0.0023719308467582446j),(0.0019228780656072799-0.0023988094729949787j),(0.002904336229427773-0.007526718295746226j),(0.0026079376815612-0.006413979358375989j),(-0.0014317787241019363+0.00010306350934323558j),(0.0029112761026203167-0.00807648299953984j),(0.0036226623286264113-0.0008891824281722573j),(-0.0005551506199408884-0.0024076769920270873j),(-0.0013049528541877763-0.004416094112246235j),(0.0023778345348010187-0.008711793235526755j),(-0.0018908771844521914+0.00022468565203243376j),(0.0029456303628234096-0.007972952749664879j),(0.003390009980323295-0.0006152371119683281j),(-0.017632775447229635-0.0007457716068573193j),(0.002031225733157974-0.006055164763938688j),(-0.010394139394485098-0.00011921267689849607j),(-0.017590760122709152-0.0007092064574480024j),(0.0020530657991930192-0.005952781657200818j),(-0.010489184826362394-0.00014957048771332276j),(0.022387275396487983-0.0010293032999607009j),(0.011175085142501243-0.019290698439480676j),(0.004397048602675138-0.012546981915921893j),(0.011039294596425178-0.013853342499056774j),(-0.0012223427818887382-0.049132243504565805j),(-0.0016165277030175565-0.026308125672704713j),(0.008384366826088232-0.010636358029058577j),(-0.00012496083732485173-0.014594677009019813j),(-0.0023193494778326836+0.004601415949000806j),(0.004011612055918958+0.006300196893187235j),(-0.0023164822033960235-0.003217537875498176j),(-0.0017096694611800963+0.009678198979699978j),(0.007645037327255948-0.011420378664763284j),(0.0002095159139760502-0.01331760893391095j),(-0.002364133591967712+0.00520603598196992j),(-0.008975426899247423+0.0336866814763769j),(-0.00528176495737407+0.01567279717335999j),(-0.0003287905337768122+0.012541435997924857j),(-0.01039018650998339+0.037126528559987215j),(-0.005120602466743582+0.017835377139285426j),(2.6257052779180782e-05+0.012863657279268793j),(-0.009514555048468248+0.03455782579081292j),(-0.005646956677830455+0.016365829876728237j),(-0.0003715373414138857+0.012623835439213677j),(-0.0018104447728146938-0.008348439869868631j),(0.0016837904451240922-0.0017331872079682162j),(-0.002174981965578245+0.006963016227535462j),(0.9629204168279231+0.010608073179602363j),(0.005386852469652325+0.030772411537753647j),(-8.905032939008186e-05+0.005788204800405414j),(-0.03972448915935746+0.015097669151809458j),(0.005768093390109454+0.03888483121338233j),(8.833624099163296e-05+0.006966011701891456j),(0.02239879599919603-0.0010120757814044857j),(0.011190039040624038-0.019248716927125174j),(0.0044033543287192506-0.01252695175615599j),(0.0032358287106649336-8.626577605084715e-06j),(0.0044098406321390615-0.003786063354080881j),(0.0015450736507127488-0.0030783490409246653j),(0.0020936648001132537+0.010343427872801288j),(0.020784500603760567-0.0009606615326587173j),(0.010205807142639448-0.01704887816370587j),(0.004010857203004544-0.01141086217413093j),(0.00630822651005256-0.006758060229944629j),(-0.01159634193877332+0.01806318805156402j),(0.004224453235767193-0.002103034036031545j),(0.008723511339661377-0.009822896026053443j),(0.0031793947246306444-0.0066803232028256835j)
75,(-3.779988405394063e-08+6.454368795433538e-06j),(-8.405885408376025e-07-1.1378931186701046e-05j),(8.783884247012919e-07+4.924562394444509e-06j),(-1.0743063498098813e-06+1.183308013684527e-06j),(-8.078028057254778e-07-6.148608703003206e-06j),(-2.601473863733863e-07+6.8037423640442055e-06j),(-0.00022044847473423634+0.00041974568399021463j),(-0.0005065174298214662-0.00015898283229525686j),(8.422193268154634e-05+0.0008935801883314194j),(-0.0003098723121199563+0.0006997761244373388j),(-0.0008068066003475095-0.0002329075670410326j),(0.0001817289992719378+0.001479634624103545j),(-0.0003905642960827394+0.005663367775135775j),(-0.005339866143619075-0.0009840807604634082j),(0.003092631062875823+0.011892381250616202j),(-0.004422488569559227-0.001981214810195667j),(0.003315668901827892+0.00023652470996641j),(-0.012457522678166725-0.0031960088807595766j),(0.007416136856047521+0.00995074357370802j),(0.005103423033773532-0.00327827698467722j),(-0.0036690305524730454-0.0011366602303263616j),(0.0067452896050840625+0.0011573894445491267j),(0.005506724356672092-0.0036394629183872846j),(-0.0035643376191290934-0.0010385134863908213j),(0.006860877772473394+0.0010660717142193833j),(0.005504718820356776-0.0036405790633164824j),(-0.003557473097805425-0.0010402414725290913j),(0.006856326115253206+0.0010654012135703625j),(0.005399910099135192-0.0036740422884912493j),(0.005630947328098388-0.00399629965662029j),(-0.0032958364608571635-0.0011277351215279018j),(0.0066541440640361755+0.001082825927335604j),(-0.000791864397651949-0.0033841112442868195j),(0.006120276847215068-0.004775215462402887j),(-0.0024866118279758057+0.0031190789735507825j),(0.002010104587096811-0.012037348533592998j),(0.0018158957561889577-0.011157998301869478j),(0.008901062592529532-0.006701382262940957j),(-0.001390456779593386-0.003608444383675296j),(0.005931260263255049-0.004671312475087886j),(-0.003170844370548798+0.0030424010161610414j),(-0.010016271757206109-0.015877661612092663j),(-0.0038860343937273892-0.0010041138840186474j),(-0.011367720543947864-0.00598995795351548j),(-0.010078788550378578-0.015872435334909826j),(-0.003873218593212376-0.0008768282477999139j),(-0.011353698129043452-0.006092481268635226j),(0.0004037594323016019+0.0028555076005190947j),(0.022463848177108114-0.0008673069642393949j),(0.007531397742278434-0.00755278537438759j),(0.008976328813575338-0.021558583406042376j),(0.03466834145684693+0.01061129710185425j),(-0.0017656626529700724+0.0014718687120728498j),(0.00505830282063058-0.018737896989403112j),(0.013938071466389992-0.014723750601022743j),(-0.0020817006468742644-0.016891373404305843j),(-0.0009677201508412538-0.008421235473160519j),(0.004004339481857978-0.0036402668578875697j),(-0.003387341354685076-0.012751209140201954j),(0.005512646031177053-0.018341798249605742j),(0.012590493565972142-0.01647100212322619j),(-0.001662217249865727-0.016390525873104137j),(-0.008788887095187138+0.0167503053504642j),(-0.016708364421996365+0.01941174164499889j),(-0.003255602321002046+0.007410675967731255j),(-0.010438373839014435+0.018638531697933534j),(-0.021437651743903746+0.020386084556680915j),(-0.0038937392680739894+0.009138067489438193j),(-0.008725565530972647+0.018153354853267606j),(-0.016256885572021384+0.02116603796032088j),(-0.002954963990151241+0.008498040081437853j),(0.006599671209020311-0.008071460430468132j),(-0.0023760167537425748-0.01955764775293399j),(0.001377751604000411-0.004159167145967323j),(0.005386852469652325+0.030772411537753647j),(0.941488057897754-0.018983303003189282j),(0.009256950671199788+0.05093063243291145j),(0.005370879842188941+0.03942424112428623j),(-0.06270724971693271-0.012732314964273503j),(0.009828665652552204+0.05299740530906739j),(0.0003907563687526943+0.002886889211612188j),(0.022445256456825453-0.0008837062480305941j),(0.0075418985593296885-0.0075648992785675405j),(0.0027650087945085646-0.0011382799295473287j),(0.0021399417641765153+0.0008655964465174026j),(0.00394454715940343+7.276695729509664e-06j),(-0.005970532190357821+0.008686040152472143j),(-0.00023666984769940384+0.003138082366564602j),(0.02064427335209017-0.0013824779143660872j),(0.007379745889442915-0.007048234047366313j),(0.012553879285923733-0.03646945471516284j),(0.009221972804079322+0.04344733830328422j),(0.006024065018823264-0.00690021523052584j),(0.0020891570675630584+0.0036106025836519146j),(0.006355590234613639-0.00282225906932797j)
76,(4.264537374542902e-06-6.119993729655534e-06j),(-1.1852446510012779e-05+3.2496492388977955e-06j),(7.587909147228223e-06+2.8703444872196335e-06j),(-7.922240999147249e-07-2.7909081544807195e-06j),(-5.850661275719503e-06+4.0003009601780494e-06j),(7.709040321388544e-06+7.316350191748793e-07j),(-6.475591916483853e-07+3.0375038935110364e-05j),(-0.00012280114375942355+0.0007306274626768372j),(0.0008801012383233664-8.602564495539149e-05j),(-8.763991801017052e-05+1.9958754422253876e-05j),(-0.00027919311369955076+0.0011573691635295015j),(0.001315244418522461-0.00016657898837956994j),(-0.003893504270473325-0.0009410409307254054j),(-0.0051244109258580806+0.007505379981122895j),(0.005378527761897012-0.0021525625942297203j),(-0.006745353345193+0.01064426791776196j),(-0.0018473679488362205-0.002913757635722058j),(0.003396387989614405-0.0013847292287779657j),(0.0012230394420996984-0.0038673217004884086j),(0.001660061119693221-0.003034088485309021j),(0.0018687227861622707-0.0018942068312641893j),(0.0009699399494182822-0.004469839026296506j),(0.0018672577497625214-0.0033008010010711717j),(0.001824967015569492-0.0018842954556989688j),(0.001024066707011158-0.004647763578454884j),(0.0018672872815907364-0.0033013926971462385j),(0.0018237546085362174-0.0018798419859130198j),(0.0010241142949679303-0.004649142435128797j),(0.0018476709224192092-0.0033259055178471806j),(0.0019383774765664595-0.0031882837448913206j),(0.0017786459499702294-0.0016714793961386653j),(0.0010279459181813072-0.004711357074501166j),(0.00017856593298328633-0.005027810920210571j),(4.68240861259998e-05+0.007076998032023152j),(0.0011210773938833323-0.00758354040604222j),(0.000966683512659512-0.004984820813132883j),(0.0016162110575695108-0.005841892531297373j),(-0.0006353227637245423+0.009809432604729936j),(0.0001468326230690322-0.004999885744260655j),(0.00016211352564628298+0.007035634884484589j),(0.0009482616541792773-0.007615888070580844j),(-0.0024974327011173074+0.0045814227333453965j),(0.0025144519969054827+0.0027558109882368387j),(-0.01105699320402623+0.000807187604929158j),(-0.0024929302462618408+0.004616108783182112j),(0.0026229162575146427+0.002569112140136872j),(-0.011064212458704951+0.0008911552193159901j),(0.001935481317880425-0.00905163147842704j),(0.011601490447984543-0.01762866800482983j),(0.01093262990709353-0.0034859643052221403j),(-0.0036787779334495666-0.013278935569967672j),(-0.0042744450457583094-0.025648094286283653j),(0.02424434375005117-0.024249192203142294j),(-0.0007521716868999226+0.005539968552502533j),(-0.008166402971408606-0.006132655223814523j),(0.01806800020648403-0.017067733001685674j),(0.00024910687781211013+0.008794210160612725j),(-0.004767817063963873-0.003504603236520817j),(0.010282739255633002+0.005511376255605986j),(-0.0007421734888877147+0.0058611115967347575j),(-0.008182277459579265-0.0045260708302703595j),(0.017198588442330832-0.018797431475842015j),(0.0005802622402733115+0.010799498820799709j),(0.00147443164038+0.005917790969813612j),(-0.010071114395069117+0.037575267227323114j),(0.0012551586040769674+0.011108028181334552j),(0.0035805086398611476+0.006918776476104338j),(-0.012040321852225803+0.0413427594567664j),(0.00028776479598811074+0.010835477685184027j),(0.0009846330786288271+0.00639733960393111j),(-0.011006031307195522+0.03865548995372409j),(-0.0006181857261864853+0.006701298401430224j),(-0.0050983869635549805+0.008082693362210947j),(0.00507615666563756-0.021873685646443004j),(-8.905032939008186e-05+0.005788204800405414j),(0.009256950671199788+0.05093063243291145j),(0.9586065016912256-0.02779416870744976j),(-3.874177652912975e-05+0.007002350230250497j),(0.010355754539808314+0.05199254219703558j),(-0.044801902271724356-0.017505850061873322j),(0.0019427401583828855-0.009044328104170156j),(0.011621363105900081-0.017615643998346208j),(0.010912806868789334-0.0034578962068241023j),(9.038172275890085e-05-0.003840111035869724j),(0.00537553376534427-0.0020773990085100405j),(-3.3358267317765405e-05-0.0008971585435947945j),(0.004401924255704653+0.0020045757337558145j),(0.001991153604066129-0.008275129747456894j),(0.011040070247347789-0.015888426886181785j),(0.009379098865229963-0.0031327732260490577j),(-0.00679489073536738-0.015108602219156587j),(-0.014325623380904961+0.01141417612811486j),(6.222497626038536e-05-0.006652045522550942j),(0.008771835245247238-0.006453176927010818j),(0.0010471932600750694-0.0013928292181575727j)
77,(6.322581963213642e-06+7.4076276965632105e-06j),(-5.995366457074529e-06-4.7331207888709575e-06j),(-3.2721551014393774e-07-2.6745068957353894e-06j),(2.1692831846769887e-06+4.515284248843315e-06j),(-4.7437830881980955e-06-4.11732960311774e-06j),(1.8929864916225994e-06+1.4698558601523292e-06j),(0.0003268964251603568+0.000496513685306703j),(-0.0005472363859120734+0.00014897129403588643j),(0.00022962267543085268+0.00031082971673230696j),(0.0005328938726344814+0.0007761483904172482j),(-0.0008929950874137746+0.00022541207239460298j),(0.0003750059463388596+0.0004789179385887478j),(0.003966942969703356+0.004497012881342024j),(-0.006825256629541701+0.0008579741624452687j),(0.0028230933772190004+0.002429516993929951j),(-0.008141407401311349+0.0005972627202110846j),(0.004237155048645167-0.00046177548627097725j),(-0.005241378650581651-0.0015954446313176905j),(0.003283146000961983-0.0033905092437588377j),(0.0019931068729900354-0.00218202143045407j),(0.0026677904294348303-0.007334448656512442j),(0.002530929745980956-0.006461271363903049j),(0.002071062399561066-0.0024023952040471107j),(0.00286900128449807-0.007542967175901369j),(0.0025869275495052444-0.006629723240348554j),(0.0020690746278099518-0.002401391702105596j),(0.002870468488657139-0.0075445865187631946j),(0.0025874146786240065-0.006627407094724387j),(0.001986983766664987-0.002348808335383084j),(0.001981304400848885-0.0023667786502117854j),(0.002894202908130487-0.0075778982019232225j),(0.0026147146327468065-0.006503062079758409j),(-0.0014018390077393012+0.00011523563592192535j),(0.002954533475404685-0.008095281927415562j),(0.0038184926185977105-0.000753575132460414j),(-0.0005667968719249529-0.0023866234746274992j),(-0.0013167079294987333-0.004488197403308454j),(0.002411694855863734-0.008732881254425923j),(-0.001871217002666487+0.0002331345627557737j),(0.0029925021181624275-0.00798956666735139j),(0.003582803880668336-0.00047208757284884165j),(-0.018068181260994277-0.0008923876973187837j),(0.0020977852258745686-0.006027903549427224j),(-0.010747693481816908-6.593438221146747e-05j),(-0.01802780122865858-0.0008526364628290225j),(0.0021214837617216883-0.0059147081036538835j),(-0.010846917855471164-9.518937939905978e-05j),(0.022696157788568466-0.0005237995553769251j),(0.01178145001477796-0.018411334520337545j),(0.004573229785715235-0.012351260068826348j),(0.011057458681427365-0.015004005954334968j),(-0.0024637855343131168-0.054314362654287754j),(-0.0021603366089609642-0.02911737110426744j),(0.011242649881650111-0.013859785420023732j),(-0.0001090197674021927-0.01765025272004766j),(-0.002225330126171537+0.004641585301702424j),(0.005849916378261504+0.004860128229104307j),(-0.002204314429900933-0.004892946560875085j),(-0.00163445232075704+0.010196656647005267j),(0.01056341373930884-0.0147485503723941j),(0.0002509095296386369-0.016266250722294463j),(-0.0022504965250944985+0.005301523353962008j),(-0.01002835582300277+0.03546880060276659j),(-0.005215117893274894+0.016584031757182795j),(-0.0004001758920891647+0.012970733150141096j),(-0.011716198293258727+0.039818727244836455j),(-0.005060168737950678+0.018419126319915095j),(-5.52335170091239e-05+0.0131701315048749j),(-0.010688343435610377+0.036338725833774954j),(-0.005597877036542915+0.017505394568854808j),(-0.0004539656756543507+0.013070836241902306j),(0.0003111366108504833-0.010991817167058316j),(0.0017358915169259298-0.003276265847045521j),(-0.0020329489768131565+0.007207423697250633j),(-0.03972448915935746+0.015097669151809458j),(0.005370879842188941+0.03942424112428623j),(-3.874177652912975e-05+0.007002350230250497j),(0.9571090116000072+0.014407881321446206j),(0.0055575073057549705+0.0374786488889598j),(0.0001106837705463241+0.005763361293042725j),(0.022708026314984794-0.0005044197606047102j),(0.011798771919419778-0.018361252025020234j),(0.004580409850376699-0.012327192043994736j),(0.003278095351628676+1.3129258800113897e-05j),(0.004507739909154162-0.003559423820740951j),(0.0015796569665417707-0.0030168324642862888j),(0.0020143010494478343+0.010717015149459561j),(0.021093689901028456-0.0005127265397604306j),(0.01073932446928075-0.016095021277964444j),(0.004166022952588897-0.011190480108492265j),(0.0054667090362013945-0.006245284640480152j),(-0.01219762196016644+0.019693116728555126j),(0.004221550604529076-0.0022644028749007603j),(0.008987377149883942-0.010152578890942348j),(0.0032172675686464153-0.006844831518417128j)
78,(-1.7052155615483524e-07+6.59725439563944e-06j),(-8.955490909140876e-07-1.1604720956373062e-05j),(1.0660706469205455e-06+5.007466563364202e-06j),(-1.2073609356493735e-06+1.2137936606770176e-06j),(-7.856114049912869e-07-6.275929023409392e-06j),(-1.8381319711068482e-07+6.9348638886184405e-06j),(-0.00023211162150539155+0.00043261303939430996j),(-0.0005138918175799424-0.00016476966657445638j),(9.291529424748189e-05+0.000907076024387959j),(-0.0003271796505133443+0.0007217644534860749j),(-0.0008186693924478243-0.00024074017878207866j),(0.0001962325715113204+0.0015035932510082286j),(-0.000452263301020479+0.005859573029290057j),(-0.005420811428587885-0.0009891698684564155j),(0.00321721887284538+0.012142705831613813j),(-0.00443539140426425-0.0020186911491412206j),(0.0034507095137265515+0.00019370289538132943j),(-0.012866797197763138-0.0033066811110914127j),(0.007586967497539001+0.0101322936292463j),(0.005202275618309065-0.003254634474668676j),(-0.0038059747201415303-0.0011252103693717985j),(0.0068649950380173606+0.0010511188529666272j),(0.005610384802567668-0.0036145993644528347j),(-0.003696964418135961-0.0010222542787937956j),(0.006981180436970116+0.0009539240432011251j),(0.005608290865438226-0.00361566067535306j),(-0.003689833556150145-0.001024006664487813j),(0.006976516767675611+0.0009533549352162716j),(0.005499379789121141-0.003647061979284576j),(0.005740579805127907-0.00397177160048952j),(-0.003417640426681392-0.0011131413507115655j),(0.006769655919816413+0.000977147871764666j),(-0.0009220557846425411-0.0032778235557660374j),(0.00639596411488797-0.004849684976985303j),(-0.0025800280092096667+0.003317699224849993j),(0.0019729995682722136-0.012135131086832235j),(0.0018179903060852173-0.011166862839286631j),(0.00927892947307402-0.006879552364633383j),(-0.001537343353884768-0.003505876274829161j),(0.006199608673307379-0.0047337902517264165j),(-0.0032836762587640537+0.0032512403392751174j),(-0.010184509325865579-0.016231333025750305j),(-0.004084252437133944-0.0008611998395649748j),(-0.011733492789362712-0.006029111739999646j),(-0.010248596448124769-0.016216880623598537j),(-0.004076702390619694-0.000734313625240646j),(-0.011715164850387809-0.006136870016850108j),(8.624706440548096e-05+0.004532637206284324j),(0.02234780093236346-0.0012036884105170306j),(0.008110907105777292-0.007907905937174756j),(0.009208460815362971-0.023614788264032738j),(0.037771600311056294+0.012789035553558542j),(-0.0034449140451767108+0.0032529574987462447j),(0.005307265030388338-0.02168825782401107j),(0.017382481284314518-0.016563136250084255j),(-0.003054762837545277-0.020288232437238065j),(-0.0010400331231075481-0.009997743840118284j),(0.0057076708873633605-0.005037056995215122j),(-0.003984902468366141-0.014922192838063952j),(0.005801253138453248-0.02131089784066227j),(0.016043250294281733-0.018432330669754075j),(-0.0025813958355065674-0.019918962041525094j),(-0.009199804291253165+0.018485294070343557j),(-0.01862388397877684+0.019812242129547717j),(-0.00302022177608916+0.008589499928881746j),(-0.011080319301181897+0.02006274859755549j),(-0.024041722951495856+0.021063634085160442j),(-0.003764863884445414+0.010860683331131037j),(-0.009074598809115125+0.020187707931036872j),(-0.018128656646094074+0.021679630703290112j),(-0.0026194481965710796+0.009792918493071961j),(0.007018682011151575-0.01006400727307741j),(-0.00014456368159744505-0.02139637298443216j),(0.0010207003457512968-0.00683199186429494j),(0.005768093390109454+0.03888483121338233j),(-0.06270724971693271-0.012732314964273503j),(0.010355754539808314+0.05199254219703558j),(0.0055575073057549705+0.0374786488889598j),(0.9323123861941348-0.017646097864329836j),(0.011084109150949473+0.05864795497005318j),(7.247729191165245e-05+0.004568859626191158j),(0.02232489972934222-0.0012235233135153402j),(0.008124387521080441-0.00792292149621914j),(0.002824051182641718-0.0010164063702327688j),(0.00215845018912613+0.0008298921788920215j),(0.004190423579278463+0.00017250067199130236j),(-0.006083116410953603+0.008974666092648294j),(-0.000609813857234724+0.004789813278079992j),(0.020503213462130774-0.0018101595949472455j),(0.008018098825854006-0.007389797349908078j),(0.013311483330772991-0.04075737227196595j),(0.01158364388404819+0.046191447077380404j),(0.006165985493725092-0.007466967264414044j),(0.0021745194629730607+0.003864512963998198j),(0.006451633806520559-0.003012152998148011j)
79,(4.307599471056965e-06-6.185162736980583e-06j),(-1.2239812557446686e-05+3.215903794580723e-06j),(7.932213097919639e-06+2.969258938552891e-06j),(-8.64225020522721e-07-2.8281948958513165e-06j),(-5.973923146467367e-06+4.035230078403743e-06j),(8.02351760827004e-06+8.185576205578988e-07j),(9.933140106578846e-06+3.579029889779492e-05j),(-0.00011443904927564263+0.0007429863807164339j),(0.0009272338796892533-8.720296363910767e-05j),(-7.51364846937057e-05+2.80145128421813e-05j),(-0.0002704755225429234+0.0011766155024245956j),(0.0013851859480725785-0.00016832416223026782j),(-0.003976748261344161-0.0009083981231869723j),(-0.005243993088416161+0.0076168530584018j),(0.005643544283685943-0.0021537692248233277j),(-0.006906950700115807+0.010844361370598483j),(-0.0018733776417237317-0.002912879342459143j),(0.0034430092030489886-0.0015941156468950854j),(0.0011667788112760561-0.0037711285875226524j),(0.001711503821848001-0.002979381357667947j),(0.001854349777808263-0.0020507037647475783j),(0.0009799719551544337-0.00445855574113456j),(0.0019245929481494213-0.0032428394175203143j),(0.0018063695066784212-0.00204106127815065j),(0.0010378759079358634-0.004637243569407371j),(0.001924604463223751-0.0032435015570879237j),(0.0018051439205123464-0.002036406697248307j),(0.0010380210044753447-0.00463868725550661j),(0.0019036043963230136-0.0032716753641925563j),(0.0019995516359231705-0.003117063939896799j),(0.0017597984168036904-0.0018190956975459513j),(0.0010460965012076236-0.004703423316831114j),(0.0001489481186588669-0.0052274475018355155j),(3.284651372502048e-05+0.007276417727655195j),(0.0013176580637008037-0.007702094709790067j),(0.0009275475631028803-0.004996852596298151j),(0.0016398828936875307-0.005888751722218154j),(-0.0006517581711582565+0.010148199257803543j),(0.00011574610534486446-0.00521118074053648j),(0.00015229083092031345+0.0072285631469296355j),(0.0011421635645365218-0.007741718163466535j),(-0.0025988698440224905+0.004630127357708258j),(0.002541747461968846+0.0027943383928567826j),(-0.011490103755417983+0.0008495368801756439j),(-0.0025935244689451477+0.004670369233640531j),(0.0026557271642288745+0.002608655268005373j),(-0.011506807162506294+0.0009407696077340429j),(0.0021141273592340526-0.008736169330801975j),(0.012449249007246888-0.017385314932496534j),(0.010443434780507741-0.002749111681012834j),(-0.004205542315585431-0.014353308888185656j),(-0.005807416226694602-0.02792750512399371j),(0.02635225337548372-0.026558855813555743j),(-0.0006153951095622572+0.005782043735767441j),(-0.009331067756130362-0.009324406824475433j),(0.02185700372567167-0.019633494654460924j),(0.0004035633990031877+0.00924111078541564j),(-0.005077829790531492-0.005672574817245984j),(0.012568750062893127+0.004721914914797379j),(-0.0005802508500218559+0.0061196661113148455j),(-0.009361422143339833-0.00767107005945681j),(0.02101219780630139-0.021460634861088033j),(0.0004883585878189766+0.010999018442668741j),(0.0023428398561526464+0.0060617477374499415j),(-0.011607946070953522+0.04000595563575207j),(0.0012087416573096379+0.011198091335080068j),(0.004701608268642316+0.007537921103024207j),(-0.013873846796765106+0.04390125183348885j),(0.00014203598956431373+0.011048554142317306j),(0.001804972289715715+0.006620476107454631j),(-0.012731771622362224+0.04125513018356062j),(-0.0003655549990009893+0.006945787972135735j),(-0.005936741333931835+0.00631147581676033j),(0.007701753424921024-0.024221690852578505j),(8.833624099163296e-05+0.006966011701891456j),(0.009828665652552204+0.05299740530906739j),(-0.044801902271724356-0.017505850061873322j),(0.0001106837705463241+0.005763361293042725j),(0.011084109150949473+0.05864795497005318j),(0.9509571199743663-0.02682210323750734j),(0.002122325462606906-0.008727005918806834j),(0.012472236595042027-0.017368934359419726j),(0.010420142464314148-0.0027170447670472686j),(8.464629629138093e-05-0.003930728289950737j),(0.00562078777363177-0.0018414311520278028j),(-0.00022027004176387822-0.0008424763414241459j),(0.004356458214415742+0.0021406432568666497j),(0.0021811334733079645-0.007969481084803578j),(0.011869375568949844-0.015588349374496033j),(0.008831256959841612-0.0024454020825922644j),(-0.007488083934061255-0.016492563444138353j),(-0.015796117310986943+0.013202802776872396j),(-1.857226535128613e-05-0.006918122060370398j),(0.009053679279725915-0.006715423895407042j),(0.0011086126398350358-0.0013863121247152457j)
80,(-2.2876003396542836e-05-2.095094159025516e-05j),(1.766059096089775e-05+1.7778093841952416e-05j),(5.215412427586693e-06+3.172847707377255e-06j),(-8.313009425959757e-06-1.1106405131620697e-05j),(1.6901334338221703e-05+1.3496653869911277e-05j),(-2.5101843407315363e-06-7.319587735713034e-06j),(-0.00047231619036899956-0.0013099649945922675j),(0.0024063081748378163-0.000531569349232857j),(-4.936938184222869e-05-0.0013965472668651712j),(-0.000803113167924856-0.002067649092532016j),(0.003902087353722299-0.0008245164688460882j),(-0.00011833654241717674-0.0022076611678166977j),(-0.007401317677209613-0.012955551343613713j),(0.028688497247844107-0.00427120882480404j),(-0.002384358167382976-0.01389277447867053j),(0.034853361085283065-0.004981287387171095j),(-0.02215411613831777-0.01117132132628161j),(0.007975284901924451-0.004846438217618696j),(-0.015117033305466845-0.010838095992074472j),(-0.01452497635800308-0.0002761872004857528j),(-0.005168698005816414+0.0004497021322288743j),(-0.011157051678275338-0.004079639863796895j),(-0.0154987473015376-6.845281750926047e-05j),(-0.005489551205186826+0.00035290053568025944j),(-0.011365430809591731-0.004145019667312509j),(-0.015483835125002982-6.870067314671859e-05j),(-0.00548833687443015+0.00035362992790130207j),(-0.01135598465637578-0.0041453968322599285j),(-0.014827040919480616-0.00013498437249932164j),(-0.015280667903427234+0.00037289860655579906j),(-0.005347148831924551+0.000343896107694675j),(-0.010934637800538723-0.0041966818053969564j),(0.015636616735716983-0.006342591282278795j),(0.0037944496319361563-0.0014375258484534137j),(0.008078541883464147-0.007520580961466502j),(-0.0007600107693925085+0.0014854382867163125j),(0.004476972942916973+0.002422635960413309j),(0.004206058473536195-0.0011422416815012552j),(0.01793438897721831-0.006642166553780687j),(0.004326978780489923-0.0015954543596077737j),(0.009491766599978782-0.007574648328399611j),(0.06709224692835611-0.0066310444696355995j),(0.01362271018067283-0.0035437457081592093j),(0.03964135141498418-0.002104291613247218j),(0.0667112706672148-0.006403419900888335j),(0.013319067692172101-0.0038618780325417566j),(0.039647600482736856-0.001890024159755338j),(-0.0870668956336204+0.07186234104162148j),(-0.0306260750156587+0.0729224147718246j),(-0.02178173492372684+0.05423413288676741j),(-0.03972838316250603+0.000703869806623984j),(-0.009034678967844377+0.005678305162632832j),(-0.011314251258576269+0.008807650731235508j),(0.01444879175633758-0.010227492093817651j),(0.006191968094867019-0.022731877931373073j),(-0.0008411847663410636-0.013265940094669127j),(0.025383088764329167-0.013908095913022332j),(0.012142730344790858-0.022756433352388993j),(0.0038229726324129853-0.016880622129351378j),(0.015286889751473541-0.009979146618678623j),(0.005995282566627394-0.022959360347547905j),(-0.0008613134752996398-0.013492990634236444j),(0.037096828201667716-0.01796420716074804j),(0.01855758737832997-0.017564065397016215j),(0.010242982299970406-0.019941350650638186j),(0.0382119761414175-0.01785244925428854j),(0.019284246751241334-0.01572782344744529j),(0.010844432927446569-0.01979886348596788j),(0.03756946158990482-0.018355427863306552j),(0.018735942731349875-0.017990028226102857j),(0.010511534013012159-0.02025560297337535j),(0.01811532379992896-0.007749534280599147j),(0.004605678188194447-0.01866814702865208j),(-0.0003597467936114231-0.01306999284129956j),(0.02239879599919603-0.0010120757814044857j),(0.0003907563687526943+0.002886889211612188j),(0.0019427401583828855-0.009044328104170156j),(0.022708026314984794-0.0005044197606047102j),(7.247729191165245e-05+0.004568859626191158j),(0.002122325462606906-0.008727005918806834j),(0.9127609760837534+0.07449310214185356j),(-0.030730873492110174+0.06814988548929594j),(-0.021794157711071495+0.05351266050746092j),(-0.01685640599291717+0.0024486001049684875j),(-0.012302624453640675+0.019736742084283606j),(-0.009147906231091053+0.015909669984076016j),(-0.01389965882207645-0.08707223909068111j),(-0.08051259788166183+0.0666577090556232j),(-0.029029459321777154+0.06786015344802718j),(-0.020078064697581666+0.05140487445634955j),(-0.04150508476515877-0.01143839658570887j),(0.017178485799303-0.031213308275378014j),(-0.02547324263581677-0.0006237006680514274j),(-0.018931852474784502+0.023133888760336473j),(-0.01599741767181128+0.02029964413422659j)
81,(-1.696395454407658e-05-1.2677096321304249e-05j),(1.9565499922482815e-05+2.676754495876025e-05j),(-2.6015453703757866e-06-1.4090448673603996e-05j),(-3.0083221579561506e-06-5.062771068497632e-07j),(1.5778461397511147e-05+1.4511112126796282e-05j),(-5.4665862241788445e-06-1.6588606404195763e-05j),(0.0006325988660404733-0.0004547834059990853j),(0.0026511572312990514-5.651021856996666e-05j),(-0.0004091577117388913-0.001790053408261527j),(0.0009432170752464668-0.000813367613571734j),(0.004264786024331496-0.00013098581414277936j),(-0.0007663135136457766-0.002945400110346657j),(0.0035709726134626144-0.008820612031729819j),(0.029990260478111257-0.0020621965379397904j),(-0.009674088201484741-0.023194271335795377j),(0.034559978155830645-0.004657352106189764j),(-0.014817525858211295-0.015892059567039242j),(0.011785175384093561+0.008255490042942761j),(-0.0307772674752234-0.02406049703641806j),(-0.016274531412297052-0.011947536080905295j),(-0.004857895892390607+0.015031138631530912j),(-0.02241871859605691-0.0030401183869037604j),(-0.017533482090462828-0.01285269172997023j),(-0.005163350287946516+0.015123363574522935j),(-0.02277292614446137-0.002665145136355776j),(-0.01751811832848998-0.012848463039162771j),(-0.00516294733749076+0.015118786448032748j),(-0.022748138241382276-0.0026584099810654394j),(-0.016778188417206664-0.012667406288304253j),(-0.017113938687778857-0.01263230851337558j),(-0.005041478344727854+0.014850555282978701j),(-0.021650436187820105-0.0024553866941525886j),(0.017583841317353466-0.005055179994787805j),(0.002971989066687947+0.0021053107056514322j),(0.025288409631477216+0.0041680263852570554j),(0.004147799059068594+0.00039582016581045376j),(0.008072868600124954-0.0005344307689191721j),(0.0008634236919096362+0.0028556733040795285j),(0.01989064981603799-0.004487828828131431j),(0.003855321463519668+0.0006667073848365627j),(0.028111701190782153+0.004559483087551665j),(0.05647915415552893+0.006498856705846268j),(0.015752261974337003-0.0406523547976727j),(0.06470724380856961+0.009791883339337573j),(0.05633545512129445+0.007013027898733655j),(0.014894494458107864-0.04079228883100897j),(0.06450689314455745+0.010202685553931095j),(-0.030636138163647204+0.07294679280491519j),(-0.11863037230326316+0.04534026674435414j),(-0.031229700186470265+0.06802899413032837j),(-0.013681995866883838+0.02488751819325136j),(-0.0493748159875205+0.03918367967876076j),(-0.018610117496511897+0.025334430676079673j),(0.0010860704274696297-0.02895395190853283j),(0.01916550350479842+0.004784104937292027j),(-0.002512472835876977-0.017631845067220483j),(0.006611948240046411-0.03137681560127888j),(0.02718203189132777-0.007386717907607237j),(0.003921900077792601-0.019238530831615377j),(0.001269510573731078-0.030107486029364645j),(0.02056767120252434+0.004672080565815001j),(-0.00227330901904627-0.0187334760791825j),(0.015422098750219593-0.026357562728626032j),(0.03397164027957859-0.021121073577684883j),(0.014389343142667156-0.016057583034204227j),(0.015807456992735176-0.02622822049401908j),(0.03290859674070913-0.023237203569530414j),(0.0150777833891622-0.016060455724084426j),(0.016056749755191314-0.025944464415764402j),(0.03518468120662579-0.02134455891162046j),(0.015026597177780564-0.01576355605940161j),(0.003332587316313179-0.030272691293948245j),(0.023471935130477392+0.003444474764817969j),(0.0006203287367283669-0.02045651900942755j),(0.011190039040624038-0.019248716927125174j),(0.022445256456825453-0.0008837062480305941j),(0.011621363105900081-0.017615643998346208j),(0.011798771919419778-0.018361252025020234j),(0.02232489972934222-0.0012235233135153402j),(0.012472236595042027-0.017368934359419726j),(-0.030730873492110174+0.06814988548929594j),(0.8811102684432439+0.044893074291679595j),(-0.031222293982429487+0.07062359334602242j),(-0.011780197947360991+0.01820519798964588j),(-0.021513105661680847-0.0010229356191091554j),(-0.011708084157899198+0.01619118917710274j),(0.0025361827598699652-0.05858188338742994j),(-0.028744505895505125+0.0681990466092324j),(-0.10972988388552267+0.03936089953502137j),(-0.028829671696502128+0.06540698665765404j),(-0.0125973426149984+0.02231211446613035j),(0.0580743596061262-0.017232410160477635j),(-0.02138153374780736+0.02171525990321915j),(-0.03148835579271818-0.0006094563998832204j),(-0.021409643442255634+0.021404630363173673j)
82,(-9.460615130739654e-06-1.212203583708695e-05j),(2.003464404526629e-05+1.0619193057276587e-05j),(-1.0574028930573571e-05+1.5028427666789534e-06j),(2.6650002237407027e-06-6.853295499782599e-06j),(1.2970350467678412e-05+7.24509649323563e-06j),(-9.382678762265069e-06-5.536093108725952e-06j),(0.0005568265177845031-0.0015088009958810775j),(0.0019439178421470926-0.0008789897204502128j),(-0.0004973312499763208-0.0009835595379941932j),(0.0009277179070238922-0.0023749793687434084j),(0.003194194524281832-0.0013644591781067981j),(-0.0007886160860730504-0.0015468050091570068j),(0.007556064443643985-0.014526921424632397j),(0.024891565276814805-0.007382383009800659j),(-0.005371112357858728-0.009471636673563849j),(0.02998664859670555-0.010981206417126445j),(-0.009316830258464835-0.005705560731989887j),(-0.0022751212640301187+0.009094132887812906j),(-0.022364405408530234-0.00534867490362223j),(-0.00871778175510946-0.00026472569209469443j),(-0.008131465889080038+0.010454324962736999j),(-0.014976267691090402-0.006556793381120621j),(-0.009438984639178428-0.00022082245490476562j),(-0.00829251975931742+0.010623084783186265j),(-0.01519393460517076-0.006649034473612313j),(-0.009430168339998303-0.00022119347986197455j),(-0.008284639592089114+0.010618732010890409j),(-0.015179164717571296-0.006648700940549671j),(-0.009022904133695976-0.000271567030331224j),(-0.008816491521577121+6.0955959985963676e-05j),(-0.00788003811682603+0.01040066074704235j),(-0.014527188308103268-0.006617185587482911j),(0.007855729379375363-0.00501526449853798j),(0.010441904700282889-0.0001622722709641606j),(0.01309443639449955-0.005514632051024024j),(0.0029532892306070625-0.00042032708906348626j),(0.002749739605163491-0.0005528335914973571j),(0.013055839379836759-0.001613178220440211j),(0.0088757002318499-0.0054596034571709785j),(0.010907406531391758-0.0006601318273341365j),(0.015095730347119411-0.005359800568114248j),(0.030680524058734615-0.016844079956580982j),(0.01253677044147332-0.008993348013402395j),(0.06112688157076059+3.326883068085172e-05j),(0.03059371308278356-0.0166717947175976j),(0.01207361253506552-0.008991416476989693j),(0.06068895315980612+0.0002528896903842685j),(-0.02177931387704625+0.05425307059345131j),(-0.031221783435373324+0.06802829226645532j),(-0.08241853406929285+0.04636202697951393j),(-0.010412284987202572+0.02228702165990211j),(-0.01647017996053019+0.023577758185808078j),(-0.0273846386051819+0.007176052168612683j),(0.001992904903591782-0.014099785007793731j),(-0.0003999059800132938-0.0024877078483307577j),(0.016856862812307777-0.015433234916755715j),(0.00614575702244693-0.020053273786080395j),(0.008935563589471517-0.011670705473002639j),(0.022639781649923987-0.01935806963783356j),(0.0020091559764571407-0.014595265639917237j),(-0.0005936070565930281-0.002511447641283586j),(0.017467556466861385-0.015442822425480488j),(0.011010596577780835-0.024635487496357824j),(0.021811227916432113-0.02300200880445772j),(0.02532221031431121-0.02112484197063198j),(0.011909706143226282-0.02536158719614735j),(0.02371996650981155-0.024988799140797203j),(0.025823156782096908-0.021500395546782916j),(0.011042693451882739-0.024672062778418265j),(0.022078886001784138-0.023023511867922897j),(0.025313296417837222-0.02108095460338136j),(0.002213950440130475-0.014993380736198145j),(0.0002455408317682089-0.003127140189367659j),(0.01711803849921298-0.013103190530284636j),(0.0044033543287192506-0.01252695175615599j),(0.0075418985593296885-0.0075648992785675405j),(0.010912806868789334-0.0034578962068241023j),(0.004580409850376699-0.012327192043994736j),(0.008124387521080441-0.00792292149621914j),(0.010420142464314148-0.0027170447670472686j),(-0.021794157711071495+0.05351266050746092j),(-0.031222293982429487+0.07062359334602242j),(0.9173354924889833+0.041606443210727755j),(-0.007960525655125016+0.015264317017858176j),(-0.011053485118034372+0.016947856004447683j),(-0.014595664919096344-0.0015086843555533504j),(-0.016190653608110686-0.050492051340103074j),(-0.020054994612932968+0.05119815931531764j),(-0.029147802583819687+0.06495857337099623j),(-0.07649106036695325+0.04055109463344276j),(-0.013206044631046491+0.025988145664129582j),(0.019354615122071605-0.014965436491571192j),(-0.013988618152848645+0.020640537094244044j),(-0.017631807875055423+0.02342702511562082j),(-0.019998800597958877-0.0034541075006052453j)
83,(-4.694889728422627e-06-4.512360207837274e-06j),(1.9834838007207592e-06+4.638690596909279e-06j),(2.711405926911989e-06-1.2633039979027053e-07j),(-2.113660484510534e-06-1.8231178498853775e-06j),(3.0518126005681305e-06+3.4700880096972767e-06j),(9.645154546665095e-07-1.8683766346319936e-06j),(3.4362408318593368e-06-0.00014283932148807603j),(0.0005962021634074675+3.729461686805089e-05j),(0.00020827897964175896-0.00031280597165975156j),(-1.5203068089702588e-05-0.0002416125598313783j),(0.0009582280060805666+5.346363867517103e-05j),(0.00031359047890289204-0.0005094433994948173j),(-0.0009708067880795836-0.0021584577431467402j),(0.006678631175054553+0.00020204731085649193j),(0.0013281103031131227-0.003782397023324691j),(0.007903836299369867+0.00014236873401363495j),(-0.006111937216710361-0.0037861546213952936j),(0.001453856033868333-0.0004634284832998026j),(-0.003930238266544221-0.003588657083787687j),(-0.003824031261079746-0.0011967734529033654j),(-0.0016875251648272671+0.0009095216542919209j),(-0.0034090040869205495-0.0001969596352866679j),(-0.0040791760640211385-0.0012228532204797953j),(-0.0017720971069930353+0.000888667304180633j),(-0.0034697296383725527-0.00018087224276601942j),(-0.0040745268565176756-0.0012221582603468197j),(-0.0017715950634910789+0.0008883261792314795j),(-0.0034663739403281647-0.00018151786293869442j),(-0.0038685363812838757-0.0012009722877728028j),(-0.0040181381934261285-0.0011843845424923914j),(-0.0017274289028271358+0.0008617450743441477j),(-0.003313351622508396-0.00023055254261998212j),(0.0056057594011372945-0.0004651884420509289j),(0.0008863846721734893-0.00040931726308867517j),(0.003492275216647502-0.0026536927415707523j),(0.0002648863271799174+0.000591267092058301j),(0.0010283640891652357+0.000932443587666051j),(0.0007266194072328432-0.0004477439419179694j),(0.006178896709230625-0.0003360908366851537j),(0.0010522824486304506-0.00046258298812985876j),(0.003900974976707489-0.002700833580143661j),(0.014319383991753244+0.004148917135816993j),(0.002780999210478868-0.0008481637820687594j),(0.009575535682321435-0.00016198303889814955j),(0.01424415021573441+0.004123923860149916j),(0.0027259325698139776-0.0009230491932576083j),(0.009550776818203748-8.162242275615642e-05j),(-0.016844473863946084+0.002456468652603421j),(-0.011774531522938274+0.01818720656488352j),(-0.007958398741310413+0.015249708826907994j),(-0.007839744867806977-0.002371782714274364j),(-0.004577600382631197+0.006486699020400751j),(-0.0037139304430446147+0.005587637052889861j),(0.0024647636265239456-0.0006678939701656455j),(0.0016097029783158447-0.002694259048151582j),(0.0003333554888123705-0.002118176319304499j),(0.005667376180229629-0.0005394464008566683j),(0.0031066830747222764-0.0040663093000291445j),(0.002021262614214639-0.0039227541780498774j),(0.002507638579673652-0.0006055257693905333j),(0.0016846015233025506-0.002806257735961653j),(0.00029980518321263554-0.002221387512472071j),(0.009500958402183193-0.0007160371324910321j),(0.004894835433001142-0.005295383699180731j),(0.004132784307626481-0.00623336773692571j),(0.009878193700218717-0.0006223146390820829j),(0.005081716981500664-0.0051284566275384405j),(0.00433311799512333-0.00639233879926489j),(0.009656873234535887-0.0007821798521994877j),(0.004960313464710795-0.005499625310785936j),(0.004222366803419381-0.006363565183676298j),(0.0026929664000826304-0.0003427813872740027j),(0.001991030385954558-0.002681975852010121j),(0.00018302180977391503-0.0026596327156548265j),(0.0032358287106649336-8.626577605084715e-06j),(0.0027650087945085646-0.0011382799295473287j),(9.038172275890085e-05-0.003840111035869724j),(0.003278095351628676+1.3129258800113897e-05j),(0.002824051182641718-0.0010164063702327688j),(8.464629629138093e-05-0.003930728289950737j),(-0.01685640599291717+0.0024486001049684875j),(-0.011780197947360991+0.01820519798964588j),(-0.007960525655125016+0.015264317017858176j),(0.9706590478862621+0.08031256091911308j),(0.008260212603056729-0.03716399153822187j),(0.005509666722499553-0.025033276801092113j),(0.0015768310140395802-0.02201023859394446j),(-0.015471477154910145+0.0020121588008551686j),(-0.011057912473563605+0.01704326014530956j),(-0.007391289058358343+0.014316090442158107j),(-0.007919599243187612-0.0031558495835927475j),(0.0049821723697370136-0.009245254942290088j),(-0.015090590829240224+0.006418595533675948j),(-0.003234603050995739+0.004465228205036482j),(-0.0021139802787131295+0.0021814002972300258j)
84,(-5.909881947475068e-06-2.812697836469399e-06j),(5.1667635596677125e-06+7.152951594339163e-06j),(7.431183920855922e-07-4.340253765794586e-06j),(-2.3188986713399955e-06+2.3178026930193204e-07j),(4.281779903427581e-06+3.6391269741989895e-06j),(-1.3221805611930489e-06-4.665841384786558e-06j),(-0.00010181094078071353+1.3935944158824116e-05j),(0.0005258807310369123+1.0262789438303713e-05j),(-0.00027045958471199504-0.00045592691311020865j),(-0.00013917180459391244+1.7369869306294852e-05j),(0.0008816030783087124+2.2208130644256713e-05j),(-0.0004161772214099469-0.0007380715708140788j),(-8.072274104480633e-05-0.0001241222066054124j),(0.0075639990647374+0.00043091131402643547j),(-0.0022061795721795264-0.005409765299574492j),(0.009507378896002167-0.0003640209922409531j),(-0.003192364907762639-0.0036507445946495336j),(0.0002429748149493185+0.001795982840341563j),(-0.005012279697298411-0.00725081546733165j),(-0.0034243176216930135-0.0031808610888636687j),(-0.003090461121173181+0.0038250262013344986j),(-0.004853719391174855-0.0016078182664871973j),(-0.003687484876528921-0.0034335028482564795j),(-0.003160133040277117+0.0038783095195529245j),(-0.004979740822367949-0.0015443310249237917j),(-0.0036840697941297167-0.003431955823461221j),(-0.0031579993085771516+0.0038772316542868327j),(-0.00497522946993367-0.0015414278095582123j),(-0.003519634304023491-0.003360144402129926j),(-0.0035602862462667897-0.0033990740492840167j),(-0.0030382737038210914+0.0038121463830618372j),(-0.004768528967071324-0.001437793826719957j),(0.003927751566598095-2.796460808320413e-05j),(0.002623226518312565+0.0007277281434177781j),(0.004191512840904844+0.002454376006742449j),(0.0006579158928405244+0.00015633474085909472j),(0.0017682813361781387+0.000854088158628244j),(0.0032046486092949062+0.0004732067021748993j),(0.004390009037781815+0.00014268428042056754j),(0.002811957229391108+0.0004432027671057862j),(0.004774655143969795+0.002619106216375184j),(0.012988389195405872+0.0017890548262289637j),(0.003929454083024777-0.008145273125315662j),(0.01590464305983192+0.0027682884659298336j),(0.01292518701094244+0.0019115393900239804j),(0.003762967601576955-0.008254846275976791j),(0.015861018215879392+0.002847932900882564j),(-0.012296894919622329+0.0197170902408084j),(-0.021500965094006796-0.0010055296938672985j),(-0.011047730787957424+0.01693568883434023j),(-0.004313773252775962+0.006893312237517632j),(-0.012286089133907652+0.00102752226987733j),(-0.003922492520552434+0.008720221929195233j),(0.002246022498826917-0.006522385683747992j),(0.0015388374923135744+0.0010725406887393666j),(0.0008444749776927088-0.004862757795725741j),(0.0030511006640224583-0.00792130237773235j),(0.005570333655178197-7.403469082697305e-05j),(0.0013129027154948924-0.0061672873782507645j),(0.002418014496610306-0.006737992950973135j),(0.001619808101865408+0.001166010088346057j),(0.0010414591105436352-0.005095281531960656j),(0.0038009795690570475-0.007755664161341j),(0.010243536040309092-0.0012967511257944214j),(0.0021639385988117075-0.005835735185291895j),(0.0038496467789782786-0.007879081345441378j),(0.0105279750972409-0.0017768428830011495j),(0.0022372868789401522-0.0059056778956908754j),(0.0038523298599675883-0.007663455580431321j),(0.010548156100131972-0.001157426398557173j),(0.002216249901587579-0.005755319145564823j),(0.003090494534386015-0.006622826318429672j),(0.0018784784199503207+0.0012762967173028834j),(0.0021618496356591264-0.005019522491245581j),(0.0044098406321390615-0.003786063354080881j),(0.0021399417641765153+0.0008655964465174026j),(0.00537553376534427-0.0020773990085100405j),(0.004507739909154162-0.003559423820740951j),(0.00215845018912613+0.0008298921788920215j),(0.00562078777363177-0.0018414311520278028j),(-0.012302624453640675+0.019736742084283606j),(-0.021513105661680847-0.0010229356191091554j),(-0.011053485118034372+0.016947856004447683j),(0.008260212603056729-0.03716399153822187j),(0.9709162747847223+0.07252865921395825j),(0.0032575103684523163-0.015601727811416057j),(0.001618665372269666-0.012890834260323041j),(-0.011562549332029569+0.018582904375358936j),(-0.01970460091559767-0.0014142106248739156j),(-0.010258664640366092+0.015838066908852658j),(-0.0035908818909209683+0.005630902135808148j),(0.014222672031577087+0.0028823128711494344j),(-0.003469610693738443+0.0040407144202383545j),(-0.017558872937264935+0.008408013787006813j),(-0.0018502331400139886-0.00011939201947642621j)
85,(6.069490855517426e-07-4.0673547812739055e-06j),(3.90053588118007e-06+2.1501515850817194e-06j),(-4.507484969909213e-06+1.9172031919566876e-06j),(2.9467501476470624e-06-2.363443565138857e-06j),(2.1163727935974048e-06+2.231281849520659e-06j),(-2.232662630688942e-06-3.5326531030798056e-07j),(0.00047666620413385136-0.0004772677404262166j),(0.0006200474153880307-0.00010374555900334007j),(0.0001195201853940118-0.00012985705480984063j),(0.0007342464820987869-0.0007580195490105796j),(0.0009761239490448351-0.00015941295117595706j),(0.00015711615473733222-0.00020794984814720158j),(0.0038573385100120726-0.0048740947826041645j),(0.005981033888825262-0.0007451010564178242j),(-0.0003396369036210581-0.0014075917353546241j),(0.007037256578217361-0.0011798462066776362j),(-0.002554100006355535-0.0016927365468705768j),(-0.0015158740886860966+0.002161091455381083j),(-0.006652887281499646-0.0012330711876585645j),(-0.002698600966570771+0.00046470092909633824j),(-0.0026315582227855925+0.0021377559409920914j),(-0.00337816940245102-0.0030221317355821993j),(-0.00292311505760636+0.0005213782239190147j),(-0.0026874803731074246+0.0021709015556654753j),(-0.0034065020094790604-0.003075822293631958j),(-0.002920516769041096+0.0005210868884449917j),(-0.0026852798599310795+0.0021702979171835863j),(-0.0034021757405392292-0.0030747213477376745j),(-0.0027993320233494013+0.0004930400957211161j),(-0.0027926237653070687+0.0007387758960349352j),(-0.00257494870220042+0.002140664186507007j),(-0.003216531529200972-0.003009105110259804j),(0.002626551815115115-0.0022633908941907064j),(0.002595079650499503+0.0004024902533866148j),(0.004680815366725101-0.00019825230079650695j),(0.0005252342585674633+0.00044187369377896577j),(0.0010340473833708177-0.0001562472952005129j),(0.0029317728663182043+0.000429912203747951j),(0.002970020675686167-0.002421977985108228j),(0.0028218624251827927+0.00025967518039258543j),(0.005131481737349628+4.2291025794427214e-05j),(0.009111282667674532-0.004000107750845739j),(0.0050831338490801336-0.0026189203235176383j),(0.011325540832399788+0.006240025691880334j),(0.009062782204583565-0.003932946326573318j),(0.004950346581154754-0.0026481277679196507j),(0.011224948659513836+0.006223987041711532j),(-0.00914398228573406+0.015895265797720475j),(-0.011700546689992342+0.01617978695044654j),(-0.01458413417185735-0.001497342988389938j),(-0.003552850815651793+0.0060820544395271585j),(-0.003980794896193639+0.008198650985572799j),(-0.005468467331045188-0.0027363073372049657j),(0.0010351540243635038-0.0035041154925013925j),(0.00016851903038754662-0.0020696753512762164j),(0.002989047306223247-0.0017612713526369659j),(0.0026017278708521693-0.005186159140597886j),(0.002327870835054916-0.003703379379709974j),(0.005181863350979108-0.0013648014081313411j),(0.0010410249531536556-0.0036379804320144644j),(0.00017795044144971168-0.0021927718623135114j),(0.002976678566339785-0.0017504437419808743j),(0.0044825056964493595-0.006634456098781114j),(0.005574258594913335-0.0047827000587533095j),(0.00702761281359446-0.0008492971332318294j),(0.004743090803555748-0.006706299472859991j),(0.006088196220789133-0.0047637698460445245j),(0.007259408645508609-0.0007280199925828435j),(0.0045271596267326365-0.0067189634200118305j),(0.005618377343091674-0.0048814465448854105j),(0.007074859295792031-0.0008586101006819854j),(0.0011109916628866741-0.003813962593644315j),(0.0008114336400449749-0.0020631480798051233j),(0.0023866269485848584-0.0016024876120323797j),(0.0015450736507127488-0.0030783490409246653j),(0.00394454715940343+7.276695729509664e-06j),(-3.3358267317765405e-05-0.0008971585435947945j),(0.0015796569665417707-0.0030168324642862888j),(0.004190423579278463+0.00017250067199130236j),(-0.00022027004176387822-0.0008424763414241459j),(-0.009147906231091053+0.015909669984076016j),(-0.011708084157899198+0.01619118917710274j),(-0.014595664919096344-0.0015086843555533504j),(0.005509666722499553-0.025033276801092113j),(0.0032575103684523163-0.015601727811416057j),(0.9737003647073404+0.0630332329764471j),(-0.002024870878516252-0.014224332902073894j),(-0.008513905341232062+0.014910768215257348j),(-0.010913164783050114+0.015040156288901074j),(-0.013430642891579678-0.0016287476123631878j),(-0.0038230467020277507+0.005165029831958764j),(0.0042369665455672025-0.0061883046378252695j),(-0.0015640297241152875+0.002023048013611517j),(-0.0011872829150371073+0.000163624189380778j),(-0.01510905874966833+0.010472194266342655j)
86,(2.9529665495000732e-05-1.0945848696077382e-05j),(-4.310583023480228e-05+2.546038333161301e-05j),(1.3576164824821913e-05-1.4514534639213886e-05j),(1.1786259644942159e-05+5.482736026741705e-06j),(-2.213325589323072e-05+1.686536445640727e-05j),(2.7708451838568784e-05-1.0503843271706188e-05j),(0.003680237396853708+0.0007398002831411131j),(0.001545203063424376+0.0030418891938214718j),(0.004480881507877005-0.0013793843239233473j),(0.005669487201861987+0.0009105662301657352j),(0.0022458440795059295+0.004725913190807486j),(0.006947229248470457-0.0025130836093331635j),(0.02965726292567528-0.004699775342104286j),(0.005811409304698621+0.02653752746322064j),(0.03832966819964947-0.029302331862180633j),(0.0068192408911151555+0.03372136831973831j),(0.002673873685125526-0.056380693229613574j),(-0.01598648716796542-0.0255579906979893j),(0.00499325573757667-0.08013290780814301j),(0.0004663703897156207-0.04228005548410568j),(-0.005938266440426455-0.03524623519945396j),(-0.0073294237604063514-0.050443217909362195j),(0.0002688509232600684-0.0453671169601574j),(-0.005808203050869405-0.0361964226390661j),(-0.007903192975368902-0.05112677669079711j),(0.00027273082002314455-0.04532096942400314j),(-0.005805372131794345-0.036172932824341j),(-0.007895143854665401-0.05107381826595334j),(0.00046203064545605795-0.04321827437583227j),(-0.0009307764592586323-0.04340280404983893j),(-0.005716332856033225-0.03498859706293955j),(-0.007473118368320625-0.0487732169782915j),(0.015395314319556489+0.049230322458912505j),(-0.0006636777558367453+0.019917389412162156j),(0.013417226481108276+0.049074972997098086j),(-0.0143189923958681+0.030236666848502555j),(-0.016283149983329873+0.0361283619211971j),(-0.0064793711187656425+0.0231225565319971j),(0.016123534262291038+0.055260801495671j),(0.0012584691692876654+0.0225163841928398j),(0.013970873706932951+0.055453744451959684j),(0.0046016099125952975+0.15802334197486442j),(0.04473385762111727+0.049758128137442056j),(-0.015313028506112126+0.16593590550546425j),(0.0038853368295437667+0.1575337361851714j),(0.0437686974326877+0.04943031046984772j),(-0.01605958645400538+0.16575032575241133j),(-0.013892190259871392-0.08705840281570283j),(0.0025293284947126553-0.05856382373474213j),(-0.016178167556753872-0.05049201082894848j),(-0.007366608133084103-0.05877482069323721j),(-8.330459659829093e-05-0.036635175245402066j),(-0.006796459365353407-0.03472944688545383j),(0.003716363035843002+0.0021302132599714052j),(-0.0034060069394656173+0.0023277999243256683j),(0.005276186407200318-0.0008918856410327592j),(0.008103777865475215+0.017848634984222504j),(-0.0027630703825837523+0.0115680508323385j),(0.009559825172780086+0.00914865152046191j),(0.003629916261222536+0.002769372256609214j),(-0.0036151932339568414+0.0028307626399477937j),(0.005244472187801747-0.0006837529607032749j),(0.013153987443012612+0.03548080320168609j),(-0.001765219183745458+0.021819970011155633j),(0.014453953903023887+0.020614688823915248j),(0.013692809584642522+0.037406480125804935j),(-0.0016996133860560615+0.02292437736918394j),(0.014977226447162768+0.021870675097859196j),(0.013337516515993133+0.03609918032626036j),(-0.0017030440900469158+0.022189600428499028j),(0.014631014365858898+0.02101727376751889j),(0.003182588840835436+0.005304413715721774j),(-0.00442175548787873+0.004809025299490413j),(0.00502237464765059+0.00018419352740737822j),(0.0020936648001132537+0.010343427872801288j),(-0.005970532190357821+0.008686040152472143j),(0.004401924255704653+0.0020045757337558145j),(0.0020143010494478343+0.010717015149459561j),(-0.006083116410953603+0.008974666092648294j),(0.004356458214415742+0.0021406432568666497j),(-0.01389965882207645-0.08707223909068111j),(0.0025361827598699652-0.05858188338742994j),(-0.016190653608110686-0.050492051340103074j),(0.0015768310140395802-0.02201023859394446j),(0.001618665372269666-0.012890834260323041j),(-0.002024870878516252-0.014224332902073894j),(0.9180004423389652+0.06977461774026553j),(-0.013241688651827174-0.0799353850864988j),(0.0029877553710352996-0.05415070774720525j),(-0.015590929777322179-0.046062300119608636j),(-0.008466341030007337-0.0628098611150232j),(-0.0010403501687482756+0.022633455337017876j),(0.004511683368148763-0.03609616638189325j),(0.004259622595858652-0.023685326127482805j),(-0.0009524499244551339-0.026174004266809235j)
87,(-2.1377813648115404e-05-1.939638106997185e-05j),(1.6562868869869287e-05+1.6057740814701432e-05j),(4.814944770966376e-06+3.3386402179903308e-06j),(-7.791762560658855e-06-1.0424120530901073e-05j),(1.5777748499387418e-05+1.236021959083149e-05j),(-2.4492335490190475e-06-6.463857073415432e-06j),(-0.0004593118761172304-0.0012122577065959j),(0.0022231205720719648-0.0005020787712097399j),(-5.270230030556477e-05-0.0012540592979277464j),(-0.0007780071757928404-0.0019134584852298665j),(0.003605610383204695-0.0007799594130672013j),(-0.00012029714598868924-0.0019814658868212184j),(-0.007050666133516698-0.011994811035243238j),(0.02653720155566909-0.004098342261001125j),(-0.0022616867798857924-0.012431575524572098j),(0.03224286046580837-0.004779602248023679j),(-0.020400044193705065-0.010389002888232616j),(0.007535739557504674-0.004707795026869931j),(-0.013892849715102067-0.009728221958111256j),(-0.013301832208747562-0.0001302342231442031j),(-0.004787114000665557+0.00031219672743559856j),(-0.010351028694529158-0.0036832335054543877j),(-0.014192933690956961+7.595197537471014e-05j),(-0.005087264542571093+0.00022145122479477926j),(-0.010541440446915351-0.0037455878307032318j),(-0.01417916816369682+7.579524307590058e-05j),(-0.00508622877884077+0.00022221566573178524j),(-0.010532681899681168-0.0037460809884989395j),(-0.013572671621349983+1.6988596293735208e-05j),(-0.01399177137179078+0.00048408983938010757j),(-0.004959089011132765+0.00021688579771933633j),(-0.010141327630147644-0.0037987729734940846j),(0.014564138323080351-0.005634000741752969j),(0.0033789597014802844-0.0012590924425266922j),(0.00753855910744933-0.0070442850808213765j),(-0.0007155023305243355+0.0015060193266452932j),(0.004069954742206247+0.0020794859399909j),(0.0036924817819190326-0.0009908590340792084j),(0.016655482900398384-0.005915640560148091j),(0.0038985514252880974-0.001389449667947476j),(0.008845618874186867-0.007097016618595445j),(0.061432940717877194-0.0068119559760498275j),(0.012774648464587667-0.0029548923820564565j),(0.03645507912344345-0.0020910615909316282j),(0.06113784208244101-0.006550863166879469j),(0.012472041329347885-0.0032876288829422236j),(0.03643150603736468-0.001934349682515265j),(-0.08046708127096314+0.0665585191832673j),(-0.028726532764639795+0.06812059833255962j),(-0.020041485292929033+0.05116341603641158j),(-0.03574512417901282-0.00011213749578331891j),(-0.007497096257472335+0.0041238921024459585j),(-0.010652634854434729+0.007555305042787547j),(0.013180731641333028-0.009272268402358536j),(0.006336379174535549-0.022023197841790226j),(-0.0010493196644111892-0.012384058892148267j),(0.023239253370780075-0.01273439785468652j),(0.011520024428868524-0.021550109302446944j),(0.0033672129470798894-0.015648027286937954j),(0.013926821551676172-0.009016868079682987j),(0.006148110042520458-0.022241256699471634j),(-0.0010638569638246683-0.012584431789561902j),(0.03428540728629713-0.016766578832075378j),(0.016862291043520758-0.01590881082110472j),(0.009524422513405024-0.018393444051158198j),(0.035274188063136064-0.016646521683289697j),(0.01743964239156411-0.014035067735849123j),(0.010073427994937307-0.018223617811361895j),(0.03475376016803042-0.01715824105417458j),(0.017025705464576754-0.016320469423036908j),(0.009794329183294596-0.018695048054161122j),(0.016535457344959727-0.0069311393797372185j),(0.004664680216566245-0.018024085927822647j),(-0.00046356301592821855-0.012151371403199142j),(0.020784500603760567-0.0009606615326587173j),(-0.00023666984769940384+0.003138082366564602j),(0.001991153604066129-0.008275129747456894j),(0.021093689901028456-0.0005127265397604306j),(-0.000609813857234724+0.004789813278079992j),(0.0021811334733079645-0.007969481084803578j),(-0.08051259788166183+0.0666577090556232j),(-0.028744505895505125+0.0681990466092324j),(-0.020054994612932968+0.05119815931531764j),(-0.015471477154910145+0.0020121588008551686j),(-0.011562549332029569+0.018582904375358936j),(-0.008513905341232062+0.014910768215257348j),(-0.013241688651827174-0.0799353850864988j),(0.9241290322419339+0.06618806398910196j),(-0.02651188118189717+0.059070406312348334j),(-0.01798155361241708+0.045150689939424254j),(-0.03704770102275437-0.011795731001531225j),(0.016048459116471094-0.029679829298888672j),(-0.023472613138017618-0.0005628119531667585j),(-0.017450305254500274+0.021478381914101542j),(-0.01474106539758015+0.018794195163694866j)
88,(-1.551722706829103e-05-1.2002471273705622e-05j),(1.7870154782373523e-05+2.5113719036276722e-05j),(-2.3529277064072732e-06-1.311124779558821e-05j),(-2.7325452852990072e-06-5.857952465252835e-07j),(1.4437280267710821e-05+1.3612401304173483e-05j),(-4.9429116866330275e-06-1.5548047831111275e-05j),(0.0005779438302742-0.00044744289705120994j),(0.002442240847782361-4.7097806374948436e-05j),(-0.00038224385564036536-0.001693505726557197j),(0.0008638286551779442-0.0007938025668181902j),(0.003931603134613008-0.00011054600151183102j),(-0.0007120388986371884-0.002783857692527424j),(0.00335512110747325-0.008386267850115633j),(0.027753539120421188-0.00174213111954798j),(-0.008860519895268967-0.02182053163082106j),(0.03199161858546737-0.004079109722910364j),(-0.013510094533223039-0.01491475342941917j),(0.010996496596085719+0.007688519974072484j),(-0.028242270891098382-0.022616781237224805j),(-0.015037839432525645-0.011167699310035441j),(-0.004498098193214497+0.013850810328390615j),(-0.020644660290366594-0.002996749332501322j),(-0.016204259094498037-0.012014328769044982j),(-0.004780301427236245+0.013934762631912552j),(-0.0209733974228967-0.0026547047562861855j),(-0.01619020639260388-0.012010309943600053j),(-0.004779921539296348+0.013930601091176338j),(-0.020950697745566644-0.0026483718621472035j),(-0.015512517933733278-0.011838224374409024j),(-0.015817697380019827-0.011803588865594862j),(-0.0046654858710918875+0.013686444356207684j),(-0.01994595074059824-0.002456689374936506j),(0.016004403235690946-0.00460074662227252j),(0.002890105164954114+0.0020550768703073187j),(0.023023346090374153+0.0038423914792386073j),(0.003756615147192465+0.00042247101116533667j),(0.0072989276406877895-0.00023359015572809762j),(0.0011048551633725005+0.002785569147163618j),(0.018147641227527187-0.004059061572406481j),(0.003660495657496771+0.0007321698445966231j),(0.025614336436044452+0.004222629247742796j),(0.052450217491100584+0.006750101579081409j),(0.01374864071239295-0.03759990408348455j),(0.05998802145096662+0.009833703606748467j),(0.052306250908475516+0.007188286371923112j),(0.013036142434411944-0.03768457697294003j),(0.05977722892953931+0.01018228378886938j),(-0.02902147763923768+0.06780555329996357j),(-0.10966733810827232+0.039336109997402426j),(-0.029122869217403057+0.064939143394129j),(-0.012333708059186373+0.022501517887008084j),(-0.04556495355025102+0.03803800528088169j),(-0.016620532571466836+0.02208908161200769j),(0.0013335686645135044-0.02805409547097791j),(0.01806834743003921+0.005603139250156759j),(-0.002583064234611511-0.01710574124299481j),(0.006316629738433227-0.029804210132958565j),(0.0252790883548561-0.006386807416820172j),(0.0034285544230885467-0.018185807371084876j),(0.0015010109912842909-0.029137479192478014j),(0.019374337603281173+0.005501544759689036j),(-0.0023842030927793524-0.01810971369126999j),(0.01416173971327533-0.023922674623707518j),(0.031247936664467596-0.020145149010154427j),(0.013385475119160245-0.014450390446920515j),(0.014506842336719901-0.02374634148570239j),(0.03015883937531784-0.02237137089687139j),(0.014045938064976744-0.014424663694897165j),(0.014734746237516298-0.023459219757878597j),(0.03239559624139166-0.020311517421839127j),(0.013988694048334213-0.014121890227969083j),(0.0033211950488863597-0.02894696474748336j),(0.021976679878709944+0.004071083081505276j),(0.0003401233265409369-0.019448537233880993j),(0.010205807142639448-0.01704887816370587j),(0.02064427335209017-0.0013824779143660872j),(0.011040070247347789-0.015888426886181785j),(0.01073932446928075-0.016095021277964444j),(0.020503213462130774-0.0018101595949472455j),(0.011869375568949844-0.015588349374496033j),(-0.029029459321777154+0.06786015344802718j),(-0.10972988388552267+0.03936089953502137j),(-0.029147802583819687+0.06495857337099623j),(-0.011057912473563605+0.01704326014530956j),(-0.01970460091559767-0.0014142106248739156j),(-0.010913164783050114+0.015040156288901074j),(0.0029877553710352996-0.05415070774720525j),(-0.02651188118189717+0.059070406312348334j),(0.8974498060469953+0.03776433749904292j),(-0.026709527313430088+0.05989896817401846j),(-0.011197687408115501+0.020038103542875066j),(0.054403975457714096-0.014839739993133563j),(-0.01977719818400657+0.019941983055343962j),(-0.029114419773508742-0.0007079045831222058j),(-0.019821823274167753+0.01974844998905998j)
89,(-9.024178384169988e-06-1.065196741942074e-05j),(1.878608836269321e-05+9.553930277213537e-06j),(-9.761909993953973e-06+1.0980371304972263e-06j),(2.361305556202878e-06-5.978931168420219e-06j),(1.2223827219238744e-05+6.4354284158388325e-06j),(-8.750960232678045e-06-5.091088785952246e-06j),(0.0005353260817083534-0.001351509530164009j),(0.0018165576648576434-0.0008283926788897056j),(-0.00045385177428807443-0.0008907504371823667j),(0.000887818509426644-0.0021274189300240064j),(0.0029812863519848086-0.0012892836318832315j),(-0.0007225703929719708-0.0014008911412383175j),(0.00708578429765677-0.013010790557089306j),(0.023103760351194994-0.007120994620454147j),(-0.005034253282841732-0.00858119476951973j),(0.027824616583617567-0.01050864912451774j),(-0.008597944622472247-0.004972836994998554j),(-0.002097855033020119+0.008028021052945656j),(-0.020816922003422153-0.004751798719728407j),(-0.00806277441513689-0.00010571407751132356j),(-0.007448730075897053+0.009574073954238385j),(-0.013831110460823023-0.005875585132964004j),(-0.008726736816730776-5.900023963118298e-05j),(-0.0075977418259954264+0.00973178768649j),(-0.014030759020099766-0.00595349794689804j),(-0.008718579945866042-5.952486591275993e-05j),(-0.007590466595297388+0.009727816363453089j),(-0.014016973139228107-0.005953167572664393j),(-0.008341749241177695-0.00011372184809461949j),(-0.00815732660379174+0.00020352869715354813j),(-0.007218110270006454+0.009527043575577213j),(-0.013407808852889813-0.005923001465379561j),(0.007327332261113323-0.004836297883157859j),(0.009645225080952726-0.00021893626746534098j),(0.012449534678498849-0.004897754142323428j),(0.0025957426246542934-0.0004264453302771559j),(0.002536267192968016-0.0005012451417108817j),(0.011991480060551628-0.0015949888827518164j),(0.008269097324958471-0.005255965930042031j),(0.010072908775076422-0.0006673791900112091j),(0.01429914825400969-0.004762996245059211j),(0.028201192390539885-0.015871238407302677j),(0.011689505390669569-0.008103233433469064j),(0.05592389210726714-0.0007898036717797043j),(0.028090664462510302-0.01575118059487114j),(0.011221290181423668-0.008131363246893699j),(0.05559138647100293-0.0005363619784910286j),(-0.020061910308662827+0.05138795184080653j),(-0.028797127279571937+0.06538623055979821j),(-0.07645676393091758+0.0404562827608796j),(-0.009422816440387883+0.020401593264829123j),(-0.014133692791773306+0.020327949349667838j),(-0.02336565201288978+0.006858501647366443j),(0.0019822620967714687-0.013402046330653682j),(-0.0011858749458750046-0.0024029799113374235j),(0.016564575885212388-0.014263972300142947j),(0.005742720225868678-0.01878006847231446j),(0.007813047162182283-0.010915681400335279j),(0.021384002513942457-0.017938816432339206j),(0.0019905183237005-0.013862820018764037j),(-0.0014358618683529105-0.002374605005784185j),(0.017091802722112276-0.014276696202326765j),(0.0100617631035799-0.022766276643784344j),(0.020609032990695476-0.021607326876482792j),(0.023000306914505053-0.019658010040145j),(0.010935114898930818-0.023408484812241812j),(0.022576342648005385-0.023505671197392573j),(0.023423300968064335-0.020018638515939144j),(0.010059337704406894-0.022790221377773284j),(0.02083753215159527-0.021613294888975725j),(0.02293953859683925-0.01961809234976355j),(0.002109498510187706-0.014144314398274136j),(-0.00060083539333597-0.0028348712588278273j),(0.016338344670693616-0.012087561126570211j),(0.004010857203004544-0.01141086217413093j),(0.007379745889442915-0.007048234047366313j),(0.009379098865229963-0.0031327732260490577j),(0.004166022952588897-0.011190480108492265j),(0.008018098825854006-0.007389797349908078j),(0.008831256959841612-0.0024454020825922644j),(-0.020078064697581666+0.05140487445634955j),(-0.028829671696502128+0.06540698665765404j),(-0.07649106036695325+0.04055109463344276j),(-0.007391289058358343+0.014316090442158107j),(-0.010258664640366092+0.015838066908852658j),(-0.013430642891579678-0.0016287476123631878j),(-0.015590929777322179-0.046062300119608636j),(-0.01798155361241708+0.045150689939424254j),(-0.026709527313430088+0.05989896817401846j),(0.9279010299367499+0.03843473909829724j),(-0.012721572317220606+0.024036630253408128j),(0.01724823507086488-0.013619474571972238j),(-0.012907072330700924+0.01914935715006693j),(-0.016272924310422973+0.02184635823172686j),(-0.01841932584936915-0.003108763318949852j)
90,(-1.1218973280166505e-05-1.4088345609156278e-05j),(1.1495445477676666e-05+1.316403329227385e-05j),(-2.7647220665767703e-07+9.243122921696225e-07j),(-2.8162616264494657e-06-6.9763418983606045e-06j),(9.42119649086749e-06+9.421333708598303e-06j),(-3.1529831067537937e-06-5.934069331603448e-06j),(-0.0001803107466096948-0.000949338364123197j),(0.0014132375169296982-0.00023496986676771654j),(-0.00026758654802223306-0.0009539612494013136j),(-0.00031271187781027436-0.001510910662974662j),(0.002309380988961505-0.00037489377284275166j),(-0.00043136660294086746-0.0015347543109821248j),(-0.0031961445315171807-0.009858373146694844j),(0.01758953945339314-0.0022389764070902558j),(-0.0031269772772322645-0.010680760097522436j),(0.021077084557313754-0.0022183151873755753j),(-0.01571198041393506-0.0056194839172362876j),(0.005558962789806962-0.002735423605166256j),(-0.009791124229001929-0.008947269584541609j),(-0.010721104545402163-0.0006416809246767284j),(-0.0019122867937773744-0.0017594990403420098j),(-0.005251334376558742-0.004051027366605978j),(-0.011436093890632337-0.0005773762543474309j),(-0.0020742589145281423-0.0018941907519893799j),(-0.0053672851776461125-0.004131807746827667j),(-0.011426099855887351-0.0005791871840235085j),(-0.0020738631256022903-0.0018945357162753124j),(-0.00536353819959573-0.004131791053382554j),(-0.010982805571389724-0.000688683935350276j),(-0.011440542543513385-0.0003047299163361443j),(-0.0020044235383930523-0.0019244643026386568j),(-0.005214141582406813-0.004154554917272236j),(0.010474848606349722-0.0074688734111578725j),(0.0032371175735113507-0.003733923678049131j),(0.0018262789404797273-0.005860787816633922j),(-0.0004995576502772867-0.0019894992964898627j),(0.0035315434626345898+0.0016764317481655945j),(0.003702754149922263-0.003815188681054322j),(0.012033775779943265-0.007534940909006399j),(0.0034785633849021007-0.0038061313891001713j),(0.002599862486156601-0.005901635884580118j),(0.04508134199058332+0.0030226342710054314j),(0.00752580334010265-0.004287649459237555j),(0.026846389589898573-0.004267875991303967j),(0.04497624024983868+0.0028396313559795354j),(0.007388577640432083-0.004692361163609202j),(0.026908110925658556-0.004217906524606546j),(-0.04152187387480945-0.011322524466531734j),(-0.012620310128942838+0.022376622646296064j),(-0.013199721543281608+0.026005887916601383j),(-0.04804031216905022+0.07633201751538954j),(-0.02829195367152691+0.06870223087620392j),(-0.006174637243688344+0.03723724685199264j),(0.016552270469048933-0.006795437564932869j),(-0.0010152233388920576+0.032441378307601534j),(0.005530313256607921+0.008154149500895875j),(0.023268529903634518-0.013027452000296987j),(0.0036216876124443454+0.00674240232589313j),(0.006428152597778219-0.004234953724368777j),(0.01755226668121227-0.008766914323965022j),(-0.0003847750065185604+0.03200738029845895j),(0.005393672204341478+0.00781883738349863j),(0.023916207290534622-0.010309775944988404j),(0.009378916746583471-0.03315260502973799j),(0.004491767866937925-0.02071451460218341j),(0.024499311224088143-0.011012727517879043j),(0.010108326742848641-0.041079587941284815j),(0.004705696350073418-0.02382671415763012j),(0.02372065870985025-0.009636331610063411j),(0.009646699501613438-0.03292924751010076j),(0.004268300073739518-0.020739758862754223j),(0.016864567725320277-0.012446474693907724j),(0.0026477967124110702+0.018760989871718425j),(0.0023373761129860853+0.0028494670809781743j),(0.00630822651005256-0.006758060229944629j),(0.012553879285923733-0.03646945471516284j),(-0.00679489073536738-0.015108602219156587j),(0.0054667090362013945-0.006245284640480152j),(0.013311483330772991-0.04075737227196595j),(-0.007488083934061255-0.016492563444138353j),(-0.04150508476515877-0.01143839658570887j),(-0.0125973426149984+0.02231211446613035j),(-0.013206044631046491+0.025988145664129582j),(-0.007919599243187612-0.0031558495835927475j),(-0.0035908818909209683+0.005630902135808148j),(-0.0038230467020277507+0.005165029831958764j),(-0.008466341030007337-0.0628098611150232j),(-0.03704770102275437-0.011795731001531225j),(-0.011197687408115501+0.020038103542875066j),(-0.012721572317220606+0.024036630253408128j),(0.9337462261904241+0.12765117803306036j),(0.013511525336575625-8.371260200788593e-05j),(-0.015716733631942495+0.003621411433247621j),(-0.013032472855048268+0.017348278018692456j),(-0.010144061412608462+0.015079085206398562j)
91,(1.204973366383145e-05+5.228045579289202e-06j),(-1.3105536199833185e-05-1.603080187997801e-05j),(1.0558025349496419e-06+1.0802756320511901e-05j),(3.2415051200638597e-06-1.4480224474836661e-06j),(-1.0238987536716461e-05-7.823146851578896e-06j),(4.049933945119273e-06+1.0847801831268808e-05j),(-0.00016512646519004223+2.0083250160486243e-05j),(-0.0014296235106486669+6.210361737477477e-05j),(0.0005195552346824496+0.001050117575886773j),(-0.000283336461406896+4.8455463261831005e-05j),(-0.002350301790556878+9.911150981002995e-05j),(0.0008256058616891313+0.0017205518267260148j),(-0.002527309748729231+0.0010155241368576262j),(-0.018449009681858596+0.0005164589224111761j),(0.005459481424037502+0.01341598855319905j),(-0.02278273285235504+0.0026019833620429776j),(0.008419274522342486+0.0067687402356901676j),(-0.0003317406205098493-0.0039315665576979235j),(0.014473146013090498+0.019923545031114973j),(0.01079794356640872+0.0019208894521021667j),(0.005581710507191471-0.0125167150138485j),(0.013568489685816438+0.0073947992686962324j),(0.01171800006781369+0.0019615302765974597j),(0.005656989432584009-0.012739869259483571j),(0.013932513378815601+0.007367494963589814j),(0.011709855575824189+0.001954812582205822j),(0.005651345578656918-0.012736689198811883j),(0.01392230717978901+0.007359404141747019j),(0.01130955441722151+0.0016631003163093006j),(0.011479907612971275+0.0018074131650799583j),(0.005355845722666966-0.012534165309570928j),(0.013456515150690079+0.007050179224688734j),(-0.007276897896980226-0.011391093115546506j),(-0.008270124052468788-0.002870794049996185j),(-0.0067587907087430545-0.005260073193859502j),(0.0008782132180144982-0.012579505269978405j),(-0.0005711697447511781-0.015592654231020929j),(-0.009818184332152865-0.0019089590700129113j),(-0.008353471301799396-0.012034751444478103j),(-0.008591044319287307-0.0020862826349309902j),(-0.008070839114402453-0.005919607034216535j),(-0.026484919202141192-0.016308556654266462j),(-0.005671806564441672+0.020619965621859873j),(-0.0335684443904466-0.012353079588793486j),(-0.026403238442800424-0.016445529232287013j),(-0.005167049783958263+0.0206829466022279j),(-0.0335242055749671-0.01243026497075244j),(0.017173157278506435-0.031190637622707643j),(0.058001510601927334-0.017249786531698598j),(0.019352155866040947-0.014993872461193238j),(0.009997103637196164-0.012724546713061934j),(-0.001732230281080046-0.02740592842580678j),(0.013485420431495605-0.03524130382992638j),(0.0002151097114712207-0.005794615886544077j),(-0.025604638260233084-0.003564886679266915j),(0.009900853325038083-0.012891476867688396j),(0.000424719772484376+0.008933891900825577j),(-0.02064234231377904+0.003420643699738676j),(0.005150682656036855+0.011554716388069052j),(-0.0003794589038308349-0.006299171489326724j),(-0.02599978795345132-0.0024122335198637265j),(0.009632777291914764-0.013773348635855803j),(-0.0029007219698531754+0.027236712086320274j),(-0.012451272977723193+0.011130992980144677j),(-0.007571311215821537+0.04476805597393902j),(-0.0009529290814092505+0.033801948301720224j),(-0.006078502969025675+0.016515203496647125j),(-0.007320502753772394+0.050516261548999894j),(-0.004060045941052562+0.026106138872446387j),(-0.015343195958428764+0.008954761815389276j),(-0.008860350725532094+0.04489518450853957j),(-0.003565869142555335-0.002623266983615029j),(-0.020748462194685444+0.007856982190553476j),(0.0047325927139334764-0.011015230214279269j),(-0.01159634193877332+0.01806318805156402j),(0.009221972804079322+0.04344733830328422j),(-0.014325623380904961+0.01141417612811486j),(-0.01219762196016644+0.019693116728555126j),(0.01158364388404819+0.046191447077380404j),(-0.015796117310986943+0.013202802776872396j),(0.017178485799303-0.031213308275378014j),(0.0580743596061262-0.017232410160477635j),(0.019354615122071605-0.014965436491571192j),(0.0049821723697370136-0.009245254942290088j),(0.014222672031577087+0.0028823128711494344j),(0.0042369665455672025-0.0061883046378252695j),(-0.0010403501687482756+0.022633455337017876j),(0.016048459116471094-0.029679829298888672j),(0.054403975457714096-0.014839739993133563j),(0.01724823507086488-0.013619474571972238j),(0.013511525336575625-8.371260200788593e-05j),(0.9077579997320594-0.054624007965552474j),(0.009193889160538255-0.01211077096065994j),(0.02173996542587677+0.001268034824476588j),(0.008732112596660797-0.011387285434123111j)
92,(-6.491368923366297e-06-6.232367730964401e-06j),(2.7131890845741176e-06+8.266140907245016e-06j),(3.7781798385946354e-06-2.0337731940907353e-06j),(-2.5891439446280454e-06-1.6221068406577553e-06j),(4.552889790024782e-06+5.691707481157883e-06j),(1.7671819256611956e-06-3.7917111521255234e-06j),(0.00023253744467248576-0.00011091891322738924j),(0.001049428362964391+0.0001445844001430105j),(0.00043046968697002264-0.0005283790248042273j),(0.00033360992086868226-0.0002038914582530744j),(0.0016807837725432713+0.00021817975545867108j),(0.0006534249921998047-0.0008678906124935416j),(0.0006224077575321703-0.002421893307637496j),(0.011441412535773498+0.0010987900729419332j),(0.0029717040185259017-0.006740644764171231j),(0.013624542366902087+0.0008511932026707871j),(-0.010728212279164545-0.00585056268467123j),(-0.0001934750028459159+0.0004029050183800651j),(-0.007584999679427329-0.0071667129530890985j),(-0.0069091416085136645-0.0024472176615660947j),(-0.004396690487202534+0.003330800502329011j),(-0.00605255579472005-0.00041458054779185854j),(-0.007370708832761528-0.002545785906772605j),(-0.004543176567627121+0.003347729596232369j),(-0.006167804853001171-0.00037280067258683693j),(-0.007361951370435176-0.002544845598690554j),(-0.00454061262406274+0.003346457382996128j),(-0.006161476944789044-0.00037354166258946834j),(-0.006969807830329561-0.002514765102407605j),(-0.007255509803303284-0.002494044772303311j),(-0.004392908206546447+0.003265933587558297j),(-0.005876927817681944-0.00044580983534532744j),(0.011135923201814656-0.0013279685295990165j),(0.0030875958649811087-0.00045556460537703663j),(0.006690120819620581-0.004151975701292558j),(0.0010087337465356733+0.0011063085409359031j),(0.001968806956168673+0.0019448878554813856j),(0.0030299691518587855-0.0006664013143342736j),(0.0121113701576532-0.0010487936347810779j),(0.003446894878975441-0.0006243581498925955j),(0.007401582608423469-0.004157510083238394j),(0.022472879791969987+0.009475635845531233j),(0.005248748499127877-0.0026454306027980834j),(0.016249042073198456+0.0027899051336257017j),(0.022333904658549616+0.009436509766091243j),(0.005138230287735078-0.002821776040227242j),(0.016194642360696926+0.0029085437912659004j),(-0.025465329398686988-0.000617032806948102j),(-0.02137299186746606+0.021714689272290852j),(-0.013984545717148142+0.020635352952734446j),(-0.015155936913092218+0.003345166792462417j),(-0.01261226095764116+0.01919488486798743j),(-0.008400832402754842+0.01539955951263932j),(0.004009751976728693+0.0005446234903384049j),(0.002741518899886594+0.002934897192076295j),(0.0013298198457456843-0.0015793338563501046j),(0.009841989057777771-0.0009437838321223166j),(0.005706295656946929-0.002553127643569431j),(0.004374854949843486-0.006214881543336614j),(0.004082140577083798+0.0005199063224058896j),(0.003017607116194098+0.002689629168370963j),(0.0013281749065967177-0.0018093147577692645j),(0.016304734048674413-0.0031053780675258024j),(0.008797170809995447-0.010219158426168972j),(0.007557791195091274-0.011788172757514686j),(0.01701092845318394-0.003350130362727112j),(0.009126155818096685-0.011038907154846874j),(0.007902430021454607-0.01240621270992503j),(0.016535827600867702-0.0031918620313336797j),(0.008912362180726621-0.01053235398511649j),(0.007673187593550724-0.011990823235354057j),(0.0042406884296142915-3.742826756364902e-05j),(0.004080898828510347+0.0004651843766737697j),(0.0010965228392140931-0.003148807311132739j),(0.004224453235767193-0.002103034036031545j),(0.006024065018823264-0.00690021523052584j),(6.222497626038536e-05-0.006652045522550942j),(0.004221550604529076-0.0022644028749007603j),(0.006165985493725092-0.007466967264414044j),(-1.857226535128613e-05-0.006918122060370398j),(-0.02547324263581677-0.0006237006680514274j),(-0.02138153374780736+0.02171525990321915j),(-0.013988618152848645+0.020640537094244044j),(-0.015090590829240224+0.006418595533675948j),(-0.003469610693738443+0.0040407144202383545j),(-0.0015640297241152875+0.002023048013611517j),(0.004511683368148763-0.03609616638189325j),(-0.023472613138017618-0.0005628119531667585j),(-0.01977719818400657+0.019941983055343962j),(-0.012907072330700924+0.01914935715006693j),(-0.015716733631942495+0.003621411433247621j),(0.009193889160538255-0.01211077096065994j),(0.9541961246903781+0.09871054686256711j),(0.0003180661173475921-0.031812586272755156j),(-0.0006920665041930335-0.022650673311654202j)
93,(-9.336089399525585e-06-3.704208626621764e-06j),(8.275506602854879e-06+1.0326786964005682e-05j),(1.0605828024268467e-06-6.622578354175385e-06j),(-3.653471486469913e-06+8.139940562797765e-07j),(6.800207636753698e-06+5.358569145686874e-06j),(-2.213748740762347e-06-6.661142263014347e-06j),(-0.00011676883670660278+0.00015320717478713264j),(0.0008420979868429604+8.218025901293625e-05j),(-0.00038350227489899574-0.0005611614125367165j),(-0.00013308205665929992+0.00022889497273517823j),(0.0014263855270892328+0.000132332653407462j),(-0.0005671304273693398-0.0009236420436071245j),(0.0010312071369191534+0.0008298361218438492j),(0.012724300225308518+0.000999781672299537j),(-0.00213280391014322-0.007396860584886867j),(0.0162078035483087-0.0006260238064334086j),(-0.006413776160933732-0.005762790189324511j),(-0.0027355556983878083+0.0032579339388926916j),(-0.007772771431930795-0.012183742828890275j),(-0.005999422308997922-0.004599112171193411j),(-0.006645802955791282+0.006933536941196291j),(-0.007540212306235226-0.0030076418251537562j),(-0.006452522830233466-0.004953695167131802j),(-0.006750530934155481+0.007046469954164058j),(-0.0077575233357032244-0.002926138236417458j),(-0.006445918315965158-0.004951333689401855j),(-0.006744996798194237+0.007043907900577169j),(-0.007750514157974683-0.0029212734793978706j),(-0.006133788732738492-0.004843969160812176j),(-0.006234362306361112-0.0048982937550108244j),(-0.006462988267118921+0.006899222201876799j),(-0.007429098412598146-0.0027465196439631517j),(0.007992563807177958+0.00010668213430234218j),(0.006401885286413705+0.00020475088722167435j),(0.00657314888669662+0.003857198738054287j),(0.0009072797286896606+0.0005340391657841081j),(0.0029560397183407343+0.0021639332359705225j),(0.008041700314984636-0.0008045446620341841j),(0.00873203972645427+0.00039031109100320477j),(0.006712859106109792-0.00019373869600071767j),(0.007435438145978231+0.004159336648803969j),(0.02009912866487996+0.003946752796021773j),(0.006035232655623179-0.010341881804588643j),(0.02419504298880032+0.005143452470530103j),(0.019995891448126107+0.0040727142274980055j),(0.005783162876686404-0.010526730128121914j),(0.02413481225772082+0.005238062396637118j),(-0.01892708338903355+0.02312523734168923j),(-0.03147759281193885-0.0006085027932666721j),(-0.017627456190859155+0.023414209583026202j),(-0.012141838565520494+0.01491614844770609j),(-0.019682330922247474-0.002512431555084071j),(-0.011072910014718204+0.012850974963385312j),(0.0031495384193150726-0.003756783392774924j),(0.0008729710898952464-0.0008913227371802183j),(0.0024615757070454315-0.00192759768625566j),(0.005438516976527043-0.008662364344792232j),(0.008435496360903866-0.00045439786753907535j),(0.003023695178060895-0.006528770342584916j),(0.0035323065712121347-0.00402067440369922j),(0.0008585820492115708-0.0007720254913984253j),(0.002959564899667879-0.002066071964127637j),(0.008044322066201063-0.014817190924851368j),(0.01780227712438521+0.0005471632661653128j),(0.0033342227749879557-0.012463262997900983j),(0.00825405540687826-0.01551917901828591j),(0.018634787319128796+0.0006698170634411314j),(0.0032947869946573197-0.013137043698737336j),(0.008179453332762121-0.015011108189300602j),(0.01825939163329629+0.0005963805294857247j),(0.003383518853152034-0.012655174294513379j),(0.005178586280315458-0.005528495216208206j),(0.0010329721193292835+0.00026534730705948237j),(0.0049467398916822-0.003079064659468413j),(0.008723511339661377-0.009822896026053443j),(0.0020891570675630584+0.0036106025836519146j),(0.008771835245247238-0.006453176927010818j),(0.008987377149883942-0.010152578890942348j),(0.0021745194629730607+0.003864512963998198j),(0.009053679279725915-0.006715423895407042j),(-0.018931852474784502+0.023133888760336473j),(-0.03148835579271818-0.0006094563998832204j),(-0.017631807875055423+0.02342702511562082j),(-0.003234603050995739+0.004465228205036482j),(-0.017558872937264935+0.008408013787006813j),(-0.0011872829150371073+0.000163624189380778j),(0.004259622595858652-0.023685326127482805j),(-0.017450305254500274+0.021478381914101542j),(-0.029114419773508742-0.0007079045831222058j),(-0.016272924310422973+0.02184635823172686j),(-0.013032472855048268+0.017348278018692456j),(0.02173996542587677+0.001268034824476588j),(0.0003180661173475921-0.031812586272755156j),(0.9529718641972602+0.09381052788648565j),(-0.002252437833377913-0.017385973474197645j)
94,(8.44676979783152e-07-7.816559274225612e-06j),(4.957622409742777e-06+4.145292428188719e-06j),(-5.802299392663448e-06+3.6712668382231687e-06j),(4.45107834417626e-06-4.411370661862239e-06j),(3.219229885700545e-06+4.430133238423594e-06j),(-2.2582016836260964e-06-4.5994161979345216e-07j),(0.0008389611713749131-0.0007941013100127595j),(0.0011314724049699943-9.232975178803031e-05j),(0.0004222580241239262-0.00025526206562508926j),(0.0012771029564882452-0.00125850686765827j),(0.001768421822367794-0.000132083802997679j),(0.0006039555116176071-0.0004069896560584584j),(0.006092573410864-0.007999879064505592j),(0.01032784575518071-0.00014873566637750403j),(0.001185799901889669-0.002686451812221901j),(0.012260140432294777-0.0005886578261007744j),(-0.0058345245673222315-0.0034072153573528894j),(-0.003533597210522454+0.003484796311919428j),(-0.010884147004663761-0.0028668655146438116j),(-0.005103492365076972+0.0005379830113478745j),(-0.005439202570657156+0.004188717203016457j),(-0.006327356191958901-0.005121778996056099j),(-0.005503770358807994+0.0006227084332791978j),(-0.005552832135791441+0.00425919237475116j),(-0.006400518908619961-0.005208224260573532j),(-0.005498196344813408+0.0006221980562455816j),(-0.005548358158682574+0.00425800383726648j),(-0.006392467884615955-0.005206220899851025j),(-0.005243112381867422+0.0005734681568149799j),(-0.005246792029231708+0.0010194946575697906j),(-0.005326386259038026+0.004195539369694281j),(-0.006038514819490226-0.005094251808133869j),(0.006087369898830085-0.004277459039941287j),(0.005001099253390971+0.00058096949940748j),(0.009197631667063173-0.00043474827521004393j),(0.0009180829703690494+0.0012234235581905437j),(0.0020813258915856735+0.0002199422587143025j),(0.005443138191678577+0.0007680694874296495j),(0.0067478197063257665-0.004478377330198624j),(0.005468131587268696+0.0002729495502510445j),(0.00998675479392126+3.5189644040496896e-05j),(0.016113014594738354-0.003436816280072287j),(0.00909998649422975-0.005778417823620267j),(0.017561893865672897+0.013880165620612396j),(0.016017652124165477-0.0033445373730599665j),(0.008879306002166187-0.005877673710004846j),(0.017402733599346132+0.013872862082584982j),(-0.01599297517704687+0.02029277173416927j),(-0.02140161648022182+0.021397440475507415j),(-0.019995231391460838-0.0034510456868647637j),(-0.01006295508351945+0.013390696307059824j),(-0.01292128308554208+0.014419216474205169j),(-0.013810369101229226-0.0023106600942891173j),(0.0021997200056721724-0.003337847033316686j),(0.0034835962024515016+0.0007176982355302326j),(0.00039324409937131657-0.001614699470842098j),(0.005580171446554053-0.00745100679452449j),(0.005844624593659315-0.003086872598150821j),(0.006423781599716817-0.0015481575760095756j),(0.002297842232403815-0.0035541328397947496j),(0.0038368209293810664+0.0005576577130963101j),(0.00031375462463966613-0.0015932517028829545j),(0.009399712367345214-0.012216126598548364j),(0.007949219705646325-0.0079178773306329j),(0.013896336096552966-0.001552196930131862j),(0.009758382306100207-0.012679533679341803j),(0.00809783897937435-0.00825491273124632j),(0.014687013448470817-0.0015009091220959576j),(0.009562041836470967-0.0124203966288192j),(0.008056369149376567-0.008209693889756979j),(0.014176395464766005-0.0015855083265862715j),(0.002648801690013159-0.004507100537222387j),(0.004972362915617314-0.000344559629124583j),(0.0002987353321929582-0.0015087348879639798j),(0.0031793947246306444-0.0066803232028256835j),(0.006355590234613639-0.00282225906932797j),(0.0010471932600750694-0.0013928292181575727j),(0.0032172675686464153-0.006844831518417128j),(0.006451633806520559-0.003012152998148011j),(0.0011086126398350358-0.0013863121247152457j),(-0.01599741767181128+0.02029964413422659j),(-0.021409643442255634+0.021404630363173673j),(-0.019998800597958877-0.0034541075006052453j),(-0.0021139802787131295+0.0021814002972300258j),(-0.0018502331400139886-0.00011939201947642621j),(-0.01510905874966833+0.010472194266342655j),(-0.0009524499244551339-0.026174004266809235j),(-0.01474106539758015+0.018794195163694866j),(-0.019821823274167753+0.01974844998905998j),(-0.01841932584936915-0.003108763318949852j),(-0.010144061412608462+0.015079085206398562j),(0.008732112596660797-0.011387285434123111j),(-0.0006920665041930335-0.022650673311654202j),(-0.002252437833377913-0.017385973474197645j),(0.9588118379327745+0.08771712606773917j)
