,0,1,2,3,4,5,6,7,8,9,10,11,12,13,14,15,16,17,18,19,20,21,22,23,24,25,26,27,28,29,30,31,32,33,34,35,36,37,38,39,40,41,42,43,44,45,46,47,48,49,50,51,52,53,54,55,56,57,58,59,60,61,62,63,64,65,66,67,68,69,70,71,72,73,74,75,76,77,78,79,80,81,82,83,84,85,86,87,88,89,90,91,92,93,94
0,(0.9999881320640999+0.0002577189494640559j),(3.943524843641415e-06-6.446719093707032e-05j),(7.92441105359027e-06-0.00019325175853124237j),(-5.169968244028079e-06+0.00011644835194593153j),(3.9781284785309925e-06-8.100778158815397e-05j),(1.1809015894221838e-06-3.540823161874605e-05j),(-0.00014591858755165263-2.2086089870661848e-05j),(9.935312014719815e-05+0.00011535842813290812j),(3.7314899375030845e-05-9.350401103034266e-05j),(-0.00018848919811595056-0.00018970211416755156j),(0.00012473387779850475+0.0002120725799762233j),(4.2820293655043777e-05-1.3377350992224018e-05j),(-0.00019182984390520193-0.00012944540676813342j),(2.0937981690402593e-05+2.1115635979300192e-05j),(5.042721699002618e-05-6.614840293200702e-05j),(9.081156729244598e-05+9.334741716722386e-05j),(9.454326957659311e-05+7.940664722544656e-06j),(-2.7835945258146998e-05+2.2894030980522497e-05j),(-7.525085529333187e-05-6.115498747765805e-05j),(1.2831362123293194e-05-7.848280781840361e-06j),(-2.096509119728207e-05-2.891471372938785e-05j),(6.799680649698586e-06+3.555296792243472e-05j),(1.1608459621110302e-05-8.634989799155222e-06j),(-2.061870361283582e-05-3.0226769591519714e-05j),(8.498558472069773e-06+3.803406665877768e-05j),(1.1581105599558018e-05-8.619921100844498e-06j),(-2.0600044531650224e-05-3.0223349506411888e-05j),(8.51908450368577e-06+3.80474986756385e-05j),(1.0714969058377055e-05-7.838752193761813e-06j),(9.92047505610773e-06-9.483742409157356e-06j),(-1.9794912264648087e-05-2.979461187711137e-05j),(8.990453430674305e-06+3.8168527917591753e-05j),(-1.4278006136600808e-05+3.707728567115237e-05j),(1.476432702917456e-05-1.9231547486403495e-06j),(1.955394020607135e-05+3.474813100357398e-05j),(-6.786247393505847e-06+7.609183855425331e-06j),(-2.96302874021217e-06+1.0441069508081295e-05j),(2.4139549579220776e-05-1.0492590375139557e-06j),(-1.5624283942515647e-05+3.873005973398763e-05j),(1.4168765789412082e-05-1.2773623426200415e-06j),(1.873910206643527e-05+3.2057949038885464e-05j),(-4.738994405077805e-06+2.854257437843365e-05j),(-2.0378002216597715e-05-1.9006691086488235e-05j),(-2.205530864078794e-05-9.138473149010622e-05j),(-4.36271737776422e-06+2.851989614932005e-05j),(-1.9976705564040248e-05-1.833741452262499e-05j),(-2.2206700938411318e-05-9.24124319839597e-05j),(-6.908914834370968e-06+1.3134853643525164e-05j),(1.5743542199711972e-05+2.4514511294414043e-05j),(2.861865550200969e-06-3.4546474695231254e-05j),(-5.789777791707191e-06+8.926286480243925e-06j),(8.0247835941802e-06+1.719064104341781e-05j),(1.1863430156629386e-06-1.3520270649871781e-05j),(1.9525895315541514e-06-2.232522987382652e-06j),(-1.303486490973107e-06+1.0537343481653462e-06j),(2.3426725990517806e-07+1.0077270875623545e-05j),(2.4676112942901613e-06-3.817139713096904e-06j),(-2.3332650493844555e-06-2.1286431597025e-06j),(-9.017730436262396e-07+1.351394614798198e-05j),(2.226116284346159e-06-2.655704464728462e-06j),(-1.6118275162631916e-06+6.031562669654905e-07j),(3.317231812285702e-07+1.0551931783693646e-05j),(2.8844755583206737e-06-6.405959357745719e-06j),(-3.6250484669482655e-06-6.756920484600616e-06j),(-2.343506403648443e-06+1.6401168228052048e-05j),(2.954104183038957e-06-6.625066882049585e-06j),(-3.7126743127555327e-06-7.073184283090041e-06j),(-2.4795020853975663e-06+1.6757786357065905e-05j),(2.88295044441161e-06-6.543259714935491e-06j),(-3.7041232180333604e-06-7.0448675685740446e-06j),(-2.40853983854312e-06+1.6466271851240098e-05j),(3.388684098978957e-06-5.1971990714555814e-06j),(-3.0989814354998375e-06-2.101933195196811e-06j),(7.259622348317051e-07+1.1957495785493266e-05j),(5.544590181339317e-06-1.2405661497545263e-05j),(-6.664894089796852e-06-9.93792597583292e-06j),(1.170057398197539e-06+1.2461793645637787e-05j),(5.72417655003073e-06-1.3149204920016595e-05j),(-7.023525792425102e-06-1.070189330976371e-05j),(1.2171034213258449e-06+1.2561877738449025e-05j),(-6.910211090365528e-06+1.3141377386688124e-05j),(1.5750581003287117e-05+2.4520570120643656e-05j),(2.8624124310552407e-06-3.4580022689731195e-05j),(-7.868681250078405e-07+5.068209434637294e-06j),(4.329457883320508e-06+3.145617705633088e-06j),(-3.0725765939226392e-06-5.635962186852148e-06j),(3.781246030653453e-05+3.703920129410142e-05j),(-6.384757102045821e-06+1.283441406542235e-05j),(1.4556613782323895e-05+2.2667023054623296e-05j),(2.6324391755035568e-06-3.3325618677876545e-05j),(-7.022728428093973e-06+9.67906693767799e-06j),(-4.577846892139722e-06-1.0279090530260862e-05j),(9.045870322704926e-08+7.823055112556294e-06j),(4.572619421179741e-06+2.247842212797756e-06j),(-7.17454274078485e-06-2.4573733931270777e-06j)
1,(3.943524843641415e-06-6.446719093707032e-05j),(0.9999954922141604-3.763493627646961e-05j),(5.642609968015687e-07+0.00010210212721328485j),(8.674237012739765e-07-4.55454362287435e-05j),(-1.929803186592221e-06+5.4113741655156073e-08j),(8.92640552065988e-07+4.5846713013613146e-05j),(1.0313356581232789e-05-6.327537086813325e-05j),(-5.606794150236784e-05-0.00026705521300680814j),(1.4651648579632969e-05+0.00037396072360528225j),(6.733555856770771e-06+5.187886247872439e-05j),(-8.102947551182588e-05-0.00016798917266395926j),(3.894201722819533e-05+0.00015812328772780613j),(-4.718814185255607e-05+8.635013960234795e-05j),(-1.3285932077551506e-05-5.012151445713106e-05j),(0.00013250454852697317+3.323383599666511e-05j),(-4.157368801723139e-05-3.873259783654978e-05j),(9.887270081273995e-05+6.035540530106149e-05j),(-1.5444817880192774e-05-6.618525284534483e-05j),(-6.819320403833143e-05+0.00010983849436982825j),(-3.6217732120644757e-06-3.125937186134991e-05j),(-4.432794184705498e-06+2.973422378571695e-05j),(5.082574208043392e-06-2.283577691142085e-05j),(-6.30430357229797e-06-3.536534852235912e-05j),(-3.552588419731569e-06+3.231480473516362e-05j),(6.299659439781271e-06-2.5229484080195852e-05j),(-6.337305920079203e-06-3.537375593988948e-05j),(-3.535905716618929e-06+3.2321389401889874e-05j),(6.294999799171764e-06-2.525092609888985e-05j),(-7.344695531094545e-06-3.5280715006503604e-05j),(-8.236313104134354e-06-3.666612264711343e-05j),(-2.85910037341595e-06+3.2144745536560475e-05j),(5.681760436836812e-06-2.550696440005921e-05j),(-3.3688357101741095e-05-1.252745756508147e-05j),(2.6879876664955098e-05+1.688003578032857e-05j),(-2.689079464869023e-05-1.7885293988367236e-05j),(1.1793492521844442e-08+4.096975889457073e-06j),(4.3305358771808355e-06+1.2373946265569718e-05j),(4.0659495005861975e-05+1.3586252967640123e-05j),(-3.42589405415947e-05-9.91244816100003e-06j),(2.5193276685853683e-05+1.656641735011193e-05j),(-2.788266739545368e-05-1.635525379316546e-05j),(2.8579149416024643e-05+5.859855347347091e-05j),(-2.183923487185471e-05+1.0690182618748297e-05j),(1.8889275261064e-05+3.0514774586353303e-05j),(2.9175247640688095e-05+5.875777504551554e-05j),(-2.2138127670836922e-05+9.425282195244843e-06j),(1.9288435028072446e-05+3.042087194147514e-05j),(-4.191973234268706e-06+1.3674556849625677e-05j),(1.109150491848532e-05-1.0910307457688976e-05j),(-9.638843201899286e-06-2.6780928262073423e-05j),(-4.424396386107002e-06+8.793258612670357e-06j),(6.595319782184775e-06-3.8108278346990317e-06j),(-6.101533521920761e-06-1.3650640519042746e-05j),(4.3582954351784115e-07-3.834300783161424e-06j),(3.913340076756341e-07+2.530090355788914e-06j),(1.0803683018956719e-06+2.8415198845574023e-06j),(2.1433628355187175e-06-6.2235115956089765e-06j),(-6.0602034924865e-07+3.360080929108814e-06j),(3.0417833085768488e-06+3.5090717882912664e-06j),(3.9819385421180514e-07-4.128528864344811e-06j),(1.9517120830859275e-07+2.6576302999591323e-06j),(1.1190690178594625e-06+3.46487680620421e-06j),(3.842904441682133e-06-9.106007232142669e-06j),(-2.1384170008979587e-06+4.037849291525701e-06j),(5.046337966490274e-06+3.88421662730204e-06j),(4.0766431620598155e-06-9.460520483613604e-06j),(-2.181231562523156e-06+4.0313702260365e-06j),(5.3001129666040185e-06+3.8881774547791814e-06j),(3.872226240302602e-06-9.186114636298412e-06j),(-2.270805137925137e-06+4.106439979858527e-06j),(5.094131305483002e-06+3.914119630302529e-06j),(4.640261090039733e-08-5.632368083275573e-06j),(-9.119595512880376e-07+2.9700441709794524e-06j),(1.1388438920927763e-06+6.061653435161494e-06j),(-1.244685257674668e-06-9.272541332700073e-06j),(-4.014669928684018e-06+2.8123980740649623e-06j),(5.838686502695707e-07+1.0990670509249046e-05j),(-1.3906561438195373e-06-9.608686624072496e-06j),(-4.309372065929326e-06+2.8419286992578282e-06j),(5.413083626167677e-07+1.1492260262425272e-05j),(-4.188895722421633e-06+1.3685759581433659e-05j),(1.1094868954821664e-05-1.0917122864905174e-05j),(-9.640488207491983e-06-2.679305741238431e-05j),(2.3261625535948186e-06+7.593268839550655e-07j),(8.123573591444378e-07-5.994690671031295e-06j),(-4.777057027013676e-06-5.806042544392756e-06j),(-1.860827146826904e-05-8.88212939899576e-05j),(-3.5883602063639024e-06+1.3349540850710843e-05j),(9.979398701834044e-06-1.037880366036785e-05j),(-8.80907889780138e-06-2.4822571252914208e-05j),(-5.3020292393813e-06+1.0100069619985204e-05j),(-4.252416329614634e-06+5.227509949937257e-06j),(3.6896753340545596e-06-4.120251131945066e-06j),(-2.0233859168274755e-06-1.111782460320634e-05j),(-7.823231225147161e-06-6.971969085429657e-06j)
2,(7.92441105359027e-06-0.00019325175853124237j),(5.642609968015687e-07+0.00010210212721328485j),(0.9999915113279502+9.114963131381509e-05j),(4.30254454155109e-06-7.090291571743064e-05j),(-2.0483252905850723e-06+8.095366784729026e-05j),(-2.073542141430899e-06-1.0438481395561127e-05j),(0.00013560523093139061+8.536146076196498e-05j),(-4.328517858429695e-05+0.00015169678486002926j),(-5.196654798336524e-05-0.00028045671258465307j),(0.00018175564220667838+0.00013782325172269447j),(-4.3704402189027965e-05-4.408340732327612e-05j),(-8.176231090792584e-05-0.00014474593674272034j),(0.0002390179857181595+4.309526717177172e-05j),(-7.652049686690903e-06+2.900587849528891e-05j),(-0.0001829317655017721+3.2914566950024244e-05j),(-4.923787917920425e-05-5.461481932772923e-05j),(-0.0001934159703966123-6.829607000298518e-05j),(4.328076318051898e-05+4.3291221883226584e-05j),(0.00014344405934292836-4.868350687960931e-05j),(-9.209588921426609e-06+3.910765263294701e-05j),(2.539788538861783e-05-8.195100459769029e-07j),(-1.188225486508581e-05-1.2717191029701037e-05j),(-5.304156050551914e-06+4.40003383110067e-05j),(2.417129204475879e-05-2.0880351327918353e-06j),(-1.4798217915069098e-05-1.2804582598297962e-05j),(-5.243799680990349e-06+4.399367702944433e-05j),(2.4135950260338054e-05-2.0980398842667937e-06j),(-1.4814084306170624e-05-1.2796572596186392e-05j),(-3.370273530808982e-06+4.311946718984598e-05j),(-1.684161962614351e-06+4.614986504658689e-05j),(2.265401264850063e-05-2.3501336483138137e-06j),(-1.4672213874061681e-05-1.2661563536348194e-05j),(4.79663632283874e-05-2.4549828120587212e-05j),(-4.1644203690170535e-05-1.495688101855669e-05j),(7.336854440459359e-06-1.6862837011896373e-05j),(6.774453897432455e-06-1.1706159746127479e-05j),(-1.3675071376488128e-06-2.2815015770687684e-05j),(-6.479904458545363e-05-1.253699391917025e-05j),(4.988322447153204e-05-2.8817611587148843e-05j),(-3.9362042468003486e-05-1.528905499597466e-05j),(9.143565328317283e-06-1.5702695241247256e-05j),(-2.3840155022968294e-05-8.714112786132007e-05j),(4.221723708926826e-05+8.31650846636338e-06j),(3.1660333834469042e-06+6.0869956941826625e-05j),(-2.481253027619495e-05-8.727767120416173e-05j),(4.211483323530473e-05+8.912132325929713e-06j),(2.918265913533657e-06+6.19915600812113e-05j),(1.110088806020658e-05-2.680941049953027e-05j),(-2.683504711494735e-05-1.360420384358328e-05j),(6.776977659605239e-06+6.132740296984263e-05j),(1.0214174171826332e-05-1.7719545096300848e-05j),(-1.462010337475326e-05-1.3379813212410062e-05j),(4.915190512501773e-06+2.717091117405887e-05j),(-2.3884190734575697e-06+6.066823773519809e-06j),(9.121524843784551e-07-3.583824703930233e-06j),(-1.314635562650536e-06-1.2918790763428763e-05j),(-4.610974127898455e-06+1.0040651312267256e-05j),(2.9392853988679023e-06-1.2314377684147014e-06j),(-2.140010266573038e-06-1.702301793945792e-05j),(-2.624310137120823e-06+6.784233332031462e-06j),(1.4166563088409163e-06-3.260786566567775e-06j),(-1.4507922002923755e-06-1.4016808592898775e-05j),(-6.7273799973753494e-06+1.551196659336928e-05j),(5.763465467754551e-06+2.719071193539605e-06j),(-2.702831564876854e-06-2.0285384861113783e-05j),(-7.030747342404154e-06+1.6085587369533622e-05j),(5.893905874614952e-06+3.0418140580353062e-06j),(-2.8206108832485046e-06-2.064596381723709e-05j),(-6.755176681980931e-06+1.5729374355392583e-05j),(5.974928355901459e-06+2.938427589263953e-06j),(-2.685591469156789e-06-2.0380391487006002e-05j),(-3.435086708042864e-06+1.0829567158220574e-05j),(4.01094098733129e-06-8.681109742989272e-07j),(-1.8648061289902147e-06-1.8019149224399217e-05j),(-4.2999049207621045e-06+2.167820283493549e-05j),(1.067956401803816e-05+7.125527903602569e-06j),(-1.7539260517644902e-06-2.345246416123355e-05j),(-4.333520402797041e-06+2.2757891548793815e-05j),(1.1332897857938547e-05+7.859964612351398e-06j),(-1.758411787129302e-06-2.405413800765915e-05j),(1.1099106804501854e-05-2.682713697508425e-05j),(-2.6845449955420177e-05-1.3603447261967044e-05j),(6.778075784461141e-06+6.137308011459167e-05j),(-1.5392944301908142e-06-5.827536319470685e-06j),(-5.14181524185754e-06+2.8490729641447534e-06j),(7.849633623632252e-06+1.1442004732396285e-05j),(-1.9204188830732078e-05+5.1782092672430365e-05j),(9.9731173002168e-06-2.6183954922470636e-05j),(-2.4536012481400398e-05-1.2288219399526966e-05j),(6.176639729640029e-06+5.8148189942447594e-05j),(1.2324757661575165e-05-1.977913656339061e-05j),(8.830263221039002e-06+5.051580581063659e-06j),(-3.7801340379693163e-06-3.702803981693972e-06j),(-2.549233503917792e-06+8.869982387376687e-06j),(1.4997773970092259e-05+9.429342477441559e-06j)
3,(-5.169968244028079e-06+0.00011644835194593153j),(8.674237012739765e-07-4.55454362287435e-05j),(4.30254454155109e-06-7.090291571743064e-05j),(0.9999964368458226-0.00012028014381773564j),(1.8262011268889107e-06-0.00014022480153214956j),(9.283439418221252e-07-0.00014013138743846325j),(-0.00012431748010477222-5.7593474453556835e-05j),(3.412981920961301e-05-2.5881334021988405e-05j),(1.854918527219055e-05+4.8747713337637494e-05j),(-0.0001692643242626423-0.00011895403750531813j),(3.445774586344014e-05+9.445195122928561e-05j),(2.2752039495831534e-05+4.7511267253424604e-05j),(-0.00017074617238027888-6.699132494890635e-05j),(1.3507185103937943e-05-1.0269535302882566e-07j),(9.694017153653438e-05-5.144631652961218e-05j),(5.7200362418183796e-05+5.391792385360387e-05j),(0.00011772637191892052+1.4720855576015357e-05j),(-2.2009441673324086e-05+1.1820013277718543e-05j),(-8.980787107404684e-05-2.0642844091997697e-06j),(8.681421923716114e-06-1.617726241729867e-05j),(-2.157693152320488e-05-1.6412238053179787e-05j),(8.21754644340654e-06+2.153795441557112e-05j),(6.559666821481313e-06-1.7740670870661245e-05j),(-2.1052084370202984e-05-1.6888491937276178e-05j),(1.0119314664326402e-05+2.2524567201139968e-05j),(6.524163822150509e-06-1.7725923203503825e-05j),(-2.102943003116964e-05-1.6882744621601492e-05j),(1.0132935201277217e-05+2.2524562337402883e-05j),(5.4206122000423055e-06-1.6871924220605028e-05j),(4.6028854651290875e-06-1.8544323211392e-05j),(-2.0008354570335138e-05-1.64546824908926e-05j),(1.0206729083070093e-05+2.2427943856247622e-05j),(-2.604857920792989e-05+3.327875076525143e-05j),(2.5080090290577407e-05+9.048868827867207e-06j),(2.56777057122716e-06+1.871169322512012e-05j),(-4.7552043255973735e-06+7.536432560190578e-06j),(-1.2072945114436618e-06+1.20955245722605e-05j),(3.987930244938536e-05+9.674255967986108e-06j),(-2.7471664294096864e-05+3.542318144165299e-05j),(2.3796123350592765e-05+9.527906327278613e-06j),(1.3810263066731798e-06+1.700566782597745e-05j),(7.59713887755575e-06+3.66420524348598e-05j),(-2.833915322469761e-05-1.3045888871699614e-05j),(-8.940444146081615e-06-6.064881591404807e-05j),(8.178629456797363e-06+3.654482023692117e-05j),(-2.8137109480594924e-05-1.2971980488368822e-05j),(-8.833942807499123e-06-6.142008755442423e-05j),(-7.046409498869826e-06+1.3448289155542789e-05j),(1.621356210385635e-05+1.563892489127893e-05j),(-2.4825780764030245e-07-3.367845570597127e-05j),(-6.520671732811052e-06+9.24463682251232e-06j),(8.513878136764389e-06+1.219402901502464e-05j),(-9.544636686621615e-07-1.3966898835659868e-05j),(1.6026980854189798e-06-2.7333008745831357e-06j),(-8.8108291864641e-07+1.5468085646900382e-06j),(3.276728335178656e-07+8.441229750502683e-06j),(2.5248454027405644e-06-4.648909273221172e-06j),(-1.8720079769815123e-06-7.189357674355577e-07j),(6.439915032065603e-08+1.1278164334624951e-05j),(1.8367004909555923e-06-3.130563287698363e-06j),(-1.20634341064264e-06+1.2432169012813645e-06j),(4.0860776991998404e-07+8.965290530225667e-06j),(3.3869522447729514e-06-7.475303681988976e-06j),(-3.1950342846072017e-06-4.1401437842217956e-06j),(-3.9510786713547666e-07+1.3628186019912936e-05j),(3.513077999311939e-06-7.745645579080695e-06j),(-3.2644545723610827e-06-4.3895134938071764e-06j),(-4.1875979725651025e-07+1.3907020601494126e-05j),(3.396504593399529e-06-7.6046147357723405e-06j),(-3.2886910024935277e-06-4.344946559354569e-06j),(-4.285461350343052e-07+1.3687203008341203e-05j),(2.803131426263823e-06-5.454779896005577e-06j),(-2.8116065594010134e-06-7.10365318655782e-07j),(7.097775289518978e-07+1.0712922299886611e-05j),(4.515810264990366e-06-1.1893317061234704e-05j),(-6.754237385628222e-06-6.677876158573675e-06j),(9.263889286345905e-07+1.2378780373516887e-05j),(4.650355258187833e-06-1.2547236684975066e-05j),(-7.141674367127706e-06-7.245767833252721e-06j),(9.51821283211915e-07+1.2586680285020322e-05j),(-7.045810795643529e-06+1.3455824622106828e-05j),(1.621996181369208e-05+1.5641345671512476e-05j),(-2.475205399025939e-07-3.37073592438208e-05j),(-9.333410609152685e-08+3.919493374043487e-06j),(3.5208371734706842e-06+4.3423318356138866e-07j),(-3.5346145574179246e-06-5.9999130269938055e-06j),(2.5010659063735254e-05+1.7192202088488228e-06j),(-6.369286991438833e-06+1.3143069953151835e-05j),(1.4835653163061204e-05+1.4358616934387366e-05j),(-1.7460893805855794e-07-3.219319040194342e-05j),(-7.911601385589655e-06+1.0245929093563185e-05j),(-4.49367427573184e-06-6.538500316885261e-06j),(7.886254112600029e-07+4.415583512689537e-06j),(2.507407111448037e-06-2.022875129801753e-06j),(-7.5512512801933305e-06-4.191526757930916e-06j)
4,(3.9781284785309925e-06-8.100778158815397e-05j),(-1.929803186592221e-06+5.4113741655156073e-08j),(-2.0483252905850723e-06+8.095366784729026e-05j),(1.8262011268889107e-06-0.00014022480153214956j),(0.9999974933476998-0.00012063454056993876j),(-1.5472958914395402e-07-0.00013964420444784322j),(3.929888746322313e-05-2.864240861543885e-05j),(-7.68824175660158e-05-0.00015659708943377285j),(-2.3243114688523023e-05+0.000150429960949995j),(4.35356400957358e-05+8.992570437916334e-05j),(-0.00010579787062774294-0.00014266401713829114j),(-2.609547838980681e-05+6.616423962132177e-05j),(4.699329061790373e-05+8.144876564460327e-05j),(-1.0716622133912275e-05-2.527852016896118e-05j),(3.949186057364835e-05+2.3774040664319097e-05j),(-4.5508954303735974e-05-5.2247518762220683e-05j),(1.0680252286969303e-05+5.593810762440961e-06j),(9.605476537883286e-06-1.4129885758887555e-05j),(-4.716560389410084e-06+6.771777690233767e-05j),(-5.954838349091193e-06-7.327550772222283e-06j),(2.154770219274159e-06+1.6594118553703093e-05j),(6.341666461241574e-07-1.8962923027350257e-05j),(-6.699047394703963e-06-7.997864296286506e-06j),(2.2868748370562038e-06+1.761279289933008e-05j),(6.209761670651344e-07-2.080246374708365e-05j),(-6.703436688436935e-06-8.000171948380164e-06j),(2.2884459999124502e-06+1.7614604404365133e-05j),(6.114313722698067e-07-2.0817773839047983e-05j),(-6.820065195779818e-06-8.031896260908937e-06j),(-6.746233332168204e-06-7.83282068646004e-06j),(2.399299223263513e-06+1.7552266547410226e-05j),(1.5283993269824828e-07-2.105230277726304e-05j),(-9.779997536431569e-06-8.888529356328044e-06j),(8.32085961297448e-06+1.1209090402541947e-05j),(-1.951947452482108e-05-2.087809415804166e-05j),(2.986537695382942e-06-1.1113752873953745e-06j),(2.227416328626328e-06+2.127816371947211e-07j),(1.2486896326626736e-05+1.0806981113931195e-05j),(-9.666387414315972e-06-8.618524734172771e-06j),(7.712667698291203e-06+1.0953967418775287e-05j),(-1.9791590669260296e-05-1.951798547089534e-05j),(1.3180530236380487e-05+4.187086511707953e-06j),(-5.289687862063754e-06+8.62518451534383e-06j),(1.5781015012926784e-05+4.345157860936638e-05j),(1.333615137854235e-05+4.1146834611561e-06j),(-5.541714019859985e-06+7.93603826075744e-06j),(1.6055597809623796e-05+4.385042333708341e-05j),(8.608492682455331e-07-1.4988032672670246e-06j),(-1.5932254398442148e-06-1.231849541908364e-05j),(-3.6405092849762084e-06+5.642597867203076e-06j),(8.827319876358563e-08-8.96811750718395e-07j),(-5.466612978461805e-07-7.3902798862636435e-06j),(-2.3609840502992816e-06+1.4311435992030804e-06j),(-6.302529650008846e-07-1.8885238369976331e-07j),(6.058331223838482e-07+3.6084638754151137e-07j),(1.0075563719131463e-07-3.024782133960373e-06j),(-2.990083689143585e-07-3.062296029141469e-07j),(7.756576583179433e-07+1.7168287965559607e-06j),(1.143681465939092e-06-4.098412732456434e-06j),(-7.08724894129953e-07-1.0483822014723421e-07j),(6.293100195492732e-07+5.711840222763703e-07j),(7.284423135224437e-08-3.041758982595102e-06j),(8.040194380786748e-08-1.9474838481005592e-07j),(9.06284411175965e-07+3.5600810656750313e-06j),(2.336135383999499e-06-5.035612430875686e-06j),(1.2662426267035702e-07-2.167072375022311e-07j),(9.354830431858716e-07+3.6703185898676644e-06j),(2.468633596785759e-06-5.162848228333388e-06j),(9.122439903655473e-08-1.6808912528508288e-07j),(9.0158047847328e-07+3.682858697082156e-06j),(2.376962623023373e-06-5.050720753053825e-06j),(-1.0729007396026904e-06+4.5986339079957793e-07j),(7.04114578394137e-07+1.6993605484498624e-06j),(-6.81476744026731e-08-2.8994655872962817e-06j),(-1.836430348261553e-06+2.2118277301600208e-06j),(7.847816049448776e-07+4.650768536769046e-06j),(-3.529673670571696e-07-1.8245750654561598e-06j),(-1.9086984918084647e-06+2.4029822927992402e-06j),(8.020925725644435e-07+4.952570991449319e-06j),(-3.805244067809553e-07-1.7322044010533303e-06j),(8.629676953837795e-07-1.4987115058387518e-06j),(-1.5948068692535557e-06-1.2323011341357519e-05j),(-3.6405231137572885e-06+5.65187232729804e-06j),(8.199106977385565e-07-1.8472379309266287e-06j),(-1.3927029489659017e-06-3.1658916213395794e-06j),(-5.867951221678768e-08+4.2827583598803206e-07j),(-1.785859718170766e-05-4.0553156683119674e-05j),(9.422245843640593e-07-1.4622581504986487e-06j),(-1.6294107175760148e-06-1.1492502313882978e-05j),(-3.3012598796723094e-06+5.738319304581536e-06j),(9.949753347110015e-08-7.469218009281887e-07j),(6.790840848948813e-07+5.169412967206026e-06j),(7.130049103474904e-07-4.4868761118788564e-06j),(-2.6902629810439586e-06-4.604297236956192e-06j),(6.053956485726278e-07-1.3655801901039452e-06j)
5,(1.1809015894221838e-06-3.540823161874605e-05j),(8.92640552065988e-07+4.5846713013613146e-05j),(-2.073542141430899e-06-1.0438481395561127e-05j),(9.283439418221252e-07-0.00014013138743846325j),(-1.5472958914395402e-07-0.00013964420444784322j),(0.9999983525307271-0.00012028152300930077j),(2.8126500415174055e-05+3.840791335287265e-05j),(-1.3894114798808991e-05+0.0001371329507914792j),(-4.0069902985950904e-05-0.0002586477289868958j),(3.590366961786299e-05+3.556236568261434e-05j),(-1.5373004694749425e-05+5.246169781382017e-05j),(-6.841750295369763e-05-0.00012287051926067842j),(0.0001006712281381259-1.674993008451815e-05j),(4.602643860360211e-06+3.219801053161283e-05j),(-0.00011092359764355812-1.5067029433286446e-05j),(1.493744395853149e-06-7.847994898237927e-06j),(-0.00010126600029036321-6.349554199058425e-05j),(2.6868535074851483e-05+6.107839823059952e-05j),(7.294222299800498e-05-5.691526403523382e-05j),(-1.949717723784782e-06+2.827188952208439e-05j),(7.278004215311653e-06-1.7199327585079572e-05j),(-5.169905970804793e-06+7.002671615557186e-06j),(3.3396052676113095e-07+3.228453927651313e-05j),(6.419851580989456e-06-1.9117890020477904e-05j),(-6.570690447552339e-06+7.880602304715725e-06j),(3.669577791961638e-07+3.2291922302968407e-05j),(6.402494943625955e-06-1.9123640387877895e-05j),(-6.575043273342111e-06+7.889690942577518e-06j),(1.3926690899486428e-06+3.215799048155753e-05j),(2.4720097909217992e-06+3.393690597112218e-05j),(5.744055801209167e-06-1.898869628394119e-05j),(-6.3400727267616275e-06+7.948754270496982e-06j),(2.8405788726404538e-05+5.503200624615653e-06j),(-2.2123785415456944e-05-8.143607858188771e-06j),(1.0936481732505181e-05-4.1386404342979265e-07j),(2.9817875665061987e-06-5.773893304502263e-06j),(-2.6490782241637064e-06-1.3886603847481063e-05j),(-3.3603393673744506e-05-4.87309198281895e-06j),(2.9175722562692297e-05+2.7999144342466853e-06j),(-2.0819876263389735e-05-8.034236232887543e-06j),(1.179300274714862e-05-7.896447088011178e-07j),(-1.904867528580975e-05-6.263591703510796e-05j),(1.949620584664265e-05-3.44643331846152e-06j),(-5.56729599157019e-06+8.652927746608494e-06j),(-1.9568395543615886e-05-6.289202446833864e-05j),(1.9579703748392762e-05-2.6941263168444676e-06j),(-5.745591953693081e-06+9.15694522867591e-06j),(5.675096201647933e-06-1.704777795381095e-05j),(-1.4236435688156733e-05+5.9585733168714616e-08j),(7.216917957724124e-06+3.615033051147565e-05j),(5.145321325132207e-06-1.0878101369346412e-05j),(-8.0535990122449e-06-3.0695071626596607e-06j),(4.522661572461158e-06+1.6992610441107574e-05j),(-1.1402904164112964e-06+4.178576283489872e-06j),(1.7290715646594624e-07-2.5166266491555527e-06j),(-1.117240762474398e-06-6.257045964891184e-06j),(-2.7602547829477013e-06+6.770854394246028e-06j),(1.477864809052724e-06-2.1029028836438905e-06j),(-2.302897648070729e-06-8.101118412490622e-06j),(-1.1767104325781324e-06+4.597521108212035e-06j),(4.199074457126552e-07-2.451020128768851e-06j),(-1.1866237630755404e-06-6.983272254049479e-06j),(-4.325344579197627e-06+1.015126984361973e-05j),(3.350421555752309e-06-1.0284943232678482e-06j),(-3.3897037915611206e-06-9.478197312114924e-06j),(-4.5463100322803255e-06+1.0531284421687907e-05j),(3.428069301549138e-06-9.110984933454141e-07j),(-3.5458610026209285e-06-9.61153374500634e-06j),(-4.348238504293358e-06+1.0268810460279064e-05j),(3.4963206103429627e-06-9.834032359456383e-07j),(-3.4031817072234555e-06-9.527698163526824e-06j),(-1.145070755205494e-06+6.873344624795007e-06j),(1.7543099349873113e-06-1.6770392573178802e-06j),(-1.3397071289939543e-06-9.796122086333856e-06j),(-4.5197009844927033e-07+1.276514719257333e-05j),(5.359890344991526e-06+1.4553568940995825e-06j),(-9.74460297915465e-07-1.4331840390704047e-05j),(-3.5931294066490904e-07+1.3338683696465897e-05j),(5.712198074557112e-06+1.723718162630227e-06j),(-9.517036673048325e-07-1.481043612034378e-05j),(5.673766291808124e-06-1.7060465555317546e-05j),(-1.4241872395760271e-05+6.280677792300076e-08j),(7.218731677856807e-06+3.617340120479113e-05j),(-1.8237674684792652e-06-2.7175180846870443e-06j),(-2.339565724308245e-06+3.6535038162426175e-06j),(5.3526275741485565e-06+7.0554318835592e-06j),(3.0246562509654735e-06+6.062839646187733e-05j),(5.07021415576e-06-1.664392223836428e-05j),(-1.3007927925959693e-05+2.8467758855664e-07j),(6.620416696766118e-06+3.4014610136916254e-05j),(6.15739146531108e-06-1.2209555028582526e-05j),(5.529179584629039e-06-7.65603721538531e-07j),(-3.49923397068338e-06+1.958113726870921e-07j),(-4.3325572062731243e-07+8.060058667964473e-06j),(9.478601741208212e-06+6.6058008876231756e-06j)
6,(-0.00014591858755165263-2.2086089870661848e-05j),(1.0313356581232789e-05-6.327537086813325e-05j),(0.00013560523093139061+8.536146076196498e-05j),(-0.00012431748010477222-5.7593474453556835e-05j),(3.929888746322313e-05-2.864240861543885e-05j),(2.8126500415174055e-05+3.840791335287265e-05j),(0.9842513246375373-0.007495323264038666j),(-0.004682879921301095-0.005972525078722155j),(-0.004225412421679365-0.0007030459397190632j),(-0.021415399603012177-0.004509827627831017j),(-0.006042252401433618+0.0076787332048938155j),(-0.005459692446100773+0.004668297562732202j),(-0.015077523090635831-0.003387725786794405j),(0.0018329425014076916+0.0003216635732642102j),(0.008792457470839725-0.008851735566916614j),(0.005369041906102715+0.0024797528578149527j),(0.010594191882700698-0.004227080885667853j),(0.0011792408045388867+0.006291620247269002j),(-0.008635440044084876+0.0020573607391763792j),(0.0007123418467656653-0.0008559642270234443j),(-0.0032308675647737956-0.0024020396214539993j),(0.0012873981713102645+0.002296609943740633j),(0.0005245901373640222-0.0007815800272965114j),(-0.003243290404847473-0.002562851929807791j),(0.001481526135056684+0.0023405328062661504j),(0.0005217490080056935-0.0007782445293659829j),(-0.003240861516413184-0.0025624940366699277j),(0.001482309936655049+0.0023397617359519245j),(0.0004389538995951962-0.0006380986156115818j),(0.000410007819163603-0.0007355506294048362j),(-0.0031050635219674605-0.0024974885320199324j),(0.0014636723634537485+0.0023073302669858325j),(-0.0019073989546484838+0.005623536440798357j),(0.0033295807584378485+0.0015629310100718375j),(-0.000486425923963453+0.0011266656825011136j),(-0.00016642552431511497+0.0006182212486176794j),(-0.00021144788917485833+0.0007974268331905321j),(0.005267507811918895+0.001712389360548518j),(-0.0020612961217148047+0.005776532740989868j),(0.003182480643657531+0.0016485037985999682j),(-0.0006592880887778358+0.000956662132426199j),(0.0005158576056316384+0.000584662677797587j),(-0.003755558825932286-0.0012351229293127222j),(-0.0009225569779580586-0.005065369338408383j),(0.0005714783536824811+0.0005279994077757369j),(-0.0037354808817169592-0.0012227235708002996j),(-0.0008939879071032938-0.005112626227826529j),(-0.0006170001957718138+0.0005499187351002657j),(0.0013894373226880086+0.0013295191425588106j),(0.0002947382979654606-0.0017704040338878016j),(-0.000621707565431606+0.0005004935353852119j),(0.0007220682759546536+0.0009915541826382988j),(6.025657263804805e-05-0.0006275417805809625j),(0.00011389719138066216-8.93771534001362e-05j),(-7.7846415392598e-05+6.496042321718046e-05j),(-1.911290851403202e-05+0.000543423385177289j),(0.00015249720511997588-0.00017542367703672298j),(-0.00012580854823014047-0.00014919120982575629j),(-5.9209427751179646e-05+0.0007515474273367567j),(0.000142787349862081-0.00011210715915138051j),(-0.00010941551824378971+4.3738851194499414e-05j),(-1.711150120983242e-05+0.0005612932050113413j),(0.0001890194356046595-0.00031812524315438914j),(-0.0001855809394051228-0.00044966692278794706j),(-0.00010770992498722375+0.0009355712330201471j),(0.00019465946836424975-0.00032947322200128947j),(-0.0001886352366827698-0.0004701284463433414j),(-0.00011142464286720565+0.0009586189477880585j),(0.00018926123115194814-0.0003261475750134942j),(-0.0001898113601637585-0.0004683160404436021j),(-0.00011036379327710062+0.0009396754896367295j),(0.0002740257421124874-0.0002508694162844567j),(-0.00025860515812970407-8.763885602654101e-05j),(-6.656027978500117e-06+0.0006023218595030194j),(0.0005512363191987322-0.0006479468018857951j),(-0.0006041229010689626-0.0004774491938356524j),(5.114272677159151e-06+0.0005539636959490195j),(0.0005750763941095654-0.0006888735286945087j),(-0.0006374126751557089-0.0005153481148212759j),(5.92852780362836e-06+0.000552407079312046j),(-0.0006168825923226272+0.0005499625903295415j),(0.0013898824113888469+0.0013297632575650408j),(0.00029497447778092294-0.001772231446581731j),(-0.0001028894892091279+0.00024306072308437386j),(0.0002562390549925727+8.841869942639142e-05j),(-9.096237518563142e-05-0.00032427829143441534j),(0.003224818879305346+0.0016222126486728908j),(-0.0005495897510683679+0.000533680192167092j),(0.0012569813985951782+0.0012277007331132836j),(0.0002797311889998935-0.00170858460369216j),(-0.0007601932124056649+0.0005735948828356767j),(-0.00024409327431100205-0.0006772167543713297j),(-0.00010555154535205517+0.00035208949403174394j),(0.00013216766902033903-4.217849921883177e-05j),(-0.0003130068290567869-0.00024082674169275843j)
7,(9.935312014719815e-05+0.00011535842813290812j),(-5.606794150236784e-05-0.00026705521300680814j),(-4.328517858429695e-05+0.00015169678486002926j),(3.412981920961301e-05-2.5881334021988405e-05j),(-7.68824175660158e-05-0.00015659708943377285j),(-1.3894114798808991e-05+0.0001371329507914792j),(-0.004682879921301095-0.005972525078722155j),(0.9872553446116857-0.015056547576171073j),(-0.006364149660797718+0.00708834921747478j),(-0.00606261000201379+0.007823902323874128j),(-0.016693949449763212-0.007777467402228693j),(-0.008427758498346542+0.0072322604430048645j),(0.0002140485494451106+0.005935906761625365j),(-5.086799959024067e-05-0.001573203176414975j),(0.005746728786291346-0.003286339791813103j),(-0.0022174248968213797-0.00428087280049309j),(0.0036981416465397612-0.0040129135458563114j),(0.0030962499265083116+0.004070870970285419j),(-0.002802956402547834+0.006727664410107088j),(-0.00024704554354284636-0.0003096205934384935j),(-0.0014679814885080241-0.0001569874361527987j),(0.0005925430086660857-0.0004992425656986238j),(-0.00034749304565787477-0.00019964448210887508j),(-0.0014954639300147946-0.00020345456825730107j),(0.0006483476971930373-0.0006451291918418041j),(-0.0003484341215198725-0.00019767234950681138j),(-0.0014944121374112632-0.00020323498831115692j),(0.0006474934190384297-0.0006468851584263951j),(-0.0003724841934196856-0.00012280504935254562j),(-0.0003363772723924812-0.00010394316959659936j),(-0.0014202130706654364-0.00016810605510631828j),(0.0005906678103927161-0.0006864874127862422j),(-0.0011412172478467769+0.0026066163556157495j),(0.002294086630690236+0.0018411978358836689j),(-0.002255969072449267-0.001500263828151556j),(0.00031136693608104307+8.53063972390631e-06j),(-1.7669930049842584e-05+2.3034125549385026e-05j),(0.00355193773701453+0.0019581160903245865j),(-0.0012020732728701784+0.0026353807511293927j),(0.0021832417653215104+0.0018720341984643004j),(-0.0023550830483170773-0.0014609980235223592j),(0.0008430532404343732-0.001393430720173272j),(-0.00216013192498005+0.000159662288659909j),(0.0013190074718573436+0.001972324191003844j),(0.0008721771344702175-0.0014451311350108026j),(-0.0021755321923598876+0.00011796962748912934j),(0.0013657812359211662+0.002002831761511595j),(-0.00017138865970144085-0.00044576583718297755j),(9.117293448124427e-05-0.0005158193014242972j),(0.00021917577607350125+0.0007975309195890358j),(-0.00024088120211655675-0.00018282490402481556j),(3.883411955692046e-05-0.000302152965758168j),(1.6890624418959988e-05+0.0003663013352088319j),(-2.2819613947165987e-05+7.925830165555656e-05j),(1.8283672825852935e-05-1.156305263727694e-05j),(-8.5617954733871e-05-0.0002185356525727136j),(-8.523629285381589e-06+0.00010794650484251018j),(6.232295700712935e-05+1.6510994805937892e-05j),(-4.900243920395385e-05-0.00027886643336944765j),(-1.2920900086947932e-05+8.946113528662748e-05j),(1.2098828739500126e-05+7.247488439488881e-07j),(-9.344735159321757e-05-0.00023421361626596582j),(1.651973276348411e-05+0.00015414028075026905j),(0.00012020148777431558+6.685229255986185e-05j),(5.685655858144795e-06-0.00032441614262655586j),(1.890619734895224e-05+0.00015850029091135618j),(0.00012537567165338254+7.01393777757941e-05j),(1.1508262933643593e-05-0.00032965139854794696j),(1.7726461402154574e-05+0.00015631031843824336j),(0.00012304819113127487+7.014765889473969e-05j),(7.865455043702012e-06-0.0003255977211969806j),(4.072348659992295e-05+0.00014643907559698147j),(-1.2507104235236288e-05+7.026053980149966e-05j),(-0.0001206286799471732-0.00028941305805530837j),(0.00018445999889283318+0.00029968447066084476j),(-5.4088084542884725e-05+0.000261243092084606j),(-0.00014803656282103705-0.00035688275336041945j),(0.0001977792359379201+0.0003154677672405485j),(-5.6881455579814704e-05+0.0002801038944363856j),(-0.0001515535770018072-0.00036410976096665703j),(-0.00017119368474101694-0.0004461879277384641j),(9.105862678391165e-05-0.0005160325531283947j),(0.0002195388837820313+0.0007982388692955613j),(-5.974541112939915e-05-0.00014766794389762877j),(-8.979465278436395e-05-0.00015410994959090142j),(0.00015609058958451452+7.032427203031193e-05j),(4.608101952603889e-05-0.0013717306323416192j),(-0.00014035068808773178-0.00043711159287201386j),(5.567306700267219e-05-0.0004797867850715701j),(0.00021846621536906585+0.0007718648475962485j),(-0.00029194864705615377-0.0001691328009639202j),(0.00014523294443341783+0.00010928663813406913j),(-0.00013837928923638815-0.0002640307453052897j),(-0.00023804884954429942-0.0002340613109666615j),(0.00022081546785838294-0.00011636715088128691j)
8,(3.7314899375030845e-05-9.350401103034266e-05j),(1.4651648579632969e-05+0.00037396072360528225j),(-5.196654798336524e-05-0.00028045671258465307j),(1.854918527219055e-05+4.8747713337637494e-05j),(-2.3243114688523023e-05+0.000150429960949995j),(-4.0069902985950904e-05-0.0002586477289868958j),(-0.004225412421679365-0.0007030459397190632j),(-0.006364149660797718+0.00708834921747478j),(0.9903129415866218-0.023406593202843374j),(-0.005537125995251739+0.004841545422674678j),(-0.008533775953814398+0.007382417714878435j),(-0.012502349169019534-0.009222078356934641j),(0.0051631604294917165-0.0017664300653190204j),(0.001396466531360863+0.002986001514411428j),(-0.007188638256040089-0.0052907680259411055j),(0.0013410572091966239-0.0012379556472149854j),(-0.006407868941782864-0.008977929870846245j),(0.004920690659680459+0.009718839422279696j),(0.0034287478152858026-0.0036399695133998303j),(0.00018605157605701742+0.0026151175795145988j),(-0.0010445724241286286-0.0027231593121330028j),(0.00019671476086321115+0.0014402121321864594j),(0.00036506908844504066+0.0030903272130410418j),(-0.001167941879019844-0.002992364164285971j),(0.00014136728774961742+0.0015122587265086877j),(0.0003674060604616047+0.0030927383172814314j),(-0.0011686072588528136-0.002992706510998331j),(0.00014095723849866628+0.0015124553261848242j),(0.0004416798579339855+0.0031461915538690357j),(0.0005693344378568055+0.0032966029002946097j),(-0.0011630665979763875-0.0029428189367310138j),(0.0001407969618902826+0.0014947112303375j),(0.0021713368237692068+0.0032662274226689294j),(-0.00042821034172360953+0.0003245569530301675j),(0.00028131326731935897-0.00011050463749392395j),(0.0003140418265365451-0.0004155892109430951j),(-0.0004614090568618057-0.0011566248934368742j),(-0.0005218731116881899+0.0007896065570710429j),(0.002159600945857906+0.003040853365282246j),(-0.00037446655255104176+0.00037162055162561543j),(0.00027318261457444284-0.00020218892849555806j),(-0.0021049429570806377-0.006763260389120624j),(-1.5454152347233168e-05-0.0008122936971300383j),(-0.0005079149338847995-0.00030356406778399324j),(-0.002135020626893548-0.006824455486163386j),(1.595651755701994e-06-0.000740743717688982j),(-0.0004981807734722515-0.0002580826900369838j),(0.00018669383988806213-0.0017840429062764627j),(-0.0009645723948377206+0.0004262143522210894j),(0.0012227317040870021+0.003378422858299152j),(0.00016211225384670956-0.0010559742816404639j),(-0.0005939651053090973-2.3135300813916394e-06j),(0.0006435746339158255+0.0016559538576585975j),(-5.249947895883769e-05+0.0004458911215618571j),(-2.3747916130175913e-05-0.00024754096908399413j),(-0.000197803625314112-0.0005219044723256522j),(-0.0001863902197592848+0.0007110634271972293j),(0.00011088193755362919-0.00028455433583519306j),(-0.00034034086012473143-0.0006516203891259915j),(-3.9502523280900126e-05+0.00048489683697517576j),(-1.0479789759614374e-05-0.0002459360240587114j),(-0.0002127447762798198-0.0005968261585997147j),(-0.0003062382244613035+0.001043678926658331j),(0.00030999236246050907-0.0002811847910131794j),(-0.0004663459935014342-0.0007374036869946222j),(-0.00032400091343820253+0.0010828859162843056j),(0.0003193430352506795-0.00027594889069693074j),(-0.0004833720827042946-0.0007436770971194159j),(-0.0003073701528098123+0.001054045107226984j),(0.00032492201214846404-0.00028342838426623294j),(-0.00046845754193630934-0.0007414662250623879j),(4.574948433563823e-05+0.000689920637992968j),(7.482018291407525e-05-0.00019856947146125545j),(-0.00025677520282202685-0.0008970053819049382j),(0.0003092633586763845+0.0012037547295554482j),(0.00034167748494152864+2.6324387837152463e-05j),(-0.0002612211066883625-0.0014227152888979556j),(0.00033621560644158874+0.0012530777923054144j),(0.0003680162997759268+4.438236251973378e-05j),(-0.0002636581306600216-0.0014767523070288904j),(0.00018654420838944694-0.0017855071392387897j),(-0.0009649975911443642+0.00042661977304589687j),(0.0012232921461509641+0.003380398508703299j),(-0.0002712876818880273-0.0002270684268605353j),(-0.00015470712889299656+0.0003915431259400083j),(0.0006375026635797748+0.0006096302266830559j),(0.002017916986566572+0.006563680710886345j),(0.00015983414344700962-0.0017412663531456546j),(-0.0008925549995325248+0.0004169913188839412j),(0.001136680154552462+0.0031707038394519775j),(0.00019406909849887903-0.001171179740697094j),(0.0005268475727354854-0.0003412468918822626j),(-0.000451389968777686+0.0001045777956874985j),(-1.0729347519284359e-05+0.0007798649164436957j),(0.0010093413938552216+0.0005054168865123854j)
9,(-0.00018848919811595056-0.00018970211416755156j),(6.733555856770771e-06+5.187886247872439e-05j),(0.00018175564220667838+0.00013782325172269447j),(-0.0001692643242626423-0.00011895403750531813j),(4.35356400957358e-05+8.992570437916334e-05j),(3.590366961786299e-05+3.556236568261434e-05j),(-0.021415399603012177-0.004509827627831017j),(-0.00606261000201379+0.007823902323874128j),(-0.005537125995251739+0.004841545422674678j),(0.9703070313408347-0.01040927878702782j),(-0.008393071408374845-0.0010815263294647048j),(-0.007277560669307927+0.001928954472879622j),(-0.023954830963903422-0.006627440661064729j),(0.0029716584868902463+0.0013007429516357083j),(0.012657441163797214-0.013096226758864566j),(0.008290124534418143+0.004057854661842768j),(0.01576875421512382-0.005523100365307072j),(0.001564107237931166+0.009060371428395067j),(-0.01240164083910276+0.0025389112409702833j),(0.001090337268542969-0.0012988023740351023j),(-0.0047943430517925194-0.0036222934741615524j),(0.0017591316227429108+0.003629407323206475j),(0.0008155663983039877-0.0012094999647400948j),(-0.004814605670845389-0.003857082208272097j),(0.0020384842634382874+0.003715738092421048j),(0.0008113397578351466-0.0012046726968536333j),(-0.0048111042077979005-0.003856462728189706j),(0.0020397533636118473+0.0037148270291652904j),(0.0006891746033310705-0.0009977870958969362j),(0.0006366863613436257-0.0011595130344708615j),(-0.004614495917198496-0.003756901103156164j),(0.0020208466172057784+0.003673771900661836j),(-0.0026189398512888613+0.008449451669445851j),(0.004810048325860257+0.002415741863173346j),(-0.0003299018213883025+0.0021682899764767956j),(-0.00030111443737945937+0.001019962008542024j),(-0.00030552261920070473+0.0013243003263329256j),(0.0075864256773282325+0.0026581120942470414j),(-0.0028423900228823837+0.0086881994684287j),(0.00460605218034323+0.0025430974588025665j),(-0.000573102456359738+0.0018999403484611134j),(0.0006005101770203435+0.001297749052697981j),(-0.005426302782824667-0.0018902568703548827j),(-0.0016284404407475453-0.008249435458789332j),(0.0006786485868440621+0.0012158387383709658j),(-0.005394839364477547-0.0018719449250724149j),(-0.0015932483656494543-0.008331780796471667j),(-0.0009321689225363784+0.0009423274812982215j),(0.002145613904393308+0.002108606654584206j),(0.00042864844726996326-0.002916510041587406j),(-0.0009161545002562804+0.0008048206382810811j),(0.0011223565928694893+0.0015613939094995164j),(9.95458092441771e-05-0.0010567292707974927j),(0.0001861993587486976-0.00016644560911839178j),(-0.00011905720436221713+0.00010138612342320999j),(-1.345217124041736e-05+0.0008815019904736084j),(0.0002478328386975413-0.00030551786798336904j),(-0.00020333061892196218-0.00023085883862824976j),(-7.991799953844777e-05+0.00121324591731056j),(0.00022848544929456518-0.00020368266738658063j),(-0.00016699861360185863+6.714237973245952e-05j),(-9.762702742905716e-06+0.000913237529707603j),(0.0003038950797464809-0.0005342034972568722j),(-0.0003098884307489824-0.000698882510772689j),(-0.00016301737392875883+0.0015055778773668464j),(0.0003127227128096637-0.0005526015558375268j),(-0.00031568733634965694-0.0007307633512117378j),(-0.00016955676010256028+0.0015420248525455436j),(0.00030413221118830375-0.0005469175388264841j),(-0.0003172425446797359-0.0007279403377458652j),(-0.00016749620180699684+0.0015121802064790668j),(0.0004180564825242413-0.00042874815762579356j),(-0.00039510083525979477-0.00014418846276373397j),(6.947342670412106e-06+0.0009931186897449045j),(0.000810098481551979-0.0010674907818017092j),(-0.0009281838600088323-0.0007693143302266144j),(1.870463708959505e-05+0.0009467393709255094j),(0.0008435294336911352-0.0011332803281316078j),(-0.0009797686864393862-0.0008300603772825356j),(1.9498851496721638e-05+0.0009473288864712275j),(-0.0009320389451822034+0.0009425040261471064j),(0.0021463231551466524+0.0021090142739657843j),(0.0004289554047590459-0.002919482743628029j),(-0.00015144672039613344+0.00039429727758766926j),(0.00041080749673669606+0.00014583335770669472j),(-0.00016804695014046333-0.0005321777182540119j),(0.0048266357798202935+0.002410292983252624j),(-0.0008338750449321602+0.0009166806357141055j),(0.0019461994635951662+0.001947601249296163j),(0.0004052975628403091-0.0028148630388804825j),(-0.0011199799540419484+0.0009152029059083201j),(-0.00040947912008321244-0.0010535572779456523j),(-0.00014867681599590172+0.0005627902432593819j),(0.0002351498079568117-6.225839253732671e-05j),(-0.0005314652115308163-0.0003907192694815557j)
10,(0.00012473387779850475+0.0002120725799762233j),(-8.102947551182588e-05-0.00016798917266395926j),(-4.3704402189027965e-05-4.408340732327612e-05j),(3.445774586344014e-05+9.445195122928561e-05j),(-0.00010579787062774294-0.00014266401713829114j),(-1.5373004694749425e-05+5.246169781382017e-05j),(-0.006042252401433618+0.0076787332048938155j),(-0.016693949449763212-0.007777467402228693j),(-0.008533775953814398+0.007382417714878435j),(-0.008393071408374845-0.0010815263294647048j),(0.9770085725443147-0.019844872034048187j),(-0.011402123076072058+0.011575974919586906j),(0.0007653984068869985+0.008859638236296173j),(-0.0010971674151239738-0.003261409461481353j),(0.008074851173580911-0.0038406951963409156j),(-0.0034215704964066416-0.006267387620310835j),(0.005472006994496553-0.004849932250591285j),(0.004415519488399144+0.005555394177160514j),(-0.0034269396025938086+0.00990674213549204j),(-0.00046414073172450633-0.0004588583983867272j),(-0.0019583345664465827+3.080310538158479e-06j),(0.000639481793098016-0.0008891600169903865j),(-0.0006158573142513518-0.00032077528986834605j),(-0.0019925817892335216-4.5714460326641906e-05j),(0.0007077211328365869-0.0011035250965146636j),(-0.0006171560381348796-0.00031816330166843133j),(-0.001991116809500157-4.5306648095138485e-05j),(0.0007065515073936108-0.0011059605629494358j),(-0.0006481050606460848-0.00021646102471089158j),(-0.0006037831937870819-0.00019464553271015227j),(-0.0018882285773848947+6.635905144958612e-06j),(0.0006314635973797269-0.0011569254214458544j),(-0.0015823461187690676+0.0035808092863320673j),(0.00321742266519156+0.0029095996742311845j),(-0.0031264399459013433-0.002017220222786699j),(0.00044733804458371+1.3732414956416257e-05j),(3.256642781290168e-05+4.8933551938514126e-05j),(0.004943120846540144+0.0031062818534341617j),(-0.0016588208234260332+0.0036207557297490787j),(0.003065080610286975+0.002947130551943755j),(-0.0032521356255877524-0.001946851914767806j),(0.0012307405872195587-0.0019065788242160712j),(-0.0029473711641489295+0.00029754450901197955j),(0.0019801201572948214+0.0031014931197528703j),(0.0012697531651285538-0.001980276122276147j),(-0.0029732910931553396+0.00022927697280113722j),(0.002044453988441855+0.003144488804758952j),(-0.00023315752320861522-0.0007059252871483978j),(6.289984334127393e-05-0.0008557378313095872j),(0.00032540319088594224+0.0012552442964499646j),(-0.00032825097675934776-0.0003065742546938027j),(2.213529678551552e-05-0.0005046691612734331j),(3.438762795188307e-05+0.0005733004783976423j),(-3.43700244282765e-05+0.0001240764965217446j),(3.579954250111566e-05-1.0671545598151151e-05j),(-0.00012341403495657346-0.00034258778043693534j),(-1.0495786046761982e-05+0.0001657643496330392j),(0.0001028219024538146+4.041153179890327e-05j),(-6.908490742460092e-05-0.0004493388991104853j),(-2.1642244081429812e-05+0.0001411308629368673j),(2.8308769756110904e-05+9.002210950096508e-06j),(-0.00013552656651200128-0.0003658576729272248j),(2.8769226840870627e-05+0.0002321029596449863j),(0.00018954099743984397+0.00012493316380880103j),(1.0866265289044883e-05-0.0005374321251820095j),(3.248490522742139e-05+0.0002380725998713134j),(0.00019723503887867673+0.00013028332893642343j),(1.930483577835217e-05-0.0005476511600917307j),(3.06542359499709e-05+0.00023538437987270046j),(0.00019382555507322342+0.00013051971167384432j),(1.4085246342354811e-05-0.0005397912310834707j),(4.7882173153904585e-05+0.0002336988156807575j),(-1.1777342637498783e-06+0.00011769762871216029j),(-0.00017927677263290478-0.0004483226618886761j),(0.0002355753069227996+0.00047613447076967825j),(-5.0071335720134854e-05+0.00041004805455413214j),(-0.0002306229216956052-0.0005502903582661436j),(0.00025302814840897215+0.0005012364319074321j),(-5.302247508713354e-05+0.00043910920602337455j),(-0.00023686948857540725-0.0005611787925418418j),(-0.00023288215860112774-0.0007065424329634988j),(6.271062729618093e-05-0.0008560852901237813j),(0.00032593105836759814+0.0012563625219155885j),(-8.817912437903501e-05-0.00023882727902864591j),(-0.00014708201517562406-0.0002477738502772216j),(0.00023577990496801267+0.000106823570143681j),(-0.00027770739799329834-0.002342996434646457j),(-0.00019022437255634064-0.0006886740200155376j),(1.7873223412211104e-05-0.0007961188362849438j),(0.00032373748816419927+0.0012137870797249567j),(-0.00039707306894638415-0.00029131761088104467j),(0.00022749532799951132+0.00019757317960831746j),(-0.00021101602343662475-0.0004283731669325419j),(-0.00036733584811814374-0.00037616779065663235j),(0.0003337015823309765-0.0001905037962895934j)
11,(4.2820293655043777e-05-1.3377350992224018e-05j),(3.894201722819533e-05+0.00015812328772780613j),(-8.176231090792584e-05-0.00014474593674272034j),(2.2752039495831534e-05+4.7511267253424604e-05j),(-2.609547838980681e-05+6.616423962132177e-05j),(-6.841750295369763e-05-0.00012287051926067842j),(-0.005459692446100773+0.004668297562732202j),(-0.008427758498346542+0.0072322604430048645j),(-0.012502349169019534-0.009222078356934641j),(-0.007277560669307927+0.001928954472879622j),(-0.011402123076072058+0.011575974919586906j),(0.9822334947791429-0.02928464576837075j),(0.007712956799696209-0.003516584670035603j),(0.002156955455595658+0.004650212199924715j),(-0.012062676411861692-0.008354205933451654j),(0.0020880818332215723-0.0009212172886948252j),(-0.00977796728064508-0.012912053776268272j),(0.007181638298169519+0.014300616019730223j),(0.00548823995077859-0.00640234189260061j),(0.00026954928016154154+0.004237797263905241j),(-0.001403694982356768-0.004062996830789741j),(0.00019720975009175678+0.002210495891183638j),(0.000543346317391187+0.004962271217877181j),(-0.0015872692432909387-0.004463166370879603j),(0.00010824678808290297+0.002340263806664669j),(0.0005469469376895111+0.004965628899359565j),(-0.0015884230560597968-0.004463657061986801j),(0.00010777538171463522+0.0023409012083018296j),(0.0006620021688752203+0.005034406193218914j),(0.0008440459892949833+0.005266385015739796j),(-0.001589452569239585-0.004389801055587164j),(0.00011642590268497871+0.002324393181468531j),(0.003431781909606158+0.004695092857972597j),(-0.0009354492097418199+0.0004066262900064995j),(0.0007572482362769549+0.00020766198888264725j),(0.00043165234668622447-0.0006649432277537242j),(-0.0006772791902285612-0.0018435851985798063j),(-0.0012374107735570756+0.0011107875844680376j),(0.0034229462278206352+0.004330170947343646j),(-0.0008407693946246254+0.0004733481636561639j),(0.0007602707777423241+7.1533121747425e-05j),(-0.0033498901377974344-0.010581179696550501j),(0.00017999835311787978-0.0012460325081139324j),(-0.0008922813320640919-0.0005453222740762154j),(-0.003398973109415028-0.010671254579459374j),(0.0002078057474872246-0.0011310752783421033j),(-0.0008826823832057615-0.00047853043739500624j),(0.0003030179942710569-0.002862643311554725j),(-0.001560398508884168+0.0006742782177930227j),(0.0019331827248347394+0.005369562138411495j),(0.0002769608316850966-0.001685140337671599j),(-0.0009512872379907818+5.8102490576632465e-06j),(0.0010307245248598212+0.002646570134458432j),(-7.620276177855556e-05+0.0007267947614970705j),(-2.6860140482417932e-05-0.0003800335476765234j),(-0.00030342841526908193-0.0008132284731787794j),(-0.0002856916294293429+0.0011410431033467019j),(0.0001778450667196798-0.0004385229654462774j),(-0.0005354567841579452-0.0010369807468489098j),(-5.7093980611215984e-05+0.0007898612574201228j),(-4.153169146190366e-06-0.0003784733585877292j),(-0.0003268469856607725-0.0009308980123277916j),(-0.0004757099077918862+0.0016544156105571246j),(0.00047970799327272525-0.00043979350005600394j),(-0.0007456569291790308-0.0012003578678877582j),(-0.0005037223416053524+0.0017148671931020059j),(0.0004934894059907119-0.0004323669128987796j),(-0.0007737123820117735-0.0012134951139453265j),(-0.00047763046934525314+0.0016703855758998225j),(0.0005025674013984373-0.00044357148870757075j),(-0.0007494575560583104-0.0012077222821581433j),(6.859668505577202e-05+0.001115287035087739j),(0.0001364662318707744-0.00031342737520792833j),(-0.0003980715001795801-0.0014067249743937168j),(0.0004565044123729368+0.0019149626843989864j),(0.0005634277896367199+4.987293437445483e-06j),(-0.0004171014506681437-0.002254601158062307j),(0.0004964988506682667+0.001991864260213207j),(0.0006054458438634916+3.011462006456819e-05j),(-0.00042208869263964344-0.0023415543095377917j),(0.0003027606959653885-0.002864981397664838j),(-0.0015610817067277223+0.0006749084792130123j),(0.0019340422066956527+0.005372674860976709j),(-0.00042681207848039714-0.0003578215100002607j),(-0.00024410561346024473+0.0006274526848499927j),(0.0010058945452594177+0.0009711533060660568j),(0.0030910068897851274+0.010436556543840158j),(0.00025889841146355374-0.0027911018414973096j),(-0.0014418025205983416+0.0006598396079306587j),(0.0017957408410005623+0.005037726359237708j),(0.00033191491974942744-0.0018700277758545297j),(0.0008142425489920129-0.0005352208025624621j),(-0.0007035380683051092+0.00018360121606129178j),(-1.9873423614113656e-06+0.0012557497333720562j),(0.00159707359451236+0.0008167930343930815j)
12,(-0.00019182984390520193-0.00012944540676813342j),(-4.718814185255607e-05+8.635013960234795e-05j),(0.0002390179857181595+4.309526717177172e-05j),(-0.00017074617238027888-6.699132494890635e-05j),(4.699329061790373e-05+8.144876564460327e-05j),(0.0001006712281381259-1.674993008451815e-05j),(-0.015077523090635831-0.003387725786794405j),(0.0002140485494451106+0.005935906761625365j),(0.0051631604294917165-0.0017664300653190204j),(-0.023954830963903422-0.006627440661064729j),(0.0007653984068869985+0.008859638236296173j),(0.007712956799696209-0.003516584670035603j),(0.8472522232290337-0.09270067895156392j),(0.02315671779830283+0.025932509869241532j),(0.0325094008644194-0.053121627143060596j),(0.042525036805409214+0.03155142102940359j),(0.059149148323371994+0.007652251311599651j),(-0.0012613333116605618+0.022888167345981335j),(-0.030246619224423316-0.010268297821923091j),(0.005564774694861238-0.006161553027804438j),(-0.018317738307423996-0.01581497129157238j),(0.000753794862951609+0.023024287247527284j),(0.004770489125071997-0.006590504335654822j),(-0.018418289911546412-0.01653307462065117j),(0.0015113148659710442+0.024219910108218223j),(0.004756590540791553-0.006576111390267657j),(-0.018406703211800036-0.016526961133036158j),(0.0015222786723977934+0.024225896553369243j),(0.0043955789379324026-0.005817642958098323j),(0.0037725249850968324-0.007143961200299361j),(-0.01777854388222736-0.01603004240571326j),(0.0018564244010521448+0.024345722704065167j),(-0.0013958358250216862+0.03644693030760998j),(0.012981952455026454+0.01282183737940977j),(0.01381361194283811+0.02795781565181856j),(-0.0032852325806612863+0.008274714842680112j),(-0.0009496104624757496+0.011067181878679997j),(0.019586617927320756+0.01446258476069915j),(-0.0020504280648444007+0.037855070436940294j),(0.012780832445745436+0.013328488245659222j),(0.01341083505740466+0.026273366912415268j),(-0.004353035097769834+0.023190669405763503j),(-0.014692244890001694-0.009201294907192813j),(-0.016399982489284093-0.06119067536987347j),(-0.004234365768114059+0.02297006241649132j),(-0.014505141785026567-0.009140330039493931j),(-0.016548040857545052-0.06200215380322957j),(-0.004176011554873905+0.009180091852830877j),(0.0117153075549123+0.013546393592076642j),(0.0010216581045450184-0.023560109033196816j),(-0.0031895547450582337+0.005808695399594024j),(0.006428037401175079+0.009583541733820457j),(0.0006450729400478009-0.009517900215324646j),(0.0014009803056780445-0.0021519743512835674j),(-0.0006065044162369438+0.0005595889176291283j),(0.0005723726258427932+0.00647337991959003j),(0.0018225286514916975-0.0031666125120463004j),(-0.0014786681541352365-0.0012679695583394579j),(6.961585535077445e-05+0.008729297032190613j),(0.0015348828824117012-0.002447679498840557j),(-0.000835429262296486+0.00031563937125797265j),(0.000618936966098587+0.006820772058268379j),(0.0021237090113280527-0.004733309207539159j),(-0.0026329872617930463-0.003904894977265071j),(-0.0006605607413437079+0.010704721549331504j),(0.002177922365193353-0.004868061658889171j),(-0.002707300643458479-0.004084727297319375j),(-0.0007224873871965994+0.0109430657910277j),(0.002119700771682564-0.004814417462626869j),(-0.0027065792517023375-0.004069016240262444j),(-0.0006985244530809329+0.01075381656312448j),(0.0020312846123159635-0.004122968532621757j),(-0.001984920591463742-0.0011517047449185833j),(0.0007471948299841173+0.007971234066721103j),(0.0027106576240422103-0.00861497337741677j),(-0.004855543306274321-0.005390282419456868j),(0.0005977330188949416+0.009010923258204783j),(0.00275601513644685-0.009076116489149641j),(-0.005142069561224898-0.005801323106951025j),(0.000588047911164841+0.009148911135751687j),(-0.004177319159359509+0.009185647842311823j),(0.011720048362328693+0.013549851935899054j),(0.0010209741192623578-0.023582380452249165j),(-0.00045922096720358565+0.0029276945476533157j),(0.0028367373853431196+0.0011297476393181153j),(-0.0021032033262906556-0.004192355409369659j),(0.019877684425498306+0.008592645512915241j),(-0.0038775727960448274+0.008997244600444942j),(0.010829240846833456+0.012531374605885628j),(0.0009104279026958054-0.022725788865438766j),(-0.0038898345821130787+0.0063260876062152535j),(-0.003559018889807885-0.00591320085064119j),(-0.00013437755059571196+0.003791237624283452j),(0.0025119645285718683-0.0002750738919943648j),(-0.0049151307740878305-0.002878573481247001j)
13,(2.0937981690402593e-05+2.1115635979300192e-05j),(-1.3285932077551506e-05-5.012151445713106e-05j),(-7.652049686690903e-06+2.900587849528891e-05j),(1.3507185103937943e-05-1.0269535302882566e-07j),(-1.0716622133912275e-05-2.527852016896118e-05j),(4.602643860360211e-06+3.219801053161283e-05j),(0.0018329425014076916+0.0003216635732642102j),(-5.086799959024067e-05-0.001573203176414975j),(0.001396466531360863+0.002986001514411428j),(0.0029716584868902463+0.0013007429516357083j),(-0.0010971674151239738-0.003261409461481353j),(0.002156955455595658+0.004650212199924715j),(0.02315671779830283+0.025932509869241532j),(0.958489686781793-0.05525160801139519j),(0.013089290277800921+0.029697093141643136j),(-0.023179308333417577-0.024940501522111712j),(0.01928088492629531+0.026243511925573577j),(0.008836449776097823+1.602962648237019e-05j),(0.016658938551069296+0.03612826689428493j),(-0.005767889334962055-0.0017361245213224387j),(0.0017518669888626384+0.01037995988678102j),(-0.0070740097166071825-0.009693894943471391j),(-0.006475853166284034-0.002279644712049835j),(0.0018565678892710675+0.01104131879404904j),(-0.007457953803372559-0.0104870400177825j),(-0.006478385959716636-0.0022832392460996453j),(0.0018565253789968727+0.011045771581131871j),(-0.0074606636832244486-0.010490229118133538j),(-0.006458917710180954-0.002293082746616275j),(-0.006600378634833577-0.0024419030413983063j),(0.0018946307451571172+0.011217518391488433j),(-0.007451472111787712-0.0103830850405007j),(-0.0018829913081587699+0.0015048364200427788j),(0.004706373379132221+0.018176214626612466j),(-0.0038013473487876486+0.0001241731264326057j),(0.001200975508620764+9.525984827199116e-05j),(0.0025134337645946418+0.0008064925811628407j),(0.005605166064017392+0.0197307948177533j),(-0.0016162009799075556+0.0015509988322283965j),(0.004599313970307658+0.017974636430271865j),(-0.003430474392981226+0.0009123862237899617j),(0.004286605318112786-0.0004367461043573509j),(-0.0007541303823321412+0.004010374278578222j),(0.009019329600743784+0.02011610538143677j),(0.0042700610624320555-0.0005917347259126356j),(-0.0009831637065567784+0.0034782492923386647j),(0.00906953716682151+0.020198212689447596j),(5.193101408138695e-05-0.0043584575397303815j),(-0.0027196774851047274-0.007213178788361854j),(0.0009929775062186815+0.007582274581316971j),(-2.324262725195142e-05-0.002538163918056651j),(-0.001356703657338786-0.004395160288821364j),(0.00036087864939104086+0.0032757872585289305j),(-0.00018178984663760677+0.0006840281099940657j),(0.0004997940529393056+0.00021260306216745089j),(-0.00030716629183715854-0.0021081934140907447j),(2.2375237060485434e-05+0.0007962603048810813j),(0.0008239640136448786+0.000832487054176869j),(-6.167292819733608e-05-0.003214799813295649j),(-0.00021681081879587247+0.0008248354279385031j),(0.0005401415493626569+0.000350239260233367j),(-0.0003708879577820171-0.002192564716077471j),(0.00026458688994477394+0.0009604170894380992j),(0.0011883460185044643+0.0016162435271083763j),(0.00023876434847580359-0.004372004051253374j),(0.0002868434404335713+0.0009619703022878314j),(0.001218974835656921+0.0016598328675113236j),(0.00026772630106345827-0.004509982372389013j),(0.0002757414714887512+0.0009761809821925991j),(0.0012067381987413868+0.001669900308960132j),(0.00025189480310922616-0.0044046479159287515j),(-0.0003782418367307516+0.0015040228176018008j),(0.000714907671939852+0.0010162497225104416j),(-0.000664378744399801-0.002499694617256909j),(-0.0007349268233000002+0.003069228925825075j),(0.0010541311056841093+0.0025816338625630052j),(-0.0012647694866030094-0.0028689572197175004j),(-0.0007653486967872097+0.0032364689809617053j),(0.0010921840347963409+0.0027446024345431476j),(-0.0013272749931837798-0.0029084605250326834j),(5.249197127778281e-05-0.004360314483823817j),(-0.0027212170368668474-0.007215829208128854j),(0.0009944776765940648+0.007589402819003815j),(-0.00026082969103927373-0.0017278872163879995j),(-0.0011472228824153823-0.0017880810881058078j),(0.001004151868426944+0.0005029934755906895j),(-0.01569744515194052-0.022329659344568348j),(8.637886078886967e-05-0.0041229963086285674j),(-0.0025822474774450676-0.0067155769102839125j),(0.000982529150323713+0.007307480481151081j),(4.194961997527869e-06-0.002674848446793098j),(0.001356011553960353+0.002337969773154852j),(-0.0009600647563198589-0.0032017389473857397j),(-0.0020176934339798335-0.0026973277380936194j),(0.0014579605533583677-0.0014446035788082015j)
14,(5.042721699002618e-05-6.614840293200702e-05j),(0.00013250454852697317+3.323383599666511e-05j),(-0.0001829317655017721+3.2914566950024244e-05j),(9.694017153653438e-05-5.144631652961218e-05j),(3.949186057364835e-05+2.3774040664319097e-05j),(-0.00011092359764355812-1.5067029433286446e-05j),(0.008792457470839725-0.008851735566916614j),(0.005746728786291346-0.003286339791813103j),(-0.007188638256040089-0.0052907680259411055j),(0.012657441163797214-0.013096226758864566j),(0.008074851173580911-0.0038406951963409156j),(-0.012062676411861692-0.008354205933451654j),(0.0325094008644194-0.053121627143060596j),(0.013089290277800921+0.029697093141643136j),(0.8982246270376336-0.06905981799646815j),(0.010531474271418022+0.03271556402352521j),(-0.0482665394225585-0.03320289582040501j),(0.022084497044132997+0.0481028988428327j),(0.0353547183545998-0.06449878066642116j),(0.0008314175827558406+0.030911875309087258j),(0.0006746420392685137-0.015705433620078268j),(-0.0026166203006602723+0.011297913237163233j),(0.0021905643121454986+0.034462883881964425j),(-4.754980263344964e-05-0.01723626334237543j),(-0.0032115821447055493+0.01268312072243832j),(0.0022089134442972776+0.034466221267766765j),(-5.908062234184194e-05-0.017237996411033345j),(-0.003208562980248784+0.012698923231331778j),(0.0028123384563855853+0.03428256967589124j),(0.003232711778256278+0.03554141850315519j),(-0.0004529139452758422-0.016992866324338766j),(-0.0028565913201491454+0.013018557714181691j),(0.020885891572475855+0.011437786794360586j),(-0.015580267131677965-0.0020344511011154407j),(0.015797172908590472+0.015521019489814443j),(0.00027199397302529-0.00450952441615438j),(-0.0023131676933504444-0.01225981317520956j),(-0.023153496013987022+0.0009643457396162963j),(0.02118168803926397+0.008799144432457232j),(-0.014650785340506543-0.0019040121408986995j),(0.016384839907032135+0.015024708038394806j),(-0.021499949589691966-0.06278633480174635j),(0.008510096441546811-0.005961712121135962j),(-0.00852108258602428-0.005119676734413527j),(-0.021853595785637222-0.06309984358323997j),(0.008718810343931543-0.005163540489130404j),(-0.008666356489082129-0.004886249129413409j),(0.0022383965375580503-0.019615638470368436j),(-0.01112231265553576+0.0041446525425860616j),(0.011984778609640017+0.03491607271439656j),(0.002532388107863737-0.011159564047120868j),(-0.006408023253982628+0.0003242401286595296j),(0.00687661849027418+0.017752129215348453j),(-0.00023399403143002884+0.005422223327516868j),(0.0002599538803891684-0.0019807005670853433j),(-0.0015468233435590424-0.004701451786072907j),(-0.001470116874815561+0.007835998683130587j),(0.0012234351152202237-0.0023240897879195557j),(-0.0032403603435567146-0.006840167112973448j),(-0.00016938138219491354+0.005872079457281817j),(0.000469079084353251-0.0020082234983715306j),(-0.0016838715293704624-0.005411068938663899j),(-0.0026903407499809747+0.010591330419678267j),(0.0026085385185459454-0.002549854696885087j),(-0.004960233277261167-0.008942754598962054j),(-0.00286389208222753+0.010912560848948276j),(0.0026560056215301914-0.002533814037982444j),(-0.005177444038521719-0.009150539690079814j),(-0.002707853069259562+0.010676388809586853j),(0.002722431925284656-0.002580024336471997j),(-0.005001218260820889-0.009025166632246163j),(0.00027019605295984994+0.0079698493466413j),(0.0015721136668150602-0.001971204089369025j),(-0.002183178523043858-0.008444138755711988j),(0.0016031755975006614+0.012527419461915223j),(0.0044410183434575486-0.0013661812119139874j),(-0.0027412066401777285-0.01438528255564739j),(0.0017538697267726103+0.012971433245066772j),(0.004719086557824294-0.0013370242412046752j),(-0.0028138857253922553-0.01498780904180786j),(0.0022360582345497884-0.019631328912803184j),(-0.011127067460139643+0.004148196805489413j),(0.011989142268848979+0.034935358646245085j),(-0.002569981924704139-0.0022052437327155453j),(-0.0015279299468562214+0.00426761250525972j),(0.0062207529162083535+0.006441210789403328j),(0.015680208670960306+0.0680013215311826j),(0.0019017061945514608-0.01902543994656821j),(-0.010206512912818749+0.00407134319835047j),(0.011083263090704877+0.032702970683849725j),(0.0030443224353746594-0.012413220350321209j),(0.004374430451052537-0.003134889879095701j),(-0.003978827491638619+0.0018712515731473117j),(0.0005442415556473572+0.008815817475750793j),(0.01009636033746146+0.005926464494877788j)
15,(9.081156729244598e-05+9.334741716722386e-05j),(-4.157368801723139e-05-3.873259783654978e-05j),(-4.923787917920425e-05-5.461481932772923e-05j),(5.7200362418183796e-05+5.391792385360387e-05j),(-4.5508954303735974e-05-5.2247518762220683e-05j),(1.493744395853149e-06-7.847994898237927e-06j),(0.005369041906102715+0.0024797528578149527j),(-0.0022174248968213797-0.00428087280049309j),(0.0013410572091966239-0.0012379556472149854j),(0.008290124534418143+0.004057854661842768j),(-0.0034215704964066416-0.006267387620310835j),(0.0020880818332215723-0.0009212172886948252j),(0.042525036805409214+0.03155142102940359j),(-0.023179308333417577-0.024940501522111712j),(0.010531474271418022+0.03271556402352521j),(0.9409979943630785-0.06307070633575332j),(0.010364695254112787+0.03269137290791857j),(0.01802740638262172-0.008688113527757866j),(0.028995419875046224+0.054698515701659935j),(-0.007344409521522744-0.0029340990208698925j),(0.0015716001023759062+0.012475891579132212j),(-0.008727732116652918-0.01587404814166829j),(-0.00790552431354037-0.003656722045469185j),(0.001553798982217464+0.013403233549769009j),(-0.009404392182649534-0.017134505082777328j),(-0.00790501189176207-0.003661057094636994j),(0.0015533438612321839+0.013409419145329953j),(-0.009411164370061594-0.017138441126278388j),(-0.0077762177252031234-0.00366397504280949j),(-0.007805063581096066-0.003983426269476433j),(0.001624523123900551+0.013601080260965931j),(-0.009507444281328513-0.016936016660144774j),(0.00018349554623704745+0.002291714855892175j),(0.006779122355873275+0.020469520596207172j),(-0.008695355255776863+0.0008788725087676766j),(0.001966658954218817-6.031181744336209e-05j),(0.0029024923751328558+0.0014598699013384092j),(0.008069443552558413+0.021252491549604412j),(0.0005302723191049925+0.002428975610403025j),(0.006669367947356779+0.020404717993370305j),(-0.008241929700433281+0.0021021093631933448j),(0.00430823778938565-0.0019861294832406347j),(-0.0010273902064351754+0.007641212127303218j),(0.01443190841283689+0.025439195004010456j),(0.0042461930800956164-0.002220316341309859j),(-0.0013340314455151533+0.0069393745871400465j),(0.014558738514982371+0.02551637917718508j),(0.00024265517313722877-0.005093779641117981j),(-0.003920094233674853-0.010157638377708758j),(0.0009683125880581285+0.010474122676675818j),(0.0003449319906500087-0.0030725150226213757j),(-0.0018165662718095687-0.006379109054923154j),(0.00032913865391983156+0.0045067910419491816j),(-0.00018586220155264758+0.0006699779969179787j),(0.0007520528126862143+9.576073590269194e-05j),(-0.00042384184090941913-0.0028891102186731988j),(9.029568383778696e-05+0.000875665412087813j),(0.0010747111803490498+0.0011470192423428996j),(-7.875314135394925e-05-0.004473460076810983j),(-0.0002513979738436579+0.0008353724876358631j),(0.0008215229717469418+0.00027634121804644574j),(-0.0005064681015751971-0.0029868423350342425j),(0.0003975379393080804+0.0012396278361584087j),(0.0014025023638684782+0.0025454403625701167j),(0.0003295394517533923-0.006073865540415739j),(0.0004279826172008884+0.0012520426353949225j),(0.001433642160087093+0.0026264810557009148j),(0.00037057558578603507-0.00626850970047765j),(0.00041020874734416617+0.001269850139367127j),(0.0014166041465086517+0.0026398497435265404j),(0.00034628446345111134-0.006116121950969467j),(-0.0005695976203642501+0.0016931856221451963j),(0.0011102680279683268+0.0012096105223158024j),(-0.0008952983864669152-0.0032772495567662072j),(-0.0013087454981549678+0.0038433155327854667j),(0.0016509553274578093+0.0035733109005184043j),(-0.0017047372755367015-0.003355937991681518j),(-0.0013727118729556925+0.0040722703437071645j),(0.0017104131757310294+0.0038151380439898127j),(-0.0017886515503911158-0.0033698220208729086j),(0.00024298201016691005-0.005095890314778957j),(-0.003922500142290821-0.0101609682163929j),(0.0009702813877095972+0.010483768006716458j),(-0.0002679752650417656-0.0023007418369509424j),(-0.0016765713222823514-0.002323006380651634j),(0.0013352283910998243+0.0007587408696235392j),(-0.02035136424217826-0.031884344035924106j),(0.0002495651536297296-0.0048490240732523525j),(-0.0037217777521566754-0.009422619756162813j),(0.001008633294241013+0.010070064309212997j),(0.0004774691112694417-0.0032255977606483405j),(0.0014918619903099928+0.0037982747172080793j),(-0.0011832782177977627-0.004369265662070263j),(-0.0028359217380826526-0.0033736094118483463j),(0.002034319076127336-0.0018561339139494433j)
16,(9.454326957659311e-05+7.940664722544656e-06j),(9.887270081273995e-05+6.035540530106149e-05j),(-0.0001934159703966123-6.829607000298518e-05j),(0.00011772637191892052+1.4720855576015357e-05j),(1.0680252286969303e-05+5.593810762440961e-06j),(-0.00010126600029036321-6.349554199058425e-05j),(0.010594191882700698-0.004227080885667853j),(0.0036981416465397612-0.0040129135458563114j),(-0.006407868941782864-0.008977929870846245j),(0.01576875421512382-0.005523100365307072j),(0.005472006994496553-0.004849932250591285j),(-0.00977796728064508-0.012912053776268272j),(0.059149148323371994+0.007652251311599651j),(0.01928088492629531+0.026243511925573577j),(-0.0482665394225585-0.03320289582040501j),(0.010364695254112787+0.03269137290791857j),(0.8317290597255814-0.09332966303956496j),(0.017364876093429366-0.005847136582323609j),(0.042294855162160507-0.0160935806174895j),(0.006675175844059575+0.008980327493804712j),(0.0012468350008053367+0.009742769423053688j),(0.006767970216419237+0.03321886613788681j),(0.010553429942550593+0.011431406711226982j),(4.603333778789229e-05+0.009855889539269636j),(0.005689829852842007+0.03449571081534297j),(0.01059496050500804+0.011447666155861274j),(3.692575093143524e-05+0.009853874880814732j),(0.005679075759427803+0.03449167527134543j),(0.011650334796068737+0.011586207846597193j),(0.013724926432436023+0.01259826993832992j),(-0.0002707572797140314+0.009360002853727595j),(0.0053880278234369324+0.03375597237396099j),(0.024050639916298924+0.009340468023623885j),(-0.01830672961076601-0.012065526294545895j),(-0.008758610470318465-0.001217139405054385j),(0.0009293346032254977+0.016315013599272j),(-0.006363716771267589+0.018075929264405315j),(-0.02515715056190733-0.014772431341959158j),(0.024187431665215448+0.010089452150304712j),(-0.017441287899155812-0.012127253753840935j),(-0.00910625858643002-0.0033103954141702266j),(-0.012675280002547432+0.04486379029271165j),(0.015455083298612402+0.009977306853017863j),(-0.011697337583467577-0.036774965809399734j),(-0.013106920733821926+0.04508737313198937j),(0.015678393365558357+0.010032360448397573j),(-0.011779923485482464-0.03728330756071288j),(0.0036180714682727696+0.025133413032335104j),(0.009376456681338682+0.009094311438421212j),(-0.01179092073149663-0.04214489825538019j),(0.003963639643157425+0.011443997275680703j),(0.0057577668589321495+0.004182438907606707j),(-0.005378774501619209-0.022643181084164625j),(0.00014919390209163072-0.007768046524214994j),(-0.0009255463616386459-0.0017372400223558044j),(0.0019192545447305675+0.00588580265503893j),(0.00020819646810266417-0.008718884320527505j),(-0.002266812740791364-0.0016091155111264755j),(0.0029941612409416203+0.010318669177709166j),(-4.561929968266453e-05-0.008430553102030012j),(-0.0010518154232826542-0.0019467407343325234j),(0.0021071317828163945+0.006654589802697206j),(0.0002363536693996398-0.009098974297322973j),(-0.0038623078674131376-0.0009072933966188025j),(0.004141685401705316+0.015598055943487663j),(0.00027219041836208354-0.009131226622558442j),(-0.00395300963214535-0.0008281008498915261j),(0.004292132216118299+0.016177664477981947j),(0.00021771087291585752-0.009109576591242511j),(-0.003969502454441625-0.0008778668644808885j),(0.004166238491538375+0.01578417937641118j),(-0.0009848500989446452-0.010974519483126504j),(-0.0016105160886579705-0.0024982701603566133j),(0.0029506604233256782+0.010392115430493483j),(-0.003015433866570649-0.014866065735309759j),(-0.0026672499478182696-0.002425811004623952j),(0.0046330370851169235+0.01910224108055274j),(-0.003220789930993212-0.015282601775359018j),(-0.0027839829778321156-0.002446212884360586j),(0.004826373507780827+0.019959994177242334j),(0.0036157992145112415+0.025153448946334565j),(0.009381652934224004+0.009101011657676452j),(-0.011798978181506835-0.042171020326152504j),(0.0030993204144266887+0.004563129122115444j),(0.0032062575851126555+0.0011066694708531176j),(-0.0064840181559950635-0.005529860755173949j),(0.0010968690982627507-0.010159411361305395j),(0.0030650445118041284+0.024056663318570107j),(0.00896968075568057+0.00853004664973402j),(-0.011042235543897367-0.03986788369303254j),(0.004714806249344227+0.012169329469073063j),(-0.0052805982774382304-0.0007354177335776408j),(0.0054200769836325845+0.003837058295410646j),(0.004656400743750219+0.0001482246963632039j),(-0.009575266275846544-0.0010852335858253096j)
17,(-2.7835945258146998e-05+2.2894030980522497e-05j),(-1.5444817880192774e-05-6.618525284534483e-05j),(4.328076318051898e-05+4.3291221883226584e-05j),(-2.2009441673324086e-05+1.1820013277718543e-05j),(9.605476537883286e-06-1.4129885758887555e-05j),(2.6868535074851483e-05+6.107839823059952e-05j),(0.0011792408045388867+0.006291620247269002j),(0.0030962499265083116+0.004070870970285419j),(0.004920690659680459+0.009718839422279696j),(0.001564107237931166+0.009060371428395067j),(0.004415519488399144+0.005555394177160514j),(0.007181638298169519+0.014300616019730223j),(-0.0012613333116605618+0.022888167345981335j),(0.008836449776097823+1.602962648237019e-05j),(0.022084497044132997+0.0481028988428327j),(0.01802740638262172-0.008688113527757866j),(0.017364876093429366-0.005847136582323609j),(0.9116135933807634-0.026202510668467217j),(-0.02992789456769241-0.06196784580362543j),(0.002253596539826226+0.009060935318052115j),(0.018413648831883987+0.027599091781983377j),(0.002955663519076188+0.0240688058323273j),(0.0012331446296056968+0.010047261207444272j),(0.019639401629113103+0.029076084815885157j),(0.0031974784850237526+0.026204820825687883j),(0.001217709500865925+0.010045834921423639j),(0.019636701185784665+0.029079024912802273j),(0.0032022152965562913+0.026212244529151524j),(0.0006337720017368497+0.009280091093965895j),(-6.31844079135302e-05+0.009398303012666424j),(0.019045954919382+0.028431439232828832j),(0.0033076306142371557+0.025547059793539134j),(-0.01972655238210879-0.02700602816343673j),(-0.016913454055961664-0.006506509865274644j),(0.0053667473581094065-0.013105706768806812j),(-0.0017268666944641946+0.0016709132801203015j),(0.00027899071011498093-0.0018915932207158332j),(-0.023271233570129578-0.006112418864388944j),(-0.019596959994407248-0.02754745381244373j),(-0.01694422844542644-0.007901651705916717j),(0.005428974914184811-0.014186393176922628j),(0.012054767848913385+0.023180182426905165j),(0.012870214066632527-0.0025255998888652565j),(-0.007692511375008493+0.014551092730102029j),(0.012286750975222846+0.023800531200584923j),(0.012891080272934627-0.0022095198070364343j),(-0.007930154963342102+0.014776127625079287j),(0.0022651829758945268+0.006407822719291386j),(0.001822256676656156+0.004447503803740684j),(-0.0068003504624380845-0.01760431738330626j),(0.00023142536475558723+0.0033304288722459854j),(0.00017837673427614884+0.0031020175038261356j),(-0.0038536923380466702-0.009848747576171215j),(-0.0010997844858815198-0.0012930207002492216j),(-0.0007802473915769967+0.00028117190089516536j),(0.0008420354764235482+0.0016614594690267425j),(-0.001240675951935794-0.002199563454670532j),(-0.0003467178663063038-0.0005112281252005078j),(0.0013566886002454271+0.003744875442449339j),(-0.0011139251573641545-0.001398471574271218j),(-0.0008529535012922917+0.00023051760609264234j),(0.001006631309799584+0.001884874388409365j),(-0.001214460914796681-0.003355136744806527j),(0.0003821766553427325-0.001652400069848502j),(0.002030043009314488+0.0058992954464698235j),(-0.0012203164416205818-0.003459009642557985j),(0.0004320674144152809-0.001720218825528981j),(0.002097820777693849+0.006152059036524084j),(-0.0012064658654400064-0.0034100189026371533j),(0.00042796077286480564-0.0017290504522364455j),(0.0020577961358414425+0.0059623731465148246j),(-0.0010397044293829925-0.0019519308545788427j),(-0.0010401701502798563-0.0001321607671650989j),(0.0018438538516926915+0.0027522214027455734j),(-0.0004467541993830014-0.0033618118328085774j),(-0.0010466258412387163-0.0013109938381626542j),(0.003848370340698626+0.004192311729299991j),(-0.00039768140433611276-0.0035091565396719957j),(-0.0010479780815704474-0.0014253551157294227j),(0.004055637798447309+0.004330066690368395j),(0.002268627875899269+0.006413343623294739j),(0.0018252965133505206+0.004448692295527558j),(-0.006804131611978738-0.01761219251035743j),(0.0015862579929823918+0.0018013506830276416j),(0.0013714172930229924+0.00030340858263302225j),(-0.003658116225101516-0.0016355994072924183j),(-0.013265337985781719+0.016784178237206238j),(0.002214807907836759+0.006238007480544627j),(0.0018296615159034246+0.0040123632582558175j),(-0.0064737578928580316-0.016338544540765946j),(0.00013935479270885684+0.003532287562602491j),(0.0009415336950618467-0.0026610283336521087j),(0.0027957179463611974+0.0024602076775211285j),(0.0022197973914918965+0.00010206160714807641j),(-0.00515269735230426+0.0016071428709654514j)
18,(-7.525085529333187e-05-6.115498747765805e-05j),(-6.819320403833143e-05+0.00010983849436982825j),(0.00014344405934292836-4.868350687960931e-05j),(-8.980787107404684e-05-2.0642844091997697e-06j),(-4.716560389410084e-06+6.771777690233767e-05j),(7.294222299800498e-05-5.691526403523382e-05j),(-0.008635440044084876+0.0020573607391763792j),(-0.002802956402547834+0.006727664410107088j),(0.0034287478152858026-0.0036399695133998303j),(-0.01240164083910276+0.0025389112409702833j),(-0.0034269396025938086+0.00990674213549204j),(0.00548823995077859-0.00640234189260061j),(-0.030246619224423316-0.010268297821923091j),(0.016658938551069296+0.03612826689428493j),(0.0353547183545998-0.06449878066642116j),(0.028995419875046224+0.054698515701659935j),(0.042294855162160507-0.0160935806174895j),(-0.02992789456769241-0.06196784580362543j),(0.8656684131501327-0.055014743036501154j),(0.008377557041174424+0.02798605364339685j),(0.0006009637107494696+0.028414182314469634j),(0.02675913708108926+0.009180737256501278j),(0.007199618554090325+0.0306940279850872j),(0.0008613809555734638+0.0302102299487005j),(0.029018548330291764+0.010720442957836997j),(0.007171869821180619+0.030693182321046238j),(0.0008654354538297133+0.030210485584073816j),(0.02901994986280248+0.010738559443227482j),(0.00608760884344163+0.029859616704721523j),(0.005871598919484506+0.030056627292052454j),(0.0009414550363545803+0.029191781244231316j),(0.028292955875877473+0.010810593033185935j),(-0.03621143614276962-0.012982224312631224j),(0.0012389990917841423-0.026020805856524942j),(-0.02092090401533809+0.004527301346547174j),(-0.0033584755959801755-0.0010473556284084015j),(-0.002256408991525894-0.007334482278303486j),(0.009156543601572089-0.03670341197341059j),(-0.03744470856418114-0.014598796111532659j),(-0.0004657015646383051-0.02607661411949525j),(-0.022700308945844565+0.005062528404752267j),(0.011146709989799962-0.03514479553781328j),(-0.0248694698136869+0.012166401772934867j),(0.008072826849642386+0.0194704413743124j),(0.01190203446177713-0.03510410067613064j),(-0.02446092660662235+0.012920877096719439j),(0.00857582148129742+0.019640252684327317j),(-0.0012933120917777226-0.007488121777819977j),(0.00390701811685076+0.003258214761517636j),(-0.00120478942348107+0.00720916376995772j),(-0.0018914748500249714-0.0007977954715821969j),(0.0027762819773310397+0.0025996140982696633j),(-0.0012031097219892869+0.004862963825992094j),(0.00029389646383201103+0.003912679643935649j),(0.0010024997250087657-0.0006105304284035121j),(-1.1082333475401196e-05-0.0004027285571483641j),(0.00018704431814763343+0.004090741646824436j),(1.9855770468277982e-05-0.000914804955833402j),(-6.32361062242754e-05-0.0017909132960991561j),(0.0003908975348799745+0.004032157042125193j),(0.0010194269712648645-0.0007776576103320082j),(3.106519687306314e-05-0.0005074987364025796j),(-0.00012093711659074986+0.00383446107228844j),(-0.001399216355401378-0.001609412879307172j),(-0.00029014471515663204-0.0036683893342621277j),(-0.00013007093162446364+0.003796731019516106j),(-0.0014908467493033506-0.0016853218565579314j),(-0.00029686740934782357-0.003882804549324617j),(-0.00014799023696470727+0.003825353665141901j),(-0.0014900908076840185-0.0016383996269248302j),(-0.00031029967889397727-0.0037326613549333873j),(0.00073792091328835+0.004212179283408994j),(0.0009357971989494995-0.0018415600314482163j),(0.0001175945794914886-0.0012261451464944026j),(0.0010860716261681836+0.0034668945040130413j),(0.00021425362268823753-0.004968207027380222j),(-4.472048001496424e-05-0.003460933162251268j),(0.001123650457778555+0.0034052565728130216j),(0.00015318002044885956-0.005281032074925016j),(-6.476249834326325e-05-0.003692243266331224j),(-0.0012916057897480232-0.007500126534675661j),(0.003905805097240172+0.003259359213953969j),(-0.0012041934170404353+0.007212807868176661j),(0.0005025420554611968+0.0008370314575054552j),(0.0007718267727570569+0.002441479562569113j),(0.0004353374182658053+0.0034529675443953833j),(0.024882053909011458+0.0421301555082546j),(-0.0009212927977997068-0.007542803604937525j),(0.0032762079871649545+0.0032254848622059185j),(-0.001040675721701254+0.006970986101450085j),(-0.0024423609684033026-0.0003566745854173192j),(-0.0025357284961084236-0.0017831376591853666j),(0.0023282525816334166+0.005086059668815167j),(0.002076096973157414+0.006514119302032399j),(0.0025549132237570665+0.00735017516981199j)
19,(1.2831362123293194e-05-7.848280781840361e-06j),(-3.6217732120644757e-06-3.125937186134991e-05j),(-9.209588921426609e-06+3.910765263294701e-05j),(8.681421923716114e-06-1.617726241729867e-05j),(-5.954838349091193e-06-7.327550772222283e-06j),(-1.949717723784782e-06+2.827188952208439e-05j),(0.0007123418467656653-0.0008559642270234443j),(-0.00024704554354284636-0.0003096205934384935j),(0.00018605157605701742+0.0026151175795145988j),(0.001090337268542969-0.0012988023740351023j),(-0.00046414073172450633-0.0004588583983867272j),(0.00026954928016154154+0.004237797263905241j),(0.005564774694861238-0.006161553027804438j),(-0.005767889334962055-0.0017361245213224387j),(0.0008314175827558406+0.030911875309087258j),(-0.007344409521522744-0.0029340990208698925j),(0.006675175844059575+0.008980327493804712j),(0.002253596539826226+0.009060935318052115j),(0.008377557041174424+0.02798605364339685j),(0.9825033798245718+0.019025573199404903j),(-0.003975766327503337+0.05216174329282027j),(-0.005721944183694085+0.04319802298558631j),(-0.010547833664864975-0.007997930417071794j),(0.00441214226815006-0.0241205037239552j),(0.001562251003967782-0.025275849537679588j),(-0.010670277639557132-0.008460250284157289j),(0.004239385215252015-0.025006242621928004j),(0.0014077111186378386-0.02603056436109673j),(-0.015538750808428474+0.023319063682055198j),(-0.01431861262942738+0.005154071874475453j),(-0.0016508866898011366+0.0033735508614324977j),(-0.0030456690836727055+0.0020143995353417883j),(0.00945937382673143+0.018075592296131125j),(0.001959965022667711+0.013869540044097555j),(0.0004298279508771462-0.0017987930581829694j),(0.0014672580184107277+0.02365274204255569j),(0.0025053736883011435+0.026022171608485353j),(0.001578038204991992+0.015524786316578647j),(0.009737459528900955+0.01802852661513657j),(0.003272165123204873+0.013312719985818308j),(0.001115500446031381-0.001996165041070438j),(0.005634263775176521+0.022795163235701875j),(-0.0008457401393928139+0.004435163992885432j),(-0.007109591930376831+0.007339235984370977j),(0.005592119599319597+0.022681315776019947j),(-0.0009463831398261847+0.004077866874163225j),(-0.0071522997189850885+0.007445141886864586j),(0.003836971019961653+0.0020872072287422905j),(-0.005928317038847131-0.008281522460014073j),(0.0001906787383444818+0.006597604261713337j),(0.002148926867484271+0.0003399651763603285j),(-0.003313406101292833-0.0046240220268647676j),(0.00032859387325212357+0.0035547475688856005j),(-0.00096124518975371-0.0015613333213471351j),(0.000294994941371029+0.0009311158294994597j),(0.00010907182763382649-0.0007403195504026843j),(-0.0012377374124376416-0.0021191671641795458j),(0.0007567217106683356+0.0020235525994627226j),(0.0003108030716994103-0.0018894217212256392j),(-0.0010461021282738552-0.0015690440415598173j),(0.0004179986048140932+0.0010400514755876322j),(8.671713181594224e-05-0.0007796971608451064j),(-0.0013852024541539142-0.00270270249740374j),(0.0014235499255958503+0.0033429839496721004j),(0.0006631370237889364-0.0031548933405349533j),(-0.00141419878905331-0.002796831130508301j),(0.0014634960855708934+0.0034089875903142094j),(0.0006903964751516468-0.0033160397337214614j),(-0.001380882332120827-0.0027047757499566627j),(0.0014682845098892535+0.0034370840314862107j),(0.0006834576508747269-0.0031854197195450443j),(-0.0013236601059625987-0.0015827984452440676j),(0.0010714564282816765+0.0015256276119392498j),(6.154779676964458e-05-0.0009364211219510829j),(-0.001572667649711346-0.0014780143230276109j),(0.002757566533264125+0.002552920003689318j),(0.00023835248246230266-0.0011703655932850292j),(-0.0015966250251010588-0.00148203945416449j),(0.002922521234851796+0.002649790346949758j),(0.00025989572482509524-0.0012028714101748404j),(0.0038394441586124322+0.002091758392780434j),(-0.005931230972461454-0.008285136045740955j),(0.00018975442230859173+0.006602137996320646j),(0.0007164769792009332-0.0012391865946196979j),(-0.0019702619169729508-0.0016757331167190923j),(0.00113130932704919-0.0002046450847236949j),(-0.005789703299598422-0.0167932183189603j),(0.0036370494698495077+0.002203079133185562j),(-0.005532166055308318-0.007789637882820128j),(7.71379323413116e-05+0.00615552645859994j),(0.002379383525084976+0.0003358267207340341j),(0.002015800339262609+0.004653664966583823j),(0.000146302158540485-0.0037059951911177233j),(-0.0028027638013597223-0.0025758628527278913j),(0.0015616814023773668-0.002962812562850479j)
20,(-2.096509119728207e-05-2.891471372938785e-05j),(-4.432794184705498e-06+2.973422378571695e-05j),(2.539788538861783e-05-8.195100459769029e-07j),(-2.157693152320488e-05-1.6412238053179787e-05j),(2.154770219274159e-06+1.6594118553703093e-05j),(7.278004215311653e-06-1.7199327585079572e-05j),(-0.0032308675647737956-0.0024020396214539993j),(-0.0014679814885080241-0.0001569874361527987j),(-0.0010445724241286286-0.0027231593121330028j),(-0.0047943430517925194-0.0036222934741615524j),(-0.0019583345664465827+3.080310538158479e-06j),(-0.001403694982356768-0.004062996830789741j),(-0.018317738307423996-0.01581497129157238j),(0.0017518669888626384+0.01037995988678102j),(0.0006746420392685137-0.015705433620078268j),(0.0015716001023759062+0.012475891579132212j),(0.0012468350008053367+0.009742769423053688j),(0.018413648831883987+0.027599091781983377j),(0.0006009637107494696+0.028414182314469634j),(-0.003975766327503337+0.05216174329282027j),(0.9649383909208692+0.05098355109981541j),(-0.008557353433693862+0.058655770961042714j),(0.0048612546087205815-0.025720473278304283j),(-0.013815164962726986-0.021830528644634306j),(0.006857974839902545-0.022126405319771808j),(0.0047275530171253235-0.02676025624850286j),(-0.01383261930430114-0.022991735300636112j),(0.006796125317875984-0.023114069467217425j),(-0.0012612405483266168+0.0072409528820176275j),(0.0004600724605237803+0.004411388245444976j),(-0.01828806275126834+0.002709222102438208j),(0.003184325302457985+0.0085675722812356j),(0.0013669423952570284+0.019741030880348294j),(0.011038086225563681+0.010785556365169644j),(-0.008104985765696543+0.0243211287815528j),(0.0006798870254318758+0.0023621176272162776j),(-0.0008763213063239787+0.0044731792892170035j),(0.019025888162461257+0.006195293981670695j),(0.0014608969586102083+0.021453847381321868j),(0.011992431535524817+0.008872313192315615j),(-0.00784085983608739+0.023047545985074795j),(-0.0018635507564776013-0.0017624920458169224j),(-0.012293150874384963+0.008145183727777845j),(-0.0019852362688320313-0.006136646979290459j),(-0.0017373939905907703-0.0019104752274323768j),(-0.01224517397473161+0.008419708292823097j),(-0.0017405308334014907-0.006261168276906801j),(-0.0011848257494843386-0.0022102391523178503j),(-0.002781855944153275+0.0010830878462567417j),(0.0029973869925165055+0.00863757587436305j),(-0.0006206940215190409-0.0009321188148918762j),(-0.0010384929082354797+0.0006478761024820839j),(0.0018793123273300964+0.005000223220003265j),(0.0002856416577346294+0.0007971091208797021j),(0.0009150398820349396+3.7720426577580644e-05j),(0.00012502831993094882-0.0009102200564893871j),(-0.00016629280131758917+0.001086068283039766j),(0.001146577754573427-0.00046734714575705574j),(-0.000704045379058095-0.0014303089579249901j),(0.00037320585344471956+0.0008218691212477413j),(0.0009538928456087321+6.600011721278145e-05j),(0.00014340690962337044-0.0011264211157870207j),(-0.0007946365982208299+0.0013058576405965425j),(0.0013027902053229163-0.0011612682402222805j),(-0.001735017288433428-0.002074540562213942j),(-0.0008736973548016366+0.0013424335934348877j),(0.0012966150952119766-0.0012044495562556054j),(-0.0018553366070791894-0.0021348801777339756j),(-0.0008118630510777157+0.001305021060187447j),(0.0013210887717146993-0.0012064696109175444j),(-0.0017676495305663572-0.0021035221710622317j),(0.0006979006303251818+0.0008528773402128064j),(0.0010301797184775652+0.00013802926023762097j),(0.00016755407129445882-0.002176818630604483j),(0.0011368898517447308+0.0007326020736471957j),(0.0008381808121783539+0.0001972830606140237j),(2.0369768525138393e-05-0.004557600672346149j),(0.0011857666298605368+0.0007079624513874087j),(0.0008361471845981926+0.00018476046859576545j),(7.129229578087693e-06-0.004803455755173057j),(-0.0011854684392097526-0.00221187366281546j),(-0.0027848631826255937+0.0010843094327869784j),(0.0029984189668687943+0.00864130719097581j),(-0.001007604284522606-0.0005733738955575585j),(-0.0013891467426757052+0.0003971868852517997j),(0.0015259205744696464+0.0006360457945864906j),(0.010871025988438617+0.028469735091394992j),(-0.0010609210599814528-0.002113228943599001j),(-0.0027307601628643874+0.0010901967977844339j),(0.0028014829324340554+0.007975180188870626j),(-0.0007101625223286472-0.0010325556604562046j),(0.0016439256065727509-0.0017395777652787115j),(-0.002088709225593482-0.000655719005256196j),(-0.0023886873058134262+0.0006837594771049027j),(0.001667870385614197-0.0009554094930110968j)
21,(6.799680649698586e-06+3.555296792243472e-05j),(5.082574208043392e-06-2.283577691142085e-05j),(-1.188225486508581e-05-1.2717191029701037e-05j),(8.21754644340654e-06+2.153795441557112e-05j),(6.341666461241574e-07-1.8962923027350257e-05j),(-5.169905970804793e-06+7.002671615557186e-06j),(0.0012873981713102645+0.002296609943740633j),(0.0005925430086660857-0.0004992425656986238j),(0.00019671476086321115+0.0014402121321864594j),(0.0017591316227429108+0.003629407323206475j),(0.000639481793098016-0.0008891600169903865j),(0.00019720975009175678+0.002210495891183638j),(0.000753794862951609+0.023024287247527284j),(-0.0070740097166071825-0.009693894943471391j),(-0.0026166203006602723+0.011297913237163233j),(-0.008727732116652918-0.01587404814166829j),(0.006767970216419237+0.03321886613788681j),(0.002955663519076188+0.0240688058323273j),(0.02675913708108926+0.009180737256501278j),(-0.005721944183694085+0.04319802298558631j),(-0.008557353433693862+0.058655770961042714j),(0.9676428151634636+0.035568751362467114j),(0.0018780257210793453-0.026876125441817115j),(0.0068350350354871685-0.021788375670442554j),(-0.015728066403233668-0.028835934285487374j),(0.00176567530829829-0.027775819356986253j),(0.006781450690102539-0.02278097330621035j),(-0.01575884275625469-0.029946273743980345j),(-0.0024905009976363838+0.004709239896067481j),(-0.002082446461317619+0.0006185314927508231j),(0.0033940336113331268+0.008053685539896022j),(-0.018169097891971377-0.01094903922370987j),(0.0031318334302231467-0.00030909044320829096j),(-0.004310314015486611+0.023565518491539452j),(0.02089924071416095+0.0006548366098646135j),(7.49907210828636e-06+0.007045909758122413j),(-0.0015855331568030244+0.00940818052946981j),(-0.007098634729143464+0.02703109745931332j),(0.003656759039192466+0.00038467718243195836j),(-0.0025153603594365837+0.0212694608641393j),(0.02312663103787917-0.00021123623010363066j),(-0.00881347301834528+0.011973926700896587j),(0.006556309632733505+0.006670576934365589j),(0.0048295861631901076+0.02415373961562511j),(-0.008946547510043082+0.012026769368016528j),(0.006488902081790163+0.006285570657635613j),(0.004567176771641441+0.02434356471501708j),(-0.0027270619888849754-0.000199864393629755j),(-0.0006740992701873608-0.0026240057693697437j),(0.003162809934712605+0.002445652553283273j),(-0.0010468924211271696-0.0012294432373207655j),(-0.0003867551640054749-0.002466898192072736j),(0.0015556420357249136+0.0004893001824850694j),(0.0010024743093979425-0.0007788064725739534j),(0.00025675210582829476-0.0009965064238387175j),(-0.0007867500328225621-0.0006126503406427533j),(0.001425039622885566-0.0004848288175419778j),(0.0001497959828022638-0.0003318194764287513j),(-0.0008232455273408277-0.0007187721947817822j),(0.0010319377655692008-0.0007696658762534297j),(0.00029882132313639774-0.000992905231230288j),(-0.0008948006577772638-0.0006177725866195346j),(0.001851535968026796+3.884133900561261e-05j),(-1.3426585503571817e-05+0.0006284705363603345j),(-0.0008779365615993837-0.0006441402887695851j),(0.0019019221663433804+8.576754717666904e-05j),(-1.8176593715178322e-05+0.0007013264163985308j),(-0.0008815145015884112-0.0006431028459575674j),(0.0018636261230633785+6.556229532202673e-05j),(-2.7492800463888912e-05+0.0006839194916094917j),(-0.0008813924293521896-0.0006350342059650484j),(0.0011253368159320567-0.0005925261710569372j),(0.00048038056303820046-0.0008563194318830076j),(-0.0014124738901594028-0.00048603642666600853j),(0.0012015421873427406+0.0002729360215559932j),(0.0008518660156356884-0.00010788224070646876j),(-0.0025473331224352474+0.00026400758305140503j),(0.0012178089405745936+0.00034562149230929137j),(0.0008888217001782638-4.7408927038361526e-05j),(-0.0026602363407795+0.0003324334039581855j),(-0.002729803872170681-0.00019721548068422608j),(-0.0006737746404082974-0.002623252747016586j),(0.003165189687580017+0.0024504081169068274j),(-0.0005149107987684519-0.000526045954247369j),(-0.00012390672229495986-0.0011273921745087187j),(0.00012152962957501224-0.00036397483391635804j),(-0.011196350428384854-0.016209504153166642j),(-0.0027027873253438225-0.0001267019481212086j),(-0.0005397294833375799-0.002437846372707052j),(0.0029874220292246674+0.002499470919799315j),(-0.0010573641913993552-0.0014286131907924112j),(-0.00023900011411522818+0.00125007088414065j),(-0.0009195710721410882-0.0016374972962308694j),(-0.0005726801234549397-0.00237669832039198j),(-0.0006631210568585575-0.0015762428594098066j)
22,(1.1608459621110302e-05-8.634989799155222e-06j),(-6.30430357229797e-06-3.536534852235912e-05j),(-5.304156050551914e-06+4.40003383110067e-05j),(6.559666821481313e-06-1.7740670870661245e-05j),(-6.699047394703963e-06-7.997864296286506e-06j),(3.3396052676113095e-07+3.228453927651313e-05j),(0.0005245901373640222-0.0007815800272965114j),(-0.00034749304565787477-0.00019964448210887508j),(0.00036506908844504066+0.0030903272130410418j),(0.0008155663983039877-0.0012094999647400948j),(-0.0006158573142513518-0.00032077528986834605j),(0.000543346317391187+0.004962271217877181j),(0.004770489125071997-0.006590504335654822j),(-0.006475853166284034-0.002279644712049835j),(0.0021905643121454986+0.034462883881964425j),(-0.00790552431354037-0.003656722045469185j),(0.010553429942550593+0.011431406711226982j),(0.0012331446296056968+0.010047261207444272j),(0.007199618554090325+0.0306940279850872j),(-0.010547833664864975-0.007997930417071794j),(0.0048612546087205815-0.025720473278304283j),(0.0018780257210793453-0.026876125441817115j),(0.979800275205718+0.016795136950285623j),(-0.004781664809422836+0.01949543978242585j),(-0.006380410909741188+0.017047450446426967j),(-0.01991031880622031+0.021877502928328265j),(-0.004461031085558453+0.029528254255286105j),(-0.006139168117919478+0.02158690802501215j),(-0.006485324078170479-0.009357882930737867j),(-0.017058561209519884+0.010378743101225295j),(0.008559354800820209-0.017936320696826918j),(0.005090102669599106-0.023061437777774536j),(0.008098329659209761+0.019886380742791754j),(0.0033798487128408323+0.014600371597232684j),(0.0009771526054775082-0.001923068389885171j),(0.0014795056416794597+0.02572919547782312j),(0.0028795680274353347+0.028272046604357427j),(0.0021131110056543364+0.01694740967315113j),(0.01014263087692759+0.019421308056809656j),(0.002984868680350108+0.014621163363484875j),(0.0008611107123609797-0.0020771680563107953j),(0.00674036641841107+0.02412852123026289j),(-0.0012693478647617098+0.004618118838967824j),(-0.007558782058300344+0.008954942939390781j),(0.006650983366215052+0.02395531548017179j),(-0.0013886143490967023+0.004147985144693043j),(-0.007625133650064221+0.009010690295248036j),(0.004142800140615838+0.001800585830425432j),(-0.006552951034976792-0.009106334871113729j),(0.0002771625407227014+0.007881285456038075j),(0.002263882934367289+0.000161105823404048j),(-0.0036729445326711546-0.0050535786691549575j),(0.0003758323967284753+0.004245445005909665j),(-0.0010511227458779799-0.001546356329461027j),(0.0003407826883116816+0.001052962478792253j),(0.00011154949386592977-0.0009091870758904522j),(-0.0013600313312334726-0.0021363788744047612j),(0.0008658377651157353+0.0022270649030367786j),(0.00031575381465246213-0.0022292122739222646j),(-0.0011394121003224845-0.0015426672695067838j),(0.0004749680976523953+0.0011742175931521686j),(8.760908381660233e-05-0.000966328498528882j),(-0.0015324533101056998-0.0027687144565888286j),(0.001614431778139041+0.0036310701379893458j),(0.0006783933199912155-0.0036935051848274885j),(-0.0015658283016830427-0.0028706901139249593j),(0.0016590937692910145+0.003700350932655833j),(0.0007053623294028476-0.003878201491577765j),(-0.0015278932319211366-0.0027711657808778202j),(0.0016646798033191185+0.0037316323601310976j),(0.0006999916819754927-0.00372998145416831j),(-0.001424364976719921-0.0015141150714067001j),(0.0011841239245906304+0.001704586152137251j),(5.919763899415939e-05-0.0012092974750935873j),(-0.001666343665972399-0.0013430781908229592j),(0.003001722474235155+0.0027951622092901567j),(0.0002417657607114878-0.0016393441117264786j),(-0.0016895103582933815-0.0013412983911164178j),(0.0031799545368007697+0.0028984603304236887j),(0.00026382811465451957-0.0016921620932647903j),(0.004145604262270617+0.0018051212789841307j),(-0.006556194560907786-0.009110368207859336j),(0.00027622525722246214+0.007886677527829546j),(0.0007415846408993877-0.0014163293223718831j),(-0.0021774661886908016-0.0018332753362155008j),(0.0013107059436231587-0.0001029966254574707j),(-0.006372746089302708-0.017818362825050466j),(0.003938315208455972+0.0019428754468905642j),(-0.006121754588278635-0.008564800119231226j),(0.00014842932054039484+0.007366386636909768j),(0.002493317860851229+0.00014420567864687796j),(0.0022799688007302987+0.005036819085781762j),(0.00010050101968714737-0.0040591930299633235j),(-0.003094448791951223-0.002784237128141034j),(0.0018446069461617344-0.00313376843989574j)
23,(-2.061870361283582e-05-3.0226769591519714e-05j),(-3.552588419731569e-06+3.231480473516362e-05j),(2.417129204475879e-05-2.0880351327918353e-06j),(-2.1052084370202984e-05-1.6888491937276178e-05j),(2.2868748370562038e-06+1.761279289933008e-05j),(6.419851580989456e-06-1.9117890020477904e-05j),(-0.003243290404847473-0.002562851929807791j),(-0.0014954639300147946-0.00020345456825730107j),(-0.001167941879019844-0.002992364164285971j),(-0.004814605670845389-0.003857082208272097j),(-0.0019925817892335216-4.5714460326641906e-05j),(-0.0015872692432909387-0.004463166370879603j),(-0.018418289911546412-0.01653307462065117j),(0.0018565678892710675+0.01104131879404904j),(-4.754980263344964e-05-0.01723626334237543j),(0.001553798982217464+0.013403233549769009j),(4.603333778789229e-05+0.009855889539269636j),(0.019639401629113103+0.029076084815885157j),(0.0008613809555734638+0.0302102299487005j),(0.00441214226815006-0.0241205037239552j),(-0.013815164962726986-0.021830528644634306j),(0.0068350350354871685-0.021788375670442554j),(-0.004781664809422836+0.01949543978242585j),(0.9709841681784999+0.015357448578124778j),(-0.003971136076935175+0.030720607586280906j),(-0.004439577036159599+0.029470095842430898j),(-0.028578300004883768+0.02420516783361697j),(-0.00371169459840856+0.03085572202815203j),(0.010750299526569838-0.024938802180972504j),(0.0001547081749156277+0.005161406804870224j),(-0.011277364007121841-0.011920383413008252j),(0.009688789120868777-0.020004112720034203j),(0.0016200968029570697+0.022426346809699786j),(0.012036312106042679+0.009100848362489884j),(-0.007697539187257841+0.024325829928269323j),(0.0006635589405369167+0.00244972488941559j),(-0.0009266702534016861+0.004551589887604417j),(0.018934275486808157+0.006709629371043971j),(0.002242164032540477+0.020707163151162767j),(0.011322901049819586+0.01075572981613336j),(-0.008299260054615806+0.024536625867498586j),(-0.002250018972081175-0.002080722995524054j),(-0.012507224966098601+0.008672155554592508j),(-0.00206216566724975-0.006472973049629664j),(-0.002192134469412664-0.002285838358995101j),(-0.012474468620628518+0.008801573498936956j),(-0.001849297986995326-0.006726547051538982j),(-0.001247553647913987-0.0022236645319001387j),(-0.0028074454769204645+0.0011970605162513089j),(0.00309432673060607+0.0088652149206526j),(-0.0006250016631144935-0.0009391721984949603j),(-0.0010299053574400528+0.0006908109960818542j),(0.001946754868307145+0.0051248479549279j),(0.00030765092323265626+0.0008072122412944983j),(0.0009387219376184709+7.773822325561901e-06j),(0.00012560747574073372-0.0009405175438187516j),(-0.0001444946934796686+0.0011168297119880481j),(0.0011536116633129563-0.000497052092441845j),(-0.0007169197362429849-0.0014789478807907533j),(0.00039595934032442276+0.0008304192748214414j),(0.0009800834457973607+3.348123448137976e-05j),(0.00014244218935005614-0.0011608157102475428j),(-0.0007764533131310507+0.0013638547418783785j),(0.0012864203720661447-0.0011845262033947385j),(-0.0017650544656146972-0.0021392226208444562j),(-0.0008555901963924556+0.0014033694177130974j),(0.0012785728970273957-0.0012271305375862874j),(-0.001887016685800377-0.002201343121790716j),(-0.0007940308548505167+0.0013640334939421309j),(0.0013033159691009737-0.0012293561349735796j),(-0.0017984451039781454-0.0021686962802398607j),(0.0007217230197089355+0.0008564946453692034j),(0.0010658535963910685+9.7837559110075e-05j),(0.00015831081410396235-0.0022268086502021797j),(0.0011560766692777528+0.0007341493782386114j),(0.0008883670775202146+0.0001554867857964902j),(-1.035013843820199e-05-0.004629225265050401j),(0.0012048426538110654+0.0007087822759723143j),(0.0008879206223043866+0.00014191238111530002j),(-2.560543735684686e-05-0.004877871394806802j),(-0.0012482997868314093-0.0022253637020803914j),(-0.0028105217424435496+0.0011983978550123738j),(0.003095377285171791+0.00886901602567164j),(-0.0010418766639630457-0.0005775268693936886j),(-0.0014070885494270485+0.00044123922301120104j),(0.0015720206447166767+0.0006599320778730633j),(0.011383741882083763+0.02919926063357676j),(-0.0011220789981671165-0.002133519825866695j),(-0.0027572953580157784+0.0012034552451728985j),(0.0028925363120967163+0.008182407574594848j),(-0.0007089624509512467-0.0010425695106222928j),(0.0016111978467323543-0.0017586743856004678j),(-0.0021445100897499437-0.0006488959612815173j),(-0.0024132574601700364+0.0007519785443725314j),(0.0017255236506854815-0.000961543403764749j)
24,(8.498558472069773e-06+3.803406665877768e-05j),(6.299659439781271e-06-2.5229484080195852e-05j),(-1.4798217915069098e-05-1.2804582598297962e-05j),(1.0119314664326402e-05+2.2524567201139968e-05j),(6.209761670651344e-07-2.080246374708365e-05j),(-6.570690447552339e-06+7.880602304715725e-06j),(0.001481526135056684+0.0023405328062661504j),(0.0006483476971930373-0.0006451291918418041j),(0.00014136728774961742+0.0015122587265086877j),(0.0020384842634382874+0.003715738092421048j),(0.0007077211328365869-0.0011035250965146636j),(0.00010824678808290297+0.002340263806664669j),(0.0015113148659710442+0.024219910108218223j),(-0.007457953803372559-0.0104870400177825j),(-0.0032115821447055493+0.01268312072243832j),(-0.009404392182649534-0.017134505082777328j),(0.005689829852842007+0.03449571081534297j),(0.0031974784850237526+0.026204820825687883j),(0.029018548330291764+0.010720442957836997j),(0.001562251003967782-0.025275849537679588j),(0.006857974839902545-0.022126405319771808j),(-0.015728066403233668-0.028835934285487374j),(-0.006380410909741188+0.017047450446426967j),(-0.003971136076935175+0.030720607586280906j),(0.9721335164251327-0.002129035673984588j),(-0.00612064594610702+0.021529848088895413j),(-0.0037123073707583873+0.030860804737491303j),(-0.027313664417695137+0.011928497012052302j),(0.007032985731754138-0.029506369429377483j),(-0.002387580353859785+0.0011834645494087832j),(0.00970632878876149-0.019639965965916918j),(-0.013377035714288244-0.018487127263977835j),(0.003437060987435878+0.0015092674288601903j),(-0.0033440283923650777+0.023311539314392914j),(0.021520664228715982-0.00036777166129629184j),(-2.0633758705863045e-05+0.007393011373057086j),(-0.001619147717867018+0.009886678300232921j),(-0.007478152782157459+0.028422772843482838j),(0.004579253555446598-0.0002771350555500242j),(-0.0033424299791216146+0.023448160930684088j),(0.023040234954540703+0.0004170762072944343j),(-0.009258373910159167+0.013206128019370838j),(0.0070595658665457+0.006912415490634329j),(0.005129610265410909+0.024523389823783943j),(-0.009469638965819267+0.013204833175980462j),(0.006964945440771045+0.006362001922854673j),(0.0048270559995993185+0.02460443085914409j),(-0.002797298413832794+4.089673096410338e-05j),(-0.0006471771629909757-0.002703946177786554j),(0.0031731028175746648+0.0021749964813380443j),(-0.0010518686769739954-0.001173526021117322j),(-0.0003802769632692103-0.002547077981664173j),(0.0015529085494381712+0.00032572500822254137j),(0.0010283803466154867-0.0008944078436246903j),(0.00023703797519527048-0.001026002156502769j),(-0.0008136667067442334-0.000563090080447891j),(0.0014689241653445895-0.0006080161715927494j),(0.00014174894572422273-0.0003460106536487827j),(-0.0008400251196582047-0.0006259938086706981j),(0.001057227327669427-0.0008905356219752331j),(0.0002771671835472262-0.001020845403250193j),(-0.0009235781783708214-0.0005629161612230329j),(0.0019196639850448856-8.226786792696643e-05j),(-1.7397442512791543e-06+0.0006402833473366548j),(-0.0008785144339664404-0.0004948071853829042j),(0.0019725158237900373-3.511954876199907e-05j),(-4.849095530779597e-06+0.0007155137662051225j),(-0.0008804366956737867-0.0004875455367282693j),(0.0019327522805914121-5.533900113645395e-05j),(-1.4741465016871878e-05+0.0006970377252445767j),(-0.000881287654543836-0.00048365277655382406j),(0.0011498060153487775-0.0007295300546325397j),(0.00045403558722223415-0.0008709278239832985j),(-0.0014465785814749-0.0004008145790625941j),(0.001232613996951663+0.00012838739020752579j),(0.0008287465149097114-7.248034304057835e-05j),(-0.002582044793780338+0.00043058225057186414j),(0.001249510542525796+0.00019958034473213692j),(0.0008658425846483193-7.6131298598833275e-06j),(-0.002695105688808863+0.000507260596378129j),(-0.0028001557990241354+4.386399449726481e-05j),(-0.0006467867118873912-0.0027031615983522275j),(0.003175526066489693+0.00217966326059902j),(-0.0005234353500092566-0.0005292444736255363j),(-0.00011223359123994925-0.0012051870615601649j),(8.224969110788875e-05-0.00045147122813873626j),(-0.011905362296091345-0.01734856858383167j),(-0.0027774783885295994+0.0001083704464675283j),(-0.0005084816394942449-0.002513581999028879j),(0.0029999602884101+0.0022469149848970763j),(-0.0010530699121900785-0.001376165666805025j),(-0.00021673431633174184+0.0012738614516891985j),(-0.0009503005537284105-0.0017425180885412353j),(-0.0005900347788861209-0.002567989455412962j),(-0.0007627274643726681-0.0017302327877945782j)
25,(1.1581105599558018e-05-8.619921100844498e-06j),(-6.337305920079203e-06-3.537375593988948e-05j),(-5.243799680990349e-06+4.399367702944433e-05j),(6.524163822150509e-06-1.7725923203503825e-05j),(-6.703436688436935e-06-8.000171948380164e-06j),(3.669577791961638e-07+3.2291922302968407e-05j),(0.0005217490080056935-0.0007782445293659829j),(-0.0003484341215198725-0.00019767234950681138j),(0.0003674060604616047+0.0030927383172814314j),(0.0008113397578351466-0.0012046726968536333j),(-0.0006171560381348796-0.00031816330166843133j),(0.0005469469376895111+0.004965628899359565j),(0.004756590540791553-0.006576111390267657j),(-0.006478385959716636-0.0022832392460996453j),(0.0022089134442972776+0.034466221267766765j),(-0.00790501189176207-0.003661057094636994j),(0.01059496050500804+0.011447666155861274j),(0.001217709500865925+0.010045834921423639j),(0.007171869821180619+0.030693182321046238j),(-0.010670277639557132-0.008460250284157289j),(0.0047275530171253235-0.02676025624850286j),(0.00176567530829829-0.027775819356986253j),(-0.01991031880622031+0.021877502928328265j),(-0.004439577036159599+0.029470095842430898j),(-0.00612064594610702+0.021529848088895413j),(0.9801966546288559+0.01723963060636515j),(-0.004361530170764998+0.019725078685160914j),(-0.005995035424530785+0.01721447392830956j),(-0.0068341413607807995-0.00923315105221844j),(-0.01697916987728237+0.010261107456511081j),(0.008250278151434759-0.017056554121710265j),(0.004796510329227983-0.022304957412407043j),(0.008092680960073009+0.019858575998073575j),(0.003395287187408742+0.014557704505905508j),(0.0009881140700876679-0.0019511328032293185j),(0.0014738968567800416+0.025730909671694516j),(0.0028826537879482516+0.028269264903527432j),(0.0021165119577504173+0.0169459392991419j),(0.010100983717106257+0.01943465241734381j),(0.0029831873515462084+0.014623047124042598j),(0.0008501003592748614-0.0020620203750391676j),(0.006747994184438938+0.02411497206485199j),(-0.0012721300901206475+0.004615916408962868j),(-0.007549314760304042+0.008966836780618366j),(0.006656989078889499+0.02393905560431653j),(-0.0013937206536912912+0.0041436536113623945j),(-0.007617656006395723+0.009020449800002066j),(0.00413970794860607+0.0017943848293170573j),(-0.006550242455949304-0.009102076108502808j),(0.0002770736595527531+0.00788698827459332j),(0.0022614384804565723+0.0001586312147785797j),(-0.003671535206877306-0.005050682839949479j),(0.0003753717782123072+0.004248563025502817j),(-0.001050326722229133-0.0015439324559250516j),(0.00034087100326112604+0.00105308149886854j),(0.00011154286145293345-0.000910082761982277j),(-0.0013591117526615883-0.0021334343687710545j),(0.0008659548645164576+0.002226291456260725j),(0.0003155243595892146-0.0022302894505083063j),(-0.0011385038175565775-0.001540122702962699j),(0.00047496763484379816+0.0011742994098834037j),(8.763387483121088e-05-0.0009674081788894597j),(-0.0015315619517085124-0.002765435319594386j),(0.0016144311581512737+0.0036290287584251728j),(0.0006777627920207144-0.0036949203909206014j),(-0.0015649380590790367-0.002867352899235729j),(0.0016590858688950191+0.003698233953093301j),(0.0007046898168021039-0.0038796362179681675j),(-0.0015270057986767635-0.002767890481540711j),(0.0016646701158545764+0.0037295061182058284j),(0.0006993443861957495-0.003731420053413901j),(-0.001423052965151024-0.0015111961607512994j),(0.0011835961527666516+0.001704359651184227j),(5.926245661832127e-05-0.0012113324944983935j),(-0.0016645460982653221-0.0013399027829515478j),(0.002999649858176069+0.00279387166341437j),(0.00024161255642046172-0.0016437462528479123j),(-0.0016876650544643834-0.0013380913575778263j),(0.0031777367698611896+0.0028970697004442473j),(0.0002636450614091852-0.0016967995985657305j),(0.004142511786425532+0.001798913619889638j),(-0.006553485072853915-0.009106108592558518j),(0.0002761374001084686+0.007892383773934622j),(0.0007406429515216187-0.0014163570404023339j),(-0.0021765062240231827-0.0018325930929578354j),(0.001311017908598674-0.0001012980750391176j),(-0.006373901578990142-0.01780489568053586j),(0.003935525499764274+0.0019368192768431294j),(-0.006119317556673184-0.008560838262426564j),(0.0001484092877264018+0.007371854952178197j),(0.00249041097764623+0.00014157383723992396j),(0.00227983286907746+0.005033664019137978j),(9.9802723673374e-05-0.004057470079248661j),(-0.0030930382660684934-0.002783080738511649j),(0.0018457107233324432-0.0031310305098712493j)
26,(-2.0600044531650224e-05-3.0223349506411888e-05j),(-3.535905716618929e-06+3.2321389401889874e-05j),(2.4135950260338054e-05-2.0980398842667937e-06j),(-2.102943003116964e-05-1.6882744621601492e-05j),(2.2884459999124502e-06+1.7614604404365133e-05j),(6.402494943625955e-06-1.9123640387877895e-05j),(-0.003240861516413184-0.0025624940366699277j),(-0.0014944121374112632-0.00020323498831115692j),(-0.0011686072588528136-0.002992706510998331j),(-0.0048111042077979005-0.003856462728189706j),(-0.001991116809500157-4.5306648095138485e-05j),(-0.0015884230560597968-0.004463657061986801j),(-0.018406703211800036-0.016526961133036158j),(0.0018565253789968727+0.011045771581131871j),(-5.908062234184194e-05-0.017237996411033345j),(0.0015533438612321839+0.013409419145329953j),(3.692575093143524e-05+0.009853874880814732j),(0.019636701185784665+0.029079024912802273j),(0.0008654354538297133+0.030210485584073816j),(0.004239385215252015-0.025006242621928004j),(-0.01383261930430114-0.022991735300636112j),(0.006781450690102539-0.02278097330621035j),(-0.004461031085558453+0.029528254255286105j),(-0.028578300004883768+0.02420516783361697j),(-0.0037123073707583873+0.030860804737491303j),(-0.004361530170764998+0.019725078685160914j),(0.9714076464695254+0.016057502633855237j),(-0.0035921019761294276+0.03096608300613514j),(0.010415326657239715-0.02417812381008432j),(0.00024155734540689763+0.004960060338958265j),(-0.011654120190769418-0.011488659236356478j),(0.009344379250182595-0.019259612240652577j),(0.0016569476429172465+0.022393055642376525j),(0.01203427349052779+0.009064078484117123j),(-0.0076758199889227306+0.024277272396591346j),(0.0006595827255148564+0.002453377856493971j),(-0.0009247424092932175+0.004549039259035726j),(0.01890866186068073+0.00672167646826214j),(0.0022265467941941183+0.02071267519124024j),(0.011307230666036288+0.01077030261491745j),(-0.008299482020721956+0.024547088048134786j),(-0.0022544716285902273-0.0020840834385197453j),(-0.012495322123846155+0.008676952767463641j),(-0.0020607408389752236-0.006466995021582969j),(-0.0021989050894825933-0.0022919424286314844j),(-0.012465148319656115+0.008803070304484625j),(-0.0018504538005711581-0.0067233717933883885j),(-0.0012484607293392932-0.0022225342844766106j),(-0.0028044495707653327+0.001201004480624445j),(0.0030926561814496123+0.008862294684493703j),(-0.000625252736890706-0.0009387525989922839j),(-0.0010285565759931812+0.0006926889260063431j),(0.001945715094057845+0.005122859167605071j),(0.0003077752290907384+0.0008071797117180503j),(0.0009380767120987257+7.136641526809032e-06j),(0.00012550912228887628-0.0009405409170060645j),(-0.00014377205863296455+0.001116953365617891j),(0.0011525648458927849-0.0004975445857380834j),(-0.00071640176798219-0.0014787573686568301j),(0.0003960345499942693+0.000830355020635241j),(0.0009794230504574274+3.272362797612457e-05j),(0.00014231937429236177-0.001160762790999658j),(-0.0007749472009436329+0.0013642313746066613j),(0.0012850216033438023-0.001184713001019088j),(-0.0017637361849359731-0.002138701814628617j),(-0.0008539840587688009+0.001403768434327832j),(0.001277167453151809-0.0012272954419694014j),(-0.0018855999410666833-0.0022007897528085896j),(-0.0007925045734246078+0.001364422788675294j),(0.0013018867838029574-0.0012295236543381862j),(-0.0017971041688887776-0.0021681608334397848j),(0.0007216472597377625+0.0008563354864068559j),(0.0010652411656396858+9.660589209265196e-05j),(0.00015815197132705832-0.002226337403244531j),(0.001155922654960824+0.0007339254001482215j),(0.0008882454631767212+0.00015345368346802654j),(-1.0339918945305969e-05-0.0046276294413489395j),(0.0012046808261334968+0.0007085476787617756j),(0.0008878327214720081+0.00013979625597673392j),(-2.5580606242211904e-05-0.004876175377478316j),(-0.001249208511117484-0.0022242337094358477j),(-0.0028075233171373777+0.0012023440148538171j),(0.003093705848676074+0.00886609454658735j),(-0.001041925564944064-0.0005768694102146678j),(-0.0014056094142179685+0.00044208686502768876j),(0.001571273423970302+0.0006602125026339773j),(0.011379876474967092+0.02919647714393433j),(-0.0011230428315634968-0.00213259131338538j),(-0.0027543782468231258+0.0012071719700160674j),(0.0028909696245521424+0.008179708119682515j),(-0.0007091181659010491-0.0010422178213521423j),(0.0016093100677445624-0.0017586202585813814j),(-0.0021439236056334772-0.0006474301400885836j),(-0.0024107029208523794+0.0007529696809795345j),(0.0017249487773339234-0.000959881393807467j)
27,(8.51908450368577e-06+3.80474986756385e-05j),(6.294999799171764e-06-2.525092609888985e-05j),(-1.4814084306170624e-05-1.2796572596186392e-05j),(1.0132935201277217e-05+2.2524562337402883e-05j),(6.114313722698067e-07-2.0817773839047983e-05j),(-6.575043273342111e-06+7.889690942577518e-06j),(0.001482309936655049+0.0023397617359519245j),(0.0006474934190384297-0.0006468851584263951j),(0.00014095723849866628+0.0015124553261848242j),(0.0020397533636118473+0.0037148270291652904j),(0.0007065515073936108-0.0011059605629494358j),(0.00010777538171463522+0.0023409012083018296j),(0.0015222786723977934+0.024225896553369243j),(-0.0074606636832244486-0.010490229118133538j),(-0.003208562980248784+0.012698923231331778j),(-0.009411164370061594-0.017138441126278388j),(0.005679075759427803+0.03449167527134543j),(0.0032022152965562913+0.026212244529151524j),(0.02901994986280248+0.010738559443227482j),(0.0014077111186378386-0.02603056436109673j),(0.006796125317875984-0.023114069467217425j),(-0.01575884275625469-0.029946273743980345j),(-0.006139168117919478+0.02158690802501215j),(-0.00371169459840856+0.03085572202815203j),(-0.027313664417695137+0.011928497012052302j),(-0.005995035424530785+0.01721447392830956j),(-0.0035921019761294276+0.03096608300613514j),(0.9725210486574688-0.0014872507120881982j),(0.006714369390156286-0.028848889880871864j),(-0.0023073724356152845+0.0009797445672747103j),(0.009363574428760861-0.018887073465080263j),(-0.013692610246071536-0.018045298161017326j),(0.0034676868422000053+0.0014887607007895553j),(-0.0033241587293118546+0.02326285433387405j),(0.02150240687908942-0.0003913997868489525j),(-2.427453684980042e-05+0.007397220879620436j),(-0.0016163633821388603+0.009887419913574731j),(-0.007471712610039188+0.02842270317002126j),(0.004562926729563391-0.0002535103310650419j),(-0.003339586184589593+0.0234609272152458j),(0.02300120355561064+0.0004335222607830852j),(-0.009254459033681073+0.013214791131093124j),(0.0070585440892108175+0.006914228333822391j),(0.005138498356308143+0.02451169626104709j),(-0.009467829332934611+0.013210699446918144j),(0.006961301572814802+0.0063609139529988735j),(0.004834047403624579+0.024589829597310528j),(-0.0027969676720579844+4.4027363536799924e-05j),(-0.0006439951433007541-0.0027016903262379955j),(0.003169072670311999+0.0021699991879199527j),(-0.0010518663475619007-0.0011714765882370798j),(-0.00037863699132501097-0.0025452119754632374j),(0.0015503418907368868+0.00032399978472576457j),(0.001027981611819484-0.0008949876431604332j),(0.00023638483753006648-0.0010256136348150303j),(-0.0008135474298622215-0.0005612607976795071j),(0.0014685921944242635-0.0006090408516613494j),(0.0001413876263643663-0.0003463347587155847j),(-0.0008395047338687307-0.0006234941370583591j),(0.0010568193290442242-0.0008912013508900348j),(0.00027638822867821425-0.001020454125296051j),(-0.0009233677201387673-0.0005610393671241064j),(0.00191954277528728-8.396698319185561e-05j),(-1.5928746280748475e-06+0.0006389391120977354j),(-0.0008774151968755961-0.0004917157466961036j),(0.0019724138942571945-3.687828648779503e-05j),(-4.663022965288328e-06+0.0007140988072330035j),(-0.000879275350563625-0.00048437820385580956j),(0.0019326422317467167-5.7072039901376066e-05j),(-1.4565103681066249e-05+0.000695630970410058j),(-0.0008801661409075268-0.0004805490891183319j),(0.001149447526577117-0.000730710805656622j),(0.00045278010132966017-0.0008706450084055568j),(-0.0014458469356108017-0.0003988531267719742j),(0.0012326665063757023+0.00012571551849198002j),(0.0008267407065508889-7.281375731184488e-05j),(-0.0025799106571114828+0.0004322578001673093j),(0.001249590678907932+0.00019675963592498966j),(0.0008637597939948351-8.00710273938729e-06j),(-0.0026928406330195345+0.000508918920841199j),(-0.0027998246239001726+4.699586998984165e-05j),(-0.0006436033119572403-0.002700905670245923j),(0.0031714948452128354+0.0021746604164895583j),(-0.0005234041287945528-0.0005287042848794508j),(-0.0001115231930174966-0.0012054653463751156j),(8.145026822202364e-05-0.0004519625320004554j),(-0.011908129218603777-0.017348123884537506j),(-0.0027771695939061408+0.00011135777328081077j),(-0.0005055631022524482-0.0025115014471926464j),(0.0029963010225536745+0.0022420624337167495j),(-0.0010530406661676647-0.001373932984796123j),(-0.0002162587523372422+0.0012717687586476778j),(-0.0009502226627094248-0.0017421641651507072j),(-0.000589488585417675-0.0025689833186881774j),(-0.0007634219202805028-0.0017303271007266775j)
28,(1.0714969058377055e-05-7.838752193761813e-06j),(-7.344695531094545e-06-3.5280715006503604e-05j),(-3.370273530808982e-06+4.311946718984598e-05j),(5.4206122000423055e-06-1.6871924220605028e-05j),(-6.820065195779818e-06-8.031896260908937e-06j),(1.3926690899486428e-06+3.215799048155753e-05j),(0.0004389538995951962-0.0006380986156115818j),(-0.0003724841934196856-0.00012280504935254562j),(0.0004416798579339855+0.0031461915538690357j),(0.0006891746033310705-0.0009977870958969362j),(-0.0006481050606460848-0.00021646102471089158j),(0.0006620021688752203+0.005034406193218914j),(0.0043955789379324026-0.005817642958098323j),(-0.006458917710180954-0.002293082746616275j),(0.0028123384563855853+0.03428256967589124j),(-0.0077762177252031234-0.00366397504280949j),(0.011650334796068737+0.011586207846597193j),(0.0006337720017368497+0.009280091093965895j),(0.00608760884344163+0.029859616704721523j),(-0.015538750808428474+0.023319063682055198j),(-0.0012612405483266168+0.0072409528820176275j),(-0.0024905009976363838+0.004709239896067481j),(-0.006485324078170479-0.009357882930737867j),(0.010750299526569838-0.024938802180972504j),(0.007032985731754138-0.029506369429377483j),(-0.0068341413607807995-0.00923315105221844j),(0.010415326657239715-0.02417812381008432j),(0.006714369390156286-0.028848889880871864j),(0.96700086307866+0.03188894462057495j),(-0.011607230897103344-0.00014948760128473924j),(-0.01594081473329699+0.05072488463678419j),(-0.01683772116734847+0.044515981964221754j),(0.00868956072067358+0.016908546239816687j),(0.003367858991331028+0.013160618179141048j),(0.0012796010123828378-0.0032196163470389104j),(0.0012025463347141365+0.025784604265722533j),(0.0029798192765417113+0.02809451302574089j),(0.002220263354177183+0.016598072368287826j),(0.007563585952892835+0.020868984638576078j),(0.0034529425324706133+0.013758390707686079j),(0.0005361039768089957-0.0016465690749263577j),(0.007000717064076595+0.02358030151411949j),(-0.0013258152250911408+0.004501836079558645j),(-0.007142344194164925+0.009271171120154466j),(0.0068808644697252305+0.023283346694109794j),(-0.0015508553405988836+0.004017615964343682j),(-0.0072859126526581015+0.009281895090174722j),(0.003994804612148779+0.0016232607982038646j),(-0.006336939168230783-0.008805005386419004j),(0.0002024981577510382+0.007892503704793542j),(0.002156173605261486+0.0001014060427280087j),(-0.003554608822410212-0.00486551149758158j),(0.00031958465591947307+0.004253559693539431j),(-0.001007450052843955-0.0014621868321263607j),(0.00033828183947539464+0.0010441831567175128j),(0.00012187273834552311-0.0009170477608379861j),(-0.0013086910289366426-0.0020290584750628994j),(0.0008547981674632899+0.002169755904171416j),(0.0003204995948417428-0.002215370745608087j),(-0.0010909498502632113-0.0014561849274934266j),(0.0004667882264250209+0.00116191189999385j),(0.00010070569020089366-0.0009787302463049674j),(-0.001481648777735238-0.0026439863978442815j),(0.0015852585048275335+0.00350888450809909j),(0.0006685617738935765-0.003660302198280045j),(-0.0015147399871085865-0.0027427959781673172j),(0.0016288589651925808+0.003574563169061608j),(0.0006942300948651316-0.0038419000736919944j),(-0.0014774092003454354-0.0026466688620490806j),(0.0016342293880355029+0.0036049788070857216j),(0.000689386793816285-0.0036967289339005067j),(-0.0013601184264864959-0.0014230953422553162j),(0.0011437093610346305+0.00167172654930462j),(7.94506648500894e-05-0.0012469149133601336j),(-0.0015885562981172614-0.001261020296315276j),(0.0028714113002128202+0.002705540463562882j),(0.0002607171959661111-0.0017432499072356942j),(-0.001610429071759869-0.0012599142244048211j),(0.0030410659219383823+0.0028033516934388557j),(0.0002823755473840555-0.0018026598205449045j),(0.00399757462438698+0.0016275839318688548j),(-0.006340090423794071-0.008808949369397325j),(0.0002015690039061383+0.007897896951761112j),(0.0007097942754011145-0.0013856753269188096j),(-0.0021025151457518807-0.001784694608900778j),(0.0012832498993226719-4.8374614343555744e-05j),(-0.006390600549948996-0.017117784105156096j),(0.0038027334223264663+0.001769820912166843j),(-0.005922947979690184-0.008285617116378164j),(8.19949376576225e-05+0.007380606022277887j),(0.0023660016232323047+8.06600155952757e-05j),(0.0022331407600439347+0.004854407520350009j),(9.666233502119655e-05-0.003933025329168543j),(-0.002985061398768553-0.0027117865916553917j),(0.0018368209687178161-0.002987532999718415j)
29,(9.92047505610773e-06-9.483742409157356e-06j),(-8.236313104134354e-06-3.666612264711343e-05j),(-1.684161962614351e-06+4.614986504658689e-05j),(4.6028854651290875e-06-1.8544323211392e-05j),(-6.746233332168204e-06-7.83282068646004e-06j),(2.4720097909217992e-06+3.393690597112218e-05j),(0.000410007819163603-0.0007355506294048362j),(-0.0003363772723924812-0.00010394316959659936j),(0.0005693344378568055+0.0032966029002946097j),(0.0006366863613436257-0.0011595130344708615j),(-0.0006037831937870819-0.00019464553271015227j),(0.0008440459892949833+0.005266385015739796j),(0.0037725249850968324-0.007143961200299361j),(-0.006600378634833577-0.0024419030413983063j),(0.003232711778256278+0.03554141850315519j),(-0.007805063581096066-0.003983426269476433j),(0.013724926432436023+0.01259826993832992j),(-6.31844079135302e-05+0.009398303012666424j),(0.005871598919484506+0.030056627292052454j),(-0.01431861262942738+0.005154071874475453j),(0.0004600724605237803+0.004411388245444976j),(-0.002082446461317619+0.0006185314927508231j),(-0.017058561209519884+0.010378743101225295j),(0.0001547081749156277+0.005161406804870224j),(-0.002387580353859785+0.0011834645494087832j),(-0.01697916987728237+0.010261107456511081j),(0.00024155734540689763+0.004960060338958265j),(-0.0023073724356152845+0.0009797445672747103j),(-0.011607230897103344-0.00014948760128473924j),(0.981841228801714+0.010327893220814064j),(0.005803477483827974-0.009020580814112314j),(0.0027580877270046316-0.012937241597852613j),(0.009739368835920966+0.019790378016818287j),(0.0025732270437655077+0.014893447336809697j),(9.57417110615646e-05-0.0024463090790395525j),(-0.0008707150032576331+0.026667843954518648j),(0.004991371918493843+0.027309562701360444j),(0.0014441682683740047+0.017769435956488455j),(0.011313265243500386+0.019335923781525703j),(0.0028547951307067465+0.01455507584906005j),(0.0002771789917149782-0.0027056208923263913j),(0.006659940066745401+0.023979418815958654j),(-0.0010476305981454211+0.004640650590776811j),(-0.007450085733645286+0.009517386594433026j),(0.006574063504641373+0.02382461172445573j),(-0.0011628553525658057+0.004205705166184915j),(-0.007497477489744751+0.009618364749731635j),(0.004267487938471159+0.0015736331789752535j),(-0.006819468268387696-0.009279153078335408j),(0.000449914136870031+0.008385766495349818j),(0.0022963945066565425+7.076968226489046e-05j),(-0.0038678002432096605-0.005090987590784045j),(0.00042630456900058175+0.004564400424811072j),(-0.001137715364053873-0.0014821354078078824j),(0.00029140995912198123+0.001131348956695646j),(3.663471051296134e-05-0.0009322368441528779j),(-0.0014286260182225373-0.0021144922183877063j),(0.0008608458616322139+0.002326373665884689j),(0.00026779386335765734-0.002353966785509669j),(-0.0012297704840216386-0.0014697744615866377j),(0.00043110500343599524+0.0012519552733148164j),(7.360672984863669e-06-0.0009936751407771326j),(-0.0015514865618990415-0.0028219570644780045j),(0.0016941664422398704+0.0037382074009785103j),(0.0006896724797406002-0.00394653704437584j),(-0.0015803202583344125-0.0029335519811714075j),(0.0017450991975578995+0.003805842692238385j),(0.000722580550266973-0.00414607629145607j),(-0.0015443385776956558-0.0028265134997444933j),(0.0017495791640660607+0.0038403897883694566j),(0.0007139976787540287-0.0039871454440078506j),(-0.0015106554678497165-0.0014225707346820354j),(0.0011895135960892378+0.001763344572268542j),(-2.4711258564556716e-05-0.0012668282301958593j),(-0.0016778395277991204-0.0012732041954864803j),(0.003187143852708807+0.0027611735240027895j),(0.00021385235157328085-0.00179572261444464j),(-0.0016941784468096762-0.0012736432284150266j),(0.003381851160906172+0.0028559155696473307j),(0.0002405990654457496-0.0018585492527885094j),(0.004270399228929489+0.0015780102339496282j),(-0.006822761149997586-0.00928335637729489j),(0.0004491286355421091+0.008391420861857492j),(0.0007273743202502147-0.0014783873309162621j),(-0.0022366988170637097-0.0018284911344013553j),(0.001407816849749499-3.770982308859156e-05j),(-0.0065585242296380825-0.01787554410954394j),(0.00405341177067468+0.0017295090871385938j),(-0.0063666178480802195-0.008728454056910438j),(0.00031050689332572665+0.007842307594569805j),(0.00253044397520921+4.273003994573199e-05j),(0.0024217442215444212+0.005179384197205667j),(5.09992998948366e-05-0.004119387941324642j),(-0.0031563801905396456-0.002740089409192186j),(0.001988824764929551-0.0031208269193458275j)
30,(-1.9794912264648087e-05-2.979461187711137e-05j),(-2.85910037341595e-06+3.2144745536560475e-05j),(2.265401264850063e-05-2.3501336483138137e-06j),(-2.0008354570335138e-05-1.64546824908926e-05j),(2.399299223263513e-06+1.7552266547410226e-05j),(5.744055801209167e-06-1.898869628394119e-05j),(-0.0031050635219674605-0.0024974885320199324j),(-0.0014202130706654364-0.00016810605510631828j),(-0.0011630665979763875-0.0029428189367310138j),(-0.004614495917198496-0.003756901103156164j),(-0.0018882285773848947+6.635905144958612e-06j),(-0.001589452569239585-0.004389801055587164j),(-0.01777854388222736-0.01603004240571326j),(0.0018946307451571172+0.011217518391488433j),(-0.0004529139452758422-0.016992866324338766j),(0.001624523123900551+0.013601080260965931j),(-0.0002707572797140314+0.009360002853727595j),(0.019045954919382+0.028431439232828832j),(0.0009414550363545803+0.029191781244231316j),(-0.0016508866898011366+0.0033735508614324977j),(-0.01828806275126834+0.002709222102438208j),(0.0033940336113331268+0.008053685539896022j),(0.008559354800820209-0.017936320696826918j),(-0.011277364007121841-0.011920383413008252j),(0.00970632878876149-0.019639965965916918j),(0.008250278151434759-0.017056554121710265j),(-0.011654120190769418-0.011488659236356478j),(0.009363574428760861-0.018887073465080263j),(-0.01594081473329699+0.05072488463678419j),(0.005803477483827974-0.009020580814112314j),(0.9605016214940684+0.028133294532343457j),(-0.014686522755379973+0.053986803998076795j),(0.003905518902403879+0.018406217691230513j),(0.011168169197081945+0.00862998780800435j),(-0.006762547455993637+0.021990077860233624j),(0.00045905456962868046+0.0026234189723701763j),(-0.0008292768688641743+0.004390460367800211j),(0.017585428630546775+0.0070577984665695405j),(0.0008913468459243818+0.022172080959875346j),(0.011026132102579612+0.010056402906634497j),(-0.00801811031183541+0.024332184930573375j),(-0.0023971093225635047-0.0021307599033526525j),(-0.011821405397514875+0.008801065256650253j),(-0.0020295651712247424-0.006108942606922634j),(-0.0024006846654882567-0.0024601912690760588j),(-0.01190456050223269+0.008873542549678159j),(-0.0019200123358477444-0.00642142301454645j),(-0.0012737166463058331-0.0021245973846948357j),(-0.0026372360798696897+0.001410406158814697j),(0.0029601153423136355+0.008579144835248515j),(-0.0006340843802418799-0.0008950681113630982j),(-0.0009573333045798907+0.0007981173198016618j),(0.0018650529907086716+0.0049475272893157035j),(0.00030648729910635875+0.0007954461125875966j),(0.0008991574117319269-2.1257315685827742e-05j),(0.00012500923610375139-0.0009268489074508939j),(-0.00011565437399522024+0.0011060397102332442j),(0.0010957211123102085-0.0005217955321916521j),(-0.0006810698384561436-0.0014404165007555656j),(0.00039201294832924615+0.0008164065743093219j),(0.0009391359142316704-1.8134675900760653e-06j),(0.00014153654901423863-0.0011411015664825712j),(-0.000707163147014052+0.0013575178786561556j),(0.0012143717947865856-0.0011986274766850628j),(-0.0016822065175071176-0.0020693800523538908j),(-0.0007811810242356614+0.001397349388903118j),(0.0012064789872726733-0.001240425033079329j),(-0.0017984900922812705-0.0021281920938698642j),(-0.0007236633879460882+0.0013579848961495031j),(0.0012299356068632716-0.0012428039407778864j),(-0.001714209324705512-0.00209765503869131j),(0.0007096218439476748+0.0008345169460816332j),(0.0010253552299613641+3.7005778745696945e-05j),(0.00016028981737423696-0.0021768008188757333j),(0.0011414668510026807+0.0007011046707428943j),(0.000870966200825159+4.793159075307425e-05j),(1.1437804514902606e-05-0.0045055215729860165j),(0.0011898969071884983+0.0006744709777748001j),(0.0008720124075185162+2.9671260804569125e-05j),(-1.9164047609780167e-06-0.004747372823100873j),(-0.001274518207160767-0.002126250572237651j),(-0.002640154809295122+0.0014118462495036517j),(0.0029610991988454852+0.008582824933599792j),(-0.0010302373742727478-0.0005320817005340798j),(-0.0013208420428536382+0.0004826503585619894j),(0.001507256643093573+0.0006614894916519766j),(0.01107186559381328+0.029029989812004484j),(-0.0011521720363324819-0.002042800675445631j),(-0.0025907791992433814+0.0014017307929254236j),(0.0027663164757441645+0.007917603996478761j),(-0.0007138518494562052-0.0009998931845295704j),(0.0015166520318276072-0.0017648289708281908j),(-0.0020895953169549225-0.0005587561032981062j),(-0.0022653223991544458+0.0007988993939934386j),(0.0016599302773257364-0.0008653367470369674j)
31,(8.990453430674305e-06+3.8168527917591753e-05j),(5.681760436836812e-06-2.550696440005921e-05j),(-1.4672213874061681e-05-1.2661563536348194e-05j),(1.0206729083070093e-05+2.2427943856247622e-05j),(1.5283993269824828e-07-2.105230277726304e-05j),(-6.3400727267616275e-06+7.948754270496982e-06j),(0.0014636723634537485+0.0023073302669858325j),(0.0005906678103927161-0.0006864874127862422j),(0.0001407969618902826+0.0014947112303375j),(0.0020208466172057784+0.003673771900661836j),(0.0006314635973797269-0.0011569254214458544j),(0.00011642590268497871+0.002324393181468531j),(0.0018564244010521448+0.024345722704065167j),(-0.007451472111787712-0.0103830850405007j),(-0.0028565913201491454+0.013018557714181691j),(-0.009507444281328513-0.016936016660144774j),(0.0053880278234369324+0.03375597237396099j),(0.0033076306142371557+0.025547059793539134j),(0.028292955875877473+0.010810593033185935j),(-0.0030456690836727055+0.0020143995353417883j),(0.003184325302457985+0.0085675722812356j),(-0.018169097891971377-0.01094903922370987j),(0.005090102669599106-0.023061437777774536j),(0.009688789120868777-0.020004112720034203j),(-0.013377035714288244-0.018487127263977835j),(0.004796510329227983-0.022304957412407043j),(0.009344379250182595-0.019259612240652577j),(-0.013692610246071536-0.018045298161017326j),(-0.01683772116734847+0.044515981964221754j),(0.0027580877270046316-0.012937241597852613j),(-0.014686522755379973+0.053986803998076795j),(0.9637825156670266+0.01164778338586259j),(0.005277401458140672-0.0015048100671758175j),(-0.00300005614204203+0.021619237094822077j),(0.020289462044734325-0.000969086248213541j),(-0.00021486981827318675+0.00755522235338049j),(-0.0014923837556396428+0.00982886093578569j),(-0.007003657170988085+0.027940178416146898j),(0.003117259145651337+0.0020173723223626174j),(-0.002601924766824085+0.022732649859249908j),(0.02113473817729782+0.0007206977946201559j),(-0.00898558345846222+0.013350707586459117j),(0.006833073586955788+0.006996308975653741j),(0.005560460123377727+0.02391184757601056j),(-0.009245887276473724+0.013220358360989462j),(0.006623638970961394+0.006409582060028048j),(0.005193138600578122+0.02391872101711128j),(-0.0027776622391682375+0.00015283155554583717j),(-0.00046714549031507297-0.0025588866112175807j),(0.0029596592842251754+0.0019516375092353943j),(-0.0010583435441625711-0.0010710389752226256j),(-0.0002826777894844426-0.0024275348853244443j),(0.001417116504316677+0.0002615606323946307j),(0.001007032363666852-0.000896989209101532j),(0.0002100827578051764-0.0010060152188298315j),(-0.0008038558030110143-0.00047316346728601844j),(0.0014481254423099762-0.0006325020407702739j),(0.00012351024076705307-0.00036580064882048253j),(-0.000811714238387401-0.0005098038679319803j),(0.0010359014548979365-0.0008967397331540784j),(0.00024400195905896843-0.001001752079169175j),(-0.000908637804462312-0.000471111986210714j),(0.0019049182941869322-0.00014317760943869003j),(-3.2893235921724415e-06+0.0005621868484406129j),(-0.0008243453950141867-0.00035966726341662893j),(0.0019583694176020204-9.931585062981181e-05j),(-5.049103811539685e-06+0.0006331977284168276j),(-0.0008234033380666911-0.00034980144595972255j),(0.0019183188038627602-0.00011807162172484996j),(-1.5347353482689056e-05+0.0006154544669403971j),(-0.0008261819440170591-0.00034828741061031145j),(0.0011324911846395751-0.0007608360152507182j),(0.000396186169002908-0.0008639662655718762j),(-0.0014038065926918603-0.00030894338292649596j),(0.0012363153584715818+1.6121635295158077e-05j),(0.0007275848322773008-0.00011693558362652155j),(-0.0024682160616220855+0.0004938171329952933j),(0.001254639102098941+7.937768477022083e-05j),(0.0007603233841994979-5.708304749551824e-05j),(-0.002574636042118452+0.0005681729257367195j),(-0.002780478544467677+0.00015580184573575195j),(-0.0004666925046350801-0.002558096702746768j),(0.0029620258491594824+0.0019560301252799384j),(-0.0005162451435314606-0.000494406094360711j),(-7.185834452235645e-05-0.00119800709433571j),(4.489950181162539e-05-0.000455703060577221j),(-0.011835025148140244-0.017009795111743515j),(-0.00275743083115172+0.0002153679381304897j),(-0.00034488632150875433-0.002379653004641949j),(0.0028061709840661794+0.002029365029637145j),(-0.0010613552990933592-0.001261229357654322j),(-0.0002081082043514762+0.0011550903173737932j),(-0.0009272546611227092-0.0016862144186356488j),(-0.0005466730829848369-0.002565655723052577j),(-0.0007801209889977361-0.0016861182180367858j)
32,(-1.4278006136600808e-05+3.707728567115237e-05j),(-3.3688357101741095e-05-1.252745756508147e-05j),(4.79663632283874e-05-2.4549828120587212e-05j),(-2.604857920792989e-05+3.327875076525143e-05j),(-9.779997536431569e-06-8.888529356328044e-06j),(2.8405788726404538e-05+5.503200624615653e-06j),(-0.0019073989546484838+0.005623536440798357j),(-0.0011412172478467769+0.0026066163556157495j),(0.0021713368237692068+0.0032662274226689294j),(-0.0026189398512888613+0.008449451669445851j),(-0.0015823461187690676+0.0035808092863320673j),(0.003431781909606158+0.004695092857972597j),(-0.0013958358250216862+0.03644693030760998j),(-0.0018829913081587699+0.0015048364200427788j),(0.020885891572475855+0.011437786794360586j),(0.00018349554623704745+0.002291714855892175j),(0.024050639916298924+0.009340468023623885j),(-0.01972655238210879-0.02700602816343673j),(-0.03621143614276962-0.012982224312631224j),(0.00945937382673143+0.018075592296131125j),(0.0013669423952570284+0.019741030880348294j),(0.0031318334302231467-0.00030909044320829096j),(0.008098329659209761+0.019886380742791754j),(0.0016200968029570697+0.022426346809699786j),(0.003437060987435878+0.0015092674288601903j),(0.008092680960073009+0.019858575998073575j),(0.0016569476429172465+0.022393055642376525j),(0.0034676868422000053+0.0014887607007895553j),(0.00868956072067358+0.016908546239816687j),(0.009739368835920966+0.019790378016818287j),(0.003905518902403879+0.018406217691230513j),(0.005277401458140672-0.0015048100671758175j),(0.9421652077353087+7.218790670931981e-05j),(0.0026877247427335394-0.010021469069091559j),(-0.006915893866690932+0.01422085641022614j),(0.003051383821363678+0.01846838262512645j),(-0.005599214762249074+0.02370678056032305j),(0.01005306819030803-0.01679310604308432j),(-0.058620607311749895-0.007704689440196262j),(0.001621481173671332-0.009187070447581526j),(-0.007632954120010244+0.00971611338496941j),(0.01600273757604613-0.002119101815348884j),(-0.005591124630199063-0.0020934722163128312j),(0.009667558835951185+0.014965061619466952j),(0.01683653054961553-0.0018398425177430476j),(-0.005588929828548704-0.0016150279186885816j),(0.009803796722117621+0.015100377249978368j),(-0.003861057648032185-0.003005756142771589j),(0.007391756523463423+0.008937395340253748j),(-0.005797182370413517-0.0002859803693433891j),(-0.0029938781037005245-0.0009891049576175818j),(0.004320470843647777+0.005549370476177527j),(-0.0033430484904941994-0.0003346966006901233j),(0.0017099458112896878+0.001535870383112134j),(0.0003605730258654957-0.00016020628854364555j),(0.0012676430832935116-0.00038699252245841156j),(0.0017079067810111361+0.002293974538580427j),(1.8663917187981848e-06-0.0016219248270845999j),(0.0011341966070541009+0.000611170754496548j),(0.001865760339217685+0.001528242964774548j),(0.00015443350702236316-0.0002496470996840999j),(0.0014367800019439243-0.0005465695870814228j),(0.0012367929066822458+0.002990090540146751j),(-0.0008893878712174642-0.0035516261997235636j),(0.0005213414997962852+0.0016112268970375227j),(0.0011974204929557325+0.0031091489625020754j),(-0.000948134075301962-0.0036507273266755463j),(0.00046344480165633553+0.001752048717075655j),(0.001207922359169766+0.0029875551548351423j),(-0.0009490388405776467-0.0036892443091980425j),(0.0004893699322967909+0.0016263906159614816j),(0.0022564720734399683+0.0013821888326512129j),(-0.001149354406389901-0.0007598412844874002j),(0.0018894499431508572-0.0013952207033487607j),(0.0020365590731745834+0.0007851556879639068j),(-0.00511525021975241-0.00209363907299627j),(0.0018764722441038555-0.003471899921660612j),(0.002015896410881641+0.0007199289382896689j),(-0.005487284271262968-0.002229959464239991j),(0.0018731511258061686-0.0036874527218333777j),(-0.0038605005573491796-0.003008691850396531j),(0.0073944889160328375+0.00894097009835134j),(-0.005799161673872557-0.0002849292326562256j),(-0.00046021613573313984+0.0011581990218177511j),(0.002475201134159874+0.0009280757860245428j),(-0.001523335484005315+0.001609585731974433j),(-0.0054186045970578255+0.018392972272064628j),(-0.003388507953972222-0.0028759345216450146j),(0.00674326755763097+0.008278487819373816j),(-0.0053575809428408816-0.00010824962120060955j),(-0.003691423025879305-0.0010512337286373574j),(-0.0016766067103226336-0.00546635773048503j),(0.0008160268919426302+0.003485076617386716j),(0.0035641105734086015+0.000984448566131235j),(-0.0007227155862382436+0.004320494683690326j)
33,(1.476432702917456e-05-1.9231547486403495e-06j),(2.6879876664955098e-05+1.688003578032857e-05j),(-4.1644203690170535e-05-1.495688101855669e-05j),(2.5080090290577407e-05+9.048868827867207e-06j),(8.32085961297448e-06+1.1209090402541947e-05j),(-2.2123785415456944e-05-8.143607858188771e-06j),(0.0033295807584378485+0.0015629310100718375j),(0.002294086630690236+0.0018411978358836689j),(-0.00042821034172360953+0.0003245569530301675j),(0.004810048325860257+0.002415741863173346j),(0.00321742266519156+0.0029095996742311845j),(-0.0009354492097418199+0.0004066262900064995j),(0.012981952455026454+0.01282183737940977j),(0.004706373379132221+0.018176214626612466j),(-0.015580267131677965-0.0020344511011154407j),(0.006779122355873275+0.020469520596207172j),(-0.01830672961076601-0.012065526294545895j),(-0.016913454055961664-0.006506509865274644j),(0.0012389990917841423-0.026020805856524942j),(0.001959965022667711+0.013869540044097555j),(0.011038086225563681+0.010785556365169644j),(-0.004310314015486611+0.023565518491539452j),(0.0033798487128408323+0.014600371597232684j),(0.012036312106042679+0.009100848362489884j),(-0.0033440283923650777+0.023311539314392914j),(0.003395287187408742+0.014557704505905508j),(0.01203427349052779+0.009064078484117123j),(-0.0033241587293118546+0.02326285433387405j),(0.003367858991331028+0.013160618179141048j),(0.0025732270437655077+0.014893447336809697j),(0.011168169197081945+0.00862998780800435j),(-0.00300005614204203+0.021619237094822077j),(0.0026877247427335394-0.010021469069091559j),(0.9694821184631363+0.004254089977490689j),(0.010162642233528696+0.0021565852511871673j),(-0.002060558576508804+0.0032365322975335693j),(-0.0011575436635107839-0.001319255494648893j),(-0.040799531393505714+0.009565436049483613j),(0.003183576086517352-0.010983494957824455j),(-0.028982480560473783-0.002356270797378483j),(0.010441840525688133-0.007425236354588588j),(-0.007913244767974744-0.0045464959136548334j),(0.017093815848621654+0.010782344116573129j),(-0.0027449063004855896+0.009730741481703255j),(-0.008107526485109004-0.0042469121343657636j),(0.017364454822408705+0.011225205671609815j),(-0.0029839640782228323+0.009968205162870628j),(-0.0025718191170801766+0.0032791064031116304j),(0.006252234859242796+0.011954108491259914j),(-0.0045132772026330046-0.00796290185639521j),(-0.0012363062872191156+0.0016116716001617977j),(0.0029891922134415343+0.006180636463427045j),(-0.002552676992913629-0.005133283574285955j),(0.00037895454764795696+7.486633144218277e-05j),(-0.0008707652859358931-0.0014173498457169809j),(0.00038176400316284486+1.3222141673482641e-05j),(0.001243055433453025+0.00042200127765231604j),(-0.001558098376553401-0.0019246516351971918j),(0.0012181915501126737+0.0011507942811501467j),(0.00035387336185913575-3.1257708561180896e-05j),(-0.0009275260336808139-0.0016807084931335175j),(0.000420956445763063+0.00011096433580596145j),(0.0023308163214262275+0.0009048867940147494j),(-0.002216832249219142-0.0023696314937740846j),(0.00225869474033744+0.002520232668404757j),(0.002472887558721437+0.0009703179691242743j),(-0.002237035679689404-0.002385904233109414j),(0.0023909822141143437+0.0026795306754691167j),(0.0023562900285430217+0.000915319896975138j),(-0.002269960068227142-0.0024032772456058513j),(0.0022851065713343005+0.002563462135680964j),(0.00032518423449812226-0.00045994802419620706j),(-0.0010378817032427306-0.002784855014429822j),(0.000682235562826047+0.0006155041833173277j),(0.0005306776960866285-0.0011874488430698013j),(-0.000802187755091422-0.004847301446827991j),(0.0014951818374322893+0.0019623214199317824j),(0.0005522135166793297-0.0012790219369381997j),(-0.0007945311493995295-0.005071869161603716j),(0.0015768361104366757+0.0020642246777562052j),(-0.0025742516922891163+0.0032803520125553303j),(0.006257292682952688+0.01196157864991306j),(-0.004515728905154143-0.007965545217420949j),(-0.0002363620256376391+0.0019214101655412024j),(0.0029775571597056316+0.0023461097229448974j),(-0.0021676620735615027+0.0004419600048380744j),(-0.004621070774516891+0.022399505254552282j),(-0.002543295411047082+0.002917045299069115j),(0.006035002235591579+0.01127945237730528j),(-0.004254445136053173-0.007341294624899134j),(-0.0011952844086337993+0.0015180039249049456j),(-0.003035199122206373-0.0028595639551232187j),(0.0009792063840714977+0.004118508647379671j),(0.004970713988468384+0.0028393319137945427j),(-0.002306929249509728+0.003894037005678417j)
34,(1.955394020607135e-05+3.474813100357398e-05j),(-2.689079464869023e-05-1.7885293988367236e-05j),(7.336854440459359e-06-1.6862837011896373e-05j),(2.56777057122716e-06+1.871169322512012e-05j),(-1.951947452482108e-05-2.087809415804166e-05j),(1.0936481732505181e-05-4.1386404342979265e-07j),(-0.000486425923963453+0.0011266656825011136j),(-0.002255969072449267-0.001500263828151556j),(0.00028131326731935897-0.00011050463749392395j),(-0.0003299018213883025+0.0021682899764767956j),(-0.0031264399459013433-0.002017220222786699j),(0.0007572482362769549+0.00020766198888264725j),(0.01381361194283811+0.02795781565181856j),(-0.0038013473487876486+0.0001241731264326057j),(0.015797172908590472+0.015521019489814443j),(-0.008695355255776863+0.0008788725087676766j),(-0.008758610470318465-0.001217139405054385j),(0.0053667473581094065-0.013105706768806812j),(-0.02092090401533809+0.004527301346547174j),(0.0004298279508771462-0.0017987930581829694j),(-0.008104985765696543+0.0243211287815528j),(0.02089924071416095+0.0006548366098646135j),(0.0009771526054775082-0.001923068389885171j),(-0.007697539187257841+0.024325829928269323j),(0.021520664228715982-0.00036777166129629184j),(0.0009881140700876679-0.0019511328032293185j),(-0.0076758199889227306+0.024277272396591346j),(0.02150240687908942-0.0003913997868489525j),(0.0012796010123828378-0.0032196163470389104j),(9.57417110615646e-05-0.0024463090790395525j),(-0.006762547455993637+0.021990077860233624j),(0.020289462044734325-0.000969086248213541j),(-0.006915893866690932+0.01422085641022614j),(0.010162642233528696+0.0021565852511871673j),(0.9403083186646531+0.007124443416149466j),(-0.0033506354382127493+0.007147643713642994j),(-8.966918703803579e-05+0.007132343698494657j),(0.01829118902309169-0.011628759141213713j),(-0.007755113273064989+0.009903718762393675j),(0.008895332316012175-0.0048980327235489595j),(-0.06055374692369982+0.009440381426798906j),(0.0038086998671739906+0.010834921595018053j),(-0.009294378025600479+0.009586331006053737j),(0.02228318347755604-0.005035630528645646j),(0.003950500760357858+0.01088806934378573j),(-0.00933190129567804+0.009790194506167239j),(0.02317116754030467-0.005134904136223861j),(-0.0023025763811485972+0.004252161371990906j),(0.008662724347616092+0.005207171235355265j),(-0.007052537458661336-0.008075192417343481j),(-0.0016972230529150912+0.003468694890423826j),(0.004847456183462384+0.003686185562514462j),(-0.0048343571726538-0.0026148078697657206j),(0.00027952699792844094-0.0004534062092681967j),(-0.0007477728900898275-0.0003023052062480212j),(-0.00011791333695425539+0.003430320894178902j),(0.0006667721167453075-0.0010101323156343142j),(-0.0006891468861956796-0.001590318408325524j),(0.0005900744611809854+0.00460781430167051j),(0.0003332917387162573-0.00061014474098075j),(-0.001000448868399831-0.00036276913026717415j),(2.6858546039757564e-05+0.0035032214893887578j),(0.0011990431896096204-0.001971349761297275j),(-0.0004811196623014167-0.003460003712998474j),(0.0015029000278177925+0.005630481098355759j),(0.0012629999622438145-0.0020510522341940524j),(-0.0004516822820072848-0.003589294840849704j),(0.0016104016554941408+0.005761172659260038j),(0.0012153154702114497-0.0020237951992014593j),(-0.00047632423716055956-0.0035754057350497036j),(0.0015315560399586155+0.005651507022594989j),(0.0006498285495081941-0.0015795594229634092j),(-0.00208229857737266-0.0008829499324764824j),(0.000794322676082753+0.003594730132777572j),(0.001541090980406481-0.004403195934940406j),(-0.004242690827910994-0.002697326719389763j),(0.002714768353781435+0.002929229135160044j),(0.0016099879534434737-0.004689724597099062j),(-0.004455238909186592-0.0028878436403586795j),(0.002888208358203936+0.0028800910461973884j),(-0.002302943077054997+0.004253715539209323j),(0.008666159079959386+0.005209776185880827j),(-0.007052767114397264-0.008082443673708603j),(-8.911908307887189e-05+0.0013642705739283908j),(0.0020150379328273214-0.00035490974316276206j),(-0.0017411583558733965-0.00021393799460451115j),(-0.0038309237819311994+0.006014623213552676j),(-0.002143511499637378+0.004041008267641063j),(0.007911784511751391+0.0049225565405137065j),(-0.006291563122589336-0.007661291358587507j),(-0.0018860611876461966+0.003912117621529926j),(-0.0005361421752382322-0.004858651966456166j),(0.0006042248601852222+0.001923598343038885j),(0.0019800467185457638-0.0012874149161619336j),(-0.0014202938449586725+0.0015249209806848028j)
35,(-6.786247393505847e-06+7.609183855425331e-06j),(1.1793492521844442e-08+4.096975889457073e-06j),(6.774453897432455e-06-1.1706159746127479e-05j),(-4.7552043255973735e-06+7.536432560190578e-06j),(2.986537695382942e-06-1.1113752873953745e-06j),(2.9817875665061987e-06-5.773893304502263e-06j),(-0.00016642552431511497+0.0006182212486176794j),(0.00031136693608104307+8.53063972390631e-06j),(0.0003140418265365451-0.0004155892109430951j),(-0.00030111443737945937+0.001019962008542024j),(0.00044733804458371+1.3732414956416257e-05j),(0.00043165234668622447-0.0006649432277537242j),(-0.0032852325806612863+0.008274714842680112j),(0.001200975508620764+9.525984827199116e-05j),(0.00027199397302529-0.00450952441615438j),(0.001966658954218817-6.031181744336209e-05j),(0.0009293346032254977+0.016315013599272j),(-0.0017268666944641946+0.0016709132801203015j),(-0.0033584755959801755-0.0010473556284084015j),(0.0014672580184107277+0.02365274204255569j),(0.0006798870254318758+0.0023621176272162776j),(7.49907210828636e-06+0.007045909758122413j),(0.0014795056416794597+0.02572919547782312j),(0.0006635589405369167+0.00244972488941559j),(-2.0633758705863045e-05+0.007393011373057086j),(0.0014738968567800416+0.025730909671694516j),(0.0006595827255148564+0.002453377856493971j),(-2.427453684980042e-05+0.007397220879620436j),(0.0012025463347141365+0.025784604265722533j),(-0.0008707150032576331+0.026667843954518648j),(0.00045905456962868046+0.0026234189723701763j),(-0.00021486981827318675+0.00755522235338049j),(0.003051383821363678+0.01846838262512645j),(-0.002060558576508804+0.0032365322975335693j),(-0.0033506354382127493+0.007147643713642994j),(0.9450154342321556+0.03764681736838831j),(0.04118330195162467+0.001097955901965967j),(-0.0027873151714444618+0.00376649367819612j),(0.0030237457555802793+0.01806054163945061j),(-0.0020093627691575356+0.0031766965188502853j),(-0.0033807964238512134+0.00702434555753307j),(-0.003521741969238411+0.014070819874374058j),(0.0008268189154499485+0.002285412810190974j),(0.0004690460508913687+0.0028154457019815907j),(-0.003582570438368775+0.013953135755537086j),(0.0008519655365410521+0.0023250784335313718j),(0.0005190291368148139+0.0027622585222082108j),(0.00018517440183445978+0.001253649636282602j),(0.00020886183923742702+0.002617649703758579j),(0.0005669535166151704+0.0007906414388029694j),(5.398536039779309e-05-0.00010461332657880646j),(-0.00019060204325182617+0.0018940761943504717j),(0.00010992491084804669+0.0006871170068417436j),(0.00023334430160283387-0.0016718243168517598j),(-0.0002836559223987024+0.0007307734536537544j),(-0.0001298315650157117+0.0004630586390970701j),(0.0004081013929719833-0.001783455616952595j),(-0.00022022415033110692+0.0005895258795892049j),(-3.720083240880951e-05+0.0004100871919023397j),(0.00023293308097074286-0.001743693165816813j),(-0.0002795677443858214+0.000681687198996775j),(-0.00013835990213286739+0.000446046699991614j),(0.000708103659983621-0.0019921714618420165j),(-3.5782841861022345e-05+0.00033764660667529663j),(0.00016612629680153374+0.0002639202480941618j),(0.0007412612571251068-0.0020134402742582047j),(-1.865588779119778e-05+0.00031649708511278314j),(0.00018932886929826673+0.00024865600688510304j),(0.0007195417494372904-0.002001311249368281j),(-2.6266194952318824e-05+0.0003239033747475177j),(0.00017377514595127763+0.0002573697503519528j),(0.00030523483731430994-0.0021507122969953328j),(-0.0001764528098408513+0.0003843196079895538j),(-0.00010172399950440311+0.0002969935086832823j),(0.0006727981929754219-0.003124195580689433j),(0.00028301820216204926-0.0004750867328536646j),(0.00018135473664015556-0.0002188547607817806j),(0.0007058682292357456-0.0032509035784536095j),(0.0003226476514252771-0.0005692709105331869j),(0.00020614102839918965-0.0002813772103628298j),(0.00018502830965603373+0.0012565022741034227j),(0.00020943630279279249+0.0026185500203661127j),(0.0005675746518846561+0.0007909023158162807j),(-9.576807141320062e-05+0.0004320167800725566j),(0.0001758079429204032+0.0006177796413348084j),(1.272998060463038e-05+0.000301884529636138j),(0.00037607395489162865+0.00694549163018251j),(0.00010891019993660117+0.001321363726444421j),(0.00022337769377478542+0.0023886443609241856j),(0.0005440492030810469+0.0007091844074808807j),(2.1470175785093075e-05-0.0001387398331376584j),(5.415636751090157e-05+0.00019506240377106823j),(-0.00017281633913696038+0.000896347444942644j),(0.00029054409495512146+0.0009223016611374464j),(-7.31254015775912e-05+0.0006916990722942794j)
36,(-2.96302874021217e-06+1.0441069508081295e-05j),(4.3305358771808355e-06+1.2373946265569718e-05j),(-1.3675071376488128e-06-2.2815015770687684e-05j),(-1.2072945114436618e-06+1.20955245722605e-05j),(2.227416328626328e-06+2.127816371947211e-07j),(-2.6490782241637064e-06-1.3886603847481063e-05j),(-0.00021144788917485833+0.0007974268331905321j),(-1.7669930049842584e-05+2.3034125549385026e-05j),(-0.0004614090568618057-0.0011566248934368742j),(-0.00030552261920070473+0.0013243003263329256j),(3.256642781290168e-05+4.8933551938514126e-05j),(-0.0006772791902285612-0.0018435851985798063j),(-0.0009496104624757496+0.011067181878679997j),(0.0025134337645946418+0.0008064925811628407j),(-0.0023131676933504444-0.01225981317520956j),(0.0029024923751328558+0.0014598699013384092j),(-0.006363716771267589+0.018075929264405315j),(0.00027899071011498093-0.0018915932207158332j),(-0.002256408991525894-0.007334482278303486j),(0.0025053736883011435+0.026022171608485353j),(-0.0008763213063239787+0.0044731792892170035j),(-0.0015855331568030244+0.00940818052946981j),(0.0028795680274353347+0.028272046604357427j),(-0.0009266702534016861+0.004551589887604417j),(-0.001619147717867018+0.009886678300232921j),(0.0028826537879482516+0.028269264903527432j),(-0.0009247424092932175+0.004549039259035726j),(-0.0016163633821388603+0.009887419913574731j),(0.0029798192765417113+0.02809451302574089j),(0.004991371918493843+0.027309562701360444j),(-0.0008292768688641743+0.004390460367800211j),(-0.0014923837556396428+0.00982886093578569j),(-0.005599214762249074+0.02370678056032305j),(-0.0011575436635107839-0.001319255494648893j),(-8.966918703803579e-05+0.007132343698494657j),(0.04118330195162467+0.001097955901965967j),(0.9544949909431004+0.03041155814116726j),(-0.0006899098915624389-0.0027578497114313164j),(-0.005904396006202546+0.023309631160545366j),(-0.0012404521418693708-0.0012627617936701793j),(-3.15847882506751e-05+0.006986548758153747j),(-0.0021470394328035347+0.009032394095728294j),(-0.0010480633936002146+0.0036241210932036576j),(0.0006046382769539266+0.002481157330322354j),(-0.0020775606261153844+0.008830514293208181j),(-0.000988978336027446+0.003774877299174785j),(0.0006240744422103983+0.0024214325549647264j),(-0.0014919223655989649+0.0017003058767360766j),(0.002079656723546883+0.004945337591811722j),(0.000316399948553511-0.001086604542245898j),(-0.0003650896866679576+7.45031344813415e-05j),(0.0014381386389076775+0.0029456759076643664j),(0.000440352865221075-0.0005735410847271948j),(0.0010419334014779007-0.0020041609575454436j),(0.00014609906713372098+0.00019621187529387667j),(0.00034958722840538933+0.0003728110998256584j),(0.0010649135924495497-0.0017901674863553979j),(-0.00011161300008774977-0.00013155230882367275j),(0.00015551511189816375+0.0008919777655162314j),(0.0010844630971834903-0.002123130598720456j),(0.00010259611117148973+0.00012293285736339636j),(0.00035574687140260664+0.00035322331985743953j),(0.0009553688690736814-0.0014870267649866415j),(-0.0005371073467312186-0.00045675268126524923j),(-0.00017674660158754853+0.001532044512274986j),(0.0009484482516104872-0.0014434525113951797j),(-0.0005673817684467849-0.0004679227203672055j),(-0.00020907317397119378+0.0016099069297155731j),(0.0009469754638746861-0.0014817883382224513j),(-0.0005633106924078975-0.00048226120781657915j),(-0.00019204909127275115+0.0015504271503254301j),(0.0011809729313759553-0.0026414575318654035j),(-0.00018743494463433857-0.00016181856620352568j),(0.0003058216147310479+0.0002944053667814573j),(0.0010918280935343346-0.0034942667435217327j),(-0.0010949819327864699-0.0005837288134069004j),(-5.085141311118787e-05+0.00031373835413274834j),(0.0010833823334777748-0.003611427785794169j),(-0.0011812081723338766-0.0006401844125635131j),(-8.425492487177386e-05+0.0003016402665108617j),(-0.001493496263339743+0.0017029252106335758j),(0.0020801941075828017+0.004947823049466456j),(0.00031630497524504336-0.001087136025486237j),(-0.0002637304578906882+0.0009091121541800611j),(0.0006737278392111956+0.0010639987948660868j),(-0.0004061337714818814+0.00034503065846634836j),(0.0025244138330222546+0.011224486779696768j),(-0.0014382148792124719+0.0016739695009461196j),(0.0019276256606537852+0.00459430788854565j),(0.0003044407000256556-0.0010341750168846907j),(-0.00041680078880938277+0.00010238262312244528j),(-0.0008547322123314909-0.0008389694632443148j),(-1.7362000788306971e-06+0.0019067904748272424j),(0.0010084046429151073+0.001573710765385017j),(-0.0006130466764483477+0.0014791929707914351j)
37,(2.4139549579220776e-05-1.0492590375139557e-06j),(4.0659495005861975e-05+1.3586252967640123e-05j),(-6.479904458545363e-05-1.253699391917025e-05j),(3.987930244938536e-05+9.674255967986108e-06j),(1.2486896326626736e-05+1.0806981113931195e-05j),(-3.3603393673744506e-05-4.87309198281895e-06j),(0.005267507811918895+0.001712389360548518j),(0.00355193773701453+0.0019581160903245865j),(-0.0005218731116881899+0.0007896065570710429j),(0.0075864256773282325+0.0026581120942470414j),(0.004943120846540144+0.0031062818534341617j),(-0.0012374107735570756+0.0011107875844680376j),(0.019586617927320756+0.01446258476069915j),(0.005605166064017392+0.0197307948177533j),(-0.023153496013987022+0.0009643457396162963j),(0.008069443552558413+0.021252491549604412j),(-0.02515715056190733-0.014772431341959158j),(-0.023271233570129578-0.006112418864388944j),(0.009156543601572089-0.03670341197341059j),(0.001578038204991992+0.015524786316578647j),(0.019025888162461257+0.006195293981670695j),(-0.007098634729143464+0.02703109745931332j),(0.0021131110056543364+0.01694740967315113j),(0.018934275486808157+0.006709629371043971j),(-0.007478152782157459+0.028422772843482838j),(0.0021165119577504173+0.0169459392991419j),(0.01890866186068073+0.00672167646826214j),(-0.007471712610039188+0.02842270317002126j),(0.002220263354177183+0.016598072368287826j),(0.0014441682683740047+0.017769435956488455j),(0.017585428630546775+0.0070577984665695405j),(-0.007003657170988085+0.027940178416146898j),(0.01005306819030803-0.01679310604308432j),(-0.040799531393505714+0.009565436049483613j),(0.01829118902309169-0.011628759141213713j),(-0.0027873151714444618+0.00376649367819612j),(-0.0006899098915624389-0.0027578497114313164j),(0.9417554624005184+0.0024951307201378707j),(0.010896001680466463-0.016525461078472917j),(-0.03951771540969316+0.012243640438918329j),(0.019647795878715766-0.010795358644543337j),(-0.012475573577712389-0.003976283359674912j),(0.028009618628515524+0.007625130049232005j),(-0.0054153764469687315+0.013272653517300849j),(-0.012869924202238089-0.003708425416778266j),(0.028311208083319373+0.007745203562181053j),(-0.005858182511961383+0.013470004192448079j),(-0.0025196105107530824+0.0038369565511422316j),(0.006737586617909462+0.014080579445142996j),(-0.005280635760631591-0.010163822641518275j),(-0.001066855696742208+0.0014466100603632744j),(0.002867552367957936+0.006801774570462049j),(-0.0029623836874954233-0.007008224187229692j),(0.0002377566049486877-0.00019476870003283736j),(-0.0014679906554631705-0.0018130185849271642j),(0.00023061786606698865+6.614871623449904e-05j),(0.0014184000276692694+0.0003224860277428707j),(-0.0021972416084371123-0.0023013703663230705j),(0.0013343651445883883+0.0014920257198757798j),(0.00017273971694238408-0.00031078612334019175j),(-0.001515041987372307-0.002115495987953106j),(0.00026473588569532816+0.00021975174409037766j),(0.003006372497160363+0.0011116775572401622j),(-0.0027265792825388446-0.002662724597647383j),(0.0028257477167468546+0.003200791221775379j),(0.0032071101716629616+0.00121225215100698j),(-0.0027275869774528606-0.002670555530537826j),(0.0030114702678304345+0.003396382789292071j),(0.0030487214543407776+0.001132959436189478j),(-0.0027760808717808617-0.0026927016480867206j),(0.002867341409118075+0.0032561676017709177j),(4.8087938663789697e-05-0.0007005645165957279j),(-0.0014510648542835083-0.003352953468341883j),(0.0005998079807972723+0.000997877134296314j),(0.00031324420223895536-0.001164935410936702j),(-0.0004346082900509627-0.0056346967660847215j),(0.0018664446236968865+0.002934799656019443j),(0.0003425368760971747-0.0012354908350078265j),(-0.00036016082964831933-0.005883922631797715j),(0.0019919934704006026+0.0030910236396670095j),(-0.0025226728349412794+0.0038390990832780306j),(0.006744326708766376+0.014089559706377389j),(-0.005283720615936656-0.010166487156347733j),(-0.00019168029473924653+0.002268620686119166j),(0.003547804610519617+0.0026708310104909157j),(-0.002664789554888986+0.00039239917769025583j),(-0.009506736012186797+0.02452733912445849j),(-0.002587627227155362+0.003439030144437175j),(0.006635545593394908+0.013245752986040539j),(-0.005009771784868576-0.009345162347641172j),(-0.0009203883156043628+0.0013640383709249606j),(-0.003558144735780434-0.003134269359654684j),(0.0010956142704617537+0.004585049925157526j),(0.0061591194318549305+0.003231005581129842j),(-0.0029111796309075834+0.004481971039614727j)
38,(-1.5624283942515647e-05+3.873005973398763e-05j),(-3.42589405415947e-05-9.91244816100003e-06j),(4.988322447153204e-05-2.8817611587148843e-05j),(-2.7471664294096864e-05+3.542318144165299e-05j),(-9.666387414315972e-06-8.618524734172771e-06j),(2.9175722562692297e-05+2.7999144342466853e-06j),(-0.0020612961217148047+0.005776532740989868j),(-0.0012020732728701784+0.0026353807511293927j),(0.002159600945857906+0.003040853365282246j),(-0.0028423900228823837+0.0086881994684287j),(-0.0016588208234260332+0.0036207557297490787j),(0.0034229462278206352+0.004330170947343646j),(-0.0020504280648444007+0.037855070436940294j),(-0.0016162009799075556+0.0015509988322283965j),(0.02118168803926397+0.008799144432457232j),(0.0005302723191049925+0.002428975610403025j),(0.024187431665215448+0.010089452150304712j),(-0.019596959994407248-0.02754745381244373j),(-0.03744470856418114-0.014598796111532659j),(0.009737459528900955+0.01802852661513657j),(0.0014608969586102083+0.021453847381321868j),(0.003656759039192466+0.00038467718243195836j),(0.01014263087692759+0.019421308056809656j),(0.002242164032540477+0.020707163151162767j),(0.004579253555446598-0.0002771350555500242j),(0.010100983717106257+0.01943465241734381j),(0.0022265467941941183+0.02071267519124024j),(0.004562926729563391-0.0002535103310650419j),(0.007563585952892835+0.020868984638576078j),(0.011313265243500386+0.019335923781525703j),(0.0008913468459243818+0.022172080959875346j),(0.003117259145651337+0.0020173723223626174j),(-0.058620607311749895-0.007704689440196262j),(0.003183576086517352-0.010983494957824455j),(-0.007755113273064989+0.009903718762393675j),(0.0030237457555802793+0.01806054163945061j),(-0.005904396006202546+0.023309631160545366j),(0.010896001680466463-0.016525461078472917j),(0.9389144664304239-0.001262875005749398j),(0.0017826353981655865-0.01235779468984741j),(-0.007867247850506688+0.015957302630749612j),(0.015362010248182113-0.004080938720858115j),(-0.006162795726895284-0.001937579075474101j),(0.010581420313178297+0.014957620819956871j),(0.016234319694336384-0.004190723862429589j),(-0.006157692825897835-0.0017088763566739835j),(0.010717969560238622+0.014744523466002659j),(-0.00415865732392576-0.003277812744236508j),(0.007736758453586419+0.00963071623756661j),(-0.005662636796022212-0.00030781501954001665j),(-0.0031414547786757165-0.0010581840322362104j),(0.004536318047090444+0.005948648717471291j),(-0.003290718221240756-0.00034070071462892655j),(0.0018295083556717482+0.0017385355904646176j),(0.0003724700893071883-0.0002480129082610399j),(0.0012488736864918084-0.00042531106490424804j),(0.0018265536459899868+0.002558531768188138j),(-5.524340319393322e-06-0.0018077487336084245j),(0.001072078434361248+0.0006416974005094191j),(0.001995060605576709+0.0017337794121860006j),(0.00015650418476442145-0.0003462537197702264j),(0.0014183375038507987-0.000594922516928561j),(0.0013323821222290836+0.0033147993400337757j),(-0.0009399936122896338-0.0038520106619711813j),(0.00039184807354934227+0.0017266807427209763j),(0.0012908964659477816+0.0034432179896700596j),(-0.0010020949649869081-0.003956251170916043j),(0.00032697416006419926+0.0018792670282642438j),(0.001302199805530591+0.0033126558925163536j),(-0.0010022314695021376-0.0039980520549032905j),(0.000357073913804241+0.0017434945897723871j),(0.002416597516208855+0.0015947315631973304j),(-0.0012070872257600338-0.0008927214703396237j),(0.0018611292821440705-0.0014851160319065888j),(0.0022193777577012774+0.0009954377518405842j),(-0.00534527229417611-0.002286762493766732j),(0.0017962032286014742-0.003634303187509189j),(0.002201128036668562+0.0009310953683668252j),(-0.00573371226136867-0.0024294444631710477j),(0.0017870524136616118-0.0038571594970951938j),(-0.004158327719364894-0.0032812457306366635j),(0.007739574868660313+0.009634555271556341j),(-0.005664406624042077-0.0003068749214836797j),(-0.0005303977444141368+0.0012455595298085896j),(0.0025824619775196484+0.001105792741119072j),(-0.0015552296670284934+0.0017133096011947323j),(-0.004624469925263767+0.02031434288425178j),(-0.003671165280842584-0.0031570165991804547j),(0.007057543807366107+0.008929144018432278j),(-0.005216387343083023-0.00012722547072973982j),(-0.0038594796097848713-0.0011431359479442283j),(-0.001757821620578855-0.005886076770800098j),(0.0007859017001826255+0.00381153509222144j),(0.0037128460934459234+0.0012849897130570473j),(-0.0007647064629604212+0.0046368703821012556j)
39,(1.4168765789412082e-05-1.2773623426200415e-06j),(2.5193276685853683e-05+1.656641735011193e-05j),(-3.9362042468003486e-05-1.528905499597466e-05j),(2.3796123350592765e-05+9.527906327278613e-06j),(7.712667698291203e-06+1.0953967418775287e-05j),(-2.0819876263389735e-05-8.034236232887543e-06j),(0.003182480643657531+0.0016485037985999682j),(0.0021832417653215104+0.0018720341984643004j),(-0.00037446655255104176+0.00037162055162561543j),(0.00460605218034323+0.0025430974588025665j),(0.003065080610286975+0.002947130551943755j),(-0.0008407693946246254+0.0004733481636561639j),(0.012780832445745436+0.013328488245659222j),(0.004599313970307658+0.017974636430271865j),(-0.014650785340506543-0.0019040121408986995j),(0.006669367947356779+0.020404717993370305j),(-0.017441287899155812-0.012127253753840935j),(-0.01694422844542644-0.007901651705916717j),(-0.0004657015646383051-0.02607661411949525j),(0.003272165123204873+0.013312719985818308j),(0.011992431535524817+0.008872313192315615j),(-0.0025153603594365837+0.0212694608641393j),(0.002984868680350108+0.014621163363484875j),(0.011322901049819586+0.01075572981613336j),(-0.0033424299791216146+0.023448160930684088j),(0.0029831873515462084+0.014623047124042598j),(0.011307230666036288+0.01077030261491745j),(-0.003339586184589593+0.0234609272152458j),(0.0034529425324706133+0.013758390707686079j),(0.0028547951307067465+0.01455507584906005j),(0.011026132102579612+0.010056402906634497j),(-0.002601924766824085+0.022732649859249908j),(0.001621481173671332-0.009187070447581526j),(-0.028982480560473783-0.002356270797378483j),(0.008895332316012175-0.0048980327235489595j),(-0.0020093627691575356+0.0031766965188502853j),(-0.0012404521418693708-0.0012627617936701793j),(-0.03951771540969316+0.012243640438918329j),(0.0017826353981655865-0.01235779468984741j),(0.9710366870534555-0.0006695937888526436j),(0.009908384390516034+9.447278708548269e-05j),(-0.00725267642489438-0.004493824264578554j),(0.015539794786592348+0.011888530029288455j),(-0.0023395907167121075+0.009795808971607627j),(-0.007422819050492783-0.004492734863555614j),(0.015829425246570085+0.011939257646816373j),(-0.0025817141021367666+0.009786187645372563j),(-0.0024852666715917977+0.0035058366081252394j),(0.006346294643960795+0.011694858096148555j),(-0.004498242263976558-0.00811908769944156j),(-0.0012113046127717833+0.001826893780739196j),(0.003094832381685072+0.006120910471521825j),(-0.002553670187328747-0.005132632251434477j),(0.0003827918031451327+6.774513055771234e-05j),(-0.0007946797250356841-0.0013695764086878127j),(0.0004035863875257308+3.050266449537752e-05j),(0.0012205824420364593+0.00034643893962259253j),(-0.0015065684409099524-0.001822884567965611j),(0.0012575875542125544+0.001128072184534174j),(0.00035836084215174293-4.115783725981291e-05j),(-0.0008526992887194035-0.0016361166081551503j),(0.00043893702189881715+0.0001344928531010446j),(0.0022619387395477995+0.0007427749908095621j),(-0.002218741605242239-0.0022038569259234704j),(0.0022988132964655173+0.002455203599793052j),(0.0023992981355927933+0.0007965439399357191j),(-0.002243114406445527-0.00221777140520036j),(0.0024311915461103853+0.002608460671922468j),(0.0022853731436275823+0.0007513684700253055j),(-0.0022750603893244075-0.0022324233538866113j),(0.002324997616670077+0.0024978430231873774j),(0.00032278692586838894-0.0004902368901051756j),(-0.00098467230688056-0.002758514605653439j),(0.0006695229472139209+0.0006693754070666042j),(0.00048459553138984146-0.0012746398465662183j),(-0.0008434470324353799-0.004863785179668106j),(0.00137635674929658+0.0020962856169913094j),(0.0005010332228008233-0.0013709677652703625j),(-0.0008446228105641062-0.00509142245461623j),(0.0014477579039754722+0.0022062261561449793j),(-0.002487589163634536+0.0035070257571280707j),(0.006351206240980976+0.01170215372519988j),(-0.0045006074812685-0.008121989204398097j),(-0.00015784673002853405+0.001943235959348713j),(0.002970237674673761+0.002336404440110666j),(-0.002180487672807519+0.0004309442091576681j),(-0.003908223448122943+0.020765373266745584j),(-0.002452932731980547+0.0031211432443215463j),(0.006102853915332407+0.011046037144985664j),(-0.004230697646930971-0.007494344483163516j),(-0.0011794625431519018+0.0017509706711599802j),(-0.003074652757365648-0.0026165615598488616j),(0.0011353162532931904+0.004164425388260364j),(0.004942779399935501+0.0028547140647974534j),(-0.0023158947406274515+0.0039231949496314695j)
40,(1.873910206643527e-05+3.2057949038885464e-05j),(-2.788266739545368e-05-1.635525379316546e-05j),(9.143565328317283e-06-1.5702695241247256e-05j),(1.3810263066731798e-06+1.700566782597745e-05j),(-1.9791590669260296e-05-1.951798547089534e-05j),(1.179300274714862e-05-7.896447088011178e-07j),(-0.0006592880887778358+0.000956662132426199j),(-0.0023550830483170773-0.0014609980235223592j),(0.00027318261457444284-0.00020218892849555806j),(-0.000573102456359738+0.0018999403484611134j),(-0.0032521356255877524-0.001946851914767806j),(0.0007602707777423241+7.1533121747425e-05j),(0.01341083505740466+0.026273366912415268j),(-0.003430474392981226+0.0009123862237899617j),(0.016384839907032135+0.015024708038394806j),(-0.008241929700433281+0.0021021093631933448j),(-0.00910625858643002-0.0033103954141702266j),(0.005428974914184811-0.014186393176922628j),(-0.022700308945844565+0.005062528404752267j),(0.001115500446031381-0.001996165041070438j),(-0.00784085983608739+0.023047545985074795j),(0.02312663103787917-0.00021123623010363066j),(0.0008611107123609797-0.0020771680563107953j),(-0.008299260054615806+0.024536625867498586j),(0.023040234954540703+0.0004170762072944343j),(0.0008501003592748614-0.0020620203750391676j),(-0.008299482020721956+0.024547088048134786j),(0.02300120355561064+0.0004335222607830852j),(0.0005361039768089957-0.0016465690749263577j),(0.0002771789917149782-0.0027056208923263913j),(-0.00801811031183541+0.024332184930573375j),(0.02113473817729782+0.0007206977946201559j),(-0.007632954120010244+0.00971611338496941j),(0.010441840525688133-0.007425236354588588j),(-0.06055374692369982+0.009440381426798906j),(-0.0033807964238512134+0.00702434555753307j),(-3.15847882506751e-05+0.006986548758153747j),(0.019647795878715766-0.010795358644543337j),(-0.007867247850506688+0.015957302630749612j),(0.009908384390516034+9.447278708548269e-05j),(0.9363480641134135+0.008039491865530105j),(0.00472671816931521+0.010714646772990435j),(-0.010227332608201823+0.009832888500268647j),(0.021561566224817832-0.00729255714542687j),(0.0048726133612516315+0.01043390371338525j),(-0.010278938120795335+0.009821070083522291j),(0.02249735469741409-0.007783499200281912j),(-0.0020290339907855794+0.004508254050217411j),(0.008580543007037427+0.005348704758191188j),(-0.007152865961593237-0.00818222798737298j),(-0.0015793215089565185+0.0036866784963357265j),(0.004828587929351036+0.0038318867976449883j),(-0.004866088546312181-0.0025142315747653495j),(0.00020165979734583874-0.0004732979955486289j),(-0.0007189222374165645-0.00028614454132804874j),(-5.9987660852871836e-05+0.003622241863709138j),(0.0005395990425014715-0.001077436566607192j),(-0.0006347788578772657-0.0016226460222757803j),(0.0006280967318515358+0.004796433333224503j),(0.0002528919653486528-0.000636735892401707j),(-0.0009738917949663128-0.00034805641476330016j),(9.111333619624693e-05+0.003697036582831932j),(0.0010147910598201691-0.002105903322787102j),(-0.0004013696071291184-0.0035621657146074474j),(0.0015136305472410099+0.005798138485984711j),(0.001071618757522862-0.0021922324143018304j),(-0.0003714560990377456-0.003696930397594267j),(0.001617446500050654+0.005927001245848163j),(0.0010295717216832836-0.002161273462374544j),(-0.00039435778770292233-0.003681463226757954j),(0.0015416774345342174+0.0058179720673301j),(0.000557065070662071-0.001646742011703322j),(-0.002071636713744493-0.000884263693559058j),(0.0008851193876996809+0.003784074718467467j),(0.001420268996568253-0.004587404808799701j),(-0.004283241132637219-0.002759027087507947j),(0.0028503374814178766+0.0030645112854561785j),(0.0014852881418525826-0.004885212478896016j),(-0.004500697871900672-0.0029556233379127994j),(0.003028312592558681+0.0030117269673608452j),(-0.0020290912697960633+0.004509761739580859j),(0.008583828820437643+0.005351246499148514j),(-0.007153276213680988-0.00818998491485929j),(-4.078086102060357e-05+0.0014157841139290656j),(0.0019569488360790884-0.000272124661437133j),(-0.0017099508624748945-0.00021147049054434566j),(-0.002828385540953332+0.0074932074070692516j),(-0.0018659989983662337+0.004280419130644552j),(0.007823002189293854+0.00505533644920484j),(-0.006394897047082392-0.007789890356367674j),(-0.0017679507946032577+0.004151240459373526j),(-0.0004208716293015958-0.005001944992279162j),(0.0006667622622971622+0.0020260800884859794j),(0.001903254218055468-0.001114838137200078j),(-0.0013498097178676234+0.0015552851449537244j)
41,(-4.738994405077805e-06+2.854257437843365e-05j),(2.8579149416024643e-05+5.859855347347091e-05j),(-2.3840155022968294e-05-8.714112786132007e-05j),(7.59713887755575e-06+3.66420524348598e-05j),(1.3180530236380487e-05+4.187086511707953e-06j),(-1.904867528580975e-05-6.263591703510796e-05j),(0.0005158576056316384+0.000584662677797587j),(0.0008430532404343732-0.001393430720173272j),(-0.0021049429570806377-0.006763260389120624j),(0.0006005101770203435+0.001297749052697981j),(0.0012307405872195587-0.0019065788242160712j),(-0.0033498901377974344-0.010581179696550501j),(-0.004353035097769834+0.023190669405763503j),(0.004286605318112786-0.0004367461043573509j),(-0.021499949589691966-0.06278633480174635j),(0.00430823778938565-0.0019861294832406347j),(-0.012675280002547432+0.04486379029271165j),(0.012054767848913385+0.023180182426905165j),(0.011146709989799962-0.03514479553781328j),(0.005634263775176521+0.022795163235701875j),(-0.0018635507564776013-0.0017624920458169224j),(-0.00881347301834528+0.011973926700896587j),(0.00674036641841107+0.02412852123026289j),(-0.002250018972081175-0.002080722995524054j),(-0.009258373910159167+0.013206128019370838j),(0.006747994184438938+0.02411497206485199j),(-0.0022544716285902273-0.0020840834385197453j),(-0.009254459033681073+0.013214791131093124j),(0.007000717064076595+0.02358030151411949j),(0.006659940066745401+0.023979418815958654j),(-0.0023971093225635047-0.0021307599033526525j),(-0.00898558345846222+0.013350707586459117j),(0.01600273757604613-0.002119101815348884j),(-0.007913244767974744-0.0045464959136548334j),(0.0038086998671739906+0.010834921595018053j),(-0.003521741969238411+0.014070819874374058j),(-0.0021470394328035347+0.009032394095728294j),(-0.012475573577712389-0.003976283359674912j),(0.015362010248182113-0.004080938720858115j),(-0.00725267642489438-0.004493824264578554j),(0.00472671816931521+0.010714646772990435j),(0.9534302594829327-0.052299952296627227j),(0.004018227225159603-0.00556597210120525j),(0.013289543341236661+0.00557433086788638j),(-0.04690356889918684-0.048871631869878515j),(0.004366476690709105+0.004341770055798709j),(0.013480960175355529+0.009524455853303589j),(-0.002374109542323245-0.005960153757767659j),(-0.002288517683901541+0.012514386928359135j),(0.011079544916141377+0.009788846654082535j),(0.0006485050071798386-0.002788971343915448j),(-0.0015087297954323822+0.00535818164977784j),(0.005601780675595214+0.0036411171982999417j),(0.001654044714907175+0.004684968893338961j),(-0.0007814183176578914-0.002936814203829128j),(-0.0024672045306894166-0.00315086101681112j),(0.0018631125084703553+0.006280934622608286j),(-0.0003887774647685624-0.003931593260487087j),(-0.0033479389882549787-0.002758717883851099j),(0.0016958612727905865+0.004831488571515413j),(-0.0007631234793511111-0.0031256837603666366j),(-0.0026818116165982214-0.0034495518053777995j),(0.002261194829608514+0.00817359305572156j),(0.0003333455491054027-0.004725777597906629j),(-0.004068332131728241-0.001841334408367068j),(0.0022942124313454957+0.008412778820860086j),(0.0003788254634188669-0.004735000987653808j),(-0.00415066673650165-0.0017055184127743141j),(0.0022828249630594093+0.008222246197501953j),(0.0003817574743261996-0.004795513016324959j),(-0.004088251879387071-0.0018237530272547143j),(0.002021109680369235+0.005585775120626698j),(-0.0004884462560325268-0.0036752698659700605j),(-0.0034581886647157326-0.004468206131694393j),(0.0031036489141575705+0.007327305567476547j),(0.0008196573780350536-0.003913542060374829j),(-0.004338051976886742-0.005654302230958222j),(0.0032239612012246767+0.007514822690365024j),(0.0009274478114834251-0.003966315570679439j),(-0.004453835727510132-0.005796413504044719j),(-0.002382152711425333-0.005968640880291809j),(-0.002289222197463203+0.012522658726529261j),(0.011087023416654266+0.009796822797608186j),(-0.0013754921569914525+0.0012008211448640287j),(-0.00011974763690512078+0.004857718784641615j),(0.0013568815910354963+0.0032744867916222305j),(0.018112888284250134+0.046861791762475596j),(-0.0027779709117957503-0.006248192185286822j),(-0.001988832804069709+0.011899947053221865j),(0.010560654938524441+0.009413041640459044j),(0.0010410749709716287-0.003630482117283694j),(0.0009706780530227479-0.005835806340228687j),(-0.001958063967381239+0.005537392783385628j),(0.0007240939423182837+0.009176876098968735j),(0.0009461482433461101+0.006585765615772396j)
42,(-2.0378002216597715e-05-1.9006691086488235e-05j),(-2.183923487185471e-05+1.0690182618748297e-05j),(4.221723708926826e-05+8.31650846636338e-06j),(-2.833915322469761e-05-1.3045888871699614e-05j),(-5.289687862063754e-06+8.62518451534383e-06j),(1.949620584664265e-05-3.44643331846152e-06j),(-0.003755558825932286-0.0012351229293127222j),(-0.00216013192498005+0.000159662288659909j),(-1.5454152347233168e-05-0.0008122936971300383j),(-0.005426302782824667-0.0018902568703548827j),(-0.0029473711641489295+0.00029754450901197955j),(0.00017999835311787978-0.0012460325081139324j),(-0.014692244890001694-0.009201294907192813j),(-0.0007541303823321412+0.004010374278578222j),(0.008510096441546811-0.005961712121135962j),(-0.0010273902064351754+0.007641212127303218j),(0.015455083298612402+0.009977306853017863j),(0.012870214066632527-0.0025255998888652565j),(-0.0248694698136869+0.012166401772934867j),(-0.0008457401393928139+0.004435163992885432j),(-0.012293150874384963+0.008145183727777845j),(0.006556309632733505+0.006670576934365589j),(-0.0012693478647617098+0.004618118838967824j),(-0.012507224966098601+0.008672155554592508j),(0.0070595658665457+0.006912415490634329j),(-0.0012721300901206475+0.004615916408962868j),(-0.012495322123846155+0.008676952767463641j),(0.0070585440892108175+0.006914228333822391j),(-0.0013258152250911408+0.004501836079558645j),(-0.0010476305981454211+0.004640650590776811j),(-0.011821405397514875+0.008801065256650253j),(0.006833073586955788+0.006996308975653741j),(-0.005591124630199063-0.0020934722163128312j),(0.017093815848621654+0.010782344116573129j),(-0.009294378025600479+0.009586331006053737j),(0.0008268189154499485+0.002285412810190974j),(-0.0010480633936002146+0.0036241210932036576j),(0.028009618628515524+0.007625130049232005j),(-0.006162795726895284-0.001937579075474101j),(0.015539794786592348+0.011888530029288455j),(-0.010227332608201823+0.009832888500268647j),(0.004018227225159603-0.00556597210120525j),(0.9569396831202454+0.0268905092553434j),(-0.0007369467874690486+0.0026534966737542572j),(0.004560314180115543+0.0034363215393304414j),(-0.04254789138438553+0.03315614950005903j),(-0.00029110578061604516+0.0018985821868373817j),(0.004750986491122514+0.006842373615397076j),(-0.004695796125354934-0.007972771994150873j),(0.006909131217681865+0.003281577770364273j),(0.002543862370870717+0.005839828011208674j),(-0.0010171627717808036-0.004018636774084252j),(0.004170412833388776+0.0024776365614466063j),(-0.0005289961013577973-0.0008069048436072101j),(0.0024442150111717562+0.0011073915592755505j),(-0.00019075852853854102-0.0006794692666456753j),(-0.0014812083406400796-0.0026273519308526692j),(0.0021135084137329655+0.0033986903688144826j),(-0.00010241301395464279-0.002922104773401043j),(-0.000570789726043439-0.0008614846769155228j),(0.002600913286272033+0.0010250227983897107j),(-0.00043617978377378294-0.0005236994484176685j),(-0.0027505843806809893-0.004563056561458737j),(0.0013977520064572956+0.006193014701058868j),(-0.00015051278683885953-0.005455686967318367j),(-0.002888346996036946-0.004858824610281385j),(0.0013383200889282225+0.0062942105328221195j),(-0.00015903340644186605-0.005800303329745694j),(-0.002797277104477434-0.004581465671486613j),(0.0013581561653067196+0.006413641705294458j),(-0.00015167097984601755-0.0055060493643188865j),(-0.0009064685512320028-0.001067808006622894j),(0.003080732541966959+0.0005718831766360604j),(-0.0017228350633275334+0.00019153555638777749j),(-0.0020755866326720987-0.0013946351480756559j),(0.003359902722855061-0.000683889852510975j),(-0.005040411541710107+0.0018118137494630149j),(-0.002205360732457334-0.0014267230176381496j),(0.003390439595530201-0.0007891962030192184j),(-0.005362852535795176+0.001962076928750795j),(0.004753608681240449+0.006843707800777495j),(-0.004704101709706697-0.007974509742540404j),(0.006912060409959611+0.0032830969909616314j),(0.002327568018965712+0.00038414082065335196j),(-0.002497189553518875+0.00014216668160335968j),(0.0014071519178488767-9.58566962853593e-05j),(0.027687587484203944-0.031904891691704504j),(0.004625810282841618+0.006270745945177468j),(-0.004925478290249038-0.007179508564603646j),(0.0064860156517955025+0.00304511970667856j),(0.0025640312783485383+0.006919692550850924j),(0.0009956518136618555+0.009487175820748144j),(0.0029840379741414035-0.00027425151792864554j),(-0.0032537609464307637+0.002175294980752788j),(0.001245369937345143-0.0006660574533851687j)
43,(-2.205530864078794e-05-9.138473149010622e-05j),(1.8889275261064e-05+3.0514774586353303e-05j),(3.1660333834469042e-06+6.0869956941826625e-05j),(-8.940444146081615e-06-6.064881591404807e-05j),(1.5781015012926784e-05+4.345157860936638e-05j),(-5.56729599157019e-06+8.652927746608494e-06j),(-0.0009225569779580586-0.005065369338408383j),(0.0013190074718573436+0.001972324191003844j),(-0.0005079149338847995-0.00030356406778399324j),(-0.0016284404407475453-0.008249435458789332j),(0.0019801201572948214+0.0031014931197528703j),(-0.0008922813320640919-0.0005453222740762154j),(-0.016399982489284093-0.06119067536987347j),(0.009019329600743784+0.02011610538143677j),(-0.00852108258602428-0.005119676734413527j),(0.01443190841283689+0.025439195004010456j),(-0.011697337583467577-0.036774965809399734j),(-0.007692511375008493+0.014551092730102029j),(0.008072826849642386+0.0194704413743124j),(-0.007109591930376831+0.007339235984370977j),(-0.0019852362688320313-0.006136646979290459j),(0.0048295861631901076+0.02415373961562511j),(-0.007558782058300344+0.008954942939390781j),(-0.00206216566724975-0.006472973049629664j),(0.005129610265410909+0.024523389823783943j),(-0.007549314760304042+0.008966836780618366j),(-0.0020607408389752236-0.006466995021582969j),(0.005138498356308143+0.02451169626104709j),(-0.007142344194164925+0.009271171120154466j),(-0.007450085733645286+0.009517386594433026j),(-0.0020295651712247424-0.006108942606922634j),(0.005560460123377727+0.02391184757601056j),(0.009667558835951185+0.014965061619466952j),(-0.0027449063004855896+0.009730741481703255j),(0.02228318347755604-0.005035630528645646j),(0.0004690460508913687+0.0028154457019815907j),(0.0006046382769539266+0.002481157330322354j),(-0.0054153764469687315+0.013272653517300849j),(0.010581420313178297+0.014957620819956871j),(-0.0023395907167121075+0.009795808971607627j),(0.021561566224817832-0.00729255714542687j),(0.013289543341236661+0.00557433086788638j),(-0.0007369467874690486+0.0026534966737542572j),(0.9473469999246728-0.06588623599109274j),(0.01343027270357772+0.009464523447141951j),(-0.0005321625444512517+0.002494179050829805j),(-0.05280367201279385-0.0536859646241732j),(0.010673768334306194+0.009435925753933887j),(-0.01275630890917906+0.0004801680834413992j),(0.006295707789978999+0.0028019648206947315j),(0.005804544002197331+0.004509848102673429j),(-0.006807499899642551-0.0005584677001501392j),(0.005167685548434933+0.004305009414346916j),(-0.0024675313184435222-0.0029382749419798616j),(0.0012793538296232572-0.0015501566420120672j),(0.001020077566544378+0.005117522541873492j),(-0.003728708480705818-0.0038590790656871906j),(0.002250955565988069-0.0012611059259564428j),(-0.00011216825416098325+0.0041916205274812384j),(-0.002676265273675784-0.0031145896991912657j),(0.0015130508896254954-0.0016179334225692105j),(0.0009697090056938205+0.0052614378975509865j),(-0.005066433432070201-0.004605175511412799j),(0.003384294886878798-0.0007725801204416013j),(-0.0014137645442870365+0.0029769974492166113j),(-0.005247120315918627-0.004694789097829716j),(0.003422305083845758-0.0007578985981747787j),(-0.0015850349883582584+0.0028294890532772204j),(-0.005091930500817731-0.004623009408921442j),(0.0034758468030350017-0.000730372214078203j),(-0.0014426235143635722+0.0029407728892403826j),(-0.003616504307766489-0.003698230182182509j),(0.0025221968241875906-0.0018506199496645787j),(0.0006953614184329728+0.005835391749751046j),(-0.005551653155544612-0.004345193013382931j),(0.004556004795826187-0.0020557209440740976j),(-0.00015721238976395538+0.00653782772813306j),(-0.005758360175365002-0.0044260932864051096j),(0.004740608575861541-0.0021008756623222434j),(-0.00022493472711727653+0.006656954382881877j),(0.010680509582856972+0.00944292540123623j),(-0.012763090810303525+0.00048184231591569954j),(0.006291727187107256+0.0027950265321105214j),(0.0016417231849135492+0.0008354277553036856j),(-0.003966822202728672+0.0024398797043185677j),(0.002412459503936421-0.0006436374222106114j),(0.018982932599237206+0.03695914641881311j),(0.010221777142029733+0.009105949479495586j),(-0.011866378421763288+0.0005677460248822777j),(0.005313773939819135+0.0018655053422919933j),(0.006230601760105028+0.004834005730750662j),(0.0047888566053348805-9.312208353743495e-05j),(0.0008043579445550403+0.00036863982972205347j),(-0.004485553430163963+0.005088926148459052j),(0.0022307087900819314-0.002340027701391859j)
44,(-4.36271737776422e-06+2.851989614932005e-05j),(2.9175247640688095e-05+5.875777504551554e-05j),(-2.481253027619495e-05-8.727767120416173e-05j),(8.178629456797363e-06+3.654482023692117e-05j),(1.333615137854235e-05+4.1146834611561e-06j),(-1.9568395543615886e-05-6.289202446833864e-05j),(0.0005714783536824811+0.0005279994077757369j),(0.0008721771344702175-0.0014451311350108026j),(-0.002135020626893548-0.006824455486163386j),(0.0006786485868440621+0.0012158387383709658j),(0.0012697531651285538-0.001980276122276147j),(-0.003398973109415028-0.010671254579459374j),(-0.004234365768114059+0.02297006241649132j),(0.0042700610624320555-0.0005917347259126356j),(-0.021853595785637222-0.06309984358323997j),(0.0042461930800956164-0.002220316341309859j),(-0.013106920733821926+0.04508737313198937j),(0.012286750975222846+0.023800531200584923j),(0.01190203446177713-0.03510410067613064j),(0.005592119599319597+0.022681315776019947j),(-0.0017373939905907703-0.0019104752274323768j),(-0.008946547510043082+0.012026769368016528j),(0.006650983366215052+0.02395531548017179j),(-0.002192134469412664-0.002285838358995101j),(-0.009469638965819267+0.013204833175980462j),(0.006656989078889499+0.02393905560431653j),(-0.0021989050894825933-0.0022919424286314844j),(-0.009467829332934611+0.013210699446918144j),(0.0068808644697252305+0.023283346694109794j),(0.006574063504641373+0.02382461172445573j),(-0.0024006846654882567-0.0024601912690760588j),(-0.009245887276473724+0.013220358360989462j),(0.01683653054961553-0.0018398425177430476j),(-0.008107526485109004-0.0042469121343657636j),(0.003950500760357858+0.01088806934378573j),(-0.003582570438368775+0.013953135755537086j),(-0.0020775606261153844+0.008830514293208181j),(-0.012869924202238089-0.003708425416778266j),(0.016234319694336384-0.004190723862429589j),(-0.007422819050492783-0.004492734863555614j),(0.0048726133612516315+0.01043390371338525j),(-0.04690356889918684-0.048871631869878515j),(0.004560314180115543+0.0034363215393304414j),(0.01343027270357772+0.009464523447141951j),(0.952550156116034-0.05246399911263573j),(0.004668308810452206-0.005126544694339581j),(0.013523893348531265+0.005778375772412071j),(-0.002510924612423383-0.006037831954398104j),(-0.002239515030938915+0.012490092609050532j),(0.011124763944150032+0.009830993753747295j),(0.0005950997841199266-0.002796852116529212j),(-0.001498824644986857+0.005342832323499342j),(0.0056184892054927625+0.003649096371804382j),(0.0016596784753105582+0.004737999301749101j),(-0.0008169901988531161-0.002886442006844516j),(-0.0024957001321612524-0.003110554477729811j),(0.0018916764555105725+0.006331918008486311j),(-0.0004279765032620858-0.003902055047108801j),(-0.0033735092988587782-0.0027449334678656366j),(0.0017020298485611533+0.004887556149337656j),(-0.0007988095687854927-0.003072278144928487j),(-0.002711695564178323-0.0034076571444754573j),(0.00232655860638681+0.008220840956551189j),(0.0002998540655308623-0.00473942681801838j),(-0.004082739253067421-0.0018794817400536584j),(0.00236398642359141+0.00845970899465652j),(0.00034599519923370753-0.004753300395959789j),(-0.004163685306081107-0.0017497549993653455j),(0.0023494181807220405+0.008269203404303921j),(0.0003485025372690606-0.004811107848188299j),(-0.004102289152170533-0.0018637914802917682j),(0.0020345920910841055+0.005654779970746814j),(-0.0005173324509166802-0.003622968038874179j),(-0.0034890622097269236-0.004437470900454644j),(0.0031468668476797596+0.007411901373170388j),(0.0008151652451023806-0.003911426569797366j),(-0.004364567960035729-0.005699970204285067j),(0.0032704231318290674+0.0076013301746317135j),(0.000925222294252701-0.003968098937783149j),(-0.004479955002385611-0.005848527188434677j),(-0.00251879975298338-0.006047173764875386j),(-0.002239787188717932+0.01249766931638879j),(0.011132533756899307+0.009838154138857687j),(-0.0014212767134395917+0.0011575334665383198j),(-0.00010643933441801309+0.004838233992060912j),(0.0013727196338087708+0.0032681500533005923j),(0.017736028586655968+0.046954858662297635j),(-0.00289000938097404-0.006361384422472392j),(-0.0019079788359980792+0.01185084848249009j),(0.010624779764169642+0.00939930302336166j),(0.0009904730329135083-0.0035959665605322165j),(0.0009378121441876269-0.005865855019553712j),(-0.002037043019265638+0.005506915540859111j),(0.0007281886773984214+0.009125964397936337j),(0.0009563728756449777+0.006553573043179829j)
45,(-1.9976705564040248e-05-1.833741452262499e-05j),(-2.2138127670836922e-05+9.425282195244843e-06j),(4.211483323530473e-05+8.912132325929713e-06j),(-2.8137109480594924e-05-1.2971980488368822e-05j),(-5.541714019859985e-06+7.93603826075744e-06j),(1.9579703748392762e-05-2.6941263168444676e-06j),(-0.0037354808817169592-0.0012227235708002996j),(-0.0021755321923598876+0.00011796962748912934j),(1.595651755701994e-06-0.000740743717688982j),(-0.005394839364477547-0.0018719449250724149j),(-0.0029732910931553396+0.00022927697280113722j),(0.0002078057474872246-0.0011310752783421033j),(-0.014505141785026567-0.009140330039493931j),(-0.0009831637065567784+0.0034782492923386647j),(0.008718810343931543-0.005163540489130404j),(-0.0013340314455151533+0.0069393745871400465j),(0.015678393365558357+0.010032360448397573j),(0.012891080272934627-0.0022095198070364343j),(-0.02446092660662235+0.012920877096719439j),(-0.0009463831398261847+0.004077866874163225j),(-0.01224517397473161+0.008419708292823097j),(0.006488902081790163+0.006285570657635613j),(-0.0013886143490967023+0.004147985144693043j),(-0.012474468620628518+0.008801573498936956j),(0.006964945440771045+0.006362001922854673j),(-0.0013937206536912912+0.0041436536113623945j),(-0.012465148319656115+0.008803070304484625j),(0.006961301572814802+0.0063609139529988735j),(-0.0015508553405988836+0.004017615964343682j),(-0.0011628553525658057+0.004205705166184915j),(-0.01190456050223269+0.008873542549678159j),(0.006623638970961394+0.006409582060028048j),(-0.005588929828548704-0.0016150279186885816j),(0.017364454822408705+0.011225205671609815j),(-0.00933190129567804+0.009790194506167239j),(0.0008519655365410521+0.0023250784335313718j),(-0.000988978336027446+0.003774877299174785j),(0.028311208083319373+0.007745203562181053j),(-0.006157692825897835-0.0017088763566739835j),(0.015829425246570085+0.011939257646816373j),(-0.010278938120795335+0.009821070083522291j),(0.004366476690709105+0.004341770055798709j),(-0.04254789138438553+0.03315614950005903j),(-0.0005321625444512517+0.002494179050829805j),(0.004668308810452206-0.005126544694339581j),(0.9575031761194089+0.025497713514270087j),(-0.00022854968414384963+0.002591754886339407j),(0.004781375563531247+0.0067439060184903265j),(-0.0047841323812077615-0.008137208701143046j),(0.006873196725075418+0.003405962959944199j),(0.002563209643258174+0.005743876133813942j),(-0.0010571133331694705-0.004033547767870061j),(0.004152828707015364+0.002552371612003064j),(-0.0005437157484865805-0.0007871102199423382j),(0.0024361090576448304+0.0011908470261784414j),(-0.0001958950188016027-0.0006825583028092302j),(-0.0014999451855409638-0.0026094493954425856j),(0.0021308873871175617+0.0034654732905963306j),(-0.00011892708053612346-0.0029237669992972096j),(-0.0005867409078810092-0.0008387589656164423j),(0.002590935734404759+0.0011159839713130535j),(-0.000438942949728055-0.0005316249014282975j),(-0.002773816461671937-0.004568486758751885j),(0.0014444661340177844+0.006240658549111416j),(-0.00018033620317800092-0.0054634891004655215j),(-0.0029126911797400868-0.0048656677708739755j),(0.0013861426104647037+0.006343003701558101j),(-0.0001908002713716208-0.005807652402456932j),(-0.002820265590759632-0.004588458691565792j),(0.0014071012581901789+0.006458844162370206j),(-0.00018167591659177352-0.005514678482118623j),(-0.0009287097220275014-0.0010455293637615082j),(0.0030628264370854107+0.0007016395391708022j),(-0.001713205022180895+0.0001561602585368905j),(-0.002105965239658245-0.0014117781461012945j),(0.003325904395418374-0.00046356571315538456j),(-0.004996899200502566+0.001701393854312016j),(-0.0022363732923212296-0.00144664656385186j),(0.0033553748947713685-0.0005593563516428958j),(-0.005316167182039043+0.0018450066258364622j),(0.0047843826120371165+0.006744634008008276j),(-0.004792140295294338-0.008139793205310334j),(0.006876314435929785+0.003406560824074076j),(0.0023133587125419176+0.00033582792271577176j),(-0.002511670037363923+3.07227258673267e-05j),(0.001429971568493164-0.00011247084593658807j),(0.026709084308183216-0.03243813243091337j),(0.004683398114457426+0.006164681941539777j),(-0.004979477434052297-0.007365253955144834j),(0.006468570301986401+0.0030887416484668712j),(0.0025792749083855086+0.006793538161140754j),(0.0010741223075859685+0.00949126061371448j),(0.0029455085808493793-0.00040655544385421273j),(-0.0033011928181997155+0.0019907710605663086j),(0.0012836992935459533-0.0007744699403746732j)
46,(-2.2206700938411318e-05-9.24124319839597e-05j),(1.9288435028072446e-05+3.042087194147514e-05j),(2.918265913533657e-06+6.19915600812113e-05j),(-8.833942807499123e-06-6.142008755442423e-05j),(1.6055597809623796e-05+4.385042333708341e-05j),(-5.745591953693081e-06+9.15694522867591e-06j),(-0.0008939879071032938-0.005112626227826529j),(0.0013657812359211662+0.002002831761511595j),(-0.0004981807734722515-0.0002580826900369838j),(-0.0015932483656494543-0.008331780796471667j),(0.002044453988441855+0.003144488804758952j),(-0.0008826823832057615-0.00047853043739500624j),(-0.016548040857545052-0.06200215380322957j),(0.00906953716682151+0.020198212689447596j),(-0.008666356489082129-0.004886249129413409j),(0.014558738514982371+0.02551637917718508j),(-0.011779923485482464-0.03728330756071288j),(-0.007930154963342102+0.014776127625079287j),(0.00857582148129742+0.019640252684327317j),(-0.0071522997189850885+0.007445141886864586j),(-0.0017405308334014907-0.006261168276906801j),(0.004567176771641441+0.02434356471501708j),(-0.007625133650064221+0.009010690295248036j),(-0.001849297986995326-0.006726547051538982j),(0.0048270559995993185+0.02460443085914409j),(-0.007617656006395723+0.009020449800002066j),(-0.0018504538005711581-0.0067233717933883885j),(0.004834047403624579+0.024589829597310528j),(-0.0072859126526581015+0.009281895090174722j),(-0.007497477489744751+0.009618364749731635j),(-0.0019200123358477444-0.00642142301454645j),(0.005193138600578122+0.02391872101711128j),(0.009803796722117621+0.015100377249978368j),(-0.0029839640782228323+0.009968205162870628j),(0.02317116754030467-0.005134904136223861j),(0.0005190291368148139+0.0027622585222082108j),(0.0006240744422103983+0.0024214325549647264j),(-0.005858182511961383+0.013470004192448079j),(0.010717969560238622+0.014744523466002659j),(-0.0025817141021367666+0.009786187645372563j),(0.02249735469741409-0.007783499200281912j),(0.013480960175355529+0.009524455853303589j),(-0.00029110578061604516+0.0018985821868373817j),(-0.05280367201279385-0.0536859646241732j),(0.013523893348531265+0.005778375772412071j),(-0.00022854968414384963+0.002591754886339407j),(0.9463721771466661-0.06608342963697562j),(0.010723938534727723+0.009402774436067948j),(-0.012782251009210582+0.0004751225445006474j),(0.006153583968532424+0.0028418983542620874j),(0.0058372706139341235+0.004454993814133097j),(-0.006824152868822332-0.0005498849955753483j),(0.005119830289515303+0.0043830926800396235j),(-0.002486486546282817-0.0028917815115713317j),(0.0012695277769772543-0.0015331726600759403j),(0.0010512549342357128+0.005106972598173709j),(-0.0037487594883480932-0.0038296195981408544j),(0.00224022953772893-0.0012500541515562701j),(-7.460705967253853e-05+0.004192857562464255j),(-0.0026979300320099883-0.003064636397806809j),(0.0015038681424922593-0.0015998876609765377j),(0.0010029672899482113+0.005248899249216447j),(-0.005092453311225272-0.0046184970249382685j),(0.00336732667994213-0.0007676364053750065j),(-0.0013776156814058749+0.0030188463662189327j),(-0.0052735244438858134-0.00471306135293163j),(0.003405094592594634-0.0007530758551767061j),(-0.0015489981866773795+0.0028766023361187637j),(-0.00511833144860006-0.004637886371464375j),(0.0034582973231887474-0.0007258993138934342j),(-0.0014066425404378375+0.002983913346625694j),(-0.003652348816279598-0.0036503974783790674j),(0.0025173500701153755-0.001828028052483087j),(0.0007351048641729278+0.005833650691539405j),(-0.0056143042192817365-0.004345923326504704j),(0.0045660449846560295-0.00202013744711174j),(-0.00010760312807110619+0.006613763044440674j),(-0.00582322097423675-0.004430198444560451j),(0.004752230758155613-0.0020635273107242978j),(-0.00017367086902624713+0.006740211063290083j),(0.010730963165478957+0.009408941624408515j),(-0.012788807897239105+0.00047573752370655073j),(0.00614976893119155+0.0028346745400742203j),(0.0016417117406290604+0.0008173185935611655j),(-0.003959287235959627+0.002432448932340358j),(0.0023924900715599348-0.0006747952270931561j),(0.018653890992690596+0.03712711954727162j),(0.010290650664054449+0.009023438664671273j),(-0.011869226687925342+0.00048478541362884445j),(0.005200707250692941+0.0019230227904260214j),(0.006261330578383193+0.004739464295512773j),(0.004761746813687384-9.408068227177886e-05j),(0.0007989876389570818+0.0003279359214121545j),(-0.004471162442710378+0.005055363468025821j),(0.002200073585374658-0.0023930043577174436j)
47,(-6.908914834370968e-06+1.3134853643525164e-05j),(-4.191973234268706e-06+1.3674556849625677e-05j),(1.110088806020658e-05-2.680941049953027e-05j),(-7.046409498869826e-06+1.3448289155542789e-05j),(8.608492682455331e-07-1.4988032672670246e-06j),(5.675096201647933e-06-1.704777795381095e-05j),(-0.0006170001957718138+0.0005499187351002657j),(-0.00017138865970144085-0.00044576583718297755j),(0.00018669383988806213-0.0017840429062764627j),(-0.0009321689225363784+0.0009423274812982215j),(-0.00023315752320861522-0.0007059252871483978j),(0.0003030179942710569-0.002862643311554725j),(-0.004176011554873905+0.009180091852830877j),(5.193101408138695e-05-0.0043584575397303815j),(0.0022383965375580503-0.019615638470368436j),(0.00024265517313722877-0.005093779641117981j),(0.0036180714682727696+0.025133413032335104j),(0.0022651829758945268+0.006407822719291386j),(-0.0012933120917777226-0.007488121777819977j),(0.003836971019961653+0.0020872072287422905j),(-0.0011848257494843386-0.0022102391523178503j),(-0.0027270619888849754-0.000199864393629755j),(0.004142800140615838+0.001800585830425432j),(-0.001247553647913987-0.0022236645319001387j),(-0.002797298413832794+4.089673096410338e-05j),(0.00413970794860607+0.0017943848293170573j),(-0.0012484607293392932-0.0022225342844766106j),(-0.0027969676720579844+4.4027363536799924e-05j),(0.003994804612148779+0.0016232607982038646j),(0.004267487938471159+0.0015736331789752535j),(-0.0012737166463058331-0.0021245973846948357j),(-0.0027776622391682375+0.00015283155554583717j),(-0.003861057648032185-0.003005756142771589j),(-0.0025718191170801766+0.0032791064031116304j),(-0.0023025763811485972+0.004252161371990906j),(0.00018517440183445978+0.001253649636282602j),(-0.0014919223655989649+0.0017003058767360766j),(-0.0025196105107530824+0.0038369565511422316j),(-0.00415865732392576-0.003277812744236508j),(-0.0024852666715917977+0.0035058366081252394j),(-0.0020290339907855794+0.004508254050217411j),(-0.002374109542323245-0.005960153757767659j),(0.004750986491122514+0.006842373615397076j),(0.010673768334306194+0.009435925753933887j),(-0.002510924612423383-0.006037831954398104j),(0.004781375563531247+0.0067439060184903265j),(0.010723938534727723+0.009402774436067948j),(0.9797928632863177-0.011745746283406616j),(0.010876937124370958-0.010900769466824216j),(-0.0003992328318608029-0.00751668680424351j),(-0.011727430626762098+0.005746040148494028j),(0.0049032999659658115+0.0015438173608901661j),(-0.0012770832958260297+0.00032061148360105693j),(0.0023777803745609117+0.008425782919383637j),(-0.001111013692087799+0.0074182020842512904j),(-0.00044859897026261947+0.007902417967989241j),(0.003955057027382318+0.00620147673286457j),(-0.0028912583795773334+0.004740961782169262j),(-0.0005861716257282885+0.003460983071579474j),(0.002806947755765849+0.008763677107463017j),(-0.0011789778918793181+0.0075950047810373605j),(-0.00043617482634377173+0.00831987677582222j),(0.005855238288927458+0.0030521723827479225j),(-0.0049688260173812145-0.001525242528519771j),(-0.0008259137261918356-0.005306346098471061j),(0.006111694636620039+0.002704563713106454j),(-0.005089527783419449-0.002220054671569483j),(-0.0008190234221059199-0.006360509589820484j),(0.005894136233981341+0.0029269815895494548j),(-0.005106256581309218-0.0017928647938640462j),(-0.0008550824692927997-0.005612770172797238j),(0.004670424294089658+0.009834652515444381j),(-0.0016905040032180207+0.006003281726722251j),(-0.0006588291989817223+0.007446617374164982j),(0.007488617186457557+0.00945395351968712j),(-0.004360299767519779-0.005144959816354178j),(-0.0028520178707200578-0.0030088026433462397j),(0.007773423021510356+0.009486903368395362j),(-0.004613750036639584-0.0060704294706185775j),(-0.0030586606693070984-0.003875416954068434j),(-0.020133351933422906-0.00976569389866054j),(0.010986074484015227-0.0025440871485653046j),(-0.0003793815716249769-0.004539339679813632j),(-0.0042565567321667195-0.004097689817906355j),(0.0024065529785456136-0.0021423222594387555j),(0.0005390276961149826-0.0008196927255850854j),(-0.004290304169576547-0.0009524416389438441j),(-0.01868057209614501-0.010391460089882752j),(0.010269872385197682-0.0036546821108650214j),(-0.00025386172758938596-0.004576643892861089j),(-0.011909815086647794+0.011077399579443202j),(-0.006761562677110806-0.0034298143234057833j),(-0.005290830901008092-0.0007921482919157091j),(0.002281278245113686-0.004835813164428054j),(0.0010781720152651694-0.0014363953539122413j)
48,(1.5743542199711972e-05+2.4514511294414043e-05j),(1.109150491848532e-05-1.0910307457688976e-05j),(-2.683504711494735e-05-1.360420384358328e-05j),(1.621356210385635e-05+1.563892489127893e-05j),(-1.5932254398442148e-06-1.231849541908364e-05j),(-1.4236435688156733e-05+5.9585733168714616e-08j),(0.0013894373226880086+0.0013295191425588106j),(9.117293448124427e-05-0.0005158193014242972j),(-0.0009645723948377206+0.0004262143522210894j),(0.002145613904393308+0.002108606654584206j),(6.289984334127393e-05-0.0008557378313095872j),(-0.001560398508884168+0.0006742782177930227j),(0.0117153075549123+0.013546393592076642j),(-0.0027196774851047274-0.007213178788361854j),(-0.01112231265553576+0.0041446525425860616j),(-0.003920094233674853-0.010157638377708758j),(0.009376456681338682+0.009094311438421212j),(0.001822256676656156+0.004447503803740684j),(0.00390701811685076+0.003258214761517636j),(-0.005928317038847131-0.008281522460014073j),(-0.002781855944153275+0.0010830878462567417j),(-0.0006740992701873608-0.0026240057693697437j),(-0.006552951034976792-0.009106334871113729j),(-0.0028074454769204645+0.0011970605162513089j),(-0.0006471771629909757-0.002703946177786554j),(-0.006550242455949304-0.009102076108502808j),(-0.0028044495707653327+0.001201004480624445j),(-0.0006439951433007541-0.0027016903262379955j),(-0.006336939168230783-0.008805005386419004j),(-0.006819468268387696-0.009279153078335408j),(-0.0026372360798696897+0.001410406158814697j),(-0.00046714549031507297-0.0025588866112175807j),(0.007391756523463423+0.008937395340253748j),(0.006252234859242796+0.011954108491259914j),(0.008662724347616092+0.005207171235355265j),(0.00020886183923742702+0.002617649703758579j),(0.002079656723546883+0.004945337591811722j),(0.006737586617909462+0.014080579445142996j),(0.007736758453586419+0.00963071623756661j),(0.006346294643960795+0.011694858096148555j),(0.008580543007037427+0.005348704758191188j),(-0.002288517683901541+0.012514386928359135j),(-0.004695796125354934-0.007972771994150873j),(-0.01275630890917906+0.0004801680834413992j),(-0.002239515030938915+0.012490092609050532j),(-0.0047841323812077615-0.008137208701143046j),(-0.012782251009210582+0.0004751225445006474j),(0.010876937124370958-0.010900769466824216j),(0.9653472222286491-0.01700590600151038j),(0.013334419712018727+0.003593195726267165j),(0.007185689443858686-0.0005325293757177871j),(-0.017159074841849843+0.0012368193958673442j),(0.008409568232183895+0.005870743571818229j),(-0.0025777227930414703+0.004425969043877853j),(0.002205323069271188+0.006088508820977377j),(-0.002124173194970008+0.0018682324928902864j),(-0.005169881537705793+0.0014976383837683183j),(0.004538384816147539+0.006292907070179177j),(-0.004478056373933666-0.0008064919703890854j),(-0.002681983647913158+0.004748632155505254j),(0.0027670100211572655+0.006348645555419301j),(-0.0022696431462500824+0.0019064686716406664j),(-0.008228726083918121-0.004060311076083569j),(0.007101667227967064+0.0069640823561763j),(-0.007091190245525957-0.0048412895095028005j),(-0.008659386686364868-0.004661617185870624j),(0.007147200455944465+0.00714935138607866j),(-0.007443488353198675-0.005249007998342215j),(-0.008281053558742318-0.004271531954023404j),(0.007329815936166327+0.006947968231595476j),(-0.0071424979341600196-0.00500088079885635j),(-0.0031295590555249055+0.004741871907031443j),(0.0052708484926780085+0.00797189429822527j),(-0.0027677086771244032+0.001462721184244016j),(-0.0037450250391696223+0.0003548072552602404j),(0.010841503988683774+0.012285159572905435j),(-0.0030921870926135806-0.0014878586706370883j),(-0.003781189664393769+6.293708932209909e-05j),(0.011418209836862009+0.012775691412440865j),(-0.0031159864317612286-0.001693488031579269j),(0.01098233511261628-0.0025405324550783516j),(-0.03446705393015075-0.011279928219397769j),(0.013369081262097812+0.00216085054549036j),(0.002262865546778254-0.0022892733553546013j),(-0.007435401485032732-0.004573346977050311j),(0.004233088845900216-0.0018629278834519838j),(0.019795602526949327+0.0006668443034297845j),(0.010216051875165683-0.0035344622508577377j),(-0.03212650607073974-0.012211691710562628j),(0.012362629326060295+0.002043988809453074j),(0.007551722598417552-0.0028959519637130884j),(0.010790946459597675+0.0063662501218397505j),(0.002083864330420481-0.007144769519839174j),(-0.008794484147243872-0.0029316708811597003j),(0.004994434151451993-0.007159720809294363j)
49,(2.861865550200969e-06-3.4546474695231254e-05j),(-9.638843201899286e-06-2.6780928262073423e-05j),(6.776977659605239e-06+6.132740296984263e-05j),(-2.4825780764030245e-07-3.367845570597127e-05j),(-3.6405092849762084e-06+5.642597867203076e-06j),(7.216917957724124e-06+3.615033051147565e-05j),(0.0002947382979654606-0.0017704040338878016j),(0.00021917577607350125+0.0007975309195890358j),(0.0012227317040870021+0.003378422858299152j),(0.00042864844726996326-0.002916510041587406j),(0.00032540319088594224+0.0012552442964499646j),(0.0019331827248347394+0.005369562138411495j),(0.0010216581045450184-0.023560109033196816j),(0.0009929775062186815+0.007582274581316971j),(0.011984778609640017+0.03491607271439656j),(0.0009683125880581285+0.010474122676675818j),(-0.01179092073149663-0.04214489825538019j),(-0.0068003504624380845-0.01760431738330626j),(-0.00120478942348107+0.00720916376995772j),(0.0001906787383444818+0.006597604261713337j),(0.0029973869925165055+0.00863757587436305j),(0.003162809934712605+0.002445652553283273j),(0.0002771625407227014+0.007881285456038075j),(0.00309432673060607+0.0088652149206526j),(0.0031731028175746648+0.0021749964813380443j),(0.0002770736595527531+0.00788698827459332j),(0.0030926561814496123+0.008862294684493703j),(0.003169072670311999+0.0021699991879199527j),(0.0002024981577510382+0.007892503704793542j),(0.000449914136870031+0.008385766495349818j),(0.0029601153423136355+0.008579144835248515j),(0.0029596592842251754+0.0019516375092353943j),(-0.005797182370413517-0.0002859803693433891j),(-0.0045132772026330046-0.00796290185639521j),(-0.007052537458661336-0.008075192417343481j),(0.0005669535166151704+0.0007906414388029694j),(0.000316399948553511-0.001086604542245898j),(-0.005280635760631591-0.010163822641518275j),(-0.005662636796022212-0.00030781501954001665j),(-0.004498242263976558-0.00811908769944156j),(-0.007152865961593237-0.00818222798737298j),(0.011079544916141377+0.009788846654082535j),(0.006909131217681865+0.003281577770364273j),(0.006295707789978999+0.0028019648206947315j),(0.011124763944150032+0.009830993753747295j),(0.006873196725075418+0.003405962959944199j),(0.006153583968532424+0.0028418983542620874j),(-0.0003992328318608029-0.00751668680424351j),(0.013334419712018727+0.003593195726267165j),(0.9694517881648649-0.02111111629990371j),(-0.0003399304767753407-0.0007266584998126997j),(0.007610369786712156+0.006184850902792454j),(-0.01566993725034325+0.0017554748039228653j),(-0.0006873016731192357+0.007290806784982051j),(-0.0019636157480206547+0.0020851723270535853j),(0.0028795405635242983+0.003158205120520774j),(-0.000574672460049811+0.00387887682644345j),(-0.0029425719097044183+8.597454954751768e-05j),(0.005339634912510032+0.0055398964079608655j),(-0.0007582438967005769+0.007604549999496601j),(-0.002267058712765663+0.00202745972889229j),(0.003345156232968453+0.0032369122438218765j),(-0.001161489188513869-0.003380654398443525j),(-0.004533610344456554-0.0029353099182822286j),(0.00726995993436879+0.010951025500285294j),(-0.0011799833514982965-0.004224709447800274j),(-0.0045691276998818375-0.0031847449482577325j),(0.007511029093301601+0.01164947092643721j),(-0.001216137781155323-0.0036449175180234446j),(-0.004675686779202321-0.003094029975877273j),(0.007310068913787363+0.011117532664710664j),(-0.0012313565223669642+0.006473449466231223j),(-0.003553857873985165+0.0011614825248568786j),(0.005215853755001213+0.0054333113379070866j),(-0.0022117268566975443-0.002831831593094713j),(-0.005557575359721458-0.0023373959447330027j),(0.009028319385928133+0.015206178662958182j),(-0.0022963605250046182-0.003557406390083781j),(-0.005749484440241599-0.0025932682864202566j),(0.009444772793114366+0.016164684869197768j),(-0.00038075371934895275-0.004538006028869113j),(0.013371691578050456+0.002160475447298891j),(-0.030286170649841206-0.009922453605131516j),(0.0005590614517295509-0.00045162499892906736j),(0.005022955156721982-0.0012532609454609985j),(-0.006933271346412372-0.004445276334009984j),(-0.013788268431508922+0.0002255995562725835j),(-0.00028917654660128597-0.004567494104378893j),(0.012515405604426554+0.002068549208526487j),(-0.028179040370209137-0.011752994059937636j),(-0.000884296430208534-0.004168152821142784j),(-0.006812325137566001-0.004411041106432824j),(0.002381392501553935-0.0016150012522204848j),(0.006684421460923548-0.005093764264466812j),(-0.007933791444586962-0.0026741255083131722j)
50,(-5.789777791707191e-06+8.926286480243925e-06j),(-4.424396386107002e-06+8.793258612670357e-06j),(1.0214174171826332e-05-1.7719545096300848e-05j),(-6.520671732811052e-06+9.24463682251232e-06j),(8.827319876358563e-08-8.96811750718395e-07j),(5.145321325132207e-06-1.0878101369346412e-05j),(-0.000621707565431606+0.0005004935353852119j),(-0.00024088120211655675-0.00018282490402481556j),(0.00016211225384670956-0.0010559742816404639j),(-0.0009161545002562804+0.0008048206382810811j),(-0.00032825097675934776-0.0003065742546938027j),(0.0002769608316850966-0.001685140337671599j),(-0.0031895547450582337+0.005808695399594024j),(-2.324262725195142e-05-0.002538163918056651j),(0.002532388107863737-0.011159564047120868j),(0.0003449319906500087-0.0030725150226213757j),(0.003963639643157425+0.011443997275680703j),(0.00023142536475558723+0.0033304288722459854j),(-0.0018914748500249714-0.0007977954715821969j),(0.002148926867484271+0.0003399651763603285j),(-0.0006206940215190409-0.0009321188148918762j),(-0.0010468924211271696-0.0012294432373207655j),(0.002263882934367289+0.000161105823404048j),(-0.0006250016631144935-0.0009391721984949603j),(-0.0010518686769739954-0.001173526021117322j),(0.0022614384804565723+0.0001586312147785797j),(-0.000625252736890706-0.0009387525989922839j),(-0.0010518663475619007-0.0011714765882370798j),(0.002156173605261486+0.0001014060427280087j),(0.0022963945066565425+7.076968226489046e-05j),(-0.0006340843802418799-0.0008950681113630982j),(-0.0010583435441625711-0.0010710389752226256j),(-0.0029938781037005245-0.0009891049576175818j),(-0.0012363062872191156+0.0016116716001617977j),(-0.0016972230529150912+0.003468694890423826j),(5.398536039779309e-05-0.00010461332657880646j),(-0.0003650896866679576+7.45031344813415e-05j),(-0.001066855696742208+0.0014466100603632744j),(-0.0031414547786757165-0.0010581840322362104j),(-0.0012113046127717833+0.001826893780739196j),(-0.0015793215089565185+0.0036866784963357265j),(0.0006485050071798386-0.002788971343915448j),(0.002543862370870717+0.005839828011208674j),(0.005804544002197331+0.004509848102673429j),(0.0005950997841199266-0.002796852116529212j),(0.002563209643258174+0.005743876133813942j),(0.0058372706139341235+0.004454993814133097j),(-0.011727430626762098+0.005746040148494028j),(0.007185689443858686-0.0005325293757177871j),(-0.0003399304767753407-0.0007266584998126997j),(0.9881014909792619+0.0016733342864061306j),(0.0024219249551990086-0.008789627935035283j),(-0.0027678041544123067-0.006115382329599278j),(0.00044287408298458833+0.0009645077844071999j),(-0.0011879299624505506-0.00834125472645208j),(-0.0011935066549631913-0.009094860391255967j),(0.0022162367955749565+0.0036865784821629114j),(-0.0019830001972885175-0.0049223200850135665j),(-0.000670983194851519-0.0039488781408703495j),(0.0007538646464168865+0.0007807413878243674j),(-0.0013083338239045523-0.00849722995860101j),(-0.0012543482823805787-0.00928772651582939j),(0.004157498656620276+0.009400405901298195j),(-0.0035924482356664493+0.0019577330360156645j),(-0.00013237045154388446+0.004276589958783463j),(0.004376804781555794+0.010208999228838592j),(-0.0037591414420161577+0.0027969215561218603j),(-5.971530377261612e-05+0.005176696757610421j),(0.004216298442831038+0.009580336251490887j),(-0.0036730700002765805+0.0022190990813610854j),(-0.00012116559390510154+0.004578315982225029j),(0.0019256950689341993+0.0024772342304519492j),(-0.0020956470534537154-0.005116126301613877j),(-0.001805061188927657-0.005751729599698997j),(0.004075823604239544+0.011653421948408165j),(-0.002172071724851777+0.009917351912216566j),(-0.0010189514916558002+0.008023009289469177j),(0.004332621255042907+0.012645571824664387j),(-0.0021236391623469905+0.011345757072597534j),(-0.0008962133595164285+0.009308185116516878j),(-0.011725309744308066+0.005747407498801587j),(0.007191710711624791-0.0005316631879753574j),(-0.0003360486878574085-0.0007229593311666727j),(-0.0016890375373545612-0.000731375541598283j),(0.0011617248477517575-0.0006165517952265555j),(-0.00026047151514397963+0.0006441673034623153j),(-0.003402936373376533-0.00351078171521578j),(-0.010681574124352071+0.0051650390778055725j),(0.006675051534679953-0.00037456421264971985j),(-0.00025732672842638426-0.0005088641237274861j),(-0.008373560940661457-0.016012943272443514j),(-0.004492740977147471+0.003467008071456339j),(-0.0014864827524280943-0.004276438134404875j),(0.00037388034056989725-0.0034795021610871347j),(-0.00023512291743713694-0.0014111922154156833j)
51,(8.0247835941802e-06+1.719064104341781e-05j),(6.595319782184775e-06-3.8108278346990317e-06j),(-1.462010337475326e-05-1.3379813212410062e-05j),(8.513878136764389e-06+1.219402901502464e-05j),(-5.466612978461805e-07-7.3902798862636435e-06j),(-8.0535990122449e-06-3.0695071626596607e-06j),(0.0007220682759546536+0.0009915541826382988j),(3.883411955692046e-05-0.000302152965758168j),(-0.0005939651053090973-2.3135300813916394e-06j),(0.0011223565928694893+0.0015613939094995164j),(2.213529678551552e-05-0.0005046691612734331j),(-0.0009512872379907818+5.8102490576632465e-06j),(0.006428037401175079+0.009583541733820457j),(-0.001356703657338786-0.004395160288821364j),(-0.006408023253982628+0.0003242401286595296j),(-0.0018165662718095687-0.006379109054923154j),(0.0057577668589321495+0.004182438907606707j),(0.00017837673427614884+0.0031020175038261356j),(0.0027762819773310397+0.0025996140982696633j),(-0.003313406101292833-0.0046240220268647676j),(-0.0010384929082354797+0.0006478761024820839j),(-0.0003867551640054749-0.002466898192072736j),(-0.0036729445326711546-0.0050535786691549575j),(-0.0010299053574400528+0.0006908109960818542j),(-0.0003802769632692103-0.002547077981664173j),(-0.003671535206877306-0.005050682839949479j),(-0.0010285565759931812+0.0006926889260063431j),(-0.00037863699132501097-0.0025452119754632374j),(-0.003554608822410212-0.00486551149758158j),(-0.0038678002432096605-0.005090987590784045j),(-0.0009573333045798907+0.0007981173198016618j),(-0.0002826777894844426-0.0024275348853244443j),(0.004320470843647777+0.005549370476177527j),(0.0029891922134415343+0.006180636463427045j),(0.004847456183462384+0.003686185562514462j),(-0.00019060204325182617+0.0018940761943504717j),(0.0014381386389076775+0.0029456759076643664j),(0.002867552367957936+0.006801774570462049j),(0.004536318047090444+0.005948648717471291j),(0.003094832381685072+0.006120910471521825j),(0.004828587929351036+0.0038318867976449883j),(-0.0015087297954323822+0.00535818164977784j),(-0.0010171627717808036-0.004018636774084252j),(-0.006807499899642551-0.0005584677001501392j),(-0.001498824644986857+0.005342832323499342j),(-0.0010571133331694705-0.004033547767870061j),(-0.006824152868822332-0.0005498849955753483j),(0.0049032999659658115+0.0015438173608901661j),(-0.017159074841849843+0.0012368193958673442j),(0.007610369786712156+0.006184850902792454j),(0.0024219249551990086-0.008789627935035283j),(0.9815053041113834-0.034820445820277615j),(0.0016350242707272135-0.01694847214881178j),(-0.004125492958933764-0.021570180840109247j),(-0.00035796752392453705+0.010394775077935254j),(-0.0008312916356046476-0.003251128912670778j),(-0.00481131757654511-0.012381297480338666j),(0.0011921741688035994+0.008587643146425248j),(-0.0031180330383655253-0.001286827717309715j),(-0.004127484144795498-0.022215241991423836j),(0.0003000132657436224+0.011834872296944885j),(-0.0006511935249720643-0.002802355252564442j),(-0.0030339414123584612+0.009803714326250542j),(0.004150455146328962+0.0028192225376055743j),(-0.0047767056467232435+0.0013708328600390077j),(-0.0028522256110154656+0.012137477861385736j),(0.004394339113812011+0.0013345437331022895j),(-0.0050148205105037535+0.0013054619149284793j),(-0.00294321040038519+0.010713736959388435j),(0.004308009535231137+0.002990768507385438j),(-0.004801070055743342+0.0016008802953083948j),(-0.003262942357431491-0.017238933872935916j),(0.003190818922550324+0.014919949583120144j),(-0.00010195884960284031-0.0009095158882561436j),(-0.0010618015030047182+0.015036063716676623j),(0.00629391906409852+0.011812292380471j),(-0.0019171690082490037+0.0029256857050176414j),(-0.0008282936683503336+0.01791314439278511j),(0.006633319623815689+0.011789870740812627j),(-0.0020416347732116406+0.003385982361930018j),(0.004905800391850386+0.001548180738533668j),(-0.01715581932511811+0.0012799192481006065j),(0.007616932527448457+0.00621798195754749j),(0.0023364088870443563-0.0011314046415503674j),(-0.005085326233831008-0.001347006069968907j),(0.0021798903107583534+1.5277438139211716e-05j),(0.010109937705712495+0.0017698396948303938j),(0.004488170355354396+0.001019743838705513j),(-0.015816069817709222+0.0022859741982441113j),(0.006971652641535824+0.006290890440713241j),(0.006865442580736307+0.007689855701186417j),(0.005596478475624582+0.01027654555789377j),(0.000616004304095667-0.005756392965191739j),(-0.004065872015190463-0.0030554896346677318j),(0.002074150181481192-0.004442098346167567j)
52,(1.1863430156629386e-06-1.3520270649871781e-05j),(-6.101533521920761e-06-1.3650640519042746e-05j),(4.915190512501773e-06+2.717091117405887e-05j),(-9.544636686621615e-07-1.3966898835659868e-05j),(-2.3609840502992816e-06+1.4311435992030804e-06j),(4.522661572461158e-06+1.6992610441107574e-05j),(6.025657263804805e-05-0.0006275417805809625j),(1.6890624418959988e-05+0.0003663013352088319j),(0.0006435746339158255+0.0016559538576585975j),(9.95458092441771e-05-0.0010567292707974927j),(3.438762795188307e-05+0.0005733004783976423j),(0.0010307245248598212+0.002646570134458432j),(0.0006450729400478009-0.009517900215324646j),(0.00036087864939104086+0.0032757872585289305j),(0.00687661849027418+0.017752129215348453j),(0.00032913865391983156+0.0045067910419491816j),(-0.005378774501619209-0.022643181084164625j),(-0.0038536923380466702-0.009848747576171215j),(-0.0012031097219892869+0.004862963825992094j),(0.00032859387325212357+0.0035547475688856005j),(0.0018793123273300964+0.005000223220003265j),(0.0015556420357249136+0.0004893001824850694j),(0.0003758323967284753+0.004245445005909665j),(0.001946754868307145+0.0051248479549279j),(0.0015529085494381712+0.00032572500822254137j),(0.0003753717782123072+0.004248563025502817j),(0.001945715094057845+0.005122859167605071j),(0.0015503418907368868+0.00032399978472576457j),(0.00031958465591947307+0.004253559693539431j),(0.00042630456900058175+0.004564400424811072j),(0.0018650529907086716+0.0049475272893157035j),(0.001417116504316677+0.0002615606323946307j),(-0.0033430484904941994-0.0003346966006901233j),(-0.002552676992913629-0.005133283574285955j),(-0.0048343571726538-0.0026148078697657206j),(0.00010992491084804669+0.0006871170068417436j),(0.000440352865221075-0.0005735410847271948j),(-0.0029623836874954233-0.007008224187229692j),(-0.003290718221240756-0.00034070071462892655j),(-0.002553670187328747-0.005132632251434477j),(-0.004866088546312181-0.0025142315747653495j),(0.005601780675595214+0.0036411171982999417j),(0.004170412833388776+0.0024776365614466063j),(0.005167685548434933+0.004305009414346916j),(0.0056184892054927625+0.003649096371804382j),(0.004152828707015364+0.002552371612003064j),(0.005119830289515303+0.0043830926800396235j),(-0.0012770832958260297+0.00032061148360105693j),(0.008409568232183895+0.005870743571818229j),(-0.01566993725034325+0.0017554748039228653j),(-0.0027678041544123067-0.006115382329599278j),(0.0016350242707272135-0.01694847214881178j),(0.9845491534204505-0.04846453777770918j),(-0.0032714019575439675-0.03177039983570693j),(-0.0007009892730971115-0.0022053473298660367j),(-0.0009509928503110957+0.024114122554553072j),(-0.002894580722107634-0.017386718828672362j),(-0.0033103733684591388-0.001513581966337085j),(0.0003574346461442054+0.01987210576447278j),(-0.0031409011954417767-0.03269124238603835j),(-0.0004864235424945195-0.001532038119450543j),(-0.0003552803693466491+0.026001968026318677j),(0.0012435120222832109+0.01449403057014529j),(-0.004089568894498077-0.0015300389392457654j),(0.004634670961453643+0.002838577417991148j),(0.001739699928814434+0.01820103477482839j),(-0.004223285432378961-0.0019264823490637868j),(0.005128670755515322+0.0005717698916363348j),(0.0014045894733814186+0.015632501684121645j),(-0.004067901253024031-0.0013809511581594942j),(0.004799796960688578+0.0023139125014409803j),(-0.00182227412052345-0.02517867843957316j),(2.9909384313985855e-05+0.0012880629983714762j),(0.0026253912638013843+0.026315778364101337j),(-0.00011007694737618756+0.020427158135976096j),(-0.0036595977231303166+0.004560243492252654j),(0.005912110873372282+0.0011574902690843578j),(7.047889337597423e-05+0.024379460958952534j),(-0.00396644719675004+0.004984066544334342j),(0.006236446859432779-0.0007753511178993071j),(-0.0012747376824174352+0.00032584079659492976j),(0.00841810248745557+0.005903580201461266j),(-0.01566873410548551+0.0018125247821442593j),(0.0015369949663664759+0.001885493104324466j),(0.0018612718853655+0.0007273122611201549j),(-0.004235069294093136-0.00406506284398115j),(-0.008361908360027972-0.0017440836723992895j),(-0.0011490412265479683-0.0002352545850803061j),(0.007811908256367359+0.005958408273751669j),(-0.014579624748316306+0.003260174085650643j),(0.001116483075978222+0.016510901080138543j),(-0.0029863389357784086+0.001072438018558542j),(0.0008601486187550984-0.0035859577903460155j),(0.0038422972952209676-0.0036408469416337867j),(-0.0044439232670071376-0.0011502668973937702j)
53,(1.9525895315541514e-06-2.232522987382652e-06j),(4.3582954351784115e-07-3.834300783161424e-06j),(-2.3884190734575697e-06+6.066823773519809e-06j),(1.6026980854189798e-06-2.7333008745831357e-06j),(-6.302529650008846e-07-1.8885238369976331e-07j),(-1.1402904164112964e-06+4.178576283489872e-06j),(0.00011389719138066216-8.93771534001362e-05j),(-2.2819613947165987e-05+7.925830165555656e-05j),(-5.249947895883769e-05+0.0004458911215618571j),(0.0001861993587486976-0.00016644560911839178j),(-3.43700244282765e-05+0.0001240764965217446j),(-7.620276177855556e-05+0.0007267947614970705j),(0.0014009803056780445-0.0021519743512835674j),(-0.00018178984663760677+0.0006840281099940657j),(-0.00023399403143002884+0.005422223327516868j),(-0.00018586220155264758+0.0006699779969179787j),(0.00014919390209163072-0.007768046524214994j),(-0.0010997844858815198-0.0012930207002492216j),(0.00029389646383201103+0.003912679643935649j),(-0.00096124518975371-0.0015613333213471351j),(0.0002856416577346294+0.0007971091208797021j),(0.0010024743093979425-0.0007788064725739534j),(-0.0010511227458779799-0.001546356329461027j),(0.00030765092323265626+0.0008072122412944983j),(0.0010283803466154867-0.0008944078436246903j),(-0.001050326722229133-0.0015439324559250516j),(0.0003077752290907384+0.0008071797117180503j),(0.001027981611819484-0.0008949876431604332j),(-0.001007450052843955-0.0014621868321263607j),(-0.001137715364053873-0.0014821354078078824j),(0.00030648729910635875+0.0007954461125875966j),(0.001007032363666852-0.000896989209101532j),(0.0017099458112896878+0.001535870383112134j),(0.00037895454764795696+7.486633144218277e-05j),(0.00027952699792844094-0.0004534062092681967j),(0.00023334430160283387-0.0016718243168517598j),(0.0010419334014779007-0.0020041609575454436j),(0.0002377566049486877-0.00019476870003283736j),(0.0018295083556717482+0.0017385355904646176j),(0.0003827918031451327+6.774513055771234e-05j),(0.00020165979734583874-0.0004732979955486289j),(0.001654044714907175+0.004684968893338961j),(-0.0005289961013577973-0.0008069048436072101j),(-0.0024675313184435222-0.0029382749419798616j),(0.0016596784753105582+0.004737999301749101j),(-0.0005437157484865805-0.0007871102199423382j),(-0.002486486546282817-0.0028917815115713317j),(0.0023777803745609117+0.008425782919383637j),(-0.0025777227930414703+0.004425969043877853j),(-0.0006873016731192357+0.007290806784982051j),(0.00044287408298458833+0.0009645077844071999j),(-0.004125492958933764-0.021570180840109247j),(-0.0032714019575439675-0.03177039983570693j),(0.9930792293912487-0.011015860817715063j),(-1.341035567642746e-05-0.007540022377478132j),(-0.0004231557487299779-0.007495793890312367j),(-0.005488719257223626+0.0005052950347598179j),(-0.0004267451817147128+0.001679115872848851j),(-0.0009901243418631988+0.0017710024663690456j),(-0.006915655830594222-0.007528348684870446j),(0.0003712723299063895+0.002849959682806344j),(-0.00013868065522742084-0.002754836535096306j),(-1.4540093302744389e-05+0.012265926252736073j),(9.233302458251457e-05-0.0025690388389404454j),(-0.0005838100518571587+0.005047873566547326j),(0.0006202435086219095+0.01235974365131512j),(0.00014437037705433155-0.004899472817796465j),(-0.0005555591414606949+0.004619617368570608j),(0.00018883421930904003+0.013067373763509488j),(0.00011171028347854598-0.002011418154198375j),(-0.0005483367944888952+0.005422649903377861j),(-0.005236126516657245+0.00011390483970456777j),(0.0014805000888748461+0.008811161924161133j),(0.0009650970953351632+0.0034759083503608013j),(0.0006027007338618294+0.01439714272049714j),(0.0007533734859025392+0.00635824601192061j),(0.0003611812761108504+0.00631082742390329j),(0.0011174063446176238+0.015639352118384933j),(0.0007321153687702827+0.006217770487043142j),(0.0003443579045428406+0.006587186367186363j),(0.002380220417542092+0.008435379307467704j),(-0.0025754303205587133+0.004461389803015347j),(-0.0006839376242136022+0.0073437410834858875j),(0.001501515174299423+0.0030483416428626125j),(-0.0008446791693005102-0.0007880733352209561j),(-0.0008949578358746347-0.0005917459431846405j),(0.0003655578722794999-0.0019596652249077003j),(0.0022357221626640596+0.007378041697681386j),(-0.002445441695216337+0.004760871850628454j),(-0.0007391620087182356+0.007933485566783771j),(0.004641346603118872+0.012845096364505117j),(-5.378999516276491e-05+0.010985628883165656j),(0.0014364906497905273-0.002862104739961429j),(-0.0011983354669855397+0.0006485765723989756j),(-0.0005982494134544478-0.0001578632712376915j)
54,(-1.303486490973107e-06+1.0537343481653462e-06j),(3.913340076756341e-07+2.530090355788914e-06j),(9.121524843784551e-07-3.583824703930233e-06j),(-8.8108291864641e-07+1.5468085646900382e-06j),(6.058331223838482e-07+3.6084638754151137e-07j),(1.7290715646594624e-07-2.5166266491555527e-06j),(-7.7846415392598e-05+6.496042321718046e-05j),(1.8283672825852935e-05-1.156305263727694e-05j),(-2.3747916130175913e-05-0.00024754096908399413j),(-0.00011905720436221713+0.00010138612342320999j),(3.579954250111566e-05-1.0671545598151151e-05j),(-2.6860140482417932e-05-0.0003800335476765234j),(-0.0006065044162369438+0.0005595889176291283j),(0.0004997940529393056+0.00021260306216745089j),(0.0002599538803891684-0.0019807005670853433j),(0.0007520528126862143+9.576073590269194e-05j),(-0.0009255463616386459-0.0017372400223558044j),(-0.0007802473915769967+0.00028117190089516536j),(0.0010024997250087657-0.0006105304284035121j),(0.000294994941371029+0.0009311158294994597j),(0.0009150398820349396+3.7720426577580644e-05j),(0.00025675210582829476-0.0009965064238387175j),(0.0003407826883116816+0.001052962478792253j),(0.0009387219376184709+7.773822325561901e-06j),(0.00023703797519527048-0.001026002156502769j),(0.00034087100326112604+0.00105308149886854j),(0.0009380767120987257+7.136641526809032e-06j),(0.00023638483753006648-0.0010256136348150303j),(0.00033828183947539464+0.0010441831567175128j),(0.00029140995912198123+0.001131348956695646j),(0.0008991574117319269-2.1257315685827742e-05j),(0.0002100827578051764-0.0010060152188298315j),(0.0003605730258654957-0.00016020628854364555j),(-0.0008707652859358931-0.0014173498457169809j),(-0.0007477728900898275-0.0003023052062480212j),(-0.0002836559223987024+0.0007307734536537544j),(0.00014609906713372098+0.00019621187529387667j),(-0.0014679906554631705-0.0018130185849271642j),(0.0003724700893071883-0.0002480129082610399j),(-0.0007946797250356841-0.0013695764086878127j),(-0.0007189222374165645-0.00028614454132804874j),(-0.0007814183176578914-0.002936814203829128j),(0.0024442150111717562+0.0011073915592755505j),(0.0012793538296232572-0.0015501566420120672j),(-0.0008169901988531161-0.002886442006844516j),(0.0024361090576448304+0.0011908470261784414j),(0.0012695277769772543-0.0015331726600759403j),(-0.001111013692087799+0.0074182020842512904j),(0.002205323069271188+0.006088508820977377j),(-0.0019636157480206547+0.0020851723270535853j),(-0.0011879299624505506-0.00834125472645208j),(-0.00035796752392453705+0.010394775077935254j),(-0.0007009892730971115-0.0022053473298660367j),(-1.341035567642746e-05-0.007540022377478132j),(0.9950558897820151-0.008202921066337458j),(-0.001215398556969274-0.013086760081039213j),(0.0005745849474765058+0.0039028704237985636j),(-0.0026860667059530156+0.002116499808361607j),(-0.0008047743559983819-0.005993316430777587j),(4.9067134062109175e-05+0.0019747337208673495j),(-0.004956746119317066-0.0009714546636589778j),(-0.0011821811547299255-0.01409872078298034j),(0.00031008568571741404+0.0037230083602937452j),(0.0004968622533191768+0.006561613300449706j),(-0.0006169918170217656+0.008476710838557661j),(0.00038371651536402146+0.0031353816894869203j),(0.0010678691262817426+0.00631250088950983j),(-0.000547515470811974+0.010110516234220605j),(0.00025405838226179203+0.0037977629386320043j),(0.0005096104660005048+0.006841076318787437j),(-0.0006387500630628375+0.008995715797646343j),(-0.00025917379833305105+0.004741786662621953j),(-0.004602812912744017+0.005034254914108184j),(-0.0008716107680386893-0.009222404783141153j),(-6.649764483374593e-05+0.0028367563445920708j),(0.00031885879019266563+0.015876576206379937j),(0.0015661561776221127+0.010522742228512428j),(6.816648042277403e-06+0.0027822005011696464j),(0.0007853166939582056+0.016896050996217507j),(0.001837984055647108+0.012264664037370341j),(-0.0011108919194590592+0.00743878520512573j),(0.002208783692376985+0.006081518243121814j),(-0.0019650700682083072+0.0020901931987447743j),(-0.0004542361477143698-0.0011608473509419183j),(0.0006707771368931818+0.002702677459744832j),(-0.00026916992853011584+0.0014287161214289064j),(-0.001976070985497132+0.0036154889791630953j),(-0.001114656593287502+0.007445284604787973j),(0.0021855631630689236+0.005192856670198723j),(-0.001854827689556163+0.0019473527199867211j),(-0.003036711211409305-0.01787911269366514j),(-0.0013735551021202318+0.006608974617997192j),(-0.0007060860027849157+0.0002640555642318079j),(0.0011819365939284483-0.0013416840026258456j),(-0.0011373778123926108-3.027095333285657e-05j)
55,(2.3426725990517806e-07+1.0077270875623545e-05j),(1.0803683018956719e-06+2.8415198845574023e-06j),(-1.314635562650536e-06-1.2918790763428763e-05j),(3.276728335178656e-07+8.441229750502683e-06j),(1.0075563719131463e-07-3.024782133960373e-06j),(-1.117240762474398e-06-6.257045964891184e-06j),(-1.911290851403202e-05+0.000543423385177289j),(-8.5617954733871e-05-0.0002185356525727136j),(-0.000197803625314112-0.0005219044723256522j),(-1.345217124041736e-05+0.0008815019904736084j),(-0.00012341403495657346-0.00034258778043693534j),(-0.00030342841526908193-0.0008132284731787794j),(0.0005723726258427932+0.00647337991959003j),(-0.00030716629183715854-0.0021081934140907447j),(-0.0015468233435590424-0.004701451786072907j),(-0.00042384184090941913-0.0028891102186731988j),(0.0019192545447305675+0.00588580265503893j),(0.0008420354764235482+0.0016614594690267425j),(-1.1082333475401196e-05-0.0004027285571483641j),(0.00010907182763382649-0.0007403195504026843j),(0.00012502831993094882-0.0009102200564893871j),(-0.0007867500328225621-0.0006126503406427533j),(0.00011154949386592977-0.0009091870758904522j),(0.00012560747574073372-0.0009405175438187516j),(-0.0008136667067442334-0.000563090080447891j),(0.00011154286145293345-0.000910082761982277j),(0.00012550912228887628-0.0009405409170060645j),(-0.0008135474298622215-0.0005612607976795071j),(0.00012187273834552311-0.0009170477608379861j),(3.663471051296134e-05-0.0009322368441528779j),(0.00012500923610375139-0.0009268489074508939j),(-0.0008038558030110143-0.00047316346728601844j),(0.0012676430832935116-0.00038699252245841156j),(0.00038176400316284486+1.3222141673482641e-05j),(-0.00011791333695425539+0.003430320894178902j),(-0.0001298315650157117+0.0004630586390970701j),(0.00034958722840538933+0.0003728110998256584j),(0.00023061786606698865+6.614871623449904e-05j),(0.0012488736864918084-0.00042531106490424804j),(0.0004035863875257308+3.050266449537752e-05j),(-5.9987660852871836e-05+0.003622241863709138j),(-0.0024672045306894166-0.00315086101681112j),(-0.00019075852853854102-0.0006794692666456753j),(0.001020077566544378+0.005117522541873492j),(-0.0024957001321612524-0.003110554477729811j),(-0.0001958950188016027-0.0006825583028092302j),(0.0010512549342357128+0.005106972598173709j),(-0.00044859897026261947+0.007902417967989241j),(-0.002124173194970008+0.0018682324928902864j),(0.0028795405635242983+0.003158205120520774j),(-0.0011935066549631913-0.009094860391255967j),(-0.0008312916356046476-0.003251128912670778j),(-0.0009509928503110957+0.024114122554553072j),(-0.0004231557487299779-0.007495793890312367j),(-0.001215398556969274-0.013086760081039213j),(0.9947381617237575-0.00394996163152647j),(0.00014867487689889866+0.0007658898966717157j),(-0.0007608082455925374-0.007241175773541718j),(-0.003290392325248674+0.00859836404972797j),(-0.0004351394693158033-0.003601856614994269j),(-0.001189037313890339-0.013903274958839243j),(-0.005101132786330092+0.008314104451286351j),(3.029896308930373e-05+0.005270098773081461j),(-0.0005699705742567465+0.004874830310689524j),(-0.0005834881112937158+0.006272297801877121j),(-3.08943023855122e-05+0.005716222156977221j),(-0.0006422685731977259+0.006641341328366223j),(-0.0002881257847435768+0.005116717010451419j),(4.41821974287059e-05+0.005406196346102219j),(-0.0005142952013029542+0.005176758335631901j),(-0.0004814082846952087+0.0063087178982830575j),(-0.0006165657670188809-0.00015434611069252164j),(-0.0009420712402877869-0.008185700400202863j),(-0.004444884245395821+0.010402708444276917j),(-5.88377304206597e-05+0.0059091526193441315j),(0.0013056811081479983+0.014004126352736398j),(0.0007449718153317826+0.007746763093645718j),(4.558047536923929e-05+0.006521709816482065j),(0.0015635310024832462+0.0159736450395352j),(0.0012210318432206355+0.00763230185713015j),(-0.00044783300441221746+0.007924561973814801j),(-0.0021257317865761138+0.0018746038765604712j),(0.002884613667987727+0.0031291836832002254j),(-0.0003105639630578043+8.83415243813873e-05j),(-0.0005956941346134989+0.0008977533525730192j),(0.0007443525654138181+0.0018659165477810206j),(0.0012591746415434486-0.0018351059654935207j),(-0.0005018896130469109+0.008034537529301222j),(-0.0020154608703176866+0.0018506952596485055j),(0.0028876480030005985+0.0019573443366723694j),(-0.0032427821496757063-0.01806756757453881j),(0.0005985586050090819+0.0032532221101094216j),(-0.0005303629580112729-0.0009237951573788883j),(-0.00116160937779789+8.691235066358955e-06j),(0.0009148787559584645-0.0005260623916864147j)
56,(2.4676112942901613e-06-3.817139713096904e-06j),(2.1433628355187175e-06-6.2235115956089765e-06j),(-4.610974127898455e-06+1.0040651312267256e-05j),(2.5248454027405644e-06-4.648909273221172e-06j),(-2.990083689143585e-07-3.062296029141469e-07j),(-2.7602547829477013e-06+6.770854394246028e-06j),(0.00015249720511997588-0.00017542367703672298j),(-8.523629285381589e-06+0.00010794650484251018j),(-0.0001863902197592848+0.0007110634271972293j),(0.0002478328386975413-0.00030551786798336904j),(-1.0495786046761982e-05+0.0001657643496330392j),(-0.0002856916294293429+0.0011410431033467019j),(0.0018225286514916975-0.0031666125120463004j),(2.2375237060485434e-05+0.0007962603048810813j),(-0.001470116874815561+0.007835998683130587j),(9.029568383778696e-05+0.000875665412087813j),(0.00020819646810266417-0.008718884320527505j),(-0.001240675951935794-0.002199563454670532j),(0.00018704431814763343+0.004090741646824436j),(-0.0012377374124376416-0.0021191671641795458j),(-0.00016629280131758917+0.001086068283039766j),(0.001425039622885566-0.0004848288175419778j),(-0.0013600313312334726-0.0021363788744047612j),(-0.0001444946934796686+0.0011168297119880481j),(0.0014689241653445895-0.0006080161715927494j),(-0.0013591117526615883-0.0021334343687710545j),(-0.00014377205863296455+0.001116953365617891j),(0.0014685921944242635-0.0006090408516613494j),(-0.0013086910289366426-0.0020290584750628994j),(-0.0014286260182225373-0.0021144922183877063j),(-0.00011565437399522024+0.0011060397102332442j),(0.0014481254423099762-0.0006325020407702739j),(0.0017079067810111361+0.002293974538580427j),(0.001243055433453025+0.00042200127765231604j),(0.0006667721167453075-0.0010101323156343142j),(0.0004081013929719833-0.001783455616952595j),(0.0010649135924495497-0.0017901674863553979j),(0.0014184000276692694+0.0003224860277428707j),(0.0018265536459899868+0.002558531768188138j),(0.0012205824420364593+0.00034643893962259253j),(0.0005395990425014715-0.001077436566607192j),(0.0018631125084703553+0.006280934622608286j),(-0.0014812083406400796-0.0026273519308526692j),(-0.003728708480705818-0.0038590790656871906j),(0.0018916764555105725+0.006331918008486311j),(-0.0014999451855409638-0.0026094493954425856j),(-0.0037487594883480932-0.0038296195981408544j),(0.003955057027382318+0.00620147673286457j),(-0.005169881537705793+0.0014976383837683183j),(-0.000574672460049811+0.00387887682644345j),(0.0022162367955749565+0.0036865784821629114j),(-0.00481131757654511-0.012381297480338666j),(-0.002894580722107634-0.017386718828672362j),(-0.005488719257223626+0.0005052950347598179j),(0.0005745849474765058+0.0039028704237985636j),(0.00014867487689889866+0.0007658898966717157j),(0.9911495320862228-0.014550494143133119j),(-0.0006696171951196439-0.013028166424987284j),(-0.002425013155681205-0.009398821670040358j),(-0.005100684901331332+0.0021015647885340577j),(0.0009653621074305679+0.005291350335859176j),(0.0006160520107424452+0.0022412693238307788j),(-0.0038873171680726543+0.008113821308450543j),(0.00033879730600515476+0.0002832593062326879j),(-0.001791502899218641+0.003904565462473946j),(-0.0030231973172862294+0.011827676890287235j),(0.0004942905062439498+0.0014099689325677545j),(-0.0016114095627445869+0.005651738110064598j),(-0.003752893633857194+0.008582671415665634j),(0.00037766813469247425+0.0004539917912660758j),(-0.0017762957072913798+0.004180730912753375j),(-0.002319875428717572+0.008522955085353444j),(0.0024126383731608216+0.008476337229963927j),(0.002305863103995171+0.00648068152015288j),(0.0006044766895388662+0.010617383793847154j),(0.0012026480648428387+0.002790150038200697j),(0.0006408694612231036+0.0019473376642984868j),(0.0008408366656255991+0.010864395789833026j),(0.0011213141642227513+0.0023809831828974955j),(0.0005097512752984887+0.0015927391840981475j),(0.003957101293069401+0.006204965413818686j),(-0.005169967388885306+0.001516484389488741j),(-0.0005717379588119074+0.003907576878254742j),(0.0015965557327660368+0.001980543356660578j),(-0.0013130020990690236-0.0004972781926944982j),(-0.0006156513410173017-0.0006012741138646319j),(0.002327743268998231-0.0005756374338646494j),(0.0036858752958332176+0.0054996859560118155j),(-0.00483432009727554+0.0017379321440105823j),(-0.0005670369367604503+0.0042282279807671005j),(0.006005934371425712+0.011783659819413803j),(0.0008833199072138039+0.004973233743163837j),(0.0015986088201770305-0.0014131352680985911j),(-0.001336482048057821+0.0008751020769370276j),(-0.0003757424960736733-0.0002602278353701938j)
57,(-2.3332650493844555e-06-2.1286431597025e-06j),(-6.0602034924865e-07+3.360080929108814e-06j),(2.9392853988679023e-06-1.2314377684147014e-06j),(-1.8720079769815123e-06-7.189357674355577e-07j),(7.756576583179433e-07+1.7168287965559607e-06j),(1.477864809052724e-06-2.1029028836438905e-06j),(-0.00012580854823014047-0.00014919120982575629j),(6.232295700712935e-05+1.6510994805937892e-05j),(0.00011088193755362919-0.00028455433583519306j),(-0.00020333061892196218-0.00023085883862824976j),(0.0001028219024538146+4.041153179890327e-05j),(0.0001778450667196798-0.0004385229654462774j),(-0.0014786681541352365-0.0012679695583394579j),(0.0008239640136448786+0.000832487054176869j),(0.0012234351152202237-0.0023240897879195557j),(0.0010747111803490498+0.0011470192423428996j),(-0.002266812740791364-0.0016091155111264755j),(-0.0003467178663063038-0.0005112281252005078j),(1.9855770468277982e-05-0.000914804955833402j),(0.0007567217106683356+0.0020235525994627226j),(0.001146577754573427-0.00046734714575705574j),(0.0001497959828022638-0.0003318194764287513j),(0.0008658377651157353+0.0022270649030367786j),(0.0011536116633129563-0.000497052092441845j),(0.00014174894572422273-0.0003460106536487827j),(0.0008659548645164576+0.002226291456260725j),(0.0011525648458927849-0.0004975445857380834j),(0.0001413876263643663-0.0003463347587155847j),(0.0008547981674632899+0.002169755904171416j),(0.0008608458616322139+0.002326373665884689j),(0.0010957211123102085-0.0005217955321916521j),(0.00012351024076705307-0.00036580064882048253j),(1.8663917187981848e-06-0.0016219248270845999j),(-0.001558098376553401-0.0019246516351971918j),(-0.0006891468861956796-0.001590318408325524j),(-0.00022022415033110692+0.0005895258795892049j),(-0.00011161300008774977-0.00013155230882367275j),(-0.0021972416084371123-0.0023013703663230705j),(-5.524340319393322e-06-0.0018077487336084245j),(-0.0015065684409099524-0.001822884567965611j),(-0.0006347788578772657-0.0016226460222757803j),(-0.0003887774647685624-0.003931593260487087j),(0.0021135084137329655+0.0033986903688144826j),(0.002250955565988069-0.0012611059259564428j),(-0.0004279765032620858-0.003902055047108801j),(0.0021308873871175617+0.0034654732905963306j),(0.00224022953772893-0.0012500541515562701j),(-0.0028912583795773334+0.004740961782169262j),(0.004538384816147539+0.006292907070179177j),(-0.0029425719097044183+8.597454954751768e-05j),(-0.0019830001972885175-0.0049223200850135665j),(0.0011921741688035994+0.008587643146425248j),(-0.0033103733684591388-0.001513581966337085j),(-0.0004267451817147128+0.001679115872848851j),(-0.0026860667059530156+0.002116499808361607j),(-0.0007608082455925374-0.007241175773541718j),(-0.0006696171951196439-0.013028166424987284j),(0.9941030695674105-0.014255409810306657j),(-0.0016515176739612073-0.012683681541709516j),(-0.0003070305502446875+0.0024814839065146407j),(-0.00236149248448238+0.003119562505011297j),(-0.0005130500729220978-0.0062572358389477375j),(0.0007254737483535091+0.003924658490941382j),(-0.003857657478884774+0.009585052486190786j),(0.0010930320424172694+0.004891849547455333j),(0.0009677950130103874+0.006506394277220224j),(-0.003351487000263718+0.014544832745321j),(0.0016424887876910982+0.008232598156173086j),(0.0007417854253788992+0.003832199462523748j),(-0.0038619591164392912+0.009407137607450974j),(0.0011316096226858885+0.00525537339896306j),(0.00032003885262771195+0.0042463807818979345j),(-0.0006512697468136316+0.0069396345353151985j),(0.0004582384772016206-0.0006714313418166229j),(0.0009771580679018095+0.0024211470169938545j),(0.001003941894510971+0.010467536213911707j),(-8.63731795287399e-05+0.007807286021516037j),(0.0010697265919797502+0.0023822174174208937j),(0.001168579612783532+0.010908289727919592j),(-0.00010526534068689718+0.00858291723219529j),(-0.002892313729442721+0.00475317162183704j),(0.0045425915787969465+0.006289196258156399j),(-0.002941559340332262+8.764564414503323e-05j),(-0.0006203883014962808-4.3252581784976665e-05j),(0.0012966011515954741+0.0018391478685251955j),(-0.0008153222962882163+0.0009198657636192446j),(-0.0021670449135292886+0.0022007479700175926j),(-0.0027709284006449493+0.004701969459002463j),(0.00431128473671383+0.005599884455015122j),(-0.0026675533392754814+6.979786027694508e-05j),(-0.0026779149976110415-0.011854237248363096j),(-0.004822527260351971+0.00027977664346341344j),(-0.0007076454996386546+0.0006984007158901477j),(0.0014928871828006126-0.00036228666356948985j),(-0.0013023468865002348+0.0008076659703104393j)
58,(-9.017730436262396e-07+1.351394614798198e-05j),(3.0417833085768488e-06+3.5090717882912664e-06j),(-2.140010266573038e-06-1.702301793945792e-05j),(6.439915032065603e-08+1.1278164334624951e-05j),(1.143681465939092e-06-4.098412732456434e-06j),(-2.302897648070729e-06-8.101118412490622e-06j),(-5.9209427751179646e-05+0.0007515474273367567j),(-4.900243920395385e-05-0.00027886643336944765j),(-0.00034034086012473143-0.0006516203891259915j),(-7.991799953844777e-05+0.00121324591731056j),(-6.908490742460092e-05-0.0004493388991104853j),(-0.0005354567841579452-0.0010369807468489098j),(6.961585535077445e-05+0.008729297032190613j),(-6.167292819733608e-05-0.003214799813295649j),(-0.0032403603435567146-0.006840167112973448j),(-7.875314135394925e-05-0.004473460076810983j),(0.0029941612409416203+0.010318669177709166j),(0.0013566886002454271+0.003744875442449339j),(-6.32361062242754e-05-0.0017909132960991561j),(0.0003108030716994103-0.0018894217212256392j),(-0.000704045379058095-0.0014303089579249901j),(-0.0008232455273408277-0.0007187721947817822j),(0.00031575381465246213-0.0022292122739222646j),(-0.0007169197362429849-0.0014789478807907533j),(-0.0008400251196582047-0.0006259938086706981j),(0.0003155243595892146-0.0022302894505083063j),(-0.00071640176798219-0.0014787573686568301j),(-0.0008395047338687307-0.0006234941370583591j),(0.0003204995948417428-0.002215370745608087j),(0.00026779386335765734-0.002353966785509669j),(-0.0006810698384561436-0.0014404165007555656j),(-0.000811714238387401-0.0005098038679319803j),(0.0011341966070541009+0.000611170754496548j),(0.0012181915501126737+0.0011507942811501467j),(0.0005900744611809854+0.00460781430167051j),(-3.720083240880951e-05+0.0004100871919023397j),(0.00015551511189816375+0.0008919777655162314j),(0.0013343651445883883+0.0014920257198757798j),(0.001072078434361248+0.0006416974005094191j),(0.0012575875542125544+0.001128072184534174j),(0.0006280967318515358+0.004796433333224503j),(-0.0033479389882549787-0.002758717883851099j),(-0.00010241301395464279-0.002922104773401043j),(-0.00011216825416098325+0.0041916205274812384j),(-0.0033735092988587782-0.0027449334678656366j),(-0.00011892708053612346-0.0029237669992972096j),(-7.460705967253853e-05+0.004192857562464255j),(-0.0005861716257282885+0.003460983071579474j),(-0.004478056373933666-0.0008064919703890854j),(0.005339634912510032+0.0055398964079608655j),(-0.000670983194851519-0.0039488781408703495j),(-0.0031180330383655253-0.001286827717309715j),(0.0003574346461442054+0.01987210576447278j),(-0.0009901243418631988+0.0017710024663690456j),(-0.0008047743559983819-0.005993316430777587j),(-0.003290392325248674+0.00859836404972797j),(-0.002425013155681205-0.009398821670040358j),(-0.0016515176739612073-0.012683681541709516j),(0.9929433172658692-0.012963467954331192j),(-0.0007781915723352142+0.0027851239130449275j),(-0.0005755693085753932-0.004854348108004156j),(-0.0028976975330130585+0.009022688258925085j),(-0.0010846373385208755+0.0035660105591167317j),(0.0012261856191755083+0.0031171953790162573j),(-0.006445097082292751+0.007589302638818806j),(-0.0008175162685100897+0.005828470459876386j),(0.0016132969553728418+0.006212242907291742j),(-0.0062334250970660955+0.010732428129656971j),(-0.001041716520087768+0.003641759421662635j),(0.0013636269919200701+0.003359304842715424j),(-0.006450159143860237+0.007458864724810234j),(0.0002242904352521797+0.005313035454998168j),(0.0003167781632454932+0.001154141949335781j),(-0.0008281590955972933+0.009036330408715746j),(0.0009178828729764776+0.0016076228471657173j),(-0.0002769225081659664+0.009635804465710428j),(0.0026297601592195643+0.005516537330010906j),(0.0010052075842874213+0.001366507427515531j),(-0.0002969237663145648+0.010406210630320385j),(0.002949141905954234+0.005366353126889656j),(-0.0005862166053000838+0.0034703294713767686j),(-0.004479428734522419-0.0008062594164095545j),(0.0053458793223403675+0.005519961512240502j),(-0.00046731467732199247-0.0002540428083815596j),(-0.0012350081570376595+0.0004261842950682923j),(0.00146503413302693+0.00171443922560738j),(0.002783992701171487+0.00031257121806251703j),(-0.0006217495208108216+0.003557043089965203j),(-0.004155954374471946-0.0007212548695498377j),(0.0051391292599483294+0.004519986768393382j),(-0.0009950429414363306-0.01187755742734344j),(0.0030560929133413637-0.0011366099883455792j),(-0.000884319656236018-0.00040817756383968964j),(-0.001785643383896444+0.000701617325166228j),(0.0017859860433341714-0.0002634093666492646j)
59,(2.226116284346159e-06-2.655704464728462e-06j),(3.9819385421180514e-07-4.128528864344811e-06j),(-2.624310137120823e-06+6.784233332031462e-06j),(1.8367004909555923e-06-3.130563287698363e-06j),(-7.08724894129953e-07-1.0483822014723421e-07j),(-1.1767104325781324e-06+4.597521108212035e-06j),(0.000142787349862081-0.00011210715915138051j),(-1.2920900086947932e-05+8.946113528662748e-05j),(-3.9502523280900126e-05+0.00048489683697517576j),(0.00022848544929456518-0.00020368266738658063j),(-2.1642244081429812e-05+0.0001411308629368673j),(-5.7093980611215984e-05+0.0007898612574201228j),(0.0015348828824117012-0.002447679498840557j),(-0.00021681081879587247+0.0008248354279385031j),(-0.00016938138219491354+0.005872079457281817j),(-0.0002513979738436579+0.0008353724876358631j),(-4.561929968266453e-05-0.008430553102030012j),(-0.0011139251573641545-0.001398471574271218j),(0.0003908975348799745+0.004032157042125193j),(-0.0010461021282738552-0.0015690440415598173j),(0.00037320585344471956+0.0008218691212477413j),(0.0010319377655692008-0.0007696658762534297j),(-0.0011394121003224845-0.0015426672695067838j),(0.00039595934032442276+0.0008304192748214414j),(0.001057227327669427-0.0008905356219752331j),(-0.0011385038175565775-0.001540122702962699j),(0.0003960345499942693+0.000830355020635241j),(0.0010568193290442242-0.0008912013508900348j),(-0.0010909498502632113-0.0014561849274934266j),(-0.0012297704840216386-0.0014697744615866377j),(0.00039201294832924615+0.0008164065743093219j),(0.0010359014548979365-0.0008967397331540784j),(0.001865760339217685+0.001528242964774548j),(0.00035387336185913575-3.1257708561180896e-05j),(0.0003332917387162573-0.00061014474098075j),(0.00023293308097074286-0.001743693165816813j),(0.0010844630971834903-0.002123130598720456j),(0.00017273971694238408-0.00031078612334019175j),(0.001995060605576709+0.0017337794121860006j),(0.00035836084215174293-4.115783725981291e-05j),(0.0002528919653486528-0.000636735892401707j),(0.0016958612727905865+0.004831488571515413j),(-0.000570789726043439-0.0008614846769155228j),(-0.002676265273675784-0.0031145896991912657j),(0.0017020298485611533+0.004887556149337656j),(-0.0005867409078810092-0.0008387589656164423j),(-0.0026979300320099883-0.003064636397806809j),(0.002806947755765849+0.008763677107463017j),(-0.002681983647913158+0.004748632155505254j),(-0.0007582438967005769+0.007604549999496601j),(0.0007538646464168865+0.0007807413878243674j),(-0.004127484144795498-0.022215241991423836j),(-0.0031409011954417767-0.03269124238603835j),(-0.006915655830594222-0.007528348684870446j),(4.9067134062109175e-05+0.0019747337208673495j),(-0.0004351394693158033-0.003601856614994269j),(-0.005100684901331332+0.0021015647885340577j),(-0.0003070305502446875+0.0024814839065146407j),(-0.0007781915723352142+0.0027851239130449275j),(0.9928424685681609-0.011100822365096035j),(0.00020126955547603248-0.005971927393368409j),(-0.0002562391967892505-0.00641235237749381j),(0.00014807602692260826+0.012449962263121013j),(0.00023408024273973652-0.0029040186366539942j),(-0.000421111898996438+0.005018786300951034j),(0.000720585126302626+0.01228184745398789j),(0.00028087401296946407-0.005433673614816635j),(-0.0004265766494603902+0.004381653617249327j),(0.00034943478757902015+0.013236136115361938j),(0.000256775325258134-0.002300649992481668j),(-0.0003829451634885673+0.005378549218340773j),(-0.005744553725970526-0.0013304998669618228j),(0.0013709782636431964+0.00847895558497094j),(0.0007610615465849823+0.0028396968611447684j),(0.00025341760124952486+0.014658099594237979j),(0.000861630541420291+0.006652921426550961j),(0.00041705125483651543+0.006715783312479922j),(0.0007853929174664731+0.016119662682897003j),(0.0008611871542202179+0.006608110370668859j),(0.00042609090855148986+0.007123174542702644j),(0.0028094405248212536+0.008773910363801476j),(-0.0026798513014779997+0.004785299306160285j),(-0.0007551930545811982+0.007659097564510571j),(0.0015880560077947805+0.003185566368763628j),(-0.0008612305659180457-0.000757681885247423j),(-0.0009220883781080931-0.0005941919541351602j),(0.00027765833271071826-0.0020706820838767214j),(0.002629940152403732+0.0076844983520908215j),(-0.0025464230684590543+0.005077350907921028j),(-0.0008176621054587035+0.00825280918553131j),(0.00472136406074634+0.013486462239728731j),(6.248509549747215e-05+0.01147691529353149j),(0.0015310901861340888-0.0028228324848385057j),(-0.001227671973186754+0.0007734170497811427j),(-0.0006410286759384732-9.452443713565483e-05j)
60,(-1.6118275162631916e-06+6.031562669654905e-07j),(1.9517120830859275e-07+2.6576302999591323e-06j),(1.4166563088409163e-06-3.260786566567775e-06j),(-1.20634341064264e-06+1.2432169012813645e-06j),(6.293100195492732e-07+5.711840222763703e-07j),(4.199074457126552e-07-2.451020128768851e-06j),(-0.00010941551824378971+4.3738851194499414e-05j),(1.2098828739500126e-05+7.247488439488881e-07j),(-1.0479789759614374e-05-0.0002459360240587114j),(-0.00016699861360185863+6.714237973245952e-05j),(2.8308769756110904e-05+9.002210950096508e-06j),(-4.153169146190366e-06-0.0003784733585877292j),(-0.000835429262296486+0.00031563937125797265j),(0.0005401415493626569+0.000350239260233367j),(0.000469079084353251-0.0020082234983715306j),(0.0008215229717469418+0.00027634121804644574j),(-0.0010518154232826542-0.0019467407343325234j),(-0.0008529535012922917+0.00023051760609264234j),(0.0010194269712648645-0.0007776576103320082j),(0.0004179986048140932+0.0010400514755876322j),(0.0009538928456087321+6.600011721278145e-05j),(0.00029882132313639774-0.000992905231230288j),(0.0004749680976523953+0.0011742175931521686j),(0.0009800834457973607+3.348123448137976e-05j),(0.0002771671835472262-0.001020845403250193j),(0.00047496763484379816+0.0011742994098834037j),(0.0009794230504574274+3.272362797612457e-05j),(0.00027638822867821425-0.001020454125296051j),(0.0004667882264250209+0.00116191189999385j),(0.00043110500343599524+0.0012519552733148164j),(0.0009391359142316704-1.8134675900760653e-06j),(0.00024400195905896843-0.001001752079169175j),(0.00015443350702236316-0.0002496470996840999j),(-0.0009275260336808139-0.0016807084931335175j),(-0.001000448868399831-0.00036276913026717415j),(-0.0002795677443858214+0.000681687198996775j),(0.00010259611117148973+0.00012293285736339636j),(-0.001515041987372307-0.002115495987953106j),(0.00015650418476442145-0.0003462537197702264j),(-0.0008526992887194035-0.0016361166081551503j),(-0.0009738917949663128-0.00034805641476330016j),(-0.0007631234793511111-0.0031256837603666366j),(0.002600913286272033+0.0010250227983897107j),(0.0015130508896254954-0.0016179334225692105j),(-0.0007988095687854927-0.003072278144928487j),(0.002590935734404759+0.0011159839713130535j),(0.0015038681424922593-0.0015998876609765377j),(-0.0011789778918793181+0.0075950047810373605j),(0.0027670100211572655+0.006348645555419301j),(-0.002267058712765663+0.00202745972889229j),(-0.0013083338239045523-0.00849722995860101j),(0.0003000132657436224+0.011834872296944885j),(-0.0004864235424945195-0.001532038119450543j),(0.0003712723299063895+0.002849959682806344j),(-0.004956746119317066-0.0009714546636589778j),(-0.001189037313890339-0.013903274958839243j),(0.0009653621074305679+0.005291350335859176j),(-0.00236149248448238+0.003119562505011297j),(-0.0005755693085753932-0.004854348108004156j),(0.00020126955547603248-0.005971927393368409j),(0.9944992140723335-0.008172726806878874j),(-0.0012923953610124944-0.013758816686120785j),(0.000396096431884973+0.0032914101995429297j),(0.0008050972329681557+0.006211240646609665j),(-0.0006545234158684962+0.008848350966048208j),(0.0004259004870776769+0.0024398488814585707j),(0.0013566911709841254+0.005684317364418805j),(-0.0006317080388667316+0.01027107168461083j),(0.0003307067381528334+0.0033624848927346893j),(0.0008173178554639004+0.006521065148998437j),(-0.0006839675684048429+0.009338749499236156j),(-0.000172062161489662+0.005030508068924097j),(-0.005354612161720593+0.003798727818594745j),(-0.0010907101199727036-0.010479928302087483j),(-0.00013044503956876306+0.002538114942299237j),(-0.00019727026906630785+0.016449801850951323j),(0.0019297422832256148+0.01070782009321615j),(-6.735944213232252e-05+0.0024758029791030088j),(0.0002917621692981164+0.017692787746453605j),(0.002257651572914548+0.01261167774172908j),(-0.0011787904399767075+0.007615921088489273j),(0.00277026365313274+0.0063399057843656j),(-0.0022691899278156047+0.0020314231929415725j),(-0.0005641564637344987-0.001200619039056973j),(0.00086271405964039+0.002853273437384319j),(-0.00032823171750400365+0.0014948214083633426j),(-0.0024872495542695022+0.003883714606724838j),(-0.0011710564838531962+0.007636313947967476j),(0.0027032801395940327+0.0053779771466983695j),(-0.0021463825713727873+0.0018705095544239731j),(-0.0034496335470824285-0.018684949324594406j),(-0.001148232780575894+0.007072942941644526j),(-0.0007650941327256775+0.0004801638140963073j),(0.0013701078267880293-0.0013030131031075791j),(-0.0012373331698145782+0.00010870615097075414j)
61,(3.317231812285702e-07+1.0551931783693646e-05j),(1.1190690178594625e-06+3.46487680620421e-06j),(-1.4507922002923755e-06-1.4016808592898775e-05j),(4.0860776991998404e-07+8.965290530225667e-06j),(7.284423135224437e-08-3.041758982595102e-06j),(-1.1866237630755404e-06-6.983272254049479e-06j),(-1.711150120983242e-05+0.0005612932050113413j),(-9.344735159321757e-05-0.00023421361626596582j),(-0.0002127447762798198-0.0005968261585997147j),(-9.762702742905716e-06+0.000913237529707603j),(-0.00013552656651200128-0.0003658576729272248j),(-0.0003268469856607725-0.0009308980123277916j),(0.000618936966098587+0.006820772058268379j),(-0.0003708879577820171-0.002192564716077471j),(-0.0016838715293704624-0.005411068938663899j),(-0.0005064681015751971-0.0029868423350342425j),(0.0021071317828163945+0.006654589802697206j),(0.001006631309799584+0.001884874388409365j),(3.106519687306314e-05-0.0005074987364025796j),(8.671713181594224e-05-0.0007796971608451064j),(0.00014340690962337044-0.0011264211157870207j),(-0.0008948006577772638-0.0006177725866195346j),(8.760908381660233e-05-0.000966328498528882j),(0.00014244218935005614-0.0011608157102475428j),(-0.0009235781783708214-0.0005629161612230329j),(8.763387483121088e-05-0.0009674081788894597j),(0.00014231937429236177-0.001160762790999658j),(-0.0009233677201387673-0.0005610393671241064j),(0.00010070569020089366-0.0009787302463049674j),(7.360672984863669e-06-0.0009936751407771326j),(0.00014153654901423863-0.0011411015664825712j),(-0.000908637804462312-0.000471111986210714j),(0.0014367800019439243-0.0005465695870814228j),(0.000420956445763063+0.00011096433580596145j),(2.6858546039757564e-05+0.0035032214893887578j),(-0.00013835990213286739+0.000446046699991614j),(0.00035574687140260664+0.00035322331985743953j),(0.00026473588569532816+0.00021975174409037766j),(0.0014183375038507987-0.000594922516928561j),(0.00043893702189881715+0.0001344928531010446j),(9.111333619624693e-05+0.003697036582831932j),(-0.0026818116165982214-0.0034495518053777995j),(-0.00043617978377378294-0.0005236994484176685j),(0.0009697090056938205+0.0052614378975509865j),(-0.002711695564178323-0.0034076571444754573j),(-0.000438942949728055-0.0005316249014282975j),(0.0010029672899482113+0.005248899249216447j),(-0.00043617482634377173+0.00831987677582222j),(-0.0022696431462500824+0.0019064686716406664j),(0.003345156232968453+0.0032369122438218765j),(-0.0012543482823805787-0.00928772651582939j),(-0.0006511935249720643-0.002802355252564442j),(-0.0003552803693466491+0.026001968026318677j),(-0.00013868065522742084-0.002754836535096306j),(-0.0011821811547299255-0.01409872078298034j),(-0.005101132786330092+0.008314104451286351j),(0.0006160520107424452+0.0022412693238307788j),(-0.0005130500729220978-0.0062572358389477375j),(-0.0028976975330130585+0.009022688258925085j),(-0.0002562391967892505-0.00641235237749381j),(-0.0012923953610124944-0.013758816686120785j),(0.9943240299045705-0.004495363700393402j),(9.755777249029988e-05+0.004862019543785281j),(-0.0006397191535570275+0.005152912383006722j),(-0.00010842485682942645+0.006134229980064868j),(-3.199814323393902e-05+0.0050213298873863456j),(-0.0007664976457341784+0.006722830682178545j),(0.00017555820119892024+0.004962673147051231j),(9.926151338269368e-05+0.00494993703858997j),(-0.0005978322277968485+0.005423761308463451j),(3.626733928680961e-07+0.0062288869786594975j),(-0.0006516493360523203-0.00019435495540476733j),(-0.0011533362002491318-0.009610759003897526j),(-0.0051407862167607826+0.009155662888200628j),(-0.00016587591480328248+0.005786279962173879j),(0.0017206885739161075+0.014310672916560675j),(9.59422514995832e-05+0.008542770272271585j),(-6.271620631626869e-05+0.006437496773514326j),(0.0020389990502463506+0.016469481009489965j),(0.0005791842229157655+0.008667797741021496j),(-0.00043534275776965846+0.008342709883789517j),(-0.002271669433404239+0.0019122422623157637j),(0.0033499747300122463+0.0032052756136925317j),(-0.0003771088515769149+6.595403734143237e-05j),(-0.0006285017167601604+0.0009300171677249628j),(0.0008827481435256565+0.0020624369905648645j),(0.0015036741926870221-0.002129514925997468j),(-0.00048594591196989874+0.008455581678094484j),(-0.0021600820972544326+0.0018778062802636425j),(0.0033175218421839054+0.0019487247318855372j),(-0.0036025012300982795-0.01928142089467435j),(0.0003771793865484191+0.0038361782089162133j),(-0.0005549228396478253-0.0008135920796222801j),(-0.0012886130943472515+0.00010998001044880709j),(0.0010457349690157366-0.00048755930293837673j)
62,(2.8844755583206737e-06-6.405959357745719e-06j),(3.842904441682133e-06-9.106007232142669e-06j),(-6.7273799973753494e-06+1.551196659336928e-05j),(3.3869522447729514e-06-7.475303681988976e-06j),(8.040194380786748e-08-1.9474838481005592e-07j),(-4.325344579197627e-06+1.015126984361973e-05j),(0.0001890194356046595-0.00031812524315438914j),(1.651973276348411e-05+0.00015414028075026905j),(-0.0003062382244613035+0.001043678926658331j),(0.0003038950797464809-0.0005342034972568722j),(2.8769226840870627e-05+0.0002321029596449863j),(-0.0004757099077918862+0.0016544156105571246j),(0.0021237090113280527-0.004733309207539159j),(0.00026458688994477394+0.0009604170894380992j),(-0.0026903407499809747+0.010591330419678267j),(0.0003975379393080804+0.0012396278361584087j),(0.0002363536693996398-0.009098974297322973j),(-0.001214460914796681-0.003355136744806527j),(-0.00012093711659074986+0.00383446107228844j),(-0.0013852024541539142-0.00270270249740374j),(-0.0007946365982208299+0.0013058576405965425j),(0.001851535968026796+3.884133900561261e-05j),(-0.0015324533101056998-0.0027687144565888286j),(-0.0007764533131310507+0.0013638547418783785j),(0.0019196639850448856-8.226786792696643e-05j),(-0.0015315619517085124-0.002765435319594386j),(-0.0007749472009436329+0.0013642313746066613j),(0.00191954277528728-8.396698319185561e-05j),(-0.001481648777735238-0.0026439863978442815j),(-0.0015514865618990415-0.0028219570644780045j),(-0.000707163147014052+0.0013575178786561556j),(0.0019049182941869322-0.00014317760943869003j),(0.0012367929066822458+0.002990090540146751j),(0.0023308163214262275+0.0009048867940147494j),(0.0011990431896096204-0.001971349761297275j),(0.000708103659983621-0.0019921714618420165j),(0.0009553688690736814-0.0014870267649866415j),(0.003006372497160363+0.0011116775572401622j),(0.0013323821222290836+0.0033147993400337757j),(0.0022619387395477995+0.0007427749908095621j),(0.0010147910598201691-0.002105903322787102j),(0.002261194829608514+0.00817359305572156j),(-0.0027505843806809893-0.004563056561458737j),(-0.005066433432070201-0.004605175511412799j),(0.00232655860638681+0.008220840956551189j),(-0.002773816461671937-0.004568486758751885j),(-0.005092453311225272-0.0046184970249382685j),(0.005855238288927458+0.0030521723827479225j),(-0.008228726083918121-0.004060311076083569j),(-0.001161489188513869-0.003380654398443525j),(0.004157498656620276+0.009400405901298195j),(-0.0030339414123584612+0.009803714326250542j),(0.0012435120222832109+0.01449403057014529j),(-1.4540093302744389e-05+0.012265926252736073j),(0.00031008568571741404+0.0037230083602937452j),(3.029896308930373e-05+0.005270098773081461j),(-0.0038873171680726543+0.008113821308450543j),(0.0007254737483535091+0.003924658490941382j),(-0.0010846373385208755+0.0035660105591167317j),(0.00014807602692260826+0.012449962263121013j),(0.000396096431884973+0.0032914101995429297j),(9.755777249029988e-05+0.004862019543785281j),(0.9896866018766016-0.004130858567510429j),(0.0005950792537782144-0.0048468567993381765j),(-0.0030722487356887726-0.003364388979574638j),(-0.01095174152639581-0.0013658522872172557j),(0.0006134589589562188+0.004070607052365071j),(-0.0032865785404098415+0.00010308009791159048j),(-0.010436020219208853-0.0010808399141268197j),(0.0007447749205100372+0.0039016732651447742j),(-0.003104016096288448+1.0263138861019844e-05j),(0.00015775039463737553+0.011094164000164778j),(0.000815617978489969+0.001233539918240321j),(0.00036468600268868025+0.002292864797393754j),(-0.0008287464558069215+0.005612879144808276j),(0.0024873768643293593-0.0010373624492025486j),(0.0016249164234603743-0.0028615038928329235j),(-0.0008895354981641951+0.0052508651809056745j),(0.002659533105350598-0.0011910223453543301j),(0.001754893311700896-0.003268089754650807j),(0.005857177923409125+0.0030443111866341813j),(-0.008235205275643977-0.0040793611747863j),(-0.0011650852517770091-0.0034051750335058178j),(0.001274310879676647-0.0006065442481552139j),(-0.0017428127491235558+0.0004961997972788724j),(5.099847525552115e-05-0.00027123554257394344j),(0.004598813735140324+0.0009724526524037651j),(0.005518045559398049+0.00299685308031274j),(-0.007680953706824749-0.004139019458761007j),(-0.0011076364650664972-0.0036910636265053125j),(0.0032437961006105097+0.005746100647274666j),(0.0019365360404799655-0.002749869194823607j),(0.00169854123858524+0.0014359546631907193j),(-0.00132258325622161+0.000775210523914421j),(-0.00014288925603540584-0.0004598811147030588j)
63,(-3.6250484669482655e-06-6.756920484600616e-06j),(-2.1384170008979587e-06+4.037849291525701e-06j),(5.763465467754551e-06+2.719071193539605e-06j),(-3.1950342846072017e-06-4.1401437842217956e-06j),(9.06284411175965e-07+3.5600810656750313e-06j),(3.350421555752309e-06-1.0284943232678482e-06j),(-0.0001855809394051228-0.00044966692278794706j),(0.00012020148777431558+6.685229255986185e-05j),(0.00030999236246050907-0.0002811847910131794j),(-0.0003098884307489824-0.000698882510772689j),(0.00018954099743984397+0.00012493316380880103j),(0.00047970799327272525-0.00043979350005600394j),(-0.0026329872617930463-0.003904894977265071j),(0.0011883460185044643+0.0016162435271083763j),(0.0026085385185459454-0.002549854696885087j),(0.0014025023638684782+0.0025454403625701167j),(-0.0038623078674131376-0.0009072933966188025j),(0.0003821766553427325-0.001652400069848502j),(-0.001399216355401378-0.001609412879307172j),(0.0014235499255958503+0.0033429839496721004j),(0.0013027902053229163-0.0011612682402222805j),(-1.3426585503571817e-05+0.0006284705363603345j),(0.001614431778139041+0.0036310701379893458j),(0.0012864203720661447-0.0011845262033947385j),(-1.7397442512791543e-06+0.0006402833473366548j),(0.0016144311581512737+0.0036290287584251728j),(0.0012850216033438023-0.001184713001019088j),(-1.5928746280748475e-06+0.0006389391120977354j),(0.0015852585048275335+0.00350888450809909j),(0.0016941664422398704+0.0037382074009785103j),(0.0012143717947865856-0.0011986274766850628j),(-3.2893235921724415e-06+0.0005621868484406129j),(-0.0008893878712174642-0.0035516261997235636j),(-0.002216832249219142-0.0023696314937740846j),(-0.0004811196623014167-0.003460003712998474j),(-3.5782841861022345e-05+0.00033764660667529663j),(-0.0005371073467312186-0.00045675268126524923j),(-0.0027265792825388446-0.002662724597647383j),(-0.0009399936122896338-0.0038520106619711813j),(-0.002218741605242239-0.0022038569259234704j),(-0.0004013696071291184-0.0035621657146074474j),(0.0003333455491054027-0.004725777597906629j),(0.0013977520064572956+0.006193014701058868j),(0.003384294886878798-0.0007725801204416013j),(0.0002998540655308623-0.00473942681801838j),(0.0014444661340177844+0.006240658549111416j),(0.00336732667994213-0.0007676364053750065j),(-0.0049688260173812145-0.001525242528519771j),(0.007101667227967064+0.0069640823561763j),(-0.004533610344456554-0.0029353099182822286j),(-0.0035924482356664493+0.0019577330360156645j),(0.004150455146328962+0.0028192225376055743j),(-0.004089568894498077-0.0015300389392457654j),(9.233302458251457e-05-0.0025690388389404454j),(0.0004968622533191768+0.006561613300449706j),(-0.0005699705742567465+0.004874830310689524j),(0.00033879730600515476+0.0002832593062326879j),(-0.003857657478884774+0.009585052486190786j),(0.0012261856191755083+0.0031171953790162573j),(0.00023408024273973652-0.0029040186366539942j),(0.0008050972329681557+0.006211240646609665j),(-0.0006397191535570275+0.005152912383006722j),(0.0005950792537782144-0.0048468567993381765j),(0.9900217826921959+0.0037141328673252977j),(0.0031277155454466684-0.003290731316494656j),(0.0007127305057909551+0.0049969914715582665j),(-0.010568056158977886+0.010826355058779068j),(0.003395100922665791-0.0035414777865542682j),(0.0007062990162827027+0.0036710187465094986j),(-0.00995080041230241+0.009803319715202995j),(0.0032352842757337034-0.004341035233486879j),(0.0008869005942622434-0.0027153971600285868j),(0.0016609790821437112+0.004370439647979758j),(-0.0009374877325669692+0.005069118783825151j),(0.00196802991799792+0.004209812683133834j),(0.0017923237754104526+0.0026648431445268524j),(-0.001812573626621621+0.002414547174469155j),(0.0020943221596433767+0.004863989788557661j),(0.0018353877910489446+0.0026326897769021404j),(-0.001875224851332737+0.0022687852694803353j),(-0.004970248640933649-0.0015305101566246656j),(0.007104997156184949+0.006969943110072629j),(-0.004533436724828324-0.0029370104803205788j),(-0.0009044789546502009+0.0017780502921412242j),(0.0020336879735592746-2.821259768124272e-05j),(-0.0014965311221539156-0.00011637208746904243j),(-0.002218183249840107+0.0003071602677468723j),(-0.004603528014797289-0.0016414474345507854j),(0.006582971173467374+0.00668400684623476j),(-0.004141321276946132-0.0027207791345652786j),(-0.0033225442765858777+0.005865402331619647j),(-0.009208142596063798-0.0032558303784810372j),(-0.0006812254944726521+0.00129828269680638j),(0.0018086506295274787+0.0012457931416949757j),(-0.0013701138871347648+0.002052369937329448j)
64,(-2.343506403648443e-06+1.6401168228052048e-05j),(5.046337966490274e-06+3.88421662730204e-06j),(-2.702831564876854e-06-2.0285384861113783e-05j),(-3.9510786713547666e-07+1.3628186019912936e-05j),(2.336135383999499e-06-5.035612430875686e-06j),(-3.3897037915611206e-06-9.478197312114924e-06j),(-0.00010770992498722375+0.0009355712330201471j),(5.685655858144795e-06-0.00032441614262655586j),(-0.0004663459935014342-0.0007374036869946222j),(-0.00016301737392875883+0.0015055778773668464j),(1.0866265289044883e-05-0.0005374321251820095j),(-0.0007456569291790308-0.0012003578678877582j),(-0.0006605607413437079+0.010704721549331504j),(0.00023876434847580359-0.004372004051253374j),(-0.004960233277261167-0.008942754598962054j),(0.0003295394517533923-0.006073865540415739j),(0.004141685401705316+0.015598055943487663j),(0.002030043009314488+0.0058992954464698235j),(-0.00029014471515663204-0.0036683893342621277j),(0.0006631370237889364-0.0031548933405349533j),(-0.001735017288433428-0.002074540562213942j),(-0.0008779365615993837-0.0006441402887695851j),(0.0006783933199912155-0.0036935051848274885j),(-0.0017650544656146972-0.0021392226208444562j),(-0.0008785144339664404-0.0004948071853829042j),(0.0006777627920207144-0.0036949203909206014j),(-0.0017637361849359731-0.002138701814628617j),(-0.0008774151968755961-0.0004917157466961036j),(0.0006685617738935765-0.003660302198280045j),(0.0006896724797406002-0.00394653704437584j),(-0.0016822065175071176-0.0020693800523538908j),(-0.0008243453950141867-0.00035966726341662893j),(0.0005213414997962852+0.0016112268970375227j),(0.00225869474033744+0.002520232668404757j),(0.0015029000278177925+0.005630481098355759j),(0.00016612629680153374+0.0002639202480941618j),(-0.00017674660158754853+0.001532044512274986j),(0.0028257477167468546+0.003200791221775379j),(0.00039184807354934227+0.0017266807427209763j),(0.0022988132964655173+0.002455203599793052j),(0.0015136305472410099+0.005798138485984711j),(-0.004068332131728241-0.001841334408367068j),(-0.00015051278683885953-0.005455686967318367j),(-0.0014137645442870365+0.0029769974492166113j),(-0.004082739253067421-0.0018794817400536584j),(-0.00018033620317800092-0.0054634891004655215j),(-0.0013776156814058749+0.0030188463662189327j),(-0.0008259137261918356-0.005306346098471061j),(-0.007091190245525957-0.0048412895095028005j),(0.00726995993436879+0.010951025500285294j),(-0.00013237045154388446+0.004276589958783463j),(-0.0047767056467232435+0.0013708328600390077j),(0.004634670961453643+0.002838577417991148j),(-0.0005838100518571587+0.005047873566547326j),(-0.0006169918170217656+0.008476710838557661j),(-0.0005834881112937158+0.006272297801877121j),(-0.001791502899218641+0.003904565462473946j),(0.0010930320424172694+0.004891849547455333j),(-0.006445097082292751+0.007589302638818806j),(-0.000421111898996438+0.005018786300951034j),(-0.0006545234158684962+0.008848350966048208j),(-0.00010842485682942645+0.006134229980064868j),(-0.0030722487356887726-0.003364388979574638j),(0.0031277155454466684-0.003290731316494656j),(0.9859002057749254-0.002747846732587684j),(-0.0032408387004124887-0.00014925212254814774j),(0.003260448968151075-0.0043629407312993605j),(-0.014624515829846673+0.008472794232733474j),(-0.0030593146827202185+4.337758963759812e-05j),(0.0033471421111847532-0.004100736770249386j),(-0.014034771952949627+0.009295376361193382j),(0.0004055095597332169+0.0038343080331018084j),(-0.0008476169342012353+0.00822490938306299j),(0.0017084930468513808+0.005360566020641834j),(0.0018659316394152527-0.0016647863063577453j),(-0.0017329804728977922+0.0006106281003962193j),(0.004397347318249065+0.004349794800234116j),(0.002012753044785782-0.002107969380197529j),(-0.0017952251482372353+8.509136976992543e-06j),(0.0046657158992912656+0.0043305547931117225j),(-0.0008270201732395455-0.0053189591975409505j),(-0.007093565585798635-0.004849697265376865j),(0.0072725798210128804+0.010961760036074965j),(-0.0007120735029773799-0.0005666407100720279j),(-0.0019988188860092983-0.00024434858037586426j),(0.00236461746866367+0.0007106480781034312j),(0.004505486436306823+0.0027684391452088807j),(-0.0007851189496913201-0.005240449318045844j),(-0.006542944010133018-0.0046559835335923325j),(0.006717929554713775+0.010504766149549701j),(0.0005860401035755282+0.007881220691938097j),(0.005556862385149511-0.003853987882172061j),(-0.0013161498962858955+0.0005504616876593917j),(-0.0023323599766263+0.0015635363737049903j),(0.0027269290891908126+0.00036867760139423035j)
65,(2.954104183038957e-06-6.625066882049585e-06j),(4.0766431620598155e-06-9.460520483613604e-06j),(-7.030747342404154e-06+1.6085587369533622e-05j),(3.513077999311939e-06-7.745645579080695e-06j),(1.2662426267035702e-07-2.167072375022311e-07j),(-4.5463100322803255e-06+1.0531284421687907e-05j),(0.00019465946836424975-0.00032947322200128947j),(1.890619734895224e-05+0.00015850029091135618j),(-0.00032400091343820253+0.0010828859162843056j),(0.0003127227128096637-0.0005526015558375268j),(3.248490522742139e-05+0.0002380725998713134j),(-0.0005037223416053524+0.0017148671931020059j),(0.002177922365193353-0.004868061658889171j),(0.0002868434404335713+0.0009619703022878314j),(-0.00286389208222753+0.010912560848948276j),(0.0004279826172008884+0.0012520426353949225j),(0.00027219041836208354-0.009131226622558442j),(-0.0012203164416205818-0.003459009642557985j),(-0.00013007093162446364+0.003796731019516106j),(-0.00141419878905331-0.002796831130508301j),(-0.0008736973548016366+0.0013424335934348877j),(0.0019019221663433804+8.576754717666904e-05j),(-0.0015658283016830427-0.0028706901139249593j),(-0.0008555901963924556+0.0014033694177130974j),(0.0019725158237900373-3.511954876199907e-05j),(-0.0015649380590790367-0.002867352899235729j),(-0.0008539840587688009+0.001403768434327832j),(0.0019724138942571945-3.687828648779503e-05j),(-0.0015147399871085865-0.0027427959781673172j),(-0.0015803202583344125-0.0029335519811714075j),(-0.0007811810242356614+0.001397349388903118j),(0.0019583694176020204-9.931585062981181e-05j),(0.0011974204929557325+0.0031091489625020754j),(0.002472887558721437+0.0009703179691242743j),(0.0012629999622438145-0.0020510522341940524j),(0.0007412612571251068-0.0020134402742582047j),(0.0009484482516104872-0.0014434525113951797j),(0.0032071101716629616+0.00121225215100698j),(0.0012908964659477816+0.0034432179896700596j),(0.0023992981355927933+0.0007965439399357191j),(0.001071618757522862-0.0021922324143018304j),(0.0022942124313454957+0.008412778820860086j),(-0.002888346996036946-0.004858824610281385j),(-0.005247120315918627-0.004694789097829716j),(0.00236398642359141+0.00845970899465652j),(-0.0029126911797400868-0.0048656677708739755j),(-0.0052735244438858134-0.00471306135293163j),(0.006111694636620039+0.002704563713106454j),(-0.008659386686364868-0.004661617185870624j),(-0.0011799833514982965-0.004224709447800274j),(0.004376804781555794+0.010208999228838592j),(-0.0028522256110154656+0.012137477861385736j),(0.001739699928814434+0.01820103477482839j),(0.0006202435086219095+0.01235974365131512j),(0.00038371651536402146+0.0031353816894869203j),(-3.08943023855122e-05+0.005716222156977221j),(-0.0030231973172862294+0.011827676890287235j),(0.0009677950130103874+0.006506394277220224j),(-0.0008175162685100897+0.005828470459876386j),(0.000720585126302626+0.01228184745398789j),(0.0004259004870776769+0.0024398488814585707j),(-3.199814323393902e-05+0.0050213298873863456j),(-0.01095174152639581-0.0013658522872172557j),(0.0007127305057909551+0.0049969914715582665j),(-0.0032408387004124887-0.00014925212254814774j),(0.9878366056405736-0.007044791819480771j),(0.00041213015901627543-0.0033980070828476313j),(-0.0035880777186298794-0.004871193754627466j),(-0.011188211111462521-0.0018770430035085794j),(0.0007671570105613615+0.004439738244122528j),(-0.0033305534808784065-0.00040929233209908815j),(0.0002959632041303322+0.011203524046083395j),(0.0006116480553145217+0.0005548619834168031j),(8.873126008802196e-06+0.0018841043931182525j),(-0.0009919851855829814+0.005491812170485069j),(0.0025425300279524467-0.0014656024621132599j),(0.0018323389071117262-0.003555400976656053j),(-0.001071320994273157+0.0050872586313906645j),(0.002740293186711056-0.0016222670236454685j),(0.002013930405267485-0.003993688203722576j),(0.006113686525730732+0.0026951452884870063j),(-0.008666670507783277-0.00468467265072771j),(-0.0011842998388138224-0.00425540177231538j),(0.0012568192378816317-0.0008054818346622129j),(-0.001779755028142963+0.0005493342077119317j),(0.00012671841697607872-0.0002585648787995405j),(0.00487139443678284+0.0012051048695172293j),(0.005768584555213514+0.0027076590497955993j),(-0.008084561340346947-0.004766296807032758j),(-0.0011249193631470442-0.004609591129084954j),(0.0029224297499559114+0.0053129143532608366j),(0.002419445250756672-0.005827815980451321j),(0.0017091325245941506+0.001683580551367478j),(-0.001342764870839489+0.0007951817911800408j),(-0.0001074409474236829-0.00047208750688346255j)
66,(-3.7126743127555327e-06-7.073184283090041e-06j),(-2.181231562523156e-06+4.0313702260365e-06j),(5.893905874614952e-06+3.0418140580353062e-06j),(-3.2644545723610827e-06-4.3895134938071764e-06j),(9.354830431858716e-07+3.6703185898676644e-06j),(3.428069301549138e-06-9.110984933454141e-07j),(-0.0001886352366827698-0.0004701284463433414j),(0.00012537567165338254+7.01393777757941e-05j),(0.0003193430352506795-0.00027594889069693074j),(-0.00031568733634965694-0.0007307633512117378j),(0.00019723503887867673+0.00013028332893642343j),(0.0004934894059907119-0.0004323669128987796j),(-0.002707300643458479-0.004084727297319375j),(0.001218974835656921+0.0016598328675113236j),(0.0026560056215301914-0.002533814037982444j),(0.001433642160087093+0.0026264810557009148j),(-0.00395300963214535-0.0008281008498915261j),(0.0004320674144152809-0.001720218825528981j),(-0.0014908467493033506-0.0016853218565579314j),(0.0014634960855708934+0.0034089875903142094j),(0.0012966150952119766-0.0012044495562556054j),(-1.8176593715178322e-05+0.0007013264163985308j),(0.0016590937692910145+0.003700350932655833j),(0.0012785728970273957-0.0012271305375862874j),(-4.849095530779597e-06+0.0007155137662051225j),(0.0016590858688950191+0.003698233953093301j),(0.001277167453151809-0.0012272954419694014j),(-4.663022965288328e-06+0.0007140988072330035j),(0.0016288589651925808+0.003574563169061608j),(0.0017450991975578995+0.003805842692238385j),(0.0012064789872726733-0.001240425033079329j),(-5.049103811539685e-06+0.0006331977284168276j),(-0.000948134075301962-0.0036507273266755463j),(-0.002237035679689404-0.002385904233109414j),(-0.0004516822820072848-0.003589294840849704j),(-1.865588779119778e-05+0.00031649708511278314j),(-0.0005673817684467849-0.0004679227203672055j),(-0.0027275869774528606-0.002670555530537826j),(-0.0010020949649869081-0.003956251170916043j),(-0.002243114406445527-0.00221777140520036j),(-0.0003714560990377456-0.003696930397594267j),(0.0003788254634188669-0.004735000987653808j),(0.0013383200889282225+0.0062942105328221195j),(0.003422305083845758-0.0007578985981747787j),(0.00034599519923370753-0.004753300395959789j),(0.0013861426104647037+0.006343003701558101j),(0.003405094592594634-0.0007530758551767061j),(-0.005089527783419449-0.002220054671569483j),(0.007147200455944465+0.00714935138607866j),(-0.0045691276998818375-0.0031847449482577325j),(-0.0037591414420161577+0.0027969215561218603j),(0.004394339113812011+0.0013345437331022895j),(-0.004223285432378961-0.0019264823490637868j),(0.00014437037705433155-0.004899472817796465j),(0.0010678691262817426+0.00631250088950983j),(-0.0006422685731977259+0.006641341328366223j),(0.0004942905062439498+0.0014099689325677545j),(-0.003351487000263718+0.014544832745321j),(0.0016132969553728418+0.006212242907291742j),(0.00028087401296946407-0.005433673614816635j),(0.0013566911709841254+0.005684317364418805j),(-0.0007664976457341784+0.006722830682178545j),(0.0006134589589562188+0.004070607052365071j),(-0.010568056158977886+0.010826355058779068j),(0.003260448968151075-0.0043629407312993605j),(0.00041213015901627543-0.0033980070828476313j),(0.9880869371978733+0.005942621244215343j),(0.003294755296157198-0.006329670670631436j),(0.000667808813119148+0.0038393125228611707j),(-0.010677762846338076+0.009828506961016087j),(0.003349678629837315-0.004573953185416439j),(0.0009031449305682859-0.00426879583118867j),(0.001955623410024019+0.004381944593079069j),(-0.001229446250569112+0.005562364597582841j),(0.00205649248937919+0.005353414984313949j),(0.0016533996345624098+0.001755781654066823j),(-0.0017897586721723458+0.001460814322283982j),(0.0021899481302505904+0.006209488427968296j),(0.001661840010048722+0.0016130703065958853j),(-0.0018257702967139477+0.0012036706247194485j),(-0.005090878103642312-0.0022273902059902306j),(0.0071502378402320994+0.007157563331622169j),(-0.004568821085476484-0.0031861258520445752j),(-0.0008942838390135902+0.0022251516742383716j),(0.0021363905620483837-0.000388592249789526j),(-0.001574270438691378-0.00030175638586801574j),(-0.002173596530903077+0.0002506340582454081j),(-0.004701253303790063-0.0023644346546356095j),(0.006605428779761878+0.006937867455546181j),(-0.0041729352724230616-0.0029346579822285j),(-0.003255551355611976+0.00873768699279891j),(-0.008665364989844913-0.0070789012152714225j),(-0.0006617821185081708+0.0011707309325677874j),(0.001778942076504588+0.001502591096718624j),(-0.0013524521153059788+0.002213132150274539j)
67,(-2.4795020853975663e-06+1.6757786357065905e-05j),(5.3001129666040185e-06+3.8881774547791814e-06j),(-2.8206108832485046e-06-2.064596381723709e-05j),(-4.1875979725651025e-07+1.3907020601494126e-05j),(2.468633596785759e-06-5.162848228333388e-06j),(-3.5458610026209285e-06-9.61153374500634e-06j),(-0.00011142464286720565+0.0009586189477880585j),(1.1508262933643593e-05-0.00032965139854794696j),(-0.0004833720827042946-0.0007436770971194159j),(-0.00016955676010256028+0.0015420248525455436j),(1.930483577835217e-05-0.0005476511600917307j),(-0.0007737123820117735-0.0012134951139453265j),(-0.0007224873871965994+0.0109430657910277j),(0.00026772630106345827-0.004509982372389013j),(-0.005177444038521719-0.009150539690079814j),(0.00037057558578603507-0.00626850970047765j),(0.004292132216118299+0.016177664477981947j),(0.002097820777693849+0.006152059036524084j),(-0.00029686740934782357-0.003882804549324617j),(0.0006903964751516468-0.0033160397337214614j),(-0.0018553366070791894-0.0021348801777339756j),(-0.0008815145015884112-0.0006431028459575674j),(0.0007053623294028476-0.003878201491577765j),(-0.001887016685800377-0.002201343121790716j),(-0.0008804366956737867-0.0004875455367282693j),(0.0007046898168021039-0.0038796362179681675j),(-0.0018855999410666833-0.0022007897528085896j),(-0.000879275350563625-0.00048437820385580956j),(0.0006942300948651316-0.0038419000736919944j),(0.000722580550266973-0.00414607629145607j),(-0.0017984900922812705-0.0021281920938698642j),(-0.0008234033380666911-0.00034980144595972255j),(0.00046344480165633553+0.001752048717075655j),(0.0023909822141143437+0.0026795306754691167j),(0.0016104016554941408+0.005761172659260038j),(0.00018932886929826673+0.00024865600688510304j),(-0.00020907317397119378+0.0016099069297155731j),(0.0030114702678304345+0.003396382789292071j),(0.00032697416006419926+0.0018792670282642438j),(0.0024311915461103853+0.002608460671922468j),(0.001617446500050654+0.005927001245848163j),(-0.00415066673650165-0.0017055184127743141j),(-0.00015903340644186605-0.005800303329745694j),(-0.0015850349883582584+0.0028294890532772204j),(-0.004163685306081107-0.0017497549993653455j),(-0.0001908002713716208-0.005807652402456932j),(-0.0015489981866773795+0.0028766023361187637j),(-0.0008190234221059199-0.006360509589820484j),(-0.007443488353198675-0.005249007998342215j),(0.007511029093301601+0.01164947092643721j),(-5.971530377261612e-05+0.005176696757610421j),(-0.0050148205105037535+0.0013054619149284793j),(0.005128670755515322+0.0005717698916363348j),(-0.0005555591414606949+0.004619617368570608j),(-0.000547515470811974+0.010110516234220605j),(-0.0002881257847435768+0.005116717010451419j),(-0.0016114095627445869+0.005651738110064598j),(0.0016424887876910982+0.008232598156173086j),(-0.0062334250970660955+0.010732428129656971j),(-0.0004265766494603902+0.004381653617249327j),(-0.0006317080388667316+0.01027107168461083j),(0.00017555820119892024+0.004962673147051231j),(-0.0032865785404098415+0.00010308009791159048j),(0.003395100922665791-0.0035414777865542682j),(-0.014624515829846673+0.008472794232733474j),(-0.0035880777186298794-0.004871193754627466j),(0.003294755296157198-0.006329670670631436j),(0.9838908286028879-0.002417494052130132j),(-0.003304208276345338+3.724584775258513e-05j),(0.0035657846302848814-0.003620463352208466j),(-0.014849598820440683+0.00809408734960635j),(0.000243370433233964+0.0031105362057486617j),(-0.000980856300839991+0.008725007170529406j),(0.0019056763980513235+0.006124198211713354j),(0.002014084697296937-0.0016134208425979532j),(-0.0019670074384120152-0.000480597536406082j),(0.004638226128519875+0.004086175471739905j),(0.0021903190352103095-0.0020029484445143303j),(-0.0020396504799396883-0.0012159249522591831j),(0.0049132033160810785+0.003919372532103968j),(-0.0008202407511612373-0.006375607908916652j),(-0.0074459885070488185-0.005257804926211052j),(0.0075132594554438905+0.01166421855447557j),(-0.0007113725478335004-0.0005013399617287969j),(-0.002081364578701713-0.00038169363307562773j),(0.002458251518065988+0.0005507977005800389j),(0.004714478759208254+0.003085892691636066j),(-0.0007732460749366129-0.006297478788514308j),(-0.006867348725266897-0.005041529452871256j),(0.006917417407902603+0.011268852389584798j),(0.0008130128849185881+0.010776741074975851j),(0.006015910924629442-0.005677242246645942j),(-0.0013681499144425238+0.0005876805976524221j),(-0.002406611452533797+0.001694647924821273j),(0.002837979402879036+0.00045707453403754197j)
68,(2.88295044441161e-06-6.543259714935491e-06j),(3.872226240302602e-06-9.186114636298412e-06j),(-6.755176681980931e-06+1.5729374355392583e-05j),(3.396504593399529e-06-7.6046147357723405e-06j),(9.122439903655473e-08-1.6808912528508288e-07j),(-4.348238504293358e-06+1.0268810460279064e-05j),(0.00018926123115194814-0.0003261475750134942j),(1.7726461402154574e-05+0.00015631031843824336j),(-0.0003073701528098123+0.001054045107226984j),(0.00030413221118830375-0.0005469175388264841j),(3.06542359499709e-05+0.00023538437987270046j),(-0.00047763046934525314+0.0016703855758998225j),(0.002119700771682564-0.004814417462626869j),(0.0002757414714887512+0.0009761809821925991j),(-0.002707853069259562+0.010676388809586853j),(0.00041020874734416617+0.001269850139367127j),(0.00021771087291585752-0.009109576591242511j),(-0.0012064658654400064-0.0034100189026371533j),(-0.00014799023696470727+0.003825353665141901j),(-0.001380882332120827-0.0027047757499566627j),(-0.0008118630510777157+0.001305021060187447j),(0.0018636261230633785+6.556229532202673e-05j),(-0.0015278932319211366-0.0027711657808778202j),(-0.0007940308548505167+0.0013640334939421309j),(0.0019327522805914121-5.533900113645395e-05j),(-0.0015270057986767635-0.002767890481540711j),(-0.0007925045734246078+0.001364422788675294j),(0.0019326422317467167-5.7072039901376066e-05j),(-0.0014774092003454354-0.0026466688620490806j),(-0.0015443385776956558-0.0028265134997444933j),(-0.0007236633879460882+0.0013579848961495031j),(0.0019183188038627602-0.00011807162172484996j),(0.001207922359169766+0.0029875551548351423j),(0.0023562900285430217+0.000915319896975138j),(0.0012153154702114497-0.0020237951992014593j),(0.0007195417494372904-0.002001311249368281j),(0.0009469754638746861-0.0014817883382224513j),(0.0030487214543407776+0.001132959436189478j),(0.001302199805530591+0.0033126558925163536j),(0.0022853731436275823+0.0007513684700253055j),(0.0010295717216832836-0.002161273462374544j),(0.0022828249630594093+0.008222246197501953j),(-0.002797277104477434-0.004581465671486613j),(-0.005091930500817731-0.004623009408921442j),(0.0023494181807220405+0.008269203404303921j),(-0.002820265590759632-0.004588458691565792j),(-0.00511833144860006-0.004637886371464375j),(0.005894136233981341+0.0029269815895494548j),(-0.008281053558742318-0.004271531954023404j),(-0.001216137781155323-0.0036449175180234446j),(0.004216298442831038+0.009580336251490887j),(-0.00294321040038519+0.010713736959388435j),(0.0014045894733814186+0.015632501684121645j),(0.00018883421930904003+0.013067373763509488j),(0.00025405838226179203+0.0037977629386320043j),(4.41821974287059e-05+0.005406196346102219j),(-0.003752893633857194+0.008582671415665634j),(0.0007417854253788992+0.003832199462523748j),(-0.001041716520087768+0.003641759421662635j),(0.00034943478757902015+0.013236136115361938j),(0.0003307067381528334+0.0033624848927346893j),(9.926151338269368e-05+0.00494993703858997j),(-0.010436020219208853-0.0010808399141268197j),(0.0007062990162827027+0.0036710187465094986j),(-0.0030593146827202185+4.337758963759812e-05j),(-0.011188211111462521-0.0018770430035085794j),(0.000667808813119148+0.0038393125228611707j),(-0.003304208276345338+3.724584775258513e-05j),(0.989265916538505-0.004872972843592319j),(0.0006473120450868117-0.005130531717285277j),(-0.0031316173868773584-0.0036878951404787997j),(0.00027557872075770196+0.011328569702488628j),(0.0007454822527039066+0.0009753060806551332j),(0.00031636504925329766+0.0021114654055304667j),(-0.0008824379000359846+0.005242769064662145j),(0.002581627361481248-0.0011731675307302693j),(0.0016138911478102284-0.0029578350020521404j),(-0.000957212610512742+0.004835559102801484j),(0.0027675284834992636-0.001315524250807788j),(0.0017469318647191233-0.0033561840091714985j),(0.0058960490971262675+0.002918746803079221j),(-0.00828772432868277-0.004292114250763477j),(-0.0012200256848959416-0.003671349237348359j),(0.0012518202739755743-0.0007431863561879089j),(-0.0017609371902317316+0.0005577565869015794j),(7.378196543578923e-05-0.0002476024464383637j),(0.004664302846572647+0.00099029090631572j),(0.005555776962180957+0.0028992173408174497j),(-0.007728414440147007-0.004366074769081137j),(-0.0011591541579233375-0.003978635156658205j),(0.003116450088362328+0.005423737680456499j),(0.0017809965946805847-0.0018878736178001374j),(0.0017008993297164521+0.0015756430298555593j),(-0.0013087252130143086+0.0007573017728294628j),(-0.00013986171786484878-0.00046946611928169935j)
69,(-3.7041232180333604e-06-7.0448675685740446e-06j),(-2.270805137925137e-06+4.106439979858527e-06j),(5.974928355901459e-06+2.938427589263953e-06j),(-3.2886910024935277e-06-4.344946559354569e-06j),(9.0158047847328e-07+3.682858697082156e-06j),(3.4963206103429627e-06-9.834032359456383e-07j),(-0.0001898113601637585-0.0004683160404436021j),(0.00012304819113127487+7.014765889473969e-05j),(0.00032492201214846404-0.00028342838426623294j),(-0.0003172425446797359-0.0007279403377458652j),(0.00019382555507322342+0.00013051971167384432j),(0.0005025674013984373-0.00044357148870757075j),(-0.0027065792517023375-0.004069016240262444j),(0.0012067381987413868+0.001669900308960132j),(0.002722431925284656-0.002580024336471997j),(0.0014166041465086517+0.0026398497435265404j),(-0.003969502454441625-0.0008778668644808885j),(0.00042796077286480564-0.0017290504522364455j),(-0.0014900908076840185-0.0016383996269248302j),(0.0014682845098892535+0.0034370840314862107j),(0.0013210887717146993-0.0012064696109175444j),(-2.7492800463888912e-05+0.0006839194916094917j),(0.0016646798033191185+0.0037316323601310976j),(0.0013033159691009737-0.0012293561349735796j),(-1.4741465016871878e-05+0.0006970377252445767j),(0.0016646701158545764+0.0037295061182058284j),(0.0013018867838029574-0.0012295236543381862j),(-1.4565103681066249e-05+0.000695630970410058j),(0.0016342293880355029+0.0036049788070857216j),(0.0017495791640660607+0.0038403897883694566j),(0.0012299356068632716-0.0012428039407778864j),(-1.5347353482689056e-05+0.0006154544669403971j),(-0.0009490388405776467-0.0036892443091980425j),(-0.002269960068227142-0.0024032772456058513j),(-0.00047632423716055956-0.0035754057350497036j),(-2.6266194952318824e-05+0.0003239033747475177j),(-0.0005633106924078975-0.00048226120781657915j),(-0.0027760808717808617-0.0026927016480867206j),(-0.0010022314695021376-0.0039980520549032905j),(-0.0022750603893244075-0.0022324233538866113j),(-0.00039435778770292233-0.003681463226757954j),(0.0003817574743261996-0.004795513016324959j),(0.0013581561653067196+0.006413641705294458j),(0.0034758468030350017-0.000730372214078203j),(0.0003485025372690606-0.004811107848188299j),(0.0014071012581901789+0.006458844162370206j),(0.0034582973231887474-0.0007258993138934342j),(-0.005106256581309218-0.0017928647938640462j),(0.007329815936166327+0.006947968231595476j),(-0.004675686779202321-0.003094029975877273j),(-0.0036730700002765805+0.0022190990813610854j),(0.004308009535231137+0.002990768507385438j),(-0.004067901253024031-0.0013809511581594942j),(0.00011171028347854598-0.002011418154198375j),(0.0005096104660005048+0.006841076318787437j),(-0.0005142952013029542+0.005176758335631901j),(0.00037766813469247425+0.0004539917912660758j),(-0.0038619591164392912+0.009407137607450974j),(0.0013636269919200701+0.003359304842715424j),(0.000256775325258134-0.002300649992481668j),(0.0008173178554639004+0.006521065148998437j),(-0.0005978322277968485+0.005423761308463451j),(0.0007447749205100372+0.0039016732651447742j),(-0.00995080041230241+0.009803319715202995j),(0.0033471421111847532-0.004100736770249386j),(0.0007671570105613615+0.004439738244122528j),(-0.010677762846338076+0.009828506961016087j),(0.0035657846302848814-0.003620463352208466j),(0.0006473120450868117-0.005130531717285277j),(0.9896481129086742+0.00282387184058381j),(0.003334285157137626-0.004389188114679143j),(0.0009132491262024226-0.0024737333842064875j),(0.001688387882933726+0.004300833350851914j),(-0.0009653128899676905+0.005291019949578774j),(0.0020214075054451825+0.003815506248751702j),(0.0019425393477903953+0.0023875259352285974j),(-0.0019907173928733796+0.002378916969018255j),(0.002149319396631935+0.004416334242159546j),(0.001996151743443745+0.002338715179152205j),(-0.002067242388888846+0.0022091410123574254j),(-0.005107735234439845-0.0017988207879661518j),(0.00733322294434364+0.00695360288263752j),(-0.004675711831060942-0.003096132633650033j),(-0.0009352886491042392+0.0017283278991667454j),(0.0020495358595027675-3.055233343478552e-05j),(-0.0015235190657674276-0.00012360148813929947j),(-0.002248548342978118+0.00014851229304502916j),(-0.004728228136145987-0.001903238088400403j),(0.006794952679482163+0.006672283668520879j),(-0.00427562143893224-0.002872707725220445j),(-0.0034239033703111106+0.0061978579593267484j),(-0.009941454994334801-0.0014763998106283277j),(-0.00068963181792385+0.0014192349316647734j),(0.001855269694877713+0.0012710308843466532j),(-0.00138488634242408+0.0020906001448034177j)
70,(-2.40853983854312e-06+1.6466271851240098e-05j),(5.094131305483002e-06+3.914119630302529e-06j),(-2.685591469156789e-06-2.0380391487006002e-05j),(-4.285461350343052e-07+1.3687203008341203e-05j),(2.376962623023373e-06-5.050720753053825e-06j),(-3.4031817072234555e-06-9.527698163526824e-06j),(-0.00011036379327710062+0.0009396754896367295j),(7.865455043702012e-06-0.0003255977211969806j),(-0.00046845754193630934-0.0007414662250623879j),(-0.00016749620180699684+0.0015121802064790668j),(1.4085246342354811e-05-0.0005397912310834707j),(-0.0007494575560583104-0.0012077222821581433j),(-0.0006985244530809329+0.01075381656312448j),(0.00025189480310922616-0.0044046479159287515j),(-0.005001218260820889-0.009025166632246163j),(0.00034628446345111134-0.006116121950969467j),(0.004166238491538375+0.01578417937641118j),(0.0020577961358414425+0.0059623731465148246j),(-0.00031029967889397727-0.0037326613549333873j),(0.0006834576508747269-0.0031854197195450443j),(-0.0017676495305663572-0.0021035221710622317j),(-0.0008813924293521896-0.0006350342059650484j),(0.0006999916819754927-0.00372998145416831j),(-0.0017984451039781454-0.0021686962802398607j),(-0.000881287654543836-0.00048365277655382406j),(0.0006993443861957495-0.003731420053413901j),(-0.0017971041688887776-0.0021681608334397848j),(-0.0008801661409075268-0.0004805490891183319j),(0.000689386793816285-0.0036967289339005067j),(0.0007139976787540287-0.0039871454440078506j),(-0.001714209324705512-0.00209765503869131j),(-0.0008261819440170591-0.00034828741061031145j),(0.0004893699322967909+0.0016263906159614816j),(0.0022851065713343005+0.002563462135680964j),(0.0015315560399586155+0.005651507022594989j),(0.00017377514595127763+0.0002573697503519528j),(-0.00019204909127275115+0.0015504271503254301j),(0.002867341409118075+0.0032561676017709177j),(0.000357073913804241+0.0017434945897723871j),(0.002324997616670077+0.0024978430231873774j),(0.0015416774345342174+0.0058179720673301j),(-0.004088251879387071-0.0018237530272547143j),(-0.00015167097984601755-0.0055060493643188865j),(-0.0014426235143635722+0.0029407728892403826j),(-0.004102289152170533-0.0018637914802917682j),(-0.00018167591659177352-0.005514678482118623j),(-0.0014066425404378375+0.002983913346625694j),(-0.0008550824692927997-0.005612770172797238j),(-0.0071424979341600196-0.00500088079885635j),(0.007310068913787363+0.011117532664710664j),(-0.00012116559390510154+0.004578315982225029j),(-0.004801070055743342+0.0016008802953083948j),(0.004799796960688578+0.0023139125014409803j),(-0.0005483367944888952+0.005422649903377861j),(-0.0006387500630628375+0.008995715797646343j),(-0.0004814082846952087+0.0063087178982830575j),(-0.0017762957072913798+0.004180730912753375j),(0.0011316096226858885+0.00525537339896306j),(-0.006450159143860237+0.007458864724810234j),(-0.0003829451634885673+0.005378549218340773j),(-0.0006839675684048429+0.009338749499236156j),(3.626733928680961e-07+0.0062288869786594975j),(-0.003104016096288448+1.0263138861019844e-05j),(0.0032352842757337034-0.004341035233486879j),(-0.014034771952949627+0.009295376361193382j),(-0.0033305534808784065-0.00040929233209908815j),(0.003349678629837315-0.004573953185416439j),(-0.014849598820440683+0.00809408734960635j),(-0.0031316173868773584-0.0036878951404787997j),(0.003334285157137626-0.004389188114679143j),(0.9854132255989358-0.002154621866828938j),(0.00046019618366766415+0.0039775525313452504j),(-0.0009028591273981133+0.008549997807990116j),(0.0018081602703603557+0.004973863400168678j),(0.001882934047512424-0.0019387498197329855j),(-0.0017448367936257507+0.00030032838799785334j),(0.0044293602495716336+0.004370483580762424j),(0.0020255098571871394-0.0024180222160308414j),(-0.0018040452771876788-0.00035760048484657046j),(0.004692098253313811+0.004392191013974724j),(-0.0008562372412046426-0.005626174522743853j),(-0.007144900467298191-0.005009807583706203j),(0.00731250603545423+0.01112921972023913j),(-0.0007325765861415723-0.0006167422600014565j),(-0.0020260532994207606-0.00024439589365287664j),(0.0023967795830944012+0.0006884212394551066j),(0.004553269091155357+0.0028269124007443656j),(-0.0008097108011150485-0.005546707091924213j),(-0.006588459526515756-0.004816142642269149j),(0.00674672563374737+0.010691847002901638j),(0.0006071502161291513+0.00841735896864704j),(0.00554734853609319-0.0032167863682698236j),(-0.0013296700104540305+0.0006169862510833334j),(-0.0023418888340368525+0.0015802893345717702j),(0.0027555068059260295+0.00038754528780170986j)
71,(3.388684098978957e-06-5.1971990714555814e-06j),(4.640261090039733e-08-5.632368083275573e-06j),(-3.435086708042864e-06+1.0829567158220574e-05j),(2.803131426263823e-06-5.454779896005577e-06j),(-1.0729007396026904e-06+4.5986339079957793e-07j),(-1.145070755205494e-06+6.873344624795007e-06j),(0.0002740257421124874-0.0002508694162844567j),(4.072348659992295e-05+0.00014643907559698147j),(4.574948433563823e-05+0.000689920637992968j),(0.0004180564825242413-0.00042874815762579356j),(4.7882173153904585e-05+0.0002336988156807575j),(6.859668505577202e-05+0.001115287035087739j),(0.0020312846123159635-0.004122968532621757j),(-0.0003782418367307516+0.0015040228176018008j),(0.00027019605295984994+0.0079698493466413j),(-0.0005695976203642501+0.0016931856221451963j),(-0.0009848500989446452-0.010974519483126504j),(-0.0010397044293829925-0.0019519308545788427j),(0.00073792091328835+0.004212179283408994j),(-0.0013236601059625987-0.0015827984452440676j),(0.0006979006303251818+0.0008528773402128064j),(0.0011253368159320567-0.0005925261710569372j),(-0.001424364976719921-0.0015141150714067001j),(0.0007217230197089355+0.0008564946453692034j),(0.0011498060153487775-0.0007295300546325397j),(-0.001423052965151024-0.0015111961607512994j),(0.0007216472597377625+0.0008563354864068559j),(0.001149447526577117-0.000730710805656622j),(-0.0013601184264864959-0.0014230953422553162j),(-0.0015106554678497165-0.0014225707346820354j),(0.0007096218439476748+0.0008345169460816332j),(0.0011324911846395751-0.0007608360152507182j),(0.0022564720734399683+0.0013821888326512129j),(0.00032518423449812226-0.00045994802419620706j),(0.0006498285495081941-0.0015795594229634092j),(0.00030523483731430994-0.0021507122969953328j),(0.0011809729313759553-0.0026414575318654035j),(4.8087938663789697e-05-0.0007005645165957279j),(0.002416597516208855+0.0015947315631973304j),(0.00032278692586838894-0.0004902368901051756j),(0.000557065070662071-0.001646742011703322j),(0.002021109680369235+0.005585775120626698j),(-0.0009064685512320028-0.001067808006622894j),(-0.003616504307766489-0.003698230182182509j),(0.0020345920910841055+0.005654779970746814j),(-0.0009287097220275014-0.0010455293637615082j),(-0.003652348816279598-0.0036503974783790674j),(0.004670424294089658+0.009834652515444381j),(-0.0031295590555249055+0.004741871907031443j),(-0.0012313565223669642+0.006473449466231223j),(0.0019256950689341993+0.0024772342304519492j),(-0.003262942357431491-0.017238933872935916j),(-0.00182227412052345-0.02517867843957316j),(-0.005236126516657245+0.00011390483970456777j),(-0.00025917379833305105+0.004741786662621953j),(-0.0006165657670188809-0.00015434611069252164j),(-0.002319875428717572+0.008522955085353444j),(0.00032003885262771195+0.0042463807818979345j),(0.0002242904352521797+0.005313035454998168j),(-0.005744553725970526-0.0013304998669618228j),(-0.000172062161489662+0.005030508068924097j),(-0.0006516493360523203-0.00019435495540476733j),(0.00015775039463737553+0.011094164000164778j),(0.0008869005942622434-0.0027153971600285868j),(0.0004055095597332169+0.0038343080331018084j),(0.0002959632041303322+0.011203524046083395j),(0.0009031449305682859-0.00426879583118867j),(0.000243370433233964+0.0031105362057486617j),(0.00027557872075770196+0.011328569702488628j),(0.0009132491262024226-0.0024737333842064875j),(0.00046019618366766415+0.0039775525313452504j),(0.9931452869768965-0.01090570036305715j),(0.00020377828229479943-0.006331362140065385j),(-0.0006986915891869865-0.005889188755920246j),(-0.0022375469409237113+0.014136509361849434j),(0.0014522065701597455+0.007861530087619324j),(0.0007556053298085136+0.007941568918458194j),(-0.0018075173834688405+0.016603965586473615j),(0.0016019679872326506+0.008704215750977897j),(0.0009339969573830964+0.009175863286326276j),(0.0046736324207844165+0.009844229847964315j),(-0.0031291724822109387+0.004771633188022981j),(-0.001230775190731932+0.00651610608001741j),(0.0017698219126536024+0.002912722477650364j),(-0.0008875529129034022-0.00022522072765097175j),(-0.0008602274088911365-0.0003408207638045113j),(-0.00012342545797354773-0.002571669356398262j),(0.00437876396737855+0.008817592136393677j),(-0.002970973762324005+0.004927861561902043j),(-0.001281406394158756+0.006904640037755535j),(0.0037842133103920634+0.012084141502530864j),(0.0008044123776476398+0.010128571746384311j),(0.0018624314913478393-0.0018091066442855318j),(-0.0012290593123836769+0.0011635957093753058j),(-0.0008149344965614039+0.00015841739380014752j)
72,(-3.0989814354998375e-06-2.101933195196811e-06j),(-9.119595512880376e-07+2.9700441709794524e-06j),(4.01094098733129e-06-8.681109742989272e-07j),(-2.8116065594010134e-06-7.10365318655782e-07j),(7.04114578394137e-07+1.6993605484498624e-06j),(1.7543099349873113e-06-1.6770392573178802e-06j),(-0.00025860515812970407-8.763885602654101e-05j),(-1.2507104235236288e-05+7.026053980149966e-05j),(7.482018291407525e-05-0.00019856947146125545j),(-0.00039510083525979477-0.00014418846276373397j),(-1.1777342637498783e-06+0.00011769762871216029j),(0.0001364662318707744-0.00031342737520792833j),(-0.001984920591463742-0.0011517047449185833j),(0.000714907671939852+0.0010162497225104416j),(0.0015721136668150602-0.001971204089369025j),(0.0011102680279683268+0.0012096105223158024j),(-0.0016105160886579705-0.0024982701603566133j),(-0.0010401701502798563-0.0001321607671650989j),(0.0009357971989494995-0.0018415600314482163j),(0.0010714564282816765+0.0015256276119392498j),(0.0010301797184775652+0.00013802926023762097j),(0.00048038056303820046-0.0008563194318830076j),(0.0011841239245906304+0.001704586152137251j),(0.0010658535963910685+9.7837559110075e-05j),(0.00045403558722223415-0.0008709278239832985j),(0.0011835961527666516+0.001704359651184227j),(0.0010652411656396858+9.660589209265196e-05j),(0.00045278010132966017-0.0008706450084055568j),(0.0011437093610346305+0.00167172654930462j),(0.0011895135960892378+0.001763344572268542j),(0.0010253552299613641+3.7005778745696945e-05j),(0.000396186169002908-0.0008639662655718762j),(-0.001149354406389901-0.0007598412844874002j),(-0.0010378817032427306-0.002784855014429822j),(-0.00208229857737266-0.0008829499324764824j),(-0.0001764528098408513+0.0003843196079895538j),(-0.00018743494463433857-0.00016181856620352568j),(-0.0014510648542835083-0.003352953468341883j),(-0.0012070872257600338-0.0008927214703396237j),(-0.00098467230688056-0.002758514605653439j),(-0.002071636713744493-0.000884263693559058j),(-0.0004884462560325268-0.0036752698659700605j),(0.003080732541966959+0.0005718831766360604j),(0.0025221968241875906-0.0018506199496645787j),(-0.0005173324509166802-0.003622968038874179j),(0.0030628264370854107+0.0007016395391708022j),(0.0025173500701153755-0.001828028052483087j),(-0.0016905040032180207+0.006003281726722251j),(0.0052708484926780085+0.00797189429822527j),(-0.003553857873985165+0.0011614825248568786j),(-0.0020956470534537154-0.005116126301613877j),(0.003190818922550324+0.014919949583120144j),(2.9909384313985855e-05+0.0012880629983714762j),(0.0014805000888748461+0.008811161924161133j),(-0.004602812912744017+0.005034254914108184j),(-0.0009420712402877869-0.008185700400202863j),(0.0024126383731608216+0.008476337229963927j),(-0.0006512697468136316+0.0069396345353151985j),(0.0003167781632454932+0.001154141949335781j),(0.0013709782636431964+0.00847895558497094j),(-0.005354612161720593+0.003798727818594745j),(-0.0011533362002491318-0.009610759003897526j),(0.000815617978489969+0.001233539918240321j),(0.0016609790821437112+0.004370439647979758j),(-0.0008476169342012353+0.00822490938306299j),(0.0006116480553145217+0.0005548619834168031j),(0.001955623410024019+0.004381944593079069j),(-0.000980856300839991+0.008725007170529406j),(0.0007454822527039066+0.0009753060806551332j),(0.001688387882933726+0.004300833350851914j),(-0.0009028591273981133+0.008549997807990116j),(0.00020377828229479943-0.006331362140065385j),(0.9921288075979497-0.00978651758642365j),(-0.0017954176353033127-0.012725128230941823j),(-0.00016874839423512486+0.002568523993905962j),(-0.0034104587164241777+0.01721710450281807j),(0.0034172705903437388+0.00868090116110231j),(-0.0001448591320011486+0.00298491328324273j),(-0.0029907387485209095+0.019562450029131994j),(0.003949869100978984+0.010922100767884278j),(-0.0016897228329647016+0.00601754205608401j),(0.005273251294691783+0.00796130901463694j),(-0.0035582177677626376+0.0011604941033625839j),(-0.0010444139146831644-0.0007781180515549304j),(0.0017650863245735637+0.002748240390330158j),(-0.0007113417424778132+0.0014431030115242946j),(-0.004714419670937334+0.0050897775798509105j),(-0.0015683390812315941+0.00603460646740507j),(0.004971321023907994+0.00690829584761412j),(-0.0033693984609162574+0.0009841972779282117j),(-0.00453147104740792-0.016016821026727798j),(0.0003626114843048025+0.007839063570143735j),(-0.0010393703873549404+0.001419948645963969j),(0.0021786395284596975-0.0006595479495143354j),(-0.0015562368569979992+0.000993233706588851j)
73,(7.259622348317051e-07+1.1957495785493266e-05j),(1.1388438920927763e-06+6.061653435161494e-06j),(-1.8648061289902147e-06-1.8019149224399217e-05j),(7.097775289518978e-07+1.0712922299886611e-05j),(-6.81476744026731e-08-2.8994655872962817e-06j),(-1.3397071289939543e-06-9.796122086333856e-06j),(-6.656027978500117e-06+0.0006023218595030194j),(-0.0001206286799471732-0.00028941305805530837j),(-0.00025677520282202685-0.0008970053819049382j),(6.947342670412106e-06+0.0009931186897449045j),(-0.00017927677263290478-0.0004483226618886761j),(-0.0003980715001795801-0.0014067249743937168j),(0.0007471948299841173+0.007971234066721103j),(-0.000664378744399801-0.002499694617256909j),(-0.002183178523043858-0.008444138755711988j),(-0.0008952983864669152-0.0032772495567662072j),(0.0029506604233256782+0.010392115430493483j),(0.0018438538516926915+0.0027522214027455734j),(0.0001175945794914886-0.0012261451464944026j),(6.154779676964458e-05-0.0009364211219510829j),(0.00016755407129445882-0.002176818630604483j),(-0.0014124738901594028-0.00048603642666600853j),(5.919763899415939e-05-0.0012092974750935873j),(0.00015831081410396235-0.0022268086502021797j),(-0.0014465785814749-0.0004008145790625941j),(5.926245661832127e-05-0.0012113324944983935j),(0.00015815197132705832-0.002226337403244531j),(-0.0014458469356108017-0.0003988531267719742j),(7.94506648500894e-05-0.0012469149133601336j),(-2.4711258564556716e-05-0.0012668282301958593j),(0.00016028981737423696-0.0021768008188757333j),(-0.0014038065926918603-0.00030894338292649596j),(0.0018894499431508572-0.0013952207033487607j),(0.000682235562826047+0.0006155041833173277j),(0.000794322676082753+0.003594730132777572j),(-0.00010172399950440311+0.0002969935086832823j),(0.0003058216147310479+0.0002944053667814573j),(0.0005998079807972723+0.000997877134296314j),(0.0018611292821440705-0.0014851160319065888j),(0.0006695229472139209+0.0006693754070666042j),(0.0008851193876996809+0.003784074718467467j),(-0.0034581886647157326-0.004468206131694393j),(-0.0017228350633275334+0.00019153555638777749j),(0.0006953614184329728+0.005835391749751046j),(-0.0034890622097269236-0.004437470900454644j),(-0.001713205022180895+0.0001561602585368905j),(0.0007351048641729278+0.005833650691539405j),(-0.0006588291989817223+0.007446617374164982j),(-0.0027677086771244032+0.001462721184244016j),(0.005215853755001213+0.0054333113379070866j),(-0.001805061188927657-0.005751729599698997j),(-0.00010195884960284031-0.0009095158882561436j),(0.0026253912638013843+0.026315778364101337j),(0.0009650970953351632+0.0034759083503608013j),(-0.0008716107680386893-0.009222404783141153j),(-0.004444884245395821+0.010402708444276917j),(0.002305863103995171+0.00648068152015288j),(0.0004582384772016206-0.0006714313418166229j),(-0.0008281590955972933+0.009036330408715746j),(0.0007610615465849823+0.0028396968611447684j),(-0.0010907101199727036-0.010479928302087483j),(-0.0051407862167607826+0.009155662888200628j),(0.00036468600268868025+0.002292864797393754j),(-0.0009374877325669692+0.005069118783825151j),(0.0017084930468513808+0.005360566020641834j),(8.873126008802196e-06+0.0018841043931182525j),(-0.001229446250569112+0.005562364597582841j),(0.0019056763980513235+0.006124198211713354j),(0.00031636504925329766+0.0021114654055304667j),(-0.0009653128899676905+0.005291019949578774j),(0.0018081602703603557+0.004973863400168678j),(-0.0006986915891869865-0.005889188755920246j),(-0.0017954176353033127-0.012725128230941823j),(0.9923287262708164-0.010858749422374952j),(-0.0004534905358064251+0.005416333411856504j),(0.003390464126413271+0.011926212784819736j),(-0.003740579879377355+0.012970986901027765j),(-0.0003577774149274323+0.006493810255949697j),(0.0039247897574915674+0.014474149468442516j),(-0.003379103812659579+0.014572802348318278j),(-0.0006573670625471882+0.007463220741024226j),(-0.002771218695544946+0.00146544094097719j),(0.005218843894081676+0.0054043889160471925j),(-0.000654747236469131+8.149003291077966e-05j),(-0.0008277852817744823+0.0008837705417581848j),(0.0015234900289561174+0.002416884843794323j),(0.002635851770343975-0.0034948996214296986j),(-0.0006066466694920583+0.007452889441462598j),(-0.002663864314543399+0.0014307295927247147j),(0.004967168500359548+0.004119490963307496j),(-0.004229703302918303-0.018106254002086937j),(-0.0009143143454514379+0.0057941872891069356j),(-0.0007212110861762398-5.0641174379516535e-05j),(-0.0017516933013205457+0.0007044281043087175j),(0.0016488824128134574-6.645267079070867e-05j)
74,(5.544590181339317e-06-1.2405661497545263e-05j),(-1.244685257674668e-06-9.272541332700073e-06j),(-4.2999049207621045e-06+2.167820283493549e-05j),(4.515810264990366e-06-1.1893317061234704e-05j),(-1.836430348261553e-06+2.2118277301600208e-06j),(-4.5197009844927033e-07+1.276514719257333e-05j),(0.0005512363191987322-0.0006479468018857951j),(0.00018445999889283318+0.00029968447066084476j),(0.0003092633586763845+0.0012037547295554482j),(0.000810098481551979-0.0010674907818017092j),(0.0002355753069227996+0.00047613447076967825j),(0.0004565044123729368+0.0019149626843989864j),(0.0027106576240422103-0.00861497337741677j),(-0.0007349268233000002+0.003069228925825075j),(0.0016031755975006614+0.012527419461915223j),(-0.0013087454981549678+0.0038433155327854667j),(-0.003015433866570649-0.014866065735309759j),(-0.0004467541993830014-0.0033618118328085774j),(0.0010860716261681836+0.0034668945040130413j),(-0.001572667649711346-0.0014780143230276109j),(0.0011368898517447308+0.0007326020736471957j),(0.0012015421873427406+0.0002729360215559932j),(-0.001666343665972399-0.0013430781908229592j),(0.0011560766692777528+0.0007341493782386114j),(0.001232613996951663+0.00012838739020752579j),(-0.0016645460982653221-0.0013399027829515478j),(0.001155922654960824+0.0007339254001482215j),(0.0012326665063757023+0.00012571551849198002j),(-0.0015885562981172614-0.001261020296315276j),(-0.0016778395277991204-0.0012732041954864803j),(0.0011414668510026807+0.0007011046707428943j),(0.0012363153584715818+1.6121635295158077e-05j),(0.0020365590731745834+0.0007851556879639068j),(0.0005306776960866285-0.0011874488430698013j),(0.001541090980406481-0.004403195934940406j),(0.0006727981929754219-0.003124195580689433j),(0.0010918280935343346-0.0034942667435217327j),(0.00031324420223895536-0.001164935410936702j),(0.0022193777577012774+0.0009954377518405842j),(0.00048459553138984146-0.0012746398465662183j),(0.001420268996568253-0.004587404808799701j),(0.0031036489141575705+0.007327305567476547j),(-0.0020755866326720987-0.0013946351480756559j),(-0.005551653155544612-0.004345193013382931j),(0.0031468668476797596+0.007411901373170388j),(-0.002105965239658245-0.0014117781461012945j),(-0.0056143042192817365-0.004345923326504704j),(0.007488617186457557+0.00945395351968712j),(-0.0037450250391696223+0.0003548072552602404j),(-0.0022117268566975443-0.002831831593094713j),(0.004075823604239544+0.011653421948408165j),(-0.0010618015030047182+0.015036063716676623j),(-0.00011007694737618756+0.020427158135976096j),(0.0006027007338618294+0.01439714272049714j),(-6.649764483374593e-05+0.0028367563445920708j),(-5.88377304206597e-05+0.0059091526193441315j),(0.0006044766895388662+0.010617383793847154j),(0.0009771580679018095+0.0024211470169938545j),(0.0009178828729764776+0.0016076228471657173j),(0.00025341760124952486+0.014658099594237979j),(-0.00013044503956876306+0.002538114942299237j),(-0.00016587591480328248+0.005786279962173879j),(-0.0008287464558069215+0.005612879144808276j),(0.00196802991799792+0.004209812683133834j),(0.0018659316394152527-0.0016647863063577453j),(-0.0009919851855829814+0.005491812170485069j),(0.00205649248937919+0.005353414984313949j),(0.002014084697296937-0.0016134208425979532j),(-0.0008824379000359846+0.005242769064662145j),(0.0020214075054451825+0.003815506248751702j),(0.001882934047512424-0.0019387498197329855j),(-0.0022375469409237113+0.014136509361849434j),(-0.00016874839423512486+0.002568523993905962j),(-0.0004534905358064251+0.005416333411856504j),(0.9904152016094184+0.004996683446455882j),(0.0013073923617378483-0.0018865768797410015j),(0.00024166817775280066+0.0023292240640714616j),(-0.010159535896406441+0.005730506210369138j),(0.0015346654282939033+0.006631310864435193j),(0.00030880354666600014+0.005127425552246713j),(0.007492765285919243+0.009451054151283706j),(-0.0037484584225077953+0.00033432780880669234j),(-0.0022148208682249418-0.002863952269328466j),(0.0018073225297732067+3.645257405332069e-05j),(-0.0010134983797410256+0.001782823091828349j),(-0.00041054133252977357+0.0006283512594011725j),(-0.0009101644755053642-0.0035758846469812417j),(0.0070521259931183855+0.009084334141202653j),(-0.003487861610041046-9.398875426620389e-05j),(-0.0020603575957232776-0.0034098489929742116j),(0.002413018087572321+0.004964397248724158j),(0.002640264114674097-0.005983364733180907j),(0.002200185357552936+0.0026274002064444403j),(-0.0007330683726613997+0.001559352551703969j),(-0.001019978440691476+0.0006894066173737019j)
75,(-6.664894089796852e-06-9.93792597583292e-06j),(-4.014669928684018e-06+2.8123980740649623e-06j),(1.067956401803816e-05+7.125527903602569e-06j),(-6.754237385628222e-06-6.677876158573675e-06j),(7.847816049448776e-07+4.650768536769046e-06j),(5.359890344991526e-06+1.4553568940995825e-06j),(-0.0006041229010689626-0.0004774491938356524j),(-5.4088084542884725e-05+0.000261243092084606j),(0.00034167748494152864+2.6324387837152463e-05j),(-0.0009281838600088323-0.0007693143302266144j),(-5.0071335720134854e-05+0.00041004805455413214j),(0.0005634277896367199+4.987293437445483e-06j),(-0.004855543306274321-0.005390282419456868j),(0.0010541311056841093+0.0025816338625630052j),(0.0044410183434575486-0.0013661812119139874j),(0.0016509553274578093+0.0035733109005184043j),(-0.0026672499478182696-0.002425811004623952j),(-0.0010466258412387163-0.0013109938381626542j),(0.00021425362268823753-0.004968207027380222j),(0.002757566533264125+0.002552920003689318j),(0.0008381808121783539+0.0001972830606140237j),(0.0008518660156356884-0.00010788224070646876j),(0.003001722474235155+0.0027951622092901567j),(0.0008883670775202146+0.0001554867857964902j),(0.0008287465149097114-7.248034304057835e-05j),(0.002999649858176069+0.00279387166341437j),(0.0008882454631767212+0.00015345368346802654j),(0.0008267407065508889-7.281375731184488e-05j),(0.0028714113002128202+0.002705540463562882j),(0.003187143852708807+0.0027611735240027895j),(0.000870966200825159+4.793159075307425e-05j),(0.0007275848322773008-0.00011693558362652155j),(-0.00511525021975241-0.00209363907299627j),(-0.000802187755091422-0.004847301446827991j),(-0.004242690827910994-0.002697326719389763j),(0.00028301820216204926-0.0004750867328536646j),(-0.0010949819327864699-0.0005837288134069004j),(-0.0004346082900509627-0.0056346967660847215j),(-0.00534527229417611-0.002286762493766732j),(-0.0008434470324353799-0.004863785179668106j),(-0.004283241132637219-0.002759027087507947j),(0.0008196573780350536-0.003913542060374829j),(0.003359902722855061-0.000683889852510975j),(0.004556004795826187-0.0020557209440740976j),(0.0008151652451023806-0.003911426569797366j),(0.003325904395418374-0.00046356571315538456j),(0.0045660449846560295-0.00202013744711174j),(-0.004360299767519779-0.005144959816354178j),(0.010841503988683774+0.012285159572905435j),(-0.005557575359721458-0.0023373959447330027j),(-0.002172071724851777+0.009917351912216566j),(0.00629391906409852+0.011812292380471j),(-0.0036595977231303166+0.004560243492252654j),(0.0007533734859025392+0.00635824601192061j),(0.00031885879019266563+0.015876576206379937j),(0.0013056811081479983+0.014004126352736398j),(0.0012026480648428387+0.002790150038200697j),(0.001003941894510971+0.010467536213911707j),(-0.0002769225081659664+0.009635804465710428j),(0.000861630541420291+0.006652921426550961j),(-0.00019727026906630785+0.016449801850951323j),(0.0017206885739161075+0.014310672916560675j),(0.0024873768643293593-0.0010373624492025486j),(0.0017923237754104526+0.0026648431445268524j),(-0.0017329804728977922+0.0006106281003962193j),(0.0025425300279524467-0.0014656024621132599j),(0.0016533996345624098+0.001755781654066823j),(-0.0019670074384120152-0.000480597536406082j),(0.002581627361481248-0.0011731675307302693j),(0.0019425393477903953+0.0023875259352285974j),(-0.0017448367936257507+0.00030032838799785334j),(0.0014522065701597455+0.007861530087619324j),(-0.0034104587164241777+0.01721710450281807j),(0.003390464126413271+0.011926212784819736j),(0.0013073923617378483-0.0018865768797410015j),(0.985176786057341+0.0032509152567477525j),(0.004603932938426998-0.005776532399544703j),(0.0013631603805545239+0.006121752739026695j),(-0.015667338552253177+0.007619022474066374j),(0.004711768057536857-0.009123393232121094j),(-0.004362681422760118-0.00516545603838767j),(0.010846778880504003+0.012285246936448259j),(-0.005559059675019431-0.0023465611575082144j),(-0.0017003183995571822+0.0018853793666041858j),(0.003492990783486598+0.0001608953494269469j),(-0.00205515293160536+0.0001048599439053173j),(-0.009283031971952417+0.007474350690068151j),(-0.004040312849598433-0.005267984274046392j),(0.010113617534577306+0.011530828417590426j),(-0.005097970780774322-0.002239778477788024j),(-0.0013615201495023412+0.016366094818304j),(0.004767413467507796+0.0017864076359291117j),(-0.0017841729173090986+0.0032808831171126473j),(0.003956004631038601+0.002066861768751906j),(-0.0017678043213275915+0.003631734988622833j)
76,(1.170057398197539e-06+1.2461793645637787e-05j),(5.838686502695707e-07+1.0990670509249046e-05j),(-1.7539260517644902e-06-2.345246416123355e-05j),(9.263889286345905e-07+1.2378780373516887e-05j),(-3.529673670571696e-07-1.8245750654561598e-06j),(-9.74460297915465e-07-1.4331840390704047e-05j),(5.114272677159151e-06+0.0005539636959490195j),(-0.00014803656282103705-0.00035688275336041945j),(-0.0002612211066883625-0.0014227152888979556j),(1.870463708959505e-05+0.0009467393709255094j),(-0.0002306229216956052-0.0005502903582661436j),(-0.0004171014506681437-0.002254601158062307j),(0.0005977330188949416+0.009010923258204783j),(-0.0012647694866030094-0.0028689572197175004j),(-0.0027412066401777285-0.01438528255564739j),(-0.0017047372755367015-0.003355937991681518j),(0.0046330370851169235+0.01910224108055274j),(0.003848370340698626+0.004192311729299991j),(-4.472048001496424e-05-0.003460933162251268j),(0.00023835248246230266-0.0011703655932850292j),(2.0369768525138393e-05-0.004557600672346149j),(-0.0025473331224352474+0.00026400758305140503j),(0.0002417657607114878-0.0016393441117264786j),(-1.035013843820199e-05-0.004629225265050401j),(-0.002582044793780338+0.00043058225057186414j),(0.00024161255642046172-0.0016437462528479123j),(-1.0339918945305969e-05-0.0046276294413489395j),(-0.0025799106571114828+0.0004322578001673093j),(0.0002607171959661111-0.0017432499072356942j),(0.00021385235157328085-0.00179572261444464j),(1.1437804514902606e-05-0.0045055215729860165j),(-0.0024682160616220855+0.0004938171329952933j),(0.0018764722441038555-0.003471899921660612j),(0.0014951818374322893+0.0019623214199317824j),(0.002714768353781435+0.002929229135160044j),(0.00018135473664015556-0.0002188547607817806j),(-5.085141311118787e-05+0.00031373835413274834j),(0.0018664446236968865+0.002934799656019443j),(0.0017962032286014742-0.003634303187509189j),(0.00137635674929658+0.0020962856169913094j),(0.0028503374814178766+0.0030645112854561785j),(-0.004338051976886742-0.005654302230958222j),(-0.005040411541710107+0.0018118137494630149j),(-0.00015721238976395538+0.00653782772813306j),(-0.004364567960035729-0.005699970204285067j),(-0.004996899200502566+0.001701393854312016j),(-0.00010760312807110619+0.006613763044440674j),(-0.0028520178707200578-0.0030088026433462397j),(-0.0030921870926135806-0.0014878586706370883j),(0.009028319385928133+0.015206178662958182j),(-0.0010189514916558002+0.008023009289469177j),(-0.0019171690082490037+0.0029256857050176414j),(0.005912110873372282+0.0011574902690843578j),(0.0003611812761108504+0.00631082742390329j),(0.0015661561776221127+0.010522742228512428j),(0.0007449718153317826+0.007746763093645718j),(0.0006408694612231036+0.0019473376642984868j),(-8.63731795287399e-05+0.007807286021516037j),(0.0026297601592195643+0.005516537330010906j),(0.00041705125483651543+0.006715783312479922j),(0.0019297422832256148+0.01070782009321615j),(9.59422514995832e-05+0.008542770272271585j),(0.0016249164234603743-0.0028615038928329235j),(-0.001812573626621621+0.002414547174469155j),(0.004397347318249065+0.004349794800234116j),(0.0018323389071117262-0.003555400976656053j),(-0.0017897586721723458+0.001460814322283982j),(0.004638226128519875+0.004086175471739905j),(0.0016138911478102284-0.0029578350020521404j),(-0.0019907173928733796+0.002378916969018255j),(0.0044293602495716336+0.004370483580762424j),(0.0007556053298085136+0.007941568918458194j),(0.0034172705903437388+0.00868090116110231j),(-0.003740579879377355+0.012970986901027765j),(0.00024166817775280066+0.0023292240640714616j),(0.004603932938426998-0.005776532399544703j),(0.9838085255733747+0.008958980261309842j),(0.00018322970716251093+0.0048855682697406064j),(0.004715746174017776-0.008810604873251209j),(-0.017045725644004604+0.020232155865314395j),(-0.0028545285086136133-0.00302399447445015j),(-0.0030937423678906793-0.0014934612345932582j),(0.009031534639458093+0.015225012524540733j),(-0.0008727433120131384+0.0005953298932154282j),(-0.0016286164358152856+0.00011610214165015849j),(0.0026776216767951827+0.0013281874750183213j),(0.0052000032557790905-0.0064116442527192875j),(-0.0026585091307803257-0.0033282553095562665j),(-0.002894664219392969-0.001451461349602529j),(0.008346146997333166+0.014675412164396592j),(6.694329000387928e-06+0.013846916676051825j),(-0.004828354043512317+0.005374921944341119j),(-0.0013321163777410513+0.002236157988589219j),(-0.0022769730339242933+0.0023397058577143046j),(0.003048423729882572+0.0016507522709744314j)
77,(5.72417655003073e-06-1.3149204920016595e-05j),(-1.3906561438195373e-06-9.608686624072496e-06j),(-4.333520402797041e-06+2.2757891548793815e-05j),(4.650355258187833e-06-1.2547236684975066e-05j),(-1.9086984918084647e-06+2.4029822927992402e-06j),(-3.5931294066490904e-07+1.3338683696465897e-05j),(0.0005750763941095654-0.0006888735286945087j),(0.0001977792359379201+0.0003154677672405485j),(0.00033621560644158874+0.0012530777923054144j),(0.0008435294336911352-0.0011332803281316078j),(0.00025302814840897215+0.0005012364319074321j),(0.0004964988506682667+0.001991864260213207j),(0.00275601513644685-0.009076116489149641j),(-0.0007653486967872097+0.0032364689809617053j),(0.0017538697267726103+0.012971433245066772j),(-0.0013727118729556925+0.0040722703437071645j),(-0.003220789930993212-0.015282601775359018j),(-0.00039768140433611276-0.0035091565396719957j),(0.001123650457778555+0.0034052565728130216j),(-0.0015966250251010588-0.00148203945416449j),(0.0011857666298605368+0.0007079624513874087j),(0.0012178089405745936+0.00034562149230929137j),(-0.0016895103582933815-0.0013412983911164178j),(0.0012048426538110654+0.0007087822759723143j),(0.001249510542525796+0.00019958034473213692j),(-0.0016876650544643834-0.0013380913575778263j),(0.0012046808261334968+0.0007085476787617756j),(0.001249590678907932+0.00019675963592498966j),(-0.001610429071759869-0.0012599142244048211j),(-0.0016941784468096762-0.0012736432284150266j),(0.0011898969071884983+0.0006744709777748001j),(0.001254639102098941+7.937768477022083e-05j),(0.002015896410881641+0.0007199289382896689j),(0.0005522135166793297-0.0012790219369381997j),(0.0016099879534434737-0.004689724597099062j),(0.0007058682292357456-0.0032509035784536095j),(0.0010833823334777748-0.003611427785794169j),(0.0003425368760971747-0.0012354908350078265j),(0.002201128036668562+0.0009310953683668252j),(0.0005010332228008233-0.0013709677652703625j),(0.0014852881418525826-0.004885212478896016j),(0.0032239612012246767+0.007514822690365024j),(-0.002205360732457334-0.0014267230176381496j),(-0.005758360175365002-0.0044260932864051096j),(0.0032704231318290674+0.0076013301746317135j),(-0.0022363732923212296-0.00144664656385186j),(-0.00582322097423675-0.004430198444560451j),(0.007773423021510356+0.009486903368395362j),(-0.003781189664393769+6.293708932209909e-05j),(-0.0022963605250046182-0.003557406390083781j),(0.004332621255042907+0.012645571824664387j),(-0.0008282936683503336+0.01791314439278511j),(7.047889337597423e-05+0.024379460958952534j),(0.0011174063446176238+0.015639352118384933j),(6.816648042277403e-06+0.0027822005011696464j),(4.558047536923929e-05+0.006521709816482065j),(0.0008408366656255991+0.010864395789833026j),(0.0010697265919797502+0.0023822174174208937j),(0.0010052075842874213+0.001366507427515531j),(0.0007853929174664731+0.016119662682897003j),(-6.735944213232252e-05+0.0024758029791030088j),(-6.271620631626869e-05+0.006437496773514326j),(-0.0008895354981641951+0.0052508651809056745j),(0.0020943221596433767+0.004863989788557661j),(0.002012753044785782-0.002107969380197529j),(-0.001071320994273157+0.0050872586313906645j),(0.0021899481302505904+0.006209488427968296j),(0.0021903190352103095-0.0020029484445143303j),(-0.000957212610512742+0.004835559102801484j),(0.002149319396631935+0.004416334242159546j),(0.0020255098571871394-0.0024180222160308414j),(-0.0018075173834688405+0.016603965586473615j),(-0.0001448591320011486+0.00298491328324273j),(-0.0003577774149274323+0.006493810255949697j),(-0.010159535896406441+0.005730506210369138j),(0.0013631603805545239+0.006121752739026695j),(0.00018322970716251093+0.0048855682697406064j),(0.9889966303807302+0.003783380452130465j),(0.001379149062261601-0.0015466663353018942j),(0.00020556651537279158+0.002199455091907551j),(0.0077776106876116125+0.009482745852824583j),(-0.003784993166872439+3.8111752716254305e-05j),(-0.002299819150924755-0.003595898818802697j),(0.0018239987486017887-0.0001810240243208727j),(-0.001021700528987697+0.001966338613605646j),(-0.0003767624683089799+0.0007194313230442662j),(-0.0010184706876441676-0.0036844396947116912j),(0.007321460158665244+0.00916274316142185j),(-0.003517698468487653-0.00044671379730906995j),(-0.0021288754361823157-0.004225141522036338j),(0.0024049940940498037+0.004666890961814151j),(0.002815210004473669-0.007351480979501285j),(0.0022525454758710608+0.003044001189993989j),(-0.0006813633282150498+0.00163305931987477j),(-0.0010357339943797832+0.0007703110987783391j)
78,(-7.023525792425102e-06-1.070189330976371e-05j),(-4.309372065929326e-06+2.8419286992578282e-06j),(1.1332897857938547e-05+7.859964612351398e-06j),(-7.141674367127706e-06-7.245767833252721e-06j),(8.020925725644435e-07+4.952570991449319e-06j),(5.712198074557112e-06+1.723718162630227e-06j),(-0.0006374126751557089-0.0005153481148212759j),(-5.6881455579814704e-05+0.0002801038944363856j),(0.0003680162997759268+4.438236251973378e-05j),(-0.0009797686864393862-0.0008300603772825356j),(-5.302247508713354e-05+0.00043910920602337455j),(0.0006054458438634916+3.011462006456819e-05j),(-0.005142069561224898-0.005801323106951025j),(0.0010921840347963409+0.0027446024345431476j),(0.004719086557824294-0.0013370242412046752j),(0.0017104131757310294+0.0038151380439898127j),(-0.0027839829778321156-0.002446212884360586j),(-0.0010479780815704474-0.0014253551157294227j),(0.00015318002044885956-0.005281032074925016j),(0.002922521234851796+0.002649790346949758j),(0.0008361471845981926+0.00018476046859576545j),(0.0008888217001782638-4.7408927038361526e-05j),(0.0031799545368007697+0.0028984603304236887j),(0.0008879206223043866+0.00014191238111530002j),(0.0008658425846483193-7.6131298598833275e-06j),(0.0031777367698611896+0.0028970697004442473j),(0.0008878327214720081+0.00013979625597673392j),(0.0008637597939948351-8.00710273938729e-06j),(0.0030410659219383823+0.0028033516934388557j),(0.003381851160906172+0.0028559155696473307j),(0.0008720124075185162+2.9671260804569125e-05j),(0.0007603233841994979-5.708304749551824e-05j),(-0.005487284271262968-0.002229959464239991j),(-0.0007945311493995295-0.005071869161603716j),(-0.004455238909186592-0.0028878436403586795j),(0.0003226476514252771-0.0005692709105331869j),(-0.0011812081723338766-0.0006401844125635131j),(-0.00036016082964831933-0.005883922631797715j),(-0.00573371226136867-0.0024294444631710477j),(-0.0008446228105641062-0.00509142245461623j),(-0.004500697871900672-0.0029556233379127994j),(0.0009274478114834251-0.003966315570679439j),(0.003390439595530201-0.0007891962030192184j),(0.004740608575861541-0.0021008756623222434j),(0.000925222294252701-0.003968098937783149j),(0.0033553748947713685-0.0005593563516428958j),(0.004752230758155613-0.0020635273107242978j),(-0.004613750036639584-0.0060704294706185775j),(0.011418209836862009+0.012775691412440865j),(-0.005749484440241599-0.0025932682864202566j),(-0.0021236391623469905+0.011345757072597534j),(0.006633319623815689+0.011789870740812627j),(-0.00396644719675004+0.004984066544334342j),(0.0007321153687702827+0.006217770487043142j),(0.0007853166939582056+0.016896050996217507j),(0.0015635310024832462+0.0159736450395352j),(0.0011213141642227513+0.0023809831828974955j),(0.001168579612783532+0.010908289727919592j),(-0.0002969237663145648+0.010406210630320385j),(0.0008611871542202179+0.006608110370668859j),(0.0002917621692981164+0.017692787746453605j),(0.0020389990502463506+0.016469481009489965j),(0.002659533105350598-0.0011910223453543301j),(0.0018353877910489446+0.0026326897769021404j),(-0.0017952251482372353+8.509136976992543e-06j),(0.002740293186711056-0.0016222670236454685j),(0.001661840010048722+0.0016130703065958853j),(-0.0020396504799396883-0.0012159249522591831j),(0.0027675284834992636-0.001315524250807788j),(0.001996151743443745+0.002338715179152205j),(-0.0018040452771876788-0.00035760048484657046j),(0.0016019679872326506+0.008704215750977897j),(-0.0029907387485209095+0.019562450029131994j),(0.0039247897574915674+0.014474149468442516j),(0.0015346654282939033+0.006631310864435193j),(-0.015667338552253177+0.007619022474066374j),(0.004715746174017776-0.008810604873251209j),(0.001379149062261601-0.0015466663353018942j),(0.9829382082561721+0.0017599235247680106j),(0.004724025091775698-0.009028524767161062j),(-0.004616511543435753-0.006094055876007221j),(0.011423759924682262+0.012776512817695745j),(-0.005750757165896749-0.002603272588351799j),(-0.0017598248841254245+0.002131188937910384j),(0.0036629503903320058-4.168873735940076e-05j),(-0.0021789434706595756+8.586458043312144e-06j),(-0.009741286910368605+0.007733297071788412j),(-0.004277903681018927-0.006210809525567347j),(0.010648199367757346+0.012034771917886175j),(-0.00526430117223517-0.0024771578277738484j),(-0.0010182424636059418+0.019341781091537752j),(0.005173591817542445+0.0012734889461856642j),(-0.0018468327838596526+0.0034982661064441624j),(0.004145962145714486+0.0023254227447834707j),(-0.0017873650511856954+0.0039029208429630577j)
79,(1.2171034213258449e-06+1.2561877738449025e-05j),(5.413083626167677e-07+1.1492260262425272e-05j),(-1.758411787129302e-06-2.405413800765915e-05j),(9.51821283211915e-07+1.2586680285020322e-05j),(-3.805244067809553e-07-1.7322044010533303e-06j),(-9.517036673048325e-07-1.481043612034378e-05j),(5.92852780362836e-06+0.000552407079312046j),(-0.0001515535770018072-0.00036410976096665703j),(-0.0002636581306600216-0.0014767523070288904j),(1.9498851496721638e-05+0.0009473288864712275j),(-0.00023686948857540725-0.0005611787925418418j),(-0.00042208869263964344-0.0023415543095377917j),(0.000588047911164841+0.009148911135751687j),(-0.0013272749931837798-0.0029084605250326834j),(-0.0028138857253922553-0.01498780904180786j),(-0.0017886515503911158-0.0033698220208729086j),(0.004826373507780827+0.019959994177242334j),(0.004055637798447309+0.004330066690368395j),(-6.476249834326325e-05-0.003692243266331224j),(0.00025989572482509524-0.0012028714101748404j),(7.129229578087693e-06-0.004803455755173057j),(-0.0026602363407795+0.0003324334039581855j),(0.00026382811465451957-0.0016921620932647903j),(-2.560543735684686e-05-0.004877871394806802j),(-0.002695105688808863+0.000507260596378129j),(0.0002636450614091852-0.0016967995985657305j),(-2.5580606242211904e-05-0.004876175377478316j),(-0.0026928406330195345+0.000508918920841199j),(0.0002823755473840555-0.0018026598205449045j),(0.0002405990654457496-0.0018585492527885094j),(-1.9164047609780167e-06-0.004747372823100873j),(-0.002574636042118452+0.0005681729257367195j),(0.0018731511258061686-0.0036874527218333777j),(0.0015768361104366757+0.0020642246777562052j),(0.002888208358203936+0.0028800910461973884j),(0.00020614102839918965-0.0002813772103628298j),(-8.425492487177386e-05+0.0003016402665108617j),(0.0019919934704006026+0.0030910236396670095j),(0.0017870524136616118-0.0038571594970951938j),(0.0014477579039754722+0.0022062261561449793j),(0.003028312592558681+0.0030117269673608452j),(-0.004453835727510132-0.005796413504044719j),(-0.005362852535795176+0.001962076928750795j),(-0.00022493472711727653+0.006656954382881877j),(-0.004479955002385611-0.005848527188434677j),(-0.005316167182039043+0.0018450066258364622j),(-0.00017367086902624713+0.006740211063290083j),(-0.0030586606693070984-0.003875416954068434j),(-0.0031159864317612286-0.001693488031579269j),(0.009444772793114366+0.016164684869197768j),(-0.0008962133595164285+0.009308185116516878j),(-0.0020416347732116406+0.003385982361930018j),(0.006236446859432779-0.0007753511178993071j),(0.0003443579045428406+0.006587186367186363j),(0.001837984055647108+0.012264664037370341j),(0.0012210318432206355+0.00763230185713015j),(0.0005097512752984887+0.0015927391840981475j),(-0.00010526534068689718+0.00858291723219529j),(0.002949141905954234+0.005366353126889656j),(0.00042609090855148986+0.007123174542702644j),(0.002257651572914548+0.01261167774172908j),(0.0005791842229157655+0.008667797741021496j),(0.001754893311700896-0.003268089754650807j),(-0.001875224851332737+0.0022687852694803353j),(0.0046657158992912656+0.0043305547931117225j),(0.002013930405267485-0.003993688203722576j),(-0.0018257702967139477+0.0012036706247194485j),(0.0049132033160810785+0.003919372532103968j),(0.0017469318647191233-0.0033561840091714985j),(-0.002067242388888846+0.0022091410123574254j),(0.004692098253313811+0.004392191013974724j),(0.0009339969573830964+0.009175863286326276j),(0.003949869100978984+0.010922100767884278j),(-0.003379103812659579+0.014572802348318278j),(0.00030880354666600014+0.005127425552246713j),(0.004711768057536857-0.009123393232121094j),(-0.017045725644004604+0.020232155865314395j),(0.00020556651537279158+0.002199455091907551j),(0.004724025091775698-0.009028524767161062j),(0.9814356946320083+0.010407577451176637j),(-0.0030616182945002713-0.003893431036998408j),(-0.0031174117267786646-0.0016999194593327552j),(0.009448065949004355+0.01618746231478674j),(-0.0008937279812304922+0.0006566249340113428j),(-0.0017031619410206866+6.55009557916069e-05j),(0.0027954645658097273+0.001252759408068349j),(0.005415091362216083-0.006711200727430214j),(-0.002855094170885986-0.00422542110767344j),(-0.0029107498242951224-0.0016564334346109806j),(0.00872148183762107+0.01568829986180052j),(0.0004392301432325008+0.01677860860186167j),(-0.005161710343970826+0.005362780325215023j),(-0.0013836221959724496+0.0024763690276789247j),(-0.002322527589321525+0.002518389223276963j),(0.0031972143622934343+0.001825688763722277j)
80,(-6.910211090365528e-06+1.3141377386688124e-05j),(-4.188895722421633e-06+1.3685759581433659e-05j),(1.1099106804501854e-05-2.682713697508425e-05j),(-7.045810795643529e-06+1.3455824622106828e-05j),(8.629676953837795e-07-1.4987115058387518e-06j),(5.673766291808124e-06-1.7060465555317546e-05j),(-0.0006168825923226272+0.0005499625903295415j),(-0.00017119368474101694-0.0004461879277384641j),(0.00018654420838944694-0.0017855071392387897j),(-0.0009320389451822034+0.0009425040261471064j),(-0.00023288215860112774-0.0007065424329634988j),(0.0003027606959653885-0.002864981397664838j),(-0.004177319159359509+0.009185647842311823j),(5.249197127778281e-05-0.004360314483823817j),(0.0022360582345497884-0.019631328912803184j),(0.00024298201016691005-0.005095890314778957j),(0.0036157992145112415+0.025153448946334565j),(0.002268627875899269+0.006413343623294739j),(-0.0012916057897480232-0.007500126534675661j),(0.0038394441586124322+0.002091758392780434j),(-0.0011854684392097526-0.00221187366281546j),(-0.002729803872170681-0.00019721548068422608j),(0.004145604262270617+0.0018051212789841307j),(-0.0012482997868314093-0.0022253637020803914j),(-0.0028001557990241354+4.386399449726481e-05j),(0.004142511786425532+0.001798913619889638j),(-0.001249208511117484-0.0022242337094358477j),(-0.0027998246239001726+4.699586998984165e-05j),(0.00399757462438698+0.0016275839318688548j),(0.004270399228929489+0.0015780102339496282j),(-0.001274518207160767-0.002126250572237651j),(-0.002780478544467677+0.00015580184573575195j),(-0.0038605005573491796-0.003008691850396531j),(-0.0025742516922891163+0.0032803520125553303j),(-0.002302943077054997+0.004253715539209323j),(0.00018502830965603373+0.0012565022741034227j),(-0.001493496263339743+0.0017029252106335758j),(-0.0025226728349412794+0.0038390990832780306j),(-0.004158327719364894-0.0032812457306366635j),(-0.002487589163634536+0.0035070257571280707j),(-0.0020290912697960633+0.004509761739580859j),(-0.002382152711425333-0.005968640880291809j),(0.004753608681240449+0.006843707800777495j),(0.010680509582856972+0.00944292540123623j),(-0.00251879975298338-0.006047173764875386j),(0.0047843826120371165+0.006744634008008276j),(0.010730963165478957+0.009408941624408515j),(-0.020133351933422906-0.00976569389866054j),(0.01098233511261628-0.0025405324550783516j),(-0.00038075371934895275-0.004538006028869113j),(-0.011725309744308066+0.005747407498801587j),(0.004905800391850386+0.001548180738533668j),(-0.0012747376824174352+0.00032584079659492976j),(0.002380220417542092+0.008435379307467704j),(-0.0011108919194590592+0.00743878520512573j),(-0.00044783300441221746+0.007924561973814801j),(0.003957101293069401+0.006204965413818686j),(-0.002892313729442721+0.00475317162183704j),(-0.0005862166053000838+0.0034703294713767686j),(0.0028094405248212536+0.008773910363801476j),(-0.0011787904399767075+0.007615921088489273j),(-0.00043534275776965846+0.008342709883789517j),(0.005857177923409125+0.0030443111866341813j),(-0.004970248640933649-0.0015305101566246656j),(-0.0008270201732395455-0.0053189591975409505j),(0.006113686525730732+0.0026951452884870063j),(-0.005090878103642312-0.0022273902059902306j),(-0.0008202407511612373-0.006375607908916652j),(0.0058960490971262675+0.002918746803079221j),(-0.005107735234439845-0.0017988207879661518j),(-0.0008562372412046426-0.005626174522743853j),(0.0046736324207844165+0.009844229847964315j),(-0.0016897228329647016+0.00601754205608401j),(-0.0006573670625471882+0.007463220741024226j),(0.007492765285919243+0.009451054151283706j),(-0.004362681422760118-0.00516545603838767j),(-0.0028545285086136133-0.00302399447445015j),(0.0077776106876116125+0.009482745852824583j),(-0.004616511543435753-0.006094055876007221j),(-0.0030616182945002713-0.003893431036998408j),(0.9797697091361957-0.0118181759439198j),(0.010881563348884573-0.010945972698563898j),(-0.00040186628839262897-0.007550091655448262j),(-0.004257871662215526-0.004111801348214508j),(0.002407372177185884-0.002143425256157107j),(0.0005392340370061854-0.0008203894358155724j),(-0.004289433976296357-0.0009444187470617881j),(-0.01868565047862704-0.01037628014204433j),(0.010281345832645842-0.003614509730504938j),(-0.00024698689106423513-0.004554173133807942j),(-0.011914206381866793+0.011114062832207398j),(-0.006763900562698926-0.0034393348826475814j),(-0.005293587579828213-0.0007870898417067747j),(0.0022831831560872857-0.0048385263089449045j),(0.0010791565793782515-0.0014368612084906124j)
81,(1.5750581003287117e-05+2.4520570120643656e-05j),(1.1094868954821664e-05-1.0917122864905174e-05j),(-2.6845449955420177e-05-1.3603447261967044e-05j),(1.621996181369208e-05+1.5641345671512476e-05j),(-1.5948068692535557e-06-1.2323011341357519e-05j),(-1.4241872395760271e-05+6.280677792300076e-08j),(0.0013898824113888469+0.0013297632575650408j),(9.105862678391165e-05-0.0005160325531283947j),(-0.0009649975911443642+0.00042661977304589687j),(0.0021463231551466524+0.0021090142739657843j),(6.271062729618093e-05-0.0008560852901237813j),(-0.0015610817067277223+0.0006749084792130123j),(0.011720048362328693+0.013549851935899054j),(-0.0027212170368668474-0.007215829208128854j),(-0.011127067460139643+0.004148196805489413j),(-0.003922500142290821-0.0101609682163929j),(0.009381652934224004+0.009101011657676452j),(0.0018252965133505206+0.004448692295527558j),(0.003905805097240172+0.003259359213953969j),(-0.005931230972461454-0.008285136045740955j),(-0.0027848631826255937+0.0010843094327869784j),(-0.0006737746404082974-0.002623252747016586j),(-0.006556194560907786-0.009110368207859336j),(-0.0028105217424435496+0.0011983978550123738j),(-0.0006467867118873912-0.0027031615983522275j),(-0.006553485072853915-0.009106108592558518j),(-0.0028075233171373777+0.0012023440148538171j),(-0.0006436033119572403-0.002700905670245923j),(-0.006340090423794071-0.008808949369397325j),(-0.006822761149997586-0.00928335637729489j),(-0.002640154809295122+0.0014118462495036517j),(-0.0004666925046350801-0.002558096702746768j),(0.0073944889160328375+0.00894097009835134j),(0.006257292682952688+0.01196157864991306j),(0.008666159079959386+0.005209776185880827j),(0.00020943630279279249+0.0026185500203661127j),(0.0020801941075828017+0.004947823049466456j),(0.006744326708766376+0.014089559706377389j),(0.007739574868660313+0.009634555271556341j),(0.006351206240980976+0.01170215372519988j),(0.008583828820437643+0.005351246499148514j),(-0.002289222197463203+0.012522658726529261j),(-0.004704101709706697-0.007974509742540404j),(-0.012763090810303525+0.00048184231591569954j),(-0.002239787188717932+0.01249766931638879j),(-0.004792140295294338-0.008139793205310334j),(-0.012788807897239105+0.00047573752370655073j),(0.010986074484015227-0.0025440871485653046j),(-0.03446705393015075-0.011279928219397769j),(0.013371691578050456+0.002160475447298891j),(0.007191710711624791-0.0005316631879753574j),(-0.01715581932511811+0.0012799192481006065j),(0.00841810248745557+0.005903580201461266j),(-0.0025754303205587133+0.004461389803015347j),(0.002208783692376985+0.006081518243121814j),(-0.0021257317865761138+0.0018746038765604712j),(-0.005169967388885306+0.001516484389488741j),(0.0045425915787969465+0.006289196258156399j),(-0.004479428734522419-0.0008062594164095545j),(-0.0026798513014779997+0.004785299306160285j),(0.00277026365313274+0.0063399057843656j),(-0.002271669433404239+0.0019122422623157637j),(-0.008235205275643977-0.0040793611747863j),(0.007104997156184949+0.006969943110072629j),(-0.007093565585798635-0.004849697265376865j),(-0.008666670507783277-0.00468467265072771j),(0.0071502378402320994+0.007157563331622169j),(-0.0074459885070488185-0.005257804926211052j),(-0.00828772432868277-0.004292114250763477j),(0.00733322294434364+0.00695360288263752j),(-0.007144900467298191-0.005009807583706203j),(-0.0031291724822109387+0.004771633188022981j),(0.005273251294691783+0.00796130901463694j),(-0.002771218695544946+0.00146544094097719j),(-0.0037484584225077953+0.00033432780880669234j),(0.010846778880504003+0.012285246936448259j),(-0.0030937423678906793-0.0014934612345932582j),(-0.003784993166872439+3.8111752716254305e-05j),(0.011423759924682262+0.012776512817695745j),(-0.0031174117267786646-0.0016999194593327552j),(0.010881563348884573-0.010945972698563898j),(0.9653006781368045-0.017076862953274867j),(0.013341077690423302+0.0035689905089747176j),(0.002262102690515872-0.0022903148939536835j),(-0.007436030614009867-0.004587926593428045j),(0.00423450055883513-0.0018636312435273304j),(0.01980912481022859+0.0006634320111641376j),(0.010230712200775854-0.003495832593988925j),(-0.032139655633716555-0.012189003666728475j),(0.012373726656826513+0.0020547058770039005j),(0.0075519956355003665-0.0029098689929143292j),(0.010797133153956317+0.0063611366020587465j),(0.002085417937097956-0.00714818830145102j),(-0.008798322265479138-0.002931902786515664j),(0.004997372377591018-0.007163196348482943j)
82,(2.8624124310552407e-06-3.4580022689731195e-05j),(-9.640488207491983e-06-2.679305741238431e-05j),(6.778075784461141e-06+6.137308011459167e-05j),(-2.475205399025939e-07-3.37073592438208e-05j),(-3.6405231137572885e-06+5.65187232729804e-06j),(7.218731677856807e-06+3.617340120479113e-05j),(0.00029497447778092294-0.001772231446581731j),(0.0002195388837820313+0.0007982388692955613j),(0.0012232921461509641+0.003380398508703299j),(0.0004289554047590459-0.002919482743628029j),(0.00032593105836759814+0.0012563625219155885j),(0.0019340422066956527+0.005372674860976709j),(0.0010209741192623578-0.023582380452249165j),(0.0009944776765940648+0.007589402819003815j),(0.011989142268848979+0.034935358646245085j),(0.0009702813877095972+0.010483768006716458j),(-0.011798978181506835-0.042171020326152504j),(-0.006804131611978738-0.01761219251035743j),(-0.0012041934170404353+0.007212807868176661j),(0.00018975442230859173+0.006602137996320646j),(0.0029984189668687943+0.00864130719097581j),(0.003165189687580017+0.0024504081169068274j),(0.00027622525722246214+0.007886677527829546j),(0.003095377285171791+0.00886901602567164j),(0.003175526066489693+0.00217966326059902j),(0.0002761374001084686+0.007892383773934622j),(0.003093705848676074+0.00886609454658735j),(0.0031714948452128354+0.0021746604164895583j),(0.0002015690039061383+0.007897896951761112j),(0.0004491286355421091+0.008391420861857492j),(0.0029610991988454852+0.008582824933599792j),(0.0029620258491594824+0.0019560301252799384j),(-0.005799161673872557-0.0002849292326562256j),(-0.004515728905154143-0.007965545217420949j),(-0.007052767114397264-0.008082443673708603j),(0.0005675746518846561+0.0007909023158162807j),(0.00031630497524504336-0.001087136025486237j),(-0.005283720615936656-0.010166487156347733j),(-0.005664406624042077-0.0003068749214836797j),(-0.0045006074812685-0.008121989204398097j),(-0.007153276213680988-0.00818998491485929j),(0.011087023416654266+0.009796822797608186j),(0.006912060409959611+0.0032830969909616314j),(0.006291727187107256+0.0027950265321105214j),(0.011132533756899307+0.009838154138857687j),(0.006876314435929785+0.003406560824074076j),(0.00614976893119155+0.0028346745400742203j),(-0.0003793815716249769-0.004539339679813632j),(0.013369081262097812+0.00216085054549036j),(-0.030286170649841206-0.009922453605131516j),(-0.0003360486878574085-0.0007229593311666727j),(0.007616932527448457+0.00621798195754749j),(-0.01566873410548551+0.0018125247821442593j),(-0.0006839376242136022+0.0073437410834858875j),(-0.0019650700682083072+0.0020901931987447743j),(0.002884613667987727+0.0031291836832002254j),(-0.0005717379588119074+0.003907576878254742j),(-0.002941559340332262+8.764564414503323e-05j),(0.0053458793223403675+0.005519961512240502j),(-0.0007551930545811982+0.007659097564510571j),(-0.0022691899278156047+0.0020314231929415725j),(0.0033499747300122463+0.0032052756136925317j),(-0.0011650852517770091-0.0034051750335058178j),(-0.004533436724828324-0.0029370104803205788j),(0.0072725798210128804+0.010961760036074965j),(-0.0011842998388138224-0.00425540177231538j),(-0.004568821085476484-0.0031861258520445752j),(0.0075132594554438905+0.01166421855447557j),(-0.0012200256848959416-0.003671349237348359j),(-0.004675711831060942-0.003096132633650033j),(0.00731250603545423+0.01112921972023913j),(-0.001230775190731932+0.00651610608001741j),(-0.0035582177677626376+0.0011604941033625839j),(0.005218843894081676+0.0054043889160471925j),(-0.0022148208682249418-0.002863952269328466j),(-0.005559059675019431-0.0023465611575082144j),(0.009031534639458093+0.015225012524540733j),(-0.002299819150924755-0.003595898818802697j),(-0.005750757165896749-0.002603272588351799j),(0.009448065949004355+0.01618746231478674j),(-0.00040186628839262897-0.007550091655448262j),(0.013341077690423302+0.0035689905089747176j),(0.9694122579301321-0.021190649979605722j),(0.0005569472908778291-0.00045375847265147814j),(0.005025441389091664-0.0012538447615304416j),(-0.006933704594033025-0.004457228927043293j),(-0.013792674568992459+0.00023174933899362815j),(-0.00028117432493541086-0.004544979575130437j),(0.012524129645758744+0.0020797497244625478j),(-0.028186476641436517-0.01171794535963879j),(-0.0008864208883378439-0.004196623903714565j),(-0.006816399881235326-0.004418289037343214j),(0.002382671871853909-0.0016132978312613715j),(0.006686698779405624-0.00509518749635671j),(-0.007935889715454869-0.002677693657401218j)
83,(-7.868681250078405e-07+5.068209434637294e-06j),(2.3261625535948186e-06+7.593268839550655e-07j),(-1.5392944301908142e-06-5.827536319470685e-06j),(-9.333410609152685e-08+3.919493374043487e-06j),(8.199106977385565e-07-1.8472379309266287e-06j),(-1.8237674684792652e-06-2.7175180846870443e-06j),(-0.0001028894892091279+0.00024306072308437386j),(-5.974541112939915e-05-0.00014766794389762877j),(-0.0002712876818880273-0.0002270684268605353j),(-0.00015144672039613344+0.00039429727758766926j),(-8.817912437903501e-05-0.00023882727902864591j),(-0.00042681207848039714-0.0003578215100002607j),(-0.00045922096720358565+0.0029276945476533157j),(-0.00026082969103927373-0.0017278872163879995j),(-0.002569981924704139-0.0022052437327155453j),(-0.0002679752650417656-0.0023007418369509424j),(0.0030993204144266887+0.004563129122115444j),(0.0015862579929823918+0.0018013506830276416j),(0.0005025420554611968+0.0008370314575054552j),(0.0007164769792009332-0.0012391865946196979j),(-0.001007604284522606-0.0005733738955575585j),(-0.0005149107987684519-0.000526045954247369j),(0.0007415846408993877-0.0014163293223718831j),(-0.0010418766639630457-0.0005775268693936886j),(-0.0005234353500092566-0.0005292444736255363j),(0.0007406429515216187-0.0014163570404023339j),(-0.001041925564944064-0.0005768694102146678j),(-0.0005234041287945528-0.0005287042848794508j),(0.0007097942754011145-0.0013856753269188096j),(0.0007273743202502147-0.0014783873309162621j),(-0.0010302373742727478-0.0005320817005340798j),(-0.0005162451435314606-0.000494406094360711j),(-0.00046021613573313984+0.0011581990218177511j),(-0.0002363620256376391+0.0019214101655412024j),(-8.911908307887189e-05+0.0013642705739283908j),(-9.576807141320062e-05+0.0004320167800725566j),(-0.0002637304578906882+0.0009091121541800611j),(-0.00019168029473924653+0.002268620686119166j),(-0.0005303977444141368+0.0012455595298085896j),(-0.00015784673002853405+0.001943235959348713j),(-4.078086102060357e-05+0.0014157841139290656j),(-0.0013754921569914525+0.0012008211448640287j),(0.002327568018965712+0.00038414082065335196j),(0.0016417231849135492+0.0008354277553036856j),(-0.0014212767134395917+0.0011575334665383198j),(0.0023133587125419176+0.00033582792271577176j),(0.0016417117406290604+0.0008173185935611655j),(-0.0042565567321667195-0.004097689817906355j),(0.002262865546778254-0.0022892733553546013j),(0.0005590614517295509-0.00045162499892906736j),(-0.0016890375373545612-0.000731375541598283j),(0.0023364088870443563-0.0011314046415503674j),(0.0015369949663664759+0.001885493104324466j),(0.001501515174299423+0.0030483416428626125j),(-0.0004542361477143698-0.0011608473509419183j),(-0.0003105639630578043+8.83415243813873e-05j),(0.0015965557327660368+0.001980543356660578j),(-0.0006203883014962808-4.3252581784976665e-05j),(-0.00046731467732199247-0.0002540428083815596j),(0.0015880560077947805+0.003185566368763628j),(-0.0005641564637344987-0.001200619039056973j),(-0.0003771088515769149+6.595403734143237e-05j),(0.001274310879676647-0.0006065442481552139j),(-0.0009044789546502009+0.0017780502921412242j),(-0.0007120735029773799-0.0005666407100720279j),(0.0012568192378816317-0.0008054818346622129j),(-0.0008942838390135902+0.0022251516742383716j),(-0.0007113725478335004-0.0005013399617287969j),(0.0012518202739755743-0.0007431863561879089j),(-0.0009352886491042392+0.0017283278991667454j),(-0.0007325765861415723-0.0006167422600014565j),(0.0017698219126536024+0.002912722477650364j),(-0.0010444139146831644-0.0007781180515549304j),(-0.000654747236469131+8.149003291077966e-05j),(0.0018073225297732067+3.645257405332069e-05j),(-0.0017003183995571822+0.0018853793666041858j),(-0.0008727433120131384+0.0005953298932154282j),(0.0018239987486017887-0.0001810240243208727j),(-0.0017598248841254245+0.002131188937910384j),(-0.0008937279812304922+0.0006566249340113428j),(-0.004257871662215526-0.004111801348214508j),(0.002262102690515872-0.0022903148939536835j),(0.0005569472908778291-0.00045375847265147814j),(0.9769961598272967+0.0645405109561073j),(0.009050205106516251-0.028557539699983085j),(0.008589176089296668-0.02308343507014006j),(-0.0018809417631074769-0.0006035172419799504j),(-0.0038946606275678717-0.004147794731741292j),(0.002076210763571945-0.001992795544643884j),(0.0004761826187075803-0.0003826878911503302j),(-0.0023113564755071086-0.0011202748236117908j),(-0.0013789547959963781-0.0005496091097702887j),(-0.01697204667610926-0.005984455746520244j),(0.006226520658332941+0.011209950456424624j),(0.0060458112213506564+0.004329295398164289j)
84,(4.329457883320508e-06+3.145617705633088e-06j),(8.123573591444378e-07-5.994690671031295e-06j),(-5.14181524185754e-06+2.8490729641447534e-06j),(3.5208371734706842e-06+4.3423318356138866e-07j),(-1.3927029489659017e-06-3.1658916213395794e-06j),(-2.339565724308245e-06+3.6535038162426175e-06j),(0.0002562390549925727+8.841869942639142e-05j),(-8.979465278436395e-05-0.00015410994959090142j),(-0.00015470712889299656+0.0003915431259400083j),(0.00041080749673669606+0.00014583335770669472j),(-0.00014708201517562406-0.0002477738502772216j),(-0.00024410561346024473+0.0006274526848499927j),(0.0028367373853431196+0.0011297476393181153j),(-0.0011472228824153823-0.0017880810881058078j),(-0.0015279299468562214+0.00426761250525972j),(-0.0016765713222823514-0.002323006380651634j),(0.0032062575851126555+0.0011066694708531176j),(0.0013714172930229924+0.00030340858263302225j),(0.0007718267727570569+0.002441479562569113j),(-0.0019702619169729508-0.0016757331167190923j),(-0.0013891467426757052+0.0003971868852517997j),(-0.00012390672229495986-0.0011273921745087187j),(-0.0021774661886908016-0.0018332753362155008j),(-0.0014070885494270485+0.00044123922301120104j),(-0.00011223359123994925-0.0012051870615601649j),(-0.0021765062240231827-0.0018325930929578354j),(-0.0014056094142179685+0.00044208686502768876j),(-0.0001115231930174966-0.0012054653463751156j),(-0.0021025151457518807-0.001784694608900778j),(-0.0022366988170637097-0.0018284911344013553j),(-0.0013208420428536382+0.0004826503585619894j),(-7.185834452235645e-05-0.00119800709433571j),(0.002475201134159874+0.0009280757860245428j),(0.0029775571597056316+0.0023461097229448974j),(0.0020150379328273214-0.00035490974316276206j),(0.0001758079429204032+0.0006177796413348084j),(0.0006737278392111956+0.0010639987948660868j),(0.003547804610519617+0.0026708310104909157j),(0.0025824619775196484+0.001105792741119072j),(0.002970237674673761+0.002336404440110666j),(0.0019569488360790884-0.000272124661437133j),(-0.00011974763690512078+0.004857718784641615j),(-0.002497189553518875+0.00014216668160335968j),(-0.003966822202728672+0.0024398797043185677j),(-0.00010643933441801309+0.004838233992060912j),(-0.002511670037363923+3.07227258673267e-05j),(-0.003959287235959627+0.002432448932340358j),(0.0024065529785456136-0.0021423222594387555j),(-0.007435401485032732-0.004573346977050311j),(0.005022955156721982-0.0012532609454609985j),(0.0011617248477517575-0.0006165517952265555j),(-0.005085326233831008-0.001347006069968907j),(0.0018612718853655+0.0007273122611201549j),(-0.0008446791693005102-0.0007880733352209561j),(0.0006707771368931818+0.002702677459744832j),(-0.0005956941346134989+0.0008977533525730192j),(-0.0013130020990690236-0.0004972781926944982j),(0.0012966011515954741+0.0018391478685251955j),(-0.0012350081570376595+0.0004261842950682923j),(-0.0008612305659180457-0.000757681885247423j),(0.00086271405964039+0.002853273437384319j),(-0.0006285017167601604+0.0009300171677249628j),(-0.0017428127491235558+0.0004961997972788724j),(0.0020336879735592746-2.821259768124272e-05j),(-0.0019988188860092983-0.00024434858037586426j),(-0.001779755028142963+0.0005493342077119317j),(0.0021363905620483837-0.000388592249789526j),(-0.002081364578701713-0.00038169363307562773j),(-0.0017609371902317316+0.0005577565869015794j),(0.0020495358595027675-3.055233343478552e-05j),(-0.0020260532994207606-0.00024439589365287664j),(-0.0008875529129034022-0.00022522072765097175j),(0.0017650863245735637+0.002748240390330158j),(-0.0008277852817744823+0.0008837705417581848j),(-0.0010134983797410256+0.001782823091828349j),(0.003492990783486598+0.0001608953494269469j),(-0.0016286164358152856+0.00011610214165015849j),(-0.001021700528987697+0.001966338613605646j),(0.0036629503903320058-4.168873735940076e-05j),(-0.0017031619410206866+6.55009557916069e-05j),(0.002407372177185884-0.002143425256157107j),(-0.007436030614009867-0.004587926593428045j),(0.005025441389091664-0.0012538447615304416j),(0.009050205106516251-0.028557539699983085j),(0.9759515976357408+0.06329487975097345j),(0.009069623927988038-0.02107113735112134j),(0.00544707269343935-0.004773919666706558j),(0.0022103552713546516-0.0018294710124656874j),(-0.006818890001123296-0.004608125045000619j),(0.004645891620649135-0.0010863030439961108j),(0.0016883631067091238-0.00022841698226703372j),(0.0018735863500142723+0.0011340546415261176j),(0.006041007323042485+0.011104774671718423j),(-0.01711825214340621-0.0005822471775345235j),(0.005463972906753623-0.0029419593994059858j)
85,(-3.0725765939226392e-06-5.635962186852148e-06j),(-4.777057027013676e-06-5.806042544392756e-06j),(7.849633623632252e-06+1.1442004732396285e-05j),(-3.5346145574179246e-06-5.9999130269938055e-06j),(-5.867951221678768e-08+4.2827583598803206e-07j),(5.3526275741485565e-06+7.0554318835592e-06j),(-9.096237518563142e-05-0.00032427829143441534j),(0.00015609058958451452+7.032427203031193e-05j),(0.0006375026635797748+0.0006096302266830559j),(-0.00016804695014046333-0.0005321777182540119j),(0.00023577990496801267+0.000106823570143681j),(0.0010058945452594177+0.0009711533060660568j),(-0.0021032033262906556-0.004192355409369659j),(0.001004151868426944+0.0005029934755906895j),(0.0062207529162083535+0.006441210789403328j),(0.0013352283910998243+0.0007587408696235392j),(-0.0064840181559950635-0.005529860755173949j),(-0.003658116225101516-0.0016355994072924183j),(0.0004353374182658053+0.0034529675443953833j),(0.00113130932704919-0.0002046450847236949j),(0.0015259205744696464+0.0006360457945864906j),(0.00012152962957501224-0.00036397483391635804j),(0.0013107059436231587-0.0001029966254574707j),(0.0015720206447166767+0.0006599320778730633j),(8.224969110788875e-05-0.00045147122813873626j),(0.001311017908598674-0.0001012980750391176j),(0.001571273423970302+0.0006602125026339773j),(8.145026822202364e-05-0.0004519625320004554j),(0.0012832498993226719-4.8374614343555744e-05j),(0.001407816849749499-3.770982308859156e-05j),(0.001507256643093573+0.0006614894916519766j),(4.489950181162539e-05-0.000455703060577221j),(-0.001523335484005315+0.001609585731974433j),(-0.0021676620735615027+0.0004419600048380744j),(-0.0017411583558733965-0.00021393799460451115j),(1.272998060463038e-05+0.000301884529636138j),(-0.0004061337714818814+0.00034503065846634836j),(-0.002664789554888986+0.00039239917769025583j),(-0.0015552296670284934+0.0017133096011947323j),(-0.002180487672807519+0.0004309442091576681j),(-0.0017099508624748945-0.00021147049054434566j),(0.0013568815910354963+0.0032744867916222305j),(0.0014071519178488767-9.58566962853593e-05j),(0.002412459503936421-0.0006436374222106114j),(0.0013727196338087708+0.0032681500533005923j),(0.001429971568493164-0.00011247084593658807j),(0.0023924900715599348-0.0006747952270931561j),(0.0005390276961149826-0.0008196927255850854j),(0.004233088845900216-0.0018629278834519838j),(-0.006933271346412372-0.004445276334009984j),(-0.00026047151514397963+0.0006441673034623153j),(0.0021798903107583534+1.5277438139211716e-05j),(-0.004235069294093136-0.00406506284398115j),(-0.0008949578358746347-0.0005917459431846405j),(-0.00026916992853011584+0.0014287161214289064j),(0.0007443525654138181+0.0018659165477810206j),(-0.0006156513410173017-0.0006012741138646319j),(-0.0008153222962882163+0.0009198657636192446j),(0.00146503413302693+0.00171443922560738j),(-0.0009220883781080931-0.0005941919541351602j),(-0.00032823171750400365+0.0014948214083633426j),(0.0008827481435256565+0.0020624369905648645j),(5.099847525552115e-05-0.00027123554257394344j),(-0.0014965311221539156-0.00011637208746904243j),(0.00236461746866367+0.0007106480781034312j),(0.00012671841697607872-0.0002585648787995405j),(-0.001574270438691378-0.00030175638586801574j),(0.002458251518065988+0.0005507977005800389j),(7.378196543578923e-05-0.0002476024464383637j),(-0.0015235190657674276-0.00012360148813929947j),(0.0023967795830944012+0.0006884212394551066j),(-0.0008602274088911365-0.0003408207638045113j),(-0.0007113417424778132+0.0014431030115242946j),(0.0015234900289561174+0.002416884843794323j),(-0.00041054133252977357+0.0006283512594011725j),(-0.00205515293160536+0.0001048599439053173j),(0.0026776216767951827+0.0013281874750183213j),(-0.0003767624683089799+0.0007194313230442662j),(-0.0021789434706595756+8.586458043312144e-06j),(0.0027954645658097273+0.001252759408068349j),(0.0005392340370061854-0.0008203894358155724j),(0.00423450055883513-0.0018636312435273304j),(-0.006933704594033025-0.004457228927043293j),(0.008589176089296668-0.02308343507014006j),(0.009069623927988038-0.02107113735112134j),(0.9740838842591866+0.06359784895276455j),(-0.0024513792525094396+0.00014800225061379398j),(0.0004871778130193041-0.0006667059666080818j),(0.003921622050279988-0.001676712342897061j),(-0.006333892126637969-0.004387032674385068j),(-4.2753778566047e-05+0.001708889463192225j),(-0.0016915514435218379+0.00042044978343305263j),(0.006332432039084717+0.004147955608947312j),(0.0060621534861383395-0.0029648964084372145j),(-0.015048003407546558+0.006398519742553277j)
86,(3.781246030653453e-05+3.703920129410142e-05j),(-1.860827146826904e-05-8.88212939899576e-05j),(-1.9204188830732078e-05+5.1782092672430365e-05j),(2.5010659063735254e-05+1.7192202088488228e-06j),(-1.785859718170766e-05-4.0553156683119674e-05j),(3.0246562509654735e-06+6.062839646187733e-05j),(0.003224818879305346+0.0016222126486728908j),(4.608101952603889e-05-0.0013717306323416192j),(0.002017916986566572+0.006563680710886345j),(0.0048266357798202935+0.002410292983252624j),(-0.00027770739799329834-0.002342996434646457j),(0.0030910068897851274+0.010436556543840158j),(0.019877684425498306+0.008592645512915241j),(-0.01569744515194052-0.022329659344568348j),(0.015680208670960306+0.0680013215311826j),(-0.02035136424217826-0.031884344035924106j),(0.0010968690982627507-0.010159411361305395j),(-0.013265337985781719+0.016784178237206238j),(0.024882053909011458+0.0421301555082546j),(-0.005789703299598422-0.0167932183189603j),(0.010871025988438617+0.028469735091394992j),(-0.011196350428384854-0.016209504153166642j),(-0.006372746089302708-0.017818362825050466j),(0.011383741882083763+0.02919926063357676j),(-0.011905362296091345-0.01734856858383167j),(-0.006373901578990142-0.01780489568053586j),(0.011379876474967092+0.02919647714393433j),(-0.011908129218603777-0.017348123884537506j),(-0.006390600549948996-0.017117784105156096j),(-0.0065585242296380825-0.01787554410954394j),(0.01107186559381328+0.029029989812004484j),(-0.011835025148140244-0.017009795111743515j),(-0.0054186045970578255+0.018392972272064628j),(-0.004621070774516891+0.022399505254552282j),(-0.0038309237819311994+0.006014623213552676j),(0.00037607395489162865+0.00694549163018251j),(0.0025244138330222546+0.011224486779696768j),(-0.009506736012186797+0.02452733912445849j),(-0.004624469925263767+0.02031434288425178j),(-0.003908223448122943+0.020765373266745584j),(-0.002828385540953332+0.0074932074070692516j),(0.018112888284250134+0.046861791762475596j),(0.027687587484203944-0.031904891691704504j),(0.018982932599237206+0.03695914641881311j),(0.017736028586655968+0.046954858662297635j),(0.026709084308183216-0.03243813243091337j),(0.018653890992690596+0.03712711954727162j),(-0.004290304169576547-0.0009524416389438441j),(0.019795602526949327+0.0006668443034297845j),(-0.013788268431508922+0.0002255995562725835j),(-0.003402936373376533-0.00351078171521578j),(0.010109937705712495+0.0017698396948303938j),(-0.008361908360027972-0.0017440836723992895j),(0.0003655578722794999-0.0019596652249077003j),(-0.001976070985497132+0.0036154889791630953j),(0.0012591746415434486-0.0018351059654935207j),(0.002327743268998231-0.0005756374338646494j),(-0.0021670449135292886+0.0022007479700175926j),(0.002783992701171487+0.00031257121806251703j),(0.00027765833271071826-0.0020706820838767214j),(-0.0024872495542695022+0.003883714606724838j),(0.0015036741926870221-0.002129514925997468j),(0.004598813735140324+0.0009724526524037651j),(-0.002218183249840107+0.0003071602677468723j),(0.004505486436306823+0.0027684391452088807j),(0.00487139443678284+0.0012051048695172293j),(-0.002173596530903077+0.0002506340582454081j),(0.004714478759208254+0.003085892691636066j),(0.004664302846572647+0.00099029090631572j),(-0.002248548342978118+0.00014851229304502916j),(0.004553269091155357+0.0028269124007443656j),(-0.00012342545797354773-0.002571669356398262j),(-0.004714419670937334+0.0050897775798509105j),(0.002635851770343975-0.0034948996214296986j),(-0.0009101644755053642-0.0035758846469812417j),(-0.009283031971952417+0.007474350690068151j),(0.0052000032557790905-0.0064116442527192875j),(-0.0010184706876441676-0.0036844396947116912j),(-0.009741286910368605+0.007733297071788412j),(0.005415091362216083-0.006711200727430214j),(-0.004289433976296357-0.0009444187470617881j),(0.01980912481022859+0.0006634320111641376j),(-0.013792674568992459+0.00023174933899362815j),(-0.0018809417631074769-0.0006035172419799504j),(0.00544707269343935-0.004773919666706558j),(-0.0024513792525094396+0.00014800225061379398j),(0.9021221147421812-0.0471840184122761j),(-0.004010439434651229-0.00026871924354272825j),(0.01870929494803369+4.864400000641417e-05j),(-0.012800816907773899+0.000573301386390751j),(-0.0038436191867104426-0.00427545986823182j),(-0.002971719818310836-0.0021639678202807332j),(-0.0023266796220868325-0.0030234921182635513j),(0.005030022934245805-0.011638918781135864j),(-0.0017353218050384092-0.0013328130858068269j)
87,(-6.384757102045821e-06+1.283441406542235e-05j),(-3.5883602063639024e-06+1.3349540850710843e-05j),(9.9731173002168e-06-2.6183954922470636e-05j),(-6.369286991438833e-06+1.3143069953151835e-05j),(9.422245843640593e-07-1.4622581504986487e-06j),(5.07021415576e-06-1.664392223836428e-05j),(-0.0005495897510683679+0.000533680192167092j),(-0.00014035068808773178-0.00043711159287201386j),(0.00015983414344700962-0.0017412663531456546j),(-0.0008338750449321602+0.0009166806357141055j),(-0.00019022437255634064-0.0006886740200155376j),(0.00025889841146355374-0.0027911018414973096j),(-0.0038775727960448274+0.008997244600444942j),(8.637886078886967e-05-0.0041229963086285674j),(0.0019017061945514608-0.01902543994656821j),(0.0002495651536297296-0.0048490240732523525j),(0.0030650445118041284+0.024056663318570107j),(0.002214807907836759+0.006238007480544627j),(-0.0009212927977997068-0.007542803604937525j),(0.0036370494698495077+0.002203079133185562j),(-0.0010609210599814528-0.002113228943599001j),(-0.0027027873253438225-0.0001267019481212086j),(0.003938315208455972+0.0019428754468905642j),(-0.0011220789981671165-0.002133519825866695j),(-0.0027774783885295994+0.0001083704464675283j),(0.003935525499764274+0.0019368192768431294j),(-0.0011230428315634968-0.00213259131338538j),(-0.0027771695939061408+0.00011135777328081077j),(0.0038027334223264663+0.001769820912166843j),(0.00405341177067468+0.0017295090871385938j),(-0.0011521720363324819-0.002042800675445631j),(-0.00275743083115172+0.0002153679381304897j),(-0.003388507953972222-0.0028759345216450146j),(-0.002543295411047082+0.002917045299069115j),(-0.002143511499637378+0.004041008267641063j),(0.00010891019993660117+0.001321363726444421j),(-0.0014382148792124719+0.0016739695009461196j),(-0.002587627227155362+0.003439030144437175j),(-0.003671165280842584-0.0031570165991804547j),(-0.002452932731980547+0.0031211432443215463j),(-0.0018659989983662337+0.004280419130644552j),(-0.0027779709117957503-0.006248192185286822j),(0.004625810282841618+0.006270745945177468j),(0.010221777142029733+0.009105949479495586j),(-0.00289000938097404-0.006361384422472392j),(0.004683398114457426+0.006164681941539777j),(0.010290650664054449+0.009023438664671273j),(-0.01868057209614501-0.010391460089882752j),(0.010216051875165683-0.0035344622508577377j),(-0.00028917654660128597-0.004567494104378893j),(-0.010681574124352071+0.0051650390778055725j),(0.004488170355354396+0.001019743838705513j),(-0.0011490412265479683-0.0002352545850803061j),(0.0022357221626640596+0.007378041697681386j),(-0.001114656593287502+0.007445284604787973j),(-0.0005018896130469109+0.008034537529301222j),(0.0036858752958332176+0.0054996859560118155j),(-0.0027709284006449493+0.004701969459002463j),(-0.0006217495208108216+0.003557043089965203j),(0.002629940152403732+0.0076844983520908215j),(-0.0011710564838531962+0.007636313947967476j),(-0.00048594591196989874+0.008455581678094484j),(0.005518045559398049+0.00299685308031274j),(-0.004603528014797289-0.0016414474345507854j),(-0.0007851189496913201-0.005240449318045844j),(0.005768584555213514+0.0027076590497955993j),(-0.004701253303790063-0.0023644346546356095j),(-0.0007732460749366129-0.006297478788514308j),(0.005555776962180957+0.0028992173408174497j),(-0.004728228136145987-0.001903238088400403j),(-0.0008097108011150485-0.005546707091924213j),(0.00437876396737855+0.008817592136393677j),(-0.0015683390812315941+0.00603460646740507j),(-0.0006066466694920583+0.007452889441462598j),(0.0070521259931183855+0.009084334141202653j),(-0.004040312849598433-0.005267984274046392j),(-0.0026585091307803257-0.0033282553095562665j),(0.007321460158665244+0.00916274316142185j),(-0.004277903681018927-0.006210809525567347j),(-0.002855094170885986-0.00422542110767344j),(-0.01868565047862704-0.01037628014204433j),(0.010230712200775854-0.003495832593988925j),(-0.00028117432493541086-0.004544979575130437j),(-0.0038946606275678717-0.004147794731741292j),(0.0022103552713546516-0.0018294710124656874j),(0.0004871778130193041-0.0006667059666080818j),(-0.004010439434651229-0.00026871924354272825j),(0.9822159727973381-0.010390497037527329j),(0.00964776260551114-0.008442204290958974j),(-7.918197194745449e-05-0.006002160457391958j),(-0.01122117533563063+0.011585976929043496j),(-0.006263569175031603-0.003385961085576641j),(-0.004996769072639101-0.0005367639001572279j),(0.0021801322004707403-0.004461595875032593j),(0.0009975936614980117-0.0012442309638133957j)
88,(1.4556613782323895e-05+2.2667023054623296e-05j),(9.979398701834044e-06-1.037880366036785e-05j),(-2.4536012481400398e-05-1.2288219399526966e-05j),(1.4835653163061204e-05+1.4358616934387366e-05j),(-1.6294107175760148e-06-1.1492502313882978e-05j),(-1.3007927925959693e-05+2.8467758855664e-07j),(0.0012569813985951782+0.0012277007331132836j),(5.567306700267219e-05-0.0004797867850715701j),(-0.0008925549995325248+0.0004169913188839412j),(0.0019461994635951662+0.001947601249296163j),(1.7873223412211104e-05-0.0007961188362849438j),(-0.0014418025205983416+0.0006598396079306587j),(0.010829240846833456+0.012531374605885628j),(-0.0025822474774450676-0.0067155769102839125j),(-0.010206512912818749+0.00407134319835047j),(-0.0037217777521566754-0.009422619756162813j),(0.00896968075568057+0.00853004664973402j),(0.0018296615159034246+0.0040123632582558175j),(0.0032762079871649545+0.0032254848622059185j),(-0.005532166055308318-0.007789637882820128j),(-0.0027307601628643874+0.0010901967977844339j),(-0.0005397294833375799-0.002437846372707052j),(-0.006121754588278635-0.008564800119231226j),(-0.0027572953580157784+0.0012034552451728985j),(-0.0005084816394942449-0.002513581999028879j),(-0.006119317556673184-0.008560838262426564j),(-0.0027543782468231258+0.0012071719700160674j),(-0.0005055631022524482-0.0025115014471926464j),(-0.005922947979690184-0.008285617116378164j),(-0.0063666178480802195-0.008728454056910438j),(-0.0025907791992433814+0.0014017307929254236j),(-0.00034488632150875433-0.002379653004641949j),(0.00674326755763097+0.008278487819373816j),(0.006035002235591579+0.01127945237730528j),(0.007911784511751391+0.0049225565405137065j),(0.00022337769377478542+0.0023886443609241856j),(0.0019276256606537852+0.00459430788854565j),(0.006635545593394908+0.013245752986040539j),(0.007057543807366107+0.008929144018432278j),(0.006102853915332407+0.011046037144985664j),(0.007823002189293854+0.00505533644920484j),(-0.001988832804069709+0.011899947053221865j),(-0.004925478290249038-0.007179508564603646j),(-0.011866378421763288+0.0005677460248822777j),(-0.0019079788359980792+0.01185084848249009j),(-0.004979477434052297-0.007365253955144834j),(-0.011869226687925342+0.00048478541362884445j),(0.010269872385197682-0.0036546821108650214j),(-0.03212650607073974-0.012211691710562628j),(0.012515405604426554+0.002068549208526487j),(0.006675051534679953-0.00037456421264971985j),(-0.015816069817709222+0.0022859741982441113j),(0.007811908256367359+0.005958408273751669j),(-0.002445441695216337+0.004760871850628454j),(0.0021855631630689236+0.005192856670198723j),(-0.0020154608703176866+0.0018506952596485055j),(-0.00483432009727554+0.0017379321440105823j),(0.00431128473671383+0.005599884455015122j),(-0.004155954374471946-0.0007212548695498377j),(-0.0025464230684590543+0.005077350907921028j),(0.0027032801395940327+0.0053779771466983695j),(-0.0021600820972544326+0.0018778062802636425j),(-0.007680953706824749-0.004139019458761007j),(0.006582971173467374+0.00668400684623476j),(-0.006542944010133018-0.0046559835335923325j),(-0.008084561340346947-0.004766296807032758j),(0.006605428779761878+0.006937867455546181j),(-0.006867348725266897-0.005041529452871256j),(-0.007728414440147007-0.004366074769081137j),(0.006794952679482163+0.006672283668520879j),(-0.006588459526515756-0.004816142642269149j),(-0.002970973762324005+0.004927861561902043j),(0.004971321023907994+0.00690829584761412j),(-0.002663864314543399+0.0014307295927247147j),(-0.003487861610041046-9.398875426620389e-05j),(0.010113617534577306+0.011530828417590426j),(-0.002894664219392969-0.001451461349602529j),(-0.003517698468487653-0.00044671379730906995j),(0.010648199367757346+0.012034771917886175j),(-0.0029107498242951224-0.0016564334346109806j),(0.010281345832645842-0.003614509730504938j),(-0.032139655633716555-0.012189003666728475j),(0.012524129645758744+0.0020797497244625478j),(0.002076210763571945-0.001992795544643884j),(-0.006818890001123296-0.004608125045000619j),(0.003921622050279988-0.001676712342897061j),(0.01870929494803369+4.864400000641417e-05j),(0.00964776260551114-0.008442204290958974j),(0.9697380076742272-0.014812491080216494j),(0.011552303713481512+0.0030045334629413938j),(0.007040468337006767-0.003212476556560203j),(0.010098057339419795+0.005894779287413873j),(0.0020020126795857306-0.006723670834383974j),(-0.008219311664118245-0.0026959541455903197j),(0.004669739367768802-0.006667863991988571j)
89,(2.6324391755035568e-06-3.3325618677876545e-05j),(-8.80907889780138e-06-2.4822571252914208e-05j),(6.176639729640029e-06+5.8148189942447594e-05j),(-1.7460893805855794e-07-3.219319040194342e-05j),(-3.3012598796723094e-06+5.738319304581536e-06j),(6.620416696766118e-06+3.4014610136916254e-05j),(0.0002797311889998935-0.00170858460369216j),(0.00021846621536906585+0.0007718648475962485j),(0.001136680154552462+0.0031707038394519775j),(0.0004052975628403091-0.0028148630388804825j),(0.00032373748816419927+0.0012137870797249567j),(0.0017957408410005623+0.005037726359237708j),(0.0009104279026958054-0.022725788865438766j),(0.000982529150323713+0.007307480481151081j),(0.011083263090704877+0.032702970683849725j),(0.001008633294241013+0.010070064309212997j),(-0.011042235543897367-0.03986788369303254j),(-0.0064737578928580316-0.016338544540765946j),(-0.001040675721701254+0.006970986101450085j),(7.71379323413116e-05+0.00615552645859994j),(0.0028014829324340554+0.007975180188870626j),(0.0029874220292246674+0.002499470919799315j),(0.00014842932054039484+0.007366386636909768j),(0.0028925363120967163+0.008182407574594848j),(0.0029999602884101+0.0022469149848970763j),(0.0001484092877264018+0.007371854952178197j),(0.0028909696245521424+0.008179708119682515j),(0.0029963010225536745+0.0022420624337167495j),(8.19949376576225e-05+0.007380606022277887j),(0.00031050689332572665+0.007842307594569805j),(0.0027663164757441645+0.007917603996478761j),(0.0028061709840661794+0.002029365029637145j),(-0.0053575809428408816-0.00010824962120060955j),(-0.004254445136053173-0.007341294624899134j),(-0.006291563122589336-0.007661291358587507j),(0.0005440492030810469+0.0007091844074808807j),(0.0003044407000256556-0.0010341750168846907j),(-0.005009771784868576-0.009345162347641172j),(-0.005216387343083023-0.00012722547072973982j),(-0.004230697646930971-0.007494344483163516j),(-0.006394897047082392-0.007789890356367674j),(0.010560654938524441+0.009413041640459044j),(0.0064860156517955025+0.00304511970667856j),(0.005313773939819135+0.0018655053422919933j),(0.010624779764169642+0.00939930302336166j),(0.006468570301986401+0.0030887416484668712j),(0.005200707250692941+0.0019230227904260214j),(-0.00025386172758938596-0.004576643892861089j),(0.012362629326060295+0.002043988809453074j),(-0.028179040370209137-0.011752994059937636j),(-0.00025732672842638426-0.0005088641237274861j),(0.006971652641535824+0.006290890440713241j),(-0.014579624748316306+0.003260174085650643j),(-0.0007391620087182356+0.007933485566783771j),(-0.001854827689556163+0.0019473527199867211j),(0.0028876480030005985+0.0019573443366723694j),(-0.0005670369367604503+0.0042282279807671005j),(-0.0026675533392754814+6.979786027694508e-05j),(0.0051391292599483294+0.004519986768393382j),(-0.0008176621054587035+0.00825280918553131j),(-0.0021463825713727873+0.0018705095544239731j),(0.0033175218421839054+0.0019487247318855372j),(-0.0011076364650664972-0.0036910636265053125j),(-0.004141321276946132-0.0027207791345652786j),(0.006717929554713775+0.010504766149549701j),(-0.0011249193631470442-0.004609591129084954j),(-0.0041729352724230616-0.0029346579822285j),(0.006917417407902603+0.011268852389584798j),(-0.0011591541579233375-0.003978635156658205j),(-0.00427562143893224-0.002872707725220445j),(0.00674672563374737+0.010691847002901638j),(-0.001281406394158756+0.006904640037755535j),(-0.0033693984609162574+0.0009841972779282117j),(0.004967168500359548+0.004119490963307496j),(-0.0020603575957232776-0.0034098489929742116j),(-0.005097970780774322-0.002239778477788024j),(0.008346146997333166+0.014675412164396592j),(-0.0021288754361823157-0.004225141522036338j),(-0.00526430117223517-0.0024771578277738484j),(0.00872148183762107+0.01568829986180052j),(-0.00024698689106423513-0.004554173133807942j),(0.012373726656826513+0.0020547058770039005j),(-0.028186476641436517-0.01171794535963879j),(0.0004761826187075803-0.0003826878911503302j),(0.004645891620649135-0.0010863030439961108j),(-0.006333892126637969-0.004387032674385068j),(-0.012800816907773899+0.000573301386390751j),(-7.918197194745449e-05-0.006002160457391958j),(0.011552303713481512+0.0030045334629413938j),(0.9734627786188644-0.01773423051823227j),(-0.0007067716661651147-0.004814292485856887j),(-0.006330978227889639-0.004158838745571918j),(0.0022266903059267817-0.0014702408065245258j),(0.006162659138005323-0.004696514055997735j),(-0.0073320399505012-0.002560416363065458j)
90,(-7.022728428093973e-06+9.67906693767799e-06j),(-5.3020292393813e-06+1.0100069619985204e-05j),(1.2324757661575165e-05-1.977913656339061e-05j),(-7.911601385589655e-06+1.0245929093563185e-05j),(9.949753347110015e-08-7.469218009281887e-07j),(6.15739146531108e-06-1.2209555028582526e-05j),(-0.0007601932124056649+0.0005735948828356767j),(-0.00029194864705615377-0.0001691328009639202j),(0.00019406909849887903-0.001171179740697094j),(-0.0011199799540419484+0.0009152029059083201j),(-0.00039707306894638415-0.00029131761088104467j),(0.00033191491974942744-0.0018700277758545297j),(-0.0038898345821130787+0.0063260876062152535j),(4.194961997527869e-06-0.002674848446793098j),(0.0030443224353746594-0.012413220350321209j),(0.0004774691112694417-0.0032255977606483405j),(0.004714806249344227+0.012169329469073063j),(0.00013935479270885684+0.003532287562602491j),(-0.0024423609684033026-0.0003566745854173192j),(0.002379383525084976+0.0003358267207340341j),(-0.0007101625223286472-0.0010325556604562046j),(-0.0010573641913993552-0.0014286131907924112j),(0.002493317860851229+0.00014420567864687796j),(-0.0007089624509512467-0.0010425695106222928j),(-0.0010530699121900785-0.001376165666805025j),(0.00249041097764623+0.00014157383723992396j),(-0.0007091181659010491-0.0010422178213521423j),(-0.0010530406661676647-0.001373932984796123j),(0.0023660016232323047+8.06600155952757e-05j),(0.00253044397520921+4.273003994573199e-05j),(-0.0007138518494562052-0.0009998931845295704j),(-0.0010613552990933592-0.001261229357654322j),(-0.003691423025879305-0.0010512337286373574j),(-0.0011952844086337993+0.0015180039249049456j),(-0.0018860611876461966+0.003912117621529926j),(2.1470175785093075e-05-0.0001387398331376584j),(-0.00041680078880938277+0.00010238262312244528j),(-0.0009203883156043628+0.0013640383709249606j),(-0.0038594796097848713-0.0011431359479442283j),(-0.0011794625431519018+0.0017509706711599802j),(-0.0017679507946032577+0.004151240459373526j),(0.0010410749709716287-0.003630482117283694j),(0.0025640312783485383+0.006919692550850924j),(0.006230601760105028+0.004834005730750662j),(0.0009904730329135083-0.0035959665605322165j),(0.0025792749083855086+0.006793538161140754j),(0.006261330578383193+0.004739464295512773j),(-0.011909815086647794+0.011077399579443202j),(0.007551722598417552-0.0028959519637130884j),(-0.000884296430208534-0.004168152821142784j),(-0.008373560940661457-0.016012943272443514j),(0.006865442580736307+0.007689855701186417j),(0.001116483075978222+0.016510901080138543j),(0.004641346603118872+0.012845096364505117j),(-0.003036711211409305-0.01787911269366514j),(-0.0032427821496757063-0.01806756757453881j),(0.006005934371425712+0.011783659819413803j),(-0.0026779149976110415-0.011854237248363096j),(-0.0009950429414363306-0.01187755742734344j),(0.00472136406074634+0.013486462239728731j),(-0.0034496335470824285-0.018684949324594406j),(-0.0036025012300982795-0.01928142089467435j),(0.0032437961006105097+0.005746100647274666j),(-0.0033225442765858777+0.005865402331619647j),(0.0005860401035755282+0.007881220691938097j),(0.0029224297499559114+0.0053129143532608366j),(-0.003255551355611976+0.00873768699279891j),(0.0008130128849185881+0.010776741074975851j),(0.003116450088362328+0.005423737680456499j),(-0.0034239033703111106+0.0061978579593267484j),(0.0006071502161291513+0.00841735896864704j),(0.0037842133103920634+0.012084141502530864j),(-0.00453147104740792-0.016016821026727798j),(-0.004229703302918303-0.018106254002086937j),(0.002413018087572321+0.004964397248724158j),(-0.0013615201495023412+0.016366094818304j),(6.694329000387928e-06+0.013846916676051825j),(0.0024049940940498037+0.004666890961814151j),(-0.0010182424636059418+0.019341781091537752j),(0.0004392301432325008+0.01677860860186167j),(-0.011914206381866793+0.011114062832207398j),(0.0075519956355003665-0.0029098689929143292j),(-0.0008864208883378439-0.004196623903714565j),(-0.0023113564755071086-0.0011202748236117908j),(0.0016883631067091238-0.00022841698226703372j),(-4.2753778566047e-05+0.001708889463192225j),(-0.0038436191867104426-0.00427545986823182j),(-0.01122117533563063+0.011585976929043496j),(0.007040468337006767-0.003212476556560203j),(-0.0007067716661651147-0.004814292485856887j),(0.9809714832280595-0.02972417558642424j),(-0.005138839516857163+0.002007059245495277j),(-0.000979743182209484-0.004812053993660905j),(2.7212855212353225e-05-0.003777512223053131j),(-0.00047046637904333286-0.0017369908736086929j)
91,(-4.577846892139722e-06-1.0279090530260862e-05j),(-4.252416329614634e-06+5.227509949937257e-06j),(8.830263221039002e-06+5.051580581063659e-06j),(-4.49367427573184e-06-6.538500316885261e-06j),(6.790840848948813e-07+5.169412967206026e-06j),(5.529179584629039e-06-7.65603721538531e-07j),(-0.00024409327431100205-0.0006772167543713297j),(0.00014523294443341783+0.00010928663813406913j),(0.0005268475727354854-0.0003412468918822626j),(-0.00040947912008321244-0.0010535572779456523j),(0.00022749532799951132+0.00019757317960831746j),(0.0008142425489920129-0.0005352208025624621j),(-0.003559018889807885-0.00591320085064119j),(0.001356011553960353+0.002337969773154852j),(0.004374430451052537-0.003134889879095701j),(0.0014918619903099928+0.0037982747172080793j),(-0.0052805982774382304-0.0007354177335776408j),(0.0009415336950618467-0.0026610283336521087j),(-0.0025357284961084236-0.0017831376591853666j),(0.002015800339262609+0.004653664966583823j),(0.0016439256065727509-0.0017395777652787115j),(-0.00023900011411522818+0.00125007088414065j),(0.0022799688007302987+0.005036819085781762j),(0.0016111978467323543-0.0017586743856004678j),(-0.00021673431633174184+0.0012738614516891985j),(0.00227983286907746+0.005033664019137978j),(0.0016093100677445624-0.0017586202585813814j),(-0.0002162587523372422+0.0012717687586476778j),(0.0022331407600439347+0.004854407520350009j),(0.0024217442215444212+0.005179384197205667j),(0.0015166520318276072-0.0017648289708281908j),(-0.0002081082043514762+0.0011550903173737932j),(-0.0016766067103226336-0.00546635773048503j),(-0.003035199122206373-0.0028595639551232187j),(-0.0005361421752382322-0.004858651966456166j),(5.415636751090157e-05+0.00019506240377106823j),(-0.0008547322123314909-0.0008389694632443148j),(-0.003558144735780434-0.003134269359654684j),(-0.001757821620578855-0.005886076770800098j),(-0.003074652757365648-0.0026165615598488616j),(-0.0004208716293015958-0.005001944992279162j),(0.0009706780530227479-0.005835806340228687j),(0.0009956518136618555+0.009487175820748144j),(0.0047888566053348805-9.312208353743495e-05j),(0.0009378121441876269-0.005865855019553712j),(0.0010741223075859685+0.00949126061371448j),(0.004761746813687384-9.408068227177886e-05j),(-0.006761562677110806-0.0034298143234057833j),(0.010790946459597675+0.0063662501218397505j),(-0.006812325137566001-0.004411041106432824j),(-0.004492740977147471+0.003467008071456339j),(0.005596478475624582+0.01027654555789377j),(-0.0029863389357784086+0.001072438018558542j),(-5.378999516276491e-05+0.010985628883165656j),(-0.0013735551021202318+0.006608974617997192j),(0.0005985586050090819+0.0032532221101094216j),(0.0008833199072138039+0.004973233743163837j),(-0.004822527260351971+0.00027977664346341344j),(0.0030560929133413637-0.0011366099883455792j),(6.248509549747215e-05+0.01147691529353149j),(-0.001148232780575894+0.007072942941644526j),(0.0003771793865484191+0.0038361782089162133j),(0.0019365360404799655-0.002749869194823607j),(-0.009208142596063798-0.0032558303784810372j),(0.005556862385149511-0.003853987882172061j),(0.002419445250756672-0.005827815980451321j),(-0.008665364989844913-0.0070789012152714225j),(0.006015910924629442-0.005677242246645942j),(0.0017809965946805847-0.0018878736178001374j),(-0.009941454994334801-0.0014763998106283277j),(0.00554734853609319-0.0032167863682698236j),(0.0008044123776476398+0.010128571746384311j),(0.0003626114843048025+0.007839063570143735j),(-0.0009143143454514379+0.0057941872891069356j),(0.002640264114674097-0.005983364733180907j),(0.004767413467507796+0.0017864076359291117j),(-0.004828354043512317+0.005374921944341119j),(0.002815210004473669-0.007351480979501285j),(0.005173591817542445+0.0012734889461856642j),(-0.005161710343970826+0.005362780325215023j),(-0.006763900562698926-0.0034393348826475814j),(0.010797133153956317+0.0063611366020587465j),(-0.006816399881235326-0.004418289037343214j),(-0.0013789547959963781-0.0005496091097702887j),(0.0018735863500142723+0.0011340546415261176j),(-0.0016915514435218379+0.00042044978343305263j),(-0.002971719818310836-0.0021639678202807332j),(-0.006263569175031603-0.003385961085576641j),(0.010098057339419795+0.005894779287413873j),(-0.006330978227889639-0.004158838745571918j),(-0.005138839516857163+0.002007059245495277j),(0.9758467363874939+0.03210740875879826j),(-0.0009133323964065133+0.0036170951555176524j),(0.0026963891265227953+0.000737307701805499j),(-0.001671336657763001+0.002089821947960929j)
92,(9.045870322704926e-08+7.823055112556294e-06j),(3.6896753340545596e-06-4.120251131945066e-06j),(-3.7801340379693163e-06-3.702803981693972e-06j),(7.886254112600029e-07+4.415583512689537e-06j),(7.130049103474904e-07-4.4868761118788564e-06j),(-3.49923397068338e-06+1.958113726870921e-07j),(-0.00010555154535205517+0.00035208949403174394j),(-0.00013837928923638815-0.0002640307453052897j),(-0.000451389968777686+0.0001045777956874985j),(-0.00014867681599590172+0.0005627902432593819j),(-0.00021101602343662475-0.0004283731669325419j),(-0.0007035380683051092+0.00018360121606129178j),(-0.00013437755059571196+0.003791237624283452j),(-0.0009600647563198589-0.0032017389473857397j),(-0.003978827491638619+0.0018712515731473117j),(-0.0011832782177977627-0.004369265662070263j),(0.0054200769836325845+0.003837058295410646j),(0.0027957179463611974+0.0024602076775211285j),(0.0023282525816334166+0.005086059668815167j),(0.000146302158540485-0.0037059951911177233j),(-0.002088709225593482-0.000655719005256196j),(-0.0009195710721410882-0.0016374972962308694j),(0.00010050101968714737-0.0040591930299633235j),(-0.0021445100897499437-0.0006488959612815173j),(-0.0009503005537284105-0.0017425180885412353j),(9.9802723673374e-05-0.004057470079248661j),(-0.0021439236056334772-0.0006474301400885836j),(-0.0009502226627094248-0.0017421641651507072j),(9.666233502119655e-05-0.003933025329168543j),(5.09992998948366e-05-0.004119387941324642j),(-0.0020895953169549225-0.0005587561032981062j),(-0.0009272546611227092-0.0016862144186356488j),(0.0008160268919426302+0.003485076617386716j),(0.0009792063840714977+0.004118508647379671j),(0.0006042248601852222+0.001923598343038885j),(-0.00017281633913696038+0.000896347444942644j),(-1.7362000788306971e-06+0.0019067904748272424j),(0.0010956142704617537+0.004585049925157526j),(0.0007859017001826255+0.00381153509222144j),(0.0011353162532931904+0.004164425388260364j),(0.0006667622622971622+0.0020260800884859794j),(-0.001958063967381239+0.005537392783385628j),(0.0029840379741414035-0.00027425151792864554j),(0.0008043579445550403+0.00036863982972205347j),(-0.002037043019265638+0.005506915540859111j),(0.0029455085808493793-0.00040655544385421273j),(0.0007989876389570818+0.0003279359214121545j),(-0.005290830901008092-0.0007921482919157091j),(0.002083864330420481-0.007144769519839174j),(0.002381392501553935-0.0016150012522204848j),(-0.0014864827524280943-0.004276438134404875j),(0.000616004304095667-0.005756392965191739j),(0.0008601486187550984-0.0035859577903460155j),(0.0014364906497905273-0.002862104739961429j),(-0.0007060860027849157+0.0002640555642318079j),(-0.0005303629580112729-0.0009237951573788883j),(0.0015986088201770305-0.0014131352680985911j),(-0.0007076454996386546+0.0006984007158901477j),(-0.000884319656236018-0.00040817756383968964j),(0.0015310901861340888-0.0028228324848385057j),(-0.0007650941327256775+0.0004801638140963073j),(-0.0005549228396478253-0.0008135920796222801j),(0.00169854123858524+0.0014359546631907193j),(-0.0006812254944726521+0.00129828269680638j),(-0.0013161498962858955+0.0005504616876593917j),(0.0017091325245941506+0.001683580551367478j),(-0.0006617821185081708+0.0011707309325677874j),(-0.0013681499144425238+0.0005876805976524221j),(0.0017008993297164521+0.0015756430298555593j),(-0.00068963181792385+0.0014192349316647734j),(-0.0013296700104540305+0.0006169862510833334j),(0.0018624314913478393-0.0018091066442855318j),(-0.0010393703873549404+0.001419948645963969j),(-0.0007212110861762398-5.0641174379516535e-05j),(0.002200185357552936+0.0026274002064444403j),(-0.0017841729173090986+0.0032808831171126473j),(-0.0013321163777410513+0.002236157988589219j),(0.0022525454758710608+0.003044001189993989j),(-0.0018468327838596526+0.0034982661064441624j),(-0.0013836221959724496+0.0024763690276789247j),(-0.005293587579828213-0.0007870898417067747j),(0.002085417937097956-0.00714818830145102j),(0.002382671871853909-0.0016132978312613715j),(-0.01697204667610926-0.005984455746520244j),(0.006041007323042485+0.011104774671718423j),(0.006332432039084717+0.004147955608947312j),(-0.0023266796220868325-0.0030234921182635513j),(-0.004996769072639101-0.0005367639001572279j),(0.0020020126795857306-0.006723670834383974j),(0.0022266903059267817-0.0014702408065245258j),(-0.000979743182209484-0.004812053993660905j),(-0.0009133323964065133+0.0036170951555176524j),(0.9559018350960988+0.07205109803094292j),(0.016395964077485163-0.012629046642513613j),(0.01525370431010428-0.016362641450310998j)
93,(4.572619421179741e-06+2.247842212797756e-06j),(-2.0233859168274755e-06-1.111782460320634e-05j),(-2.549233503917792e-06+8.869982387376687e-06j),(2.507407111448037e-06-2.022875129801753e-06j),(-2.6902629810439586e-06-4.604297236956192e-06j),(-4.3325572062731243e-07+8.060058667964473e-06j),(0.00013216766902033903-4.217849921883177e-05j),(-0.00023804884954429942-0.0002340613109666615j),(-1.0729347519284359e-05+0.0007798649164436957j),(0.0002351498079568117-6.225839253732671e-05j),(-0.00036733584811814374-0.00037616779065663235j),(-1.9873423614113656e-06+0.0012557497333720562j),(0.0025119645285718683-0.0002750738919943648j),(-0.0020176934339798335-0.0026973277380936194j),(0.0005442415556473572+0.008815817475750793j),(-0.0028359217380826526-0.0033736094118483463j),(0.004656400743750219+0.0001482246963632039j),(0.0022197973914918965+0.00010206160714807641j),(0.002076096973157414+0.006514119302032399j),(-0.0028027638013597223-0.0025758628527278913j),(-0.0023886873058134262+0.0006837594771049027j),(-0.0005726801234549397-0.00237669832039198j),(-0.003094448791951223-0.002784237128141034j),(-0.0024132574601700364+0.0007519785443725314j),(-0.0005900347788861209-0.002567989455412962j),(-0.0030930382660684934-0.002783080738511649j),(-0.0024107029208523794+0.0007529696809795345j),(-0.000589488585417675-0.0025689833186881774j),(-0.002985061398768553-0.0027117865916553917j),(-0.0031563801905396456-0.002740089409192186j),(-0.0022653223991544458+0.0007988993939934386j),(-0.0005466730829848369-0.002565655723052577j),(0.0035641105734086015+0.000984448566131235j),(0.004970713988468384+0.0028393319137945427j),(0.0019800467185457638-0.0012874149161619336j),(0.00029054409495512146+0.0009223016611374464j),(0.0010084046429151073+0.001573710765385017j),(0.0061591194318549305+0.003231005581129842j),(0.0037128460934459234+0.0012849897130570473j),(0.004942779399935501+0.0028547140647974534j),(0.001903254218055468-0.001114838137200078j),(0.0007240939423182837+0.009176876098968735j),(-0.0032537609464307637+0.002175294980752788j),(-0.004485553430163963+0.005088926148459052j),(0.0007281886773984214+0.009125964397936337j),(-0.0033011928181997155+0.0019907710605663086j),(-0.004471162442710378+0.005055363468025821j),(0.002281278245113686-0.004835813164428054j),(-0.008794484147243872-0.0029316708811597003j),(0.006684421460923548-0.005093764264466812j),(0.00037388034056989725-0.0034795021610871347j),(-0.004065872015190463-0.0030554896346677318j),(0.0038422972952209676-0.0036408469416337867j),(-0.0011983354669855397+0.0006485765723989756j),(0.0011819365939284483-0.0013416840026258456j),(-0.00116160937779789+8.691235066358955e-06j),(-0.001336482048057821+0.0008751020769370276j),(0.0014928871828006126-0.00036228666356948985j),(-0.001785643383896444+0.000701617325166228j),(-0.001227671973186754+0.0007734170497811427j),(0.0013701078267880293-0.0013030131031075791j),(-0.0012886130943472515+0.00010998001044880709j),(-0.00132258325622161+0.000775210523914421j),(0.0018086506295274787+0.0012457931416949757j),(-0.0023323599766263+0.0015635363737049903j),(-0.001342764870839489+0.0007951817911800408j),(0.001778942076504588+0.001502591096718624j),(-0.002406611452533797+0.001694647924821273j),(-0.0013087252130143086+0.0007573017728294628j),(0.001855269694877713+0.0012710308843466532j),(-0.0023418888340368525+0.0015802893345717702j),(-0.0012290593123836769+0.0011635957093753058j),(0.0021786395284596975-0.0006595479495143354j),(-0.0017516933013205457+0.0007044281043087175j),(-0.0007330683726613997+0.001559352551703969j),(0.003956004631038601+0.002066861768751906j),(-0.0022769730339242933+0.0023397058577143046j),(-0.0006813633282150498+0.00163305931987477j),(0.004145962145714486+0.0023254227447834707j),(-0.002322527589321525+0.002518389223276963j),(0.0022831831560872857-0.0048385263089449045j),(-0.008798322265479138-0.002931902786515664j),(0.006686698779405624-0.00509518749635671j),(0.006226520658332941+0.011209950456424624j),(-0.01711825214340621-0.0005822471775345235j),(0.0060621534861383395-0.0029648964084372145j),(0.005030022934245805-0.011638918781135864j),(0.0021801322004707403-0.004461595875032593j),(-0.008219311664118245-0.0026959541455903197j),(0.006162659138005323-0.004696514055997735j),(2.7212855212353225e-05-0.003777512223053131j),(0.0026963891265227953+0.000737307701805499j),(0.016395964077485163-0.012629046642513613j),(0.9567524990652125+0.07700431879676677j),(0.012319745812202151-0.021273388773518028j)
94,(-7.17454274078485e-06-2.4573733931270777e-06j),(-7.823231225147161e-06-6.971969085429657e-06j),(1.4997773970092259e-05+9.429342477441559e-06j),(-7.5512512801933305e-06-4.191526757930916e-06j),(6.053956485726278e-07-1.3655801901039452e-06j),(9.478601741208212e-06+6.6058008876231756e-06j),(-0.0003130068290567869-0.00024082674169275843j),(0.00022081546785838294-0.00011636715088128691j),(0.0010093413938552216+0.0005054168865123854j),(-0.0005314652115308163-0.0003907192694815557j),(0.0003337015823309765-0.0001905037962895934j),(0.00159707359451236+0.0008167930343930815j),(-0.0049151307740878305-0.002878573481247001j),(0.0014579605533583677-0.0014446035788082015j),(0.01009636033746146+0.005926464494877788j),(0.002034319076127336-0.0018561339139494433j),(-0.009575266275846544-0.0010852335858253096j),(-0.00515269735230426+0.0016071428709654514j),(0.0025549132237570665+0.00735017516981199j),(0.0015616814023773668-0.002962812562850479j),(0.001667870385614197-0.0009554094930110968j),(-0.0006631210568585575-0.0015762428594098066j),(0.0018446069461617344-0.00313376843989574j),(0.0017255236506854815-0.000961543403764749j),(-0.0007627274643726681-0.0017302327877945782j),(0.0018457107233324432-0.0031310305098712493j),(0.0017249487773339234-0.000959881393807467j),(-0.0007634219202805028-0.0017303271007266775j),(0.0018368209687178161-0.002987532999718415j),(0.001988824764929551-0.0031208269193458275j),(0.0016599302773257364-0.0008653367470369674j),(-0.0007801209889977361-0.0016861182180367858j),(-0.0007227155862382436+0.004320494683690326j),(-0.002306929249509728+0.003894037005678417j),(-0.0014202938449586725+0.0015249209806848028j),(-7.31254015775912e-05+0.0006916990722942794j),(-0.0006130466764483477+0.0014791929707914351j),(-0.0029111796309075834+0.004481971039614727j),(-0.0007647064629604212+0.0046368703821012556j),(-0.0023158947406274515+0.0039231949496314695j),(-0.0013498097178676234+0.0015552851449537244j),(0.0009461482433461101+0.006585765615772396j),(0.001245369937345143-0.0006660574533851687j),(0.0022307087900819314-0.002340027701391859j),(0.0009563728756449777+0.006553573043179829j),(0.0012836992935459533-0.0007744699403746732j),(0.002200073585374658-0.0023930043577174436j),(0.0010781720152651694-0.0014363953539122413j),(0.004994434151451993-0.007159720809294363j),(-0.007933791444586962-0.0026741255083131722j),(-0.00023512291743713694-0.0014111922154156833j),(0.002074150181481192-0.004442098346167567j),(-0.0044439232670071376-0.0011502668973937702j),(-0.0005982494134544478-0.0001578632712376915j),(-0.0011373778123926108-3.027095333285657e-05j),(0.0009148787559584645-0.0005260623916864147j),(-0.0003757424960736733-0.0002602278353701938j),(-0.0013023468865002348+0.0008076659703104393j),(0.0017859860433341714-0.0002634093666492646j),(-0.0006410286759384732-9.452443713565483e-05j),(-0.0012373331698145782+0.00010870615097075414j),(0.0010457349690157366-0.00048755930293837673j),(-0.00014288925603540584-0.0004598811147030588j),(-0.0013701138871347648+0.002052369937329448j),(0.0027269290891908126+0.00036867760139423035j),(-0.0001074409474236829-0.00047208750688346255j),(-0.0013524521153059788+0.002213132150274539j),(0.002837979402879036+0.00045707453403754197j),(-0.00013986171786484878-0.00046946611928169935j),(-0.00138488634242408+0.0020906001448034177j),(0.0027555068059260295+0.00038754528780170986j),(-0.0008149344965614039+0.00015841739380014752j),(-0.0015562368569979992+0.000993233706588851j),(0.0016488824128134574-6.645267079070867e-05j),(-0.001019978440691476+0.0006894066173737019j),(-0.0017678043213275915+0.003631734988622833j),(0.003048423729882572+0.0016507522709744314j),(-0.0010357339943797832+0.0007703110987783391j),(-0.0017873650511856954+0.0039029208429630577j),(0.0031972143622934343+0.001825688763722277j),(0.0010791565793782515-0.0014368612084906124j),(0.004997372377591018-0.007163196348482943j),(-0.007935889715454869-0.002677693657401218j),(0.0060458112213506564+0.004329295398164289j),(0.005463972906753623-0.0029419593994059858j),(-0.015048003407546558+0.006398519742553277j),(-0.0017353218050384092-0.0013328130858068269j),(0.0009975936614980117-0.0012442309638133957j),(0.004669739367768802-0.006667863991988571j),(-0.0073320399505012-0.002560416363065458j),(-0.00047046637904333286-0.0017369908736086929j),(-0.001671336657763001+0.002089821947960929j),(0.01525370431010428-0.016362641450310998j),(0.012319745812202151-0.021273388773518028j),(0.9604847509969405+0.08296720059653176j)
