,0,1,2,3,4,5,6,7,8,9,10,11,12,13,14,15,16,17,18,19,20,21,22,23,24,25,26,27,28,29,30,31,32,33,34,35,36,37,38,39,40,41,42,43,44,45,46,47,48,49,50,51,52,53,54,55,56,57,58,59,60,61,62,63,64,65,66,67,68,69,70,71,72,73,74,75,76,77,78,79,80,81,82,83,84,85,86,87,88,89,90,91,92,93,94
0,1.378893093491537e-16,2.8270118162139593e-16,1.222594031248398e-17,-7.106655176943549e-17,-1.178573149890823e-16,3.863093641545872e-16,1.8744878904852024e-16,-4.5345000672308377e-17,-3.1517906054589387e-12,-0.3056662830872303,1.0029705378437822e-16,1.28922331580477e-16,-0.0762331942972772,-0.004307336638217577,-2.2883278582989016e-16,2.965693816814422e-17,4.390586953638574e-14,3.3013658534308246e-11,-1.1027284864149695e-09,2.0868207799891046e-16,2.716293835414346e-14,4.226179725994825e-11,-8.514184419424638e-13,5.176863692434588e-16,-1.8714605331809507e-18,-1.807269649964533e-11,-9.514631893196675e-11,-3.719080603351061e-16,5.185473940028887e-15,-0.04349885052340812,3.274788545933778e-14,0.22212592839718528,2.1992149504773066e-15,9.340686502234914e-14,-2.2052542075785376e-14,1.291424142498572e-11,0.6982766768642906,-0.11084845214150649,0.10664925443475028,-8.471897594005323e-06,-6.290828322693213e-14,-2.6060248315437706e-13,-2.247703467435917e-12,6.599537191886992e-08,-3.3598230207571568e-09,5.9042109295107756e-06,-3.3419266353279386e-07,-2.7289191622804845e-08,2.322835849474523e-08,-0.00034982200234667885,-0.00682391766508613,-0.00026531646766551995,-4.4361649308561356e-05,1.239894919214303e-07,-3.4352386117539e-08,-1.1251581768150447e-08,7.977165662784563e-09,-0.00865868168430425,-1.4077008600965245e-07,-3.2040403702256335e-05,4.44346800919793e-07,8.998777301758297e-09,0.06751891175056406,-1.1653772263971745e-05,0.001157725140077201,-0.011391745289724232,0.0015535420757383455,-0.0007285868036130044,-0.0003393753948981098,-0.00044914943364577877,0.0035964872021436766,0.006545285639533585,-0.00243323632351931,-0.001211014648285785,0.00021170536224346913,0.0009445212414399929,8.023463348725593e-05,-0.00232574129499608,0.00036034995722073723,-0.0024652834701034943,-0.004025720181386672,-0.002241701532007284,-0.0003603540028981679,-0.001939065329357513,0.001331267908001404,-0.0014622881841239363,0.0003382019982818468,-0.000474224430465628,-0.5773502691896111,1.0512107783583759e-05,6.34357838036198e-05,0.0008819007113827801,-7.012940337663176e-05,0.0003261459186896072,8.522067371493779e-06
1,-1.4021575387878237e-16,-1.5620755046366698e-16,-7.231636973779824e-17,-1.9411397566661467e-16,-8.718320258844857e-17,2.813280317083212e-16,-9.01982373513719e-16,2.1675097360730262e-17,8.438014848387679e-13,0.0891908032549841,1.0943513020644739e-16,2.4275285970813545e-16,0.3102083665792944,-0.021834923166109594,-8.936060986824567e-17,5.104761525508385e-16,-1.4025413511749276e-14,4.822521739735995e-11,8.23157836356342e-10,-3.2830224120523113e-16,-6.973190993969452e-14,-1.102742692439706e-11,2.539943026906349e-13,-5.389683421777215e-16,-8.533271363996787e-17,-6.018806201465334e-11,-5.794217080783862e-11,-1.1459251995078738e-16,-2.4226840792003536e-15,-0.013175084559984375,-1.3842967117487622e-14,-0.07907366551888134,5.235543955869497e-17,1.2628966900751048e-14,9.405994713382968e-15,-4.676448195321853e-12,-0.2211299025049407,0.4965669828679178,-0.5073765665834535,8.999732540959037e-06,2.2801428453565952e-14,1.8437425098686162e-13,2.7644555124559716e-12,-4.12821164872677e-08,2.090669099645545e-09,-3.6772447701528116e-06,2.0430806607720568e-07,1.6530902668616997e-08,-1.2487485654869412e-08,0.00021367108674051765,0.004447265598140378,0.00018240602884279943,1.7252478921019697e-05,-9.266303608531955e-08,4.247388915464543e-08,-1.2097813285048666e-08,-1.030584490887789e-08,-0.009236884257257773,-5.9528302022567e-08,1.9751229301488642e-05,-1.6009304212656816e-07,-1.3005199582294922e-08,-0.021735420157784735,-4.2784821346359265e-06,-0.001006414226739429,0.04480008830663121,-0.0019287829729360733,0.0012944585601569057,0.0018616771384022842,0.001756501557810161,-0.005310374975881566,6.619386217447528e-06,-0.0023164927787393003,-0.0015009120776910885,-0.0003660472124700195,-0.0005688943001981483,-0.00011679721808602268,0.0001734268720481379,-0.0026476120739135777,0.0006856232882867623,-0.0007721851856965022,0.003261692176460992,0.0005138472378865121,0.0015791652718005617,0.0006174059394844232,0.0022017405791397836,-0.0005268421298033846,-5.484303927868608e-05,-0.5773502691896303,0.00013840233585451196,0.0014508864810110177,-0.0001699323814495305,0.00021325089774281038,-0.000674522670765624,-0.0027735484848736796
2,8.49590104798047e-17,-1.8743945598874506e-16,4.451182533593245e-16,4.040417547140349e-16,-1.4530875129099645e-16,2.0415173908942104e-16,-9.323931708290093e-17,1.4309148602336788e-16,2.308197308631564e-12,0.21647547983224613,7.720048627285828e-17,4.705106389576772e-17,-0.2339751722820176,0.026142259804327425,2.1689040256789522e-16,-3.359949487746098e-16,-3.028117524612268e-14,-8.123805232866266e-11,2.795751794115277e-10,9.300693218674338e-17,4.2557008780406424e-14,-3.1237173292610725e-11,5.976476767879953e-13,-1.689311779097432e-16,6.515447902520729e-16,7.825908537016682e-11,1.5308635468085225e-10,6.269833381338669e-17,-2.222098475386278e-15,0.05667393508338164,-1.9172621788624594e-14,-0.14305226287830788,-2.7688279947944493e-15,-1.0578104356051863e-13,1.2725372763695223e-14,-8.237772281374358e-12,-0.4771467743593445,-0.38571853072640994,0.40072731214870344,-5.278349486696004e-07,3.90280409670802e-14,7.612418345249498e-14,-5.165488838485495e-13,-2.4713254913023196e-08,1.2691538142716005e-09,-2.226966162083886e-06,1.2988459778961385e-07,1.0758288895005658e-08,-1.0740872962414897e-08,0.00013615091561250403,0.0023766520669460463,8.291043882479245e-05,2.7109170386310706e-05,-3.132645592453057e-08,-8.121503139745764e-09,2.3349394386835334e-08,2.3286791870373813e-09,0.017895565941576815,2.002983876608486e-07,1.2289174401231053e-05,-2.84253758549992e-07,4.006422243199422e-09,-0.04578349159274765,1.5932254398789645e-05,-0.00015131091333779855,-0.033408343016911174,0.0003752408971976129,-0.0005658717565442076,-0.0015223017435039919,-0.0013073521241644627,0.0017138877737421375,-0.006551905025733106,0.004749729102249391,0.0027119267259729917,0.00015434185022688727,-0.0003756269412390833,3.6562584600375636e-05,0.0021523144229430853,0.0022872621166957095,0.0017796601818296071,0.004797905367113,-0.0010199906443914618,-0.00015349323497652057,0.00035990005757833643,-0.0019486738474847102,-0.0007394523950178541,0.00018864013152741633,0.000529067469763283,-0.5773502691896361,-0.00014891444364179332,-0.0015143222648178586,-0.0007119683300446248,-0.00014312149436580853,0.000348376752622919,0.002765026417502326
3,-4.997930031380763e-16,8.245997559165407e-17,-5.358987467113801e-17,8.368241452564306e-17,-2.08688609948724e-16,4.773279761426218e-16,-8.785402131343288e-16,4.2242564011600884e-16,1.0451912303809603e-11,0.7023750572036307,-1.1391557145346544e-16,-3.3374661886473357e-16,-0.17013578310579727,0.6057085825064742,4.685087108754228e-16,-9.319639752668964e-16,-1.383476426850621e-13,1.4103457718553938e-10,2.750919817903448e-09,7.253895116155612e-17,-2.742070888720553e-12,2.1753643223017986e-11,1.4919750047377178e-12,7.414930244239401e-17,-1.020762519382322e-16,-2.959498535908746e-10,-7.595172731318975e-10,-2.601319727678793e-15,-6.716154364905796e-15,-0.0684923594133294,-3.2409417593001e-14,0.012173042218740143,1.5820835645254424e-15,1.085237352963355e-13,4.100509734887907e-15,4.655830794131905e-13,0.30026479792745714,0.08247322420312592,-0.0587232407650468,-1.1852210655091388e-06,-8.352811329383553e-15,-1.0769118129754906e-13,-3.1568279623435657e-13,2.064209937244235e-08,-1.0505722896602144e-09,1.8410065425468623e-06,-1.0386848629127896e-07,-8.462911222160618e-09,9.538061413073964e-09,-0.00010180790879767585,-0.0020188168098812754,-8.35590977612261e-05,-4.6421847188797056e-05,5.979086661854693e-08,-1.3190546015601488e-08,-3.179059060930308e-08,9.78436955334019e-09,0.020748815386212007,-1.3625390374180622e-07,-5.981977161657241e-05,6.573675965536456e-07,2.6128612159842162e-08,0.06814240080166377,6.421902266761768e-06,0.0006914153071042733,0.017210352465413702,0.0017398478671936009,-0.0006047527864817735,0.000384509942334316,0.0001309781887660125,0.005340568121964681,0.009393183215784154,-0.0037657452553075035,-0.001954699380085749,0.00030476716912405266,0.001081200844801563,0.0001375818580020136,-0.003683725985273914,-0.00034303925537777574,-0.0047238152605330085,-0.004561123914985257,0.0001709598076633852,3.733742643128904e-05,-0.001804932708916207,0.001322723249458268,-0.0030053232460527986,4.4618020336980206e-05,-0.0005776615353995249,1.1836111480770857e-14,-0.00019118725285203407,0.001027999323539476,0.0009204484515957801,0.0005238290111907768,0.0002471126510697201,-0.001966233438568928
4,3.9644874330005986e-16,3.1175568274838937e-16,1.4900150242122925e-19,3.4048591038194176e-17,-2.9748534187815857e-17,3.493093086515866e-17,2.6242773181908206e-17,-1.0660398770102647e-16,-1.2581012632922127e-11,-0.5598004088402071,-3.342973933307336e-16,-2.5225268362544026e-16,-0.47473679267663255,0.5906863449513622,1.2655093294120608e-15,-1.0168903744268596e-15,8.41406745871461e-14,2.9362220281927177e-10,-1.7215860205796424e-09,-3.369588921314419e-17,-2.6542499343912443e-12,1.3282034917964318e-10,-6.891871158523973e-13,-2.920984960725657e-16,5.069930535671532e-17,-3.2028215760871836e-10,-8.633519579248108e-10,-2.9153663883881e-15,-4.416105848913742e-15,-0.06764235686724138,-1.5257214001535426e-14,-0.03804820042913552,2.701115668684825e-15,1.1263809038310792e-13,3.2023680391640086e-15,-2.2928046984181528e-12,-0.2320377572189189,0.17674906845991226,-0.12746242319742263,3.9980962761472714e-06,1.1146166095593004e-14,8.18643484972907e-14,1.6667133391201447e-12,-5.040831896882876e-08,2.607676050098607e-09,-4.788929886857785e-06,2.733116268490525e-07,2.2416143579373216e-08,-1.7872735688954178e-08,0.00033973192302927635,0.006791575649432767,0.00025532774312395936,1.3451060562192657e-05,-1.021723926316397e-07,3.405186233835901e-08,-1.5430357456135677e-08,-2.2027172431747396e-09,0.03524021595383597,8.671292341220563e-08,-7.34742739381546e-06,-5.7809050024844635e-08,1.1442053422545227e-08,-0.04743106187975405,2.5947858946293677e-05,-0.0013344345220346842,0.037324125056380955,-0.0010313402200953148,0.0006933940839586395,0.000988128786664655,0.0009301631078195368,-0.001149357367317819,-0.0025014586964552865,0.0006844868554541855,0.00026135570374322993,-7.697493303604229e-05,-0.0006562158942656798,-7.709467222776856e-06,0.0006436257293862703,-0.0010104286527399518,-9.125859055606332e-05,0.003014901682378553,0.0044189193512200135,0.0007203501769001856,0.0018502046022102472,-0.0011635410763442186,-0.0002732016136095409,-0.0006017792671855787,0.00032846956848910287,-1.2743157710082758e-14,-0.00021128265773980907,0.0009082406212164314,-0.0007606042434567298,0.0006576423398355395,-0.00037497055753566984,-0.00198200323383636
5,-3.1016100950179136e-16,1.0941041540998048e-16,-1.4900831016329506e-16,2.4312892275876715e-16,2.399440327713907e-16,-2.298412287322399e-16,-5.930908505816595e-16,-3.68720111441745e-18,-6.4153580683592805e-12,-0.1915084188693666,-4.619814455425365e-16,1.4974580197187753e-16,0.7647466437500114,0.5145350174956091,5.282134948965429e-16,2.0478356823948597e-16,1.1580808544543582e-14,5.165224776024083e-10,1.6170089033906541e-09,1.2277053777645916e-16,-2.879428502149387e-12,1.0384276545563573e-10,-3.8740624139764205e-14,1.0352282211156874e-16,1.774373882386714e-16,-4.013143744879687e-10,-9.265857758564175e-10,-3.2537331443206972e-15,-5.607888384759206e-15,-0.06738490511191426,-2.3035306946655756e-14,-0.020170153630467445,2.529434909683876e-15,1.1353091852075168e-13,3.178263243736799e-15,-1.2942221924062283e-12,-0.06346845507463329,-0.24557772668697084,0.19955955700426656,-1.5081635955361606e-06,2.9426350071373994e-15,-5.2364298237863745e-14,-7.713252414082406e-13,-5.964116568550409e-09,3.313100062406186e-10,-6.596907145081081e-07,4.27232633371356e-08,3.710618789523595e-09,-3.1367855102438185e-09,7.003963646444877e-05,0.0010496899448512716,2.234181723382549e-05,-9.83382841343487e-06,1.8870182029355146e-08,-2.435947509709486e-08,2.1603290640031307e-09,1.3283617348091826e-08,0.05069931176645982,1.8100026096396556e-07,-3.969387696868917e-05,1.9986087100404085e-07,3.2667339963465503e-08,-0.010226111365265586,3.3116478250144395e-05,0.0004266433182083705,-0.04177690514903851,0.0024091976842456285,-0.0016129849507016875,-0.002323081806949423,-0.0021952322509189407,0.008433309267252687,-0.0025134880001398035,0.004921202561466291,0.0030078987326460278,0.0005830727431186521,0.00039024705072879,0.00020379050306366063,0.0003209419150903398,0.003893105234405303,-0.0013796251316614077,0.004468081354390657,-0.0017618929518864541,-0.00025359270271418867,-0.0011265212553229344,-0.002316603020262656,-0.004386907195456195,0.00040516133455867055,0.00043326168912898196,-4.6045555292546945e-15,-0.00047585861466270226,-0.001830848765918213,-0.0004366842329044,0.00025074008358584083,0.0009115984399895563,0.0031503537242066723
6,1.3034289883978298e-16,5.162232529456435e-16,5.952746037987629e-17,2.6792426644928317e-16,1.5465586885874478e-16,-1.2979860530893313e-18,1.39982330935224e-16,1.7077254963183462e-16,-8.06378360520573e-11,-0.0664886108320718,4.908532751989463e-16,4.4373384812447754e-16,0.004826492263294005,-0.07372639134953858,3.11586271121714e-18,-1.2021658170477563e-16,3.30748265438996e-13,-5.003555272066834e-10,-9.078396761100505e-10,-3.715464076119453e-16,-8.12107496089482e-13,-1.3051215650281293e-10,5.693635799618097e-12,-1.2319047367137702e-16,1.7266114152408842e-17,-9.314982775323965e-10,-2.8925117583134403e-09,-1.0976414454828422e-14,-5.1246515732954837e-14,-0.24013436831019458,-3.0232328909239856e-13,-0.6881998714324289,-2.7879588096012015e-15,2.761832982895836e-13,1.0241254411961337e-13,-4.1626797211038495e-11,0.12599607754413025,0.17333637286512563,0.21350664427481403,5.530115823638458e-06,1.541468761559602e-13,-2.1966075220272926e-13,9.404341192337426e-13,4.2315178985924043e-10,-2.1888664091341557e-11,1.0286562738922599e-07,2.465142021267486e-09,5.75859199688812e-10,1.9531839033221897e-08,4.354758710805328e-05,5.624696795979165e-05,-5.77411169946035e-05,-0.0003090211929739788,2.3781145826873389e-07,-5.5167697303094713e-08,-2.616153226809378e-07,8.021285480588727e-08,0.2509574523127405,-8.47682080988516e-07,-0.0005218035846179378,5.332746521435595e-06,2.4816055955266765e-07,0.5003269068185695,0.0001089859530485129,0.0040341106973403335,0.19458890000098128,0.014345598052890188,-0.004691509083191379,0.004205961423846581,0.001939325736310814,0.04764873303192593,0.07898942358600194,-0.031411459844774454,-0.01635240678565268,0.0027278468709815086,0.00877792692634972,0.0012592365456234403,-0.032254363325577046,-0.003815461319923835,-0.04338321415269734,-0.03624022469234058,0.007929249441740893,0.00138474159055595,-0.013871510151777991,0.00978636755225004,-0.02848748826998017,-0.0004330927750934505,-0.004768375168977494,7.418722883194804e-14,-0.0021458784868538376,0.01045074627822336,0.0072605681647807205,0.005843875229652796,0.0018446142406745108,-0.020050233265999518
7,2.025568594664288e-16,-2.2684458449979604e-16,-8.189194665707738e-18,1.5552638365608209e-16,4.4100179663043753e-16,-5.132475215253567e-16,1.4075491604488073e-16,8.672415482192219e-19,9.17124888216211e-11,0.057766312392138,-2.6997192495733207e-16,8.91114694157612e-17,0.025157835816774783,-0.07538576971851652,-2.5669117724169003e-16,-1.1363461415301757e-16,-1.8786058217768478e-13,-6.096584887732004e-10,-1.0452614681483557e-09,-1.3593804079337908e-17,-6.318038846118047e-13,3.0925410746923414e-10,-3.4339455229154085e-12,-7.13833086282768e-17,4.934707847131939e-16,-1.0523059021716308e-09,-3.831505744664456e-09,-1.2595966815543972e-14,-5.612027968493749e-15,-0.4852735921989136,2.0283774060903913e-14,0.3566224003246859,2.0963677268056492e-14,8.571387832398841e-13,-4.715179414249885e-14,2.0492114215160102e-11,-0.08076344173622288,0.32684197648927216,0.3838272999084816,-6.0918354189209546e-06,-9.468334064415271e-14,-2.397825884780315e-13,4.582504821853529e-12,-2.522310221358442e-07,1.3330362064763306e-08,-2.5800426569642812e-05,1.4903197876033505e-06,1.2297519723704945e-07,-9.825202105191098e-08,0.002183111754259368,0.044505238363216855,0.0016297718563956405,1.2920934916118382e-05,-6.065696515141391e-07,2.2174138603715716e-07,-1.738689989186955e-07,-5.989003681602165e-10,0.3308007890984632,4.980947014176197e-07,-0.0001506608793750573,5.241919345960466e-07,1.3451024993563342e-07,-0.31803002551165727,0.0002309091227356514,-0.01131865522857486,0.3874053689135054,-0.008010041744333554,0.0062270752292858155,0.01075094195855448,0.009778597576161414,-0.006740892212205883,-0.008194890483696145,-0.0017071186676254656,-0.002012803772544468,-0.0005381265105295504,-0.004831351776331643,3.54109752524634e-05,0.0005087303085004353,-0.012323445988635674,-0.007064182197919725,0.019734386768988643,0.044320080462732184,0.007219334667593371,0.01593129640146312,-0.007889880642841362,-0.004557379126387978,-0.00608541356897577,0.002085189611449775,-8.994033463635557e-14,-0.0020431272625235147,0.011443389834004072,-0.005795491531141422,0.007040512560243659,-0.0038821336060739014,-0.023602014639662633
8,-1.250428134624908e-16,-9.82845786430237e-18,4.1101262456544376e-17,2.961630081777912e-16,-2.1651517489791276e-17,5.065644499005464e-16,3.587968120313621e-16,-2.0878987042490572e-17,4.3710857405994126e-11,0.021565934423320002,-1.327882719895318e-16,-3.649509690697461e-16,-0.057931492279656424,-0.08134971114852295,4.8316115783619724e-17,1.429898755392119e-16,-1.5514597950744267e-14,-9.704426290187222e-10,-1.1770997919235877e-09,4.672882276098838e-16,-1.6105606164725423e-12,1.9193513355029347e-10,-7.660161537249424e-13,-7.964144060645782e-17,-2.309846619457449e-16,-1.90101442775586e-09,-4.331350455510097e-09,-1.518340317675933e-14,-2.734053475369047e-14,-0.5660875975844359,-1.1358782171999825e-13,-0.018482391058653586,2.037482161961984e-14,9.44227010711104e-13,1.4385614709345105e-14,-2.1903712657126847e-12,-0.01907135847820625,-0.3690519169672165,-0.4065877263128288,9.565725518615806e-06,-1.0192883961425562e-14,-1.5652531184966432e-13,-6.821125166493591e-13,-5.269516982364815e-08,2.825193826744071e-09,-5.361184677749638e-06,3.344073270964812e-07,2.8602199515613404e-08,-2.0425258008767624e-08,0.0005034911085980233,0.007565277852686026,0.00016789968553008937,-9.653126314926779e-05,1.4556466199656016e-07,-1.8094609574565593e-07,3.297495295205563e-09,1.0907532072453185e-07,0.42749054123190333,1.4340004214076989e-06,-0.00034837772860676523,1.8633476770732021e-06,2.7901477121102175e-07,-0.05636686678743004,0.00027680479635678245,0.004719273820573292,-0.4026489090618328,0.02286566112206952,-0.015271287717213205,-0.021892865372301652,-0.020704898817813497,0.07903755939374721,-0.021562693792424287,0.04560488934366108,0.02800098250186063,0.005458470511130934,0.004143584361452551,0.0019007941283296567,0.0026817043499405007,0.03760891938815318,-0.01287399985459726,0.04064832687925358,-0.020621360360986107,-0.003039202491793269,-0.012195207991585603,-0.02120781348826843,-0.041448592425112195,0.004434831989191349,0.00397340523727591,-3.351596363436203e-14,-0.004421075718078205,-0.018389416283606866,-0.003663595834199609,0.001832420225158923,0.009122591840806793,0.03133732151751647
9,-6.563411006374906e-16,-3.22640379455127e-15,-1.4112162913401537e-15,9.752486078719746e-17,-3.1115743132668964e-18,2.585566956166326e-16,-2.777501111230416e-16,5.480069043828238e-17,9.647223976763511e-10,0.00846173735345332,-3.5034727802252185e-16,-2.129022890028953e-18,0.0004295312873682531,0.01201217492474588,2.289722471811313e-16,-1.7365667125801697e-17,-2.667900239552104e-12,3.0414255110301248e-09,3.864375579888798e-09,-3.033483258721755e-16,5.348233901584666e-12,6.919287393510291e-10,-2.8603515583439324e-11,8.255438208602334e-16,-8.002316950625794e-18,2.247471499404159e-09,7.06022880732352e-09,2.8039290540108896e-14,1.0884486269858369e-13,0.19252063933509592,5.399984961740766e-13,0.5057377979947425,6.651831589165978e-15,-2.0292981342582038e-13,-1.1355846810136735e-13,3.132307436234658e-11,-0.20208192348833284,-0.14547439504619794,-0.14848289870516726,2.462973298948321e-06,-9.3463000997935e-14,8.085377760590167e-14,-2.0747686200016642e-13,-3.661792351071924e-09,1.8043215264934117e-10,-2.1289894006503326e-07,1.90058499632497e-08,1.8554989604565776e-09,8.411307912041737e-09,3.7621863838611636e-05,-0.00012345691769627596,-5.623850176692985e-05,-0.00023783085710463075,1.9238566588504354e-07,-6.855610496850483e-08,-2.3015118690535209e-07,8.723579816353685e-08,0.3288622816805591,-8.335629553419394e-07,-0.0006330278648506296,6.1587476974163105e-06,3.0528607933146386e-07,0.6438141120970904,0.000147178409119196,0.005605767873295377,0.25448204466487645,0.02069673612292321,-0.006971486328169661,0.005236078761336089,0.002120484015632444,0.07002663181087172,0.11406154079300719,-0.04526577304917303,-0.023521259248198655,0.004026527605939774,0.013064357111862834,0.0018565762829097021,-0.048860760422927925,-0.005296048694681418,-0.06715797333409267,-0.05560204472543416,0.012782105013167505,0.002231197053495801,-0.02147786336118722,0.014644414240725202,-0.04400197862998939,-0.0007513909627171475,-0.007558712235371013,9.759972950927145e-14,-0.0034510212684297666,0.016263276773040285,0.011432148956752321,0.009363925123779529,0.002908509962330867,-0.029803359532937602
10,4.744103345826229e-16,-3.8969619320629326e-15,-1.1016391599725102e-15,-2.621536981734431e-16,-1.2201224062211605e-17,-4.300121363571354e-17,6.289287845087253e-17,2.8154703689994344e-16,-9.90326437923123e-10,-0.007989831585986932,3.4370552086312673e-17,3.0452588713095883e-16,-0.0014155798815747545,0.012941347072242456,-2.401989896541579e-16,2.100437892742993e-16,1.48982554553902e-12,3.2466156831841287e-09,7.443131938375314e-09,3.356756650452795e-16,3.3934649458724705e-12,-1.470931504199405e-09,1.5978978214923874e-11,2.652765934030291e-16,-1.483793577185597e-16,2.0577895787834328e-09,8.866611207017955e-09,2.863508482960161e-14,7.64871864473933e-15,0.37413557240044415,-6.861443490782853e-14,-0.2538614603527248,-2.420039379865945e-14,-7.376067382245416e-13,5.763464725358077e-14,-1.5249426028900638e-11,0.14942280098785987,-0.284000733373169,-0.26020027138821106,3.611117714358779e-06,4.964671364825125e-14,-4.1049320353081124e-14,-1.3800788593713956e-12,-6.449021210951675e-08,3.7077287580590768e-09,-8.67239303919851e-06,5.224637315617974e-07,4.4002796625050005e-08,-4.3121387554235224e-08,0.0012526085083179042,0.027049507990702416,0.0009302547839452683,-2.859757386082382e-06,-3.3624904316046894e-07,1.2487517872670606e-07,-1.4111969832276587e-07,1.3664601657026808e-08,0.43297651727754194,7.015258341774012e-07,-0.00020135393522195452,7.153991126814371e-07,1.7790272364812153e-07,-0.41016323020864837,0.00030144648281949936,-0.014860740391550276,0.5080573914351678,-0.010178539684231548,0.007993882933533238,0.013924487443447575,0.012645846006989923,-0.006804273555099193,-0.012156300402189143,-0.0015209007667143898,-0.002346714441097483,-0.0005714914301163613,-0.007022924348146625,0.00011474134938850172,0.0005748466303829675,-0.017919774765785722,-0.011388857631347858,0.030534313692207056,0.06976055827883626,0.011370144150201994,0.024613410987568363,-0.012212411664957838,-0.007634515628272545,-0.009758989917907095,0.00326323530290048,-1.0910955765432632e-13,-0.003271821626819389,0.017893913005242956,-0.009133657567111944,0.011281282438592026,-0.006194571446757525,-0.034994647310549014
11,2.700427862286389e-16,-3.4766029064526574e-15,-2.8460020128202252e-15,1.1584938902359019e-16,-1.668403262585249e-16,-4.284620806292717e-16,-1.3766525113382802e-16,1.0413550873773771e-16,-4.267650300469408e-10,-0.003252845863956782,5.4679863660237547e-17,1.7031905820087932e-16,0.0064647250852121994,0.015282586654794287,2.8738583485727137e-17,3.0506606579258286e-16,1.2661811110070044e-13,6.341001869609908e-09,5.16425756204197e-09,1.9215916375901745e-16,1.0772213718106704e-11,-7.915668646026491e-10,3.8763816470431385e-12,-1.7105842919057174e-16,2.6745273618952325e-16,5.402852478465559e-09,8.873844476462729e-09,3.075783943871401e-14,4.3932399721690925e-14,0.4358991753367318,1.4787186396138022e-13,0.01973457795707359,-2.4365085631656038e-14,-8.187317834660032e-13,-1.6469673789465978e-14,1.7950205620244221e-12,0.04193801385746506,0.34475101331198454,0.2510046024376918,-4.68288875983099e-06,2.614295203591715e-15,-7.446526139365242e-14,2.370635308681843e-12,-8.621669494020885e-08,4.557304596691987e-09,-8.752931239635176e-06,5.133966643824336e-07,4.270167870631986e-08,-3.0130307533883154e-08,0.0007645260190029767,0.01398981848113548,0.0004480517815539721,-9.735840128683339e-05,-1.438136860377836e-08,-9.149348829433637e-08,-4.966913026657492e-08,1.0680552864615047e-07,0.5533626570842273,1.5103091165009984e-06,-0.0004419631706790227,2.429642909369723e-06,3.436132047334582e-07,-0.07168463077401732,0.00035768160128041255,0.005835062168445516,-0.5231519704092448,0.03180672950290355,-0.02102399956263339,-0.0296448199366728,-0.028135656534850815,0.11329504777559561,-0.029808880177319787,0.06615266620220746,0.04069493890805543,0.0077978076384691,0.006174584193916863,0.0027517856210017497,0.0037195215972609815,0.05624559669504015,-0.0202632974755038,0.06290711845539972,-0.032413230662337374,-0.004779685242053128,-0.019010987873724395,-0.03237893360260039,-0.06367941888831985,0.007132019693222334,0.0063382550265345845,-5.636336429064455e-14,-0.007065688379602936,-0.028626383444352966,-0.005794095801118624,0.002896345449828974,0.01455834829910987,0.046348470587471234
12,5.79571430910075e-12,1.990657956889956e-11,7.805788519305892e-12,-2.1311340694444375e-16,1.2086611687986445e-16,4.7093626944333766e-17,-1.1653903591619954e-16,-1.634825413320904e-16,-2.2458404502719232e-07,-5.133614705114369e-05,-3.041562978808333e-17,-4.107792864223079e-17,-7.59865869362706e-06,-9.217546810921004e-05,-1.2969889063034068e-16,2.767614969188352e-16,4.3982695673715244e-10,-3.6541274546605467e-07,-5.062018092809737e-07,4.933440165681367e-16,-4.672229480597834e-10,-7.285512931395805e-08,2.8158443380880013e-09,-3.002188614087436e-16,-9.207993095074418e-15,-8.840503257159362e-08,-3.411728297833286e-07,-1.3627788339530614e-12,-4.5771475975304595e-12,-0.0046730206905259645,-1.8155302466997407e-11,-0.011734644119531422,-3.173622380041574e-13,-1.555751987446081e-12,1.655444996311957e-12,-2.750168679188267e-11,0.006870214543608916,0.0035375905074296362,0.003400387557231439,-0.00017294794636963143,-6.909089120724164e-13,2.7882442899378898e-12,-4.53620592862442e-12,-1.6687029427735863e-07,8.382569589372876e-09,-1.5170839417271087e-05,6.965335590336175e-07,4.9668518842123834e-08,-3.971560052566816e-07,-0.0002895202818493857,0.002502680885742561,0.0010200101153705616,0.004598880661215478,-3.5798268135707924e-06,4.146088819805934e-07,3.3016518763246453e-06,-6.2353317288382e-07,-0.09208960825809186,8.432395680770761e-06,0.0017716403510765733,-2.7884719262910065e-05,-7.387107231011906e-07,-0.18959452000103483,7.957952823402616e-05,0.016894144433438014,-0.06686215341947013,0.0816979965604185,-0.035650754248759804,-0.012379560274340505,-0.01856865125518308,0.32122940836989433,0.4560283280030243,-0.17763673903155439,-0.09042400213698472,0.01911215063030873,0.06865384427409621,0.008704882036403181,-0.28627973207196333,-0.010003108754197076,-0.44815047874725383,-0.36252040503957106,0.09279387259405902,0.016302487970361847,-0.1492103477662162,0.08229479305183292,-0.2876947906226966,-0.006617274616706502,-0.05896042000600087,-1.5216489214110012e-14,-0.02759925674781921,0.10988222501661789,0.08680940101054134,0.07353108319834842,0.022517906617256795,-0.14585196108779322
13,-6.2103163045721476e-12,2.270292629992036e-11,4.014509408563941e-12,5.695752674239071e-17,-1.1132106455602e-16,2.0047889672746312e-16,1.7754760794516985e-16,-1.3802215299494147e-16,2.1191023088507255e-07,5.5425219299151496e-05,-4.598907228880306e-16,1.8827157797019715e-16,2.8922556129284157e-07,-0.00011057135016740836,3.4575613561695246e-16,-8.66211103641637e-17,-2.4108673257056535e-10,-3.214135376734011e-07,-1.000688395359104e-06,-2.082178333128194e-16,-1.2593077862487808e-10,1.3667124333783843e-07,-1.4401032796445966e-09,-6.521720762519746e-16,1.1373649344237523e-14,-3.749012697271333e-08,-4.1223786888327064e-07,-1.3122056750773158e-12,-1.1099230494905739e-13,-0.010992793115300227,3.362434908417223e-12,0.007369817109121633,3.287276721974212e-13,2.9473026563355214e-12,-1.1649960622624335e-12,2.7069068350505714e-11,-0.008405348228911503,0.01199260801901268,0.008541015094961494,-1.3342161512067376e-06,6.3418349872038e-13,4.379399845696796e-12,-5.356220098508054e-11,4.579169619070372e-06,-2.4260010587029827e-07,0.0004703088385963541,-2.7150500788193848e-05,-2.239349235211136e-06,1.7741584260248997e-06,-0.03723128663959472,-0.7437953720943211,-0.02785229974296415,-0.00038748944145790656,1.0547091752248298e-05,-3.9467876227994105e-06,2.4270795417655728e-06,3.396062292670472e-07,-0.014415469681659566,1.3023787687965257e-06,-1.8985494038719009e-06,-4.503224276676116e-07,-1.3855261817872726e-08,0.02118421006221739,-1.9079205473168344e-05,-0.004198969295325167,-0.026846970104816285,0.010650444579615887,-0.006582649907615716,-0.009415475606277559,-0.008900706776871412,0.08097938275157919,-0.0880902029973772,0.04791369080553343,0.022232342280696395,0.0054850692959836946,-0.031351073454636044,0.0027553405654625403,0.006408721030923838,-0.06769783863016736,-0.08146757679027956,0.21986272593798425,0.5051543073938453,0.08262444594998145,0.16446310489598848,-0.08715918740533396,-0.06997747929765556,-0.07809504819439324,0.02521419787850425,-6.053299714350209e-15,-0.026173279104873052,0.12021172654188785,-0.0702105469813101,0.08911540491330142,-0.048107795947345995,-0.1615236980455266
14,-2.7970946433884734e-12,1.4485759771155364e-11,1.8813755539096624e-11,-1.4081050917352592e-17,6.297046831593051e-17,-3.99482092815894e-17,1.9513626932664626e-16,4.046348434537152e-17,8.26751957244629e-08,2.318655213507833e-05,-1.826826562961709e-17,9.496367758412801e-17,-3.723025430105347e-05,-0.00012798254056531816,2.0820405746666096e-16,-7.180469277491684e-17,-2.3070840559352243e-11,-9.057725439634781e-07,-4.390051422219012e-07,-7.670091633187224e-18,-1.22461277891495e-09,5.770054134158557e-08,-4.3087034279428094e-10,-8.726105224418928e-16,4.328407471756608e-15,-3.2311750310027657e-07,-3.03963631397588e-07,-1.007418905471493e-12,-9.612260041913971e-13,-0.010403729978151935,-2.1557372302554212e-12,-0.0005446275077667752,4.4622019003986317e-13,4.121785587315822e-12,2.951837636719571e-13,6.078286746994735e-12,-0.0016656556387648817,-0.009184788557741578,-0.00506275807535348,-4.280399513104879e-05,8.813689345812037e-14,4.1671289520242164e-12,-2.503773451463507e-11,1.1139287341107967e-06,-5.663909705005497e-08,9.25044056409181e-05,-5.6384096069444184e-06,-4.771430396200254e-07,2.747813101830683e-07,-0.004049788282940183,-0.020568913112534726,0.0007628610384289847,0.00105585628193696,-3.6409019595393747e-06,3.3725344227230274e-06,-1.1501572040508554e-06,-1.0975765541476323e-06,-0.14815060017623174,-1.160630524278923e-05,0.00050520748460396,-1.1691783226182486e-06,-7.386484219959331e-07,0.011072302455963724,-0.00011207101144537216,-0.014531103317389967,0.1776773970800718,0.0757670171734785,-0.041582394985190695,-0.039361113111535395,-0.0412827132491148,0.40474438608162344,-0.06566269273840966,0.2676311551604129,0.16750473295340684,0.026824739287932164,0.030605386921771033,0.010921612914141426,0.008136665535019821,0.2930918898348058,-0.14851429353403187,0.4199336324570659,-0.22705072021699982,-0.03346742257662817,-0.12840612139645835,-0.19803651289213,-0.40305030863555075,0.05723424021119706,0.05012919740683246,1.0872532314551087e-14,-0.056310588241417325,-0.19420737028247204,-0.04450502207913452,0.02282162485607157,0.11374296632176847,0.2187687974684318
15,5.058305864496167e-15,-2.87313422044882e-14,-4.4491396122937484e-15,-1.2579065751153783e-16,3.0950051310149767e-16,-7.982353168241066e-17,-1.0274629273412458e-16,4.2871980514953285e-16,-6.944505040242151e-09,-2.8199144677065004e-06,1.8849599948645994e-16,1.7477035640472715e-17,-1.5065286058586283e-08,6.332388084765053e-06,1.8477312991363134e-16,1.285421450162139e-16,1.05971625721091e-11,1.5062217922347807e-08,5.1571372472598054e-08,3.6676956024075436e-16,7.614342457690424e-12,-9.411006332583382e-09,1.007167668962489e-10,2.1046803464566043e-16,-8.073443401277812e-16,3.6969457459458377e-09,4.447479304131603e-08,1.4302095788622462e-13,1.3636853840304299e-14,0.0020091833298037215,-4.651748878128968e-13,-0.0015466157314289535,-5.1529346714463926e-14,-5.178981151726785e-13,2.0726478148733427e-13,-5.630798593514046e-12,0.0028668155948807063,-0.004559116587189734,-0.002561343677071342,3.871320059318683e-07,-1.4161673846640968e-13,-1.4357716158774697e-12,2.123025495044126e-11,-2.4652618929456036e-06,1.3361356556207728e-07,-0.0002767949818320475,1.6164974016801882e-05,1.3412394267843746e-06,-1.179803907363094e-06,0.03044249120648975,0.6616616563903334,0.02377791701665526,0.00041937643905011045,-9.835951343223945e-06,4.718031068495759e-06,-4.279772504929598e-06,-8.472578090658126e-07,-0.07851174249592686,-1.0578443461009238e-05,-3.124603454614529e-05,1.2642598277251688e-05,-3.3378911578498227e-07,0.06750009677694024,-0.00010040023019545359,-0.009452670724532384,-0.05388860198754643,0.019011248051187354,-0.011899333988608662,-0.01735432929271013,-0.016332176593197648,0.12831635706686792,-0.13055523394251656,0.06705259446903701,0.03096766732430055,0.008755024674743062,-0.04176927535789346,0.004221625018340045,0.0077876348823010125,-0.08530233516574222,-0.09193666465706839,0.24547564258712648,0.5372111887437915,0.0877329130858876,0.1814790713033506,-0.10293708182719638,-0.08238008212303197,-0.07840327211300077,0.02535823088701803,1.242337632698798e-14,-0.026243436988106682,0.13122680680403048,-0.07174492055622997,0.09045568464927843,-0.0489527356326319,-0.20493357218382943
16,-6.704623847255715e-08,-1.440168186588368e-07,-4.783206735776478e-08,2.6580886297844983e-17,1.0881294820633916e-16,5.290665997804812e-17,5.4963186831102235e-17,-1.634347020338369e-16,6.568471114823026e-05,2.66852927547313e-07,-2.489350962043669e-16,-2.5509151141653326e-16,6.412358331854787e-08,6.135456505882084e-07,-8.01392603109609e-17,-3.3436748166547652e-15,-9.492166521087855e-08,5.493619270215204e-05,9.584877356914728e-05,-6.760022351201976e-14,5.0822261163672505e-08,1.0478919717844047e-05,-3.9578828586668554e-07,3.6305821018669694e-14,1.3520568549150404e-12,4.856470417822375e-06,3.0484435282652833e-05,1.2122001264952181e-10,3.7302273500520075e-10,9.641865518709804e-05,1.3314068675080847e-09,0.00023563579334815756,2.4329823591539248e-11,1.196932531246826e-10,-9.365446950692533e-11,1.3810738838485653e-09,-0.00020347108601053858,-6.627172326832085e-05,-6.716106819182254e-05,0.00662928127209521,3.327648890300409e-11,-8.627144824520633e-11,9.590084855150462e-11,4.680240035276775e-06,-2.2938034662383595e-07,0.0003689102290314723,-1.826269606648917e-05,-1.3733840205557225e-06,8.512761167943956e-06,0.002729758471077505,-0.0009787543134534937,-0.01161696511149758,-0.07067396505045419,5.180878770533489e-05,6.383118541313825e-07,-4.1959876536811805e-05,5.287295664738775e-06,0.021278456971824303,-8.039332876227679e-05,-0.01053600611461883,0.00019648386404975995,4.042695522934849e-06,0.04593070253459578,-0.0006659702696323457,-0.06459373394896753,0.009956227289239747,-0.15393563655536055,0.06356193171146567,0.005326821021506146,0.020576645331483706,-0.3694460042692356,-0.5430416823669372,0.2278065039535117,0.12503025717098307,-0.021639900439683345,-0.01029477642853596,-0.008692454894144103,-0.07592427985642015,0.09748604479955537,-0.40709245287635715,-0.3233277424747281,0.07841406087672306,0.015135180575837928,-0.1947678633032561,0.01774995261009263,-0.21789154246587833,-0.012112214392382147,-0.1132634712827996,-2.532423596057659e-15,-0.054440291345378596,0.09578630104656621,0.154515087231312,0.13454431220466137,0.04477286758803926,0.1157078499007145
17,6.618508403074292e-08,-1.66067056304188e-07,-2.9846820048779696e-09,6.348674363082349e-19,-1.120605893889502e-16,1.1522277307453755e-16,2.6458123367202586e-16,1.2343463919370336e-16,-5.562763555059539e-05,-3.130749630671193e-07,2.017798793223641e-16,-3.057395197540359e-17,3.8427544606828914e-08,7.640246387982855e-07,1.3161065703272895e-16,2.9222267393617618e-15,4.822793625618262e-08,2.849835555709711e-05,0.00018102376449459398,3.6376801618170275e-14,-2.2445424084378537e-08,-1.7210837818955603e-05,1.6700470883037295e-07,-1.4082884052332453e-14,-1.3758949214631352e-12,-3.7243263213776612e-06,3.2588634245504966e-05,1.0302265120328916e-10,1.2579906080251054e-11,0.00021725241890220036,-1.9203147564525642e-10,-0.0001423376166821778,-1.1547301319482809e-11,-9.113858342611129e-11,6.04058262795421e-11,-1.025005672831506e-09,0.00025192724215941355,-0.00029892948458401676,-0.00018411607055929136,4.051933805587184e-05,-2.294821125085775e-11,-8.070207657447717e-11,8.588931317116505e-10,-4.422074676190518e-05,2.229793358181852e-06,-0.003716480341625212,0.00020594906296277784,1.662669493684133e-05,-9.189414312119886e-06,0.05208707695856885,0.0371978379649713,0.03130298091076787,-0.0018681802706027376,-4.51687891413019e-06,-9.713007166386113e-06,2.8090838341502975e-05,5.019959086962171e-06,0.009690779926290121,7.374782490836178e-05,0.000677610849919871,-0.00011706175204777086,1.9719295324628617e-06,-0.007269673313242623,0.0003551044370645831,0.06215932513642052,-0.0172120985683886,-0.04341039486937964,0.02784379392595299,0.05099166948348582,0.0456151936469046,-0.3346259653331466,0.41673800408095096,-0.028033948684258386,0.01891799806927042,-0.023156899387857973,0.13382541114143962,-0.012035517208576414,0.019688077361093473,0.33458128862936526,0.028759962306277025,0.06799759785411547,0.34242856578292524,0.05924535094627437,-0.023218034558292116,0.04623328885668098,-0.022407373337842405,-0.1503560372219896,0.04915602349988659,1.114836824667558e-15,-0.05207233444076377,-0.019109592623216026,-0.11400328064684369,0.1527347236978437,-0.07479011856030318,0.6050877805046396
18,2.7339602235984617e-08,-5.9157648827303717e-08,-1.603327595374426e-07,2.1863376111382614e-17,-4.730713251683083e-17,-4.134085597838618e-17,-1.2431707148319212e-16,4.3620275693179516e-17,-2.106962321206224e-05,-1.458472865888648e-07,1.8576107945815115e-16,-1.3488264465870604e-16,1.9622325415209617e-07,9.186931385119979e-07,2.089378295572057e-16,1.127922448594821e-15,6.253279550506805e-09,0.0001820486632753236,3.5832401159365016e-05,6.4667829927573954e-15,2.0482282907835195e-07,-6.125879502134476e-06,7.45266260209451e-08,1.5561173446949306e-13,-5.175643135778232e-13,3.448767285275462e-05,1.889967942480168e-05,6.011121042610944e-11,3.530801461701842e-11,0.00022126467062817285,4.823887888650178e-11,6.703110199450785e-06,-3.1522396404415146e-11,-2.5213188946603483e-10,-2.026532232487163e-11,-2.730839492140519e-10,7.545800683585303e-05,0.00018337029489010994,6.865985117895438e-05,0.0009276200145308594,-3.460954071499423e-12,-1.2517786644090376e-10,5.82652043525945e-10,-1.7570797627483776e-05,8.685196622244363e-07,-0.0012612982428168358,8.034027750601027e-05,6.927445980293011e-06,-4.4021439661436544e-06,0.04916912003996226,0.009433534442237242,-0.03302817436796997,-0.007620178533006138,6.446043655673084e-05,-5.2684101542204616e-05,1.6153124224821554e-05,1.0781364760611561e-05,0.030009487035972938,9.682167203793127e-05,-0.001335507612702006,-2.515934868249645e-07,3.7351613898075877e-06,0.0033473635581735854,0.00014808568501642892,0.04052701243884861,-0.06734902007707129,-0.14687176255770268,0.09002557780147201,0.1026780100755063,0.10313971204586325,-0.4959847574365218,0.14161328137375134,-0.2876678734113302,-0.17800272047394128,-0.0349205350215758,-0.04035279710632189,-0.010046931134734387,-0.05985002191740924,-0.14056276742374244,-0.22610477683439784,0.42710681827869507,-0.1592539653873306,-0.02212285938391813,-0.07202321014000695,-0.1187445168725603,-0.2612855231911338,0.1096902136488459,0.09628879800276084,-1.2674625445986355e-15,-0.11052720795728495,-0.15234113953745684,-0.08219673065712509,0.04926691517135665,0.20154806892590535,-0.27951127265407716
19,0.0006119275918714644,0.0008619087027877893,0.0001836944040661044,2.2710704934101888e-16,3.182956075167218e-17,-1.1095637277362297e-16,1.3537145753160707e-16,-3.0653867760451146e-15,-0.015190048045555897,-1.8283037844454509e-09,-4.231547603080771e-17,6.571358918405496e-15,-5.961482762281843e-10,-5.615375611325632e-09,2.1428955913368553e-14,7.801117638857451e-13,1.6279146516963145e-05,-0.005371589628515284,-0.01533372709467523,1.1741476560767382e-11,-2.880941173853656e-06,-0.0011687364249253307,4.442684042093985e-05,-1.9227077721383795e-12,-1.5135703391400304e-10,-1.92801159198647e-06,-0.002238900512972537,-8.828664139556792e-09,-2.4478439530999737e-08,-3.450883248736588e-06,-7.82812446707841e-08,-8.705866988379254e-06,-1.4902433624558867e-09,-7.134854300252175e-09,4.156051330698552e-09,-5.625535835228414e-08,9.934576515053209e-06,1.9889315483341064e-06,-3.8983685109010076e-07,-0.20399240259484072,-1.2612706447542738e-09,2.1016407630486716e-09,-1.6836648228208508e-09,-8.434206508277112e-05,4.009276755733048e-06,-0.005639672685701518,0.0002977022932928607,2.325762540326111e-05,-0.00014413232017600997,0.015181330663641062,-0.0036589541153749573,0.0666483242232522,0.872635208455754,-0.0005716371032876841,-9.449199271803157e-05,0.00041874909945672844,-3.3755820976781875e-05,0.0015331894861984096,0.0005940572188764799,0.05225849309924116,-0.001094445916658666,-1.850238803612883e-05,0.0009303594594927258,0.002772004943812452,0.14688582852419985,0.004032071906426449,0.11313052171611959,-0.037247068654807265,0.03677710072866338,0.01809040678489631,-0.015977709843587005,-0.01910715674497837,-0.018955607353313298,-0.02232249868385045,-0.0020837692241785295,-0.07838556903962138,-0.001313091851403437,0.18096879197901894,-0.02966605758960101,-0.045587781834597774,0.009394433884313576,0.01069730937151372,0.004293704555409998,-0.09544731884441603,-0.0755183138334975,0.05005510532573605,-0.014505769190391715,-0.14788917255736203,-2.1601725745822184e-14,-0.07373261134167872,0.009911061457656268,0.1787673621193326,0.164169306221259,0.06024834926144001,0.021019282913555076
20,-0.0005622354189423859,0.0010292861968689874,-0.00021691820974726624,-7.475728135858389e-18,-2.1562337156807333e-17,-8.190321127012414e-17,4.323001533698525e-16,2.5278336214788046e-15,0.011979994894380166,2.5036674254637703e-09,-1.8651694533101758e-16,-5.654993124956466e-15,-4.933596707676979e-10,-7.23101169355332e-09,-1.6252353273140765e-14,-6.243662431415726e-13,-7.911639714732192e-06,0.0015520621955310405,-0.029102455056034357,-6.0050386319315425e-12,9.098385161097845e-06,0.0018884859773750438,-1.565772177196898e-05,6.576936960330207e-12,1.4560295245373076e-10,0.0009841799977727275,-0.00244203316321134,-7.735168604898527e-09,-1.8435620336945964e-09,-7.324316571756533e-06,8.287940676133467e-09,4.902844862927997e-06,1.7795984104901762e-10,1.4275404022340928e-09,-3.0928482938364113e-09,3.992427638164276e-08,-1.7993130665429776e-05,1.9699426179346e-05,8.770188918929888e-06,-0.007134534319138117,8.597594091099965e-10,1.754003717173011e-09,-1.9413119477501753e-08,0.0008447542712417195,-4.199874241740055e-05,0.06767158974994243,-0.0036722907573186222,-0.00029324822181747213,0.00013937275777898243,-0.6235277767385138,0.053161632997221736,-0.587779559371908,0.06034600556070559,0.0002482590257567357,-4.171379650874868e-05,-0.00023413048740791037,-2.4764639972702733e-05,0.0003639356967088605,-0.00030742040864819914,-0.0017786488735517159,0.0006827870233438698,-7.153382061995844e-06,0.000760908817186528,-0.0012302360580130564,-0.11015144624382979,-0.0016624854357450895,-0.015650481336002286,0.01280256084072228,-0.008505607874527142,-0.0007801305948051754,0.07738278335713561,-0.12906162063917737,-0.19881189047634548,-0.13301981400796703,0.00502854271669649,-0.025665420253175676,0.005481452746979058,-0.01155465770428334,0.024781474930448865,0.0630873615130366,-0.01482535038158261,0.018586249044897217,0.008322116004060014,-0.15776311774837146,0.059265857330973386,-0.0130996887272523,-0.1971164353704249,0.06651031661462341,1.331898416507047e-16,-0.07106146311842658,-0.14331066892525107,-0.13110111217213102,0.18105281355606906,-0.07639950691871052,0.04244414453137404
21,-0.0002122855875605893,4.04222584888121e-05,0.0011500538740349783,3.640032228801928e-17,1.4480265663926084e-17,-5.054025576120481e-17,2.2141304764985022e-18,9.501405156182183e-16,0.004325560043459551,1.2234880783645175e-09,2.1649742096696503e-16,4.976780026486594e-15,-1.4798056011873236e-09,-8.913304951919296e-09,-5.946984688417528e-15,-2.2320964261488036e-13,-1.3787588365259062e-06,-0.030703101803344606,0.0025041409434077514,-1.3348246678571508e-12,-2.8920720604847187e-05,0.0004550556460298612,-1.0601137423484241e-05,-2.2187447436401427e-11,4.73070331837306e-11,-0.003110020239092411,-0.0006609862328107616,-1.8482746565952292e-09,9.428818665914178e-10,-7.809309006399311e-06,4.7197487418713205e-09,-1.405516611546003e-07,1.88301796244804e-09,1.3089672791798109e-08,1.1689933808114647e-09,9.809544138165212e-09,-6.968877208622325e-06,-8.238207815922104e-06,-1.0737568380376188e-06,-0.003088011250201394,1.0454876264433774e-10,3.0150526618630913e-09,-1.0100150166903871e-08,0.00016923897849045012,-7.994084533236182e-06,0.008834497961732267,-0.000690060270657414,-6.406156426663274e-05,6.24648759228309e-05,-0.5953959498620802,0.0065025207914167615,0.6248940331656349,-0.03315751206250486,-0.0008905124778734023,0.0006673126153538252,-0.0001643864133211098,-8.425440838589017e-05,0.0005459636290436463,-0.0006530447954524137,-0.0010199769484656605,-1.3451568453032947e-05,-1.5038971713359532e-05,0.0002962467366786112,-0.0006507038920514185,-0.075434502379762,0.006979389647911308,0.10997660905357821,-0.08799940138424615,-0.1288752108186181,-0.12398511983324359,-0.049815850562487336,-0.007612133901832552,0.0034627143154120623,0.009258475302066799,0.0006984431608777861,0.04437480254715514,-0.008203046280978954,-0.032206334471401525,-0.09838977612302947,-0.11058209631384316,0.03406567655581697,0.02007506192517258,0.005446509576243698,0.007672369769658263,0.11230288549999129,0.14237386237132124,0.14251609940032547,0.12541058209090908,1.2554274400842354e-15,-0.14880144563220732,-0.004701644886582302,-0.09656580488711367,0.07017931211822896,0.23499040160949433,0.07356368996979547
22,-0.5134415394309213,-0.4645626983226526,-0.11400752698822812,-1.374441131343869e-16,-3.146439649335864e-17,4.957904689634763e-17,4.028182803047316e-15,9.698581080515137e-14,0.30909817584188276,-5.40799568182206e-10,-5.578403499851369e-15,-1.465823294415169e-13,-4.0213101190289223e-10,-4.2491006006834564e-10,-4.4672350069465843e-13,-1.5591434117565858e-11,-0.00024494414398367836,0.07532326851044939,0.19580916185166386,-1.7848741342250948e-10,3.0800346320535166e-05,0.011020813204099316,-0.00041222781904743316,2.0788712762183083e-11,1.415676986613507e-09,-2.369018889073132e-05,0.013082502735553008,5.088655415827344e-08,1.2407913259236326e-07,4.81985464029789e-07,3.4863798758251137e-07,1.6947139613056203e-06,5.815625170595867e-09,2.4402913922001513e-08,-1.3941336338644988e-08,1.5732160299305245e-07,3.7511894032673223e-06,6.602116429785693e-07,5.680408844460391e-06,0.38076926199837235,3.236886651562351e-09,-3.3270462886863543e-09,2.0228012444495892e-09,6.52310851675441e-05,-2.9800732427488353e-06,0.003688323976343279,-0.0001930133908230567,-1.5019109081706246e-05,7.783237153571893e-05,-0.01043909728130608,0.0010561751879392667,-0.011402726448779005,-0.1227791933268147,0.0001268166679168742,1.5878597067872224e-05,4.290577132743585e-05,-8.470578897464074e-06,-0.0013299532105950473,0.00023772958992703433,0.028400892669790196,-0.0005227080409008712,-1.0008467796506077e-05,-0.003681401202950879,0.0017566517013618455,0.12077660390869614,0.0031256398985145145,0.11484841691317421,-0.03979379287642116,0.02863559164365062,0.011308342379301008,0.02329891773924969,0.032493107146962345,-0.03608554691673165,-0.03097694935119058,0.00041003423523104475,-0.07573446036618482,-0.0004400385936472674,0.19652359202679226,-0.03816608587586822,-0.010589819440549524,0.036502981664783093,0.007518820645589015,0.003856782880359994,-0.08581077840603615,-0.07940204829701662,0.07768241318174085,-0.01526827866833002,-0.16102030299143166,-2.1146348444777718e-14,-0.08109400615951057,0.003961103780670913,0.19129166573823597,0.17732470990659593,0.06570741231631566,0.01596289509478484
23,0.4470589357474239,-0.5257519322211373,0.12761802622745208,4.592881753216088e-17,-3.6544587458261133e-17,4.841589908087925e-18,-3.560393890356669e-15,-8.020535672131237e-14,-0.23094445795212468,-1.0382379765991218e-09,5.23148673550577e-15,1.1921838708529082e-13,-6.768041058275912e-10,-7.188566971312196e-10,3.2707570855075476e-13,1.1827169539219886e-11,0.000112781546092285,-0.021260491583084424,0.35219921026574175,8.648433206503648e-11,-9.373057971296109e-05,-0.016873312522221882,0.0001374137820520792,-6.864236683878985e-11,-1.2898616434170176e-09,-0.0060659935396423946,0.01352716704784402,4.227173789227778e-08,8.946145617127866e-09,5.18968671184559e-07,-3.4713180808036866e-08,-3.9246817605950747e-07,-6.178281943363855e-10,-4.344810241673005e-09,9.870704174111493e-09,-1.0564699293281844e-07,2.7460763775654665e-06,-3.044113000833446e-06,-8.782564404100155e-07,0.013156459177142801,-2.090127139435843e-09,-2.6100062229918356e-09,2.2621587716346503e-08,-0.0006246424433180698,2.9925299315955754e-05,-0.04318122431787219,0.0022925810369852162,0.00018099752078914948,-6.999683064540174e-05,0.19460231486823823,-0.01771947689143286,0.1876641234352755,-0.011505094688227298,-7.457544268402016e-05,1.7546420169720486e-05,-2.711241507950708e-05,-6.823016383084617e-06,-0.0010788474762335372,-0.00013632026020710732,-0.0010951958696961957,0.00030703992812251417,-3.87728864253987e-06,0.00117637600982493,-0.0007625488822555814,-0.08947805274947716,0.0014970750159479945,-0.005256988518072032,0.005145373889495979,-0.015339727157035167,-0.008503578790404307,0.10184279563146445,-0.15397984362153364,-0.17389495263945687,-0.11998650248526044,0.006848931765411391,-0.033668698021400364,0.005826347365686453,-0.013239889070170926,-0.003081426625389746,0.06346172323098308,-0.028919463044981695,-0.005683679855657934,0.004383347875805841,-0.1609519806412256,0.0598248147584949,-0.004780232114677266,-0.20320430215059435,0.06943203937557212,7.700961158806066e-15,-0.07433671142936185,-0.14547608184978053,-0.13320570720451846,0.18497560368190055,-0.07638614434476702,-0.0034467786393172417
24,0.1698316071328332,-0.020746965647947584,-0.6806499462232036,-2.3088277236600378e-17,-2.8668564911411993e-16,2.66826196604503e-17,-1.112895840328461e-15,-2.960256351038667e-14,-0.0838775736617235,1.9578338440658317e-10,-5.72277100174037e-15,-1.1403659133821953e-13,-9.299618098359211e-11,-3.20251540389313e-10,1.197703736386369e-13,4.25257603223923e-12,1.9807982912106736e-05,0.41241222867566424,-0.031167181180688407,1.936058988600051e-11,0.0002982599698416074,-0.004071064524041225,9.39866877557672e-05,2.317375696285907e-10,-4.209573330662849e-10,0.019124472005671307,0.003617816881702741,9.93264860181858e-09,-4.845923416079775e-09,5.469110265064933e-07,-2.0714445836201317e-08,8.356627401186561e-09,-7.003076235762655e-09,-4.255091332283284e-08,-3.764497659268839e-09,-2.604023536762423e-08,1.0399286999943163e-06,1.2554121462133535e-06,1.6604232411436783e-07,0.0032117102550293175,-2.5343017163418774e-10,-4.547686950575122e-09,1.1548153295341229e-08,-0.00011088076201659789,4.97702252705798e-06,-0.004414336310590679,0.00036646015471606785,3.4501073898134005e-05,-3.113176752331135e-05,0.18620378878795407,-0.0023284486398928482,-0.1988784045985857,0.015977331585196094,0.00020814678209130357,-5.598347211122484e-05,-1.5786854056403684e-05,-1.8290346781316078e-05,-0.0025833876038337798,-0.0002538866952466809,0.0001891239755014414,-4.341076296963458e-06,-7.971250040142685e-06,-0.00039169332119771283,-0.0003839953216050916,-0.06062796597095308,0.011353408906898926,0.10583871618745086,-0.08071058930994851,-0.11373080338011775,-0.11011203842060864,0.009592580632653235,-0.023329817160613116,0.02195772119200677,0.019387513094875183,0.004251909940610049,0.04179496131530696,-0.00599166146672709,-0.02489061151902085,-0.09066622741780582,-0.09092426960141257,0.0011741683349050544,0.028413646860750864,0.00667083866869362,0.012686276410217951,0.12246036176246204,0.16857493362264142,0.14729815902806098,0.13021999686033361,3.631446729675637e-15,-0.1556864945706694,0.004831834359877119,-0.09869268828424455,0.07366497329758798,0.2406367917543119,0.08387522214535638
25,0.5213433981151573,0.47141926090044145,0.11571663655977292,-5.4125745613968076e-17,-6.937514714937395e-17,6.403667700891496e-17,3.572412948322702e-15,8.953823234845164e-14,0.29327799703071206,-5.07519475165253e-10,-5.14036230021592e-15,-1.3753751285488766e-13,-3.785116860259158e-10,-3.8085603412313746e-10,-4.235764103007381e-13,-1.4809636634918414e-11,-0.00023486200654843333,0.07135703997013187,0.18538624864024036,-1.7111924538813912e-10,2.991783398427306e-05,0.01081139691910353,-0.00040151221196388863,2.0169902357913776e-11,1.3836064444277646e-09,-1.798621641994278e-05,0.01279664159899621,4.9831522167924215e-08,1.2214694986932875e-07,4.921187502595522e-07,3.4406158104143393e-07,1.7030195725934155e-06,5.753515887043641e-09,2.4187745998325075e-08,-1.3820851910508224e-08,1.5623448530562387e-07,3.7115743926361235e-06,6.41791610370788e-07,5.642178866228054e-06,0.37895615548486944,3.216450686798901e-09,-3.3125120605705307e-09,2.0113043134970622e-09,6.50694262188013e-05,-2.9713117509941595e-06,0.003671014101883073,-0.00019201139610327024,-1.49362260312807e-05,7.801245921226553e-05,-0.01002252370540355,0.0010335661778895703,-0.011332426362688644,-0.12529581161524597,0.00012833744302246928,1.6063635445454697e-05,4.181319564110465e-05,-8.338119568702584e-06,-0.0013369016514479463,0.0002363397754380115,0.02826926900435149,-0.000520155803029731,-9.955122359916855e-06,-0.003689460396928392,0.0017509669626859248,0.1205771343079133,0.0031208498416742127,0.11472676608096595,-0.03975702582319789,0.028585330063964742,0.011279769673737127,0.02340254203369584,0.03262506201405576,-0.03606503561784557,-0.030952157999909274,0.00041755076793746106,-0.0756742540463717,-0.0004371102013230963,0.1964581352683356,-0.03818188118046029,-0.010478716987340715,0.03655552480052229,0.007491697103072575,0.0038514826684416387,-0.0857393248012123,-0.0793768300000885,0.0777314810514086,-0.015267975617192649,-0.1610220006982863,-2.086279916293241e-14,-0.08109959391281332,0.003949062067144721,0.19128140089673074,0.17731940201535762,0.06570830502151952,0.015906208039873446
26,-0.45388148632797776,0.533404647620903,-0.12950882939317984,-7.040835908874866e-18,4.7149239522979614e-17,-1.3284618734852551e-17,-3.3719524582786355e-15,-7.391144348912994e-14,-0.22019912862796148,-9.973530617178124e-10,4.929502368799813e-15,1.1251425130907832e-13,-6.443628455370855e-10,-6.629896225095814e-10,3.117328246261411e-13,1.128339804751887e-11,0.00010977695520205424,-0.020292815451370086,0.3362011553699901,8.407246883517661e-11,-9.033092181727869e-05,-0.01643848576722685,0.00013593104362045593,-6.6090671610199e-11,-1.260484490174685e-09,-0.005927851332754223,0.01323161446350838,4.132315920384195e-08,8.39758786141512e-09,5.383232106759558e-07,-3.5237978985608e-08,-4.030076838982183e-07,-6.280060710510913e-10,-4.3691944736273555e-09,9.799350561485503e-09,-1.0507300588356914e-07,2.780824924054555e-06,-3.098934051864101e-06,-9.094934578649118e-07,0.01271579122128905,-2.080114096410365e-09,-2.5995303767269824e-09,2.2587892505953924e-08,-0.0006256344004762613,2.998049313079353e-05,-0.04329501349855212,0.00229896858121106,0.00018151615409764513,-7.025558814248175e-05,0.19632493696019504,-0.017871637655894355,0.18939652419927577,-0.012226573198281295,-7.509449691194067e-05,1.7812841229558985e-05,-2.6615300066553655e-05,-6.730369119616264e-06,-0.0010827801015474059,-0.00013583274911032155,-0.001118835635597814,0.00030569057280091917,-3.849457949099593e-06,0.0011743292383465478,-0.0007609934992277128,-0.08935077567763788,0.0015044895922862404,-0.005238238281586776,0.00511816923349901,-0.01536506696449038,-0.008533756734556742,0.10184935001601433,-0.15391601479006695,-0.17369812722089112,-0.11986207524271444,0.006850213999883883,-0.03366028820278039,0.005822885969343785,-0.013255151224860361,-0.003176310617585259,0.06346259823481712,-0.028940119069999735,-0.005767325631139938,0.004368627091374844,-0.16090567386753168,0.05980977889397019,-0.004742142220630962,-0.2032087120768371,0.0694354961502439,7.953922852603766e-15,-0.07434266928953598,-0.1454520198185996,-0.13320017639910897,0.18496896993440348,-0.0763775427652735,-0.0036038602247974658
27,-0.17242599238638961,0.021049363135413605,0.690748349802306,-5.1729810608966287e-17,-2.1117470473263192e-16,2.362895238755494e-17,-1.0181901525286042e-15,-2.7297852011974037e-14,-0.07997018442530149,1.8361835844129962e-10,-5.368222888690316e-15,-1.0463888988232329e-13,-8.441457007199705e-11,-2.787362435137063e-10,1.1416219009900249e-13,4.05793898008805e-12,1.9646867893315718e-05,0.393551683172527,-0.0297541959067122,1.900926910911565e-11,0.00028774112521900936,-0.003983755441017757,9.196061635319302e-05,2.234708155332219e-10,-4.1191233838046464e-10,0.018727790207396507,0.0035478057499297227,9.732796324601226e-09,-4.863857183878152e-09,5.667204621373905e-07,-2.069145423870779e-08,9.805040332947744e-09,-6.922908130306565e-09,-4.2126932095111856e-08,-3.7151789579066126e-09,-2.5927045910873637e-08,1.0534089585860422e-06,1.2786546564250394e-06,1.6774172525041222e-07,0.003108422895181518,-2.5339203602143877e-10,-4.532110018628448e-09,1.1531969670374037e-08,-0.00011107774939312665,4.987201715912523e-06,-0.004427647178012719,0.0003675622156342951,3.46059867048292e-05,-3.1247509761222106e-05,0.18783535956693914,-0.0023407480758762217,-0.20075332615464916,0.015949473551539514,0.00021097886714822124,-5.8169339754583135e-05,-1.533048188550887e-05,-1.8009325800101415e-05,-0.0025892600740601303,-0.000252026499670104,0.00018558251585476832,-4.07064474497793e-06,-7.928390769820013e-06,-0.0003937784872057465,-0.00038283556129714065,-0.060519095872957056,0.011353942036531832,0.10570577804605971,-0.08059710479702034,-0.11355914082109397,-0.10994749392772754,0.009788442734761463,-0.02335851721448214,0.02199526030459964,0.019403021177287955,0.004260348843064075,0.041763407314396955,-0.00597887475194751,-0.024857818763842486,-0.09058801252989222,-0.09082112392588151,0.0010684690689246026,0.028437730049051816,0.006673888458661395,0.01270149951763383,0.1224449509095978,0.16859342700777896,0.14729998655891877,0.13022256419723474,3.713310259913163e-15,-0.1556947581519668,0.004860347310050443,-0.09868734846050257,0.07366767134661864,0.24062482089771178,0.08386787262183273
28,-0.008498658341323547,-0.007695096815612913,-0.0018879214230540706,1.45798875987842e-16,5.304567127536242e-17,3.9573303647581096e-17,-1.6100550959447145e-14,-3.6617347941219803e-13,-0.6836209583143739,1.4566832174059236e-09,1.6937397060717595e-14,4.1041555439825416e-13,1.0217501024082424e-09,1.614919916411738e-09,1.0194252300356832e-12,3.3512681498650186e-11,0.0003961480400818101,-0.17658825752416543,-0.46904584709501707,2.8984070373361274e-10,-2.6483527944548183e-05,-0.0027187270851898775,0.00028906689121147684,-1.9337405855125258e-11,-6.850119544861768e-10,0.00035962709905880614,-0.0063894917391903614,-2.108524551940704e-08,-9.695913615731212e-09,5.440413141173099e-07,2.6246150534357985e-08,1.3661656794742409e-06,1.3489345745918722e-09,8.550165656215739e-09,-5.040634338147093e-09,7.346796246384779e-08,1.392040687122677e-06,5.84563987104629e-08,2.9494376488227158e-06,0.21457590748508545,1.6198433861880507e-09,-1.8028007346638893e-09,-7.399467846133476e-12,7.340545276257553e-05,-3.3531424746441222e-06,0.004120447140790969,-0.0002146249367043295,-1.667745777795396e-05,7.378023238206613e-05,-0.002988658833302826,0.0007220542282378547,-0.011667229415669542,-0.18772068846788645,0.00015914731720811565,1.9836384265037183e-05,4.4067237408661046e-06,-3.2738024584847465e-06,-0.0014634007092349252,0.00017932175509677992,0.02250576430246427,-0.00041089141601084164,-7.6160789384161645e-06,-0.0037872957282460377,0.0014934469755473719,0.11088752823703887,0.002842390378163809,0.10759116026723224,-0.03738628168605307,0.02645997068584766,0.01028717511518111,0.025536372600414754,0.036740788900410264,-0.034110509838321784,-0.029177998449821677,0.0006003179541080577,-0.07250999700164441,-0.00035704568235548733,0.19221768806014758,-0.03808831096501237,-0.007020767562671002,0.03797503547684617,0.006619593267541245,0.0036670133637588345,-0.08278640546240049,-0.07799373310745726,0.07841252801271595,-0.015234643969948641,-0.16099302374121077,-2.157168743960585e-14,-0.08123143230124011,0.0037238303868749965,0.1907129413852677,0.17689767447844773,0.06565363861798792,0.013880503836465899
29,2.3503865204643165e-05,3.3156570432264384e-05,7.061598511913627e-06,-2.2205558737553432e-17,-2.7190709550145773e-17,1.0178070451892262e-17,1.3131355683720586e-15,2.755205829584184e-14,0.08288108426456929,-2.8853465071083313e-10,-1.9521267198917385e-15,-4.332831400522135e-14,-2.0792759917423005e-10,-3.668425469957321e-10,-1.2129778347938648e-13,-4.140478718261988e-12,-6.64629674556975e-05,0.03184779999661142,0.09428800902270904,-4.8087600099031513e-11,6.411892762970379e-06,0.0007687970202170012,-8.32957568604158e-05,4.615124580170356e-12,1.9555419254700376e-10,-0.0001601703714100796,0.0032134095195260667,1.0791094481707431e-08,5.862442746803037e-09,-6.259196457693557e-07,-1.890246244124914e-08,-2.066698381104187e-06,-1.1780884151059305e-09,-9.15134421840526e-09,5.499655393217072e-09,-1.0906987751335136e-07,-1.1554760060649169e-05,-1.854694460397822e-06,-1.2328225505062958e-05,-0.7882331290437181,-2.8188582926054017e-09,1.1577455670593148e-08,-3.25732325140201e-08,0.0003731178270152544,-1.6037047542548893e-05,0.016918578984262227,-0.0008608337033903531,-6.610894160291219e-05,0.00024484750298593027,-0.007772921823948769,0.0017448192906550065,-0.0291815145733664,-0.3966030690962823,0.00037078522903175227,3.972246898085513e-05,7.596201259401333e-06,-5.1909034628226e-06,-0.001879310824723532,0.00024872748005384115,-0.005709023446524447,-0.0005412528894278585,-8.578875092513177e-06,-0.004574897453950567,0.0019107770560630607,0.1274002389756286,0.0032023921368178,0.1185814197905575,-0.041307166310674916,0.029344952603561906,0.011398999202732426,0.027455693554424374,0.03890279632438586,-0.03560914161780822,-0.030423025882604496,0.0006464724652210649,-0.07469756583705661,-0.0003809959450768526,0.1920041517254611,-0.038568611110061574,-0.0065996495610721115,0.03456978923253522,0.007002969496375332,0.0038621271635465625,-0.06781032736047679,-0.07682935784205555,0.07709531166909309,-0.01507601461093651,-0.1594763240535445,-2.1004212535443708e-14,-0.08032880167519174,-0.01091723942220609,0.1908619887168058,0.17622299729782703,0.06551120961328699,0.014088016907725803
30,0.007377959611292946,-0.008667101667189467,0.002104760104759444,-1.21996904439024e-16,-7.106230891222672e-17,1.6160874627794566e-17,1.2497463096836653e-14,2.89692542095231e-13,0.4487667386608538,1.8068962773293668e-09,-1.4480426404061527e-14,-3.175118495507191e-13,1.3356870134248467e-09,1.9741561518235024e-09,-6.460463245104535e-13,-2.2594109556364675e-11,-8.237683795072947e-05,0.040900458561083916,-0.6737758699229218,-6.983658073297766e-11,0.00012730909340152397,0.011789644139370552,3.6432956545567804e-05,9.707862176245032e-11,6.534651627253711e-10,0.0033276108358640754,-0.006753418130636118,-2.2884256720557237e-08,-2.8927662942587228e-08,8.701665917461405e-07,-7.061855364392131e-08,-7.056525672381091e-07,-1.3347463279159329e-09,-6.052477315713591e-09,4.387756501502879e-09,-5.882754620566063e-08,2.9354470898999627e-06,-4.0606049149608475e-06,-1.940582142859187e-06,-0.027449642788134335,-1.2445082897307776e-09,-1.4310566255165904e-09,1.6192450525527836e-08,-0.0005392978138250929,2.615465721163245e-05,-0.0391157697289511,0.0020915048926496687,0.00016572775261074313,-6.926299631616975e-05,0.22167983180167,-0.02007313820607855,0.21462430584273948,-0.029673885962044087,-8.31860068583367e-05,2.31986087369973e-05,-9.339019662851693e-06,-3.128507650504437e-06,-0.0011355564405344696,-0.00011473237511657337,-0.0021395605508548175,0.0002497698076933284,-2.627755371663676e-06,0.0010900191709011578,-0.0006911244458458401,-0.08303828058711928,0.0016764233413667556,-0.005068147036125745,0.004269553015215225,-0.015983928285465097,-0.009403024917057702,0.09939284363275182,-0.14869744778069302,-0.1640640812841995,-0.11356910863773671,0.006718178751926492,-0.03254220648257771,0.005574941778593094,-0.014056856812725454,-0.006012818015253816,0.06297830823178474,-0.029423365517551186,-0.008337679560599626,0.0038919744734251163,-0.15830177672185047,0.05892912016511915,-0.0036081061330833003,-0.20323937335608477,0.06952269802300433,7.0198334216973704e-15,-0.07449209727167729,-0.14385407333106567,-0.1328760431082115,0.18449486287331093,-0.07600995973044265,-0.008421786638997817
31,0.0028028268668255423,-0.00034193696408741134,-0.011225706692820497,-6.124131051602737e-17,3.143566630982159e-16,1.1265327652530514e-17,3.7982118159803785e-15,1.0659483094120182e-13,0.16302030442275822,-4.66790242760918e-10,2.323751444250155e-14,4.64615209661091e-13,2.898539900319995e-10,1.349154646984634e-09,-2.392508459911836e-13,-8.05412816087866e-12,8.445393278037712e-06,-0.7924074540950562,0.059700932432862064,-3.814336949466005e-12,-0.00038553714074684444,0.0016974330127540833,-4.0101087667171145e-05,-3.0518860887514983e-10,1.7710072678262425e-10,-0.00785284783981743,-0.0011872152816385184,-3.792986304663328e-09,-5.977010670148088e-09,9.306790554988365e-07,-1.8722681615316678e-08,1.1942667132113882e-08,-1.1227181413305626e-09,-1.0522778131040012e-08,-4.6000828044948965e-11,-1.682397097293605e-08,1.1693275641021873e-06,1.6485960955189418e-06,7.885168927263303e-08,-0.006562864410225933,-2.463859832642102e-10,-2.7875338882246416e-09,8.456672540921579e-09,-0.00010083226607104214,4.593224221611016e-06,-0.004359560423928893,0.0003523187721484538,3.2959952335455024e-05,-3.06390104705614e-05,0.21130329055838473,-0.002488521103971232,-0.22822021542077733,0.013759896344623513,0.0002678594259650325,-0.00011870802967033859,1.1919042330068797e-07,-7.571365753717283e-06,-0.0026262576421475425,-0.00017643673068599462,-2.841193954936363e-05,7.219997419670169e-06,-6.060947973647501e-06,-0.0004294392062469243,-0.000332174431983344,-0.05520768554666417,0.010978993844636431,0.09823802471995605,-0.07455799002242143,-0.10475897011830897,-0.10146377191054474,0.015679973233459443,-0.023892564524500157,0.022637498351125086,0.01945231122666339,0.004419297561093169,0.0401136488297007,-0.0054349274981824736,-0.02366307630037008,-0.08685194700508192,-0.08687953286316927,-0.002237151877112582,0.029060253849181802,0.006740440659318899,0.013078415372788525,0.12073418137977522,0.1673676029060799,0.14727903791093425,0.13022777348234768,3.801880025225831e-15,-0.15588525465414896,0.00568223356589199,-0.09838000558500648,0.0736575902928762,0.23990702066739517,0.08240494987387383
32,4.1502619824467856e-06,3.7638116622994677e-06,9.227007775359276e-07,-1.1813981987782213e-15,2.768952171927336e-16,-1.782547623033528e-15,5.365662171470887e-13,1.2061985433738333e-11,0.01813898101100963,-3.6896051614643816e-11,-2.93102807092399e-13,-5.800961399220353e-12,-2.0504914618643953e-11,-2.3874662301129887e-11,-1.865310287233607e-12,5.346597572479541e-11,0.005586054388831677,0.004219299016842967,0.009321417074388919,4.055824764965327e-09,-0.0013857381855710254,-0.4688425308034341,0.01622894108747145,-9.358847409134217e-10,-5.771871765904915e-08,0.0013303814012639882,-0.5368519328345559,-2.0271533882590584e-06,-4.1535440114773825e-06,2.486485435031499e-08,-1.029779022666489e-05,-2.1623339141376555e-08,-1.4138022524699463e-07,-4.747367382477724e-07,2.6636453445903536e-07,-2.0859476790701988e-06,1.6305219125160324e-08,-9.604524903615767e-08,-1.3212137237373343e-07,-0.006856667392611757,-3.47974361604192e-08,-2.8152088068374476e-08,1.3668218330079435e-07,-0.0015085659413235654,5.999685754642664e-05,-0.047276359493956935,0.002251150637587679,0.00016482391961284985,-0.0015854333488516067,0.005370869522517605,-0.000490806013790283,0.0029995818140917097,0.024138346112445187,-0.0010101625250799387,-6.869789569873207e-05,-0.0012583166026076485,0.00018993732876364412,0.000498741249718134,-0.0025367770609241425,-0.010098097748258227,0.004894889574379879,9.340676014729506e-05,0.003772443603935323,-0.012226354180044138,-0.4317797484091805,-0.012895242472513887,-0.30949964713263667,0.10678301513054292,-0.08101348996371723,-0.033125075140871416,0.045139888890048954,0.15413904724900696,0.08189649975004373,0.06935854993731597,0.004507746206086579,0.08825510724724853,0.0020573660730121186,-0.01710631104062701,-0.012233185884256759,0.1034660139635609,0.10180746940168771,-0.02568347582630783,-0.004425179500051046,-0.06855785237260499,-0.021294136211546855,0.08225286602270504,-0.014520819569772891,-0.16815407439851626,-1.774058843814218e-14,-0.09062272273205177,0.10533992527244533,0.1627085759466513,0.1593729695515427,0.06211691364883686,-0.06175489658284057
33,-3.612193391372792e-06,4.238561052772293e-06,-1.0310932295818446e-06,9.442591580345633e-16,-3.6676435801404003e-16,-1.8320082760126926e-15,-4.876364077604923e-13,-1.097060501809873e-11,-0.014784937105769225,-5.996308118401455e-11,3.149561884214241e-13,6.2173162466705656e-12,-5.2432993353762474e-11,-1.0829223956069449e-10,2.987810934058531e-13,-1.2108383349405375e-11,-0.005540414744585196,-0.0013425028355305074,0.02558486721557401,-4.013214396291138e-09,0.0019428041741623484,0.5516640601205174,-0.005929432198345861,1.3213588757657034e-09,4.496588522348906e-08,0.21774423759094572,-0.49762551603137095,-1.578898316182313e-06,-6.613384266310406e-07,1.7727556510663587e-08,1.193017285338378e-08,2.4024435676142925e-08,-4.020357491798809e-09,2.369276175893495e-08,-2.3940148350976133e-07,2.2990034423589636e-06,-1.0214253256955774e-07,2.388993146622786e-07,1.1961744832624685e-07,0.00514486141533401,4.4011218161070455e-08,3.205171992003768e-08,-2.6937163467754857e-07,0.0051531486357890705,-0.00023879622441624313,0.30749056684030773,-0.01586396197546756,-0.00123398750705755,1.8009334022464805e-06,0.012576993070833757,-0.0006431135013973093,0.008196571857330704,1.3794943430318506e-05,-0.0003868393427787002,4.180354911580022e-05,0.0005842868522514617,0.00012928425482705252,0.00017066515397908653,0.0006558127493412675,0.0018067240007492392,-0.0017801335534609192,4.743222644220741e-05,-0.0010288615115947872,0.0016644643551005215,0.1727449401984005,0.004735441757782481,-0.028695702442892195,-0.017279539101555358,-0.03374550716437295,-0.036040171845237876,-0.07007706438365115,0.12210524839261311,0.265279488286252,0.17147301014838617,-0.0032712203727071243,0.03473924928248287,-0.006981793979102163,-0.05027475533725396,-0.09381220334233666,0.029660464255165775,-0.03503880458662848,-0.09246887334418838,-0.012701528590183617,-0.05745957204072577,0.014651234978687583,0.03359339794035006,-0.20129143663214225,0.06939850419499637,3.591969862004968e-15,-0.07954127520163722,-0.041519906754530864,-0.11743675257682742,0.1611711245707735,-0.060649120515636916,-0.16332654450972242
34,-1.369894359061106e-06,1.6566757740042077e-07,5.48289730641439e-06,3.435390624520736e-16,2.1749528445680595e-15,-2.0775573024705023e-17,-1.7567299748700777e-13,-3.944631881935772e-12,-0.004938741295132629,1.5992642471792648e-11,-1.0296703693557119e-12,-2.008599120794053e-11,-1.2215590532942482e-11,-6.523353566273864e-11,3.399110637589635e-13,-1.0020021181893946e-11,-0.0018391327723064127,0.023858645292344206,-0.001328702267527106,-1.3343475601805805e-09,-0.007268922359638636,0.14867117689447498,-0.003326571679008656,-5.480423722048035e-09,1.5171452484908915e-08,-0.6855078380438101,-0.13206595684660347,-3.710106874016745e-07,6.10487858807235e-08,1.121396509082517e-08,3.3440137800549555e-07,9.178852707120159e-09,2.0746560441834624e-07,1.1842835620321488e-06,1.236382379638668e-07,4.937744813859306e-07,-4.160792476244036e-08,-3.927312428714053e-08,2.161306817900657e-08,0.0013331946041724306,3.1112960417740207e-09,7.514439982040593e-08,-1.4226985833946625e-07,0.0006153465436094613,-2.5299468051929408e-05,0.009323553204065865,-0.001483717748342303,-0.000157282966145917,6.12603143231487e-05,-0.020334775074706924,0.00034991419697773355,0.02074221945972403,-0.003439768859905711,0.0007722038929159211,-0.0016340638612600718,0.0005053658439932641,0.0003607579593819411,0.0011631921606054243,0.002696678374271864,0.0010823719845686414,0.00048012848030381096,6.939536483165148e-05,-0.00029696585915006825,0.001600207662603116,0.1715897099419462,-0.013946174838511332,-0.254256208619128,0.2025764039296939,0.28953579379729616,0.28022165926531944,0.19793994387121763,-0.030091789615898045,0.027092837117122574,0.0075087271307739435,0.006108684293807752,-0.03459157955410373,0.016904329177533463,0.02121878072312978,0.07770231892735324,0.06607884312354613,-0.10998519358283472,0.04527005535457964,0.00792912402745057,0.016781037389204553,0.023955024820116393,0.06880421711203966,0.14427166494036273,0.12743043587736955,2.0875670215051512e-15,-0.160402510774897,0.036199169665072944,-0.08362857705700812,0.07039908448885168,0.2052030796047731,-0.005792301072213309
35,-2.302969543326161e-09,-5.054823614658731e-09,-9.35009916007208e-10,2.4541745786401086e-18,2.561213250195795e-18,6.039306493847999e-18,1.781206847450873e-17,-2.889239964998518e-17,-0.0003229765515589094,1.7329696272696988e-12,4.733542137313753e-17,7.113052229581332e-17,1.2779336219372386e-12,2.473827243083892e-12,5.105576579465193e-16,1.6423444026797188e-14,3.4583217001446494e-07,-0.00017646716711144787,-0.0005734785336560633,2.479930130215955e-13,-4.559373733761533e-08,-6.205303067863907e-06,6.82558713132384e-07,-3.251696167891521e-14,-1.5906714425650698e-12,1.8304534424926667e-06,-4.003837517562145e-05,-1.3610179693761329e-10,-8.277739139099075e-11,1.2863902173704912e-08,2.984720693105238e-10,4.8325513112343375e-08,2.086784269424878e-11,1.8121971543379282e-10,-1.100015277343493e-10,2.5293585803077674e-09,4.2152792321403895e-07,7.457472073661846e-08,4.0031999420543106e-07,0.024838518989238972,6.991418511051469e-11,-4.0741606369906655e-10,1.359389627564369e-09,-2.037973129698417e-05,8.933933108802228e-07,-0.0009980677240660322,5.129044293239135e-05,3.9591488496882765e-06,-1.603643853352289e-05,0.0006060774417567379,-0.00014594277488881265,0.002358779696325681,0.03897793489160003,-3.224976198700837e-05,-4.231861643815577e-06,-1.101782202182362e-06,9.823840253482276e-07,-0.0009239113338698259,-0.00010628696001768036,-0.7558809089847669,0.0004204740815068111,3.224573439289192e-05,-0.0008599898896298599,0.000885085107659549,0.009118193083890431,0.00011275481580416321,-0.0007048893806736977,4.797882217339922e-05,0.0001760595329634008,4.981521224108227e-05,-0.001627383668753242,-0.0039195360220747434,0.005345434500442382,0.004716033011267721,-3.582416037542256e-05,0.015821337822159897,2.9936714680889656e-05,-0.0897544528486544,0.012676467484591813,0.011276412594691605,-0.0901052610790007,0.014560822743507161,0.007617109452129018,0.40440815747713643,0.05113355988779731,-0.053758750924768735,-0.0106118881953259,-0.11448263201544623,-1.8496383084500166e-14,-0.05576445371951941,-0.41593450343186233,0.16745254123221132,0.1413408965420848,0.0542676671856529,-0.004363793354327863
36,7.90681218340338e-13,2.700110513183196e-12,4.337882820164937e-13,6.93768747782654e-19,1.9877463666608818e-18,-2.3419719385118174e-18,4.9456017823822104e-17,4.512642969352151e-17,4.391595617680082e-06,-3.622784399864684e-14,1.467056989667716e-17,6.937677748756377e-18,-2.7333172939203148e-14,-5.801371793989878e-14,-3.686024348593713e-17,-2.805670400040282e-16,-6.269382046998285e-09,3.4052443127029813e-06,1.2139387364838997e-05,-4.721029764309574e-15,1.1269410160698753e-09,1.7389059772762864e-07,-1.941566895166526e-08,8.355116921609679e-16,4.5249542030150614e-14,-7.231486693610443e-08,1.7221996624688732e-06,5.924819098446423e-12,4.0257533360176546e-12,-9.022324193861167e-10,-1.6195906937071823e-11,-3.839573248548826e-09,-1.2668257570532293e-12,-1.2260548053272284e-11,7.514826959723451e-12,-1.9936713594262836e-10,-5.1116457160987e-08,-9.900101052078448e-09,-4.35149309756862e-08,-0.002624433911114655,-5.878756779721372e-12,4.7766823932996576e-11,-1.8677886540883455e-10,3.573636226873383e-06,-1.5942460098798025e-07,0.00018732777475260695,-9.711017400281e-06,-7.529678918872316e-07,3.295972716585315e-06,-0.00014427706921310893,3.679173829999954e-05,-0.0005783434868591302,-0.011159300747383178,8.389587633144968e-06,1.2878919447377451e-06,4.160719614659455e-07,-4.357574173177942e-07,0.001060909609611202,6.655462887511106e-05,0.6506741866258853,-0.00030253109553485583,-2.6709733357634566e-05,0.0015286862334896079,-0.0010343849209659888,-0.03590709917077165,-0.0008938840607330588,-0.034066373835722356,0.011802074904833157,-0.008324197177253093,-0.0032384693812888346,-0.008634570073867835,-0.01343265238871356,0.013845005576225021,0.011968798665579415,-0.00020169491851241973,0.03356703878683669,0.00012496374524287098,-0.13966712254959468,0.022113823456583356,0.014233815131045296,-0.11058648882550563,0.015817755987397607,0.008243999364635197,0.481533227202329,0.07315830391861375,-0.07621119034746823,-0.010082599398391102,-0.10920209971460673,-1.7288374893119587e-14,-0.052833605976044806,-0.4819133990198253,0.165602285250719,0.1376618604652131,0.05315455927763038,-0.007787708815948425
37,5.630517636436275e-09,-1.0286020321182914e-08,2.1727334625270383e-09,1.6880137794949937e-17,-1.0056271781310129e-17,-3.870937163619566e-17,1.95285564494073e-14,4.536912225121449e-13,0.0009569741146368515,6.131048912359068e-12,-1.752263234409505e-14,-3.530639114640446e-13,5.4951031391116165e-12,1.2541065773046993e-11,-1.8835389562243813e-14,7.975766602411885e-13,0.0004861733170689933,0.00012594501015937665,-0.002651498956790331,3.4853317805407786e-10,-0.00023828280695544027,-0.07769015295615603,0.0008490103499034251,-1.599902476629324e-10,-6.385757946137753e-09,-0.04523741823914315,0.11418061105852674,3.674228396804423e-07,1.7562351340635852e-07,-7.462341346620027e-09,-3.6201444468427517e-09,-1.1970592915137092e-08,1.4036675603376167e-09,-9.51156261067433e-09,9.733875472517358e-08,-1.132973171111933e-06,9.728448273239348e-08,-2.676597261800037e-07,-9.49243006978102e-08,-0.0039020115347153488,-2.373901238198142e-08,-2.8815619928688315e-08,3.220629991946803e-07,-0.010537996015512432,0.000511134991568477,-0.7567379225201526,0.04004650065204421,0.0031565409579456154,-5.917232118783559e-06,-0.079713746929635,0.006057921067176251,-0.06265934770692604,-0.00829558916484993,0.004890419269362682,0.0009504747363303023,0.003164505595635181,0.00047628667225867286,0.00029601068687098444,0.0015748696539183624,0.0035258827402402824,-0.0038522560535267075,9.441752211737283e-05,-0.0015962774367415916,0.0028702437363874044,0.24241561207973372,0.006392500621334424,-0.03711479322135475,-0.022455708682241858,-0.04417335011478021,-0.04709867757532456,-0.08649774362571709,0.14659463853215407,0.310726264695352,0.20043829866070334,-0.0040497114957765,0.03981399812501514,-0.008499589332388367,-0.05522796413141364,-0.10481689138034618,0.03144320420226965,-0.036949869306019456,-0.09517192785693936,-0.013062676162855698,-0.06024269890735235,0.01587810916656681,0.03635044805773461,-0.20115098100793613,0.06941340301116719,3.504682899073114e-15,-0.07943364592158604,-0.04329817186295041,-0.11843328794071634,0.1619785337157316,-0.061031189323942234,-0.18306723110165843
38,-2.463743737700156e-08,-2.2371946127533194e-08,-5.484446846262035e-09,2.0331971108849335e-13,-6.130398212716845e-14,2.8320907976468744e-13,-3.095979508785828e-12,-6.701646419987569e-11,-0.005420483363037903,9.312781377050363e-12,1.4837845159310454e-12,2.829883057982438e-11,2.0829456193473446e-12,-7.108732602524166e-12,7.797879187132668e-12,-2.1515866944459853e-10,-0.012095772061016884,-0.0010384285730330202,-0.0009811610055252221,-8.912830523100126e-09,0.002767570254352655,0.45890322273438416,-0.02200001884037363,1.988328178262078e-09,6.721943208232171e-08,-0.0016324991260965864,0.5270533132932222,1.842870054340507e-06,2.2099923658573847e-06,-4.87103837804067e-08,3.4585109899499643e-06,-1.1729929548626873e-07,1.4312316666504786e-08,-4.190598289924567e-08,1.067904232089844e-08,-4.4565615108732417e-07,-1.0576048556644885e-07,-4.3429828400540166e-08,-2.915272896911119e-07,-0.020066285618648327,-9.12576421527979e-09,-1.3883532980002886e-08,6.257719051524305e-08,-0.00034909013819243133,8.71756660231174e-06,0.014519401933907536,-0.0009142799965481762,-7.954787684679755e-05,-0.0010371795185339697,0.009847654577215243,-0.0008363446901466247,0.006978763303532744,0.03418277278271518,-0.00109928822245413,-9.312313461254085e-05,-0.00124236337315729,0.00012432402864612967,0.0005670974168311392,-0.0023859757671871405,-0.011329337836184871,0.004661324002591913,8.066809209470385e-05,0.004012701248668992,-0.011784414138257262,-0.4439866110662706,-0.013203327593103168,-0.31807225088417246,0.11015656734541794,-0.0833441664507171,-0.03388337394186726,0.0452588440538653,0.15200547710296378,0.08139453124984963,0.0702695762703261,0.004613453432670583,0.09704581133205381,0.002270721398832264,-0.033168369080802965,-0.008353720580856374,0.11014769949703015,0.1055334195593865,-0.02771536508189081,-0.004998576190428341,-0.06587172612643626,-0.01625256437404476,0.07991489801439844,-0.014475229522412241,-0.1684888929395086,-1.8592359036288256e-14,-0.09130514655976606,0.11232522012844787,0.1598625248920005,0.15730420211984852,0.06161671472474049,-0.06306001532374854
39,2.14446341424375e-08,-2.5124284265452167e-08,6.126852364723516e-09,-1.7734539812260164e-13,6.870743316651913e-14,3.273662490100102e-13,2.678721871201577e-12,5.798646361732681e-11,0.004543413207762759,1.9151516655568697e-11,-1.5149268753225347e-12,-2.872120679440814e-11,1.9557407255480636e-11,5.033920404379049e-11,1.0010053304251357e-12,-1.0026646753350585e-11,0.010738353471458652,0.00033408555553902426,-0.009275023250253879,7.902284093944659e-09,-0.0033383172746696186,-0.46271526877559543,-0.0016787683800397037,-2.39003811091983e-09,-2.5607376006440468e-08,-0.16745667103692785,0.3714601036189516,1.2598034325948447e-06,1.4849419147263155e-06,-6.988650449516044e-08,3.1235472970073342e-06,7.632190799892769e-08,4.805942890705074e-08,1.7911097581144045e-07,-1.468537651743612e-07,1.722368539191452e-06,-3.5204284779192977e-07,6.234260358907598e-07,2.9121472141158056e-07,0.007975842161948701,3.46146676893087e-08,3.8670161905279244e-08,-3.47694244362252e-07,0.008590846380086788,-0.00040677840995486444,0.5614454434513498,-0.029377466021374716,-0.0023018126848064905,0.0001557773161983329,0.021767305631961997,-0.0010925647345026105,0.012784444010764718,0.0036078536294975963,-0.0020210586190327617,-0.00030368143627090415,-0.0003564108970783322,-2.0153499429287018e-05,0.0002006462961570555,0.0003897375539429495,0.0015784057806617858,-0.001071945998444862,2.4078070600076887e-05,-0.000973890019524829,0.0015653797256984627,0.16160831011597518,0.004171243514825829,-0.021169369612076442,-0.01700391033951667,-0.026532200359685492,-0.030006602261692192,-0.07377196648115265,0.12680501812895342,0.2703950363285858,0.17546254917101944,-0.0036487487034748316,0.03608673274351665,-0.007037247188730968,-0.04981700276536046,-0.09356195797598484,0.02531625005114742,-0.03467723264684038,-0.09746091084388808,-0.013806178639234706,-0.04701507940422002,0.01033166499764918,0.03440863108293017,-0.20124288559508885,0.06943755997904158,4.010418014370151e-15,-0.08001160893972858,-0.03220493356494162,-0.11563769142136794,0.15859785204240828,-0.05915710311921323,-0.1625636224598936
40,8.136243260253357e-09,-9.733602005230392e-10,-3.2539862884293954e-08,-6.725071169837688e-14,-3.635878748654466e-13,1.3322184496057271e-14,1.0081478796820136e-12,2.1818246314698222e-11,0.0015790677204163062,-5.4841222942275055e-12,5.980767233071286e-12,1.1292480648917049e-10,5.460849770356579e-12,3.110389123139533e-11,-1.0045072619143615e-12,2.9227961428639065e-11,0.003984871874917198,-0.0077291738940697165,8.205379890876344e-05,2.9331698956293365e-09,0.015960483618760173,-0.14562595703021655,0.002936170072080559,1.2208989007245235e-08,-1.427452881835995e-08,0.6717993160320999,0.12921742356713117,3.9312377464597035e-07,2.80240646891127e-07,-7.875390657176071e-08,6.328352224589605e-07,8.594894180786645e-10,-4.7697696259986854e-08,-1.4090514486582283e-07,-3.9067661901759895e-08,1.6664204636377537e-07,-1.1193993858329735e-07,-1.4953476576023787e-07,5.674613040569601e-09,0.00121144987886713,2.758486629239767e-09,2.685337063385311e-08,-6.585767254242588e-08,0.0002857101736964765,-1.0983884620557385e-05,-0.0012990681136163607,-0.0005171831887245832,-6.481380779477377e-05,7.68710186062174e-05,-0.03222653722029608,0.0005350926364273434,0.03209452546103954,-0.004173456298053926,0.0006028882600393533,-0.0011944366699733748,0.0004595936185489395,0.0003016232598187099,0.001299271913258378,0.002419898116967414,0.0011077487084795103,0.00034174466775818246,6.348505592719843e-05,-0.00028447948360542656,0.0016365242570578946,0.1764519162261924,-0.014611478995044721,-0.26159911160228017,0.20814610040860326,0.29768137329240224,0.288023093961193,0.19893138859305162,-0.02867819928973333,0.026899982292074784,0.006646134374736146,0.0057932624341263455,-0.03922364132298736,0.017616800045583345,0.02412166728977079,0.08802609419894641,0.07718915367073712,-0.11684755076395498,0.04604130459513161,0.007933072223301562,0.016783958068702885,0.015370233420245658,0.05871970178126884,0.14387944872623162,0.12702464628993418,1.911241574614483e-15,-0.16061582719244685,0.03801123887819069,-0.08210733686216119,0.06989392893191071,0.20159648123986795,-0.013177787914071657
41,6.033285865993179e-12,5.4902338453664455e-12,1.3454073836524523e-12,-8.270357333102569e-10,2.486451294032403e-10,-1.156828300214974e-09,4.2531457267820774e-10,8.857622125085529e-09,0.00012830063780410188,-3.81321642363855e-13,-1.831348466219376e-10,-3.3647214603636644e-09,-5.870616535156785e-13,-1.8391900371174184e-12,-8.288755235542648e-10,2.131828020594053e-08,0.5159713816429498,0.00010703415454286366,0.00024805252979893483,3.8865496613176687e-07,-0.11004355646170207,0.01445938132054567,0.47371155135469445,-8.533951787835712e-08,-8.417184629311312e-07,-0.00011865469124432569,0.0038988178375833453,5.19945034767207e-06,5.9668701509773616e-05,1.7948950350089568e-11,0.00019460294841734115,1.956564208305712e-09,3.1195390253760263e-06,1.0811308108522672e-05,-5.5847095325885536e-06,4.1225338681635436e-05,-1.9226557015774959e-10,5.935821908773594e-09,8.357622268475361e-09,0.000475988325432046,6.534332966836048e-07,4.0601571311852155e-07,-1.5252115228951778e-06,0.010026629445545646,-0.00031596232735281405,0.00558340768202983,0.0027243909087851905,0.0003739820989053749,0.02282383859176673,-0.0003583166848071212,3.3878677671969e-05,-6.665793588519711e-05,-0.002167643368589448,0.009755783605259957,0.001015527700953875,0.007666639335221859,-0.0022731979867848516,-0.00010022485213935015,0.011557719341656293,0.0019202778149040264,-0.020414374812581865,-0.0005886908936075043,-0.0010921952070087988,0.03770946698409841,0.19634237542006608,0.006985169275243056,0.09721014278874576,-0.02923985471015821,0.0011579311258608405,-0.004359023282064919,-0.014295323243310702,-0.14369585856270956,-0.10019020576855375,-0.03631613900366942,0.0006530907202969102,0.20261753090123572,0.004958933312414525,-0.39204882880036657,0.10672512815984836,0.21453210181713642,0.1551985753252342,-0.06514877003600815,-0.01703752105278082,0.029669732720498544,0.11504610592350598,-0.03485313893963106,-0.011885332508148645,-0.17202639500848554,-1.2001054082445534e-14,-0.10550149732343758,0.2435639171592615,0.07793059199580009,0.09302345109429426,0.04467288640139592,-0.0064779045870136925
42,-5.251618993081927e-12,6.1390166071751604e-12,-1.502407641491607e-12,7.217657647915372e-10,-2.792552427785025e-10,-1.3282098717406696e-09,-3.6599937181706456e-10,-7.619878738483848e-09,-0.00011035720229517544,-2.8628612408729654e-13,1.8860331973397494e-10,3.4400385909945265e-09,1.1862115824520395e-15,1.5689907047937014e-13,-3.521343241725127e-10,7.497397360860075e-09,-0.453296868481045,-8.726723898553152e-05,2.0293966514550682e-05,-3.4093799531849213e-07,0.13131672079965825,0.007633222527945418,0.5223713013791813,1.0008195980408743e-07,-9.498799923128696e-07,-0.0019969434793130746,0.004553605169200157,-2.377811928930556e-06,-2.3987927254408045e-05,4.996142816878994e-10,-5.971777265806911e-05,-1.636627773006088e-09,-4.1731233205908495e-07,-1.2655987484628545e-06,6.320782838962772e-06,-5.4237778226195904e-05,8.212073691522924e-09,-1.7764773357826168e-08,-8.367950936645493e-09,-0.00030681400880932564,-9.877287077106618e-07,-4.275898106652567e-07,2.9497114486061613e-06,-0.015742964027287226,0.0005648094348012256,-0.024197020299250787,-0.006669870941721291,-0.0008360718983735354,0.004512460205020476,-0.0009620563394894004,5.055273607605685e-05,-0.0007645296922317884,0.00036468917623957726,-0.0209452382898246,-0.006445560299342513,-0.018911207369568698,-0.003615529367613237,-3.488319314735225e-05,-0.005192713536571443,-0.0009249607985861422,0.016860785148665874,-0.0007056537943394387,0.0008556166879527978,0.0022329380953260195,-0.27374603451947715,-0.01422000618309978,0.3092292602319677,-0.004712214092079999,0.26006183798081345,0.21353122742318753,-0.04445125648106123,0.010484120380135,0.02885831947507784,0.03286779253167767,-0.007911429210108395,0.00506257969933852,0.0028843255941641303,0.0072188426083085264,0.004231617419232853,-0.10341864602734478,-0.02134420550394418,-0.18962595976896404,-0.03655771931740397,0.23329245023320694,-0.09932072788193845,0.021396800701281703,-0.1931844956722515,0.06887856336138268,8.25865680376968e-16,-0.08902620416307061,0.19892035993620322,-0.0627379200051118,0.08094418714985677,-0.017787110589444866,0.022769608931312812
43,-1.993162848855026e-12,2.343101099724181e-13,7.965960835211239e-12,2.7338733049552334e-10,1.4788913039092575e-09,-5.312171792155239e-11,-1.374600808090479e-10,-2.8617524661585017e-09,-4.006216922485638e-05,3.1856180772284763e-13,-8.233385239363101e-10,-1.5018783766440317e-08,-3.897739764053631e-15,-2.250066595379966e-12,5.98486140800871e-11,-1.6276848430581483e-09,-0.17022825074445655,0.00018949425801488996,-0.00011032617217166739,-1.2795520686987776e-07,-0.6879612322240846,-0.00012988710283114076,0.0253930568031397,-5.384117857447066e-07,-4.522099951111767e-08,0.004796451978149353,0.0009162698940372975,-8.420233104998344e-07,-8.029099796544782e-06,6.24251383647075e-10,-1.739125345616764e-05,-2.791710199001012e-10,-4.6446484676465836e-06,-2.791805424352154e-05,-3.0201027549581113e-06,-9.871755253652635e-06,2.794726260565913e-09,2.4381058867894077e-09,-1.1126023480708438e-09,-7.141134033163375e-05,-3.055407497125443e-08,-1.5951814934501214e-06,2.576057156739118e-06,-0.007068532185127362,0.0002791455325973399,-0.0003375445006207583,0.016616591461322876,0.0019810220671622105,0.00023925300937488242,0.0015002125791839164,-2.6599753715351674e-05,-0.001593087590659128,0.00037956047196338437,-0.009288384222930546,0.019245750773288148,-0.003532307262153318,-0.00306873327723496,-0.0002111287898222794,-0.01579612968568988,-0.00031375972051399687,-0.005866921788208524,-0.0003658105996900615,0.00016864360989380422,-0.0010752715380592736,-0.07469534758654908,0.0038994625323148465,0.1055291881542435,-0.08579963399380816,-0.10848922878188212,-0.10888925330485363,-0.1148857800509511,0.043556098123552094,-0.0045444222629656625,-0.018874683618216887,-0.012213765929865856,-0.11173906177042954,0.006869949362845813,0.07524721788405,0.2542992218708557,0.30509329637049637,-0.23119554915911184,0.051368448123688355,0.005800709559831823,0.010277735672638677,-0.20338468538118964,-0.22861170563458721,0.1298920184534083,0.11283245681445336,6.975184781763431e-16,-0.16199258835417157,0.06481762423623062,-0.037601965064211054,0.05205935450388982,0.09548071284530708,-0.18311967683690214
44,-5.806361918959259e-14,-5.3021789958909545e-14,-1.2980038979065395e-14,8.520557760136468e-08,-2.5588270394758683e-08,1.1963265435662333e-07,-1.3723224716015982e-09,-2.744252215006023e-08,-7.650942756860656e-05,3.09659236327596e-13,5.440039214021644e-10,9.626885086528322e-09,6.11353031545958e-13,2.0900234284587353e-12,2.2345370749409008e-09,-5.3659204763270484e-08,-0.5127412313736933,-9.903354528128387e-05,-0.0002577447427355993,-3.9405088764920734e-07,0.10948838334962507,-0.023482831262997654,-0.47052989608146506,8.809751584018114e-08,8.551975605205807e-07,0.0002607211804782881,-0.014796893443831548,2.438753112260649e-07,8.318099809991644e-06,1.1489413316773714e-09,4.0351577635752876e-05,4.009230305377443e-09,9.97837658272675e-07,4.621880195815253e-06,-2.6078543490920474e-06,2.4187941358975956e-05,1.7792566306492996e-09,6.302528014221925e-09,1.2969642952034733e-08,0.0008054221813557945,4.1196293184788616e-07,3.1754557549351546e-07,-1.280028186070513e-06,0.00837066756635934,-0.00026991737128237984,0.005234680176720546,0.002185093424935526,0.0002989354082865406,0.01707457026464841,-0.0005039160634867774,4.6234511549169294e-05,-0.00017258533198440533,-0.002667843559940071,0.008973414530565495,0.0009060731484365217,0.007318617849381286,-0.0018540308479447227,-0.00010678040174732646,0.010768999629698808,0.0020868837051569817,-0.019161364792260657,-0.0005280735574267274,-0.0011564918873554087,0.03568144280564928,0.20478887604697613,0.007277629900060645,0.09980071671398905,-0.031098551197880894,0.0008403829066078163,-0.005307310805276081,-0.01458535174712288,-0.1464449827297942,-0.10196634620478046,-0.03812158894078419,0.000625546148327518,0.20013817855272772,0.0048052864016541645,-0.39401355641390623,0.10690808102746367,0.21460116925364173,0.15506351208860658,-0.06545355284257227,-0.017192383433488393,0.03126582770085295,0.11715854344207888,-0.03700946967802074,-0.011823308639622866,-0.17213272024165704,-1.2137458018503675e-14,-0.10577142474943982,0.2443178936943474,0.07575210612685816,0.09119984821510457,0.044133221227984756,-0.004711543315954065
45,5.055266359020752e-14,-5.890695310336457e-14,1.4490325451517604e-14,-7.446613604474223e-08,2.8770344116084637e-08,1.3666448960407276e-07,1.1711654462105768e-09,2.340503739589186e-08,6.68929255874366e-05,9.234940725399825e-14,-5.629499347254184e-10,-9.872203478046269e-09,-2.3126336014989904e-13,-8.532050883075637e-13,1.5232871864191067e-09,-3.3685222525632984e-08,0.45542436541329606,8.577517242789963e-05,8.607409052762026e-05,3.4886073855990195e-07,-0.13238249306617994,0.001144278045586582,-0.5283178785629462,-1.0371290588009713e-07,9.685918306210204e-07,0.004977697599668572,-0.010923201027760225,-9.764512101227964e-07,-1.2549659235255231e-05,1.9397291205046783e-09,-4.2683566985302923e-05,-2.817136670958856e-09,-7.475687116866898e-07,-2.7673630510089268e-06,2.508950627018915e-06,-2.577271884333134e-05,1.3795984924760967e-08,-2.7249192552620408e-08,-1.2736097707729917e-08,-0.0004127958394405877,-4.854133087545928e-07,-3.0813166238957675e-07,2.0202243070396428e-06,-0.012017229194910446,0.00043343567698106824,-0.032069637938299866,-0.004056038953772493,-0.0005475919019062755,0.0020565290929601297,-0.0012671273355768567,6.565109288113277e-05,-0.0009328017185623112,0.0003004527335289117,-0.017064379975777016,-0.005163116997588635,-0.01633247292782015,-0.0030804309313423052,-3.647636420236817e-05,-0.005041729290880541,-0.0009326412140464696,0.01580070347153379,-0.0006364236758706991,0.0008533174745274395,0.001348603253481431,-0.2702691471378559,-0.013953959040565452,0.3014569374381807,-0.0040041958001738424,0.2537110897860634,0.2086075395629237,-0.041880682538873386,0.008256128554911707,0.022431632228367186,0.028407752248502643,-0.0077074986532503185,0.0028822918966233757,0.002992444297768024,0.010162481134721645,0.006271479508140057,-0.10585525031126272,-0.021173149120090676,-0.19058344845125147,-0.036869238188755385,0.23787003951611363,-0.100871196599516,0.02073432281016329,-0.1929048405843042,0.06882321447151978,5.359836848383413e-16,-0.0891663108673521,0.20242300731543553,-0.06127248020394484,0.07877737278300057,-0.016736654921358868,0.026852281706455525
46,1.9187097894902668e-14,-2.1931333947019147e-15,-7.663572356963683e-14,-2.81689725399525e-08,-1.5249500145177616e-07,5.392518684445904e-09,4.3806756178289104e-10,8.75409292074571e-09,2.4407892697145014e-05,-2.607238481225711e-13,2.649718219466352e-09,4.6601387709932495e-08,-6.675828150664816e-14,1.8190992818691237e-12,-5.374786493030904e-11,1.2969237755557054e-09,0.16913873532151635,-0.00011110663911604098,0.00011325098761397267,1.294793520038367e-07,0.6837226316796027,0.003027570220502294,-0.02547584422961641,5.473699869512e-07,4.481502723774547e-08,-0.018320921100319014,-0.003445629121174092,-3.0554641706656287e-07,-3.94504553107808e-06,2.1983416212278593e-09,-1.2800875951097543e-05,-2.2969489985901838e-10,-1.003541545572406e-06,-7.879076232346802e-06,-4.361835056016641e-07,-6.315995622044554e-06,4.6068930694656155e-09,4.906449672526596e-09,-1.098216932789645e-09,-8.589262530598087e-05,-5.5594281283635396e-08,-9.201403064017393e-07,1.6884247579485042e-06,-0.005318522615812485,0.00020917617667327916,-0.0005693809477587577,0.011886460898745796,0.0014182569450940322,-0.0001091394147056027,0.001975838304496008,-3.4456823161713634e-05,-0.002063946646574492,0.000439905674392443,-0.007655755720156964,0.015698671174302525,-0.0031994484683852895,-0.0026691889348352867,-0.00022964592026303358,-0.01435092840834581,-0.0003309973108547439,-0.005138052684805778,-0.0003363354221479469,0.00017406958143927547,-0.001225640296345396,-0.07767728859262739,0.004098725078894584,0.1098641281116029,-0.08886543201509044,-0.11275420245378599,-0.11299605853268292,-0.11810646441050068,0.04412673887696244,-0.00496720221247686,-0.01881733541465023,-0.012169136055969896,-0.11080116343383976,0.0063190476712818395,0.07559918172330236,0.2524544127605458,0.30674686573619636,-0.2315650630642469,0.05119715777263402,0.00571869498054818,0.010029761612620999,-0.2056395175775107,-0.23200188976894215,0.12953525338657335,0.11248084406129163,2.994180252712633e-16,-0.1619486819315806,0.0647186038613746,-0.03641983162363982,0.0514737903610387,0.09259019061886542,-0.1830462476610006
47,6.015009902625197e-19,7.867091017382972e-21,5.753635417420847e-20,-0.5174559597534575,0.11486116461297394,-0.4678220421721888,-8.620154168276922e-06,-0.00015938475960437283,-1.0601664375625403e-08,2.44172732436792e-16,2.3141317024813544e-06,3.808023163020952e-05,2.7514955437373676e-16,6.593801095482363e-16,7.679814572730078e-06,-0.00016442512259389226,-0.00012913759607587354,-2.6318652495006796e-08,-8.182075671945286e-08,-1.6714534188652506e-05,3.88838732549059e-05,-1.2591060283249631e-05,-0.0001948272085239363,4.553365878150011e-06,2.215738509022923e-05,3.5740127742004473e-07,-1.674883355594652e-05,0.001997734482737483,0.020008766274085682,2.389283335930588e-12,0.05625832323433189,2.659699382366383e-11,0.0007434031050165495,0.0020749449804612482,-0.0010428911652574234,0.005509298102362636,-5.2558997742668726e-11,4.2451731222112295e-10,2.3550965891026475e-10,1.2053307295778699e-05,7.459148550485838e-05,1.89493909859256e-05,-4.336674709179092e-05,0.17255668669810847,-0.0046996409717628106,-0.00032262353547374224,0.04934026530273839,0.006640143424962495,0.3962011767771769,8.456520128578122e-05,-6.615566712526177e-06,4.300256852389399e-05,0.0003025703317818324,0.021372009173631402,0.0010728897758362664,-0.01399676338681663,0.009824738016007965,0.000124310727900935,-0.05191512250621244,-0.00019611845274866759,0.09735927247307613,0.004123743444536124,3.39810534654681e-05,-0.20182754072485348,-0.024153521858798134,-0.001245462233371912,-0.01169764239807262,-0.03448798740750069,0.03015714035527092,0.00042727450130716625,-0.002151708307762103,0.03983191826905795,0.061737120977487556,-0.0028418097318331126,-0.0052918848034951785,-0.28310642305405925,-0.016528131151839015,0.01810108287911989,-0.09651857772751135,0.056952679556286724,0.026573812113421223,-0.010897335784568338,-0.012166211664999383,0.026923547605952686,0.2303567303997325,-0.15435969261217802,-0.00301433283861795,-0.18106967674653046,8.531376415762185e-15,-0.1275473428184943,0.04936371577891269,-0.11091447595572285,-0.06924763221186042,-0.005290489042044817,0.06979607330976785
48,-5.236576569801605e-19,2.841814656326181e-19,-5.953528536556695e-20,0.4504526668002837,-0.12849961882994285,-0.5294742423079205,7.126500623903411e-06,0.00013148038801417372,9.311514364100848e-09,-1.3094821286071608e-16,-2.35413179032651e-06,-3.826732193721383e-05,-2.3276136781499e-16,-3.6765247226982564e-16,6.991660341246408e-06,-0.0001467533827809021,0.00011455919439144904,2.31240225293638e-08,4.071772085219952e-08,1.279360411670036e-05,-4.683636938093885e-05,3.253416226666577e-06,-0.0002191848629292086,-3.860166607566126e-06,1.2396217248569774e-05,4.201582967089229e-06,-9.800791524246124e-06,-0.0009613111705289058,-0.007708775396859969,7.377552012929893e-12,-0.014430801852274683,-2.128480512802796e-11,-1.464702319514218e-05,0.00012053915735209295,0.0012165655134895492,-0.00797221823653928,2.9841014707960933e-10,-9.306176766529351e-10,-2.4047535363468724e-10,-8.504872431244005e-06,-0.0001305602204792336,-2.2155305112499977e-05,0.00013109606468513676,-0.35230966084152787,0.012114603388761924,-0.003553441356834261,-0.1730197245217293,-0.0199420281263176,0.165262967014899,0.00011764950959972547,-1.451593996987507e-06,-7.197743801840982e-05,-0.00011870782260433694,-0.11351519066044273,-0.015971044524760985,0.030838509533929408,0.012502469445753492,3.975213064602711e-05,0.009484638787741053,9.662398990892017e-06,-0.058716658056187025,0.0040017985604696915,-0.00012193523596640507,-0.061212763589826115,0.04118102535134507,0.0022936534110539076,-0.02676975586292577,0.04622478809241342,-0.06223997883039939,-0.02316576934836233,0.011336241713910532,-0.024535150083928155,-0.11127591525320944,0.10405015389397194,-0.014421131464799486,0.20049915642111654,0.019031845573078743,0.27049720106825137,0.05621179750561583,-0.01459068337256488,0.011875626142560472,-0.016873151356956276,-0.014098194158313973,0.06085963329455569,0.2304572812583172,-0.12493791210309337,-0.1585144937467366,0.06099199078287361,-4.555231061406535e-15,-0.09640271224468648,0.054547175749606956,0.08198263731664206,-0.11884529303105387,0.07268655984572335,-0.07693709155613446
49,-1.9890511520281333e-19,-7.229246251532344e-19,3.3125533841179853e-19,0.17111887193498213,0.6856023267890197,-0.02086338255676547,2.694466784287028e-06,4.973257346685581e-05,3.413228090148952e-09,1.598911021552945e-16,1.2037752900622444e-05,0.00019717412656034255,-6.89164145808213e-17,5.161023358354935e-16,1.54001220592136e-07,-4.318009745879028e-06,4.257515611074754e-05,-2.1583758512378603e-08,3.506757138470073e-08,4.796974956290936e-06,0.0002419850806034845,2.194524665279815e-06,-1.0730539481748637e-05,1.868781028992398e-05,-3.448185750700463e-08,-1.8027859489190396e-05,-3.6270370948103537e-06,-0.00033268820570432807,-0.0025459932009842573,8.592702962236758e-12,-0.004031517271208561,-3.704037383673784e-12,-0.0012009796251993565,-0.006130109604065595,-0.0007274819391938815,-0.001209300566503418,1.113479081560949e-10,3.5683021505601896e-11,-4.3539230275942903e-11,-2.2922227441823698e-06,2.990630880658192e-06,-0.00012153042469078406,0.00013015704785191277,-0.17233346500339153,0.006642123825029644,0.023322102609803188,0.39380284219941686,0.04642274660922753,0.024055455157778505,-0.0001720199534710223,4.201266132754066e-06,9.070357725852188e-05,-6.664105427311815e-05,-0.05328864127325217,0.046008555451790195,0.006386775237111512,0.01128355074835197,1.9595509468842884e-05,0.08432040232446827,4.253245531664131e-05,0.043743288506325445,0.0022395276932563163,-3.166788191281119e-05,-0.007594117471848889,0.013292425659736753,-0.0002119510762665796,-0.013160489982155093,0.0260609760466469,0.005246305565475215,0.015518809764166126,0.02312167795005419,-0.018429077133032438,-0.02207854147818732,0.01955755529029612,0.026820851068990972,0.15521923574307445,-0.04784344284934282,0.015180747959894542,-0.3356045309721174,0.0977337532101468,-0.050694056674536636,0.003185603604431944,-0.004973579292067394,0.00013264848860006052,-0.1195427796390713,-0.16909977588328973,0.09971399691231457,0.08294596709768293,-3.878354166615825e-15,-0.1604701673308646,0.013544646777578162,0.06504588361452311,-0.0013878223317788248,-0.15427216974836389,0.17035522606694475
50,-6.113291299482145e-22,-1.2674866767641789e-24,-5.752871579625627e-23,0.0005300052728168882,-0.00011774563617729653,0.00047981309410865776,0.000708935722977023,0.012689089456603332,5.238297801990383e-10,-1.0598681942626801e-17,-0.00018253314543556864,-0.002919315730168108,-2.6570107824412224e-17,-7.218914327301067e-17,-0.0005945095453649848,0.012222696876575062,9.317012793722637e-06,1.946805419726795e-09,6.8964096751602105e-09,0.0006393726772199854,-3.1888847688814046e-06,1.586242822631982e-06,1.7384425008370848e-05,-0.00015986244513053896,-0.0007203056650713308,-1.6866125760825074e-07,5.550706161408373e-06,-0.0316737265752755,-0.28715035265397776,-9.968516840952748e-14,-0.7365426739464671,8.294410893713513e-12,-0.008207504840969942,-0.01872823318673294,0.008498355008825656,-0.03136808532742061,-5.155582893196438e-12,3.486316090921293e-12,1.9260451715900543e-11,1.03240740473541e-06,-0.00035336095249752437,-2.64966664922562e-05,-6.185911717471728e-06,-0.03357937852457726,0.0011871279247861511,0.00040502569273085433,-0.00781548504059762,-0.0009919097494883993,-0.03576682701789139,-3.0454574860782113e-06,-1.4055312933909172e-06,7.42469150052322e-05,-2.739726391957505e-06,0.06689163171701994,0.015347030436044564,-0.0016426274100265511,-0.11412558737610051,-0.00021900546839327044,0.15034983221526393,-7.319400100764093e-05,-0.2367468903046502,-0.0022884650330994116,0.00024410955383959048,0.3741257439697287,-0.035712929536023535,-0.0013709016547207643,-0.005108718538448775,-0.00025172440030002554,0.018536233298990606,-0.005170768606239505,-0.0012560149723699241,0.03243265254797635,0.0520289878160458,-0.015510057685992137,-0.006006878533212553,-0.1719573600496734,-0.003849474673058654,0.030464532272221075,-0.060101702179819395,0.017820611167815782,0.002786564617116918,-0.003321448083727571,0.001651721558754998,0.014921712315075853,0.11989790493003191,-0.08399307495468042,-0.0012332443502385772,-0.17692539424117495,1.0258299891591912e-14,-0.12627130460333116,0.010340103730224868,-0.12528412977522072,-0.08258797492977384,-0.01087016088500343,0.039940093348947395
51,5.306401981730584e-22,-2.8271079688536004e-22,5.917312964765835e-23,-0.00046001561951632667,0.00013120213703495757,0.000540540183170848,-0.0005678090610612068,-0.010128051593568062,-3.960021796718081e-10,7.488939469038487e-18,0.00018401555020884067,0.0029003492319966775,-9.257523054316122e-18,2.808373336040976e-17,-0.000585683177992842,0.01188158496315251,-6.652689451094589e-06,-1.3641192968277074e-09,-3.3333385360004904e-09,-0.0004528145614070121,2.7306483062822143e-06,-4.841611658292464e-07,1.2488078729401755e-05,0.00013010424537958763,-0.0005218786760417183,-3.189635272657886e-07,4.1788250922410065e-07,0.009950095348555378,0.055781817282957204,-1.6118532094691921e-12,0.03166723543137457,2.263764816360795e-12,-0.0025379708209218085,-0.009407329407365314,-0.011422395372070149,0.06264368271424099,-1.493081803819648e-10,5.64430283730387e-10,1.1205501052971353e-10,4.049833805207442e-06,0.0009783882944673977,6.235653526858665e-05,-0.00042723887920191253,0.45198940785252983,-0.016238759093025277,-0.0006936152785887705,0.16367492645546164,0.01917211238885593,-0.11898560961805003,-0.00020844143024969733,2.2944586759454178e-05,-0.0005881763245873046,-0.00033717400567199486,-0.47737134353139726,-0.23923171433610657,-0.4866733320280653,-0.12434136178098418,-0.00014647246572119997,0.04281605005135236,0.00036382820946317734,0.09939288324547253,-0.0022979284770844968,-2.260960777171939e-05,0.24410048714759894,0.025277441437697504,0.0014565518127388404,-0.03599262324752579,-0.0044989612146731535,-0.03223302343380594,-0.016178075068619107,0.008033655601741628,-0.012071473992796629,-0.03907215481235027,0.02099638860383893,-0.010766324300876616,0.11618620218197812,0.0008827194453859105,0.15081643262742375,0.02936118326384779,-0.0007424879409973771,0.009174616337974294,0.005936448443115778,0.0018640041194459204,0.019570262895250705,0.13559204245590223,-0.07252700836053644,-0.15008574506996894,0.05919015209550743,-4.9781696846298e-15,-0.09427697390263073,0.019425119551381518,0.09356388548654017,-0.13394053624940988,0.07808499194801612,-0.04337932773090467
52,2.0156521732170542e-22,7.383806270480537e-22,-3.297974108117742e-22,-0.00017475252936860805,-0.0007000229502418439,2.1297783328104766e-05,-0.00021567845502948283,-0.0038503523735210327,-1.4677851323079776e-10,-2.929215578137745e-18,-0.0009687400194879254,-0.015400880463648146,1.8722823590007874e-17,-2.6306283836188813e-17,-1.925239848197221e-05,0.0004717560017170932,-2.487278519332149e-06,8.384058332427807e-10,-2.1878714561302862e-09,-0.00017167129633895558,-1.4069444203729316e-05,-2.319988712762357e-07,5.836944038059542e-07,-0.0006862840519026593,-1.9556612250454877e-05,1.7883938020968557e-06,2.438236500355734e-07,0.003628358360879858,0.019924079870063217,-1.6132999513369318e-12,0.006717418186614521,1.1104223437613745e-12,0.01515406556408059,0.06897897519879821,0.009436330293492456,0.005431453079168092,-6.1762385967956e-11,4.786791294909938e-11,2.8538257463870872e-11,1.2939382667686459e-06,-0.00010917386278069558,0.0006259680980223861,-0.0004632857879784864,0.2263491716845528,-0.008804981256343236,-0.024502091521583367,-0.3895805310906779,-0.046469957004764896,-0.02255416129238499,0.0003741866270287965,-2.091707401660967e-06,-0.0006070981999836203,-6.129603787417106e-05,-0.21606351368259355,0.679229803965881,-0.05669467817221474,-0.09393486184942519,-1.7365930400178232e-06,-0.3139330138324902,9.641467165884419e-06,-0.17523464913385994,0.005450041782108673,-6.004948514378735e-06,0.03980088211912885,0.008226232602578017,-0.00031926053445726287,-0.01332757602421315,0.00994196965576198,0.008700003095811846,0.012736576446862049,0.015246538628789226,-0.010668219628495446,-0.010797462831362514,0.010969292045331735,0.017633511047516155,0.08351516648645539,0.0011070177825538746,0.0047014952454274865,-0.18644012533934265,0.03518120628387657,-0.011962810862651989,-0.004855906388988558,0.003801192962578524,-0.0005009348167070178,-0.05105370198121008,-0.07898002608065811,0.09348639136853937,0.07717550302169357,-4.0170482760594256e-15,-0.15609996449050606,0.003942088363353718,0.07205850546216594,-0.0072237476975240515,-0.172251720978646,0.09689719524122749
53,5.307816056328334e-25,-4.936802832530435e-27,4.908933623365915e-26,-4.638179729104303e-07,1.0312029320501146e-07,-4.205719030765116e-07,-0.029537965349821994,-0.5103760999622623,-1.3752821713566487e-11,1.712262465460526e-16,0.007287368183670622,0.11295225494244843,3.604976708202406e-16,-5.759536241142777e-17,0.023462829239428145,-0.46164188443964094,-4.131506228734608e-08,-1.2871155867470718e-11,-8.580186713622021e-11,-0.010698627685423217,3.246926462427044e-08,-5.022474044311321e-08,-2.438505962021428e-07,0.002367857879205311,0.00971991185662051,2.6488221972464362e-08,-8.59725379488603e-07,0.07544162116961685,0.32118197896100775,6.13252072558575e-14,-0.07925180679403879,1.9438061410841842e-11,-0.016575938742381252,-0.07955070885973894,0.04684074684450718,-0.30230286532506184,-7.044249653823671e-12,2.5404703309980068e-11,5.574244445325988e-12,2.2130218385019257e-07,-0.004252622722679283,-0.0011544406696348494,0.0021992155980376476,0.037552947768502036,-0.0014132593111152417,-0.0006727016634630963,0.004517437435246815,0.0005252336448172652,-0.005675010408871506,-1.3279396851989766e-05,5.089287684886667e-06,-0.00016483046109221276,-0.00017366506093452594,-0.16021781178873248,-0.03928953761372334,0.2211562768928426,0.29821783160565896,-0.00010386688723513344,-0.0965728352081956,0.00017999801966270878,0.05992623286158024,-0.003464241735310541,4.792751254815369e-05,0.17233404923248555,-0.0012110311160661888,9.454982207098211e-05,0.012957733967802091,0.04099045579292718,-0.013700793273950731,-0.004257796759750629,-0.00014656612323680227,-0.0018526452200815354,0.006134910044321871,-0.021297102474491295,-0.000548057335772904,0.05896949637508428,0.01452866574543105,0.024775838566482144,0.01533882002855864,-0.034062010273115104,-0.026392191077186353,0.00611955548001115,0.01780203812554228,-0.0033165245046639915,-0.06202862107385314,0.034861114366633854,0.001030313850159661,-0.16891145293344892,1.1804747373984175e-14,-0.12285427818955623,-0.03870914024197782,-0.1360617973652585,-0.09443170444986157,-0.016969775637108,-0.015786824390264124
54,-4.612005250848947e-25,2.4091636384211762e-25,-5.040474326258064e-26,4.0299594035443166e-07,-1.1494708753613723e-07,-4.725787806596311e-07,0.025717683243852436,0.44406529541075196,-2.6002475005894794e-11,-2.5601378516692085e-16,-0.008305272930694198,-0.12712908222194633,6.510943176154202e-16,3.351905762884575e-16,0.02668167669223634,-0.522459327661273,7.767537440904908e-08,1.848047748602883e-11,1.0338224641615749e-10,0.009329288134115085,-3.274232368510181e-08,3.601771119535603e-08,2.207973044164846e-08,-0.0026702705754553034,0.010964252940709771,-7.926588248913107e-09,5.521523773269491e-07,-0.06604202982826123,-0.2686576286878799,3.5911074862703806e-13,0.11309769411612015,2.1824254178315078e-11,0.024536028409858728,0.07591618012638852,0.07483660647509416,-0.3403365660892511,2.4351918002866287e-12,-1.90314481502977e-11,1.9488672633659608e-12,1.1836568876274557e-07,-0.00494359314842799,-0.0002170617603887622,0.0010914933749478911,-0.05051003412777026,0.001918035841889529,0.000572390721225391,-0.013405667552733792,-0.0015805683797177783,0.015761440675865174,3.541025030276411e-05,-7.3237135349004105e-06,0.00020806382351735975,0.00022310423336652937,0.20257899948863162,0.08779140600078442,-0.13870873294680416,0.03480175109084615,-0.00011200041008214905,-0.10022347694516691,0.00039363485988995825,0.29882943154370606,-0.0054417780378798125,1.961953132528501e-05,0.18127133946377164,-0.00022513851566922496,-9.522483196410848e-05,-0.025881143094449357,-0.062039009185539326,0.017732840527835334,0.003032274131915917,0.0008282636674851853,0.0019391736192224886,0.0529744414380862,-0.08289855268159485,0.00019446343977998383,0.0026053307487676224,-0.02036403850431004,-0.028561377982379076,-0.005282674462037735,0.014905016048636843,0.004532722203121804,0.03271225256658421,0.020666672978016533,-0.032668782107847655,-0.01390984895629707,0.010066872897733014,-0.13905815027731763,0.0571356118895689,-5.040703513027256e-15,-0.09061130535459719,-0.02492577072249957,0.10607935322579538,-0.14830484975707728,0.08284807712496073,0.004615838329340397
55,-1.751713489273046e-25,-6.465633708221223e-25,2.812196315227648e-25,1.5307296055425767e-07,6.127529177831124e-07,-1.848408554178006e-08,0.009770580982621362,0.16891594462650703,-1.4244102476340071e-12,2.4180399180987123e-16,0.04377171224438692,0.6759427851424571,-7.254627744214014e-16,1.6194139981302987e-17,0.0009089018824639551,-0.020962033806340985,2.5233889744818736e-08,1.53383553374664e-11,3.34795484265859e-11,0.003539246346688924,1.0396392666374173e-07,1.3186992537869824e-08,2.5560067168928142e-08,0.014207834691655225,0.0004503244623701455,-8.772992215144608e-08,1.8466360859616693e-07,-0.024443792437337353,-0.10149255720978984,-9.76281627004459e-13,0.05065595723405769,1.2374654371304671e-12,-0.10883194305234843,-0.43313167815932774,-0.06106175656300755,-0.01659901730058453,1.841077516368557e-12,-6.5335540911575415e-12,-4.0794127184602016e-13,-4.217325301946266e-10,0.0006612765821748983,-0.0017445143943256977,0.0009251626242999328,-0.025388652912550963,0.0010104345136059583,0.0023189138011615084,0.034051434305186236,0.004114164800724093,0.0044903121450132946,-5.474011637876812e-05,-9.84672623997911e-07,0.0001442313793655792,6.588098949210914e-05,0.08406091497847597,-0.18112906045786312,-0.05375236573863989,-0.032765552023824175,-4.464267655284988e-06,-0.3631285177216504,-1.4915395716995417e-05,-0.16218486528026302,0.0028482002312559,4.967459103590559e-06,0.019619998207186923,-0.00019575166804123057,-0.00011364201769014267,-0.006444368724011392,-0.014974089437519848,0.005897017953381485,0.002036664783357436,-0.0011043376098794065,0.0013719520515104572,0.004041538684364882,-0.0023451612866315147,-0.0015657380436346663,-0.021292205113644602,0.05905509961129916,-0.008509643052670003,0.04218420613936438,-0.04467673686913369,0.03571485294942166,-0.014009467424611741,0.013942796323821813,-0.0013347559835866468,0.0387059983894277,0.04481292263605341,0.0856588902744831,0.06997665887995866,-4.060214615702913e-15,-0.14982306986841615,-0.007983893680206976,0.07884357424988235,-0.013662071188658273,-0.18963443633488405,-0.018283882848753926
56,-1.3075685436916985e-27,2.7077578060055014e-29,-1.1881041481841949e-28,1.151501835036545e-09,-2.5623331135126494e-10,1.0464429307592866e-09,0.030979303966907876,0.0342238466601192,6.124416309918626e-13,-1.6396507366932526e-17,-0.006495056088796328,-0.007553181093817835,-2.7122523652724886e-17,4.8448869680876697e-17,-0.0286898256156969,0.031090744698027077,8.231338643201319e-09,2.658305234109858e-12,1.8437010078460966e-11,0.0017302064906572793,-6.5145850839631236e-09,1.444284306861913e-08,6.064602500935957e-08,-0.000381121918973617,-0.001572962658191048,-1.64186750823231e-08,7.741354377910635e-07,-0.1490122582954856,-0.22509303906350955,-5.2692841523597547e-14,0.09208104917858635,-1.565308035044493e-11,0.026847262142060936,0.0722779422679395,-0.12133748397868023,0.23646369295329359,-5.761013955359907e-13,8.318637062235161e-12,-2.368414839250685e-12,-1.3756540838077471e-07,-0.5859370515857342,0.1258262020601001,-0.5328770422826443,0.0217543192497798,-0.0008229952128921029,-0.000385163928049051,0.0031950539041694943,0.00037948678819583966,-0.00035049664151662,-7.792204818443926e-06,3.1314173883730746e-06,-0.00010272640552082966,-0.00010442112151841234,-0.10034682933662223,-0.02545678443050014,0.13383456073281294,0.18073925501013008,-4.320337356376395e-05,-0.06785457869867673,0.0001089658759888454,0.05114799150823387,-0.0018296379782697504,9.707915370263971e-06,0.0708355419132141,0.00015152391250379486,-0.00010024302539966589,-0.037987193263565415,-0.09277127600727268,0.02500931949280601,0.0066730821843844325,0.003710729645956722,-0.013027581722386392,-0.06149121036759495,0.06842315964846732,0.0010428031381029667,0.0828194557359549,-0.029335667472025023,0.015299828613040986,0.030224094264983962,-0.04329302264645997,-0.031494942333718384,0.00806745278396221,0.020870306181281,-0.007373046302117532,-0.10061351949134782,0.060211834749344086,0.001104061984387078,-0.16852811491373382,1.2057278260952414e-14,-0.1236551342929551,-0.04796916044793257,-0.13811269448992036,-0.09754646129045032,-0.018034847446572428,-0.024344532888288997
57,1.1368947498818078e-27,-5.824537000812002e-28,1.2176922704626726e-28,-1.001168132057072e-09,2.8568933712240525e-10,1.171213534076946e-09,-0.02719365873147761,-0.02975777273484082,1.8856278497637223e-12,7.756948804549702e-18,0.007921708890556139,0.00845856950626263,-2.053768387861175e-17,1.283364189403432e-18,-0.030367492237040855,0.03529128015494194,-1.1121798535172666e-08,-3.04906134493799e-12,-1.9315968044390515e-11,-0.0015077643182844348,6.423063372372254e-09,-1.1347071449238262e-08,-2.1799045461337818e-08,0.00043174339615902323,-0.0017717613544951897,1.0349700597571387e-08,-6.442589777990176e-07,0.13946212905537653,0.18895883653736717,-1.287086077328397e-13,-0.09752198226963237,-1.5610526373516192e-11,-0.04879981361890805,-0.038202884900440194,-0.15568464474240049,0.23905109760646806,1.5968372793978017e-11,-6.011035208994214e-11,-1.2570800260965765e-11,-4.679869707813016e-07,0.5110709571353971,-0.1531071196134576,-0.5961037812002875,-0.061854016399154575,0.002266955152973851,0.00034421921374311847,-0.01958733966120562,-0.002296949643953081,0.017185219930557608,3.288142616355082e-05,-5.212187694671183e-06,0.00014453930291659904,0.00012336263270776039,0.13090046627945953,0.054596995081774784,0.03409761242570104,-0.08207288675762706,-7.363049756020006e-05,-0.09116631938975957,0.0002835964120797938,0.23785399810706623,-0.004054723385850604,1.3644711041458571e-05,0.11854929413963453,-0.0002550816939268511,2.4213651562970642e-06,0.005203328594612871,0.012748118128901186,-0.003009109778792584,-0.001383746964189293,-0.0010813815528436584,0.004259969884421822,-0.004788920042927113,0.02351969926053787,-0.0002679935944336214,-0.06461851623622832,0.0060174453244792965,-0.08013697598804623,-0.016220881406263925,0.018466954513646536,0.003607477465492499,0.03832703566096848,0.024593139864864853,-0.04408851596516354,-0.05261069904219152,0.03142164432738689,-0.138675509993061,0.05701004350671455,-5.003238317256288e-15,-0.09125446283134014,-0.034385792682485455,0.10933042272027121,-0.15276365618002458,0.08462024700183128,0.021343334213521387
58,4.318040678670177e-28,1.6058147035504804e-27,-6.8015940554424515e-28,-3.8026878808781103e-10,-1.5213408499469915e-09,4.524721125804841e-11,-0.010211674031927546,-0.011332878688716274,1.5596226819634386e-13,-6.39876145741735e-19,-0.041829347504595514,-0.04503052945726785,4.5649917487130125e-17,6.903056465406221e-18,-0.0015873629356875968,0.0013898593893424632,-3.887173077005274e-09,-2.193494063974995e-12,-6.6789602750415745e-12,-0.0005728595985649818,-1.666104196972646e-08,-4.172114255367699e-09,-1.046319418555202e-08,-0.0022970189060940063,-7.117614551585655e-05,3.0333976859104084e-08,-2.218590680631547e-07,0.04850910842822233,0.07317076784997897,8.237937405433703e-13,-0.04320497199450911,-6.50904842562023e-13,0.20911234570008094,0.3134897257840957,0.03106383349722202,0.007170021684036072,7.267732296200258e-12,-7.101841450432706e-12,-2.9087132567149483e-12,-1.32937541393146e-07,0.19600884923738485,0.778603429233061,-0.032773722624651586,-0.03203232596499108,0.001256986370794676,0.0032095466587896294,0.04939990446905084,0.005918084454207785,0.004308929613620723,-5.886487507562932e-05,-4.3674813880610364e-07,0.0001280246960128025,4.339288436018109e-05,0.06485493292687458,-0.1537576582278148,-0.027976270743087606,-0.012241693767381557,-2.9477967907304854e-06,-0.19184078347270261,-8.730327065125157e-06,-0.08256688493956672,0.0012652768315610213,3.210541155563048e-06,0.009278999715831309,-0.0001205143391856419,4.3324440678630835e-05,0.013914935554759169,0.03282775952426667,-0.009156736704084291,-0.002624911067895548,0.0001509560916120665,0.003284904269025179,0.005035508124471972,-0.004136419717916503,0.0016781141781100478,-0.042958471795473616,-0.12143738926272768,-0.010328935491258743,0.09251728223268867,-0.059585345280678555,0.04435697194592069,-0.015664478312955744,0.015781658288876628,-0.0014420603790968427,0.05598631954808987,0.06893039813087003,0.08515780358239813,0.06922799294032281,-4.443684314781754e-15,-0.15031981301670275,-0.010180452653838264,0.08041456812302468,-0.014952181646975135,-0.19407543526335924,-0.04441398101605435
59,-9.597552808415582e-27,2.0084917666576057e-28,-8.718499102463756e-28,8.453171205394822e-09,-1.881176828569885e-09,7.682396879122474e-09,0.02802911895049239,0.5186304476375664,-6.526286107223856e-12,-1.425441662044462e-16,-0.007008804909569652,-0.11496830579030534,-2.4497911926620385e-16,4.151079185378757e-17,-0.02195129056546562,0.46909027768901945,-4.6553223151521944e-07,-9.869050563831071e-11,-3.627313457027447e-10,-0.00120253552896651,1.6124674563490592e-07,-1.0040907540294951e-07,-9.235714007016405e-07,0.0002586494339028419,0.0010976768956366934,2.894111279321131e-08,-9.616367497696176e-07,0.0766183461018888,0.2903045211851524,5.3519177352732766e-14,-0.046580426097859125,1.6843701010583654e-11,-0.01564913953069761,-0.07008352648064434,0.04936021294703519,-0.26474135403180143,-6.5808744319862945e-12,2.4449059597567204e-11,4.53286440607936e-12,1.691703452048326e-07,0.07784480057304818,-0.018508205329865413,0.0759720543121288,0.038997320495424065,-0.0014667390188392044,-0.0006992499601573954,0.004741825799681885,0.0005538165775049007,-0.004671145709413251,-1.34014694251063e-05,5.249674566668807e-06,-0.00017094458818908302,-0.0001779853019625361,-0.16609064428412215,-0.04055987359219372,0.22705187805938404,0.30994822951637685,-0.00010077000361534346,-0.10340002126646912,0.00018786077154543361,0.06864561907244927,-0.0035033873808535815,4.175042604023248e-05,0.16688373265660247,0.00029739120836671184,0.0001900607630058126,0.02071678948464763,0.06084479480263444,-0.02037083788588658,-0.005640163799726159,-0.0006268733590065647,-0.001926205328226825,0.013011845941333002,-0.0333785135650922,-0.0004931245597703764,0.06594864568846573,0.021201034135901003,0.025645708966089552,0.016687269999064242,-0.03504633240196718,-0.026973458937681515,0.006267460138511723,0.018072891864808368,-0.003572284848352314,-0.06490410695764474,0.0367026317762612,0.0011015838466519228,-0.16863115388916694,1.1685762548068887e-14,-0.12251334668165825,-0.039574319638372775,-0.13625921661863594,-0.0944745480152163,-0.01701941104616808,-0.017081263071667782
60,8.344939726980288e-27,-4.27380642220151e-27,8.934644732955652e-28,-7.349691031488556e-09,2.0972708900203732e-09,8.597520824513413e-09,-0.02440004470862854,-0.4513423676781627,4.286377548556846e-11,2.545602627818069e-16,0.00794090724759797,0.12915983422264057,-5.307643386928944e-16,-2.745702083041945e-16,-0.025212020158947475,0.5310395539808374,3.144540847375799e-07,6.70637949833037e-11,1.801554804746043e-10,0.0010269951731665366,-1.388081715219146e-07,4.3554476386132106e-08,-5.447647329866717e-07,-0.00029756838082272455,0.0012091599548210593,4.047498626347871e-09,4.917227170044856e-07,-0.06732777543911499,-0.23639056743844974,3.6124292926068274e-13,0.09851249110835862,1.896072721771276e-11,0.02464845558529751,0.06496411500598906,0.07609336972822399,-0.2987637293222031,7.618912068805042e-12,-3.833704062024786e-11,-2.1380203871501293e-12,-3.3131545587642824e-08,-0.0748200043223004,0.021056939658348317,0.08362324549787697,-0.0657676612772996,0.002468248995951953,0.0006066767935145026,-0.018820349456942203,-0.002214835436196377,0.019835639802841566,4.2787936836746094e-05,-8.26114911653209e-06,0.0002326950147379814,0.00024209992256868541,0.22408303708182645,0.09847577932677812,-0.13713974855532693,0.05050695981146508,-0.00010908655314111278,-0.10101951505863006,0.00038578124082587977,0.29697192712993825,-0.005422455471093204,2.1265067788967816e-05,0.17636492528083575,-0.001430230184565712,-0.00018106045218677983,-0.029087041424970157,-0.07371948668904436,0.022595759742481996,0.004508307710628608,0.0007284026738221189,0.0022600265324206016,0.06446462847738843,-0.10114833477058617,0.0007821704058180852,0.006244849500138426,-0.024643168041813074,-0.029774674439747833,-0.005394616795784758,0.015107701597833615,0.004440861677723647,0.03309968562710592,0.02093830327573211,-0.033405454182363396,-0.015478986568684718,0.010921024537007263,-0.13857454627485474,0.05702572643684078,-5.068833345561385e-15,-0.09028955124057914,-0.025578229769057173,0.10610870338141065,-0.1482270854462296,0.08279547367602776,0.004579762409860723
61,3.169407939444344e-27,1.178829450885155e-26,-4.990733532639975e-27,-2.7915218748529125e-09,-1.1168143589989443e-08,3.3215637887208673e-10,-0.009269751940501076,-0.17157908262595825,7.540861527623749e-12,-2.8651256051247607e-16,-0.04180755827773468,-0.6869027570005355,7.538264185363804e-16,-1.3248289802718204e-16,-0.000835868700887681,0.02150992011056203,1.2053469926860292e-07,-4.08701027376113e-11,1.1417070874420245e-10,0.0003984376775940266,6.869923171245832e-07,1.8534407182369343e-08,-7.893677987141172e-09,0.0015812523012321735,4.429336176480857e-05,-1.356389361574575e-07,1.6253174777792077e-07,-0.02464035863655356,-0.08958337853120703,-8.054923689812503e-13,0.044449182822768135,1.00217531322819e-12,-0.10886554939717444,-0.38104339536941156,-0.052354938400061016,-0.014023375831389701,3.8115966227861845e-12,-8.069821563499765e-12,-1.4009811274871144e-12,-4.6031194046709783e-08,-0.026588244708908557,-0.10958155717830226,0.0054481633376920165,-0.032804466657941046,0.0012991629616297576,0.0031115963926128132,0.046592388175165624,0.005610546428282723,0.005263143741365868,-6.708933211620298e-05,-9.49947344351078e-07,0.00016566719749654365,6.94424927312016e-05,0.0925517829212096,-0.20541228498646513,-0.053705762909745915,-0.031205151127111013,-4.462798073354283e-06,-0.3643476099995616,-1.593285015058479e-05,-0.16197190950537504,0.002778112367745409,5.434400706458537e-06,0.01891285383385648,-0.0006016780234151665,-0.00012238119813355675,-0.008811630452925535,-0.02252537564799052,0.007728887442458965,0.0021240542273706516,-0.002038454586391416,0.0016623592385288696,0.004565197919425967,-0.0027074311889159508,-0.00290143500052172,-0.023082777121049412,0.08559576011084136,-0.008837160243961546,0.04565621277405894,-0.046124608253447094,0.03661847151461586,-0.0141803689827852,0.014118824039688373,-0.0013519111037923815,0.04033625534319678,0.04699178615719895,0.08539283997049649,0.06982644746132069,-4.1103601290309885e-15,-0.14941904380543622,-0.008185518803906949,0.0789540438730279,-0.013713629679007579,-0.18974323276346935,-0.019945773166935743
62,2.4813344463145752e-30,-8.116039534536137e-32,2.212952217437761e-31,-2.2025733547797734e-12,4.907144868170772e-13,-2.0085066914224125e-12,-0.5639647368430529,0.03188201399245205,1.983603706805711e-12,1.4995829992406229e-16,0.11732668530533596,-0.007311694804512833,-4.378327869024471e-16,-9.999220755029293e-16,0.5235654569445148,0.026006470855840326,-5.2091110600343066e-11,-1.7336315066211317e-14,-1.890811677083653e-13,2.062946488340171e-05,5.4966952029249556e-11,-5.674394992361751e-10,-1.8294016856488507e-09,-4.149393093796387e-06,-1.5250042805336329e-05,3.7132931539085176e-09,-5.86853334408128e-07,0.20464000853317316,-0.04163557383152612,-7.934168067110787e-14,0.007283272982543783,-2.0854594310451377e-12,-0.02886362838132676,-0.02485188013405592,0.21148575487544374,0.03454839611159734,1.043098645422904e-12,-4.6227714310780905e-12,-5.367574953455115e-13,-1.7601735998383477e-08,0.04255372799384496,-0.008967304493599323,0.033799868678194255,-0.009710509920741666,0.0003715192136157457,0.0001852873227119403,-0.0012499738929183785,-0.0001457997580075311,0.0018279838075746873,4.554296968649677e-06,-1.7722402019083842e-06,5.589172168551366e-05,6.6543477155596e-05,0.05653685211437832,0.01576410112248853,-0.10091363771064543,-0.0986256884389281,6.339845570609213e-05,0.030889349674283043,-7.144470242220702e-05,-0.015030770037654004,0.0016987149955408087,-4.5750366565775395e-05,-0.10623018456002133,0.0019337957577995938,-0.00033303805361524833,-0.09729648880773854,-0.24965280325226727,0.07066129263447789,0.01969614048811593,0.008157154769566747,-0.025867948580396375,-0.1420840967400389,0.17679710567091358,0.002933444843571249,0.10641472364798835,-0.08053213604236367,0.003211738224505641,0.046150996417042636,-0.05297724617450226,-0.03721511417921276,0.010295341276704069,0.02418165842880521,-0.011925912813000109,-0.1439383301862041,0.08818948031684563,0.000858962595826065,-0.1696910588453757,1.258057249975835e-14,-0.12481074162606143,-0.058081108357569904,-0.14147134509424739,-0.10141331621860022,-0.01845504946793233,-0.03311456715986505
63,-2.1583818337859257e-30,1.0840947546376523e-30,-2.2633681047897447e-31,1.915864642740317e-12,-5.471587406589377e-13,-2.2337739225667173e-12,0.49830150221134367,-0.02825389370703656,2.1975577776656207e-12,4.045677625141938e-17,-0.14508187517938162,0.009357566498135962,-3.9914850803033236e-16,-2.8958585424547106e-16,0.56651876509445,0.028108782662036,-1.782342696783786e-10,-4.258489922023598e-15,1.8247334863035043e-13,-3.777178646679827e-06,-9.867799250054338e-11,6.49305665328599e-10,2.2301111844263094e-09,1.249572049211164e-06,-3.4195861201927515e-06,-3.8002614986317e-09,6.367438242425547e-07,-0.22356755957972646,0.04740880420011533,-1.3860875463262927e-13,-0.006557872783892607,-2.6065577253230533e-12,0.07382295037345044,-0.05265574251760627,0.23607361580295896,0.04279696394851939,-1.628221713982115e-12,7.879338878207495e-12,7.053168936294754e-13,2.0061131214327247e-08,-0.031394933142796726,0.011020861897223653,0.045288244471481304,0.01637545983248496,-0.0006254288958626098,-0.00019634656579285193,0.004361552737673047,0.0005140462406268758,-0.00552060247093815,-1.3450336682106331e-05,3.2041708985315427e-06,-8.976888782794031e-05,-0.00012121014675139058,-0.09424960828007667,-0.04769680460146674,0.2072556808490555,-0.20050428000007275,1.58371082316889e-05,-0.015436440076589647,-2.762668144108911e-05,0.007359884327090645,0.00024751751918566906,-3.7799562089992996e-07,-0.02631039618886882,-0.0002247070582352289,0.00013742916976368057,0.04716127535735781,0.11373316991142207,-0.0311284405620067,-0.007252928555233295,-0.0035460108654758416,0.007058339359821495,-0.07863281594787125,0.1587668835045392,-0.0008610370559989241,-0.14728225366045702,0.04045046373149227,-0.14110347526564884,-0.029450494295320505,0.02265789966208424,0.0025160495426060922,0.0446482790981855,0.0289591003302512,-0.05701915749002078,-0.09781936852058992,0.05618879615277072,-0.13891843440103277,0.05680894657376614,-5.093648061562765e-15,-0.0921014412447054,-0.045009010476477505,0.11299386576017224,-0.15811681407486536,0.08715371091346338,0.041547410001117724
64,-8.197701589023212e-31,-3.0722299042684207e-30,1.2659038253516245e-30,7.276803054650559e-13,2.909770608483594e-12,-8.44758488746473e-14,0.18566989796090932,-0.010480455819921899,1.081477136346361e-13,-4.460984239735433e-16,0.754789102703953,-0.047918534379282805,8.99134970830448e-17,5.042314663258605e-16,0.030614390493724147,0.0014535501820478367,-6.020335094297011e-11,-4.667084647375265e-14,3.97216108293337e-14,-6.1432480297154705e-06,-1.8556929954364024e-10,1.9045543684781007e-10,6.426390716527862e-10,-2.304167656833244e-05,-6.888217996943659e-07,-2.4101122596878483e-09,1.895436377162236e-07,-0.06661189681032174,0.013350164862516067,9.538308699272197e-14,-0.00013592063754979883,-1.8858406780426022e-13,-0.2863761550447352,0.060531440230927935,0.03500035794593443,0.0029844524088749355,-7.533072806227733e-13,1.554971507181507e-12,2.5930316967405816e-13,9.464460008582423e-09,-0.013030183085137412,-0.051353793605290195,0.002585114180905313,0.006647569109012117,-0.00026444746336245394,-0.0005885712970404581,-0.008503688845585024,-0.001026703295069765,-0.0012564831393422347,1.3653976342900548e-05,3.830484486440046e-07,-4.097755818488288e-05,-2.3368027746165402e-05,-0.026187997951528832,0.04967089801567593,0.02578717642349461,0.014084404999418995,5.27209776084354e-07,0.15990945700850606,5.915249966231548e-06,0.07534449883017313,-0.001547155147719553,-4.4320939110804887e-07,-0.008918778182439465,1.1181897431624074e-05,0.00024139485469487285,0.03824487477591467,0.08987078485302306,-0.027280829166390703,-0.008277799343094704,0.0017169000315045545,0.005455722847213903,0.006415725414399805,-0.006729944898521545,0.005613856173468147,-0.0672252310216917,-0.33701636748323804,-0.012130803814357867,0.14870236956341612,-0.0756136810820674,0.05386730434759109,-0.01755237169662706,0.01768460122657697,-0.0014762484256273828,0.07543295116276058,0.09502338513061231,0.08540235364187453,0.06966575838285129,-4.602817875670296e-15,-0.15145585234314815,-0.012311851985362885,0.08311171930298206,-0.015881455251124305,-0.20004883177645702,-0.07369247842301066
65,-1.4381059736089282e-32,6.458813185052156e-34,-1.2585822403208406e-33,1.2865039407531946e-14,-2.870933922917481e-15,1.1792923814610261e-14,0.09404236829662964,-0.005513606789445822,-3.377758810384261e-13,3.9510914122706755e-18,-0.019503469180258356,0.0012583020028737145,5.894354790903915e-17,1.7950545254097793e-16,-0.08804559423562136,-0.004557914394074054,2.2457331609939623e-13,4.7745539343568026e-15,1.0197630200347661e-13,-7.405609780199231e-06,-5.294498357086834e-11,5.091119355567087e-10,1.7170551983787545e-09,1.3072283897511244e-06,9.24074875604686e-06,-6.981160055992686e-09,1.3962253096103134e-06,-0.5069727177938891,0.1578135558245932,2.285635783688417e-13,-0.04411716739998879,9.134795872756517e-12,0.07051097907060817,0.048409056746786534,-0.5244959139819492,-0.14497576564834216,4.311746703876043e-13,-4.129253383347072e-12,7.497517439267776e-13,4.5398036686914946e-08,0.15964765208905818,-0.03538928881246213,0.15708310826189723,-0.012077303597765909,0.0004630747919512247,0.00023913969824199827,-0.0014790384785602654,-0.00017365537062360393,0.0015090288160861532,5.191952833300758e-06,-2.184110917327328e-06,7.013258505590591e-05,8.035811649644643e-05,0.07040758441694568,0.017957404992436456,-0.11593985003712591,-0.15034066115427347,7.483405038240034e-05,0.04017495605125327,-8.713259188431996e-05,-0.016925794398184018,0.00204161843992574,-5.210875813077558e-05,-0.1252847217453937,0.002139182002516091,-0.00036099016061664113,-0.10439067221938232,-0.2683561957969354,0.07610448740762882,0.021230176003750073,0.008675557098677617,-0.027325495478016333,-0.15053177229107584,0.18790237987023858,0.003149157462005163,0.10960136051402267,-0.08643595359090382,0.0022779479595784373,0.047952916998089054,-0.05403508178772443,-0.03783735406047217,0.010498977251151122,0.02450527484453675,-0.012339115342082525,-0.1483984611184785,0.09106429960911057,0.0008285338175969086,-0.16979210917345017,1.2401856389134403e-14,-0.1248681179546771,-0.05910218625153951,-0.1418460926137965,-0.10176360638442182,-0.018480169703332484,-0.03419404438833154
66,1.2512737379198764e-32,-6.165703656580482e-33,1.2844434190314907e-33,-1.1193530457727585e-14,3.2007901428604562e-15,1.2989407184854627e-14,-0.08261174217953378,0.004852121807987882,-3.69586884788891e-13,-1.6669000649389389e-19,0.02386561731220647,-0.0015859170977934741,7.415883621755692e-17,6.216404221438996e-17,-0.09264088661866966,-0.004783419856702514,5.2850747785833584e-11,9.124384627735113e-16,-9.409247420131911e-14,3.114264527772387e-06,6.346990556832087e-11,-5.079385000572206e-10,-1.7658845517707192e-09,-3.91942397047707e-07,-1.0402083797937972e-06,6.463168952524224e-09,-1.3165154240120237e-06,0.47856210518584985,-0.1485828662237352,3.056611502029087e-13,0.038737615702071404,8.757859949633399e-12,-0.1497384024536185,0.1207594170981818,-0.4660071759006812,-0.1398058403172458,-5.636406064546216e-12,2.2439772934581074e-11,4.173458749472365e-12,1.5447933846031823e-07,-0.1674870924074919,0.04893151196418441,0.19170231423128295,0.03175392571987401,-0.0011936106310760435,-0.0003027798840712081,0.009061556434182837,0.00106549717194156,-0.010021158191650295,-2.285333970093303e-05,5.0045382369848e-06,-0.0001396028945779926,-0.00017926581911363758,-0.14375830659128383,-0.07210031520175349,0.28259466877697964,-0.28220030151239683,2.1372682365210836e-05,-0.019311776011099867,-3.7251056105162765e-05,0.007499715958111075,0.0004052565346679383,-1.9720188893336236e-06,-0.03539630445929726,-0.00020063756091145577,0.00014305646338904886,0.04933141023409983,0.1187610939424998,-0.03248149289572546,-0.007494102718837308,-0.0036802085089241883,0.007138911148081998,-0.08474180557307756,0.1696236346907476,-0.0008920403830919997,-0.15317950562785046,0.04282640083639953,-0.14580868770502836,-0.030399519755521066,0.02292909382865382,0.002383744371928925,0.04515174004115464,0.029316583729501227,-0.05804571386858411,-0.10160215312110929,0.05824793251994884,-0.13891410552129288,0.05678822428762964,-5.198956019040887e-15,-0.09217327900324429,-0.045893760321991384,0.11325408119729415,-0.15854037441484217,0.087329639888321,0.043035976746306444
67,4.7524913082423135e-33,1.7945428574457375e-32,-7.19438086423987e-33,-4.251522641730946e-15,-1.6992846104263734e-14,4.743156376992568e-16,-0.030974414552791544,0.0018137927430965737,-1.837081980762053e-14,6.125233313277612e-17,-0.1261128059064082,0.008269819968719137,-2.0715955745144276e-17,-1.261443205545777e-17,-0.004982609135265617,-0.00024314424768168624,1.9941394352900176e-11,1.435725278836232e-14,-2.574257868215662e-14,2.378716808059621e-06,8.818557671728243e-11,-1.6694581516324334e-10,-5.755167010059874e-10,9.780694971154553e-06,-3.979288644053525e-07,3.337173550176049e-09,-4.5068924659987936e-07,0.16416588025479995,-0.050810777685304016,-4.459526749800581e-13,0.010552128862402841,5.886879926103171e-13,0.7027885859574786,-0.22684333764496092,-0.09836480428971,-0.008529332884156368,-2.2238607746052303e-12,2.671935776234507e-12,8.803218205241745e-13,3.970403077977731e-08,-0.05610919165036308,-0.2251332195182412,0.009093103074494582,0.012281936495018676,-0.0004854747764974517,-0.001168117163597996,-0.01750048606176254,-0.0021035413461320093,-0.001977091723602468,2.4191660026348032e-05,4.43745821974368e-07,-6.321459777757856e-05,-3.0612134744611984e-05,-0.03726776546343509,0.07759062952343725,0.029856500342821356,0.020058853949312623,1.1578123139991358e-06,0.20322631888394135,6.534779623636299e-06,0.09320611819983489,-0.001866495907245491,-8.799301510227005e-07,-0.0114031899506263,2.560367581215181e-05,0.00026401557418551086,0.04105563191107259,0.09647773363535604,-0.029374669264255228,-0.008925382401251951,0.0018845510446794205,0.005705583277089594,0.006504891026968045,-0.006878858122852393,0.006048328976308901,-0.07000615083467451,-0.3607555688135391,-0.012402837901423623,0.15475996896839925,-0.07730182274621097,0.05488354732683892,-0.017742115563720857,0.01788365178359303,-0.0014939434925264033,0.07749768608312682,0.09783297354258193,0.08538878439148159,0.06972498628291553,-4.4351976660404795e-15,-0.15150183334094677,-0.01253778337557467,0.08341035281364181,-0.015968200667312086,-0.20060351112100328,-0.07683244298083779
68,-4.470701792491069e-32,2.0149442679833988e-33,-3.911691795427013e-33,3.9997892840104105e-14,-8.926100253529152e-15,3.66679909990926e-14,0.44252914548842487,-0.026468480096517782,-1.5667590172538115e-12,-6.06650164604041e-18,-0.09218974936940778,0.006067491790595324,2.755441347734782e-16,8.347110732225312e-16,-0.41000016444046405,-0.02167012540550312,-8.074836525757308e-10,-2.7864559831949803e-13,-2.055413510133155e-12,-0.0001757448998782649,7.520645260898466e-10,-2.1116029701794393e-09,-8.347982523478565e-09,3.866930980519111e-05,0.00015370836001388888,7.518352680566265e-09,-1.1139055167934557e-06,0.38357709229055725,-0.07119573945879103,-1.4419444249481424e-13,0.012373391811443405,-3.443165398564507e-12,-0.05491263917586183,-0.046234577195357444,0.3854316111728693,0.05728084458932869,1.262986333284237e-12,-5.538100817586002e-12,-6.716191702741611e-13,-2.2300856919310778e-08,0.05902481368127773,-0.012262450483922745,0.044043813124977425,-0.01126464873288976,0.0004302728947008898,0.0002100527698380296,-0.0015194638396377538,-0.0001775106387577914,0.002075581293980682,5.326480926534739e-06,-2.0202077803773316e-06,6.352350717830095e-05,7.555641067371065e-05,0.06424662731399267,0.018481718218233356,-0.11558595059776074,-0.09964951128660082,6.768252027931362e-05,0.03582743566487347,-8.103301983745057e-05,-0.020781100969458084,0.0018641690777257947,-4.767055373359671e-05,-0.11330300527735584,0.001993107319289846,-0.0003399711690345558,-0.09905453683547985,-0.25434971341410656,0.07203102947824447,0.02009897440434202,0.008295190684312136,-0.02629000800581352,-0.14515870098241485,0.18109133007165165,0.0029946796613216724,0.10686758348504768,-0.08211566899611045,0.0025591813828386044,0.04664273284658415,-0.05329855614192989,-0.03742296599606955,0.010393935613138224,0.024311878144205025,-0.012128122784163352,-0.1456118109125863,0.08924839288438816,0.0008568723926043803,-0.16977463846727567,1.2485303875859399e-14,-0.12485809409710398,-0.05847227911544306,-0.14161566473492718,-0.1015685157015141,-0.018458437805169828,-0.0333326446961663
69,3.8933818588465763e-32,-1.9187634948108386e-32,3.996630371901546e-33,-3.483261058285333e-14,9.963720775045807e-15,4.043841423024185e-14,-0.40060930283805407,0.024028969198178624,-1.89478334066665e-12,-3.7047763310111347e-17,0.11781522272423466,-0.007982543954816948,2.5841074848056654e-16,3.4329407591548285e-16,-0.4631915135626845,-0.02457262295034741,1.1588709911626466e-09,3.197823496392215e-13,2.132286671327921e-12,0.00015025298339407467,-7.468415614719549e-10,1.7812149829796873e-09,4.33245158674336e-09,-4.4570185394125814e-05,0.0001865986703040323,-6.613465433385298e-09,1.087212134046089e-06,-0.3790854687284979,0.07504071614976805,-2.2263818769574924e-13,-0.00925578477174202,-3.890873269644456e-12,0.12403302749926862,-0.08628137197101925,0.39390219042464847,0.06423855931007312,-1.829319596342874e-12,8.722682772210269e-12,8.083623255394228e-13,2.2920063797000332e-08,-0.03632997584830135,0.013093072520067478,0.053505847684666395,0.01708216757483165,-0.0006501532132647161,-0.0001956274644931557,0.004614462630156198,0.0005435747233537798,-0.005651336157051741,-1.3471719094556494e-05,3.1320795276381203e-06,-8.787334563639657e-05,-0.00011537340838619612,-0.09135229614425319,-0.045278323463986435,0.18313689675153746,-0.16749426991486488,2.1958270865108174e-05,-0.005258602291631567,-5.459469168710037e-05,-0.016873331193371564,0.0006080519654790521,-9.189866804470826e-07,-0.03614398955974122,-0.000235207811877219,0.00014784983767343073,0.05015199780721094,0.12104683676655574,-0.03319283791567058,-0.007707378750213552,-0.0037176041599751666,0.007295595466918786,-0.08248268140719524,0.16601793551751082,-0.00090354385949215,-0.15214931966882497,0.04257437893432104,-0.14444815968639316,-0.030238689387915393,0.022929767387934705,0.002485888112927604,0.04497921564867972,0.02917730558522545,-0.0577014630189108,-0.10010491741259064,0.05743648840754209,-0.13894171443496625,0.05680953567296657,-5.220168021031255e-15,-0.0921091453683248,-0.04553693199173522,0.1132064274238743,-0.15837459466046605,0.08731476412165111,0.042712270733246835
70,1.477435970642749e-32,5.579266334076264e-32,-2.2359967233304332e-32,-1.321822146431527e-14,-5.2831031004479605e-14,1.473633403126821e-15,-0.14567749878715755,0.0087032435509611,-9.658338928325421e-14,3.0957357121175126e-16,-0.5919952276845086,0.03950517230665345,-9.471849471259818e-17,-5.411850099593664e-17,-0.024261674804895595,-0.0012132211004884253,3.9503509521080055e-10,2.2219076661353165e-13,7.338226354546545e-13,5.757661729175348e-05,1.6385729186981381e-09,6.317583493326617e-10,1.761790827349549e-09,0.00022909882911145002,7.826714681753976e-06,-6.284470866849321e-09,3.5530327318975754e-07,-0.1239572493280788,0.02268426697360397,1.5725037012627798e-13,0.0006467592092578242,-3.243985781031742e-13,-0.5287412606212228,0.10263938877724639,0.06388610370931089,0.005181029493837814,-9.584936247004883e-13,1.867158753136302e-12,3.334482387457244e-13,1.2367909574937277e-08,-0.017591414269321985,-0.06856882045100962,0.003593014720195593,0.007884597829581137,-0.0003131370935383775,-0.0007024366665567524,-0.010196583594463423,-0.0012300824895591016,-0.001456121067701935,1.5849219441055716e-05,4.2602199942194517e-07,-4.67715857792679e-05,-2.6153205887687628e-05,-0.029575963459691528,0.055983944421304936,0.028818709866110834,0.013514373114619343,5.175117275736819e-07,0.17145379703584498,7.066336652163454e-06,0.08133462248539276,-0.00165133037179884,-5.615202842244849e-07,-0.00933550240923847,1.6021200800725485e-05,0.0002480503651004488,0.03903481378844527,0.09171560106222912,-0.027871092167968178,-0.008465336934524925,0.0017744607632332774,0.0055274663087662565,0.006528572417495033,-0.006942084232021084,0.005751696122953035,-0.06799739945427469,-0.3445723201141487,-0.01213741587063952,0.15069591087409076,-0.07619142339287616,0.054211034898404606,-0.017630455964593686,0.017748518520927018,-0.001463460107205368,0.07616745945539742,0.09592633090487694,0.08544205271253551,0.06969936802317678,-4.697885629076322e-15,-0.1515154466952107,-0.012375959646756418,0.08321782827747108,-0.015896070824948667,-0.20031007976588627,-0.07474324414494561
71,3.5408087466453624e-29,-1.1570078171273716e-30,3.158401905270377e-30,-3.1429231208613565e-11,7.002880752627248e-12,-2.866024039432311e-11,-0.0029185046813284526,-0.05594634171087406,2.5488804294372418e-12,1.929830439194573e-17,0.0007358394117252094,0.012419406271147503,4.153519115971744e-17,-1.0112411072760616e-17,0.0022659493976178472,-0.05063520779760937,7.436193129593734e-08,2.4268835907219872e-11,1.0429469603045915e-10,0.050991185868401734,-3.575333148937697e-08,4.5896602355981276e-08,2.082993193325752e-07,-0.011284462464755321,-0.046268042998449575,-2.9131090418865287e-08,9.64380685487528e-07,-0.08959698069489792,-0.45508044808649484,-1.4139600113735128e-13,0.16429122470016305,-2.9101597095826424e-11,0.022068073283263757,0.11749614495330817,-0.05382596590120721,0.44589552330983,8.506825871673192e-13,3.830709485528913e-12,-5.3022765128205025e-12,-2.7915087481451853e-07,0.38171816178152024,-0.07987881131600523,0.3398288201710462,0.027470480912139765,-0.0010411107522072134,-0.0005231940997900967,0.0034307108322022832,0.0004091907950827963,0.00030042538495880246,-9.127482647854191e-06,3.990496037830597e-06,-0.0001324285826934249,-0.00013315162288910718,-0.12902884119968294,-0.031111337941910046,0.1706080504540752,0.24246822334879323,-5.768129248211171e-05,-0.09137499129580164,0.000155636668076443,0.07529583171996802,-0.0024925230451252945,3.0913870688463628e-06,0.09440805555715065,0.007576082308528311,0.000630313166590488,0.05640582064592352,0.15110512985666713,-0.05060126167231473,-0.011726814596741776,-0.00288305029314356,-0.0021579698216848313,0.04402032468109785,-0.0872961510672119,-0.00017827020010006782,0.09500209410030244,0.05138800349204054,0.028908785501144153,0.02215273663083088,-0.03869544287873317,-0.029070166234582917,0.006764552300237152,0.018990630238574037,-0.004518320606371505,-0.0759322762351987,0.04382872129700488,0.0014947762517762001,-0.16698232618883638,1.1925497578816043e-14,-0.12068010886851935,-0.04266598479104057,-0.13652882894228263,-0.09408946495116685,-0.017213200450243625,-0.022306749149692728
72,-3.0799886398571224e-29,1.5471355275835665e-29,-3.230073245675215e-30,2.7338324005982634e-11,-7.807607032237767e-12,-3.18765799437855e-11,0.0025408038237477396,0.04869699191061224,-6.158526023040759e-12,-2.3658704613803102e-17,-0.0008314244873121239,-0.013943096881089048,6.452743376426638e-17,3.227603889373418e-17,0.0026257151450129494,-0.05735095153344772,-5.129704887818413e-08,-1.8206015844276065e-11,-6.648796658203271e-11,-0.04441822307546472,2.948022580568144e-08,-2.3517973321312433e-08,-7.660622674005173e-09,0.012727910729443397,-0.05226894795557062,1.302188173519851e-08,-6.810910822676407e-07,0.07834112589901612,0.38721108551636696,-3.912784410071788e-13,-0.18295549518884882,-3.252477469219378e-11,-0.030375830510244294,-0.11575715275094348,-0.08878985319960993,0.49964204850328037,2.5512063457308326e-11,-9.614371131606873e-11,-2.0345540375268373e-11,-7.668044638582336e-07,-0.31833247901791384,0.09813708449526588,0.37965472686593416,-0.09179116793953496,0.0033655858375116945,0.0004949858191660056,-0.029507453110143772,-0.0034606500140880597,0.02574290372981069,5.056096522226839e-05,-8.309570977973543e-06,0.00022897521016199173,0.0002185856279421147,0.21384062464751383,0.09713436555815771,-0.0883172154756061,0.07945177369949778,-6.403950972413374e-05,-0.06920348110727693,0.00023083880953187044,0.19159161748507042,-0.0035744396891177776,2.3258451102235867e-05,0.10290146916955507,-0.00701960195709656,-0.0005744060704376698,-0.04134671230649981,-0.12202476291230126,0.04357896086141582,0.011181241385373944,0.00017275725185578652,0.0036323016725619056,0.11420279615040471,-0.18012929954186482,0.0035282138558214563,0.022294018354919388,-0.04284628632778089,-0.03433599139633961,-0.005701038915204898,0.015743410138359604,0.004068735960227408,0.03432266673148985,0.02181544047391679,-0.03598685483952738,-0.021674136581075,0.014298237883982864,-0.13593409313952104,0.056420900028609965,-4.935139647305922e-15,-0.08855448527795366,-0.027878050553568255,0.10568130832838744,-0.1469683314941077,0.08201351363883246,0.0042837028441861675
73,-1.1697807139445236e-29,-4.3839413389345426e-29,1.8065974036000122e-29,1.0383389577074432e-11,4.1521382956691504e-11,-1.2064611052355554e-12,0.0009652331160147814,0.018507848676055826,-1.3833104108498293e-12,3.217776765243791e-17,0.0043705611193978295,0.07414470775621892,-8.149339391798837e-17,1.248926670025313e-17,8.655693262646517e-05,-0.002337085456799945,-1.918237014189437e-08,5.901048287338275e-12,-3.419420529890884e-11,-0.016865914308511726,-1.201450191994992e-07,-1.0167868416409548e-08,-1.8076239626986992e-08,-0.06768739099872537,-0.0021576065597385236,7.44126386287844e-08,-2.3569305367974643e-07,0.029205573900082906,0.14634266477884242,1.5738565483323972e-12,-0.07878334588499586,-2.05617734882951e-12,0.13232787313780545,0.633306339880232,0.09270624262029505,0.025864125661934568,9.602061134134521e-12,-9.670477541261473e-12,-4.789749118399071e-12,-2.1824673547640593e-07,-0.125833524147823,-0.49658185491988993,0.020911867065234575,-0.044615398132667655,0.0017494095138276095,0.0045019798093490025,0.0694916560515625,0.008320633063860114,0.005820246080563359,-8.114472683218845e-05,-5.439139927413856e-07,0.00017389128643353476,5.7338786574733365e-05,0.08705880371974345,-0.2080701096706841,-0.036222203917876554,-0.016365294478675928,-3.1525847831788723e-06,-0.24885542517707046,-1.5007464549964576e-05,-0.10901831364613633,0.00164491114191493,6.3219819643148625e-06,0.010562895084354752,-0.0024709157878056113,-0.0001487078878362685,-0.019350322061764343,-0.05671012791862549,0.015763173049855403,0.0023189694073267693,-0.006312221254044512,0.002918935460441425,0.0068513974388182365,-0.0044050267659994065,-0.009013232560186723,-0.030221328369626373,0.20451019132476483,-0.010072428472489205,0.0595101446918849,-0.051431730824431504,0.03985896505618175,-0.014723066018372397,0.014709127278942552,-0.0014266080183562768,0.046454105833855876,0.05530104978342237,0.08391143053202307,0.0689367459739006,-4.1320632855232725e-15,-0.14719736571245745,-0.008921770693590252,0.07898240962203605,-0.013895377888577694,-0.18908314817405103,-0.026629002834849765
74,-4.8731463988898383e-32,2.1903160057059947e-33,-4.2651848974236174e-33,4.359467548677835e-14,-9.729625394242591e-15,3.99628603075101e-14,0.00014783690022364906,0.0029824242900549436,-5.418068833592637e-13,-2.301384147246269e-18,-3.782267667743653e-05,-0.0006632512544144346,-3.02361697629111e-18,5.040066597674345e-17,-0.00011178208059190245,0.002695463079297652,4.2328960178331437e-07,1.05555007995039e-11,1.873851785101213e-11,-0.5359976692694717,-9.823295809624205e-08,-2.6475452855572584e-08,9.161561135480143e-07,0.11845487574107706,0.4853161416185938,2.3178369962569833e-10,-8.928558777017553e-09,0.0016031810946291237,0.014463608952147645,9.185463527490892e-15,-0.00918123105249689,1.0227588502924945e-12,-0.0005951227509217693,-0.0040326211917482676,0.000779168687403523,-0.015220523399185873,1.3197506015345602e-12,-6.304937147397391e-12,-2.976837803072099e-13,-1.8768554473492438e-09,-0.04451606447603742,0.00950869501727661,-0.04005586315216691,-0.015545251362858184,0.0005951535167453762,0.00030839595558111016,-0.0017940299505522061,-0.00020911662522372936,0.002639189271465559,6.80729891920694e-06,-2.8118664080332713e-06,8.969784151571747e-05,0.0001048451647149003,0.09024606656524524,0.023054454652018497,-0.15091681265504284,-0.1989738497575915,9.897862265043135e-05,0.03593990988008612,-6.542056640289877e-05,0.012809406724594654,0.002361495302547172,-0.00010505622547045018,-0.16663440339624166,0.02497727303151163,0.0016506504635889385,0.13928090644669297,0.35880869636828794,-0.11996183210753986,-0.025386322181490204,-0.008226338820687514,-0.002533381416531076,0.11600575077581855,-0.2116690728209996,0.0006499787639821178,0.15926418970311584,0.12126238848030178,0.03579921738598459,0.034209025123121004,-0.04692369138764735,-0.033802027503890865,0.00810032294696983,0.021464076232919547,-0.006757524003713738,-0.10008125282650628,0.059590309195020064,0.0015733174833347787,-0.16835510580439775,1.2203790214451885e-14,-0.12182632215001578,-0.05004640043760096,-0.14015242316114354,-0.09714618561387167,-0.018003650627422225,-0.03376378706587899
75,4.2401079185389753e-32,-2.0893417260960445e-32,4.35243686288169e-33,-3.793110318996071e-14,1.0846529412043696e-14,4.401864407594744e-14,-0.00012873352813068644,-0.002596811583008589,6.763508302867166e-13,7.303869276388553e-19,4.257323973523472e-05,0.0007441965213255164,-3.708458707888182e-18,-4.657448615042083e-17,-0.00013420350232366425,0.003062227643033837,-3.700605066375657e-07,-9.474810154034036e-12,-1.9755288102049442e-11,0.46705493198784553,1.1299256528809865e-07,-3.418458534105142e-08,1.022023236829407e-06,-0.13376093016458596,0.5486030502422204,-1.1924675374241812e-09,1.7782435420440533e-08,-0.0013814664102233182,-0.012932900998456223,3.082472702838542e-15,0.007335110256470934,1.1336620550661436e-12,0.0006440412229884393,0.004309211279853659,0.0015140240503077993,-0.016891793070107266,-3.663050159080334e-12,1.5857548403094403e-11,2.2193126580631766e-12,7.655195106731325e-08,0.03821538250318838,-0.011569659233323764,-0.044520779244774905,0.024910259526495348,-0.0009401156243727301,-0.00026666899975343397,0.006676302450951094,0.000784750035161134,-0.007692080996785668,-1.689248540814377e-05,3.7618566699450543e-06,-0.00010752307412302255,-0.00012394297126662262,-0.10713797571352614,-0.0448953718726864,0.10599513398373933,0.0212030198187176,0.00010248970843824946,0.08221122276078112,-0.00036917787771779107,-0.25484566345926934,0.004341579029542995,1.695776685072016e-05,-0.16706452346563846,-0.01998067434064628,-0.0014812610847224714,-0.06566287277309195,-0.22504605999879682,0.08989820209623249,0.02645854143790677,-0.0012831089939095118,0.006688523552936666,0.22652032729263455,-0.35854976506419733,0.0099865457807356,0.05919153654137724,-0.08285187712737004,-0.04406809876596172,-0.006136299510204494,0.017062755028446595,0.0031943703236161306,0.03765237614500182,0.024224197611987238,-0.04198978240755906,-0.035516808763120036,0.021894836751384827,-0.13506230031714272,0.05577447890059135,-5.146656557316092e-15,-0.08874853612426313,-0.03340008821044688,0.10696204901603713,-0.14954502595647792,0.08286402556010915,0.0034002181108684464
76,1.610423081309751e-32,6.081127631820714e-32,-2.4378794851136155e-32,-1.4406779575121237e-14,-5.758354129014924e-14,1.608688651412871e-15,-4.889690333583344e-05,-0.000986608527898601,2.0430601442284597e-13,-1.735874703737279e-18,-0.00022245544758154012,-0.003953049092290988,4.406968330598932e-18,-1.7830208950756985e-17,-4.737758403610214e-06,0.00012683145182616518,-1.4061805379512711e-07,-5.80485063686261e-12,-5.670730561733728e-12,0.17728285529542268,-5.885466842924444e-07,-1.5153270462568436e-09,4.4307865068149646e-08,0.7106451426182148,0.02251097761616115,2.902999725834285e-09,6.439835283115568e-09,-0.0005390316155690646,-0.0048620898534951695,-6.349793312219343e-14,0.0029887821314010187,8.272269358886789e-14,-0.0025754043069576705,-0.02135482855302145,-0.00337990249107509,-0.0009210096748550916,-1.5190297991304738e-12,2.7272238057880408e-12,6.562656129439364e-13,2.65603261566552e-08,0.014745256716214412,0.05847374025918891,-0.002511943561134066,0.012027767206884702,-0.00047748892481146106,-0.0010930422371077913,-0.016003495695223833,-0.0019289596875595011,-0.00214077899050291,2.4391982190470073e-05,6.086329478817257e-07,-7.017554433168605e-05,-3.8299732520801267e-05,-0.043884357203123926,0.08567667090962079,0.04015945696592515,0.0313574169500509,2.5712498541967084e-06,0.27437589174522503,-1.4468842841501421e-06,0.12087304850007802,-0.002590890557541462,5.924358177862289e-06,-0.0187684710286065,-0.006789791739651155,-0.0001860665861228489,-0.04324305520328922,-0.1351735137569687,0.03376000206544933,0.002431520781113747,-0.016248980154306703,0.005742980076968535,0.01215104725882513,-0.008609912299775797,-0.0232121629473552,-0.04551478299415828,0.4774890374177436,-0.012720119466128737,0.08978315433498295,-0.06342298185720643,0.04724659295891144,-0.016190164027794846,0.016317213783994762,-0.0016180799577100225,0.059730486238554016,0.07359745690791068,0.08387590374047746,0.06906920300741444,-4.338206837780271e-15,-0.14799846484637097,-0.010710422614669637,0.08115262242842201,-0.014839852966301385,-0.1938310882607738,-0.041279180700171336
77,4.599697023568631e-34,-2.661308174220478e-35,3.9477516736157315e-35,-4.147067515490171e-16,9.27662087712873e-17,-3.832766059395838e-16,-4.452502181139395e-05,-0.0009350644629286606,3.3879390737397275e-13,2.3121950367791354e-19,1.155046709505073e-05,0.00020823196233135492,5.595228638882403e-19,-4.6874630669008666e-17,3.25515781696961e-05,-0.0008431625487453049,-3.986286869870759e-07,-1.148993554713483e-11,-2.539089762452494e-11,0.4951635351939856,9.399012134626066e-08,2.009099731216307e-08,-8.708828091460344e-07,-0.10933300190039996,-0.4482303450335444,4.345863615374492e-09,-1.4524942992130643e-07,0.013464592788486253,0.07142156099469567,2.654378659758435e-14,-0.027740124486926695,4.613823607681946e-12,-0.003414994986195876,-0.018630220864004447,0.008064948036254196,-0.07044405871317512,1.1884286095720353e-12,-6.667741389769257e-12,3.339834208032973e-13,3.089221981242124e-08,-0.08532290599214302,0.01804229670742479,-0.0763344491188849,-0.01880168229496015,0.0007193573617675905,0.0003722735357100282,-0.0021953423500836724,-0.00025682922954313854,0.002732915536241684,8.028493535866809e-06,-3.3421000229117277e-06,0.00010704591318597869,0.00012340108490486375,0.10740494755080969,0.027311592083770427,-0.17610420957182923,-0.23376750679606703,0.0001110314497307361,0.04618313126963099,-8.295414684693086e-05,0.007584085061767378,0.0027400473071667875,-0.00011320503628911564,-0.1867089693963547,0.026264724258127228,0.001725850962461618,0.14539129911592788,0.37409126378359553,-0.12506369034583165,-0.026387676418512404,-0.008625742732445485,-0.00255715884167932,0.12136515259849348,-0.22091125833766168,0.0007093307699882319,0.16397054419850401,0.12650323229825394,0.03628442198159529,0.03510491163433974,-0.04752296091347617,-0.03412947394948268,0.008198901702590746,0.021646002624861507,-0.006927208337175851,-0.10182206324458934,0.0607500938071362,0.0015723451522129028,-0.16838670228122085,1.2340933070964615e-14,-0.12191856869623788,-0.050580293965136976,-0.14034514682383104,-0.09736941288221793,-0.018079284822819522,-0.03460650376646756
78,-4.002869581145093e-34,1.9363541346366876e-34,-4.01929325802315e-35,3.6089415653445405e-16,-1.0338812156332813e-16,-4.1584474637108877e-16,3.8769838230107335e-05,0.0008141614126744362,-3.577934500098045e-13,-3.1828111863979253e-19,-1.296753459955035e-05,-0.00023372355053171887,1.2307420457190056e-18,4.167077149205815e-17,4.103553938002935e-05,-0.0009616816968513716,3.4780425453263e-07,1.013507582002794e-11,2.4075148175330198e-11,-0.4313492412354069,-1.0747540467276979e-07,3.463009348783161e-08,-9.455082546057132e-07,0.12365337976332866,-0.5065174164499263,-1.6553117213992841e-09,1.0095511012797202e-07,-0.011776544220695694,-0.06085893456525204,5.534993802240133e-14,0.02995220686740223,5.149476126570637e-12,0.004631929348962005,0.018484275189858256,0.01329331714922944,-0.07881769180903088,-6.402773432728286e-12,2.612848528067053e-11,4.442547003609801e-12,1.609681781349127e-07,0.07207879765844805,-0.02202905697627583,-0.08506416128770614,0.03491016928650642,-0.0013078616473834426,-0.0003269466028563425,0.009818862900372104,0.0011532821298736741,-0.010527395805749318,-2.252462488236254e-05,4.747085599846115e-06,-0.00013490993055732773,-0.00015146918838417563,-0.13313783103860713,-0.05642897907843672,0.12100597524348854,0.015952916300875707,0.00011533631363298507,0.09410138107580582,-0.00041554989821138524,-0.2894708491430372,0.004956072941536723,1.640342891845375e-05,-0.18788758799227734,-0.020945175086241694,-0.0015486475458746979,-0.06744056576774089,-0.23264911909663447,0.09332690774845336,0.02759293063843869,-0.0013968827781495365,0.006915979984362127,0.23486435751592274,-0.3718046545160912,0.010463073850663565,0.06193673985801675,-0.08570132154527565,-0.04478210913286615,-0.006144881301829427,0.017141244539946403,0.0031364313163035644,0.03789336087270602,0.02440580128089377,-0.04243052985544399,-0.036534091252980246,0.02247549221173274,-0.13498270717126956,0.05572614014011766,-5.090305957651996e-15,-0.0888050701213216,-0.033811687547213226,0.10705958995495972,-0.14974619389705776,0.0828853194054044,0.0033215022294115558
79,-1.5203593016668205e-34,-5.783925988500924e-34,2.2549170543052543e-34,1.3707572002218228e-16,5.476384684829968e-16,-1.4313058010467587e-17,1.4724728588632555e-05,0.0003092702235073421,-1.188874160757477e-13,5.364083422620472e-19,6.722886559645495e-05,0.0012391950925709314,-1.4301675283687474e-18,1.4726028684076115e-17,1.6168050980759253e-06,-4.040790124787941e-05,1.321275195544026e-07,5.216440178383477e-12,7.923196262524484e-12,-0.16372951363431962,5.553862874350551e-07,2.5417499015254077e-09,-3.824428200096776e-08,-0.6562939249757714,-0.020599642070447944,-1.1321170634442936e-08,3.53635814011001e-08,-0.0043913529493607596,-0.023012731783900363,-2.549017254875982e-13,0.012745280829633063,3.334292883323721e-13,-0.019966124631669486,-0.09987179241205417,-0.014765060476869289,-0.004116287418138564,-2.5394872850248952e-12,3.76750869433365e-12,1.1694552508237471e-12,5.0064853786000466e-08,0.028188481454674803,0.11147778336116611,-0.0047618674983835605,0.01686416771828709,-0.0006673517049600182,-0.0015745222942954527,-0.02338968175107946,-0.0028137814843939993,-0.002801239439342032,3.324159728227152e-05,6.957961785808634e-07,-9.022504464038705e-05,-4.589553824198204e-05,-0.05447053593192151,0.10966097788988377,0.046084601448762676,0.03496497489609571,3.0530318935541474e-06,0.31511428382282974,-4.4535791944268253e-07,0.13867444421387265,-0.0029159658291451063,5.863629743727278e-06,-0.021081763327895936,-0.007110619162505659,-0.00018868978798215798,-0.04500495004926646,-0.1409841199486077,0.03509078666751503,0.0024383400838283754,-0.016988600608285873,0.0059527047716186,0.012602023834531711,-0.009019769794772314,-0.024264944724126995,-0.046603238793718006,0.49773834747846096,-0.012915984647061682,0.09201065922714673,-0.06430057562090515,0.04777924853865423,-0.016288078662339264,0.016440850708809233,-0.0016405070656029704,0.06067872960236687,0.07494823834753017,0.08384279111742288,0.06905866209200459,-4.147592480476165e-15,-0.14807826112558567,-0.010853864119520778,0.08130278966360514,-0.0149482143936376,-0.19414923145718332,-0.042360426164810464
80,-6.108797451159215e-19,-2.12280063649497e-20,-6.03920628691382e-20,0.5175042985300866,-0.11491698931641697,0.4681564399330929,-9.372770843244696e-06,-0.0001728373812187761,-1.0077485296060307e-08,7.487560662921509e-17,2.5066259075025607e-06,4.115476814544839e-05,1.077448197747091e-16,7.521048561092262e-16,8.3046206640941e-06,-0.00017724688606466098,-0.00012441432231810194,-2.5341164470886455e-08,-7.901217526269532e-08,-1.7376307521285476e-05,3.746554983280318e-05,-1.2244269822356334e-05,-0.00018766308056344713,4.716788462401945e-06,2.288842895324782e-05,3.5175037395142503e-07,-1.6393318924591455e-05,0.0020294119300418483,0.0202934483107893,2.3358391327553806e-12,0.05698034142617493,2.6375113288817135e-11,0.0007513753345708683,0.0020929884080257317,-0.0010511446046835551,0.005539749276858829,-5.278909179391712e-11,4.2366711673289134e-10,2.343284908337304e-10,1.1983299365579056e-05,7.49355749466991e-05,1.8976982454667512e-05,-4.337952522956727e-05,0.17245634946807623,-0.004696616755309864,-0.0003249852965285104,0.04927236201308934,0.006630166062376088,0.39485974629144965,8.428588603219513e-05,-6.596980941105042e-06,4.2793695805759915e-05,0.00030211169356911694,0.021302437921794197,0.0010432982271437847,-0.013999048793903342,0.010040138948132632,0.00012478721137520107,-0.05222315451755693,-0.00019599838257250407,0.09785606691724429,0.0041506330384983485,3.3543429391604074e-05,-0.20264526765076524,-0.024113437787542148,-0.0012444427542339992,-0.01169521206597894,-0.03453197890332042,0.03018327989698632,0.00041922507040074183,-0.002153461344940301,0.03982425567576133,0.06173494849024711,-0.0028275235645710663,-0.005301300855807754,-0.2832131177318368,-0.016543833484207585,0.018048673550972272,-0.09655044637039628,0.057019275242920754,0.026616575336710996,-0.010914816349104111,-0.012171324441053396,0.026940826270131068,0.2304965899322074,-0.15444563458354935,-0.0030174740218621124,-0.18107600244210145,8.684274032157299e-15,-0.12754795758624712,0.049433574552328226,-0.11088128520666178,-0.06921676099746521,-0.00527888018623872,0.06983020953583137
81,5.318773102644967e-19,-2.99100396236585e-19,6.27367905264992e-20,-0.4505007949478196,0.12856440668344865,0.529863796950154,7.728151380118743e-06,0.0001421975441230159,8.84864709509525e-09,5.659396492145179e-17,-2.548060647205513e-06,-4.131966796827317e-05,-1.3530561633027416e-16,-4.683419881957238e-16,7.607700882330016e-06,-0.00015922722075919314,0.00011031911763158092,2.2269573095240848e-08,3.978919246506148e-08,1.3261876074312921e-05,-4.510623722906966e-05,3.239231023188219e-06,-0.0002110992275804294,-3.99310897443561e-06,1.2923607700550402e-05,4.0911636562326835e-06,-9.531516394740012e-06,-0.0009714981893592128,-0.00776693806613227,7.290259489838417e-12,-0.014471202023951784,-2.1135177496020695e-11,-1.238049911996484e-05,0.00012885625217366872,0.0012274686970442158,-0.008030361392689141,2.9690370372131246e-10,-9.269985948631132e-10,-2.3939259881956745e-10,-8.472580992654145e-06,-0.00013144946502276987,-2.2206495347956528e-05,0.0001313373159715495,-0.3520217081926152,0.012101932790723647,-0.00353297599861942,-0.1726730614579712,-0.01990079743075947,0.16451914928439726,0.00011763484480369345,-1.4878597220695151e-06,-7.060950884973302e-05,-0.0001180300283395441,-0.11229061269917363,-0.015445769088347107,0.03180019784161574,0.012739078795390208,4.001873999253543e-05,0.009426609018332229,9.004742340579024e-06,-0.05894743147413704,0.004028415918885774,-0.00012196860975841213,-0.06165744817886538,0.0411705060410678,0.0022931574931313067,-0.026723491216174008,0.04628805151757673,-0.06225830339164121,-0.023141399631879774,0.011337041089681296,-0.02454939151266937,-0.11136206893468603,0.10415638120030841,-0.014447039516165739,0.20059633694817883,0.019054413979286308,0.27063615733631136,0.056242917662876805,-0.014616602149111532,0.011876675162421906,-0.01692086455536471,-0.014108041258536685,0.060930768282054924,0.23055736700297297,-0.12499698824287393,-0.1585298382107421,0.06099546504530423,-4.5205173898478295e-15,-0.0964052485122843,0.054607976145490754,0.08195609027119671,-0.11880934313349789,0.07267278321146144,-0.0769727932138078
82,2.0200491540293993e-19,7.227504274457953e-19,-3.480443447995266e-19,-0.17113486800520544,-0.6859356008853276,0.020878298331289336,2.923139216491166e-06,5.380944237695445e-05,3.2459562640368545e-09,-1.165829531009557e-16,1.3059542451970773e-05,0.00021339586471323872,1.635778317371856e-16,2.9001732023976827e-16,1.7433090300253019e-07,-4.814519933971653e-06,4.101537377543405e-05,-2.0471586054769097e-08,3.383131397482342e-08,4.974643355226357e-06,0.0002331065212057351,2.1504846634727638e-06,-1.0344786832540732e-05,1.9388792051925208e-05,-1.500395381877062e-08,-1.7626707332155616e-05,-3.543189893524591e-06,-0.0003363994164101263,-0.0025666879483261275,8.494574991313575e-12,-0.004040998092975315,-3.694025178422466e-12,-0.0012155552610299371,-0.006195331433929786,-0.0007362906347226737,-0.0012147733938567785,1.1086448213446124e-10,3.49332217978568e-11,-4.347029955695966e-11,-2.28620299414217e-06,3.081362031895327e-06,-0.00012199744170568748,0.00013042206313985017,-0.1722084507834243,0.006635789892497122,0.023281718589557826,0.39304839148659143,0.04633044570625124,0.02394523674234752,-0.0001722997273912955,4.195919370783349e-06,9.167525419011029e-05,-6.645409753934724e-05,-0.05273956186773366,0.044529399928574964,0.006500005454248034,0.011463762022338016,1.9595448070865728e-05,0.08493401857846007,4.253484398016985e-05,0.0440758012759817,0.0022520442895035855,-3.168209978974831e-05,-0.007663190579474449,0.013289988670762604,-0.00021134127635781124,-0.013147772222654413,0.02607115664394113,0.005227541564419927,0.015512116671102161,0.023117058770531888,-0.0184336835608637,-0.022092579805027386,0.01956596026163412,0.026855029133368596,0.15529232331508847,-0.04790459569931543,0.015200739631349009,-0.33575419441985976,0.09783659565158379,-0.05076170033703716,0.0031982594756641827,-0.004972298447554529,0.00013460142804637746,-0.11964209275653752,-0.16922800624495887,0.09972576857337118,0.08295684326539031,-3.553420209893425e-15,-0.16047710747685903,0.013562513767289267,0.06502873028440945,-0.0013753699262596057,-0.15422903676564068,0.17042306322265982
83,-1.0956513187565682e-23,-4.959401410190432e-25,-1.401636932170051e-24,9.498775697204663e-06,-2.850190073339261e-06,1.3361424120322683e-05,3.924835171438436e-09,7.485946534258604e-08,7.664228344987952e-12,-9.47479877519268e-20,-1.443470481188037e-09,-2.4432523993972277e-08,-2.2393678276389257e-19,-9.73124758479339e-19,-5.450563407701719e-09,1.2088398303750972e-07,1.245661807291716e-07,2.7091919010002096e-11,9.216743656059066e-11,1.5966935412892787e-08,-5.209331608704511e-08,1.880928966001398e-08,2.9531751262928825e-07,-5.993262594054122e-09,-3.3346936769422654e-08,-5.823004110497305e-10,3.855761662241358e-08,-4.653787080570258e-06,-5.214904835877689e-05,-9.196774818453641e-15,-0.00016386648398543184,-1.146644377235981e-13,-2.4014878804878294e-06,-7.404066553363243e-06,3.874207602137581e-06,-2.360101740374096e-05,3.7707467841763857e-13,-3.335332150481953e-12,-1.4199755481623238e-12,-7.022773247630914e-08,-3.432028587080816e-07,-1.172733891159094e-07,3.594707782717913e-07,-0.005892199295057388,-0.1269366170662162,1.8972428818806816e-05,0.0017490215133947053,-0.018405491729294673,-0.004138143983179512,-9.700204879924106e-07,8.383369842324091e-08,-5.777509073052578e-07,-4.3976556825210144e-06,-9.876115901445435e-05,-7.563042601700389e-05,0.00020755535199937572,-0.00036128511103832673,1.0031945684419123e-07,0.000687100583433393,-1.8213159339287373e-05,-0.007117017380295531,-0.40220996628743905,-8.184948498315558e-06,0.001496034740335994,0.007696803651156711,0.0008020040915104234,0.010354255581347577,-0.1182094635014631,-0.4871114963174931,0.5968732634087115,-0.020771214108428377,0.007878973696800996,0.010435943301973942,-0.004680967287426694,0.27071291708739686,-0.03545914847185627,0.007784825124409749,-0.011035625198296942,0.011698631736491036,-0.006991786549690883,0.003125924664630324,0.06437874763929163,-0.36465291937588695,-0.007152571494302303,0.0021077913573982164,0.012309736325563531,-0.0034715432505597415,-0.010792901191777848,6.361578899913916e-16,-0.023435126749558347,-0.012945239360502018,-0.0029977241336929922,-0.015114084747819726,-0.005474133151258445,-0.0031338806578897474
84,9.538799277710557e-24,-7.391126571813806e-24,1.4285588355158905e-24,-8.269013785052587e-06,3.1861758177759956e-06,1.5121998256438555e-05,-3.246723985726172e-09,-6.179201513251957e-08,-6.737651536003353e-12,-2.758507125086325e-21,1.4421869533299628e-09,2.410008577481304e-08,1.1442384320031346e-19,5.200815182941574e-19,-4.959097653106461e-09,1.0782224391190654e-07,-1.10641185301098e-07,-2.366628342717825e-11,-4.6069813471902795e-11,-1.2237443023066887e-08,6.015186780117856e-08,-4.888984262134854e-09,3.3192423267652137e-07,4.909710447524533e-09,-1.8613835147554745e-08,-8.563250896347042e-09,2.2531162965161728e-08,2.2485633669534324e-06,2.0199319144064316e-05,-2.8260774196204355e-14,4.237811439125827e-05,9.193711962480721e-14,1.0158764088727687e-07,-1.0761664890597083e-07,-4.440422064306542e-06,3.4061253626616845e-05,-2.020919451298691e-12,6.958349943597998e-12,1.448755487806423e-12,4.995587531756274e-08,5.944459182354475e-07,1.6423523381211003e-07,-1.0508420415683846e-06,0.007002364619273536,0.10505647238452653,0.00015426876446210936,0.008173773973300106,-0.057627572894372814,-0.0021392173348951755,-1.3385622186893236e-06,2.104050569053071e-08,7.639476056433008e-07,1.5502265091461063e-06,0.001604691850826645,0.00017434707677501006,-0.0006481638465752632,-0.00042840931898846014,5.674787290370636e-06,-0.0014086361086072172,-2.8950493289406002e-05,-0.0015512853683245966,-0.42335962223066553,5.9937489918726585e-06,-0.007893360376728784,-0.006151933832033222,-0.0007474204330170665,-0.005448957865707735,0.08862071970721977,0.3688593537782367,-0.438738842930183,-0.03681586932339693,-0.0019173480953137202,-0.012845159365301936,0.010230984433897219,0.57118909519031,0.013902042758104586,0.023792310567163695,0.010137494564893795,0.02901791950885579,-0.012109836238871234,0.002547693446780899,0.06424466052425115,-0.36624059226795685,-0.00492387363454344,0.004400014825020683,0.014842978056743441,-0.011599162968313419,0.0007040437753746918,-3.4168253712258746e-17,-0.02178539383491252,-0.012556176798009187,0.0065959805715486465,-0.01789401594645274,-0.000979910864482738,-0.018689603084177293
85,3.62328797163656e-24,1.791850425628989e-23,-8.012818515359e-24,-3.1413272705411134e-06,-1.700710246901687e-05,5.981016649910389e-07,-1.2281427277346363e-09,-2.3384200124010273e-08,-2.4726353970411697e-12,7.688093200400177e-20,-7.453844107387214e-09,-1.2556210751251599e-07,3.654450080126861e-20,-6.641935343944842e-19,-1.2930846167921573e-10,3.628692006577135e-09,-4.118364102359642e-08,2.21189654411567e-11,-3.946914792650303e-11,-4.590837725110723e-09,-3.1820790502310607e-07,-3.2453032413027895e-09,1.89716669328762e-08,-2.4289489485894925e-08,-1.4970719687155247e-10,3.7936149125952516e-08,8.70078436041458e-09,7.709163339474572e-07,6.541225481880127e-06,-3.286279150808074e-14,1.1209469860531817e-05,1.641504868812833e-14,3.893560702571064e-06,2.221625010329914e-05,2.6355363197943807e-06,5.496709490137412e-06,-7.913989395847091e-13,-8.747324243239151e-14,2.7756642696017314e-13,1.3611035052478522e-08,-6.127753486280483e-09,7.837195902085063e-07,-1.025252596435405e-06,0.003008210069900861,0.03628200045094528,-0.000454271364367327,-0.01667495568890239,0.1065803158154546,-0.0009116569868627152,1.9012970004978784e-06,-4.622168073305874e-08,-1.132075276376436e-06,7.71988028854606e-07,0.0008644000733152511,-0.0007437260228417624,-0.0002017342010279105,-0.00042504251586122075,7.3448142494545025e-06,-0.003665566491078328,-3.3790041684605346e-05,-0.005668798196194219,-0.48385040492563347,-1.9349237586098166e-06,-0.011424524474082475,-0.0007498266542172598,-1.960253091657091e-05,-0.004136578834258154,0.023431100057804563,0.09270921194909734,-0.12567759202069942,0.051582636997289544,-0.005208035805193281,0.003977540227901564,-0.007848107413545273,-0.7584636803447776,0.016761753242800798,-0.028080986433146743,-0.017561317553948165,-0.020342830388534048,-0.0033657943566678668,-0.0027358308625234414,0.0673656704514797,-0.37496448788553177,-0.009973576415190762,-0.03268551000544566,0.01219161943590599,0.0034920854987104334,0.0029561413700991707,2.73244435157916e-16,-0.025591620351174793,-0.016302388092381857,0.006335412536922102,-0.01082392154800837,-0.015023662078984533,0.013043995951931259
86,-1.0220163290903343e-17,1.8526908593893937e-17,-3.958359298297478e-18,1.5171555163108398e-11,-7.920591273396972e-12,-4.33168012597443e-11,-5.88763909722035e-12,-1.2135315327280058e-10,-5.322106225378804e-07,-1.1251665207401301e-15,3.843544310473447e-12,6.93033120883722e-11,2.8832990435367994e-15,1.1657871619719834e-14,-1.1902364164662268e-11,2.725605009052357e-10,-0.004820498208242159,-9.658759237351352e-07,-1.0622868785027556e-06,-3.6572068453690023e-09,0.001904521660423882,-1.863480073934375e-05,0.008731744043534622,1.474808180683757e-09,-1.589174988868715e-08,-0.00011366483861362586,0.00027112534223436866,2.45224613121993e-08,3.5127743684182446e-07,-7.751849182227438e-11,1.3294711773860711e-06,1.26987716959383e-10,2.5971059231016712e-08,1.0680313449158387e-07,-9.774424888916426e-08,1.1528615134466268e-06,-9.311794521272533e-10,2.003062199136825e-09,7.749816851300003e-10,2.4449559484284906e-05,2.310795342222295e-08,2.014484197703668e-08,-1.5337964801048085e-07,0.0011448658310585266,-4.1964477759740474e-05,0.003252466381019547,0.0004146611784869867,5.621243784070159e-05,-0.00022661818569964687,0.0001594619333300063,-8.696844344983477e-06,0.00012053812982473526,-4.454951912349436e-05,0.002324691228525079,0.0008076465278200462,0.0030759174941931634,0.0006636823897013898,1.591333739186461e-05,0.0014302314242368554,0.000334760869118077,-0.0049790955276899865,0.00022226312290573677,-0.0004824524781259123,-0.0005950492609800321,0.21714179996946212,0.013578246145495297,-0.3873000113470728,0.004964375370404303,-0.29869405891094863,-0.24845844931196276,0.08486999798619647,-0.025959605251600175,-0.14204380717700635,-0.19666782865426366,0.015056525739225007,-0.21870591953213975,-0.0073575140313940175,0.03659850577537275,0.039234402788061985,-0.19909477028096478,-0.037145779996962315,-0.25426466494871003,-0.048810345229041104,0.3883476723414655,-0.27022077852127413,0.053961920201265744,-0.19813390948637885,0.07120285724564165,-6.445473906780984e-16,-0.09111016699015978,0.3104623728923706,-0.06782096253907165,0.08472035801668866,-0.018191415197539362,0.19464717102641285
87,7.825449983313737e-18,7.188966394412294e-18,1.756050800400825e-18,-0.000621577831554387,0.00018658333898715707,-0.0008753144375385205,2.8605493143330536e-07,5.4457887627854716e-06,4.260831435761149e-07,-2.243815716620196e-15,-1.0494888475570041e-07,-1.7737910173025286e-06,-4.980216817414389e-15,-1.7934378467486132e-14,-4.0015372291046766e-07,8.859231871456571e-06,0.003877652460480819,7.415807586828815e-07,2.0959578074002754e-06,1.1472593843918663e-06,-0.0008527328168338438,0.0002410869105266725,0.0037033773887601407,-4.3143170401984236e-07,-2.4512243886242737e-06,-4.5362699757736936e-06,0.00020289163916906917,-0.00035275501253482995,-0.004010687270041582,-1.864632779856485e-11,-0.012811218295620501,-1.6739128044916757e-10,-0.00019367179325071392,-0.0006182151851305365,0.00031466088161713,-0.0020019493656972553,1.2852035456958504e-10,-1.1935957139635951e-09,-9.652584551932723e-10,-5.20449530541874e-05,-2.9577862322526737e-05,-1.2326172363581802e-05,3.730678139616062e-05,-0.23417468768639418,0.006744320944934128,-0.0011633383897325042,-0.07747045833884167,-0.010473935586462221,-0.7211920111107377,-0.00014039467149365653,1.2586472260444399e-05,-0.00021244201333504273,-0.0003278443715809112,-0.13199749488179177,-0.01817990226165282,-0.06893976166221476,0.054460582722239845,0.00019342339993530362,-0.12388892580460337,3.2013976577854675e-05,0.20433634901071496,0.00837486194594557,-0.00013441449726962691,-0.32809728474302563,0.0015317727700421236,-0.0003503364986234918,-0.010012381736330145,-0.041501350813684175,0.029353904414693436,-0.004131787352288263,-0.002030634158368377,0.026534957108807027,0.05085418229240588,-0.0047665121889505216,-0.005701658529916762,-0.2600410957795479,-0.01726926853841138,-0.013900269652258957,-0.0862902535043178,0.07144859703600163,0.03897508573086086,-0.012658041244772905,-0.011921047309555198,0.02423266922766297,0.23339001723432712,-0.1506377721164421,-0.0030381559664791544,-0.16997268580740052,6.570779569690073e-15,-0.11800722822458144,0.06272395444226417,-0.0874812196498629,-0.05555213302857057,-0.0006804481863973098,0.06775066585360194
88,-6.812795189734629e-18,7.906118254243347e-18,-1.9587413658223193e-18,0.000544263650930196,-0.00020996245504271337,-0.0009964829119441221,-2.3725517151654825e-07,-4.506879382866833e-06,-3.7197220205878854e-07,-8.936829225420807e-17,1.0730925952390764e-07,1.7913553224682555e-06,2.6038138585753173e-15,9.552368343073131e-15,-3.685690418056497e-07,8.001484595481769e-06,-0.0034195429594227407,-6.477488416035276e-07,-1.0343855800053755e-06,-8.813536888079286e-07,0.0010213803843213173,-6.077086940502846e-05,0.004145810053289771,3.6767628803432035e-07,-1.3917264603996625e-06,-5.657378790618645e-05,0.00012207927551341854,0.00017063093057285208,0.0015557038288915007,-5.163689872044314e-11,0.0033216646473852077,1.2773610438519262e-10,4.517360323144447e-06,-3.21724574254902e-05,-0.00036846548688153336,0.00289735915898188,-9.999251049457877e-10,2.6518976750963512e-09,9.193480733621649e-10,3.3240927700728723e-05,5.16141199936792e-05,1.4301814827231378e-05,-0.00010739437653303493,0.45744966534762677,-0.016292674868587174,0.009407236223787635,0.25929837748900997,0.03023489638050492,-0.2771919944971001,-5.729262309789297e-05,-1.2506531050365129e-05,0.0005159912333464143,0.00030101959827810037,0.4676156574894312,0.15567423692053847,0.3126910021620393,0.0649707840222933,6.904147376124111e-05,0.013862495510468975,-0.00022106639820724023,-0.11878046405617998,0.008164646323873686,-3.747798814750608e-05,-0.11296806460021931,0.016598776136173606,0.0011348538659886377,-0.001786181052372855,0.05312499593388628,-0.04690436618081327,-0.006011805427347026,0.008054387040449536,-0.021690187764806693,-0.11063805257775955,0.11118042558252281,-0.017106879396867346,0.19371185251226092,0.020822491637138865,0.26954960784764387,0.05468806668132388,-0.024055780459996973,0.006523822687323753,-0.029304687096489937,-0.015454830006343562,0.07509939077559194,0.21259106428698574,-0.11921432187769762,-0.15215019379495656,0.05844352956053794,-3.892189842725926e-15,-0.09069536189592262,0.06314167432268673,0.06400829996628807,-0.0998875987569357,0.062325367681881495,-0.07379154556744057
89,-2.586395444071561e-18,2.8166219678873146e-19,1.032805790022705e-17,0.00020555121267583205,0.001113709369052499,-3.9036314681014194e-05,-8.921905155507582e-08,-1.6955477221285559e-06,-1.3720173684679597e-07,1.8252623952762314e-15,-5.467274414355032e-07,-9.196520264721254e-06,7.97440742967348e-16,-1.2291129741459586e-14,-8.374453763642211e-09,2.400360694317958e-07,-0.0012787263312417278,6.098960682195274e-07,-8.993462850169326e-07,-3.2867976448738985e-07,-0.0053108702183144105,-4.1790729253396234e-05,0.00020442123537988137,-1.7739787440782288e-06,2.0275885523396394e-09,0.0002422135791896031,4.5071487729646956e-05,5.873938668713373e-05,0.0005111912805020423,-6.086264642221505e-11,0.0009246133572951133,2.109181447651691e-11,0.00031208944752680607,0.0018176658892963306,0.00021755098583467927,0.0004413820722104195,-3.6607728228711037e-10,-2.1577295821250454e-10,1.5067440788753512e-10,8.6195703533151e-06,-1.0437918820320262e-06,7.601009077527365e-05,-0.00010524993112598068,0.2220099357852062,-0.008850474789023654,-0.03362532306687072,-0.5847050111322404,-0.06962091998412404,-0.03833171476167072,1.898328569837476e-05,-4.816717567420706e-06,0.0002804941878963332,0.00010428068000212657,0.21907058456760095,-0.4707367977082324,0.049922682785642554,0.05577725702744517,1.9377893873944434e-06,0.21186897385604672,1.5455950941296757e-07,0.10072399452957635,0.004435301813197586,-1.081362929590037e-05,-0.015288140422304216,0.0055554186044569,3.9862232693617906e-05,-0.0035701695805103848,0.021316931894585257,-0.0034940500248367493,0.008015393819245426,0.01422214589048272,-0.014530733416250555,-0.02192561118185849,0.01842228617522613,0.02859561192550617,0.1442920543312327,-0.05164809550462463,0.021794903539177395,-0.3101540228738903,0.11376959482740104,-0.06559049879371712,0.00641197922906196,-0.004066546940244415,0.0015092558700450728,-0.13092948472052854,-0.17916143294110703,0.09578322912203928,0.08024976778872416,-3.2778990852162315e-15,-0.15081345487153383,0.016990342805997035,0.0529103983671032,0.0026049057036892907,-0.12816827121182686,0.1535657331786113
90,1.784706008475706e-24,5.096086682775747e-26,2.246783959669598e-25,-1.5593314455948266e-06,4.685566787792655e-07,-2.199484550740755e-06,-5.5032125374945754e-05,-0.0010182251070763254,-6.718175484796442e-11,1.8811355883668473e-18,1.9754309924407983e-05,0.00032577959855849384,4.853142142696512e-18,1.753530583139407e-17,7.472074333607114e-05,-0.0015974612860642059,-1.6549236167363924e-06,-3.7180543061720737e-10,-1.468582036747012e-09,-0.00011230275571077698,8.184599993212952e-07,-4.75854507194257e-07,-5.3147671923664094e-06,4.0444039083526286e-05,0.000218155980135377,7.991664886629863e-08,-2.9728619781817795e-06,0.017265518059869173,0.18522183700950695,1.2375355076514692e-13,0.5670377675955646,-1.359691831920644e-11,0.007682584446658432,0.02155709888657428,-0.009975243192735544,0.05044003818615858,5.2426371864854314e-11,-2.4574034536983515e-10,-9.140243292551527e-11,-4.267369339961399e-06,0.0006689795022324887,0.00020122171505182926,-0.0003905989402665587,-0.16658996089338693,0.005567246903246521,0.001647995993840478,-0.031109970990477836,-0.0039050669504186847,-0.11910598083955294,-8.042679162937591e-06,-3.4596939993102153e-06,0.0001888853971466323,-5.9284886590962955e-06,0.15899089057363133,0.03154365364273035,-0.0029242022795632886,-0.18766164156174622,-0.00028395329023189725,0.21927742361597316,-9.931561001895201e-05,-0.33340769236494233,-0.0031279840302636357,0.000302256979323834,0.4839509155899443,-0.04231333672459342,-0.0015957804959409467,-0.005829267575012202,-0.00028787228043522365,0.021270373462869745,-0.005928842977352772,-0.001401531441146577,0.03570482431549137,0.05658564937360091,-0.016851268863895846,-0.006712397842268793,-0.1849951049509269,-0.004266778540406818,0.03207737384721076,-0.063833507785194,0.018421936251756477,0.002872690759837603,-0.003380655510287372,0.0016804747996365839,0.015336230672270813,0.12536903782142036,-0.0877560548840891,-0.0012356602430270522,-0.17735872197523073,1.055345526957803e-14,-0.12647417386513699,0.010597482688960349,-0.12614535115575237,-0.08300245099027324,-0.010932206840668103,0.04248863614707488
91,-3.430432374739877e-35,2.3838787482478907e-35,-4.6239598905247507e-36,3.092912859727194e-17,-1.195775059448352e-17,-5.588192383746659e-17,0.008922582278654691,-0.0005522790222851096,6.747461902888743e-14,2.8400900433636326e-18,-0.0035858728287589963,0.0002499832195262861,-9.40087621291139e-18,-1.2931639966720486e-17,0.016189578718640643,0.0008902596144033371,-5.540223176370641e-11,-1.6307579118029854e-14,-1.195961721869146e-13,-7.111855706462844e-06,4.91836651666982e-11,-1.3368497096610618e-10,-3.3028475726860787e-10,2.8995303731653585e-06,-1.411567571702622e-05,7.126618287046743e-10,-1.2827989873412373e-07,0.04530474311452473,-0.010102822993393991,4.4742901823534607e-14,0.0014031377906120281,9.009569965092501e-13,-0.021260513980241064,0.016675593269441576,-0.07695710239338126,-0.014741222889252179,6.965973493000596e-13,-3.714527523065965e-12,-2.696262561177228e-13,-7.390322663751982e-09,0.00897483232003923,-0.004784084331297173,-0.02379079796636056,-0.010448680800537583,0.0004072899885658734,0.00013140727629930936,-0.0031376362881454815,-0.0003719360830517392,0.004319225431071446,1.2839025376236052e-05,-3.2693051680458637e-06,8.773239206842135e-05,0.0001491994438308072,0.10036644628884688,0.06537561643744329,-0.4125447004458829,0.5766567151271004,8.820442424033695e-05,0.15401627505045457,-0.0004027174754816235,-0.36199843898128803,0.005161864739227085,-2.489512776992675e-06,-0.14181063849385903,-0.0004805380124307751,0.00027415548073595093,0.08407191696990318,0.20514507734115067,-0.05720693145318385,-0.01323216913727812,-0.005616146411164729,0.01038918494168219,-0.11161480550473839,0.2237172835888298,-0.0013737591983437158,-0.19702640986076778,0.0624378911250215,-0.17216488328376958,-0.03724177545799102,0.025553240791931636,0.0027434080852048043,0.047478647693882686,0.030755342774576838,-0.06300018196590867,-0.11627058744333701,0.06651753716128263,-0.13910821851183117,0.056969669630989914,-5.17224519531049e-15,-0.09211245717359333,-0.04923123997396504,0.11520021752191614,-0.1601755854517391,0.08850954755263388,0.052931856737603825
92,3.388521625272998e-27,-6.038798978100052e-28,9.746584913507479e-28,-2.960526965346894e-09,2.0615234592823036e-09,-6.349485864651766e-09,-3.185862464621012e-11,-6.278139865772974e-10,-1.0205987458652373e-13,1.858260187950454e-21,2.408220853702439e-11,4.181065671236029e-10,4.856716025394324e-21,2.4629880294128695e-20,6.576188014652021e-11,-1.5143747112845318e-09,-2.277906004066138e-09,-5.727428743093092e-13,-1.9377433446075176e-12,-2.87332972696444e-10,1.8791362956764447e-09,-5.415458179721708e-10,-7.628343184994008e-09,1.9165252621992445e-10,9.031120903897531e-10,-6.017775166946475e-11,-1.6650094420697658e-09,2.33686928244939e-07,2.9865778672928546e-06,1.425285720927445e-16,1.0646152349618677e-05,1.4696980017058376e-14,1.8262066549305931e-07,7.054913929897558e-07,-3.9585433981740475e-07,3.373434745846627e-06,-3.2097029207701314e-13,2.0057681212333826e-12,3.6803531175870126e-13,1.5723753727164216e-08,5.7487613490218344e-08,7.354218741776941e-08,-3.919335596445387e-07,0.026162008145144536,0.7654208536467566,-0.00036360741030879134,-0.027306240206033113,0.2220336766487022,-0.001990935578866879,-5.452189723800735e-07,3.307783473007307e-08,-9.5012786639658e-08,-1.5253079842339196e-06,-0.000781621758216446,0.00012963394560538036,0.00023559730958249263,0.00021311891028664992,-6.316002580394851e-06,0.001543382384551516,2.6948406167147262e-05,0.0031537570604129998,0.39584049108326813,1.129265996770537e-06,0.009096029145496646,0.0007222763059918037,0.00011886247029015698,0.0023848848319725996,-0.018974738740292332,-0.07545472860349592,0.09250263040799589,-0.0017638436671575804,0.0011046130349012852,0.0032391039889165885,-0.003504113663742147,0.011611583485805304,-0.00657232687125276,0.0009438681617442217,-0.011943396823513653,0.011400613604278667,-0.009885164174660817,0.0013667660849440814,0.07626888557880514,-0.42860764423232145,-0.00956328836116674,-0.013700977934533141,0.019987395193517304,-0.0035100270756700147,-0.003303062847889385,5.045645165034886e-16,-0.024016295989847662,-0.017391271761475778,0.0028074469955956245,-0.015123841138906155,-0.007684080336913378,-0.004405335668120397
93,-3.173859719519752e-27,1.6036514383503138e-27,9.042272648639528e-29,2.772785013845455e-09,1.2505271676592397e-10,-6.918660851902162e-09,2.8166284886879606e-11,5.538206338219689e-10,9.469638722727916e-14,-3.4587158073513126e-22,-1.1551483943173828e-12,-1.907436708823221e-11,-2.83815265990709e-21,-1.0875332664504749e-20,5.624030385598827e-11,-1.2670640920835863e-09,2.1244104022088454e-09,3.9059059995466374e-13,1.1896764757841672e-12,2.352163024858539e-10,-2.927453178539169e-10,1.941230118376456e-10,-8.354216484051444e-09,-3.311949412943101e-11,4.165868573635974e-10,1.3606044489786882e-10,-8.085618041937482e-10,-1.3316243968873873e-07,-1.4728976159619396e-06,2.351570008484684e-15,-4.156483959255445e-06,-1.2015582912557423e-14,-6.005984264112863e-08,-2.349903320311e-07,4.043245051502525e-07,-3.936728865159553e-06,4.724396048442548e-13,-2.43369334704479e-12,-3.361280435455139e-13,-1.2012283503388793e-08,-7.439514262829824e-08,-3.415144257228751e-08,3.5748819003291274e-07,-0.020503388416082183,-0.5906387941300315,-0.0011654935047628438,-0.06252115518752836,0.5415241740552897,0.0009305213047123882,-7.685280733550594e-07,-7.687534361185084e-09,7.78522530255869e-07,1.3115152387911841e-06,0.00022184496664630707,0.00021526045936721722,-4.89170524845871e-05,0.0001866814128856398,-5.063889165099054e-06,0.0009723586307591377,2.4075180412433513e-05,0.004319514623079128,0.38331019175935216,3.7538089326411673e-06,0.0070085211402232195,-0.001735072485841785,-0.0001485279114739321,-0.0003409615949866214,0.016224809082114284,0.07080539637460442,-0.0844946848491842,-0.0035356966311616274,-0.0005446152646410008,-0.00037397013534826065,-0.0012601416198459575,0.048317863690825025,0.001355809204235557,0.003067489364182994,-0.008896345201697397,0.013603127189803653,-0.010561984773502175,0.0012272331031175161,0.07621471142734862,-0.4285764640354439,-0.00926343512293924,-0.01367638218445762,0.02030923987891856,-0.004553785994785448,-0.0016062568866587442,2.0848035378579644e-16,-0.023809416184103673,-0.01734814097579494,0.00421014512015094,-0.015461076657373615,-0.007154754272898123,-0.006527972351458744
94,-1.294120415864492e-27,-6.544078091276538e-27,3.108397697531293e-27,1.1306516965941886e-09,6.746408171432131e-09,-2.4987896319606695e-09,1.1184690299995162e-11,2.1979334439501913e-10,3.7302660764221614e-14,-1.3416352138549273e-21,7.641423126157601e-11,1.3256771179488697e-09,-7.783220491140012e-22,1.407145753646371e-20,1.9166484451562914e-11,-4.4295299092396797e-10,8.448569805484605e-10,-3.559294314628872e-13,7.90866731106397e-13,8.997630113181608e-11,7.2160192890076525e-09,7.4912992243907e-11,-2.5289185414570486e-09,5.459203005750926e-10,1.461074828909476e-10,-1.4356141136595915e-09,-5.729818894904483e-10,-4.0697797455635814e-08,-4.00245290984115e-07,2.8247548482124873e-15,-8.38135958420007e-07,-2.7627029884540917e-15,-2.5936238809913747e-07,-1.7116494591994318e-06,-1.655736706344085e-07,-8.639933928605063e-07,1.6674389165748342e-13,-7.615111477511223e-14,-7.821183764721451e-14,-3.5777613930246e-09,-5.378769023571174e-09,-1.5322398712696984e-07,3.011287655827665e-07,-0.006826031913771171,-0.18861041930525255,0.0016349384552344162,0.09398584988631788,-0.7928499154984028,0.0026314876591798635,1.392584218227403e-06,-3.962653247900178e-08,-4.3202699664321384e-07,7.819151426241899e-07,-8.733798196651915e-05,-0.00012580013894860137,6.937319430659001e-05,0.00016256192206030685,-4.613439185724418e-06,0.0005157913002633535,2.1833024329750836e-05,0.003236380156070753,0.3474492310539642,2.327502620264243e-06,0.006234122551245357,-0.0008064236048193427,-3.3115720640975595e-05,2.9923726112366016e-05,0.005192388216420264,0.024064222020394117,-0.030617177817024086,0.007197346841974403,-0.0007926300673564297,0.0018491260610545518,-0.0034933655977948913,-0.1141034708214185,0.0010353950083837429,-0.003274732493362835,-0.012112512282387846,0.0077790541396963,-0.009504657612561874,0.0006661872760041526,0.07631403153039501,-0.42821261361579455,-0.009782711114844814,-0.017618500711319478,0.01983655430017317,-0.002906359333106845,-0.0015166532509039968,3.7002661746290553e-16,-0.0242125565235837,-0.01767557862865331,0.004059764301510101,-0.014686505034215348,-0.008648727229045325,-0.002741717875436058
