,0,1,2,3,4,5,6,7,8,9,10,11,12,13,14,15,16,17,18,19,20,21,22,23,24,25,26,27,28,29,30,31,32,33,34,35,36,37,38,39,40,41,42,43,44,45,46,47,48,49,50,51,52,53,54,55,56,57,58,59,60,61,62,63,64,65,66,67,68,69,70,71,72,73,74,75,76,77,78,79,80,81,82,83,84,85,86,87,88,89,90,91,92,93,94
0,-1.473484747010848e-16,3.640585145881048e-16,1.4327769911075568e-16,-1.350464479003507e-16,-4.8791181730538907e-17,5.152359991053472e-16,8.419444717233496e-17,-4.561534643336609e-17,-1.0933564523769349e-12,5.144868959527736e-17,-1.9408332780201267e-16,-3.5302148359112192e-12,1.6142413476828784e-14,0.038536973810357804,0.3075756992396562,-6.372659603067062e-16,-8.22469615630055e-16,-1.5799845245003312e-15,-9.353607868512182e-14,0.05566773768400228,-2.3836143182675027e-10,-3.2437978711521027e-09,-2.8560050965393284e-16,0.004397811442387526,-1.94846425813438e-11,5.007686883445224e-14,-5.325124770560669e-17,1.453747937911913e-16,-3.695285396223882e-14,1.4350737191226882e-11,-6.912974700786924e-15,-8.344315283334602e-16,-4.319949851276939e-15,0.22324806009187814,7.443117124895775e-07,-6.579968221546539e-17,6.377035135681843e-17,-2.7721689927100607e-15,0.10645378695427765,2.634981487577545e-13,8.370363464482327e-16,-1.445330629628331e-13,0.698546670796546,-0.11458353707105567,0.015266617067073985,-5.498333732998666e-05,6.94028707645038e-09,-1.3943743206004054e-07,1.6373586295660874e-07,1.486041949842377e-07,0.00018647292094881553,6.414181970468266e-07,5.0829643771840214e-06,-4.812957090632043e-07,6.999456305455541e-05,-0.005214410027826439,2.090882364989339e-07,-0.00018434952974844744,-1.4563497177493419e-07,-7.389426349035228e-09,-4.20981814556769e-08,-3.3336856220349864e-06,1.0591832700945632e-05,-0.006981803401488833,-0.05396665789565454,-0.04070069824663268,0.009402924883595615,0.00031190811538442436,-0.011018548524702633,0.001622834906602042,-1.5040553600624654e-05,5.7738003433732386e-05,-0.00011334961740859415,-0.0032870208918071046,0.0011372220666688293,0.006571661701838926,-0.0012535890158395773,-0.0017211676864534596,-0.004891610788058258,0.0019663229592823957,-0.00020100326354507224,-0.0019173996765803713,-0.0022141388144744224,0.5773502691896214,-0.0004561681574714938,-0.0006277421557413048,-0.0013085360926633268,-0.0008225312087665782,0.000785018373202141,-0.0007057378027110568,0.0004662146249603949,-0.0005988029057919893,-0.00016788174145275034,-3.60319053452058e-05,-0.00018449508666744556
1,3.4576850984191303e-16,4.189740904976573e-16,-3.2770278579950843e-16,-1.5200865094059367e-16,-1.9514364751340335e-16,6.128712028115202e-17,-1.8779289024688466e-17,-9.14739414869845e-17,-2.251894026505259e-12,-4.0327550818693213e-16,-1.6013381557068811e-16,-2.201140947492945e-12,2.39326113893984e-14,0.043953138542618786,-0.11663250413079969,4.9398840017257e-16,1.2653379615331651e-15,9.669468030613485e-16,-9.274372734235335e-14,-0.29844536815322736,-5.050467108583275e-10,1.4556440654564826e-08,2.911138644363923e-16,0.00810288473824924,3.860281247230147e-11,-2.440209590223261e-13,-5.699464854246995e-17,-6.159636683570041e-16,-7.025214106087872e-14,-9.180093352824288e-12,-1.301679482733037e-14,-1.0593609291659458e-15,-9.086147225262665e-15,-0.07043010737079237,9.504415843390461e-08,3.5371679771507345e-16,3.0524101041527987e-16,-3.174810021210519e-15,-0.49430149744657736,8.965803345347067e-14,-6.043081144052483e-15,2.135665619549408e-14,-0.21976195152576503,0.5113195225698091,-0.012753878016322034,8.18353530932954e-06,-2.792950351725157e-09,-1.2442005029981723e-07,-1.4136628126842756e-07,-1.3640241308638282e-07,-0.000205169284126064,-6.405145786295308e-07,-2.4945067100257018e-05,5.813497242994193e-07,-8.94546563568504e-05,-0.012826725110479628,-2.1702610735356978e-07,-0.00037747685459987965,7.790762697772029e-07,2.380893512633734e-08,-1.3947461578486e-06,-5.572222619371296e-07,-1.2245080385469156e-06,0.002378346079985222,0.017749982398857465,0.012261903755126315,-0.0012469740492400947,5.801825308974773e-06,0.045797794890409346,0.0028140392099869856,-3.065794457034599e-05,-1.2024607100284573e-05,9.412196650062154e-05,0.0022797827967352756,-0.0003091977930681976,0.0006742830569214424,-0.00035559784103408903,0.003063889350251857,-0.00042678032899269325,-0.0017784966989126908,0.0007340825912300212,0.0001043651836032298,0.003759851691723699,0.5773502691896297,0.0002154608696439576,-0.00270073591973545,-0.00027440835921876185,0.00025222545966536536,-4.909964217529405e-05,-6.587667912282898e-06,0.0007451906733538583,0.0006892328813894904,-0.003439044500845817,2.017993326457217e-05,-7.937143284970937e-05
2,1.8296617045727843e-16,2.58631796740752e-16,1.1370355123363126e-16,-3.1836731224835285e-16,-1.8251349862249258e-17,-2.4468804608008133e-16,3.223653906299387e-17,1.2633551006574664e-16,3.3454089329077495e-12,-3.4451950733655195e-18,4.10975563739308e-16,5.731240030919524e-12,-3.593195612347125e-14,-0.08249011235297656,-0.19094319510885613,-5.443186566399099e-17,-6.497144901218899e-16,4.12006449746514e-16,1.8623781322665088e-13,0.24277763046922615,7.43406697085636e-10,-1.1312642988869046e-08,-4.2516429621550864e-16,-0.012500696180634858,-1.91181230685306e-11,1.9409826421574347e-13,-1.2390496033097946e-16,4.64017241173706e-16,1.0723247625453482e-13,-5.17004876190449e-12,2.0429840290847587e-14,2.4695197890714393e-15,1.3736049316452268e-14,-0.15281795272108561,-8.39355869118867e-07,-1.395703525300908e-16,-3.253443308861898e-16,5.977961826418469e-15,0.38784771049232813,-3.531311484330771e-13,5.7772112924664584e-15,1.2319220030591777e-13,-0.47878471927077093,-0.3967359854987376,-0.0025127390507532175,4.679980201869294e-05,-4.147336688580721e-09,2.638574825766545e-07,-2.2369580949463288e-08,-1.2201782121034853e-08,1.8696363154405465e-05,-9.036182464887998e-10,1.9862102721996352e-05,-1.0005401555109151e-07,1.9460093295201497e-05,0.018041135138306862,7.93787136369153e-09,0.0005618263843473405,-6.334412975979442e-07,-1.641950880075876e-08,1.4368443391363786e-06,3.890907883616304e-06,-9.367324662455113e-06,0.004603457321346601,0.036216675496536586,0.02843879449147482,-0.0081559508344062,-0.00031770994069653245,-0.034779246365673186,-0.00443687411659694,4.5698498170869664e-05,-4.571339633334577e-05,1.9227650904765824e-05,0.001007238094927895,-0.0008280242735404117,-0.007245944758289368,0.0016091868567963646,-0.0013427216639511662,0.005318391116803622,-0.00018782626025912975,-0.0005330793276347406,0.0018130344927785853,-0.0015457128772221012,0.5773502691896262,0.00024070728795631813,0.003328478075414137,0.0015829444517337279,0.0005703057490110022,-0.0007359187311748182,0.0007123254706866079,-0.0012114052982616452,-9.042997553014504e-05,0.0036069262422793323,1.585197208182437e-05,0.00026386651953670475
3,-9.576301343508595e-17,6.098705466300436e-17,1.4555495761534775e-16,3.1370083660019754e-16,-2.780356195081581e-16,-2.028300371656815e-16,5.545807306443655e-16,-7.187742968230322e-16,-1.248245211003118e-10,-4.5350760325052085e-18,2.275775450026501e-16,-1.0986094166535676e-10,8.713569442810551e-13,0.34483000456619933,-0.7759337641241443,-9.426288192147717e-16,-4.2323968294604943e-16,1.2828795585774141e-15,-1.8287970381156368e-12,0.36985338395878636,-4.239261442551754e-09,-1.0049008073296402e-08,6.821989747897458e-17,0.1789300535446432,1.3188829522347711e-09,-1.3162724133297195e-11,1.336955228388865e-16,-1.094518133686053e-14,-1.5804471034408986e-12,4.30555528876067e-10,-2.7317972337200626e-13,-2.0234223589458164e-14,-1.0920172246675693e-13,0.023686672213874577,1.3485660111805679e-06,-1.4166358977651197e-16,-3.447600892018332e-16,-2.4547654469239536e-14,-0.059798703689378195,7.888037036641239e-13,-2.981502262071851e-14,-7.731388435895228e-14,0.3012747954356894,0.08415011327782167,0.0003285248195842415,-2.4683363880885002e-05,2.943649831017694e-09,-9.049267461774964e-08,4.1847895214525396e-08,7.299425657192174e-08,0.00016450038983578305,3.7191906368289633e-07,5.585869658609612e-05,-6.079376379015632e-07,0.00021764808067246055,0.056197709852715584,6.903196710786579e-07,0.0017066376109936355,-2.1620071540129542e-06,-5.9474791432727525e-08,4.7279405099752004e-06,8.195713359073362e-06,-1.3589366687468507e-05,-0.0014846399135512325,-0.04814917216309885,-0.04463863771623414,0.01555940430934915,0.0005949337251196679,0.015659669367617673,0.005410088054357599,-4.42101164600035e-05,8.83970146496869e-05,-0.00019366198359909407,-0.005551435405854237,0.0016256176680579354,0.00987746608512876,-0.0013138711234826344,-0.0048986793762526805,-0.006226347791567138,0.0013521545456657612,-0.00010504741214911623,-0.002481980755635176,0.00015581075028761287,6.775237911490037e-16,0.00021984976769819683,0.0009188424357979967,-0.00047659444369998425,-0.003792787339686363,0.0010630636407269497,-0.0006197009871639888,0.003068191203928529,-0.0005308064229625822,-0.0019263344877433668,2.7570972398227706e-05,-0.0012212166832818979
4,4.948693135812783e-17,3.3075635922509665e-16,3.0049846123575084e-16,-1.5442608229061715e-16,1.6217100160562499e-18,-3.6733185567009657e-16,-4.551885959504361e-16,-4.590370708793358e-16,-1.354642940500852e-10,2.227978871812165e-16,4.532222740980809e-16,-1.3690668196463183e-10,9.733652548303008e-13,0.5119428415738895,0.4925896745548142,-2.4586107573456134e-15,-3.026679120042901e-15,-3.896413753881879e-15,-2.2980630882048417e-12,0.5913389172137582,-5.2891622602819285e-09,-2.299769445314541e-08,1.1645979510837133e-16,0.18602647674560216,1.267770197221223e-09,-1.3012134356414464e-11,8.151800033414518e-17,-1.1568223433690223e-14,-1.6423629364756361e-12,4.504556583465088e-10,-2.849081092470621e-13,-2.070077675979418e-14,-1.1254187071133184e-13,-0.02280449570776932,1.2991143743512407e-06,-9.045099073067703e-17,-2.389439530957411e-16,-2.5196612256498083e-14,-0.12740196239661256,7.843459211940586e-13,-3.071067650759793e-14,-3.525165047179753e-14,-0.23065812907995648,0.18099731204915104,-0.014682835229165655,1.7949943576143496e-05,-2.2817320559849003e-09,2.266113649253729e-08,-1.394645209438269e-07,-9.850138788762206e-08,-6.19443170739125e-05,-3.8412959669555736e-07,4.937277613797519e-05,1.268206897729121e-10,0.00012516633364234592,0.06389075381431278,4.1236915516373897e-07,0.001979651971506992,-1.9585401285009483e-06,-4.9306990090166514e-08,4.7882803051054975e-06,1.3436195749661495e-05,-3.072319652042288e-05,0.01025216190224762,0.043918465379442204,0.02508306106465612,-0.0006878687461905458,5.2827698039333124e-05,0.035062535586457645,0.0025585549493405348,-1.767032694618109e-05,-1.3946267476258786e-05,9.891889497786332e-06,0.00037756949510009473,-0.00043222117697633094,-0.0020807505001805187,0.0009603831732335811,-0.0017491125241839874,0.00297357611745146,-0.0023433842267024494,0.0002787509885546906,0.0010924922162572316,0.004344449210199234,9.657986382424073e-16,0.0010903181650621912,0.002071893153960169,0.0019441781433257345,-0.0022629323060155615,-0.0004338583946679907,0.000721011334400962,0.002202796590798265,0.0006077009318232841,-0.001616272958331004,9.583709623779453e-05,-0.0008704461275766659
5,-6.549556546822908e-17,2.9730376167668706e-16,-2.5411085682292093e-16,-1.4596952376158163e-16,-1.2858940595641261e-16,-3.0538944996757537e-16,-3.3808305402249603e-16,-3.658389545180714e-16,-1.573713080530141e-10,-1.3940447063063103e-16,-4.709273356252026e-16,-1.5378998854870513e-10,1.1338154271288068e-12,0.702542490456405,0.011566415670955713,-1.2711084785712947e-15,1.6871918135074294e-15,-5.251830436300929e-18,-2.7606678202304097e-12,-0.5960873059986603,-7.513720089793659e-09,3.510913856414984e-08,-1.6918099158193483e-16,0.19910150281354896,1.3690299416584178e-09,-1.3747560834810715e-11,1.3020015579030163e-16,-1.2115590621629113e-14,-1.757837379850571e-12,4.3772569464089815e-10,-3.04636260873201e-13,-2.2140281999601455e-14,-1.1933201426054194e-13,-0.008137501749719047,1.2927996962295407e-06,-5.150351716754711e-16,-5.244670683045658e-16,-2.5407619672995087e-14,0.1865031880665311,7.834512438325343e-13,-3.056961094145226e-14,-4.134131870997293e-14,-0.06331266390285906,-0.25117527315625016,-0.0021422013690476443,1.1604545244158855e-05,-1.7890417308488594e-10,1.236283062044412e-07,1.707700657064137e-08,5.891287429724414e-08,0.00018720445032075207,3.708539561366932e-07,8.120296591845477e-05,-7.343449372143585e-07,0.00024336012667958384,0.08281457446356551,7.008718448412709e-07,0.002538680259823936,-3.0469897582754184e-06,-8.206792603597492e-08,6.787385601810196e-06,1.431213720987517e-05,-2.874237668001427e-05,0.00625402918698748,0.013636824647582065,0.004077997345214862,0.001466772296004338,4.274394480076975e-05,-0.0455840654956221,-0.002386079858205721,3.642710971917494e-05,7.367904883962887e-06,-0.00015913286120799747,-0.0037346171384331547,0.0001272818858606161,-0.003307719141999196,0.0016055068203096163,-0.0073557273894011635,0.00377624556971206,0.0009991508724225577,-0.0011229164246982968,0.0008979315658107229,-0.0027683204573846747,-3.842579242768592e-16,0.0006791718043017382,0.007032664807441346,0.0024518295847178336,-0.0027320554043672434,-0.00034023213223484524,0.0007335261345633338,0.0008195624321966803,-0.0007027414474253499,0.0047353135123644205,5.7604152126879195e-05,-0.0007195415039783101
6,-5.280247197013024e-18,-3.109134882856201e-16,2.4294905320111424e-16,-1.87510596988753e-16,3.0183354937175596e-17,-1.7501799574807936e-16,1.4854970016724968e-16,-7.362924878198877e-17,6.819703838571747e-10,-1.2089530032905149e-17,4.709000652283106e-16,3.423580280103987e-10,-2.5710767268324685e-12,-0.15476472344546904,0.09428283802791339,1.9648873717206909e-16,-1.1281133974886005e-16,6.272989268032164e-17,1.8072919657027682e-12,-0.04947818684550068,2.143847922917989e-09,1.9427581512496712e-09,6.408129452943244e-16,0.3695466843832561,1.673195216649706e-09,-1.0978855765081902e-11,4.457076680336566e-16,-1.982382696683487e-14,-3.2033421387747116e-12,1.0911824073718993e-09,-5.903638125136737e-13,-5.085982320325352e-14,-3.06568987858642e-13,-0.6227448487695169,2.201171129797032e-06,3.70374535741932e-16,-1.442301949350134e-15,-7.333872777308153e-14,0.1789630033663343,1.86579157553322e-12,-1.0251828341153884e-13,1.5446979994430648e-13,0.12238012826297558,0.15215590105451174,-0.01435465688979136,-5.9745278410945024e-06,1.5490480190335323e-09,-1.48971625870577e-08,8.360994524517205e-08,2.793091042546916e-07,0.0007704577498614226,1.5472511648461926e-06,0.00030333450809509306,-3.037805842161364e-06,0.001175335051733235,0.31179741501566666,3.766024146254849e-06,0.009466061170044004,-1.1864954943750784e-05,-3.248533679828751e-07,2.6117463052142244e-05,4.465210182970626e-05,-7.06616198997385e-05,-0.015121834308693422,-0.34550682869450167,-0.3144602350317188,0.10821488540079136,0.004179101314345669,0.16600946532638527,0.04158799878630756,-0.0003599243605838465,0.0006281130765218231,-0.0012239235376638863,-0.036155033211045504,0.01175197000875904,0.07669599621672776,-0.011551389346115189,-0.027276190641109112,-0.05201813006494181,0.008947247650195712,0.0006904252232562893,-0.01978291242351703,0.004742613501028569,1.1868370555151087e-14,0.0007430059214246387,-0.0018280171560207557,-0.006612877458248497,-0.024972800751311305,0.008592688532989426,-0.00571161525238746,0.021940183838830476,-0.0031307560903777857,-0.020296671225780702,0.00013194248140306503,-0.008338802428625294
7,8.846266369691507e-17,3.6562905425688564e-16,-7.903882610414614e-17,-2.3490968108457795e-16,-1.0754399166942396e-16,-2.9312501838165575e-16,4.78847586505964e-16,2.4824715315033413e-16,7.385556320464212e-10,-1.0556742756762896e-16,1.8802737326293038e-16,5.135218245113174e-10,-2.9211027045601305e-12,-0.18156591793631996,-0.0287833396818152,4.54706553093668e-16,6.58041790306425e-16,1.1221343519921224e-15,2.459544584753267e-12,-0.06398811198171273,2.092358777657464e-09,2.9650786213558023e-09,-2.14092755403156e-16,0.4022318710845038,1.4268681118878277e-09,-1.0489981355186078e-11,4.598647386226947e-16,-2.147720193797278e-14,-3.4788317830181014e-12,1.2404421821894072e-09,-6.471286596355702e-13,-5.4850768874467934e-14,-3.315062371791939e-13,0.4490188202578187,6.204778528430995e-06,-1.2099334293805295e-15,-8.533272524300107e-16,-8.864772292439898e-14,0.3612579636549356,3.293331339613206e-12,-9.655660804989594e-14,-4.217921019075223e-13,-0.07971223232461463,0.30162016794377594,-0.05588503495070582,1.7893137895014014e-05,1.691589457987233e-10,9.520621093469988e-08,-6.156002790064109e-07,-4.520198690291143e-07,-0.0003224655028567115,-1.8455333619051137e-06,0.000248012014850496,1.6183054622238896e-07,0.0006260152259620377,0.3329263454636528,2.126489700908112e-06,0.010344705011586179,-9.78165928967452e-06,-2.4357901774641803e-07,2.4385320539296868e-05,7.439310819891732e-05,-0.00017718423662885284,0.06515174386478498,0.3012332590016906,0.1778362572283517,-0.006726429496915927,0.00036249572204379845,0.3544295462610358,0.02429039709875019,-0.00020540639290312225,-0.00011834803981948148,0.00037666882948389886,0.010055028167302735,-0.0036312105501922916,-0.009959721620291283,0.0044523530461828996,0.0006033658478532828,0.016601605561508484,-0.021155256724076293,0.004678913677950805,0.007054127234776618,0.04126875627427909,-1.1093839857771236e-14,0.007523717969546148,0.002563122727476766,0.010679925520390219,-0.012614528944883949,-0.0029044776273899533,0.004400561956339544,0.016007401371534814,0.006489958145964252,-0.022411353832613647,0.0006624064167145652,-0.005569259647577628
8,3.157236936745199e-16,-6.027031652461894e-17,-5.277690677440776e-17,1.2816788055772272e-16,1.3861900746290885e-16,-1.5684757556660084e-16,1.7721929242629702e-16,-4.727127194060078e-16,8.508391739835178e-10,-1.9188456746022663e-16,2.7623902410001512e-16,5.405002076082804e-10,-3.3182336545708237e-12,-0.21440433687591756,0.018904907389068904,3.766828449236118e-16,2.5367777163029887e-16,6.634796671006968e-16,2.7083137386941406e-12,0.009649806232010175,2.9000339386038206e-09,-6.698058843103107e-10,1.1539051666248912e-16,0.4657736647729205,1.8266298075116256e-09,-1.3720842602314542e-11,1.8020794393174068e-16,-2.3952130507956568e-14,-4.03241283900904e-12,8.795314404880737e-10,-7.453526248828688e-13,-6.470474674349015e-14,-3.900151437937197e-13,0.10903498648233712,6.297560900860298e-06,-8.503141201231123e-16,-7.027172779106778e-16,-1.0011200004419851e-13,-0.4629117588066665,3.5602629989668726e-12,-1.242799042793487e-13,-3.214019831794381e-13,-0.02053006191276847,-0.3732942172466874,-0.008048166328624764,1.0982095712840119e-05,3.6138428072822643e-10,1.7285279159083357e-07,1.2849891205177787e-07,3.1580616568409994e-07,0.0009330814415312839,1.938684527153919e-06,0.00036514178751233776,-3.633370429948696e-06,0.0011146269905607765,0.3915172699325332,3.126414879748699e-06,0.012011452606559121,-1.4389521535267545e-05,-3.871027910426121e-07,3.207264580494142e-05,6.772572239792775e-05,-0.000134689233628461,0.0285995584417628,0.078024491500621,0.03877552740895292,-0.007739911667992195,-0.0005605849650578146,-0.44281158312546126,-0.030734182700982136,0.0003762704669436905,-3.4557822108664715e-05,-0.0009965524847241817,-0.022352656676202343,-0.00037280520719288734,-0.03580560580753159,0.012494353909449217,-0.047714518425824054,0.033463615968550436,0.011368783817288243,-0.009750376881246749,0.008519941388783165,-0.03276346217295389,6.022093187552513e-15,0.0027634931669687644,0.05032210615327656,0.01613055054372968,-0.011442727240094899,-0.003446952363045973,0.005333726895150413,-0.002773333219008258,-0.006356226202472908,0.04434154757594827,0.00021273048905572862,-0.0020614985073242726
9,-1.5960361178019417e-15,-1.13798105369612e-15,1.106317714257746e-15,-4.226599852074937e-17,-3.567620813419312e-16,1.988750296762219e-16,6.616421825554522e-17,-4.803955457254927e-17,-3.7810086724111935e-09,-7.544241453409317e-17,1.8205006942713432e-16,-8.173067945689675e-10,9.183839048225131e-12,0.056167853065828555,-0.01790955296482037,-1.3781219989638715e-16,6.419267252775941e-17,-8.091207950599963e-17,-1.9807346746554313e-12,0.012818845253070874,-1.7332603658500873e-09,-3.87977410162863e-09,-2.23759318442399e-18,-0.3176634251739639,-3.5682951706848414e-09,2.5378207297728788e-11,1.9160024420253482e-17,2.2374245057830134e-14,2.8757610531707518e-12,-1.3466407560842966e-09,4.5252864492021633e-13,2.1941338228326396e-14,6.861687358563296e-14,0.4555289613419871,3.6943163015327944e-06,1.8571598059134106e-17,6.778265978870894e-16,-1.77117453865383e-14,-0.12674700053374838,1.5811267475016493e-12,-7.470746909145203e-15,-3.008914479114276e-13,-0.1965968629556013,-0.12523129897306692,-0.016799031805265534,2.266778959567236e-05,-1.4668355734361823e-09,1.451562736046984e-07,5.362438593074629e-09,2.015263275984343e-07,0.0007256851146818701,1.292344816175203e-06,0.0003365347410017959,-3.0910427562893035e-06,0.001244536184513023,0.3960894491868497,3.92363716673898e-06,0.012092235218157936,-1.4184150703424224e-05,-3.8044727529789943e-07,3.212864443307224e-05,6.20233605128809e-05,-0.00010453126676257533,-0.01538861394269896,-0.44040458435220836,-0.40836748096173553,0.14425286958945802,0.005625417385234925,0.2154264225889958,0.05624117958436619,-0.0004860782050075024,0.0008742434663926049,-0.0017718293985201341,-0.05245567490990213,0.016938401749525787,0.11103619195206664,-0.01644837235345555,-0.0408716590779976,-0.08015333406078724,0.013709867810440195,0.0012249973314404888,-0.029965448518593462,0.007556222701728368,1.9677830778935193e-14,0.0010867168853410155,-0.0020485286469402843,-0.00974896711211985,-0.03777492580676142,0.013567747441059232,-0.009005302514458753,0.03304966623289598,-0.004837635813781138,-0.029999443753982422,0.00020088166677436817,-0.012990751129642826
10,-2.513846983217416e-15,-1.6759068818937914e-16,1.9309663194264253e-15,4.929540246646069e-16,-4.211527871378158e-17,-1.6337166743839687e-16,-2.658636397897158e-16,-2.4448443097273725e-16,-4.113324865496722e-09,5.731343585818859e-17,-1.1734559589333232e-16,-2.592449921687423e-09,1.1492643559633549e-11,0.06262999056669621,-0.0020956297704054455,2.769257101591694e-16,-6.837181458878075e-16,-1.3545191337048613e-16,-6.042850759430447e-12,0.014557727562036632,5.71616685397866e-10,-4.671199328053102e-09,5.343021426944901e-16,-0.3445918193177506,-1.891809670162092e-09,1.8539423471205214e-11,-8.096135507753088e-17,2.3754831006566845e-14,3.09083101861937e-12,-1.8419257969061658e-09,5.113956696077274e-13,2.4507873600210565e-14,6.513610339784745e-14,-0.3250586507161725,5.849709154610089e-07,-1.8058992222623382e-17,-2.051778617461171e-16,-7.978302477606436e-15,-0.24760766956386118,5.093195505563984e-13,-3.0289238663379686e-14,9.588319606776e-15,0.15302545842926327,-0.26204685040472503,-0.017643978102265284,-4.215654575146812e-06,1.9999977535376726e-09,1.0217967679560694e-07,-1.8570315754434193e-07,-5.7531338842635115e-08,0.00024024127616940368,-3.084597464224497e-08,0.00031644652756242285,-1.4237535274555404e-06,0.000903668521019283,0.4251245429660213,2.8523842037633533e-06,0.013200562878504197,-1.2957731146462455e-05,-3.306460476029451e-07,3.1525620924257615e-05,9.523864808013719e-05,-0.00022860707289595043,0.08470836560798756,0.3895330418659363,0.22868572101522266,-0.007344998179525569,0.0005249282058575905,0.46394398808369,0.032068494873313064,-0.00026759705353058215,-0.00015774028599165477,0.000484502440103532,0.01331622065777149,-0.005152818466080576,-0.014883709098857813,0.006726852631352566,-0.00023431480332278246,0.025430567354922187,-0.03275354499731666,0.007657192627686467,0.010719442138850994,0.06490099113383692,-1.8226479095710438e-14,0.011854466613130464,0.004608767736076687,0.016162344515071023,-0.019210994556222504,-0.004556697729084093,0.006839760625835147,0.024223171153575158,0.010359098557839121,-0.03316939316632649,0.0010331590803230296,-0.008699126076264444
11,-2.5979691221035726e-15,-3.012009604652138e-16,2.8345200043129943e-16,8.56025699742573e-17,1.590092363989957e-17,-9.152255617742106e-17,-2.962804132609905e-16,-1.057685828666145e-16,-4.711197896351312e-09,1.47447042915888e-16,-1.939553530240074e-16,-2.3656338684759846e-09,1.2611797051432535e-11,0.07246958276107426,-0.009101219744205517,-1.4908327634840852e-16,-5.228987006425001e-17,-4.178524192040052e-16,-6.0536905753681226e-12,0.009226573812936942,-3.5942858469264995e-09,-4.720976218360055e-09,1.4646387617325112e-16,-0.39783105439742583,-3.101368045975151e-09,3.2682028602042954e-11,-4.147911632038522e-16,2.7002592750931484e-14,3.5845324446750996e-12,7.309374370667618e-10,5.690904089750198e-13,3.0568575477857763e-14,9.352782606367142e-14,-0.07710431627219788,1.014231947735573e-06,6.826701994725577e-16,2.277836578886088e-16,-1.0280948858123437e-14,0.2912933357792594,6.461704842493976e-13,-1.5863893896194728e-14,-4.266967513291515e-14,0.04730558145043774,0.3551845057522364,-0.03533428473642311,1.2955626755620186e-06,9.507041693346635e-10,-1.4039685449222876e-08,-1.9044403142663203e-07,4.288039642374762e-08,0.0005975991658958313,6.734246202253078e-07,0.00038919635881800885,-2.9545737181077708e-06,0.001243805030975103,0.4903211367637625,3.722174973197354e-06,0.015101094957030655,-1.668464990769758e-05,-4.382978509879191e-07,3.864977129618505e-05,9.088787987828141e-05,-0.00018655685607884678,0.041062363816988814,0.10366053987712186,0.045234382737763625,-0.00458558174395367,-0.0005028304229228006,-0.5773323634968331,-0.03850842095299441,0.0004894481601573751,-2.9513535347618835e-05,-0.0014326060869698253,-0.03251631611691197,-0.0003644986483139749,-0.0506941437605991,0.017893706331497197,-0.07034251276486184,0.051635519965650425,0.017663432925052593,-0.015564911541601346,0.012877227579786193,-0.05174624267363963,7.525457199399556e-15,0.004157722277747871,0.07428342899196073,0.0241370996944586,-0.017360608654869884,-0.005502376945845889,0.008342415037704871,-0.004028969643157732,-0.010084764801116843,0.06575521171765364,0.00031814971444291124,-0.002999566183111014
12,1.0276129743651847e-11,8.838160264662526e-12,-6.473768259752899e-12,2.187882090175691e-16,1.3845736469559363e-17,-2.8703051257946864e-17,-6.907746865541345e-17,2.77840085124955e-16,4.2994627735703884e-07,-9.474792504721042e-17,-3.540797834259538e-16,-6.449470560980889e-08,-6.331929677714241e-10,-0.000796179276114529,0.00018238097319380216,2.1313756361071164e-16,1.9952233680395263e-16,2.97966528690787e-16,-1.5896012079527644e-10,-0.00016997915922940343,2.392737463675601e-08,1.5554235804230298e-07,1.4382174022041441e-16,0.00805168218433591,1.5542136983591473e-07,-8.305110433016113e-10,-9.13969483484909e-16,-2.346075649048386e-13,-4.930390166126304e-12,6.14679640319154e-08,2.0028383429977564e-12,6.637778873377271e-13,4.9893415442532975e-12,-0.010507364139860406,-0.00011272321495911545,-1.4207937645009556e-15,1.3369953936697312e-14,1.7036127584418285e-12,0.003348242821561006,-6.306661938974145e-11,1.73159297729946e-12,2.271862600415702e-12,0.006187037407227207,0.003139764682374737,0.024854203711572823,-5.132736966121178e-05,-4.011392802732085e-09,-4.89777915381435e-07,-3.033946178997933e-06,-4.712314118561315e-06,-0.008586366560130707,-2.2220112661916997e-05,-0.0018020341725923583,2.694400964310187e-05,-0.00816147155364579,-0.11522983775660765,-2.7252154060296932e-05,-0.0010901090798596028,3.6309132869892505e-05,1.2562050792195993e-06,-4.7955424196225446e-05,0.00018828189199842558,-0.0005642025478988134,0.17781677737277812,0.28196605190358714,-0.06097599062513396,0.17600992941042917,0.008902272775279465,-0.10811962054305552,0.09036403235201594,-0.0007006055793544239,0.0024784947247340336,-0.00813201894752485,-0.24243654187375882,0.07064333922869592,0.46920508154587676,-0.055325001049430805,-0.25434356689878385,-0.5305286326807587,0.09304076811753992,0.011205761962510316,-0.17964404210371038,0.05222025919361549,1.6359438348562746e-13,0.007293277445194785,0.0373939039694023,-0.041090003509531396,-0.23685964696950276,0.10407979910258112,-0.06682832157385486,0.19673203135626055,-0.03559472891840431,-0.13865544026460824,0.0014556782367070897,-0.09614390355214736
13,1.1792772788394493e-11,-2.986869461633974e-12,-1.07039899532899e-11,-9.658052404857327e-17,1.0248393127796165e-16,1.5638562004498303e-16,1.9522610015583704e-16,8.505281718198656e-17,4.7350825190363457e-07,4.91026872462214e-17,-8.913370624929622e-17,3.291565994526865e-07,-1.0279243590375788e-09,-0.0009441340332186688,9.591272420098123e-05,1.4506878845851164e-16,2.835806157275763e-17,5.303453146038908e-16,4.5387218022493946e-10,-0.0002016264250081051,-3.816292792326992e-07,2.2417370192129403e-07,6.217247361280155e-16,0.010189046771532166,-2.5357073676475766e-08,1.5701543151323121e-10,6.366354807843109e-16,-1.8749276714058484e-13,-3.3904203499547585e-12,1.1221907642740661e-07,6.556789654832384e-13,6.91922527746457e-13,5.9825344939401606e-12,0.011688913014993167,-9.661663351926832e-05,2.1538287516450897e-14,1.4779832659683035e-14,1.6224159674909489e-12,0.013378553623399885,-5.65694897525673e-11,2.4409489065197853e-12,5.783698306814723e-12,-0.017485978942667634,0.02616675806884123,0.7417163430679065,-0.00021688021772159235,-1.6250840994298823e-08,-2.447421612505416e-06,1.0097693236839042e-05,9.106421923609072e-06,0.011898980109312271,4.16692695714876e-05,-0.0005250560128748075,-3.1682558559289125e-05,0.0016662911081514028,-0.000633722106926418,1.4229077892298063e-06,-3.524665423664029e-05,-6.629850600794712e-06,-3.040960428872916e-07,4.3692497743377535e-06,2.434103034931064e-05,-0.00010968371990020954,0.042503447325293625,0.01399825401818852,-0.07084912703013067,0.06949404353852473,0.0026980237354907234,-0.0446485027929197,0.013584277790944538,0.00011257260171095757,-9.602286085764618e-05,-0.0010453285915397136,-0.009884491140215394,-0.01678723628930883,-0.09484261497194225,0.04649704558737046,-0.08007116842313261,0.18115893696438504,-0.21952187544351265,0.06398392286014412,0.06957920978890728,0.4721174773538802,-1.6971108436272014e-13,0.09303194845296807,0.08854509411932271,0.10759478292108669,-0.13225810851554554,-0.03520751244384367,0.0514687642487203,0.14801020746795246,0.08021493086853214,-0.14565896818355947,0.007672171326300221,-0.06638503786722809
14,1.3495128417254769e-11,1.2442438811090523e-12,5.699222950111243e-12,-8.281412640153067e-17,1.404073129808146e-16,1.3862146950630077e-16,-6.79520234893679e-17,-2.6888139462570845e-17,5.318780147591803e-07,-4.2746967320148886e-18,6.510574286049324e-17,2.326721414559686e-07,-1.0344604395434278e-09,-0.0010060937364654197,0.00014320880155477704,3.6447569184823643e-17,9.667322159262631e-17,5.774346931603077e-16,4.152605221177092e-10,-0.0001800561192304014,4.365947611329978e-07,2.0751245887213583e-07,3.681969568208133e-16,0.010059719565135896,7.10662038386153e-08,-1.5171949559972364e-09,-1.6580573120585908e-15,-2.378743895459264e-13,-5.203435127147415e-12,-1.6201185321940952e-07,2.8024600023414964e-12,6.6608811931553e-13,5.6242861098956035e-12,0.0018082107853708237,-8.544875325415344e-05,1.536511940554708e-14,2.1181144870423093e-14,1.7840515626941463e-12,-0.005430771650589929,-5.4018914504782514e-11,2.1473813844337227e-12,3.5043647026649276e-12,-0.002591138573323525,-0.009111204352413929,0.04298982586748532,-7.619347193331199e-05,-6.1098341948127395e-09,-7.405468883501877e-07,-3.570658303533922e-06,-5.215918513768998e-06,-0.011217970065819519,-2.917764771145615e-05,-0.0020632684326369914,3.607822295406477e-05,-0.004861910922818424,-0.13857052383782795,-8.551579006769752e-06,-0.0022752676942367125,4.511856284366112e-05,1.4910184169869163e-06,-5.8990169145672975e-05,0.00019544064807024435,-0.0006224405023727172,0.19610946329739984,0.1536869662318022,-0.21899506052071555,0.26133282176614375,0.011091734965818537,0.12044487823973972,0.0862205407495104,-0.0002020823774803912,0.000866908534808926,-0.006272055349241526,-0.16025842979574548,0.008646097653202385,-0.144995922889521,0.0681395868431355,-0.37141634776671195,0.34028836274892343,0.1158527682970052,-0.1247677308173055,0.07283548334020423,-0.3721722519280767,1.0060356815817656e-14,0.030026779525697215,0.3823277347385825,0.14098058369466784,-0.1297776100194696,-0.04297701284372164,0.06217112554690088,0.004804347822243181,-0.07768909305565794,0.3226687593040099,0.002326902334124892,-0.021623358510601442
15,-1.1074554945983803e-14,3.632003416783951e-15,1.842936503738799e-14,-9.248954093324111e-18,4.5354783793790545e-17,-2.9045003171017783e-16,-3.3238631007526466e-16,-1.3805890141258992e-16,-1.848006016437179e-08,-1.224757176057306e-16,2.8843416102895134e-16,-1.5742994170499516e-08,5.245456662667391e-11,7.104658454777597e-05,-7.4910766848586075e-06,-2.395396194703972e-16,1.472702298264191e-16,-3.15218774061424e-16,-3.0498788828344097e-11,1.6168119317814108e-05,2.838439471685737e-08,-1.7932977925818537e-08,-3.3245029295743698e-16,-0.001443152581429052,2.706327145384565e-09,-1.532349308127227e-11,-1.3210354046643025e-16,2.3915658478282167e-14,4.733533753764914e-13,-1.7154889563278824e-08,-9.613729613545418e-14,-1.194781289469715e-13,-1.181201328949476e-12,-0.004041033626812411,3.0033537548665884e-05,-4.415502987645607e-15,-2.8418410572256845e-15,-4.1622132031828074e-13,-0.00698177355342733,1.6960459573489937e-11,-6.480978060715433e-13,-2.1337638463881795e-12,0.010747546539919202,-0.018229028957929785,-0.6624852191368599,0.00013596017389311512,9.869330203945335e-09,1.6180714125743735e-06,-1.2081734974212306e-05,-1.2492349453413967e-05,-0.020134118331764553,-6.195965318367068e-05,0.0011669320472951546,6.616840580330568e-05,-0.004810153278221193,-0.10483611060498424,-4.338945221100547e-06,-0.0018653917164049103,3.833670466343245e-05,1.374586183775012e-06,-4.848947748732499e-05,0.00010717830411666411,-0.00033079595932792503,0.08917442514691408,0.026227871442894363,-0.12886656086385803,0.11904085103170826,0.004445075754353509,-0.06771625353358673,0.020877650388123475,0.00016861511226663994,-0.00013999017396219626,-0.0014142620257905562,-0.013051662489699327,-0.021786541702880444,-0.11949244695051983,0.05952002162345849,-0.09799064750120688,0.19407152628265367,-0.2359434241334126,0.06404647341797075,0.07768485664799867,0.4924772279771154,-1.7482601772165942e-13,0.09337852812887319,0.1063013415428214,0.12466445384483699,-0.149302962394307,-0.035449030857657104,0.05268719935670161,0.16870601781796715,0.08181229466453933,-0.17015694634862213,0.007949281394710992,-0.06771641678236195
16,-6.19179299125605e-08,-8.613149493711205e-08,5.0156841010501266e-08,-1.2394850059223076e-16,-9.804337342541809e-17,-2.4502160695587714e-17,2.17732036659268e-16,-4.014418771672273e-17,-6.820979737082876e-05,2.1658272210902665e-16,6.868718272779928e-17,4.423444829529003e-05,5.03626477500463e-08,9.749226884180213e-06,-1.865818750316326e-06,1.3804025316836694e-16,2.2645510646224503e-15,-2.280858254366737e-14,6.283745384574017e-08,2.115000693063815e-06,1.3631420546794434e-05,-1.090775463442952e-05,5.04268052807906e-14,-0.0001800346724252629,-1.646721948953181e-05,4.753792590595107e-08,6.902890249526535e-14,1.461742651224345e-11,2.7949544401406553e-10,-9.181130716720892e-06,-9.571180428018721e-11,-3.09366921056065e-11,-1.883913166785508e-10,0.00018026109860526718,0.0037559734926641266,5.750965522031538e-13,-3.537152031815913e-13,-5.6220357962431435e-11,-0.00017545345004460258,2.050684079670919e-09,-4.6331977745343506e-11,-3.053830937478024e-11,-1.0717049775354786e-05,-0.00030221651681446005,-0.01394532936613002,0.0004628518687236292,3.91311414067568e-08,4.0178331035381524e-06,3.1212823690614744e-05,4.63929308533681e-05,0.061625300108850034,0.00017194323948793404,0.016929659027238156,-0.00015442254582474205,0.08336275208860888,0.023240260399488875,0.0003247480207422042,-0.014238853207985902,-0.00017288888043456017,-6.851694878457558e-06,0.00018754441917884603,-0.0007283488862205195,0.0015313806066943835,-0.2536533138782785,-0.1825157006213045,0.19150361565239196,-0.1693513637632906,-0.009917095500155059,0.08037892035169017,-0.12624177194549965,0.0017607209889563683,-0.004260172308394762,0.0035507012853950724,0.10698769382198443,-0.07095593166521477,-0.49107488851523684,0.136182975350136,-0.22713610177118124,-0.45162147516097306,0.094603527374627,0.017222975513979305,-0.061688177078288844,0.05063641170378078,1.3353341061075264e-13,0.015659554908783544,0.2968999658088755,0.10938118078424937,-0.21911279488677,0.18722577289424286,-0.09848519412210728,0.12699348532081134,-0.06387262339527,0.11941803102952919,0.003191372297699299,-0.16590836637938433
17,-7.662458783770396e-08,4.639557586999414e-08,9.475715945233796e-08,4.5792363908124395e-17,-2.845348009731877e-17,-1.6625621538883746e-16,2.637516887153051e-16,1.443983045994613e-16,-7.021552437789792e-05,-1.4582175621883413e-16,-2.4995852683999e-17,-6.45267546417279e-05,1.3447567025908288e-07,1.0948111045994197e-05,-1.464679093683784e-06,-1.0485130367758596e-16,1.3577508489812923e-15,-7.01496239688155e-14,-5.581797681278697e-08,2.3674664619744335e-06,9.996966300767096e-05,-1.8899592102261938e-05,-5.179028512474348e-14,-0.00020764897863005023,8.84832880737097e-06,-1.2169628524499246e-07,-1.81366987503246e-13,5.024077611318128e-12,3.059853384857811e-11,-1.5075792627419703e-05,7.731662970800379e-11,-2.055193373328048e-11,-1.5452087314547272e-10,-0.00025811581188800025,0.0010171384434700121,-8.394964799782303e-13,-1.415760907255023e-13,-1.816509117878691e-11,-0.0004218837859456682,5.75272450755401e-10,-4.336713421179248e-11,-8.708972157966945e-11,0.000697842741002241,-0.00100336845180647,-0.040853623824369176,0.0010964400289622763,8.674679158695263e-08,1.0716561282213992e-05,2.86661646956674e-05,3.9355589079545816e-05,0.08709848407413165,0.00023416067614441996,-0.03273353676628844,-0.00040794985398279844,0.010393479039610649,0.01491692289220554,-5.293521518159368e-05,-0.004026739328179963,-0.00015704851789472875,-5.987205235106889e-06,0.00020188669228620473,-0.00041675221629385706,0.0012306762324418383,-0.25185629910068275,-0.12584420756987177,0.20217084299368127,-0.20062806632610436,-0.004019990773327189,0.04371104964885207,0.034620007046280245,-0.0013233458442813734,0.0033788415692368175,-0.005888640870586933,-0.2482300264436388,0.11711816791689747,0.3507043922229541,-0.1461062138950372,-0.17658235520175194,0.12052045329624586,0.03679559336311013,0.12176699372127109,-0.045179900615651754,0.32640820832408934,-1.2706434266651643e-13,0.18041420358424903,0.11883813176385888,-0.10390282896865931,0.04084476863832666,-0.0660937909817106,0.07951325632009835,-0.18527116256510617,0.1071886037733872,0.5557094821256584,0.008834675797344803,-0.10523907286092493
18,-8.780971315596899e-08,6.425330988736149e-10,-9.18900343760331e-08,2.678799461833097e-17,-1.3789107253802863e-16,-1.3510700280983923e-16,8.386542360496689e-17,2.6972953596514297e-17,-8.401777632248475e-05,-1.9885276659482627e-16,-8.671797454737726e-17,-3.786529552107899e-05,1.3190368547635337e-07,1.2292181067941672e-05,-1.8745572083410282e-06,-5.933810178249811e-17,2.015970550046508e-15,-6.744275136564935e-14,-6.27507245352279e-08,2.5232211090735145e-06,-0.00011019967926979566,-1.498845058642853e-05,-5.3724165670551906e-14,-0.0002273405026943183,-4.995851535558335e-06,2.0142100768354591e-07,2.4085779794968244e-13,1.2528045563107121e-11,2.840108321670572e-10,2.176574768769948e-05,-2.0966577823660756e-10,-2.2578720888495568e-11,-1.8371674260828273e-10,-8.8083444433355e-05,0.001436424687619622,-7.199863132532236e-13,-9.953381941934573e-13,-5.22248705326687e-11,-8.111905566627033e-05,1.1277690674230203e-09,-5.824041340389286e-11,-6.59880577121159e-11,0.0003658608791920043,-0.0002170902048189749,-0.023450779526945444,0.0009151494034354464,7.664817468105707e-08,8.11283440839877e-06,4.154008753086967e-05,4.988870420821018e-05,0.09764658242595953,0.00028186239312555345,0.030881929708149396,-0.00022676739540185333,0.013382144272017931,0.026382453625732993,-2.56365625729339e-05,-0.005834449848878304,-0.0002484360890250262,-8.426139828102713e-06,0.00025456632279104196,-0.0006643122667958428,0.0015951250802487956,-0.3187845426083206,-0.17397466400960815,0.2575324834203505,-0.23981807147470968,-0.007568137918218286,0.017905219435438977,-0.001795206752628498,-0.00048172974562728547,0.0007437749104670901,-0.0006279090802293458,-0.021959298246217507,0.008084587392266484,0.3154630231888435,-0.008896055159143499,-0.11254478950535665,0.31080782346350505,-0.032069781950053854,-0.23469656076249257,0.03544176995467836,-0.27357750023556526,-2.49231914410216e-14,0.05912210802356592,0.026328851001178304,0.14359826758999777,-0.32343944532362817,-0.07415226324940608,0.10280962322336767,0.3084146859526115,-0.11391228426818817,-0.3649531886652974,0.006399138406635556,-0.05912763827013872
19,0.0002693192351965318,0.0007104085072063606,-0.0003845752260185558,1.227709889611095e-16,-9.581190575794355e-17,8.02028675746131e-17,-6.270014907713996e-17,9.724730077854162e-16,0.00865219550838118,6.340900181361719e-15,2.6586001313614093e-16,-0.012945109518426727,9.985538010285036e-07,-1.5959349960100934e-07,2.8486320337252746e-08,-8.09973613863259e-15,-3.3664374850522663e-13,-1.1338295937277713e-12,-1.3188227346325828e-05,-3.635782276985997e-08,-0.0052423872472043215,0.0005311908925975996,-1.0991643226183684e-11,5.707797084465285e-06,0.0015242745387707012,4.929994638181151e-07,-1.0845794523752838e-12,-8.25619873370508e-10,-1.3994029948774088e-08,0.0010252706423377303,2.5965144860041276e-09,1.3513162323562827e-09,6.291753224262042e-09,-3.1138163073998103e-06,-0.12157966591132949,-4.939273178071632e-11,8.18329773300738e-13,1.6639927183290464e-09,2.262729734282072e-05,-6.379667213925621e-08,9.87142540896511e-10,-1.9742237118684986e-11,-2.878402886023052e-05,6.868247292710207e-05,0.005282122454146207,-0.0007337428707980808,-8.56735617241064e-08,-1.7559124971647798e-06,-0.00020869637196287586,-0.00035402100750020704,-0.2189674452384716,-0.0006269036755502,-0.11303949901035412,0.0002977442568512683,-0.8485380708848688,0.005192785980428106,-0.0036850841733977284,0.08802919274086407,0.0005459618522402966,2.8713734413546647e-05,-0.0005344286920029382,0.002085142133515814,-0.0026263901071584103,0.050561182714028985,-0.03201094130315523,-0.0007929067988520395,-0.1459463703649724,0.0023372602445971996,-0.0033979736060985137,0.14063474798495254,-0.0029034583160443316,0.005191945570412896,0.0017252628039514798,0.053370987079193175,0.009223219016805262,0.02294364283056064,-0.043328569655097515,0.11056728524736682,0.011020740052253425,0.02092638978946533,0.014868796176179838,0.1050437941385179,2.2519663853773147e-05,4.1558933421284734e-14,0.024728468301523983,0.041519151657205065,0.1258525619866215,-0.06388345008756387,0.22153740031495803,-0.08188485504824805,0.01160996799855086,-0.07600073044293786,0.06494661275659179,0.004447105371303909,-0.18463819968648626
20,0.00039987711145760306,-0.0004633754231757891,-0.0007705424537336885,3.89869878726693e-17,-4.336862190598076e-17,-1.136442363147065e-16,-8.466955841893275e-17,1.325449880952288e-15,0.008332865305752925,2.3016418107003515e-16,-6.342747133427602e-17,0.012099564695258027,-1.635304159123839e-05,-1.7520488768011843e-07,2.667455160188885e-08,-4.764388416452868e-15,-7.450567928966531e-14,8.794350741826257e-12,5.942120287288313e-06,-3.971133547959599e-08,-0.021359535514614596,0.0016461679033550386,5.760781209862653e-12,6.316374071705259e-06,-0.0013207319224066807,2.4041992768746316e-05,3.3326433752693327e-11,1.3002139327855964e-10,9.296609725225953e-09,0.0017807933005651747,-1.3715472265327829e-08,5.823139948787643e-10,3.773995035662721e-09,1.1742189946257225e-05,-0.0025950932913320155,3.628734724590858e-11,-1.8089064319113493e-11,-4.3392276016559916e-10,3.879912697063173e-05,3.875210401301061e-09,7.116026893559953e-10,2.088103585556725e-09,-8.433188893135728e-05,0.00013538922928692075,0.00975716128379083,-0.016573304947856058,-1.2878451594980143e-06,-0.00016588222060768567,-0.00013419535832023732,-0.00021228588435886627,-0.5622077126942903,-0.0014706485294930446,0.6513002749483696,0.004001415714639239,0.05300056777983602,0.0035994330290664016,0.0009105421461607393,-0.003042311984285145,0.00024200347699494215,1.5132833917850577e-05,-0.0005942463994627425,-7.278679301804676e-05,-0.0009139511003797123,0.07758440293593409,-0.03986279243285609,0.02684768978805181,-0.01857399587654688,-0.008951397007166646,0.00714681754460716,-0.12348302855539031,0.002129823981032578,-0.0055430207761600295,0.007027774053608848,0.2159914573953319,-0.07558736427214689,0.10050219374600651,0.068717156589425,-0.03143841890974309,0.04325869445359539,0.20655372842924968,0.146367325260556,-0.07285179220821324,-0.0134853525553262,-3.038978477518981e-14,0.22986084922971536,-0.006216038248108677,-0.011646246499821121,-0.06524256940696584,-0.08202865912311215,0.0861083738834456,-0.011217087039381388,0.08217606811507508,0.012394914074030115,0.007045973044812374,-0.11647289349197076
21,0.00046892635875107956,-5.846664854299848e-05,0.0008920267275468573,-1.2421809876698919e-18,2.623976116280855e-16,-9.438298521138484e-17,-7.213684947347695e-17,1.5432021652931566e-15,0.010674445848262609,3.0229320842817366e-15,-6.710335384006603e-17,0.005856819434244483,-1.432498823673685e-05,-1.9971983116223438e-07,3.214824662079764e-08,-7.84284250669516e-15,-2.0505956385353964e-13,7.462640723617443e-12,9.897462285213396e-06,-4.474851575392785e-08,0.02354947482463348,0.0006443313705232886,8.135923533143834e-12,7.1565795669471395e-06,0.0004203706703200773,-2.8131189052686316e-05,-3.519827638003233e-11,-5.95702565094689e-10,-1.6571393812395526e-08,-0.0024104382709147112,1.7529091765029203e-08,3.983632346676493e-10,4.3274572631213616e-09,6.705517280538069e-06,0.002787909892466099,3.4450674714588816e-11,5.178011345176495e-11,1.4626412285335398e-09,2.7896708918899446e-05,-1.3539889984261645e-08,1.3587252430404413e-09,8.269838949943884e-10,-7.022568969624272e-05,9.854669901246106e-05,0.00903074138886195,-0.00840680720558829,-7.744828650490059e-07,-6.179277404120653e-05,-0.0003537771280711504,-0.0003121257507666663,-0.6195157671477054,-0.002059938232123991,-0.5526870268188793,-2.6787169868567322e-05,0.22956436529066718,0.0048324658661357935,0.0013327006492876276,-0.005350226858634609,0.0012900616753871545,3.92167010226466e-05,-0.0009626165748495545,0.0011749722156851681,-0.0016816142201439971,0.13387117579644742,-0.053996505310862725,0.014635219406804909,-0.11246966171673395,-0.008329810798994218,0.017033029893615003,-0.14814514971018078,0.0009762493696934605,-0.001498359754423472,0.0019091134848757184,-0.03274148239585954,0.05271649284768009,-0.04953478168104937,-0.0941721584307666,0.05325592835139205,-0.02711038334819154,-0.08829564736497786,-0.2925688126152452,-0.07932570530344335,0.026741522599240262,-3.125505410900977e-15,0.08419209282012496,-0.06261454753121788,-0.0943866611673702,-0.10976750789528245,-0.08228094046613875,0.10121387946551436,0.062416610635042606,-0.1010933001576168,0.0964556718739947,0.008655593248889079,-0.09730451858764828
22,-0.29292311404233673,-0.5955046899874017,0.22774924304812777,-6.166969343960041e-17,-7.771144844173767e-17,-5.825332332770756e-17,1.9292905637018913e-15,-4.096065165011762e-14,-0.22387684712559816,-1.9801377847972772e-13,-7.249532187284723e-15,0.2744752803839665,-2.0957167542376348e-05,4.176245330079885e-09,-6.906290146439145e-10,1.882653550306997e-13,7.414609192583172e-12,2.3322045112587538e-11,0.000198557184833978,5.531593372374857e-10,0.07144727949028094,-0.006600014003651922,1.672494481020853e-10,-3.2785848502209796e-07,-0.014323626966633817,-5.6658070261405015e-06,1.059915367376686e-11,6.418275065137635e-09,9.932267681645829e-08,-0.006723005650703884,-1.7161690417326088e-08,-7.7253623657661e-09,-3.1081921868812875e-08,-1.4251907564419082e-06,0.37757046033660746,2.455921215457441e-10,-1.999809486313595e-12,-6.26145251796028e-09,4.336548460526952e-07,2.0526027362639003e-07,-3.529083900705714e-09,1.6149758948133486e-10,5.477455464430799e-07,-2.2864883620437323e-06,-0.0003616595377928442,4.9216674097505007e-05,4.37083335053505e-08,-6.6191976124942525e-06,0.00011501613284653073,0.00017240926138900858,0.03405450015438438,0.00014141619681131258,0.0237600504448493,6.607728370809822e-05,0.1552360261593366,-0.003322987097586506,0.0006521425072571724,0.01861918195101823,0.00010222953946869618,2.142149620977518e-06,-0.00014623578134075497,0.0010271674288307865,-0.0017461584547794834,0.09582809600501047,0.00805319100109224,-0.0410462502010519,-0.07938545562948406,0.0029051941202860167,-0.014054937295621331,0.12171127658978872,-0.002524159195109239,0.004684404192343801,0.001656268659094449,0.050375802787732536,0.014012867825599726,0.05951045388309829,-0.0565174021327372,0.15154791184161825,0.0508786963712788,0.014080822370145631,0.013595850003329113,0.11553151645219606,-0.0025366411232833146,4.0829101281304724e-14,0.030050825725199206,-0.0026097617904734046,0.11039793719752933,-0.034523510052025114,0.23812617937277336,-0.08318381381386995,-0.009713989684660383,-0.08119700010136918,0.05806544558301288,0.0047921506327910385,-0.19762911576474446
23,-0.41218161528214387,0.3681106368964433,0.43244871047158795,-1.76741898367748e-16,1.004890224437004e-17,-1.542497876451147e-17,1.866250557498478e-15,-5.205446728408969e-14,-0.20421660211180037,-5.354485863274898e-15,1.9208607710162001e-16,-0.24263741625708898,0.00030637007040144225,4.740147407590487e-09,-5.487810566427152e-10,1.0595367419891029e-13,1.5317448685865521e-12,-1.6652304802185397e-10,-8.436409321428137e-05,-4.182161917645038e-10,0.27525747120608185,-0.01957435977026151,-8.268365219596014e-11,-2.221959346569771e-07,0.011814793473098476,-0.0002357359591854509,-3.2963635855083843e-10,-1.0187453759779802e-09,-6.419205051781332e-08,-0.011072446717350986,8.906209843288873e-08,-3.1091186893244514e-09,-1.743469703800175e-08,-1.0738969617338402e-06,0.004054835962206155,-1.6866075452091091e-10,8.576479122821862e-11,1.6955529232106757e-09,-5.143657429279279e-06,-1.4583305093486176e-08,-2.3672234182211944e-09,-5.0784106080605155e-09,1.4236181746769705e-05,-2.2109252363801522e-05,-0.0019721429850804357,0.022241366924054904,1.7844982178906353e-06,0.0002108133271189266,5.579483296124307e-05,8.04169892807668e-05,0.1749010290667696,0.0005461386915159358,-0.2096769728430841,-0.0011395708075531991,-0.025402276135584493,-0.002792671279085971,-0.00017808187639370204,0.002849264700049689,0.00011859840919567847,3.4218310004728682e-06,-0.00015202748130215652,0.00019815126162235622,-0.0008743128054082675,0.11012708461620731,-0.0016787843089674473,-0.023293142366471675,0.01731125133029934,-0.005911976818218552,-0.0018075471124940985,-0.10168687854244071,0.0018150599527378799,-0.004808051185566155,0.006915828158855526,0.2195411314364806,-0.0774068416701256,0.04760388862016587,0.0703003243415072,0.009046451858757697,0.027125731824703323,0.2095184541078019,0.14749528540117152,-0.07085373565561673,-0.038154495888439194,-1.5188239229649007e-14,0.23879544022530802,-0.03178824484769849,-0.011645669921011893,-0.055344406466440337,-0.08366458183172625,0.08624249702560301,-0.006064294843882556,0.07891430407157968,-0.029507546078366115,0.0068297313022994445,-0.11934752822188778
24,-0.48632305284754546,0.04673567993816039,-0.5037102965574786,-1.453980785036912e-16,-1.3853304921325188e-17,1.8077471366264208e-17,2.3332881820565087e-15,-6.145811408847196e-14,-0.26335974982610216,-8.511292771928792e-14,-2.3960310651518196e-15,-0.1180300645821839,0.0002697424093315409,-1.7588803208124889e-09,-1.1154167295171677e-10,1.6964431156851641e-13,4.286744005276752e-12,-1.4201722486443672e-10,-0.0001418453304513559,8.228616123202457e-11,-0.30534168953726015,-0.007610571473320619,-1.1778797724493917e-10,-2.388849235226152e-07,-0.0037621864816193003,0.0002768918751482856,3.497621346722702e-10,4.399090966406013e-09,1.125132555391988e-07,0.015069601434239731,-1.1370790105427897e-07,-2.08534619001509e-09,-2.0076379521241536e-08,-5.769105200722504e-07,-0.014170082903139505,-1.6155012010324917e-10,-2.392577002921499e-10,-5.235689212264723e-09,-3.948192239652616e-06,3.877382346333192e-08,-4.6562093067035546e-09,-1.9167050507096773e-09,1.163832173528221e-05,-1.7071519347778267e-05,-0.0018726297192892874,0.010523748510954866,1.0220578339953628e-06,6.985714551927547e-05,0.00020381887468765226,0.0001316504301913123,0.19309513193951286,0.0008408622749189841,0.1761410783502362,0.000291298112149859,-0.0794637936659288,-0.003820760293121189,-0.0003244529189373146,0.004302151937469455,8.305536275348976e-05,1.8773692565804004e-06,-0.00018286571188939392,0.0006813179040517188,-0.001319472814094127,0.15488896457717738,-0.004355006418448221,-0.039376964352881585,-0.04235201122913881,-0.005100156474411893,0.005909308423880795,-0.11498702190544854,0.0008349208873144398,-0.00140047349852744,0.0023784225308057967,-0.0044907079897667495,0.04060601393008068,-0.07609388225861417,-0.08271191450211117,0.0878289478576775,-0.05117886334968941,-0.08493598986928667,-0.30311673536891426,-0.0808699582765949,0.042808021327938636,5.929087794022888e-15,0.09143035728599544,-0.08244171304626832,-0.10712159305949136,-0.07183217885702559,-0.08344694336418897,0.10151877415020368,0.029829913031291466,-0.10115250000416687,0.11011632354814682,0.008745480882085939,-0.10321140172424433
25,0.2975073130230196,0.604669290525609,-0.23114701715387573,-1.9896399346028995e-17,-2.543113516655698e-18,-8.238242507865395e-17,1.6663862731650712e-15,-3.7883767336724124e-14,-0.21207951587329202,-1.8370397103416382e-13,-6.620267107738223e-15,0.2596674770548741,-1.8229371700233358e-05,4.340057250177129e-09,-7.261400888418497e-10,1.7903138907840466e-13,7.051053702409681e-12,2.1277608884120254e-11,0.00019051267532308065,6.088260560383912e-10,0.06720630765363084,-0.006418552195524499,1.6042391127749985e-10,-3.3391441498211197e-07,-0.01401474701796368,-4.243207071341573e-06,1.1982415372941622e-11,6.30924869310044e-09,9.792691120414006e-08,-0.00657259948469786,-1.7217592102278065e-08,-7.620005258532226e-09,-3.0735631146559884e-08,-1.4057019457020966e-06,0.3747674686524704,2.423817331357879e-10,-2.452155366317509e-12,-6.211923137055422e-09,3.83360727957329e-07,2.0372990723113673e-07,-3.5038431040504697e-09,1.594478970327512e-10,5.978090301667353e-07,-2.420017793265412e-06,-0.00037096964748072005,5.2866625867397166e-05,4.397953322810764e-08,-6.581329831153133e-06,0.00011518497406927657,0.0001728341207114139,0.03434804453055468,0.0001421182631608544,0.023767640428581458,6.507451875308783e-05,0.15719412005626748,-0.0033330350573150705,0.0006607982815433628,0.018401240369617343,0.000101362945526976,2.086412235457316e-06,-0.00014524069878189358,0.0010228974799146291,-0.001741308646259656,0.0958198218584735,0.008120458936508222,-0.04107821145494652,-0.07916303809231581,0.0029013771849412985,-0.014061314742006373,0.12151072734962746,-0.0025205859165494692,0.004678595491771335,0.0016546741287405647,0.05031320512155252,0.014024285619094534,0.05955650014096654,-0.05652217526818425,0.15154591254990196,0.05096347608818309,0.0140532126057686,0.013590119517961028,0.11550221281674747,-0.00254889890486151,4.0978344022919307e-14,0.030056209006452825,-0.0027144508189245764,0.11030061761873526,-0.034455089554045526,0.23811634507503426,-0.08316457038958791,-0.009745000223642894,-0.08119285455672284,0.05801697193674997,0.0047918246411518955,-0.19761308333803665
26,0.4185909992672186,-0.3737277708111285,-0.43882010247961645,-1.4144557009803645e-16,3.4975301452022057e-17,2.2024530095933596e-17,1.6560621642154336e-15,-4.7955931120262917e-14,-0.1946055880845102,-6.331012690401008e-15,1.9232124666528163e-16,-0.23131061835648467,0.00029415331918994706,4.904244880647847e-09,-5.829547489040511e-10,1.0193884809458066e-13,1.496432830344572e-12,-1.597671689243189e-10,-8.268323108846685e-05,-3.244659528698321e-10,0.26270111332011703,-0.018991000095037743,-8.077599292918481e-11,-2.316932646693411e-07,0.011511078650520333,-0.00022750841964535524,-3.1829693600480635e-10,-9.783763573969197e-10,-6.251300944290185e-08,-0.010817859895114754,8.699208140312707e-08,-3.0681066027272284e-09,-1.7267788923298333e-08,-1.0937976408117654e-06,0.003924231219770573,-1.6714048535742985e-10,8.394157203192952e-11,1.6679955173080266e-09,-5.211012203423418e-06,-1.4429183924470162e-08,-2.3557825579385283e-09,-5.050805127395092e-09,1.4371549725867453e-05,-2.2348185172441572e-05,-0.001988468089017179,0.022198914037704798,1.7808910109912125e-06,0.0002104575526440162,5.591546280465467e-05,8.070534610816483e-05,0.17582708713438336,0.0005481826590584645,-0.21153790473676062,-0.001149039192130962,-0.025333129967201974,-0.0027995525172707725,-0.00017934574908712908,0.0028482518897121867,0.00011875806525353718,3.404271525769964e-06,-0.0001510162293761766,0.00019906534491639558,-0.0008733351390068971,0.11009871492872977,-0.0016059850353818419,-0.02337727138657428,0.01733406853918941,-0.005900873061806572,-0.0018213150699954708,-0.10158358243509527,0.001812869874386368,-0.004802249366550414,0.0069103546395541835,0.21937217322284278,-0.07734348239708372,0.04743715174276542,0.07023693880602848,0.009140986354558803,0.027090259731529814,0.20946386944187867,0.14748733928122643,-0.07083075432325078,-0.038224206899514265,-1.5241342667119414e-14,0.23879758230917872,-0.031842023690914656,-0.01164665700615516,-0.055327958300093356,-0.0836631695103045,0.08623546508033345,-0.006023123504362148,0.07889213064650535,-0.029606327970740462,0.006828343381388538,-0.11933968255397302
27,0.4938911291321781,-0.04744935270099604,0.5111424792791301,-1.146934394423247e-16,2.379838901900622e-17,5.212397742582112e-17,2.1683252186225064e-15,-5.687869447176465e-14,-0.2509705926606651,-8.044690903727005e-14,-2.230000467188358e-15,-0.11250275640218443,0.00025937448276512333,-1.2604608163462898e-09,-1.7554954161330158e-10,1.6257745699922573e-13,4.121793037761944e-12,-1.36473996450006e-10,-0.00013582353352655893,1.611094833396693e-10,-0.29141413836733254,-0.007552723065250019,-1.1284874070277127e-10,-2.495578248142453e-07,-0.003647348557956116,0.00026764461577873805,3.378243866075464e-10,4.322265754006125e-09,1.1035400828233354e-07,0.014744061460090382,-1.1130531179491078e-07,-2.08319115859022e-09,-1.993182555036673e-08,-5.878222547209596e-07,-0.013594926728270937,-1.595276163459864e-10,-2.3595204031139275e-10,-5.1896635869626144e-09,-3.975480074733005e-06,3.868731237143445e-08,-4.623072629419076e-09,-1.912601563260358e-09,1.172782555560494e-05,-1.7179981289706206e-05,-0.0018847977557866931,0.010513649316989443,1.0207229164736368e-06,6.983617598651362e-05,0.00020423749850033098,0.0001320657279688845,0.19410520885288907,0.0008440628013947076,0.17781703176700162,0.0002935681954400526,-0.0803004831069822,-0.0038297449399743062,-0.0003286007348606388,0.004350078024499459,7.983438550949554e-05,1.789759619963645e-06,-0.0001807865645263087,0.0006791385285077344,-0.0013172649366700966,0.15473760742051018,-0.0042523356463474325,-0.03944090277471029,-0.04216710042088515,-0.00508878327727992,0.005880043685966555,-0.1147888065253669,0.0008338040006973679,-0.0013995841569804305,0.0023795166342720528,-0.004363363850865252,0.04053102814902899,-0.07608126707609555,-0.08261441057575011,0.0878462299017729,-0.05123159700423769,-0.08488768235258289,-0.3031147379103937,-0.08084755993186321,0.04286046513159177,5.881534125489104e-15,0.09143894280993123,-0.0824213235513395,-0.10709340914756856,-0.07172433481549753,-0.08344039773769935,0.10150409765600239,0.02972998135989682,-0.10113440586952752,0.11013523896025172,0.008744631217570917,-0.10321730745828463
28,-0.0048525020287685195,-0.009871038096619498,0.003779492714872623,2.2658796509902877e-17,1.0986071790099284e-16,1.3199622587695662e-16,-7.013822204925744e-15,1.5727108045247282e-13,0.5122086062389409,6.7844659246856e-13,2.56122540350625e-14,-0.6537425474402978,0.0001488724099540512,4.318906422255041e-09,-1.0755729256007638e-09,-3.8323565350087165e-13,-1.5390918335061186e-11,-1.0429997511972928e-10,-0.0003138670446241751,1.744288312564569e-09,-0.1982660410181129,0.005078722370094104,-2.673282101611389e-10,-3.3726731566150124e-07,0.005943681107376258,8.602700667791811e-05,9.9331538526382e-11,-8.297112631908619e-10,5.818063538269469e-09,0.0034206163047088133,-2.08457312911692e-08,-5.278173459346626e-10,-7.044991150203124e-09,-4.029684574925866e-07,0.16633028302282601,2.2131831642901948e-11,-3.366969436008469e-11,-2.684610376452147e-09,-1.3743513666547515e-06,9.098938248236737e-08,-1.6957027206221014e-09,7.373942447674978e-13,2.335515600708432e-06,-6.51740053110325e-06,-0.0006404506035003405,0.0003771425568354876,6.744162277211997e-08,-3.0392655778199984e-06,0.00010867095104537523,0.00016565516605570856,0.04253166453587901,0.00016136341273995035,0.02519898488568595,3.549002683053353e-05,0.20036963353877046,-0.003431498963068295,0.0008568063408138933,0.01030352514321737,6.624652397276745e-05,1.8158670410090035e-07,-0.00010434446499520665,0.0008358146409829572,-0.0015108907022779177,0.09257616619993894,0.009888185058369336,-0.04083390112353305,-0.06994007606675931,0.002673680890447049,-0.01385775193992131,0.11154164980166573,-0.0023420044232787293,0.00438094991493368,0.0015753977253035482,0.04728301522957987,0.01428056766991125,0.05978484781344324,-0.05595515332738701,0.14947616866045385,0.053248093487206126,0.012998139316396403,0.013364125232410484,0.11350263218254633,-0.0028888441439384517,4.1035609056172585e-14,0.030202966724827505,-0.006091360187432737,0.10587041349103601,-0.0321068224566185,0.2375197529725723,-0.08233302518439477,-0.01055887265621728,-0.08093028947470364,0.056056662923759965,0.00476996001701452,-0.19672048283437746
29,1.547775218915072e-05,4.088487557989334e-05,-2.218589160891473e-05,-7.283090165572115e-17,6.136562996650754e-17,6.803361757217597e-18,7.7907056792657e-16,-1.4140675422876626e-14,-0.07526743491993294,-8.010523375308086e-14,-2.9085010926487835e-15,0.1207028581250025,-2.9599984753415614e-05,-1.3619066420235065e-09,3.551838596908077e-10,6.470314463840444e-14,2.7108046470635427e-12,2.049301405205218e-11,8.621390878191801e-05,-5.952996399109852e-10,0.06162664238638357,-0.0017280751345708487,7.251822013932549e-11,2.5247637786361005e-07,-0.0029477483224663197,-3.781894566664042e-05,-4.3144586346149434e-11,5.318586345462927e-10,-4.257519835415229e-09,-0.0028915800416317006,1.65256378769859e-08,5.467737638177684e-10,9.417460065664516e-09,3.7599808649827383e-06,-0.8198716731086787,-3.049959122097825e-11,4.799763797668976e-11,6.6616409790359206e-09,-7.589737047666255e-06,-3.8262847816670807e-07,4.646067539522146e-09,-1.3789044304815121e-11,8.76045924621269e-06,-2.0159875915790384e-05,-0.0015360690732140142,0.0013664319878776098,2.5860352012743336e-07,-1.011551967194138e-05,0.0002167185677420861,0.00031056565367159976,0.07397953637203843,0.00029320681776261165,0.04078614389239883,5.827719795736162e-05,0.3082754791128742,-0.0035097536492386338,0.0013065029079478124,-0.022125880725330414,9.362395820211273e-05,2.629329347913069e-07,-0.00014057285239571296,0.001042717671807415,-0.00180552719392263,0.10481222301421976,0.010969387069502156,-0.04504183526197086,-0.07622683402564792,0.0028902477477066855,-0.014703210097438333,0.118717113469841,-0.0024774544543412725,0.004603404975385439,0.001621716976941809,0.04829750997734191,0.01449892658675618,0.059965515773136656,-0.056511017078026284,0.14748975116774465,0.05398433699738953,0.013211276202019076,0.013085593216251702,0.12261832978431855,-0.0028814130861988894,4.513325541464659e-14,0.02960619820265779,-0.0059087897736375605,0.09002000594491372,-0.03723513134674259,0.23312313471337362,-0.08138352443483023,-0.018014266368755767,-0.07986677623912744,0.05101907944971325,0.004741608354070514,-0.19414718694436606
30,-0.006805130609986387,0.006074891061868609,0.007131145830056798,2.097335648400855e-16,-1.4425253813566142e-16,1.489072781580135e-16,-7.74376493116904e-15,1.9329883523615154e-13,0.39894925741460335,-6.299233346887544e-14,-4.000014553106278e-15,0.4718816893065114,-0.00046810553705680107,3.738636731845796e-09,-1.0130138613368656e-09,-1.4629491590351608e-13,-7.458600426192164e-13,2.614896288510624e-10,2.5537425570645845e-05,2.9692721142214804e-09,-0.5283782157112532,0.018150392428057986,4.1255351701152014e-11,-4.0977792268521597e-07,-0.008196662116578646,0.000300912631146361,4.097028470942248e-10,1.6710044957449756e-09,4.876785585379826e-08,0.0062123921942826435,-5.094581531039358e-08,-2.7686333719070036e-10,-5.6644783717904765e-09,-1.398086774153494e-06,-0.005912370501651654,-6.092963444697949e-11,-4.263372849627978e-11,-3.3041041322848765e-10,-6.296780355931088e-06,-2.776700410979188e-09,-1.5096489254700288e-09,-2.8062717672050906e-09,1.6110730149018815e-05,-2.6149952226161728e-05,-0.0022305059095395134,0.01672121029986009,1.3382980155667903e-06,0.0001596788928811835,5.86976086598599e-05,8.236947720762157e-05,0.18790569461069156,0.0005653890510480919,-0.23855175249981098,-0.0012934891029049624,-0.02309898680942786,-0.002856842165061306,-0.00020991768314215423,0.002639393025473358,0.0001139486679619532,2.55789484553812e-06,-0.00010992412426350714,0.00022419531245349404,-0.0008109396017715203,0.10604785628093506,0.0006629626938731367,-0.02544874102813317,0.017129399166929092,-0.005407814614627578,-0.0021428049523060755,-0.09635469603207863,0.0017020533394989975,-0.004507986469399588,0.0066006786070411634,0.20956925913509256,-0.07367444094194404,0.04106316200524788,0.06659423342206873,0.012223011798676457,0.025735274552491198,0.20628877950147503,0.1470653912715736,-0.06968164642137273,-0.040183803060338724,-1.5592631922399802e-14,0.23864739465718865,-0.03335452519785702,-0.01189883103480132,-0.05443829939253541,-0.08354859718209454,0.08586675258423555,-0.004597362325409885,0.07796835925960864,-0.03196306497958088,0.006768600088477236,-0.1188707136504144
31,-0.00802938168788902,0.0007710783013595053,-0.008306417137575439,1.5611582702729112e-16,1.3122139845902107e-16,2.5614147809077397e-16,-9.207146690657789e-15,2.2517953155231219e-13,0.5146617306772847,2.0188409890164833e-13,6.21400475590109e-15,0.22947918741196704,-0.00038739759978240564,1.7946549351221666e-08,-2.2501259877772363e-09,-2.7496097750476437e-13,-6.165998478110165e-12,2.0908109925592302e-10,0.00024174050422080213,2.4321135969751466e-09,0.5855727914031656,-0.0036746998522150715,1.9676106904262525e-10,-4.842424281802434e-07,0.003799732710342132,-0.00032616504278047735,-4.2814990972961144e-10,-7.520166919240436e-10,-3.30701775905399e-08,-0.007018469616841951,4.879033078907028e-08,-1.9090392468007194e-09,-9.815606928342213e-09,-8.914809765116124e-07,0.029021561521998557,-1.9652452044051912e-11,-6.110348092116843e-12,-1.8334181552965858e-09,-4.1529894958756495e-06,3.155470649272293e-08,-2.1881926469669215e-09,-1.5767285525744914e-09,1.2726519723715405e-05,-1.8243216605047163e-05,-0.0020244040305507057,0.009122564415434855,8.529772325475737e-07,6.537888161542912e-05,0.00019042231151228346,0.00013236469004788474,0.2059751378306475,0.0008466176916025367,0.2019553711595077,0.0002925498809366826,-0.09519542229816402,-0.0038867019781287566,-0.0004144500599433095,0.005759629727433819,-2.349087633800149e-05,-9.908595638402877e-07,-0.0001051419288920201,0.0005802414510794155,-0.0012010715516138977,0.14500597439535545,-0.0008684699979438738,-0.040364555481152135,-0.03519425212573119,-0.004600250193646528,0.004726410743511609,-0.10542490110589196,0.0007776997659107291,-0.0013480474673297357,0.002404366327989736,0.0009924411803449126,0.03705137932584139,-0.0739464602004117,-0.07783975697224216,0.08736791687960994,-0.052453641010021715,-0.08247597403734297,-0.30278033315443825,-0.0793946115286232,0.04426529034586473,7.238976930883843e-15,0.09167730921831876,-0.08069912355240211,-0.10475011634211481,-0.06783832463948058,-0.0831119441629456,0.10080453171586264,0.02627247787612794,-0.10031724727944884,0.10932751191597555,0.00869528325393487,-0.10329618074254919
32,2.3694318407138277e-06,4.8231951044812365e-06,-1.8512961791122475e-06,5.5398583151072e-16,1.425025848704984e-15,-8.18867816466351e-16,2.2717820951579546e-13,-5.148040545036768e-12,-0.013160022464095748,-1.6672829331710367e-11,-7.204983541334028e-13,0.0157253775656684,-0.0031434265362906373,-1.958956361819974e-09,7.94893470557443e-10,-2.4295811572605395e-12,-8.326460453290745e-11,1.5591269800301453e-09,-0.0062668273171088505,1.0718601352793127e-08,0.00621709438046622,0.23275053702200726,-5.232742094164649e-09,-1.2513402033270346e-08,0.6059129258922485,-4.180273268259042e-05,-9.346273214428395e-10,-2.328562272329148e-07,-3.198323324895287e-06,0.29673662464931133,1.3257319257896334e-07,2.2774697906375576e-07,7.183294314253687e-07,1.8510727711150762e-08,-0.002907194350126544,-7.1402776368595765e-09,-1.2556458137864416e-09,6.330643582683876e-08,1.1114905486954458e-07,-5.197024181895309e-07,2.0339712933928555e-08,-6.803893568550501e-09,1.58858663495349e-07,9.710656797968e-07,0.00010558424763811685,0.006933862989523413,-5.534616699061318e-07,0.00023355163506571402,-0.0013947882093025196,-0.0019453983144782688,-0.01272651246147877,-0.0004936271572538856,-0.009612765384865924,-0.0009601123911700935,-0.030379865581069813,0.0012378464391865221,0.00039358349669011604,-0.003325691039798353,-0.0015407120418665051,-6.451583361673948e-05,0.0018004919748497896,-0.008557972323455535,0.010865363905354565,-0.21463122562860376,0.046904901887877375,0.04339007385450137,0.35550180085565625,-0.009978414917288465,0.012933807054419008,-0.39135015659482025,0.006770232490078549,-0.010951221746091887,-0.0023498432775558107,-0.09434325889006538,0.017046141435861153,0.026476572540371755,-0.008755915254417058,0.033007217537977626,0.11047123973229567,-0.029706070180714344,0.006900496214035969,-0.06539737818092606,-0.012787475018799186,2.508618015583901e-14,0.03952148372847631,-0.12155044035669318,0.05037561878630866,0.09591915689730583,0.2457793191780389,-0.05538339888434514,0.03112572530686334,-0.07686873385088885,0.02004394625783231,0.0039051917616314364,-0.17630844482470162
33,3.3312568148038656e-06,-2.97458459862675e-06,-3.4950136835033207e-06,7.186857152777441e-16,-8.601471583599752e-16,-1.4871254231495416e-15,3.3243135713997293e-13,-7.537663518422218e-12,-0.013505340322657986,6.812697988019474e-12,3.1627027155188144e-13,-0.016738452761539332,-0.005234096401649899,-3.986799223880414e-09,1.7260341040816997e-09,-3.030177838781698e-12,-1.067359161201213e-10,2.5798806011422642e-09,0.0053993132263656035,2.5087435694663428e-08,0.02910506012412322,0.5421125907421032,4.671260139656824e-09,-9.10012790613833e-09,-0.40245604652910716,0.005982872714516188,8.4267644742946e-09,4.468625547333251e-08,2.449893030621802e-06,0.40350982749391523,-3.2525780516995502e-06,8.773335539253585e-08,4.271937375068028e-07,5.041612011520979e-08,-0.00045913769740687734,4.345054217304302e-09,-3.5609033878307982e-09,-6.924488654859844e-08,9.151145421417402e-07,5.896502783132092e-07,3.76789164906685e-08,9.522814282776268e-08,-1.9844567154739648e-05,-5.596680389759419e-06,-7.99250526271815e-05,-0.26502348123698233,-2.1315311248763936e-05,-0.0024828227743234647,6.313394543036433e-05,-0.000142123010359565,-0.009043783866888748,-0.0004961879608699754,0.007780687686541485,-0.0005694038984611373,0.0030812142399819736,0.0005381411123690388,-0.001021672789558835,-0.0006611807904986527,-0.0004381638789081859,-3.467682020158976e-05,0.0015053078777874037,0.0008013653447661396,0.0022991122928256325,-0.1323750625340891,0.07370075601539089,-0.07273727229387793,-0.0160369404774635,0.015289447457472297,-0.00907203623615629,0.1385183578990207,-0.003243250518620414,0.008653343362599831,-0.007976124642526046,-0.2556230815180988,0.10000036557194092,-0.2042430089804596,-0.10509687004402103,0.11731497481827848,-0.027034056168578187,0.054501231237027534,0.1288168514046558,-0.019716723771191425,-0.0980321843102294,-2.3742170989359283e-15,0.22715288500265224,-0.07700896961032655,-0.023240958663932547,-0.01140664402159246,-0.07644621788386492,0.06851246309436583,0.04807227545162801,0.04013877304415373,-0.0847234183862802,0.004256530524427983,-0.09666045185920917
34,3.924220970688623e-06,-3.734652433380791e-07,4.054531983555048e-06,8.81897138987033e-16,-1.0470311861472288e-16,1.649491742227998e-15,3.7296643941186576e-13,-8.439005634077075e-12,-0.015718504337296057,-2.0301985446486406e-12,-6.926201792168202e-14,-0.007453855617695719,-0.005318723478270292,-3.8839982551882436e-09,1.497928684262133e-09,-2.179479487420417e-12,-8.648620697219951e-11,2.629827526582273e-09,0.0008659727132627503,2.0757442568263387e-08,-0.01098092703568563,0.4496430877328177,8.516654040307007e-10,-5.338037837479295e-09,0.0940656309188959,-0.007173312468383129,-8.750182245066238e-09,-1.4041723115798226e-07,-3.7286843667841092e-06,-0.5431251706688032,3.977665069467568e-06,3.845921254519095e-08,4.6956088071685965e-07,6.01438813061099e-08,-0.0024433297968965216,4.640942696600493e-09,7.520804982303252e-09,1.3998927141216674e-07,5.490541170597238e-07,-1.0849489874705663e-06,1.0735188600335305e-07,1.843587555915209e-08,-6.209378981323221e-06,2.421873382120171e-07,0.00019310782197928738,-0.0703866354244484,-8.129078095244277e-06,-0.0002709523254557808,-0.0009279222204941859,-7.563121545824156e-05,-0.03353734419011848,-0.002047978786050221,-0.019948950374472287,-0.00221853886512314,0.008867514745722843,0.0015009159808125302,-0.000816788268857179,-0.002495461222807928,-0.0031871435916062014,-8.68325464047302e-05,0.002524715056811832,-0.003253966324600763,0.0036648254226590697,-0.3123222748070539,0.11534659254757558,-0.041241397207648404,0.21980897619640996,0.01582827239968009,-0.04147105623801424,0.3095007800129041,-0.0019165409327670622,0.0014371919979148074,0.0028903963602438954,0.21879700673040944,-0.11203574179502705,0.05149647642036412,0.13238668352171543,0.036195721321959445,-0.0780773554493967,0.02574609715543753,-0.2845716739653305,0.005583781753161732,0.08325882681116703,3.0338718069656448e-15,0.09732651913296543,0.010772473738596971,-0.0026383114939839483,0.06976061818336353,-0.0742637613278153,0.07113285504847978,-0.10833795056359125,-0.06411710302499944,0.03023523824184605,0.00628257277361729,-0.09882455040580272
35,-1.7485096262606335e-09,-5.99277978164548e-09,4.602010943819565e-09,1.311173858524633e-17,-7.155952361084855e-18,-7.633519260260129e-18,5.81581946946102e-18,5.937688451205742e-17,0.00034906643811131506,-4.613329029201763e-17,3.666471494509222e-17,-0.0006838658824465537,1.787339053165193e-07,1.2025258304051512e-11,-3.251900386608513e-12,-2.518655973311753e-16,-1.4627095002334362e-14,-1.2235739100306284e-13,-6.816424841973407e-07,5.59186204749211e-12,-0.0005379890986159011,1.619449562393686e-05,-5.676120925667517e-13,-4.105804926077091e-09,3.6529035118187115e-05,4.29848185111644e-07,4.858723751230279e-13,-7.842115064436061e-12,6.82740065712861e-11,5.057452742466433e-05,-2.7825206923237434e-10,-1.0715581645262914e-11,-2.0984287949528472e-10,-1.4093892908993224e-07,0.027880047711085817,6.897024159196284e-13,-1.1015703605069008e-12,-1.8980292657217135e-10,4.1240089846678936e-07,1.2585766384336049e-08,-1.3657680893455212e-10,5.487488822013306e-13,-5.502110761676521e-07,1.413225369750775e-06,0.00013359324789101088,-8.73244055609449e-05,-1.6071218876137716e-08,6.773598114391602e-07,-2.420598422139083e-05,-3.8953695656880324e-05,-0.01107576239169851,-3.936793587687678e-05,-0.007676067968500363,-1.0411162376196547e-05,-0.07219900612628542,0.022948636909780322,-0.00032031339074200334,-0.7569407130994594,-3.9067547472774204e-05,-8.947807349622287e-08,9.941101883443164e-05,0.00026575392836898317,-0.00023330968227352203,0.0026071867692195848,-0.00014686926201784968,0.0011205101536213666,0.003897339470977058,-0.0002057981154821633,0.0018736412377929345,-0.013854330279853602,0.000342768893152776,-0.0007611922644934555,-0.0004547333639515947,-0.016526395945218278,-0.00580090434063951,-0.03280257754855009,0.02592097954744849,-0.12047189450330748,0.04920930658665214,0.012634950804457501,0.006177053539313916,0.28290669376752775,-0.001913018150142999,1.350787099953662e-14,0.014244659684449986,0.006950274182762679,-0.45139352828135293,-0.14933263509106484,0.11468135896322593,-0.04550431820601382,-0.21104150541708852,-0.04333361255802642,-0.14770958050863459,0.002949004975003936,-0.105457029543427
36,6.921197318639177e-13,3.077727679092014e-12,-3.3444455906115504e-12,1.948630026597412e-18,3.834114998797959e-18,-6.2666648323946085e-18,-1.3033847081371382e-18,1.581127138631708e-17,-5.641502007935574e-06,-5.437989637197685e-18,-2.8581883728888455e-17,1.3484786344197832e-05,-3.754347957708617e-09,-3.680067928526316e-13,1.0314406040652229e-13,-1.0833863410622922e-16,3.128387543297472e-16,2.4256986964100445e-15,1.8701953058334953e-08,-1.8191143010338494e-13,1.627988058269676e-05,-5.256152430908532e-07,1.537768610400727e-14,2.2897311773652996e-10,-1.5611879665804939e-06,-1.687407199021294e-08,-1.8633926666566593e-14,3.9742865229140605e-13,-3.7559722064891865e-12,-3.0278104223976586e-06,1.6052593779672024e-11,7.163502971081162e-13,1.588497710473353e-11,1.7475343724845877e-08,-0.0031563559963153436,-5.2946791678257515e-14,8.586564844993385e-14,1.8181189702795306e-11,-7.167595920420775e-08,-1.3810310271170243e-09,1.3476609017117183e-11,-7.216425898465758e-14,1.0854507297345234e-07,-3.061878717902358e-07,-3.453955621459689e-05,1.7486969562162352e-05,3.1417167832035323e-09,-1.4117263787121195e-07,7.573959287619548e-06,1.3235754383693855e-05,0.004233149622004935,1.4012634575151309e-05,0.0033629409432451643,4.428596597726453e-06,0.03543603938236202,-0.019075146808472967,0.00016066157984719363,0.6454990694805285,2.401532905618774e-05,5.139187589971439e-08,-6.948473121933294e-05,-0.0003909668373371302,0.000539536343286153,-0.029285433118270338,-0.003185181542174513,0.013315118676063109,0.023672743745251804,-0.0009374788245137976,0.005454264098235753,-0.042898411494959765,0.0009439321032786561,-0.0018728304596574191,-0.0008541193291956299,-0.028717041119293654,-0.009560905770068313,-0.04958022897028115,0.04101514162487115,-0.16801152831588326,0.0495838192445459,0.012824853095587658,0.005382369210835372,0.3133137706646289,-0.001818304912431643,9.377299022306216e-15,0.012482489507419798,0.009211445489649486,-0.5466063485033861,-0.16975474938345078,0.10114520313578253,-0.041548436348620946,-0.24552611082045186,-0.039260838341262386,-0.1825544325413115,0.002762706818259084,-0.09557344463195545
37,-5.9876013512830364e-09,6.939603297989031e-09,1.1546453952777565e-08,1.1629746983862563e-18,-5.168760829172982e-18,7.441101800001466e-18,-1.5460703397111015e-14,3.617636585881953e-13,0.001047592526533419,-4.3030053544361506e-13,-1.9551332437847236e-14,0.0016047523598722293,0.0005370811032335121,6.178281589746884e-10,-2.784128620098592e-10,2.6769706958142363e-13,9.796962063829891e-12,-2.618671832106153e-10,-0.0007412049604840359,-4.163395319317903e-09,-0.00445411824984446,-0.08973310124398068,-6.341944457878945e-10,2.842703231719295e-09,0.09132626181594802,-0.0012298983287887743,-1.7150492499222905e-09,-1.2418475937414273e-08,-7.525143697641802e-07,-0.1376974527876478,1.0596809717401161e-06,-3.447387809360941e-08,-1.977626465352285e-07,-4.916476193564647e-08,0.0003842773570691617,-2.049166536630031e-09,1.7139358868457046e-09,4.4701144113815517e-08,-1.7743431873426502e-06,-4.6923260408898975e-07,-2.5428624108466815e-08,-1.0234472524318071e-07,5.440580664841659e-05,2.11385203071044e-05,0.0008002690089333661,0.7612338139181511,5.684130781399785e-05,0.00813992481978889,0.0013072832717842444,-0.0013657698413640181,-0.051358703138011795,-0.0037160951087242123,0.03115750152931499,-0.0024266221292717116,0.010143190284799588,0.001103261953646154,-0.003259804117654227,-0.0013371201275784394,-0.0011111480978263507,-9.394344433805916e-05,0.0034401045299218766,0.0013285686483898728,0.0034955948212916166,-0.18048399456211844,0.09656227930066048,-0.09426380468810062,-0.020315786913603882,0.019076339199982823,-0.01094557333943256,0.16804420678122467,-0.0038927288430076427,0.010268506657509965,-0.009162856944866895,-0.29048507037195653,0.11275570526838212,-0.22719481148770354,-0.11776279746283033,0.12874733190293794,-0.027814652348141598,0.056167377084144876,0.1280280848213168,-0.02070650292195612,-0.09951614330513493,-3.2614764497525144e-15,0.22608280896064845,-0.0837537875740605,-0.02485162805849915,-0.012044120085041594,-0.07620890838457664,0.06888458990356115,0.050998117898884456,0.04028065021469551,-0.09095285319702653,0.004306171740486137,-0.09700904426897423
38,-1.4061904148700113e-08,-2.863991555533695e-08,1.1037914644160764e-08,-8.945817477969455e-14,-2.3557185345796633e-13,1.2815307403590953e-13,-1.3163368898817473e-12,2.8733202495276822e-11,0.003833399556434374,8.975612527582751e-11,4.042475391598671e-12,-0.0040935669251767,0.006827417461073333,1.7148815938744834e-09,-7.361478115966563e-10,7.888043954356238e-12,2.496185457824804e-10,-3.4385443350659606e-09,0.013881979488636734,-1.0566617806826085e-08,-0.002819704778884612,-0.22816774827756114,1.1816555903742218e-08,3.3906807616539257e-08,-0.5940059329276042,-0.0029586073073213496,-2.5785752389657557e-09,1.298632263112087e-07,8.423893797201176e-07,-0.2908356230841555,1.0683846677917066e-06,-6.733330981820173e-08,-3.587202075479904e-08,4.610574570504728e-08,-0.01463618643207143,1.982232243423261e-09,1.7322824033368616e-09,2.8253470041008133e-08,2.3379732304646605e-07,-2.6425933106297496e-07,1.895497528979243e-08,3.148927310737142e-10,-1.153950701431954e-06,9.088090052139057e-07,0.000125928897703243,-0.00947243829959275,-1.5407739584515367e-06,3.0408919608342368e-05,-0.0010578765011541216,-0.0014105614901660315,-0.01433748968820023,-0.0004528495646284932,-0.010861546295409452,-0.0008332107652559466,-0.04055044157030468,0.0014070046694368782,0.0002411746446936,-0.0038387085596656473,-0.0014128491871348303,-5.6159756261706526e-05,0.0016118848993162559,-0.008042454729544051,0.010425292887603788,-0.22097711467250425,0.0467504666896772,0.04597431663836523,0.36248426450890825,-0.010050889850710147,0.01375864682011219,-0.40065448339008763,0.007033595725848272,-0.011498100361581136,-0.0024929557004831934,-0.09859233695646102,0.015301410040116856,0.02337940823182289,-0.00321577848220998,0.022121481908710033,0.11329217143351339,-0.032707743964379275,0.006315864261242615,-0.07855002695999601,-0.013311865127338873,2.5096116384496006e-14,0.04024837913445102,-0.1264424525625217,0.04431495978598835,0.10431239172048959,0.24564194997130057,-0.05274137475027965,0.03318720059958437,-0.07614415078294152,0.01672491938252155,0.0038066176784056333,-0.17368114659460976
39,-1.977161001980347e-08,1.765133065474874e-08,2.077914648510209e-08,-1.2617452707805743e-13,1.4667153092872363e-13,2.4708191921535285e-13,-1.8127318368956393e-12,3.95269953930569e-11,0.004248606902104925,-3.9090725393001266e-11,-1.850733309610972e-12,0.005439232274678302,0.009954081492758081,3.047670613436449e-09,-1.3633300486560856e-09,8.585063541808383e-12,2.7308454096483537e-10,-4.989524939948309e-09,-0.009241601848321047,-2.047597267407783e-08,-0.013579256954990841,-0.44090242879576885,-8.073011813554278e-09,3.314844048581097e-08,0.30166152279359065,-0.010005249291172628,-1.3397566153030325e-08,-7.42100244312805e-08,-2.0174099291916127e-06,-0.25415294958088497,2.0454065077252257e-06,2.105212872282875e-08,2.9290447762246934e-07,1.81481488432719e-07,-0.00046086045877025817,3.482560562147885e-09,1.1426062729933518e-09,-1.0928936940600178e-08,2.1523286531258596e-06,2.6701613486913995e-07,5.663577976158377e-08,1.1320451552531794e-07,-4.380728503824435e-05,-1.2249075792406736e-05,-0.00021794855305189514,-0.5833912500382511,-4.518552891854889e-05,-0.005883727106174592,-0.0005744211791971903,0.0004252765261078264,-0.00701195974148919,0.0007781081301981353,0.014045704078675286,0.00028606342313200353,0.002227521284777098,0.0005383088105046964,9.703571124012494e-05,-0.0006249032300550757,-0.00028800790117795546,-8.848057806738053e-06,0.0006016128016214257,0.000382523887093526,0.0018113385947304717,-0.12527378089722396,0.06553650779968527,-0.06159443102905293,-0.011101488082585027,0.014472422063315017,-0.009021997628506341,0.1419341201047395,-0.0031936648558897485,0.008517478186692068,-0.008186194616308104,-0.2628924937364384,0.10257323459481753,-0.20535278434854812,-0.1073728156853438,0.11704163361818372,-0.03107835791456213,0.040748175075734965,0.12797134092660478,-0.01471431382860966,-0.10135311020735678,-3.0142378423873158e-15,0.22720543994085315,-0.07489037748989119,-0.02291509661255076,-0.006943678484447771,-0.07614133207751031,0.06689764216343316,0.04920640489503933,0.03684892801796799,-0.08373137443727464,0.004021204727053276,-0.09465598775991717
40,-2.3309648123941744e-08,2.207320237383292e-09,-2.4010249685551692e-08,-1.4865485189404892e-13,1.9211670501896964e-14,-2.7877947918970014e-13,-2.1436008783665875e-12,4.674980622998298e-11,0.005109155156641561,6.343049656928173e-12,2.085958201103525e-13,0.002855862102738107,0.011493048547203863,3.2564223938046494e-09,-1.3883819261766048e-09,3.716081673688532e-12,1.6545963885412476e-10,-5.770189643326139e-09,-0.0013387149979773433,-2.0409587370834303e-08,-0.0006990637168158222,-0.43994311204647746,-1.3306293625536975e-09,3.75890731644696e-08,-0.09286529963620875,0.013635034149193443,1.7105322795605435e-08,7.695114773516442e-08,2.801675660247411e-06,0.5335943885450016,-3.7016296862395737e-06,5.494827254029262e-08,8.662922224319114e-08,8.784268353708795e-08,-0.003117532934369043,-1.9558054029055996e-09,-2.8371463254475493e-09,-6.661293694452116e-10,4.397497642019869e-07,-1.5270227765632664e-07,6.506157995916921e-09,2.138061091579713e-09,1.1188502957414528e-06,3.856912696383595e-06,0.00037639383242004347,0.038418765028070206,1.323388311606103e-06,0.0006832466018417028,-0.0005755612194678836,-0.0003239403969553227,-0.047192341798983184,-0.0019315737191061314,-0.028888947786372975,-0.0019750682995517024,0.014327860481952932,0.0017366603407923949,-0.0009055721495616824,-0.002835842051629248,-0.0027574468966425378,-8.120747285824844e-05,0.0024823697228594493,-0.0031262840951591063,0.003966990845025799,-0.32533009954469716,0.11767757853416906,-0.04052325743302373,0.2239681415740036,0.01668287922608342,-0.042231586781154545,0.31983972409350986,-0.0020428790097194636,0.0017663447724615602,0.0024938379713154287,0.2164964252666485,-0.11558409862001484,0.0548223853951488,0.1402816834975291,0.03300697026724903,-0.07879408437215336,0.03447854497979769,-0.28287229719916407,0.011982174343678549,0.08526631916027576,2.437129069737732e-15,0.09731696529854422,0.015765073701169172,0.0057592975418044685,0.07944977976153242,-0.07313398740379862,0.06823743018023606,-0.11551628216720977,-0.0608289681287246,0.021512207026136515,0.006042155046072277,-0.09811490453787405
41,3.4430658200987216e-12,7.015721852184808e-12,-2.7235532272843024e-12,3.6366333294442876e-10,9.584094679797384e-10,-5.195063259867768e-10,1.8173864012772385e-10,-3.8167431017028e-09,-9.202723566222272e-05,-1.1547507289465862e-08,-5.426931536334118e-10,-3.386893444476031e-05,-0.29204555675200283,8.515341304803411e-12,-2.426110575156993e-12,-6.329704282362676e-10,-1.8031362851000172e-08,1.5061070929098266e-07,-0.6027652659083702,-1.9262883069580485e-11,0.0002774476428706314,-0.0004365608112476891,-5.268371416597359e-07,-1.2852264667390705e-10,-0.0035297616681421004,0.23392779537257766,2.8348481866694474e-07,3.833967920232827e-06,8.546421992224842e-05,-0.002182360885999778,-4.3914379396591556e-05,-4.655562877230802e-06,-1.7101573988433895e-05,-1.3407167327060327e-09,0.0002524691382727187,1.5181440313107283e-07,8.30723837568176e-09,-1.516556921970192e-06,-1.072446569783365e-08,1.1023168512464237e-05,-4.80526422874492e-07,1.177023497990645e-07,6.096649978290602e-08,-5.3745379796328093e-08,-8.713754804056187e-06,0.00046661100100367807,1.3934146358002976e-05,-0.0019032219510914364,0.016209573361885606,0.023346033364087714,0.001462377120426959,0.001535340397004894,0.0011099330888722557,0.006018962525425529,0.002982439821913412,-0.00019797068352901334,-0.006088560582536566,0.0005084798526549253,0.0074568383608905105,0.0004135037518192253,-0.0097193576924588,0.033929848908444596,-0.03356159337805766,0.07977294573350133,-0.026510026198857863,-0.007683352716502262,-0.1572343575691302,0.01296088201783691,-0.0016257809433184113,0.17270553231516622,0.0010950569318987893,-0.006270852783073528,-0.0018042426108559803,-0.026377531380456697,-0.07072472369682045,-0.061367608801966116,0.1642884196624853,-0.2615445893806686,0.13691139338035618,-0.09179733285993733,-0.00995823744074765,-0.35417622700659585,-0.018981307906277552,1.4386610006658832e-14,0.05664588232380608,-0.1322093063578826,-0.1336268396826689,0.25407663279051956,0.2273332404652867,0.020314257758787948,0.04902902363121627,-0.0506272739157979,-0.07219804037214914,0.0008290770853524128,-0.09012217416572187
42,4.841541734145732e-12,-4.320165077540898e-12,-5.104819180532062e-12,5.133717770861865e-10,-5.963741210579294e-10,-9.977402929326073e-10,2.480328622041193e-10,-5.199961311365645e-09,-0.0001148488227323072,5.5554637080644515e-09,2.698986575886149e-10,-0.00028761301165756547,-0.41918121418293036,3.962724692591857e-11,-1.3770651338827204e-11,-7.072511916809686e-10,-1.9670102802774605e-08,2.149199421035009e-07,0.36906008425136355,-1.7671282437804972e-10,-7.974124385848953e-05,-0.003861645051257503,3.2685080695044445e-07,-2.0845012158216514e-10,0.0050288012105223915,0.42688992582528057,5.50472915065404e-07,1.3627185732747163e-06,9.229308378729058e-06,-0.004154668339203837,3.305264322285753e-06,-1.7958488525373393e-06,-1.183146913939459e-05,-4.246257407189239e-09,3.538356613859751e-05,-1.4826852091207928e-07,5.440262424221626e-08,1.6746532696547438e-06,-7.06839004659376e-08,-1.4618434798510868e-05,-9.126863000681606e-07,-1.7138546636593597e-06,1.5499394780919012e-06,4.337776028946659e-07,4.644894135924166e-06,0.020732090389332776,2.7769775267026023e-05,-0.0060965346835171585,-0.011573074598553492,0.00978647960968426,0.001506325291022842,0.020318779886821334,-0.0004761737335713407,0.014898350290122857,-0.0006154610076860077,-0.00015177531875237908,0.024898297412452884,0.00022154702787980155,0.0009153799840257973,0.0005493532972422985,-0.021419948727261245,-0.013966775244573496,-0.013910821692078095,0.18412193659991605,-0.22706313963975888,0.33377076895054375,0.24535585493182885,-0.027033062400047412,-0.011753637250801629,0.12744967425281414,0.0026183465414868876,-0.008361055305378076,-0.00036636537763794604,-0.00481958823685012,-0.0050549760488215086,0.021552376459404738,0.013085599502161977,-0.0025577037287755344,-0.12594025386863086,-0.3071508531042771,0.09793430464470597,0.11897594535888509,-0.1491218365286412,1.2200621534404453e-14,0.2147849450934929,0.05442200040933332,0.0033295624905920014,0.11788573867748454,-0.06413533589852695,0.019155004077840793,0.020660813821623082,-0.05072776596130832,0.013567864082740763,-0.002322154973910239,-0.03444251983136522
43,5.710346412724118e-12,-5.37495544614817e-13,5.8538852205780515e-12,6.043595262302642e-10,-7.713201448599277e-11,1.1411544206150015e-09,2.9325927315576293e-10,-6.150458773978358e-09,-0.0001380570530871259,-3.0634820550994066e-10,-7.073828143962175e-12,-0.00026156131527752983,-0.48945952960424083,3.906709703770708e-11,-1.532369029315489e-11,9.537022638602909e-11,-1.2795134887584518e-09,2.512921186764963e-07,0.03902891283106516,-2.090814752162303e-10,-0.0002635649870364755,-0.004542317826363959,3.873709757454052e-08,-2.78190895033962e-10,-0.002385600328809961,-0.5120335949079575,-6.620030378509484e-07,1.6365428277927262e-06,1.784442050899736e-05,0.003940175238349708,-1.5909079640949077e-06,-1.7886591302361095e-06,-9.84967395580017e-06,-3.1444276345154913e-09,0.00011587409072200563,-5.892221803731175e-08,-1.4433090744173536e-07,-3.366492721180556e-06,-3.5024166073526136e-08,2.6871248760984804e-05,-2.1699997117807042e-06,1.4677662172354406e-07,4.583037585928426e-07,7.182733332776572e-10,-1.4283846945060051e-05,0.0053837042527544645,4.210291428313929e-05,-0.0061366354771985035,0.010801860622187041,-0.004229588518885344,0.00319550899302122,0.02003068001107202,0.0017693229253028192,0.019753120734176698,-0.0005714711211532177,-0.00023810455115105274,0.004059238642301922,0.00041941100181329,0.023851961947507314,0.0005356727221685559,-0.011242793861472386,0.008759960537014819,0.0039493484277474036,0.12351004193767884,-0.07205739096946422,0.05716351222689011,-0.08016975064030638,0.005423461351884616,0.019829570709319032,-0.10324289637264424,-0.0008632080957615474,0.007462905882400997,-0.014442815943339331,-0.24924496152210307,-0.01435712612590829,0.01409208005123698,0.12322872315036106,-0.04466013921865844,-0.06109196616121263,0.23490774039861298,-0.22828196595785086,0.15103185542076988,0.10409325680980797,1.1224612993020032e-14,0.09578356123414568,0.0861394505657181,0.20604169033541275,0.271203049345426,-0.039594857568342794,-0.011621628254647635,-0.1953219201611989,0.027821695340203973,-0.22432237237478989,-0.0008210532258656631,-0.07388155118863804
44,-3.313472725071632e-14,-6.754407964021822e-14,2.655536131129832e-14,-3.7474657360739463e-08,-9.88161757090486e-08,5.349121244020535e-08,-5.907417356700232e-10,1.1914913013280257e-08,5.576028233950503e-05,3.4983351245927704e-08,1.7175442606751692e-09,6.715313252958602e-05,0.290380590131078,-4.084804712295394e-11,1.6798443312113545e-11,1.3650241563192787e-09,3.5014532951108285e-08,-1.5316004232015e-07,0.5984993040397373,2.321576990076762e-10,-0.00023110098995258291,0.005021102590187692,5.348345560070982e-07,-9.024310187347776e-10,0.015480648912655229,-0.23199472161568266,-2.9696160751493466e-07,-1.3838370272673472e-07,1.1755956081817377e-06,0.007985682480801955,-1.5815027052474573e-06,-9.332408245821572e-07,-5.261415652314822e-06,-2.0740142255225574e-09,0.0005047908036108871,3.5264948194468476e-08,-1.645650936280761e-08,-9.745648530182873e-07,-1.4304932424229025e-08,7.817718262971608e-06,-3.9780141258419075e-07,9.842677638127222e-08,8.142374355297787e-08,-6.528077599287216e-08,-1.0432784861301411e-05,0.000657295704975893,1.1627582171722118e-05,-0.0016010030652612985,0.0133355757077346,0.01862952853208308,0.001661273977915885,0.0018069589143036068,0.0012635162907286028,0.005563145169988865,0.0035673120008420027,-0.00021790322469657973,-0.005237358720767638,0.0005630330196881353,0.00711994771991585,0.00037174780959812017,-0.008816058762527777,0.031853229438829164,-0.0317616562402172,0.08296542509828114,-0.026983609645143545,-0.00879123174565154,-0.16330073832607878,0.0129936824778654,-0.0018140040296736979,0.1789472709415699,0.0008897899275616057,-0.005841367457554308,-0.001788632967806674,-0.024696093765507406,-0.0709629228653169,-0.061954758326211425,0.16453315688894038,-0.26305434257390087,0.13657203609067378,-0.09234676020402947,-0.010144260004095918,-0.356813772169481,-0.019007156321395748,1.3678623146913801e-14,0.05690539867020248,-0.12954133391456107,-0.1356363804934882,0.25468597087639017,0.22700025414950403,0.022135910290337738,0.0484446500250899,-0.04990993003726939,-0.07362034572741012,0.000752169840884288,-0.0877971091673214
45,-4.660796104249138e-14,4.155864417251814e-14,4.946455912393014e-14,-5.296194125562555e-08,6.145734425147599e-08,1.024368259407642e-07,-7.972686041708215e-10,1.6040069205999672e-08,7.324828623162435e-05,-1.8015349598522042e-08,-9.04462537368575e-10,0.00023346306522147823,0.4219415043299104,-9.548746687678323e-11,3.935556111991415e-11,1.6995380908784942e-09,4.185351926439417e-08,-2.2047331008722912e-07,-0.3726214318230947,5.686045612698299e-10,0.00027412940857039054,0.012283383867261811,-3.345446027882169e-07,-9.014605364690966e-10,-0.010433933646729189,-0.4340613757522176,-5.690654115675415e-07,1.390917982200911e-07,1.8934186864568512e-06,0.007616421688348796,5.273891507221017e-07,-4.818480014322863e-07,-4.017724931986469e-06,-7.110378238650926e-09,4.099528696258181e-05,-4.555502504308397e-08,-1.8612645315853575e-08,3.618307245673202e-08,-1.0236613708316164e-07,-2.352165624189272e-06,-6.949703911058609e-07,-8.682209946788247e-07,2.185552989277752e-06,6.116646575966079e-07,7.95862257017119e-06,0.02918759789124614,2.3296821367063054e-05,-0.004519089579497497,-0.00834186393882133,0.007300957036949287,0.0015626340107885535,0.017302386960631272,-0.0006669023145794027,0.013226701944687964,-0.0006147296093621911,-0.00015607535534432182,0.02119746146601226,0.00022565191859472936,0.0017393230466101817,0.0004922279009557123,-0.019155748058966308,-0.012707729487334583,-0.012859156198033727,0.1807756761056782,-0.2210243126368913,0.3240253552589601,0.23694077961497206,-0.026573571532763234,-0.011044103137978696,0.1195125130915819,0.00263537543190425,-0.008343230361872766,-0.0002759036369998493,-3.867343913859622e-05,-0.007674214195148234,0.026857516357700856,0.01647932496020978,-0.005592916351719561,-0.1273459052863678,-0.31257882681967525,0.09729249293140926,0.12129621162893948,-0.14938819025443364,1.137256948647408e-14,0.21428229148869782,0.05700373920676749,0.004877141853171281,0.11997973924293112,-0.06378707186265313,0.01787147047064174,0.018839049999278674,-0.05280362323502263,0.014826838965368277,-0.0024729046840148497,-0.03279810802164265
46,-5.497065189853583e-14,5.133987021737582e-15,-5.5883738909750885e-14,-6.225837799293571e-08,7.855566268294243e-09,-1.1807129364566322e-07,-9.387943768561449e-10,1.889503771100163e-08,8.677098087347982e-05,-3.2643135807686777e-10,-3.1796920614127336e-11,0.00022744709341841095,0.48648940300200266,-9.879979380188496e-11,4.1956625058587316e-11,-1.1173059573132284e-09,-2.1555582604748246e-08,-2.5471803841294653e-07,-0.03852067674786203,6.115825633914109e-10,0.0003252553203413891,0.01319781902895547,-3.760951458752191e-08,-1.0068960473743088e-09,0.004477534003244165,0.5080580017616062,6.629911210157477e-07,7.682575561814759e-07,1.4792039233989455e-05,-0.015155594850519268,-5.95034620178395e-06,-1.2078724418069562e-06,-6.367499193893915e-06,-4.4283772413015725e-09,0.00015653799696224482,-2.3356712347289933e-08,-1.574551027020249e-08,-9.997624466800053e-07,-4.06483632518704e-08,9.93819846245465e-06,-9.721385048403845e-07,-1.4097340921144595e-07,4.189024850401606e-07,-6.315040192830942e-08,-2.000216745359287e-05,0.004498240652288288,3.083122381525573e-05,-0.004781430033897411,0.008162530649362064,-0.001901174746749895,0.0038953412338844293,0.0171364415481058,0.002197678020200649,0.017162339728732157,-0.0007921472132410777,-0.00026435348141824776,0.0044282380099130965,0.0004619960527009313,0.020822906397620387,0.0004932263070085742,-0.010901222721659474,0.008242897817404718,0.0028347345716048106,0.13003798231588237,-0.07609414849121775,0.06119423157827735,-0.08092662811906152,0.004566082615606772,0.020328729559955582,-0.10646463647300211,-0.0007576771529841596,0.007162029030611739,-0.014366725137179256,-0.2529369745501938,-0.011616235264397833,0.012623562495402103,0.11973969963455401,-0.04619913367801565,-0.06035728686774981,0.23725439741046925,-0.2270791738895506,0.15256240333998458,0.10390279701185011,9.763506655176045e-15,0.09565613655488421,0.08599078841976678,0.20715107966220184,0.2726660559487152,-0.03898875922696507,-0.013633332427847615,-0.1940053555656497,0.030053061023503955,-0.22628505430794593,-0.0009947847100398894,-0.07305637702137636
47,2.7796537786133307e-19,-2.291202579242466e-17,-3.74707883169274e-19,0.29531015069154926,0.6001094551398738,-0.22937119865175848,-4.889132035142144e-06,9.122657424378288e-05,6.102643077603435e-09,0.00019841488273892165,1.0574186496861393e-05,1.3731693637521664e-08,5.507673974735955e-05,-1.8724259009797032e-14,8.355992786398888e-15,4.1973131077619805e-06,9.037816687972061e-05,-9.743238239948375e-06,0.0001507026919452696,1.2344191501922146e-13,-5.542307872902741e-08,2.653388409930199e-06,2.4190977389746378e-05,-8.6567421252056e-13,1.0462033246261332e-05,-8.641299421166268e-05,-1.748289701591676e-05,0.001999023702539595,0.04129318896280826,7.205273892713399e-06,-0.02027129198186676,-0.0017528125468408177,-0.005292106966211547,-2.2707131074413352e-11,3.0576220271978416e-06,5.010176787382944e-05,4.849940082148425e-06,-0.0002752530086505847,-6.430881499046119e-10,0.0014629483943972863,-5.897367300267339e-05,1.1827785030775734e-05,2.82980602227112e-08,-1.3539714380227113e-08,-1.1819817504684005e-06,0.0004945790323614549,0.00046470504340492456,-0.05300792726888665,0.2614729413294565,0.3614487567327071,-0.0004072045823685399,-0.02417648097537262,-0.00025997622736670894,0.01450691996475071,-0.0003512513270245322,2.6295325874539286e-05,-0.02125132737482441,-6.865385934661365e-05,-0.007578417450109789,0.00021155050104466216,0.01176567514863631,-0.13387688143421558,0.14786064898666354,-0.006852145173890781,0.004674571877143887,-0.002496741165617554,0.016412359088352414,-0.026617275213146656,-0.00046270540917579415,-0.020517610775811043,-0.013758870643103502,0.037428486086761796,-0.001056469993689857,0.06105298983759083,0.07659551131810735,0.016280110156228995,-0.14743694811768646,0.10238642457037923,0.005845685177444613,-0.019311085168747334,-0.02768098150851818,-0.13407409985257007,-0.00029422057936406035,9.56719372892917e-15,0.07518146629298682,0.29356990055189774,-0.046034707406194274,0.026047923855752025,0.17608038643999985,0.16158886190492058,-0.09432585864921929,0.02606660257103171,-0.11758611906270841,-0.006047870068438692,0.12393812470247045
48,3.91088923027915e-19,-3.251028689559613e-17,-7.120053360609707e-19,0.41543854482702913,-0.37093924196001354,-0.43556396594626545,-6.386275796880195e-06,0.0001186157433047824,8.185010650106793e-09,-0.0001056300658516591,-5.7065592365750766e-06,3.729431282492969e-08,7.985704179193336e-05,-3.830866129546144e-14,1.721244442294725e-14,6.049937250741962e-06,0.0001262483542075713,-1.1238525957371331e-05,-9.357459964889409e-05,2.613838794930932e-13,1.089744149880676e-07,5.618720362831975e-06,-9.876063322430722e-06,-1.316806377793415e-12,-5.6872069063418445e-06,-0.00016123270595917423,-1.2244557118512297e-05,0.0006160140412244632,0.002515461860599238,4.764304503893247e-06,0.0023216641897744555,-0.0005864184969608357,-0.003370574227147049,-6.607330102909782e-11,6.406851033840718e-07,-4.5344974507665866e-05,2.0930354076842202e-05,0.00048752861323061677,-3.019585411097154e-09,-0.0034232667583073847,-0.00012129881434948725,-0.00022391003022659945,1.659624289991244e-07,-2.5071772557823918e-08,1.0958192080931514e-06,0.0028425492206184994,0.0009172010758077861,-0.2370906054105227,-0.27069605142878816,0.17359552957810828,-0.0005695753879600602,0.17466349798621494,-0.00022136145441743478,0.052124411812699695,-0.0002866943184996993,1.4679044241448251e-05,0.0757134434485763,-2.0872488331824735e-05,-0.015216733603119308,0.0001811061592427049,0.0213579733966596,0.05170444794982477,0.05041235653811179,-0.024584459092569892,0.03149755415020716,-0.046108988625741434,-0.0297831409931991,-0.04341846373680662,0.0005750048836144921,-0.014224348270702467,0.015248495044183377,-0.05536701547140053,-0.0098904176698872,0.10010196312656003,0.15501001772876938,-0.029261265083701537,-0.10857608449036288,-0.17645023881239214,-0.009061968693477562,-0.06306357743866337,0.0300300862706452,-0.04390466561766716,0.014018037053871552,1.2153814885701699e-14,0.137494431756372,-0.13937863187805716,0.1699142157116812,-0.08944202011650375,-0.020219120196115537,-0.10346147019414102,-0.2515434778836597,-0.18490182665257376,-0.053433041085045964,-0.012673117635154798,0.11734859489892659
49,4.614202243274784e-19,-3.827024910659363e-17,8.306445851366205e-19,0.4901852173077855,-0.04715362197346127,0.5073357014475702,-7.5842024309450294e-06,0.00014097749064790645,9.662519958369412e-09,-9.12457492304956e-06,-5.325745415550649e-07,3.7726915337823984e-08,9.231199196377885e-05,-4.073891009511636e-14,1.85248533001103e-14,-6.7979534828848585e-06,-0.00014226245481968554,-1.3500079903151005e-05,-9.833703477304968e-06,2.8342400155374706e-13,1.0993845342905851e-07,6.087186419328781e-06,1.5545197553910613e-07,-1.4822253706069373e-12,2.6978901192421683e-06,0.0001879161518863866,1.2090604242318706e-05,0.0009760200788842706,0.009516544523606221,-1.543248803042284e-05,-0.0009379847785715306,-0.0005916018005637974,-0.0025544978806040413,-5.468732182220518e-11,1.5596408137833447e-06,-1.7237368892613533e-05,-4.605454227110646e-05,-0.0007901580905144759,-2.2897203283201375e-09,0.005140248855329037,-0.00043486845983210125,5.96448408641361e-05,1.3443225418100625e-07,-4.509220933529886e-08,-9.375747992074831e-07,0.0023862079547305676,0.0020951107770739467,-0.24241057208485783,0.2289522983914276,-0.17771071317087483,-0.0006504746223448552,0.2049810349250928,-0.0006347352499905301,0.11339881427404985,0.00013729254769733718,2.545212567686261e-05,-0.014288329442761531,-4.5677118269549546e-05,0.008244557601241332,0.00010117326423049464,0.01688507420230329,-0.029776427537085422,-0.058242315668416464,-0.023896303604554935,0.02119809599193816,-0.024788287029620933,0.003367140188781268,-0.04057993341454774,-0.003028129840714176,0.0038941778464357418,0.0050937428127670065,-0.021641540623618727,0.02966669670965732,0.15467384661516248,0.09684760316789118,-0.026139753749567392,-0.2475454944552789,-0.14733945924664707,0.0030717544102669774,0.05102955908483613,-0.11428201186706635,0.11511302369370395,-0.009943039170065152,9.984263325765008e-15,0.0895946307973495,-0.010014119801043551,-0.05622077482952076,0.16776778124810904,0.01704427066976604,-0.17014923952486596,0.20224428805239578,0.19187061521100898,0.003606124493774944,-0.015526786184412686,0.012478520873517451
50,-2.8277639791015334e-22,2.3486736209900493e-20,3.8169676545955715e-22,-0.0003026475040870905,-0.0006155727192158329,0.00023566570570204175,0.00040650784162552477,-0.007345670314341533,-3.169038679225071e-10,-0.01552928408769361,-0.0008561067814622615,-1.0886633432616067e-09,-4.150272387559265e-06,2.8221065467904116e-15,-1.375006047026655e-15,-0.0003124415372216923,-0.006437384588544607,0.0003828714931473836,-1.2949627318536527e-05,-2.161628639756286e-14,3.626979155713053e-09,-4.621483946618659e-07,-0.0008891119694814184,-6.1556902386705754e-12,-2.8007801803412904e-06,1.1084723916001745e-05,0.000507221400709906,-0.03553369233203535,-0.6989011191832178,4.971948441102625e-06,0.33493843206859986,0.02369082328563182,0.06117133546583915,-8.648305995630305e-13,1.4485688276652414e-07,9.163608670605197e-06,-6.992175451215908e-07,0.0011162085762267753,1.0125745996453426e-10,-0.0033426430011223858,-0.00014778277074287212,4.095138996311506e-05,-1.1165808219531404e-08,5.992853277446204e-09,1.5789902216440764e-07,-0.0002137177985420865,-0.000187718226215541,0.026548902896448096,-0.07998165193128713,-0.06682164348422932,0.00010608863249917405,0.028458412761372818,-3.819177131559824e-05,0.03637350113634262,0.0006520580339286978,3.311565878071713e-06,-0.1127431511593481,1.2302545849876604e-05,-0.008337103545354524,-0.00017239793898483658,-0.14808647833037253,0.33812027759460156,-0.3129920067179581,-0.01683748654241126,0.006416197706881619,-0.0016224869109666817,0.022869006671800585,-0.0005729533821991203,-0.0002590340476481052,-0.02388972592091281,-0.012278288846194285,-0.004292835332615181,-0.0022033598136172957,0.03791437215882127,0.04126692919609953,0.011713036396816838,-0.10061433003236217,0.06778437638595572,-0.01124123011454137,-0.0022716037100144622,-0.029331991237317077,-0.04541101286176726,0.0018048738604282252,8.674707878893939e-15,0.0739915496650466,0.1674303108610512,-0.017557482423617286,-0.00041994074964746915,0.16035652095105232,0.15754292327591568,-0.05097821058736304,0.03528997071477154,-0.0592634200972758,-0.012208995995682526,0.13502644137182457
51,-3.9650220433551022e-22,3.320129202123456e-20,7.209926476304753e-22,-0.0004243122478636828,0.0003788145557922403,0.0004447069736827546,0.0005195742122012072,-0.00933373447249349,-3.589154453883714e-10,0.0083245842000939,0.0004643688752125091,-1.942675280881277e-09,-4.611475874321939e-06,3.277789167574055e-15,-1.5372199731429906e-15,-0.00048700322410797546,-0.009801865313787239,0.0004187561590901101,5.38764591055815e-06,-2.411080932245868e-14,-8.938405080952258e-09,-5.161134613378125e-07,0.0003723314806585122,6.809913269873321e-15,4.289501359663165e-07,9.356851201296507e-06,0.0004389584828240615,-0.0083768314611334,-0.01939718128116296,-1.953337312355e-07,-0.036715212057363146,0.007221650510158297,0.037503119264411626,3.332838537661796e-11,-4.5635695661859755e-07,9.757537168608856e-06,-1.210838710750739e-06,-0.007198141942644658,3.1160536402022005e-09,0.042297717668226924,-8.312964321339316e-06,0.0016805471000368884,-2.666880344241769e-07,9.39333072854116e-08,-1.8850488555251052e-06,-0.004920014602720496,-0.0009287877742437286,0.5338437162789452,0.30823940477223993,-0.10522784551331846,-9.484062200939648e-05,0.11584790541320872,-0.000770648346264505,0.12284251351210843,-0.001965207436528641,4.97810939823555e-05,0.4571007625714042,-7.98089805830639e-05,-0.25298287533742086,0.0003212559716020602,-0.31460706116850723,-0.18263022439182927,-0.17798215875176987,-0.021987782487976056,0.025309378913595162,-0.03622153801480388,-0.0233525316445568,0.01003234333020739,0.0006303961467116207,-0.013356072356085276,0.008653595374357304,0.0015304878583980266,-0.007634117972653321,0.05308602717550242,0.05472031927817421,-0.018527998077501547,-0.08319562782369987,-0.09924748777288894,0.007785437271120882,-0.00980384740357933,0.02007182479058962,-0.031515849309727076,0.030506838191732347,1.0836348949719641e-14,0.1226343937019666,-0.07772162209575777,0.09022638894399133,-0.05375231303455261,-0.01433445068534116,-0.10989057569853417,-0.13423856326357325,-0.1758952859932343,-0.029695850767321622,-0.018091476955423593,0.12131554607655282
52,-4.678216383862894e-22,3.908748122876976e-20,-8.41932735587121e-22,-0.0005006580801775396,4.815415588032049e-05,-0.0005179953857640469,0.0006129145180887034,-0.011018734878317952,-4.2534693470231505e-10,0.001052625877190972,6.0359844495121954e-05,-2.0456617668280378e-09,-5.385546006751608e-06,3.6005049241974326e-15,-1.6956125811503405e-15,0.0005643321426493439,0.01139595358512379,0.0004937229053191087,5.066283935922319e-07,-2.6719891939466205e-14,-8.444087875454273e-09,-5.731348396099145e-07,4.05763153785743e-05,-2.0420323253093532e-13,-3.3193136959115835e-07,-1.0703810677056331e-05,-0.0005077547199853205,-0.010656451981818006,-0.04642475531188039,1.7806073109000267e-06,-0.03004540943535206,0.002474544716650991,0.010978417055477863,3.168789028397612e-11,-6.958384481219137e-07,5.0708545636526936e-06,7.3853061901148755e-06,0.009242427341517126,2.9306825632580075e-09,-0.05237588159331051,0.0039746412721588225,-0.0008738822670479184,-2.5891147433145175e-07,1.0659611903233876e-07,-3.9903826510937854e-07,-0.0048275809594344994,-0.006837694386515879,0.5488116251560674,-0.24692303597719562,0.18924171376754842,0.0005048485678106445,0.09222429955724792,-0.0006325099832504089,0.24835494905730734,0.00037202525687118985,6.412221733496927e-05,-0.08495982299646264,-0.00011715966684182442,0.5564291755933343,-0.00045083003659139055,0.0039881445678342856,0.06137177316829824,0.26335400154071764,-0.013413657288463702,0.0118770481943262,-0.013249683732648723,0.003435304188748846,-0.004986071499354903,-0.0023242081596343113,0.007195502983692276,0.004072579702006685,-0.008630508714750539,0.019835652956606376,0.09113219181216478,0.06848083469901682,-0.013460851137069121,-0.11844879706768731,-0.07257768730424174,0.009238511887545002,0.006680449209918935,-0.09659893021005737,0.046702261788686326,-0.021238902843287256,9.691564146076818e-15,0.08646611250588285,-0.010145235119963387,-0.038079629273558305,0.06713806995217851,0.023333249924728287,-0.1672504262970775,0.11050138783595985,0.18524666313510393,0.012691282364205638,-0.020060142404013638,0.024750669426441937
53,2.455791480958452e-25,-2.055559521482595e-23,-3.3199132746888505e-25,2.6481503326890887e-07,5.390288517253748e-07,-2.069036258230598e-07,-0.016686344185764174,0.290930532448562,-3.716219909278283e-12,0.5922373025463669,0.0339241346491071,1.9112655523356107e-12,1.006724897375355e-08,1.3604387435657266e-16,8.573799878063877e-17,0.011536439146991172,0.22615505677884545,-0.006140959812782567,1.0049002797709737e-07,1.3018024701872654e-15,4.0630642479614856e-11,1.65499812788531e-08,0.01252316557152763,1.4572363804876586e-12,1.3796012693767247e-07,-2.6492339130998164e-07,-0.004843105168113608,0.0432091610877928,0.1306271339269574,3.209732229312527e-07,0.1396890218316095,0.08160016900051256,0.381075162386014,-9.973045671978313e-13,9.587644054667872e-08,3.4764858895075714e-06,-6.622562149551839e-08,0.028101064502778703,-1.1219608811905008e-10,-0.1462111916757112,0.002118439281564263,0.0046471814676125114,1.2642532768051338e-08,-6.3618451186079155e-09,4.336238103019846e-08,0.00024274955096531412,-0.0015956433156838728,-0.030045431847465377,0.03359795164375767,-0.004636172181051638,0.00022652550552201912,-0.07825981997545331,0.00027117472262634993,-0.06961154059484255,-0.0012341388554921635,-2.2625579732771826e-05,0.2884524479784294,4.375214045386014e-05,0.1878643902092733,-6.180704372019415e-06,0.24436441783853613,0.055874336507098804,-0.14093234720154676,-0.00210009949809823,-6.407657514760936e-05,0.0009857930278389178,0.001747451617944979,0.030511379821604505,6.774696631431508e-05,-0.0014998551686038269,0.0021897416828367375,-0.05043201798438631,-0.0005874820495112507,-0.013223621787176345,-0.02658367446714076,-0.001506372483898382,0.016987330068887252,-0.01312524582813693,-0.029141308713352507,0.018615805897864084,-0.03054114518671047,0.0757271596082429,0.0038494621952898005,8.838441912359912e-15,0.0704328679339869,-0.06733587300685806,0.022002363905035544,-0.029903277067623933,0.13611584179005878,0.13962337946415398,0.023204565550293522,0.04430738627631371,0.03662349377134131,-0.01820070904093643,0.13844996128359502
54,3.44602646527913e-25,-2.9070512457804925e-23,-6.256187879652681e-25,3.71559595731136e-07,-3.316330769121394e-07,-3.892960994294477e-07,-0.023559036893658715,0.4095787873944443,-9.427471835316285e-13,-0.36538429865841215,-0.021042092923884034,-6.168739722184004e-12,1.9804605549473867e-08,-1.14335566654445e-16,2.35637285138867e-16,0.022143575892266884,0.43025161833690445,-0.008676869511869361,-3.745454282444784e-08,2.2451525399446095e-15,2.605726846730331e-10,2.0609906345582174e-08,-0.007733536545178965,1.2283386525772074e-12,1.0912704047301623e-08,-9.627111933707925e-08,-0.009095875374060237,0.06151254337693246,0.09681559754785383,1.3458629259347788e-06,0.2508309256366227,-0.051933107204306474,-0.23223099404790584,-1.2037948323506e-12,1.5585680211147434e-07,-1.8160208993825177e-06,6.408534586649897e-07,0.056259209597798364,-3.10684491425562e-10,-0.27800323633735685,0.0076186558190878655,-0.0068088157402776,3.717536149138123e-08,-1.762422522986886e-08,3.6136379469849e-07,0.0007132259611861011,-0.006377967385727004,-0.08706867639017332,-0.038523040903143436,-0.013918946568620558,0.001001273289194736,-0.19805671645938075,-5.208846062439997e-05,0.0651394599337621,0.0002378993287533259,3.967348633753531e-05,-0.05714648405867069,-7.495119252918646e-05,0.18059882811998804,-0.00031482217185502324,-0.16679774144405216,-0.2471138843592776,-0.1783179034989353,-0.003011954008062819,0.0014979075927529697,-0.0013472815647868927,-0.0008065072753159332,0.06674510963068507,6.263165539082278e-05,-0.003385753327866424,-0.0028228579474823944,0.06754190925089741,0.00020021579386457998,-0.015341091663543601,-0.07908262543481652,-0.0010017267145371917,-0.03248534605410561,0.015180085630381613,0.027260547190443494,0.054854708767733185,0.008357501777650695,-0.009332105209459532,0.04770076416443426,9.376467911794774e-15,0.10325735902083595,0.013211130780965365,-0.025946668223449,0.0013345410423199128,-0.007281354212770278,-0.11429099365368253,0.03709695854507582,-0.1580027800586897,0.006710851338810988,-0.023623462534986334,0.12141665518655949
55,4.066857614104875e-25,-3.423531731854719e-23,7.314110208170798e-25,4.3851405574334835e-07,-4.179712679472552e-08,4.5316060542407635e-07,-0.027778268638738293,0.48342391726996764,-4.401247886249833e-12,-0.047074261776702854,-0.0027548431453213646,2.521026925700952e-11,6.45109685014332e-08,2.5728367325595114e-17,-1.028030948486344e-16,-0.025720003525681316,-0.5009396620887983,-0.010188370405467157,4.1146546623763114e-08,-6.412267020027022e-17,2.2323675230141216e-10,2.5403895461241336e-08,-0.0009398422335052481,1.6343299203986424e-12,6.42746785426174e-08,-3.446462695855302e-08,0.010647020164673613,0.07156384077873361,0.13358201187252086,1.3152561402284641e-06,0.28423787846791126,-0.005245572897065533,-0.02625291140650477,-8.257940520178534e-13,-1.638314192264755e-07,5.65245046415133e-07,-1.861996797285206e-07,-0.06633794173675715,-3.1319686625626345e-10,0.3225637752245428,-0.02035879627428786,0.004693158730580805,3.7190658561999964e-08,-1.824398766144336e-08,2.6967597469388454e-07,0.0007182429285612175,0.009562480651985651,-0.08849096158715987,0.021057300046825097,-0.04171371953268047,0.0006621275877345977,-0.1770354567965457,0.00034303004291093276,-0.06540435076419439,-0.0006492438399562573,3.075216992414782e-05,0.15787412052567898,-4.47413037722538e-05,0.055252495493631815,-0.00020719212382924517,-0.2451088809901239,0.17797815550464105,0.21230934923896697,0.0012024291300312346,-0.0018636323055960244,0.003178404232716325,0.0021742053535893945,0.04189425659376922,-0.0001918346637294782,0.0012355970271059008,-0.00016007519876925515,0.010676681112553727,-0.0011188978581487161,-0.01016118253765161,0.019173006908466,0.005715666286615631,0.058753203583648515,0.0363933627459571,0.015430139993848247,-0.047156657837893017,-0.07520855846583402,-0.04592867274848562,-0.03277661511606248,8.907633887681249e-15,0.08201797532862626,0.0006577604099769479,-0.004614541659184896,-0.0671741711882915,0.030873392562076562,-0.1565119968676524,-0.029453435653917438,0.1705365073139977,0.014943787386730885,-0.024704089845908776,0.04033692064392809
56,-6.051531181354383e-28,5.103921308386396e-26,8.195749797198917e-28,-6.573806316729875e-10,-1.338984668721471e-09,5.160523768565889e-10,0.017452952561525358,-0.019525037281743953,4.0300973817615524e-13,-0.03974693939033849,-0.03638670451907851,-7.206509433922582e-13,-2.7339063058034746e-09,-1.6583593762869794e-17,-2.876199457821885e-17,-0.014182049028927638,-0.015266494916114948,0.0009914027183981478,-1.8257240682359485e-08,-2.5899203638665933e-16,-1.8313200181775022e-11,-4.799458658089838e-09,-0.002031366728013421,-8.89782195576621e-13,-4.915247456099929e-08,7.744711825434517e-08,0.0007927509143199588,-0.0803509377425018,-0.07481683565903716,-3.945464903570423e-07,-0.1118672109312138,-0.17511336890694326,-0.2821166348144511,-2.2034061962702024e-13,-7.220719049389658e-08,-3.0778187009498946e-06,-4.591189822748599e-09,-0.1140454646758922,-6.500701063355903e-11,0.11996135864364804,0.31601551432210157,-0.6877914887957037,2.4615207564772877e-09,-3.7087735554837125e-09,1.6275340703422605e-08,0.00010910443419719995,0.2572039230959412,-0.016617067910896385,0.024775729839318493,0.0023809446219183188,0.0001141581345021847,-0.04674137543850489,0.00017542867918590076,-0.04702334920874428,-0.0007717659994648021,-1.3572943248975083e-05,0.177691742257896,2.4907726289661548e-05,0.11207343449924732,6.11817715026016e-06,0.15389406979624065,0.0064671866105709816,-0.06034992977197482,-0.00022018579944427786,0.00040663152186426536,-0.0010696984379347974,-0.0016281741884403306,-0.05967194260861555,0.00023788542470422352,0.0032309626774572908,-0.003586531510586894,0.10223152849485267,-0.0017084472091800772,-0.014055742449305431,0.008714062231438665,-0.0032890257158419774,0.06902104945383203,-0.02866864981901371,-0.03261401018656301,0.023212454644155556,-0.031205362986306235,0.0997540626360089,0.004548196649747621,9.147300445476807e-15,0.07146009127354173,-0.11540600670180681,0.02836854649443609,-0.0347518136255042,0.13476804478449464,0.13906694905875536,0.040108500117246454,0.04583450233448244,0.05663869546065844,-0.01961053798692312,0.14204827463544126
57,-8.496632897341407e-28,7.220157064299849e-26,1.5393764358909418e-27,-9.229256634491694e-10,8.232957212188188e-10,9.669392312447572e-10,0.025153824062478947,-0.02745762967565708,2.007369017180301e-13,0.024556393628667475,0.02182417717188082,-1.7213303294966264e-13,-4.726266610476474e-09,2.0795370439247827e-17,-5.798102735217536e-17,-0.0242386577906406,-0.029117808961983984,0.0014018404881987602,3.4640493613289983e-09,-4.136933460893258e-16,-6.367358749993753e-11,-6.2367149832996924e-09,0.0012513804135498956,-8.276425182986387e-13,-1.423965292847214e-08,3.3878790833565396e-08,0.0014702980521147625,-0.13175480430944655,-0.06194556628149825,-1.0320210187964691e-06,-0.1805374355384636,0.11115902107926508,0.16498308222148766,-3.3296852425562035e-12,-5.265353549192308e-08,7.589827255820643e-07,-5.590454565136742e-07,-0.18575598815268315,-4.0705175640600435e-10,0.2029768320159384,0.4472602351191989,0.41303387760497506,2.8796855993184452e-08,-1.5051775447801903e-08,3.1390429110157013e-07,0.000653004386696083,0.49527371356837524,-0.07934231608496536,-0.03992126036699264,0.0046885372184356676,5.8160983844553554e-05,-0.05617131424850067,0.0005140401362541734,-0.10500094058444975,0.0003413436879257852,2.8696464074653886e-05,-0.0783962772256739,-5.436618558911037e-05,0.17872933976462574,-0.00032522615430440255,-0.12479238822505219,-0.16595172310756037,-0.11440378417853134,-0.0013289990928517282,0.0008169349675240802,-0.001088334599862769,-0.0009097564221128435,-0.013016357735997007,0.0001667808316558523,0.0005041050205392682,-2.206657160857292e-05,-0.01808546214343106,-0.001185936483251407,-0.019491209268081473,-0.0034262523550737814,0.00864696650572738,0.050582560719829826,0.056136505135266954,0.032075620873314135,0.0707166193513492,0.006965994652971074,-0.0034796640372979737,0.05287267517416614,9.566090087884737e-15,0.10264651224906349,0.0413477040083155,-0.05825420652932987,0.015505504264413692,-0.006088335079162885,-0.11751841164505555,0.08278441341657618,-0.16078101595833996,0.017655724539293344,-0.025382447943843253,0.12550460544110906
58,-1.0028188743634455e-27,8.504296504224355e-26,-1.802986068951578e-27,-1.0893136260990351e-09,1.0288267510960421e-10,-1.1239204545638806e-09,0.02937352711022946,-0.03243220848325649,4.692553371702316e-13,0.0032379204727886837,0.0019294695409843622,-2.6143116365451045e-12,-8.652465065733403e-09,5.853254659778581e-17,2.97670176034724e-17,0.03114085291229434,0.03379856781358952,0.0016485889308430826,-8.228503869712156e-09,-2.521463163420183e-16,-6.07474973555425e-11,-7.554934306442342e-09,0.00015560710828389725,-1.1084802836615066e-12,-3.2947890333465506e-08,3.6409625253085374e-08,-0.0017306093510208943,-0.14187930708873112,-0.08628157669463238,-1.0786509909433902e-06,-0.20956331906654668,0.002559602376656535,0.02085784649854233,-3.740003963644789e-12,1.9278226330609713e-07,-9.208098643481741e-07,-1.7619189732872503e-07,0.06972247674140429,-4.0696448429765597e-10,-0.22265768156479993,0.5788708910610716,0.05346257841813709,5.3404342479681305e-08,-1.957483474878678e-08,1.8616651758719182e-07,0.0008791079122815661,-0.5761661573429147,-0.0984492363022103,0.031169702063930407,-0.03968837212488515,0.0004231172783610698,-0.12096451768158926,0.0001993363797981524,-0.0424063508891525,-0.00041905070653798705,1.3283609286535043e-05,0.10111032712582815,-1.75911354457738e-05,-0.009150929663619857,-8.364537012901263e-05,-0.14254628497229693,0.09904936859022272,0.10508142660652887,0.0011044304375479356,-0.00016459498625249428,-0.0005644558922104401,-0.0014521521591943309,-0.09014841458339362,0.0003758251449353134,0.004362303946184236,-0.00023022952455626025,-0.02036131966738711,-0.0027979451797114576,-0.0524136910097155,-0.10314671582600428,0.0057068867325024515,0.033504011084998675,0.049715507261686165,0.01643480905635051,-0.05940899432288665,-0.07369124568688584,-0.06546734475488486,-0.03614575977138206,8.686228868748614e-15,0.08272631374916191,-0.0013626493563396915,0.007300953877551881,-0.09603901078331584,0.032761285166433146,-0.15802293587839858,-0.06435477854686708,0.17356599016070348,0.012879430815852572,-0.025862760500662746,0.04289130445961581
59,-4.441970338767537e-27,3.7469024138135585e-25,6.015078306658905e-27,-4.825956487139173e-09,-9.829089240232479e-09,3.788264278952387e-09,0.015848668954503497,-0.2958852721957622,1.630880147223804e-11,-0.6014855039747112,-0.03211011776290008,5.815762481433425e-11,2.1138391833491635e-07,-5.725904611148433e-16,-2.119525002562388e-16,-0.01077998151889548,-0.22913975917719265,-0.0006716544564710171,6.422318028319642e-07,9.991562223024741e-16,-1.3508404116002808e-10,3.040765610753447e-08,0.0014265686843199239,1.4674307278897348e-12,2.1379898925906435e-07,-6.548351526107584e-07,-0.000580349700688618,0.0438501598936486,0.13614964036905922,1.2029069723905677e-07,0.11093101455763667,0.08209811669935481,0.3305190539242262,-8.705707294555849e-13,8.041902617135384e-08,2.7391492601859073e-06,-3.655390188772183e-08,0.03562657988737633,-1.1456211442587622e-10,-0.12914685151617386,-0.04309462642547746,0.09990270944810327,1.3769640300275487e-08,-6.648033058945161e-09,3.9803885456837145e-08,0.0002562221316554774,-0.036949005955208704,-0.03138337208808633,0.03660571164624011,-0.00276456788935536,0.00023091252384844406,-0.08120905263545691,0.0002777118567037741,-0.07199447892926207,-0.001285342982162857,-2.339881249347751e-05,0.2993068639034251,4.4712681132648407e-05,0.19308276394923965,-1.1028690512223948e-06,0.25553899719639045,0.047894221501238995,-0.1360755514393519,-0.0015717183831884625,-0.00044661981710169624,0.0013786307937300013,0.001160391244382169,0.04377329835135869,5.791389788262631e-05,-0.001040836636064175,0.0036400868749363637,-0.07282009213087387,-0.00034621387041301776,-0.015362202715911415,-0.03428904049961356,-0.0018710268880433284,0.015251175511093352,-0.014705933948868764,-0.029450130047692178,0.01894713807795632,-0.03041971381217681,0.07780561861641577,0.003875027763349755,8.915709032247931e-15,0.07004277221412795,-0.0712734138809191,0.022855032797981078,-0.030423700781845822,0.13521519604209836,0.1390682433612086,0.024256461310071878,0.04430573343088203,0.03813749599001591,-0.018236018030091544,0.13803536890503823
60,-6.236622246457404e-27,5.300350727122465e-25,1.129816012881715e-26,-6.775252677497538e-09,6.043544920090639e-09,7.098136445378066e-09,0.02234044050738011,-0.4163531865503233,1.5907006775299156e-11,0.3712305533808233,0.02000149040495956,1.0640874335890542e-10,2.402607836745177e-07,-2.193497299789527e-16,-6.443771526501355e-17,-0.021030718055249354,-0.437073993716955,-0.0009372807814541975,-2.5017651722541617e-07,3.1546979768367484e-16,5.287485474232149e-10,3.5603428486473966e-08,-0.0008402086318489772,1.0669637734968639e-12,-4.0422625193618605e-09,-4.901003109807605e-07,-0.000998308703033081,0.06274596823877292,0.08458454152580608,1.181358639493344e-06,0.21945835514879627,-0.052913707897125274,-0.2031806952407552,-2.274254575499289e-12,1.518222108504877e-07,-1.897596143277301e-06,5.958983637767525e-07,0.0661121825157141,-4.1140044431274295e-10,-0.2434477381364405,-0.05748744605166914,-0.06324740783321067,4.74742043966884e-08,-2.0965937435169487e-08,4.29670076610138e-07,0.0008889317223874017,-0.07444698882435388,-0.10579860839672682,-0.049146274309164725,-0.011654797750726227,0.001085741544668731,-0.21356484185697155,-8.198729078162676e-05,0.0772284631021999,0.00029248005711321343,3.8389703806424213e-05,-0.07009556139356542,-7.30087739498593e-05,0.1868496508902486,-0.00032014658101406444,-0.15740411529231949,-0.24498104399896867,-0.17574578186453185,-0.0022052365254083676,0.0003824408777599571,0.0003601750444983431,0.0003296118411369692,0.0788564829764938,1.825498400130372e-05,-0.0033514014858831297,-0.0036951934735924225,0.08109898429809778,0.0007603929219004985,-0.01781427421567626,-0.09459522512287896,-0.0014646035457394752,-0.04085515451806825,0.014893012531536017,0.027404019355086073,0.05546963972517422,0.008047438187041995,-0.009059454804148857,0.047676558414427306,9.214865678336515e-15,0.10235080770739823,0.013527438454473963,-0.026799646437797683,0.0019184483064325368,-0.0071054591992326804,-0.11379540267665096,0.03861948222988887,-0.156640812543027,0.006897001909581831,-0.023586191393965783,0.12070313384905257
61,-7.36073147511001e-27,6.242992919157278e-25,-1.323280752553227e-26,-7.996639558491784e-09,7.548054697690936e-10,-8.249542096899933e-09,0.026347144067089264,-0.49129750814668893,2.2432919835461936e-11,0.04744047522854487,0.0026716028548830397,8.462761770071749e-11,2.459104495066213e-07,-5.166741565441072e-16,4.236840240130821e-16,0.02401623975604398,0.5081469398590782,-0.0011511855396842145,-1.7406886924313856e-08,2.981520692950898e-15,5.12903714695231e-10,4.053256439768924e-08,-0.0001273907657420109,1.423810865706109e-12,6.431359589340552e-08,4.4402702624724823e-07,0.001208415633788183,0.07188009234015529,0.11700676427472359,1.0945233093190951e-06,0.24924011480616465,-0.004629187380903184,-0.02403523734619921,-1.8720243112463807e-12,-1.1889650619914919e-07,3.202822647313927e-07,-4.008113592671664e-07,-0.05764657075335069,-4.0791852920176e-10,0.28117673047501685,-0.09647844021210555,-0.003402711643699219,4.4019641038285864e-08,-2.1692618081750642e-08,2.859063235697232e-07,0.0008638819301142607,0.08927811114822747,-0.10594729115715441,0.028939915124314815,-0.04823209029690823,0.000657678099346706,-0.18316549625140494,0.0003752574557616731,-0.07568096250220234,-0.0006755935504735447,2.9831819611335164e-05,0.1641706588021833,-4.2744448126846906e-05,0.041378211096150856,-0.00020106655598118155,-0.25233065699167434,0.1812912092389249,0.21137193031539042,0.001835355687867855,-0.0026842938090546786,0.0043759563487047294,0.0025507686959769468,0.06182677807792892,-0.0001629949402552657,0.0004613812111932585,-0.0003621921551270871,0.015956665613442365,-0.0018722694244282518,-0.009077392604931187,0.0331319857872132,0.0065548021698584305,0.06978900329905639,0.03938543780039245,0.015590992581724384,-0.04785304101241089,-0.07447423047364769,-0.047450928282428924,-0.032810662931161916,8.657198401294709e-15,0.08167238271063577,0.0014791383163089073,-0.004680659864502587,-0.06914930167609033,0.030785897725278098,-0.1560107637719365,-0.031057475895898995,0.16941601300061912,0.015211950462446493,-0.024726474641918194,0.040520530610876605
62,1.1487739973147162e-30,-9.764426354862268e-29,-1.559193064367337e-30,1.2573559597053805e-12,2.562601754787797e-12,-9.941979657439402e-13,-0.3173620802000351,-0.017730901779532415,3.864778581159202e-14,-0.03705440870433327,0.6614239782828757,1.663347418591513e-13,1.627342951159765e-10,4.029859329335818e-16,-9.850248103717501e-17,0.26006031993606576,-0.01301544093443433,5.870518165161162e-06,-1.4801624534405178e-12,-2.0705843091023956e-17,1.1476954592482115e-12,1.9622084063139628e-10,-2.1365612636074323e-05,-1.15768765483337e-13,3.851703676508904e-09,-3.8758148190323604e-09,6.4994373147041914e-06,0.11055806004873103,-0.011453098119431772,-1.0062447384000448e-07,-0.018377194554320624,0.25196101535287685,-0.04832655731733324,1.359656417040564e-13,-1.0052574615427555e-08,-3.742722345017097e-07,4.791006128765556e-08,0.11341323758619634,2.5152204323364024e-11,0.01955329127213101,-0.0070917290816539654,0.04427967801714022,-2.8672910153263463e-09,1.6887492991652833e-09,-1.687788556876512e-08,-5.942269849925777e-05,-0.014965752758092653,0.007753370262116874,-0.009190451857317015,0.0024463565016624375,-9.016701484547329e-05,0.027999088548616415,-0.00010223303016049264,0.024622905638903653,0.0004399797485521996,7.3548084960996015e-06,-0.10451506762404966,-1.5629421014226265e-05,-0.07673039529146027,1.70734130865251e-05,-0.0819604326347247,-0.053229896616942315,0.07807204277620575,0.002397239826600089,0.0009053177073661665,-0.0035169553766646934,-0.005736850266457941,-0.16750401514574448,0.00042179142948015606,0.008932921218204966,-0.01058981694292314,0.287065490087677,-0.002964440362265276,-0.013397010641117198,0.054360866888168956,-0.005392056787364189,0.13007536151308013,-0.04739711065003938,-0.037342913493635915,0.029554069511668456,-0.031502455263924124,0.12896761898503267,0.00589948138771079,9.715206233848466e-15,0.07280178246023768,-0.1707254095416245,0.03556188838494044,-0.03885317063590596,0.13630730396549678,0.14473708864532023,0.06074424033519055,0.04602047364772561,0.07954453493567154,-0.021086556600303258,0.1483828426177736
63,1.6136662240923027e-30,-1.381490250549714e-28,-2.9150672814369788e-30,1.7660906353748995e-12,-1.5740551602182383e-12,-1.851483021404201e-12,-0.46177567099477557,-0.026022050562601262,1.2920216094332994e-14,0.022638372326135144,-0.40245947988311387,3.427394424220351e-13,2.8712911692824477e-10,4.800954346078856e-16,3.4707280519064074e-16,0.458225071795903,-0.02288723664745129,-4.66755693727754e-06,2.5913693360750233e-10,6.514048207689792e-16,2.401389766394101e-12,3.6360318633276254e-10,4.275489343382701e-07,-3.298593698846897e-13,3.9549686611146965e-09,-4.0404405156337325e-09,-4.29487032468402e-06,0.21933924967681465,-0.03175941031753862,-1.0612895561364741e-07,-0.03724748081979168,-0.1820802213286791,0.038874666256900996,3.822706139325741e-13,-2.2114597565532652e-08,3.007302248339652e-07,-8.184976962732161e-09,0.20497936684200055,9.080567525745111e-11,0.03949768895637618,-0.0031144952553356785,-0.027614486301531842,-1.0618237195967522e-08,5.773368363083232e-09,-1.455635352915738e-07,-0.00021588484422162916,-0.04061531231281875,0.027583568714178337,0.018601821127372714,0.011659455261298872,-0.0011435215578498208,0.16362512864626777,0.0007926100375905546,-0.2323993103752084,8.04045832726303e-05,-3.046765831457023e-06,-0.015325762258539925,6.333358913963724e-06,0.02701616848949828,-8.158226439421783e-05,-0.004542132595934652,0.04200144072314951,0.03454186215112199,0.0014643571170205821,-0.00035585801985908526,-0.0004494186684634936,-0.0008760166484755003,-0.12037649694122779,0.00028512249799174003,0.005752940642375765,0.0037086266131495823,-0.12949443008216152,-0.002918884688176904,-0.0236256881636619,0.09438164108996702,0.020507331699073497,0.1545800707962021,0.10541905530610884,0.03760815058812373,0.08960394499209962,0.0061555695069224516,0.003859855175903889,0.05938630071766202,9.21638068908501e-15,0.10257828463291152,0.07490459769446146,-0.0965747129487147,0.03262425794302191,-0.004982203536541418,-0.12091637138711937,0.1370867912429764,-0.16692389230304902,0.030749971821012474,-0.027411480959495433,0.13118183375436465
64,1.9045325722186653e-30,-1.6273289997017404e-28,3.424634087738434e-30,2.084468675033806e-12,-1.947244316119794e-13,2.1448923410323753e-12,-0.5352146570815391,-0.0300436906826006,-3.5911800091343616e-16,0.0018989466569460448,-0.035219911205924624,-4.519065418320835e-13,-4.5479023631844333e-10,-6.302788103222767e-16,-9.091383749914976e-16,-0.5645163727110865,0.02828722991372072,2.789284881562843e-05,7.669560183822504e-11,-3.3023433017285757e-16,1.815918253688756e-12,3.036398852801808e-10,4.446409916314059e-06,-2.6362577629316945e-13,4.4021682901143564e-09,-4.604584211287546e-09,-1.814676573994113e-05,0.19280213772191251,-0.025539629395940445,-1.129186366706129e-07,-0.0318877219360689,0.013569636799383188,-0.0035730515554836966,3.94734645378651e-13,1.2522835077468693e-08,-8.432058746837778e-09,-1.3895149429627122e-08,-0.21588769444233488,8.275163039452526e-11,-0.042726565431297055,-0.06739526509740346,-0.0054908536564325285,-1.0689621194872173e-08,5.08037173165867e-09,-8.203311830089929e-08,-0.00019866795798812362,0.033017717026674484,0.024372510771819855,-0.004495695978624404,0.0131321129645546,-0.0003334884923537994,0.07177040157838528,-3.8822164864156244e-05,-0.0017617249773839092,0.0002677626423921249,-1.5144871742451404e-05,-0.06505259381928273,2.3059305287664886e-05,-0.038914153036498283,8.220664932596147e-05,0.09161631761010537,-0.07922638392610516,-0.10022242622378424,0.0004721285890629919,0.002213054637061437,-0.005474033052256977,-0.0059747493718626775,-0.2448906686512773,0.0010620491338708274,0.007638916878112044,-0.0003218471129424091,-0.05747299091095454,-0.0046536806585616925,-0.10191112962548031,-0.2521404786740159,0.005311070254620675,-0.0024499396334434014,0.06414935099450052,0.018238761491192624,-0.07485454182638551,-0.07364916204549193,-0.09006630864406757,-0.04095004396209795,8.656673800283094e-15,0.08410785743600196,-0.002379046988081202,0.021409874778922016,-0.12930857667047505,0.033311574343847426,-0.16561358872424994,-0.10648325355483575,0.18117502078851805,0.009151024585852286,-0.027273000466485647,0.04371360161534315
65,-6.660493305640887e-33,5.704559657580895e-31,9.063346866740379e-33,-7.344037906944455e-15,-1.4976962539671917e-14,5.8718369527274165e-15,0.05301494450700866,0.0030749644260873715,-8.725992621653238e-15,0.0064227772590988,-0.11052349944913514,-2.5589679245434304e-14,-2.5604731507327594e-11,-6.118042649825946e-17,3.058586771302465e-17,-0.04330643643058857,0.002254230973749921,-3.4305010732148016e-06,-1.1667807169894183e-11,2.0791102001960793e-17,-8.60661388193748e-13,-1.6401122624587192e-10,8.950670485563013e-06,4.723292470492585e-13,-4.983404941326406e-09,4.220459693398758e-09,-1.0457178229324019e-06,-0.27017555807798577,0.043517878539267724,3.746855775681055e-07,0.07375457284564162,-0.6222705673931159,0.18856767154665424,1.1757612556937749e-13,3.8949859789345695e-08,1.7419820167915489e-06,-1.1048894345730725e-07,-0.2604803801588623,3.791988568617383e-11,-0.07985464566806152,-0.13001066288683114,0.1964405389849538,-3.216120372817837e-09,2.442215728251593e-09,-2.3758767477321846e-08,-8.064112896676579e-05,-0.07508483994525714,0.011120028591313702,-0.013109966284752495,0.002338243176044587,-0.00013920003648961729,0.04062809680623438,-0.00011792998010240924,0.028233310286896067,0.0005936365090760829,1.0142060057852616e-05,-0.14010108509091204,-2.0940622859263477e-05,-0.09880806379554244,1.466948833359892e-05,-0.11284524342424973,-0.0601796299883609,0.09433748136099684,0.0026910378206205167,0.000958403861453119,-0.003782943280619634,-0.006187166552256363,-0.17907477192076893,0.00044073642851681004,0.00955048056895523,-0.011366675008351462,0.3075958782258307,-0.0030958330821288737,-0.01323355667477693,0.059439737056944476,-0.005634617153279437,0.13660292281308498,-0.04950598946086396,-0.037848114800084744,0.03022141031349402,-0.03148988985472686,0.13208746821441164,0.0060414996010582514,9.699771622773408e-15,0.07285333198154252,-0.1766927994110285,0.036355056776969985,-0.039232496794136644,0.13637988372115528,0.14534480967742341,0.06293575287431069,0.04598163022679076,0.08196954230479435,-0.02121591215685272,0.1489300890858995
66,-9.35906819287583e-33,8.071107389349281e-31,1.683867478643735e-32,-1.0319110204964907e-14,9.185980426652533e-15,1.0840215548829034e-14,0.07645414714103836,0.004462472694334257,-3.0446907060292426e-15,-0.0038532098275536122,0.06612448082444158,-5.705968267525049e-14,-4.416700421389821e-11,-1.0877884162485932e-16,-6.34747749719145e-17,-0.07360608185698427,0.003818939941431307,-1.351084078109489e-06,-1.2511511588468932e-10,-1.2538766253860432e-16,-1.5800199068880722e-12,-2.7589630825158855e-10,-4.6314882493249406e-07,8.986458788752304e-13,-5.746131543017772e-09,4.885983942699082e-09,8.79731455945228e-06,-0.45175107500714673,0.0824550383913846,4.6473649523261315e-07,0.1207356683546206,0.35623661653988625,-0.11611023210725052,1.226112842194527e-12,3.568604755089186e-08,-6.880098324103711e-07,1.6349785592996552e-07,-0.33107808970093144,2.0005331844366113e-10,-0.11778237209684544,-0.19859816101864586,-0.13678329213400656,-1.9140904305510234e-08,1.0499818636921187e-08,-2.578606779995256e-07,-0.0004074660882407896,-0.16986780215072975,0.05151482498779263,0.03386048357139287,0.016072441208447644,-0.001750471264406382,0.25239585885778265,0.0012021789048846964,-0.3539043142226597,8.482532216528145e-05,-2.3826610298082537e-06,-0.014465375281325459,5.7787934012392e-06,0.04048574044617423,-0.00012466141653128757,-0.01778789719411908,0.05564410487045659,0.046612673875652294,0.0016552291894870203,-0.0004655203320808476,-0.0003448744926911455,-0.0008209039139998313,-0.12618029361733368,0.0002865460518691823,0.00609535537232756,0.0039768850473357,-0.13716551855977543,-0.003030658189252602,-0.02350629227488359,0.10293101014009876,0.021398017744041823,0.16266734930111929,0.10901276892352847,0.03801399817224195,0.09111125145509157,0.006039770855530183,0.004585236062217879,0.05988248763924177,9.124061491227388e-15,0.1025867478461687,0.0774124990284167,-0.0995697859131449,0.03411478697592173,-0.004852738528201628,-0.12115365810079307,0.1414912987601739,-0.1672773211693441,0.03178551755979038,-0.027568684011122297,0.13162113052187438
67,-1.1045711278900319e-32,9.507880222155632e-31,-1.9879542035238425e-32,-1.2178927403455745e-14,1.1231228940306241e-15,-1.2474601260979578e-14,0.08921180568329536,0.005194227687522677,-2.4061761095725607e-15,-0.00031204758144438843,0.005517077665400544,8.78563613665518e-14,1.0118669111199943e-10,9.360858463656836e-17,1.1102831065893838e-16,0.09535354842500672,-0.004982738422642869,-8.332377450796729e-06,-7.383039234054899e-11,2.3778189517107897e-17,-1.514331827773831e-12,-2.7889104542748514e-10,1.998251039930349e-08,9.334614649156016e-13,-6.83639861083882e-09,5.841912014803261e-09,1.4384280302015336e-05,-0.48211089465255536,0.08565079013870419,5.495600618026426e-07,0.13068586266805104,-0.031047688330064348,0.004687642396495668,1.0668188585033965e-12,-9.265318577331656e-08,3.246560979199066e-07,1.2759781514749363e-07,0.5649876895640502,1.3985229036852484e-10,0.15640689580807796,-0.08280130627389726,-0.007930017759320661,-1.919463303880881e-08,7.813466361461733e-09,-9.587468499758577e-08,-0.0003276829826916709,0.17088389668109252,0.03820422586457631,-0.012632953651257793,0.01901496979100979,-0.00026222299377967964,0.07368439006379227,-0.0002005684136938655,0.040936473190945476,0.0003396513933880936,-1.9941109230811646e-05,-0.08311844485354622,3.032353208549863e-05,-0.05168208776777392,0.00012593203626005858,0.12967191696075128,-0.097458216631485,-0.1231353779936439,0.0004264966826103237,0.0024748406353195178,-0.00603011415667277,-0.006486336074764836,-0.2634609695003032,0.0011403558188615827,0.00805061646246998,-0.00028531067591101183,-0.062981491839594,-0.0048725466823045845,-0.10741409780025639,-0.26778836374995457,0.005371221329129267,-0.005632369313995441,0.06616155813762536,0.018488343264336547,-0.07631268471195914,-0.07355460983366,-0.09268988536280401,-0.041367912057405136,8.545614053742687e-15,0.08416058594002471,-0.002092163942766642,0.022595081077921592,-0.13267830615703838,0.033276648962242805,-0.1663914536199198,-0.11058826169571799,0.18169434609938406,0.008798014140474332,-0.027410236710271707,0.043763367006633073
68,-2.0705767276892434e-32,1.7735660087243848e-30,2.817654890898409e-32,-2.2832786673907535e-14,-4.6563625556579515e-14,1.8259693796308886e-14,0.24904655108085205,0.014741215478302538,-5.546604216887643e-14,0.030728434026562317,-0.5184774429635813,-5.40482376159019e-14,1.8028922855243565e-10,-2.7325388853613714e-16,2.1099209242085121e-16,-0.20400960047137837,0.010854672955313326,-9.582012652336739e-05,1.91666952757697e-09,1.2038023307185045e-16,2.920659698817306e-12,6.895285588757102e-10,0.0002031427694369364,-1.8074686480302385e-13,9.947266260337054e-09,-1.2498519563836955e-08,-8.046482184554115e-05,0.20258856334659062,-0.018120614375078392,-1.803810090072337e-07,-0.03094502628751467,0.46665051802590524,-0.08155240723612758,1.5662836721426296e-13,-1.5831809278072232e-08,-6.30599667679158e-07,8.467481786250492e-08,0.20707077225878798,2.7495695207879782e-11,0.03321589305581394,-0.0020313373589386347,0.0599065733665316,-3.0445620530387682e-09,1.8317086116104868e-09,-1.690354988091013e-08,-6.404642452689616e-05,-0.019930292165542925,0.008395497223116817,-0.010467936587051883,0.0024019025872891457,-8.753612839967632e-05,0.029201184723477065,-0.00011910268813324478,0.02916054074520703,0.00047963195103959186,7.981789400380535e-06,-0.11379530367157088,-1.686273893243178e-05,-0.08367207636049821,1.8874917227614315e-05,-0.08936181095697031,-0.0551212979634218,0.0829360026244935,0.002490329986166622,0.0009223374017151886,-0.0036028126783024155,-0.005881586512071282,-0.17135166872159882,0.0004282952882315814,0.009136586489340744,-0.010837394578130934,0.29361917187910047,-0.003009336263757615,-0.013360640671173029,0.05605793965295644,-0.005468383113081192,0.13229757950011528,-0.04809268230867093,-0.03754380989460982,0.02980216501843609,-0.031515364966204544,0.1300957644431545,0.005950695589652797,9.794384099746936e-15,0.07285064232167138,-0.17276101745351446,0.03583467038087702,-0.03898949099224719,0.1364457144896041,0.14510473992341058,0.061522472153046674,0.046044321617890585,0.08039088350950165,-0.021139388084548256,0.14866415396038568
69,-2.9127275711701227e-32,2.5121340644387636e-30,5.245003911024495e-32,-3.2118277221107344e-14,2.8600041950408503e-14,3.3773859309668254e-14,0.3734958823722305,0.022271914690269765,-2.877704846963784e-14,-0.01960641926982953,0.3287631827509606,-2.239327363512487e-13,2.970820745201105e-10,-5.508873863916753e-16,-3.469253749248945e-16,-0.382768130875395,0.020479098344200745,-0.00013472462920798334,-2.319941366248814e-10,-5.243841624141599e-16,8.501550133059585e-12,9.709738077076284e-10,-0.00012849386441988572,-5.204003939824517e-13,6.770489090298849e-09,-8.446503350362885e-09,-0.000163056537381472,0.36177389283201045,-0.05038463139586507,-1.5074469083212763e-07,-0.05664599297565293,-0.2978915330287596,0.058872492714510644,4.1312096083981394e-13,-2.9770224611448663e-08,4.449032482070986e-07,-5.049144991987945e-09,0.32509686471859695,9.209127391261634e-11,0.057304666949370454,0.008568958808487228,-0.031244569523326052,-1.0414814114628346e-08,5.596479988869838e-09,-1.3742733747145325e-07,-0.00021230759256450952,-0.04486073054675715,0.02695851046389535,0.017110467284987614,0.009880353730386794,-0.0009469610876625218,0.13965547708460377,0.0006029626194547576,-0.18095295943930473,4.914576327486371e-05,-6.651968770651541e-06,-0.00882116132409797,1.2852489357039152e-05,0.0038024247004804514,-3.294807822764885e-05,0.014751782528046613,0.055882576290444075,0.04312765718590064,0.0016390754096490177,-0.0004133278784137534,-0.0004413656661179587,-0.0009009322933446794,-0.12776400509087163,0.0002958372707466428,0.00608077011578121,0.00393133872821604,-0.1363071849157714,-0.0030264917482442015,-0.024088775355641936,0.09924488164329398,0.021176469015059016,0.1602647171563999,0.10825274893450512,0.037923934175436165,0.09059292762019629,0.006163393951868994,0.004145003670593233,0.05973989380521371,9.372005138488744e-15,0.10251975516540493,0.07683333886047432,-0.09865503716714755,0.03348195096300344,-0.004988387563951339,-0.12111044048170608,0.13991611141410726,-0.1673456984375083,0.03143031178878225,-0.027508067956366018,0.13142589968455085
70,-3.4338419267290034e-32,2.9560337569276344e-30,-6.180024944400262e-32,-3.7864723255346655e-14,3.491438383238817e-15,-3.877868038307023e-14,0.42009619666751374,0.024957334297540355,-2.969629533236273e-14,-0.0016469487149184546,0.02797920522193969,5.312490091167313e-13,1.0797638555613466e-09,4.691375050781688e-16,6.582761966531694e-16,0.4411639864236776,-0.023519161945514608,-0.000174057526360611,9.79023859066599e-10,2.6025472345426623e-16,8.293194639146725e-12,1.126640009870144e-09,-1.8999095542149234e-05,-4.647168383487172e-13,9.730382154266815e-09,-9.717923875411173e-09,0.00016565401482806333,0.36630505571943617,-0.045567015052067734,-1.86866724625311e-07,-0.054518763839254344,0.01785370025786369,-0.005966636794043784,5.258878958039031e-13,2.170674973740094e-08,-8.531959850273216e-09,-3.456579122848752e-08,-0.39487057110606316,1.0288950861608255e-10,-0.07057490977049076,-0.10625392530754471,-0.00943381208949832,-1.3103660441982292e-08,6.141726190141621e-09,-9.861117676241075e-08,-0.00024256424559021466,0.04271342674577696,0.029594483105596668,-0.004493213914507588,0.01544644988070732,-0.0004313608084118408,0.08786834777178852,1.308598158410131e-05,-0.01725491977302995,0.00029738269860582754,-1.539916940695716e-05,-0.0719038862712392,2.3191069321398873e-05,-0.03480922443764962,7.610423696363097e-05,0.09512199077839585,-0.08715605524051684,-0.10822133640744212,0.0004292534222911983,0.0023005387463279426,-0.005641829350166118,-0.006126000287980866,-0.24935341301910863,0.0010845365985535777,0.007715398840178878,-0.00034783580745935817,-0.05806676183080852,-0.004707242560063184,-0.10360074988115407,-0.25788223513007996,0.005231507127802333,-0.004301172076136507,0.06439398018605025,0.018285158846629807,-0.07555175658660718,-0.07369756366630198,-0.09102504976866521,-0.041189579639538496,8.47695076397402e-15,0.08418631411766485,-0.0025812945031288394,0.022116145073172958,-0.13061329549630546,0.03332695585194163,-0.16598527634024957,-0.10830332277692464,0.18163051184763007,0.008941587356555637,-0.02732237905075271,0.043693303565444146
71,1.6394778494968533e-29,-1.3934927984412055e-27,-2.224964148385864e-29,1.7943886335574533e-11,3.6568998141243377e-11,-1.4186235609264103e-11,-0.001654795093129959,0.03200927404320504,-2.9171839529178814e-12,0.0651074954699001,0.003350199914803014,-1.456942503575948e-11,-3.497341270413218e-08,1.292721549553392e-16,2.400179750054166e-17,0.0011208818491829603,0.024816947971954027,0.02922021003929863,-1.1468730333171244e-07,-5.340947823919315e-16,-1.5894285063545725e-12,-1.3907403639707659e-08,-0.05966769854219407,-1.872664769863778e-12,-1.2091611470521746e-07,2.3099383851255274e-07,0.02299941421732001,-0.05227206774371231,-0.16118626074320216,-7.819192270973442e-07,-0.2256660580890853,-0.0996532924640977,-0.5766320528851016,5.500744892625572e-13,-1.3965006685500428e-07,-6.065315032580623e-06,1.913016177165311e-08,-0.004196518187948374,-6.856037721497717e-11,0.21454799551148973,-0.21521968272855052,0.4373008029127369,1.2321852609282433e-08,-5.047714971501739e-09,1.9301547960681265e-08,0.00020083177112198704,-0.1603319389269768,-0.023649857113630882,0.03242055796009923,0.003508409296437459,0.00017111501872407007,-0.06364125401909755,0.00020570809326711864,-0.055116593919781395,-0.0010086214761732503,-1.8099099990723174e-05,0.23190103317849806,3.3073106088750916e-05,0.14345214121814967,1.3973807379745103e-05,0.2031353922321395,0.006400526954459356,-0.07350129542639064,0.001314097467153861,-0.0022916624160291173,0.0031716162448001445,-0.0017747458345092884,0.10300432967837109,7.518208245638064e-07,0.0013138943842165955,0.01023089356531838,-0.1730286194989104,0.0008184493060864179,-0.02449919539509981,-0.06815886562711801,-0.003419892774326182,0.006691171393529373,-0.02103406489638131,-0.03020675090803687,0.019843030282523332,-0.02982551720555886,0.08475362232679101,0.0038309586730978697,8.960160721981986e-15,0.06803163123415726,-0.08622178752106877,0.02589599500648903,-0.032201174360052355,0.13042568769081977,0.13491656570414695,0.028044855912693498,0.04425073409304193,0.04368172256211191,-0.018221297733386002,0.13499536821573013
72,2.302897521867148e-29,-1.971496823970393e-27,-4.16055880841827e-29,2.5203514300922533e-11,-2.2462327123824558e-11,-2.6424001456116945e-11,-0.0023319365510302355,0.04504907036418061,-3.15710663068362e-12,-0.040202651374506126,-0.002093918811296466,-2.453733869228644e-11,-3.8029721517105294e-08,1.438514309494311e-16,1.2450983145725503e-17,0.002214807356107076,0.047464720379609075,0.04126846200850827,2.750011329471223e-08,-5.400593562717957e-16,-2.0942719023810698e-10,-1.723895508394781e-08,0.03681775124832905,-1.836096872355743e-12,-1.9639725328363215e-08,1.0321330082648905e-07,0.04340256943234441,-0.07431980537775296,-0.14334811760924643,-2.046150251335339e-06,-0.3732124968347492,0.06317260991522662,0.34628899472312485,-4.9085490159328e-12,-1.4566483883782114e-07,1.8027463889652443e-06,-1.0947176024634536e-06,-0.029563851969842524,-5.738883026301783e-10,0.41752945617423154,-0.31380932749905227,-0.25584585989193176,6.278111351898587e-08,-2.3503268550392938e-08,4.876344965787945e-07,0.0011101855526152423,-0.3094901431676054,-0.12467782981453582,-0.06371667961172116,-0.0011481639619879528,0.0009662653705468864,-0.18720371199839267,-0.00013687672056248896,0.08514366948960521,0.00034565810358031223,2.1410726726249186e-05,-0.08251145782741928,-4.212073485172143e-05,0.1406595834283956,-0.00022793904318203575,-0.07826934103695111,-0.15371428372160664,-0.10695567155630606,0.002199765562875637,-0.005175463923928472,0.008712011065522964,0.005852334286213728,0.12806962449980322,-0.00020337171955669213,-0.0027393018034510036,-0.007473624197111223,0.13780182471643582,0.0033427191103284916,-0.02831680923036612,-0.1605590714826235,-0.003451514538013844,-0.07647074262861395,0.013206631135393004,0.027487175700495668,0.05653289181730658,0.006461672791019492,-0.007945187325577578,0.046559867816716824,8.750375838774064e-15,0.09762005643651889,0.014336388790595334,-0.029611774232529163,0.003903987209957867,-0.006187873226819675,-0.11060612273559209,0.04375117776762689,-0.14807993893685426,0.007581822597257389,-0.023133362761320574,0.11612490736528047
73,2.7179778576621526e-29,-2.322309233768928e-27,4.8872049671535924e-29,2.9746787946198785e-11,-2.7778129668570167e-12,3.0609019034361574e-11,-0.0027502832640455607,0.053151649840968124,-4.1567437206088076e-12,-0.005119432761421395,-0.0002838029319401122,-2.3899582999585706e-11,-4.163660953734714e-08,1.9070763973063684e-16,-1.6304931780853732e-17,-0.0024851811541472296,-0.055100273866955485,0.04862948712572088,-1.2574098018946203e-08,-9.491688624537621e-16,-2.0328091373370788e-10,-2.0300513201793362e-08,0.004535509459576091,-2.3575263006423783e-12,-6.348881488172155e-08,2.2593322037612064e-08,-0.05070192078257643,-0.08677038993100972,-0.18886103795075412,-2.121839222748455e-06,-0.4271406550909039,0.0069788882021939265,0.03511383830598429,-5.24248976866611e-12,3.583727872576466e-07,-1.7199649866772093e-06,-2.5787569937538514e-07,0.12665313569001108,-5.571429777155135e-10,-0.49166745794823224,-0.3314528926918331,-0.03935101244110298,4.798949296843718e-08,-2.452547505226633e-08,2.302729337356878e-07,0.0009925102257694835,0.3636361199232123,-0.12125205468890025,0.042775305344286946,-0.05116343600561415,0.0004309987932175734,-0.1404968419590517,0.0003415473150027414,-0.07934416295415751,-0.000525582351138195,1.6738164078500306e-05,0.1273042063764876,-2.1911142960494087e-05,-0.010883153228878659,-0.00011736896019647769,-0.18665717278668603,0.12998165898674577,0.1387481639971357,0.004378190823308899,-0.006170193421400264,0.009465527051721252,0.0040097248480540654,0.15270055039515207,-1.497077365281307e-06,-0.0034614972929940652,-0.0013410209243814634,0.0406825476704358,-0.005306535811195297,-0.0036334310965552277,0.09505941210279796,0.010036290741412641,0.11653445123972189,0.05117128618474761,0.016015954277185603,-0.04937305033418445,-0.07067613670053244,-0.05247428096848022,-0.03214996987052221,8.362639751859231e-15,0.07978411240438431,0.004905477981416138,-0.004934561535465295,-0.0757454500808765,0.03025856280197545,-0.15191931514453064,-0.036673162422527134,0.1619312176252667,0.016057862239196034,-0.02457434492360055,0.041474628075339075
74,-2.2572270662818115e-32,1.9332817705858354e-30,3.071207397354853e-32,-2.4889014666558018e-14,-5.075419474555176e-14,1.9897804417239656e-14,8.38369990902109e-05,-0.0017068177878719114,4.2690180526069265e-13,-0.0034688167960726392,-0.00016914225002193938,1.0496107533854777e-11,-1.6372591649965492e-07,-3.7415743569154887e-16,-2.787913580107095e-16,-5.930848914985404e-05,-0.0013220289271535077,-0.3051407483953344,-5.775620260557011e-07,-9.618524804489508e-16,2.7335912276996277e-11,-9.033576168377908e-10,0.6217591664915806,3.970382441981117e-14,-5.107138701049267e-09,3.306190350877086e-07,-0.2383189564251615,0.0008916514143138257,0.002791329760660413,4.76501202873381e-08,0.008832759102693679,0.0017801825217040547,0.01959632858829325,1.125773636726355e-13,3.371604424836556e-09,2.6374275308580437e-07,4.796579113427533e-09,-0.0028294741717214997,3.934150804826984e-11,-0.006423302719376086,0.024391353115514817,-0.05027662338944035,-5.424554838863892e-09,2.7602170393670946e-09,-2.7031500301814316e-08,-0.00010138499437512264,0.017749304761146476,0.012752246677441346,-0.015029549921737637,0.0036872681232067495,-0.00015519628561253484,0.046702333729900736,-0.0001607741845574771,0.03840300570967457,0.0007258818136111386,1.1670685070877426e-05,-0.172417847712091,-2.5058383886481678e-05,-0.1281809150446703,2.8563864197645815e-05,-0.13495103295307412,-0.09495602222172796,0.14189834769650064,0.008864518374723188,-0.006844814334228575,0.007480809847916907,-0.009128975068897038,0.2440932771130902,-0.0001526180237854836,0.007326949999916151,0.02623352045361723,-0.41576172932021876,0.0037720745781601303,-0.04686577922269223,-0.15253873283837982,-0.007299188719472228,-0.01549409636210614,-0.03701936104820134,-0.03436017017901316,0.024159212267086606,-0.030422023269608113,0.10648760378640618,0.004656904742491176,9.349644114733163e-15,0.06959202232538525,-0.1244157652131871,0.03416054798736478,-0.03738327472164595,0.13241718728821442,0.1402012335552001,0.03883952881547771,0.045443248165188486,0.05846470662357459,-0.019561096644412485,0.14092352189348153
75,-3.1717869018907167e-32,2.7353214845628524e-30,5.707287787071765e-32,-3.4971769266022046e-14,3.112974975530271e-14,3.674244052611432e-14,0.00011817423536896455,-0.002403864259914228,5.299038233522897e-13,0.002144788488908526,0.00010662542509955837,1.5302103063694045e-11,-2.3332029110137134e-07,-5.103306578871838e-16,-4.1362179337067394e-16,-0.00011974226404925348,-0.002551227918108186,-0.4313726976859313,3.5399254916789606e-07,-1.268874695560166e-15,-3.591472123295095e-11,-7.460012352441055e-10,-0.38420026072586744,6.077517481266468e-14,6.35247160550468e-10,6.012699433791986e-07,-0.4507759658692215,0.0012593275651418736,0.004640676233252945,7.095878549425832e-08,0.012514209142229955,-0.0010919608588785424,-0.011453433725132165,7.736022166869308e-13,-3.258787125175838e-09,7.976949045040055e-09,4.530361248210525e-08,-0.0033294267931482835,1.3986314419552733e-10,-0.013316238536266676,0.035160384136081704,0.030048750385519463,-1.701756827809867e-08,7.789336077590009e-09,-1.6979846891258978e-07,-0.0003186225750400834,0.03522008208137777,0.03852869423438228,0.01702721721888106,0.008776857778829432,-0.0005494718196747821,0.1078037801028408,-9.763961907647831e-06,-0.026916169660269513,-3.641265467798233e-05,-3.791681915493959e-05,0.00829852737728355,6.973350289536018e-05,-0.12888744034962935,0.0002244881491505922,0.15787253792163497,0.20481274553100456,0.15090959391191444,0.013679576252647445,-0.019048525139662244,0.029388753379152976,0.01951420544224795,0.23931388714088953,-0.000763376922769646,-0.0007397732067841528,-0.01644659416428846,0.2711217571230761,0.009789994311173902,-0.054091028495283244,-0.32376613443644875,-0.008460547525122307,-0.1652217532163279,0.008712762639156596,0.029509378268463383,0.06464508775007435,0.005530529222122436,-0.004669549394709073,0.04918128683125226,8.684536144262053e-15,0.09587472430647657,0.01634149215380516,-0.037506903712339494,0.009955967936162841,-0.005180715375379146,-0.11035944924571109,0.058888228851188565,-0.14827558274807653,0.00944908646395654,-0.02381164460731486,0.11725749706926804
76,-3.743325185694715e-32,3.2221921608790436e-30,-6.736632335423424e-32,-4.1274024578760524e-14,3.804660000928608e-15,-4.22729273524689e-14,0.00013933174305175348,-0.002834912880037907,6.529970016455232e-13,0.0002725394173197081,1.5008246081524999e-05,1.7657046021966144e-11,-2.745707828089226e-07,-5.133536884500886e-16,-4.778382429640938e-16,0.00011675121967090833,0.0029198074530199032,-0.5079436537462111,3.96114523487852e-08,-1.4491654137013136e-15,-1.464395431510513e-11,-1.2193910916685142e-09,-0.04731345900776558,7.594051773115788e-14,1.6634091974180876e-09,-7.044539321079345e-07,0.5258365036151766,0.0015596454936125926,0.005861341605861637,8.146564677411785e-08,0.014354735730472697,-0.0001949505040449139,-0.0008857630460254069,7.735695724383726e-13,-2.1038533991315094e-08,1.1941649781350123e-07,4.901045486510284e-08,-0.006499134273223999,1.405550625636629e-10,0.016275192599369204,0.040479437338605415,0.003831929011796503,-1.5672484091671717e-08,8.17658577494843e-09,-1.2431102158262158e-07,-0.00031209796688725245,-0.041830153667578376,0.03913223927461175,-0.009692993561822684,0.021077912783885017,-0.00041312328877504207,0.10112853780340364,-0.0001929048582627776,0.032214690481570635,0.00042573662081584547,-3.0325342907008695e-05,-0.10430143114361723,4.7670271276487435e-05,-0.08361114931776972,0.00017440110818578685,0.17390760283892068,-0.11179345159073993,-0.14790045942744448,0.009882960130090495,-0.01413630858462835,0.021142497268039035,0.007191106515557898,0.37205971300054763,0.0004245936528554902,-0.013440399337433578,-0.0037869303289083515,0.10186053241780962,-0.013856905847407262,0.01036561014354849,0.2500807143268615,0.018741715567649107,0.23292582262228134,0.08105550830716414,0.018176393785621463,-0.05847306622037033,-0.07013995291788835,-0.06850560395085842,-0.03495786430315256,8.17881390359707e-15,0.08101173350819973,0.01376545057667241,-0.005589021014026966,-0.095793745033128,0.030667674393838662,-0.15809073400887896,-0.05299263363201946,0.1658070243007185,0.018383753020938327,-0.025919154549699126,0.04314223822133296
77,2.1313906861159415e-34,-1.8394890626372024e-32,-2.908587106451217e-34,2.367617171269429e-16,4.831679487363354e-16,-1.9272383522002066e-16,-2.5241283787532798e-05,0.0005350106634528889,-2.497105578832308e-13,0.0010875484033628445,5.079427857423653e-05,-8.82719193949745e-12,1.5441052409644572e-07,2.8457743541963525e-16,3.2142288395690375e-16,1.9600053525114485e-05,0.00041598265241994274,0.28166072000512604,5.457830281494521e-07,9.052280813919229e-16,-2.2659919950326552e-11,2.2679833510045357e-09,-0.5748355948692729,2.8722853809672826e-13,1.9010068247028554e-08,-3.3142438509788213e-07,0.22038398547629218,0.007858553073543094,0.024573830738119744,1.3267335536522748e-07,0.03600725751612633,0.014965565611230788,0.0910119206005682,4.4712101305263573e-14,2.0507475035877436e-08,9.939325712374445e-07,4.211675374763641e-09,-0.001437926240823118,4.7312501225822684e-11,-0.033265012361599795,0.0475943401386295,-0.09696850317816097,-6.860969612932962e-09,3.3732502487399303e-09,-3.0609811912543776e-08,-0.00012524822854359746,0.034867500238126306,0.015606302930215397,-0.018807543503934585,0.0035965180813312615,-0.0001812310656542233,0.05548758196427941,-0.00018942181622016473,0.045715002651113675,0.0008624546138189799,1.397112547339997e-05,-0.20420309246416823,-2.9533597882460347e-05,-0.149536903139461,2.9670901071593217e-05,-0.16142307643445525,-0.1024002555846295,0.15830474694269484,0.009434018247593035,-0.00719315740285649,0.007817106790205001,-0.009658101504880431,0.25462126941657437,-0.00016409600612565274,0.007762525185209373,0.027388816223455115,-0.43321963545503667,0.003985370005522266,-0.04849194156232952,-0.15864699368850438,-0.007572931568539069,-0.017080121450820124,-0.038117570461185975,-0.034608873080123836,0.024446150145072756,-0.0304691887281647,0.10793788411099217,0.004713691047497668,9.330915232671251e-15,0.06971538534461814,-0.1270888231729243,0.03471559902109586,-0.03777037435361328,0.13244524562972101,0.14032410033684456,0.0395898020668905,0.045513068467344875,0.05950550922278859,-0.019662010175072242,0.14128372823610438
78,2.995802746405176e-34,-2.602519220272253e-32,-5.358448941480211e-34,3.3277221488234625e-16,-2.957421521788208e-16,-3.513924993236972e-16,-3.558005248778993e-05,0.0007537088549609401,-3.2297943594754893e-13,-0.0006729407199397804,-3.230057896606666e-05,-1.2721434221264823e-11,2.1936395936374675e-07,4.3282471268634e-16,4.2604448491710023e-16,3.998131375915045e-05,0.0008099996469646565,0.3980854972257383,-3.3092188055026044e-07,1.3090956650723162e-15,5.297853411517563e-11,2.515199838115107e-09,0.35503436787877296,2.8938230374275427e-13,3.47053811684872e-09,-5.70300808105761e-07,0.41643509282223984,0.011177834346571639,0.022532214009831665,3.252468517194342e-07,0.058807033515829304,-0.009500619833351064,-0.05444069989904866,1.2874642573255542e-12,1.6154078517077402e-08,-2.397982049059819e-07,1.8421268862579992e-07,0.0016705004744889819,2.0130361661502164e-10,-0.06535660666983958,0.06910462159893514,0.05728465512029704,-2.3843105108178873e-08,1.0398311664702622e-08,-2.2476563898593362e-07,-0.0004397516982151944,0.0682893501336476,0.05224156849171856,0.02390110169540652,0.009403792502433596,-0.0006717320383897547,0.13155412484054416,1.470938743220054e-06,-0.03620593519680359,-6.808763520847921e-05,-4.248732177641021e-05,0.015821954633587182,7.836453979385113e-05,-0.15025341447873714,0.00026000985703239504,0.1758394383249935,0.23247987791693234,0.17080126522527378,0.014549443538696817,-0.02009412176577135,0.030944376077876947,0.020532480157573224,0.2477947525708371,-0.0008049412849591539,-0.0005912080858182209,-0.017102446420240267,0.28085811074251665,0.010261710516207109,-0.05600304202443327,-0.33572022277368746,-0.008822392376910907,-0.17164487752845695,0.008407720778911285,0.029650245438716822,0.06520163502464837,0.005411304469748121,-0.004429199876257326,0.049345379131340406,8.912358870264536e-15,0.09580136936743189,0.01644756576175378,-0.03807075383266536,0.010331449994994473,-0.00504337983672598,-0.11036433574725046,0.059973003376949156,-0.14815312631771266,0.00961573033975271,-0.023878531738422075,0.11739279976679733
79,3.535488746663066e-34,-3.065891822226379e-32,6.376821326328603e-34,3.927240938321118e-16,-3.562649542124983e-17,3.988795479379821e-16,-4.195077985144139e-05,0.0008888051312940225,-3.9142585123369157e-13,-8.565485604353493e-05,-4.7413341655506874e-06,-1.483490429118683e-11,2.5816804807224964e-07,5.718759753482152e-16,4.836830679028497e-16,-3.06749294035142e-05,-0.0009065720280640088,0.4688791437736238,-3.5327022980420774e-08,1.4458509363434878e-15,3.287645541206086e-11,3.298921166916253e-09,0.04379918857588705,3.665949033217896e-13,7.790759206182255e-09,6.473446400783651e-07,-0.48610841662728815,0.013014135347582468,0.029196633558766477,3.41028624172062e-07,0.0675405500080878,-0.0010591292181013848,-0.005328534838452717,1.3349009130026896e-12,-6.375696954071114e-08,3.199230700194115e-07,6.238979223999894e-08,-0.022204344284226567,2.0043268442077695e-10,0.0774603681359251,0.07545264920257871,0.008114365421104658,-2.0943473960272378e-08,1.0905621151644529e-08,-1.5225625422840096e-07,-0.00042114720903327487,-0.08067417870579201,0.0525374908171359,-0.01425669737119924,0.02705325117955913,-0.00047827647753435887,0.12016995753515008,-0.00023614203044850394,0.04143045512609817,0.0005012719267385065,-3.394968806308866e-05,-0.12268316926671476,5.300279938908041e-05,-0.08873050858226135,0.00019686495317447253,0.20222906637103719,-0.13064198131410068,-0.16993435842848875,0.010294824123217047,-0.014732001154877761,0.022014876606908707,0.007425444248321809,0.3884562402284754,0.00045600469608309154,-0.014177455248162487,-0.003960896274993155,0.10626822696583707,-0.014480313564345593,0.011357924053640271,0.2612558942935741,0.01936972873157734,0.2413614430922175,0.08320777895653322,0.018320997972295996,-0.05907005737682153,-0.07008274940324177,-0.06959578079201462,-0.035122194185194765,8.229043963750038e-15,0.08114409093666866,0.014355506447006349,-0.005632814535310258,-0.09723613220054382,0.030751535062941423,-0.15844339511542993,-0.054120985118665366,0.1659713927948056,0.018580455134852323,-0.026026530765583363,0.04337172119404915
80,-2.820233174632423e-19,2.289740914863776e-17,3.810949154962187e-19,-0.295262180482702,-0.6001654751930029,0.22949898234547078,-5.32230135740734e-06,9.90442474387443e-05,5.8044128996860365e-09,0.00021486786703213436,1.1482459447853663e-05,1.3298298803464378e-08,5.3057752131733526e-05,-1.812032687580389e-14,8.109565421542795e-15,4.526260314484738e-06,9.714376185303816e-05,-1.0142608783220013e-05,0.0001451803804216775,1.2083515214838182e-13,-5.304130056347958e-08,2.599444771834198e-06,2.511130689896702e-05,-8.415933400604293e-13,1.0237077758573476e-05,-8.325556793541428e-05,-1.8001731408844703e-05,0.002035292807035675,0.04200342964464818,7.027132449813324e-06,-0.02061062429730626,-0.0017767224914369863,-0.005353545898959671,-2.260197671292257e-11,3.034256801644101e-06,5.0731287026172584e-05,5.005600584004306e-06,-0.0002764778996072003,-6.420795214608806e-10,0.0014670227501383836,-5.889133198800409e-05,1.180335776017741e-05,2.8308095476920053e-08,-1.3538243447891532e-08,-1.179486582046303e-06,0.00049485522072137,0.0004650653824547024,-0.05304668652453513,0.26118677125052076,0.3606380337323356,-0.0004070087439595401,-0.024065900670093735,-0.000259846535797424,0.01447154422854228,-0.00035203189232850155,2.6286793202367035e-05,-0.021009136968109406,-6.866916288274786e-05,-0.007549833110107524,0.00019958113976744558,0.012066030612321317,-0.13459596572121524,0.1485385116602222,-0.006827023978133525,0.004668562537196806,-0.002498765426276657,0.016383705576149495,-0.026649621590991882,-0.0004631629297273181,-0.020492230413671046,-0.013779560310387727,0.03748102083119115,-0.0010651415405578508,0.06107756463622301,0.07663019279768492,0.016279008333646344,-0.14747253357219128,0.10240005879916511,0.00587965243095937,-0.01934048191178335,-0.02767730953756301,-0.13421335272121682,-0.00029866570016012,9.337276069209603e-15,0.07518184714457486,0.29370331362614027,-0.04608145367385007,0.026103271611211922,0.17610687544497533,0.16158463034959727,-0.09437196735302605,0.026048314999027107,-0.11766119540962851,-0.0060471392957482896,0.12390661498509764
81,-3.9683501875632116e-19,3.251209541122025e-17,7.238771806758112e-19,-0.4153756144934097,0.37097914852891045,0.43581540611027675,-6.939371977601578e-06,0.00012853916517029516,7.790184698682898e-09,-0.00011444449169866477,-6.19892419124256e-06,3.575503829470131e-08,7.689615776717666e-05,-3.7389744906751315e-14,1.669631431131017e-14,6.56320383634719e-06,0.00013656074740256134,-1.1675214954016201e-05,-9.010888476043237e-05,2.551163580744906e-13,1.061823664296586e-07,5.484051647980536e-06,-1.0260918583599573e-05,-1.2991151817454243e-12,-5.531794222682895e-06,-0.00015528500589980605,-1.2691939036857566e-05,0.0006246812115996309,0.0025364960789432526,4.596727777181411e-06,0.0023587811469328304,-0.0005937479722686044,-0.003408301059723609,-6.573413342735262e-11,6.393944897396739e-07,-4.58619833089815e-05,2.135488863628655e-05,0.0004943557097859161,-3.0131976294909517e-09,-0.003462554775376821,-0.00012138906215102272,-0.00022544904777391074,1.6592552208032335e-07,-2.5225362566000824e-08,1.0945577996366302e-06,0.002842972370314872,0.0009182271080188419,-0.2374909477636898,-0.2703051599630905,0.17311821977563566,-0.0005688022888234988,0.17424470710872558,-0.0002199909670049649,0.05188836991338094,-0.0002820872181948144,1.4584124168358214e-05,0.074657130686531,-2.072383772185145e-05,-0.014676889785316408,0.00016829982959254555,0.021993423041498296,0.052067470034848795,0.05075550225737397,-0.02456372283770978,0.03147756984879816,-0.046081277942995776,-0.029762692132166244,-0.04349211905458129,0.0005736872174688379,-0.014211293638346379,0.015270728481963987,-0.05544069514674912,-0.009913462010270605,0.10015834936121727,0.15513199272898637,-0.02927073937051286,-0.1086000659070931,-0.1765397731714383,-0.009094474346956562,-0.0631568911129906,0.030049480018806637,-0.04390742742384554,0.01398232888870359,1.2211620302651877e-14,0.1375210527032908,-0.13944466348520887,0.17000715405926323,-0.08947245526016044,-0.02023079582655465,-0.10344331421958776,-0.25167815795750964,-0.18490434885356916,-0.05345877264409779,-0.012672773925860912,0.1173313244348399
82,-4.681538658803697e-19,3.826485937760514e-17,-8.436344328626671e-19,-0.49010567586173215,0.04715803539923344,-0.5076185009054336,-8.236437213826485e-06,0.00015268857847875884,9.199853929284344e-09,-1.0250258657096176e-05,-5.971847419204025e-07,3.6246287042730186e-08,8.8936197292125e-05,-3.9772843982220504e-14,1.812222613913014e-14,-7.392879254501063e-06,-0.00015425469042091487,-1.4015030288253936e-05,-9.484520450660573e-06,2.7674535665129296e-13,1.0663068779167635e-07,5.9441775636728675e-06,1.137467827765052e-07,-1.4626996252081098e-12,2.6316616134622997e-06,0.00018098060921823027,1.2606797240984129e-05,0.000987194138231126,0.009569123242566941,-1.5106365314374695e-05,-0.0009097320110785312,-0.0005944411107500179,-0.0025668877304902207,-5.4497192096946906e-11,1.5534231672855137e-06,-1.74149712763328e-05,-4.674103959938121e-05,-0.0007990727473517725,-2.289017175836039e-09,0.0051897129055892294,-0.0004387585536844732,6.040305722000198e-05,1.346040698576715e-07,-4.5158796595206216e-08,-9.327071208655738e-07,0.0023896757469915727,0.0021004542498701036,-0.24283278868922598,0.2286372224843807,-0.1771710830468689,-0.0006509010709025399,0.20446367913815197,-0.0006326115904824679,0.11272935727911483,0.00013585857428585245,2.5324856522904946e-05,-0.014035336540401646,-4.545036601795235e-05,0.007083826280189528,8.996892112211016e-05,0.01688237332864185,-0.0299140420083953,-0.05872985822095498,-0.023893824494086953,0.021201066446118452,-0.02479602955076636,0.003357423328817237,-0.04062487954381907,-0.0030266803340643226,0.003877521184245759,0.00509819401988796,-0.021656316054015495,0.029702252104548285,0.15472133233614976,0.09687666289111069,-0.026153430027500986,-0.24768768171850689,-0.14743171833798693,0.003058282195309188,0.05110568806838628,-0.11431577666698606,0.115208831357203,-0.009918228948643594,1.0051552764231595e-14,0.08959951671249555,-0.010005127736658384,-0.05622178936078889,0.16791243598883107,0.017031256788337005,-0.1701415182007607,0.20233351735621696,0.19186780186543828,0.0035732847901519386,-0.015526081594745264,0.01245510506253947
83,-3.909701122949811e-24,3.2417034929329974e-22,9.668558279077182e-24,-4.184355420509224e-06,-1.1027709314728675e-05,5.963676791699845e-06,1.7295445698228494e-09,-3.330390509430145e-08,-3.5387707700547014e-12,-9.337833947315406e-08,-4.8224163367542655e-09,-9.861232608284021e-12,-4.169175824995475e-08,2.085859099402233e-17,-9.68542993156187e-18,-2.7075802784922266e-09,-6.038271285247222e-08,7.277478573763388e-09,-1.4578336665386238e-07,-1.4749507188474784e-16,5.748640810931444e-11,-3.1645753278051473e-09,-2.3211183779032984e-08,1.791237187510027e-15,-1.5798509849010144e-08,1.1853071885690277e-07,2.399952831529814e-08,-3.625278423761215e-06,-8.079870297804819e-05,-1.4764504844471972e-08,4.13971918032287e-05,4.2107193738072995e-06,1.4852918714354588e-05,1.231151836801032e-13,-1.2545907505267616e-08,-0.034468294194407396,-0.003642245266836021,9.76385619257543e-07,6.281614446725913e-12,-6.068853972667336e-06,2.787275860659778e-07,-2.5345207895728543e-08,-3.800733078231912e-10,1.6171402901580685e-10,1.125946700766993e-08,-6.815668224838459e-06,-5.118869176676276e-06,0.0007329056989775679,-0.0031314776266565822,-0.004701103154908003,1.2150950150633974e-05,-0.0009979764651101139,1.3078769338859833e-05,-0.0015438058601989794,1.2805184560322127e-05,4.55931760940216e-07,-0.00044724868773174435,-4.7217671627767453e-07,-0.000582751793444401,0.39341329333493485,0.0009320765849621424,0.0031374186439466984,-0.004444890839725642,-0.0007884010719830816,0.001453551636736171,-0.0026066342609815966,-0.0037908348015160565,-0.0018108555118008752,0.00016914674266885795,0.006650255944224406,0.7863984345303647,0.04383888355837416,0.2665740335011555,-0.017854869802830853,-0.0039997392692408045,0.004238336243285926,0.01246263683571845,0.021543762508403085,0.00030378421485868946,0.0008228066221323806,-0.007188897197762342,-0.007128492170063632,-0.0011962074735488689,2.5868170496862253e-15,0.022076535432808072,0.020729789358243916,-0.004884773199699592,-0.0051053428357357225,0.020153085130916102,-0.012987804427068005,-0.00384949722358243,0.00530722150970465,-0.0030133892619526627,0.38482862936638285,0.041429686708855974
84,-5.50034902094504e-24,4.609049883710046e-22,1.8370557060963284e-23,-5.8859750037504925e-06,6.815946398412658e-06,1.1324393951732983e-05,2.255616027692944e-09,-4.323441676738424e-08,-4.732232870056313e-12,4.955363482336644e-08,2.5948457259184106e-09,-2.6281264689734694e-11,-6.0126326862295e-08,4.2138252043715456e-17,-1.954008616157428e-17,-3.896767124036471e-09,-8.421285359373689e-08,8.385193031486065e-09,9.012826998857108e-08,-3.059276034568746e-16,-1.1767967952754623e-10,-6.559962976242829e-09,9.361463449008318e-09,2.6825364661902864e-15,8.383990457896682e-09,2.2078528864903144e-07,1.6793226382731456e-08,-1.1768080856062207e-06,-6.197247854648632e-06,-9.479467633368602e-09,-4.223212767139824e-06,1.473913036937941e-06,9.164574817359595e-06,3.0620244187936264e-13,-3.3178519760142726e-09,0.02971726653613556,-0.014594535212968048,-1.4915767170287356e-06,2.0150376270758116e-11,1.198994425936877e-05,4.935706678113478e-07,1.0130349045560918e-06,-1.2869428730237722e-09,2.4818282838372606e-10,-7.629925410405433e-09,-2.251283635115829e-05,-8.203112028836035e-06,0.002016382368770002,0.0021010461071938034,-0.002682364938169182,1.4454264115546242e-05,-0.0032903715449100744,1.3095594752501559e-05,-0.002112309283796668,1.2115768232261446e-05,7.619271475423337e-07,-0.001926282218500829,-1.6602141817038768e-06,-0.0004867864272693377,0.41174052639729797,0.0007964508243219631,-0.003195367436864311,0.00023106507473436043,0.0005698495810598541,-0.0014404603194461982,0.00271319957436125,0.00402668354298287,0.0020450674061843165,-0.00047265106753821,-0.0025686064320796444,-0.5894011301919705,-0.03140489018325998,0.5713949859752224,-0.021249667992613207,0.010621571983164588,-0.00076608537064685,0.024394253906831177,-0.0051037023195432555,-0.0005750524862701928,-0.002187499232552339,-0.004196508426760361,-0.002564500023206721,-0.000383617806732191,2.5933774915221115e-15,0.025028356076432116,-0.018498658821596514,0.013397636271996053,-0.014905091237813323,0.01121160036892514,-0.025354200120072275,-0.018737350259810718,-0.0058763104115121595,0.0012197775754607875,0.3859383919529389,0.041578243189501235
85,-6.489412984433873e-24,5.422469081860086e-22,-2.1425231474900587e-23,-6.944898105111459e-06,8.661396911990816e-07,-1.3189596682066974e-05,2.6777314427906065e-09,-5.136521484794698e-08,-5.583503634925999e-12,4.164069912436942e-09,2.3659657760020786e-10,-2.662636196251751e-11,-6.948011863874499e-08,4.486005629605166e-17,-2.113627195284657e-17,4.362432940688532e-09,9.451799018388743e-08,1.0063678501572371e-08,9.23768622726208e-09,-3.3191077968652966e-16,-1.1867050979669316e-10,-7.113379874472063e-09,-2.521254102937213e-10,3.0222402258734752e-15,-4.161067062037759e-09,-2.563925264494604e-07,-1.6110123142002886e-08,-1.8354584164590186e-06,-2.012502433649739e-05,3.226257337654092e-08,2.588661929927922e-06,1.5327863374083593e-06,7.437720575407681e-06,2.6269120012459484e-13,-6.956651631761306e-09,0.010917974428051818,0.030533963453795658,2.633556136528027e-06,1.6337032341615448e-11,-1.9543912572229358e-05,1.541055482858345e-06,-2.1606039781981243e-07,-1.1101512404653649e-09,3.948538678537363e-10,9.132446923979512e-09,-1.9999854510163762e-05,-1.5875151270769517e-05,0.0020964481564360493,-0.00278428702053971,0.0007263612434496649,1.6369588697772685e-05,-0.003755902271092159,1.9610282850759945e-05,-0.003040291635553135,7.366789445685044e-06,6.613291421022829e-07,-0.0007433673324691358,-1.3575836104008806e-06,-0.0009645348736745231,0.46322792428754334,0.0010273577155919035,-0.0006990630083272456,0.004079232729115894,0.0003100259513973904,-0.00026057151512568687,0.000260504648869101,-0.0002344203621251682,0.0007349336422028105,0.0003214323346745457,-0.0032448109699821444,-0.16405497777068762,-0.0099123678444331,-0.7715212002080305,0.028404724682609954,-0.014740818944306965,-0.0019292348652786583,-0.01985296355816132,-0.0066120180304987015,0.00027846993256467614,0.006732839823438606,-0.012451388825109527,0.014115667329025807,-0.002004192211885523,2.585724954501906e-15,0.022573795234673406,-0.007675871210843524,-0.011816720261027215,0.01044089464802934,0.012706568231432444,-0.03126790958343469,0.030337032917670943,0.01701977854842544,0.010402388625481374,0.3945170854227947,0.03544449459463509
86,1.0862912193954425e-17,-1.2566280548149464e-17,-2.116220037839302e-17,1.2439786475684456e-11,-1.872718310584605e-11,-4.416693276293218e-11,4.623060260504636e-12,-9.595181861651743e-11,-6.907659623361468e-07,1.4000621902067777e-10,6.812619768198227e-12,-2.680755887538598e-06,-0.0051573608861622475,1.6911819767295048e-12,-7.219760323327544e-13,-1.810407615676687e-11,-4.616390352298473e-10,2.6681053676547354e-09,0.005927325545226434,-1.0693533997647258e-11,-4.801743408615223e-06,-0.00023048595060747406,5.269261671600129e-09,2.8686020258136822e-11,0.00025631429994678334,0.009813297230878376,1.275689634279558e-08,-4.0336378962052456e-09,-5.945950848587658e-08,-0.00025959267529021167,-1.734260447540704e-08,1.8271349797776142e-08,1.7163141792784467e-07,4.846104498338505e-10,-2.565999616440835e-06,1.9718145971326854e-09,8.172871793573388e-10,-1.934511254715794e-09,9.524375425274825e-09,1.4296857962963058e-07,3.821518006828554e-08,6.227831438893521e-08,-2.2801387592783212e-07,-6.938674789879196e-08,-1.0547227753289935e-06,-0.003086233256038566,-2.410664614419909e-06,0.0004952290735494821,0.0013024260111440462,-0.0012218192390567818,-0.0002882623509969155,-0.003009831615114303,0.00013739392587450166,-0.0026613105362569465,0.00013852212853239312,5.166305280761612e-05,-0.004857882569151616,-7.59931556025274e-05,-0.0004650012848021114,-0.00012510311418680633,0.005621607476435044,0.0059592691149423635,0.007508954106217651,-0.16005917704111186,0.24558996938252015,-0.38787909030944945,-0.3391050483037167,0.043885209336245366,0.02796084477941443,-0.27800207506208585,-0.007286336332440296,0.028954738024259245,0.003714838672998028,0.035016612746468445,-0.14774808130737013,0.18507649188806008,0.17379321405620493,-0.023376894676374976,-0.18015436966914639,-0.4500427699590989,0.10026092132472812,0.21858763048785904,-0.18485418889240482,1.7244603158854336e-14,0.22335040820388927,0.1881993428004904,0.011504603326717783,0.2327783048375321,-0.06736179867772184,0.020277124551854972,0.03914900963951597,-0.058943386544159565,0.03747941618825572,-0.0029644205268039366,-0.03663413551949441
87,4.4642184705522206e-18,9.085129769093329e-18,-3.661587026517977e-18,0.000273555869097576,0.000721534042629971,-0.0003905589044492623,1.2436587092246806e-07,-2.3892530670448964e-06,-3.1101661429563164e-07,-6.774413579590791e-06,-3.5055947791094936e-07,-5.732745956567286e-07,-0.0021577837696871837,4.948657491731033e-13,-2.1322171658160816e-13,-1.9755256312673879e-07,-4.3965464730329535e-06,5.080665179698109e-07,-0.0045206352781550895,-3.07510245455473e-12,1.51520929301131e-06,-6.630153956801581e-05,-1.6586073894464701e-06,1.7665685497865447e-11,-0.00019772311537974348,0.0018093935571918492,1.7338973420110463e-06,-0.000260717644429386,-0.0058814767810178945,-0.00010329647230676285,0.003039334759971028,0.00030897127011492056,0.0010717054105278602,1.2770387041645768e-10,-2.0586606477542536e-05,-1.0279785636311265e-05,-9.996875471009208e-07,7.347018522274406e-05,1.8297860229435518e-09,-0.00046112262054131214,1.6601161096058394e-05,-4.632447807817204e-06,-3.4682754273080446e-08,1.6586718923223052e-08,2.8280523125060415e-06,-0.00051125479975698,-0.0003244262753533493,0.04108957564608091,-0.38782923214604337,-0.6161872229304932,0.0003457968780489153,0.030121071498489506,0.0003444934593414887,-0.06792751991540782,-0.00023720396726811395,-1.4790196529146383e-05,0.12193069662194064,1.4385744600866728e-05,-0.05712864233152763,-0.0059449206995971565,0.12889723047318807,-0.3300551798002754,0.29427846526188367,0.008306516364301708,-0.00039886948172542907,-0.002347435291051722,-0.0045306244893765285,-0.030941193402647747,-0.0003749761009147504,-0.0017941486344934456,-0.01639715627595845,0.043460865604685935,-0.0022349165348930196,0.054993163594915996,0.07000768323253986,0.010173645484920418,-0.1273831712362136,0.07459824402552347,0.018388680001975237,-0.024602607113798306,-0.025971936230387776,-0.16241290574880668,-0.0007697717825737729,9.606905173753615e-15,0.0696329338572564,0.27747604321325303,-0.055398530514474506,0.053636702968734164,0.1714127054851135,0.1439026045534799,-0.08981587735466791,0.015522135199466979,-0.12530474518251994,-0.004999974203439604,0.09670915599344633
88,6.279523937479975e-18,-5.625152890944871e-18,-6.7529798076715574e-18,0.0003870895623237595,-0.00044860866085669524,-0.000746003421624832,1.6310859041241492e-07,-3.11907325005303e-06,-4.1473497157379154e-07,3.6290859626559214e-06,1.90348985461614e-07,-1.5484762279798066e-06,-0.0031108708819034417,1.0172470806852158e-12,-4.3822659994573586e-13,-2.8803121226757874e-07,-6.214150092494522e-06,5.887378866989686e-07,0.002792167254251051,-6.515031745322771e-12,-2.930749671217228e-06,-0.00014036575946974362,6.82226767942686e-07,1.8869390284013144e-11,0.00010855751761832445,0.0033647379962434185,1.2302497432514115e-06,-8.088082497449356e-05,-0.00036365711863206346,-6.682080987518048e-05,-0.0003483329153323147,0.00010428901855203167,0.0006878463172291974,3.5797913469077896e-10,-3.4539933549035674e-06,9.372824202738803e-06,-4.374562167521247e-06,-0.00012875055917107857,8.81514780227752e-09,0.0010595690455493542,3.410282046297604e-05,8.679778347973349e-05,-2.8542982006955037e-07,-3.096092331731464e-08,-1.3353086703430977e-06,-0.004311143444765638,-0.0006358765971863759,0.1767444930432045,0.378492948248152,-0.28754838188348747,0.0006642584824906213,-0.3587175975043013,0.0009025228167123877,-0.19615226915477332,0.0018592112149363263,-5.335227977507061e-05,-0.43674274079005754,8.578894756055126e-05,0.10494045924924872,-0.006536452658577511,0.258117830918765,0.13776965284112264,0.10677648227850232,-0.0008270095172392742,0.0063760506155429225,-0.011134795744086446,-0.007822866574125648,-0.058039185622544336,-5.8931234851055875e-05,-0.0043653363722385655,0.018465006283960483,-0.06516995900776465,-0.012378783095344658,0.09639530465535776,0.16094675953174645,-0.0263220004351683,-0.10137566517410039,-0.1771226720881597,-0.02234160922835757,-0.08462693592804331,0.03229757098179007,-0.0280752337675711,0.00028278903000926247,1.1903001355781405e-14,0.13839324565418348,-0.13100155025882004,0.17172135525646456,-0.06972977598674818,-0.024595337817899382,-0.0852495141932039,-0.2482428847836334,-0.1691860881402157,-0.056155309755254075,-0.01108177350525506,0.09673390328046529
89,7.407752500242046e-18,-7.210196076350553e-19,7.425168122575032e-18,0.00045407542442115015,-5.6694666674699484e-05,0.0008638594794244996,1.9247333466907204e-07,-3.6835900082369832e-06,-4.926081540952241e-07,3.2266548802747675e-07,1.820886819828158e-08,-1.5759706051443664e-06,-0.003617973461761061,1.0872334425238126e-12,-4.761726524117222e-13,3.2247549946989856e-07,6.976578679583049e-06,7.026137720299116e-07,0.00029591489255970923,-7.100826464861254e-12,-2.9760427409448093e-06,-0.00015290365281919426,-7.838380671945995e-09,2.220646463922512e-11,-5.0969393053448736e-05,-0.003947596407865054,-1.2124139957406228e-06,-0.00012714498310071703,-0.0013545345182467917,0.00020791809521774558,0.0001405318179811096,0.00010466767604599584,0.0005202789402112269,2.867731717881819e-10,-9.45116403714878e-06,3.5497528314457947e-06,9.613442617508689e-06,0.0002088718475766368,5.720629028594301e-09,-0.0015935777709454777,0.00011949447205469022,-2.2247918645494404e-05,-1.6892811356315377e-07,2.715254192232605e-08,3.194131393826409e-06,-0.002630436893828467,-0.0013992825547744807,0.18004421805574974,-0.3250127680926048,0.26995133697734847,0.0003737068955783224,-0.4104548987506649,0.0013802324249454518,-0.3692957655402619,-0.00022245422533975553,-6.530557271988658e-05,0.01579687104373759,0.00011169271524685287,-0.4227346478386051,-0.006757716359291202,0.08127749208526301,-0.06907792364260149,-0.1359074368078507,-0.004463697961244229,0.00820887275169836,-0.01189736601912346,-0.0020474918007457204,-0.04946232632531768,-0.001306357665748202,-0.0016888094475066122,0.005797742721305501,-0.023430747923691084,0.03117851464488407,0.131344450073041,0.0935495732854304,-0.025301440722903454,-0.2364387800985101,-0.15490252616632558,-0.004158493956941217,0.06325572458370204,-0.11690599444415309,0.1242094601739441,-0.002496106025121833,9.941388834348008e-15,0.0870492548957747,-0.00212587737422026,-0.03768190491400196,0.195255485653796,0.010689855061392247,-0.1479707206535548,0.1809455133088751,0.17039481791867966,-0.018290392473005738,-0.013382374437887848,-0.002260329795396142
90,9.524804889933709e-25,-7.958394663239788e-23,-2.3656508929515517e-24,1.0269626219691623e-06,2.712403638224165e-06,-1.471814659085737e-06,-3.6805558375534446e-05,0.0006879497510255376,4.926268504041758e-11,0.001940006034325988,0.00010328804687907273,2.127529238514455e-10,8.736057389908787e-07,-9.461851344135837e-16,4.800858595639461e-16,5.590942722958812e-05,0.0011998341111909858,-7.963812387613252e-05,3.7699194961651554e-06,7.823555475385729e-15,-1.1954649856341546e-09,1.6681948731697752e-07,0.00025561131997488225,4.917290751875813e-12,1.4768866859529672e-06,-5.177028613093685e-06,-0.0002340359987611645,0.024268650388356006,0.5456228598299071,-4.4911537905863964e-06,-0.28351877564043715,-0.026295315185743066,-0.08798802771791477,9.762974847043552e-12,-8.087648629094341e-07,-1.3596259468919076e-05,1.0738923633223798e-06,-0.0030289581872112487,5.504537740143367e-10,0.015755265623804252,0.0004444269135614189,-0.0010840410166119312,-4.218539958679599e-08,1.8836949984517216e-08,3.886245691495573e-07,-0.0007812466312181644,-0.0007242043640126342,0.0895045706339949,-0.1647339757034342,-0.1296661796241644,0.00019154864269701062,0.05358505711238904,-6.438112375180995e-05,0.062160423932341384,0.0010481358923425932,4.596276024738512e-06,-0.17973677225245144,1.6990692172354862e-05,-0.012433570137144096,-0.0002623804993205109,-0.21348840630048202,0.43227300656726375,-0.3857668388737252,-0.019766058018311616,0.0073938789469187895,-0.0018601019866050894,0.025936049032892792,-0.0006450597140233211,-0.00028691114900323845,-0.026531969564738783,-0.013564932520135048,-0.004716075875805419,-0.002381734965312009,0.04075991968077533,0.0441891101281082,0.012456159448327358,-0.10739657909916298,0.07158727578491454,-0.011478275380129216,-0.002321532796449122,-0.029401174529906152,-0.046873642492547996,0.0018297949969301246,8.540492154927387e-15,0.07422286092757233,0.17600222895489792,-0.018294735971948924,-0.0004346966913812957,0.16099763662018665,0.1588991773331568,-0.05289957232091067,0.03555772694602485,-0.06187878053569513,-0.012354913239333618,0.13605614739070448
91,3.1445235070445306e-35,-2.7334147952172715e-33,-1.039854185065376e-34,3.493005142900528e-17,-4.036220798097225e-17,-6.747355863595113e-17,-0.010237510807071287,-0.0006302137636383068,1.306583545634621e-15,0.0007256352400768214,-0.011782337126390019,1.2417900184403035e-14,-1.758930798975935e-11,2.008975422571141e-17,1.4569514440681983e-17,0.019631736622362544,-0.0010891493356168982,7.893832716370625e-06,1.8133028997646675e-11,2.1658421556860333e-17,-7.363221297353988e-13,-9.05335111515851e-11,9.938354592601462e-06,8.671063780943039e-14,-8.45840666235752e-10,9.635215050200626e-10,1.842932506653645e-05,-0.05432912018582408,0.008275439233050656,2.71749153277119e-08,0.009802851446597725,0.060724677525815014,-0.013803055822235918,-1.7380395290217717e-13,1.1198040798945768e-08,-1.0595335585696982e-07,1.2231927732434285e-09,-0.10008734715804928,-6.025666962334509e-11,-0.020751959232541327,-0.002732360343297221,0.014083292079571885,8.155690154758462e-09,-5.039233054521147e-09,1.643582888792802e-07,0.00016993177833311512,0.034666847835090636,-0.02289310650510292,-0.02902338117226465,-0.019891017022805015,0.002512898277225726,-0.3119491714549184,-0.002371144876442921,0.6476998701277074,-0.0002990643229562313,-4.687330885478804e-05,0.05948945033281694,8.395975955948367e-05,-0.2795465933150204,0.0005930100875796419,0.25273645906084413,0.16731654842792495,0.10153328605868348,0.00297579373047343,-0.0006884179812912923,-0.0007184088592630756,-0.001399170235340033,-0.19240096352182898,0.0004169298368423134,0.008661888173754352,0.005484883335941158,-0.18604543989668615,-0.003885661510871895,-0.030311677012105822,0.12310676038659758,0.025627755641099273,0.19653813734021516,0.1278588814544632,0.04001514464556753,0.09585772362754377,0.0061345450536232134,0.004530597251802864,0.06161101567987486,9.280776983824398e-15,0.1022818111187967,0.08929803983568357,-0.11127612993373491,0.036941266444082334,-0.004990226749754802,-0.12289768073447507,0.1556419807742565,-0.16927775985676818,0.03569781589529385,-0.028205823714682034,0.1329591896899285
92,2.467674508785713e-27,-2.0683370294768443e-25,-3.653307016551874e-27,2.660403794272358e-09,3.860856081959021e-09,-2.275209612698185e-09,-2.5760317330425066e-11,5.104764431773184e-10,8.494487614864437e-14,1.005648877975591e-09,4.9931412729508266e-11,3.6365050008775814e-13,1.3011015362080362e-09,-9.519949185027556e-19,4.525815608353679e-19,3.5200818110192845e-11,8.255050372309872e-10,-2.1078022959810948e-10,3.931903239252432e-09,7.035376005406336e-18,-1.1177546564907055e-12,1.5074145632495036e-10,6.333825867366572e-10,-7.040591157161413e-17,9.275457944436546e-10,-3.996418160974444e-09,-1.0153279992401066e-09,2.5836342014018396e-07,7.4664819257446495e-06,2.218517667365239e-09,-4.748908000350192e-06,-6.762396943166666e-07,-9.173894321799018e-06,-5.875195331594441e-14,6.544696918663152e-10,0.779781791025252,0.22836857691830909,-2.858708730522688e-08,-4.532649551162467e-12,4.56568704177691e-07,-2.3478848635244767e-07,-8.891536718197044e-08,3.2566144082711097e-10,-9.79355778596693e-11,-1.205098201606685e-09,5.847584789055044e-06,3.318394882979937e-06,-0.0005883325027831669,0.0005005740291089116,0.0009619660332527873,-8.738050727363092e-06,0.0016141897367024163,-1.0802182394502297e-05,0.0015581357724323334,-8.243342010333615e-06,-9.213784495463173e-07,0.0008685717014730634,1.7975552600806118e-06,0.0007019695860995223,-0.39938171737300315,-0.0010841306294787547,0.0011210254537861372,-0.001206621981664948,0.0004585801350435531,-0.00046587544643705186,0.0005729024636291718,-6.640333838020509e-05,0.0010304622274981824,4.661381137331404e-05,0.000511819551606128,0.02795131375177707,0.0020013305803560336,-0.007084180600304308,-0.004538033755895352,-0.005340472395143513,0.0007756711265108718,0.007872910463383039,0.004858575705498204,2.4968759224318534e-05,0.002252032787166663,-0.008229397754608323,0.0021459703558034727,-0.0013398964604578358,2.536593275007019e-15,0.0236553028112239,-0.0022071955337040375,-0.002126815882483503,-0.0034333283144217202,0.015190440458320218,-0.024511898999168828,0.00448636682569793,0.006224467208044597,0.004076806766694771,0.419546065466509,0.0413753469454069
93,2.990751304324697e-27,-2.520511615055125e-25,-6.441903825793264e-27,3.224184332753381e-09,-1.8970648472232973e-09,-4.00681686809685e-09,-3.102453551942939e-11,6.14002576479197e-10,1.0597738218196488e-13,-4.155217878936577e-10,-2.1086295228458153e-11,6.692357486622234e-13,1.735312025183876e-09,-1.740647500277898e-18,8.41701316600514e-19,4.49395514003644e-11,1.0163206542402338e-09,-2.4525909206172174e-10,-2.291551646830022e-09,1.3549925377149512e-17,4.61055711089255e-12,2.897931375468096e-10,-2.1034673710073023e-10,-2.1639710707093382e-16,-4.796011103568302e-10,-7.49459147722312e-09,-5.609085371869324e-10,4.811259489403463e-08,-1.2397223002006638e-06,6.798128848453167e-10,1.7374587153238742e-06,1.5005167600760274e-07,5.64871594789522e-06,-3.4966961211685125e-14,1.929946239478555e-09,-0.5941306183793418,0.557172478223569,-5.655034715158755e-07,-3.2219405830585044e-12,3.0163663311537576e-06,-1.5909064244308455e-07,2.712646347288865e-08,2.467476748070392e-10,-8.860845730468424e-11,-2.4111268462175615e-09,4.487835513104458e-06,2.951792866347105e-06,-0.00047613497331662334,0.0008094297516972067,0.0010895419220849252,-8.485383711162925e-06,0.0014496166268863429,-1.0660936621453118e-05,0.0015037724124086138,-8.221322221119954e-06,-8.991262804350725e-07,0.0007797984704715606,1.7231172764242333e-06,0.0006998080591620347,-0.39473151692204855,-0.0010826029187175224,0.0007979917555134081,-0.0009521850132953144,0.0005230224323272898,-0.0006015338827965712,0.0008214975602764462,0.0002970609586555607,0.0012090250908249676,1.8528960163501166e-05,6.874364561633691e-05,-0.03616249554067047,-0.0015004880501772332,0.0029309652428957996,-0.004531117268012285,-0.004730905908254694,0.000538037776976314,0.0082776184094707,0.0036128606539765407,-1.2335985513243232e-05,0.002141978281960863,-0.008119921775217283,0.0024058625341472316,-0.0013077687759357973,2.6100395677869014e-15,0.023778904408761816,-0.003984596177852498,-0.001363522030728376,-0.0038002671787113174,0.014791140575588255,-0.025084204063981715,0.003954322996993557,0.005789984184697532,0.00429723401125919,0.4195194970754256,0.04135638082298066
94,3.442804895662289e-27,-2.896860618182737e-25,6.227984840302924e-27,3.71164624920615e-09,5.699143104762498e-11,3.858463342307702e-09,-3.6598691285741816e-11,7.252083596201677e-10,1.2657424528801826e-13,6.246806053291319e-11,2.7594001448744935e-12,7.336523418314267e-13,2.075276142079489e-09,-2.0213764170231563e-18,9.887407031366623e-19,-3.86755829518474e-11,-8.738913153033716e-10,-3.0168934147777613e-10,-1.3085159759722053e-10,1.5955267411137682e-17,4.58433842603169e-12,3.410754458438788e-10,7.228801036227475e-11,-3.1291078124450627e-16,2.2646759560616047e-10,8.836241574836749e-09,4.0116991326981475e-10,1.6275045162532403e-07,1.8459483492824685e-06,-3.941465650075057e-09,-4.669008528647112e-08,-1.4188915670098116e-07,2.3436596415565247e-07,-3.070042135150548e-14,1.0854068871437403e-09,-0.19172578012047628,-0.7976515704443261,2.8212364572951626e-07,-3.1725428173368976e-12,-1.1126925967482261e-06,5.6407683168492184e-08,-7.638307516707738e-08,2.3932708525451746e-10,-7.489014065091455e-11,-1.3913266127924162e-09,4.31856594010017e-06,2.2957781381240253e-06,-0.0004402559851662966,0.0005318591750067038,0.0011765675082389482,-8.07837149237375e-06,0.0013788481543192004,-1.0024032814658779e-05,0.0014145748119544844,-8.140763661695942e-06,-8.843409206139333e-07,0.0008082167741848703,1.7020385359386702e-06,0.0006624560101724423,-0.3816675119804872,-0.0010467335587800472,0.0009000474673666952,-0.0008273972065500941,0.0005028809081749775,-0.0005444071352404705,0.0007103413834974634,0.00012151538259704884,0.001140263359219885,4.6803314010754945e-05,8.561629805369429e-05,-0.01634419370092444,-0.00048017829987486,-0.04118990662157113,-0.0029167386921593783,-0.005575325783598854,0.0005201365238102992,0.006790836353250126,0.0036641035564969286,1.7666744546502122e-05,0.0024267541030363413,-0.008382825422275758,0.0028996950868915637,-0.001359724649403787,2.613757229053406e-15,0.023686411737644218,-0.003467406116998451,-0.0022233931001238378,-0.0029623681995210546,0.01486957971692116,-0.025199568063064854,0.005535189853270878,0.006534239813987886,0.004554222682423722,0.4194418564920123,0.04114648179715557
