,0,1,2,3,4,5,6,7,8,9,10,11,12,13,14,15,16,17,18,19,20,21,22,23,24,25,26,27,28,29,30,31,32,33,34,35,36,37,38,39,40,41,42,43,44,45,46,47,48,49,50,51,52,53,54,55,56,57,58,59,60,61,62,63,64,65,66,67,68,69,70,71,72,73,74,75,76,77,78,79,80,81,82,83,84,85,86,87,88,89,90,91,92,93,94
0,8.196417478632378e-17,2.0095072697754603e-17,8.533060877171928e-17,2.1216040044695425e-16,1.435620834861118e-16,-1.0793816236102434e-16,-3.976604628269864e-16,-1.4432524755616597e-16,1.287146822828047e-16,4.847113022943494e-16,2.586927047602734e-12,-6.4588588954845406e-12,0.3028374594334003,-0.08638610487695565,-7.248548827804771e-17,-2.006132945723995e-17,-0.0063485507841460655,-6.091260258636693e-14,1.353549289269822e-10,-2.2595012062476427e-13,1.26699167245614e-16,-2.9435417655851357e-16,-4.306545660066594e-11,-6.264665225271178e-13,-1.534994373575417e-11,-2.4519775631910563e-16,-1.6720634282034732e-11,-0.00829262244023667,-0.22421639780358424,-1.1129402458897534e-16,-9.531320839292191e-16,1.0297449702303519e-14,1.0885096064005435e-15,-7.625593824187117e-15,-4.090181353241906e-15,-0.1079745941741965,-0.6982472667780566,-2.9253487550724693e-06,-2.1459180664865062e-13,-9.590049834521675e-14,-0.1136670783479834,-4.4604425751581073e-14,2.2222098096686103e-14,-1.6466119409971097e-14,-4.926095463149636e-06,1.1336491795553444e-11,0.008225313250675857,1.0365645833939323e-07,-1.2801476917120366e-07,-8.390187889131515e-07,-6.645403455487087e-05,-0.00021391090768824799,1.5097983619430095e-05,-7.144098876101719e-07,1.2964852715750668e-07,2.2355536571667836e-08,1.0293753806956882e-08,0.06808174333980926,3.557932869046189e-08,4.0374278042678614e-09,-2.2118758790632507e-06,0.004878158680922218,-7.134248322475849e-05,-3.1354223313702007e-06,0.0008972305757642762,0.0030338592712152975,0.006153039398228379,0.008253644207700844,0.006695298920382879,-0.00026655949046276565,0.00014988858986576624,4.433682213268185e-05,-0.004771006439430568,-5.651247043293251e-05,0.005362139891971213,0.00028773303044694437,-0.0007123866101924755,-0.0007873434105699601,-0.0015435986687391654,-0.0013995171824884931,-0.0016092648147567768,0.0014714015813505404,0.5773502691896196,0.0006319917397729913,0.0023547590420368654,-0.005072330913968656,-0.0012171748369978557,-0.00011211984355689255,-0.0008305083149982013,0.0003579958290416058,-5.8766037734887324e-05,-0.00012664770205492474,-1.5646272788415648e-05,-0.00037290655447269004,-0.00019663682790809116
1,-2.4541290007334173e-16,7.624456436687857e-17,-1.3583906237058483e-16,3.024270724890741e-17,-1.765955042402192e-16,1.9378435059880493e-16,-1.6271919635014486e-16,3.222740268272219e-17,4.736972807828591e-16,-3.2176467334419237e-16,-7.102511742842338e-13,-7.84638858691299e-12,-0.08181301854343022,0.3060613977231539,6.580704625523568e-16,-1.6572168127879495e-16,-0.0652643271808189,-2.6901755836940122e-14,-4.943659896933098e-11,-2.346969582801617e-13,-2.237673782917783e-16,1.272326339962857e-16,8.856421480418622e-14,1.1547784258738172e-13,-6.136371541326312e-11,4.693680201296157e-16,1.8378855413821972e-11,-0.011150303193220837,0.07175926575707019,-4.886507810243533e-17,-6.580138024161996e-15,1.621490222569049e-14,8.383578658337862e-16,1.115598391142206e-16,6.585004280775877e-16,0.5005690443967081,0.2192009501055852,1.5616664232413448e-06,6.06888803516968e-14,2.983076257337147e-14,0.5053863897483499,-2.885621480277794e-14,9.931218037770354e-14,7.77307224324838e-15,3.777821839107287e-06,-7.067508465569094e-13,-0.00552279590984046,-7.62783872062189e-08,8.137242424668015e-08,5.658923900454828e-07,4.126713402014436e-05,0.0001656286889329846,1.43078665957757e-06,5.380467361439401e-07,-1.2307000116019787e-07,-6.4638502914190776e-09,-6.884723445892598e-09,-0.021323833073089587,-2.016985506655658e-07,-7.812351059198119e-09,5.632999568158317e-05,0.010263653750966838,-0.0001484052534055469,-5.2402896865220845e-08,0.0006958788363511246,0.0017006414534325703,-0.030721926694474738,-0.03143094218065474,-0.012563280750565094,0.0006326852862219979,-0.00023374571098845037,-9.403983272233983e-05,0.0011338193124761499,3.398586685180811e-05,0.0019589851226328565,-5.920358490478873e-06,0.004702505024998925,-7.268007210879939e-05,-0.00039399345080269935,0.0010623633817585564,0.0007749485963117367,-0.0007396142710963156,0.5773502691896311,7.782370826286652e-06,-0.003656228132441489,0.00011507371156851666,-0.0010105530846772522,0.0004901586019589544,0.0001111349902627305,-0.00046804938604103915,-0.0018993279937465646,0.0003776590635649039,3.314547561739494e-05,0.00048337166481335163,0.00042554036290065025
2,1.0759272661877629e-16,-1.3849252896620762e-16,-1.3260162243634337e-16,3.126305702984668e-16,-3.9703980892223217e-16,-1.9988574440590652e-16,4.087045979646074e-17,-4.384614113945497e-16,-3.8055096206731218e-16,-7.505342624569227e-17,-1.8769570865387883e-12,1.430432734868779e-11,-0.2210244408899692,-0.2196752928461993,-7.946706521016925e-16,1.0684231244486465e-16,0.0716128779649643,8.799817542857036e-14,-8.592122174168569e-11,4.609043735079904e-13,-2.407218505481518e-16,1.724870194524778e-16,4.298268894941163e-11,5.103911766327082e-13,7.671509580673008e-11,-2.3754863363065396e-17,-1.657791762991956e-12,0.019442925633457037,0.15245713204651268,-7.247577538255338e-17,7.825654939399599e-15,-2.62315267145078e-14,-1.7304831874768074e-15,8.023827256333473e-15,3.802521306301755e-15,-0.392594450222501,0.47904631667246184,1.3636823353630275e-06,1.531560084117383e-13,6.696251473903207e-14,-0.3917193114003617,7.311134072938288e-14,-1.213827453155571e-13,8.768649814574267e-15,1.1482736233317326e-06,-1.0629575843831495e-11,-0.002702517340844942,-2.7378070874875603e-08,4.664234455945498e-08,2.7312639948420625e-07,2.5186900539294372e-05,4.828221876011334e-05,-1.652877028086133e-05,1.7636315093621137e-07,-6.578525797651873e-09,-1.5891686074786627e-08,-3.409030096665982e-09,-0.0467579102667358,1.6611922229556952e-07,3.774923001759292e-09,-5.411811980245871e-05,-0.015141812431889497,0.0002197477366305402,3.1878252280709947e-06,-0.0015931094121109505,-0.004734500724631861,0.024568887296273673,0.023177297972987076,0.005867981830202859,-0.0003661257957596739,8.385712112256838e-05,4.970301058971005e-05,0.00363718712696743,2.2526603580942616e-05,-0.007321125014619696,-0.000281812671956842,-0.003990118414804079,0.0008600234826814375,0.0019375921195425863,0.00033715380073623706,0.0008343162184492989,-0.0007317873102547785,0.5773502691896266,-0.0006397741104657368,0.0013014690904360217,0.0049572572024114275,0.0022277279216784992,-0.00037803875842237625,0.0007193733246544265,0.00011005355707420276,0.001958094031480146,-0.0002510113615093747,-1.749920282928099e-05,-0.00011046511039796417,-0.0002289035350187522
3,1.5350340444653902e-16,-1.1071475578563674e-16,-4.2796435782294046e-17,-1.8087623601415685e-16,8.244043771563661e-19,5.262214402828052e-18,1.030403686746563e-15,2.0988399061329215e-17,-4.923198853807748e-16,-3.8594777516354304e-16,-8.236613391544502e-12,-2.0186216933781518e-10,-0.6775896688812924,-0.05584600629480451,-7.220132260553119e-17,-1.259838524396316e-16,0.647285941317548,-4.665452212753905e-13,1.1903357559143424e-11,-1.992936827957343e-12,1.3373210866529176e-15,-1.497409430325687e-16,-5.823553202597434e-10,-9.71027783061609e-12,-1.3453810030538072e-09,-1.5157299775587923e-16,-2.534673193768851e-10,-0.1047040345071763,-0.022402185809158322,3.467292325491795e-15,-8.154900455882867e-14,1.6681388678633028e-13,6.5645322965206254e-15,-1.5374394863983204e-14,-3.777489925906436e-15,0.05904694309390413,-0.3007798176335838,2.7477541458729963e-07,-4.465567856723162e-14,-1.5537329127919353e-14,0.08273129313186839,-6.140573749733459e-14,9.641996082293546e-14,-1.3678649420956172e-14,-7.187648797419729e-07,5.5019823276427565e-12,0.0009808243785465818,1.4757369988063914e-08,-9.731780263870056e-09,-9.354381378383983e-08,-7.970476766973259e-05,-5.400055533382142e-05,-1.67010191728476e-05,-1.7502599446019679e-07,1.4959542390967663e-07,5.1509922829781345e-08,1.4262624498603796e-08,0.06637659408080314,3.6583651000700585e-07,2.1159673070166013e-08,-0.00019504917832691433,-0.0385716043902508,0.0005582025376429202,1.533581976499114e-06,0.002898784628802719,0.007786671981597084,-0.015396837079021924,-0.009269776358531724,0.004791882955358803,-6.027112451168809e-05,0.0001920878311915071,4.3770968101603314e-05,-0.006899100325096885,-8.863889981648025e-05,0.007750439271848663,0.00040971110276055597,9.046915571635067e-05,-0.000779909241012347,-0.000990837786577633,-0.0026272640424755923,-0.004963576997599984,0.004122296465233203,-3.97327315865235e-15,0.0007486375863479937,-9.635257646602566e-05,-0.005998926980774115,-0.0016361813372275905,-0.00019491699842161427,-0.0008610515062374926,-0.00013569158635527492,-0.0011492215658451402,5.847674768351244e-06,5.391131034621086e-06,-0.0007460054444057816,0.00046741612900780825
4,5.171333077233102e-16,1.7502756760128281e-16,-3.8262874497389864e-17,2.9911055059864085e-16,5.139939777260767e-16,-1.3626821820912185e-16,7.561056358041285e-16,2.359800248551649e-16,-6.543425194923315e-16,4.447741396833337e-16,1.1112952634296733e-11,-2.4410142888271e-10,0.5737437791179866,-0.40185645519482716,-9.644534871271789e-16,2.1922579236213924e-16,0.6233287448181729,-7.837760658162895e-13,6.013645318519931e-10,-3.0074869037462953e-12,1.0060004624254707e-15,1.466144456488552e-17,-7.03420947457224e-10,-1.1558315221947462e-11,-1.378102022343968e-09,1.2709765346211627e-16,-2.7568943150944575e-10,-0.11023073385807512,0.02528536900182999,3.3513921560809763e-15,-8.152865993827441e-14,1.7475342971893342e-13,7.39388993852626e-15,-1.983124779495871e-14,-4.715365879722811e-15,0.12801296128858777,0.23118679736753492,1.3831577384327436e-06,-3.3502072787568134e-14,1.0093035212690417e-14,0.17908097264539452,-4.162916006551752e-14,8.566373006463686e-14,-5.190599628479318e-15,4.071417826898631e-06,-3.3619836129928864e-12,-0.008579120464979398,-8.861427689212113e-08,1.332328963466819e-07,8.829439269325655e-07,8.955901911353703e-06,0.00021223038023889651,-3.597392097147556e-05,7.273109994307553e-07,-2.5080870736569948e-08,2.0401605872667426e-08,-6.054468566060992e-10,-0.05004735410348597,3.120265759044891e-07,1.4988248309439116e-08,-0.0001915683957879598,-0.04632802387969277,0.0006716486677536974,6.6701927392893635e-06,0.001338525249752461,0.002487489349438869,-0.02623645632723933,-0.023837678476755372,-0.0070816069158978565,0.0004114284057675009,-7.557752032055219e-05,-3.505881175984199e-05,0.0017476356115966685,1.2990011424596293e-05,-0.0020227059210597997,-0.00011343565196068432,0.0014066124417052024,0.0006657761802818591,0.0018859999851569137,-5.4901406701744556e-05,-0.0019781365117505366,0.0013686364085950169,3.735948107931942e-15,-0.0004579717265290638,-0.004555056430347912,0.003544513829822651,0.0006238711300898581,1.929373220089373e-05,0.0007202994554363787,-0.0008195464551193067,-0.0010385816456475643,0.0002434084440593703,3.5040252346367885e-05,-3.5531539157953745e-05,0.0008421303318660953
5,3.007060117491819e-16,-1.3828346145654357e-16,-5.19247380046734e-16,-3.575670372483053e-16,2.1641916161193067e-16,2.3054043748096594e-16,-1.9466964169246654e-16,-2.476370675426348e-16,3.8984642716003045e-16,-3.520835539433256e-16,5.799514439190591e-12,-2.9542665842509174e-10,0.23568993737488594,0.824040253170434,1.9675142746347143e-15,-3.4067012113238256e-16,0.37704414163371536,-9.230394935054427e-13,3.8608257594173693e-10,-4.059275696922249e-12,7.423570815844277e-16,-1.0027964429580087e-17,-7.031781937883713e-10,-1.1217380085366226e-11,-1.5088939429223215e-09,-2.9901592751699834e-16,-2.5126265377901727e-10,-0.11766196250313159,0.0100232206821357,3.916803089488062e-15,-8.97427293108236e-14,1.881501336463012e-13,7.514497227528403e-15,-2.0075308517742915e-14,-4.549324456388664e-15,-0.1917127490749019,0.06418637648403883,7.91459586644482e-07,-3.7022944495020886e-14,1.975676669741102e-15,-0.24930882491479978,-2.9843313567720795e-14,3.9191491716175045e-14,-9.152016053682508e-15,3.978274590849039e-07,-2.809303549165045e-12,-0.0021602008845274055,-1.2545475717868956e-08,4.235758231875896e-08,2.2433295383352006e-07,-4.610127796167564e-05,6.090911765063053e-06,-3.7800351008082684e-05,4.7729875032377855e-08,1.407321337146585e-07,2.9396223586791404e-08,9.33869636268096e-09,-0.013582294382568968,6.170740896923325e-07,2.6929845164395788e-08,-0.00028021372495999527,-0.06264754302494054,0.0009076371128700674,6.756041870590353e-06,0.00012841102668962971,-0.00048298780454414066,0.02788541197027508,0.03163877260952472,0.015198202920179258,-0.0007081616407456544,0.0003418366934776472,0.000132141699127483,-0.0003072423935635252,-4.812829784910344e-05,-0.005593192036671826,-0.0001026714504150342,-0.007281325157655629,0.0007992281394357808,0.0026202939853011142,-0.002007563298269981,-0.0034157885952725534,0.002752790334654449,8.789625477174638e-16,-0.00047282996037957895,0.002367961243176564,0.0033280060400496807,0.002500267949148663,-0.0009171794996850197,0.0005086899861470881,7.453617249701993e-05,0.002537318751224344,-0.0004649895467004925,-2.7769225720032598e-05,-0.0009564672274648217,3.121398636306876e-05
6,-2.725132920565826e-16,1.2283940257677581e-16,1.584372852095055e-16,9.148027910981552e-17,2.7710284720822144e-16,9.371568575827502e-17,2.7411292774246497e-16,9.250099709943507e-17,2.3149760205562583e-16,-2.310531375912457e-16,7.365354548111219e-11,7.955710773192237e-10,0.05941656923105528,-0.01800678212836166,1.982808043196052e-16,-1.5664962705993632e-16,-0.1129219998771998,9.727217652713955e-13,-1.8876266537178781e-10,2.8949173221733405e-12,-4.922254782495358e-16,4.337448471003451e-16,-4.4730824595680754e-10,-6.271864788212394e-12,-2.5694762492725126e-09,-9.934404571331281e-16,-8.252114804874874e-10,-0.37090177318118306,0.6336390147379068,1.117941686951923e-14,-2.8009107861516963e-13,5.822445933152631e-13,1.9889235465931385e-14,-2.829462075255493e-14,1.6783376953251755e-16,-0.18844820508334167,-0.12303207712519008,9.476155817143483e-06,5.472781706707659e-13,2.345969153446646e-13,0.15824375819471453,-1.346024689133852e-13,2.8679978987264695e-13,-3.980751834737282e-14,3.664380014679412e-06,2.0831260715017877e-12,-0.006640234306164326,-8.060057244166588e-08,1.532408058751995e-07,7.200836230210771e-07,-0.0004884617264369923,-6.67512424445642e-05,-0.00014961886833562174,-1.9341553325942162e-07,9.25376348971882e-07,3.512143739877711e-07,9.360301694333173e-08,0.47578312159868746,2.71356565273154e-06,1.55802505086895e-07,-0.001484175486445337,-0.2990494476993155,0.004328542516998313,1.4280459593538459e-05,0.023318883174973985,0.06244693635922148,-0.15300687740609048,-0.1055684675761962,0.02469999293054679,0.00018424663212518623,0.0012790252935110295,0.0002497169829088234,-0.05376436682155296,-0.0006680508968811032,0.06416535294378505,0.0032658361356142415,0.006221318784775962,-0.006343544016213565,-0.008568892145798885,-0.02002160229348849,-0.03948479480102999,0.03282176639771855,-3.296795723944364e-14,0.0062727188113725655,-0.005293157122190595,-0.04930014980485924,-0.01451144094220817,-0.000959644039289478,-0.007049644789164146,-0.0016908009317890872,-0.011821306683331832,0.0005123761091396721,8.574560464472177e-05,-0.005543142420210062,0.004383882758878746
7,-1.5821845817854627e-16,2.0664902558298964e-17,-9.670309500982934e-17,-1.476563560271284e-16,-2.2472189387827306e-16,1.3740442222726282e-16,-3.203654547131001e-17,4.0916729653519365e-17,-1.41378569964611e-17,9.589016169072739e-17,-7.842508700616586e-11,9.520535262252374e-10,-0.06471091342716272,0.005675335674525693,1.73926803069486e-16,1.2529332989912981e-16,-0.11389810281377748,1.6331054485171244e-12,-5.591906576319296e-10,3.3643811556665064e-12,-1.1937499362994207e-16,-1.7123388024218894e-16,-8.50829176295458e-10,-1.184095857750238e-11,-2.6349154429496526e-09,-7.496775044175639e-16,-1.0229251358564746e-09,-0.4301841941815353,-0.43695637772313267,1.0593966759481718e-14,-2.7119631418849887e-13,6.550242219850868e-13,2.925373983895086e-14,-1.0155755452236775e-13,-3.242845954212398e-14,-0.3676413687578759,0.0812556378486775,-7.660288494720049e-07,-7.314581518074709e-13,-1.8166259210627278e-13,0.31068693575107653,-2.356898020292484e-13,2.951606814731172e-13,-7.44277003767618e-14,1.6474028409926987e-05,-3.6404566623573684e-12,-0.0465134344611355,-3.7945813582727145e-07,6.993867922287835e-07,4.803699870629609e-06,-8.164293698249467e-06,0.001209354468563807,-0.00023407883821164284,4.229257216125911e-06,-6.19311072485918e-08,1.730711734312044e-07,3.2409343704282472e-09,-0.34487010832110004,2.139862177105753e-06,1.076064269160489e-07,-0.0013652873255227665,-0.32835434232983585,0.004760209506619449,4.677182352810921e-05,0.01288526944737988,0.02650223861659683,-0.26342488956843263,-0.24438873420277166,-0.07516974598158778,0.004283274286627927,-0.0009452963044692064,-0.00043174623324486965,0.010849336257936493,0.00011445620528585725,-0.00486804381630979,-0.0005695826730549032,0.022314581213779237,0.00415501477470103,0.012139997767987689,0.0006054617806768434,-0.015523397143714783,0.010596701845003614,6.8461239800270904e-15,-0.0029205738056050433,-0.0437547316376837,0.022688747875767308,0.0009070461134831028,0.0014226842594326668,0.00512093892640453,-0.0074809390937684225,-0.013497670871986065,0.0028036166814748385,0.0003536233515201246,0.0006550781572328472,0.007709311083545076
8,-1.8217541800335833e-17,-1.763150636517072e-16,2.8297328429946503e-16,4.9819277485092133e-17,6.562187585637177e-17,1.4017680944605933e-16,-4.354879447563438e-16,-3.5184866039376153e-16,3.418132326305679e-16,2.05257843137903e-16,-3.393190961224934e-11,1.1189617983652076e-09,-0.031424091396810565,-0.07986777638250699,2.7164393684369846e-17,1.464289294630893e-16,-0.11322430561152957,1.7779487688471982e-12,-2.1465998100125436e-10,3.838589435222969e-12,2.845032354580227e-16,-5.488730051355312e-16,-8.720978420081074e-10,-1.1273179824796158e-11,-3.2727633090650864e-09,-2.9184850034011454e-16,-5.898847053274611e-10,-0.5133876923837588,-0.09271997374669136,1.3647867829237504e-14,-3.3492984865093535e-13,7.848916707876452e-13,3.221835611867146e-14,-9.838713049897974e-14,-2.638452746714895e-14,0.4452787375656038,0.020710445449256546,4.654949086676229e-06,-3.4118488911616457e-13,-5.5179548159358855e-14,-0.374613115285098,-3.378393566333561e-13,6.06017564511699e-13,-4.263796396106699e-14,3.3865100816373145e-06,-2.642827262894867e-12,-0.010418502624860708,-8.4316350307515e-08,2.1491019302676849e-07,1.083135395863117e-06,-0.00028721701446663816,-3.7253201345954745e-05,-0.00021093512817862663,3.315623850513882e-09,8.913492358648237e-07,1.6940353014753073e-07,6.04436886639794e-08,-0.08724065706623106,3.990167307813457e-06,1.7179114542811785e-07,-0.0017904014479594268,-0.40115890876115606,0.0058120631823099555,4.3454049629079845e-05,-0.0028863056082036645,-0.013112827429769715,0.2800249913054261,0.30372668707131695,0.13326718517835448,-0.006438235699193795,0.002827515473884469,0.0011210092591670976,0.000297702003190763,-0.0003552542650745978,-0.0509322341799996,-0.0010333829323287576,-0.06510567582445244,0.006470975197227189,0.020601321548173103,-0.014956244273200634,-0.0221607886145254,0.018172960535491816,3.033364451335191e-14,-0.004112672329107478,0.02846500176459396,0.028688872806880004,0.022070535140339333,-0.007987966405446752,0.004084715376503393,0.002162518897235784,0.024956706124866227,-0.004462804375039858,-0.0003075314295006445,-0.0077213718297066474,-0.0015604151946337279
9,3.408347088826019e-17,-2.5713969754098516e-15,1.4752689134638973e-15,8.787342362239901e-17,2.5779749532137747e-16,-2.7758823117594885e-16,-9.016768655181429e-17,1.7833376368484822e-17,-1.4790832342499025e-16,1.3140685870894797e-16,-9.351731613006232e-10,-4.43825963419668e-09,-0.006456293161866968,0.006116516153356089,-5.817777001561996e-17,-2.0850567516822698e-16,0.0258841275551,-3.0846627317414996e-12,7.416558725095917e-10,-1.0553951477156677e-11,2.601535378829158e-16,1.0210813688161324e-16,1.0895602723171997e-09,1.837847121041886e-11,6.2247543926382114e-09,1.0987269795129748e-15,1.7120634756409742e-09,0.2987160223750951,-0.46351016334487816,-1.827526271493012e-14,3.654306539352005e-13,-5.440417934395517e-13,-1.2924438371815943e-14,-2.720605485062425e-14,-1.6936758718355438e-14,0.1315003004256862,0.19905295556891686,-1.9075701774776905e-06,-6.811995509161989e-13,-1.568237377499595e-13,-0.1323840538730452,-8.088867575441096e-14,1.3993766942609439e-13,-4.046597553475179e-15,3.4503293832715734e-06,-4.479045607938042e-12,-0.008617739761031338,-8.035029991428212e-08,1.6924372258348786e-07,9.09563800621339e-07,-0.0004302510205304557,5.562626614700351e-06,-0.00015620203108951934,6.081924404824546e-08,8.896405476351411e-07,3.3390778751827397e-07,9.60408074774638e-08,0.6111226713860617,3.334807983664162e-06,1.8654974057355446e-07,-0.0018678377812597203,-0.38610782340216776,0.005589871636869148,2.1617193732071174e-05,0.031411264256107976,0.08444449316169024,-0.20214629032371548,-0.136355150665717,0.03868068828441782,5.0863094160554595e-05,0.0018917909729307056,0.00038612475119244284,-0.0777630462979115,-0.0009641205186031019,0.09267245344420727,0.0047269410954016945,0.008547883178988464,-0.009247963183830352,-0.012752022944532305,-0.029970140517711723,-0.05991678610676001,0.0504272149916018,-4.3153243043393176e-14,0.009938496203448204,-0.008508352031872099,-0.07590985581552129,-0.021657681476608518,-0.0014684013631318892,-0.011099801272408644,-0.0027257483458820475,-0.0182804460873061,0.0007808863371612254,0.0001361659524460748,-0.008709948113389914,0.006961766290202047
10,1.6390909931927632e-15,-2.431424738763035e-15,1.936342715586643e-15,5.194482308884661e-16,-2.951421043327837e-16,3.95109541883421e-16,6.129102533933047e-17,-1.0162817249585422e-16,2.7629341578854834e-16,-1.2336852374199135e-16,8.278826797145649e-10,-5.503460362784824e-09,0.010140666917039019,0.004079660894399478,-7.526277593486781e-17,-2.65366169213306e-16,0.027215637101174923,-7.731233989021832e-12,3.1830232200702416e-09,-1.2082751599823515e-11,-2.7460662525480755e-16,1.449475221197325e-16,3.000197109008024e-09,4.6542530020331015e-11,5.7434426138302375e-09,7.111577368257004e-17,2.397693655448283e-09,0.34457033217675637,0.3158911083643259,-1.2563592029857887e-14,2.877320228069111e-13,-5.806622808063824e-13,-2.9800929390704896e-14,9.32619938751877e-14,2.5322849338166354e-14,0.24957976669844695,-0.15130960853691064,3.3777630022186585e-06,5.514031967658117e-13,1.0068631413842831e-13,-0.2708566391995561,-8.970764410507787e-14,2.2906381637028515e-13,3.2247494058258055e-15,3.5112133715671223e-06,9.428019226187513e-13,-0.024240889184607456,-9.990974293791891e-08,3.4115763906935027e-07,2.519401219174683e-06,-0.00010008978312985665,0.0006724200552275194,-0.00021318080199143338,2.5199577248084734e-06,2.1844788412322127e-07,1.900653834171755e-07,1.8313814524126046e-08,-0.4452651857479614,2.8871833313450747e-06,1.417328792421587e-07,-0.001772193977335385,-0.42542777907106605,0.006167418326780511,6.0514162108937456e-05,0.017274157983668974,0.03555193681328062,-0.34589698371733735,-0.3196638523782438,-0.096943945186694,0.0055649002317218815,-0.0011836937392105998,-0.0005425727329488483,0.01520889387566332,0.00014223302342011518,-0.008040350378435479,-0.0008319059306823889,0.032365679603169606,0.006249095686325417,0.018622061947800608,0.0004235267387749811,-0.024002156632113573,0.016561662863510417,9.821113489336484e-15,-0.004570542233753838,-0.06875485693766879,0.0349059908946164,0.0015520563538875447,0.00236534793714754,0.00803776508408769,-0.011951710858491416,-0.02099708025447619,0.004306721253184659,0.0005572581986145336,0.0010930936912848495,0.012263166787881266
11,1.2060135529098176e-15,-2.92322725645486e-15,-4.892146587164599e-17,-5.035368384969205e-16,3.0189600756538273e-16,-4.48159125569873e-17,1.6775376088508436e-16,-4.538384140589163e-16,-4.93472232552213e-17,-4.035501708351249e-17,2.928226820307883e-10,-6.406339664707729e-09,0.005919262790787175,0.012942523723771016,2.0481466294749443e-16,-2.0037856301396253e-16,0.030608778190280007,-7.921571826698968e-12,-5.881353202298012e-10,-1.2219027403999762e-11,6.487730796133053e-17,1.1499233244237144e-16,2.7177303861451615e-09,3.533189718051408e-11,7.3763070810939215e-09,3.6616361355758574e-16,-3.0484507006619916e-10,0.4099525758465457,0.06491707240786859,-1.4819633922939883e-14,3.588376257579802e-13,-6.970783327732702e-13,-3.034282886951305e-14,7.535599335475851e-14,1.0186390769201842e-14,-0.2798900000376174,-0.044889202183735585,4.12116790390373e-07,9.70272330020387e-14,2.32991178254668e-14,0.35213958002194956,-1.3565383412552671e-14,-4.358173698429242e-15,-4.05213605532547e-14,8.883938735974097e-06,8.004234753315754e-13,-0.02198409802444381,-2.009512697508089e-07,3.6990621026625287e-07,2.280128373250115e-06,-0.00028819966265526524,0.0003344003387053298,-0.0002234133451908221,1.2129605811912201e-06,7.803206435017874e-07,2.2908394147620956e-07,6.637003468817652e-08,-0.11228772979091332,4.580978190274198e-06,2.073428577773399e-07,-0.002260844810983574,-0.5125602834911567,0.007426791980019904,5.7302923677823126e-05,-0.0018588641550922453,-0.01305660734612181,0.36039526856491594,0.3977303002555512,0.18101290158578767,-0.00861540891626259,0.003955510161202902,0.001542738715141978,-0.0005379040374643416,-0.0005187627971463063,-0.07293361962098896,-0.0014404033161561683,-0.09688449026661362,0.009535753909905681,0.03132767317011378,-0.022446186628675712,-0.03398655769235229,0.02805807965753726,4.244895605963302e-14,-0.006537958970115491,0.04486213322573985,0.04424284236941194,0.03316357368870919,-0.012731481108706456,0.006436109404708746,0.003561351647318785,0.03865454686325691,-0.00685778894945092,-0.0004849266522508054,-0.012209025644806054,-0.002590032713090034
12,1.1864411420930684e-12,1.594991637576666e-11,-8.745082054591095e-12,-3.968775565956158e-17,-1.8524593386784735e-17,-9.269316075761735e-17,2.690935640951941e-16,2.5608617019968203e-16,-8.264709796819075e-18,1.8255745854909063e-17,2.2335591206112632e-07,5.024417622476667e-07,2.8318774526193482e-05,-6.910672696157836e-05,2.2614688899077063e-17,2.2396749645539766e-16,-0.0002688690396069669,1.1280229810452088e-10,-1.078743533839527e-07,9.415448338300483e-10,1.4267930066875374e-17,6.574588800217428e-16,-1.6827787263046712e-08,-6.401156311046547e-10,-2.785072528440709e-07,5.789448760430739e-16,-9.203748945053074e-08,-0.007297022021160533,0.010721862966254533,5.85443115542907e-13,-7.98811211746429e-12,3.538802677405223e-12,-2.696110372721215e-13,2.8726610682994733e-12,7.192178769766312e-13,-0.0031325347353076227,-0.006677862265857971,-0.00013297730028191074,1.0202387824958591e-11,-6.241752806201159e-13,0.0031651187345319316,3.729139499403889e-12,-7.495014829930868e-12,4.737144145765019e-13,-3.217064414973299e-05,7.311472407834868e-12,0.0110854828055289,6.623226764329449e-07,-1.0636869870790574e-06,-1.7088025820335257e-06,0.005954904782014107,0.0028396319978463203,0.0013276733262012619,9.406523201743904e-06,-9.881887948895224e-06,-3.64130369563428e-06,-8.126138710603593e-07,-0.19868579503238604,-7.5891643282840655e-06,-5.618499920002464e-07,0.0022295578202008357,0.10885072222111325,-0.0015326217417687255,0.00010897246284110173,0.04364338250891334,0.12948388742581474,-0.06399306515099876,0.10727700210593513,0.2974021767058554,-0.009150020696921377,0.009962622468370798,0.0027430535629423183,-0.325328028184496,-0.003999827833212474,0.37321026789840517,0.019733151779216133,0.0035720170280744406,-0.04086387341452987,-0.06558138015911445,-0.16752950756782028,-0.3639153534229328,0.33154905165121445,-1.3348561139680853e-13,0.07709987486496041,-0.060408766254252726,-0.5020590065200659,-0.11336587571993392,-0.010831710553927143,-0.08363396567624541,-0.02177194346307922,-0.11852813733979077,0.003752824905439247,0.0009733815586643204,-0.066249717956616,0.05355657830863791
13,-9.716277170406883e-12,1.0873550969760859e-11,-1.2893468827959481e-11,-8.52485667245353e-17,3.889018646359037e-16,3.292548871859013e-16,-3.173057949627609e-16,3.96704190137663e-16,-4.816943971238291e-16,1.1336384198331731e-16,-1.7865496469387087e-07,6.612730708045608e-07,-8.312703909877156e-05,-6.713909989720487e-05,-2.552337647824224e-16,-9.600392108687688e-17,-0.0003114259664434369,8.241525537543054e-10,-5.068229779542187e-07,1.1061899415846982e-09,-3.6922643120782186e-16,7.525112718722872e-16,-2.0096214271413804e-07,-3.5560739417515375e-09,-2.0243122660948827e-07,4.113076007171764e-15,-1.5331881949971376e-07,-0.010029599603246417,-0.009966249285966617,1.8109519257465688e-13,-2.635574519019466e-12,2.0640481080793004e-12,3.061519750195897e-13,-9.478748711298433e-13,-1.98336823464461e-13,-0.009612777585967007,0.010506416387212378,-5.85909149789412e-05,-3.0566529591480186e-12,9.944965120044514e-13,0.014407810294004257,6.028380768668809e-12,-9.98300445434266e-12,8.261466666153899e-13,-0.0002540118649046519,6.156644343498975e-11,0.7432747773516991,5.975796525176325e-06,-1.1152637123187017e-05,-7.662743820924725e-05,-0.001833282422027251,-0.019735693411132658,0.0026030431269715775,-6.74462120707561e-05,6.211827564266128e-06,-1.062611080868007e-06,3.6301730386133593e-07,0.024870824730306114,1.9121241807396918e-06,2.3200952004590225e-08,3.805344235395084e-05,0.008075760700533782,-0.00011695386354590445,2.7589710310369694e-06,0.0183056503935268,0.03443273095583764,-0.01878229755258454,0.048175732165816366,0.08275929494694555,-0.002703826270864176,0.0028940366825227913,0.0011869127538666527,0.049918358557976356,-0.00035803193490115896,-0.0982489937112467,-0.004481324989958483,0.11101197000211159,0.0382674911934856,0.1280339658462922,-0.019467502541390812,-0.16438845155890655,0.1210593691272207,9.005812119708166e-14,-0.03527209884794049,-0.4968754771109277,0.24477534483235794,0.02603782180571352,0.019977617425273698,0.061385651177817295,-0.09536204054376148,-0.13597301683425173,0.02619524541679603,0.004057708185311188,0.008507879344507018,0.09558925479382296
14,-7.69861719274781e-12,1.6810307114649974e-11,3.024885097406141e-12,9.937827207466921e-18,1.4092730378707308e-17,8.223225994281048e-17,3.3038571086137296e-17,-1.2741996538565503e-16,-3.8073580528435596e-17,7.981236116897541e-17,-5.436495137489392e-08,7.590426681429545e-07,-5.352541200525529e-05,-0.00011227835959030003,-2.989038852173674e-17,1.400969314251176e-16,-0.00033951777881801774,7.900912621770487e-10,2.975654446830061e-07,8.287511194705659e-10,-8.802119818948995e-16,4.651246726202591e-16,-1.3936026371536398e-07,-1.4554011167415676e-09,-2.877628061885738e-07,1.1800961621254746e-15,1.328788177758927e-07,-0.009986044941729296,-0.0014773809051322202,5.316157195934217e-14,-2.789419104026721e-12,2.452021916496307e-12,2.525415814083828e-13,-2.8396134084850956e-13,3.4656777970239646e-13,0.005593722302695551,0.0019261054519852051,-6.828756683423448e-05,4.7560356739973706e-12,3.45539753324601e-13,-0.009396691014004942,4.762582163099708e-12,-7.187464245764496e-12,1.6049379705607927e-12,-7.653064960103136e-05,1.9337384305049027e-11,0.031418686291692526,1.5868120269052137e-06,-1.8915119240797758e-06,-3.1448239332350557e-06,0.0024367811864937374,0.004895564198256771,0.001789163343331758,1.6025737651857646e-05,-9.707731205765101e-06,-1.464982851204098e-07,-3.613715730982478e-07,0.000928419343352442,-1.814825259278402e-05,-4.789398441949336e-07,0.0016013009789435093,0.13939337931014245,-0.001992847091670216,5.26793932818631e-05,0.08384359568175533,0.1807220147715727,-0.28255375006948386,-0.006553463625805016,0.28564167492309545,-0.008033177192964334,0.011155066236035861,0.0033044805547636233,-0.047278884542817645,-0.002427199954823972,-0.2591160701614759,-0.0033203653405836724,-0.4957319207500884,0.04648789813503572,0.19360691819684264,-0.12890660251219677,-0.23293380247464832,0.19914463991608003,2.052771064180473e-14,-0.0512660284622321,0.3179934956718728,0.2923110734096361,0.18314561491248335,-0.10116979581554907,0.04887708294117746,0.029583315036129296,0.2552986810937008,-0.04329873898027352,-0.0034901915627373664,-0.09438052491218535,-0.020642203174518727
15,9.366079837501961e-15,-1.1538409287616616e-14,1.8150679516065248e-14,-4.1387497290683315e-17,8.51041567349915e-17,-1.232333263049816e-16,1.0806737068508233e-16,-3.089461419417577e-16,4.587830864047473e-16,-1.9510891433462233e-17,6.983376419660657e-09,-2.8855343555950832e-08,5.162303449829399e-06,4.264332487977674e-06,-1.0999152458670785e-17,3.110249673896931e-17,2.0639923340087108e-05,-4.3334654035830374e-11,3.028829649095076e-08,-6.475101175621118e-11,2.1050619850241636e-16,2.2248891238717765e-16,1.625308256677047e-08,2.785934117341471e-10,1.9387618925932947e-08,-4.3001512436876373e-16,1.8764542220773264e-08,0.001593128614518,0.002617423377177724,-2.3740940058491177e-14,3.625983619634259e-13,-3.1343112324271235e-13,-4.619076768011564e-14,1.612619820336667e-13,3.9919823544342804e-14,0.0036943593652217824,-0.0046621509806855765,1.7556279482780346e-05,7.171575365037791e-13,-2.743714452360718e-13,-0.007165266483472791,-1.893837960985105e-12,3.2597868650386536e-12,-2.801776045997384e-13,0.000153229281334648,-2.8025293945858845e-11,-0.6633586662530955,-3.7644661997923354e-06,8.92807440585152e-06,6.866355143717281e-05,0.002891626882721955,0.022237635092834527,-0.0032655511877299026,8.075080717240979e-05,-1.040839972918856e-05,2.252860514699566e-06,-1.1270058726448943e-06,0.057873401919050486,-1.4750344970964957e-05,-2.7652934954911984e-07,0.0008688155236647806,0.08965967395006756,-0.0012930895916641726,1.2179140897235607e-05,0.035783888388185574,0.06455650163531708,-0.03262006513451844,0.08231069408472835,0.13589227254915015,-0.004520017743840901,0.0044940553215787535,0.0019084199943264688,0.06940698361161061,-0.0005268445173601459,-0.1313006913731355,-0.0060914642288349774,0.13559256830257072,0.048650507389283566,0.14808704079856663,-0.024583325176739782,-0.19561842069100754,0.1365637474070785,1.0878274194152027e-13,-0.0355088314193218,-0.5236788424888357,0.2675684593030875,0.030813826612044435,0.020035524683818355,0.06271617456632243,-0.09572541390622395,-0.1480628920800227,0.029149370204759564,0.004257832156804963,0.008663304361000266,0.09722834970698851
16,-3.4469674759858056e-08,-1.1531428005029482e-07,6.739703829738138e-08,3.9432062365925166e-16,4.280789364509156e-17,1.1269141620573177e-16,-2.308626412932436e-19,-2.422651780788602e-16,-9.33741134479918e-17,-1.7980121287686786e-16,-6.589742032578097e-05,-7.651329477061072e-05,-4.353284061648502e-08,6.345363616859635e-07,-1.1096324935899107e-16,-4.702517071726819e-16,2.4541393500804026e-06,1.8648819647718427e-08,2.9982119532125367e-05,-1.3420799924551361e-07,-1.3705319586642082e-14,-8.775843495402777e-14,-2.7985772541044943e-06,3.040675438618569e-08,2.4113250862404635e-05,-3.505869949836736e-14,1.1153622387505218e-05,0.00015578328169542612,-0.00020776463992236424,-4.9872530617851965e-11,6.089859944336518e-10,-2.230004187902563e-10,2.593533183521873e-11,-2.0501671208035134e-10,-3.831697540890611e-11,8.438058237489298e-05,0.00017005830858049368,0.004962090640627751,-4.79017552580944e-10,3.3619998475481687e-11,-8.781259291372234e-05,-1.0200170099610765e-10,2.2354583835168745e-10,-2.7453211124099432e-12,0.0002596152172386545,-4.611430910477101e-11,-0.006543259341186735,-4.989638026316746e-06,1.0927855168869274e-05,1.2526988376850521e-05,-0.07810005477121564,-0.02638140683008694,-0.014449234608101632,-8.285190494498499e-05,0.00010328466957497669,4.758714160908301e-05,7.929758112564782e-06,0.061886561990156186,1.6264663720315384e-05,3.611945493905415e-06,-0.011385917968540693,-0.023021594922898733,6.746034072224983e-05,-0.000570735870100851,-0.06041846723372267,-0.23779685110777074,0.08732329701485149,-0.06992261616353786,-0.33440855303732064,0.010307275547687202,-0.0077681756430179345,-0.0021169143848511827,0.33135252099535983,0.004056417576052846,-0.47248221178259364,-0.021030591145802822,-0.21797247883538884,0.044542095071117956,0.04402189637503117,-0.023711087066580015,-0.19993430420258726,0.31269721865101835,-6.048438841704239e-14,0.14385530644307407,-0.05613046935206425,-0.449719217898965,0.041482296393813234,-0.02277756429542353,-0.14096592999264462,-0.04135850691278816,-0.08090338544374774,-0.006492275192197299,0.0010832774631570534,-0.1222365790331138,0.0950748549342861
17,8.58543641683479e-08,-5.512976576538238e-08,1.101327705992074e-07,-4.586470374693898e-17,3.649006745819119e-17,-2.1398888841455794e-17,2.5745307775397647e-17,3.034447200400456e-16,1.2041823309189847e-16,-1.5215746646928448e-16,4.781247601765181e-05,-0.00010188873763338539,5.737399930249797e-07,6.684176435873201e-07,-3.887781360265574e-18,1.5597654879216906e-16,2.8188519446273325e-06,-1.182615496861149e-07,0.00011326593238571195,-1.5303843562614636e-07,9.250171402124566e-14,-8.886902420871943e-14,2.0837055061195838e-05,4.3008833427567286e-07,1.0656604657924066e-05,-4.986526398346827e-13,1.7824680363391897e-05,0.00019882891585269025,0.00020118567495110005,-1.2030541728313824e-11,1.0684285681245506e-10,-7.166848369594495e-11,-1.5416563306252455e-11,5.741588272813798e-11,1.8836431165722425e-11,0.00023571099770213294,-0.0003431449031012874,0.000671363388584022,2.366263409601149e-10,-3.0830288936504457e-11,-0.0004093393661602024,-1.0740244305654035e-10,1.751583706244221e-10,5.812278406643664e-13,0.0017326132682532165,-8.566022240015662e-10,-0.04138909512319739,-3.6681278166707865e-05,1.6326198749895105e-05,-2.331084042157056e-06,-0.006539104729905554,-0.06239338798285841,0.03160971769663671,-0.00031553828427997296,2.9204481585906906e-05,-2.4615457724294384e-05,1.0220863426147632e-05,0.007657123576830829,8.917027684216214e-05,9.664209032286545e-07,-0.001600489429982242,-0.012514107646437156,0.00021088425743907862,-2.568216370568674e-05,-0.12600825403335192,-0.16866612324467753,0.16620083989715362,-0.13600706548150113,-0.24068630757121925,0.00788755584847869,-0.006785191349130739,-0.005255207629075476,-0.3634621050464411,-0.0009085726561880706,0.23908706800157198,0.02120108025948708,-0.6371922945788586,-0.10091102144193315,-0.07364521156409068,-0.04692863138850882,0.1705976555611779,0.006238933077118331,1.0971847308002743e-14,-0.06763021622777779,-0.3382142630215657,0.07654331037587236,0.05516702084776453,0.03607566384948906,0.09766422442384412,-0.18324066560842914,0.07066634336582286,-0.02851125350393949,0.0030492681314684238,0.005273328117554902,0.15430081648398492
18,5.9454252906516304e-08,-1.1100814186952537e-07,-7.27657623802736e-08,7.506117683914969e-18,-1.1670414454416922e-16,-9.262187691671741e-17,-1.4939689210232177e-16,2.0423718706308385e-16,-1.565612300738432e-17,-1.0980552896014545e-17,1.444418725792641e-05,-0.00012628621006402572,4.4286385346701975e-07,9.248483696760703e-07,-2.1152611716048602e-16,1.1816476862381081e-16,3.2308128785817884e-06,-1.2052515162352035e-07,-9.554784791074799e-05,-6.40996670799021e-08,9.257564170987408e-14,-6.504441656143113e-14,1.1937233874329202e-05,4.661806037126441e-08,2.2506789444388903e-05,-2.251930778537695e-14,-2.0314463017649892e-05,0.00021709509146365075,4.796482696509757e-05,1.1733546346323088e-11,3.658165595640985e-11,-9.837204793954144e-11,-1.9621302648813684e-11,4.961364002900746e-11,-1.6421411043506595e-11,-4.570680947960493e-05,-0.00013036918146476034,0.0012805115486272155,-1.96768673870117e-10,-1.2813107003723558e-11,0.0001321306216672928,-1.2204468442121196e-10,1.5332407492739999e-10,-5.807317534340407e-11,0.0010254927336714986,-2.3758544847235535e-10,-0.0177550921214573,-1.948614455515383e-05,2.1330216882959062e-05,-1.1010813952760634e-06,-0.011311311766479914,-0.06765934068972988,-0.03189340431277649,-0.00018041483950100777,9.69404240278857e-05,-4.604118554130783e-06,-1.4843052158793118e-06,0.0231310284362899,0.00012206523968328131,2.3375010475740577e-06,-0.003566330756703081,-0.027282567772689444,0.00027928464315511546,-0.00018546455414612066,-0.15120232393063435,-0.2732439236949862,0.2356823070832931,-0.14327596596279868,-0.3200384208614522,0.011343260440133302,-0.009279900182177786,-0.0026580820160222855,-0.04621884080662265,0.0004148612820054203,0.3198234383893334,0.007559770123432055,0.27773411187804825,0.016532500833455498,0.1776990903047485,-0.05117468546478467,-0.367157348466158,0.3219231845324902,-1.0326807801937498e-14,-0.09549985755491756,0.23070491949274358,0.32109138546570254,0.004483528587220069,-0.193980321872901,0.08719646408689853,0.05356940674814806,0.14101161759100486,-0.010870912056956599,-0.0033329967314682327,-0.1668650644982321,-0.02175477804419327
19,0.00042944509116646856,0.0006842784832276589,-0.00047670086158105936,-2.1852805992025937e-17,-1.0261905397123137e-16,-1.1092966732187401e-16,1.8714825730237493e-17,2.2553115198574825e-15,4.450225142977137e-15,3.4938628295333994e-16,0.01531249755671127,0.008719834807212877,-9.689593259786518e-10,-7.73986313505576e-09,1.040514418783972e-15,7.070943572496339e-14,-3.076644812046048e-08,-8.104447075394426e-06,-0.007106537612051206,1.6985731840939945e-05,6.192752733512195e-12,1.0492500665810338e-11,0.0006637641557244724,-9.302631295744212e-07,-0.0017181831371430546,1.908890112901231e-12,-0.001140911518359446,-5.102650288864147e-06,7.666499394844158e-06,3.633593051613267e-09,-3.9648489134238105e-08,1.2021381941294378e-08,-1.891982344084623e-09,1.1966136063521206e-08,1.6522280153927232e-09,-5.286454127487464e-06,-6.733875623345221e-06,-0.15743098751617796,1.8219724065800095e-08,-1.3655836429745508e-09,7.857316411267804e-06,2.27320354113319e-09,-5.757645106383856e-09,-3.4982220023691406e-10,0.0009301375852303901,-8.89139932664316e-10,0.004173998688456712,-1.844819236724032e-05,-8.391750481442034e-05,-0.000200619565253723,0.8729899645516823,0.09494403978505774,0.09105437345079827,0.000350304191541588,-0.0008671872051970833,-0.0005115345639555553,-7.273923310999055e-05,0.0009689538676207098,0.0001662826959500867,-2.0466371164650213e-05,0.06123667050956307,-0.0035386037492240955,0.001351092321321152,0.0022764227854303746,-0.05130612742553239,0.135501123055786,0.10457491841405979,-0.09415325547123807,-0.0027262570482407796,0.000549516332895729,-0.00554213332706732,-0.0016319330556326987,0.023280574856534356,-0.00025778351286794064,0.02701295174484294,-0.0015232672967112394,0.014783795561890588,0.03406822660200277,0.12492737250620187,0.10926684032417125,0.09352646652278523,0.06358280345051857,-9.485815654745983e-16,0.179949364207299,-0.005840363737516295,-0.015578421400431733,0.11261168370811266,-0.03368998140076658,-0.15039850796867543,-0.05312652864205254,0.031573943388723484,-0.011737031146930477,0.00040454715174024656,-0.15036014412265933,0.11026354028324006
20,-0.000632733417208077,0.00014634993797276157,-0.0008429946314743428,3.244754990331374e-16,-7.174716650206909e-17,8.428075882443855e-17,-1.11026127311433e-16,-2.9751705651689595e-15,-3.042939034633575e-17,4.009616380813978e-17,-0.010632725775579334,0.012769806495095222,-5.67319063089867e-09,-8.453865264556539e-09,-5.23778417631331e-16,-3.725550937687647e-14,-3.5171649766480256e-08,1.431105950123306e-05,-0.022589686664682376,2.082713288233521e-05,-1.135578369878843e-11,1.0750639474422907e-11,-0.00202353428584911,-5.061070862250514e-05,-0.0002871381731558995,6.040244368788114e-11,-0.0019487774424797957,-6.188691841111135e-06,-7.427430072381555e-06,1.1122440720123975e-09,-5.834661779111489e-09,2.2839411494373842e-09,6.467242757033472e-10,-2.774834178526356e-09,-1.304038224091142e-09,-1.4206939699892238e-05,2.8303439637843054e-05,-0.00461181782576444,-1.426731894375328e-08,1.0939401651961347e-09,3.3841590047365267e-05,2.3063003987854523e-09,-4.124380222857374e-09,-6.770470218426568e-10,-0.03030347492868442,2.0907303075071177e-08,0.01810432748433917,0.0006389910830725684,-0.00015111975671981817,0.000100048322642935,0.006386711822127645,0.5917633329566043,-0.6273212899775705,0.0037379417143535727,0.00010325989825121097,0.00027946663154312636,-0.00010747101978533282,-0.00024009682947515192,-0.0003544472288426602,3.166397852904573e-07,-0.0011205055810199532,-0.0012588543790381776,-0.0005256856989128935,-0.00037324852214288954,0.10092709668343677,-0.003808525333962935,-0.03380663478521758,0.0548209982946137,-0.027321510912865804,0.001404016493536337,-0.002521096293633416,0.004706966106265174,0.22777335082454306,0.00198446606494157,0.16141655880293151,-0.005322389425366697,-0.020040557742670807,-4.4471665344844786e-05,-0.06754104683603669,-0.010652503922171196,0.003021889298212382,0.02545743702689141,1.551995134142472e-15,-0.08880437006524315,-0.0032488567246506004,-0.045059007384240506,0.0020165185616755855,0.041417643389150445,0.10875854109986609,-0.2361942265440107,0.2125353524861892,-0.047911964679235565,0.0003220309416901341,-0.01015463420845029,0.16882372343191637
21,-0.00038144710463499423,0.0006077877280586006,0.0007908638023701146,-7.564876061520812e-18,-7.101120206349665e-18,-8.854123900217743e-17,-1.3889375427415955e-16,-1.7618053471749731e-15,2.65570808136925e-15,2.316758465646664e-16,-0.0032034578483202025,0.017193195356595883,-5.046228312802423e-09,-1.077849814456374e-08,-1.7694324850042167e-16,-1.4651847225976727e-14,-4.122743158941588e-08,1.5970520470226194e-05,0.02215578555562496,-1.9051047945498256e-06,-1.2266147073132302e-11,3.1770923708231114e-12,-0.000725889563832556,1.1817980474849082e-05,-0.0014627184588254887,-1.7774608665054774e-11,0.002338576744219597,-7.053345203343039e-06,-2.507624133330253e-06,-2.0243545442490224e-09,9.315686354689842e-09,1.950390046049241e-09,1.3825519238089804e-09,-4.5894636226023185e-09,7.597864496500835e-10,-3.5889985386553797e-06,1.6175424789954948e-05,0.00016770701926349757,7.961426422477212e-09,4.1137694717989147e-10,3.231711896003663e-06,2.396338537665933e-09,-1.716202325391418e-09,1.9980225076636787e-09,-0.008809310704180796,-1.5211716636429437e-09,0.014120788595608795,0.00013390636874797753,-0.00025174495909550124,5.8174233165283565e-05,-0.1239410790883059,0.6235858344975904,0.5836604929070071,0.0007805047779790468,-0.0008027447318331665,8.384648597523458e-05,7.427628628513078e-05,-0.0020083604348163555,-0.0007196012745497131,-8.4438124328418e-06,-0.0011570544871191916,-0.0018943428845514837,0.0003933973392131434,5.8840455805109875e-05,0.11659653980753534,0.11589682042800388,-0.011807887031473119,0.08451572733924799,-0.15398179827450265,0.0012400620804562117,-0.006877579241502829,-0.00526831813002177,-0.0403879174413312,0.003078845456045699,-0.0333704293506036,0.002958686593599237,-0.0024225888067313977,-0.08498522020588138,-0.08331585467728483,0.07300599735152523,0.10256989953309825,0.13884063724646148,3.1628913667865212e-15,-0.11887760419142275,-0.01955147299457295,0.018398722452359656,-0.10600372956171587,-0.2520237249367374,0.09641460739594102,0.06239627720647922,-0.05857993611285684,0.01555276218086879,-0.0010330852384745081,-0.19334408436845552,-0.004301753105645653
22,-0.36643825762943244,-0.5291770959478115,0.2793819642952728,1.5466232657189113e-17,1.2340485003394225e-16,-5.709025372185735e-17,-2.3116324294433383e-15,-7.142053766989977e-14,-1.3237645184344188e-13,-6.171360887133201e-15,-0.3178155737860915,-0.16113377421296818,-6.695766486882245e-11,4.5542640670455914e-11,-2.9602631184344684e-14,-1.5322819522250263e-12,2.4822467069796654e-10,0.00012479394780741656,0.09587165787521774,-0.0002331141443521762,-9.623879701255631e-11,-1.457249474625797e-10,-0.006573242284279961,9.224453100657068e-06,0.014145565887275523,-1.9398200985533782e-11,0.007322552659317486,4.3892589974207675e-07,-2.7626575345990155e-06,-2.1653718072662966e-08,2.2370875892146084e-07,-6.09633899515301e-08,9.710856419256324e-09,-5.379672980697006e-08,-6.163846364157723e-09,-1.0128288592803235e-06,-3.7519188778303487e-07,0.37721935161810294,-5.748024864123365e-08,3.6249878995631573e-09,4.361834460004666e-07,-5.067126649304709e-09,1.2400428427949867e-08,7.737758615163727e-10,-0.0015501557058664938,1.496678180705299e-09,-0.0002789904816377438,2.9036612318064946e-05,4.7184250748565264e-05,0.00011522545213641267,-0.1435455293999564,-0.009203673288506992,-0.01773992452788151,-4.307169405405461e-05,8.890504509883045e-05,1.9247898615046053e-05,-6.450686614636193e-06,-0.006590212632474566,1.3385223162936565e-05,-6.446077523256696e-06,0.02503571440309442,0.0016849892640530965,0.0005642996118442893,0.0012894026164842758,-0.0242418175797262,0.1439401644598238,0.06893060347507589,-0.06348571839210207,0.03950839395816057,-0.0009486376214350074,-0.0039650530874956865,-0.0011484042895048728,-0.0068595705402577254,-0.0005688441450438112,0.06666133312528537,0.0003801353362003768,0.03771746724267863,0.027873470921365686,0.12190271208600496,0.115798492513897,0.12892454166997389,0.03131084773574729,5.660798575038425e-15,0.19466063695352262,-0.003442630831027789,0.021643908011004645,0.11038424479980141,-0.038534917495777574,-0.15901681559694023,-0.058280472454521025,0.040090761689868804,-0.011680756566211613,0.00037449196668687445,-0.162532339796153,0.1186959182315203
23,0.5116217500409764,-0.10723321221555071,0.4682104118476744,7.006854818239449e-17,-1.2082971880497023e-16,7.153836353831635e-17,2.9699652388099344e-15,8.641248979321378e-14,-1.7197661675018907e-15,-2.5709330693687603e-16,0.2090956363778695,-0.22381378017298845,-1.9240591208338578e-10,-6.970763017755852e-11,1.110254662657777e-14,7.671888338008241e-13,-2.6436719957715346e-10,-0.00020751389481470008,0.2885557604086373,-0.00027103881508301386,1.661979562793395e-10,-1.4150354457193967e-10,0.018864320988980006,0.0004884336221499242,0.0021821923093554687,-5.882727845286899e-10,0.011861734285334326,3.064759234517318e-07,5.959581339227388e-07,-6.303095544669927e-09,3.1093763099022434e-08,-1.0808643172741934e-08,-3.1076079718315376e-09,1.1769796116362187e-08,4.661622218464129e-09,1.7534929132795662e-06,-4.187263106559352e-06,0.0088045569830443,4.320308818789872e-08,-2.7385630994886728e-09,-5.405760647489985e-06,-4.86001156774835e-09,8.374010410955436e-09,1.4020745788559656e-09,0.028772234319658724,-2.895415471099177e-08,-0.00472353470693833,-0.0005733087360141822,8.634040707666226e-05,-5.418575977559012e-05,0.005333531921575432,-0.1855826085651325,0.20132432954428683,-0.0011397264763214794,-5.529985694189916e-05,-1.1005723699021338e-05,-7.793470257544166e-06,-0.0023099153427642628,-0.00011530399644965955,-5.92867589106717e-07,0.0005395025647403312,0.0017178399916539446,-0.00021493028793680605,-0.00015095422701037498,0.09459393204862822,0.02970022420164031,-0.050292491669162255,0.06345856080865832,0.00995962940306785,-6.672916710773443e-05,-0.0013426821495808312,0.004273660407385497,0.23570187710521337,0.0018403361799285746,0.1180391286251483,-0.006833239491173081,0.03580328157156396,0.0064082315435332994,-0.06834709419227257,-0.0002574605618762619,0.00435002586995167,0.01711171953291145,1.6276686104638058e-15,-0.09207534682929117,0.02186310686416369,-0.0599590130449971,-0.006206582979068696,0.040472626251543097,0.10980591258064934,-0.24388163266756038,0.21053843772832956,-0.04589913680668102,0.00011682891833995973,-0.012784169368934267,0.17115652008776913
24,0.31032018137682543,-0.4481561299884422,-0.44196818485071565,3.619066330397865e-16,-2.092501045999734e-17,-1.1032598502518531e-16,1.777055352456086e-15,4.921106286649429e-14,-7.477752115686399e-14,-3.335209543734137e-15,0.0633826491784908,-0.3033935535040792,1.2337053584053618e-10,-3.6333286006250205e-11,5.580106484145541e-15,3.0223050334999873e-13,1.3073713194372365e-10,-0.00023317619395660653,-0.2849639077143607,2.6042381283063437e-05,1.8073960374195265e-10,-4.152460390622737e-11,0.006762441324280515,-0.00011632091339169608,0.011464887923857163,1.7599176808731154e-10,-0.014329236745349635,3.4142509538294815e-07,2.614219761712081e-07,1.1609274487324453e-08,-5.1256056674522264e-08,-9.070453413245661e-09,-6.762384457452477e-09,1.9825850744859823e-08,-2.708333651631581e-09,5.258522301404282e-07,-2.405527942774273e-06,-0.004550917587677609,-2.4001848847199244e-08,-1.0319732355477711e-09,-6.99408376833454e-07,-5.047926534413477e-09,3.2620160800140366e-09,-3.996991943971722e-09,0.007413113479437439,2.824082793587567e-09,-0.003759374096314161,-9.888176188817725e-05,0.00015319396580938715,-3.323788159779604e-05,0.04450615607717595,-0.19564572149596615,-0.18599906263273194,-9.217220290211067e-05,7.756398281870899e-05,-6.080099000158949e-06,4.789336125575143e-07,-0.005375503030783678,-0.00019046598576255856,-3.0978065144904934e-06,0.0016758048868138365,0.002794178414052059,0.00013845307309563837,0.00010537364510673295,0.10861387478697572,0.12899337080533496,-0.038966068497760346,0.08711976522049039,-0.07839542974768425,-0.000580534022227845,-0.004663031036769585,-0.0037399207789162933,-0.01998788979909211,0.0026244272856358938,-0.05347159298283276,0.0015527264600522785,-0.004762086268891861,-0.07965347280092362,-0.10020987609011721,0.07935618829683509,0.14049031683945243,0.10564632103943142,4.988243049676704e-15,-0.12287670379672494,-0.032254576907501296,-0.006380900033299729,-0.10637219243237404,-0.2625629077725958,0.09785507846114083,0.062395231656647156,-0.06878330890657199,0.016533060775043303,-0.0008898122940692387,-0.19843232216111237,-0.0017535899446105463
25,0.3720847530231413,0.537270341408472,-0.2835451280847099,5.043766633000471e-17,6.602507381142466e-17,-1.1178731056677001e-16,-2.099927398666583e-15,-6.594080147820472e-14,-1.2232684754534238e-13,-5.7599524589705945e-15,-0.30120442409647036,-0.15262246892060632,-5.990716938317974e-11,6.593055800626422e-11,-2.792630695035557e-14,-1.4465439251336125e-12,3.2852117368028977e-10,0.00012007870063927338,0.09057498461617004,-0.00022322537343314434,-9.259695441554003e-11,-1.3971173696673396e-10,-0.006446083234222142,7.225087326099264e-06,0.013837545093812046,-1.668151039227593e-11,0.007158285200046602,4.4728881750751787e-07,-2.7590859698541686e-06,-2.12827178394385e-08,2.201975244000441e-07,-6.011769965873002e-08,9.576550821805614e-09,-5.315118532556614e-08,-6.1093557995513385e-09,-9.899634086888723e-07,-3.6067557443997815e-07,0.3749623096639001,-5.705620257676819e-08,3.6023001659781763e-09,4.0500815762522544e-07,-5.037615207942287e-09,1.2331674872888488e-08,7.68083416289741e-10,-0.001547923790065399,1.5003236339468332e-09,-0.0002926167706369871,2.898354376123547e-05,4.729832254759618e-05,0.00011549376507351333,-0.1457352914387431,-0.009523479622202973,-0.017697508013790383,-4.48867489082011e-05,9.097409033979814e-05,2.0520425097294622e-05,-6.2060372854250945e-06,-0.006601014191642664,1.2942357107434743e-05,-6.39339320686039e-06,0.024881531397853592,0.0016953792583977413,0.0005611685727773829,0.001284423163111721,-0.02414498987572357,0.14379957236648117,0.068759873129678,-0.06333315856314797,0.03957430682483053,-0.0009518313409454431,-0.003957005717324435,-0.0011469611121317385,-0.006954771058518324,-0.0005691845072731233,0.06669537317236658,0.0003852229474296991,0.03777294497918748,0.02783668170229049,0.12183726695248079,0.11574476819021498,0.1289457914371697,0.03121452217132145,5.653977077510686e-15,0.19465816870499109,-0.0034256266967082716,0.021735647745969283,0.11031379060102718,-0.03854022651424026,-0.15900144239059463,-0.058282335406435015,0.040092256976529655,-0.011673337186626331,0.0003741962092327925,-0.16252742394050423,0.11868879129688872
26,-0.5194402532819485,0.10885802503233846,-0.4750998068072017,9.283930360052504e-17,-1.272979131787278e-16,1.1475137149662885e-17,2.843931596141676e-15,7.986098322742973e-14,-1.4382752395895433e-15,-2.830432382312345e-16,0.19935163514550722,-0.21342142325668742,-1.6920600246350966e-10,-4.458013857973502e-11,1.0595507217220008e-14,7.328016854568628e-13,-1.586756493019876e-10,-0.00020056372064870156,0.2754041784956043,-0.0002592239921698252,1.6052182503038218e-10,-1.3548163664397075e-10,0.01838338111374337,0.0004737041957800346,0.002134294200852098,-5.701866115304845e-10,0.011593176333622954,3.1917665930186156e-07,6.127199755929152e-07,-6.126691528443328e-09,3.007552461193779e-08,-1.0576094013277544e-08,-3.0934292635193898e-09,1.17365300619462e-08,4.617060668906306e-09,1.7876154511845923e-06,-4.244709130259717e-06,0.008485469015964111,4.286477152209624e-08,-2.724045972119803e-09,-5.486720725814691e-06,-4.834375104312021e-09,8.325992848977634e-09,1.3918156136079246e-09,0.02876832083245958,-2.8883957020577225e-08,-0.004764331956235112,-0.000573421433705668,8.654628189789668e-05,-5.4327058923631345e-05,0.005005353051085148,-0.1868753565386109,0.20314955539519255,-0.0011491586907830167,-5.565432365310402e-05,-1.1643386818447304e-05,-7.41293844783776e-06,-0.002313767316817925,-0.00011464042389160719,-5.913197844429173e-07,0.0005244257237734713,0.0017230249764160807,-0.00021375575822075922,-0.00015059077251243887,0.09449586159115705,0.02976524592730265,-0.050302997982934534,0.06344902702910152,0.010024339945724648,-7.070004233376495e-05,-0.0013386179018645052,0.0042673337318078295,0.23553411027370585,0.0018388914571510389,0.11784121600129471,-0.006831713639377325,0.03595853039931333,0.006410410836859606,-0.06832969133168364,-0.00022898457147532895,0.0043475684202881285,0.017089654268261832,1.8594445988243938e-15,-0.09207778400366275,0.02193997846977396,-0.05996613748999134,-0.0062433169693703995,0.040467235671985076,0.10979932283250107,-0.2438852140721882,0.21048033432673657,-0.04587808436541295,0.00011607860981562159,-0.0127914615125883,0.17114325818831985
27,-0.3150670529750367,0.45495463448038537,0.44848127323951387,2.900957443398316e-16,-3.766577635522093e-17,-1.0088911079674577e-16,1.6982974796993719e-15,4.5370391556484235e-14,-6.911695986383707e-14,-3.115850200412242e-15,0.06041862956091378,-0.28930611661910194,1.3007043484978394e-10,-7.639443168342031e-12,5.2994094148189335e-15,2.852239784722169e-13,2.2947404454290463e-10,-0.00022387023977939042,-0.2719709603871238,2.290927766496368e-05,1.7349663367641569e-10,-4.1006400082728335e-11,0.006639087827348075,-0.00011073834537907316,0.01121650946988408,1.6812511451897713e-10,-0.014026106154101934,3.552801002160867e-07,2.6407515583132633e-07,1.1374850142206521e-08,-5.0157422049744855e-08,-9.009956747273209e-09,-6.662739272598867e-09,1.955906609501288e-08,-2.6765146606265694e-09,5.276769673804669e-07,-2.4342543985393593e-06,-0.004382091196736298,-2.3768377214512185e-08,-1.0262637576741269e-09,-6.930141983124151e-07,-5.0253469677112e-09,3.2554004148218634e-09,-3.9759115120131046e-09,0.0074151304888428774,2.805310641078191e-09,-0.003786885846177063,-9.89483076878404e-05,0.00015354260090158988,-3.3331888118356834e-05,0.04496647850988769,-0.1969911829229092,-0.1877498219374016,-9.290171135786649e-05,7.984127227911069e-05,-6.282238041548506e-06,1.9395252276089094e-07,-0.005376882891965201,-0.00018846467231340038,-3.076259667319403e-06,0.0016886568536884927,0.0028007211141667103,0.00013734819328117316,0.00010545814882337901,0.1084682006683431,0.1288773335063452,-0.038996288839589305,0.08703139992971422,-0.0781061433636333,-0.0005846177505795389,-0.004653143262210669,-0.003730932094126135,-0.019884552639401514,0.002621130849682245,-0.05346765157552788,0.0015470587037600299,-0.004791467163659722,-0.07959028354809328,-0.10021969907107053,0.07932781875283923,0.14053786540819624,0.10551839496997657,5.2240522649943365e-15,-0.12287572921432555,-0.03229745385773517,-0.006454965085600228,-0.10631775351613093,-0.2625689965635322,0.09784654805857827,0.06238997443769116,-0.06878615207724958,0.01652729066490139,-0.0008890946131481042,-0.1984213635826163,-0.0017436190545769
28,-0.006068838005698077,-0.008765722547912391,0.004630972903278234,-2.6401423941016855e-16,-3.8151755747821205e-17,2.878901282875923e-16,9.851811384244495e-15,2.6962216840625815e-13,4.876612131450299e-13,2.341680315279932e-14,0.7241575645389452,0.37446334353790217,2.604796281234284e-10,6.280670991337434e-10,7.984185837757877e-14,3.838467046479316e-12,2.491654499962176e-09,-0.00017546115649186305,-0.24123229611459931,0.0003981697822117759,1.3558498387196758e-10,2.381642070096773e-10,0.0017534760357783392,-0.00011977691871561834,-0.006219604131815168,1.5587829862547732e-10,-0.003771353578691316,4.750300507743689e-07,-1.7605744671800196e-06,3.589383804976307e-09,-1.658920724032033e-08,-2.367004058363333e-09,4.1570540687065366e-10,-8.330892271432031e-09,-2.2159871373195357e-09,-8.165481709617318e-08,2.496218318731904e-07,0.19346943953374687,-2.570086790595877e-08,1.8420042152574382e-09,-5.20255435419461e-07,-2.602067360812813e-09,6.55555353734157e-09,2.7854651747850254e-10,-0.001734803993400728,2.0619374352549923e-09,-0.0006226748990452777,3.3131575733865955e-05,4.333726936812195e-05,0.00010773527063284956,-0.19708706822433292,-0.016821205559641905,-0.018457704571889978,-7.92184618183355e-05,0.00014637681122244735,5.80013930721357e-05,2.0204212155161943e-06,-0.006677785019291831,-1.5782075404326056e-06,-4.29261002616024e-06,0.0184707160180181,0.0019088535265927682,0.00043111095235306854,0.001063021894943332,-0.020495020982131237,0.1349306907763813,0.06155835867152468,-0.056858569376823286,0.040394112672908676,-0.001025066469691083,-0.0036125425801789932,-0.0010908822850876914,-0.010332904209364467,-0.0005685538555439899,0.06628286792484929,0.000552248312504714,0.038953743433190975,0.026201139833921184,0.11865856965742902,0.11245779872941473,0.12823522967738923,0.028007305744837736,6.028858644164108e-15,0.19442278725586262,-0.002902338866628797,0.024486325645931877,0.10686260601740313,-0.038693989623939315,-0.15824798134918808,-0.058282496780554006,0.03972956557572829,-0.011311994861498911,0.00036345541051148613,-0.16213037537790684,0.11825561892508822
29,1.99469518450452e-05,3.1793760902814225e-05,-2.2181131461930426e-05,-1.3091167491834644e-17,4.1588346547858295e-17,1.472266717359684e-17,-8.025299953286619e-16,-2.449921477069378e-14,-4.979656376707045e-14,-2.94540551196161e-15,-0.10658063202512745,-0.062317575894296005,-6.509909391111255e-11,-1.612213895910858e-10,-1.0708741934054065e-14,-5.343956442084643e-13,-6.729747460446249e-10,3.610044499266121e-05,0.0576136961559379,-9.280607009290712e-05,-2.760869319148239e-11,-5.4726435952154735e-11,-0.000604680056845259,3.969209982880541e-05,0.0026657731473748525,-5.11026964284041e-11,0.0022663631077854724,-4.273946498090976e-07,4.65661649083047e-06,-2.3795521470621146e-09,1.1870493237906314e-08,1.9769108520950973e-09,-3.4386611469765306e-10,8.45788241808449e-09,3.0894364173542225e-09,3.6382155695065107e-06,3.10398107323633e-06,-0.8082259978299386,5.0259398567068125e-08,-5.658606732524827e-09,-3.420006269675574e-06,1.342691435331635e-08,-4.137430852641069e-08,-2.202320350437335e-09,-0.006763964988918025,2.122050424074451e-08,-0.0014981663509108867,0.00011949090810690078,0.00011481798485659033,0.0002583845449056095,-0.35146167979921467,-0.03468892449410241,-0.03605862719052416,-0.0001582789423097887,0.00025592043536885525,9.510277017103175e-05,3.0795457232147837e-06,-0.007703834264730595,-2.1900530823812e-06,-5.805874809696431e-06,-0.011133563896492263,0.0026539857017917642,0.0005989635466226231,0.0013309256781088943,-0.02295457446209246,0.14995758898428257,0.0673989005898728,-0.06204591865203425,0.04371429985226159,-0.0011135370655049968,-0.003861760352821742,-0.0011752058911042623,-0.010751223829389847,-0.0006001529983504912,0.06820834592211793,0.0005710620613649454,0.03881403155112848,0.026535561997088845,0.11314312834974752,0.11361628726869627,0.12588744178889386,0.024161221011213697,5.138140945043044e-15,0.19177203626561606,-0.0029495253371457134,0.02713404858084701,0.10448013722158313,-0.03809711646792218,-0.15729078745122624,-0.05740818289769798,0.04309246176437305,0.008074906193242679,0.0003678908618339608,-0.16085482888570185,0.11725604053187605
30,0.008443610437433018,-0.0017692691562744608,0.007720525286888004,-2.3100596036644573e-16,2.7534453548491006e-16,-1.2877587298995046e-16,-1.2099609391723137e-14,-3.179524486842619e-13,2.4299778026340476e-14,1.5720499036084168e-15,-0.40650118200670693,0.4336987339964077,7.931211002502098e-10,7.784339887308731e-10,-1.746359740539605e-14,-1.4115063709758578e-12,3.3015385396974006e-09,0.00023871787746545143,-0.5533314610109021,0.00048505288914671673,-1.9793716476065614e-10,2.4382141548404556e-10,-0.012743123523701015,-0.0004748830139968564,-0.0009931381583113148,5.936062687252226e-10,-0.006405307762015709,5.455761698346068e-07,1.038186809067418e-06,5.747923627465932e-09,-3.872903956871925e-08,5.385366000744379e-09,-2.07878095064301e-09,9.237184058842622e-09,1.3501778155768092e-09,2.4257573914810574e-06,-5.096576085392718e-06,-0.01735123759134676,1.6998867082663394e-08,-1.5414741537675216e-09,-6.825264594297848e-06,-2.6278279895267943e-09,4.115960350244549e-09,4.762138358001601e-10,0.023322684408253948,-1.9919511704151362e-08,-0.005375315708295554,-0.0004721654552505488,8.166572669487822e-05,-5.3061340237315114e-05,-0.0030429179860528384,-0.20515181762875775,0.22964564946888835,-0.0012888888887197204,-5.992497072741283e-05,-3.0504343907677006e-05,5.168344036616027e-06,-0.00233966223121238,-8.706135852019416e-05,-4.77294246802544e-07,-0.0001537374093298263,0.001784621685152903,-0.00016585869350283563,-0.0001379136985746096,0.08874193416987312,0.030879901300261973,-0.04947642966047133,0.06182736816296925,0.011276599280448874,-0.00019119874772906452,-0.0011843528939597457,0.003940002681537374,0.2253814087761408,0.0017613373571165325,0.10921266581779468,-0.006646570627401254,0.04021622523073964,0.006136368180512605,-0.06738184775038429,0.0006444694704380293,0.004302327165657673,0.01636525716734455,2.1103126094895148e-15,-0.09210707920831217,0.02421400856587479,-0.05981350111230355,-0.0076378453304333125,0.04025376690209383,0.1094441571767473,-0.2438200969616972,0.20725065419890065,-0.0448394643311492,9.170697058884728e-05,-0.013016040559977328,0.17043170936951038
31,0.005121442174267542,-0.007394955053401779,-0.007288142033309205,-6.04569472754565e-16,-1.5249100733001056e-16,-1.4067021363161765e-16,-7.082010781206301e-15,-1.8076280695827565e-13,2.789126227731694e-13,1.3449873315880055e-14,-0.12320046011367089,0.5881510256938858,1.37881680366359e-10,8.87423361628817e-10,-1.694545859504008e-14,-7.65600679647285e-13,3.010372884724723e-09,0.0003608892191391907,0.5465769977390779,-0.00017180939362709745,-2.814553543995975e-10,-6.6279233980617945e-12,-0.0013827288721527406,0.0002466091767131659,-0.005075943305330007,-3.354637627141883e-10,0.006289524253046527,6.315351995066366e-07,2.3311415627217187e-07,-4.448274200239889e-09,2.4328571838988905e-08,-4.739739388268369e-09,2.0522984515923667e-10,8.299681489630095e-10,-3.5255303863194727e-10,5.004006897314138e-07,-2.89514898519321e-06,0.008994007701179627,-5.9939198478319214e-09,-5.713660018253848e-10,-5.168085624367425e-07,-3.0755184126662003e-09,2.6385331820881965e-09,-2.0882093710279337e-09,0.006842234736792877,5.671420406859224e-10,-0.004158771130288635,-9.804816827014437e-05,0.00014134886233505763,-3.133464865553109e-05,0.052955500874238795,-0.21511776231132912,-0.2131618925758329,-0.00012635716757584077,0.0001405865725093164,-1.1933854903960036e-05,-8.799182466103607e-06,-0.005220521111557085,-0.00011200055634218772,-2.195099599459052e-06,0.002065811097189107,0.002837604181920857,9.367845595574298e-05,0.00010462352806458612,0.1004620413320606,0.1212069521690638,-0.03881779715339188,0.08178086448809413,-0.06674791106947715,-0.0006954607019974687,-0.00423331271785266,-0.0033304590304477064,-0.015530916944688422,0.002461719957042354,-0.0519319073058666,0.0013207821015605381,-0.005535274773662279,-0.07630619684514335,-0.09952024076781181,0.07729324653101839,0.1403892946268899,0.10066217531363361,4.689703361846403e-15,-0.12273797061539686,-0.03347859926497247,-0.008759602644785642,-0.103312613918152,-0.2625921440999432,0.09740455698249714,0.06215707466460849,-0.0682173446148185,0.016159561780303294,-0.0008632563240256485,-0.19775607806794313,-0.0013793919601556514
32,2.964057210075137e-06,4.282350281951306e-06,-2.2655931622618153e-06,-9.007851566840495e-16,-1.3869995219847978e-15,-9.498104987187685e-16,-3.4864474666067816e-13,-8.589716932874306e-12,-1.4576791215386912e-11,-7.421654860488529e-13,-0.01854481764770591,-0.00914504738202418,-2.4577844904651026e-12,-2.4502640311075078e-11,-7.910633688604637e-13,-2.1910697756041435e-11,-9.383651437086654e-11,-0.00396114697887598,0.004446690561400352,0.005702721291798536,3.067435899132655e-09,3.927438012114297e-09,0.279717397202554,0.0003501451481915214,-0.5789963215876953,-2.1799480929610845e-10,-0.30910140880358317,1.649536294444801e-08,3.38557320874645e-08,7.804716530885653e-07,-7.613577909222869e-06,1.8915302525611808e-06,-2.982480976132182e-07,1.452415183441378e-06,1.1284566936190976e-07,3.195820063827144e-08,-8.278766191520088e-08,-0.004525804022379528,7.039275422230187e-07,-1.6546463547663045e-08,-1.040193339821993e-07,-1.8940558530632993e-08,1.190451925710974e-07,-9.50791778383851e-10,0.02680926462796249,-1.2340572534962528e-07,4.8093736459747246e-05,-0.00039172751853436266,-0.0008600456899557135,-0.0017899926662629578,0.028479734005887377,0.0011353267378452741,0.007166014052776903,0.00031761851892193985,0.0006620746455537686,0.0008263599849533954,0.000255544954143605,0.007238578543952295,-0.00046131003354047605,8.678981656950292e-05,-0.006415409847428467,-0.0007735853742698769,-0.00596913555764518,-0.010096157140518746,0.13602670858915983,-0.41160105984611567,-0.27619269746574765,0.24722397933828263,0.001496014783932255,-0.0018389007685586402,0.01248832424007004,0.001779169325587954,-0.12930567580614652,6.1017348997888804e-05,-0.009424980387884325,0.006092205853646093,0.06044401002381569,-0.04559194472070294,0.0191725165397427,-0.05658922561978445,0.07788088851803014,-0.05477047581797178,2.9862643973924046e-15,0.20167875836045931,0.014469689005987075,0.09120300180132611,-0.02896863481135177,-0.04788461210998765,-0.1316584243460039,-0.0631323681078888,-0.011134922269514567,-0.14315515025537512,-7.393183545797753e-05,-0.1507044852699211,0.10469213993342603
33,-4.13383761988493e-06,8.64418815070113e-07,-3.7795595494353295e-06,1.3035975912128468e-15,-1.356630699917954e-16,-1.5727454835040586e-15,4.972836773897079e-13,1.2237946293539181e-11,-1.8487251592721566e-12,-1.0579176996826827e-13,0.013717819101440626,-0.015073031469457964,-5.509335657477234e-11,-6.896180200678039e-11,-4.491545051869062e-13,-9.741607065960906e-12,-3.342750974564925e-10,0.006596000689981922,0.021858572256440778,0.0013956919605256422,-5.051302258088872e-09,1.1156479709917573e-09,-0.6404704497950974,-0.014535459219415446,-0.0868518913068931,1.7120659098122565e-08,-0.433874098767983,1.297388591108842e-08,-2.9239814859110488e-08,2.610589815959579e-07,-1.4541846686655964e-06,4.210251209383711e-07,6.975231098181774e-08,-2.230236049820982e-07,-1.2755792619402786e-07,-1.2560314700137857e-07,4.658376487226582e-07,0.0022057419518441354,-1.0930246151854689e-06,5.8037064659257257e-08,8.543809268304043e-07,8.028583452185295e-08,-1.348775146333463e-07,-3.524097077778834e-08,-0.29252834556421353,4.0986526436257227e-07,-0.00017214243515210708,0.005603698335161903,-0.0004953647427894469,3.895940114790039e-05,-0.0012790699743887657,0.001061448180545791,-0.002682715200786448,-0.00018301431140852156,-4.9805608806588945e-05,-0.0006059998949668014,0.00039725501741463175,0.0008915311829538648,0.0010132994071857476,6.2563186378913144e-06,0.00042023157184202644,-0.00029588056236510635,0.0015511356949139414,0.00010719564884422267,-0.1830505106020714,0.022844009746664336,0.010439453177992568,-0.03052204259913445,0.025190209888169935,-0.0038849972174019296,0.004944031070893364,-0.010724432054783045,-0.26366968709945665,-0.001803168437523374,-0.25307037739871474,0.0038079398842571707,0.16034974740243826,-0.013811306932993265,-0.017886474236854657,0.02752721072875641,0.005759093998268118,-0.00541063945125533,-7.655900753172253e-16,-0.08912163331602632,0.09531381465816553,-0.04511388718726276,-0.05884733385658749,0.03164766915426515,0.09195159893227244,-0.23714691863906995,0.05195710649195348,-0.015682686330531413,-0.0007463620826199439,-0.021197494309421683,0.138314666807934
34,-2.501762593329578e-06,3.613204624107962e-06,3.559140463308277e-06,7.935893046349976e-16,-1.0820766151303037e-15,1.4701988195584766e-15,2.7869784532973537e-13,6.824882653254443e-12,-1.0847533679232033e-11,-5.63810732054093e-13,0.003833668126665437,-0.017917632812882653,-2.1769117438464826e-11,-6.307771094271085e-11,5.276871025007934e-13,1.4207612157595415e-11,-2.653184791703875e-10,0.0034182510028528314,-0.01566939370591094,0.004839513625674519,-2.6087557407615852e-09,3.4585375953365087e-09,-0.28003597858501267,0.0012645840947133659,-0.4097966660184293,-2.4478417605195456e-09,0.5121367278359487,9.087951724697406e-09,-9.98588146315031e-09,-4.1280364922128015e-07,1.8678540498656935e-06,2.3768038625929112e-07,2.169615597309542e-07,-6.070628561897434e-07,8.481152419134266e-08,-5.6313959550156125e-08,2.257033414901531e-07,-0.000472728601943768,7.040380872735348e-07,1.6107775971518807e-08,2.0646181604176561e-07,9.406318918715816e-08,-5.5167974299048635e-08,7.99239142731004e-08,-0.03674829436714159,-9.133572197508818e-08,0.0004194819368657801,0.00015764834087129913,-0.0009249174546232968,0.00025031331681439595,-0.0052133068810425644,0.025972742675222836,0.020465700339917507,-0.001568850636457496,0.0016370911732203613,-0.00014431364273655018,-0.0002733411400652286,0.005807289783610673,0.0026792912482492114,3.119207212154159e-05,-0.000989738969884304,-0.0011239546247465222,-0.0014837112005920004,6.330403308338995e-05,-0.27040850676649186,-0.25043741436841604,0.005896677560945626,-0.17061308322977847,0.37665917844719393,-0.0037783460332375704,0.012879691156901213,0.013407350086821623,0.16096855803311158,-0.0045685571595965825,0.044008812623766075,-0.007604269170592145,-0.024014585166612812,0.07370074128542208,-0.04611620194299538,-0.026099565735441557,0.08129593548282962,-0.08882044950989772,8.147816508745961e-15,-0.1158654106389547,-0.06740481980162541,-0.08316903536398339,0.03654219571994702,-0.25812903994794056,0.07742446792408582,0.053062147195062505,-0.02705408524419189,0.006497817675461492,0.00010254167717957582,-0.1649034449020306,0.011693960189094235
35,-2.3217688788600573e-09,-4.082635200723552e-09,3.757561577929691e-09,-1.2047536917470132e-17,8.329425505134414e-18,-4.088478171492413e-18,-4.067010328724974e-18,7.386324772143944e-17,2.2478205565606367e-16,3.91412546333476e-18,0.000494499622424673,0.00032220751496117166,4.756884673430187e-13,1.204246714091796e-12,1.5157660921966006e-16,2.3921653241521915e-15,5.239893599966723e-12,-2.2415019271343088e-07,-0.0004054819394926034,6.400569379405336e-07,1.6979043969257765e-13,3.7290738215141273e-13,5.714511646008588e-06,-3.6369632533721326e-07,-2.9672747341958737e-05,4.643594349349978e-13,-3.193541624779745e-05,7.719674895726952e-09,-1.345812366602511e-07,3.5742498030754315e-11,-1.8710218824572592e-10,-3.4208233559726914e-11,5.916746207116873e-12,-1.6331135570145608e-10,-6.986998460942336e-11,-1.48693554584943e-07,-1.442494318288041e-07,0.026363079873071304,-1.3094161627735561e-09,1.7091525652272073e-10,1.758036265521439e-07,-4.573262689051359e-10,1.4592986637574687e-09,8.025797030524219e-11,0.0004116573251634586,-1.0087402245863698e-09,0.0001274463983246004,-7.550529566134417e-06,-8.90939693254095e-06,-2.2054724671842457e-05,0.04782989890451286,0.003584943203809958,0.00407159526729161,1.719824544203036e-05,-3.6569732913088247e-05,-1.6403026588360683e-05,-7.15954318732252e-07,-0.0005471289938497859,9.926098892544714e-07,3.490894510580887e-06,-0.7569835834241038,0.003737937606750018,0.0008366618097237777,0.000403064179466652,-0.00038075374641378853,0.0003143476009260267,-0.0018599295659809578,0.0021523603713198692,-0.0023361179119994343,4.975513133590842e-05,0.000327744616479709,7.573662852420838e-05,0.0019591434951260534,7.44572813382595e-05,-0.016495504772997924,-0.00012197738716183772,-0.0214906874490117,-0.00966093879039017,-0.16342710945159517,-0.04404940827825057,-0.100456047426908,-0.10564642038387231,2.452376112034333e-15,0.11642014911482648,-0.0031779680624124066,0.08391255942696388,-0.09155970141359186,-0.02234253660085507,-0.1107703445676607,-0.033943382186001174,0.1108170619399761,0.5475968378863985,0.0003683154543298162,-0.10929636317406634,0.07876079388021322
36,9.469246997651302e-13,1.836908484664921e-12,-2.230268699752672e-12,-4.403464165872703e-18,3.629604178674523e-18,-6.353903757499296e-18,1.4088650239461323e-17,-2.22980622793512e-17,2.04795489113944e-16,3.5984145497949243e-17,-7.997308428540457e-06,-5.803260731725562e-06,-1.2076223411934034e-14,-3.124493990124055e-14,2.864877753294004e-17,3.066343626260785e-17,-1.4165859954338136e-13,4.841982473869594e-09,9.91802992038498e-06,-1.534426193549957e-08,-3.723178246006379e-15,-8.857136097004699e-15,-1.8710923821066125e-07,1.1550469869682247e-08,1.1417874448579804e-06,-1.4686085824228262e-14,1.5493060712023727e-06,-4.772990116899124e-10,1.3086435089309412e-08,-1.8460423763259227e-12,1.0129327283049912e-11,2.028509907336626e-12,-3.488173447833686e-13,1.0773971026252252e-11,5.371774313594173e-12,2.0012940615769807e-08,2.1839589778049363e-08,-0.002874744588994712,1.1532460141725443e-10,-1.7330357568751307e-11,-2.9153705165284986e-08,5.19411326704783e-11,-1.7125776010648607e-10,-9.711163366381015e-12,-7.924991234267355e-05,1.5589369115633526e-10,-3.249057337630466e-05,1.5016989136457334e-06,2.107623358595586e-06,5.637795292147212e-06,-0.017261397441667912,-0.0010634591368292093,-0.0012896676695716746,-5.296129049029504e-06,1.3630769249397572e-05,6.872853920122118e-06,3.5224065308875833e-07,0.002165260779148008,-6.294617182379247e-07,-2.3769318117760003e-06,0.6490203639944302,-0.0035370119008818193,-0.0007923525115470991,-0.000549315236911638,0.006453501776183718,-0.04269550680620272,-0.01998837045344187,0.018628057607965275,-0.013606912477181581,0.0003406068293907084,0.0012880208676387186,0.00037439384660769643,0.004528977015806455,0.0002197987955717046,-0.032900195640412064,-0.00025867477958688173,-0.032164904437577066,-0.016317494677674408,-0.21040474627666078,-0.07285078883402055,-0.13964659863296144,-0.12751080862213993,1.3416141223759672e-15,0.10764544334540246,-0.0032556785897088366,0.0936907115940094,-0.12536043449513415,-0.020489178971378714,-0.10579030672313124,-0.0311890410650017,0.12258575992950435,0.6386850124607187,0.00037353384619821854,-0.10361552186273115,0.0744861385631554
37,7.656084688998633e-09,-1.7664090913027528e-09,1.0193619265910095e-08,-2.7519941136475975e-18,-3.333406294744629e-17,-5.8723227183521084e-18,-2.37383655598858e-14,-6.060180001690171e-13,1.0154947398383062e-13,5.700814711414958e-15,-0.001065596615915164,0.0013128053652546826,6.952545781834967e-12,8.913114509731631e-12,3.223616311702234e-14,7.183193787742591e-13,4.520441237501964e-11,-0.0006982567210489336,-0.0026484310429351547,-0.000165437011262223,5.297062238537156e-10,-1.3055394549571218e-10,0.10723324655482595,0.002351476138832719,0.017480066062724925,-2.744025060649571e-09,0.11468284685287825,-4.626370783038744e-09,1.942165798457226e-08,-7.442771559873847e-08,4.391889478250208e-07,-1.4240947676693878e-07,-2.3430617430929203e-08,8.64326573023536e-08,6.056401858242013e-08,1.4336354298464136e-07,-6.710405328755665e-07,-0.0017506096791605088,6.276277888227759e-07,-4.108877195721562e-08,-1.5056161375079329e-06,-6.807863858600223e-08,1.2077693547046462e-07,3.3240534302563845e-08,0.7634908108454295,-6.167154389067074e-07,0.001676634973250765,-0.016174883977965675,0.002916380239442222,-0.0003883182429776241,-0.008454159589920737,0.05599131351861769,-0.04056447262999915,-0.0039582968686426275,-0.0002917577500664741,-0.0025673925823336613,0.0012646695046599466,0.0012616744567810739,0.0024440406228723164,1.4268370842837347e-05,0.0008319098600592237,-0.000559006424058979,0.0029294761920667005,0.00017849955714700124,-0.24428307483408557,0.03002926622866777,0.013334876515699975,-0.03874197759932016,0.031479522488679315,-0.004889481689633538,0.006040634974531731,-0.013289941042297847,-0.3073995103901455,-0.002154190704165562,-0.28991416065662173,0.004395453871765083,0.176268638338333,-0.015467713771581031,-0.019157876870285105,0.030733004897541653,0.006253193567070801,-0.005725186550547755,1.541697931609544e-15,-0.08904607786188949,0.09749688982055477,-0.04700062212534128,-0.06372807799237783,0.03155867038721191,0.09257615546746956,-0.23659158006322745,0.05402623756025631,-0.016483422183728533,-0.000761755862137734,-0.021304806745517352,0.13893597825590606
38,-1.759657264158815e-08,-2.5421671177909485e-08,1.3468343756064886e-08,1.4281037961577562e-13,2.2697241172062587e-13,1.5698968732739836e-13,2.0203094860211727e-12,4.786113215784683e-11,8.060299972774337e-11,4.243618882185193e-12,0.005322285317489513,0.0023886197234188307,-2.3602107578784023e-12,8.418037163317624e-12,3.784196772928438e-12,9.871569196390047e-11,2.8760670145030322e-11,0.0085558649344721,-0.00025699917403264924,-0.012501805190768584,-6.7224702822758066e-09,-8.785801118044278e-09,-0.2738858944549106,0.0033215316550024745,0.5675456830571803,-4.377998905734003e-09,0.30345220072264195,-4.412731270345972e-08,1.518640372635753e-07,-4.766572258670006e-07,3.754755734456954e-06,-6.358152638746569e-07,1.0796645677375479e-07,-2.9711578241775014e-07,1.1822076002032184e-08,1.6452324783019833e-08,-3.800767419920465e-08,-0.017244290247051413,1.705485095782964e-07,-4.788146581712203e-09,3.731239765772309e-08,-2.567735731250039e-09,3.759187198017563e-08,3.1490414794671887e-09,-0.012193235557431726,-4.937604415749339e-08,2.4712740036080088e-05,0.00035793217486632014,-0.0007155260087717612,-0.0012221404182499076,0.03865493314719105,0.00040329723047877257,0.008953699964831408,0.0003761075997780757,0.0005476648773952124,0.0007624273596102458,0.00016240488905814926,0.0076213942381875115,-0.00045451197738338744,7.667254987736237e-05,-0.007357427537488891,-0.000857356289052417,-0.005587349769391955,-0.009563769991012943,0.13953120842282632,-0.4223840881306526,-0.2822150006015632,0.2528861560275938,-0.000722799523003245,-0.0017084633199774988,0.01294358971406845,0.002135549007591369,-0.12838974863630254,0.00012039157223034714,-0.01222032885420029,0.006176970513695875,0.05881491711852067,-0.04935429487869793,0.010522754006275436,-0.06857136894567367,0.07145821200187051,-0.06045781508810906,2.3966302685900575e-15,0.20180181382607762,0.015531200826629657,0.09523793571160796,-0.03883347978472361,-0.04857251472281639,-0.12885043273062607,-0.06346973865730697,-0.01533201880961651,-0.15110053609060703,-0.00010789059824630204,-0.14913707256260428,0.10309610064748605
39,2.453834082566623e-08,-5.121699205357982e-09,2.243226640368846e-08,-1.9985267678908105e-13,4.612109136415523e-14,2.683499148996615e-13,-2.711819119314996e-12,-6.401040342409412e-11,1.0489276799643259e-11,6.082819940439297e-13,-0.004249140405781614,0.004900764352787855,2.720289161640428e-11,3.7013084058760216e-11,2.837201253681957e-12,6.422003783200923e-11,1.8907188365274537e-10,-0.012390593916502522,-0.007883153618348028,-0.0025594385420877716,9.628858520180754e-09,-2.0487935503139624e-09,0.5194522907649191,0.01775371050184552,0.06741666564826271,-2.1754323956267545e-08,0.30820095214647125,-4.34843810172081e-08,-1.1273847582339577e-07,-2.879222379359376e-07,1.9071916449303347e-06,-2.1948321508719364e-07,1.0461096884836741e-07,-3.9791249666308894e-07,-5.9252538503247334e-08,-3.5662379711782047e-07,1.0824227495640653e-06,0.003792899996660709,-6.735135662720716e-07,5.13849889507097e-08,1.8969735312561218e-06,9.04587891867589e-08,-1.5222720168331907e-07,-2.7177826722325515e-08,-0.5689507185817637,5.752146875149069e-07,-0.00034631812624576794,0.01151260109140238,-0.0016317990463791054,0.00028987728655564354,0.0007179395893634772,-0.0016994917651031256,-0.005738913009477129,0.0013012434194321363,0.00011239769762123847,0.00022912021669469382,-1.8901577144228206e-05,0.0009265474251998367,0.00044086126812754834,1.4073632628476663e-06,0.0003395517600899896,-0.00033007551671694846,0.0009753015519315709,0.00025660424416987536,-0.170364369596782,0.018169194918739955,0.01607387601078486,-0.03692825173924018,0.026412956906467274,-0.0035374921834964825,0.0047336804211630225,-0.010046669142242165,-0.2711234737937895,-0.001896978995087517,-0.25647438733176114,0.004159312443316171,0.15840207137194937,-0.013587876023587062,-0.013131941037318845,0.027549810822626596,0.005625921820688217,-0.007128431891534243,2.283870707848063e-15,-0.0890201626046939,0.09942621454704725,-0.04290336434791282,-0.05925503149649417,0.030999781991853433,0.09017901229203788,-0.23703046302268102,0.03761081847953823,-0.012344111437730627,-0.0008036762508192484,-0.021802080322529463,0.13517713768819273
40,1.4856749171153353e-08,-2.1452137537172082e-08,-2.1109199964719124e-08,-1.2101418385284368e-13,1.9233873350713816e-13,-2.4874557002518196e-13,-1.6018118540930434e-12,-3.770378424083595e-11,6.051471123431488e-11,3.2457098990321525e-12,-0.0013313114244696887,0.005878482049810876,1.4739618847201144e-11,3.588764756276334e-11,-3.070599796939174e-12,-7.775399179750736e-11,1.653789486594546e-10,-0.007356245224456807,0.004577439048739291,-0.010507690450739236,5.683991428095218e-09,-7.62010843973815e-09,0.27409825872170707,-0.0070491077746245336,0.40150258676362477,1.0047956427852613e-08,-0.5024167990852287,-5.231722649804551e-08,-2.0053251833427624e-08,3.8626917553880555e-07,-1.9817500419514164e-06,1.1074458669590912e-07,-1.0980243265236067e-07,2.544491396805533e-07,-1.4005586559568335e-08,-5.83862284212358e-08,3.1279915019105144e-07,-0.0009902661218869136,-1.1838944006368144e-08,4.061075797414059e-09,8.012484681126491e-08,2.396777122236202e-08,-1.1630144426530837e-08,2.3136314274172174e-08,0.01700252488919414,-6.420983170880793e-08,0.0007132597908859749,-0.0007226439329631937,-0.00045551681519992465,0.00010552208148722087,-0.008268413101864177,0.03918614332408831,0.030160311389316016,-0.0013287080843295727,0.0012313783873653427,-0.0002373392337160765,-0.00015439404817938458,0.0061279167621403705,0.0024110435282817633,2.8805943679203427e-05,-0.001081077605887126,-0.001274838715503603,-0.0012806432278359894,-2.637012992410992e-05,-0.27966781301742194,-0.2588012085951631,0.008111669167197692,-0.1768442567501941,0.3840698858484964,-0.0038354635718611954,0.013521747310614772,0.013506739424303171,0.16137017025978295,-0.004887178885194381,0.04574570753087715,-0.00785218788561725,-0.02282363145205708,0.08256369131212657,-0.0405502454129445,-0.03328754282299521,0.07397068012647534,-0.10243380797703164,1.0452865036689439e-14,-0.11501846851850538,-0.06921794092475123,-0.08793280224816356,0.046315936875475125,-0.25745140097081753,0.07541961169672547,0.05232501595849847,-0.02299349901374798,0.005318783390742732,0.00017929230974310828,-0.16154067501455052,0.012798729626891858
41,4.309174734944931e-12,6.225506565674347e-12,-3.3046455333822932e-12,-5.805537197253785e-10,-9.22933813029652e-10,-6.406280508774392e-10,-2.7898129326840997e-10,-6.344078334133616e-09,-1.0586873886786483e-08,-5.775656579184082e-10,-0.00011471897515663081,-2.2233650193041916e-05,3.6884101333646625e-13,1.3936277392011562e-12,-4.425860213914546e-10,-1.086801456611846e-08,2.9684737131510185e-12,-0.3644691155210029,0.0005536179708201343,0.5379552726628283,2.926697195779476e-07,3.8938625587095897e-07,0.0016995131248445342,-0.28432395966691354,0.004109173049880225,3.6326318697868866e-07,0.0022420112020316903,1.6060060520892463e-10,-2.663436981768846e-09,-1.0346031086954197e-05,0.00012809520714685262,-3.9317998855233046e-05,5.648222905968601e-06,-3.1788777137567787e-05,-2.59822109029409e-06,-1.6842723111617073e-09,5.176561173332721e-09,0.000333014842401033,-1.4989336988503176e-05,2.6008228062825534e-07,7.328819231610356e-09,2.696623955957045e-07,-2.3171038380004904e-06,1.2720942978731398e-07,-0.0025752267830299554,1.4366115644956432e-06,-2.4883159340936034e-06,-0.0018351199502950727,0.011736109733994832,0.023984064564464832,-0.002662818501454245,-0.0001270569093858859,-0.0006885278180618907,-0.0032057184236933657,-0.005769503113830262,-0.006122744187825064,-0.003111919010241678,-0.002110063260650371,0.002464696402417944,-0.0005373950942535687,0.0010477199236607695,0.00048824102217436883,0.025881801698199428,0.036707072467429915,-0.07472798939138517,0.17242718294283027,0.11125119516131188,-0.09567792508142886,-0.02004189524444829,0.004941461695403363,0.003444318611237016,0.01050529835040647,0.11077759436923973,0.0013098707794684838,-0.028342282684757296,-0.0003294358993694364,-0.04636519967940287,-0.0866271455851385,-0.20698827954799182,-0.2998770362269358,-0.13455446721301,-0.1697551201459637,-3.944286119001646e-16,0.19617519538905687,0.033603272381405924,0.15561832981146864,-0.24432602357977035,-0.06460334536507692,-0.04720288745961941,-0.06843262289739807,-0.11385196956540101,-0.27256390996166635,-0.0008852188974511711,-0.0975145699561615,0.053464952873200036
42,-6.00875195504465e-12,1.2519761660057464e-12,-5.4919901579455815e-12,8.128194980573859e-10,-1.8839632123435485e-10,-1.0881856348548772e-09,3.7176754248801747e-10,8.416468746139307e-09,-1.502613588585372e-09,-8.863932108706151e-11,0.00010510629946261811,-0.00016281103340386698,7.626487055273203e-13,1.173791376150235e-12,-4.318000895620758e-10,-9.753482760030346e-09,3.8057621615698986e-12,0.518826033862362,9.085521570060967e-05,0.1057096908434011,-4.113075109162975e-07,8.517345150697272e-08,0.011445583934677105,-0.46328124084017736,0.0008517779458058004,6.133387176295036e-07,0.004082684305253972,2.59676840664232e-10,2.2997964485507936e-09,2.8841212501656697e-06,-2.0202103654456045e-05,-4.654877058080964e-06,-3.916217540269282e-06,1.080185795164065e-05,3.20022942237114e-06,9.35808112705938e-09,-3.3768414392986555e-08,-0.0001247755935291547,2.6024066498353082e-05,-1.227522082150567e-06,-6.27094274604782e-08,-1.401136021982937e-06,2.281228479956393e-06,7.447236090056052e-07,0.02232456709235706,-4.3011751745158375e-06,1.2174588677373446e-05,0.010275307361440557,-0.011526579886602452,0.004976368218755223,0.00044186228779593016,-0.0003871796516760413,0.0001784132496013402,0.023801089511209152,0.004154276645600144,0.01807993654537964,-0.010286492524043107,-0.0005514103533416564,-0.013644877817209577,-0.00014539028888823304,-0.00020756500588782118,-0.00013954089346908096,-0.015465571604695487,0.006844946668550755,0.4063425111071336,-0.11972392970699344,0.18630609648312524,-0.22766538497654942,0.11554939441819019,0.01107245921864376,-0.00753838961567167,0.028223376516652954,-0.027736463090746673,-0.002378746489520384,-0.012756382209357849,0.004931982765107347,-0.03970793270025968,0.024724734673072964,0.1065864672963307,0.0024310787849448887,0.0005193263826833223,-0.04982420887023418,-2.7492761144837374e-15,-0.08328372536109026,0.16924180634371827,0.019441947777958934,-0.014991005609177996,0.01283013748597421,0.03851510499277111,-0.22306491916918061,-0.3279454241056589,0.08397029141368179,-0.0019863611752207887,-0.034973759866221164,0.043422034447281016
43,-3.639164791252498e-12,5.253455549893176e-12,5.163478895415455e-12,4.916386772406969e-10,-7.82201422648035e-10,1.0142898049185036e-09,2.1940709689343457e-10,4.9530456238396896e-09,-8.001716844681324e-09,-4.437633910358587e-10,4.0495649641751144e-05,-0.00017581181631491703,1.391531370540045e-12,2.3556086610479147e-12,4.278533130415831e-10,1.0242926550151905e-08,7.815894152600044e-12,0.3122229913419626,9.978298223886646e-05,0.4495755683408124,-2.456697166075132e-07,3.3302727528221976e-07,-0.0037521419247436077,0.4510316657359135,0.0027680410546243243,-5.979473130137147e-07,-0.003706925509395821,3.629804116068946e-10,5.38108502389482e-10,7.236399792556688e-07,3.447377523118219e-06,-9.508895009867945e-06,-3.196651624314466e-06,1.0214459943649625e-05,-2.2489869332771758e-06,3.0436741995091008e-09,-1.3985385002397927e-08,2.1059931693210276e-05,-1.9455918146873525e-05,-2.1454643599578793e-07,-1.3600397518844998e-08,-1.8995164291018578e-06,8.704544630745417e-07,-1.8788501970813543e-06,0.0034039599182586863,2.88422905812922e-06,-3.0373512473927134e-05,0.0087406480043265,0.012894373290827594,-0.004727154324742268,0.0003865899457903295,-0.002141525953747226,-0.0016427710467903675,0.018313426330052413,-0.01787990102661224,-0.00026385775041479665,0.0037735666266254476,-0.0016937463249019668,-0.017190221304041756,-0.00015929765525464766,0.0001738867918686379,0.0003057456446779007,0.008690776836494237,-0.003869483588890793,0.12231364243726797,0.08588500825702677,0.019150355287190078,0.047905035079019054,-0.16665664081710146,0.001135051678990125,0.007871431250566894,-0.011768387814400606,-0.11795674272359716,-0.005357074683272225,-0.017341243932100354,-0.0023926234057085826,0.05087778067494174,0.20592562381429733,0.12146698407668657,-0.17328231748565243,-0.1595850665030373,-0.37745205131875453,-1.2485367581034547e-15,-0.08863442824196226,-0.09041659657561019,-0.16627465180711454,0.23983843793306897,-0.23203306474200508,0.018262398820538144,0.030659301205864763,0.08744658625628145,-0.031101285825000373,0.0019704263576788214,-0.06352449315126531,0.04108389951792493
44,-4.147015755795087e-14,-5.991693028310247e-14,3.188873439667556e-14,5.981063451586549e-08,9.515665944767012e-08,6.619522405284495e-08,9.041280864375222e-10,1.9694478584473318e-08,3.257130045906042e-08,1.8446522273955991e-09,6.546458186785196e-05,2.405804204691715e-06,-3.051185962019148e-13,-1.4649793689490451e-12,1.2565731545205531e-09,2.908773456446012e-08,-3.1639449338131413e-12,0.3619870079148094,-0.0005597661238657908,-0.5346318210291627,-2.9653663265618355e-07,-3.973044641682294e-07,0.003725991059949246,0.2823729904045596,-0.015532210466193894,-3.726269365437651e-07,-0.008497619227210837,1.1447105062847901e-09,-5.262829042414661e-09,-6.605317877822451e-07,1.2526601455956722e-05,-6.156771413366061e-06,1.106216876635877e-06,-8.165430583369274e-06,-1.2366885789178506e-06,-1.8383935916347442e-09,5.549137281626892e-09,0.0006228869376035005,-8.858128245797205e-06,1.9952664492808412e-07,6.341791347789361e-09,1.7627933677927292e-07,-1.4031877272617427e-06,-1.4118306331839612e-08,-0.0022955296569590186,1.1935580175171576e-06,-3.3267322354300293e-06,-0.0015671573009012985,0.009569016719322157,0.01862338573095693,-0.0032232687327036096,-0.00012809222515338498,-0.0008150052598722738,-0.00301239133007954,-0.005142599491972946,-0.005634619605590761,-0.002510447926341548,-0.002221803400129886,0.0023179184199066736,-0.00048548830888985235,0.0011511277025775958,0.00047522880239904197,0.02424048445324405,0.03456470128047957,-0.07851478122848962,0.1794293012011741,0.11484930127053727,-0.09863246207837802,-0.02059255388816261,0.004825583843968393,0.003115000845424313,0.010097948158946235,0.11334378945183543,0.0012962959921271227,-0.027921529060366927,-0.0005064321054477628,-0.04797400471446611,-0.08544495074541131,-0.2096323719437349,-0.2989087733232427,-0.13746777028443763,-0.17034976194642668,-2.3284043533434052e-16,0.1960834525938098,0.03375864290126064,0.15572422494034185,-0.24525067857754632,-0.06487078901096072,-0.04506973103313379,-0.0685198864872863,-0.11492908157175905,-0.2727830183585523,-0.0008997580109707808,-0.09600197031041806,0.05208413215055676
45,5.784012647267532e-14,-1.203193687384889e-14,5.2858350018868987e-14,-8.384037758890872e-08,1.942505932861166e-08,1.1195417636949417e-07,-1.1959373698146637e-09,-2.5914203928470008e-08,5.046736098022732e-09,3.0425576808302043e-10,-6.429842583078032e-05,0.00011359349400446229,-1.150371249437407e-12,-1.7276234386812608e-12,1.4763285617194473e-09,3.252413103501849e-08,-6.717365211183593e-12,-0.5223057527694357,-2.5550574767056566e-06,-0.10669573818931227,4.209142063228117e-07,-8.691764961777362e-08,-0.021368753864613975,0.46903446314189756,-0.002083603177627873,-6.288189642782613e-07,-0.009122266061253404,1.1740171783879676e-09,4.096785517352251e-09,1.2411587786806236e-06,-1.4118690370681006e-05,2.2382319682388357e-06,-1.3998063778128248e-06,6.257280366830704e-06,9.196796038360913e-07,1.4836459897243559e-08,-4.981146119474757e-08,-0.00017618711607738928,9.190501329253932e-06,-6.008805709876357e-07,-9.05632830544961e-08,-8.840427131140311e-07,1.4033579738021123e-06,2.6256165801562545e-07,0.030381658932781115,-2.6408768581642898e-06,1.7045114571689274e-05,0.007474181882697019,-0.008443036096891733,0.0029434457232110733,0.0004169351607725474,-0.0003346482064987744,0.0002530174990454457,0.019729897981168483,0.0030551080003363724,0.015400355966630495,-0.008741499703068617,-0.0005512111176549226,-0.012508121506123229,-0.0001250927539883471,-0.00020785133238485382,-0.00012023281472967711,-0.01434369641050529,0.005926671993479245,0.39830070162047354,-0.11680316179968124,0.18046885438597887,-0.2200850167618605,0.11127196158707373,0.010880814427603644,-0.007490971216953195,0.027760696961411056,-0.021581779184162275,-0.0023328702313689213,-0.006137057660693501,0.004782638562736507,-0.043598861883434814,0.02603403780897673,0.10851214194925377,0.002010371618118919,0.00027990666140795587,-0.05057086792995223,-3.0752605823426137e-15,-0.08307534473515592,0.16986880996320564,0.02043634397206948,-0.012459217554614613,0.01245335703064886,0.03711544282940787,-0.22258314342497226,-0.33371171853804465,0.08572945634745278,-0.0020033001342520925,-0.035189822033725074,0.04097218343989325
46,3.503009860432187e-14,-5.0557244102738725e-14,-4.9622424926384567e-14,-5.0637398658468345e-08,8.062419316578672e-08,-1.0475858129062326e-07,-7.047225072807406e-10,-1.5223686372669927e-08,2.469509658327211e-08,1.4191379808259841e-09,-2.6436883040616335e-05,0.00011580460394634007,-1.6138316366721174e-12,-2.8681332816654974e-12,-1.4016077449566519e-09,-3.183529259932531e-08,-1.0325103515569462e-11,-0.310220168420059,-0.00013994322182671543,-0.44691535622763623,2.4798859100525045e-07,-3.3761011846720264e-07,-0.0016629480664868094,-0.44796519951012126,-0.010813132392932707,6.021413910078017e-07,0.014006245520025419,1.4177070135458193e-09,8.625173882254323e-10,-1.61285413005554e-07,3.818817928523151e-06,-3.3915348547157742e-06,-5.282722075219096e-07,1.7450680397560172e-06,-3.978834641879241e-07,3.828150423956475e-09,-1.8572371600836725e-08,3.4779170917608375e-05,-5.287903361785773e-06,-1.9352284134267532e-07,-1.423059765774854e-08,-1.065568739450057e-06,5.65097331232724e-07,-9.510623202497833e-07,0.002979598261973988,1.596584545787033e-06,-4.089210942711763e-05,0.00664052280538333,0.009339762084180922,-0.003107389419798766,0.0005153455429862705,-0.002708121953406819,-0.002088751466661465,0.015418789256425754,-0.014773855709849638,0.000212635699737312,0.0029857145244063105,-0.0017858189400164052,-0.015554546645269484,-0.00014904690017372775,0.0001875066614907837,0.00031189434907101613,0.007850412388416095,-0.003343439023123384,0.128545833144493,0.08913495720231109,0.020065635552738225,0.049315758526684066,-0.17190318670220342,0.0012937982369613202,0.007342076137781964,-0.01165805378799878,-0.12102009498940058,-0.005170204712934995,-0.018494893182780102,-0.0021540413976030744,0.051486817600260394,0.20373541641022438,0.12380130848878144,-0.17263512161134847,-0.16247965816427623,-0.3793898113271742,-1.942734983527635e-15,-0.0880439659403454,-0.09031508815312307,-0.1665775951188922,0.2401405901023503,-0.23135339921862202,0.016799540085599775,0.03019333039257669,0.08901806263298973,-0.03150311312805857,0.002004449196998848,-0.060860289383184905,0.04170461316319469
47,7.474076687580424e-20,9.198633891319459e-18,5.01399491640507e-17,-0.3694141278600793,-0.5331619467574309,-0.28135703190355205,5.8136185408533345e-06,0.00011651742163930364,0.00017204457604030085,1.0467638842600095e-05,8.658357025517521e-09,-7.895244549238011e-10,3.891192323107356e-17,-5.750353195602953e-16,4.849820274954667e-06,0.00010119248463462433,-9.054618308954634e-16,8.936097842867337e-05,-1.6103753806209194e-07,-0.00014765547430134373,-1.2735033021477006e-05,-1.9794705387165674e-05,3.158665149249795e-06,0.00010616497424241218,-1.1766198818352895e-05,-1.4675827544117585e-05,-8.81029450317087e-06,2.1571048775376037e-12,-3.591904744896554e-11,-0.004223395634597437,0.04939923525860527,-0.013505167970375763,0.0019215107506248973,-0.009247562520959748,-0.0005496462732218035,-5.971695744550641e-11,2.9616374619361865e-10,5.507837368827552e-06,-0.002327482910759422,2.4386862787921707e-05,7.327224888532601e-10,2.5023972645099252e-05,-0.0002276879953766895,2.618549202956616e-05,-0.0010605872212012964,5.1804028844272735e-05,4.439369870521583e-05,-0.03758953013927927,0.19327631076989796,0.39636306035093793,0.0003735045156008757,4.317753770631488e-05,9.391842708917956e-05,-0.00924378790480564,-0.009569712587388863,0.001154311650400586,0.003935286663706723,0.00011448569794345393,-0.007468534871556511,0.0021067497706185726,-0.00023613085443192366,-0.001667500223721326,-0.11433929871855067,-0.1829050159950959,0.012807406561269094,-0.019075988776788972,-0.008420195318273127,0.005149930725235139,0.007866007906081534,-0.014548429292970226,-0.02778225730990575,-0.03874294679062685,-0.029106446168861478,-0.004869854812138892,0.009632142287619367,0.0007067735309671537,-0.0443443047630067,0.13173450506272094,-0.1840749835378901,0.3003906108527006,-0.16476067146226356,-0.03874959587266504,-1.898192813639489e-15,0.17992578656500494,0.00568057209640608,0.025473326650616454,0.055416479454985096,-0.08696156473894266,0.13742321458114137,-0.07100776922739874,-0.03231950261583587,-0.05493302716074463,-0.0013623539238343731,0.04580983082817975,-0.0686749869659367
48,-1.0459641503519527e-19,-1.2788894073833763e-17,-6.936905310279252e-17,0.5155157234257491,-0.10819544959611015,-0.47157029471873746,-7.47712380251857e-06,-0.00014876540754628543,2.892179047104966e-05,1.843034942888956e-06,-8.804358606022936e-09,1.8941005090958926e-08,-2.35542288802182e-16,-7.327954433761322e-16,6.544291366568767e-06,0.00013390015851906487,-2.5889031508178225e-15,-0.00012866431874140804,1.0829732357017263e-08,-2.9426012547932073e-05,1.4269991819771725e-05,-2.307738622997106e-06,-1.1170280990465377e-05,0.00017636580081801343,-1.3626914068651978e-06,-1.210165142433616e-05,-7.109299005004184e-06,2.611357993345456e-12,3.116605192451547e-11,0.0011734281638719852,-0.007378727814157723,-0.0017972896121336104,-0.0012659417270415793,0.002651065096881573,0.0007440788231154391,2.7053980180353013e-10,-1.4846722518524734e-09,-2.1942822776734554e-06,0.004913919024522537,-0.00016821688068848194,-4.024163350617507e-09,-0.00013209804976606104,0.00021072743413336187,9.876728055468694e-05,0.006718378367944296,-0.0002700790509078866,8.960715981834114e-06,0.29614832512268086,-0.24847027607617064,0.14449550487235213,-6.184922939379143e-05,-0.0005292006492272291,0.0003794667940716685,0.16078082107144104,0.024546551197138625,0.013423992452713827,0.012552861320514969,5.1051791322372344e-05,0.03578177839563718,0.0006091042757011786,5.9844193042194986e-05,0.0007747504337738181,0.05421130214812751,-0.05283839215339272,-0.05503585884013515,0.017351566157204977,-0.026105426133998435,0.03192704397076022,-0.014202154577154591,0.014496065731434648,-0.0262030803727005,0.05348878307429935,0.029697572535107616,-0.014192762965811397,0.0014778267909594783,0.1154142736614975,0.049631058463978854,-0.25298065456460966,-0.14996650631330322,-0.0447701976264575,-0.031836214170016496,0.013488846344063209,-4.618232456695869e-15,-0.055788994748217836,0.0072442952552000135,0.01996546949505138,0.3236697966861114,-0.020776327888327686,-0.09555976812251445,-0.16006147572733684,-0.07535708718387937,0.011175517392907217,-0.0009297791626552943,-0.036573698904712675,-0.17233122045871935
49,-6.35059747585686e-20,-7.73622470450815e-18,-4.173032252213132e-17,0.312626444176271,-0.4515942115142396,0.4451595464029716,-4.48521267175394e-06,-8.902085261042247e-05,0.00013029953604944765,8.030599415866537e-06,-3.770064164862223e-09,1.8740726843980873e-08,-5.785206980174274e-16,-8.625892898831159e-16,-6.165121175791489e-06,-0.00012766948710062092,-3.821771442827483e-15,-7.659380168901602e-05,-4.3250558780552117e-08,-0.0001234232724077633,8.33577956916595e-06,-1.2495006421811104e-05,-2.3260456985560566e-06,-0.00016824692177819323,-8.160816074880825e-06,1.200643930314727e-05,1.4069045759091134e-05,3.2901122054394852e-12,8.480991163941442e-12,0.00023160122375899506,0.001932820362741151,-0.00328533127094793,-0.0010803888835501671,0.0029945894060504877,-0.0005754855064078555,1.149117607828539e-10,-8.008050500470879e-10,2.2110537448321718e-07,-0.00403655028419449,-1.553124693957869e-05,-1.7244836456669512e-09,-0.0002101151014042428,7.923595977941889e-05,-0.0002067812073556387,0.0045040429299072395,0.00021130327714060957,-4.968909749044951e-06,0.25831527752536576,0.3054238338454652,-0.11869232430902543,-0.0001386582533681249,-0.0002227312433419179,0.0004495142290919828,0.1313136689468409,-0.06337290643598242,-0.007094962265467335,-0.004566924763532059,0.0002022339172098295,0.05994123244297434,0.0005239722210664428,-5.2032694755140705e-05,-0.000699720214418108,-0.04753815490366806,0.035287245823109784,-0.0255332280406384,-0.009052977765830722,-0.01047246992481755,0.0020365874159022157,0.02382167265766324,0.004470441810186276,-0.04353200305217938,0.022995631544082865,0.03785697373020566,0.023058703100189138,0.009434049603113328,0.0022437368948993687,-0.050090298518535636,-0.30500667889831656,0.18189796999643987,0.18865801904389118,-0.13225871023774416,-0.12555593978186602,2.0512076764859766e-17,-0.03545417463415343,-0.004064756955915591,-0.031475478745436276,-0.12582873821404336,-0.17164902646260988,-0.10459914979247768,-0.013900195290050871,0.03197876216711685,-0.00986208850083315,0.003392564301668511,0.16441960090690605,0.08555193266593045
50,-7.325108579685193e-23,-9.421765121745814e-21,-5.138909894552437e-20,0.00037858880881509244,0.0005465704337601552,0.0002887388569853053,-0.0004777505095344453,-0.009250156246407354,-0.013495991096243103,-0.0008461310198849928,-4.3102944055223337e-10,1.1460571206230521e-10,6.631990207106695e-18,4.6244911679793464e-17,-0.00037406191206454674,-0.007501015169534126,7.323312535632379e-17,-6.830172404458015e-06,1.3420448733970026e-08,1.1818864984062498e-05,0.00048423977540238273,0.0007326126708707411,-6.169949853474695e-07,-1.0324752793333783e-05,2.522747535046015e-06,0.00047301911991722045,4.678362374159516e-06,1.3638914136770101e-12,-3.5275583232687653e-12,0.06688238917228154,-0.7501313052290298,0.18942272448018355,-0.02574932624368638,0.11268375611057217,0.004316823938904299,-1.9149995458741391e-13,-1.4983843986089868e-11,3.124312148725018e-07,0.012478673914370176,-2.096683140542948e-05,-7.802931614612491e-11,-0.00013108434951673192,-8.951683288422468e-06,-2.2236658276852185e-08,0.0002677653651445778,1.548293751491749e-05,-7.1944805334214174e-06,0.013077399077289494,-0.046146139155011055,-0.059111339379581226,-0.00017712736865500473,3.174420237787164e-05,-0.0001217556525968622,-0.02070036058628255,-0.07086223767479347,-0.05510080688362933,-0.14304927073424514,0.00033139239040781997,0.03531006386882446,-0.002007415722037854,0.000326295536931647,0.0040318895256875615,0.2783198021410539,0.3703664906305978,0.0147229840960611,-0.025549540227531406,-0.012634473907634825,0.009378589945161329,0.00529429272921519,-0.014219576418360537,0.0016835065160105275,-0.002425834482955789,-0.023293283411250313,-0.004921115240598975,0.007134750637225888,-0.011636711717949154,-0.02270089242629521,0.07670515640798999,-0.0870896527778103,0.18634901493803058,-0.08460711104959678,-0.011591203692038157,-2.4614289662180955e-15,0.1706913725268387,0.0010671607602036391,0.0013149371740240896,0.04305392397068845,-0.0868001454841247,0.14708817564146454,-0.06811624313795782,-0.010430415967656483,-0.010762714061842156,0.006909268253342832,0.05920370884387346,-0.07584678499240716
51,1.0216445121116294e-22,1.3061578090899176e-20,7.083615139571512e-20,-0.0005264645573378078,0.00011048544524036432,0.0004814626330883046,0.0006034533323418924,0.011583596664971323,-0.0024306040610122944,-0.00015828035567936474,3.7601235227481793e-10,-8.867188150997808e-10,2.9409945101427727e-17,4.385591969187569e-17,-0.0005358420660856104,-0.010598657472311295,1.9507559149286107e-16,7.444577576665723e-06,-1.3634101041099176e-09,1.6616929059268534e-06,-0.0005180982247863248,0.0001062414330825366,9.282798351365368e-07,-1.0117291027321042e-05,8.47252272931942e-08,0.0004696408384473775,3.119089721793251e-07,-4.303673996464104e-13,-1.0252477810166076e-11,-0.011185463843153581,0.030970542159391087,0.042928717084808235,0.013013406827520535,-0.014035332701061881,-0.008559367450413606,-1.4821968054900205e-10,1.0582694960921713e-09,9.014971730817854e-07,-0.04978971726785292,0.0012734268358601,3.4326872901623435e-09,0.0006196724246909327,-9.621216286061786e-05,-1.8172774967831252e-05,-0.009499359116983951,0.0012402034595534234,-6.648157792755351e-06,-0.5023745799584486,0.2548462064336921,-0.11454326399789573,0.00016354717220396024,-0.0009927749235599025,0.0010627224971573302,0.35191440606528385,0.20480496772759704,0.43438325571559405,-0.3053582595563299,9.34599105286104e-05,-0.12551055540392228,0.0037813222763696938,-5.2897109475027566e-05,-0.0020581165853235947,-0.14224074019834293,0.20505233870030665,-0.04225506102903832,0.011212800364222172,-0.020354139081835004,0.024238143685331455,-0.010134659975918019,0.007272112276569861,0.00020094955551809975,-0.005839565803522578,0.016030539490216142,-0.010352694168586725,0.0015784303595082808,0.022970078268594974,0.02874625147864192,-0.14618112263707725,-0.08879278284369199,-0.021165969598572996,-0.01957949090908157,0.009756880973826695,-4.118831477985593e-15,-0.05132962048989857,-0.013716416590632087,0.0112308395770491,0.17855004063046917,-0.02416521752732679,-0.10443949310688361,-0.14684711887025345,-0.019495242006891202,-0.0002385314067797336,0.0072443213168414955,-0.032728992833486494,-0.1821922950771856
52,6.204623607775976e-23,7.905032260666886e-21,4.2622580787665126e-20,-0.00031926757750266725,0.0004611614868592103,-0.0004545060390080797,0.0003664573951387372,0.007021514915013709,-0.010151085085004705,-0.0006442427104928368,1.6797534168616464e-10,-8.542492411623628e-10,3.1157525181747907e-17,7.68782075858935e-17,0.0005018961580193542,0.0100054890082643,2.65358368592487e-16,4.453228785290502e-06,2.6532312442362886e-09,7.194377360203975e-06,-0.00031271994949572443,0.00045424267295354553,3.0270236440012966e-07,9.746549844039443e-06,8.10148234397679e-07,-0.00044682368391339185,-1.4360195915683444e-06,-5.154909261178993e-13,-4.144392936489361e-12,-0.00504881810984853,-0.005311215230001872,0.034030299277463184,0.015141345772071282,-0.041775758653932536,0.007489874361453666,-8.688463146194244e-11,7.181437400004484e-10,5.6385678884757435e-08,0.044996269792729505,-8.901690579307324e-05,2.1411507679365733e-09,0.0012956499251670587,-4.6440728450212615e-05,6.966559359190725e-05,-0.007501404910022891,-0.0010812725188452347,-2.3287135110455672e-06,-0.44358590689159955,-0.32666419190441776,0.08843843696975423,-0.0005188458997624581,-0.001284907701623075,0.0002553440722823067,0.2774339920187557,-0.5103546282948962,-0.12200992997458271,0.19480578979243682,0.00015402519887974532,-0.3315089506337194,0.0073442047236132015,0.00010802367916122786,0.002314838115850859,0.1621967912590149,-0.1412606801146707,-0.017924657070465182,-0.007155578222098367,-0.005249620201848072,-0.0015499199706022902,0.018267836538573733,0.00297559667582587,-0.0018711789959695068,0.004731230589187052,0.02510542673849796,0.016447289825417818,0.005457149490250414,0.017559294643054505,-0.0280749416631872,-0.16545311989009284,0.08650570593845937,0.10445477995713659,-0.061467252648281005,-0.043632953125838043,-6.494075519173028e-16,-0.0279266188877057,0.007558397668846181,-0.003998636271337259,-0.07556819985907712,-0.1591955969453251,-0.10934941436383647,-0.019142999713569357,0.011211237703170247,-0.004111224256100348,0.009704237577669098,0.17644927615026876,0.08234498518713246
53,6.115831025663718e-26,8.241707242735064e-24,4.498179454698871e-23,-3.313602637369503e-07,-4.785033368456693e-07,-2.5316066624937185e-07,0.019586373167848267,0.365033548936908,0.5252349269314606,0.0340456730561015,-7.748559526896189e-12,-3.0932183687808978e-12,-1.119042318492357e-16,-3.2033049852158057e-16,0.01446397386045218,0.27756991653315655,1.9127973418142283e-16,3.904950172396393e-08,-1.2902399982219305e-10,-8.808724953929527e-08,-0.007652689483002595,-0.011074365263964053,2.5110700603463564e-08,1.540186268418858e-07,-1.1640793782627053e-07,-0.005876565702838076,-4.534767205505901e-07,1.6096466008407477e-13,-7.105508191930997e-13,-0.05411938502463588,0.1323083883095144,0.20490997289583276,-0.03631130718022432,0.3407180914788008,0.03776213171469261,-2.523335157622198e-12,1.9098916966123366e-11,3.373794606378855e-08,0.18221480956702757,-0.001295320524812104,7.314995805222046e-11,-0.003783855588221972,-1.9216414677126606e-06,-1.3009299791018436e-06,-0.00025695036138300196,-0.0015392941000696705,1.0578762630939203e-06,-0.014113432197956922,0.022639254407330205,0.004258148104423421,0.00012515022149380467,-0.00011360489792202127,0.0002135761490556125,0.053986077097665744,0.15707730212454427,0.05018243363877954,0.3918488669329516,5.255080926880045e-05,-0.04555983398808195,-0.00012782886464638912,5.897257224646965e-05,0.00016830059864973707,0.011245097575742831,0.15537802432461573,-0.0005317936410063402,-0.0011023086899530157,-0.0016606907916375455,0.00208909128355586,-0.002369314944414751,0.00155099263847261,0.03504479668438078,0.0437623564400848,0.0011314141992725,0.000176470313239431,-0.000664191396386907,-0.018629936352448185,0.012986784184028079,-0.030271854850805385,0.06256395126115925,-0.051707703965585584,0.04694401342849366,0.023814444573566847,-3.5150399791512255e-15,0.15541076086098096,-0.004441354896577115,-0.027903156423876526,0.005378544518887001,-0.08486779365083268,0.14972846132033868,-0.06315334635841532,0.018222626062398835,0.04471309042205659,0.015804520280246565,0.07186549027097977,-0.07984929010639061
54,-8.534704803765277e-26,-1.1439719880066558e-23,-6.202992041711795e-23,4.6105510771788415e-07,-9.65312067885391e-08,-4.2125028910363864e-07,-0.02740973540078225,-0.5081416968745855,0.10700243722210667,0.0071518362307732754,1.1657064112206582e-13,-3.2574305393203762e-12,-2.5199148582105373e-16,-1.753692813263371e-16,0.02435713505276356,0.46555920134879303,7.970966049520574e-17,-6.406148490251697e-08,7.61670082023745e-11,1.0746887446532353e-08,0.010706234790835725,-0.002244346282631134,-3.2614867120932117e-08,3.216979375614621e-08,1.5535973998166682e-08,-0.009793699031544078,1.9522400423089447e-07,-5.791998945672351e-13,-1.0486480972061047e-12,0.07192775659575515,-0.06223203580386367,-0.319593109529707,-0.07869046121760863,0.049542547592345124,0.061298870469491416,4.929329472152001e-12,-6.295775694505146e-11,4.2768667908642405e-08,0.3033708839113852,-0.0052011755281343485,-2.6661220304588493e-10,-0.0013296850263299156,-2.741714342904522e-08,-2.5099265382242437e-06,0.0011704103372289162,-0.0031782019290222028,1.054540040811667e-06,0.06907294140456992,-0.0239264244238267,0.012808717490204737,1.665812594062386e-05,0.0004988148209395521,-0.000547854276250937,-0.18394665717402364,-0.147389572248713,0.05542667340094418,-0.003477063629918596,2.5420468213147592e-05,-0.2141268378736847,0.004357489495295588,-0.00020849214941264093,-0.0037329220911990492,-0.2583077235277431,0.1729836999889003,-0.002770049132128488,-5.8835282993302594e-05,-0.0003197298393967545,-0.00015074238504560858,0.0009236081923586641,-0.003255888397115244,0.031191532108484167,-0.07273074851012234,-0.0029671457033537394,0.00034890787163942885,0.000845961196855699,-0.09351995498285004,-0.003022524181797284,0.012052429228592476,0.0067582588667548914,0.004937489637951177,0.0017670461851601851,0.003261458400041565,-4.159892429677774e-15,-0.045904281162630005,-0.03759603457700316,-0.0006120904367686787,-0.037040477866673326,-0.027547130490412457,-0.11293538945805578,-0.12957986232703458,0.04966156606320139,-0.013512467278744849,0.016439062520352717,-0.02737045806699153,-0.18840940094975145
55,-5.182683041579496e-26,-6.924384244316108e-24,-3.731877903820365e-23,2.7950153614408835e-07,-4.0381331901540746e-07,3.9779483211872376e-07,-0.01665699912759667,-0.30831015517284444,0.44533729519354104,0.029078803864816066,4.083558789560889e-12,-4.645364931272328e-12,1.6680870857036336e-16,-4.103409221476039e-16,-0.022861209080769593,-0.439315480521865,-4.037998142954915e-16,-2.6133216323553248e-08,-3.5872475204849794e-11,-6.362945861818341e-08,0.006478584149461869,-0.00938487866804339,-1.586352716836136e-08,-5.9000060655141946e-08,-3.9664936567301035e-08,0.009265487131082687,1.0440056327928395e-07,-4.4419444643972744e-13,7.588830596966856e-13,0.041609362501294246,-0.005768052321217349,-0.20229275556138573,-0.10706434581929251,0.2780708235779313,-0.05630767985280982,5.456125631535014e-12,-5.5496141170011347e-11,-4.5926517438093513e-08,-0.28449613538379104,0.001623527238479909,-2.1675324912105345e-10,-0.003707241124073343,2.788983970135242e-06,1.357745357231193e-06,0.000977441541389621,0.00303191989375666,9.290127597005441e-07,0.060046434864266376,0.03113312055513527,-0.0062098594266112705,0.00020119561899363813,0.0004497512993295543,-0.0002700659873419802,-0.13213424712979085,0.13365693906662843,0.10552883550306226,-0.043983077303229805,1.5109543501770157e-05,-0.2986835477854674,0.004848104002682339,0.0001981592783510306,0.003215414547018047,0.22331713248256332,-0.11991076215257995,0.0002541103699363995,-0.001033890930353965,0.001504023321873362,-0.002302535351991626,0.0012296627613017448,-0.0007483630161831823,0.04872928799459383,-0.020073757539298746,3.813554489478822e-05,0.0003370544920633248,-0.0008493674076938714,0.030066175005664712,0.005670104078339922,0.046088623367274144,-0.047358878872688304,-0.02137441144513543,0.0339803203168377,0.0608243276338345,-9.97465524674882e-16,-0.018729364260942093,0.02072286516342857,0.029365253213172245,0.006945729717804681,-0.14333855939633355,-0.11162148125630186,-0.025045054786359027,-0.015193207049427204,0.003165930949986118,0.016658778889188725,0.18605901517178636,0.0760624347129821
56,-1.4468982209183395e-28,-2.045121558646204e-26,-1.1168966973672797e-25,8.227050755661865e-10,1.1882846913563187e-09,6.299694891826704e-10,-0.021622351094722287,-0.024610607980940336,-0.034962428900213754,-0.03282289059886421,7.648631034755522e-13,3.293583306979622e-13,-1.55321432308173e-18,2.3188700057269025e-17,-0.017233168472199193,-0.01869655008829797,-1.7912703875521443e-18,-6.611112904638797e-09,2.349906577339165e-11,1.5000787286430006e-08,0.0012397930597107545,0.001790646226583391,-7.2403398690696306e-09,-3.4815942770921545e-08,3.795848020411603e-08,0.0009548086229802784,2.3816611091853642e-07,-2.0515279302061455e-13,7.903678141706136e-13,0.10000953014246163,-0.07380217257179611,-0.18034189767864492,0.13011108619117753,-0.2520848046912247,-0.08171284854516919,-2.8906957073505636e-13,1.0954207625356484e-11,-3.044448846519924e-08,-0.13988306594667535,-0.42495456035104057,3.1343703541307e-11,0.603383881002872,2.209039350780326e-06,-2.206090900029605e-07,-0.00014866481354825043,0.3188569604872684,1.1411407443994588e-06,-0.008318946180877937,0.01587690464130413,0.006916308626035028,8.594308747274186e-05,-7.182481542568964e-05,0.00013803761159868335,0.03437359050799495,0.09985627897414055,0.030049163116363985,0.24042468001227113,4.379821732348866e-06,-0.029992091110365496,7.574394189274462e-05,1.0869434480638837e-05,-0.0001977736872366565,-0.013873517079621837,0.06271784284908591,-0.0002857772337339267,0.0004037993613134559,0.0008942704017396155,-0.0014397410293038998,0.0029141485317300667,-0.0023860995556131428,-0.07262853367700742,-0.0931239701428352,0.009907974183555426,-0.0010632133560438948,-0.003112307242738345,0.050878390622443266,0.01906211149826308,-0.04402089713951852,0.0927120115812289,-0.10138107347684365,0.07330419917593935,0.03038327955529333,-3.649937103378373e-15,0.154570212449114,-0.0056757921404744435,-0.03331571978107734,-0.007076981865924371,-0.08574934674498903,0.15123006415636292,-0.06354953226510995,0.02413037108382886,0.054763042070254564,0.017585413767407895,0.07478230818527953,-0.08208430160037877
57,2.020096188255114e-28,2.841708474339666e-26,1.5406138363788558e-25,-1.1452019248032254e-09,2.392814664687944e-10,1.0452048447799717e-09,0.030925790812075915,0.03417861421810404,-0.007142090686662682,-0.006247392751142129,-1.7465796742092614e-13,3.9663837726228363e-13,1.995902754254106e-17,3.308286626477373e-17,-0.026779738363006785,-0.031442532138282214,-1.0654109445304485e-17,1.004981167349739e-08,-1.3954006580603898e-11,-1.8092004133131817e-09,-0.001730906237905544,0.0003623409328516111,9.316022645048949e-09,6.258411791542135e-10,-8.023410491751461e-09,0.0015830154293158749,-1.5564323945643618e-07,4.608051421450997e-13,1.4481769657328026e-12,-0.15790245571707132,0.029304489135819324,0.23028787256572586,0.07393821754717285,-0.032368532930987466,-0.13392219203922415,1.5901928385595292e-11,-1.1400543185191924e-10,-1.1298223361761645e-07,-0.2138090150304751,0.5811544570527117,-4.202443723137735e-10,0.12607921241043177,1.0744245407693305e-05,2.1775799287293218e-06,0.0013218166976887986,0.5341468788516116,1.0087533870768168e-06,0.07293013989221694,-0.03178552460138198,0.014950462306023364,-1.0088462866053624e-05,0.0002858801668586381,-0.0002928969345389007,-0.10103276911413134,-0.0402306604030581,-0.11912808232963924,-0.009166310740997136,1.2743524009936696e-05,-0.18330545033118195,0.0035001287023326633,-0.00015605467055621392,-0.0026784734377083945,-0.18531357918400204,0.11222063391548255,-0.0009473886183842244,-1.2315035464590386e-05,-0.000557010041828846,0.0007495601228119098,-0.0008041392702509903,0.00015349339416250262,-0.009055056303757972,0.019850849810174657,-0.004698193977167161,-0.0003607531083371545,-0.000554637491637018,0.024873679803496335,-0.013037880972134321,0.07244069149186577,0.03124536322033843,0.014474759387008393,0.007746762853925595,0.0017575983811387015,-4.1826284082551716e-15,-0.04533187596802896,-0.0430288324511327,-0.003222740468800586,-0.0960759452503716,-0.02858184351449288,-0.11609832712783047,-0.12905457513198626,0.06518550530478776,-0.016593397902855488,0.018555895556258976,-0.027070687279447565,-0.19349124810218774
58,1.2266963609121997e-28,1.720538045970102e-26,9.268846123484525e-26,-6.941053368486594e-10,1.0028736531220615e-09,-9.875586593836949e-10,0.018667799866803364,0.02074508740151726,-0.02967932859530645,-0.02720825318376846,-3.4830988263862136e-13,5.651687757198992e-13,-1.0175469667359113e-18,1.1501519714680449e-17,0.02732951291336413,0.02958603590996604,1.2671269415681781e-17,4.72540942409889e-09,4.216692620053955e-12,9.806174770304386e-09,-0.001049091125753158,0.0015164327297500675,4.823909262224262e-09,9.841752446887319e-09,1.1818533121503496e-08,-0.0015018273445987207,-6.501246195678148e-08,3.4085743101453535e-13,-1.9904892595680117e-13,-0.08777119730078188,-0.004537167647052418,0.1343155059784589,0.15773130292645524,-0.20036651780377127,0.1283292609946869,1.0111720596633445e-11,-9.429001698957353e-11,1.5117088717324053e-08,0.21067207078705136,0.3530900987303069,-2.7957378414707903e-10,0.51634195654256,5.674823943655056e-06,-7.912506499855978e-06,0.0011257195069055283,-0.5050527327525095,7.072581076077044e-07,0.06803268291004828,0.04308561040744025,-0.010281081597877832,0.00015574179545913905,0.00036121269019046795,-0.0001837317469370679,-0.09954352771522808,0.11132494295459615,0.07629821536998631,-0.03808909358660005,-2.769489499180553e-06,-0.1518901890455875,0.002324586364969567,0.000108775838500349,0.0017214411795699585,0.11945212034800343,-0.06004653670267817,0.00044940795524519374,0.00025019171226081996,-0.0004127144154207506,0.0009962461522048866,-0.000988840207851421,0.0013387028093660984,-0.09693675499739961,0.04409167585386064,-0.010895781932394976,-0.0020042792437480333,-0.001742442458438249,-0.06973746862298816,0.014274279411912364,0.08210442601730085,-0.0755254998175184,-0.05160530225785576,0.05279297465768695,0.08095018655646263,-1.2466361065429113e-15,-0.017333620375834007,0.023464502012065007,0.03572549098245429,0.029594301413309477,-0.14296030947144978,-0.11321609057523098,-0.02618484671534055,-0.020772212532206274,0.00477193227323287,0.01799243755006107,0.19048322985847296,0.07653767287392516
59,-1.0612192268507384e-27,-1.5012606900066654e-25,-8.198886801413143e-25,6.039282724742793e-09,8.723259652988551e-09,4.624612180771394e-09,-0.018503595967754444,-0.3707498937829098,-0.5338820844308598,-0.032505959460233595,2.4449863295827603e-11,-4.482946615350431e-12,8.834688720354993e-17,9.262737854114627e-17,-0.01355114229061314,-0.28174870145711267,-1.0318658212415473e-16,3.346030462648811e-07,-6.719294800664355e-10,-5.814785949421549e-07,-0.0008685911186688133,-0.001239279938230058,4.21913531652364e-08,5.468577561601918e-07,-1.853711575996572e-07,-0.0006771877738997105,-5.494611157340106e-07,1.0143651612088228e-13,-5.245900622036173e-13,-0.055782349163780616,0.1394934921837981,0.1757475494261654,-0.04125153610593604,0.2938164836558041,0.03830627774187036,-2.451897517451302e-12,1.8956314120058623e-11,1.8246438758462217e-08,0.15947305641937715,0.05793719574006347,7.643695576382979e-11,-0.08715855940195537,-1.6385836077517991e-06,-1.1060535646419614e-06,-0.00026970619547298994,-0.045617872210337924,1.294839773009833e-06,-0.014794716447778798,0.024366007193513284,0.006142534215088367,0.00013334850141274735,-0.00011755914809272258,0.00022238606672345956,0.05596154606292246,0.16294884928942696,0.053360154639430134,0.4067354367502795,4.393338180855707e-05,-0.04758571881193685,-7.81858100392205e-05,5.131385092416139e-05,5.6451613836366704e-05,0.0035124905253743057,0.14939462909316692,-0.0012725729264550247,-0.00010651522271285417,-0.0014437030708164109,0.0021754999664881985,-0.003416503557265181,0.0028263460376990717,0.050758191785867886,0.0641662402234481,0.001075527936625357,0.0005889783769910454,-0.0006911658864445386,-0.02812031288468141,0.013725264206419898,-0.03315615672715807,0.06510928787889371,-0.05563213326665792,0.0491639632980995,0.024418094721373528,-3.4678220685689673e-15,0.15486458668814396,-0.00452130722935327,-0.028447931985961142,0.00529130948810308,-0.08455949548418656,0.1496857444855455,-0.0628472230037608,0.018675622469643032,0.045746340999612,0.015929637934987882,0.0718830763799811,-0.0797267580248486
60,1.4816818246675607e-27,2.0861105449714313e-25,1.1309680127303019e-24,-8.40696544266325e-09,1.7565932438960852e-09,7.672634107567691e-09,0.025877425068911043,0.5164460458882879,-0.10884915851505879,-0.006883232038533161,-1.55384042916123e-11,4.3225087143884096e-11,1.420162819657956e-16,-1.0955564433337824e-16,-0.02308190894213758,-0.47309706203195795,-2.0059660250123702e-16,-3.615152396704233e-07,7.935175508660381e-11,-7.938009901068432e-08,0.001175161442816326,-0.0002466238427887357,-6.045531970106847e-08,4.715666267166809e-07,8.973468985103233e-09,-0.0010800883070766578,1.601325341247693e-07,-4.931950120068484e-13,-5.609790366982497e-13,0.07385483308243898,-0.05398138330145255,-0.2802459464931331,-0.07083965725279263,0.04341259624538952,0.06280792809065174,9.854679657602149e-12,-9.84833962461067e-11,7.927410638755944e-09,0.2656305549850041,-0.08509069830214391,-3.7819493733554857e-10,-0.018755650670692067,3.2733078579786094e-06,-1.6659120888725632e-06,0.0014876889345572237,-0.07707397861756472,1.2868202419276643e-06,0.08601512904348034,-0.03238243598832383,0.01665669547255828,1.320058055373639e-05,0.0005478565561958945,-0.0006033267206189393,-0.20205386574685807,-0.1634686603483934,0.057017977594522894,0.007833829935256867,2.282363140492048e-05,-0.20959578509319618,0.0042445398371614975,-0.00020878038753945952,-0.0037103998273722767,-0.25675927801566195,0.16937114551198626,-0.0010346981552486392,-0.0006054397012270513,0.0006948017734371607,-0.0014572100774376672,0.0016812342532042945,-0.004155409989223915,0.037590834776105336,-0.08715727751788124,-0.003587230829556538,0.0009544319221366296,0.000990469129271586,-0.11381047882339893,-0.0031330629553124796,0.01123246753879797,0.007796313234862181,0.00484303284070805,0.0019307711402495962,0.003154186529711744,-4.077354243808286e-15,-0.04569541056873206,-0.03786465870741746,-0.0007900497681280853,-0.0388356651619663,-0.027500471428264128,-0.11273743313418302,-0.1287920599903574,0.0505541877168846,-0.01366214383093307,0.01653294815998527,-0.02718758763959006,-0.18782967529271014
61,8.997256875387077e-28,1.2630307089866002e-25,6.804120103802594e-25,-5.095312385888292e-09,7.362179032038151e-09,-7.249299351718678e-09,0.01571968014229054,0.31316297565482515,-0.45270439147869523,-0.0278251622427987,-1.1091711272776707e-11,4.181277498457689e-11,-1.389924984545572e-16,4.103440757639946e-16,0.02142115517273939,0.4460071999673376,1.6302100473912612e-16,-2.2063759442507952e-07,-1.2279670256374985e-10,-3.49339616998956e-07,0.0007318450588310424,-0.001039023142910852,-2.305566652513197e-08,-4.737280728491107e-07,-6.021548292265307e-08,0.0010419021641922552,1.4159908819960998e-07,-3.715251136384292e-13,8.236410840753988e-13,0.04238165609952999,-0.004137867491983188,-0.17678373310850135,-0.10215407666072529,0.24396720377495953,-0.05830584533826628,8.085582606312096e-12,-7.709681872357524e-11,-4.376225649679559e-08,-0.25059342458682216,-0.04776823523675629,-2.851439608087623e-10,-0.07510986188405584,3.973870101643932e-06,-1.1088195839202658e-06,0.0012201108555413124,0.0728983822789186,1.014433828717557e-06,0.07445910661630466,0.04165337177337938,-0.009029157479667064,0.00022121288864522485,0.0004976892406654283,-0.00028360255586347476,-0.14326991928383015,0.15202451267316713,0.11125661008047662,-0.05103337827349936,1.0547041455663838e-05,-0.29771081617970246,0.004777372323378336,0.00020065937961946442,0.0032415282382791503,0.22509070590794378,-0.11956383842373622,0.0010790551542136186,-0.0008876827068549406,0.002050806500500395,-0.0027339717674683445,0.0006903150967889379,-0.0012085163743955165,0.07035134703233988,-0.02990816502785468,0.0003417266287540825,-0.00011798219498359306,-0.0010130737819155648,0.04378074134841248,0.006026110445734151,0.0506720094702102,-0.04952354709568823,-0.02293003214514566,0.03561040776936314,0.06263730682474672,-1.0691862399632886e-15,-0.018626526838298303,0.020918286242955893,0.029964768908368886,0.007654961637299389,-0.1426484590187587,-0.11158187952541374,-0.0250978631223634,-0.015605038326298174,0.003237484848782563,0.016761945751071646,0.18579658262647616,0.07577151360577174
62,2.6286972751033494e-31,3.9095910741106983e-29,2.1365061700977007e-28,-1.573627446558e-12,-2.273402600404896e-12,-1.2087276891695252e-12,0.3948452268665955,-0.02049874129087015,-0.0377729774886447,0.5926002989536221,9.000476602532064e-14,1.799898763639964e-14,1.9385463487216873e-16,-7.616582655633532e-17,0.31377643270815087,-0.015976828571262622,-3.4962421293251116e-16,-5.0643705986235417e-11,2.3601948719643032e-14,8.83447229534139e-11,1.4345834482822961e-05,1.768922670446396e-05,2.718954985166461e-10,6.464571256607917e-10,-2.030696182679092e-09,9.119209722177747e-06,-4.877559111649037e-08,3.460815919632806e-14,3.936330930081543e-14,-0.13332682975204616,-0.006667463285201909,0.02380373582982482,-0.2328152869116287,-0.05029000057046804,0.12535253577903674,3.9290412802100706e-13,-3.9879071550590795e-12,-2.0338857044094548e-09,-0.022465722873852845,0.02936695495161677,-1.5838526187517098e-11,-0.03934967779882245,9.824290327606904e-08,1.615959062669752e-07,6.70973959894387e-05,-0.019483504959855315,-2.6301723985381585e-07,0.0038375031833705175,-0.00609852373867226,-0.000898051895330873,-3.9430634707737086e-05,4.310714499305475e-05,-7.79735429926676e-05,-0.020193177440987392,-0.05908509767164673,-0.00693632495077033,-0.14399218111844092,-6.147103692868687e-05,0.020771766057412672,8.729784128491525e-05,-4.601182397687944e-05,-0.00037429079868384014,-0.025713199993863824,-0.09477139801773934,0.00015369324977359088,0.0022997562326401155,0.004093017628871357,-0.005816448593036604,0.00932723665646321,-0.007089969293969475,-0.20137095642206557,-0.2561916476846,0.020217162478539847,-0.002516395484419424,-0.005939630609617272,0.13578906669604401,0.02554660885531834,-0.05909788902585136,0.127199237834552,-0.15671498646870624,0.10230435936581385,0.03698326427378423,-3.908467095233669e-15,0.15601405074784044,-0.007246581986576442,-0.03972525533792747,-0.022065512415273634,-0.086667571379482,0.15574420290574237,-0.06454202313729483,0.030947754983868484,0.06594531373285482,0.019512756548700272,0.0772453209480364,-0.08601558904460228
63,-3.6716678884281542e-31,-5.437884740774637e-29,-2.947621607904449e-28,2.1912773393375082e-12,-4.56977273710358e-13,-1.9971086356860387e-12,-0.5705927138875098,0.030109460182541608,-0.007322838250731449,0.1133950533830668,7.411147096506091e-14,1.2371542002321938e-14,-4.869513967549999e-16,-5.612636496924537e-16,0.5001099741155753,-0.025411108969178885,2.201959971164439e-16,5.1205446109904824e-11,1.1960389567437735e-13,3.1036986298291158e-12,-3.677335739123092e-06,7.651859160087379e-07,-4.807354439981166e-10,-6.838057641373782e-10,9.947653627668435e-10,1.3098760281578995e-06,6.755814856130087e-08,6.798812621569054e-14,4.513931477109035e-14,0.2626467433993882,0.037455593307305204,0.053828568216227765,-0.03330526873551084,-0.010640856624770248,0.2126804310592596,-1.937750842412453e-12,1.9419449260238156e-11,2.596838073089682e-09,-0.040595288730379764,-0.038080348218291246,8.273617461991467e-11,-0.008755451877532135,-7.782449196658069e-07,1.539953135954765e-07,-0.00036914637485579787,-0.04123497257266495,-4.161347331462373e-07,-0.022128029697846413,0.008840453629556,-0.00494864820571621,-2.1897691695222282e-05,-0.0002613010557907683,0.00032604028378082673,0.10348011440229932,0.14703449362391302,-0.23463173196185827,-0.03563753441226487,-8.81311032134335e-06,-0.027105004201162335,0.00023243591171485378,1.414743631165839e-05,0.0003746193418920371,0.025964483759654707,-0.029142230139782403,0.0017792470177943871,4.952251093465787e-05,-0.0007690435339574502,0.0018301685599261383,-0.00301531315568981,0.004747642482841699,-0.06143087809371059,0.1418751220958695,-0.00662574269748314,-0.0012587405399264308,-0.0023089123308472135,0.17585803557403873,-0.025051559132056537,0.14539149454286915,0.06007623207942566,0.02610372621173861,0.014681291296206949,-0.00019747994169351386,-4.275289794555269e-15,-0.04476748225338365,-0.04932330931149836,-0.006299011568859865,-0.16573430937626066,-0.029391039451230692,-0.1196640432164739,-0.12928634046248252,0.08297094227317965,-0.020142390660580878,0.020934013643783257,-0.02756111100252596,-0.2005350365864701
64,-2.2297074714298003e-31,-3.293554526912921e-29,-1.7735303944497588e-28,1.3279467515299846e-12,-1.9186130806898973e-12,1.888717408062867e-12,-0.34155852250766994,0.018071264687876377,-0.031303929022449446,0.4905565647549357,-9.109290415359776e-14,2.117699950250432e-14,-3.4850305829562843e-16,6.806848509192351e-16,-0.49841798144196126,0.025368435649782528,-6.204058010449942e-17,1.7665391907157763e-11,1.6271188569470722e-13,1.373218173917695e-10,-1.3258423255481593e-05,1.5640853238659342e-05,-1.9907630480025008e-10,3.655748297537017e-11,-4.153351633924817e-10,-1.4595702557799863e-05,2.5609635721817772e-08,7.07037606180004e-14,-9.164482488307852e-14,0.12228128673931175,0.02408799672312402,0.05381681627586439,-0.17049003738604515,-0.037354914100432686,-0.20246226275523968,-1.4257875696045755e-12,1.4545495177333543e-11,4.545783735863703e-09,0.03604175322725383,-0.025539222339088122,5.336868826780927e-11,-0.0344244671873255,-7.315978286525902e-07,3.788860515849739e-07,-0.00024864528920057443,0.03128066470719561,-2.6339355714846753e-07,-0.01540460656573565,-0.007677545419552142,0.0013460211282955957,-6.169973955423642e-05,-0.00013793947756194424,9.590878955179451e-05,0.04286495767199996,-0.03128851356682431,-0.04764916261219716,0.007879057111288118,-2.4862958526350926e-05,0.1296691351974282,-0.0022377221072152785,-8.737433957020382e-05,-0.001450961898019352,-0.10086724617214379,0.05653561154423157,0.0005355739338781281,0.0018853355570734658,-0.002870110278096078,0.005152166030633753,-0.0037274644160588365,0.003791615372761372,-0.2703619453733978,0.11999219192797779,-0.02379328650503766,-0.004748644867214911,-0.0026826049115570736,-0.19136419764380627,0.02403452501234021,0.12171104349502196,-0.10822318299362368,-0.08516028800910586,0.07303069854541965,0.10314319338404676,-1.3433741841976279e-15,-0.017386538943592295,0.02679918275096303,0.04320102189476282,0.05628151112510512,-0.14389814974487816,-0.11748724537644378,-0.026986865181266473,-0.02744779194415025,0.006133926131383629,0.019410962174486245,0.19711869697546336,0.07915080643560649
65,-1.4564800157289338e-33,-2.2821756789210912e-31,-1.2479403850210142e-30,9.190910615410882e-15,1.3281061924236927e-14,7.0892551611433754e-15,-0.06582083179193592,0.0035580014618694375,0.006517480475604072,-0.09903539671134284,-1.9462746276490147e-14,-4.996994175916965e-15,-2.14004067639546e-17,1.2179698807397794e-17,-0.05271479056444911,0.002794776142141275,5.776669186473676e-17,2.0944718274221392e-11,-5.829940504951626e-15,-3.9792262389564683e-11,-5.192189437111207e-06,-7.615426203812204e-06,-2.3204484188254193e-10,-4.896685957199699e-10,2.0029396039434115e-09,-5.25870928703935e-06,9.1973698893897e-08,-3.5348473065303066e-14,-3.154641952114085e-13,0.33027872802471436,0.030635571615113204,-0.02118343642342409,0.5798339008719995,0.18766345667602835,-0.3086124153824753,1.31013372706033e-13,-4.2718202608044135e-12,1.1161763341532962e-08,0.09022134590600861,0.11788417770381152,-1.5097548321351585e-11,-0.1750966865320171,-7.072566606477039e-07,2.1992799419824683e-08,7.440369767925085e-05,-0.09381852464796497,-4.827416580645864e-07,0.004248725622946878,-0.00842170651420608,-0.0023558596171273385,-5.6346737681691216e-05,4.667605229971111e-05,-9.120767479443503e-05,-0.022678133166886848,-0.07204681164462585,-0.023731741147422745,-0.1945640718125919,-6.884097435219505e-05,0.02244737245837669,0.00016492077280479993,-5.427622713729912e-05,-0.00041834398162502085,-0.02871294684205066,-0.11243351113076447,0.00019010656267653682,0.002510768325629532,0.004455723961797599,-0.006316634661522085,0.010055846117602818,-0.007638775229334145,-0.21522174991758156,-0.27497128592923625,0.021374527285136436,-0.0026698128214349298,-0.006241166300338481,0.14467838943528635,0.026278393247510436,-0.06106394571320911,0.1308494690345962,-0.16272834752577017,0.10537533278384603,0.03765421616859945,-4.0534038499330116e-15,0.1561190988225295,-0.007396333775950858,-0.04040848644157105,-0.023469049341419697,-0.08669172436820459,0.1562277530105073,-0.064602136554501,0.03161802698791991,0.06714484547045357,0.01969791439925931,0.07743356523154658,-0.08638282654755276
66,2.035155679340603e-33,3.1772182838876537e-31,1.721941275256336e-30,-1.2802074873471122e-14,2.6651487269218357e-15,1.1646191990201209e-14,0.0943441056555028,-0.005168655186934062,0.0012472497935675766,-0.018699792555496465,-1.1187376452740626e-14,-3.7472644743272334e-15,8.710697183240331e-17,1.0470884981843414e-16,-0.0814736096083207,0.004303903346696979,-6.987399541293386e-17,-2.1615238512108703e-11,-6.117616065749723e-14,-6.511891079245474e-12,2.837068493892468e-06,-4.373850410485597e-07,3.6744041679734897e-10,4.811759508938633e-10,-1.0949984530080578e-09,2.03769982903734e-06,-1.202346499744495e-07,-2.5561594284438173e-13,-5.403871857131282e-13,-0.5464922374059512,-0.0881532445733036,-0.16873241146288864,0.05549199402157209,0.029498821169245733,-0.40526070372471856,-5.8288670341271305e-12,4.6868021968935146e-11,3.7749884903702396e-08,0.12715903559222377,-0.18893126910509878,1.8543938374217857e-10,-0.040818781242681214,-3.621110425957305e-06,-6.253478568114047e-07,-0.0007116283407812351,-0.17487034171328555,-7.255818536287121e-07,-0.04144048989903495,0.017358946107486426,-0.009202256085937633,-2.9206096905198622e-05,-0.0004008506742796099,0.0004954534304360488,0.1577417484098795,0.217013623200365,-0.33142460680620656,-0.05737292231754475,-1.0442885958636726e-05,-0.04172284333218097,0.0004216493283808303,1.987004566645143e-05,0.0005069714962235706,0.035152101173106375,-0.03869888909001524,0.001964908343423381,5.34248105504776e-05,-0.0007501299782536748,0.0018554292326978551,-0.0031214701393152727,0.005031608170869849,-0.0648453617935197,0.1492843103465311,-0.00665468719662349,-0.0013163123649314518,-0.0024481499496808033,0.18810060024131872,-0.02598060585250013,0.1506616929092396,0.0625486677520746,0.026898432002603966,0.015249185394019956,-0.00039680567057462883,-4.413697541396292e-15,-0.044706772300536074,-0.04981994575077738,-0.006582906345601577,-0.1712327691008324,-0.029487409087525025,-0.11991226135100545,-0.12928550813572542,0.08439021311939617,-0.020376821573269095,0.021122842016691134,-0.027559420476229505,-0.2010541405896607
67,1.2360194409530634e-33,1.9251141871695958e-31,1.0362099693165304e-30,-7.757719342449877e-15,1.1207080545601684e-14,-1.1030312000722532e-14,0.0568876459142853,-0.003128428899532733,0.0054002823012266185,-0.08191509749403039,1.718997996684487e-14,-6.53930098227162e-15,4.364081432016581e-17,-1.1942588756249477e-16,0.08365292437025885,-0.0044321608380018165,5.2478703731389146e-18,-8.475346425949339e-12,-7.480389073014975e-14,-5.5018628000743206e-11,4.424617125725272e-06,-6.3346593021556225e-06,1.811334323270397e-10,5.027234314602999e-11,2.110628994201721e-10,7.968992019233736e-06,-5.6886427152900906e-08,-2.6346653870389404e-13,1.8911016336969656e-13,-0.3049302437379455,-0.06275182265630279,-0.1706028409064039,0.41201507714771846,0.1416535170883664,0.49993197171052783,-3.0295705563730598e-12,3.0184776875202095e-11,-8.178003004778908e-09,-0.14046383994393621,-0.09484856347429244,9.638345491999716e-11,-0.1480237482698034,-1.5188731132688408e-06,2.3692814418765904e-06,-0.0004245901989313137,0.14839794539716827,-3.637959766914341e-07,-0.026109797858731285,-0.01600544473810823,0.0034975494453357357,-8.897899556876109e-05,-0.000189157898666689,0.00011218005889776666,0.05541552478127129,-0.05998760521031352,-0.046734896263287765,0.017706106706323055,-2.7447825676473936e-05,0.16999095357517552,-0.0028932222708114774,-0.00010854840312127928,-0.0017933005100963044,-0.1246551480196934,0.06928217807899198,0.0005625793534531604,0.002067946629295074,-0.0031530462807325675,0.005632663701926087,-0.004057059208661445,0.0041013568504819084,-0.2897816216971067,0.1294328198906285,-0.025238946792118844,-0.005055345213360543,-0.0027901058266005248,-0.20406153962311407,0.02501839282916382,0.12640788590974184,-0.1116484223780813,-0.08865405941149955,0.07518424066846667,0.10547131033428349,-1.1018970434487837e-15,-0.017434285381363424,0.027112426477595254,0.04398716426081718,0.05883867929711075,-0.14388892333547662,-0.11795558714996393,-0.02705325220877519,-0.028079263261979227,0.006232296680551514,0.019557925115715004,0.1976791564428615,0.0793559298237211
68,-4.525245419392768e-33,-7.095277784683894e-31,-3.879872804952353e-30,2.857470618690615e-14,4.129114961482054e-14,2.2042074841726465e-14,-0.30973842326435447,0.017118154710577357,0.03111823042435635,-0.46477160468381495,-1.1532670110291962e-13,-3.398350767155754e-14,-1.4926162759714315e-16,1.941532635881277e-17,-0.24570511448644639,0.013296283218020465,2.1533084914163198e-16,6.6776079728344e-10,-2.4505429400378562e-12,-1.5181552911865932e-09,-0.00012557603540733396,-0.00017835343719474652,1.0342577590033665e-09,4.243081002751819e-09,-6.1893251637288e-09,-9.364032503668827e-05,-1.0070549577190426e-07,6.453286737091908e-14,6.137362409530266e-14,-0.2504852121431406,-0.009964252147421596,0.04709425483279855,-0.42857499183588177,-0.08576038852232108,0.22885205366247943,4.959997550412805e-13,-4.959999924823574e-12,-2.8331358455089646e-09,-0.03739547750960946,0.04052112893118764,-1.9355690360518703e-11,-0.0523938538228633,1.2831881236152026e-07,2.0830556754694538e-07,8.126226381884005e-05,-0.025487659973324053,-2.9922720083803377e-07,0.004648976602709314,-0.006998827048476932,-0.0010360522342217746,-4.312814094285474e-05,5.173021094158898e-05,-9.138301590091106e-05,-0.023950244379277157,-0.06757976242154051,-0.0023638820174260123,-0.1556062447385633,-6.380956368258517e-05,0.024790038704254967,4.775595184960247e-05,-4.693047772225675e-05,-0.00036422879817437417,-0.025006035327592387,-0.10067498350968747,0.00017707661582251066,0.002365886098179356,0.004202478568064946,-0.005964014453480377,0.00954333328756874,-0.007240208220630996,-0.2060179120985956,-0.2615250805225723,0.020572963175132408,-0.0025697046068818116,-0.0060428679737679035,0.1390873716587469,0.025755018852050563,-0.05948965531526481,0.1284947355673845,-0.1586516199671139,0.10335062270728457,0.037212449222256604,-3.8181000653255584e-15,0.15613055062560138,-0.007312090720523431,-0.03997051786393428,-0.022721990723614766,-0.0867077822071286,0.15598258334538115,-0.0645776068843115,0.031221776835762487,0.06635013467098058,0.01958592554949971,0.07733538315745911,-0.0861779757325513
69,6.32985705136802e-33,9.889057377838545e-31,5.3595110168164625e-30,-3.984627877273403e-14,8.296217437854711e-15,3.626608092468352e-14,0.46146750841627776,-0.025870296700665565,0.00627549817458016,-0.09218682526305537,-4.247576275497158e-14,-3.983869974792666e-14,3.552566671707874e-16,4.801431506833348e-16,-0.4115060949585482,0.02234203866958838,-1.2496396869187053e-16,-1.0262087165195189e-09,1.5354124238981728e-12,2.047938648164389e-10,0.00017479328389261598,-3.706537909877984e-05,-1.4110268960035719e-09,-6.413379195980604e-10,1.9917867596218137e-09,-0.00016828919836494932,1.1689436815575431e-07,1.0280018350525476e-13,6.865833700058792e-14,0.4397311691156858,0.061230195699510895,0.08373754081500916,-0.05661181589363699,-0.016649593048167318,0.34957300687204856,-2.137468471581973e-12,2.0834499871502178e-11,2.7455399660546852e-09,-0.06037260595866041,-0.044241599269372905,8.74221766478347e-11,-0.010208525445621177,-8.809994716307931e-07,1.6635511595686276e-07,-0.0003776987042138835,-0.04775393207975705,-4.077006900626299e-07,-0.02247722998098699,0.008939946098497105,-0.0049141992515724705,-1.8905902195985762e-05,-0.00024382305255192554,0.00029983753025551117,0.09576556805889752,0.1286400682540365,-0.1931560771026041,-0.02671975684831537,-1.0067940105563582e-05,-0.0027891225089479925,-0.00021105648040785257,2.8713899569653476e-05,0.0006181709367570684,0.04280250378482239,-0.0383537966220588,0.0019488294393615485,5.290446295592076e-05,-0.0008009746672052397,0.0019240432142914232,-0.0031773082423372156,0.005047476078961083,-0.06466145445638719,0.14990595371148968,-0.0068025442681181715,-0.0013146494309718242,-0.00240258082860959,0.18389517629202987,-0.025716842679756557,0.1496205025910805,0.061491213802777715,0.026840380224750666,0.015016244726585762,-0.00029211496308951304,-4.551908499247178e-15,-0.04476644211326321,-0.04965507999531704,-0.0064354638432647495,-0.1694736655471026,-0.029379503624542704,-0.1198737020485182,-0.12928226659321315,0.08390097067369728,-0.020370163867983147,0.02105228737751225,-0.02764417375857615,-0.20090409076965884
70,3.840331247734432e-33,5.985317755864047e-31,3.221634704079634e-30,-2.4119143825928623e-14,3.4843038129739354e-14,-3.429298500210259e-14,0.2681080875400018,-0.015062396652556298,0.025826393603765728,-0.38486550033286293,8.993888607525747e-14,-5.599379809567011e-14,2.40085059248926e-16,-5.505334862270981e-16,0.3903099639907477,-0.021109915681228348,8.363030460295398e-17,-4.826808127217313e-10,-3.535059380796052e-13,-9.696035834817307e-10,0.00010732842271485479,-0.00015180286468019264,-7.210084642920013e-10,-1.087606335811471e-09,-1.5496279642100149e-09,0.00014755813050110138,5.0833074076010996e-08,1.2251161798461592e-13,-1.3962172786951913e-13,0.23124793427211998,0.04494213256400485,0.09591704600545307,-0.31647545141465605,-0.06343443840971683,-0.3702898060685883,-1.830931148029777e-12,1.8248003632784615e-11,6.350918405559466e-09,0.06012763795156867,-0.03591896179516642,6.572735094513919e-11,-0.046317920702443685,-9.762991018607086e-07,5.0550287908841e-07,-0.0002999505176402629,0.04102090189625885,-3.0544403410424147e-07,-0.018509453756768924,-0.008972854164485936,0.0015621800159102898,-6.939362746795167e-05,-0.00016062342379143427,0.00011359527980895594,0.05014867391214813,-0.03155521420869546,-0.05961807631049402,0.007705636594050602,-2.5543776819131572e-05,0.13600687458952898,-0.002337102162134,-9.543782740974193e-05,-0.0015811211179473726,-0.1098986209233061,0.061219339088416785,0.0005268203510692105,0.0019418775300970464,-0.002952381134310775,0.005288990831516733,-0.0038107642561673906,0.003856051011664781,-0.27620438913154816,0.12207990677172932,-0.024233204170824096,-0.0048410523790345375,-0.002710191432199893,-0.19611320695425946,0.024420245997695468,0.12285991781033756,-0.10948565035975,-0.0863917975852921,0.0737327215737108,0.10395336600419572,-1.2905294401220827e-15,-0.017405146160214203,0.026949695249643604,0.0434874544479695,0.05745381207919684,-0.143977113040142,-0.11767093613141291,-0.027002427865290682,-0.02775194916029833,0.006194133214686443,0.01945729768173101,0.1974287813443854,0.07932672882058657
71,3.751771248234304e-30,5.5787483283540275e-28,3.048657693536818e-27,-2.245465410284658e-11,-3.2441810054558356e-11,-1.7247776853443737e-11,0.0019244045431689272,0.040033828453839924,0.057684197275295286,0.0034003068013342868,-4.1031863676824985e-12,1.5340093422878804e-12,-2.0548088800604384e-17,-4.835832153865453e-17,0.0014023658269828108,0.030443098940893025,4.9372661415205636e-18,-5.386853321603694e-08,1.6695491960740064e-10,1.0898257920303662e-07,0.03647589240308134,0.05275514239393787,-2.0102348015475708e-08,-1.3426132796730396e-07,9.745421112817948e-08,0.027953306769928583,4.567388939842328e-07,-3.2625975350001657e-13,1.2836811490132924e-12,0.06345883184034126,-0.1537204002771835,-0.309792446187033,0.03414503762835642,-0.5142588916727282,-0.0459127733420084,-2.2686825625963985e-13,6.871367231030067e-12,-8.440514310263874e-08,-0.2708130618438143,0.2737702255416331,4.907768242670565e-11,-0.38329613373586796,1.5152615782882018e-06,1.290504435868472e-06,-0.0002012255846168071,-0.2021833716556869,1.5612412948670295e-06,-0.011206214783549473,0.020523320798434646,0.009801532029978584,0.000113397826529147,-9.083037259851009e-05,0.00017521348541345584,0.04343485122969532,0.1270661600800224,0.0451427023449362,0.3168542779427668,-5.449882285442639e-06,-0.03875785123383618,0.00011312840259270381,1.0045446096055867e-05,-0.0003292587774618806,-0.023028772977649194,0.07990474788338557,-0.004631625533977004,0.0047123639895360215,-0.000209914968957694,0.002324275906346622,-0.008084537604169335,0.00868651099523103,0.12106708253510687,0.15625762750874478,0.000753049640694917,0.002509819133192164,-0.0007823169680280744,-0.07037520954974964,0.016575787915081377,-0.04483317862158419,0.0745570955397179,-0.07119112141978923,0.057587240159892104,0.0266001221518625,-3.3700963160455436e-15,0.15182847867951768,-0.004739673565136763,-0.030285125656933413,0.004861595050570867,-0.08295180593398992,0.14848278749166485,-0.06121715377576469,0.0202160294675442,0.04937385507277926,0.016283447009581,0.07162891927175345,-0.07850350809276668
72,-5.240523400018006e-30,-7.7598033644319695e-28,-4.206226773195839e-27,3.1269303491143714e-11,-6.521758876403924e-12,-2.850013335478814e-11,-0.0026910929259849796,-0.05579300403166622,0.011768928128740528,0.0007236107934892561,3.1143324467377256e-12,-8.83745018551208e-12,-1.631802784022174e-17,-1.2351271434264813e-17,0.002412441478943465,0.05118365002999048,6.372339886020384e-17,5.3161277038278194e-08,-3.888091071051258e-11,7.112567825151848e-09,-0.05098007004343265,0.010700739062955619,2.6992921614254562e-08,-4.0571871885185e-08,-1.3975518611037052e-08,0.046698455533131136,-2.3666050311901557e-07,9.068940420449399e-13,2.9223016192592417e-12,-0.08488736805562637,0.08534634181737615,0.47299011807263736,0.11212380341662367,-0.07124578076707472,-0.07311220876672674,2.403870286692939e-11,-1.8221471879175426e-10,-1.8278233502998163e-07,-0.45154881895280835,-0.3652521524620189,-6.038255150219327e-10,-0.08013897187949347,1.5971572243168578e-05,4.4369741997788546e-06,0.0019421446681843482,-0.3389510136205794,1.546852809737618e-06,0.10758256542027098,-0.04746457167826505,0.02264814237804994,-6.666757829307073e-07,0.0005084088162363519,-0.0005645790206767269,-0.18768753718720713,-0.1555103907205377,0.04309154986219212,0.037035607728501105,5.5509747984039595e-06,-0.1265973537379268,0.0024860160910422824,-0.00013908651613881958,-0.0023862064626543754,-0.16516183555757777,0.1016724768150619,0.007541287583360149,-0.003168519649131005,0.005555197948082718,-0.007648678782800004,0.005182860962613481,-0.008019521306272436,0.06471559318124427,-0.14752166415183524,-0.006257536106897103,0.0037669003209988595,0.0016002036442856716,-0.20108579133582172,-0.003515011965286481,0.007278419448312123,0.01180724981009678,0.004235427518866618,0.002621140386970883,0.002774439227395631,-4.117083683954629e-15,-0.0445717887585522,-0.03841458536230067,-0.001408848314026903,-0.045486716620252256,-0.027243696479930236,-0.11109359980523127,-0.12461081315213497,0.05334205817749393,-0.014070515869483316,0.016724950684545426,-0.025947138279445583,-0.18356806393439437
73,-3.182387908287944e-30,-4.699792038679807e-28,-2.5307718987193623e-27,1.894939821072026e-11,-2.7379306758552e-11,2.6951342866333485e-11,-0.0016343673179540874,-0.033824116474199355,0.04892653522180218,0.0029149950699616798,1.858692916274873e-12,-8.243075446669233e-12,2.456256615794479e-17,-6.883760145315906e-17,-0.00221835802669849,-0.048213009816528596,1.670982418650712e-17,3.021363185467061e-08,2.3398795082553508e-11,5.766910447229117e-08,-0.030892655016576138,0.04471165225405754,1.2392584050873143e-08,6.021735281221148e-08,3.119906131525978e-08,-0.044129346792781105,-1.1206034863717007e-07,6.914049930049908e-13,-3.085374014802898e-13,-0.04944086556241242,0.012990950396994634,0.2988423424518206,0.1410118983994562,-0.41091762537582,0.06553436717328642,1.2930265736043743e-11,-1.1472856427091588e-10,3.073961297593319e-08,0.41779452519191107,-0.228987728270861,-3.888871851429832e-10,-0.3281832636678924,5.011826798458338e-06,-1.1978280183292313e-05,0.0015223039996403926,0.3204905536396795,9.09998908151119e-07,0.09187017083526572,0.05964143453944,-0.01456146645893404,0.00020588119845247615,0.00047164793991935524,-0.00022958325448671515,-0.1281714238832419,0.15422427212641568,0.09139412787136385,-0.05362679192751208,-1.2350324650668347e-05,-0.19664684971661286,0.0029823714600506644,0.00014195487207104994,0.0022527001865299662,0.15629924561622713,-0.07970555986964882,0.004850217299317464,-6.250333172860865e-05,0.0044076080106449245,-0.0044586353472489,-0.0019891012861836996,-0.0033301724771128594,0.16738078786556088,-0.0748157679866646,0.0017302517666396868,-0.0022815067227473142,-0.001709443865742173,0.10451700717721309,0.007395572947627632,0.06920046510157787,-0.05751250755425472,-0.02900501662206081,0.04172939601703773,0.06904733916150739,-1.0369412665489572e-15,-0.018060398769217605,0.021372798841573157,0.03193598084495073,0.01039664033502957,-0.13895385412905747,-0.11051552608734427,-0.025341088374051208,-0.01691681010834849,0.0034821264141270797,0.017031065723026904,0.18312418963377536,0.07359730548546756
74,-4.935152399427111e-33,-7.733408977250286e-31,-4.2287911261866354e-30,3.114445386600315e-14,4.500681554652978e-14,2.4022939017331245e-14,-9.71494002188042e-05,-0.0021335389461201253,-0.003074984807328994,-0.00017297025780467558,5.188373773254093e-13,-6.88467254019164e-13,3.623249293238498e-17,4.184350288592595e-19,-6.94670453885632e-05,-0.001618039150999961,3.4384076260261467e-16,-3.131091032255281e-07,1.5138449490451313e-10,4.3430382647450365e-07,-0.38237395081951275,-0.5524767498502503,-3.9888513113121687e-10,-4.095003199593054e-07,4.531597657072988e-09,-0.29204575937288185,1.4569789786372742e-09,1.775222252052999e-14,-5.58994492004568e-14,-0.0010114258677994922,0.0021882577391333312,0.011100796939765805,0.0002337055701176841,0.018099113137404074,0.0008329071331217314,5.49268183132436e-13,-5.526101004943003e-12,5.0498843054045525e-09,0.009082149092426082,-0.031778158242486705,-2.567762433073069e-11,0.04494785984013304,1.3852974579331402e-07,3.1830362466136555e-08,0.000107333075041105,0.023399516611123237,-4.710967688906064e-07,0.006125037343221187,-0.009854023222966139,-0.0018953413260193435,-6.609690506551545e-05,6.494325072262967e-05,-0.00011907788469895331,-0.030539924822398208,-0.09052789859489872,-0.02681436170764585,-0.24552594178046086,-0.00013702285835994052,0.0203402094705848,0.0004425236913308047,-9.134593689687974e-05,-0.000886297190174348,-0.0610086354405988,-0.1601491820742233,-0.012402992258086621,0.01639472844553685,0.0030676960502909628,0.0022858056954857234,-0.018895323996147722,0.022504590608497833,0.28530220651477195,0.3715078995583362,-0.00010772829889644291,0.007123585341772569,-0.0009627847258822263,-0.1705130684769434,0.023114513722590675,-0.07160894425913221,0.09720235191750924,-0.10663392314534105,0.07722101255273482,0.03205057102179366,-3.71086509108176e-15,0.15355421655565635,-0.00568302785224757,-0.03538528655482272,0.003732864816171383,-0.08410742105040228,0.1530836725081567,-0.06206004546054687,0.024597152037268203,0.05873787166641335,0.017847056372621514,0.07428495834873804,-0.08147664398684912
75,6.896257375474584e-33,1.0766883376116444e-30,5.835272340778441e-30,-4.338336968016832e-14,9.032812287667782e-15,3.946900880262373e-14,0.0001358811190344587,0.002975822902286458,-0.0006284211445216716,-3.714304910253686e-05,-4.922869489894999e-13,1.931956767770344e-12,8.102537133574178e-18,-1.2236147218817947e-20,-0.00012365530733836498,-0.002735128188215098,-5.243678221402494e-16,4.4501281712589285e-07,3.773532353118275e-12,7.969314923935877e-08,0.5346158055053349,-0.11198348572433604,3.1081355288963514e-09,-6.692115134936631e-07,9.104714473446232e-10,-0.4884783227095197,6.7421319891694264e-09,-3.376552409724232e-14,-2.0443685515339738e-13,0.001388422338709231,-0.002617659173840721,-0.016117214620701703,-0.003510461150624225,0.0022018557997933686,0.0012077872887318454,-3.803603414618841e-12,3.483387322704029e-11,1.565335089731456e-08,0.015247051629299558,0.04326776461399114,1.3188140952643617e-10,0.009404112868554032,-1.9175503512030013e-06,-1.3958452123814244e-07,-0.0005319981026563042,0.03949346103206486,-4.881759941791693e-07,-0.031138880837629744,0.011494043156753295,-0.005920930011727749,-1.294222595728513e-05,-0.00025186173416342806,0.00028180444667785245,0.09405352792594072,0.07702483511737775,-0.034787437469504134,0.0317977932373697,-4.377796039462584e-05,0.18658712108161823,-0.003984430164005199,0.000165899856848622,0.0031042287724581848,0.21470343248636795,-0.15177364440171273,0.028556718767509173,-0.009246475949017962,0.01729691490831215,-0.022515850831557885,0.013471847898271445,-0.016730521176822066,0.1260860864598166,-0.2817129200758139,-0.012442629707427252,0.010507995290358419,0.003008899462942442,-0.40408692392578344,-0.004348208912784567,-0.002535700222566004,0.021608439022736223,0.0025559740057510987,0.004315818869588471,0.0018215427183582193,-4.222386244739224e-15,-0.04354523962675633,-0.041508848988088716,-0.003143786196667984,-0.06108193072430672,-0.02777293815332929,-0.11176227410014167,-0.12337142798125117,0.06156392693545096,-0.015155898534870477,0.017907813553191102,-0.02564436273941088,-0.18578718566882624
76,4.188292999429325e-33,6.523719642811341e-31,3.511447615560572e-30,-2.6288910298371155e-14,3.7979436430524405e-14,-3.7377763213058386e-14,8.248366313234093e-05,0.0018033787252521385,-0.002609534357348287,-0.00014866317273497855,-2.5991302117197966e-13,1.5991334553503816e-12,2.927504835758018e-17,2.009770647700308e-18,0.00011035820365392822,0.0025670241154036,-3.219378395928511e-16,2.719019831820346e-07,1.0636500284394183e-10,3.620263867767817e-07,0.32375303914009945,-0.46821101095662687,-7.292540829170968e-10,6.314223183795641e-07,1.0460644574400717e-09,0.4613550999000652,-9.910049354703454e-10,-2.6088320405391812e-14,-5.6526435635454487e-14,0.0008379927751633184,-0.000663670244009097,-0.010131747565363758,-0.0035570221719376117,0.013787004538886238,-0.0009399821925419304,-2.5232436399107643e-12,2.49996959732406e-11,2.638377268366914e-09,-0.013677112623403778,0.026418798125056576,9.474629730826201e-11,0.0385239910464481,-1.0132411302476246e-06,1.2125944482913895e-06,-0.0004291444139928283,-0.0373010387472495,-4.2241437836881777e-07,-0.026521350199140915,-0.014333021656182792,0.0028156296156322514,-0.00010229111260678506,-0.00022194463995856947,0.0001451461945650357,0.06743800224531749,-0.06188188724667854,-0.06078485306162661,0.020093236123012753,-6.877671076306428e-05,0.23362793749120037,-0.004094367850162657,-0.00013731764294073461,-0.0022673297231184954,-0.15771518579327892,0.08600836336780816,0.013657993789736781,0.002112737806360728,0.009733381109404792,-0.00814978195331994,-0.008616976885243816,-0.00835501074687592,0.39467902808987265,-0.1807988878347754,0.005052779245277255,-0.00753326346413367,-0.003327783090561336,0.24798652175750213,0.010561458375499828,0.11187946849734079,-0.07679709220787871,-0.04284825872046776,0.05607164752990008,0.08522031555420756,-1.2860496391944505e-15,-0.017977097284906454,0.023629294784494107,0.03751563703112124,0.016913550685947305,-0.13935390490265093,-0.11405172866939474,-0.026265908658943234,-0.02074825740517459,0.004135628508143272,0.018318367029869515,0.18807670578364086,0.07481513015986137
77,4.441330723491592e-35,7.352146102193563e-33,4.022828793313779e-32,-2.9625242600057514e-16,-4.2820445757282574e-16,-2.298320683630711e-16,2.9189647790973753e-05,0.0006690227007591174,0.0009639296454240368,5.225720727839697e-05,-2.847421250745611e-13,5.312667821507086e-13,-3.27898661839881e-17,7.343097120148449e-19,2.036877282656674e-05,0.0005054583789692342,-2.8457206271027155e-16,2.949864135937066e-07,-1.52646878170241e-10,-4.1138057598369895e-07,0.35344765293100505,0.5102960796235867,2.458669636556296e-09,3.924481831573836e-07,-1.5115043344677076e-08,0.26985421311335017,-6.730129077616651e-08,5.4424258710161876e-14,-2.0784405363513236e-13,-0.009493906121153542,0.02303657724339024,0.04915089873447072,-0.004726022144949549,0.08152030079383045,0.006923893391405317,5.577749571573133e-13,-6.23687748702904e-12,1.4663326776464414e-08,0.04268013758382526,-0.061004131838802766,-3.105018727712278e-11,0.08586568349991949,-4.856870197605911e-08,-1.2672103306963185e-07,0.00013061947160089826,0.04498295893991204,-6.419680028235832e-07,0.007438625593900931,-0.012251125386791961,-0.002918756613396411,-8.040813325541483e-05,7.697139147726107e-05,-0.00014204290808717172,-0.036279615241706954,-0.10761300759226591,-0.03256691125809877,-0.289764427572026,-0.00014689780041688758,0.02514273010589869,0.00046334005360619616,-9.887800478368134e-05,-0.0009246649825075285,-0.06362037759240573,-0.17851494651690744,-0.012962162064041811,0.017256633141327218,0.003320495246219599,0.002270279577560005,-0.019687528254480263,0.023514111580371453,0.29751201385456466,0.387182480307319,-0.00017406761707793896,0.00746384831175649,-0.0009756238165720614,-0.17788708177367124,0.02358543629159764,-0.07351305145181031,0.09879548649257824,-0.10920186036376216,0.07864146320746165,0.03245985895575405,-3.725978337086033e-15,0.15358369832498872,-0.00575211701637313,-0.03572917647753035,0.0036363815575314344,-0.08419756732192267,0.15327631231917163,-0.0621279559655426,0.02491415318118947,0.05939022210246544,0.017962052979041694,0.07449137024484445,-0.0816742221294459
78,-6.20840420130366e-35,-1.0244777240272118e-32,-5.551417711837981e-32,4.1276412867560585e-16,-8.579395990902208e-17,-3.7457322717931207e-16,-4.080968339759278e-05,-0.0009330963235011147,0.00019699939670901736,1.1296981001273404e-05,2.91108279544006e-13,-1.3028471911591135e-12,-6.918079541204458e-18,-2.448912853117193e-19,3.787226989225995e-05,0.0008598990317674616,4.3559528362790073e-16,-4.1750902653658817e-07,1.3170250840717664e-13,-7.41177102029725e-08,-0.4937079186170764,0.10316419966510558,-5.640576624550053e-09,6.237535959005931e-07,1.296423103868487e-09,0.45113811061215764,3.414903481760499e-08,-1.459095290476329e-13,-5.387841594316114e-13,0.01271544590576856,-0.013088831237008623,-0.07474063578456126,-0.017554333606766358,0.011084185721184248,0.010962973478005946,-6.35596085508678e-12,5.4157183081550237e-11,3.603755074941629e-08,0.07126128094892803,0.08220389333625693,1.9619734685490198e-10,0.017995084904264994,-3.640680111166581e-06,-6.495641824911146e-07,-0.0007423710185055672,0.07569251309842548,-6.594285317181141e-07,-0.0428603930674807,0.016581317236162983,-0.008364227534776822,-1.3755328582804706e-05,-0.00031329874204311835,0.00035026215338909483,0.1168221023864143,0.095834323015067,-0.040936287645844165,0.030815092568846444,-4.756620395302261e-05,0.21084474621623797,-0.004484432292381371,0.00018955852319535828,0.003529232142522695,0.24410812285793687,-0.17133341846824313,0.03012964087763965,-0.009695296428671094,0.018176709672042324,-0.023626438173070526,0.014082112142990037,-0.017374069453342314,0.13081641255968254,-0.29162068995493956,-0.012898989501317005,0.0110084597012345,0.0031117668666563315,-0.4190665386011884,-0.004401128306729456,-0.0032422427259785327,0.02232103524398049,0.0023953990195561,0.004473957792154084,0.001786038928978088,-4.133702438494009e-15,-0.04344702576314584,-0.04172584512439444,-0.0032646126397057407,-0.06221887932680378,-0.027872467504337722,-0.11181696513054819,-0.12329572714473756,0.06216003781006078,-0.015222080547412411,0.018002784045137662,-0.025543973693453046,-0.18592973261242948
79,-3.7710940466444475e-35,-6.210169813858685e-33,-3.3412785010651417e-32,2.5011725445371743e-16,-3.612744539752837e-16,3.5554706134038055e-16,-2.476518168030288e-05,-0.000565363711046557,0.0008181540067913804,4.5002319448264276e-05,1.5049479607583416e-13,-1.0393282643698573e-12,-2.745635651134562e-17,-3.2493314264646274e-19,-3.2571149946905834e-05,-0.0008036771284007381,2.911032331071086e-16,-2.548636904109115e-07,-1.0043435795885471e-10,-3.4051182055780106e-07,-0.29896382784376413,0.43225107639544014,-6.693724316009191e-10,-5.916283724906461e-07,-4.314734689297677e-09,-0.4263423925939528,1.7571730083607055e-08,-1.1014109206714483e-13,-6.136472177751861e-15,0.007411049970287161,-0.0022434798605894986,-0.047145011451453174,-0.021672673384702235,0.06479223719273038,-0.00974501692346601,-3.868580261658514e-12,3.7077953980990534e-11,-1.4843715393592365e-09,-0.0656114803140296,0.050936629158357824,1.3607021013752778e-10,0.07357765116072455,-1.512793667240227e-06,2.518903651016682e-06,-0.0005938723573318036,-0.07150507154115428,-5.29388456665407e-07,-0.03650009856370797,-0.0207053043422284,0.004334673307321882,-0.0001272028390021621,-0.0002781338218785865,0.00017480504238232995,0.08314912867017905,-0.07957023973643344,-0.07287923937251316,0.026090251412480524,-7.303819130029208e-05,0.2670737470280241,-0.00464223432094389,-0.00015908805005145494,-0.0026187369988824125,-0.18212653930181988,0.09876366944295653,0.014315247867310412,0.0022781289330178335,0.01013193622774801,-0.00842576193614971,-0.009112485404892541,-0.008725783937735026,0.4116116491770831,-0.1886226151333604,0.005295431924612009,-0.007918421883286529,-0.003446399216609456,0.25842792850658197,0.010797541527345748,0.11498632512967849,-0.07816473503482138,-0.04388826941623642,0.057136944082560724,0.08639797921258491,-1.1740918900799376e-15,-0.017936932332571487,0.023776055076678064,0.03790560655281041,0.017374137197437318,-0.13938599875240032,-0.11427509978138341,-0.02637962748320252,-0.02100041564339992,0.0041947724148545295,0.01841861420651435,0.1884130033861188,0.07481402727713386
80,-8.129357144880367e-20,-9.209760677543615e-18,-5.013636475578523e-17,0.369441645562886,0.5332620460045837,0.2815187178650259,6.320838098469751e-06,0.00012632408012676298,0.0001863239266700132,1.1364011352912186e-05,8.218029080801175e-09,-8.107125375050852e-10,-1.2385372327903518e-16,-3.66747769378816e-16,5.243656916233131e-06,0.00010907639506837406,-1.1007050127799486e-15,8.609179467823572e-05,-1.5525080375040803e-07,-0.000142243317016841,-1.3236456384183242e-05,-2.0550603946721946e-05,3.108122015450447e-06,0.00010226604881653263,-1.1506578837396944e-05,-1.515834902824025e-05,-8.626822946597805e-06,2.1218096288430868e-12,-3.563850250892534e-11,-0.004290494304216794,0.050149395505091045,-0.013693244725470654,0.001947171733037077,-0.009358680424332941,-0.000553942281347403,-5.956477878633622e-11,2.9559893069340135e-10,5.4684021590760686e-06,-0.0023400882625618314,2.44232248861736e-05,7.320006708369682e-10,2.5144650167299924e-05,-0.00022878177964879719,2.643416051842678e-05,-0.0010602063713807883,5.18215845854981e-05,4.428532026817604e-05,-0.03759305233549963,0.19303805495269735,0.3953339173576117,0.00037328101757743483,4.32270543508537e-05,9.391160990158186e-05,-0.009229133796587593,-0.009433818037360202,0.001258947480619043,0.004218734997106758,0.00011390578677295447,-0.007538947115641236,0.0021271000608077597,-0.00023680174107774732,-0.0016760480150643316,-0.11492949705161123,-0.1837081415391375,0.012795368577828736,-0.019045923520479752,-0.00840115856112308,0.005132679046276669,0.007866412790786296,-0.0145671002965174,-0.027819977290490367,-0.0387872680778596,-0.029100669106247187,-0.004879733606105016,0.009632074239243442,0.0007236497509453616,-0.04437412871327817,0.13178884612043798,-0.18420846891436066,0.30049185948647467,-0.16486725177474,-0.03879776102909905,-1.9162811276083475e-15,0.17994088425940497,0.0056894325942797655,0.025516929166175505,0.055406963526894254,-0.08696036169604307,0.1373968433761975,-0.07101185387869315,-0.03235645366811158,-0.05501116194447771,-0.001362621253855263,0.04578046407334753,-0.06865576664536004
81,1.137903843295048e-19,1.2787913136926848e-17,6.938737982514101e-17,-0.5155610688674439,0.10821737178568822,0.4718505520323929,-8.117160492603552e-06,-0.00016103341150743827,3.1498312734731336e-05,2.0110101775714362e-06,-8.368747269769139e-09,1.8081425547622885e-08,-4.776941908783212e-16,-5.082385672650161e-16,7.1088999840155115e-06,0.00014504836872125112,-2.5712162610029056e-15,-0.00012390131009482004,1.0871888819903197e-08,-2.833766371491434e-05,1.480620978113761e-05,-2.41720202234717e-06,-1.086649720191486e-05,0.00016985372126623999,-1.3271850032119227e-06,-1.257925287945849e-05,-6.904979703863957e-06,2.5771547549396977e-12,3.095803641987724e-11,0.001184995652759296,-0.007413821438867047,-0.001838852598804563,-0.0012791213018241016,0.0026660748233472303,0.0007522954279373505,2.6930807403670933e-10,-1.4796889575996848e-09,-2.1840986770360143e-06,0.004960558410061994,-0.0001693853863778259,-4.013335291951484e-09,-0.00013267240753498551,0.0002116920122990956,9.947137905613419e-05,0.006714500636250639,-0.0002709382723935625,8.919859252499709e-06,0.29623965058729823,-0.248054805002005,0.1440002699386203,-6.230978725990049e-05,-0.000526077853784524,0.00037671212127129674,0.15978713442322204,0.024054793970922802,0.012514347400248841,0.013159185276209764,5.092025117544125e-05,0.036042315737966166,0.000617631770308239,5.998095615880886e-05,0.0007790443412221416,0.05450808844561918,-0.053222172967766414,-0.05500485592030582,0.017346005656853906,-0.026091921100912407,0.03191179818511954,-0.014194652237319416,0.014519924424603184,-0.026237702220498076,0.0535679674291428,0.029711803797119896,-0.014218111463338162,0.0014770075615775002,0.11553009009051826,0.04965081389944,-0.25310138694619105,-0.15002702362335774,-0.044797423205145806,-0.03185036674268633,0.01348831814614201,-4.644082618820186e-15,-0.055797585070859766,0.007286228383153725,0.01997761251555059,0.32383634650495263,-0.020768784191466876,-0.095537694068448,-0.16008522424751756,-0.07545465801173763,0.01119703566080171,-0.0009304137223533884,-0.03657933084928871,-0.17230152193436782
82,6.904239387766165e-20,7.727993394067829e-18,4.172199619258306e-17,-0.31264976843084075,0.45167905511507167,-0.44541544075102085,-4.87424343432321e-06,-9.646416123035198e-05,0.00014103581709852948,8.712824639543392e-06,-3.5931940782721686e-09,1.787101075215253e-08,-3.8654406732132845e-16,-1.021732378157096e-15,-6.6940465576025886e-06,-0.00013819503474195356,-3.593543306117477e-15,-7.379289829541491e-05,-4.1808636435346503e-08,-0.00011889830826732936,8.6596784937766e-06,-1.2963639715474742e-05,-2.304780903870744e-06,-0.00016205571439630666,-7.979190854384047e-06,1.246133177071911e-05,1.376029672838566e-05,3.2494361972075673e-12,8.440878925289162e-12,0.00023660948785835477,0.0019392803259241206,-0.003319802837974485,-0.0010954423067710156,0.0030354460374373356,-0.0005826256151957883,1.1465484165044432e-10,-7.992834676728005e-10,2.1879614705460186e-07,-0.00407846589535801,-1.5470797334945375e-05,-1.724006341991436e-09,-0.00021127677799782736,7.95784934612799e-05,-0.00020798383366855717,0.0045059792261833796,0.0002120480188141535,-4.930659389949056e-06,0.2584138934562571,0.30493436992411493,-0.11830331798373643,-0.00013730149283373673,-0.00021990449694185115,0.0004482477657798292,0.1305433626910204,-0.06220762838396635,-0.006828362837325096,-0.0049528943361490324,0.00020207565041071383,0.06059220295005711,0.0005264690407409437,-5.224857838252255e-05,-0.0007042942655265909,-0.04785862878284182,0.03555041818234028,-0.025527713386905067,-0.009045027889991637,-0.010476869995610219,0.002046828137550002,0.023809493215987833,0.004475648172873097,-0.04358473210618863,0.023017147411561543,0.0378590767088216,0.023091013535856825,0.009436881464249843,0.002222755482527014,-0.05011097336884441,-0.3051501311826876,0.18202155996350405,0.1887399416956801,-0.1323576215331065,-0.12568856889787358,-3.4499587867721263e-16,-0.03546889492412671,-0.004087562374261129,-0.03152398080468667,-0.12586388062035825,-0.17167175417000308,-0.10458367703796186,-0.01388932451320889,0.03201179886113967,-0.009871814655063137,0.0033931153426057866,0.1643862600467382,0.08555346939271802
83,-1.290170539882752e-24,-1.6600406797949236e-22,-9.0582135854082e-22,6.668465833630012e-06,1.0619505067866229e-05,7.391629624657613e-06,-2.5926892594772993e-09,-5.371816897236226e-08,-8.804824127318838e-08,-5.209673928446721e-09,-6.1351128196619205e-12,5.454615024789839e-13,8.711699747899166e-20,5.181941099095831e-19,-3.162563320975468e-09,-6.829857875722522e-08,1.2143338510059975e-18,-8.427934180843608e-08,1.7336670360839473e-10,1.5632346827310276e-07,1.1925011835639225e-08,2.068499637227122e-08,-4.478534325266933e-09,-1.4739422756539106e-07,2.0046223420850114e-08,2.0264350117515532e-08,1.8578970285832063e-08,-6.0465899885414975e-15,1.565752256418048e-13,9.596051492745603e-06,-0.00011789273069746091,3.547946952004714e-05,-4.948250913681213e-06,2.679754649865734e-05,1.8928852324607545e-06,2.2103204721762232e-13,-1.1961849349297694e-12,-2.8333035623459717e-08,9.356833044263389e-06,-1.1479303351593423e-07,-3.177888799647031e-12,-2.1641113606626048e-07,0.06675507765490885,-0.008631476966740421,3.247583052835168e-06,-3.445085258112473e-07,-5.132346514066984e-07,1.8652316161494107e-05,-0.002167596583174853,-0.004565101930445787,-5.866685052344125e-06,5.381783992062998e-07,-2.9961546601203342e-06,-0.0003778136709369192,0.0003312816232139346,-4.422347720421909e-05,-0.00017085177275870644,-6.168750783543825e-08,-0.005800795546781761,-0.39631663509484,8.180987078108147e-07,1.970861840273868e-05,0.001398989570340053,0.004734794277116412,-0.007515112582635271,0.0049346585223785915,-0.0061235350037190835,0.015476491058480991,0.01662383935225193,0.7850455832462886,-0.0008962563923040555,-0.041425165829050536,-0.008471364868728501,0.269573231694126,3.0340142559772863e-05,-0.0024090225760762672,-0.0009678451203914959,0.03474685494683062,-0.008101995100095351,0.0075930345508737835,0.0026571901817258776,0.007098863869699434,-6.916024638780651e-16,0.013446424742234755,-0.005430654877464511,0.0006242878033050143,-0.003950279442719124,-0.01776776060976678,0.0008656036726203785,-0.016172548501204226,0.0046514148835867485,0.00014507091216139074,-0.37973264574515075,0.01604974978875396,-0.015942266723540578
84,1.806441169271555e-24,2.3089511507982017e-22,1.252312148025644e-21,-9.307212352449075e-06,2.1563432657456466e-06,1.2388361363494314e-05,3.3461823794870107e-09,6.88304781353754e-08,-1.507169917882497e-08,-9.32846288901715e-10,6.257367081713548e-12,-1.5058279983174284e-11,4.471970983769926e-19,7.119333272754064e-19,-4.2623230477037946e-09,-9.025780061309602e-08,3.1954483624010848e-18,1.223678055171401e-07,-1.0936476903803137e-11,3.2207812009714104e-08,-1.3447222163533947e-08,2.532870212846263e-09,1.6090534298237183e-08,-2.443847730422187e-07,2.5286725892444746e-09,1.6654170133611046e-08,1.4821856530987586e-08,-7.314109626263616e-15,-1.3695072471963452e-13,-2.6318969615916576e-06,1.69582266119042e-05,5.026248842332135e-06,3.313972208865985e-06,-7.746825577225595e-06,-2.4739480943667364e-06,-1.5731307937555554e-12,9.988338087801078e-12,1.1740072554008129e-08,-1.8768484656137936e-05,7.711558978553741e-07,2.975669476599855e-11,7.919387527858283e-07,-0.056179096735542444,-0.029454872011610598,-5.964865183951588e-05,1.7117490708529713e-06,-1.3637170535946208e-07,-0.0027754501760407987,0.0021504424442196587,-0.0018659970906022313,6.319935556932263e-07,7.629643262359013e-06,-6.862395093814553e-06,-0.0025792570585740173,-0.00016602914147052284,-0.00025152273772506106,-0.00034250590711736094,6.336359757635401e-06,-0.00722337083553878,-0.41665433595135537,-9.318388318514235e-06,-6.977418644202577e-05,-0.004777932069174208,-0.00215825498442047,0.006408589470085604,-0.0048162704899925475,0.0060281540742770645,-0.01449728847482031,-0.007562925269359349,-0.586339228086333,-0.002957184524132676,0.030076442700431232,-0.0015021709198707986,0.5732790583040827,-0.001166725885526497,0.016787674067826382,0.0077634760100817705,0.0003303201806292722,-0.008275405792287176,-0.02756039708249885,0.013463447017107884,0.011271688397798104,-8.729395349564409e-16,0.002612771137253914,-0.005329110630420246,0.0005634562504559269,0.019347589900242775,-0.01433239463704041,-0.010165701190381989,-0.020660004458934997,0.0017535265346226372,0.004228718146436909,-0.3811802226560502,0.011552819890563039,-0.021651967724961946
85,1.0971371879749531e-24,1.3972727983434213e-22,7.527387552665995e-22,-5.644509439610347e-06,8.995283503447099e-06,-1.169321972870236e-05,2.0096705119689994e-09,4.123946002601239e-08,-6.680592240920064e-08,-4.003683770210096e-09,2.6866774997285444e-12,-1.4905328003909893e-11,5.822357596771973e-19,1.0958758009061493e-18,4.001040655052495e-09,8.574541016236001e-08,4.491184680750676e-18,7.307687214548047e-08,4.731027207244162e-11,1.3104683735905273e-07,-7.872164372219323e-09,1.313035147396351e-08,3.469960842073227e-09,2.3170397244762483e-07,1.4007449259449583e-08,-1.6340084384887463e-08,-2.9647643577499973e-08,-9.19220321560969e-15,-3.828471839392632e-14,-4.601471225921205e-07,-5.7187929402948916e-06,9.137115743097605e-06,2.8051456482082067e-06,-8.495351733029039e-06,1.9311047791094135e-06,-7.332008890913696e-13,5.7883224911550825e-12,-9.484629932638143e-10,1.5460130223873603e-05,9.343088075829324e-08,1.4239975962652697e-11,1.1531413333400557e-06,-0.019900373189011337,0.05714051851185529,-4.2633137297362224e-05,-1.3400870420896238e-06,-6.890236976515421e-09,-0.002492855907048903,-0.003206306084437319,0.0007230728565968475,1.5216193547300504e-06,4.120559832494118e-06,-7.969545618659299e-06,-0.0022723120802588237,0.0011359138762592831,7.52154048856143e-05,-4.024249813566605e-05,-4.158978725693732e-06,-0.008604231123032926,-0.47313256496459305,-6.625861494082328e-06,-2.5479738744172217e-05,-0.0017108671262567575,-0.0057598037577580715,0.0008786658349457996,5.846543740252103e-05,0.0001922786588365117,-0.0007523412926112081,-0.008013138447716683,-0.16144705198480966,0.004665190582590017,0.008984569023914535,0.008169009001161638,-0.768211927172828,0.0005056943314873975,-0.016142244260327728,-0.004159748628186893,-0.01631536320526964,0.026506837239209564,0.002017300249550566,0.004493581052625893,-0.0005002260429587587,-6.665266764814266e-16,0.002905418542998742,-0.006261562474470439,-0.003643750237189262,-0.029774328857084233,-0.023046792529487818,-0.01183311981516988,-0.012401169464261884,0.010224623089414001,0.0030930484305393535,-0.39004613051841835,0.023837526728890446,-0.006261046454473167
86,-1.3890117372073875e-17,3.1875223791693697e-18,-1.8471541069705755e-17,2.0290537413526434e-11,-5.186055170650713e-12,-3.9427806654335117e-11,7.132020778714082e-12,1.5974054214445957e-10,-3.434709553296013e-11,-2.014107383439177e-12,6.0733167385472e-07,-1.1937888058763954e-06,1.697629033693106e-14,2.604907663340737e-14,-1.2833107341810164e-11,-2.925584689086178e-10,1.0547676010162385e-13,0.006571230844534198,3.634600953018103e-08,0.0014879377729008943,-5.250005788995658e-09,1.1980858855636859e-09,0.0004051918450558997,-0.008630753854212508,4.629566828507988e-05,1.1476928158731598e-08,0.00025424759662530486,-4.142307812390941e-11,-2.2335882837687854e-10,-3.676783071522054e-08,4.3787300696175566e-07,-7.583812467570165e-08,4.717699690776362e-08,-2.350836339323208e-07,-4.004447109049179e-08,-1.0993655890731554e-09,4.118421862530506e-09,1.0709723365658592e-05,-4.5590573769581047e-07,3.409194158250475e-08,8.144954735637968e-09,5.5846151093282714e-08,-9.143430366027626e-08,-1.760657112055543e-08,-0.003132205990886132,2.2254292098071167e-07,-2.260564385231708e-06,-0.0007936755833455136,0.0010478477637058507,-0.00039130305436115394,-7.465604289556676e-05,5.067585068433197e-05,-4.0544734594953426e-05,-0.0030858494794453553,-0.0005620898706317962,-0.0031223733843578354,0.002018325655080261,0.0004211302386727459,0.003516101389108522,3.708036958809039e-05,7.266893276243863e-05,4.4959398581595213e-05,0.005366643991270066,-0.002788066943372783,-0.40642325530003137,0.13089581741090012,-0.2500125580359728,0.3219282461606221,-0.18913541821739271,-0.0172219072587614,0.016729174180939745,-0.0517583052596668,0.1485002726558132,0.007657606139051927,0.21525210032131625,-0.060412705369467815,-0.1712160393948069,0.20750826699452418,0.24717013124182044,0.013690763474939796,0.000819377429752434,-0.0959643460559318,-3.902257727623233e-15,-0.08685021902937308,0.21845336691392092,0.03188612004167933,-0.034579371385822094,0.012815833235545724,0.041328580065971385,-0.22992329011388826,-0.5093934694959258,0.14884461197900187,-0.0025217600590523802,-0.03861838668571093,0.04475045067100303
87,5.588355179308092e-18,8.086599292369148e-18,-4.255552420619203e-18,-0.00043635894747746234,-0.0006948947776707799,-0.00048409442145546397,-1.8915875939874495e-07,-3.911500068676024e-06,-6.387917804572319e-06,-3.7861174882239193e-07,-3.5465168016721285e-07,2.906507007163262e-08,1.954236432495406e-15,1.1387520816480916e-14,-2.3154246554644577e-07,-4.991504492995053e-06,2.4323320526292493e-14,-0.0027333080376973655,4.3438550620379884e-06,0.004066471875501268,8.580949401760071e-07,1.4804604310628113e-06,-6.235469918311525e-05,-0.0022010739155505165,0.00019770429210829438,1.4774349372397864e-06,0.0001144747783075018,-2.3301729221146e-11,2.2261962938474328e-10,0.0007210945504100617,-0.008890769266126504,0.0026941024542567094,-0.00038108752994409377,0.0020861908525652904,0.00014891540845988062,2.2491539175856773e-10,-9.105868051900016e-10,-2.9916716683969372e-05,0.0007469712256309448,-9.50220251678517e-06,-1.837593551377547e-09,-1.1184857127457041e-05,0.00010560388378867153,-1.2234924502541027e-05,0.0016682740222933748,-3.7281493034909866e-05,-7.545335246400237e-05,0.04183262377516002,-0.2932830379714566,-0.6896718806958262,-0.0002048427115359814,-9.263491887184508e-05,3.678096007335858e-05,0.039605076912934266,0.09134195271219651,0.07932361435805795,0.07744501338841049,-0.0001654693189066344,-0.027865666625131635,0.007496364309211112,-0.0002958857973496243,-0.0037770376181687913,-0.26076631932035765,-0.339062374958126,0.0009625132873323853,0.0014548669398874068,0.0017960111825828875,-0.002808039275933743,0.0044290042815106605,-0.016626925701574403,-0.031285829198425104,-0.043496363984933006,-0.01854097048665667,-0.0055168799494693145,0.00696358861796373,0.002023759521504682,-0.046852139786487626,0.12221992531163879,-0.19651409123245983,0.2673042830659791,-0.17224099478806384,-0.052436200409475484,-1.773638610856585e-15,0.17144729216848606,0.006403731499614306,0.03722669275875523,0.03347427296621314,-0.08045373924163916,0.11410248667020835,-0.06596582589421549,-0.0374670361861774,-0.07700587577066646,-0.0012770920405502232,0.03029512897840855,-0.05645451118121385
88,-7.793941881693536e-18,1.6037154952907728e-18,-7.207646177840581e-18,0.0006125060648050284,-0.0001418429257376145,-0.0008161308046887458,2.4434621858644906e-07,5.0156251363941765e-06,-1.085960368358007e-06,-6.73795437987212e-08,3.585464498642599e-07,-6.92328240767671e-07,1.0323858286053185e-14,1.549902665036619e-14,-3.156570520741241e-07,-6.674411600780013e-06,6.429448566881053e-14,0.003913010574661297,-2.871426454853194e-07,0.0008062109282569912,-9.663339535322175e-07,1.7517682177478233e-07,0.00022183334162395038,-0.0036393933501570174,2.3138136218014625e-05,1.2333819207973949e-06,9.618541720930884e-05,-2.6056059796454082e-11,-1.8158236156845997e-10,-0.0002014983328356566,0.0013369489473243176,0.0003596526044595155,0.0002527468845971281,-0.0006041722516172627,-0.0002019898863752131,-1.0088985815110865e-09,4.470787640955235e-09,1.0852823309743139e-05,-0.0015721941889123947,6.443264661548407e-05,1.0135735740808787e-08,5.920475658355161e-05,-9.846080336068764e-05,-4.710993087537494e-05,-0.009694191712439024,0.0001848584729935722,-1.5715128699870007e-05,-0.31429704481784004,0.3607865094639633,-0.23400852188356566,-6.232922176070997e-05,0.0015965233825082465,-0.0012648606892512312,-0.49103502344350025,-0.13220721676105693,-0.32265009538732814,0.1860734372823548,-9.167233886518804e-06,0.1306587987154342,0.0024329029131773105,7.366479462459805e-05,0.0017986273848063833,0.12421014770542604,-0.1092381596620624,-0.01722648634013723,0.00672737073250589,-0.011318904920135722,0.0145636565799907,-0.006598760289811051,0.01836710789607573,-0.03051168915224082,0.06475805525046137,0.025850564664729042,-0.016612489239746193,0.0009228970001777766,0.12265552887118418,0.04610793520660353,-0.24456429447469694,-0.13327651703618842,-0.04369429129509618,-0.031485170857905934,0.00618740178933976,-3.92383007024842e-15,-0.05611013521795255,0.020111297009396716,0.017375290826791474,0.31915643867878296,-0.017780578910704687,-0.07747968711218388,-0.15642654903425357,-0.09731417082759922,0.01986086142710823,-0.0010209221502507407,-0.03611438880544363,-0.148001478725086
89,-4.721511715660689e-18,6.804046206866249e-18,6.629297687165845e-18,0.00036928032664851953,-0.0005885838533884696,0.0007659282433362805,1.4587100282544002e-07,2.9869958664697403e-06,-4.835315906782316e-06,-2.9028682824929664e-07,1.5452089029427768e-07,-6.892618161023388e-07,1.3408594897892787e-14,2.431675001617913e-14,2.95517002406504e-07,6.322417569379478e-06,9.139184138757321e-14,0.002343922975291485,1.1681650417585432e-06,0.0034010603460340027,-5.618655381080724e-07,9.346068469593025e-07,4.582916254145383e-05,0.003493320546313714,0.00013783418466139442,-1.2152526508391312e-06,-0.00018767451741645948,-3.3237419440561134e-11,-4.6696878101775106e-11,-3.97123668919471e-05,-0.00034602266815405295,0.0006554039588378429,0.00021430446357742082,-0.00067542739637188,0.00015492463024014392,-3.872213462732859e-10,2.1943944204416224e-09,-1.4291678483162724e-06,0.0012805258376119486,6.17479453752628e-06,3.404189889512253e-09,9.29685985650037e-05,-3.6925922374851454e-05,9.902122990672491e-05,-0.00521237025287491,-0.0001427304364063132,1.397892935031656e-05,-0.2724643168884506,-0.43876071711045866,0.1947144874289235,0.0005122146115791545,0.0013039632348785378,-0.0008413805743330922,-0.4012469511998063,0.41417364106974286,0.05091052746334227,-0.10070302787606061,2.0878921511060827e-05,0.24308778570771342,0.001631887765823729,-8.615571074303942e-05,-0.0016446350183435096,-0.11507032999778466,0.07236928342907877,-0.009956864291722687,-0.001935192778331226,-0.006625834818299987,0.0037943164746281097,0.01043698137581693,0.005478936838184538,-0.04858249246029343,0.025238683636068907,0.027844362444622708,0.02528381677740143,0.007737929001101019,0.00036670515008206596,-0.045628738982440485,-0.28514508179199627,0.18699214711268014,0.1714086826725709,-0.14242571521659686,-0.15234020410754853,-1.7041290285253268e-16,-0.03809139519313146,-0.009404663956486531,-0.04292811677284277,-0.10439827265024679,-0.16615821210790577,-0.08872116251338825,-0.010244712765121048,0.03362153235806664,-0.011753501486678126,0.0031682584497365438,0.13720137223643677,0.08036039135724675
90,2.4447218059448695e-25,3.29337879145058e-23,1.7983844348652318e-22,-1.323787737077588e-06,-2.109001548238354e-06,-1.4713683698990754e-06,4.4593168113010944e-05,0.000895082389609658,0.001455490811102578,8.85160351694943e-05,6.71269392964407e-11,-2.01878493933398e-11,-1.6343348171532806e-18,-1.0965835984495417e-17,5.299883923207244e-05,0.001104844219551606,-2.232011434074326e-17,1.4884247636740296e-06,-3.396696830673474e-09,-2.9190557068527773e-06,-0.00010443412773004855,-0.0001783731132219512,2.2587021149037384e-07,3.6313397348876797e-06,-1.1494146877956938e-06,-0.0001645767794482151,-2.996939176284884e-06,-1.314385739399847e-12,1.0277855379154076e-11,-0.04731210633470409,0.5732353039581923,-0.16928021586297057,0.022787681996693194,-0.12276347228814738,-0.006497449419136038,2.850067620282816e-11,-1.6552324934604113e-10,-1.473916861807027e-06,-0.026582817597255316,7.143594411987308e-05,-4.929647176826531e-10,0.000776380366779485,6.611689416121371e-05,2.1148098462023753e-07,0.0010425714988948039,0.0001455785352248838,-1.768605535437626e-05,0.047304033188684945,-0.12442745890029502,-0.1448662045395546,-0.00032645862462784257,6.728067391879869e-05,-0.00024496097771171775,-0.042558136108457774,-0.1281526116005017,-0.09372798780561288,-0.22719720599104856,0.0003947583615082968,0.05167205814261834,-0.0028837460649199626,0.00044590685120780166,0.00541431216118428,0.37369552302153697,0.47315381587109345,0.017073731213980033,-0.029421188940728777,-0.014353357145427134,0.010622515452731945,0.005951875919109296,-0.01604017942669876,0.0018720697220503597,-0.002716119404088422,-0.02531116466490722,-0.005412491682943773,0.007685088493966855,-0.012581977310433964,-0.02394481053947411,0.0816811383247218,-0.09063781664043422,0.19812452985512446,-0.08867838498936897,-0.011987250159518043,-2.5573255750747853e-15,0.17124122160514704,0.00108411211369107,0.001348829320670361,0.04506434040942983,-0.08698776380559871,0.14816557723347842,-0.06828077602446872,-0.010688446960988572,-0.011091432465726518,0.007010706476012735,0.059582514653146984,-0.07630887687649378
91,-6.514477790885629e-36,-1.075131550440057e-33,-5.8250186217255255e-33,4.33185347939786e-17,-9.95035908873101e-18,-5.739542611172782e-17,-0.012616411221543217,0.0007316197259653237,-0.00019639864321594375,0.0028043776041908612,1.8664125798456122e-15,1.960734419015833e-15,-8.053868388250555e-18,-2.0720711466394015e-17,0.016561507671127344,-0.0009315041095337965,-1.2779289877716412e-18,6.06336752400502e-11,-1.0318818699217043e-13,-1.3480302956848592e-11,-1.0234671024569801e-05,2.4100944432745016e-06,1.286785010948168e-10,5.663723739021989e-11,-2.1549064461887777e-10,1.4732721195449979e-05,-1.6213945773261527e-08,-1.8619591299788246e-14,-2.0837491201109085e-14,-0.06527568378692364,-0.009568035074568394,-0.014459743739428378,0.009716590722242303,0.003235549874851021,-0.08068777226027798,9.61937482119631e-13,-1.0907089703388067e-11,-9.530574095678323e-10,0.016286762967171613,0.01407901108134593,-5.164546975933703e-11,0.003722517148944694,3.3433927766231146e-07,-6.554569995993496e-08,0.0002743840952851743,0.025682946828940713,4.5534215453387833e-07,0.017111550785407,-0.008845922776616772,0.005513191206153317,4.112775204563302e-05,0.00035505705049154176,-0.0004949598780368776,-0.1496527202643316,-0.3017014497899972,0.6145405848453209,0.14814624999418793,-2.0421965694191998e-05,0.3494833332549746,-0.006400174123891837,0.00019487662441266127,0.0032744700016533635,0.22632456764856518,-0.12332446174090476,0.003441522227985785,9.031076410497964e-05,-0.0012840405767431248,0.0030429185413737288,-0.00486167957993124,0.007839481328306294,-0.0944163683165706,0.22538193286262576,-0.009043038271527231,-0.0018341949326925856,-0.0030870819940834377,0.23976434428625273,-0.03056590494683571,0.18413137258115167,0.06968340909474059,0.03283875361489817,0.017445865523745583,-0.00032384019253483843,-4.607317060699351e-15,-0.044867735413235486,-0.05183883777269272,-0.0069390971579629725,-0.19594598435367303,-0.0293464964365877,-0.12173464006422717,-0.12924174428407956,0.09015942619717356,-0.02231247273041493,0.02189254537216914,-0.027989970816706292,-0.20321770659810856
92,2.893361703227593e-28,3.9169174813034063e-26,2.152892653660332e-25,-1.570776797191891e-09,-5.037957969234888e-09,-3.0079026329014177e-09,1.826524688651503e-11,3.9437154431061445e-10,1.0764474250455025e-09,6.201931799914695e-11,8.186316149100567e-14,4.126850977547906e-14,-4.210240947363161e-21,-1.7141005242766637e-20,3.5988490424525405e-11,8.07263124335066e-10,-4.818507960263686e-20,1.4799353978541516e-09,-4.3225479868992484e-12,-4.116520151221948e-09,-2.1607043384451343e-10,-5.233787336646429e-10,1.584916387389387e-10,3.728835953444755e-09,-8.791636026900884e-10,-5.808743370886759e-10,-9.144257128567214e-10,3.655797451009723e-16,-6.78073969886057e-14,-6.277013443686982e-07,8.185973412178979e-06,-2.715905475794056e-06,4.369440096876342e-07,-2.7792284790616713e-06,-3.1448608922888964e-07,8.761961846718043e-13,-3.7075687447391255e-12,2.421869927144294e-08,-2.602647947067971e-06,1.9866777334609505e-07,-8.769259190797531e-12,1.604578158880238e-06,-0.7759312496293164,0.2277102292059342,1.757048086898141e-05,-1.6872087024655186e-07,2.332700541714746e-08,0.000883944742436742,0.00012627397837631572,0.00018952641360436327,-8.462146983182174e-08,-2.1749633395274945e-06,2.9434798676361457e-06,0.000922955326859563,-0.00023154880559575865,4.342460679977004e-05,0.00012023983251271112,-4.681106622053423e-06,0.006317362007200488,0.3970619732293753,6.6606798767816554e-06,3.8253262340188657e-05,0.0025876313978657555,0.0030865436719348153,0.0002265152738675008,0.0005506202791513483,6.34274998615472e-05,0.0007701291189596346,0.0008878222628569582,0.06004715647361861,0.0014195848018908005,-0.0036604761462183176,-0.0010917259706831875,-0.0009906438729256166,-0.00034931223970133523,-0.002659582798157341,0.0009326287267812204,0.011292277706370969,0.005171704956658599,-0.00878408036009568,0.009709515302561707,0.007495983301478238,-6.1371587876949e-16,0.006835316114827491,-0.006393260028095099,-0.0010370651638651413,-0.008420573644264224,-0.018851280519783367,-0.007084792267250865,-0.016523347117749318,0.0068577303784983544,0.0030125089504342136,-0.42766472099862984,0.018195741073457977,-0.015008090518601585
93,-6.643740519265779e-28,-8.883883152399877e-26,-4.808665424731784e-25,3.582789139757979e-09,-2.3238743613815547e-09,-4.616826431387526e-09,-3.3440822053583564e-11,-7.120984687805344e-10,4.0559293603814355e-10,2.3959395580040562e-11,-9.797119166953286e-14,3.1152053969002275e-13,-1.4244669102122392e-20,-2.4059258114596242e-20,4.347531024266013e-11,9.526507235291455e-10,-1.101780375326926e-19,-2.791447560985395e-09,-4.4860546010483545e-14,-1.4916073556593511e-09,3.018681285628211e-10,-1.3387243967543688e-10,-5.523005920110209e-10,5.942398516364871e-09,-1.6204546879558794e-10,-3.891689322469362e-10,-4.571085332604885e-10,5.563027539995382e-16,5.5401514114696874e-14,2.3492451508112917e-07,-2.1261428790536397e-06,1.7265797460456836e-08,-3.2797471986872e-07,1.2676463664618525e-06,3.7594079742451814e-07,-4.975171035550507e-13,1.0612149576655913e-12,-1.816878875475012e-08,4.231468612120364e-06,-2.7271537208707707e-07,1.8840986502566316e-12,-9.146218908620269e-07,0.5947489549107998,0.5527646978449063,2.1547838158134485e-06,5.829792440764297e-07,8.753102404702223e-08,0.00022141683755157136,0.0008529071744820633,0.000662650383083809,8.099604907564684e-07,-1.0672068633746746e-06,2.2935308950619678e-06,0.0005741751771507846,-0.0002830026299581134,1.858662481928181e-05,9.972834963707135e-05,-4.1086070200368845e-06,0.006063564129874178,0.38946871995033233,5.52279897044428e-06,2.872321979149483e-05,0.001930456303833286,0.0023399734187971905,0.0014915054801386517,-0.0003271341827562065,0.001142776208166972,-0.0018929790159574055,-0.001317136203162135,-0.0626845564434574,0.0012743088907421019,0.002705385931194286,-0.0004169921928758052,0.018223901249507173,-0.0004437204886912716,-0.0011563431248759798,0.0016145801312183307,0.008187110896754219,0.005347395394205769,-0.011644127578233262,0.010569379293415426,0.007774920369879583,-7.308616289894945e-16,0.00594308742426245,-0.006386835069099276,-0.0010649318265817996,-0.006695373957031872,-0.01861501076760134,-0.00800502312095338,-0.016846166386330217,0.006656609474879013,0.003347859335268549,-0.42763938655194067,0.017888246679576354,-0.015391972636347026
94,-4.583962056168964e-28,-6.10954316457241e-26,-3.2863541565585736e-25,2.4677762691536777e-09,-4.708816164872579e-09,3.047632083427136e-09,-2.2240871193129335e-11,-4.719751715934551e-10,9.28416362516077e-10,5.403500582066159e-11,-4.8344499285044964e-14,3.151829815289943e-13,-1.7291176401771328e-20,-3.407166054704205e-20,-2.9364849738928135e-11,-6.592996267524872e-10,-1.4373708142433486e-19,-1.8472169428938686e-09,-1.7092979468621592e-12,-3.781116695720522e-09,1.8848919104808545e-10,-3.8911139234860275e-10,-2.1689384518698023e-10,-4.878365874452347e-09,-6.775686194445704e-10,3.005661351233366e-10,1.4055667886056602e-09,8.093287958850063e-16,1.6264804295394833e-14,1.9006424351806636e-08,5.704048547255263e-07,-7.936675313320319e-07,-2.299835934523294e-07,8.518979308774258e-07,-2.0083250382425798e-07,-3.288169200590946e-14,-1.1197456710281572e-13,-4.0583873639910835e-09,-2.4396499639280444e-06,-1.9841166824890658e-08,-1.5763583514117816e-12,-9.676430614978003e-07,0.1902518743822271,-0.7989943585038797,4.384355258717221e-06,-4.000766449564002e-07,8.907103091391082e-08,0.00022088781306095847,2.6326858002464868e-05,0.0008648893838717977,7.784444925776927e-07,-1.37852282651366e-06,1.9935805626385784e-06,0.0005657313573499654,-0.00013603150572045046,4.794624728628652e-05,0.0001207196444620602,-4.76907298374931e-06,0.005688956297442151,0.36841089843363606,5.6008094530730304e-06,3.167981327295476e-05,0.002137040707175316,0.002077407993609624,0.001003845163309465,6.477680198541215e-05,0.0006647567091607293,-0.0007709897810292044,-0.0011431908051597957,-0.024664708632950717,0.0017480231694058542,0.0008092441765236887,0.0001217355448164572,-0.06666967531591918,-0.0003302689135510415,-0.003284576708522301,0.0008338377811647982,0.007396971242188499,0.007361872363235676,-0.00953981821190447,0.009907473426289573,0.00703098387851335,-6.357449139590725e-16,0.0060372054817839785,-0.006430357570321891,-0.0013047596764406727,-0.009726580008487227,-0.019129130836852023,-0.008012382059256163,-0.016340877228911702,0.007150016737502781,0.0032409512337641536,-0.4274757431381168,0.01860727310048252,-0.014465413261745018
