,0,1,2,3,4,5,6,7,8,9,10,11,12,13,14,15,16,17,18,19,20,21,22,23,24,25,26,27,28,29,30,31,32,33,34,35,36,37,38,39,40,41,42,43,44,45,46,47,48,49,50,51,52,53,54,55,56,57,58,59,60,61,62,63,64,65,66,67,68,69,70,71,72,73,74,75,76,77,78,79,80,81,82,83,84,85,86,87,88,89,90,91,92,93,94
0,-1.6895101077243843e-16,9.422848862916643e-17,9.611050794960174e-17,2.8632323173661644e-16,3.3166365950609284e-16,-1.9336141331814332e-17,-1.4233652037780304e-16,-1.0257289561335548e-16,3.171993325031088e-12,0.30570953423599734,0.07608326581066797,1.879256708172787e-17,2.1688909076796009e-16,0.0042175095562863975,4.209753037162192e-18,2.999615309744099e-17,3.037951821721213e-11,4.5298377436522444e-14,-1.2237905786864517e-09,1.3380330874751644e-16,-4.231696231258363e-11,-3.357834160572722e-14,4.87865924177284e-13,-5.409910601133524e-16,4.825616565470383e-16,1.5108051981538828e-11,1.0230867153420797e-10,-0.04982216945658315,-2.0482961659642173e-15,0.22093825031236142,-3.0248275824657456e-15,3.634919314840793e-14,-1.930071131779265e-15,-0.10645690137793964,7.687634988196755e-14,3.7413317779695715e-14,-1.2483396975486593e-10,-0.6982906040818078,9.512314695655292e-06,-7.386890993643867e-14,-0.11065519290330975,-2.2837231642483376e-13,1.986876071951655e-12,6.159174003583403e-08,-0.006804553997679148,0.0003025541779154623,-0.00020179857556723634,-2.582563298219492e-09,5.684998389646437e-06,2.224058593796435e-06,-2.2468329993375556e-08,-1.9333052158094133e-09,-4.2396077805819755e-05,-1.0754242281207937e-07,-3.351777763011773e-08,1.1262558524945935e-08,-7.492708150725198e-09,1.450787003457234e-07,4.5610525949306395e-07,-3.345729610516739e-05,0.06743283968600107,1.1641182077676596e-08,0.00921217104293036,1.862627388473381e-05,-0.00116755844185819,-0.011417358843216478,0.0015752924263250502,-0.0005332423515498369,0.0002846311541267512,-0.00036601621791712834,0.0035155656176829855,-0.006592104642405718,0.002456353900125973,-0.0008854908345580571,-0.00010777477976376509,0.0009227755991728856,0.0023593598200962306,-0.002588394858991176,-0.0039676135586008835,0.0018850214836255907,-0.002220510309687885,0.00042515635669839325,-0.0003137394464807946,-0.0012194477885607328,0.0015326769227269833,0.00046897445991526374,-0.0003367479637775239,0.5773502691896217,7.503838298332887e-05,-2.2405844918308424e-05,6.777430909925093e-05,-0.0008823004952401208,-1.1016844671052721e-05,-6.677778986107302e-05,0.00032539308665240654
1,-6.896070661438714e-17,-1.8979998952798784e-16,-1.6513759031226154e-16,4.8171366502741964e-17,-4.0230948091492453e-17,1.721991215380468e-16,-4.946102848776624e-18,1.078333639587893e-16,-8.528256709094557e-13,-0.08931538163430477,-0.31021995015290366,7.343503527971783e-16,9.245662675625417e-17,0.021193907872955962,-1.4747315310947054e-16,-7.258247377301897e-17,5.074870082913348e-11,-1.428120226091819e-14,2.5505577302221955e-09,-1.2115036175691205e-16,1.1178651170336024e-11,7.812768723203633e-14,-1.661665674295934e-13,-2.4830513245114966e-16,-3.025755082009983e-16,5.7712141669497856e-11,6.147057543643365e-11,-0.01210021556169244,-1.0307131048218785e-15,-0.08004380429936883,1.0056094462132573e-15,-1.570923398768161e-14,2.5784563484389003e-16,0.5077123127407429,8.366760611758531e-15,-1.0319194434139508e-14,4.512794235589133e-11,0.2213087600823232,-1.1628130622634407e-05,2.4362061181381044e-14,0.4960158744327056,1.553988977189894e-13,-2.071933029777678e-12,-3.842089558680077e-08,0.004432243746478376,-0.00018290173194726196,0.0001409014971322189,1.5945696732693604e-09,-3.53168722229357e-06,-1.3775322441793503e-06,1.2024412057772492e-08,1.1230601946032482e-09,1.577576192157364e-05,8.055449736639692e-08,4.1910766882713094e-08,1.2713630286997494e-08,1.0259674974860177e-08,5.8840764255106784e-08,-1.51108997207676e-07,1.9455728728197007e-05,-0.021825852563664115,-1.4315249008187254e-08,0.009147473743418224,1.0104527946569026e-05,0.0010170622337622886,0.044784575160434,-0.0019350642224093577,0.0010856640620849605,-0.0017504659485244839,0.001539838689983882,-0.005226186147171301,-4.3239243456490845e-05,0.002486939836020619,-0.0012526923205965674,0.00021419720361124043,-0.0005860892476401729,-0.00020281244532711348,0.000673067481890682,-0.0007924102114706373,-0.0016316542722807632,0.0032217360458383477,-0.000605167234227521,0.002498968437344294,-0.0007416100038232358,-0.002184378315576605,5.577484331270399e-05,0.0005223797837531257,0.5773502691896293,-0.00011861935248682804,0.0028445337357311316,0.0014194850806082693,0.00017121785580532793,-0.0001328255877852329,0.0002055039685138994,-0.0006798937413658959
2,1.8041678623715995e-16,-4.2349301313523986e-18,2.4503284757624887e-16,3.5893282066764304e-16,-4.292484519916578e-16,7.773884975125357e-17,1.6514554592357593e-16,1.3692179799095834e-16,-2.318982447144756e-12,-0.21639415260169315,0.23413668434223545,-9.273192108453728e-17,-4.139416057651889e-16,-0.025411417429242713,-7.831250876135611e-17,2.351762894436809e-16,-8.112843851804405e-11,-3.058221310727643e-14,-1.3267672370175942e-09,-6.731761732169018e-17,3.11319047636206e-11,-4.4409312061157295e-14,-3.2158360493606923e-13,3.0997148956922077e-16,-4.228692559635873e-16,-7.281879535547635e-11,-1.637769420905397e-10,0.0619223850182599,3.3423692318792497e-15,-0.14089444601299858,1.994124457598087e-15,-2.0954819745770532e-14,1.2369784775841937e-15,-0.4012554113627952,-8.623000535006086e-14,-2.6936000261654968e-14,7.970629550304762e-11,0.47698184399948085,2.115815927980905e-06,4.9298507836059626e-14,-0.3853606815294029,7.316757824916203e-14,8.451336476275145e-14,-2.317084572997626e-08,0.002372310251166123,-0.0001196524459829545,6.089707843979822e-05,9.87993508482917e-10,-2.1533111698135764e-06,-8.465263505012404e-07,1.0443917697368541e-08,8.102444348715964e-10,2.662031588136899e-05,2.6987925638149768e-08,-8.392989336035099e-09,-2.3976188426975597e-08,-2.7669670514766116e-09,-2.0391946540396632e-07,-3.049962624393166e-07,1.4001567375561662e-05,-0.04560698712223731,2.6740672157105748e-09,-0.018359644786302563,-2.8730801831036065e-05,0.00015049620809594512,-0.03336721631720697,0.00035977179608427136,-0.0005524217105348175,0.0014658347943975792,-0.0011738224720668825,0.0017106205294893874,0.006635343885854945,-0.004943293736142932,0.0021381831551530316,-0.00010642242384758648,-0.00033668635153040526,-0.002156547374755822,0.0019153273770695825,0.0047600237700316204,-0.0002533672113299568,-0.0010012257361516764,0.00018001087752835194,-0.0021852289908638393,0.0019610577923721067,0.0006517013928621625,-0.0005247493032765737,-0.00018563181991880013,0.5773502691896263,4.358096950326909e-05,-0.002822127890812715,-0.0014872593897060729,0.0007110826394695523,0.00014384243245454639,-0.0001387261786381653,0.0003545006544024005
3,-3.8072662167260585e-16,-3.4881356209316766e-16,-3.067529347273665e-17,-2.9334650558805504e-16,2.932627131036747e-16,1.9041685190256716e-16,-1.3567085486577097e-16,4.07039509559741e-16,-1.0633412288383066e-11,-0.7027748810791108,0.17177031521319008,7.817084302214535e-16,9.596397468070333e-17,-0.6049451060095742,2.0739894313737528e-16,-5.575974486985807e-16,1.2228198828175473e-10,-1.3247212961916736e-13,1.0785848459678013e-09,1.3503062281938913e-15,-1.6613585573989974e-11,2.3616574044031094e-12,-1.6821509365115749e-12,-2.095184744035116e-16,2.4225054545328854e-16,2.524396098618227e-10,7.568960350862496e-10,-0.06766452354372218,-1.8619829320261393e-14,0.010395847020192231,6.845360935764874e-15,-3.185095735638677e-14,-1.4559784047733718e-15,0.058713810702724155,8.178077031808401e-14,7.223489027379366e-15,-6.159682961930198e-12,-0.3002366937435507,1.1313792235783232e-06,-1.054992172348226e-14,0.08248860868605722,-9.690212414379844e-14,3.7902170782396407e-13,1.967008924448729e-08,-0.0020633523853495995,9.049291684564022e-05,-6.587648491970498e-05,-8.244706299692185e-10,1.8140437165129014e-06,7.094504493004832e-07,-9.364764363440285e-09,-6.046468825191172e-10,-4.5176241886996946e-05,-5.448126429413992e-08,-1.1559079030927674e-08,3.207443616218371e-08,-9.095660061705346e-09,1.42582158785914e-07,6.525685570361111e-07,-5.935844554564392e-05,0.06827069712368421,2.986418272860541e-08,-0.019630676220387215,-1.804411632827675e-05,-0.0007000236246117461,0.0172283075734208,0.0017909235287361114,-0.00037722118007759407,-0.0004106534791580176,0.0001531932763526101,0.005250176681388783,-0.009467483444264471,0.0038358947275889213,-0.00146874712275177,-0.00015182155651236647,0.001038223832808732,0.0037020929564430803,-0.004841176334190282,-0.004449477567023454,0.0017177108193033458,0.00017524360621884853,-4.3315595258385295e-05,0.00034819083376978386,-0.0011393769042329206,0.0030162755237359545,0.0005723993123560575,-4.837596313730574e-05,-3.3998487671835016e-15,0.00013038208954473815,0.001981701555176093,0.0010306544488681482,-0.0009201348978547838,0.0001889843778847576,0.0005202391759147186,0.00023331673874435384
4,-3.746884954641292e-16,3.755669442044068e-16,-5.825652674087633e-17,3.079837916905545e-16,2.0885551307461536e-16,4.479642983121075e-16,-4.1543643468951086e-16,-6.051190695144414e-16,1.252104644269361e-11,0.559551063613877,0.4757600053542529,1.8805926267083158e-16,-2.6187023457848303e-16,-0.5902765197833324,9.020255253101117e-17,-5.507782570267225e-16,2.6164444661247284e-10,9.554291743310878e-14,-3.8302701733214064e-09,1.2176573809567033e-15,-1.2763684138790223e-10,2.254806369126318e-12,-4.5173316332303647e-13,1.389535508698708e-16,-1.4982783001379763e-16,2.726623051013749e-10,8.65313175417978e-10,-0.06553262405848048,-2.0981753479958284e-14,-0.03995660621421299,3.548820171495978e-15,-1.3546450802027775e-14,-2.2748989852722554e-15,0.12737099201568583,8.4818417742219e-14,7.692789102312359e-15,2.2470406088909695e-11,0.23209363490560297,-4.770120100821463e-06,1.2702675591111903e-14,0.176617957604334,7.032829358199227e-14,-1.3926338056834573e-12,-4.675419208531704e-08,0.006753855244744815,-0.00029156990707062953,0.0001918900429654507,2.0347095836971905e-09,-4.60108446716989e-06,-1.802169345158016e-06,1.7167911538252592e-08,1.6187706697032701e-09,1.2074625752037814e-05,8.614196008528325e-08,3.456683937255957e-08,1.5677637447172717e-08,2.185452126718709e-09,-8.753592733877018e-08,-8.202809882536e-08,-4.489067407532187e-06,-0.047161472354712866,1.082274767499786e-08,-0.03507594226950458,-4.9288902111524593e-05,0.0013432968070099672,0.03738852108062835,-0.001020836364415107,0.0005730159382502616,-0.0009170424297360794,0.0008046572696014898,-0.0010979938459796863,0.00251323453435049,-0.0006577217309117617,0.00015221058108176128,4.2546644059588284e-05,-0.0006593225037547295,-0.0006883610029619574,2.3286367739551013e-05,0.0030174275148989343,-0.0018360271133308404,0.00438319509934741,-0.0008491640764917377,0.000929348970598838,0.0011382963834999503,0.0001519269691212208,-0.00032372430353759415,0.0005952541069099743,2.9479149642231334e-15,-5.540359595297602e-06,0.002023166832068756,0.0009026866018787919,0.0007617335640633023,0.0002100450652678848,0.0006476627535068424,-0.00038734928258852587
5,-7.783628938319485e-16,-4.807881170783698e-16,-2.8196013126606383e-17,1.4833314766692069e-16,3.5875455635687387e-16,6.766567679588319e-17,-2.2093594108586858e-16,-2.018057867668718e-16,6.290176427604057e-12,0.190752871634348,-0.7637197346089158,1.048439279538369e-15,1.4090311314187713e-16,-0.5165636660348151,6.982137118650298e-17,-4.045786836674003e-16,4.944459914389023e-10,2.36191249872254e-14,6.400495070857498e-09,1.0729668860793811e-15,-9.83024172434697e-11,2.5050817617460437e-12,-8.713983060384185e-13,1.1780465671461751e-16,-9.260242318900121e-17,3.4992186333585907e-10,9.304560167384775e-10,-0.06501485368418534,-2.2985222191842813e-14,-0.021714396424879906,5.706992624328555e-15,-2.1005293288511032e-14,-2.6635971442898247e-15,-0.20006758509367525,8.544536650895407e-14,8.286306291872744e-15,1.2120002494754551e-11,0.06338255058210006,2.444044609866384e-06,5.0787814604997195e-15,-0.24532022792916205,-4.33610552772113e-14,4.545462192244467e-13,-5.318760576811409e-09,0.001010640716153775,-6.0603166879664935e-05,1.1910131872820211e-05,2.6934635857054347e-10,-6.15819269920722e-07,-2.4652811305718717e-07,2.9683768143652712e-09,3.271833811519363e-10,-9.228667017452326e-06,-1.9191664036387433e-08,-2.31091985304025e-08,-2.831730223000169e-09,-1.3261639037695266e-08,-1.8086681637414167e-07,1.6134590679330948e-07,-3.6396120901147934e-05,-0.009799772567552434,3.4238143712844924e-08,-0.05041273584247901,-6.623881990413467e-05,-0.000436643252495902,-0.04168989008798805,0.002433084876058541,-0.0013616358890642828,0.00219722177445956,-0.0019360668099073486,0.00833909949203935,0.002591819024368968,-0.005207291635264085,0.002445358277657436,-0.0003437508285468991,0.00041885257599774884,-0.00031095409112453257,-0.0012416333373145867,0.004508714846071525,0.0012400501254413731,-0.0017221172450283203,0.0002978800377745402,-0.003699638099189571,0.002523468681541207,0.004234209920081846,-0.0004302997325846619,-0.0004031760929522815,3.934794379472663e-16,0.00020932345095570868,-0.003241056829768603,-0.0017775096555864383,0.0004353527977283829,0.0004639651544119511,0.0002555256233417481,0.0009095035409471047
6,-2.1855341094890902e-17,2.6760103538442076e-16,2.645500981690333e-16,8.180093663660359e-17,-4.2863909630677924e-17,2.0268784127776846e-16,-8.98523084964025e-17,-8.196492816537458e-17,8.159102608195903e-11,0.06659433923892387,-0.005148409450351371,2.929980186370814e-16,9.32052508554187e-17,0.07244624010535904,-9.719564690120573e-17,5.339884791929525e-16,-4.5404543337412644e-10,3.1622095091732803e-13,-8.391150684219659e-10,-2.295611525970608e-16,1.3749010594102818e-10,7.729582578615022e-13,-4.729064028858561e-12,2.590473423730921e-16,4.3025053800750473e-16,7.897818396120432e-10,2.924906013118999e-09,-0.2177959977213004,-7.397286606423432e-14,-0.69484231406158,4.74773668829026e-14,-3.1505478618600536e-13,-1.7265824394352694e-15,-0.21545299136436483,1.8580042845807166e-13,-9.0935767653775e-14,3.9068511820700687e-10,-0.1262240885120416,-4.416967201141023e-06,1.8224444983406876e-13,0.17440131828727595,-2.0320659477755002e-13,-7.116613852275072e-13,2.824017805617692e-09,-0.000221785266485996,-2.6779451714146545e-05,-6.391969320956258e-05,-1.2403470089649246e-10,3.605941860007139e-07,1.3304525362729145e-07,-1.9731521809878522e-08,9.860801536857253e-11,-0.0003040265856550702,-2.3135817332424375e-07,-4.159415234871171e-08,2.6569536940218245e-07,-7.580842456805979e-08,8.941831845120356e-07,5.267724103043203e-06,-0.0005164081015715964,0.502576097291874,2.8181740731287913e-07,-0.245544515491384,-0.00026269859454178035,-0.00408998167610473,0.19549557217999772,0.014955818150337174,-0.002860879803390105,-0.0043295863046267985,0.001977932988941949,0.04744444484262909,-0.07981718023279949,0.031943459667474666,-0.012272657669512639,-0.0013856689723746485,0.008429712055580858,0.03247876092527102,-0.04452408441620521,-0.035089900654491524,0.013166745650675351,0.008047045552795742,-0.0016524516577382357,0.0036809054509286438,-0.00802023702294862,0.028695479010206634,0.004720776614360837,0.00039571335819400545,-2.7399358613028853e-14,0.0012144797929917336,0.020273770488730573,0.01048710535969019,-0.007245863484033595,0.0021593542389204863,0.005859040373932674,0.0017308575732619237
7,-1.0083734715539405e-16,1.554270801012076e-16,-4.1313808731358975e-16,-2.5449478619686385e-16,3.1272246721513817e-16,-2.739595214814177e-16,1.5351390225747553e-16,-2.516264543021353e-16,-9.139375814440519e-11,-0.05764490513961659,-0.02542962045395409,-7.306244121845205e-16,-5.858043216509547e-16,0.07410513110329743,2.7797040078027044e-16,3.1750959074992656e-16,-5.377976530014379e-10,-2.1014690580290565e-13,-1.0144086238203246e-09,-3.2344062383195276e-16,-3.037454697398923e-10,5.297868714934872e-13,6.105627697951088e-13,1.172416639397401e-16,-1.2279145475821293e-16,8.816518331537114e-10,3.931953532811296e-09,-0.49409958801579484,-9.488745439538437e-14,0.34226894371333694,7.714009017251353e-15,3.8306701476198104e-14,-1.7403818012027378e-14,-0.38506071301793254,6.665304159182986e-13,1.4768243886268903e-13,-1.9375101925682312e-10,0.08067042230909797,8.040047394708977e-06,-1.0874598314536059e-13,0.32791418569776154,-2.0905596268167852e-13,-4.125868333732743e-12,-2.3441140025145355e-07,0.04452695112818136,-0.0018791753539182936,0.0012216262929694809,1.0709461703590857e-08,-2.4970317031009778e-05,-9.798552981403826e-06,9.444312039177735e-08,9.189205111825805e-09,3.7679782739615336e-06,5.036569206660932e-07,2.2911869674170957e-07,1.7805816507146558e-07,9.335221373835838e-10,-5.001341011384281e-07,3.431530346860032e-07,-0.00012965907937061014,-0.3151141476192821,1.3771067006083836e-07,-0.33215343282993276,-0.00045254480190953854,0.01140223327660126,0.38864197520591104,-0.007723376941268958,0.005298410345421718,-0.010047252356451087,0.00850094227897419,-0.005853562888336598,0.007968571121282303,0.002134679985406902,-0.0019832388728690926,0.0003141128013547159,-0.004907746704628375,-0.000800435899351145,-0.006473464703699786,0.020030165149160877,-0.015948621028696992,0.04408509627556687,-0.008535696134770517,0.011353168587056773,0.007906964511449963,0.0038063595357196033,-0.0020560588574134917,0.006022175493673047,1.8770043767843688e-14,5.603618858214285e-05,0.02410937249858732,0.011372554914106589,0.005820120886816934,0.002072645108465853,0.006997051815746075,-0.003990909937987444
8,2.486198438142095e-16,-2.553876331220953e-16,-6.2709283652514735e-18,1.2773613280093134e-16,-1.0377845041067669e-16,1.0791510150893789e-16,3.2349063146087375e-16,1.5283574019059633e-17,-4.308548487901494e-11,-0.02140098844575344,0.057604455017291514,-3.597011181242506e-16,1.1840784137099014e-16,0.08007456788414408,-1.426017035482724e-16,1.2230422789095102e-16,-9.073321513180598e-10,-4.275476813297726e-14,-1.6188018694291307e-09,-1.5200577669616282e-16,-1.8450749199243835e-10,1.5300796051173242e-12,-1.1222270909509138e-12,3.9263591189158865e-17,-3.720502795449088e-16,1.7100512529133902e-09,4.48014149223349e-09,-0.5679416422913381,-1.0920837034449855e-13,-0.036926787983956176,2.592269709181621e-14,-1.0299219076203806e-13,-1.866120891670959e-14,0.4036040285740297,7.314145451066984e-13,8.427694119441661e-14,1.9470216375896164e-11,0.01892435709696987,-1.1500924788782928e-05,-1.1657240695764468e-14,-0.3685292453775785,-1.4536565376801482e-13,1.3411310231944853e-13,-4.81118361926748e-08,0.007433037519748328,-0.0004422426997954177,9.624461179107637e-05,2.2619463326926094e-09,-5.087814998749876e-06,-2.022809451045182e-06,1.9530371703903735e-08,2.436546513503246e-09,-9.322584807174409e-05,-1.478730177184342e-07,-1.710847416512508e-07,-6.801334872416874e-09,-1.0956787377978796e-07,-1.4376733120914484e-06,1.5760521991875678e-06,-0.00032546652197656826,-0.05226232334026809,2.9675703292136686e-07,-0.4294723643096194,-0.0005614431576198907,-0.0048080373743422476,-0.40139025965969866,0.023220824579569466,-0.01292596128348709,0.020733103518496512,-0.018292842398566156,0.07867221972650171,0.022106449274205478,-0.04839642031428257,0.022860574697746845,-0.003234207127044417,0.004448604636235343,-0.002442044911629655,-0.011889525851255855,0.041156151222926186,0.013326010524813223,-0.020091748224764446,0.003547698274645088,-0.035820814577314626,0.02329520459787314,0.04039984375541001,-0.003955734756110603,-0.004403734913966542,1.418526205193121e-14,0.0019645609949173796,-0.032197325781501245,-0.01786828983141638,0.0036611593295471385,0.004342834105032758,0.0019466729296156887,0.009145294964913408
9,7.404238517259852e-16,3.400429770853558e-15,1.2524045355473797e-15,-1.435836001807452e-16,-1.3013589515298641e-16,-6.631262381568467e-17,-1.565905327925102e-16,-2.434972930426812e-18,-9.716278635232547e-10,-0.008489477846265995,-0.0003564484996721566,1.3553966041246003e-16,1.152888939219727e-16,-0.011625567318072193,3.6855473947254415e-17,-2.8737444658085705e-16,2.7767033017146436e-09,-2.5714074718225327e-12,4.043557784175694e-09,1.1694110622410057e-16,-7.161429547706206e-10,-4.9607424379130345e-12,2.328352053532433e-11,1.9372377942907322e-16,1.5225139526334847e-16,-1.9007439711588704e-09,-7.172303436890743e-09,0.1757783085797578,1.809339988649293e-13,0.5110104875966327,-1.0595092223018426e-13,5.631187008341215e-13,-2.134261886482536e-15,0.14986020088379093,-1.3814785933529407e-13,1.0782417498172835e-13,-2.8651156793876367e-10,0.20226845433216764,-3.398583454969466e-06,-1.098690324107681e-13,-0.14633545952899674,7.381556163235222e-14,6.16050908306219e-14,-1.146166489294101e-09,-0.0005020581448059811,-1.870218592181054e-05,-6.346419393011318e-05,2.614787608701822e-11,5.5078868155171285e-08,1.4810128845980986e-08,-8.96041123103896e-09,1.4852080938507984e-10,-0.00023262710679210468,-1.8658476541838607e-07,-5.7216669969009185e-08,2.3302259230707627e-07,-8.289002648748259e-08,8.894894913644731e-07,6.065350086408156e-06,-0.0006258336421338946,0.6467942024953538,3.4599284343823466e-07,-0.3220531310963679,-0.00034917351853095525,-0.005687270226056149,0.2556588243025292,0.021566142784843,-0.004346308114476161,-0.0054481647723337665,0.002248620026691969,0.06975290195804112,-0.1152516347652501,0.046023488722641184,-0.01763748222360616,-0.002055111683710666,0.012552473457815872,0.049211111527861874,-0.06892372723134682,-0.05381411210356754,0.020396979021928014,0.012972479158117691,-0.0026630942757921603,0.005116524651306178,-0.011928109251748089,0.04431974962919331,0.007483269449451528,0.0006916049825217336,-2.8110448748659406e-14,0.001793336527788861,0.030133749253724154,0.01632796328470555,-0.011408657526494793,0.003475075003900246,0.009392008367068298,0.002728730511956796
10,-7.763977188894215e-16,3.887139887120257e-15,1.1860409886633048e-15,5.610831267692523e-17,-4.044232520079871e-16,7.88391638518889e-17,1.1629844489139978e-16,-3.385672753719206e-16,9.895856458605938e-10,0.007955722136745204,0.0014853436869210028,6.48880223517473e-16,-8.748881085925954e-18,-0.012538030619740619,1.5282130637240298e-16,6.243761846502636e-17,2.805812002054795e-09,1.627152728686834e-12,7.723066216415333e-09,7.972663435547296e-17,1.4535135661157255e-09,-2.66480963642769e-12,-2.7930443635056687e-12,-1.3459195120905879e-16,-2.5765722612479327e-18,-1.6546331068753948e-09,-9.082818904960034e-09,0.3801085278948925,2.2104880111567517e-13,-0.24283594101973074,-9.810091404867037e-15,-9.047351697092443e-14,2.007149949255493e-14,0.2610871971749113,-5.81914770982845e-13,-1.4220822842974703e-13,1.367424916128424e-10,-0.14930521823850257,-4.7242248843332605e-06,5.710713108977345e-14,-0.2848189596716923,-3.5339623798852216e-14,9.495563799383813e-13,-5.91281943963915e-08,0.02719654976150747,-0.0010735880198167826,0.0006865290015664427,3.2597859475248133e-09,-8.471174244111797e-06,-3.345955341949167e-06,4.117664685297326e-08,3.605901720026296e-09,-7.208353779359772e-06,2.7493673723198387e-07,1.3198667678553964e-07,1.434637471009154e-07,-1.3001738510666691e-08,-7.035911572088371e-07,4.7563958052080684e-07,-0.00017406822414474746,-0.40633905902114664,1.8245292697033855e-07,-0.43486372860130496,-0.0005916236946085728,0.014968968784626557,0.509699641665504,-0.00980008224428514,0.006813684837635828,-0.013014541256671777,0.01099472306254446,-0.005635271346100381,0.011859015634859393,0.002090474280106177,-0.002417355670156569,0.00033448038775315826,-0.007133820557704736,-0.0010138633973317207,-0.010483893491015457,0.031010500895232527,-0.024646273532234215,0.06939922574491814,-0.013444223864662564,0.01649914174800811,0.012276574293548535,0.006475173551720314,-0.003217782458306541,0.009657630627758975,3.258712351023907e-14,0.0001448846144312034,0.03574647849197823,0.01779134001555372,0.009173871002096093,0.0033219066103202604,0.011215763012684166,-0.006367470714278603
11,-6.062610431537886e-16,3.2636663005710394e-15,2.5547177338854175e-15,-3.390444244010014e-16,1.869207603525502e-16,4.9859604865297663e-17,1.6708372392711018e-16,-1.5879086894824122e-16,4.2365657253506346e-10,0.0032117464539482333,-0.006379317772821534,-1.0447211586197393e-16,2.1816971397027438e-16,-0.014831181303031916,4.024268116303127e-16,1.8366595689092648e-16,6.042419812072315e-09,3.1438618246590517e-13,5.687652653232978e-09,2.8407333850540854e-16,7.685170839435623e-10,-1.0242144673366618e-11,3.84356522965368e-12,6.925070511426346e-17,1.6729332445386077e-16,-5.003678671209012e-09,-9.25849060393609e-09,0.4366617461400775,2.2660325988713494e-13,0.03377116176114409,-4.347991022911067e-14,1.3748652283096635e-13,2.261997659002758e-14,-0.24872245983926525,-6.521237262107435e-13,-6.591615242545232e-14,-1.824768929571676e-11,-0.041754232755584264,5.97913230725713e-06,2.3081127531995755e-15,0.34422020934538,-6.325510026408949e-14,-1.8969526213451156e-12,-7.82555395650461e-08,0.013698765890901151,-0.0006531047742650442,0.00031310164156454946,3.5785572495444808e-09,-8.27034151268068e-06,-3.2534908222183183e-06,2.841093091957301e-08,3.2463015548085936e-09,-9.530803331388856e-05,-9.042056658225785e-09,-8.205139255064506e-08,4.652847274534663e-08,-1.0695578974725962e-07,-1.5150882006235673e-06,2.082948040674094e-06,-0.0004131572572205613,-0.06633495040515544,3.6646780606006804e-07,-0.5561593826695291,-0.0007263288924191625,-0.005954530928883503,-0.5215350958764433,0.03235630417210985,-0.017765159964859674,0.02808593263413196,-0.024870802575094372,0.1129084698377465,0.030592409853348976,-0.0702546581298261,0.03326009536777497,-0.004615253772351426,0.0066192313759439615,-0.003360047288371912,-0.01875348142034862,0.0637110290605372,0.020773651214776732,-0.031575155002196355,0.005577875530422891,-0.053593890265258425,0.0355927313432154,0.062101052230703946,-0.0063109331188997905,-0.007081396630452492,1.7885124567274494e-14,0.0028435075165698354,-0.04763841007737672,-0.027821332830904894,0.00579120664923474,0.006942933471330147,0.003082856295244436,0.014597284936698967
12,-5.843385350626454e-12,-2.035977587144368e-11,-7.088213815994053e-12,-6.882504385827738e-17,-1.158706839824774e-16,3.5692083889159286e-17,-3.643683967113431e-17,-1.5238608932330317e-16,2.2550121117626253e-07,5.1624790802339586e-05,6.902998924436015e-06,-2.0966983531768015e-16,-1.2286684970498654e-18,8.798749881136101e-05,2.237886297428231e-16,3.201130550257944e-16,-3.3240894175192657e-07,4.270001005482177e-10,-5.320438124162415e-07,5.605358534291257e-16,7.420736025014284e-08,4.3242190008892753e-10,-2.2391676354658137e-09,-2.2365804769786823e-16,5.816807451408259e-15,7.198987023541877e-08,3.474730165197214e-07,-0.004279137783043871,-8.74766466194389e-12,-0.011861773436019872,4.509955996574113e-12,-1.8962058492408803e-11,2.498890497004876e-13,-0.0034286299666332265,-1.1660851060843663e-12,-1.9126131693824614e-12,-2.2579108261149282e-11,-0.006877308046929487,0.0001752689998104469,-8.083803833950083e-13,0.0035603905999074007,2.6223021608215095e-12,4.237846188070091e-12,-1.9061405212491731e-07,0.0030823865429812757,0.00020581615330756748,0.0009978881913639626,7.728111657461847e-09,-1.7899484054768097e-05,-6.838998687495153e-06,3.938641698442382e-07,1.7796442199780403e-09,0.004552335820212082,3.474451002734646e-06,2.270550182247923e-07,-3.3751014061334677e-06,5.80427373140445e-07,-8.604200688847055e-06,-2.8107838632315776e-05,0.0017746365304173242,-0.1900246689018972,-8.591735971996176e-07,0.09018081422323895,-2.6903606916184786e-05,-0.017271838590804323,-0.06865481788328538,0.08435212310420899,-0.025793772131474494,0.010108636253273913,-0.015081072141245596,0.31986725106922387,-0.4601333105736477,0.18036243840412836,-0.06720437614671423,-0.010070066154403553,0.06621262021376935,0.2886130130788608,-0.4597848920278712,-0.35055782160179766,0.142210245129974,0.09422999935805566,-0.01945610604887313,0.01030110835410576,-0.0650628245070581,0.28942502159811734,0.05838230599350298,0.006144218894268559,1.2211841095291323e-14,0.0084727887647076,0.14726836918342823,0.11063403922481199,-0.0866476155760344,0.027822206799187833,0.07380953168701054,0.021137711143693016
13,6.17464235231251e-12,-2.3064233005224712e-11,-3.229004885533786e-12,3.1746173204000614e-17,-3.526964426163575e-17,-1.4528674252454263e-16,-2.3619489804026767e-16,1.9226255685931412e-16,-2.1210468584727573e-07,-5.5023153516805935e-05,-1.0362375643045757e-06,2.0586968290184144e-16,-1.3282656630248458e-16,0.00010576703830423493,1.3339499050502123e-16,-3.262759410457491e-16,-2.618505463203382e-07,-2.585221506703823e-10,-1.02988410802302e-06,-2.6497933251049307e-16,-1.3587741154370584e-07,5.4553355228245226e-11,2.3478692583706855e-10,-1.2538828748405147e-16,-3.5104578400167414e-15,1.8859914419140034e-08,4.20088796430437e-07,-0.011169364132104419,-1.0247142895422751e-11,0.007019186542595597,2.0782664701998965e-13,3.792791084813122e-12,-2.807985452228819e-13,-0.008529213785268991,2.5256843767789423e-12,1.4929541708681298e-12,2.5042639672199274e-11,0.008346292441347875,-1.6573059380235386e-06,7.463287568928076e-13,0.011943981793191323,3.8171414850287875e-12,5.380805631747617e-11,4.269139258796819e-06,-0.744336643447774,0.03216876847622001,-0.02102428200668176,-1.9586449807022776e-07,0.0004565736513330681,0.0001791479960749122,-1.7105711758441788e-06,-1.6724582003360013e-07,-0.0002052066062494451,-8.81624503388652e-06,-4.031789129260141e-06,-2.517105266246808e-06,-3.345846671988408e-07,-1.299087616617287e-06,-5.379849641113449e-07,-3.5838408083999585e-06,0.020791981108934387,-1.3927534174783236e-08,0.014700930679414515,2.967919709295563e-05,0.004149369673112014,-0.027127495615246626,0.01044437886141586,-0.005368851192816401,0.008853503411128236,-0.0077637940233159074,0.08041297147305758,0.08878325799374946,-0.048023885859834976,0.015368534638825131,-0.0032008900533705225,-0.03171099939936893,-0.009084824655740013,-0.0748465734533965,0.2232169782353294,-0.1646184162652112,0.5026474975378776,-0.09768219976705686,0.061888987830455704,0.08858656584804331,0.0616303655230635,-0.02486551304392105,0.07728070864771933,-3.747616958740695e-15,0.0028840496616373257,0.1649418169997508,0.1198605256441792,0.0705357761077464,0.02660487226901168,0.08865028168944922,-0.04945998158223838
14,2.7464871104889324e-12,-1.545962191342699e-11,-1.835942825526224e-11,8.749473468516764e-17,-7.152775898362157e-18,-5.1569120976475796e-17,-7.413920616145997e-17,3.180877563128213e-17,-8.251600239202105e-08,-2.276496013364462e-05,3.636139903819227e-05,3.101056151411177e-17,-2.6651156203280696e-17,0.00012276459389996296,-1.3304544799427236e-16,-6.88061938653168e-17,-8.814404825546964e-07,-4.929976952179625e-11,-5.070101123078399e-07,-2.908560127164674e-16,-5.6692493411129024e-08,1.1898748805229748e-09,-1.413915605064461e-10,-1.0181065507338877e-15,-1.1832280592937212e-15,3.096598511161763e-07,3.253020258408782e-07,-0.010412949081892517,-7.971186339198991e-12,-0.0008777850504251585,1.0265475786843375e-12,-2.0860698042092747e-12,-4.391352107526558e-13,0.005012350766986673,4.080367219188267e-12,-3.8615337941946127e-14,7.423411063574318e-12,0.0016560073127294228,4.14482274454809e-05,1.1922089559262093e-13,-0.009169816765771301,3.784596263659043e-12,2.5744317881763557e-11,1.028504665187686e-06,-0.020158742529898674,0.0038173375698387557,0.0009577708473226875,-4.2755424545485986e-08,8.74571597298923e-05,3.464787194089013e-05,-2.68678760371138e-07,-3.900415190662853e-08,0.0010131960188843572,3.41788858975181e-06,3.2648112687897602e-06,1.1875907456419579e-06,1.1145271237901493e-06,1.1637878870471434e-05,-2.5780816766800266e-07,0.0004752798561390212,0.010083680616200734,-7.607885070154987e-07,0.14885197424116448,0.00021384350294899996,0.014390131632196304,0.17563375841019946,0.07896421439698854,-0.03385912681286812,0.037664119555787814,-0.036908025664973615,0.40766065201402785,0.06899778608918435,-0.2860445741271663,0.13814236429952473,-0.01564199455597628,0.03240561036186599,-0.006502685439346362,-0.13842251784675325,0.4257443602119074,0.14048112016213277,-0.22105400453929386,0.03903025600850961,-0.28001726656425246,0.21838293934467368,0.3935925300230792,-0.04992830261353878,-0.05681971920413773,9.885563712672052e-15,0.011236167361420137,-0.225668835253753,-0.18896944815230404,0.044502048481331574,0.05535782479405748,0.024319886400719474,0.1140723203443828
15,-4.998840595137076e-15,2.924642639772121e-14,3.4231448187675434e-15,-6.590312305112649e-17,2.821111472511646e-16,9.578542747304749e-17,3.2467536094656483e-16,1.7889214316124256e-16,6.901566884656307e-09,2.7770536172751e-06,5.3544118302441774e-08,-3.4563971187357068e-18,1.9724791101290954e-16,-6.019653884501452e-06,1.9291174303382917e-16,-1.9984557064996578e-17,1.2240744197719299e-08,1.1278112967368116e-11,5.3067501622447355e-08,2.44648612509657e-16,9.289293203150801e-09,-3.2859237666617795e-12,-1.6447553255318972e-11,9.862935641268742e-17,2.3818276969029143e-16,-1.8489501130365372e-09,-4.546810470694304e-08,0.0020528085218451267,1.1111042904414133e-12,-0.0014613261763754017,-2.528544628313127e-14,-5.243583236824854e-13,4.387560739515653e-14,0.0025334546818139244,-4.4210441849097274e-13,-2.6551652163595164e-13,-5.218881003144538e-12,-0.0028176241246217156,4.802231429970717e-07,-1.6535524723480784e-13,-0.004493756651483729,-1.2450036451016811e-12,-2.1379325450156558e-11,-2.2791737075347117e-06,0.661963325937145,-0.025982670156975866,0.01769801090098953,1.1038268080034832e-07,-0.0002684211147595877,-0.00010550646402585178,1.1252054257985595e-06,1.0282897986246659e-07,0.00021915896173745896,8.135356545026641e-06,4.75716786399035e-06,4.393371145457133e-06,8.332057694145313e-07,1.0470382163649116e-05,1.3474389886309397e-05,-5.842053376962352e-05,0.06733350418198276,-2.9901031827219337e-07,0.07838563753868151,0.00015583844213571654,0.009416831925629332,-0.054844995335423745,0.01862957283058053,-0.009751012152384263,0.01637631080094702,-0.01429041814303284,0.12716377730290623,0.13198605629504748,-0.06727535246801034,0.021406365615239703,-0.0051251016729930935,-0.042334194146214324,-0.011048115127368568,-0.08448433847699915,0.24941098375883067,-0.18163794036570513,0.5347213905220616,-0.10377126348869002,0.0780453102721704,0.10469368417138893,0.07252242899259563,-0.02500627607852913,0.07758498933274283,6.0830198519962875e-15,0.004424832244504362,0.20956050695240666,0.13081251300901636,0.07207992985141091,0.026675527965499695,0.08997581432488344,-0.050329479750703246
16,6.738636044772997e-08,1.4705875212122383e-07,4.2618331144909875e-08,-1.4846649101536958e-16,4.018669870973314e-17,2.080328147223401e-16,1.0513966337475774e-16,-1.887452043889907e-16,-6.583152438839885e-05,-2.6934195098494143e-07,-5.86878971312704e-08,-9.928015284780397e-17,-3.174904943295426e-16,-5.772256173137745e-07,2.7120644477271767e-15,2.791705658155704e-16,4.901314622266731e-05,-9.272198947508e-08,0.00010018973562809849,-6.60869612552811e-14,-1.0587412211005415e-05,-4.617691054262082e-08,3.1125647356772e-07,3.31691036452005e-14,-7.976433785714987e-13,-3.410987711897446e-06,-3.092856951425232e-05,8.819798958394166e-05,7.782631041874856e-10,0.0002383599868781594,-3.6871478463471666e-10,1.3879605602970435e-09,-1.9704901238512856e-11,6.716276453046822e-05,9.523564400786218e-11,1.093153209877904e-10,1.4952373089249739e-09,0.00020419197960291284,-0.006713265992765671,3.904520302675298e-11,-6.619607930259485e-05,-8.240361482231657e-11,-9.10666681160233e-11,4.842659741494413e-06,-0.0013524744267743001,-0.0019330924652039517,-0.011472171462949135,-1.8459417921150932e-07,0.0003938126892534829,0.00015143094940960142,-8.38261611177304e-06,-6.135220978335011e-08,-0.07033986129874366,-5.0957543671603797e-05,2.973133694609854e-06,4.276206806511165e-05,-4.853022148646546e-06,8.069782886828902e-05,0.00019872786162407875,-0.0105387866601154,0.04578872507473511,4.7598117902001254e-06,-0.020950121818107247,0.0006697926966869608,0.06544859762945399,0.01166281416849619,-0.1588972143348899,0.04462096284837443,-0.0018848064245497512,0.01567557168324874,-0.3679216197472183,0.5493594869693663,-0.23136544274928975,0.09547186403042772,0.011207187447461575,-0.008471796213051169,0.0778540915337497,-0.4165764922041215,-0.3141931800857478,0.18980729553666595,0.07933114128278786,-0.017799921240905285,-0.09084361101805584,-0.007938517833091798,0.21743512562521128,0.11227001531775653,0.01120967543897812,1.2556316496532092e-15,-0.008515508930843753,-0.12005544506997419,0.09806295423263979,-0.1544944328914539,0.054877150242233406,0.13515111824309295,0.04226818048686382
17,-6.596584977013528e-08,1.6772500002859038e-07,-2.7461495927242264e-09,-8.296587716392843e-19,-1.5477840784026243e-17,2.831692423086643e-17,5.3815048852848717e-17,8.707342670346999e-17,5.573410795300314e-05,3.097657607358878e-07,-3.242773682335414e-08,7.736409567530317e-17,1.31020948933961e-16,-7.223771153328356e-07,-2.1103531459823506e-15,-2.2406691876443845e-16,1.764827798599313e-05,5.0888891704088734e-08,0.00018411522681398908,3.815808001562759e-14,1.7179403877488388e-05,3.2032977056658486e-08,-1.7803760087894718e-08,-2.165483904918231e-14,4.376148105754949e-13,5.178943239210419e-06,-3.2892627301209366e-05,0.00022070810971654237,8.017368312249633e-10,-0.00013520434443354542,-2.0570657731744524e-11,-2.1023323843327392e-10,9.07981534610598e-12,0.00018319137393062496,-7.169445878316909e-11,-7.217624756165892e-11,-1.1009574337670355e-09,-0.00024960419221076743,-5.407921189122846e-06,-2.6890355329895434e-11,-0.0002965906776263491,-7.071479258235467e-11,-8.545507900692929e-10,-4.1995827924241385e-05,0.037938608862532995,-0.05141166036028863,0.03089548063966732,1.709818089416051e-06,-0.0036200004880399144,-0.0014116537236974769,9.169362642745184e-06,1.1261877093025084e-06,-0.0016619284914750954,6.24216808556146e-06,-9.586608652991842e-06,-2.8360620011248942e-05,-4.881597502754732e-06,-7.23923071211733e-05,-0.00012155995168045027,0.0007702068221479406,-0.007443843436753175,1.6904079789286034e-06,-0.009585526563487571,-0.0003814176411291196,-0.062127064957196984,-0.015893076186729995,-0.04176349720595235,0.023016610563512566,-0.04824568502990968,0.03985706259175454,-0.33560245346609113,-0.4158218266774253,0.017569230817361888,0.02789662107119581,0.013795340436230845,0.13635216635987146,-0.015659233758059096,0.031450439263291594,0.06575275003570447,0.023523486342628536,0.34077893601284165,-0.06965680440421936,-0.3089904871526962,-0.04381252203181282,0.026430073001444628,-0.04850105376687056,0.14885557120796622,-1.197911431369102e-15,-0.012941944183548671,-0.619608806943427,-0.016063059955902733,0.1145871378562509,0.05289508773881449,0.1521892464249175,-0.07720768177086865
18,-2.6991583492310204e-08,6.715068195395611e-08,1.5877285065381986e-07,1.454875686997476e-18,-1.3234301746713109e-17,-3.286736297211959e-17,6.134994936749687e-17,3.0691805665070234e-17,2.1091178646937753e-05,1.4218356133700695e-07,-1.8905757615689533e-07,1.9495382059375466e-17,-7.64586978642093e-17,-8.709383312468564e-07,-7.471971998133707e-16,-2.454396042155307e-16,0.0001804423712541014,1.1257155323025812e-08,4.926750547116198e-05,9.591100357935058e-15,6.07154917687406e-06,-2.0224090299369512e-07,-1.1269312190304176e-08,1.5487408423898557e-13,1.6423018332309571e-13,-3.369022389522263e-05,-2.1048915857293236e-05,0.00022131309191364312,5.131150525046686e-10,1.4027599317409363e-05,-4.227318982159923e-11,4.618485649596089e-11,3.105442749452393e-11,-6.841449404122571e-05,-2.516779736898054e-10,5.337723407092218e-12,-3.1114884407664023e-10,-7.413452905712471e-05,-0.0009069180736799887,-4.826598410441501e-12,0.00018422791318407092,-1.1499063395946606e-10,-6.097661260859417e-10,-1.6365571235994033e-05,0.009270810774771125,-0.04844558666133039,-0.033158671713442396,6.360291081007519e-07,-0.0011888535535069607,-0.0004748796277877692,4.335530390569681e-06,6.057977691295491e-07,-0.007436619304862856,-6.05806984079766e-05,-5.1671660757333946e-05,-1.6639273474325343e-05,-1.1108113348232751e-05,-9.725893533399935e-05,-5.628817236763233e-06,-0.0012520238831647405,0.0032483246868317125,3.804167498086024e-06,-0.030192718256336553,-0.00018205042450465396,-0.0403447694067493,-0.06513660837937672,-0.15498342291322836,0.07674571772795466,-0.09998563365249699,0.09389274365820217,-0.5011055475621604,-0.14418458685993776,0.3061238478518652,-0.14618327166457573,0.02125808590675266,-0.04300336401286406,0.05602977486978714,-0.2135645614836089,0.43435342506171964,0.08494773334105137,-0.15464715920637961,0.02582966958459177,0.12912229714830153,0.12984902773263443,0.2528936653658834,-0.09599653478761733,-0.1090055650663969,2.6737005965168122e-14,-0.010635242313814313,0.28127606164277985,-0.14973782194929816,0.08224386614160001,0.1087232720192594,0.05178914209223764,0.20223583210985244
19,-0.0006136622422749266,-0.0008755849822799623,-0.00015216367508794236,-1.4450983203624704e-18,-3.772771300702833e-17,-6.873405017347087e-17,1.4727625103393384e-16,3.0082709294041577e-15,0.015204206882300862,1.8709393649142074e-09,4.4646365628073173e-10,5.7497218805892976e-15,-5.832846972471148e-17,5.201103315893985e-09,-5.882772343617159e-13,-4.648465511695818e-14,-0.004464445619712145,1.5999233510852192e-05,-0.01583648864780875,1.1547395196648948e-11,0.0011736443888863296,2.354612643194824e-06,-3.4811608716202785e-05,-1.548350395721104e-12,8.901447072652869e-11,-0.00010339336269002246,0.0022542735365008565,-3.175571660822652e-06,-5.6669501015905195e-08,-8.811961512819762e-06,2.4259707169754094e-08,-8.139463028145298e-08,1.2393037499629899e-09,1.4696563871666825e-06,-5.943897247165187e-09,-4.923733200793599e-09,-6.045947349422568e-08,-9.809419976211677e-06,0.2062664989314905,-1.4846561866361165e-09,1.908710853787861e-06,2.0383440625795608e-09,1.6146787898781179e-09,-8.212282902336501e-05,-0.002877096903781889,-0.019170341076734827,0.06553369322325721,2.9007118536123347e-06,-0.005613604907349094,-0.002175909269413671,0.0001412582874002669,1.191367413284731e-06,0.8721706965848375,0.0005715187531511287,-0.00011710330128987785,-0.00042518202135241286,3.0090913275363512e-05,-0.0005891480208936346,-0.001108180424047978,0.052030505772603534,0.0009286925110798972,-2.1975135568794284e-05,-0.00146732048786714,-0.0028175077285386377,-0.1475688464053252,0.003957354347350684,0.11542422165597264,-0.02200836261662861,-0.03782471466821307,0.018366108315557763,-0.01458050325426208,0.01923713631992907,0.02086360383900919,-0.02098051158503112,0.0016216408167216533,-0.07820684936324471,-0.18318414453208343,-0.04380299745396294,0.008709810640097099,0.09719360971414835,0.01078649546910115,-0.004734434368965458,0.02704319843157787,0.06901621243879424,-0.05333885303363221,0.14681351364416886,0.013344653949926325,9.880253680761777e-15,-0.0011027395604811857,-0.018978194910534246,0.012996931888469992,-0.1791563730534798,0.07431204333493634,0.16511395190907258,0.05719296046819188
20,0.0005613843517787147,-0.001029662392495168,0.00025232424857023157,2.8248401595377545e-18,4.638525033980525e-17,2.4973208336428687e-18,-9.318022272807298e-17,-2.869089695137594e-15,-0.01200563783792023,-2.4372938018211113e-09,2.591417679216923e-10,-5.231051326523623e-15,1.3313399671899e-16,6.751826845201795e-09,4.739518501907768e-13,3.632560668746042e-14,0.003305171588139052,-8.205367109477446e-06,-0.029150102096319158,-6.181842059581219e-12,-0.0018896911455168672,-1.0244802595371847e-05,-3.7124592480929766e-07,7.546181533727855e-12,-4.33266226451963e-11,-0.0010910638078001102,0.0024300268623373205,-7.472258889379542e-06,-5.9253025646504064e-08,4.6443278740029035e-06,2.4073909542753254e-09,8.864677667805664e-09,-6.005280848158044e-11,-8.63670054911089e-06,5.306435955969625e-10,3.43843041435663e-09,4.224808346691214e-08,1.7778254916489015e-05,0.007253753175982775,9.980952016211371e-10,1.9433559690938735e-05,1.5373557982134279e-09,1.9093334845748314e-08,0.0008061992062262291,0.04353683935717739,0.6248740452373633,-0.5865883378465298,-3.1731504702804816e-05,0.06592355540291765,0.025625557637463835,-0.00013971140367770554,-1.8870269143052057e-05,0.062300602142260235,-0.0002548982612214439,-3.868932589819456e-05,0.00023421155010377965,2.3013394446848212e-05,0.0002965452890150853,0.0006961943858035324,-0.0018326976704233049,0.0007652553085207073,-5.840032048891329e-06,-0.0003425209648210712,0.0012783773167239756,0.11038908366413995,-0.001834283525164042,-0.019615009004102707,0.01206743883616627,0.006847534527839915,0.0010893193514856946,0.08058358235637864,0.12395247723832352,0.21298357317635402,-0.11108256196473533,-0.0029128237595908045,-0.0275253978177173,0.01285498347495284,0.0656503581313153,-0.01924111284636303,0.15986389713262278,0.019147743859347675,-0.009312531788275208,-0.023611616965906898,-0.057476338614530435,0.01717094807256544,-0.06567705914107155,0.19534991290092588,-8.448407545630084e-15,0.00610766607092065,-0.045098031263259515,-0.13907698927685053,0.1319015089386523,0.0721292442937514,0.1807633999429429,-0.0795098240528276
21,0.00021047534987672024,-9.557326938072683e-05,-0.0011528945871483057,3.571264149593306e-17,-1.4176277634805838e-17,-3.005393018152595e-17,-1.2179624384394884e-16,-1.0728690586701152e-15,-0.004336071858373951,-1.190319147635442e-09,1.4007837818217124e-09,5.3064371777027684e-15,-2.5278827953165883e-16,8.350289980282598e-09,1.6940661185854776e-13,1.336106191779151e-14,-0.03096329103483155,-2.159210382885709e-06,0.00027724625614785025,-1.7835748354301233e-12,-0.00045602040483006646,2.8925775265482808e-05,5.376176424951939e-06,-2.237384645301531e-11,-2.0241797812915837e-11,0.003085882034767634,0.0008443093347634814,-7.8457222978679e-06,-2.0317398994577948e-08,-4.2299058776571314e-07,-4.0819017452431094e-10,4.71809592192263e-09,-1.8523177420697952e-09,1.1495210622741119e-06,1.3125509639209395e-08,-4.246160481751212e-10,1.1294245524015367e-08,6.789988060141446e-06,0.0032458613839988657,1.5471556015969203e-10,-8.430092448697224e-06,2.801271442530984e-09,1.0925047337756818e-08,0.0001589446814406752,0.00806966276987691,0.5940194614114128,0.6263683606985496,-5.54112794196209e-06,0.00816500965732278,0.0034022226192170503,-6.128227997911438e-05,-6.935074805478663e-06,-0.029851710759165706,0.0008439150114041208,0.0006603296212860005,0.00016951117681852026,8.842116485461687e-05,0.0006564116452203904,1.3728954169950685e-05,-0.001048466022579342,0.00031111433788659867,-1.5239967854061975e-05,-0.0004998991197652985,0.0006884282541030827,0.07590654906212381,0.0062372015946053575,0.12206865501623382,-0.0824369486742595,0.12942511214067232,-0.11681671023294406,-0.04596255633278328,0.009397694480572226,-0.0024006652530964936,0.00850910774835019,-0.002261285556433318,0.04435070495895938,0.031057163029438492,-0.10772167029187331,0.03680584884973985,-0.005232093966376315,0.020097911143041103,-0.006239509978544366,0.10148341107782417,-0.12018175184936755,-0.13758734964639624,-0.1252117360536175,-0.1418543191432612,3.040669705713457e-14,-0.008093687581163751,-0.06936957428582924,-0.006453397216647664,0.09677836394024615,0.14649238721119812,0.0729553321008116,0.2359775137673785
22,0.5146866936466648,0.46764597413434617,0.09405929250416184,1.8840603134854575e-16,4.9559812309428044e-17,3.2482875609026867e-17,-3.992079354238618e-15,-9.65281432264527e-14,-0.30913760717313216,3.4300373041713004e-10,1.5881380832622856e-09,-1.3057833052974943e-13,4.980756283247436e-15,4.584760062548061e-10,1.1647536316658344e-11,9.5291685405889e-13,0.06219616312972288,-0.00024062899099234165,0.20057450544197308,-1.754619146477106e-10,-0.01105501884282226,-2.501036670614431e-05,0.0003196982029690187,1.6619932795321767e-11,-8.241086508928001e-10,0.0006989753618830333,-0.013006844469153234,4.5302993936326704e-07,3.2637313573742733e-07,1.6955616700600423e-06,-1.22812807609724e-07,3.5966502811880114e-07,-4.818411226784743e-09,-7.537220038818631e-06,2.0242120291643498e-08,1.63118507412755e-08,1.6687689216721584e-07,-4.083737145014432e-06,-0.380988312128645,3.807459483493773e-09,6.764942757479417e-07,-3.208234929342075e-09,-1.9074803732297572e-09,6.267057980747511e-05,0.000883153594817231,0.011085963587896238,-0.011129561873159537,-2.0068916486937674e-06,0.003559463151035186,0.0013776527952496743,-7.59605978564544e-05,-7.354780713876615e-07,-0.12168821767579031,-0.00012621031997785614,1.701120931002747e-05,-4.5356098488775895e-05,7.841692960156572e-06,-0.00023907086724952295,-0.0005315233074572279,0.02853139365603369,-0.0036501479874356305,-1.2019385593313216e-05,0.0013035075810408402,-0.0017968091600176215,-0.12151057789624467,0.0028402538875629004,0.11754920645791675,-0.0246265549229389,-0.03002933205094833,0.012298194912047753,0.023888173614731563,-0.03297317837426406,0.037991354658046525,-0.02729002238003448,0.000259779606175135,-0.07564968449951565,-0.1989642285865319,-0.00812971500617198,0.0349571040146629,0.0881651595985767,0.0075723630758100765,-0.00419628116378626,0.03492772921081399,0.07152402238327811,-0.08072343317034038,0.1598875353642631,0.013997939293339801,1.0337832030666629e-14,-0.0002730859985997519,-0.013623081833418843,0.00715192786708148,-0.19177157083142182,0.0816918329478797,0.17835704758235071,0.06240528611331727
23,-0.44620008839469777,0.5211648377708051,-0.14785158035466422,-8.821176161213333e-17,-1.2753208160012725e-16,3.5263302496417945e-17,3.0773494447738197e-15,7.902648356108692e-14,0.23125437555725611,6.591682161640129e-10,2.7245687335504604e-09,1.1724207956314695e-13,-5.356779146746657e-15,7.591815937297346e-10,-8.88554292883442e-12,-7.070176877178812e-13,-0.044404830850554126,0.00011690073528406574,0.34988148225903476,8.897224454569981e-11,0.016867101997380982,0.00010501232670326091,3.4358448107028577e-06,-7.834349591602686e-11,3.7965466892910427e-10,0.006699117673913343,-0.013290200185689494,5.371092010189077e-07,3.234746784631286e-07,-3.714946047571706e-07,-1.1642556427194717e-08,-3.6814840928794005e-08,1.8348868660166983e-10,7.980347187086147e-07,-1.4481524023268503e-09,-1.0812355048348335e-08,-1.1030876545328021e-07,-2.7264395928088613e-06,-0.013336056427063528,-2.4235602316697264e-09,-3.000167722396171e-06,-2.2720875046765547e-09,-2.1838342535515084e-08,-0.0005933238560476539,-0.014671706143911329,-0.19492892552196917,0.18722384780215656,2.135104204370266e-05,-0.04130469427315232,-0.016002269427248486,6.998377043684527e-05,1.083024982761521e-05,-0.012077211698760783,7.376846589853335e-05,1.6824682694365422e-05,2.8198998452791694e-05,6.6335303400590836e-06,0.00013341798048966164,0.00031566966941306424,-0.0011665803734950257,0.0012129860658595816,-3.238486343611343e-06,0.0010571038927838627,0.0007997742588263942,0.08967166951306589,0.001165654899299366,-0.008608170810651905,0.005320498171254699,0.01363129962397436,-0.006110032696344052,0.1044858346707771,0.14939643510988218,0.1875976250698888,-0.10138869012074829,-0.004033623395518344,-0.03552309758945968,0.014362100266375138,0.06546540717529065,-0.03325217647196539,0.16301910806078662,-0.0049337182432565106,-0.004664746294987887,0.0021585538898592333,-0.05845908319559204,0.009104429890688092,-0.06857515620899032,0.20140212800556134,-7.418858945762818e-15,0.0064574208847802865,0.0019841678661542384,-0.14144551086992607,0.13404497229158033,0.07540171699115909,0.1847066748868695,-0.07959768195695968
24,-0.16831474559215806,0.0486449804972237,0.6796067063252117,-1.276950628269638e-17,-8.315837080571639e-17,4.856926534265608e-17,1.3706785759877857e-15,2.9059340881929204e-14,0.08401492015767237,-1.0449207125204311e-10,1.20806632495373e-10,-1.1752099340305943e-13,5.82768900926378e-15,3.4506735449675943e-10,-3.19254270736196e-12,-2.576277103928442e-13,0.41358664546051965,3.0983436020734605e-05,-0.004014029657455956,2.584749660826472e-11,0.004076158339964766,-0.0002970604150067523,-4.743502359537496e-05,2.3268421618281772e-10,1.7885588605224817e-10,-0.018928249646324495,-0.004583607489132185,5.576392377795735e-07,1.1005520496309023e-07,3.246903359349004e-08,2.251912850768441e-09,-2.0536671121237184e-08,6.859438276835674e-09,-1.9624719975423983e-07,-4.244691956165602e-08,1.3582615802086505e-09,-2.9609919192591965e-08,-1.0189320378880249e-06,-0.0035180594631197375,-3.7573678118681074e-10,1.2881748450454244e-06,-4.1997891297307706e-09,-1.2313646522512738e-08,-0.00010376792531890433,-0.002838136017129331,-0.18572378752787805,-0.19932644960640158,3.19188152390432e-06,-0.003955693015266327,-0.0016755708638241742,3.040916994704866e-05,3.70388840806791e-06,0.014979417544847847,-0.00019552978413927842,-5.4603427989290925e-05,1.6889622451697045e-05,1.9548485712179322e-05,0.0002580275486909105,8.290354503506498e-06,0.00012852995023974087,-0.0003495486806269702,-8.183296702410961e-06,0.002587230441583287,0.0004129491377887063,0.06094308783820565,0.010501175469959892,0.11642910493339981,-0.07455713135134362,0.11382815482979718,-0.10333696386688322,0.012679373549531919,0.024879219510715776,-0.022092554235047947,0.016601961050595845,-0.0041189107924486665,0.04198288562794467,0.024125881987261295,-0.08922885762345086,0.003386217779689083,-0.011101944867503181,0.028181374497072652,-0.007659926225047088,0.09399470679344024,-0.13145412270410414,-0.1628528711416189,-0.13003014374607844,-0.14665089842303342,3.2301386648885863e-14,-0.00584227357071981,-0.07985363187662807,0.002816929090003054,0.09893005591985735,0.15326535789036458,0.07647979892328101,0.24165017723096233
25,-0.5226074718617518,-0.47454047357292994,-0.09546877276914548,1.3157427122410183e-16,1.128628063072418e-16,2.5744548341273118e-17,-3.6644516859276266e-15,-8.896945422937255e-14,-0.2933271273511455,3.2018746433431403e-10,1.5016126306458238e-09,-1.2268599355938676e-13,4.513534645589646e-15,4.139854021423554e-10,1.106974944240971e-11,9.036401409315055e-13,0.05892351901487482,-0.00023078963494552255,0.18990428630246553,-1.6825941741204468e-10,-0.010846145948168375,-2.436578370893234e-05,0.0003107483551676391,1.6179874111769308e-11,-8.032917023095672e-10,0.0006783907766597395,-0.012723122582786071,4.630166438945101e-07,3.1930952019972976e-07,1.7043769594027518e-06,-1.2088098511428992e-07,3.5496246060550677e-07,-4.7671276559575234e-09,-7.4905695240544014e-06,2.0064952996557833e-08,1.617253596161554e-08,1.6573746598949146e-07,-4.0426191083188625e-06,-0.3791934101958651,3.7833697498185086e-09,6.582039805359047e-07,-3.194421375542152e-09,-1.89696600879564e-09,6.251186625292853e-05,0.0008631194301340231,0.01066268514015869,-0.011058378512196904,-1.9992888276619976e-06,0.0035418601151205784,0.001370744384523331,-7.613579476897676e-05,-7.286843987575491e-07,-0.12422134495643261,-0.00012773809301386797,1.7254570114900643e-05,-4.424401509191804e-05,7.718745827496824e-06,-0.00023769784625189065,-0.0005289439518279578,0.02840035742904865,-0.0036582028357869264,-1.1957707290084264e-05,0.0013103077180336643,-0.0017910676266946965,-0.12131073232338663,0.002835204391643736,0.11742589083319922,-0.024606444721193572,-0.029978796623639198,0.01227054483406197,0.02398943561810908,-0.03310628404991116,0.03796596445514619,-0.027265772155236737,0.00025522133210065224,-0.07558948742075247,-0.19889829344665294,-0.008017469484610906,0.03500755571236003,0.0880938944563366,0.00754481075712241,-0.004190013695702667,0.034942544969112074,0.0714985545689236,-0.08077105019244483,0.15988935458197973,0.013997614180172938,1.020906907968843e-14,-0.0002704868883998918,-0.013565269428330012,0.00713872593469996,-0.19176152143661976,0.08169743592726568,0.17835185198515421,0.06240627970843841
26,0.4530093042528944,-0.5287413582839626,0.1500411327195524,-1.1196867189019104e-16,-9.331640751386296e-17,1.3636561523111247e-17,2.7960703264522078e-15,7.31645753589901e-14,0.22049540072723842,6.35423908076921e-10,2.599359358712237e-09,1.1025157582811491e-13,-5.067155930341366e-15,7.028575040901031e-10,-8.480005134719886e-12,-6.738910829032128e-13,-0.04237962464862453,0.00011370002136535127,0.3339975808041298,8.64374952340397e-11,0.016431614788321624,0.00010123606479053488,1.3460605069091035e-06,-7.546290175003641e-11,3.736345659711351e-10,0.006546932843910276,-0.013000927862540802,5.569794139413439e-07,3.16409382012694e-07,-3.81320587165619e-07,-1.1047120647383696e-08,-3.7358992911100105e-08,1.961371435609685e-10,8.313599907460869e-07,-1.4918296065779628e-09,-1.0738974880863252e-08,-1.0972615755702279e-07,-2.7603440157084407e-06,-0.012891895678657487,-2.4121128051231716e-09,-3.054491809804805e-06,-2.262733660803915e-09,-2.1808382399075962e-08,-0.000594291850612562,-0.014797117280773008,-0.19667129241233197,0.18895302689594687,2.1399334360172348e-05,-0.041419723644839604,-0.01604720763163302,7.02460105959642e-05,1.0867224396268915e-05,-0.012818164881035732,7.428967411227987e-05,1.7087072182804812e-05,2.770675974551487e-05,6.547488200704053e-06,0.00013295755408529306,0.0003143015288299043,-0.0011905303015695716,0.0012109491479638118,-3.212020814099288e-06,0.0010609876589210078,0.0007981529322666737,0.08954403822318822,0.001172853793527073,-0.008584701228335954,0.005293109691979152,0.013657997360526138,-0.006139967117750243,0.10449007442199092,0.14933718584792105,0.18738904228715458,-0.10128700379055161,-0.004034706300003366,-0.03551354795535204,0.014376488860109973,0.06546515191451241,-0.03327198960889398,0.1629721935111197,-0.005017256125890687,-0.004647402071669507,0.002247083897047335,-0.05844604099777739,0.009065488838054851,-0.06857861697288352,0.20140662492976785,-7.64654325807381e-15,0.006453474436157642,0.0021469730779149735,-0.14142343954067255,0.13403947707776892,0.07540768778290312,0.18470024730899115,-0.07958910375803599
27,0.17088587605222164,-0.049353266527179224,-0.6896850298366911,4.7695223209790234e-17,-8.654064714150509e-17,4.629490209795718e-18,1.1629419440419205e-15,2.6841079705271746e-14,0.08010170839650167,-9.65776079091527e-11,1.1114690208863987e-10,-1.0785323024338286e-13,5.315560154638502e-15,3.0394998149125396e-10,-3.0476795076120035e-12,-2.4543545708596e-13,0.39467950607755603,3.0301456968774832e-05,-0.003834870748867157,2.5191445806427458e-11,0.003987451456388097,-0.00028658836063050723,-4.6547672989443064e-05,2.2438702243019545e-10,1.7523795516384455e-10,-0.018535788942476376,-0.0044940485438448065,5.777257191349092e-07,1.0789730957564272e-07,3.4636727575131775e-08,2.3188038914152043e-09,-2.0545724631632114e-08,6.780449459686852e-09,-1.9727677418431228e-07,-4.202222050320297e-08,1.3318307699689556e-09,-2.947683090062779e-08,-1.03191408048807e-06,-0.0034057611009250246,-3.7515932812516054e-10,1.3117097793686998e-06,-4.18541213958792e-09,-1.2297364631403794e-08,-0.00010395945252514074,-0.002856914232697972,-0.18736799727989814,-0.2012068905561757,3.1999637663377115e-06,-0.003968678502758492,-0.0016810320435867421,3.052379302342323e-05,3.7168936872328307e-06,0.014928622354634347,-0.00019824092763388515,-5.677148878267135e-05,1.6417275954198747e-05,1.9252346994371318e-05,0.0002561561091617674,8.490672694427748e-06,0.00012445204119651055,-0.00035165839430703405,-8.13909264056027e-06,0.0025930737969420657,0.0004117292112887946,0.060833169977929376,0.010502364054846537,0.11627967612249097,-0.07444892597009094,0.113654744310835,-0.1031809109069039,0.012871297994346652,0.02490499880713924,-0.022134916218556684,0.016614381151158625,-0.004121678720759067,0.041952032859059366,0.024095016879396455,-0.08912930200400074,0.0032774971649216526,-0.011121012685139424,0.028204303418696147,-0.007663411147027776,0.0939160082979118,-0.1314387247715172,-0.16287147973868563,-0.13003282527845478,-0.14665287845983704,3.188942301518031e-14,-0.005829446499985989,-0.07984848946820325,0.0028453124187911858,0.09892479086589397,0.15327360757247566,0.07648229662291059,0.24163826808239122
28,0.008519087127016831,0.007746046293248121,0.0015575486662659807,-3.129572726485633e-16,-1.3615044686802313e-17,8.927777728396223e-17,1.530453500163599e-14,3.654031671895339e-13,0.6829813956185954,-9.845581093886416e-10,-3.8563854660708375e-09,3.62230584327749e-13,-1.439593892978635e-14,-1.6533704422175293e-09,-2.4668529699372915e-11,-2.139621495995936e-12,-0.1457008217859737,0.000385086867949852,-0.4802969073242247,2.823708490110497e-10,0.002650388272031266,1.6902591622526873e-05,-0.00026600792198491676,-1.196437192376729e-11,5.38733440916715e-10,-0.0006882022017358001,0.006345686542758492,5.201975186201343e-07,-1.5552885732821523e-07,1.378506225278536e-06,1.0955293787397007e-08,2.8021665810464477e-08,-1.12790433961386e-09,-4.011388937228712e-06,7.17722245655819e-09,5.9930359125143114e-09,7.86783829611544e-08,-1.584405240328508e-06,-0.21539478651563937,1.9010539031816855e-09,7.384556832324007e-08,-1.7517210173238017e-09,6.417617395169001e-11,7.069879199362312e-05,0.0005792941246907747,0.003603463607924791,-0.011375226233627564,-2.258254952554201e-06,0.0039625954108963935,0.0015322655408170679,-7.207214301547342e-05,-8.239210890161951e-07,-0.18720466872958905,-0.00015877257015411354,2.2720675216032093e-05,-6.031901690916953e-06,2.9932790023200637e-06,-0.00018121943405327532,-0.00041845009058869513,0.022653335240919278,-0.0037570963183373406,-9.248119010894708e-06,0.0014335812114014258,-0.0015306910042013392,-0.1115941192785488,0.00255928000987283,0.11016331783869564,-0.023184573766232303,-0.027809885339734025,0.011267163839192866,0.026013922287971395,-0.03724420613548834,0.03575979614743868,-0.025640369952226197,0.00013444464970185574,-0.07241696846529151,-0.19461695117868655,-0.004545139327215856,0.03637849512996507,0.0851278958096667,0.006658102889271152,-0.00397348554426761,0.034855814444756765,0.07019625845827786,-0.0813863333661098,0.15986644253036691,0.013964602919674853,1.0252295470965757e-14,-0.0002074819265378229,-0.011529765689727767,0.006858028406787641,-0.19120174884465868,0.08182979550197834,0.17793373723892192,0.0623592196807383
29,-2.3389874303874594e-05,-3.3425051844892446e-05,-5.804538224532201e-06,6.21399905317407e-17,2.7598138612759893e-17,-2.2357409386908304e-17,-1.2728589427217302e-15,-2.7846305464707883e-14,-0.08216343603929038,1.9322873357929446e-10,7.775584381739371e-10,-3.8226421695980566e-14,1.5144178746881827e-15,3.728539539425293e-10,3.0524995779371123e-12,2.548374166580505e-13,0.026203803560232605,-6.406221096463964e-05,0.09653149471394147,-4.645225750410539e-11,-0.0007429786017504672,-4.073145212253826e-06,7.680476541361956e-05,2.8425454131914043e-12,-1.540909283937978e-10,0.0003041328985974255,-0.0032055101720477436,-6.046757605044359e-07,7.87498085470895e-08,-2.0503902050160727e-06,-6.5535934114624806e-09,-2.0132486351419157e-08,9.769535026510805e-10,1.6128223071869924e-05,-7.62299270981462e-09,-6.567995972961893e-09,-1.1728063557397174e-07,1.2242875871868759e-05,0.7871616626591191,-3.243397023623657e-09,-1.8629708509437219e-06,1.094314562787471e-08,3.2197313294530837e-08,0.00036804551473910784,0.0014002339678974543,0.009482792310834254,-0.02880760950785544,-1.0206208604724113e-05,0.01630839844023261,0.006283390406222562,-0.00024312752456239723,-3.1089659586299784e-06,-0.3986353603493724,-0.0003728733359308882,4.5801110767929304e-05,-1.0429742785335441e-05,4.7480388504715765e-06,-0.00025150691626715983,-0.0005530717387724082,-0.005511570503422154,-0.004548074679104814,-9.94006148612381e-06,0.001837060585293283,-0.0019582396546412597,-0.1283860286899825,0.0028872342847487188,0.12140332137576926,-0.025640533603617854,-0.030864120901273218,0.012492855323826777,0.02795794297438427,-0.039466303348116134,0.037342658620295316,-0.026735671586382254,0.0001448859938432849,-0.0746491801417124,-0.19449249621345097,-0.004279654439931958,0.03330292036077873,0.07043958734569894,0.007063801614278948,-0.004197439500326174,0.03530827508074202,0.06919172423090769,-0.08001935653822564,0.1583865386900041,0.013821716309747963,1.041147762878286e-14,-0.0002214778521262014,-0.011708513159923892,-0.008158497953978746,-0.1914121701996389,0.0809341693526754,0.1772881597883178,0.06224076520619961
30,-0.007363782803184581,0.008591237088361722,-0.002438419938873945,1.3881185739109774e-16,1.3189877235284577e-16,1.0011413482698329e-16,-1.1913391510545967e-14,-2.878483538030356e-13,-0.44936033037853584,-1.0839450444977888e-09,-5.246516491167832e-09,-3.17769534020247e-13,1.469938663298182e-14,-2.0121618492053346e-09,1.6800013586682545e-11,1.3865297775691834e-12,0.08532947830706819,-9.075570011131198e-05,-0.6691075529130346,-7.517762949912973e-11,-0.011840580098558798,-0.00014058747984446433,-0.00013146297131650788,1.0880150303176654e-10,-2.3410717891668062e-11,-0.003650843804146505,0.006587112163826127,8.993592077162287e-07,-1.6208294221413772e-07,-6.726039342607977e-07,2.9517831380763223e-08,-7.406230243359302e-08,1.0871280501781327e-09,2.0675689656246426e-06,-4.639604697048768e-09,-5.14200310227719e-09,-6.250878829496225e-08,-2.866090070332668e-06,0.02785455347762906,-1.4553311524347262e-09,-4.010703631169083e-06,-1.213974869496095e-09,-1.573174995262789e-08,-0.0005127187677409163,-0.01661074080214026,-0.22235258328804977,0.21414291087323925,1.900354266363685e-05,-0.03762469434376789,-0.014592384096090868,6.928364462331445e-05,1.0143533936368393e-05,-0.03075255894198376,8.279361401127846e-05,2.2431319986204897e-05,1.0529685813425291e-05,3.173455926626886e-06,0.00011293214961839623,0.00025747189769804427,-0.0022242817518826267,0.0011256689772770787,-2.0455486127187764e-06,0.0011132750571302885,0.0007250493458512125,0.08321704133855581,0.0013478928294926268,-0.008202297348805246,0.004362243462911495,0.01436681176953714,-0.0070596569594662375,0.10190830189477838,0.14435433132306533,0.17711705617327717,-0.0960773938608098,-0.003970448974958159,-0.034324410523860024,0.015151306876930504,0.06493104004901955,-0.03369533613630925,0.16033592346149872,-0.007588225884582345,-0.004087833821355903,0.004902209833895778,-0.057624329768345334,0.007880245729581221,-0.0686666244263689,0.20144272811275188,-7.28700379624303e-15,0.006175686923145619,0.007165206807388473,-0.13992011184511083,0.13371625023644831,0.07555718128288828,0.184234357641808,-0.07921931096260987
31,-0.00277779423464066,0.0008018470637961265,0.011208391178475056,3.6440933577242505e-17,2.390910336275859e-17,1.3346130754147008e-17,-4.73447763547625e-15,-1.0495069396812648e-13,-0.16328557105608296,2.889137939326461e-10,-3.3699554140947493e-10,4.733239791600173e-13,-2.333421302889104e-14,-1.3510334811763801e-09,5.9793326951253876e-12,5.075542617850102e-13,-0.7944972219658387,-1.3576810530376135e-05,0.007728182668881748,-1.6747191712156868e-11,-0.0017837813158586185,0.00038386100129384317,1.1595799000222765e-05,-3.063496715992534e-10,-6.098582500260218e-11,0.007769745318913084,0.0015724574619558928,9.462294533795593e-07,-3.8292047372948244e-08,4.7205917092787135e-08,6.800554069948951e-09,-2.0785681639275243e-08,1.0611712547155564e-09,-4.3300549155298756e-08,-1.0325740819181957e-08,-6.297846329952809e-10,-1.872849028843989e-08,-1.1236358700040518e-06,0.007154816098605025,-3.2318366607361954e-10,1.6840862359766333e-06,-2.563505778795271e-09,-9.016404997187382e-09,-9.412575905352678e-05,-0.0031046339532337427,-0.21106378199913914,-0.22876743515036413,3.001366729297338e-06,-0.003927472058185498,-0.001652442477810685,2.9972649106204547e-05,3.5303139133335432e-06,0.01222829930062975,-0.0002530652103931194,-0.00011694169998038991,3.798508890574254e-07,8.228091777934471e-06,0.00017997053582520002,1.6840255705510034e-05,-0.00011024338460688533,-0.00038944339112395484,-6.208346988820126e-06,0.002629504996839707,0.00035808374402757635,0.05547666024338148,0.010174815959039168,0.1079759986310703,-0.06877465156338029,0.10479589249007092,-0.09516782021210948,0.018551066519135295,0.02529669691764399,-0.022937290779308055,0.016644698895576595,-0.004105854692902849,0.04032643521497746,0.02298137052516482,-0.08531633172141945,-0.00013861122105011549,-0.011635931317868187,0.028792000266905673,-0.007739014669508384,0.09011739882062808,-0.12962825494778504,-0.16171223375195717,-0.13004305853005402,-0.14663854434834783,3.1824987146526144e-14,-0.005288232382287672,-0.07851212601281508,0.0036792197419844128,0.09862041045931354,0.15346555746070104,0.0764614520790789,0.24092307417375108
32,-4.160222744802765e-06,-3.7888513546192605e-06,-7.612331887585981e-07,1.3040771051335226e-15,-4.64260775776235e-16,-1.696660504765747e-15,-5.394570483925312e-13,-1.2090952446934815e-11,-0.018143630094319196,2.7501664619149076e-11,7.645977866527296e-11,-4.9111591924324414e-12,2.486213855608543e-13,2.419355639669681e-11,-5.81028350284538e-11,2.0470515888386496e-12,0.003536278256007777,0.005600346379944255,0.009505077951634607,4.056432833707963e-09,0.4715084701455757,0.0012053185326229324,-0.012306813319492882,-8.154791233829979e-10,3.2587012703708596e-08,-0.02863620241770696,0.5338121903329522,2.5665805142565095e-08,-1.3334582574609028e-05,-2.0761792890456714e-08,4.136434448964956e-06,-1.0585066295359532e-05,1.1674278805198449e-07,1.6797970954294794e-07,-3.906530082279102e-07,-3.0722227513430794e-07,-2.1752424683708393e-06,-8.313578126461328e-09,0.006970025671370102,-4.16547025321475e-08,-9.590596710171958e-08,-2.59908475918812e-08,-1.3519841712392298e-07,-0.001498442793231853,-0.0004238525435645369,-0.005479247173249335,0.0027420561256605303,3.394659304082516e-05,-0.04506387423070109,-0.017215993397361518,0.001569139674957579,3.638357816534597e-06,0.023919826967268475,0.001018725724101566,-4.180833006419541e-05,0.0012960666063164864,-0.0001773119420151979,0.002523694579726362,0.004966981484898492,-0.010296025084902908,0.003744122435049466,0.00010502449743609305,-0.00048823828925803045,0.012384145629053109,0.43419551403259754,-0.012517155965233069,-0.3150694997415212,0.06592738076307923,0.0833880220531901,-0.034577473618606185,0.0407902533190144,-0.1545239888943055,-0.09214887895057597,0.06278879837443722,-0.0031573365988673886,0.08916774912227618,0.017532748752334806,0.1068308289247668,0.09676563642468107,0.0675790047930519,-0.026318114843159424,0.005438047904665657,0.010674565441288671,0.017894199344249608,-0.08272824873533659,0.16701830570387036,0.013178757421594085,9.732058420768368e-15,0.0013646001933591938,0.06335746258353223,0.1084620737628222,-0.16311538593793107,0.09117707996080357,0.1603143896119791,0.05904831298883758
33,3.605235705820661e-06,-4.20123882662181e-06,1.1942624494194333e-06,-1.092958646378965e-15,6.740034399347876e-16,-1.9115726076148455e-15,4.879739086146566e-13,1.0949104632166784e-11,0.014792731548672352,3.2790309530363576e-11,2.014465229770416e-10,6.656201017972918e-12,-3.377082052284184e-13,1.0796269380280366e-10,1.60178804865183e-11,-4.415399407754381e-13,-0.0029435931206468085,-0.0055215330421487544,0.025491940268304387,-3.990205319349897e-09,-0.5495341832543383,-0.0022505108270163103,0.0012553101015269593,1.5763828576749384e-09,-1.5053555249557377e-08,-0.2409064683411629,0.48908777455560387,1.754634094146382e-08,-1.1927623914982435e-05,2.444073602931106e-08,7.514599098992797e-07,2.4059009084028868e-08,1.3686039529423816e-08,-1.4593777789422576e-07,-4.350556004890949e-08,2.5546442782397417e-07,2.380380684750323e-06,9.071550784221243e-08,-0.005273322919974653,5.081253848185731e-08,2.3218853442631374e-07,2.725703190130629e-08,2.5514429570085635e-07,0.004865722869642029,-0.0005375605767096707,-0.013540739172061327,0.008991203666223026,-0.00016093023369114518,0.2876681721013762,0.11095178953861068,9.681973957838766e-07,-6.748672503174555e-05,6.804518774330204e-05,0.0004209844852119609,3.685105020519747e-05,-0.0005808008607626063,-0.0001215642850251464,-0.000613447881173602,-0.0018029615301393366,0.001878410655385141,-0.0010386076645627273,4.532960382789266e-05,-0.00016498448100821865,-0.001746817586864199,-0.17229669165169667,0.004872506670279242,-0.023484190096808577,-0.024341121647727195,0.0369315522178623,-0.03747408406893649,-0.07346533560921856,-0.11560461201533315,-0.28196139480856836,0.14135314265335433,0.0013192911827383633,0.03655202710854337,0.05062650275793766,0.029712642030051237,-0.03665879101065474,0.05792682945829352,-0.09191157646223581,0.015326018708247204,0.08736108644448254,-0.015387355278308723,-0.03193164821222339,-0.06860992192707188,0.1997343359965852,-6.459979008820621e-15,-0.007842664316521787,0.16926410574147946,-0.04080672875687296,0.11839788268525452,0.08061452611697616,0.16120846808918804,-0.06371838250667636
34,1.3576958636487246e-06,-3.9017379186152154e-07,-5.474451971245643e-06,-4.487173102352827e-16,-2.0904355282793253e-15,-1.900636128873624e-16,1.74658226623048e-13,3.912760748070129e-12,0.004944256866809441,-1.102297733148131e-11,1.625095379859229e-11,-2.0223010255048296e-11,1.0300576657222688e-12,6.366276826713546e-11,1.0368425006269662e-11,-3.544696142984656e-13,0.0239029531678562,-0.0018203346105273006,0.00024030104050066166,-1.3178019213148665e-09,-0.14685979944288907,0.007246089735473823,0.001738034962426927,-5.507888389525896e-09,-6.498151487498423e-09,0.6783693113678251,0.1665290573728964,1.1124145093522293e-08,-4.006675408657409e-06,9.395545700598608e-09,3.002921282025222e-08,3.000144396042645e-07,-2.0411663968741514e-07,-2.8683848597770396e-08,1.1857429642468647e-06,-5.806722229627633e-08,5.756953801377289e-07,3.6545389097331665e-08,-0.0014071810392333277,5.611203785813219e-09,-4.221579980117084e-08,6.933730617633944e-08,1.5239210922002234e-07,0.0005791109504344254,0.00039132355175082413,0.0201607344383984,0.02071162080765468,-1.4261411752493266e-05,0.00737695795815327,0.003932654581778206,-5.1735264865727893e-05,-2.012586485374365e-05,-0.003393875463771024,-0.0007457347362686384,-0.0016294860788576494,-0.0005250176113881594,-0.00038144059077400516,-0.0027173825725437324,0.0003796661784175336,0.0011915708613353575,-0.00033969843573625474,7.178305835906357e-05,-0.0011756937364970426,-0.001688355238520379,-0.1725078725424947,-0.012347950006534788,-0.28236314928149503,0.18964590986129876,-0.2913585701021113,0.2645922279359001,0.191022306587332,0.025346630841090095,-0.03297301492772613,0.006534135916619638,-0.0002478876737419506,-0.033434543383916465,-0.018542002468388726,0.06291949529402666,-0.1120693805068888,-0.020091513665071555,0.043870057514395946,-0.00906106663045702,-0.07804587120753638,-0.02633928732771742,-0.06744899070505878,-0.1274244087501104,-0.14390220493387137,2.779137924578856e-14,0.016829392181169144,0.0036502122023897307,0.03574317537572913,0.08401782717025186,0.15811474285793073,0.07271441706382538,0.2063185011014344
35,2.2752546713186863e-09,5.1031964475262965e-09,7.657599918360786e-10,8.463834677581619e-18,1.7520474991776513e-18,-6.819296955660312e-18,1.628569087447941e-17,8.946309534915239e-17,0.0003179318223496921,-1.1514127136206017e-12,-4.741309622312484e-12,2.9389725699350303e-16,-2.5568634765510995e-17,-2.4990195559993008e-12,-1.190862337346421e-14,-1.0840740064291822e-15,-0.00014483890074801768,3.308728306779206e-07,-0.0005870120773788851,2.376801196864987e-13,5.954816942175773e-06,2.8850294866413645e-08,-6.303535685271959e-07,-1.987125302127538e-14,1.2550534840498896e-12,-3.45593754562006e-06,4.006092759558299e-05,1.2490633527520375e-08,-9.857910797867702e-10,4.758343594144059e-08,9.188010218877244e-11,3.1739451908485654e-10,-1.7221901467867783e-11,-5.190847957525888e-07,1.5033266979431721e-10,1.316610538181253e-10,2.7243444855359404e-09,-4.4243437080391314e-07,-0.02476960463542659,7.979001696052943e-11,7.419982733520586e-08,-3.833522913971363e-10,-1.346266488585351e-09,-1.9950904642267594e-05,-0.00011703738335875175,-0.0007315349278929201,0.002300360869472758,5.798030042540311e-07,-0.0009608561553316982,-0.0003707628723887697,1.577097734222952e-05,1.90358806673516e-07,0.03873290586117688,3.213319713557767e-05,-4.825259080150266e-06,1.4994316418408188e-06,-8.962577861228724e-07,0.00010664364434539842,0.0004099727918915716,-0.7558340873512556,-0.0008866088993982862,4.88786509601059e-05,0.0008752146116079907,-0.0009084153850669174,-0.009559949051810191,0.00010942418323076704,-0.0007132493994764702,-2.423885867548895e-05,-0.00023524105350128965,7.30681112909408e-05,-0.0016748385853682217,0.0038674000323049122,-0.005537982569781341,0.004124017205697914,-7.731612685012954e-06,0.015500136375883822,0.08948889542137672,0.007108533456870367,-0.08124465907390588,-0.39564414951979177,0.01519935664108905,-0.008595114183934324,-0.011454288343585164,-0.045182628782585874,0.0556020668522679,0.11440852953481026,0.00979276216927594,9.663422158853341e-15,1.7108814265906322e-05,0.0035634100786651737,-0.425587823259833,-0.16946943200443473,0.05653747864978805,0.1431391822059715,0.051984817930154636
36,-7.755268560464131e-13,-2.7299305172939807e-12,-3.539699282022679e-13,3.98092364180319e-18,-2.0578296847165166e-18,-4.832945154881335e-18,4.7767153408625126e-17,4.180444958760141e-17,-4.2928026526832385e-06,2.3882328948301292e-14,1.0061845329213815e-13,4.416840846146352e-18,4.55390583184874e-17,5.825021121945579e-14,1.2218865170492264e-16,5.2538598961169404e-17,2.7881485851597424e-06,-5.954104680085017e-09,1.2423608699710385e-05,-4.124487426597964e-15,-1.6571322993823244e-07,-7.103398654502046e-10,1.7958615159667493e-08,3.523058563074766e-16,-3.5410021202615516e-14,1.3577002182512854e-07,-1.7283277086394954e-06,-8.804000475490649e-10,4.259797589244237e-11,-3.753298899306225e-09,-4.4372800153370205e-12,-1.7196257841759523e-11,1.040768018307694e-12,5.5955768950455955e-08,-1.0130749631270508e-11,-9.014293886735904e-12,-2.1509039188063476e-10,5.318227422307847e-08,0.002613738127713037,-6.656960185609346e-12,-9.76454373394029e-09,4.4756432113333926e-11,1.8530940166682877e-10,3.475145663646671e-06,2.9490293768967472e-05,0.00017262478884383977,-0.0005584729030858086,-1.052774098222804e-07,0.00018015506461814632,6.960797109035852e-05,-3.2148620530108134e-06,-3.6912016416980375e-08,-0.010993120254886723,-8.298385627299401e-06,1.4564115767795712e-06,-5.630445886208704e-07,3.9703286687596793e-07,-6.6632408434497e-05,-0.0002925712147912125,0.6507225115728323,0.0015399337733069014,-4.0851752179331745e-05,-0.0010144221461999964,0.0010613557295265743,0.03626271491757556,-0.0008056381217015666,-0.034873912727610444,0.0073094817369975095,0.008742459147914917,-0.0035443295967596588,-0.008803596655749821,0.013537458207180317,-0.014454100974134024,0.010497625538203752,-4.501263022723523e-05,0.03322454368350753,0.13984973275368479,0.00899225390273529,-0.10006098413389175,-0.47170283634873106,0.01654660559684847,-0.009325616041010249,-0.020077264283608898,-0.06488374117790703,0.07886484409372717,0.10924652675594052,0.009314974029665572,9.391893625475166e-15,7.24208168659046e-05,0.006402850435933242,-0.49350539994864134,-0.16781444001291354,0.05362527477394571,0.13955252252884495,0.050981571969010916
37,-5.579059341893354e-09,1.0210370192931134e-08,-2.5073676633842136e-09,1.0435003419777994e-17,-5.42448370021585e-17,1.1529563948124223e-17,-1.9445130332688434e-14,-4.495554907137531e-13,-0.0009504729859330789,-3.324554091495252e-12,-2.0934625863946997e-11,-3.760254101031309e-13,1.8423107688536038e-14,-1.2420936229474457e-11,-1.0569664156665783e-12,2.813888493054924e-14,0.0002754373005375263,0.0004807258131260772,-0.0026414094783315466,3.438187110838518e-10,0.07679777787326127,0.0002748641464412337,-0.00018005911586394083,-1.900858283738806e-10,2.1414164788184927e-09,0.04972801488804958,-0.11262257468435832,-7.4353298367270435e-09,2.751795370062796e-06,-1.2057959900349497e-08,-1.9790324266380048e-07,-7.287384551728215e-09,-4.750436872930431e-09,1.1428877390273982e-07,1.7376244199730552e-08,-1.0417503794588485e-07,-1.175871086159608e-06,-8.511721236154967e-08,0.003991839201817973,-2.7109937757176346e-08,-2.560166919279829e-07,-2.4335987351792423e-08,-3.0619145487056866e-07,-0.009785837946435772,0.005053464850391082,0.08171601301139676,-0.06443952653342504,0.00036107561867235,-0.7061935432603521,-0.2734182494547398,-3.0932876076364167e-06,0.00018316382871843634,-0.008322768038342589,-0.004946667508187741,0.0009648891778986766,-0.003199285806305371,-0.0004485686550975366,-0.0014750960164443244,-0.003921198399595996,0.0036639900771982706,-0.0016181523713092827,8.976888134032467e-05,-0.0002851681448139645,-0.0030114080381702184,-0.24244034958241736,0.00659461699920923,-0.030367867543997208,-0.03169077845136398,0.04841072167436427,-0.04903269791921795,-0.09061214455855388,-0.13897907964081765,-0.3304342503552706,0.16523895885858764,0.0016354339087060916,0.04193218765749868,0.055638089058923736,0.03150390629698315,-0.03867498651113705,0.06073398166676521,-0.09461938779988881,0.015766484025878807,0.09765110184543507,-0.016682262912606285,-0.034547238753893615,-0.06862656888755733,0.19960485620233073,-7.026949935003276e-15,-0.009553617934237263,0.18985528543068284,-0.04255185115994717,0.11941141428199852,0.08050878943256576,0.16201771804562423,-0.06412383364224805
38,2.469660410629007e-08,2.2522335424623713e-08,4.5257796475697015e-09,-2.0407429944036e-13,5.106995455531233e-14,2.875590995841697e-13,3.108732694411925e-12,6.717440800995071e-11,0.0054283033046430736,-8.29130714944641e-12,-7.64542165970652e-12,2.3768100877977268e-11,-1.24400624586829e-12,7.235064922982967e-12,2.2834161235393863e-10,-8.29256323102062e-12,-0.0009087660894210892,-0.01212656481614749,-0.000962449210279061,-8.914255669386204e-09,-0.46156281079227407,-0.0023240667469289237,0.018198459838057613,1.674632692513731e-09,-4.274062813629221e-08,0.02843224747691132,-0.5240840093854898,-4.6622621556058206e-08,1.2946821608272708e-05,-1.183365723241637e-07,-2.265293611030849e-06,3.5419758450214842e-06,-1.0540525704275188e-08,3.918226253565148e-07,-4.395801341050255e-08,-1.6143263441349838e-08,-4.804091966933492e-07,1.247713520990366e-07,0.020193259264093075,-1.0849483700253205e-08,-4.465360097240249e-08,-1.30152121993502e-08,-6.305239714811042e-08,-0.00037779301114972477,-0.0007149129162709751,-0.01021562338654958,0.0069152269404342236,4.932085641138497e-07,0.013601089393125773,0.005395883366266382,0.0010239449110414048,-8.381826343088669e-06,0.03395937458828905,0.0011144610880818495,-7.24435023303124e-05,0.001279831849209103,-0.00011437004068309843,0.002373572852186441,0.004733992996859049,-0.011540325202924922,0.003983565332604694,9.16860264858811e-05,-0.0005547620388398148,0.011951482165384011,0.4465304988135842,-0.012811820484879659,-0.3239280768824561,0.06819182179769474,0.08579064293132929,-0.035367110706929314,0.04090564609857814,-0.15241134948420423,-0.09159360057830604,0.06380726023275453,-0.0032619169738420904,0.09792507553399002,0.0337927534249118,0.11351187266791352,0.10032675373476421,0.06463475217963237,-0.028392479729225106,0.006098134730443738,0.0070749268749840085,0.013324752915599513,-0.08018998829833382,0.1673591852949763,0.013128483117472363,9.367682965972631e-15,0.0015742377689318275,0.06438103470277177,0.1154056575844414,-0.16026971116577296,0.09185658184705933,0.15823670771269893,0.05857954379073029
39,-2.1403321187386246e-08,2.4901009862736487e-08,-7.094408001646991e-09,1.772779265397195e-13,-8.019303523351643e-14,3.2782897716626424e-13,-2.6799006959435413e-12,-5.789861654289371e-11,-0.0045452758926501965,-9.430343716575484e-12,-7.39646427276456e-11,-3.141455368157588e-11,1.6539390934740933e-12,-4.976959524189323e-11,4.990740145435671e-13,-6.882635359146037e-13,0.0008831230371401806,0.010714260472552736,-0.009295365864471765,7.866279687476766e-09,0.4614793817112631,0.0038646140681598885,0.005526745937634868,-2.830899094603205e-09,5.935127923078947e-10,0.18560292822139557,-0.36465725951182404,-7.25522371102226e-08,8.973410652911351e-06,7.353799630817656e-08,-1.5255573796068897e-06,3.2649930697571613e-06,-3.862325952969887e-08,-3.309733171588883e-07,1.2985382013792145e-07,1.6832774770908935e-07,1.801471628517665e-06,3.320385787415859e-07,-0.008153823971121799,4.01062133446923e-08,6.092321284367987e-07,3.3041703131890223e-08,3.308878944611493e-07,0.008043916317925637,-0.0009167799426233984,-0.02331601735414525,0.014162261527571876,-0.0002802486063342227,0.5242207893943001,0.20261772495560046,-0.0001515596271393175,-0.00012967385749530747,0.0037395166435272233,0.0020708945752209323,-0.0003123839157894482,0.0003671863942407066,1.901277576314941e-05,-0.00037206098693202136,-0.0010859293054044717,0.0016423526267279776,-0.0009833591996046404,2.260813669811845e-05,-0.00019489475227635347,-0.0016364807753794835,-0.1611830768146523,0.004320215782613408,-0.016029818298318118,-0.022792508069145276,0.029531188425697803,-0.03158348574255664,-0.07724177509003774,-0.12014183763538833,-0.2875273832998402,0.1448071044976826,0.001599568394245987,0.03798813493436198,0.050078608014202115,0.02517785875236064,-0.03599120853847808,0.04734131841211317,-0.09692093392595648,0.01660654877595685,0.08718647190681944,-0.01117376094823954,-0.03304078657810509,-0.06865217466384133,0.19969809491475982,-5.7290119445153736e-15,-0.007895500330893946,0.16854282796302028,-0.03179998141969247,0.1165996278892571,0.08108332591298421,0.15865704610118583,-0.06220101101095173
40,-8.063773547321341e-09,2.304427839086495e-09,3.2489856198266526e-08,6.670310755619958e-14,3.642993136979526e-13,3.0834932512459185e-14,-1.002169600602189e-12,-2.1647323538009592e-11,-0.0015780079049201928,4.1898495674457425e-12,-8.813727674532689e-12,1.1352999959069893e-10,-5.974638808735533e-12,-2.998232761599095e-11,-2.7338126016271005e-11,9.198604054393558e-13,-0.007731016813407818,0.0039469749604626675,-0.0004337857548198154,2.8988581767096317e-09,0.14386401574121163,-0.015921689946360007,-0.0010106820229578784,1.228025151072261e-08,5.097651174979154e-09,-0.6648054193428664,-0.16300273895943249,-8.01639171711304e-08,3.9518313645459185e-06,-2.064333387227315e-09,-3.657009864466647e-07,7.408369521148338e-07,4.837484478778927e-08,-1.2667099692236226e-08,-1.4684607870533152e-07,3.3549131464033636e-08,1.8066677411803792e-07,1.0597041158829617e-07,-0.0013076372532375123,3.4938415958330525e-09,-1.5305358747030644e-07,2.4816887864503217e-08,7.130298593749392e-08,0.00028894331479931325,0.0005925713783347363,0.03195491521869972,0.03216892326454437,-6.083007770429699e-06,-0.0008373486866525415,0.00031142809720954926,-7.390937079032935e-05,-1.069616492534893e-05,-0.00403139021823607,-0.0005788653605654679,-0.0011913707566996272,-0.0004724625935013784,-0.00031788232533975987,-0.002438449331175826,0.0002508215352713098,0.0012205187551471393,-0.0003290835338068234,6.542264653916067e-05,-0.0013119052242341117,-0.0017286594037770036,-0.17733409298932518,-0.012958652414171365,-0.29044373985833893,0.19481217043734048,-0.29952830795424523,0.2719275150456667,0.19180240169308244,0.023852700556566818,-0.03279731642776637,0.005678768498812609,0.00010488495624439814,-0.03806926243761785,-0.021274794253444165,0.07369101130047627,-0.11922806829383831,-0.020441760707405398,0.044574114667146246,-0.0090635342670835,-0.08870364279253934,-0.01714537757300382,-0.057744098854915445,-0.12703714706231892,-0.14353330283412327,2.7371431779857988e-14,0.017531662402621096,0.010561250249190862,0.03769000833780257,0.08250865112145317,0.1583434457177385,0.07215946973918705,0.20271977575421332
41,-6.047783493216984e-12,-5.527900102060619e-12,-1.1105651049371543e-12,8.293868505288024e-10,-2.062644558212392e-10,-1.17509155157545e-09,-4.2704698779053464e-10,-8.8776434616232e-09,-0.00012876460798033046,1.2253211430899954e-13,2.0252666882464195e-12,-2.80854611099163e-09,1.5236862478516815e-10,1.6904717176193646e-12,-2.2214144720062814e-08,8.657501055330573e-10,7.59071658000456e-05,0.517295698318845,0.0002475069222715759,3.8873333659984e-07,-0.010482726374646494,0.08933372957447692,-0.4767163911484189,-6.98531779546588e-08,8.521896922737105e-07,0.00032632404733275703,-0.003872632905597571,-2.611917262476069e-11,5.189975734648982e-06,1.9487781314642306e-09,-5.728179578423897e-05,0.00019912502933802092,-2.6062244975283562e-06,-1.0826388395981166e-08,9.078717693402938e-06,6.453326346572836e-06,4.273239553003781e-05,-3.8356119409093793e-10,-0.000483510228879943,7.847278964388171e-07,5.896325850590488e-09,3.7860226501765823e-07,1.5084040450626868e-06,0.010324480578394293,2.987917877395855e-05,0.00035624989392348455,-3.174236435358661e-05,-0.00011148052453491778,0.006126924668291452,-0.0003960002039784323,-0.022670014656595176,0.00010647171471821063,-0.002145283425719944,-0.009908343976131018,0.0007978910554729506,-0.007901990856866738,0.0021731829538775113,-0.011432964194156242,-0.020635016364914112,0.001975960067661406,-0.0010839349035253406,-0.000634454965627736,0.00012079344805722964,-0.03766185176064833,-0.19718469491181412,0.006845949464445277,0.09671398764519838,-0.017550823593260004,-0.0004928729738282695,-0.0036324301374349955,-0.010838973133541983,0.14323606272682857,0.11001029757329887,-0.025078891224225876,-0.0012075497548045073,0.20088526200506876,0.39674938222033257,0.2161723399506106,0.14865548748079216,-0.03658376829569384,-0.06662099062369353,0.019813427986835865,-0.09880891437916095,-0.10432447569788869,0.03939124122823769,0.17116795630575155,0.0104790003716452,6.254986527376467e-15,0.0053922016828646755,-0.002166983608295761,0.24467865907143915,-0.07844423669622701,0.10598225912893418,0.09372597400098726,0.04265297270439114
42,5.241497205002733e-12,-6.083579059595519e-12,1.7390470051752757e-12,-7.206574751731305e-10,3.2486288023861675e-10,-1.3288248604704785e-09,3.6612507902436395e-10,7.608886216923185e-09,0.00011045027025046888,2.6722086624089074e-13,1.3151311222242728e-13,3.837244158230069e-09,-2.0966207817623398e-10,-1.6865501163773283e-13,-6.955600544519933e-09,3.352607653590702e-10,-7.610936994147037e-05,-0.45239486245703114,2.199771774982855e-05,-3.394850098461316e-07,-0.0031142285185727426,-0.15182648701325038,-0.517635390338457,1.1755943190067474e-07,9.467748591702657e-07,0.00221112072055844,-0.004476997714246253,5.396642692288205e-10,-2.263605862281668e-06,-1.6094151287597143e-09,2.348697776636527e-05,-6.253221431421697e-05,8.3076276824616e-08,9.95257127210703e-09,6.124226847850149e-07,-6.754199102009079e-06,-5.585358792362118e-05,-7.46862083894523e-09,0.0003151682300888303,-1.1419796815253846e-06,-1.7297622837314113e-08,-3.586392862319217e-07,-2.742386550884125e-06,-0.015883469173861117,4.181734634087587e-05,0.001045715638381435,-0.0008301139140417176,0.0002566828399512982,-0.025108772962954183,-0.0013821341918905908,-0.004532364576145786,-0.00011833811874510876,0.0003599204570928356,0.02082190107733093,-0.0064493089200884325,0.018944820059196364,0.003402252379637333,0.004545283283578681,0.016953620278959837,-0.0009689088023065878,0.0008540965710355199,-0.000696141100200103,3.490771364913103e-05,-0.0020351939040688482,0.26963070636632164,-0.01391802013805791,0.3074631411811542,0.0454338909870055,-0.2667443253282846,0.20873000614286236,-0.04575115677730327,-0.008242945023008546,-0.03210181308694362,0.029808316943072715,0.006856912480169029,0.006406687285334064,-0.009426531944947499,-0.10892215075745598,-0.014026886412537465,-0.23645621278552,-0.18962866642659923,0.04278809242289999,-0.002255573004891305,0.09686909863481655,-0.02781891861340652,-0.06821932715576665,0.19210552130412237,-8.145881394124238e-16,0.0034909116731603293,-0.022506644998401992,0.191160544976931,0.06368474675960009,0.09004479227239295,0.08161212740293884,-0.020013285231261765
43,1.9754021847396897e-12,-5.597021951932823e-13,-7.953762819553651e-12,-2.7104100587565816e-10,-1.4825199655698118e-09,-1.239879790553438e-10,1.366486945940029e-10,2.8398908906870077e-09,3.994682274252815e-05,-1.639203837524862e-13,-5.320536848072394e-13,-1.5083138632200723e-08,8.218947133916248e-10,1.935537544192336e-12,1.1147283849186144e-09,-3.8195839405834606e-11,0.00020022143863309262,-0.16866494667244564,-9.452526518864904e-05,-1.265089905503726e-07,-0.00015389037932413773,0.6866809806686923,-0.05413472498398613,-5.418967049019973e-07,9.842613783439272e-08,-0.0047418696624287925,-0.001165314810293383,6.442006370135568e-10,-8.111210659966839e-07,-2.510838208425747e-10,7.964019322781736e-06,-1.886692490758005e-05,4.568844759462679e-06,1.5020691775730436e-09,-2.7988140554786103e-05,1.4616922061626564e-06,-1.191222304297623e-05,-2.5136881315526238e-09,7.540689442197303e-05,-8.735680040965892e-08,2.6045790573787652e-09,-1.4753712658318225e-06,-2.796266016890399e-06,-0.006866817331599687,-3.0160441531710607e-05,-0.0014842410559233708,-0.001586444572889503,0.00015541071935109687,0.004997592303210535,-0.016098270263131174,-0.00046263621480332725,0.00029993325388295904,0.00037983977243558585,0.008914911863886371,0.019220429769014148,0.003713802323824368,0.003256260503269718,0.015860930981487824,-0.005400837811096228,-0.00034140043625332123,0.0001797252385894788,-0.00038550292662576984,0.00021474365928823911,0.0010016837685961626,0.07482587574436259,0.003339331647103472,0.11723129768105188,-0.07996963791753348,0.10943215702250789,-0.10318244338635589,-0.11278593671814545,-0.04111842316607793,0.007946626257018058,-0.02073190697665648,0.008897165549427283,-0.1125085171722937,-0.07087184786415097,0.29481654035419375,-0.23952083276858785,-0.02103984608395541,0.04884166630745011,-0.006594780488695719,-0.26307314868196197,0.21774614483450255,0.21985011360894394,-0.1133700128161355,-0.13021143628460063,1.432071015063631e-14,0.0067370158172101,0.17053144772064732,0.06781212430560785,0.03829883530644148,0.1601948214631249,0.05287930504021321,0.09679080776537191
44,5.82032338664324e-14,5.339927847632735e-14,1.0718576463378732e-14,-8.544771960720476e-08,2.120950130173641e-08,1.215285749372996e-07,1.3776857778388143e-09,2.750143782117701e-08,7.685617514924474e-05,-4.210889369894497e-14,-2.115838856459559e-12,7.999474513901765e-09,-4.501608907140918e-10,-1.9447317474765665e-12,5.520884070882474e-08,-2.3068002243002147e-09,-6.85551640842788e-05,-0.514063089282967,-0.0002583594388917565,-3.941387881829445e-07,0.01958238845251295,-0.08890414430542352,0.4736013184093331,7.215501403033292e-08,-8.666407339256759e-07,-0.0010200547109978026,0.014715091497089829,1.0714657232029368e-09,-7.660541012785111e-08,4.0283026970128526e-09,-7.995014057260464e-06,4.20287425061328e-05,-8.315103436595155e-07,-1.7076889293384862e-08,3.88561509793503e-06,3.0374605840704883e-06,2.5324452190204748e-05,-2.661697379620381e-09,-0.0008147205602926322,4.922343912098662e-07,6.284010810169992e-09,2.9563925198287e-07,1.2672505935252309e-06,0.008614547174100736,4.042584420412907e-05,0.0005073227056715866,-0.0001372153731050518,-0.00010053099158646134,0.005653987941506166,-7.041712226891792e-05,-0.016919542357074664,8.18319697880443e-05,-0.00264246165005485,-0.009110337731090067,0.0007124773792827195,-0.007539147153681835,0.0017677867541833676,-0.01065199024845625,-0.019370981957684354,0.0021458961133468354,-0.0011478700923193872,-0.0005708408756965092,0.00012573769965272782,-0.03565235559268294,-0.20566402217750163,0.007131701571708196,0.09938919257880413,-0.019120733736704,-0.00015257455595586077,-0.004546762680816013,-0.011038403322978034,0.14596330149188952,0.11201435247931957,-0.026747487625777982,-0.0011918367861546027,0.19836900646196318,0.398725442151406,0.2161939334170735,0.14855054478173366,-0.03823204467852132,-0.06692920607139323,0.019983760683623977,-0.09889746520809495,-0.10628985174671254,0.041622519792202224,0.17128027549800232,0.010415360432798743,5.886412942085359e-15,0.005245012039778887,-0.003989633463325047,0.24538789526919783,-0.07626828368706723,0.10625187080365295,0.09189527948877711,0.042142801318039824
45,-5.0455107824879585e-14,5.836024400378986e-14,-1.6765051264870426e-14,7.435219720561673e-08,-3.346885950351339e-08,1.3671828837132435e-07,-1.1715786981123151e-09,-2.337297854008908e-08,-6.6964872192164e-05,-1.8319929067774961e-13,7.275813327391802e-13,-1.1197588867192718e-08,6.357332871986043e-10,8.549512672500185e-13,3.303122080044969e-08,-1.5072695052333188e-09,6.861014014477021e-05,0.4544838643812235,8.527960704122483e-05,3.473678121394178e-07,-0.00569672295960991,0.1530644856204967,0.5234727431356219,-1.2164786086708452e-07,-9.648107123064076e-07,-0.00551970358173194,0.010714460945317403,2.0268200351205588e-09,-1.1955480626237433e-06,-2.7353720273674902e-09,1.2200052052236351e-05,-4.451161568105612e-05,5.862779092870863e-07,1.484539699946323e-08,-1.9242280176705062e-06,-2.846408670931407e-06,-2.6817678695569313e-05,-1.2775550682777364e-08,0.00042344896533370977,-5.649005367277487e-07,-2.657606763289342e-08,-2.615257264199196e-07,-1.892354112622387e-06,-0.012108282428250629,5.4512328847810794e-05,0.0013718003627862766,-0.0010177771380223443,0.00019883383780155254,-0.031781611197485266,-0.0062829140154649025,-0.002046342389824312,-8.668113553093683e-05,0.00029376964766811037,0.016955477268406967,-0.005172260187619736,0.01636885611041494,0.002897053706499611,0.00445281833203999,0.01590253034840007,-0.000976787875427802,0.0008520438612215868,-0.0006269555714675001,3.5879215444730585e-05,-0.001152945045817494,0.2662777484808328,-0.01366381061477683,0.2996357343894398,0.044938225139188784,-0.260303744743595,0.20398658229920388,-0.0430842370134676,-0.006220088339208387,-0.025292897459488938,0.026082024709843672,0.00672083667085069,0.004171570971068997,-0.012431271655663344,-0.11145921975290887,-0.013703850566034514,-0.2410810170811818,-0.1905939761734852,0.043139608518169524,-0.0041343148695821,0.09837705615924441,-0.0272861746195336,-0.0681680728353609,0.19183879158317,-5.993678517372661e-16,0.0036067835802797692,-0.026724234065211922,0.19452781439548528,0.06221724475454671,0.09018450358383828,0.07945990884176417,-0.018937556555688153
46,-1.9016049916013856e-14,5.316908364619675e-15,7.651898808760033e-14,2.792771448992629e-08,1.528710017167797e-07,1.270305469597553e-08,-4.3550988083519244e-10,-8.688420857490823e-09,-2.432100072533226e-05,1.1594601810705875e-13,6.596488869162556e-13,4.676631092657625e-08,-2.643777360252378e-09,-1.523506890931329e-12,6.810045208670062e-10,-3.199247087833862e-11,-0.00012189721991873043,0.16758694220748507,0.0001028684825945628,1.2802969981245813e-07,-0.002714115953656417,-0.6824489126226786,0.05401087523380184,5.50886751469151e-07,-9.803228509586289e-08,0.018126209313335806,0.004379031947635701,2.244365716651262e-09,-4.065192330966945e-07,-1.4432348479232518e-10,3.936815208265272e-06,-1.3806652262785444e-05,9.615258609620615e-07,1.5729109997221637e-09,-7.796031855209307e-06,-2.3711314207891198e-08,-7.124014933030674e-06,-4.245044191134587e-09,9.112348985444924e-05,-8.496992731665644e-08,5.123166076649347e-09,-8.499642997953553e-07,-1.8251769168869238e-06,-0.005168783238438093,-3.8840996310235106e-05,-0.001955985678936487,-0.0020588393936483494,0.00011527533255218301,0.0032711287062308237,-0.011611327690167397,-2.2418940606193483e-05,0.00021588334983916875,0.000437734540741477,0.007342552884636114,0.01567341699025911,0.003345517021797424,0.002828781979720328,0.014413258671044968,-0.004708594978254366,-0.00036025478315749546,0.00018568171076019472,-0.00035381674559383604,0.00023332800818406463,0.0011754730839469614,0.077778541076944,0.0035162470280876122,0.1219404429636656,-0.08278490850640337,0.11376379326543873,-0.1070846050645907,-0.11588745919041112,-0.041606582163505296,0.008463468967317799,-0.020666767421091515,0.008755915880280405,-0.11160827226511115,-0.07130987258454598,0.29642387398896214,-0.23993025918903388,-0.020841747345134835,0.048667165002068934,-0.006502026196194018,-0.26122883535939817,0.22014430734238719,0.22315051445779963,-0.11303010869586888,-0.12987003753095422,1.4346482143661245e-14,0.006188370912729449,0.1705111310940678,0.06775407672812558,0.037122210842535745,0.160163437614577,0.052255537248372896,0.09390384048289008
47,-6.032026599935516e-19,-7.87524538192071e-20,-5.53696840445003e-20,0.5187095993067893,-0.09476292697715247,-0.4709221544036745,8.648327496373091e-06,0.00015964140217971886,1.0663905378168887e-08,-4.141924934729247e-17,-8.254065160311067e-16,3.140276239320784e-05,-1.8989978141980904e-06,-6.717670905590699e-16,0.00016581099192575604,-7.780144673075391e-06,-1.8146357750575546e-08,-0.00012953341065370826,-8.303797264588255e-08,-1.671702771234872e-05,1.1031812698303841e-05,-3.174830362623082e-05,0.00019825686968068463,3.7459899246595254e-06,-2.2415992436207153e-05,-1.1219096053731134e-06,1.6949114506528818e-05,1.956937677667508e-12,0.001957677773003156,3.007317637095063e-11,-0.0191535248897395,0.0569553081454401,-0.0006176718387958508,-3.030732056831991e-10,0.0017292490229056695,0.0011813015505666028,0.005584790216090265,2.8768736033898477e-11,-1.2488447001397561e-05,8.991585761646727e-05,4.182251180503231e-10,1.7622335383280076e-05,4.1820965939603846e-05,0.17721879417363642,-5.5667836121564504e-06,-8.521457196823916e-05,3.650410134853982e-05,-0.0011208816488754154,0.012552408499937898,-0.04031945850131844,-0.3947248602889554,0.0019474682396734648,0.0002987449495088054,-0.02146736179654229,0.0008829226017459496,0.014673182149524917,-0.009789796778057837,0.051845411471872514,0.09874854840723964,-0.0002034097257075021,3.048341539763618e-05,0.004429946174939699,-0.00025739889835437265,0.20179470688090761,0.024072637941029523,-0.001224110150964561,-0.00673998900782656,-0.03442555268682075,-0.03198663388143619,0.00012013363865422846,-0.0032624590507329245,-0.039401090253134,-0.06574468291389188,-0.012274581925379047,0.0053222509185613534,-0.2825947346814255,-0.016200638679534942,0.05723667264015077,0.025569805290058648,-0.028999724911708505,-0.010859397758376407,0.013029321673128199,0.09569479675529716,-0.22450303158815788,0.16458901331216313,0.18098162017786587,0.0014879252353510249,-4.205052039435811e-15,-0.01644865137642436,-0.06432567674231308,0.048944886253761366,0.11002342413397882,0.1280637002154656,-0.06907974599884782,-0.004474820466639316
48,5.228630575206656e-19,-1.4210620011218982e-19,5.740047777064513e-20,-0.4495874260310262,0.14888722100060783,-0.5248453185812564,-7.1257777146314595e-06,-0.000131256688819071,-9.331375375279145e-09,7.225567251145568e-17,2.6447919720914753e-16,-4.395600664555503e-05,2.6892401193899735e-06,4.479744297495993e-16,0.00014522576555000272,-6.950332051440186e-06,1.7906604157780707e-08,0.00011438218500745868,4.1091394533880877e-08,1.277370585044997e-05,-5.113063889686233e-06,5.439904918515839e-05,0.00021952269049054654,-4.362305307760136e-06,-1.219338825287729e-05,-4.676743079070417e-06,9.693035543564704e-06,7.998566251347858e-12,-0.0009551668206013004,-2.5884458919957985e-11,0.007559587752883142,-0.014969118365661484,-5.786213374709357e-05,2.8832839264508505e-10,0.0004734150387574968,-0.0012554807677160247,-0.008049738921904196,-2.6725668193350124e-10,8.908503853127169e-06,-0.00015014773725760083,-9.03997443483258e-10,-1.7938135899504723e-05,-0.000117896446041486,-0.35418446344881194,-1.3740224684753427e-06,-0.00011883348095279174,-6.084074215781207e-05,0.0051621498375937274,-0.056434199641998306,0.16059720345910736,-0.16663970010404847,-0.002173317950007207,-0.00011850080383963557,0.11179268379238406,-0.015529744201428332,-0.0321022210028363,-0.01216773154802371,-0.006704911524360663,-0.058631946834782414,1.4407547600927413e-05,-0.00012259366959876364,0.004057641681156783,-8.056400423891726e-05,0.06160891732173754,-0.040742320892741546,0.0022512981010982406,-0.03238856128451159,0.03982617896859365,0.06512292325648013,-0.02242317834094488,0.011417161510528408,0.02374418531080031,0.10220508815213813,0.11755133866586276,0.014805749206296293,0.19702570539852649,-0.26401115068654313,-0.014624155733415854,0.013395413741949016,-0.061975960832302966,-0.01683535250003317,0.01519436963738617,-0.0687751499042165,-0.2292376928310938,0.1350440639982727,-0.060876103726094574,0.1589269937970157,1.0525130066412466e-14,0.02184573510701796,0.07775081407707855,0.053037683945142494,-0.0814351970635203,0.09745771447003496,-0.11687805356200254,0.07321001260592246
49,1.9720886236456583e-19,1.3435473462786678e-19,-3.2203785857702933e-19,-0.1695913292141552,-0.6845474642306284,-0.04896422292568326,-2.67693923230254e-06,-4.933241266602977e-05,-3.402781019990542e-09,-7.120452531390286e-17,3.888820955460137e-16,0.00019693046477996037,-1.195850523756091e-05,-5.525367233357163e-16,1.2297411832555598e-05,-5.294721083042966e-07,-2.4674269135628156e-08,4.220349213610479e-05,3.292775369750583e-08,4.764271355719378e-06,-2.0602786504652128e-06,-0.00024262183779728635,2.279349096619707e-05,1.8672833985999272e-05,-6.911588127512092e-07,1.7892500983244765e-05,4.701654370721018e-06,9.015384110141258e-12,-0.00033282436837545396,-4.175623362677302e-12,0.0025426256130291693,-0.004387956301982994,0.0011807120676718902,5.668830549571443e-11,-0.006131702662262708,0.00038893161174619794,-0.0015209038046353346,-9.816873241753498e-11,2.4431084390874864e-06,-4.451139777359771e-06,4.817300358979342e-11,-0.00011178315291267342,-0.00013969577793383726,-0.16617480016312292,3.9647287433694555e-06,0.00017392956763473226,9.578253493655081e-05,0.0035944352975076786,0.1462279289272834,-0.37203340464275453,-0.03018361440617825,0.006517106010792447,-6.43594880980929e-05,0.05066783741368044,0.04510579854380131,-0.006909516590271048,-0.01238063287828015,-0.08547367421476447,0.041501783518063114,4.151391137601647e-05,-3.303727000964678e-05,0.0024226619076981337,-2.724435704706518e-05,0.009335836134679537,-0.013210189510718421,-0.00014921935758888192,-0.01636198018609546,0.024919942047257997,-0.00497458834816288,0.014952334786880388,0.02378282275697395,0.017923667418296565,0.021192540484054497,0.02437071785195353,-0.026222202873330054,0.15456412361088406,-0.026860319996413834,0.09508244954171996,-0.05319367734761004,-0.0029463284342401345,0.0030788428930660664,0.005368440353048822,0.34358522677094,0.12242428640686837,0.16617690737818108,-0.08461683854687087,-0.10155491555821951,-1.686243688934241e-14,-0.04761927564482932,-0.15440516488141526,0.014636427357016741,-0.06401152323156223,0.15979914560547356,-0.0037556416677573686,-0.152702243163232
50,6.130454164051608e-22,7.379616255902201e-23,5.55575318916508e-23,-0.0005312777865787688,9.714075731350221e-05,0.0004829920728956235,-0.0007112772471013179,-0.012710546218811705,-5.263516663094474e-10,-7.894791060205712e-18,5.5353086490473894e-17,-0.0024068092503220914,0.00014967143233113659,6.906314267365181e-17,-0.012307487771232096,0.0006012846755891705,1.3311723870983852e-09,9.326180438422018e-06,7.03991091325601e-09,0.0006395629025949759,-1.445057976487553e-06,2.6017248998366735e-06,-1.7722357928956507e-05,-0.00013148614994142112,0.0007260771657802954,3.540151881788211e-07,-6.367473107581516e-06,-2.9705194053814694e-13,-0.031033697649615548,-1.0906714837442463e-11,0.2746796022064312,-0.7417085425184043,0.006828592638810934,-2.558512860118663e-11,-0.015591906096005947,-0.009554377422968469,-0.031085568842298537,4.504566791042121e-12,-1.0885755928543683e-06,-0.00043279003365839547,5.274287609067355e-12,-2.4736932965477252e-05,7.011948122393062e-06,-0.03351577489849009,-1.0677605205544797e-06,-5.311035620557656e-07,7.653283352372714e-05,0.000513113327940717,-0.001601730021823009,0.006342308340655532,0.034632938874916266,-0.00021573111876160692,3.3156493970927067e-07,-0.06805091760190789,0.012667109261719977,0.000755021782672836,0.11187247194363048,-0.14924432952700314,-0.2402746515972803,-7.429948342130162e-05,0.00024847143259945875,-0.002772398587158517,0.00046456686783778533,-0.3723134291950777,0.03602913446066205,-0.0013548362438454932,-0.004150892060464454,-0.0004413698801784877,-0.01885208493158166,-0.005686550989831292,-0.0022283471158470926,-0.03216428276122192,-0.053186561629987195,-0.02283225834585897,0.006043401327019453,-0.1714739505369673,-0.029660830592908284,0.017801152884710434,0.002730825184030397,-0.015686215547394244,-0.0034328651417419366,-0.0013102047873108323,0.059174668534851836,-0.11727172760216314,0.08932300572690526,0.17700936890647875,-0.00025702644836868494,-5.2656713694199395e-15,-0.004412295898270462,-0.036370088927625555,0.009958909594517071,0.12446297897758529,0.126803566909746,-0.08253974365064638,-0.0097737425847862
51,-5.298349727917511e-22,1.3766119325634598e-22,-5.673602276495985e-23,0.00045913190540200634,-0.00015201780766444482,0.0005358100157550535,0.0005676074702278354,0.010108716421399851,3.971344374525001e-10,9.433945693778352e-18,-2.308094806142328e-17,0.0033571361978945234,-0.00021177785380532894,-3.429482142899713e-17,-0.011776416453421944,0.0005829949374439557,-1.0204740312152496e-09,-6.6429546074359365e-06,-3.391719566520585e-09,-0.0004519282144390607,5.906396173534025e-07,-3.1635392558897387e-06,-1.2497122355553167e-05,0.00015025324545912797,0.0005169236998884752,3.509612507263179e-07,-1.7480279592459814e-07,-1.7689349538815556e-12,0.009921735447249783,4.102204737650801e-11,-0.05548064195656136,0.03389391377307042,0.0030690146871826525,-1.3514528149606482e-10,-0.012268068587950591,0.011196786667338116,0.06246258642816673,1.3047583738649465e-10,-4.260383092084707e-06,0.0011166724376821399,5.442678632026451e-10,4.737098567148679e-05,0.0003725644945909924,0.4501405238938828,1.8687452104041283e-05,0.00024430175366285526,-0.0005937128912778196,-0.007304030863245308,0.049528337260039024,-0.15285458130835294,0.118837442472747,0.002438389014021414,-0.00034652548710818314,0.4804928879270987,-0.23813896440329432,0.4881596226238112,0.11891636805855156,-0.05202271889885247,0.09444857024903212,0.0003673717657010125,-1.8350429140603775e-05,-0.0023515408631124357,0.00030936146490958383,-0.24538838343803893,-0.024664879597621252,0.0014218979297087085,-0.03545416916546244,-0.010332554403222588,0.03253011104315833,-0.015481548168096401,0.008005828691568385,0.011614713210200727,0.03835658501049554,0.0265041342373148,0.011021981107465766,0.11468323560340048,-0.14715321029430484,-0.0004065273257004518,0.009530411532177886,-0.020066883862299798,0.005653040001140367,-0.0017111610227706995,-0.03661258524920846,-0.13479754206827788,0.07861053335487886,-0.059153025597820666,0.1507237225676426,1.0950431990124756e-14,0.0011626250989759058,0.04401254832750391,0.019170715982460215,-0.09311788190831015,0.09532362747834698,-0.13201895755430842,0.07894879693295123
52,-1.998462988243654e-22,-1.3782889139195686e-22,3.203638028006907e-22,0.0001731925206865493,0.0006989437864521887,4.998601264523702e-05,0.000214085285526288,0.0038160970030847903,1.4630160124987654e-10,1.5562700425108059e-18,-2.0953151042845798e-17,-0.015377357583139037,0.000962227001210774,-2.9212214038980627e-18,-0.0011023189984275552,5.014842639248729e-05,1.020182830043696e-09,-2.466090206868077e-06,-2.1036082396984136e-09,-0.00017016456724506415,2.2327078318183783e-07,1.4107259929015424e-05,-1.2794285464727841e-06,-0.000685172684936054,4.7496207269434086e-05,-1.7774306031300167e-06,-2.6628164577066923e-07,-1.745934320596794e-12,0.0036074516160385195,6.008549332644428e-12,-0.019922525915892608,0.008188005717377203,-0.014986369760183749,-3.554380274396112e-11,0.06924297099927604,-0.005654792737466525,0.008381179910445888,5.272753053821779e-11,-1.3630180568061945e-06,-5.6189662774352714e-05,3.628779250926611e-11,0.0005749737483754794,0.0004949481987819101,0.21615995627686557,-4.626812996314149e-06,-0.00036151314436898676,-0.0005912445338457165,-0.004636351299421673,-0.14531447719473978,0.3661271495891513,0.026206834348433062,-0.006974915757321403,-4.2983130701450305e-05,0.21022502847944072,0.6826669736790272,0.06616710893720838,0.10178727288344269,0.31452543597339777,-0.16892488671830952,2.5427795637009783e-05,-4.60778752475618e-06,0.0050386660632040356,3.6513906692111955e-05,-0.04656973218298042,-0.008025324205379604,-0.00026935540333841295,-0.014661218116808998,0.008884466660806363,-0.00897191385196489,0.012252256822922527,0.015560066376943175,0.010223189250748714,0.009769995881641841,0.012777064477675935,-0.017224861904773674,0.0832196315106655,-0.01098964221051382,0.0344314715827257,-0.012877714433926815,-0.0003576715381044013,-0.004920589600650755,-0.003428823020191927,0.19103012561335975,0.05195258654062367,0.0780020934463126,-0.07896213681066971,-0.09549525290264123,-1.8957455658583382e-14,0.001160737625396156,-0.08803872774721928,0.004387922186293068,-0.0710902208956095,0.15560628269913224,-0.009778360987239276,-0.17083969954483386
53,-5.3226957046844125e-25,-5.844490368958455e-26,-4.758698908274145e-26,4.6492964807532586e-07,-8.507354727826644e-08,-4.233710871656183e-07,0.029654539587381883,0.5116053662116592,7.60890584937109e-12,4.516875803088003e-16,5.736021102959788e-17,0.09316508936045152,-0.005974855593097632,2.5942303263160677e-17,0.46468428153686275,-0.023717036246904733,-8.42629474867801e-12,-4.040039793688803e-08,-8.995289177259766e-11,-0.01072373452749881,4.784963107519822e-08,-2.6530221142808234e-08,2.53234326728421e-07,0.0019513275632449562,-0.0097826669838916,-4.123139300076376e-08,2.5288495140089846e-06,1.6130710842157013e-13,0.07565477790937498,-1.6975406016041537e-10,-0.32324129887873737,-0.07445953468820403,0.01315132262904801,-7.031049352240433e-12,-0.06487487420620641,-0.05242068970654381,-0.30404541155200476,6.331761662298232e-12,-2.3922401418903456e-07,-0.005060045802147826,2.4793695812192358e-11,-0.0010522190278148941,-0.00220321162673312,0.03791429764785379,4.1093522117088424e-06,2.04609968263929e-05,-0.00016641103687344398,-0.000696518478230185,0.0005163652257995609,-0.003813631091912168,0.006148752305748865,5.270199810550012e-05,-0.00017805206747948516,0.16334581428784012,-0.03337056885957489,-0.22544284770839365,-0.2927621431142591,0.09575043030271224,0.06458871163132307,0.00018524319967987997,5.009530744559665e-05,-0.0036147153053782224,0.00021860617402644794,-0.17304044276909483,0.0012984998040111253,9.223310612083886e-05,0.008132198362669148,0.0414226115495995,0.015526580922310816,-0.00446518503461295,-9.729939530521397e-05,0.0018276772252302494,-0.003053075465922066,-0.02143022567632839,0.0005179392648972397,0.059350654330540265,-0.025556197426150788,-0.03445804788769438,-0.025308545446424267,0.004305511357897949,0.005852877421798754,-0.01813268599793655,-0.015799139890166507,0.05989574240839882,-0.0375237557997742,0.16924908805311595,-0.0024548125514820074,-6.058433443665756e-15,0.013669533801284658,0.015151864271469582,-0.038960137062852014,0.13539771922979874,0.12342297852463555,-0.09455755456249086,-0.015593537892265264
54,4.605039442557953e-25,-1.1391238398019312e-25,4.804572939700316e-26,-4.0222455748767247e-07,1.3315200027711223e-07,-4.6841714574702655e-07,-0.025707015593586523,-0.44321318852591274,1.8788202973891217e-11,-2.7794267593499536e-16,-1.6236079364734895e-16,-0.14720325421954858,0.009562370237860305,3.4378233006719984e-17,0.5178767631747678,-0.026557040930774288,1.177746302477956e-11,7.863163743128332e-08,1.0724625661010184e-10,0.009310584685629343,-3.660889806944548e-08,3.3693705843652736e-08,-2.7720952142221654e-08,-0.0030913199748311385,-0.01086735486098853,1.3757754769578717e-08,-2.0004401262228455e-06,4.066720240640296e-13,-0.0659455353039848,-1.8842428677312515e-10,0.27012873406262583,0.10792312265405121,-0.027530511361612896,-2.7564501508272878e-12,0.09176499888533803,-0.07197200021855675,-0.33740980290754236,-1.905376922134622e-12,-1.2678805242595758e-07,-0.005682878535819271,-1.7587831332744758e-11,-0.00018799566401981867,-0.000996299019567456,-0.0498304410809198,-5.9545085423793515e-06,-4.5776857356555166e-05,0.00020605186192107386,0.000927825891040523,-0.0035748116098277137,0.012669467482327161,-0.015752741400537527,-0.0002087968926504646,0.00022581821037184364,-0.20337809909896437,0.0850445191496093,0.14039743780590003,-0.03714931944743876,0.08866148483553775,0.30117046932230385,0.0003947391879677255,2.1996867214597002e-05,-0.0053365019057024276,0.00023246158063797837,-0.18201929043581058,0.00034516549834062623,-9.598189705842478e-05,-0.018587118781612986,-0.0638654970032586,-0.020515097342230372,0.0033956112300088624,0.0008747120892448109,-0.0017677221152040405,-0.043182480268009915,-0.08769502171167529,-0.0002165433431603008,0.00413604364464607,0.028015080479051043,0.015586330340650413,0.0034554779358702643,0.0330090389930485,0.03207538652115751,-0.021655421350130807,0.006037659811844974,0.014006136801637653,-0.010468710974817396,-0.05720031758937074,0.13997852734265906,1.1727135527559167e-14,-0.023102925182482654,-0.004521837339316143,-0.023638233614373096,-0.10578110074175066,0.09164977428928311,-0.14649616037874139,0.08410589452683997
55,1.7368227865189868e-25,1.2122158797400083e-25,-2.729406517999036e-25,-1.5171061454779842e-07,-6.118098819942302e-07,-4.358218465904866e-08,-0.009697415665742323,-0.16740522525457308,2.0242638852230484e-12,-1.1138659208367897e-16,2.4164413263287205e-16,0.6749045636314519,-0.043482879192802054,7.62588986291696e-16,0.04865958579163215,-0.0023190936673585273,1.3352124823661264e-11,2.593880665838126e-08,3.560440935462292e-11,0.0035074883202506494,-1.2937095727884617e-08,-1.0467780416820741e-07,-2.3685467918758192e-08,0.014183882086802744,-0.0010320253250100987,8.944381568395293e-08,-7.113258563445669e-07,-7.828311277879957e-13,-0.024231930725784043,-1.9021729615978263e-11,0.10158644659955757,0.047423312520931765,0.10788829682078849,2.1626146608087743e-13,-0.4354644255706491,0.03689478736993763,-0.03426697591017903,-1.4156998335675695e-12,-6.218468072931288e-09,0.0003868646797999113,-5.509757541292106e-12,-0.0016103291684320161,-0.0010035697564769906,-0.02403600032820751,-2.2363948957565112e-07,5.0644816866623156e-05,0.0001389371784210914,0.0005332919306910368,0.012793746121825147,-0.03178492246350494,-0.004730793242092054,0.0006642303349307263,6.077788099780041e-05,-0.08201128400175879,-0.18219035802634348,0.05174417195940943,0.03451893480293936,0.36787219981891145,-0.15050008834195192,1.1171004481416442e-06,5.906703776759719e-06,0.0023963747454819745,2.431618679245225e-05,-0.02491703808528199,0.00022589728992333105,-0.00010748663347096215,-0.004767766648560933,-0.01541812266528907,-0.006607467486898305,0.0020475996928102187,-0.0012662970317035647,-0.0014846800967713493,-0.004711813008737926,-0.0043730771090492344,0.0015215400050529644,-0.020824220683279403,0.010288981559095384,-0.04306948202730722,0.036806894166453455,0.00294226837403038,-0.014017301679223958,-0.013625425482758136,-0.04297776213559908,-0.04006433720636098,-0.04350497588734706,-0.07190147474270733,-0.08785820993616196,-2.150612416989324e-14,0.058929511509165276,0.016296396646515342,-0.008367161376930016,-0.07800011899709101,0.1495470831093373,-0.01636788122443701,-0.188463504931608
56,1.3112343180163463e-27,1.300093708167048e-28,1.1563183363000416e-28,-1.1542619126242978e-09,2.113888424260655e-10,1.0534838770307033e-09,-0.03106441458277614,-0.03430274685467024,-1.52244214892544e-13,-2.1448624440210244e-17,-1.9957993995284754e-17,-0.006240860158430186,0.00521199159675407,-1.3172810616846111e-17,-0.03129030306106412,0.02886557509224212,1.7846983128658068e-12,8.181165962353403e-09,1.9516805741331784e-11,0.0017342062961922416,-1.3936690227985363e-08,5.3323773918422254e-09,-6.394981879754665e-08,-0.00031378522923127016,0.001583015306510067,2.3842802125288673e-08,-3.986992840109474e-06,-1.130086486567859e-13,-0.14953072239981316,1.3314047415275588e-10,0.22711042342034563,0.08897882415398525,-0.019887298465282543,3.277523646012054e-12,0.05735086590339707,0.12569951125812934,0.23932711891623726,4.359576755985634e-13,1.471444190133898e-07,-0.5868217832316905,7.142021932221115e-12,0.1032636406245978,0.5361026594599305,0.021887529172433876,2.5276705287056197e-06,1.2299886278204198e-05,-0.00010374462293208793,-0.00040540013918591024,0.00046958791701654434,-0.002721718816469128,0.0006875924630191393,4.9403219470746015e-05,-0.00010726365342602917,0.10228139065476222,-0.021763007806575873,-0.13628517577390817,-0.17730190518312544,0.06730653109434297,0.054079765533039274,0.00011200907833867607,1.0606992634805844e-05,-0.0018803798196640135,9.052474094979234e-05,-0.07129530986203372,-0.00012929512625577285,-9.878508898933822e-05,-0.027380462440258595,-0.09543515362270419,-0.02911299155438944,0.007258128067944481,0.003987372142188847,0.012810658857046624,0.055263912196596085,0.07632505684003112,-0.0009125851953451902,0.08127765578530921,-0.01631276033241076,-0.04373212688074574,-0.030222947526444565,0.00869762761334195,0.0077701672861981465,-0.021329015838227904,-0.030059957928318233,0.0976330896604594,-0.06456735044338964,0.16888167648279087,-0.0025319858080431485,-6.407116822588309e-15,-0.027251835764868993,0.022600007345107875,-0.048170277617665146,0.13745141414051884,0.12421729892320937,-0.0976815791743733,-0.016597565156746347
57,-1.1351786898533467e-27,2.670675588601585e-28,-1.153776440022616e-28,9.99252502765741e-10,-3.3084225451309624e-10,1.1607871232276274e-09,0.027143189330490636,0.02969822694958961,-1.351704534819137e-12,2.0306644389557067e-17,1.146780992619274e-17,0.009798669219373154,-0.009150004940310192,-2.6189820371909665e-17,-0.03497687453438749,0.030086381069799127,-1.983592368983278e-12,-1.1183046473307877e-08,-2.0243287295516626e-11,-0.001504715248784649,1.1319420031491777e-08,-6.389550029764708e-09,2.4208402642467145e-08,0.0004997843655288037,0.0017560674456045227,-1.4823398345157817e-08,3.6260831620905787e-06,-1.491709837848254e-13,0.13912810358142622,1.3128309468809472e-10,-0.19029989712781667,-0.09406774623776816,0.05524311333451204,1.5321207103914064e-11,-0.05429191127516321,0.15350608218294495,0.23554582206347668,-1.4007915758066175e-11,4.947554663678807e-07,0.5105955672884032,-5.859304875996966e-11,-0.1756623600928587,0.5906754764267652,-0.06145909029788122,-4.240061277371758e-06,-4.067894838574944e-05,0.00014439142455125953,0.0010498704646683475,-0.005671749539615114,0.018340280521859643,-0.017195031275842102,-0.00029331764314816854,0.0001259818173319251,-0.13186355773148886,0.05373533017632631,-0.031053390123743595,0.08264258427183527,0.08143031667735694,0.24104560803828348,0.0002844134294415309,1.5106152688455015e-05,-0.003961465790127222,0.00015242034386097006,-0.11906836386572832,0.00031330290550625294,7.920746106347019e-07,0.003730027244906251,0.012831558305757728,0.0034632702070708397,-0.0014555205809310243,-0.001189635168562377,-0.00423415211181249,0.0011604642508508225,0.023110033888286283,0.0002496221229129373,-0.06458114185817805,0.07853082320983844,0.01922910082717856,0.0022110594196893345,0.04459538973530593,0.037605475287339464,-0.025811446945137727,0.01966626348796456,0.05256363660510299,-0.03344545069492,-0.05708603825411201,0.13961488689903898,1.1791061013256982e-14,0.006814285676885977,-0.021592151610325683,-0.032747778644857325,-0.10903799041828383,0.0922876955993144,-0.15091528721434933,0.08593787136017861
58,-4.281375365999131e-28,-3.022932648915748e-28,6.595484984466482e-28,3.768878543520581e-10,1.5190071494243547e-09,1.0751286297763106e-10,0.010118539699453002,0.011230730127695031,-1.8835237384055542e-13,-4.496272428073927e-18,-4.441594409052155e-18,-0.04497537901252108,0.04173059636950533,-2.428489361058419e-17,-0.003254036019373927,0.0033298233787509082,-1.845396997705593e-12,-3.9295036096216185e-09,-7.087983091108522e-12,-0.0005676866844044217,4.080898681704556e-09,1.6849773647766745e-08,1.0710743670813683e-08,-0.0022931380144136154,0.0001652529510491849,-3.175758144925492e-08,1.2491914885504574e-06,6.939873626799747e-13,0.0480185102096846,1.0802898126911415e-11,-0.07333210884780947,-0.040908768716476036,-0.20782557224022738,3.716657999701474e-12,0.31558555543570843,-0.007514214653250915,0.019578637396432702,-6.234620256482479e-12,1.4323005892434058e-07,0.1943409417456617,-5.699610062000152e-12,0.777075055811598,0.06418446916386931,-0.030536856819540492,1.916973563775383e-07,5.5562313826943715e-05,0.000123770413067798,0.0006623118056891528,0.018486730436796103,-0.04631626107027031,-0.004733586139517592,0.0009114590772840913,3.903080924090282e-05,-0.06318933634832073,-0.1546519971914375,0.025979171637853092,0.01288240018127873,0.19457220101451628,-0.0761126232173345,-4.123323801048524e-07,3.687159804876111e-06,0.0010277511612684074,1.253816630875407e-05,-0.01191917171808046,0.00013099977391896057,4.1499941190561194e-05,0.010159264086562545,0.033753706428957996,0.010600314254309157,-0.0028231353221794243,0.00030171671367348153,-0.0029365834321125454,-0.0033324845173325667,-0.002141422521010023,-0.0016146960946058135,-0.04332520636594868,0.013991512304214197,-0.05752530094861951,0.04581115569235781,0.0035188283843550516,-0.01565179765891212,-0.015474676880747242,-0.09446736900050542,-0.05763602692390249,-0.06723643538404395,-0.07117914576222523,-0.0873848921651604,-2.2129194414764774e-14,-0.12149369442831964,0.03993677525515456,-0.010726128747378716,-0.07957638262594739,0.15005312508297292,-0.01771238934776912,-0.1928876521833306
59,9.624466327444582e-27,9.523948079368976e-28,8.485862406011409e-28,-8.473438900563376e-09,1.5519637479388734e-09,7.73411757029934e-09,-0.028142517125533045,-0.519884377408804,1.2878837950780058e-11,-4.413264043733845e-16,-1.000266017707765e-16,-0.0948554256707768,0.005757541759713168,-4.4951110287585633e-17,-0.47219207752765563,0.022198480484182496,-6.761775865444039e-11,-4.6690632776670654e-07,-3.7178012098640926e-10,-0.0012052381927120926,9.298421572011973e-08,-1.3158649116215115e-07,9.450956584541379e-07,0.00021197355950388716,-0.001104504549876394,-4.8014936607875434e-08,2.652567808093935e-06,1.4635551842546256e-13,0.07682057253121799,-1.489654672191985e-10,-0.29173342678919123,-0.042210355799917276,0.012255161210402717,-5.663202254746843e-12,-0.05695124906175583,-0.05420168624743821,-0.2664847530620171,5.911949414095605e-12,-1.8387382292777878e-07,0.07733743575142941,2.384990303670902e-11,-0.015284092679887885,-0.07642649866689964,0.03934619974719283,4.236522575134289e-06,2.085165158577591e-05,-0.00017260533245029656,-0.0007214346678740557,0.0005438217415121534,-0.003988264035903098,0.005185375527923869,5.882865040559213e-05,-0.00018256257624114686,0.16932016044133485,-0.03441126367630103,-0.2314360013099611,-0.30428467618591326,0.10251982427624783,0.07354571472333817,0.00019332005096223405,4.38650467093327e-05,-0.003644376418951325,0.00021199461091309433,-0.16767466920968577,-0.0002157977834434356,0.00018641012675305898,0.013554493355732496,0.061741226180720386,0.023093260036745854,-0.005939681514473951,-0.0005609932452412382,0.0019138094682280469,-0.008516224234068915,-0.03425363442810653,0.00043823428298606825,0.06657769427173975,-0.02646383545852973,-0.03545376950125594,-0.025866561928247423,0.004591684307922912,0.005998366098283208,-0.018415583238310856,-0.017205556904729268,0.06267853436807617,-0.039492589561819044,0.16897777610024467,-0.002522522919716689,-6.074219211343196e-15,0.019945402900132785,0.01640650946024247,-0.03982607321145806,0.1356007388724144,0.12308571508271858,-0.09460604478783567,-0.015641768076831007
60,-8.332346500888715e-27,1.9585733015392914e-27,-8.464790499971002e-28,7.335630679885776e-09,-2.4287358649025636e-09,8.520961806879764e-09,0.024392503879844252,0.4504774709733974,-3.5585471253578485e-11,2.8577255357222565e-16,3.7371962634701465e-17,0.149566521051962,-0.009141547852835587,2.0976978756866977e-16,-0.526385880693595,0.025104646755636045,5.0202019358674484e-11,3.1309497488434565e-07,1.8448816843325836e-10,0.0010249303062957683,-4.836238077979232e-08,1.590289964113431e-07,5.410116117889656e-07,-0.0003440772905962916,-0.001198328498454051,-1.4073046879458897e-10,-1.961552242686365e-06,4.072128564474285e-13,-0.06721826225049629,-1.655118929917792e-10,0.2376959966874452,0.09391605526468737,-0.02771746071825021,2.2072197326162734e-12,0.07939159523213297,-0.07358901386348075,-0.29603351975768155,-6.4495150068269265e-12,3.291099285577912e-08,-0.07532560875935994,-3.6151008596260097e-11,0.024210671423464697,-0.08277441146510411,-0.06503356333916004,-6.718050235704207e-06,-5.456395133999536e-05,0.0002307601308793526,0.0011769742163557587,-0.005201993958759404,0.017728510136697042,-0.01982522202189883,-0.00028943800843781527,0.0002451324274410045,-0.22498445852956017,0.09553385993369606,0.13861429353523114,-0.05293212125790986,0.08976629883480625,0.29935946509040817,0.00038674995414795567,2.354715718221254e-05,-0.005315740198087547,0.00022625781760549616,-0.17707577290733864,0.00153026823387646,-0.00018001144903137875,-0.020422860723586338,-0.07556888640558436,-0.025907956475299067,0.0049072105867386156,0.0007987688289859723,-0.0020414600425575154,-0.05248761706072122,-0.10696806386900297,-0.0008176873896250543,0.008100972897105856,0.029181194264003493,0.01579238741878684,0.003344260861494659,0.03376004850483177,0.032459763217015165,-0.02194548502733934,0.006155872935086858,0.015563545035697122,-0.011398602292812685,-0.05709403879425109,0.1395057849795411,1.1780050776566276e-14,-0.027962657702650866,-0.004465749372846001,-0.024271263353132892,-0.10581796700635483,0.09132896103410737,-0.14643079026288436,0.08406191297416045
61,-3.1424985408131224e-27,-2.2192661492647524e-27,4.8394240627874836e-27,2.7667050515849714e-09,1.1151014864574382e-08,7.89234001934498e-10,0.009201525061965938,0.17004677775532206,-8.137283491825492e-12,1.355509830536661e-16,-2.5001307961749474e-16,-0.6858443813416142,0.04151925514660354,-6.725261490143583e-16,-0.049650348361466735,0.0021552181572948546,-4.995711197676629e-11,1.1889608693405157e-07,1.1043956476797493e-10,0.0003946191056478742,-1.7951283648076618e-08,-6.891491258050357e-07,4.013789959012803e-08,0.0015786617886890157,-0.00010913072238617075,1.367672598668301e-07,-6.881287347418509e-07,-6.324703247182933e-13,-0.02442053791676474,-1.643003946087693e-11,0.0896711355086904,0.04156334252533186,0.107976428682888,1.4728162103575214e-12,-0.3831530431466679,0.03048000519622009,-0.029520042156802342,-3.107772866355323e-12,4.245998055686992e-08,-0.02657250337915542,-6.702558024528804e-12,-0.10924052235263926,-0.009876981881349434,-0.031129424906685306,-9.591265476326786e-08,6.251911918229325e-05,0.00015980006164228902,0.000685486239079864,0.017475521854997608,-0.04357025897563943,-0.005622430579043733,0.0008893404087600936,6.369319921013243e-05,-0.09029674218379918,-0.2066043364276339,0.05139001173351846,0.0327650373936257,0.3692111087837524,-0.15014455513495775,9.815506019425742e-08,6.3597736305991e-06,0.0023251254847513657,2.3807892621320867e-05,-0.02417200481606138,0.0006250028641803356,-0.0001173858747599613,-0.006265431109432049,-0.023115473914263676,-0.00874415177822636,0.002188165948246884,-0.0022633251715987257,-0.0018205738737669995,-0.005531662509911627,-0.005436966424481691,0.0028214669640601654,-0.022471623818983762,0.01072452135143789,-0.04447654081583282,0.03774822532268882,0.0030027235897752244,-0.014188248111588923,-0.01380259751475707,-0.04653659637745676,-0.04174987067754134,-0.04563655433636036,-0.07175202279822877,-0.08759595720366799,-2.159644156604804e-14,0.0854550202058274,0.017806916342217247,-0.008583343652920426,-0.07811390821659826,0.14915170749479106,-0.016418780362099896,-0.1885859269322481
62,-2.488297086874864e-30,-2.186645836148405e-31,-2.163252161574695e-31,2.207858256526469e-12,-4.048368116208939e-13,-2.022341441717789e-12,0.5654750399514951,-0.032018874603165166,-2.522397581480065e-12,2.084838811484728e-17,3.7799946633546477e-16,-0.005804665553847185,-0.09422234105640144,1.4695085736344341e-16,-0.026264750881946478,-0.5265976513641303,-1.4956709853137865e-14,-6.445481582429708e-11,-2.1411824217814628e-13,2.0804098825904738e-05,5.591194108980095e-10,-4.537804352500491e-11,2.0366594554340453e-09,-3.5318374357663867e-06,1.5380399801198612e-05,-5.1383191959736035e-09,4.936324668573882e-06,-1.0922342894378078e-13,0.20539369439613206,1.9515555993602625e-11,0.04190400174257587,0.00665537352289878,0.01869139894427311,6.517041206131848e-13,-0.017089504094438674,-0.21253255299463122,0.03469088014720721,-9.260673614286268e-13,1.9171154959329763e-08,0.04294503084239733,-4.4244627241579134e-12,-0.007538720508973915,-0.0340326834070618,-0.009782813941750476,-1.4388920251671265e-06,-6.958992551277136e-06,5.624012260822237e-05,0.00018681345498285432,-0.00014978045522896544,0.0010730971206831896,-0.0019516206324027032,-1.5165641906301011e-05,6.806710118558196e-05,-0.05760876311199995,0.013621913821505668,0.10276565859528193,0.09619431641398353,-0.030242871591310685,-0.01714331617052571,-7.359852716533891e-05,-4.7054126000274817e-05,0.0018000434216352008,-0.00013407261576360764,0.10656221828317071,-0.0020091795454579256,-0.00032671694172709285,-0.06855459601196516,-0.25575736627243173,-0.08168471402414257,0.02119931713538271,0.008688225422989722,0.02541947430847487,0.1245037264279982,0.19419383716436234,-0.0026142671435499926,0.10252013963032036,-0.004479360243701478,-0.053466507002662596,-0.03573883569029033,0.013609421127118859,0.009962071573622661,-0.024780748728443602,-0.04520005346805399,0.14003005880642544,-0.09444145120965582,0.17002951574160383,-0.0023004377373339,-6.6361207947878186e-15,-0.0748591571149239,0.030125046813694125,-0.05821550452154075,0.14076616860625968,0.12536707024427862,-0.10153349573926002,-0.016967446065919035
63,2.155120722025464e-30,-4.808652038757142e-31,2.1311285637359477e-31,-1.912195581488854e-12,6.334088069871945e-13,-2.2134939230933805e-12,-0.4972837551753946,0.028238959640240934,-2.7396546909193217e-12,-7.080365396847906e-18,-1.0706921658003589e-16,0.010741016810604728,0.16761315780191524,5.382266655521216e-16,-0.027959727452099733,-0.5612011053732294,-1.3894679277439388e-16,-1.903623297348556e-10,2.0857891167109822e-13,-3.7095914544817387e-06,-6.338782399360345e-10,7.937189874540878e-11,-2.44542181581856e-09,1.4478190776270498e-06,3.363234921018137e-06,5.202016396566742e-09,-5.3497993565409e-06,-1.6220258364730866e-13,-0.222788843757644,2.393666768320327e-11,-0.04728097416243722,-0.005894436881451765,-0.08412339958938975,-8.103915682481678e-13,-0.043302142979487174,-0.2351767759102254,0.04260152929764493,1.395162963615743e-12,-2.105573776148718e-08,-0.031025746256881995,7.516546132990037e-12,0.012643097688924403,-0.04493166714570667,0.01617025087173561,2.6071761318048182e-06,1.759554916799575e-05,-8.82231247312462e-05,-0.0003057815493076701,0.0011404173284693688,-0.0040933845090250776,0.0055118543722329815,6.701546207040618e-05,-0.00012137445876187724,0.09412335136529379,-0.04528462831781113,-0.20434366530188816,0.2045193148417804,0.0138610084589262,0.009355764602671216,-2.7571909307631945e-05,-8.305161786128283e-07,0.00025773362244915733,-3.323032666711848e-05,0.026326067711980566,0.00018069062936356415,0.0001350943481741562,0.03387489527546587,0.11653470142585766,0.03600303735902677,-0.007919409235596921,-0.003851851912642419,-0.007226247894986553,0.057955156093337824,0.16395887415780086,0.0008484448209688995,-0.14917427837028385,0.138251546413922,0.02350833842828313,0.0007557010722356901,0.057705834079690294,0.04382796553763573,-0.030432653832110287,0.03612240359791827,0.0976069582786278,-0.060094439067880596,-0.05689472408786022,0.13986670580202815,1.2076632245510698e-14,0.04582830995239468,-0.04220944724126752,-0.04296869225960348,-0.11270604751136303,0.0931337867348031,-0.15620087028947888,0.08852113561564147
64,8.128102282533942e-31,5.805189391221477e-31,-1.2263613345810125e-30,-7.212110452451922e-13,-2.9053331230641715e-12,-2.034197288276687e-13,-0.1839427967253515,0.010397833171689323,-2.962650929789308e-13,2.8685636495561756e-16,-2.0744494139296595e-16,-0.04756832571576952,-0.7532537320974839,-6.906002036738418e-16,-0.0030509857231020205,-0.06257340678500607,-4.434199481707165e-14,-6.792060797820625e-11,4.2226742152313503e-14,-5.965051329217259e-06,-1.8581716953803164e-10,1.8053822287212857e-10,-7.146217601113082e-10,-2.3010691990503305e-05,1.5947710629966292e-06,2.811752240604801e-09,-1.5840251694605934e-06,5.956664745542054e-14,-0.06597023970312775,2.9316563990974167e-12,-0.013182413357693872,-0.00010020257061407535,0.28513629682969305,-2.9474254491204363e-13,0.060009407956016704,-0.04557147625794672,0.005226722292321287,6.263225182766916e-13,-9.426647994303638e-09,-0.012736003045708995,1.3164473183083255e-12,-0.051276965166000776,-0.004610582104312643,0.0063229726551400495,1.5921697892735752e-07,-1.2449492239465704e-05,-3.945700398731206e-05,-0.0001397794371544459,-0.003208128779170904,0.007945338278644873,0.0013183835084331328,-0.00016549675741725785,-2.188893281090912e-05,0.02558924221004121,0.050082414088791036,-0.025082391112906263,-0.015286972437920982,-0.1620481322021019,0.0702276719391349,-1.576355170958477e-06,-8.239547100045567e-07,-0.0013466856535041681,-9.635227499869942e-06,0.011422607704628003,-3.0432813921326522e-05,0.00022951036350244772,0.028026688537047765,0.09248234363815475,0.03131344493262842,-0.008718967134935557,0.0022450218390431434,-0.004557692255850146,-0.001790621692974667,0.00012201788016798026,-0.005421361475618891,-0.06859760970526489,0.017924026214469445,-0.07305190650475307,0.05569649152171111,0.004062083182592019,-0.017508769206011895,-0.01738554837764761,-0.1519355083053795,-0.07733052450318144,-0.09289466518963654,-0.07162636376992293,-0.08764859821642716,-2.2734904836611017e-14,-0.33696004883357755,0.06642011101182052,-0.013042119518683937,-0.08224089958344251,0.15118122315360097,-0.018732660051729386,-0.1988012350969697
65,1.4421455823567904e-32,1.100305288563868e-33,1.236231932583382e-33,-1.2895945821769595e-14,2.3685715714321567e-15,1.1877685586895459e-14,-0.09429416086368438,0.005536899783558967,4.259553767502892e-13,-1.7033312243794302e-17,-3.027647429322387e-17,0.0009975975286304018,0.015626060021989702,-4.022518880890144e-18,0.004603045905914992,0.0885636693451476,4.2928019838157615e-15,2.7518418029106894e-12,1.1707341326181032e-13,-7.444429600338178e-06,-5.017388720889925e-10,4.540717546691001e-11,-1.9398295555452358e-09,9.69161515169248e-07,-9.374700061359169e-06,9.62386797157775e-09,-1.2163683657359878e-05,3.1891714453765713e-13,-0.5088969216407518,-8.193295626266247e-11,-0.1590432503665802,-0.04187692562439074,-0.04560870277960475,-1.0526040648621058e-12,0.03151732407949852,0.526355402730501,-0.1463870435455043,-3.4768056332207946e-13,-4.869493320425711e-08,0.1592058073251894,-3.6941465297037456e-12,-0.02869422166457594,-0.15802473059504477,-0.012152927896435238,-1.769047943004944e-06,-8.185941698897553e-06,7.065762873496886e-05,0.0002330334881447294,-0.00014465159393346695,0.0012398028991658628,-0.0016845712504576886,-1.9082847563506363e-05,8.233526187186778e-05,-0.07178365064452394,0.015207223598648886,0.11841497131682312,0.1476959735539041,-0.039730022908903144,-0.019372579457172714,-8.979169273350653e-05,-5.365480593004758e-05,0.0021624381783609224,-0.00015817913442670728,0.12567904998058838,-0.002225089536041388,-0.0003541551905034158,-0.07349569428315908,-0.27491296426706213,-0.08796555405047359,0.022845436037129897,0.009237356007663015,0.026854013064703655,0.13180365617369585,0.2063007660996164,-0.0028092850106062597,0.10547368243266984,-0.0035739455014100275,-0.054532742083800614,-0.03633710948304755,0.014058509646141953,0.01016185756639008,-0.025117819375786592,-0.04694142907739762,0.14438704666241883,-0.09751123850258073,0.17012977006985444,-0.002270930533712102,-6.3724710566683254e-15,-0.08041546753233546,0.031076615500794106,-0.059231252601343064,0.14113697735322328,0.12542474292388553,-0.1018824365698445,-0.016988998047323213
66,-1.249380359350301e-32,2.643972830148654e-33,-1.2018873757756234e-33,1.1172066234784995e-14,-3.703686802920817e-15,1.2867499575630893e-14,0.08245075989661628,-0.00484982307796399,4.556041915298049e-13,7.41477472979833e-18,7.00045191982713e-18,-0.0018210017542146786,-0.02757405032052871,-9.545910528399115e-17,0.0047563947405110316,0.09175398135784364,-5.141710814771036e-16,5.532663279930732e-11,-1.0831633658551199e-13,3.116541604075646e-06,4.965490420739733e-10,-5.219353303895677e-11,1.971233676231438e-09,-4.542093421729356e-07,1.1394224518291693e-06,-8.837387720234336e-09,1.140922392691224e-05,3.5788876082625374e-13,0.4773881846240833,-7.74660664121386e-11,0.1487384472258706,0.03657022230347874,0.17089813587246905,-5.084754259447065e-12,0.1045618215317251,0.4644234082772643,-0.13829290076885598,4.931440726380962e-12,-1.6360992570953987e-07,-0.16781683944514028,2.1748572178176118e-11,0.05611647823135087,-0.18993992629976678,0.03142897430356685,4.069272840086865e-06,2.9443833558516593e-05,-0.00013742810758332025,-0.0005719234834043171,0.002473196172543356,-0.008485723580400117,0.010006631818025696,0.00013733132266044166,-0.00017959803684813167,0.14357449294151983,-0.06862540422617476,-0.2782864625593581,0.28740564684158865,0.017055650916541786,0.009993329778735903,-3.726892307429178e-05,-2.5749800715212164e-06,0.0004196100858346719,-4.484329047753102e-05,0.03547668070561183,0.00014848752963304623,0.000140685683464842,0.03544101669736175,0.12165411575627495,0.03755694528556366,-0.008186682589769265,-0.003997035591955693,-0.007321117424456165,0.0627200151400477,0.175311495201934,0.0008803853022547361,-0.15522374686234863,0.14285625001790114,0.02378245360241143,0.0005966754433409354,0.05874841444314212,0.04432353191864149,-0.030811169177419776,0.037311307545586585,0.10137220032638414,-0.06231715620339416,-0.05687502055362452,0.13986352483191258,1.2057993961011652e-14,0.04851824338840607,-0.04372872695787335,-0.043822928036361154,-0.11296675107775328,0.09320501539565693,-0.1566200060790011,0.08870154121651187
67,-4.712126723907152e-33,-3.401416022890905e-33,6.962640849056186e-33,4.213709930346484e-15,1.6967154637072238e-14,1.167562999055892e-15,0.03068907362096214,-0.0017996037417657912,4.995710452936589e-14,-4.2736328570333706e-17,4.807014279887582e-17,0.00821099896567269,0.1258577746698752,9.526353838061181e-17,0.0005212413804416622,0.010330051401564818,1.3806793028372018e-14,2.1655846459953927e-11,-2.848704347074697e-14,2.343621466045897e-06,1.6237443025997239e-10,-8.467804065121956e-11,6.446282828608311e-10,9.774292326525814e-06,-1.3060916320741527e-08,-4.1119170497403355e-09,3.881692202974412e-06,-3.2500518414074834e-13,0.16245907523553227,-9.47857259870129e-12,0.050389561533367044,0.009999839036100163,-0.6998292828123766,-1.1347157796727447e-12,-0.225974557152379,0.12072772210880933,-0.016968079180436052,1.911845097518149e-12,-4.332966297108354e-08,-0.05610916013550632,2.228530858760575e-12,-0.22467484256035442,-0.01827603397901624,0.011735141525283323,1.1605748354199585e-07,-2.2395512412709782e-05,-6.109874941786361e-05,-0.000257192537117656,-0.006569223784562503,0.016376094208086563,0.002128369192206324,-0.0003303839868117976,-2.8555362761527882e-05,0.0365332791412109,0.07807344583940498,-0.02921628820558292,-0.02105252119709546,-0.20582198478866187,0.08682502593933303,-2.7034882212231745e-06,-1.3652253152393792e-06,-0.001615714454782898,-1.2647388932795398e-05,0.014477134181899986,-4.852952457174949e-05,0.00025095108133234615,0.03007910521119511,0.09925090165891741,0.03369643338843954,-0.0093926684632962,0.0024548031276216253,-0.004745833444438025,-0.0015835345902690864,0.0004907389529917457,-0.005841877391345607,-0.0714747131753521,0.018415773619454057,-0.07468807057545203,0.056752044555075806,0.004131841124812647,-0.01769628093286762,-0.017585385100482707,-0.15813234521031636,-0.07942611189742588,-0.09565615162754598,-0.07168579398815735,-0.08763692391587968,-2.2803531676531735e-14,-0.3606916679422932,0.06926150187676886,-0.013286158193514664,-0.08253548682765761,0.15122779939287323,-0.01882746512476885,-0.19935232605315958
68,4.4832607300748146e-32,3.4137547252383054e-33,3.8424784474035534e-33,-4.009398952459033e-14,7.364210312306597e-15,3.6931792622530656e-14,-0.44371734859139816,0.02657955484635194,1.9711114465765395e-12,-3.4321543355698016e-17,-2.5149305200751263e-17,0.004830545079158027,0.07408743626183355,2.955512786656824e-17,0.0218805279220379,0.41236715250286127,-1.871880585428169e-13,-7.975400677730669e-10,-2.188151159146116e-12,-0.00017625295423973528,2.050089790015573e-09,-6.188134768899933e-10,8.939694162876213e-09,3.206493177203833e-05,-0.00015464303904415071,-1.0497689549451689e-08,9.269435390595912e-06,-1.9621234041178285e-13,0.3850501365156326,3.239614802558527e-11,0.07167023160885086,0.011313298602175234,0.0363769685120852,8.177781906863479e-13,-0.03184259264312116,-0.38743151430704553,0.057560535101643134,-1.1228043915849914e-12,2.43071531581816e-08,0.05967078998276761,-5.300398246465644e-12,-0.010408790867290043,-0.04434641215520563,-0.011347722852229623,-1.6407737267973032e-06,-8.07496576497686e-06,6.390547609816743e-05,0.00021578730893069374,-0.00020203954086370243,0.0013143578080216098,-0.0022165249758187055,-1.9074726423741276e-05,7.726086551491568e-05,-0.06544376041617034,0.01608857180993947,0.11753420863089262,0.09676368630126934,-0.03496030701891039,-0.02321499952039465,-8.343221528510924e-05,-4.9059366235240416e-05,0.0019697294735125485,-0.00014308689148457565,0.11368138007278532,-0.002072260401049218,-0.0003334591417244494,-0.06976391582380236,-0.2605304117365903,-0.08325375375167422,0.02162792415039212,0.008833374944677824,0.025831735688108773,0.12711795966044956,0.1988451384471677,-0.0026688608088460746,0.10287412939255505,-0.003835362851107377,-0.05378838170501458,-0.035940557475824385,0.013825633318335504,0.010059522619250947,-0.02491691756429709,-0.04564878085558557,0.14167281727473588,-0.09557396277768163,0.1701116253950773,-0.002298899890070475,-6.590799383825545e-15,-0.07628936588269265,0.030296038149919116,-0.05860331278160282,0.14090730354182204,0.12541410894385707,-0.10168802241868875,-0.01696875905724982
69,-3.8874609250840385e-32,8.224705977773024e-33,-3.7392747060315664e-33,3.476555001387001e-14,-1.1529056183728045e-14,4.0058648121602844e-14,0.3997030440154572,-0.024008942834594545,2.31647108419851e-12,-3.1193795186232306e-17,1.2979965350032347e-16,-0.009165556775860305,-0.13609872804241158,-3.728477202642797e-16,0.024438491799561816,0.4588728132711243,2.0949023741460954e-13,1.1699937411732324e-09,2.2465873384718614e-12,0.00014980970522841553,-1.764518413211117e-09,7.295414731150666e-10,-4.811664274885864e-09,-5.1586343358434537e-05,-0.00018505145884487015,9.109988649911446e-09,-9.083354492940952e-06,-2.6003256350744794e-13,-0.3779130333419848,3.594780702896686e-11,-0.0748344156966221,-0.008245648367803657,-0.1413811829082402,-9.274366236138822e-13,-0.0704643545619347,-0.3923998354940576,0.06393580445371132,1.5683124591517415e-12,-2.399691230360124e-08,-0.03579182880037343,8.334449505799294e-12,0.015026517355209263,-0.05309819478892527,0.01688336448004197,2.5498576477404293e-06,1.7582772124399145e-05,-8.651342081594721e-05,-0.00031657409628943624,0.0012201424417683506,-0.004333360321688809,0.0056470772045663755,7.077519031152614e-05,-0.00011575366275222888,0.09135417780097502,-0.04310504448017035,-0.1810081655545393,0.17119062211021732,0.004913729346921733,-0.015291607982417956,-5.4579596527403205e-05,-1.4833190199842054e-06,0.0006071314412240201,-4.585561694286325e-05,0.03617868701184321,0.00018543432435907665,0.00014546815102406532,0.03601951578641518,0.12407158032767718,0.03839909158775173,-0.008419026825580848,-0.004037057326259048,-0.007474715397562022,0.060875908602858304,0.17148181413726873,0.0008909296855758506,-0.15414647408011475,0.14153056578910522,0.02378707386338683,0.0007046193540902776,0.05839625746293372,0.044153860057700556,-0.030663862715874294,0.037093615988801426,0.09988734079892174,-0.06143367413773778,-0.056895370136535166,0.13989050115559068,1.2232446094196522e-14,0.04823006557807399,-0.04339687839729125,-0.04347457252769003,-0.11291875619777703,0.09314217693401929,-0.15645478956391376,0.0886839629756026
70,-1.4648873817850001e-32,-1.0575333910598913e-32,2.163944934514677e-32,1.310065771447947e-14,5.2751172712099766e-14,3.628854288707618e-15,0.14431941757114267,-0.008633927765094642,2.4603848944074e-13,-1.8599839105775744e-16,1.4870569541183752e-16,0.03922729637914513,0.5907887620380611,3.0942547593827807e-16,0.00254422366014351,0.0493176400071308,1.8605919892991787e-13,4.014749496128973e-10,7.813160555869941e-13,5.6951904745541104e-05,-6.165328038928362e-10,-1.6628740977043698e-09,-1.862570844679171e-09,0.00022870959996555403,-1.7158053012396197e-05,7.0649224396255305e-09,-2.947000729820912e-06,9.532443507302476e-14,-0.1226142798499685,5.007148576931044e-12,-0.022346196514031323,0.0006477015770894927,0.5264487279502885,-3.7829470358874014e-13,0.10168517930469001,-0.08367808056130313,0.008918648699766812,7.964785174085673e-13,-1.2249774125101015e-08,-0.017097570564086898,1.566678086187646e-12,-0.06846794328038669,-0.0062656005500625524,0.007489723711534326,1.7017111584363453e-07,-1.4493192238952955e-05,-4.499344297514972e-05,-0.00016511613733607424,-0.003845655234196237,0.009533601271253522,0.0015278707464939107,-0.00019739701164220815,-2.439613725949973e-05,0.028835312350106043,0.056484147269457594,-0.027825358917035355,-0.014976354707883622,-0.17382982996676213,0.07575128934541601,-1.0472596621810744e-06,-9.700865520910888e-07,-0.0014346255894734767,-1.0161079903046808e-05,0.012039811196141566,-3.6151829996528646e-05,0.00023584546898155608,0.02861320383475416,0.09440042296343819,0.03199346346799321,-0.008915413954129585,0.0023155095569717143,-0.004610704677154846,-0.00178069289941782,8.882568121589274e-05,-0.005554571065027629,-0.06941292459650256,0.018013092715587396,-0.07361088340097603,0.05605368943014772,0.004068603037391469,-0.017584902557111544,-0.017449716078927983,-0.15397479298851552,-0.07806950725391419,-0.09378224811266692,-0.0716601802005148,-0.08768873784568945,-2.3005224932305337e-14,-0.3445103514957119,0.06737016890268734,-0.0131141343359118,-0.082345571718318,0.1512398490278985,-0.018751975893347393,-0.19905883249665
71,-3.5507425550520714e-29,-3.12194998199093e-30,-3.0874014884360895e-30,3.150462776945639e-11,-5.7774244071440515e-12,-2.8857617818410464e-11,0.0029303594603826443,0.05607973119573432,-3.245496184083568e-12,3.5945356465027806e-17,1.574899395447158e-17,0.01024806835129007,-0.0006052285026844486,3.6362223161551064e-17,0.05096860617354756,-0.002291848724879442,1.6636229723757214e-11,7.456139912355525e-08,1.079084159749979e-10,0.051111346585388975,-4.186482434169703e-08,2.9064299383255112e-08,-2.169008772358904e-07,-0.009300781266492145,0.04656666374011967,4.376046115471974e-08,-2.9545880521737734e-06,-2.787558769781996e-13,-0.08985686145996392,2.494060696576167e-10,0.45872286693524067,0.15786677487700745,-0.017786121859942453,7.096189073656722e-12,0.09629054368187026,0.062352513038650956,0.44749716023192354,-8.715076584186522e-13,2.977417428488918e-07,0.38379580981067457,3.445699527082303e-12,-0.06549876534785598,-0.34194246706304354,0.027553125373351636,3.214526031057155e-06,1.4883551467517145e-05,-0.0001336859252032383,-0.0005130394073783073,0.000356298807352197,-0.002835002448895145,0.00013597691091084824,5.37650547093082e-05,-0.0001367879972162481,0.13148060951492252,-0.026287685475909407,-0.1738545462932237,-0.2380135498312319,0.0905544224535247,0.07938902913628289,0.00016022176241219744,4.372373843741867e-06,-0.0025563185907497756,0.00012104538963104789,-0.09527020270182422,-0.007540414013314656,0.0006207559527318572,0.038628503601831024,0.15421341443419503,0.057411170124075164,-0.01244671088444599,-0.002743675046812239,0.0022048846324009466,-0.03324555085731454,-0.0915453818014566,9.697049399720883e-06,0.09674035011497922,-0.02987435019135039,-0.039148277805801726,-0.02788150509011656,0.005650044280291355,0.0064892053859005715,-0.01937783804815357,-0.022915136951634132,0.07335993789293213,-0.047111366808097896,0.16737721943402004,-0.0028962529166217973,-6.00494552691702e-15,0.048382332128033674,0.0214786587591749,-0.04292373985245578,0.13590728560134765,0.12127031868422129,-0.09425106540289908,-0.015834720931117145
72,3.0753326095353087e-29,-6.863494498704134e-30,3.0414174749284217e-30,-2.728594659268509e-11,9.038388175498285e-12,-3.158719112207983e-11,-0.002540058239053261,-0.04860178140586496,5.377678674029119e-12,-2.7158630459808847e-17,-2.3871520366679624e-17,-0.01614554613263195,0.0009569920141368915,-1.5963906157213253e-17,0.05684600591750627,-0.0026151097639727124,-1.329527032441979e-11,-5.123506851305177e-08,-6.885801251423217e-11,-0.044328695046594355,2.6410878784743582e-08,-3.21539449344109e-08,1.1795301457885475e-08,0.014734566456093902,0.051807410336432554,-1.9978900935003348e-08,2.4075225637711426e-06,-4.534562855709734e-13,0.07823070790237908,2.7649440612358137e-10,-0.3894439540887644,-0.17590940034952213,0.03387086047398235,2.4858742376494412e-11,-0.13784396612955221,0.0843328620544641,0.49594714677928114,-2.2402697304805067e-11,8.107348518315812e-07,-0.316583561145847,-9.242147488382385e-11,0.11253461332059446,-0.37619803875803126,-0.09127961232299578,-6.7621650045335595e-06,-6.264638006429802e-05,0.00022803229125129825,0.0015606279413722267,-0.008574165595378404,0.027648012803912672,-0.025757322867872242,-0.0004427766309203889,0.00022161629588445176,-0.21482823848191335,0.09459474810645802,0.0886978148195609,-0.08136964164511497,0.06259668387462959,0.1932989954512514,0.00023091887648294006,2.447033488086838e-05,-0.0035004585059036676,0.00013229058816887658,-0.10324473640808554,0.007003085682434326,-0.0005646015683456141,-0.02701457531291229,-0.12375871211634468,-0.04907971291662821,0.011707577711821935,0.0003503669714313904,-0.00320727568808455,-0.09277922580246437,-0.19040321565936155,-0.003625212716402444,0.025557558030736637,0.033560653981117135,0.01643845519006574,0.002905579549330976,0.03639941107716175,0.03368085904464057,-0.022887668007139924,0.006468170284619799,0.021713242237742868,-0.01507944956163379,-0.056508501558231145,0.13692095426554732,1.1591978414949629e-14,-0.04865046859972988,-0.004086336503336695,-0.02650967454195675,-0.10543105523847715,0.08959772284121928,-0.145249086676235,0.08332126998499423
73,1.1598485884335122e-29,8.283562569681204e-30,-1.7501712704216393e-29,-1.0291073562508984e-11,-4.1457991371961785e-11,-2.9037538845799202e-12,-0.0009581534220989396,-0.018341922825633954,1.4466858720067648e-12,-1.0544528877608637e-17,2.475606924006161e-17,0.07402670122916113,-0.004339502581409085,6.781315505746985e-17,0.005374914455814981,-0.00022294519334491443,8.257186119358847e-12,-1.9038419036157705e-08,-3.402350945800396e-11,-0.016713716876811658,9.924376759672425e-09,1.2054046758151492e-07,1.63949262328914e-08,-0.0675729355782196,0.0049289854542927045,-7.657426227914821e-08,8.695466951790165e-07,1.297838030061599e-12,0.028956173605358265,2.871473799088679e-11,-0.14643628851833237,-0.0744536059925908,-0.13105950416663123,6.127897986288093e-12,0.6365085075733031,-0.05865140835098819,0.05193939453085827,-8.26371218607788e-12,2.360510501985397e-07,-0.12426864831926235,-7.897457400057236e-12,-0.4956676252337051,-0.0409379185961031,-0.04261392240397938,3.001107901736059e-07,7.669962921571458e-05,0.00016837515234427035,0.0009230586098162149,0.0260096002642552,-0.06519354197273983,-0.00643890782566374,0.0012780117484729131,5.162917566798198e-05,-0.08499119977795498,-0.20929351941113747,0.03377773602069643,0.01688308418154373,0.25252013351803343,-0.10066251079652794,-4.266845927947994e-06,6.918202238043612e-06,0.001335133153291423,1.4660617224969965e-05,-0.01401211930332132,0.0024560797875704215,-0.00014994972167783443,-0.012852834821771505,-0.05792289088266439,-0.01814124696415446,0.0026350451106763677,-0.006817611563718703,-0.0032796511172803566,-0.009119766233166798,-0.01024668613324179,0.008769395350809827,-0.028983711376657038,0.012379790369817754,-0.04964235001784677,0.04113156204529537,0.0032328089259414453,-0.014734402294145365,-0.014400303596848964,-0.060749117641769795,-0.04807959309154062,-0.05377569748123001,-0.07086441919467645,-0.08613203017529623,-2.1393790315119346e-14,0.204314601750499,0.023892910025875288,-0.0093719586420668,-0.07816666088248642,0.1469757094150852,-0.016577407123265997,-0.18800725012702993
74,4.8868331654971155e-32,3.727717730272648e-33,4.18945288094587e-33,-4.3699389254448286e-14,8.027252437607438e-15,4.025012591807693e-14,-0.00014844875846020992,-0.0029895532316619737,5.820797249388124e-13,-1.5959963457039769e-18,-1.9389709395216251e-19,-0.0005475465127975668,3.121193880585179e-05,-1.1953466744757237e-16,-0.002713198575342426,0.00011303037352116796,6.489082131485619e-12,4.2340449361395085e-07,1.8385642023891834e-11,-0.5373075302661875,8.007284853841821e-09,8.168565057705359e-08,-9.271441352483616e-07,0.09764263389095797,-0.4884947945994522,-8.724272135226126e-11,4.525165362907832e-08,1.3419634489007398e-14,0.0016107155324226981,-8.447209498926167e-12,-0.014645594306150683,-0.009012840424594057,0.0005027060027209539,3.1334664132266157e-13,-0.003338056606081702,-0.0010966506299925805,-0.015210618486256424,-1.1615483692516684e-12,2.503134458827212e-09,-0.04467807254783521,-6.07462527169876e-12,0.007812241881322071,0.040325077309445505,-0.015648540002547055,-2.279579114913377e-06,-1.0647853150141037e-05,9.030906806513617e-05,0.0002994153140083,-0.00015996888651734388,0.0015133546507890654,-0.0028454187652926736,-2.1043643826117302e-05,0.00010736364398067327,-0.09201001539545269,0.01960729618617647,0.1542968870943271,0.19613585861014804,-0.03612581928056607,0.010633992738151061,-6.699564862287376e-05,-0.00010685809411631787,0.0025404861657129757,-0.00020896632769404084,0.16640296002323857,-0.02507598258812099,0.0016272979866302744,0.09705760126622094,0.36705629991066796,0.13614877371061276,-0.02706680380285088,-0.00791839647669712,0.002719914613390308,-0.09075104746886062,-0.22368943966015076,-0.0010832129128986844,0.16347296765574096,-0.03706478895894838,-0.04744743211750777,-0.03240374192558971,0.008142067678948895,0.007794219808360069,-0.02194157410314071,-0.03549924392635802,0.09668838206334811,-0.0639223818295957,0.16873247081567205,-0.0029894991626203357,-6.5053919751658606e-15,0.11423711310620117,0.03258732951361676,-0.05028477998309965,0.1394926976382869,0.1224043183717953,-0.09729866622977275,-0.016580490792157166
75,-4.233688472092196e-32,8.959227300903084e-33,-4.072643655593006e-33,3.785833679820627e-14,-1.2550727839585057e-14,4.360544864221329e-14,0.00012870482843288806,0.0025917233405130663,-6.362026291953648e-13,1.0458869039390476e-18,7.922739796723304e-19,0.0008617142649036125,-4.899368724904564e-05,1.1823149427494098e-16,-0.0030353200583436105,0.00013378436937558323,-5.667618887236075e-12,-3.685149532100726e-07,-1.944072809934139e-11,0.4661511380576216,1.300983000345728e-08,-1.309698956212283e-07,-1.0187310940713005e-06,-0.1548477566332308,-0.5438048541505945,1.4624536313021193e-09,-4.910078892866385e-08,4.911396515187239e-15,-0.0013818477735682668,-9.350735192173971e-12,0.013023027937560475,0.007135166003818024,-0.000699853499049721,-2.6584024566504322e-12,0.004979498042885042,-0.0013412622323091296,-0.016829504074441635,3.1799061700049614e-12,-8.09017971419805e-08,0.0381141253367089,1.5120812561659964e-11,-0.013267511838133128,0.0441142420979015,0.024696256090655844,3.064214966407316e-06,2.2140141510035536e-05,-0.00010657335555883895,-0.00045377230768072163,0.0017888360304951821,-0.006287192726204821,0.007716303639085556,0.00010119490338649057,-0.0001255491716195291,0.10777555208813232,-0.04321003953302068,-0.10787241412758013,-0.019899972971517587,-0.07180295700390926,-0.25705086006354155,-0.00037200075357790146,1.4451092332380957e-05,0.004258542922248886,-0.00021397418950173057,0.16809767296295725,0.019645071414993144,-0.0014499401692996425,-0.03921592709916687,-0.2260399223671652,-0.10001704353619528,0.02721105487599145,-0.0008602506588569172,-0.0057933410674185296,-0.18368977823394336,-0.37875049644705533,-0.010222553152903529,0.06560119522912383,0.04287157247412038,0.017770161543507364,0.0018868660468134013,0.04251067664946933,0.0369622566182017,-0.0254396041647612,0.006884168801650375,0.03541479758225333,-0.023343744685351286,-0.05587702267873343,0.1360683453244155,1.158477552801978e-14,-0.09412771152770923,-0.003017058570419568,-0.03186044825718121,-0.10673242417380686,0.08979469004404611,-0.14782388207937047,0.08421154474358887
76,-1.5967442043474333e-32,-1.1526189152270606e-32,2.3593483165046926e-32,1.4278637909363343e-14,5.749638176052413e-14,3.957866259880307e-15,4.854224396789624e-05,0.0009777645432675506,-2.0750508911137016e-13,6.454921369116356e-19,-1.5451964939285668e-18,-0.00394671000976224,0.00022081358908621266,5.4808776671805524e-17,-0.0002887932919198498,1.1574996501852736e-05,-4.416820045320761e-12,-1.3902932304013097e-07,-5.614405077759004e-12,0.17569898162464134,1.2973562181936887e-09,5.923515119706182e-07,-9.873196416639891e-08,0.7095225076174994,-0.05159502699659415,-2.8172080943111855e-09,-1.8716004143010467e-08,-5.49358006868655e-14,-0.0005355684950695982,-9.968342087911145e-13,0.004867882534883144,0.00286728630986709,0.0025451646107752116,-7.932850360271398e-13,-0.021472113186685626,0.002325987716373355,-0.001817524572977455,1.2810873700776595e-12,-2.7864443740054416e-08,0.014601266476899048,2.3157211390814033e-12,0.05837862411456863,0.004867024867800894,0.011470392548605142,2.3255651391659128e-07,-2.235054962996232e-05,-6.772051619157255e-05,-0.00025287540871505156,-0.006029314192129455,0.014967977742816324,0.0022693838354636993,-0.00030806816443659535,-3.5937981750544716e-05,0.042992191859812956,0.08632862398585572,-0.039438862057362946,-0.0329404498035877,-0.2776239304565041,0.11249482479132934,-1.3923584389819151e-05,5.235847677783559e-06,-0.0022620932572278065,-2.0130278077587482e-05,0.022809680832235304,0.006672161360294792,-0.00020314454460170297,-0.027638524760495786,-0.13769315960530562,-0.03921974128506574,0.003342843070366361,-0.017389496956656696,-0.006563629916162483,-0.017362448185747118,-0.02160149045998517,0.022577063962431913,-0.042812104103264886,0.015933204411492936,-0.06127141741351878,0.04880506898456163,0.003786116449394493,-0.01619219764515507,-0.01600890101733278,-0.09175940409855994,-0.06177638437687407,-0.07166751701513321,-0.07100358873470927,-0.08612041251245178,-2.2122007462192784e-14,0.47697375480223836,0.037222794036245434,-0.011277886526685845,-0.08030572246968984,0.14777440495049102,-0.017581976045372833,-0.19272378778620497
77,-4.6126278958288804e-34,-2.943843719963174e-35,-3.8991801472647246e-35,4.15703938974883e-16,-7.653907055143721e-17,-3.8624287456778505e-16,4.4711708541670464e-05,0.0009372968021889025,-3.5282666051108765e-13,5.85268481549084e-19,-2.102840656942247e-20,0.0001719862937576626,-9.566535013191322e-06,1.7776859642047894e-16,0.0008486762346147397,-3.288586254476417e-05,-7.18060917812498e-12,-3.9874180094233337e-07,-2.539654248381564e-11,0.4963680489004662,-3.2159272823627653e-09,-7.810171312050834e-08,8.820636412552512e-07,-0.0901125068515225,0.45116143353213944,-6.551774625679388e-09,4.446722357763948e-07,4.789194886471167e-14,0.01350472802875935,-3.93572201019707e-11,-0.0720232222729354,-0.026762257656126488,0.002762707652703608,-5.297687021327299e-13,-0.015288761943486742,-0.009434864655566824,-0.07064695629282644,-1.0293824128358805e-12,-3.249274099568299e-08,-0.08572562909271456,-6.3916086059712146e-12,0.014810825547312678,0.07682953267356156,-0.018914821148655208,-2.7078485890672596e-06,-1.2617885103779035e-05,0.00010780279091752995,0.00036119435100757024,-0.00019924669101866163,0.0018464188170754404,-0.0029898859599081645,-2.707728852936333e-05,0.0001264051771265198,-0.10949898368932794,0.02321449734625401,0.1800054399067558,0.2303568784619232,-0.0463154080067236,0.004910500541342772,-8.501783190070866e-05,-0.00011524547419435221,0.002937565749001849,-0.00023435616195556467,0.18653135472004742,-0.02637401221116472,0.0017015006075513108,0.10137028351639532,0.3827234072802568,0.14194234450420087,-0.028139143215686276,-0.008305511349472902,0.0027541039216821147,-0.09503604170064454,-0.23351264084467252,-0.0011623739896990724,0.16836445725790053,-0.03757173734568108,-0.048051400122176846,-0.032716585567001355,0.00833031166753564,0.007890536743990208,-0.022130145772675247,-0.03643398518333209,0.09837034143339453,-0.06515807981105644,0.16876399740566012,-0.002989551923374916,-6.7148338747134924e-15,0.11917880772606011,0.03340416032450739,-0.05081727067186913,0.13968467694017014,0.12249571859849534,-0.09752164418618248,-0.016652453636488807
78,3.996799842414399e-34,-8.023595845570651e-35,3.737882181999435e-35,-3.602008998919262e-16,1.1956269372636545e-16,-4.1171455125425335e-16,-3.87633398978879e-05,-0.0008125633249389905,3.458799834522823e-13,-5.173519176912463e-19,7.78934068484278e-20,-0.00027058693970600465,1.4919402945055127e-05,-1.6122573537797493e-16,0.0009532681338484465,-4.095962318944692e-05,6.219916714156279e-12,3.4636515469549144e-07,2.4023785651958952e-11,-0.43051386514352064,-1.5110796635258468e-08,1.2431490130738389e-07,9.418308988324732e-07,0.14311969459099286,0.5020825317546678,2.611482052008453e-09,-3.6074392484717756e-07,6.442599820457658e-14,-0.011760902886895566,-4.362494864727648e-11,0.06122404027367281,0.028875612507987827,-0.005153699558557306,-5.38055361028509e-12,0.021928966861977543,-0.012570840976773513,-0.07828234249594794,5.589292726413037e-12,-1.7020916846226414e-07,0.07177091181210409,2.4999645843661478e-11,-0.025264428126050443,0.08428847011516206,0.03464133980531312,3.866202922433323e-06,2.9191192523950374e-05,-0.0001338222876213621,-0.0006251388958435029,0.002694155067459232,-0.009232270744097751,0.010555233080468449,0.00014826270772058214,-0.00015345191236785317,0.13390851454406555,-0.054405938673668976,-0.12304841054493688,-0.01439777771694315,-0.08238206602488748,-0.29198586358181144,-0.0004185971297774836,1.3611237561546446e-05,0.004860866706298069,-0.00024068400976483376,0.18902692688278877,0.02058552886108569,-0.0015157299751456293,-0.040099714694801995,-0.23358555426683825,-0.10378662212950965,0.0283619862814279,-0.000955908297123568,-0.00598603771062773,-0.1904447724474047,-0.3927454571610869,-0.010709716092568511,0.06858050895932251,0.043555179089082664,0.017850323966579637,0.0018186964089088875,0.042959972693688966,0.03719977998231008,-0.025631576268312493,0.006891060104511272,0.03642097259767013,-0.023973198168013726,-0.0558303333902234,0.13599012331033797,1.156381688637833e-14,-0.09738584436452873,-0.0029257963434186915,-0.032259514047990726,-0.10683150876187439,0.08985061499818202,-0.14802533864667303,0.08423709632786416
79,1.5074374553630697e-34,1.0986875701272541e-34,-2.1799023843083965e-34,-1.358557230476443e-16,-5.468200325401838e-16,-3.657958173536615e-17,-1.4618823943577425e-05,-0.00030649752378896796,1.1982181182082166e-13,-2.1444161040297055e-19,5.330415168975886e-19,0.0012371985423776117,-6.671652877200588e-05,-7.466445529549755e-17,9.119174401458227e-05,-3.6628891409991314e-06,3.757667320816181e-12,1.3064311066189258e-07,7.90150633991896e-12,-0.16226666109744942,-2.319431068735468e-09,-5.589717438038519e-07,8.884777523715912e-08,-0.6552627705597647,0.04746313679850353,1.1627701864554885e-08,-1.307343610533079e-07,-2.114510558800605e-13,-0.004354256853637355,-4.551331976055684e-12,0.023028462185103887,0.012084898147096375,0.01977265521239513,-1.4536392005653479e-12,-0.10038362292909689,0.009442028772257655,-0.008242150194279124,2.161485939374527e-12,-5.340735865996351e-08,0.027870312561616446,3.172067763209216e-12,0.11128377022464524,0.009254170157585527,0.016092710383037667,2.203952791593978e-07,-3.067263465251781e-05,-8.712599048692962e-05,-0.0003531231197906742,-0.008796348307853911,0.0218958111821082,0.0029955414097173577,-0.00044439989173813667,-4.287662161841999e-05,0.05334032872093825,0.11046504100056234,-0.045103903325839495,-0.03670257169458086,-0.31890273619475046,0.1289900191741952,-1.4725617077606158e-05,5.0755232570040335e-06,-0.0025375256291430264,-2.2890063958956095e-05,0.025702295790296606,0.006985238545441664,-0.00020695592192608795,-0.02872618722881091,-0.1436003505800306,-0.04077877419480037,0.0033938980184853424,-0.018176101103252525,-0.006807269774306874,-0.018018859867457344,-0.022544607112140614,0.02360078284150585,-0.04379129740958202,0.016195077863007914,-0.06212269255579845,0.04935880821603215,0.0038350002856557593,-0.016289811063163392,-0.01613277648352281,-0.09404140777814458,-0.06275652082212357,-0.0729895995070386,-0.07099406950206046,-0.0860896296995366,-2.199040392071359e-14,0.4971977573770317,0.03820703393617521,-0.011429361683187976,-0.08045421244479518,0.14785402498362155,-0.01769337849779677,-0.1930401646886725
80,6.126081037266514e-19,9.236636133597715e-20,5.77448932414119e-20,-0.518758297401033,0.09480955886240082,0.4712662841703932,9.403434808734774e-06,0.0001731168792791468,1.0136949213125792e-08,-7.297713068240533e-17,-6.012443402548252e-16,3.3937385265172335e-05,-2.0568261756523802e-06,-7.807384080982121e-16,0.00017871848101212406,-8.411913452046426e-06,-1.7465504104915535e-08,-0.00012479580294460366,-8.019926853606539e-08,-1.7378996073566522e-05,1.0743119005446697e-05,-3.0592328077780866e-05,0.0001909676434148132,3.880383080196508e-06,-2.3152513140144042e-05,-1.0996637357916415e-06,1.6591491835902545e-05,1.905916500376542e-12,0.0019887134275312105,2.986853112661826e-11,-0.01942581600971179,0.057681830960734704,-0.0006242988309192018,-3.0151376942677357e-10,0.0017442535695301167,0.0011905617187487156,0.00561495410038877,2.909887799694826e-11,-1.2416632697258845e-05,9.033604839886973e-05,4.1737483614669526e-10,1.7647867373611726e-05,4.183198496929603e-05,0.17711208888467272,-5.551444596287837e-06,-8.492508058360307e-05,3.62929344388107e-05,-0.001120493046698258,0.012532615720988386,-0.04026493178138567,-0.39336856567767514,0.0019430929888180945,0.00029828528465242004,-0.021396097425678055,0.0008583867859962502,0.014677921041728988,-0.010000419295988393,0.052151130943556764,0.09925234114001302,-0.00020329109253849732,3.003587800553115e-05,0.004458169100200893,-0.00025841248274569397,0.20260890883279306,0.02403191091144867,-0.0012230997085762231,-0.006732744344020199,-0.03446774146120157,-0.032013979150571706,0.0001120132454450433,-0.0032642550920904726,-0.03939328889565409,-0.06574512063992584,-0.012261212611905267,0.0053316367478302654,-0.282701595205969,-0.016146527152360438,0.057303778102318084,0.025610819303601526,-0.029019235304547693,-0.0108772661070396,0.01303523520202679,0.09572759420970257,-0.22463806865266886,0.1646811335573864,0.18098765537678993,0.0014910171366569465,-4.215109683884553e-15,-0.01646342340478033,-0.06435846458244973,0.049014830441429715,0.10999016488794072,0.12806429480993378,-0.06904866461096217,-0.004463814064326201
81,-5.310704348259249e-19,1.5693773655183023e-19,-6.110940820067066e-20,0.4496356704287932,-0.14896320102638072,0.5252399386751307,-7.727196451583556e-06,-0.0001419530791432391,-8.867616905271606e-09,-4.953225572975099e-18,4.45341372233638e-16,-4.7489309745200347e-05,2.9124439336613996e-06,4.099785352823693e-16,0.00015758626695962545,-7.56340177448207e-06,1.7218122677214374e-08,0.00011014864906955791,4.016408494927442e-08,1.3241046573977946e-05,-5.0302794163223534e-06,5.2389576931041666e-05,0.00021142423615234831,-4.515765462586052e-06,-1.2715405308082235e-05,-4.5539371926346665e-06,9.425027848657124e-06,7.905381981257895e-12,-0.0009653209818978456,-2.5774816631564996e-11,0.007617340258830385,-0.015011939405258837,-6.066016951306567e-05,2.870705849019543e-10,0.0004844942679249208,-0.0012661870908480912,-0.00810757023605358,-2.658546321203841e-10,8.87491295387707e-06,-0.00015116318707372018,-9.004614961424632e-10,-1.7977332587012924e-05,-0.0001180998473898687,-0.35388282712399016,-1.4028271912065738e-06,-0.00011888736089094648,-5.948574684694766e-05,0.005154761550484983,-0.056307762679231106,0.16027665186995002,-0.16587921596755953,-0.0021681381997620086,-0.00011780347731850624,0.11056347387265564,-0.015008207269555538,-0.033065722405460546,-0.012393534979674138,-0.006628699562947792,-0.0588546716640122,1.3747157557589011e-05,-0.00012263424976838522,0.004084606598667484,-8.112682839576536e-05,0.06205554317226864,-0.040732532253597166,0.002250825376303114,-0.03235040838694499,0.03989416339928848,0.06514345616279837,-0.022399003267369242,0.011417395554855037,0.023758239473922478,0.10228043452277535,0.11766700758076837,0.014831748125391835,0.1971206400855827,-0.2641470708098177,-0.014651033256944898,0.013398524649996593,-0.06204815035213353,-0.016883088929430322,0.015205850633591395,-0.06881213809332534,-0.2293375054280667,0.13510719370090235,-0.0608794274628276,0.15894192382406724,1.0313400300435611e-14,0.021871572537456797,0.0777867392955448,0.05309627851588972,-0.0814084793614244,0.0974602690711954,-0.11684212771899063,0.07319555700607892
82,-2.0028235862906e-19,-1.331041187188383e-19,3.3886608321688116e-19,0.16960726138706042,0.6848843794260949,0.04900000943544563,-2.903905341145748e-06,-5.337271572533752e-05,-3.235946866805894e-09,1.7593279776825237e-16,3.3868814572128854e-16,0.00021312591422431083,-1.2973339583790244e-05,-2.633440699082366e-16,1.3455614501824414e-05,-5.822874823702999e-07,-2.344842237404984e-08,4.065710233502879e-05,3.179656077300675e-08,4.940371069292548e-06,-2.0208834680450674e-06,-0.00023371986501512885,2.1964314735677914e-05,1.9372540120756802e-05,-7.38891054916447e-07,1.7494451129265965e-05,4.593579953278586e-06,8.913073821517996e-12,-0.0003365150808353807,-4.17470335356352e-12,0.0025633087494945812,-0.004399058987668187,0.0011951098828479293,5.658317360780594e-11,-0.006197082550958629,0.0003941571816414694,-0.0015290444736608877,-9.771870468431507e-11,2.4365804271876245e-06,-4.409073087420894e-06,4.7400183703500957e-11,-0.00011220962768440743,-0.00013996898646653048,-0.16604859168438668,3.965135352581069e-06,0.00017417950257675265,9.67100810811035e-05,0.003589608453872631,0.1459492069112129,-0.3713135186899193,-0.03004553933345603,0.006500920750857504,-6.421655774245974e-05,0.050134347063512934,0.04362123937671286,-0.007041313076290781,-0.01257550302218747,-0.08608868562701762,0.041821243885540614,4.148770785773073e-05,-3.305398491249026e-05,0.0024362666398180543,-2.7305579927335893e-05,0.009417188418714887,-0.01320791613343079,-0.00014865938150934412,-0.016350287086998507,0.02493072758169325,-0.004955124973567909,0.014946266108796595,0.023779560782233165,0.017928481686374925,0.02120715168587466,0.024382622580983376,-0.02625651733836925,0.15463670163925125,-0.026886188159401973,0.09518207160885743,-0.053263972362561994,-0.002951638567828034,0.0030908295621768513,0.0053670160738480705,0.34373796852873695,0.12252731066346627,0.16630204105215624,-0.0846274822210401,-0.10156635153458442,-1.696493210040642e-14,-0.04768022378891305,-0.15446593247092566,0.014655362920259396,-0.06399430036793573,0.1598057510581559,-0.003742693643688162,-0.1526589090899674
83,1.0991957663325015e-23,2.157243751708182e-24,1.3942884491110522e-24,-9.525641822943282e-06,2.3610029556190186e-06,1.3573039202514565e-05,-3.939498069066172e-09,-7.50116141654585e-08,-7.715275073113648e-12,2.8792112125534754e-21,7.777703524963703e-19,-2.025345326167345e-08,1.1905165458594081e-09,9.173266104098573e-19,-1.2303308169025627e-07,5.573671311735135e-09,1.8800503769309256e-11,1.2500652583210404e-07,9.426704755802547e-11,1.5976221136382715e-08,-1.6497165232868083e-08,4.28420804984474e-08,-3.0335888065908867e-07,-4.9603744958470195e-09,3.405328555847067e-08,2.207760807341987e-09,-3.9452674271945173e-08,-7.642309135583367e-15,-4.563242788593526e-06,-1.2981428715190757e-13,4.9971026913888164e-05,-0.00016698276816403605,1.998544671637061e-06,1.8250119516617473e-12,-6.17131507285101e-06,-4.4219611331079905e-06,-2.4167309175293817e-05,-2.1390001576469145e-13,7.328721931023875e-08,-4.135085901128028e-07,-3.2683425577799136e-12,-1.0962266348230195e-07,-3.4745041161588683e-07,-0.0035054605488772602,7.024799153201617e-08,9.670992562211168e-07,-5.060532082380491e-07,-0.1305002284923879,2.5084928665080256e-05,-0.00010509019061451683,0.004013363018977798,-0.019074869446456134,-4.312868781199148e-06,9.897611242699012e-05,-7.03199608940121e-05,-0.00021842259397093425,0.0003637860533421368,-0.0007524669427246393,-0.006713058351798554,-2.6862108594780617e-05,-8.09432924404882e-06,-0.4026120638697992,4.934282637835859e-07,-0.0012079935909945399,-0.007554487724151399,0.0007656590476596723,0.016866755652340092,-0.1241529777161703,0.4620646391262883,0.6144056830638444,-0.013379450820364775,-0.007822183828291718,-0.01049600580777112,-0.006276871922432195,-0.2712161366392345,-0.03544578716171834,0.01151192567314173,-0.006847514414942914,0.0032541581282821033,0.007821881121712398,0.0753769137148476,0.362028539975931,-0.011704677667849533,-0.0021889219268928324,-0.012563528649042964,0.010726391072444377,0.0032520566982014425,-8.297585661404653e-16,0.007505471785647699,0.0024813698565356707,-0.01333627935157731,0.0030354668514589863,0.023449727229148686,-0.015022912137290095,-0.005212891585894704
84,-9.528170435785758e-24,3.759268823196654e-24,-1.335813996120268e-24,8.256461434871502e-06,-3.706723871408459e-06,1.5126985512854104e-05,3.2478352645438088e-09,6.171147875635781e-08,6.757042548437006e-12,4.672344428326682e-20,-3.911195866323916e-19,2.7841267232345717e-08,-1.6565951575217967e-09,-5.22100997833799e-19,-1.0769255587279033e-07,4.976271605632271e-09,-1.8396879818781906e-11,-1.105150822666753e-07,-4.6842452914925564e-11,-1.2223317527295815e-08,7.669407497689441e-09,-7.040770675076543e-08,-3.3561536923751325e-07,5.587541320349439e-09,1.84806344934466e-08,9.593911047086503e-09,-2.2537771002947634e-08,-3.102341058732283e-14,2.2359380539780735e-06,1.118478562750035e-13,-1.9835162414676078e-05,4.428437416893829e-05,1.3729179236491195e-07,-1.737582922267922e-12,-1.405038397694713e-06,4.65159024653841e-06,3.475981491385748e-05,1.804123139509638e-12,-5.270229052779155e-08,6.845004200548547e-07,6.736847612808212e-12,1.3538037054332532e-07,9.590528336970202e-07,0.005004845975520339,1.9412121039949536e-08,1.3369360584791185e-06,6.114015665848167e-07,0.10798790115482045,0.0007599803808778344,-0.0020712944522229436,0.002153277673609608,-0.059863136760593856,1.5308688877501387e-06,-0.0015670418771607873,0.00016955690838856013,0.0006739768687422194,0.00042479734191308165,0.0012613604746637248,-0.0010666980614057694,-3.8704704478003027e-05,5.682514190735035e-06,-0.4236927943099681,-1.1399352337413769e-05,0.008275205205859762,0.00601345098430086,-0.0007099587177642857,-0.010358109608193316,0.09369830655902354,-0.3504192705791839,-0.4518410115050734,-0.02082713682866601,0.001863953788299468,0.011936507887995487,0.01146685738143571,-0.5718533781336261,0.01374413113561088,-0.009201818167320722,-0.011977845649305794,0.002846663077378958,0.005660347874899778,0.07528716667714379,0.36362341244373547,-0.030239923830409497,-0.004810846101418457,-0.015022974715350258,-0.0007870552065785286,0.011497015632166757,-1.4311400639313885e-16,0.02395267067538005,0.017495744603626785,-0.013023400086881177,-0.006514281617129645,0.021826696981431977,-0.017706722485059796,-0.0007274349433722296
85,-3.5938361831333115e-24,-3.32474246642002e-24,7.818956833977233e-24,3.114539229865313e-06,1.7048800579039863e-05,1.4134276672397912e-06,1.2206749914930076e-09,2.320490346187229e-08,2.4668053838938324e-12,-3.0963281309818363e-20,-2.5181477451783367e-19,-1.2589368866224107e-07,7.432553625620533e-09,5.486722541824314e-19,-9.566976540231436e-09,3.988976650544388e-10,2.542762538670726e-11,-4.0838682945384124e-08,-3.734432833982906e-11,-4.5612923067177505e-09,3.0705234860897596e-09,3.202160505154508e-07,-3.754338236391291e-08,-2.436059137097862e-08,1.2459134127794596e-09,-3.772100191495406e-08,-1.12805903682711e-08,-3.491960188246496e-14,7.723857828431664e-07,1.8647924565296986e-14,-6.553524137783807e-06,1.2361125752598388e-05,-3.84017633475361e-06,-3.575621309806583e-13,2.2302482312634947e-05,-1.4087800072723621e-06,6.887521076036187e-06,6.970937809360892e-13,-1.4612100423286632e-08,2.844627810828124e-08,-1.900005844150231e-13,7.228504656747134e-07,1.105192903238279e-06,0.0022394040286965577,-4.428793985502533e-08,-1.8876492462436182e-06,-1.187425983166881e-06,0.037270211917229054,-0.0021374973915077398,0.005566593382136516,0.0011197404923354204,0.11070459377436274,7.355387760502721e-07,-0.0008196994535206191,-0.0007252410936205112,0.00021337718479203847,0.0004519181863358358,0.003643453585893564,-0.005046138557310702,-4.4674603010323504e-05,-2.165132901772564e-06,-0.4842579720399665,-1.5397547458915707e-05,0.011830311400208198,0.0007242387040732089,-2.0529390155801688e-05,-0.005417955307854289,0.024029300180132045,-0.08734906873890404,-0.12905019893780034,0.030506932543772607,0.0052175462278033265,-0.0027841773265584,-0.007749011792400593,0.7591314438422424,0.017021487627809688,0.01648699930079791,-0.003453962381544896,-0.002760422990538274,0.01060929555627982,0.07869063334636775,0.372253509744689,0.02170967810326165,0.032389035288805976,-0.013763874038166032,-0.0031471599305726828,-0.0037510149977183983,-1.6933489692399489e-15,-0.028016071252987086,-0.01233161602877264,-0.016581090574655743,-0.00621185654957796,0.025535703042469684,-0.010890057261163892,-0.014725611871013443
86,1.0126823576689511e-17,-1.83817739633994e-17,4.563044216677789e-18,-1.503901343852925e-11,9.180503641657464e-12,-4.3397139295797005e-11,5.84725789977531e-12,1.2030834993723021e-10,5.290947585017375e-07,2.215944749518572e-15,-9.00225948831192e-15,7.831881234274245e-11,-4.323815404032064e-12,-1.1608227227466552e-14,-2.676671541444901e-10,1.1796293543354927e-11,-7.707529397043557e-07,-0.004775601518986411,-1.0523222437981013e-06,-3.6150367627539833e-09,9.214037224045353e-05,-0.0021937320732303396,-0.008665296133392201,1.723442591925537e-09,1.5853651587756694e-08,0.00012535743536445522,-0.0002667393300305235,-8.139528136083298e-11,2.981049692208371e-08,1.2245615473275347e-10,-3.3919858811209044e-07,1.3844567372701498e-06,-2.0276886719469438e-08,-8.96315993702725e-10,7.398383188927639e-08,1.111339536826088e-07,1.2016340511885396e-06,8.55301435943671e-10,-2.5052783444494985e-05,2.6693584148167295e-08,1.93789985456857e-09,1.7032326061199273e-08,1.439400963515657e-07,0.001146699587436848,-7.220311235966564e-06,-0.0001713319516115786,0.00013039834236107102,-1.9565393641866817e-05,0.0032209116495364957,0.0006375164357639267,0.00022386903225524055,9.059717313070935e-06,-4.324110053419767e-05,-0.002295596836110217,0.0008035523788508966,-0.0030693496360872227,-0.0006238056289809887,-0.0012618689342529243,-0.004984320175441857,0.0003509290516305568,-0.00047632359821024654,0.00022054224521068087,-1.5763097313713685e-05,0.0005091419265203709,-0.21152740615498755,0.013115309670440516,-0.3858938044646655,-0.055015414942534396,0.3037781379263577,-0.24106092012112187,0.08825651208060233,0.019072834596613828,0.15745335713992273,-0.18093589170365448,-0.01293593119095291,-0.21892889387216127,-0.04515284671350496,-0.20987687442369113,-0.02414929989404012,-0.3932941777930257,-0.2546303318184522,0.057232790443432636,-0.026248623009574746,0.26502532886321556,-0.07070517182675566,-0.07049487097366462,0.19698892336066368,-9.019619509045231e-16,-0.008795537570279082,-0.19976826683240692,0.29785996651344565,0.06886183330987511,0.09212149539595323,0.08540378990410027,-0.020580351110789527
87,-7.844282476034551e-18,-7.243672686136502e-18,-1.4509180998955124e-18,0.0006233383928571051,-0.00015455372988214903,-0.000889207672283089,-2.871260944611943e-07,-5.456918668081832e-06,-4.282548859868757e-07,8.170693819053783e-17,1.7295332219992648e-14,-1.468852009601461e-06,8.646542982634558e-08,1.682860553887502e-14,-9.019211378878373e-06,4.092933641701101e-07,5.085388227262485e-07,0.0038878090862037957,2.1104417694199013e-06,1.1479493575121511e-06,-0.0002107800340203102,0.0006934182650794636,-0.003732372517806311,-3.5648757050556984e-07,2.5049680140394636e-06,1.4675347182926614e-05,-0.00020238868719394196,-1.5381624728474607e-11,-0.0003459547387234019,-1.6866521284460703e-10,0.0038444580436375656,-0.013072333710428404,0.00016160593776612544,1.245989294387183e-09,-0.000517986836761815,-0.00036114129158707224,-0.002056624203273289,-4.644364466087069e-11,5.3402370354183696e-05,-3.567513432280188e-05,-1.1792480355687502e-09,-1.15372594658534e-05,-3.6668748215597236e-05,-0.24172714491841557,1.0220039680394562e-05,0.00014905736334108958,-0.00021015364625299055,0.0018327528426277774,-0.021334993368753465,0.06289595847478176,0.7201758798214353,-0.0032021850934567486,-0.000327110319239861,0.13445188555278126,-0.014740125400875517,0.07144191390818136,-0.05261960122763117,0.12239364535475135,0.20630597951919463,2.9701232839361946e-05,-0.00013833832993522864,0.008837622639184028,-0.0004078921632904846,0.32588937145547,-0.0016993200651457669,-0.0003432697138961012,-0.004708494389543535,-0.04123741559077215,-0.031121285078570222,-0.004354002709168954,-0.0027872838281432916,-0.026217260342482236,-0.0541186871600233,-0.012930666909997378,0.005713948909381473,-0.25970379746100114,0.01603662635566822,0.07186253743220307,0.03744895339417258,-0.02657547302921796,-0.012689428152468743,0.01283827380902145,0.08620626622406438,-0.2269487920897229,0.1608686344989899,0.16980735391565396,0.001625622252305543,-3.183326293917909e-15,-0.017083217920097267,-0.06310798088397886,0.0623898441125917,0.08663582326799078,0.11848470997531482,-0.05543617339683619,-0.00014938358966552328
88,6.799644595335245e-18,-7.82926364814487e-18,2.2649194646246974e-18,-0.0005434402357007361,0.00024425226164724747,-0.0009968437601569082,2.3733767868793816e-07,4.501047128422571e-06,3.7247632372662257e-07,1.165704169854495e-15,-8.654782255901645e-15,2.067391133714923e-06,-1.231476394379254e-07,-9.518722807814402e-15,-7.99546864380408e-06,3.700043261109556e-07,-4.989778183863803e-07,-0.003412718369762902,-1.035586048345626e-06,-8.803542580048596e-07,9.638753486619188e-05,-0.0011815259765557925,-0.004112417754227636,4.175839869703263e-07,1.38318924583545e-06,6.282873119220627e-05,-0.00011971789286716338,-5.5120212414630485e-11,0.00016967269151645223,1.2705227035090578e-10,-0.0015275533498857476,0.0034728564612363645,1.459061354675047e-05,-1.0992331098148267e-09,-0.00013863453213242789,0.0003854853192635668,0.002964170453077541,9.016605349462853e-10,-3.449010346309143e-05,5.941929980346017e-05,2.580941844909482e-09,1.1687639357380995e-05,9.842761802904031e-05,0.46232453296751125,-9.785195757232373e-06,3.3662535954170615e-05,0.0005025955326376568,-0.007328708531345522,0.08850620983709473,-0.23970412729080667,0.2802152853037924,0.003579244053867339,0.0003059647888877123,-0.4657382203263014,0.15509926394209553,-0.3123791770439449,-0.06134141681229519,-0.0069674647607793905,-0.11763304684990682,-0.00022011556416739946,-3.897202466218196e-05,0.008172053867435362,-0.00014361741144964388,0.11296121389894387,-0.01654514693806371,0.0011165805254288981,-0.008522278418667312,0.05049807286480512,0.04957361392348097,-0.0056391809805128364,0.007986484201934886,0.021035535639396148,0.1005719237460597,0.1244237279977743,0.01740960762392433,0.19029618563838052,-0.26349410898419273,-0.02465710323031595,0.008635794150529315,-0.07623318854905087,-0.029202147241539304,0.016894949503767208,-0.06682711711303196,-0.21174213447533935,0.1282759832726517,-0.058259093938634945,0.1524140841607246,9.155030261125139e-15,0.023884498270848327,0.07462430585633459,0.060969484119589086,-0.0634748874740783,0.09167744538931297,-0.09820297573682511,0.0625921523923855
89,2.5633259168301503e-18,-7.0232759320758145e-19,-1.0312498873915762e-17,-0.00020379956040983822,-0.001116463412363684,-9.245561718047327e-05,8.867385513496347e-08,1.6825040174220022e-06,1.3667477399131068e-07,-7.258198135723072e-16,-5.656286888198974e-15,-9.223376163318177e-06,5.45316881153561e-07,1.0084918979197953e-14,-6.782906032380186e-07,2.8299694166810785e-08,6.932184931387722e-07,-0.0012669865783629674,-8.377063212921933e-07,-3.2655785540065737e-07,3.91638901211764e-05,0.005303190889261679,-0.00042984202785195045,-1.7803106595491939e-06,7.955071306388154e-08,-0.0002397873480070922,-5.77541941533095e-05,-6.289004352641122e-11,5.880567449498814e-05,1.869362609210448e-11,-0.0005111143424733164,0.0010139298183492408,-0.00030809222937246307,-1.9908447896843084e-10,0.0018275648503444698,-0.00011742425188461552,0.0005606955955060136,3.258398933884135e-10,-9.137929378738418e-06,1.8871026899696675e-06,-2.4602445649338664e-10,7.038082803835018e-05,0.00011489972508484129,0.2152694594972015,-2.6434539875128774e-06,-3.115396237285573e-05,0.00026086992753459524,-0.0050424825237828305,-0.21661531502721512,0.5536503437357426,0.048980554544931006,-0.01043312057766914,8.925206783698387e-05,-0.2106042482011336,-0.4706900273833567,-0.05438404458133029,-0.05954583481724941,-0.21218548148568453,0.09543366766920854,-8.19483775678505e-06,-1.154156751538851e-05,0.004739763106799577,-1.6195618710806516e-05,0.0182934772251756,-0.005534649356924069,5.997234977326686e-05,-0.006243690871940707,0.020799668802042034,0.0039134022026826336,0.007867851918713444,0.015162839057171681,0.014206116092003594,0.021244311423581658,0.023089558852196573,-0.028246294813677707,0.14355739182870858,-0.03292809920356404,0.1103342372760783,-0.06845915885877057,-0.004849594429308511,0.006178727824171999,0.004362576207728402,0.31732410295532826,0.1345767037358927,0.17552524921885904,-0.08171062633394598,-0.09740151541603075,-1.3797942511175246e-14,-0.051383302489011295,-0.13885263040232604,0.018065332814913324,-0.05196859436856503,0.15008905477715043,0.00048142582429445366,-0.12674496835447255
90,-1.776765236014896e-24,-3.205832164032893e-25,-2.227578553370769e-25,1.551763662222928e-06,-3.8514655835112855e-07,-2.2173045166761362e-06,5.4787640039320645e-05,0.0010120055047546182,6.698255906313174e-11,7.832786346377353e-19,-1.212249404277993e-17,0.000267498050362006,-1.6130120688843613e-05,-1.629014393023053e-17,0.0016112323185442385,-7.570903184574095e-05,-2.5351960460110944e-10,-1.6425484085526937e-06,-1.4988690543480587e-09,-0.00011138557155824922,4.2973117873122306e-07,-6.646329342754706e-07,5.429052617435134e-06,3.3113093250197657e-05,-0.0002203305847537569,-1.6643444123598812e-07,3.425612925706487e-06,3.717858587660027e-13,0.016735305959872996,1.7572499296757302e-11,-0.17528199214312334,0.5696367274804492,-0.0063387599929246976,1.1648225370235975e-10,0.01780776271183211,0.011266344664103591,0.05019757755709573,-4.2192846170300507e-11,4.475556000418464e-06,0.0008028839244424227,-2.4162836703150614e-10,0.00018220585711988674,0.00039962667892314685,-0.1699382026802539,-2.628717981795234e-06,-1.418282548724833e-06,0.0001970137967427652,0.002282828567644451,-0.0065303992980551345,0.025770803435316444,0.11711477965724636,-0.0008108026221722561,7.228472404915941e-07,-0.16297174736640643,0.02619966368624758,0.0013479508987366386,0.18401353031574122,-0.21774447750713163,-0.33894151374222936,-0.00010079099250425344,0.0003081891276689133,-0.003782044756480065,0.0006014676545490099,-0.48152351344264255,0.04273767106781992,-0.001578881269807785,-0.004735626690351776,-0.000505160565125894,-0.021645666000829494,-0.0065236509121367695,-0.0024854867447120896,-0.03543118305099888,-0.057856320821768545,-0.02480602995885021,0.006757199759213032,-0.18455556816144367,-0.031236431601697097,0.018402585188217257,0.0028157330331906984,-0.01612140130204287,-0.0034943056566215766,-0.0013331603098031713,0.06285960136388481,-0.12264135081936571,0.09331319669007933,0.17743735756098475,-0.00025752489889976416,-5.408477027643027e-15,-0.004891860857028806,-0.038702675987419666,0.010205990427007537,0.12531769017951466,0.12700425549851402,-0.08295058647848863,-0.009829405960507954
91,3.396197743078314e-35,-1.0158370506739469e-35,4.1286848912627394e-36,-3.0608056258581844e-17,1.3768480921045019e-17,-5.536822582946214e-17,-0.008825787376967917,0.0005470418810567792,-8.17875129893536e-14,-6.36024847065373e-19,-3.4377778160219524e-18,0.000285579062947195,0.004120870157164077,1.3119939390093488e-17,-0.0008855975822769264,-0.01604434443116023,-1.0643867725818626e-14,-5.543937206667381e-11,-1.2580497730192618e-13,-7.028056539657182e-06,1.3129906926198387e-10,-4.778889282376767e-11,3.669295895954505e-10,3.338426567049154e-06,1.4001974970438419e-05,-9.745463676671663e-10,1.0737167327638682e-06,5.247687150312989e-14,0.04474902853882493,-8.243884810504522e-12,0.009986004344486779,0.0012462128279872302,0.02407593168050045,3.05630246203996e-13,0.013539155896425237,0.07674002234782869,-0.014677934517511091,-5.898684836987039e-13,7.713759821629871e-09,0.008750374923591134,-3.505035315057324e-12,-0.0054540097846908255,0.023624906749865365,-0.010215785401382365,-2.6538284814065684e-06,-1.649655699135631e-05,8.485778815999222e-05,0.0002027411522533743,-0.0008169187869467152,0.0029066609139126623,-0.004256879161470306,-4.967614176675963e-05,0.00014708276974052106,-0.09895688658186723,0.06114890166737202,0.40119530191376096,-0.5846506088612523,-0.13507621960883487,-0.36951786703786327,-0.0004043866634344358,-4.0791428168576504e-06,0.005004267788480035,-0.00018226197865201186,0.1422824047827962,0.00038196756057712415,0.0002717192398799277,0.06039841309400113,0.2113341907979722,0.0664484551075104,-0.014507205557570036,-0.006092336569612164,-0.010679696729074364,0.0824938992363445,0.23119024555634962,0.001359302360738561,-0.2000618754626181,0.16885683511736463,0.026519471171030276,0.0007782982798598902,0.06376549367042879,0.046627148366028125,-0.03234032967922096,0.045733334628973686,0.11611939318567863,-0.07113708558228755,-0.057056019575897725,0.1400639005120994,1.2154617253061086e-14,0.07086399864376355,-0.053867046173285665,-0.046998652653151694,-0.11491958754888558,0.09314789945492252,-0.15823137739039092,0.08990475568281027
92,-3.405676217655634e-27,-7.907409134350594e-28,-9.661597141556906e-28,2.9743058910073897e-09,-1.8327680081230826e-09,-6.4830582192833465e-09,3.1977012003082666e-11,6.290081370900238e-10,1.0268934537789094e-13,5.457790079001571e-23,-1.657851305174577e-20,3.679405443342232e-10,-2.1088849881667833e-11,-2.3010221292124947e-20,1.5478659279729075e-09,-6.754373965507661e-11,-4.128744051804008e-13,-2.2819816425187863e-09,-1.99509105208184e-12,-2.868548465671685e-10,4.813392729338543e-10,-1.6496895847269525e-09,7.858001471344145e-09,1.6596754317176853e-10,-9.255551854247197e-10,-5.6989513721088455e-12,1.7093653116252174e-09,-6.37913916137402e-17,2.2741862758078397e-07,1.6512061708649224e-14,-2.839609388932732e-06,1.082450091184921e-05,-1.490539021063455e-07,-4.469540786293977e-13,5.748279560990582e-07,4.5096544286803233e-07,3.448975054971133e-06,2.3899822168163333e-13,-1.611806224435506e-08,6.711042368525426e-08,1.804881320296523e-12,6.361856362420329e-08,3.6225599999706017e-07,0.011137008120399274,3.1719234888444636e-08,6.312867322945387e-07,-8.70244310965487e-09,0.7650653740508954,-0.001735598283083038,0.0052514076882628595,0.0026726648032309743,0.2233581345771435,-1.6327058368949882e-06,0.0008058200179363944,0.00013027194609881163,-0.00025274662864851495,-0.00021809334314017165,-0.00149380622240354,0.002661224523335854,3.593134996578082e-05,1.3213372787469235e-06,0.39582202380735076,1.2849632969259502e-05,-0.009500398271708722,-0.0007338533123093669,0.00011557430571252221,0.003547645512622197,-0.020381410161326465,0.07370294480662867,0.09807849025238932,-0.0015013092507344787,-0.0011106779543529686,-0.0029749418156247774,-0.003989330585721438,-0.012448950550814596,-0.0066254307478498965,0.012195446027469466,-0.009822630145524282,0.0015461103802539248,0.010448057866053339,0.08940381359247515,0.4264049083202611,-0.011315139531596718,0.013360483372154994,-0.02105818513991187,0.0032175288933564356,0.0033027803025273508,-9.849688896198295e-16,0.0008719485414573412,0.0037591742134276,-0.01787190735003079,-0.002705055959635537,0.024012499387042217,-0.015053649013333418,-0.007397617585001309
93,3.1653754118442292e-27,-1.3010704797904477e-27,-1.1412502701343483e-28,-2.7642546501048663e-09,1.1418478302512875e-10,-6.985605989122287e-09,-2.811256798527588e-11,-5.518149375536308e-10,-9.470805559164433e-14,-8.619168267067508e-22,9.944173688350946e-21,-6.281611737526311e-11,3.6755921004989705e-12,1.1263959274779341e-20,1.2734226727415735e-09,-5.6795845813641236e-11,2.7757379256356967e-13,2.113801340210759e-09,1.2072401172100832e-12,2.34159638761025e-10,-2.61408307105916e-10,5.335671469865667e-10,8.493780649833388e-09,-4.863655229985154e-11,-4.1276475559914337e-10,-1.7207528615750943e-10,8.127140477928918e-10,2.6194425015805666e-15,-1.311306631507772e-07,-1.4104157451743378e-14,1.426875868733707e-06,-4.305524309340295e-06,3.800493687109435e-08,3.950724352002377e-13,-1.1181559670231165e-07,-4.3708791245240856e-07,-4.009806832778927e-06,-3.9332787873459994e-13,1.2369576515708936e-08,-8.447938498233438e-08,-2.215639542065727e-12,-2.7978580782023453e-08,-3.1349342974496567e-07,-0.008961688614425992,-4.075419779238487e-09,9.093467001200747e-07,8.105331860330787e-07,-0.5905656865635333,-0.0025790506578532682,0.006560489361465439,-0.00068442449358643,0.544595557586274,1.3787485726723608e-06,-0.0002696894721270724,0.00021892981724985704,5.9356979443355595e-05,-0.0001919034183051978,-0.0009232970959404171,0.0039011744134213617,3.254820777243883e-05,3.9484520928250895e-06,0.383041253016528,1.0109048963075762e-05,-0.007325301604709079,0.0017452994980503072,-0.00014655803011639804,-0.0012408963732479807,0.01772862778034273,-0.06900643439395908,-0.08923295639605257,-0.002235469080925165,0.0005646461446934292,0.000611899223045528,-0.0012274717805231072,-0.05022594764634254,0.001484942102123666,0.009123482758521229,-0.010520584470972837,0.0014263293851416857,0.010149063276572102,0.0893466829625331,0.4263748702731097,-0.013745502325614419,0.013283967906057226,-0.02138821321489414,0.001476966479747478,0.004387837065384852,-8.89071462170766e-16,0.0031284474041890636,0.005871009472872205,-0.017837129038125628,-0.004134344856227827,0.023803697965915135,-0.01538720493863963,-0.006856227785551096
94,1.2787815999465087e-27,8.94068643192297e-28,-3.0368594483226174e-27,-1.1168011248084802e-09,-6.679745047182532e-09,-2.8339776613004467e-09,-1.1075477065806528e-11,-2.1728978021894389e-10,-3.703934818945933e-14,4.1651164145270096e-22,5.18341130191553e-21,1.3128312482287252e-09,-7.524707261612764e-11,-1.1299737074387791e-20,5.076503621748265e-10,-2.2077904665458468e-11,-4.181745961047791e-13,8.332396963447408e-10,7.526824783374107e-13,8.906226662274497e-11,-8.687250102689687e-11,-7.174931421648456e-09,2.999288246378191e-09,5.407270092165043e-10,-1.708743895671901e-10,1.4084243229413347e-09,6.78239384870384e-10,3.0111657377078774e-15,-4.065569166605548e-08,-3.1250300480865226e-15,3.9996372427173463e-07,-9.278043985524455e-07,2.5167358838375883e-07,9.691995988438152e-14,-1.689856468228394e-06,6.776280558118524e-08,-9.98056276314768e-07,-1.3795203777742125e-13,3.71997397062676e-09,-9.845888243461284e-09,-4.774461749410734e-14,-1.3734512375615752e-07,-3.1550512308870535e-07,-0.0030446480351890024,-3.855046623062044e-08,-1.628486288560568e-06,-5.227372359442748e-07,-0.188601548889339,0.004744887830771261,-0.012927977701801794,-0.0035911573025811908,-0.7981416199775236,8.087448329897806e-07,7.798668484094014e-05,-0.00014051516787689388,-6.952822433785445e-05,-0.00015926371450240536,-0.0004296651515949749,0.002835436099553736,2.9480392301854307e-05,2.4849096344577727e-06,0.3463125384494996,9.095228916037762e-06,-0.006505668954110973,0.0008080769360428441,-3.380927961227034e-05,-0.00023464907195466838,0.005648328590369138,-0.023271094391753604,-0.03215473840184926,0.004145328452466891,0.0008292897497489517,-0.0014159548539569157,-0.0036903127380105206,0.11703201002130366,0.0012089286210168319,0.012189835060294734,-0.009460609213260413,0.0008120928829695285,0.010665755486889427,0.0894380555143111,0.4259962005516845,-0.007455907679268904,0.01734991561988568,-0.021051843622736596,0.0013734327409567289,0.0026816888906520627,-9.879127006063128e-16,-0.0034080862915619155,0.0022152178143662344,-0.018150025784056917,-0.003976955087703439,0.02420645347528057,-0.014621498282530428,-0.008382978930526266
