,0,1,2,3,4,5,6,7,8,9,10,11,12,13,14,15,16,17,18,19,20,21,22,23,24,25,26,27,28,29,30,31,32,33,34,35,36,37,38,39,40,41,42,43,44,45,46,47,48,49,50,51,52,53,54,55,56,57,58,59,60,61,62,63,64,65,66,67,68,69,70,71,72,73,74,75,76,77,78,79,80,81,82,83,84,85,86,87,88,89,90,91,92,93,94
0,-3.890600692069133e-16,-3.5097108774453758e-16,2.9304158401839093e-16,2.893448083258244e-16,-1.2202617321244746e-16,3.20041019163349e-17,-8.059675667364886e-17,-8.876506751467843e-17,2.5713946446924258e-12,-1.8681438054159896e-16,2.5269267440279952e-17,6.328331225269203e-12,0.3027368842589053,0.08673833532971349,-0.0063082719003252465,-2.337677675799596e-16,-1.0145240297931269e-16,6.190021082622385e-14,-1.3445952290252985e-10,-1.9992612823643255e-13,-4.1865632021694585e-18,1.8146490285247166e-16,-4.306207300796969e-11,6.445762636422359e-13,-1.4695614488754224e-11,5.022995908875008e-16,-1.6541570720212075e-11,0.008198939828349627,-0.22420377584995463,-3.848048638062646e-16,8.382744800424832e-16,-1.1173840473691622e-14,5.788966749151846e-16,-8.006907515847092e-15,-4.537470004541072e-15,-2.112891824409969e-13,2.9238969991595733e-06,0.10796921332877535,-0.6982493202029657,-1.0279758080296284e-13,-0.1136886561274233,4.357975234400584e-14,8.552523538391799e-15,-1.566711930928928e-14,-4.955520226244194e-06,1.167236368785066e-11,1.0129180919562076e-07,-0.008258414585743867,1.336637881272102e-07,3.8906494791219224e-07,0.00021191450667992073,7.318914709293817e-07,-1.4568680968711263e-05,-6.660561686457955e-05,-1.323282508533278e-07,2.2995165508959772e-08,-1.0059571221913923e-08,3.7576413103261834e-08,3.946690485459597e-09,0.06807997703036142,-1.5887886936788328e-06,0.004871193384069471,9.207499026525574e-06,-3.13985655518258e-06,-0.0010388082647861568,-0.003104407467515237,0.005751303649960022,-0.008496640508009698,0.006750902567151023,-0.0002779166597562059,-0.00015032079991588617,-3.599747906765828e-05,-0.004746675244605405,0.005387143802651555,0.0002826680363612363,5.6559843450891844e-05,0.0007210995349021125,0.0007120629695146472,-0.0015394989451272293,-0.00157237139351923,-0.0014719361265694657,0.5773502691896247,-0.005075238628808603,0.0023543708415609973,-0.00011529168512998464,0.0006342191941122177,-0.0008291855755344498,0.001446614033128067,0.0012464354900900295,0.0001461568873600317,-0.0003576969647048826,-7.503849137320163e-05,-1.4683669496447247e-05,-0.00037421922459402753,0.00019851793334246896
1,5.948847727899334e-16,-2.919837610332776e-17,3.305114826724433e-16,-1.5342052070367555e-16,6.397479208290594e-17,3.244603887490979e-17,7.029192138894053e-17,-2.194544458792049e-16,-7.189784559389829e-13,2.5138091368996545e-16,2.1306890690619272e-16,7.704330027356903e-12,-0.08158238560493014,-0.3057964480521437,-0.06677484118292631,-5.449269311955427e-16,9.376332143564206e-17,2.8276165131860634e-14,4.936905815615703e-11,-2.2576454881521868e-13,-2.437448201834674e-16,-4.2752553385192934e-16,-2.0587468491917545e-13,-1.1376224072102514e-13,-6.105188263983954e-11,-6.212777439213682e-17,1.849111268893469e-11,0.011098293166328266,0.07173039074330628,-1.6592741267846781e-16,6.962608339690959e-15,-1.797162425016686e-14,3.4142061887722277e-16,-1.0682998488502761e-15,9.194673438283386e-16,5.877973867342714e-14,-1.553250314899073e-06,-0.5004936519876823,0.21919489132149028,3.1723165594599345e-14,0.5054681831824862,2.996601715276133e-14,9.61126749104464e-14,6.930324586151697e-15,3.824507939348422e-06,-7.955371160723961e-13,-7.483005522563645e-08,0.005549587107659072,-8.522727991361328e-08,-2.6396405532582666e-07,-0.00016458538479561765,-5.550897467829217e-07,-1.8292083455832577e-06,4.1587102662906036e-05,1.2561854197833188e-07,-7.0737204607858425e-09,6.450329498513629e-09,-2.0590481030872584e-07,-7.608808354376922e-09,-0.021327002755876755,5.767606838262336e-05,0.010283253038524127,1.7709752303675497e-05,-4.697271336458692e-08,-0.0006734749926222528,-0.001585108094280892,-0.029469636230989735,0.03253057929103649,-0.01278673546310897,0.00065515613240264,0.00023697788381060424,8.096863173605557e-05,0.001146827126000199,0.0019469814831021242,-7.155010472460046e-06,-3.402779850820004e-05,-0.004714895478241334,0.00012856529220609935,-0.0003894156197229274,0.000750344098949216,0.0007370713567720834,0.5773502691896375,0.00012169416040313667,-0.003658769758196252,0.0004968242535607378,6.982398299095391e-06,0.0001099241436077645,-0.0010619464186692753,0.0009949320054930039,-0.0003674325739773047,0.00046308811893285614,-0.0018986007155473144,3.188635981328872e-05,0.0004809049075468223,-0.00042764551783640244
2,8.528156229792011e-18,4.403403136739687e-17,1.3732201981121593e-16,-7.878123535867842e-17,-5.165298139556958e-17,-6.288005276679728e-17,4.86313387603954e-16,5.184371936599627e-16,-1.8527042879423563e-12,1.8473785391206644e-17,-6.697272431661924e-16,-1.4033129788085891e-11,-0.2211544986539751,0.21905811272242928,0.07308311308325123,1.0889781273923344e-16,3.3400727844601723e-17,-8.943961946622835e-14,8.508805805718599e-11,4.260088164048448e-13,-1.7928448006974352e-16,4.4294381632493987e-16,4.326001623696881e-11,-5.303834116720993e-13,7.57456316462304e-11,-4.994257365427343e-16,-1.9499353785109582e-12,-0.019297232994677338,0.15247338510664757,-2.9653219828992924e-18,-8.47419537539012e-15,2.909009796787444e-14,-5.088775947015438e-16,9.03334837048801e-15,3.621555462537175e-15,1.5320425370052873e-13,-1.3706466795443399e-06,0.3925244386588939,0.4790544288814706,7.144303715848718e-14,-0.39177952705504143,-7.281946802940379e-14,-1.0506264379166746e-13,9.00289701590592e-15,1.1310122873808187e-06,-1.0876775759669194e-11,-2.6461754128142787e-08,0.002708827478109747,-4.843650831983559e-08,-1.25100892745925e-07,-4.732912187088788e-05,-1.7680172422724655e-07,1.6397889309962147e-05,2.5018514199092393e-05,6.709708520085346e-09,-1.5921444340456555e-08,3.609241686319436e-09,1.683283982133159e-07,3.6621178648801453e-09,-0.04675297427442767,-5.608727968730812e-05,-0.01515444642261143,-2.6917251329616068e-05,3.1868292669488965e-06,0.0017122832574100661,0.004689515561795799,0.023718332581030593,-0.02403393878302874,0.006035832895959856,-0.000377239472647362,-8.665708389434475e-05,-4.49711526689786e-05,0.0035998481185885328,-0.007334125285711224,-0.00027551302588792404,-2.2532044942919077e-05,0.003993795943355388,-0.000840628261709359,0.0019289145648063622,0.0008220272945259488,0.0007348647697559752,0.577350269189615,0.004953544468254615,0.0013043989167165768,-0.00038153256846335106,-0.0006412015922626592,0.0007192614318592569,-0.0003846676144318397,-0.002241367495546827,0.00022127568662161476,-0.00010539115432678499,0.00197363920691956,-1.7202690317429263e-05,-0.0001066856829891433,0.00022912758449264656
3,1.1566093997293307e-16,-1.1842809063109975e-16,5.989359579614605e-16,-5.145454747137131e-16,-1.838673101044536e-17,5.0682619208996236e-17,-5.3874984327414145e-17,-1.0379099571497065e-15,-8.524155578481337e-12,-6.99193718814286e-16,-8.220255729951523e-16,2.007364615431099e-10,-0.6767842863641242,0.051767439156104864,0.6483439186934259,-1.5990291073785524e-16,-1.451288162627142e-15,4.865873013319181e-13,-1.3454763779216447e-11,-1.97096417382949e-12,5.7003904089954484e-18,-3.4675612505541925e-17,-6.034412861686482e-10,1.0239030600939576e-11,-1.3524574826187393e-09,2.2034914800176314e-16,-2.521293406879353e-10,0.1053530482342653,-0.02243249355654596,-3.669207972255151e-15,8.3609844593395e-14,-1.797064874957452e-13,-1.840635452003262e-15,-1.8573456731096738e-14,-3.843112652084557e-15,-4.601843713728934e-14,-2.8418363692561775e-07,-0.05905314291919966,-0.30078563001778713,-1.7405849042629133e-14,0.08274108989451634,6.070186513035607e-14,9.037837141644752e-14,-1.2797084690478991e-14,-7.139713049718546e-07,5.6491259739208515e-12,1.4237827718573778e-08,-0.0009681105911433993,1.0003703088592302e-08,3.901988318072014e-08,5.399632839985076e-05,1.8370445723627815e-07,1.7040431704545528e-05,-8.036476381029743e-05,-1.5382426292468587e-07,5.277127281410045e-08,-1.3765866689230169e-08,3.7849700537629184e-07,2.0695374444149297e-08,0.06635112398692977,-0.00020050369988029867,-0.038777273880694824,-6.728542397183311e-05,1.5694370090787396e-06,-0.0031339822962800066,-0.007788148649871638,-0.015179166730964791,0.009752824062998695,0.004679842234573512,-6.514024201907456e-05,-0.0001905500028976172,-3.512826829154325e-05,-0.006867956464320102,0.007784694947331796,0.00040230708240172354,8.873409832757878e-05,-4.331501809775165e-05,0.0006407628751627063,-0.0009747174719802277,-0.004936162050804175,-0.004130695893611102,1.9683024469097703e-15,-0.006000326523456191,-9.614645054577842e-05,-0.0001934015049071783,0.0007514731989516216,-0.0008589716982777053,0.0026807487243750926,0.0017205980917058545,1.5377373955392926e-05,0.0001388256143215141,-0.0011693904349601824,5.197861243665779e-06,-0.0007534119705628552,-0.00046517073771188127
4,-2.370435543839909e-16,-8.144402396860737e-17,-5.44596186090497e-16,-3.183208908314726e-16,-2.3552005156172225e-16,8.263184861830943e-17,4.478514437879196e-16,8.411136789325187e-16,1.0721498522698206e-11,-3.870360101635657e-16,4.810357638129978e-16,2.423194405118027e-10,0.5741525346024035,0.39921796283399275,0.6245110875427508,2.3932542455457533e-16,-1.1544928323420231e-15,8.048275164112372e-13,-5.991249170738111e-10,-2.871601914227707e-12,-9.893563588675934e-17,-1.0352723362670277e-16,-7.247063966841756e-10,1.2140967334672917e-11,-1.3839542310862606e-09,2.223172570253706e-18,-2.741265648455452e-10,0.11090028025216497,0.025236216130842756,-3.285998824938718e-15,8.404232753223624e-14,-1.882494779769425e-13,-1.4326205315116217e-15,-2.293437917041741e-14,-4.637821129954433e-15,-3.5301956888153685e-14,-1.3822545894762494e-06,-0.12801025691921963,0.2311793043916121,1.1365545941406112e-14,0.1791056997880733,4.18948910049484e-14,8.64135999959893e-14,-4.893708531594041e-15,4.094256782882216e-06,-3.472506578590716e-12,-8.661830039882891e-08,0.008614873446535706,-1.3925207816417582e-07,-4.137318464814066e-07,-0.00020969023972718513,-7.401901294920233e-07,3.56375592747018e-05,8.486462227572503e-06,2.439619994698669e-08,2.0796283306142967e-08,7.587562099788413e-10,3.2170709200231846e-07,1.4668757402357092e-08,-0.05006824403160575,-0.00019800496050357666,-0.04651669044151753,-8.192474614345567e-05,6.712238614791071e-06,-0.0013278887430847961,-0.0023671117007129584,-0.02530990444038262,0.02474853429835484,-0.0072898363207041395,0.00042663325417124416,7.781945914991836e-05,2.887208377214474e-05,0.001734312570340033,-0.0020337504684917657,-0.00011160349888260341,-1.2977602541283367e-05,-0.0013755137464873837,-0.0006666124022786308,0.001894394664676837,-0.002019428167670557,-0.0013762188893297798,4.899621935557587e-15,0.0035485318462756764,-0.004554071715033182,2.686749769193113e-05,-0.0004593737360323935,0.0007198301582218263,2.2062122931601303e-05,-0.0005937291323848849,-0.0002587561743140726,0.000822103294673463,-0.001028117412689846,3.3022815184635e-05,-4.045113087006354e-05,-0.0008434616976439285
5,4.125524683243705e-16,-1.3020699959945309e-16,-1.8562593208968338e-17,1.782513163855514e-16,4.2511956951792193e-17,-2.2292623463536003e-16,-2.9057670929132785e-17,-3.2461395946629087e-16,5.343372654990383e-12,-2.583598409365743e-16,8.646935689190766e-16,2.9295919754130245e-10,0.23704656766573245,-0.8257206483426671,0.37223383314200936,-1.0405445130327561e-15,-1.212700699597228e-15,9.482242825853676e-13,-3.840776201798324e-10,-3.886230461819997e-12,-1.1330168083545488e-16,1.8601696764355478e-16,-7.252803690925142e-10,1.1804953850279512e-11,-1.514803704272589e-09,5.3525410131875774e-17,-2.4953749743952634e-10,0.11840915438534587,0.009985379434870982,-4.013303490589089e-15,9.222746137073128e-14,-2.022555996251777e-13,-1.958276506653979e-15,-2.2856751055531098e-14,-4.661938582552106e-15,-3.798919899234521e-14,-7.989306703409412e-07,0.1916419545988362,0.06418451812987236,2.3526455941703073e-15,-0.24933849108522016,2.869892817507693e-14,4.123783788008278e-14,-8.321837943912125e-15,3.834240844258558e-07,-2.850850074007158e-12,-1.211010794059469e-08,0.0021751864925656536,-4.408296461105825e-08,-1.065590126090673e-07,-4.895598892312755e-06,-3.947911890321944e-08,3.797256962924661e-05,-4.699031635389369e-05,-1.447875879459022e-07,3.063235721009968e-08,-8.554623210567818e-09,6.328947625589109e-07,2.6287447620544105e-08,-0.013598252546978993,-0.00028871397906962134,-0.06285485905656775,-0.00011008209580033252,6.789175678238556e-06,-0.00015697117952166858,0.0004008656467914444,0.026599918656889866,-0.03266464451941854,0.015381667488214047,-0.0007326654437382565,-0.00034525989667383685,-0.00011508302284868994,-0.0003440506977952801,-0.005582260053097743,-9.859518128693096e-05,4.82146683686519e-05,0.007335042087543553,-0.0009026632738433881,0.0026201353897699377,-0.0034113092884395574,-0.0027555220167913832,-4.516273580545517e-15,0.003319569153561478,0.0023736908338387926,-0.0009223335022611223,-0.0004727044828763999,0.0005105302775166411,0.0019737801694539358,-0.0024410756214190265,0.0004304046108874616,-6.2494023660771e-05,0.0025463289316170817,-2.7400534263696318e-05,-0.0009566690699378353,-2.8550768800000027e-05
6,1.314491067676305e-16,-2.643662349909023e-16,5.16834195597114e-17,1.7199274725016056e-16,1.1508675107296742e-16,1.9601565863270188e-16,1.4416953555500323e-16,1.6051301131060793e-16,7.516215558168322e-11,-1.6154364875234261e-16,-1.346564083830674e-17,-7.947873724240549e-10,0.059185257668112556,0.01881829880012485,-0.11349545805292566,6.405836354761506e-16,3.089337366031291e-16,-1.0106625383506542e-12,1.8645217109261128e-10,2.8553837025622267e-12,4.445956963724424e-17,-2.88340233918323e-16,-4.652993300345683e-10,6.649113689368899e-12,-2.559620787706592e-09,1.082841731214658e-16,-8.195476857285247e-10,0.3712261228379882,0.6334137673061652,-1.2280698876434402e-14,2.851503966432595e-13,-6.244346533764223e-13,-9.639824953303619e-15,-3.896858853130989e-14,-5.420372218210273e-16,5.334684489958108e-13,-9.538177401004269e-06,0.18827486160983598,-0.1230135013557086,2.431004192471013e-13,0.15813150180248853,1.3217206982614952e-13,3.039837130609495e-13,-3.448674747134112e-14,3.7024834010137604e-06,2.1378217739549466e-12,-7.922458145861404e-08,0.006724248180804724,-1.5957224364727042e-07,-3.600694820635707e-07,7.120995679387068e-05,2.3597527778092917e-07,0.00015056771339799302,-0.0004921494358462228,-9.505040189615607e-07,3.5874182432298514e-07,-8.997855932171795e-08,2.7956765509043733e-06,1.518325101403405e-07,0.4755368258082959,-0.0015203429284276436,-0.2993300518667625,-0.000520125122179878,1.4438364820888757e-05,-0.02507123570507037,-0.062231514381038806,-0.1498478246212359,0.11048135155689971,0.023465936569311032,0.00017260657261216556,-0.0012592639949979862,-0.00019400379665183165,-0.053450198906763814,0.06442033172495916,0.0032033666530081714,0.0006676246645655433,-0.005904308097850587,0.005291123378180787,-0.008463228155174285,-0.03919408938448565,-0.032815976045288006,-7.08555914107049e-15,-0.049309333386637545,-0.005272867510589677,-0.0009287448189072011,0.006296683316311133,-0.007037012315620013,0.02040869915712696,0.015191078890501017,-0.0003266831649597645,0.0017014936319537494,-0.01198866888521014,8.251448459430777e-05,-0.005591311631596831,-0.004355351813885092
7,1.1339293576221017e-16,-6.951511119557582e-17,4.9940705204375865e-17,1.6596577462591053e-16,1.3889626243351819e-16,-1.6984510656958538e-17,2.0483986635306474e-16,-1.5066442231269684e-16,-7.632998788884501e-11,2.3568354324138096e-16,-3.298447989271693e-16,-9.505404199458798e-10,-0.06492461326118266,-0.004982798105846542,-0.11445522674813204,4.592502080275667e-16,-1.206122536366535e-16,-1.6722475523015667e-12,5.558945063004937e-10,3.272913314756041e-12,1.5653409341753364e-16,3.67480003475958e-16,-8.675985483852228e-10,1.2373136249689713e-11,-2.6182427921846147e-09,2.3976937002221e-16,-1.0154281847607061e-09,0.4299255468162658,-0.4372099735487307,-1.0220189801884265e-14,2.7750447474157764e-13,-7.009106605905652e-13,-4.34284634589384e-15,-1.1184296467929253e-13,-3.278890327541465e-14,-7.293930731350551e-13,7.835424608372664e-07,0.36752724869931996,0.08124816650067578,-1.8913082778529493e-13,0.3105522495640693,2.356080897318772e-13,2.8502253041589516e-13,-6.882687977482951e-14,1.646896873326992e-05,-3.703289012481403e-12,-3.6945415026317127e-07,0.046565179450635485,-7.296736692829952e-07,-2.2527963585116007e-06,-0.0011925769358837556,-4.291199322092056e-06,0.00023161633890504774,-1.0673566817108075e-05,5.651968815589703e-08,1.7554050118796226e-07,-2.0065759342581643e-09,2.1987699674926462e-06,1.0484323883290597e-07,-0.3450573978893169,-0.001405075457813181,-0.32844694669603725,-0.0005783075452066364,4.695971911142408e-05,-0.012882889439181663,-0.02531729887541023,-0.25380892254856846,0.2535399134555582,-0.07730923873172338,0.004440574200970762,0.0009731648680430986,0.0003650966827074698,0.010853394377693273,-0.0049581846987667814,-0.0005658391419311356,-0.00011550731596646505,-0.022140963534712985,-0.004101008070254322,0.012191124549598665,-0.015776728634300102,-0.01058874126939829,1.4269809284560492e-14,0.022727786242077868,-0.04373147157216498,0.0015084940078591673,-0.002929905318408365,0.005111825688596321,-0.000850347294210935,-0.0006636300116496513,-0.0028769495408984217,0.00747904624198862,-0.013432989179161024,0.0003350222640241533,0.0006232422495251384,-0.007711060962976979
8,1.330639067146473e-16,-1.0394261859878854e-16,1.0279574300150608e-16,1.439467071170922e-16,8.41201324804412e-17,5.762451257315731e-17,3.286460516188576e-16,-7.407242690327609e-17,-3.156959994712803e-11,3.4977852177754975e-16,-2.0177459319278458e-16,-1.1163009827177914e-09,-0.031732474294632475,0.08061076350821247,-0.11344688580592303,-2.4923762861282133e-17,2.0981934100768157e-16,-1.8242374535607117e-12,2.1082264799607276e-10,3.767097133263238e-12,-3.59467663494636e-16,1.9330206372652382e-16,-8.930639943934236e-10,1.1859208947643877e-11,-3.252280696511642e-09,1.2885909171236193e-16,-5.812495645000243e-10,0.5128552525946778,-0.09308431649435206,-1.3539611057331895e-14,3.433266831495037e-13,-8.421382201793743e-13,-6.25918532677835e-15,-1.1269120897349912e-13,-2.6092823565733052e-14,-3.480879943943921e-13,-4.6439254342542025e-06,-0.44556258250856534,0.020717196643786726,-5.737478407362512e-14,-0.37462983412206546,3.288986689028788e-13,5.77627929202567e-13,-4.078348934446619e-14,3.345141432986336e-06,-2.6560778486435103e-12,-8.162899577226207e-08,0.010443310109316983,-2.2248386111324626e-07,-5.128608653170423e-07,4.444336315656047e-05,5.394616683540925e-08,0.00021140776684808567,-0.00029153163955216246,-9.137987666991411e-07,1.7618347604574456e-07,-5.515160931377462e-08,4.076878972332447e-06,1.6704137133758386e-07,-0.08734843386651331,-0.0018380137339672376,-0.401018959952288,-0.0007024102410996807,4.3508708228902523e-05,0.0028432176871056826,0.01234625510981228,0.26797623549656346,-0.313905713737045,0.1350499004474879,-0.0066568922892650964,-0.0028561901174691665,-0.0009750842223147247,2.794374108819099e-05,-0.05085095240490256,-0.0009971037705725422,0.00035481187504990896,0.06542710734545298,-0.007232674988647139,0.020541197083713533,-0.021988338005989105,-0.01810408726230585,8.133356094044398e-15,0.028602382225827755,0.02853380828204126,-0.008038186488648817,-0.004110243488137638,0.004096591817920187,0.014631122286677607,-0.02166672378968379,0.004164970381329966,-0.0020708743149101877,0.025033192076922308,-0.0003008677103252899,-0.007692603424893162,0.0015959700709478031
9,7.171109271608519e-16,-2.3359064997432963e-15,1.24788534504874e-15,-2.3112324881971184e-16,4.650994363044755e-16,-1.4907194392876767e-17,-2.7999041006673947e-16,-3.1311665481371987e-16,-9.447817199443092e-10,-9.471615532596381e-17,-1.6933018197841466e-17,4.429395956832193e-09,-0.006388501660558236,-0.006326608600780386,0.026115297517430653,2.1222893695092085e-16,-3.214188200532369e-16,3.225138618644153e-12,-7.25435795384543e-10,-1.0423951933943597e-11,1.9637102188805103e-16,-9.39912449810014e-17,1.1434990291087477e-09,-1.943160278629581e-11,6.203763392952141e-09,-2.1707533937191537e-17,1.6956992929447057e-09,-0.2991251779385614,-0.46334083729375003,1.9515322635567392e-14,-3.6961806143817917e-13,5.756304560792912e-13,1.531786716513779e-14,-1.902373540393325e-14,-1.654934200214516e-14,-6.743394446678957e-13,1.957081028481142e-06,-0.13139424875393188,0.19902330605617946,-1.6291008170110634e-13,-0.13227300422981803,7.890009800821203e-14,1.2634627049182298e-13,-4.480629061193364e-15,3.4714337442899944e-06,-4.584802895375595e-12,-7.885700116860349e-08,0.00872524449663698,-1.769954892376085e-07,-4.4205968360214735e-07,-1.252093899288578e-06,-2.6667575914101854e-08,0.00015726382775068659,-0.0004343914419484454,-9.143310691328891e-07,3.4149584879916363e-07,-9.187410209473584e-08,3.43237871344915e-06,1.8167861810862087e-07,0.6107909531695156,-0.0019140880980176881,-0.3864003009574446,-0.000672655419974229,2.183935706882772e-05,-0.03376422538634284,-0.08414302547122368,-0.19814987601919426,0.14281844197692908,0.03701028324503648,2.7676699617447224e-05,-0.001864327248603814,-0.00030351310220862757,-0.07731060372860564,0.09304274650184167,0.004636467625291424,0.0009634908280778437,-0.00806767899441392,0.007674567541448788,-0.012592025404317992,-0.0594679213383547,-0.0504096977477364,-5.231670202102698e-15,-0.07592423209141952,-0.008475138138497188,-0.0014178876307898095,0.009976308898554723,-0.011079875518925681,0.030532672443393156,0.022689891817130697,-0.0004974777594060102,0.002741430968408783,-0.01853800326743539,0.00013100539097933662,-0.008784719537861063,-0.006915698097843372
10,1.2931873061070778e-15,-2.2089366424056137e-15,2.189879896067674e-15,1.6746393988565017e-16,-1.1240633858640115e-16,2.7446655787063015e-16,-1.0679658482042026e-16,6.176146037010785e-17,8.132585428485225e-10,1.7963740672599252e-17,7.116046103895354e-17,5.494713047888577e-09,0.010210416930020116,-0.004282960793350874,0.027449875373018018,4.764517477245792e-16,-3.492475145442381e-16,7.8648953566286e-12,-3.1639949222773403e-09,-1.166346889606557e-11,-7.398577027763371e-17,-2.6289200091166905e-16,3.045187008618496e-09,-4.830442574348942e-11,5.698154922884352e-09,-1.8105213225648205e-16,2.377576568923482e-09,-0.3445554196424437,0.3160864779122554,1.2227911359361087e-14,-2.9338816158949606e-13,6.186052160808737e-13,6.401168510784592e-16,9.915723413025215e-14,2.5165610699901307e-14,5.436352267258594e-13,-3.4228944615877964e-06,-0.24951987247878987,-0.1513287006618625,1.0489372273843716e-13,-0.27073531034230763,8.544431082688329e-14,2.1714867419159514e-13,3.02854619215905e-15,3.45890034392809e-06,1.007444381368758e-12,-9.673925211816107e-08,0.024202334806878896,-3.561700277143582e-07,-1.1867455922457673e-06,-0.0006607966798413647,-2.5361660578626827e-06,0.0002122593423893884,-0.00010367779562567638,-2.3050120114658532e-07,1.9413328785279856e-07,-1.6092642488677668e-08,2.965091958167038e-06,1.3809092225488756e-07,-0.44551007309407514,-0.0018234805658419674,-0.4254812670590999,-0.0007490772338231654,6.0754579162743895e-05,-0.017293797747500533,-0.0339969920270776,-0.33333408082500815,0.331669311279177,-0.0997647089564228,0.005769422582912953,0.0012203384168858417,0.000457562280406423,0.015206114799401003,-0.00816655702074191,-0.0008257776898618731,-0.00014370893288178662,-0.03209755016491701,-0.006193868317360191,0.018698414849103992,-0.024376210580453923,-0.016545197150140935,2.380508067008768e-14,0.034965922117920364,-0.06871788713086234,0.0025037715146582745,-0.0045851660323819165,0.008022912838452632,-0.000790010572056486,-0.0011738200144067405,-0.004419041156862472,0.01194697818167085,-0.020897390710883982,0.0005280116261976816,0.0010433123439675294,-0.01226504363608596
11,1.239531212830276e-15,-2.824737296704854e-15,1.1826252834419633e-16,-1.793716285530413e-16,9.780001452257647e-17,-3.076715719814134e-16,-3.5205262792343405e-16,2.447089062395074e-16,2.767999807927601e-10,-5.656507295569327e-16,1.2385391320490445e-16,6.387944915019122e-09,0.006006333093254361,-0.013177755866534309,0.03083849729449232,-3.076753520358234e-16,-3.8807501742940474e-16,8.077606149654935e-12,6.10081244858809e-10,-1.2101118298976073e-11,-9.16373259775583e-17,1.5559877204029326e-16,2.7751765561835346e-09,-3.7103341091140055e-11,7.3250352702498495e-09,-3.53602447008519e-17,-3.2650981238468915e-10,-0.40975894523313655,0.06519265462392544,1.5157820439857115e-14,-3.6567366099640223e-13,7.433018676449617e-13,4.245113676399282e-15,8.519377814094228e-14,9.89953778434143e-15,9.692025533084122e-14,-4.422245685342553e-07,0.2800903097073571,-0.04491820029030864,2.4109978122441665e-14,0.352195548094613,1.6663799655096544e-14,3.2097556043633675e-15,-3.6641400491380646e-14,8.927733019832363e-06,8.099193181415301e-13,-1.9651988773763015e-07,0.022099316960988633,-3.8621336218079895e-07,-1.0792115735800125e-06,-0.0003253366270114514,-1.1938098284742393e-06,0.00022355966730783694,-0.00029291270366044284,-8.025261592831316e-07,2.3645858487584044e-07,-6.105557775069298e-08,4.684107318868178e-06,2.0158309568579577e-07,-0.11243942020135833,-0.0023209387586999677,-0.5122784697877171,-0.0008980340767790678,5.740967480309186e-05,0.0017084969687782574,0.012086257624570907,0.3445360194532688,-0.4108777206533068,0.1832426300796974,-0.008907328915952889,-0.003991911954542249,-0.0013415569294897157,-0.0009201576409901448,-0.0728080852805539,-0.001388907828913126,0.0005180976016385572,0.09736534941822064,-0.010675963946035132,0.031234716907914784,-0.033720869512058334,-0.027947137488321328,4.4979052518461544e-15,0.04410829498279458,0.04497174159368965,-0.012812053810989647,-0.006533881123849043,0.00645445488559363,0.021963247817249256,-0.0325429580389835,0.006399192320749897,-0.0034163989166786785,0.038771146577383044,-0.00047435700779869914,-0.012161262083095042,0.002647238911046341
12,9.712728843224142e-13,1.5944749063758862e-11,-8.688347372231877e-12,-1.1548699358126046e-16,-1.0126375641735303e-16,1.516826884789122e-16,2.6127927663881096e-16,1.546929344048319e-16,2.2455420025891322e-07,-9.221760823146453e-17,3.6314062625831026e-16,-5.006033443912524e-07,2.750425797815685e-05,7.150501946138541e-05,-0.0002722149610949825,-1.4509636293376046e-16,7.527884804031631e-17,-1.242941699777976e-10,1.060489465568048e-07,9.28347845361209e-10,-8.129000303122873e-17,6.962035115916407e-16,-1.943006341338352e-08,6.744750781891504e-10,-2.7770440377872587e-07,4.921995934653782e-16,-9.130344090463906e-08,0.007309164342576818,0.0107177153587369,-5.872425224994416e-13,7.962210270668148e-12,-3.4182515228339144e-12,-4.71894819688011e-13,2.8916778544750714e-12,7.181826136196324e-13,1.0231634851294363e-11,0.0001326223019771389,0.003132378121095132,-0.006674638319143071,-6.304452911014622e-13,0.003161800674545159,-3.662799165953403e-12,-7.572003930056649e-12,4.1933116554843597e-13,-3.247862627860017e-05,7.328412305949372e-12,6.498579873953867e-07,-0.011255126581697944,1.0856103772750025e-06,1.1144087054471555e-06,-0.002887345711388626,-1.0089388979906041e-05,-0.0013324165326853443,0.005975860852201046,1.0124470003301005e-05,-3.706666044990332e-06,7.915975816848635e-07,-7.890717608562947e-06,-5.501108460186107e-07,-0.1990590940626024,0.0022470332600392257,0.10895596225424146,0.00014573068858880146,0.00010990362703636408,-0.046868075446228084,-0.1290884772526045,-0.07164917667756017,-0.1065295664897678,0.2954229317630788,-0.009536168688947615,-0.009905915175736468,-0.0022986172232300982,-0.32368208795672804,0.3748482295384345,0.019361240897711383,0.003999445187024549,-0.0005551463386839297,0.03212939016229664,-0.06457035204274039,-0.3610509616083918,-0.3312581423491534,8.837591967905838e-14,-0.5021693757358379,-0.06015113288486089,-0.010418523828840388,0.0773862643576375,-0.08347181888961101,0.17004932558829502,0.11965220375952298,-0.002007080909586945,0.021878362025797307,-0.12022231278865098,0.0009354727307818824,-0.06679881568007506,-0.053186511695045534
13,-9.859797639003874e-12,1.072256349382697e-11,-1.2839516125365655e-11,8.9011417007878e-17,5.5426371387569954e-17,-1.4450763786228921e-16,-1.6571654690660597e-17,1.9123481158658451e-16,-1.7658244795786672e-07,3.2676217042194924e-16,-3.435971176836001e-16,-6.604438505067654e-07,-8.406881168069715e-05,6.97819745380332e-05,-0.00031519838764182536,-1.8171282117578383e-16,4.725492619900885e-17,-8.340372807788011e-10,5.047988587279214e-07,1.0481552977925997e-09,4.305388390599004e-16,8.786962104524861e-16,-2.0260709815430772e-07,3.6584599317980505e-09,-1.996204341749949e-07,3.620908005500957e-15,-1.5244850230098938e-07,0.010028970676917744,-0.009984468626814805,-1.841590282197328e-13,2.693831738655442e-12,-2.0938599917781698e-12,1.8730652457632462e-13,-8.57574879607405e-13,-1.8741620142997844e-13,-2.8931621678059523e-12,5.9164533910446234e-05,0.009636854617826344,0.010546683782060261,1.0262092803517129e-12,0.01446100693849409,-5.918619246580158e-12,-9.544175274061957e-12,7.725707318167904e-13,-0.0002528953103255776,6.191697665475116e-11,5.8012198621593835e-06,-0.7432622525482693,1.1616985051311518e-05,3.582308041331374e-05,0.019480252041475146,6.867572033038712e-05,-0.0025487269394350704,-0.0018367615901000657,-6.305632210479459e-06,-1.044309092687371e-06,-3.500437002734322e-07,1.9389373900178784e-06,2.3002355437834236e-08,0.02483024257501245,3.868885080231488e-05,0.007990429458602477,1.3906564315688663e-05,3.0275830595744316e-06,-0.019193544768660926,-0.03437322477502696,-0.021609176353345225,-0.048022191817214996,0.08221418885022529,-0.0027954546570294566,-0.002900084446877558,-0.0010690017002753503,0.049316684780348403,-0.09859380356309334,-0.004403496420472959,0.0003563123757646305,-0.1090255212974685,-0.03912887737184453,0.12848472188608964,-0.16641815545673597,-0.12094159547076559,-4.8332887397543176e-14,0.24515001095566866,-0.4966190088610656,0.021100866816390736,-0.035384579456832405,0.061265620533083855,0.017410303867682494,-0.023388834469816898,-0.02703759416432831,0.09530866766641018,-0.13526005297748875,0.0038440496230025905,0.008126856872725846,-0.09558898859696663
14,-7.909080015667784e-12,1.6635824923446622e-11,3.094490098549658e-12,1.830292648146729e-17,-3.343883854474557e-17,4.991418627418414e-17,6.087650928244357e-17,4.268823039216691e-17,-5.218226511766233e-08,4.103756332706772e-17,1.4054855094345295e-17,-7.563268269393749e-07,-5.456804619357175e-05,0.00011517165920276735,-0.0003433465810710423,-6.66461849939117e-17,1.4065750620438292e-16,-8.009170500032914e-10,-2.9983882559636344e-07,8.379246136899253e-10,6.491087317062114e-16,9.24539111650183e-16,-1.4164581590250377e-07,1.5373995318971529e-09,-2.8502315011305384e-07,1.569653329138059e-15,1.3371018597861304e-07,0.009984485057741462,-0.0014841863377033889,-5.2750577882404624e-14,2.8019127371373654e-12,-2.455505591727377e-12,1.14641048075021e-13,-2.063177384683211e-13,3.5448516203422494e-13,4.867676953245001e-12,6.854414205205934e-05,-0.005595469271434839,0.0019304515822055834,3.655160913353128e-13,-0.009397946682456805,-4.682432932347287e-12,-7.009840684414847e-12,1.4891718064077631e-12,-7.645670197532946e-05,1.931535787443039e-11,1.5412947732886787e-06,-0.031555571975771086,1.922259141006583e-06,1.434925183548002e-06,-0.004952087203167203,-1.7077633139835017e-05,-0.0017901487168108592,0.0024590241308926853,9.884910868693341e-06,-1.8842691266982322e-07,3.161757842309031e-07,-1.8390221021032153e-05,-4.6497605440886217e-07,0.0004187284957775838,0.0016268361824357757,0.1393605896098289,0.0002166593553983447,5.443283514728126e-05,-0.08800770940013401,-0.17938538249352345,-0.2861145568730107,0.014716921531785257,0.28128374983837756,-0.008288661688765067,-0.011112805960575659,-0.0028618305873979277,-0.048611646731712276,-0.25826221137769567,-0.003154179493777256,0.0024261155780359567,0.4986329054130222,-0.052942544528634616,0.19311319788115547,-0.2314781356936854,-0.1984224565561275,-1.0025622914364991e-14,0.29140513589294564,0.3188189741036602,-0.10181980846150114,-0.05122815836968642,0.049008336271022065,0.12651657141238087,-0.17889765254307663,0.04029682803810646,-0.028447298778484738,0.2560161308999016,-0.00341613544652494,-0.09399177991727861,0.021090748220922027
15,9.564620610670313e-15,-1.1360859588899427e-14,1.811915146504872e-14,-2.2380655065324754e-16,-1.524371960941206e-16,-7.331052769741937e-18,-3.639986421495848e-16,-2.8171547403685935e-16,6.9181833024164485e-09,-2.650000480405414e-16,1.0845151663734615e-16,2.8781759329610548e-08,5.234548283672131e-06,-4.4436708814424765e-06,2.0928253433261187e-05,1.133948639897854e-16,-2.1928558154729228e-16,4.393735435545934e-11,-3.024238696297793e-08,-6.131075874379607e-11,1.421913561999661e-16,-9.327596768087482e-17,1.6410891510107698e-08,-2.8730860207204414e-10,1.910929155888198e-08,2.3949512782741206e-17,1.8705454737300054e-08,-0.001590398825603613,0.0026303425611473477,2.446084264732367e-14,-3.7103937963643366e-13,3.1862807285234886e-13,-2.7973339599343928e-14,1.460038524507486e-13,3.8069669557180515e-14,6.812668194459719e-13,-1.7735529536825978e-05,-0.003716241305812877,-0.004696916136067687,-2.837040181375548e-13,-0.007218408826497393,1.8573978243290387e-12,3.096222080186788e-12,-2.5974136547135927e-13,0.00015261291527339483,-2.827105488061003e-11,-3.6592875366378878e-06,0.6633662227778565,-9.339083499476354e-06,-3.224050592277801e-05,-0.02204753255524122,-8.247794558448551e-05,0.0032154956055788623,0.0029136782522927473,1.0611695448204445e-05,2.2179379330322354e-06,1.093059251820341e-06,-1.4935543709709381e-05,-2.6891443015494575e-07,0.057592223735326964,0.0008885121971023754,0.08984318537658899,0.00015098890917763944,1.3306302801783055e-05,-0.0375003624407621,-0.06445045306760086,-0.037495242929018506,-0.08194883041790937,0.1349968673272563,-0.004666943235662632,-0.004505862899689135,-0.0017166185492459487,0.06852093792863258,-0.1316691936593828,-0.005982197327685388,0.0005237608771548684,-0.13311281587250404,-0.04973036296161906,0.1485700968002262,-0.19804180802667048,-0.1364351332067729,-3.279508704863472e-14,0.2679123452691252,-0.5233438886680088,0.021161859668362856,-0.03562236073020551,0.06259410851455545,0.021983096321148834,-0.027669148410118024,-0.030090957478624832,0.09567163256152253,-0.14726745403530384,0.004033019146831257,0.008275479556964638,-0.09723087179110823
16,-3.2903816066293406e-08,-1.1565245856884852e-07,6.69883753010654e-08,1.1047063206207746e-16,2.6908510641940094e-17,1.6480601789726003e-16,-9.082900927788848e-17,-1.189455295897418e-17,-6.608943573121623e-05,-3.271835317523569e-17,-1.2686191070609496e-16,7.605933739349781e-05,-3.51735999423126e-08,-6.583770799066836e-07,2.493848752656438e-06,1.9991710734345036e-16,1.2241332911852443e-16,-1.7197742516668214e-08,-2.9706532418087472e-05,-1.3154556849686278e-07,1.267237544379372e-14,-8.71948926429423e-14,-2.569319487662528e-06,-3.145798388348481e-08,2.408945250077316e-05,-3.606984432953046e-14,1.109881187507361e-05,-0.00015611432555639183,-0.0002075282039681172,4.999414518957081e-11,-6.066840201966229e-10,2.1333079934497183e-10,3.8878187630070316e-11,-2.0541735660727645e-10,-3.8081269584700456e-11,-4.78479403606584e-10,-0.004944560413216463,-8.485923906747165e-05,0.00016930306649490148,3.420124650301469e-11,-8.847813820901563e-05,9.999136183860882e-11,2.295944684296433e-10,-1.6746878935400625e-12,0.0002635259916230555,-4.472496631480861e-11,-4.911331383833811e-06,0.006632749349901277,-1.1072161714155962e-05,-1.2242734329206785e-05,0.026743356912882262,8.891556845339387e-05,0.014481040076637053,-0.07818279962741974,-0.00010577399089954723,4.8355020187315626e-05,-7.826467468958878e-06,1.80193732389311e-05,3.5546772461571414e-06,0.062383568199227336,-0.011410582005364225,-0.023019399643956023,0.00022868832321600155,-0.0005725375420611237,0.06682074843304289,0.23709305250319468,0.09406484544213484,0.06845119727043755,-0.3321093404500043,0.01077628747741651,0.0076736290856816445,0.0016193041397675487,0.328441803297363,-0.4741584579936122,-0.020606543695778738,-0.004037005428258398,0.22023239336902797,-0.045601689062986395,0.04514069516501746,-0.1988785837201605,-0.31213182717689253,7.819136113609806e-15,-0.4496095844342216,-0.05595703251717631,-0.022003638000466758,0.14432985341159027,-0.14055408887711096,0.021463199070102554,-0.03808072880634369,0.007212209130644305,0.04157731495662547,-0.08244554124971744,0.0010339063694664754,-0.1231690746700705,-0.09436503097141716
17,8.658200327518434e-08,-5.3879814216761254e-08,1.0977803804871981e-07,-4.592133869057272e-17,7.236020230833408e-17,3.132682987381319e-17,-1.7662280325690714e-16,-1.5984689092830012e-16,4.744209504871872e-05,-3.0898004348891276e-17,9.845452996900903e-17,0.00010186776890548077,5.831877111888972e-07,-6.94692480273846e-07,2.8624248138111594e-06,2.6692810778294875e-16,7.375305660399182e-17,1.1925200155683384e-07,-0.00011298754954982711,-1.4138002652006058e-07,-9.29306513692691e-14,-8.505140016066714e-14,2.0917234657062756e-05,-4.396616715745336e-07,1.0396299735000078e-05,-5.056092204286337e-13,1.776616332914943e-05,-0.0001988471091328673,0.00020169607838904316,1.2261687031573737e-11,-1.102026597569364e-10,7.331793011401411e-11,-1.1236897200517033e-11,5.398213554406598e-11,1.8449731238899362e-11,2.3227657092609947e-10,-0.0006771889648066115,-0.00023682980817320997,-0.00034501508750487016,-3.165034710966829e-11,-0.00041181314534595497,1.0530189152694848e-10,1.6640431820143726e-10,3.4136864560309704e-13,0.0017200539774794613,-8.584043324440649e-10,-3.542544566269635e-05,0.04136245121116713,-1.629157090715009e-05,4.502069642209911e-06,0.06263241728719825,0.0003207344288976975,-0.03162933519201939,-0.006592522642052585,-2.9884157131613836e-05,-2.4633535574683062e-05,-1.0088813013004674e-05,8.988665615638176e-05,9.275196563330423e-07,0.008135259340828135,-0.0016322245933978311,-0.01254784693254019,-4.961770528186418e-05,-3.110002619903922e-05,0.13009747575175878,0.16703359773369644,0.17420450381218947,0.13188035655369962,-0.23677706005251084,0.008031055346386038,0.006809708788531333,0.004907155519172452,-0.3622837094471993,0.2413109788567339,0.020976756204147334,0.0009466621958142385,0.6351531407142323,0.09810128527959709,-0.07410441059225183,0.17548443542601758,-0.006302490760139108,1.1827120151717544e-14,0.07663660846674601,-0.338093549834953,0.03822881336562262,-0.06782947271800858,0.09744043801559049,0.05296977248610711,-0.05754552848090225,0.028056822235984793,0.18315972678196174,0.07113482636608108,0.002873412881297398,0.004608789040221067,-0.1541393402435426
18,6.079675270674716e-08,-1.0958468279889005e-07,-7.325102968483645e-08,4.056580983151725e-17,1.9564271755223725e-17,5.880048484307946e-17,5.2155770457494813e-17,-1.7375039761510007e-17,1.4047659117120025e-05,3.151823835502578e-17,7.967058809991489e-17,0.00012575411827155293,4.536832378862913e-07,-9.54935305441026e-07,3.2791032361613847e-06,1.9338767509689453e-16,-8.412424861914853e-17,1.215629428985345e-07,9.587060539153247e-05,-6.987222427855425e-08,-9.291036825585521e-14,-6.589612618225762e-14,1.2102491992175455e-05,-5.308092384814471e-08,2.2260733097665652e-05,-2.7808420370847804e-14,-2.0371458037320493e-05,-0.0002171347281942445,4.834099115597863e-05,-1.200413794229099e-11,-3.582357558857556e-11,9.970063568566449e-11,-1.4199269253015135e-11,4.6022858440413604e-11,-1.6739969955247374e-11,-1.999864889527825e-10,-0.0012835041257178252,4.50306353221074e-05,-0.00013154400360748544,-1.3523507609723125e-11,0.00013085832542836836,1.1999782951144761e-10,1.4896404040917766e-10,-5.432410055251656e-11,0.001023582865643674,-2.3377022879556816e-10,-1.8872611307413742e-05,0.01781208972126346,-2.1393301092673556e-05,1.9736264903229218e-06,0.06795851214692526,0.00019387008547484258,0.031877501016432545,-0.01134750460042592,-9.801252805046274e-05,-4.3478685132484694e-06,1.9356977620890965e-06,0.00012318461319492117,2.2581128221654227e-06,0.023770049692751368,-0.003600160803820132,-0.027263290378549743,7.08624498119385e-05,-0.00019102103046534743,0.15771404054196114,0.2706328650230757,0.24463545819035826,0.13672096522973634,-0.31475077917936717,0.011534872604825675,0.009266849583815864,0.0022113185685867266,-0.045274809780276044,0.319564544176824,0.007306886937665505,-0.0003976189236490489,-0.2746777213143447,-0.01888736871471427,0.17860074869834905,-0.3697154460348835,-0.32193451151576014,1.7910618652459037e-14,0.3204979066773537,0.2313566816582044,-0.1951553085021334,-0.09537892443801087,0.08737224639805925,0.05053514372745744,0.0018259934537787792,0.008136221278404078,-0.051371243902284154,0.14117655519438416,-0.003306832885656189,-0.16619451151799833,0.022432271425492596
19,0.00042005286092022435,0.0006897733823898021,-0.0004745127180717603,6.601931501488265e-18,3.5131468495890755e-17,-5.1948178207819936e-17,-2.4680911322899176e-16,-2.3004669295422396e-15,0.015335146695069166,4.585810424291885e-15,1.763508456943871e-16,-0.008630942451666346,-1.0828425621915379e-09,8.060057830525508e-09,-3.137647873591518e-08,1.417475973686692e-15,6.994491957168681e-14,7.951175651129867e-06,0.007072319031639982,1.644394471353359e-05,-6.076277748628434e-12,1.0368799082095823e-11,0.0006472060040938178,7.945954181429628e-07,-0.0017219602917858507,1.8082808535275846e-12,-0.0011375255256598094,5.109717285190891e-06,7.661993136220294e-06,-3.6457688840582303e-09,3.953680051838534e-08,-1.1402169163859808e-08,-2.6045596347591586e-09,1.196736935613998e-08,1.6356958979705194e-09,1.8148096441821447e-08,0.15692492587989368,5.369034956459664e-06,-6.606740711036396e-06,-1.395152895157565e-09,8.027639762560458e-06,-2.2225542535154312e-09,-6.019280820428084e-09,-3.592526770291028e-10,0.0008986320445134417,-9.304769996352631e-10,-1.749588798009244e-05,-0.00419025020108948,8.522592425622846e-05,0.00020104477543000557,-0.09646708400530293,-0.00037389156611250665,-0.09133340729232887,0.8728490151498832,0.0008899280312872878,-0.0005196838361869521,7.290549258705245e-05,0.00015818787364437677,-2.0286988716511145e-05,0.0009544051270433645,0.06141038444652603,-0.0035952472611241264,-0.001316163335901225,0.002274199355269767,0.04693797465821308,-0.13607525644153734,0.10842526374258517,0.09145678345094874,-0.0009068555465408443,0.00036399012566940535,0.005613629792787207,0.001633165813275971,0.023411270523054393,0.027041402564936232,-0.0014866589793144395,0.00024872916436677437,-0.015078816663183277,-0.028057526601699856,0.12521100824825554,0.09104634344921651,-0.06326475941993384,-4.116582046864153e-15,-0.015396625452118987,-0.005777443533639184,-0.032717871829612645,0.18043104614538247,-0.14972164756492626,-0.1111468500099873,-0.11424440817446842,0.010467922190161367,0.053448700037853764,0.03150335084395617,0.00036821282340148765,-0.15136677971180265,-0.10933674261201262
20,-0.000634695724698779,0.00013790538377884688,-0.0008413563975998358,-2.287798807244876e-16,3.331734495069931e-17,-4.97662417464155e-17,1.1493101093768934e-16,2.587836519729572e-15,-0.01057980253858399,2.5751674924150554e-16,1.7848604360070875e-16,-0.012795218321798927,-5.80055212041926e-09,8.807329653104228e-09,-3.5835981610481846e-08,-7.707618959258398e-16,-3.665777433880358e-14,-1.43973888270167e-05,0.02255878213361793,1.8673303766215326e-05,1.1408171297232774e-11,1.0057376452204767e-11,-0.002025136350909236,5.147841846850474e-05,-0.00026460660027355755,6.098874688529651e-11,-0.0019453815447787145,6.185290539460743e-06,-7.4566324057909446e-06,-1.1337716388866972e-09,6.064218372895456e-09,-2.3601809892620172e-09,5.082760289830245e-10,-2.653597150861807e-09,-1.2911104047455224e-09,-1.4139772467700592e-08,0.004583709693154224,1.4331496309190298e-05,2.854295037597886e-05,1.1182738133817957e-09,3.4191823284967264e-05,-2.2543157342466794e-09,-3.877777401596339e-09,-6.320960749457678e-10,-0.0300501935971792,2.097094035070971e-08,0.0006165883819899766,-0.017847355881900978,0.00014880776750070368,-9.997667276016148e-05,-0.5914024581617722,-0.0037387370076708763,0.6276809090888361,0.005641936413826407,-0.00010330554556298306,0.00028183414604959956,0.00010782074574300169,-0.0003557977032195443,4.218601677130426e-07,-0.00029335366266402,-0.001121863892157861,-0.0012691093155056039,0.0005396354945546904,-0.00036305082730946,-0.10058111601865109,0.005840596422274588,-0.03537156136020175,-0.05387457888742595,-0.029247597596144922,0.0015583611681571521,0.002494495745007474,-0.004731038527191115,0.2284410917440693,0.1602050770556377,-0.005442068504168541,-0.0020194496422686367,0.01978308305214,-0.0005418202275260406,-0.06740063293220706,0.0031997425949468095,-0.026507501170354268,9.746016096250379e-15,-0.04546003205051448,-0.0030717191522705314,0.044146801839518426,-0.08902112751945085,0.10846129194040459,0.011063197639228304,-0.0020014756462946284,0.04732740828248748,0.23607826085843717,0.212508458687125,0.0002624571149064475,-0.010973503812826631,-0.16839771090141747
21,-0.00038840661794010576,0.0005981356063315905,0.0007935393160035793,1.0621161742918536e-17,1.0776765479334313e-16,-5.018109039708347e-18,5.95687668900472e-17,1.4754256871534151e-15,-0.003146704672555388,2.6940014461173766e-15,2.836963441359819e-16,-0.017108957844971972,-5.194110535126875e-09,1.1190478286062425e-08,-4.198705061526068e-08,-3.020061019064548e-17,-1.4262191498850608e-14,-1.6026193612937537e-05,-0.022194420713733305,-3.102720461147568e-07,1.2298828026233265e-11,3.4870511933262915e-12,-0.0007348649582237072,-1.1470038040073045e-05,-0.0014456829669888878,-1.748378810107801e-11,0.0023419782476478317,7.049517614831159e-06,-2.536415429114645e-06,2.0582389180752275e-09,-9.482149441175373e-09,-2.1244855799547236e-09,1.2935381055368845e-09,-4.4603257226464444e-09,7.713774548475156e-10,8.036939493069145e-09,-0.0002035606423356798,3.705774761059029e-06,1.6397936664248404e-05,4.346387000105493e-10,3.5333341698925193e-06,-2.3601379143323594e-09,-1.6125729254172246e-09,1.886542912317947e-09,-0.008805506653823977,-1.6627002301246144e-09,0.0001291695411905576,-0.013950908644516457,0.00025174855879076517,-5.8158209790665696e-05,-0.6237194799744611,-0.0009283423026446609,-0.5832326643911689,-0.12520647733087784,0.0008039246942149311,8.331785240242167e-05,-7.844197245875171e-05,-0.0007236266994253358,-8.03406592028864e-06,-0.0021178636386413275,-0.0011725945384086487,-0.0019215447913715521,-0.00037400949842900544,6.857374756170213e-05,-0.11914942203329394,-0.11267286515879905,-0.012343494823052805,-0.08269141742815135,-0.15523549995974556,0.0016725682046582274,0.00682378609502833,0.004978302412567,-0.04090768114822916,-0.033389744951439246,0.0030483330367376033,-0.003060304205966633,0.0016782104993120813,0.0886173790873822,-0.08248785936812884,0.10454215114409508,-0.1390532563146348,1.1106463870720912e-14,0.01843684201724621,-0.01958494492781572,-0.2533902240607298,-0.11863573581990232,0.09651071779114909,-0.06816422839308485,0.10442090151780964,-0.015334576247429529,-0.05947534179530024,-0.059200363378966926,-0.0010878496942769002,-0.19258975051482236,0.004928504750753435
22,-0.35865697007140795,-0.5351136104443702,0.2781679844988579,6.570880247843376e-17,3.991394296231092e-17,-1.634572802863902e-16,2.163469795546076e-15,6.959951356910287e-14,-0.318378396383355,-1.3292492501046087e-13,-5.793346088009964e-15,0.16011538299981365,-6.461147140790135e-11,-5.0452380836132524e-11,2.6274142981019103e-10,-2.9873427038300344e-14,-1.5314407730517074e-12,-0.00012254049943693636,-0.09542658655325693,-0.00022642024862592515,9.450736145656981e-11,-1.4448363441050476e-10,-0.00641874430638969,-7.820435734783758e-06,0.014224289927494244,-1.8354333348376134e-11,0.00730292077224288,-4.3710318218678566e-07,-2.8029852567696514e-06,2.174935146535665e-08,-2.2364215400921515e-07,5.789140715251606e-08,1.3397034909586185e-08,-5.400106471623543e-08,-6.103490824970133e-09,-5.727467246874277e-08,-0.37719707084391235,1.0057456615365887e-06,-3.5764581264763094e-07,3.7077071439004915e-09,4.3166406946366904e-07,4.977041032815304e-09,1.3117877846467956e-08,7.999087942109776e-10,-0.0015284579191058903,1.558681658735756e-09,2.7959617843212994e-05,0.00028211569603943794,-4.7994360075814714e-05,-0.00011560453245903353,0.009494018278213686,4.5766889033212264e-05,0.017814567896313468,-0.1437457709394455,-9.243116598831208e-05,2.0676242802988405e-05,6.27452716309041e-06,1.0423507458456158e-05,-6.309212685749685e-06,-0.006696653813088591,0.024985551174752447,0.0016814052698954404,-0.0005901880883979659,0.0012876656070659202,0.019769218225454816,-0.14418327446175344,0.07091667681445937,0.0615460917117303,0.040734977439102114,-0.001154571494801513,0.004028970042061964,0.0012079893172318309,-0.006414635689052233,0.06683791399636343,0.00037777017030288555,0.0005574360854551839,-0.03844173786973927,-0.02155955199117788,0.12203422932005942,0.1263747593946024,-0.030939322575210114,-8.21563562609741e-15,0.02183857483960782,-0.0033844966704582114,-0.037486816048044165,0.1951646570941405,-0.15826329055617097,-0.11738713334720884,-0.11259881513895363,0.010285422735979008,0.05866171809756691,0.04015439349894119,0.0003374081112645991,-0.16360319739832224,-0.11769142204770472
23,0.5135406247383903,-0.10136381428801858,0.4674154876341583,-2.2807609500821644e-17,-5.350958353904149e-17,1.140315114323482e-16,-3.0575436576217174e-15,-8.662576394858724e-14,0.2081195740414945,-2.3901469925869003e-15,6.646188660979473e-17,0.22515002684578106,-1.9086800049473524e-10,6.89646369080459e-11,-2.560153806115164e-10,1.1089048962441857e-14,7.548613676796319e-13,0.00020891278440782115,-0.2882069593540024,-0.00024377547115021978,-1.670803050628471e-10,-1.3280829450590665e-10,0.01890144756730201,-0.0004969188309356682,0.002012569428462939,-5.941294101798223e-10,0.011844401777370324,-3.0495283522458216e-07,5.980623637570364e-07,6.431826090423857e-09,-3.240342889022811e-08,1.1189003378784681e-08,-2.4561713664900132e-09,1.1302378723513946e-08,4.6178322151734155e-09,4.2844983164710595e-08,-0.008748392914674361,-1.7703407144458874e-06,-4.223436640663434e-06,-2.8018133515242384e-09,-5.465409074566586e-06,4.772191444791967e-09,7.953918658858536e-09,1.3242080502080526e-09,0.028662300416613475,-2.9063382249899726e-08,-0.0005551619709517322,0.004641931413655484,-8.47686224952155e-05,5.395035849433804e-05,0.18546546234436448,0.0011387968351092492,-0.20144858832563786,0.005576070120014246,5.617160582980156e-05,-1.1869612001306648e-05,7.558463883420112e-06,-0.00011533993070548169,-5.514369839633572e-07,-0.0024395575372100245,0.0005612514834348108,0.00172960216834778,0.00019113037219353456,-0.00014397025720689857,-0.0951649165668253,-0.028024098916932152,-0.05270118046397633,-0.06211894254380701,0.007972450269927659,3.8102260373345635e-05,0.001314221631822031,-0.004250164561726646,0.23618556684074105,0.11672386706954792,-0.006913906244672461,-0.0018745572161099077,-0.036109810333362725,-0.006420462150572078,-0.06820282235389163,0.004281582555819057,-0.01809952587586731,3.0295295698251788e-15,-0.0603718919422871,0.022039638929292567,0.04327204099620002,-0.09228937829471622,0.10949562181143362,0.00017695496411316826,0.00616869251153648,0.04539859231673228,0.24378644708307198,0.21043904411139072,6.725428257926804e-05,-0.013629450203359447,-0.17069800601755264
24,0.31618652059562025,-0.442433358576032,-0.44357227482299905,-1.2731338054703419e-17,-2.8179990582513176e-17,5.450645797915636e-17,-1.6690007142122703e-15,-4.9713460164859256e-14,0.062281204875931064,-7.514717665293052e-14,-3.2487801182735983e-15,0.3030991360418757,1.2391489371374426e-10,3.394270481932922e-11,1.3941678334452308e-10,5.053738238997907e-15,2.9201973139908724e-13,0.0002341490798372972,0.28550252924504915,5.093712419220296e-06,-1.813415503216232e-10,-4.581631143694635e-11,0.006854165958412165,0.00011301023676484585,0.01136872715032641,1.7322262083563604e-10,-0.014353695998327738,-3.3966073802434806e-07,2.6528139794428434e-07,-1.1815443208331316e-08,5.229340701249487e-08,9.937007625153422e-09,-6.37412813093499e-09,1.9351340155703663e-08,-2.750253055477306e-09,-2.4235143382858023e-08,0.004656551073575289,-5.420131421694817e-07,-2.4400637888381006e-06,-1.0914701957330562e-09,-7.51396236527671e-07,4.996136700815209e-09,3.0842603598491386e-09,-3.818177068538009e-09,0.007450118624867191,3.0276246380324714e-09,-9.563319865064496e-05,0.0037030517466034737,-0.00015318483613217904,3.310471666736986e-05,0.19568466845647525,0.00013777232438035074,0.18586410131338604,0.04491504927722829,-7.748546268729167e-05,-6.442009035952815e-06,-7.415988075189889e-07,-0.0001903517224239223,-2.9492577923138825e-06,-0.005563079400812262,0.0016974126885611468,0.00279819841904318,-0.0001767727784553233,0.00011194341896794089,-0.11155067591426136,-0.12627088400432485,-0.040759957494688207,-0.08494129158209196,-0.07987037451834922,-0.00027301039675307567,0.004612631716906714,0.0035660515593109628,-0.020422832411099462,-0.05352665211959454,0.0016507200492034905,-0.0026131622449880733,0.003608284892661851,0.08357616649433423,-0.09949421011817398,0.14256975912893882,-0.1057731091012563,7.03374100427162e-15,-0.006303343054869347,-0.03233305145101775,-0.2639564697912781,-0.12261548491084658,0.09794210942417833,-0.0748690010149423,0.10412528505825656,-0.016078920305507394,-0.05933458903525174,-0.06942376869614546,-0.0009478973053430904,-0.19767049725895477,0.002382860004580949
25,0.36418382287740053,0.5432997255658926,-0.2823131714815838,4.0223936781348107e-17,9.392947553207543e-17,-1.9270683674179978e-16,2.037416577154051e-15,6.41698904325152e-14,-0.30173265815051853,-1.2281991468256429e-13,-5.273005910195214e-15,0.15165799806280705,-5.7376859929870965e-11,-7.147513584369928e-11,3.4387535586575374e-10,-2.8079530482751608e-14,-1.4453819840860558e-12,-0.00011790315712509355,-0.09015104403347583,-0.00021693323672483588,9.092520008024241e-11,-1.3856029352874253e-10,-0.006294883508553589,-5.8514620050047204e-06,0.013914606294306896,-1.5667542008878345e-11,0.007139087399467506,-4.45434346575165e-07,-2.7990993504484353e-06,2.13763602025521e-08,-2.2012396067847237e-07,5.708819953790048e-08,1.3210538576324713e-08,-5.3350593528716654e-08,-6.049612776334863e-09,-5.685233088429846e-08,-0.37493407760492997,9.827587865153795e-07,-3.4348564930611417e-07,3.6844622767302875e-09,4.0014018294108924e-07,4.9479843905962285e-09,1.3044619199637003e-08,7.940759436108574e-10,-0.001526270029573721,1.562151891191904e-09,2.7909008736478537e-05,0.00029561628116194785,-4.810859991386488e-05,-0.00011587300140778488,0.00981320968118353,4.7603908028270696e-05,0.017772678656158794,-0.14593213108854558,-9.455130682615995e-05,2.196793225955594e-05,6.029102365377267e-06,9.99883742088817e-06,-6.257005244907145e-06,-0.006707530860578773,0.024830939480700434,0.0016919017574186666,-0.0005871675139746111,0.00128269262801378,0.01967719746230405,-0.14404145167531313,0.0707390252492838,0.06139775954719862,0.04079747201307411,-0.001157571142770403,0.004020857804767248,0.0012066316056188174,-0.006509307303850731,0.06687246334335234,0.0003827767851231062,0.0005577782902493069,-0.038497644441274445,-0.021525836003432008,0.12196837716964946,0.12639696489123373,-0.0308432970746277,-8.299479757707713e-15,0.021930272400601025,-0.003367582025612639,-0.03749211505332432,0.19516211817070067,-0.15824785941070965,-0.11733150254707743,-0.1125287088981343,0.010278281520601147,0.05866363558572206,0.04015625418458298,0.0003371260171731153,-0.16359816883307027,-0.11768429273083006
26,-0.5213888631892523,0.10290012622113602,-0.47429339520992586,-3.434281960499441e-17,-7.818112885479967e-17,5.892967066748486e-17,-2.9690780613441346e-15,-7.98510381746275e-14,0.19842089376125277,-2.0257734553235532e-15,-3.0649117167184035e-17,0.21469372783061766,-1.6743098486292827e-10,4.299703491251638e-11,-1.491608821526299e-10,1.055637490658267e-14,7.210198933953685e-13,0.00020190862003692924,-0.2750711461394768,-0.00023317114194392602,-1.6137031792840671e-10,-1.2716001715101186e-10,0.018419447736299607,-0.0004819724485359181,0.001968763193841789,-5.758986131157258e-10,0.011576186286548473,-3.176005811228152e-07,6.14894724924164e-07,6.252720539191133e-09,-3.136342559232654e-08,1.0958925686484549e-08,-2.4563718178488135e-09,1.1273812515144648e-08,4.573511392484821e-09,4.25085798269481e-08,-0.008431256158122777,-1.8046486268859e-06,-4.281304260124501e-06,-2.786977014250972e-09,-5.546981403837411e-06,4.746978339201882e-09,7.90688278170372e-09,1.3142669132245475e-09,0.028657624244682288,-2.8992807815377958e-08,-0.0005552589572979811,0.0046820259262684415,-8.497043632486202e-05,5.409182295828989e-05,0.1867533260053418,0.001148161135343642,-0.20327448010368623,0.005251983418125545,5.65245693773914e-05,-1.2512175805668283e-05,7.1753661926109404e-06,-0.00011467421300865269,-5.501555430344678e-07,-0.002443451293816386,0.000546302760230229,0.0017347907113041345,0.0001898918295755682,-0.0001436200995316351,-0.0950686902156146,-0.028091464779258196,-0.05271190178545999,-0.06210886150139619,0.0080378354772408,3.4016224209853606e-05,0.001310185662146801,-0.004243776757752654,0.2360169360123649,0.11652672244533506,-0.006912208797447549,-0.0018730836427852569,-0.03626479129018998,-0.006421027488771023,-0.06818533711054005,0.004278567681661889,-0.01807731916432131,2.838512201936283e-15,-0.060378955090025666,0.022116423470647815,0.04326665713644479,-0.09229178623331687,0.1094890204564602,0.00014774537820957774,0.006205337422782003,0.04537787016641569,0.2437900421027049,0.2103807824791469,6.654398683960982e-05,-0.013636718932138595,-0.17068465163889604
27,-0.3210233795317473,0.44914694193945004,0.45010919604159244,-3.361632676114849e-17,-1.492668994555524e-17,4.626823618247166e-17,-1.600210986631853e-15,-4.5775972693894284e-14,0.059368432812545696,-6.921157979209416e-14,-2.9829005257287287e-15,0.2890227267572594,1.3093242668804095e-10,4.3845371488136766e-12,2.394469988579608e-10,4.719505942925834e-15,2.7540084069898707e-13,0.00022482395977435076,0.27248487352301803,2.9422605442178876e-06,-1.740894748724097e-10,-4.508288541099519e-11,0.006729066977831816,0.00010747554916251117,0.011122087544906244,1.6539692824631063e-10,-0.014049989679767437,-3.5346146626448653e-07,2.6792923817576546e-07,-1.1576478233807625e-08,5.1167993687714513e-08,9.863606636073454e-09,-6.275368277370573e-09,1.9088119539862176e-08,-2.7180734115525833e-09,-2.4000315882724e-08,0.004483571299888565,-5.439739295565453e-07,-2.4690945036603764e-06,-1.0853754119175207e-09,-7.454171663653403e-07,4.973685817929764e-09,3.0785173783340873e-09,-3.79768634878454e-09,0.007452011436668271,3.008207332537333e-09,-9.569703877842427e-05,0.0037301139037927795,-0.00015353290488423043,3.319891162178861e-05,0.19702618871708855,0.0001388650660036215,0.18761372928094613,0.04538080222644825,-7.975747586373729e-05,-6.642940660122102e-06,-4.4340926625905376e-07,-0.00018834193477424495,-2.9288931673761406e-06,-0.005564391827739467,0.0017105353325070488,0.002804763481442045,-0.0001757444132027884,0.00011201413484068452,-0.11140247836284778,-0.12615914220309749,-0.04079129123839965,-0.08485428854710315,-0.07958072413819,-0.00027774928081844444,0.00460281893984991,0.003557566475800715,-0.020318591649105055,-0.053522652276980685,0.001644985406522979,-0.002609908382953645,0.0036372822790379502,0.0835114398732892,-0.09950452505266016,0.14261645636218806,-0.10564519254411016,7.343469665874266e-15,-0.00637731752863292,-0.032376093396516994,-0.26396245980345284,-0.12261445557071195,0.09793351795721124,-0.0748441950241862,0.10406981545821384,-0.01607261065935992,-0.059329220054542664,-0.06942637615400142,-0.0009471842288326106,-0.1976595859619174,0.00237279064184536
28,-0.005940010018119557,-0.008864086345416838,0.004610904887357322,-1.155425747293031e-16,-3.001643288201989e-16,1.9669774318532467e-16,-9.078018314905025e-15,-2.6363084211340755e-13,0.7257565465790038,4.895081695250695e-13,2.2373767841625385e-14,-0.37202669590007875,2.654362946028407e-10,-6.469904847552518e-10,2.5158622921868634e-09,7.950233505411143e-14,3.8380101324099774e-12,0.000172738245307372,0.24032960577129264,0.00037926058869808054,-1.335165965852841e-10,2.33653822109118e-10,0.0016918366727330613,0.00011919466993347107,-0.00624622550566822,1.549753421276447e-10,-0.003761476388747044,-4.729903548144266e-07,-1.7785520078214075e-06,-3.626710565353953e-09,1.7067528267160564e-08,2.2470837295865436e-09,4.941615214755829e-10,-8.212046089282306e-09,-2.20018878183131e-09,-2.562544577294454e-08,-0.1931767847804255,7.229242614927176e-08,2.504068259778226e-07,1.8814033372039952e-09,-5.356703736748502e-07,2.5549867085651346e-09,6.922936322560216e-09,2.9547349402083686e-10,-0.0017080700626547556,2.103255067329756e-09,3.1843821194816276e-05,0.000623690957723474,-4.4112504379633905e-05,-0.00010806478530664237,0.017121237479757974,8.281547373028316e-05,0.018540135388125316,-0.19716715483772265,-0.00015116640134925556,5.990163138832574e-05,-2.2032542664766734e-06,-3.7594406580506787e-06,-4.180012060714146e-06,-0.0067830110637495744,0.018407960446761844,0.0019089259780121159,-0.0004588959819265197,0.0010615680869640522,0.01631441838343904,-0.13512873003541465,0.06326687862337008,0.05510430423934088,0.04147810339564586,-0.001218959107985201,0.003672802191364465,0.0011513172815927532,-0.009876278067161034,0.06647758106002477,0.0005475032264795795,0.0005574465552189159,-0.039683613212201534,-0.0200748927783687,0.11877427034561866,0.12574640041581633,-0.027648492935783548,-8.639639281256733e-15,0.024678375979130116,-0.002847458511261663,-0.03764654304906614,0.19492324966559782,-0.15749271609212911,-0.11395849698085216,-0.10906450575182075,0.009936271139888474,0.05866525273890834,0.039805214992598155,0.00032694795145011765,-0.1631953427041194,-0.11725211953706223
29,1.9559553064814e-05,3.2128979080867285e-05,-2.2134764273060737e-05,3.383425830468105e-17,-1.124663054796748e-18,-5.1119677037986067e-17,1.0777131068686205e-15,2.3962627167368847e-14,-0.10708776225811902,-4.962717109656451e-14,-2.4098979541255007e-15,0.061821908046688245,-6.654560142831746e-11,1.6659179207540402e-10,-6.810118333424843e-10,-1.0368304989359426e-14,-5.354750001834125e-13,-3.561842181010045e-05,-0.057566471731245274,-8.832699089835505e-05,2.7247752003873106e-11,-5.364564543329997e-11,-0.0005845341638813158,-3.961857614077498e-05,0.002675509428516197,-5.09592910030172e-11,0.0022687648276866284,4.2439183074497445e-07,4.747896601389382e-06,2.410830889325402e-09,-1.2221015864203535e-08,-1.8815446741671817e-09,-4.083964368120031e-10,8.328415494295357e-09,3.0843100088361555e-09,5.0442115375749185e-08,0.8084191545540041,-3.646746334922324e-06,3.0233615372556124e-06,-5.823340646660788e-09,-3.470993155675414e-06,-1.3123853022787223e-08,-4.218013234168405e-08,-2.2337824170046567e-09,-0.006654693510936051,2.120737016237828e-08,0.00011458784345251808,0.0015005383285558362,-0.00011638822037168921,-0.0002582736064575058,0.03522168871908076,0.000165207618568123,0.03612433674004784,-0.3509185984345521,-0.00026392798511329135,9.817592824217338e-05,-3.3551412282821606e-06,-5.217190681813025e-06,-5.658811449375452e-06,-0.007821071010645834,-0.011218180276895482,0.0026589273238555567,-0.000635351416510783,0.0013284408524492845,0.018270251366348054,-0.15017752539151025,0.06925546104572608,0.06011554814685095,0.044886549827646,-0.0013237683480760818,0.0039265786586529915,0.0012399403053164751,-0.01027386493159322,0.06839249477075063,0.0005660468436707679,0.0005882646660793384,-0.03953039371889534,-0.020327944674894356,0.11316060843184335,0.12342986050486766,-0.023786446659659257,-1.0207074328211799e-14,0.027255443455742344,-0.002892854214477572,-0.037063543601982905,0.19225458394861955,-0.156528038666464,-0.1151218943996575,-0.10658517287643471,-0.009431333402575804,0.05778174593416328,0.043097939948464004,0.0003308396699475846,-0.16190069370193935,-0.11625409805047605
30,0.008475286456796507,-0.0016724333323630968,0.007707423935913359,1.660883863503667e-16,1.0987919280485762e-16,-8.536880641884052e-17,1.191843722528492e-14,3.1869025360379684e-13,-0.404606666188407,2.3515067508466243e-14,8.268689876904843e-16,-0.43633781692586265,7.997044054715899e-10,-8.040108467012941e-10,3.3364789501358327e-09,-1.702629267273481e-14,-1.3847903726308112e-12,-0.0002407535437619838,0.5526677182480538,0.0004347621580790346,1.99211525825294e-10,2.2855612664824468e-10,-0.012772978418229627,0.0004806115047400283,-0.0008899515956071009,5.972128939050902e-10,-0.006398931574990041,-5.432344227203793e-07,1.0427003957241675e-06,-5.803249828874547e-09,3.89060593898561e-08,-4.838779122827525e-09,-2.4278267045137295e-09,9.108608659135627e-09,1.3248035688677103e-09,1.679408555117245e-08,0.017217882586114043,-2.4449330895391332e-06,-5.141325667551348e-06,-1.5788902897490878e-09,-6.89448365546176e-06,2.5818600132949357e-09,3.809998485278536e-09,4.3296725298869714e-10,0.02320675816937285,-1.9990473888446602e-08,-0.00045680252626933456,0.0052826397205348605,-8.026279766277192e-05,5.28642309130778e-05,0.20494850403981987,0.0012868628360816997,-0.22978004208098723,-0.002702536370507575,6.06723452155417e-05,-3.145238702937849e-05,-5.463549573623075e-06,-8.700802734729192e-05,-4.4777518381132643e-07,-0.0024666392216977752,-0.00012704543341093694,0.0017959117829350153,0.00014135199142741408,-0.00013159504497603006,-0.089352161657195,-0.029331522089251598,-0.05183119611950797,-0.060496689273657506,0.009355252736567786,-9.116592492395341e-05,0.0011573805040122084,-0.003916048926057457,0.22582670572425112,0.10794779298763334,-0.006719854355492414,-0.001793854807765725,-0.04051201084027368,-0.0060969351421356335,-0.06723554925835579,0.004228092776200633,-0.017341970075685772,2.4677773127060656e-15,-0.06022200280203027,0.024386787342571038,0.043051047995023115,-0.09231975452312674,0.1091334803634925,-0.000737569130145455,0.0075965571280483726,0.044353996453589804,0.24372493510612103,0.20714555734106177,4.358163286012622e-05,-0.01385949284605203,-0.16997006273304294
31,0.005218265012690961,-0.007300572826498194,-0.007314597578790879,4.569316616585381e-17,-2.7431194719047044e-17,-2.173854897648897e-16,6.797041196499753e-15,1.836950358686363e-13,-0.12105893631314978,2.7694400084083143e-13,1.280547885712709e-14,-0.5876452981772129,1.478555691437212e-10,-9.141533804648477e-10,3.0516014608238735e-09,-1.6179384992353976e-14,-7.436661373732418e-13,-0.0003611502357590534,-0.5476125434385396,-0.00012999317335983583,2.8143660879655934e-10,2.812171485053226e-12,-0.0014056477818157368,-0.0002467384603082633,-0.005052330862458485,-3.3551746874969096e-10,0.006303560624753935,-6.289402286959634e-07,2.3399255853877903e-07,4.55100088181636e-09,-2.5109985490859236e-08,4.705056739924518e-09,5.221745395867801e-10,6.234053448368089e-10,-3.6790926322028706e-10,-6.123906968183565e-09,-0.00921113531790775,-5.177647615031458e-07,-2.934104617352935e-06,-5.99870060888491e-10,-5.739817386622683e-07,3.0396399402842612e-09,2.540268641615789e-09,-1.9750594301319024e-09,0.006871454265477152,6.916763333808433e-10,-9.496463733230413e-05,0.004095488929083777,-0.00014134295491749835,3.1213325858745654e-05,0.2150790940878446,0.00017755143136294433,0.21300671114430933,0.05347566622435466,-0.00014036370263218934,-1.2221873315620472e-05,8.980924807920455e-06,-0.00011162868444406391,-2.0952645968728835e-06,-0.0053997305489915225,0.0020967616795091594,0.0028420377159421237,-0.00013222190490088675,0.00011050897404899925,-0.10322344757628,-0.11871000444883617,-0.04059766120608928,-0.07971144201771332,-0.06816958613503234,-0.00041803246404173585,0.0041865474488700085,0.0031777628348578025,-0.01591971973989764,-0.05198389331409319,0.001414277904225953,-0.002452311549322129,0.004382681130221141,0.08012060382185013,-0.09882687931704298,0.1424135227312583,-0.10078819569298175,7.08478244894878e-15,-0.008680358353664841,-0.03356182599146688,-0.26398071381445154,-0.1224746498376595,0.09748885457008094,-0.07299342458867361,0.10105680779936536,-0.015691811901619515,-0.05909438666069061,-0.06884388177700504,-0.0009213008281733813,-0.19699667157545425,0.002003831053914673
32,2.9011410927772464e-06,4.330380617254026e-06,-2.2557980259499737e-06,-8.460729216555304e-16,-1.3466487674288084e-15,-9.644863119967076e-16,3.4039006528466053e-13,8.404449811948441e-12,-0.01857535364054154,-1.4661297919332876e-11,-7.471293285063631e-13,0.009091696392787674,-2.8266628859456396e-12,2.559302271701214e-11,-9.641508985114912e-11,-7.902533260695757e-13,-2.188297437840993e-11,0.0038777960888158906,-0.004425860523847066,0.005767243612848015,-3.0022240819755104e-09,3.969597238910318e-09,0.27346083915161495,-0.00040828969816816526,-0.5823426966053706,-2.574161676778308e-10,-0.3084234459265616,-1.6430591457487476e-08,3.418172041861956e-08,-7.844859290474538e-07,7.623745158924067e-06,-1.796493668249703e-06,-4.1454813966535205e-07,1.4633433633900166e-06,1.1132895771694038e-07,6.974583988404926e-07,0.004500955614209037,-3.147608621217362e-08,-8.260873190659337e-08,-1.6689453511890098e-08,-1.0406616642778489e-07,1.8251516293604944e-08,1.1400291583042339e-07,-9.34009266928063e-10,0.026560236661628732,-1.2413540872146814e-07,-0.0003789409861328258,-5.000630657813023e-05,0.000868491042566853,0.0017907842040820817,-0.001253089474436384,-0.00030559644658250784,-0.007202631645465144,0.028521603653888186,-0.0006649607720994739,0.0008276145916416153,-0.0002545098807149087,-0.00042692933691376137,8.561660854561872e-05,0.007394586916211384,-0.006377035288146445,-0.000699933380367248,0.006007616874524755,-0.010080843911561704,-0.12265139276894885,0.4132829909392239,-0.2861681254812888,-0.2402328564565989,-0.0036651400048221478,-0.0013372647684248835,-0.012632478198505883,-0.0017889643364844298,-0.12881630050271745,-0.008543814821002277,0.006021294862704903,-4.884336783345602e-05,-0.061181175261576876,0.042159298550022185,0.0194907703902123,0.07812594279409042,0.05446699448780897,-5.296950835915833e-15,0.0917859911000192,0.014394984257093861,-0.046788771859353574,0.20218118375862712,-0.1309171734478041,0.05880952431858334,0.02721480000534194,0.14278166274481924,0.06363279883347196,-0.010159359829227691,-8.328855211066016e-05,-0.15166113583926702,-0.10375391025112567
33,-4.149328042935345e-06,8.170231118073684e-07,-3.773190181086651e-06,1.2095875126472437e-15,-3.918632816962913e-16,-1.5925982318482035e-15,-4.97185061564568e-13,-1.226715430613333e-11,0.013658972093829323,-1.7119553435955008e-12,-9.881909156429705e-14,0.01515764969501636,-5.609771980026792e-11,7.205350691406829e-11,-3.413024430674397e-10,-4.536897439847061e-13,-9.850743285851414e-12,-0.0066230551617611514,-0.021859294518433603,0.0013185872743565915,5.068852805812981e-09,1.0598785685282485e-09,-0.6417701316439227,0.014823855438141643,-0.0808541686622069,1.7324444848351595e-08,-0.4332396865159967,-1.2907380206296039e-08,-2.943988240722077e-08,-2.655572516144146e-07,1.4951890528723963e-06,-4.2495745670302755e-07,4.424090741666824e-08,-2.1077248556849944e-07,-1.2664512959606487e-07,-1.0857966104044714e-06,-0.002170430890189947,1.2759312791159166e-07,4.7502959957899404e-07,5.9288068287292694e-08,8.779678937535422e-07,-7.892216764919274e-08,-1.2848294834063588e-07,-3.364473616555568e-08,-0.2922724521018857,4.117837387200805e-07,0.0054396659415553855,0.00016923514650769056,0.00048242319715509975,-3.857065058246237e-05,-0.00117500962006602,0.00018825280708661079,0.00276736088177393,-0.001296938179104236,4.65145492795801e-05,-0.0006076203840148614,-0.0003982574076172508,0.0010174732412604071,5.774191396838091e-06,0.000986163569136594,0.00040546193988881974,-0.00031751887369818724,-0.0015440922107131895,8.767143230235409e-05,0.18237284192504213,-0.027137908016777703,0.011752679669973457,0.03083864695808891,0.026796087400547158,-0.00396369513637125,-0.004906847856278364,0.010711300539685989,-0.26480423096372,-0.25186053074259157,0.004029523883103338,0.0018510546527236097,-0.16024432895055624,0.015391964778488882,-0.01765474807252199,0.005853863128600831,0.005026656257778731,-1.5953025574832338e-15,-0.045219246900474776,0.09533357821065669,0.03432471007573009,-0.08928202813136345,0.09162852524116477,-0.02767272657172218,0.058614567880215115,0.015658289952327112,0.23703863429127803,0.05174289516468686,-0.0007421483789234759,-0.02195318319052985,-0.1377407497387094
34,-2.549061455240276e-06,3.5671302769079798e-06,3.572043653536332e-06,7.429627792357729e-16,-1.1493642138428862e-15,1.5448914594431394e-15,-2.8271351200485574e-13,-6.9447337503456934e-12,0.003770588178367615,-1.0687078733534766e-11,-5.559862501296164e-13,0.017903963733406202,-2.272246281402445e-11,6.573469662366233e-11,-2.714297630708473e-10,5.249532972082193e-13,1.4129869731963882e-11,-0.003481362715606009,0.015689970123504652,0.004776050552614267,2.655211248225319e-09,3.4117127313966766e-09,-0.2837558651849741,-0.0011147320365703488,-0.40606609209441097,-2.3231654769773138e-09,0.5130413501859904,-9.053476460404101e-09,-9.973230758842499e-09,4.2042712163952967e-07,-1.909510605267775e-06,-2.6497134184622966e-07,2.0804745781995727e-07,-5.952120456497612e-07,8.586761154228839e-08,7.092644105321212e-07,0.0004961385980474263,5.7790940972598546e-08,2.3034863360702035e-07,1.7197743720082002e-08,2.1491397409960425e-07,-9.331097804654015e-08,-5.296236060941923e-08,7.683741391147235e-08,-0.03711829496720246,-9.480966165733784e-08,0.00014550245603513038,-0.0004128763299622586,0.0009229810999058011,-0.0002512733666558777,-0.026054123943333698,0.0015733028122240683,-0.020460285529781196,-0.005245535344213728,-0.001636885570896413,-0.00014024945655672692,0.0002868833844720576,0.002686244120580946,2.9486932957988918e-05,0.006078514733011808,-0.0010110514444040739,-0.0011063151748345907,0.0015080807110562173,4.2153559530496196e-05,0.27605660590823394,0.2428089795520717,0.006349922199024297,0.1670722854568945,0.37836434186249107,-0.004750437659782457,-0.012766746954621893,-0.012729185106106516,0.16259151200853908,0.04410855982831974,-0.007730089177104968,0.004503811294677435,0.023361888638963466,-0.07525105562972692,-0.04645370197677938,0.08062478377649075,0.0888032531928242,6.3300409878134255e-15,-0.08307849394208877,-0.0676216204210394,-0.25930669204910994,-0.1155594045494708,0.07740950272090748,0.022019495966127456,-0.03819240158535487,-0.005922940286554125,-0.04999859363820681,-0.027023174440076105,5.19693717089201e-05,-0.16422942564005005,-0.011267694853308105
35,-2.2808670585187e-09,-4.122924554441413e-09,3.75812074215292e-09,-9.635118049069245e-18,1.0175025519330558e-17,-1.3982151531576494e-17,-1.0299171787769336e-17,-8.58762729478829e-17,0.0004979796341909388,1.0029849734487213e-16,-1.332259608599841e-17,-0.0003192407814023387,4.875193378527419e-13,-1.2475294900758361e-12,5.312056168988839e-12,6.225907350294945e-17,2.3175684337942823e-15,2.2157378863711343e-07,0.00040614184752779035,6.087630506269635e-07,-1.6795124694614904e-13,3.65382810239385e-13,5.532351335169462e-06,3.638845343267424e-07,-2.9768191115165164e-05,4.640234470456139e-13,-3.204814936133313e-05,-7.653787246282618e-09,-1.3762122176116926e-07,-3.627616959864305e-11,1.9271486668316625e-10,3.2608010731593746e-11,7.023817195717183e-12,-1.607268710284816e-10,-6.993327687309625e-11,-1.3175086349382544e-09,-0.026381494659893374,1.4951355502943625e-07,-1.4096967872613678e-07,1.7627221319390133e-10,1.7903049035517392e-07,4.4665182720217354e-10,1.4793794069362311e-09,8.092305481692016e-11,0.0004052000448158723,-1.010996630876231e-09,-7.250069813717264e-06,-0.0001276787565422351,9.065396382912954e-06,2.2131268316271313e-05,-0.0036543883572648568,-1.8002074632081177e-05,-0.00409916804021633,0.0479941683602007,3.786107250039221e-05,-1.6964651203379044e-05,7.84055296883052e-07,2.3656710090360047e-06,3.3688767377089368e-06,-0.000546616705019314,-0.7569962661159887,0.003818682604437945,-0.0008515132685589919,0.0003987347670534956,0.0002971837404224929,-0.000296561110562213,-0.0019496869172965661,-0.0021281937252466167,-0.0024072977640416655,6.0230524602325364e-05,-0.00033280175481189834,-8.103162958884202e-05,0.0018857789732436854,-0.01666683571693728,-0.00012169280273098365,-7.36787517543492e-05,0.022076013040962034,0.007442785383276146,-0.16595268936778562,-0.09890573416409193,0.10613567460170187,-2.53396142273205e-16,0.0820233582216196,-0.0030956464315763533,-0.021684064582030392,0.11643798409594999,-0.10992471063739215,0.044811129935192553,0.09448542867024783,-0.5473322395627641,0.03408303092167157,0.10889801913267803,0.0003289834513981331,-0.10972337284682049,-0.0778968960300195
36,9.319549134986446e-13,1.8537968218889703e-12,-2.23560466931271e-12,-3.472472577101104e-18,1.7799613951670996e-18,-2.870926151666357e-18,-5.564282085830256e-17,6.773809889681925e-18,-8.071735965036695e-06,1.9033845742082796e-16,3.5853805524247944e-20,5.742590976505495e-06,-1.2408312846175987e-14,3.244943972889935e-14,-1.4386587508988702e-13,5.3359846446637524e-17,-1.5294475134042437e-16,-4.7952571139578284e-09,-9.958248163787663e-06,-1.4584421111395282e-08,3.66199570743723e-15,-8.764277649770164e-15,-1.814103441536743e-07,-1.1583499753526306e-08,1.1449634242652826e-06,-1.4684782217118623e-14,1.5585239363524684e-06,4.725208964818372e-10,1.3419110128388461e-08,1.8768487071858223e-12,-1.0437606949707658e-11,-1.9363972353718684e-12,-4.1396456470659364e-13,1.0597881727693961e-11,5.389632654781658e-12,1.1631759845871831e-10,0.002877951037414509,-2.0181620158846064e-08,2.1406968302864377e-08,-1.7910122550525932e-11,-2.9778370022381756e-08,-5.0690292310888274e-11,-1.7269973133284847e-10,-9.73745589489259e-12,-7.803693185874277e-05,1.5664343945053358e-10,1.4435094279903243e-06,3.25548775916692e-05,-2.1511292082315455e-06,-5.674842534214149e-06,0.0010872359745542212,5.555042917655494e-06,0.0013030027245976615,-0.017377549665184025,-1.4147298629891954e-05,7.11559485201762e-06,-3.866875955046263e-07,-1.5002725096700778e-06,-2.2886451810251796e-06,0.002196566566690888,0.6489923647808544,-0.003606086230130443,0.0008098384922291056,-0.0005455690376189926,-0.005137643574467828,0.04276353447285632,-0.020558396805112303,-0.018071897233306478,-0.013977602098867494,0.00040556456538200914,-0.0013093450207744212,-0.000395805384903551,0.004341664340998206,-0.03312447803695284,-0.00025722724250438415,-0.00021607479029430923,0.032976098080306035,0.012547540906898578,-0.21336421445110715,-0.13740465539492153,0.12802861963722356,1.0206561546804401e-15,0.09147243661609396,-0.003168704143043017,-0.019875217914273595,0.1076105589970138,-0.10493110448843658,0.0740196752225062,0.12914624885103787,-0.6382009745566781,0.031301804107280895,0.12035408806273237,0.0003333467941717076,-0.10397191583304374,-0.07363647546712306
37,7.698934225001726e-09,-1.6684403622648863e-09,1.0199314889374677e-08,8.654291259012838e-18,2.7450009963075882e-17,-7.816641217977482e-19,2.3837713731095184e-14,6.086785645094507e-13,-0.0010635502849215966,9.400273311446265e-14,5.077799554444521e-15,-0.0013183928923611987,7.099108584932484e-12,-9.338362379754595e-12,4.624505317730716e-11,3.258410317512349e-14,7.279121533487249e-13,0.0007025273967634889,0.0026555017052164328,-0.00015618336126390034,-5.326272340628724e-10,-1.2393529870491492e-10,0.10762680443667334,-0.002404402684010132,0.016264500852269038,-2.7839111502980316e-09,0.11484419571701937,4.593791855307327e-09,1.9635029521742457e-08,7.58669295868841e-08,-4.518020188804729e-07,1.4400287284816284e-07,-1.4851444697065753e-08,8.162655542100041e-08,6.033017679667038e-08,6.25608826227824e-07,0.0017236076682891743,-1.4641030802557608e-07,-6.885027269737314e-07,-4.2103535686518336e-08,-1.5579018048063963e-06,6.683359678787007e-08,1.14024607887899e-07,3.143099951587562e-08,0.7635165683716583,-6.229354554707603e-07,-0.015751880567412765,-0.0016489664581050675,-0.0028872198666849208,0.00039452211874562923,-0.055860353470454906,0.003954221179255927,0.04040007443786315,-0.008465646506127597,0.00027029721328166513,-0.0025693099920797977,-0.0012638462897110998,0.0024545472636388855,1.3193818638655298e-05,0.0013941138081347024,0.0008028456030524756,-0.0006005321438233049,-0.0029112839911256665,0.0001458560468619855,0.24332662295837992,-0.0356737493909125,0.015006590021013406,0.0391242342137556,0.03348531457816213,-0.004985753287921332,-0.005996350616204769,0.013266392302619574,-0.3086161097217648,-0.2884298182771025,0.004649900166327865,0.0022103463261443795,-0.17611491093660497,0.01723505170910993,-0.018906840526654797,0.006356052610069062,0.0053188274485666195,1.3798190349637868e-16,-0.04710347449836103,0.09750862664737205,0.03422722695892076,-0.0892045945692017,0.0922491041337015,-0.03089307380323457,0.06346363262771985,0.0164585127007992,0.23647766589357316,0.053798687740721884,-0.000757378007039562,-0.022064010530770166,-0.13835822117868316
38,-1.7223137778631998e-08,-2.570672364446579e-08,1.341036010216827e-08,1.3967026424471296e-13,2.2868980040687466e-13,1.5628261510177503e-13,-1.9721615651196528e-12,-4.683067225593067e-11,0.005327171758470066,8.110829329422721e-11,4.276848280413857e-12,-0.0023786534421695016,-2.1606650689955496e-12,-8.942225212516523e-12,3.0398592418385725e-11,3.778186428522753e-12,9.854788005320377e-11,-0.008374623749368313,0.0002527569671541561,-0.01263910877075966,6.5786967443709034e-09,-8.876253510677306e-09,-0.26775831454007687,-0.003248987949683651,0.5708214144547746,-4.31082573767365e-09,0.3027833727643668,4.396799435699016e-08,1.5342259582593166e-07,4.799183705236133e-07,-3.7790031584572737e-06,6.018534644139188e-07,1.497498477621408e-07,-3.0374032103027475e-07,1.1994638496175161e-08,1.705525803991053e-07,0.017210838845883123,-1.5338773402231177e-08,-3.730512079728389e-08,-4.766004605122774e-09,4.0273357465469775e-08,2.2420153367362547e-09,3.5448832657819605e-08,3.1423161471468663e-09,-0.012161889934542671,-4.986018958270092e-08,0.0003455221745082819,-2.790667524038623e-05,0.0007199993902339654,0.001223263245101107,-0.0005539914083218308,-0.0003650875785911836,-0.00897769381451487,0.03869801477488838,-0.0005493020128229448,0.000762334249688524,-0.00016173661042956402,-0.0004229680385165737,7.561324635024631e-05,0.007783283711363175,-0.007315311986364079,-0.0007888459741141497,0.005624591225462221,-0.009548726743440789,-0.12580357774722417,0.42411338658768655,-0.29238156329508774,-0.24572653857237772,-0.0059983081992058375,-0.001191421522023718,-0.013095188657430024,-0.0021465626301523264,-0.12793443478518143,-0.011367889957387854,0.006101269504002579,-0.0001073085500693385,-0.059543220956715194,0.045252942013227625,0.010845000123482561,0.0719191499581293,0.060109360375159876,-5.197938074613968e-15,0.0958416725090447,0.015447894761943337,-0.047473979200866566,0.20230087784130243,-0.1281110149735969,0.07099917258958574,0.037170731209471716,0.1508106531187078,0.06397871601003652,-0.014296125226029546,-0.00011497370964807278,-0.15007920138402386,-0.10216627593390647
39,2.4630164178119444e-08,-4.840480863883562e-09,2.2394777434400557e-08,-2.0038651355969957e-13,4.3754747839148706e-14,2.6788210831284024e-13,2.712130269139598e-12,6.415892497269247e-11,-0.0042315027274697345,9.741813971786374e-12,5.685478233334579e-13,-0.004924470243457516,2.7808013160067845e-11,-3.8823845320859086e-11,1.9361693578070195e-10,2.846537848849692e-12,6.446285562398805e-11,0.012436524259111,0.00788891296191159,-0.0024175976640615515,-9.658274968149202e-09,-1.9461184194216497e-09,0.5203231431707861,-0.017972404646685345,0.06277029877735867,-2.1886989126449256e-08,0.3074074751204144,4.330152176621416e-08,-1.1335407306138455e-07,2.9026250241043276e-07,-1.9146318220421245e-06,1.9327310534339226e-07,1.1958566185312016e-07,-3.931404380174805e-07,-5.8474547438791056e-08,-6.681891643459115e-07,-0.003740616973576302,3.6122830792797633e-07,1.101711804307234e-06,5.2702524160250586e-08,1.9455042536283908e-06,-8.901636451837964e-08,-1.442702604058252e-07,-2.5494917507326487e-08,-0.5690807679123926,5.794334192152911e-07,0.011202467102560076,0.0003414319403531872,0.0016097143075099979,-0.00029132929976057037,0.0015555681634790415,-0.001295095381274103,0.005879715155348754,0.0006827608461626211,-0.00010903265539837562,0.00022936137595507388,1.8312787908572784e-05,0.00044133891334300485,1.2011916797965344e-06,0.0010190999527307204,0.00032639540581131245,-0.00034424480038392933,-0.000969181807664495,0.0002403857396547255,0.16977801066617942,-0.0220905079215731,0.017517799099699617,0.03699690834733783,0.02814146579940122,-0.0036345963441583333,-0.004695226452763584,0.010041380179660615,-0.27227473350463394,-0.2552213841556723,0.004380696593187858,0.0019450395356762952,-0.158285464847757,0.015164450833966529,-0.012909474564379306,0.005730700387831311,0.006814478408415529,6.156827886214257e-16,-0.04298453938117721,0.09943649075733538,0.03367307328821702,-0.08917800559713043,0.08985698990914624,-0.02771798092996025,0.059022944664408966,0.012362129059200333,0.2369263019408793,0.03739304182921807,-0.0007953247790091564,-0.02254874284069557,-0.13459700979193823
40,1.513759357999288e-08,-2.117873296321864e-08,-2.1185475993470845e-08,-1.2316451144875505e-13,1.8938510390514654e-13,-2.4958660040365677e-13,1.6265973387758405e-12,3.837277063716915e-11,-0.0013128822023738154,5.960902468134299e-11,3.201243541751187e-12,-0.005874284820747362,1.5352661663262375e-11,-3.760915761235698e-11,1.698259753057034e-10,-3.0670547541363024e-12,-7.761697480562211e-11,0.007491771528416745,-0.004578374758415881,-0.010373807392976137,-5.784897739240848e-09,-7.518642643044981e-09,0.2777411471358734,0.006922998904307917,0.3978516228809932,9.940074352533528e-09,-0.5033099142173425,5.208519603503227e-08,-2.0088551465805544e-08,-3.9423932365193097e-07,2.0352044215121744e-06,-9.570766071912943e-08,-1.204003346397279e-07,2.572275494003274e-07,-1.3941092325167551e-08,-1.0320325479215112e-08,0.0010170965055487148,6.025792307358707e-08,3.1716452525383896e-07,4.266817500088394e-09,8.592041079236418e-08,-2.363109339738876e-08,-1.0907823994622721e-08,2.1816106477864777e-08,0.017225642490263048,-6.649381402814084e-08,-0.0007173739077562898,-0.0007029531176894698,0.00045517781154202284,-0.00010474026796333786,-0.039275580196889086,0.0013298673283239804,-0.03014227438083204,-0.008330391425168613,-0.0012327312107576547,-0.00023524751539101267,0.00016480050290812402,0.002418019994504042,2.7274815608585268e-05,0.006411850956292377,-0.0011043891141255923,-0.0012602449257481433,0.0013072393044192508,-4.941188300084698e-05,0.2855189585797583,0.2509398480108432,0.00867359815772844,0.17316444465971526,0.3858825294548806,-0.004832652161983325,-0.013403846301337983,-0.012811175424134662,0.1630061152597718,0.045844617615370495,-0.007985059811816164,0.004822057092328062,0.02221965497930747,-0.08447083831786253,-0.04096154064898281,0.0731005984339892,0.1024216383325191,7.68645671865879e-15,-0.08784370429899936,-0.069442026874407,-0.25861070805535435,-0.1147074308393998,0.07539508433841992,0.028692878566673505,-0.04786442064206068,-0.0047421551212529205,-0.04926690517813558,-0.022907414391699635,0.00012984064505928915,-0.160876060097135,-0.012391006471820301
41,4.217737444392644e-12,6.2952875534214045e-12,-3.2905055991795525e-12,-5.678766051708078e-10,-9.303693791668148e-10,-6.377099626474081e-10,2.7238800260685e-10,6.207701057534143e-09,-0.00011456864057217171,-1.065792430925615e-08,-5.823601271030134e-10,2.3347841670217905e-05,3.453677099096925e-13,-1.3791429895143854e-12,2.948414511824096e-12,-4.415672571610928e-10,-1.0842697250464988e-08,0.35671422890955656,-0.0005095998075696339,0.543760915912285,-2.863877271812939e-07,3.9325576924126724e-07,0.0018493375941469488,0.2831155457157334,0.004128985594677328,3.6105184992677284e-07,0.0022368266938540085,-1.6021089211510224e-10,-2.6898859165915433e-09,1.0373586395020356e-05,-0.0001277764053341418,3.744816028153101e-05,8.010559270347177e-06,-3.2015041665395876e-05,-2.5660685622734417e-06,-1.4861059280479892e-05,-0.00033163392308148545,1.6533088896379895e-09,5.161811443393555e-09,2.620853589951152e-07,7.335639066663664e-09,-2.6015115793319533e-07,-2.231242847547483e-06,1.220031289250204e-07,-0.002534846552105716,1.4487422796706986e-06,-0.001753546266426994,3.91687906775626e-06,-0.011811563126840669,-0.023974717946731828,0.00013850886436864697,0.0030967712970872744,0.0006938972262832777,-0.0026683968897042777,0.0057920148611043856,-0.006157774630792145,0.0031047981039875596,0.0022907580953810264,-0.0005315798103995753,-0.002158780505701551,0.0010388019369082073,0.00015913951754353912,-0.026006536944510765,0.03666087189145885,0.06900755667680845,-0.17358457418396933,0.11573644312823855,0.09332573089208124,-0.017886623840003463,0.004786594812572519,-0.0035223952459233444,-0.010467890541901987,0.10985236566393379,-0.02964340856384661,-0.0004746192877673479,-0.001294886176760963,0.04625099239308549,0.06986349603714731,-0.2068424768408971,-0.1292177972994417,0.1685488062076879,-3.604846500739107e-15,0.1564722512056428,0.033338221470910596,-0.06349113442322062,0.1965273455848673,-0.04653192438360024,0.30477223687070265,0.2460443422762167,0.27428411456341445,0.06913792301741255,-0.11172682102210292,-0.0008365020968384799,-0.09798712334832978,-0.052808367960522316
42,-6.03121349570354e-12,1.1831545246362837e-12,-5.482933214444578e-12,8.153494054802409e-10,-1.7753740181698053e-10,-1.0860976563618857e-09,-3.7190017899856263e-10,-8.436826001450826e-09,0.00010475021504632441,-1.3998402593412244e-09,-8.301225447111873e-11,0.00016234286569932817,7.652350583517367e-13,-1.1968744723226168e-12,3.864892878879375e-12,-4.320577259788688e-10,-9.759853717162147e-09,-0.5206890672285237,-7.875257783617287e-05,0.09985675924408166,4.1250444350094867e-07,8.086909889173545e-08,0.011651150256539742,0.46247433809636435,0.0007948487794877061,6.112656854421192e-07,0.004079728547975142,-2.587428995893868e-10,2.3142471222115682e-09,-2.8713177631877145e-06,1.9769902381180355e-05,5.28027891011264e-06,-3.7007777204482484e-06,1.0532577973395808e-05,3.1734533014360535e-06,2.5843595403412307e-05,0.00012266439231609866,-9.501616331100049e-09,-3.4443463524375206e-08,-1.2525942350966418e-06,-6.446775609563642e-08,1.3800034702548294e-06,2.1953119885509295e-06,7.167822175206575e-07,0.022296049058614046,-4.304542347307835e-06,0.010225760883475963,-1.1675842804521211e-05,0.011549482755485918,-0.0049972222628363715,0.0004031836000218645,-0.02382599409957337,-0.0001816901400395331,0.0004426202312899637,-0.004032532973421416,0.01812803171184519,0.010309484378495765,-0.013734864335696283,-0.0001378450705593606,-0.0006459139347687801,-0.00020014782376289944,5.8058941481876095e-05,0.015455489051463584,0.0069112036234348145,-0.40441132155542625,0.132521824484666,0.189790061165001,0.21878881100494532,0.11965404910597362,0.010295112133338854,0.00756000330335958,-0.027853413901860007,-0.02754211998867068,-0.012262462959148453,0.0048435728047932615,0.0023501729756269744,0.0398942165482363,-0.024810146029012697,0.10633838483564523,0.0007795187118582945,0.05153215573180506,-7.256752406133322e-16,0.01994888755339664,0.16900107279197416,0.015272138279152865,-0.08335286660244903,0.0382223185189427,-0.003809437879007859,0.014921531493969627,-0.08282933150273687,0.2230341621661484,-0.32822261265409497,-0.001881257253208318,-0.03543042517667945,-0.042710546556760605
43,-3.707945790798051e-12,5.186529781567132e-12,5.182030013793444e-12,5.006061307141194e-10,-7.697760064383131e-10,1.017703244428369e-09,-2.2286536020623475e-10,-5.041695473858142e-09,4.020563191305632e-05,-7.880435441615657e-09,-4.376455254844136e-10,0.00017527307362972793,1.3737454491727605e-12,-2.36472876770777e-12,7.825142892714503e-12,4.2838732046805235e-10,1.0250202244998838e-08,-0.31797185697023883,-5.73937154304545e-05,0.44391689402736395,2.500255302825289e-07,3.286303030470582e-07,-0.003947294418575509,-0.45261838371836716,0.002746246775257191,-5.990304602529955e-07,-0.0037138638246587727,-3.6112856181410047e-10,5.386564789018819e-10,-7.178711580893265e-07,-3.713849306109447e-06,9.825582445232286e-06,-2.66779403370593e-06,9.864871200044203e-06,-2.273300087485989e-06,-1.957907309901139e-05,-2.221021904395546e-05,-3.1306134681970955e-09,-1.4285385602963575e-08,-2.3464464667451482e-07,-1.4188172417845424e-08,1.8849634249512733e-06,8.37899944313683e-07,-1.8106352358584248e-06,0.003424277561866639,2.9650988306960692e-06,0.00872534482841719,2.9628405376924772e-05,-0.012850227405532724,0.004770938398907374,0.0021540656364186558,-0.018408066936316497,0.0016462805875744357,0.00038695794466240814,0.017845412297903752,-0.0003138562240516677,-0.003908028145118241,-0.01723110692713726,-0.00014879119925217106,-0.0017841076523497405,0.00017777689126149658,0.00019510512797502695,-0.008688099407279801,-0.0039008855085810833,-0.12439213962187098,-0.08218627471745545,0.019811280993459652,-0.047077937904513124,-0.16671215355040303,0.0015048976730726643,-0.007833272206507034,0.011592448886880609,-0.11908294762606053,-0.017476527500172284,-0.002470179224452192,0.005407799942232878,-0.05001466496316348,-0.21436403988636754,0.1195676984768253,-0.1645857489418048,0.3774801539628952,7.628555585624511e-15,-0.16626090754900985,-0.09072469527305728,-0.23265718352969342,-0.08818880949621864,0.01798243069190254,0.16103773545954833,-0.23772815527772193,0.03154189485983873,-0.02781969704622783,0.08886471204276636,0.0019605349386716516,-0.06314848998046431,-0.04119256783620514
44,-4.059023721871121e-14,-6.058818540905629e-14,3.1753454497626983e-14,5.850417380658431e-08,9.592213021405859e-08,6.58922836819755e-08,-8.828150890017453e-10,-1.927106182703426e-08,6.530092478326697e-05,3.280246645949025e-08,1.8604886590067406e-09,-3.5469954894746876e-06,-2.845829105256451e-13,1.4575283982641003e-12,-3.169583051878097e-12,1.252778570646894e-09,2.8999411003180796e-08,-0.35427745551531115,0.0005160150861398468,-0.5403966367189021,2.901681037331617e-07,-4.012098349403838e-07,0.003454682676944823,-0.28117026227742714,-0.01561621170732578,-3.704173154821198e-07,-0.008477268640064699,-1.140883978082496e-09,-5.315925503479881e-09,6.609506534061918e-07,-1.2363563485195255e-05,5.839867784011085e-06,1.4522563009404845e-06,-8.149831587977293e-06,-1.2255767652444622e-06,-8.799661104846283e-06,-0.0006210339904962019,1.790236612761624e-09,5.524313481279648e-09,2.0060769366585503e-07,6.299804485559216e-09,-1.681056943336534e-07,-1.3438843394105128e-06,-1.5475758774244962e-08,-0.002256576690291132,1.2032714653108972e-06,-0.0014987973674650088,4.508806602555877e-06,-0.009631281925425174,-0.018622030004403184,0.00014166628884459113,0.002911988915157868,0.0008207113390323203,-0.0032294194648237683,0.00516252990940034,-0.005662273660414499,0.002503958807230955,0.0021570383117631834,-0.00048013226895822996,-0.0022726405995909587,0.001141660000193142,0.00016705851726135916,-0.02435749376940373,0.03452118648584709,0.07256280239894634,-0.18066238177502866,0.11948567978127259,0.0962150038583554,-0.018369825363669146,0.004666655157073747,-0.0031879935049828312,-0.010064614552116224,0.11240825879870192,-0.029244594759990347,-0.0006487381215028294,-0.0012813268551345653,0.04787839413966801,0.06874733546997133,-0.20949204241670885,-0.13210482122207293,0.1691372259506559,-3.679840223168497e-15,0.1565780472189476,0.03349193428546172,-0.0637576110983705,0.1964325264878614,-0.044401472408738867,0.3037501227475268,0.24702707228872794,0.27452699856348883,0.06922862089765087,-0.1127982446814,-0.0008499668906801839,-0.09646183804917893,-0.05143558817072357
45,5.805619755209139e-14,-1.1369931005794312e-14,5.277301897575335e-14,-8.410103534111913e-08,1.8305590301061936e-08,1.1173770844691882e-07,1.1966181856235263e-09,2.598079095269331e-08,-6.410752894262608e-05,4.718273163599151e-09,2.8570928285668405e-10,-0.00011291955331321166,-1.1624077065033967e-12,1.778839097428802e-12,-6.8513961223846615e-12,1.4752558496578666e-09,3.2497559370977415e-08,0.5241945889741428,-9.782937435814574e-06,-0.10079488715832467,-4.2214214451903187e-07,-8.249604835755765e-08,-0.02159201321241448,-0.4682317292833442,-0.0019422502175492292,-6.267393537703456e-07,-0.009099577487777219,-1.1691040762152508e-09,4.120646966497793e-09,-1.2335663385771532e-06,1.3883850324585452e-05,-1.8888158866157066e-06,-1.5398798293574518e-06,6.1574527296153405e-06,9.045213000370912e-07,9.088863726885006e-06,0.0001733863182479177,-1.5047781006862214e-08,-5.0765000876565166e-08,-6.146789759398368e-07,-9.301975517185694e-08,8.715843573151282e-07,1.344487728499597e-06,2.4841526421291425e-07,0.030358236403956764,-2.6383458524310814e-06,0.0074453472818673885,-1.6591593767367655e-05,0.008460276289550284,-0.0029654277758873813,0.0003518985468885062,-0.019756177128537923,-0.00025869878917117374,0.0004181300918622266,-0.0029500900725047334,0.015437030625288683,0.008758340474873602,-0.012586955245238451,-0.0001182706717946558,-0.000644800103837813,-0.00020041413239089918,6.3091390560191e-05,0.014332378223259635,0.005992184696482044,-0.39639029621388544,0.12930750471176003,0.18381097664391743,0.21145819525092951,0.11520913592101936,0.01012853967445095,0.007510420448670073,-0.027400737446147187,-0.02136280256937048,-0.005675718045712857,0.004689341206123214,0.0023039560711072458,0.043785988450185366,-0.026144402254828853,0.10825120537743976,0.0005072608091028488,0.05231694559000154,-8.376723664302765e-16,0.02095253054828321,0.16962416852552342,0.014888889209577484,-0.08314206473549043,0.03682370857410356,-0.003426913869343452,0.012397034797438176,-0.08457021326507524,0.2225531913740128,-0.33398965786761686,-0.0018964075214542584,-0.035637979130442504,-0.04025896252529319
46,3.569206191869736e-14,-4.9913430371294216e-14,-4.979901513825795e-14,-5.156116347785014e-08,7.934384872549067e-08,-1.0511228428756403e-07,7.159739604358116e-10,1.5498498428716393e-08,-2.6312816162386116e-05,2.4315781913582454e-08,1.3992523520543994e-09,-0.00011531687632070077,-1.6057250385608097e-12,2.9042316174520167e-12,-1.0408711614771126e-11,-1.4052313101829328e-09,-3.1904246738556136e-08,0.3159341724696291,9.773696468946355e-05,-0.4412935010872698,-2.5238798753914436e-07,-3.331462329399311e-07,-0.0015407785662036203,0.44954172239997775,-0.010719522953570473,6.032272361036671e-07,0.014033509563344322,-1.4111420039493304e-09,8.642126374807237e-10,1.740920033916904e-07,-4.003259454523461e-06,3.4642744324442214e-06,-3.2981457001310817e-07,1.6025089360288234e-06,-4.075363347681337e-07,-5.348806841042898e-06,-3.627151674070349e-05,-3.941997312435941e-09,-1.8931176184454748e-08,-2.0548034376378735e-07,-1.4889291388952107e-08,1.0557925706708015e-06,5.420625733663891e-07,-9.101172442207106e-07,0.0029960462863528377,1.6471878923668421e-06,0.006631053156516507,4.0085715759075415e-05,-0.009310557822524743,0.0031325170495637724,0.002721555285217482,-0.015503144540410626,0.00209162834016576,0.0005167430578995158,0.01475053706700134,0.00017478632120485583,-0.003098650580390232,-0.015592976806978116,-0.00013952712298978445,-0.0018808384002311504,0.00019179568667648122,0.0002119943250537453,-0.007851205422254336,-0.0033663087375622905,-0.13072316825976013,-0.08524480453838078,0.02075023587742553,-0.048467865837731855,-0.171953423929177,0.0016752744992142982,-0.0073064817363285755,0.011469043850953825,-0.12217771782972042,-0.018632916728918376,-0.0022280878681973995,0.005222016790876597,-0.050603538301259486,-0.21213085447549201,0.12189485700897647,-0.1674843626214388,0.37941810344012056,7.285913583392973e-15,-0.1665669932175618,-0.0906233281457483,-0.23196592975609395,-0.08759631499475085,0.0165134592638596,0.16051003991625779,-0.23797549445267116,0.03193738418198497,-0.027360509417629145,0.09045128861655648,0.001995679894286441,-0.060491865975917436,-0.04182647667665433
47,7.388852734489612e-20,1.1995029073278122e-17,4.759006622737879e-17,-0.36157537152374225,-0.5391464214856388,-0.28013475283937334,-5.681058232737696e-06,-0.00011408763723633624,8.627363132645953e-09,0.0001739023741334404,1.0594736319777486e-05,5.589364465875961e-10,-1.094253560438234e-16,3.7895905088432163e-16,-9.281048953560931e-16,4.832827951544591e-06,0.00010083243177391041,-8.739281577540627e-05,1.4865864641701745e-07,-0.00014872610317758365,1.2475130717990822e-05,-1.9995035075587543e-05,3.010043732392827e-06,-0.00010568497534303981,-1.178787794926183e-05,-1.46560013080133e-05,-8.789516681396285e-06,-2.1377792447255848e-12,-3.627012333923182e-11,0.004239689171305314,-0.049414472777416195,0.012885042986469057,0.0027509270680147403,-0.009360872598123626,-0.0005424314699446536,-0.002305808406987984,-5.45913307765016e-06,5.888447157210958e-11,2.958708278832207e-10,2.4688074831329516e-05,7.380588959961155e-10,-2.46079016234747e-05,-0.00022304009729679563,2.562679494577781e-05,-0.001005055394938461,5.231821781656191e-05,-0.03601551971877981,-2.2810739458336844e-05,-0.1945067600662258,-0.3960146599041863,-4.601365369327435e-05,0.008977230966822564,-9.651543733143267e-05,0.00037399433561041473,0.009695235021986907,0.000921464708587364,-0.0038356064211212473,-0.006875926708109052,0.0020630399158451914,0.0001173491396508785,-0.0002301791669100002,-0.00021179702328743394,0.11475324900812042,-0.18245587144504494,-0.012135887807711174,0.019340911268816503,-0.008939400193097845,-0.0051956148603058885,0.007597914520286466,-0.014534711897095138,0.028177039603673296,0.03849888206077902,-0.028711532334582106,0.010217391250876113,0.0009768525520447238,0.004847499633472358,0.046144605930091245,-0.11417402962751945,-0.18381792388861884,-0.16571316627307203,0.03813130951788655,-1.2663846891679947e-14,0.02552289882142097,0.005618403785138475,-0.08581257613340199,0.17987709423129847,0.13777990949443375,-0.3073805691495879,-0.051831405275657,0.05568161749228764,0.0719882640478786,-0.0319230335324569,-0.0012637396308425152,0.0465595385520998,0.06856597902421134
48,-1.0598922720803512e-19,-1.7119160412016518e-17,-6.76620203981161e-17,0.5174512531765002,-0.10228382670266585,-0.4707699294882616,7.488931705995431e-06,0.0001492803153203262,-8.77786295028351e-09,2.724608790959935e-05,1.7422837373653097e-06,-1.8716105078197447e-08,-5.50120147571417e-16,6.714311001451106e-16,-2.6234041539952693e-15,6.535560559873689e-06,0.00013369862995646622,0.00012903174729329427,-1.4328565868260194e-08,-2.7701788751111545e-05,-1.4312338905513021e-05,-2.1516135127556027e-06,-1.1246248976295375e-05,-0.00017601224653829157,-1.2653432486679816e-06,-1.208910303020432e-05,-7.079454820885545e-06,-2.5861278026633713e-12,3.136839358831465e-11,-0.001170375819292892,0.007261394194349819,0.001986936079884627,-0.0011861194604671837,0.002593439883668883,0.0007393342873619742,0.004888872944136589,2.1437563056976844e-06,-2.7521926915382645e-10,-1.5193480222840483e-09,-0.00017154002107004575,-4.160602459203207e-09,0.0001306172597820662,0.00020619173990105863,9.670451663239653e-05,0.0065344488582530225,-0.0002711203528800812,0.29535967517169576,-8.947854665917247e-07,0.2490576242512571,-0.14444759267499022,0.0005504062231608579,-0.1613852363594611,-0.00036198187042821235,-6.022687848660086e-05,-0.02443858701441171,0.014228972716932757,-0.012364344132955979,0.03580097408960748,0.0005771731392161154,6.266687574621623e-05,5.70845161699685e-05,8.416372460596064e-05,-0.05417185486766923,-0.05277361036272642,0.05470059249084767,-0.01905795412355689,-0.02659129260726611,-0.030646071448348692,-0.01464165794113007,0.014592382880666818,0.0260249824312108,-0.05381204187804311,0.029702084354828694,0.0013268288804138579,0.11530634549355089,0.014169584748441924,-0.04919330102621704,0.2509569854487195,-0.14987480996577965,-0.0377064756226287,-0.013772626240520957,-1.1462813755313612e-15,0.02007740981054643,0.007077300262726905,-0.019119557466088344,-0.05555662651464074,-0.09571376888333032,0.05798873820260361,-0.32252322985632126,-0.010868154322773846,0.1599715735782161,-0.07526266173657153,-0.000802517434604053,-0.03608479358963221,0.17294522390263023
49,-6.529552834767978e-20,-1.0520731648097829e-17,-4.139198668283903e-17,0.3185378091286507,-0.4458321843050302,0.44677483465713114,4.560960718110616e-06,9.070030967868106e-05,-3.756710402443719e-09,0.00012867837284622787,7.941104956433241e-06,-1.8571299315252525e-08,-5.604885355107952e-16,8.296775848408671e-16,-3.6735246958376596e-15,-6.1879710567648215e-06,-0.00012810666395307713,7.794625736040798e-05,3.131196527211601e-08,-0.00012144385676445918,-8.492986503570743e-06,-1.2347530532827904e-05,-2.29798632592768e-06,0.00016878922299285506,-8.06208295326728e-06,1.2040587413732854e-05,1.4094741721023857e-05,-3.2556496112947146e-12,8.511119465692589e-12,-0.0002293363831619226,-0.0020363340479719887,0.0033874628836316387,-0.0008990087712324176,0.0029077762401737797,-0.0005808843057536363,-0.004058465976624682,-2.4302921437436917e-07,-1.18405801108506e-10,-8.233885867735333e-10,-1.803109711560959e-05,-1.8078508887871863e-09,0.00020975873842823874,7.75081845089228e-05,-0.000202473809473973,0.004382474464087775,0.00021656638690345148,0.2585530053711024,-1.6043468881995915e-06,-0.3042151050271738,0.12014488144446127,0.00024242336686014805,-0.13237987773676838,-0.0004364937956510142,-0.0001402767846325831,0.06354776582756586,-0.007334432424821672,0.004631618530818408,0.059531951288434026,0.00047842547157657454,0.00021503634132814247,-5.010090080755941e-05,-9.388317469759605e-05,0.04731919182069662,0.03574106074814321,0.025851905771616574,0.008220059331672462,-0.010842038859793629,-0.0019123816478320503,0.023623944185193972,0.004442262531337653,0.04326373415730673,-0.02332532802622552,0.038270854714954554,0.009560853881915783,0.0023677162640299092,-0.023090038403556896,0.051438046079096265,0.31474914913392976,0.1820106459162931,-0.12901426911435662,0.1259494698952065,8.781877854731562e-15,-0.03141974443752396,-0.004009269948095565,-0.17116300154177339,-0.03480493823323923,-0.10533236310763143,-0.17065470960603665,0.1291845912652765,0.009756133809387071,0.01618578324088101,0.03236736349999488,0.0034957693842194303,0.16410468794440322,-0.08665034815189947
50,-7.24512537082956e-23,-1.2287653183618261e-20,-4.877617545357961e-20,0.00037055794319358816,0.0005527050455275373,0.00028748791162177173,0.0004668774156408162,0.009057163585142894,-4.2934694533573923e-10,-0.0136457517451485,-0.0008566020584420524,-9.844136944660531e-11,1.0959927986201096e-17,-3.4073679357828034e-17,6.311322144518802e-17,-0.00037264047250032374,-0.007471988438230127,6.684474916536919e-06,-1.2433350107482779e-08,1.190002558822129e-05,-0.0004743411619361706,0.0007405294509350662,-5.955008680901728e-07,1.0300507214857649e-05,2.5238946208337956e-06,0.00047199888298846664,4.740031334149518e-06,-1.3832314721494207e-12,-3.5131546680375914e-12,-0.06715346881545788,0.7513662738408536,-0.18086554836392538,-0.03753763839979685,0.11446208349844599,0.004240692910140476,0.012293078513787076,-3.0824744589306736e-07,1.204105830834178e-13,-1.5341204292954598e-11,-2.2941374212832284e-05,-7.981116529983799e-11,0.00013323973362831918,-9.063964818850887e-06,-2.7677026060431975e-08,0.0002525953606244746,1.5506941679631343e-05,0.01261142736634,4.005707265306254e-06,0.04662230249198658,0.05932234342364518,-3.118824202324985e-05,0.020001136702645774,0.00011867729722734324,-0.0001810130600659806,0.07104773400679171,-0.05636358296656511,0.1428831612171883,0.033166389234810106,-0.0019423807127464288,0.0003382276900273945,0.0003141050620083326,0.0004885352869380925,-0.27941454823469625,0.3697477359751308,-0.013804515518152372,0.025845207500171122,-0.013254746995397165,-0.009247656143460152,0.005029003943902634,-0.014193565556923485,-0.001659244210996462,0.00239315999073304,-0.02299439152156044,0.007535469931092598,-0.0114036560361217,0.004907347062609938,0.023716215370167743,-0.06578660698998696,-0.08692223857414384,-0.0854000974990015,0.011336616715266036,-1.2999054409846315e-14,0.0012531985838575698,0.001042391422606319,-0.08569020795261573,0.17056734679651944,0.14733313492455025,-0.19042350030224114,-0.04114829024413873,0.011071775668503847,0.06909207633984675,-0.010358077362874127,0.0069679432502966,0.060031473581252014,0.07563020026003435
51,1.0357252308767936e-22,1.7483757147229236e-20,6.909289520275978e-20,-0.0005284413688386772,0.00010444882619870242,0.0004806455981557861,-0.00060460346292916,-0.011626975851891626,3.749915412717495e-10,-0.0022986379769496454,-0.00015012482963363598,8.741950188704598e-10,2.8992945919969234e-17,-3.815143819987692e-17,1.8892435531806615e-16,-0.0005350285898919515,-0.010580779276786433,-7.465196181056422e-06,1.5635793207484044e-09,1.562533879234238e-06,0.0005200165766992483,0.00010036144232936913,9.323659138103086e-07,1.0097518703120878e-05,7.718882106452568e-08,0.000468886012767858,3.07319468805264e-07,4.192691803595436e-13,-1.0342717460823101e-11,0.011182209694062306,-0.030320691483677477,-0.044118689025829806,0.010825542662181433,-0.01340460638417782,-0.008534328980825415,-0.04965223396240852,-8.774905082113586e-07,1.5151810839388183e-10,1.089005509955954e-09,0.0012953396071278202,3.5746927156605587e-09,-0.0006108291846809406,-9.308388462690643e-05,-1.7522354771872754e-05,-0.009237022998017527,0.001249194639904494,-0.5029670452014533,2.0438618782340992e-07,-0.2557452743468199,0.11446488925367809,0.0010295974407179911,-0.3496385210141012,-0.0010189895953755038,0.00017352039444808745,-0.20210851131437646,0.4350938834208541,0.3065418320693914,-0.12715141531423566,0.0038651263484270632,0.00010379081400335685,-4.931484663085828e-05,-0.0002473674757753745,0.14263750414444903,0.2045840186018902,0.04211088971417244,-0.012550071236487997,-0.020750551867805528,-0.023281939956638145,-0.01054992786754671,0.007354162877226925,-0.00023864868434571578,0.005786076639643424,0.016050652352378417,0.0014596287479223824,0.02297840813813313,0.010339145538556827,-0.028481833441092747,0.14528950805932947,-0.08869818888978545,-0.022810296036154025,-0.010019090358626751,-1.2676723223186268e-15,0.011262649578230642,-0.01384242882801104,-0.022665498091978598,-0.05106042199433482,-0.10455918963085159,0.028786354539466538,-0.17782108805817193,0.0003331846062348787,0.14674013393738677,-0.019369931398072318,0.0073245641746380276,-0.032150050639145666,0.18267874683472862
52,6.382264195619252e-23,1.0748623456182583e-20,4.2277085327210284e-20,-0.00032530463379968906,0.0004552782656888093,-0.00045615535229137123,-0.0003726611922239987,-0.0071539642152589275,1.6762443409398656e-10,-0.010022073028673193,-0.0006368788775314862,8.456679196742909e-10,3.683452758863737e-17,-5.957644449406472e-17,2.6793082020547647e-16,0.0005038432358108218,0.01004176883689777,-4.531858169681121e-06,-1.9560701208167316e-09,7.079677378701898e-06,0.00031862396231180866,0.00044853319524501475,3.030917761370582e-07,-9.777066767645013e-06,8.009650128925837e-07,-0.00044844496839799227,-1.437739380075028e-06,5.02529151865196e-13,-4.181245748308019e-12,0.00510186483202798,0.005816168937022895,-0.035363296556137035,0.013337117926264807,-0.04103541731689259,0.00754374113437511,0.04518093412355968,-4.4726109763087745e-08,8.975734714560426e-11,7.431971188279886e-10,-7.511996628396201e-05,2.253149046495236e-09,-0.0012985341589799868,-4.498022307849656e-05,6.747561457920801e-05,-0.007314186999049216,-0.0011049044396098902,-0.4456398843140503,7.188695040387539e-06,0.32557394050541516,-0.08984462032266466,0.0013180825747952914,-0.2768544052392268,-0.00022085674830225196,-0.000527849845382051,0.5070457894888456,-0.12405766260224392,-0.19933057358905307,-0.3312560391684515,0.0075144915276356165,0.00016340115003323302,9.842767713335836e-05,0.0002467229528860023,-0.16101098763878077,-0.14335259436033654,0.01813995169640902,0.0065730119206796524,-0.005418374369944103,0.0015726143515646608,0.01818130973103166,0.0029515519036428448,0.001859594842165825,-0.004761972165294621,0.025365347164396923,0.00553165654594853,0.017740114505784894,-0.016456838585192247,0.0287281711852953,0.1707919753676873,0.08663198883464829,-0.05954589957180286,0.04380057723806185,8.409625486599181e-15,-0.003938460433203898,0.0076421507173790775,-0.15858001088453763,-0.027271770260561403,-0.11003833530444425,-0.09462670226197661,0.07720503391267852,0.004023716152355057,0.021295294881917674,0.011320584746833687,0.00977922243271943,0.17604024133329305,-0.08341049435382582
53,6.052289981297608e-26,1.0750065442868138e-23,4.269488839238099e-23,-3.243319747461227e-07,-4.83871421500777e-07,-2.520666541772036e-07,-0.019137710040359326,-0.35733888356290755,-7.72488933292473e-12,0.5311225457286448,0.034468635581865734,3.0462695234127004e-12,1.1465773134002963e-16,-1.4839035328272447e-18,7.294306008872605e-16,0.01440246835461268,0.27636160125264114,-3.826325569466629e-08,1.21266208900146e-10,-8.827073195626262e-08,0.007490974545919692,-0.011198370868910738,2.4384188553963292e-08,-1.542285557874989e-07,-1.1602337855571272e-07,-0.005851567655910854,-4.600902697883762e-07,-1.6763567453308225e-13,-7.029298280998101e-13,0.053100610940285065,-0.13071032985656,-0.19871384410773585,-0.04769689649404257,0.3441855418204004,0.037538331051235385,0.1813875542497188,-3.3102859294496806e-08,2.512332038754378e-12,1.9139492575909724e-11,-0.0013334373743142517,7.424850879693382e-11,0.0038104988806406093,-1.8596863436901166e-06,-1.298705327133976e-06,-0.0002416197657844879,-0.00153893203933072,-0.013641301843789498,-8.478422112677773e-07,-0.02283311198303767,-0.0043337073620990756,0.00011467058322552194,-0.05237565464892077,-0.00020445967214678491,0.0001323629033414553,-0.1575183645984005,0.05445290710690688,-0.3916023287357331,-0.044001861560017036,-0.00011499740043550958,5.363855247775704e-05,5.834307569007136e-05,2.6177775109701375e-05,-0.011935212168535454,0.15517125048382188,0.0005646423720101308,0.0010826791103722858,-0.0016725736382205054,-0.0019791128955948902,-0.002322315634394634,0.0015489724103584569,-0.03547857425349993,-0.043503971110996985,0.001098579388547371,-0.0007421583036500668,-0.018591498380365685,-0.00016560923506291972,-0.013393071786082683,0.027221998309510487,0.06255053899241576,0.04681149917772779,-0.02355071634941943,-1.265988339779818e-14,-0.028081776346266143,-0.004417407736587246,-0.0838214579756488,0.15518186620617883,0.14979883981569705,0.053325582432095724,-0.006304384819178687,-0.04502025173791251,0.06409856392203604,0.01789089737822217,0.015810060938341607,0.07273317223357531,0.07950335954168684
54,-8.656679440945773e-26,-1.5312295413591447e-23,-6.05027227177263e-23,4.6278256214729447e-07,-9.124723997465952e-08,-4.205377986849949e-07,0.027463747831728492,0.510051311255934,1.2701191021546644e-13,0.10120977017927726,0.006783384415380892,3.3811180705126366e-12,-1.0177806353376805e-16,-2.2941023054349437e-16,5.710876077489889e-16,0.024319819918183473,0.46477059346675,6.383058460983439e-08,-7.566663039905734e-11,1.1357171699754786e-08,-0.010746737075905056,-0.002122291070925675,-3.2517599163423633e-08,-3.244635978794559e-08,1.5328011658039366e-08,-0.009777529279888921,1.968361467592267e-07,6.183718657183106e-13,-1.0405856529584385e-12,-0.07200557738476016,0.05981765350656772,0.3247481946366269,-0.06198206117196529,0.04563656198934792,0.061201655037738785,0.30283060491724056,-4.264044746302716e-08,-5.138841429966414e-12,-6.548034381776363e-11,-0.005274266237017521,-2.803607946815626e-10,0.0012930360829084182,-1.66893462354681e-07,-2.516945862476931e-06,0.0011383170798899326,-0.0032112664220309444,0.06931490753642186,-3.301356472592708e-07,0.024068171812883257,-0.012736951570109378,-0.0005201884098010235,0.18383814184555491,0.0005277539283229891,1.136177141859628e-05,0.14786852406283343,0.05345801801618862,0.002967880665603081,-0.21465075737354142,0.004464719466634936,2.6879453345465288e-05,-0.00019854447860824984,-0.00044266449641332435,0.25807536575555395,0.1730274378231515,0.0028007617849902904,-2.8763590947094545e-05,-0.00032914897082853955,0.00014054142712071195,0.0008153892435242182,-0.003256536481667276,-0.03104695937913442,0.07303054751971111,-0.0029547575986175138,0.0007875939996143911,-0.09338548703778765,-0.000342867134503146,0.0029980220516568896,-0.011835216293408366,0.006811446431955717,0.0024454005823248966,-0.003427164147031386,-7.834066865859027e-16,-0.0006753571664108757,-0.0376628186876026,-0.026249638102805086,-0.045589519878745814,-0.11300192068865589,-0.005669827693806319,0.037045652589152864,0.013332327359485814,0.12944503932471976,0.049807637464576116,0.016460035400912156,-0.026696159544421113,0.18871506672690724
55,-5.333660893147652e-26,-9.413736608971293e-24,-3.7016365044770335e-23,2.8478678377919866e-07,-3.9866624722595366e-07,3.9923656750924394e-07,0.016939586133181108,0.31412440007139564,4.073408586252712e-12,0.43966841773860654,0.02874501219114724,4.623356969248919e-12,4.2440027602575485e-17,-2.345036716529387e-16,-4.3740608619169293e-16,-0.022949704748854632,-0.44091295551033544,2.6693877819172394e-08,2.97517417085763e-11,-6.312292813678912e-08,-0.006600911877153708,-0.009266045873230646,-1.6027393421163474e-08,5.876240575126019e-08,-3.952913373517348e-08,0.009299829035069821,1.0355537817675505e-07,4.794995756406788e-13,7.654269369439044e-13,-0.042199882415916254,0.00426480979293956,0.21128488506905715,-0.0964404239350905,0.2740004279672858,-0.056646619724506776,-0.28554257627330504,4.594398392140908e-08,-5.653284058795095e-12,-5.782802577743226e-11,0.001601020849098632,-2.2901286414496396e-10,0.0037282760141163743,2.7182402843049476e-06,1.4433427236712595e-06,0.0009540476731434614,0.0030878963057685825,0.06046534249655596,-1.2601285563298563e-06,-0.031047099427664697,0.006392574648511982,-0.00046742606797937745,0.132717461118842,0.00025626539701189183,0.0002039746853495087,-0.13255794047819225,0.10645326241187668,0.04411882746862129,-0.29821290838202447,0.005017686248776763,1.5701112598086316e-05,0.00018729317109904837,0.0003702412758711954,-0.22291167824803068,-0.12152409734504624,-0.00024726490879029147,0.001051479285518957,0.0015630418979815132,0.002249176853728694,0.0012597827770457009,-0.0007598212336038258,-0.04843580960801683,0.020413832082295632,1.682887496254791e-05,-0.0008458793657408126,0.030259349049224348,-0.00031364335294199736,-0.0059638578476742836,-0.04728511495367118,-0.047291926737569025,0.03374156631616436,-0.06097054139148021,7.807434375404896e-15,0.029424533896672666,0.020832444176478223,-0.14257617266677605,-0.01807002058863259,-0.11222213859420058,0.0187017899534938,-0.007704826229968984,-0.0032100444393184146,0.027024051152051694,-0.015431684363338697,0.016698724336666096,0.1855425247775883,-0.07704309236402167
56,-1.4326864647872886e-28,-2.667895371510897e-26,-1.0601181853505073e-25,8.052566228572246e-10,1.2016085163791575e-09,6.272565966242398e-10,0.021156606411381826,0.024095072482415995,7.628846331271592e-13,-0.035353895543426266,-0.033172067539031104,-3.2253818743334983e-13,2.1450254145317132e-17,-3.840483841005916e-17,-3.7251506147044205e-17,-0.017161075803416942,-0.018615231187042162,6.473564192996953e-09,-2.2165962405769434e-11,1.5015397343232408e-08,-0.0012136743592503557,0.0018107539031570498,-7.0321461239239716e-09,3.489322106070348e-08,3.7725961517683304e-08,0.0009508123775877767,2.414904115191274e-07,2.12446676732216e-13,7.8607126399399e-13,-0.09792316833629625,0.07293949216652268,0.1704060132995752,0.14079671446147704,-0.2547259636666064,-0.0814038679579224,-0.1392295077934018,3.002825064888044e-08,2.989895524690099e-13,1.112139362102014e-11,-0.41662014349188015,3.189767969095186e-11,-0.6099362886250453,2.4241561592899367e-06,-2.3205963263907547e-07,-0.00013956944319174869,0.31742426226720005,-0.008032208164813783,-7.789065596124277e-07,-0.01602250421810091,-0.006975668445517626,7.253823306002012e-05,-0.03337541847839543,-0.00013233517218876701,9.053160041940078e-05,-0.1001578156849822,0.03267900714905711,-0.24029361238652358,-0.028928341235719662,7.901679902343244e-05,4.415846074083341e-06,1.1385889683953339e-05,-2.056398065420275e-05,0.013566416848799967,0.06265997335321459,0.00027775672947495683,-0.0004112707739965845,0.0008877844127233176,0.0013474045763268235,0.002775554717848718,-0.0023705237682502944,0.07348432482180076,0.09251542857983718,0.009780841645874259,-0.0032560410622650853,0.05053548854659095,0.0010469574005118436,-0.019774875699830625,0.03810469891476024,0.092664870805854,0.0734086225574665,-0.03002221097160563,-1.2678276414313566e-14,-0.033519808024330446,-0.005643236882150925,-0.08470017898565708,0.15433481495704143,0.15128482372001575,0.10380639595239388,0.005545114563514228,-0.055194074746818374,0.06450650760603092,0.023724623438220634,0.01758253749757886,0.07567121512476986,0.0817210257254756
57,2.0500747514784516e-28,3.803571302944741e-26,1.5026706378271889e-25,-1.1494860286866436e-09,2.261650150361146e-10,1.0434459732485945e-09,-0.031029907040747512,-0.03431047133437108,-1.747432693955316e-13,-0.006755301884751562,-0.005897604599888447,-4.105072422758135e-13,1.3427155531480001e-17,5.798770151509023e-18,-1.891515879909722e-17,-0.02672981287433283,-0.03138946671564936,-1.0022473851323286e-08,1.3854617820034881e-11,-1.8754589590220868e-09,0.0017374556910164534,0.0003426028800113607,9.272691791059914e-09,-5.123755951676064e-10,-7.818163294041752e-09,0.0015804044394855173,-1.570826339363039e-07,-4.888639355719137e-13,1.4461958003640795e-12,0.1582584297173422,-0.02761849528714776,-0.23488559751520782,0.06073580676090013,-0.02960979157684679,-0.13375960276961582,-0.21332581755534885,1.1081215104591313e-07,-1.6270969757938166e-11,-1.1749341742337342e-10,0.5832807241993604,-4.383840888599242e-10,-0.1199730462333755,1.0474647442055265e-05,2.1513322869308626e-06,0.0012851896545779712,0.5332466205262206,0.07307038091474925,-1.652969960536337e-07,0.031912997230236655,-0.014904878268436552,-0.00029698337460977594,0.10059168456542802,0.0002805161402153308,-1.2287662155717853e-05,0.03906261328992393,-0.11994533307844663,0.007678280212737249,-0.18370670214485535,0.003591865175445353,1.3313410959958647e-05,-0.00014867178573963122,-0.0003176778644393798,0.18496495905212568,0.11223521316882377,0.000959297522337893,-1.8822039476078036e-05,-0.0005684667542129035,-0.0007228428062618935,-0.0007915019536258132,0.00015864692081248952,0.008989096747117998,-0.01996440742958118,-0.004718940285532835,-0.0004955066818638324,0.024760537461425505,0.0003606623883752937,0.012917849902393306,-0.07179248475115652,0.031292757545218645,0.009526849423101223,-0.0018987005653537364,-1.0289520215913862e-15,-0.0033091438448630646,-0.043091178433758204,-0.027292642716332773,-0.04500937787674034,-0.1161647330249583,-0.018246783796794026,0.09586630133506445,0.016350951394870916,0.12892494889026182,0.06534706616772543,0.018567418259004827,-0.02637229011570994,0.1937977398233027
58,1.2630882295439108e-28,2.338716709177325e-26,9.193733520316665e-26,-7.072293193967574e-10,9.900995254183408e-10,-9.911301598392523e-10,-0.019005037645441016,-0.021138743895585066,-3.4705884796662343e-13,-0.029298995474420556,-0.026870438813582417,-5.645145280412039e-13,3.2187013019410666e-17,4.926731729634475e-18,1.4640216490706791e-18,0.027425644074123807,0.029693808001325508,-4.809213017285516e-09,-3.260593067045181e-12,9.718961185932052e-09,0.0010688744262431994,0.0014971908979768496,4.870881450465488e-09,-9.720590385618001e-09,1.183584515981571e-08,-0.0015074246371142874,-6.485647075337517e-08,-3.6545638351318577e-13,-2.024498728733677e-13,0.08909704312313184,0.005744797717354415,-0.1449775476114466,0.149612046683028,-0.19737434742779225,0.12876629933495026,0.21147666267147397,-1.6125588462790714e-08,-1.0453959339122156e-11,-9.779001101759442e-11,0.3594342973861034,-2.9500023918294253e-10,-0.51009314416779,5.625077138297942e-06,-7.740608245765246e-06,0.001098328721065149,-0.506925613689758,0.06844051122107364,-1.2671057045113282e-06,-0.042958175894858924,0.010492516679130799,-0.00037432905952502604,0.09989162928699107,0.00017307991599474108,0.00015794021837393143,-0.11035461188898506,0.07704085639142244,0.03851056834966407,-0.15160804028904326,0.0024118503341034178,-3.0485969060113785e-06,0.00010307552575866257,0.00019966507063552178,-0.11929141411977186,-0.060845803880896276,-0.0004613383168304083,-0.00023777583952479828,-0.0004289789830944192,-0.000976304843011817,-0.0009588967724612966,0.0013536328974895506,0.0963393333007205,-0.0447545265787226,-0.010984984634387957,-0.0018105532028595476,-0.0701865387855599,0.001967112593093339,-0.014761916599697255,-0.0847767603658235,-0.07549927081319603,0.05198911273996404,-0.08116960470271334,7.69913168917502e-15,0.03579106833905306,0.023585357179487895,-0.14217637045356027,-0.01666662214029747,-0.11381938336517095,0.04668525721560726,-0.030865028995584295,-0.004806607400347686,0.028164180133808666,-0.02108753186982904,0.01802758617415775,0.18995971435421052,-0.07753661226262573
59,-1.05080551043024e-27,-1.958421737307651e-25,-7.782079377049679e-25,5.9111908102975925e-09,8.82106457839921e-09,4.60469444105674e-09,0.01807738845794232,0.36292686179525385,2.4349917889731657e-11,-0.5398616735874132,-0.03291361508304949,3.698742650293436e-12,-2.182184593892479e-16,2.2407701835222964e-16,-7.515996728790149e-16,-0.01349329261834076,-0.2805173523826711,-3.274435223794817e-07,6.232651175351417e-10,-5.853558168523802e-07,0.0008506155680968237,-0.001253365085859783,4.08056883505831e-08,-5.45879225529872e-07,-1.8508897722040135e-07,-0.0006745479301381195,-5.572135869452968e-07,-1.0666971926213398e-13,-5.181159578563673e-13,0.0547650654169261,-0.1381639764534835,-0.1700889306123226,-0.051039212441495896,0.29679436359619665,0.03809933460613265,0.15875024389259976,-1.7797724005515958e-08,2.443765143294992e-12,1.899968535312789e-11,0.05674822718113563,7.762771512446753e-11,0.08809277461224721,-1.5979533776831822e-06,-1.0985578510771438e-06,-0.0002536807439124275,-0.045417934158896285,-0.01430226354878987,-9.834940071225957e-07,-0.024578670243167032,-0.006226043592195675,0.00011863924644973414,-0.05429006367674633,-0.00021294589608065068,0.00014085483234333658,-0.16340417458744447,0.0577798927642253,-0.406474632431654,-0.045921824888639294,-6.701534771039407e-05,4.485246468123234e-05,5.101957117558064e-05,1.2808207888884101e-05,-0.004193055982353542,0.14919858519045304,0.0012675550837446163,7.093055655196368e-05,-0.0014267320158997529,-0.0020411922674653965,-0.0033294452863846954,0.002820509875434424,-0.051384222864563546,-0.06377895886608595,0.0010403085865932978,-0.0007817500005979681,-0.02804086953620594,-0.0005734120355569041,-0.014153157167940697,0.029870085681022,0.06509241326646396,0.049030690247225145,-0.024144508163243587,-1.2649609836519392e-14,-0.028628225895294977,-0.004496563100612925,-0.08351650365996881,0.1546317375276658,0.14975150205022653,0.05739360671618345,-0.006260347748181999,-0.0460635918753768,0.06378812213569288,0.018336654627282234,0.01593392641267902,0.07274892205749407,0.07937866497193566
60,1.5036850830199418e-27,2.7922167268842847e-25,1.103113648978469e-24,-8.438414120979918e-09,1.6603066882991599e-09,7.659722132642207e-09,-0.025925582505506934,-0.5183873514062199,-1.5509440286159372e-11,-0.10296194161040773,-0.006530813268727744,-4.266325345606064e-11,1.11383224059755e-16,1.8844076347360582e-16,-4.970683136195423e-16,-0.02304740727294876,-0.4722942094774952,3.6256389018086415e-07,-8.889852104410803e-11,-7.473824461311603e-08,-0.0011795351113931315,-0.00023324099560474056,-6.056680265235648e-08,-4.708566231312901e-07,9.052676351973657e-09,-0.0010782704726717209,1.6171934068337595e-07,5.277133008127884e-13,-5.497764132117979e-13,-0.07395118076055901,0.05184967854326052,0.2848716810646766,-0.05607235975040302,0.03998715587463799,0.06271208053488843,0.26513319820706155,-8.662106129022018e-09,-1.016991876393271e-11,-1.020318050316041e-10,-0.08545148907979692,-3.9658320473076217e-10,0.017877394602048954,3.0292115151125225e-06,-1.6920051030387808e-06,0.0014468012370445922,-0.07698039001001586,0.0862790842433811,-3.4583395471346333e-07,0.0325546833283927,-0.01658079045895205,-0.0005712446814698731,0.2018972637015895,0.0005811909070548577,7.312926142635305e-06,0.1640107136823049,0.05493588682042999,-0.008278475267279555,-0.21006705441129092,0.004348796454862049,2.3928263375792755e-05,-0.0001988486987681771,-0.0004398583089396606,0.25652709340398855,0.1694325865997868,0.0010752984638603693,0.0005729303343741647,0.0007047679160040525,0.0013952494671895055,0.0015737148119701714,-0.004160893810902123,-0.03741066944252973,0.08752526434932066,-0.0035708449192688057,0.0009198046148424172,-0.113638160071953,-0.0009467081005377653,0.0031080963132597765,-0.011022510140897173,0.007848257122921842,0.002637897019582878,-0.0033184036181294983,-8.316527525077772e-16,-0.0008543478601480065,-0.03792918392957948,-0.026211670126498395,-0.04537968026937822,-0.11280057071394944,-0.005550577131755284,0.038836143967652136,0.013478287891082626,0.12865444888143857,0.05069861816268995,0.01655250872598558,-0.02651276140687082,0.18812641253190007
61,9.264265625945892e-28,1.7168257863765484e-25,6.748983851923022e-25,-5.19165500590462e-09,7.2684072587613466e-09,-7.275511782812885e-09,-0.015985110865370973,-0.3190717043437962,-1.1074022310250008e-11,-0.4469467863039638,-0.02750775239909133,-4.1370577883447795e-11,1.8928265662616456e-16,2.6343821102640134e-16,3.283504368790088e-16,0.021504451348204463,0.4476264995239577,2.2441546665399238e-07,8.885795258037617e-11,-3.4369948657851697e-07,-0.0007454927478666662,-0.00102561768449984,-2.316293597797035e-08,4.749127622715866e-07,-5.977264525212106e-08,0.0010458262723696506,1.4098556976011854e-07,4.028970389028185e-13,8.320497457897851e-13,-0.04298921360965245,0.00279245534088124,0.18510116472055768,-0.09275995143132616,0.24037370367844776,-0.05862140735095883,-0.25151437719152514,4.332888886985468e-08,-8.372811630281097e-12,-8.018531332768226e-11,-0.04867429026741076,-3.0098028413413304e-10,0.07426168424147035,3.835697028842054e-06,-9.530528056253393e-07,0.0011906418352425785,0.07321197613937207,0.07494531105714562,-1.5003128184825396e-06,-0.041532229526733945,0.009257711495570064,-0.0005167282549747525,0.14384624916636435,0.0002684671888127365,0.00022432735284527657,-0.15081100545932608,0.11225576900798459,0.05129732932079552,-0.2972372029599659,0.00494695041346477,1.0828376209154084e-05,0.00018975582763663352,0.00037380416379135097,-0.2247065271396372,-0.12116568055030746,-0.001079518527936204,0.0009338840689261762,0.002129492816631092,0.002668235708183575,0.0007248707424353974,-0.0012228182133220847,-0.06992588059247111,0.0303996420325711,0.00031668645075718174,-0.0010032630143143302,0.04405878743771935,0.0001508945639847591,-0.006335240725948611,-0.05196102465895078,-0.04945448830609777,0.03534956465544582,-0.06278762105399815,7.866270442584682e-15,0.03002340077233031,0.021027396016947315,-0.1418832889777825,-0.017968667234111255,-0.11217918233354886,0.020001826716266536,-0.008450412700515886,-0.0032804400259371764,0.02706856232697943,-0.015848064704640053,0.016800978615304538,0.18527572492881916,-0.07674584448642227
62,2.6045457081956584e-31,5.100785184437825e-29,2.027902397347841e-28,-1.5402536582977782e-12,-2.2988764662270953e-12,-1.2035464788959862e-12,-0.386378003897842,0.020013659646183266,8.957775568108821e-14,-0.03821314820684559,0.5988295539827189,-1.8039083775391657e-14,-6.008966569797594e-16,1.0580383599324345e-15,-2.671692775314618e-16,0.312469178257616,-0.015912690622368216,5.0121277456851876e-11,-1.6487136115483707e-14,8.98503898650887e-11,-1.4082496174376339e-05,1.79062725954526e-05,2.638058943031201e-10,-6.494314967480148e-10,-2.000865318429727e-09,9.07929634470001e-06,-4.923756387419735e-08,-3.7579610076808215e-14,3.856786463657432e-14,0.13039766693605753,0.005729064293035892,-0.012896410966374632,-0.23550188778794803,-0.05064085684114431,0.1249357551420201,-0.022395163642259932,1.9884510308949217e-09,-3.9279499186818485e-13,-4.013979653333926e-12,0.028810769905117363,-1.6116162615408378e-11,0.03977893270718133,7.514916208141404e-08,1.6211009671874403e-07,6.308228389634009e-05,-0.019385830100373765,0.003713437312239116,2.2028972981599482e-07,0.006153183151809011,0.0009196419625508766,-4.367763255478537e-05,0.019637507045728145,7.46383393951368e-05,-4.2041445249002814e-05,0.05927510791920627,-0.008643053644769623,0.14397693151494084,0.020302111276151173,7.480943371184592e-05,-6.286031991614715e-05,-4.489200834286352e-05,-4.7476095248378206e-05,0.026153475431019545,-0.09457807986753891,-0.00021412089720995183,-0.0022880575503646406,0.004095405801921439,0.005475777284442231,0.008970788566396177,-0.007055076869497814,0.20377521345752198,0.254579889336104,0.019984652881882434,-0.0061540448937176745,0.13499850305134312,0.002467701133807971,-0.026602011407566576,0.05000546964074125,0.127128321883806,0.10270097497092366,-0.03650889544401352,-1.3031732093573013e-14,-0.039965216946389576,-0.007207001502549477,-0.08560665788587432,0.1557809039759967,0.1558137875546955,0.16004953401050684,0.019861510670778418,-0.0665198666751499,0.0655118040163011,0.030464232256019522,0.01950095661877449,0.07816669695467361,0.08564938529959355
63,-3.728419403505667e-31,-7.278294984695831e-29,-2.875005026223676e-28,2.1994648590315214e-12,-4.3189924228569486e-13,-1.9937742185431092e-12,0.5725833614186605,-0.03015793645134448,7.330251813597303e-14,-0.006921093744434608,0.10700247355049755,-1.3239795965180892e-14,-1.0973862823295016e-17,1.219580126541659e-16,-1.824992649528101e-16,0.49921719982037416,-0.0253698793968918,-5.0069684941759706e-11,-1.1899005359593892e-13,3.103026273895707e-14,3.663403399848293e-06,7.173954667869022e-07,-4.773852622841496e-10,6.760429719134758e-10,9.556166696906461e-10,1.2645326650475439e-06,6.866122682421946e-08,-7.390990556540483e-14,4.367945619919351e-14,-0.26345462862060737,-0.037101436684757474,-0.052036998242484325,-0.03317993224274806,-0.009903139654145753,0.21238967272222997,-0.04056939751690515,-2.4499777090199463e-09,1.998594186750225e-12,2.014031059595765e-11,-0.03821456282636308,8.686772367094503e-11,0.00832348538415661,-7.3775866091764e-07,1.5624317830206062e-07,-0.00035886818862002545,-0.04118718155473897,-0.022205027002219112,1.365549034266387e-07,-0.00890720550731235,0.004931432976784757,0.000273775391142887,-0.10379029151145443,-0.0003163085822940681,-1.7654644925491453e-05,-0.14928806138298523,-0.23314645735596995,0.03393019272295547,-0.02713178740452928,0.0002466619007709178,-9.62816224012147e-06,1.3473349704513328e-05,4.4393165953826913e-05,-0.026232998489491385,-0.029214549727044656,-0.0017962507352643087,3.5606626743964237e-06,-0.0007805576293253079,-0.0017579100443638773,-0.002840180834654037,0.004758992213595159,0.06110418586001899,-0.14250577644132315,-0.006687198325185655,-0.0021023547912706227,0.1754331902005741,0.0012507167666063713,0.024818428469363635,-0.14421482727791515,0.060121065318872485,0.017766559322836075,8.724824001399964e-05,-1.343278155843998e-15,-0.006413560911725793,-0.04938412843834759,-0.028100443655230675,-0.0444385584982703,-0.11972911890331703,-0.03353509985018115,0.16527545960983905,0.01982854844849623,0.12915972869408182,0.08315501832279128,0.020935437506574495,-0.026837140209129005,0.20085987851175616
64,-2.2971915751861507e-31,-4.476198209205189e-29,-1.7591555040025507e-28,1.3530515298301324e-12,-1.8941893900949977e-12,1.8955215091816216e-12,0.3477547300719262,-0.018362480132079292,-9.102423812064838e-14,-0.0309504829100468,0.48442466966564085,-2.1189119573715672e-14,-3.5703353302544986e-16,1.6213083083190412e-16,3.833333673684463e-16,-0.5001375233581088,0.02546092546490785,-1.9256041568056785e-11,-1.5026542302992688e-13,1.3682084450724077e-10,1.3494308517755324e-05,1.5431957276508715e-05,-2.0064637001249744e-10,-4.406080536299514e-11,-4.262842543208192e-10,-1.4652125760741323e-05,2.6119708441458052e-08,-7.633583969304357e-14,-9.23276365779042e-14,-0.12420471685196648,-0.0243022469795504,-0.04539720029948439,-0.17091718339118275,-0.036940605856339015,-0.20300127685205385,0.03617928734625922,-4.483825211865341e-09,1.4772994401154418e-12,1.514531039134203e-11,-0.025990278858252586,5.643665531379125e-11,0.034006279902575945,-7.189911302719013e-07,3.573511583545816e-07,-0.00024274122500527777,0.03137885486499636,-0.01551854479984682,3.347111695555037e-07,0.007655823619918465,-0.0013908928979878908,0.00014377968677251166,-0.043122868942041946,-9.170203372109762e-05,-6.239793888438741e-05,0.03081952817165791,-0.04800920096724499,-0.007810575316464837,0.12940629917193822,-0.0023092332817414188,-2.6167256611498423e-05,-8.241772020521482e-05,-0.0001658255364718535,0.1006633413043304,0.057289661624566196,-0.0005679328307098531,-0.0018845888293945261,-0.0029826391386494956,-0.005039285861450319,-0.003703893941530464,0.003838214185917189,0.2686873759362552,-0.12184613008892778,-0.02396096342599198,-0.002835310917753584,-0.19260399439732825,0.004638880370068256,-0.024732548379215392,-0.12601086593301128,-0.1082625869418263,0.07156633282482874,-0.10345497625730236,7.637414016342547e-15,0.043283182094272184,0.026937504644697026,-0.143100860717106,-0.016713085684688107,-0.1181234854378461,0.07774939768797665,-0.0581205403411913,-0.006150427544701302,0.028983726555813816,-0.0278525082527949,0.019441875157582136,0.196587883265016,-0.08019862958324711
65,-1.4440943853861338e-33,-2.977892239679948e-31,-1.1845079850560367e-30,8.99598490697725e-15,1.3429761541991193e-14,7.059047743617709e-15,0.06440713877834275,-0.0034740364987051906,-1.9345586095448724e-14,0.006593128712331493,-0.10007347008077229,4.950840745375172e-15,9.8420751855219e-17,-1.611805559777967e-16,4.061119627319965e-17,-0.05249298319782542,0.0027833921474997654,-2.0636641301837784e-11,2.9172803624003518e-15,-4.059704689134443e-11,5.084502806421984e-06,-7.695181640608121e-06,-2.2508655066054857e-10,4.907784247869366e-10,1.9614823430224053e-09,-5.225794577164992e-06,9.270584916835095e-08,4.2626177096408866e-14,-3.135412556960061e-13,-0.3230687542516676,-0.027989186755344928,-0.005087642757670152,0.5844646495532976,0.1891699720803491,-0.30760094117574294,0.0898845186296342,-1.104445933227809e-08,-1.3151279005006016e-13,-4.302398528442036e-12,0.1154755449767171,-1.5275858849110778e-11,0.17695541266312065,-7.7485082519404e-07,2.1756387070421182e-08,6.944856777654787e-05,-0.09338841841428823,0.004079396295407281,3.626844417126516e-07,0.008501869583140488,0.0023863933131608632,-4.695339863492302e-05,0.021940296305164895,8.722218626812958e-05,-5.9660987558464754e-05,0.0722238334495815,-0.02583923638356363,0.1944121481379439,0.021802672083824148,0.00015248685470566208,-7.038311893718991e-05,-5.2999408319826564e-05,-5.341083429049734e-05,0.029210027826014964,-0.11222262907377559,-0.0002564078966296465,-0.0024972537804497756,0.004459194299774519,0.00594774997989438,0.009674283450977627,-0.007601510571479585,0.21780025685231297,0.27324342004494223,0.021130525891434767,-0.0064637571145112595,0.14384567272357215,0.00261764377247571,-0.027369580122119676,0.051623897978470216,0.13077651460872725,0.10579941776706189,-0.03716734599051895,-1.3023569976391583e-14,-0.040652165780438926,-0.007356216671994734,-0.08562996070893114,0.15588577909306967,0.15629882282130123,0.1661772281042248,0.021196420314760617,-0.06773417083595995,0.065572174368936,0.03112674742625384,0.01968516188897815,0.07835766865167801,0.08601659657929035
66,2.067967921478178e-33,4.252410766500869e-31,1.679510203293749e-30,-1.2849867038711011e-14,2.5187673632231726e-15,1.1626974266330709e-14,-0.09467025904969467,0.005177203352107203,-1.1101644478660981e-14,0.001178907088651894,-0.017646412441094543,3.995970079624819e-15,3.090058157637823e-17,-3.1494746310676e-17,2.6448840460256226e-17,-0.08131894276503798,0.004296362584620917,2.1292197637167044e-11,6.046563422254038e-14,-5.299975746014364e-12,-2.83521255309633e-06,-4.142110944836051e-07,3.646159349977202e-10,-4.756390234621905e-10,-1.045303877416034e-09,2.0770506794455583e-06,-1.2234116444199247e-07,2.7415375643094353e-13,-5.383280352163642e-13,0.547988393610602,0.08699244964938302,0.16583065948426964,0.058202592101226434,0.027311447421115704,-0.4043563025550075,0.1269154632902431,-3.706807469272527e-08,5.977382193043087e-12,4.844505632658099e-11,-0.18966720667067852,1.9412003280872628e-10,0.03886241710317808,-3.5248587034076597e-06,-6.238162560596241e-07,-0.000692071255808975,-0.17464324978470266,-0.041576924746805625,2.061118714715291e-07,-0.017477200669771462,0.009177768317062228,0.00041992834646823363,-0.15821234002543116,-0.00048059102902013985,-2.2869700685497885e-05,-0.2203274223583124,-0.3294375888768008,0.054961274231314014,-0.04186904608194972,0.00044515086569890753,-1.134130901371263e-05,1.891059696005324e-05,5.985625378091295e-05,-0.035496814931847656,-0.038799100707310144,-0.0019840314288640895,5.83299531674191e-06,-0.0007610506255659043,-0.001782022828461244,-0.002936131130129616,0.005043626421952819,0.06449663141086216,-0.14996004426727172,-0.006719272724952598,-0.002230297018010005,0.1876565850473805,0.0013077707827249695,0.025739014429687745,-0.14945054572100763,0.06259304299854584,0.018436175771665314,0.0002905994076978486,-1.2678964354108216e-15,-0.006699732715168435,-0.04988055048532376,-0.02819715914427038,-0.04437712520506371,-0.11997718973458514,-0.034595551676047984,0.17075472889794063,0.020057268670580827,0.12915956786988492,0.08457579324929472,0.021123381237518515,-0.02683318695361253,0.2013797460979059
67,1.2742273613078606e-33,2.6159765646536844e-31,1.0278089700904024e-30,-7.904353501170708e-15,1.1064492186832633e-14,-1.1069808303841756e-14,-0.05792024434387355,0.0031792016633579536,1.7173889213233212e-14,0.005339196616588594,-0.08089307025659735,6.476573888845601e-15,4.539673870562189e-17,-2.207441128494504e-17,-6.295849423780647e-17,0.08394494130065448,-0.004448523062189581,8.955315272537548e-12,6.988428715634937e-14,-5.4583464846294485e-11,-4.506641431527099e-06,-6.257542629777925e-06,1.8230080294558965e-10,-4.482689973491367e-11,2.2917371438605507e-10,8.016808990888631e-06,-5.824618184417298e-08,2.838276375539289e-13,1.9086736266221615e-13,0.30973355729797714,0.0630629482317007,0.15088508651051127,0.41490099000356734,0.13991615642040015,0.5012473052522052,-0.1410054699365583,8.498373898759204e-09,3.136798710748042e-12,3.134441451436236e-11,-0.09657765321181687,1.0181442603880987e-10,0.14624795528885107,-1.4965532278179084e-06,2.323632132555851e-06,-0.0004141893642761023,0.14896042239440954,-0.02627452215974945,5.528813809656536e-07,0.015971442398369028,-0.00358281720603205,0.00019653703297210545,-0.055651972307545046,-0.00010634135098376271,-9.031483370347438e-05,0.05960656431538653,-0.04712458058391908,-0.017593477910567992,0.16975184778788413,-0.002988509940376329,-2.8878561922727794e-05,-0.00010240252472253478,-0.00020507184677534115,0.12439719742477706,0.07021362101209357,-0.0005975178364684677,-0.0020680353612565093,-0.003276489656507354,-0.005508785978308861,-0.004033117471759653,0.004151779258437444,0.28798877143510365,-0.13142845361624825,-0.025415500380919633,-0.0029512499555295266,-0.2053834615049449,0.004937576959682587,-0.025738500464985315,-0.13087994392266522,-0.11169379164659698,0.07365479949485011,-0.10579277655707392,7.84183907376762e-15,0.04407085003468629,0.027252153530864704,-0.14309020470058442,-0.016760638576549292,-0.11859511110595428,0.08095189039095452,-0.06073583098779921,-0.006246617210449849,0.0290503943096552,-0.02849228883175426,0.01958834764346525,0.19714686210471177,-0.08040742954022172
68,-4.486802731903314e-33,-9.258271573128318e-31,-3.682659850439422e-30,2.7968675225081525e-14,4.1753453704382304e-14,2.194816223901799e-14,0.3030944359569661,-0.01671566291290343,-1.1481787719983574e-13,0.03148028062305933,-0.4696578471272424,3.341071434915242e-14,4.302982201601841e-16,-7.683859227070947e-16,1.2817247605850734e-16,-0.24468301019878533,0.013242747143801912,-6.539330871377156e-10,2.3145681149761563e-12,-1.5185294477118902e-09,0.00012296474105086302,-0.0001803796676801067,1.0043122476709027e-09,-4.252762769710531e-09,-6.12467797836271e-09,-9.326055937332518e-05,-1.0171125614911032e-07,-7.122429626188937e-14,6.07540722568382e-14,0.24506113130257384,0.008261842178861228,-0.02693958192713066,-0.43375017843929176,-0.08634686064355292,0.22810559873150824,-0.037283890241965593,2.7790892783570835e-09,-4.967059199194318e-13,-5.002070197637529e-12,0.03977766573959427,-1.9730692927663313e-11,0.05297962525381264,9.907741447164078e-08,2.0975562732985113e-07,7.656709544163725e-05,-0.025363858312089534,0.004509503259051594,2.4987457139833864e-07,0.0070602916327143755,0.0010610676504346419,-5.25453561579214e-05,0.023337413287969653,8.753284729971328e-05,-4.606996667398576e-05,0.06782042453739336,-0.004285001942241039,0.15564486450689588,0.02425793451128125,3.384414439304377e-05,-6.525273266151192e-05,-4.5847032675753904e-05,-4.649081398748228e-05,0.025489078690921978,-0.10046718082097368,-0.00023931825450639575,-0.0023533022229121517,0.004205192994052829,0.005614976835809264,0.009179871902265204,-0.007204829408810987,0.20847488631368782,0.2598828146031503,0.020336869030713748,-0.006259455264398218,0.13827751875091307,0.0025198332985805513,-0.026823186125778567,0.050288025556676684,0.12842295174572255,0.1037601109066075,-0.03673395160558248,-1.3135978070559447e-14,-0.04021198628441542,-0.007272147533625166,-0.08564640848236298,0.15589775800900463,0.15605357254123683,0.1620123790484664,0.02049210419013409,-0.06693027934823188,0.06554797026097897,0.03073515755333715,0.019573761648985846,0.07825825995096072,0.0858117155149198
69,6.431985858485422e-33,1.323561120765383e-30,5.227458151147145e-30,-3.9995130789074673e-14,7.840558088113933e-15,3.62064041088123e-14,-0.46311194827022995,0.025917198685646712,-4.2065854367941885e-14,0.005931814066452269,-0.08699590827603736,4.168773388097554e-14,2.571728129415675e-17,-1.3361110801977706e-16,1.6140852135105633e-16,-0.41083012662232915,0.022309028395140366,1.0233562890379435e-09,-1.5229070865203834e-12,2.106556201804494e-10,-0.00017546710816701946,-3.503991208294353e-05,-1.4032043013925848e-09,6.227453548866658e-10,1.920799532861196e-09,-0.0001680614988119047,1.1874690745628006e-07,-1.1145968020477308e-13,6.731403915558152e-14,-0.44099758618319324,-0.0606750112408664,-0.08065807304257622,-0.05609950217998531,-0.015497865536816003,0.3489933839449699,-0.06031843626459851,-2.5692517705009685e-09,2.2026399783819558e-12,2.159041726520507e-11,-0.04438359903420352,9.171010659642608e-11,0.009698795266202246,-8.351339881318223e-07,1.7035996530983658e-07,-0.00036709384159707955,-0.047679336216059076,-0.02254659274832447,1.2999668793039343e-07,-0.009000804326622813,0.004894593843951409,0.00025522728284091666,-0.09597644068424663,-0.00029054524495380357,-1.5120628404906745e-05,-0.13043098189350633,-0.19171655394376197,0.025381227277259406,-0.002715746593615003,-0.00020993307930868227,-1.0975384087355553e-05,2.7358489036661594e-05,7.34038792469494e-05,-0.04301839137616577,-0.03841953266117468,-0.0019675348792123006,5.163079476901584e-06,-0.0008128067376622282,-0.0018478390917406901,-0.002991638309856447,0.005059038202163572,0.0643209201351706,-0.1505618434866055,-0.0068662058531103005,-0.0021877449523495297,0.18345021312802132,0.001306142958942659,0.02547760176770581,-0.14840889283445727,0.06153598102657954,0.01817235190540609,0.00018260219108954168,-1.1586634498144044e-15,-0.0065514192073335194,-0.049715871642686246,-0.028088815648367866,-0.04443749334259551,-0.11993869972471732,-0.03448299561661532,0.16900158466336854,0.020052721321046362,0.12915504970706682,0.08408647014358395,0.021053193063664266,-0.02691930417991348,0.20123035674446968
70,3.959075284374467e-33,8.133242158953824e-31,3.195515025939672e-30,-2.4575033207445038e-14,3.439972748277958e-14,-3.441575874743959e-14,-0.27297190967183305,0.015307524272074862,8.981080533184526e-14,0.025532895547986316,-0.3800536137175628,5.5711036132152686e-14,3.1004091598496994e-16,-2.534746226242082e-16,-2.5864512400086227e-16,0.3916512806387119,-0.021186574564254886,4.912983762258569e-10,2.5870060644183193e-13,-9.613815376213924e-10,-0.00010934036265231225,-0.00014986334815451064,-7.273655405895523e-10,1.0681311228835377e-09,-1.568155672741948e-09,0.00014808975564365427,5.179157502188679e-08,-1.32699291876215e-13,-1.4064682282900276e-13,-0.23487450966305148,-0.04536958235870337,-0.08022129304630832,-0.3170506914602874,-0.06274385783840908,-0.3712601966249632,0.06035511466067901,-6.272590149092837e-09,1.8960863904739003e-12,1.8994620381088298e-11,-0.036547644552825456,6.949199226472447e-11,0.04574933529182319,-9.616920190241747e-07,4.769423184360765e-07,-0.0002928793974614031,0.041145379112630824,-0.018647990944052485,3.8821550989421504e-07,0.008942435823789285,-0.0016137839030752775,0.0001674846691113438,-0.05046859274537185,-0.00010876638283679511,-7.007159203484586e-05,0.030911434849395993,-0.060065894690547524,-0.0076971910465201245,0.135681634979048,-0.0024116997751113802,-2.687580570803564e-05,-9.006661389140734e-05,-0.00018094093333473782,0.10968863759709616,0.062031367432150354,-0.0005596695637881009,-0.0019418640951036107,-0.0030681952516888765,-0.005173147374722728,-0.003788047578365391,0.0039035726149526427,0.2744908754176989,-0.12396946381959828,-0.024403435731532253,-0.002866327905429496,-0.19738395480970564,0.004728751135980354,-0.025125736567272162,-0.12721738696852392,-0.10952840612849427,0.07224043061284127,-0.10426872367148604,7.771741548945768e-15,0.043570541268289575,0.027088949431866814,-0.143179651722534,-0.01673139007180019,-0.11830888663773509,0.07890573285443449,-0.05931435622060513,-0.006209815729748309,0.029000591026083534,-0.028160584714281425,0.019488065004233716,0.19689781930989708,-0.08037738128040971
71,3.717288323906852e-30,7.278499642032144e-28,2.893684236116672e-27,-2.1978412486961717e-11,-3.280531990829225e-11,-1.7173841837940392e-11,-0.0018799872526727088,-0.03918948306182524,-4.084701150756583e-12,0.05833084471974936,0.0034432232701380417,-1.3496166599430437e-12,-3.4536825645022893e-17,-2.610869725583022e-17,6.475307598002085e-17,0.0013964148325696624,0.030310633704363658,5.276352118315595e-08,-1.565481422108742e-10,1.0945453423453502e-07,-0.03570549416386067,0.05334611776922336,-1.9496024983138015e-08,1.3439250436680183e-07,9.705295702204314e-08,0.027833992006968584,4.633551466445705e-07,3.3629059278538317e-13,1.2725230851944912e-12,-0.062222955437372794,0.15130991707011918,0.3011635563240403,0.05129600975943015,-0.5195236475200411,-0.045598479080632325,-0.2696114778809368,8.354033779554124e-08,2.4382246587241927e-13,6.915526449418974e-12,0.2684755727606782,5.005994870733639e-11,0.38746516229354,1.4500427618492444e-06,1.3337318117813145e-06,-0.00018934549129299234,-0.20125133667154033,-0.01084054238841666,-1.046131244020813e-06,-0.020720433398301763,-0.009878866608573709,9.158921064926463e-05,-0.04212622373409287,-0.0001678954125563956,0.00011931116377777346,-0.12740978748140797,0.04855788119592677,-0.3166232162455787,-0.03730946058674316,0.00011550680819408077,-5.502303796809216e-06,1.0940826325630602e-05,-3.523143297511727e-05,0.0225976011973781,0.07979658237934305,0.004443903569538545,-0.004818752699017864,-5.510211835615977e-05,-0.0020883688398265036,-0.00781204198989439,0.008662418429208254,-0.12255613398146653,-0.15528425406027405,0.0007087344521498158,-0.000926277781646235,-0.07011193644568661,-0.002473123599093662,-0.017086019180235845,0.040607153256880774,0.0745228417722942,0.05745120784858636,-0.02629014732867128,-1.2523503372367613e-14,-0.030468453939397393,-0.00471161041594586,-0.08192717795105683,0.1515755257960915,0.14852132576598684,0.07352803007987382,-0.005994198329908856,-0.04972564150707481,0.06213586549773936,0.01985084801581786,0.01628266963454817,0.07248056251123189,0.07814499956393703
72,-5.321514244343146e-30,-1.0386057746507036e-27,-4.102606816360174e-27,3.138616163195622e-11,-6.16390096176105e-12,-2.84525695419042e-11,0.0026959983545242856,0.05600392848439046,3.1080019184387614e-12,0.011132932172146979,0.0006866960399308494,8.690163234016305e-12,-1.2270881010343761e-17,-2.2706243969880086e-17,6.654536868290339e-17,0.002408994580060074,0.05109845147052453,-5.323780933326834e-08,4.030477556064195e-11,6.448937185183963e-09,0.051173046486012605,0.010119498613280146,2.694227467734045e-08,4.0795984057911945e-08,-1.369192726132089e-08,0.046621624356368394,-2.3857150859623503e-07,-9.64272222587534e-13,2.9315417495533904e-12,0.08496231580716741,-0.08191104617979329,-0.48029572931251086,0.0876071423707153,-0.06549764179007943,-0.07299573121716403,-0.45089733326376386,1.788165579433689e-07,-2.457234563412257e-11,-1.8773907250622952e-10,-0.3665430021015487,-6.301306648139264e-10,0.07628376504460407,1.5492112248574652e-05,4.389831055841317e-06,0.0018882214098987276,-0.3383484843039265,0.10779682628461713,-2.6959060462039805e-07,0.04765901606497932,-0.022583373936627554,-0.0005298618698511215,0.18743086589026284,0.0005438234501027798,-6.2986210617886506e-06,0.15603624864835586,0.04136724751857848,-0.037139626628781404,-0.1267636470281439,0.002547235126350084,4.752343777025427e-06,-0.00013254830698024818,-0.00028236232348904125,0.16499262634334994,0.10175045551194412,-0.007459469173253885,0.003408217187223775,0.005658812787312081,0.0073423690083829945,0.005091164510374922,-0.00804794380320924,-0.06437831934779849,0.1481814220355309,-0.006223367037505087,0.0014768059684741837,-0.20074298029340787,-0.0037516619028009355,0.0034879043069055643,-0.00710936417445758,0.01185171149304443,0.0034338008823676155,-0.002931713239093858,-7.994040570503313e-16,-0.0014754022912107088,-0.0384666133987654,-0.026000712642648388,-0.04425120693980994,-0.11113880645829646,-0.004812045594821379,0.04546374934820098,0.013873233744454915,0.12445947636275878,0.05347421231874459,0.016738391333544034,-0.025272373883359192,0.18381300383188653
73,-3.278701149569775e-30,-6.387396146344349e-28,-2.5102624423366574e-27,1.9307657456638644e-11,-2.703079915872642e-11,2.704845288871722e-11,0.0016619240385467512,0.03446316081676834,1.8569245256445166e-12,0.048305256087695626,0.0028818910652092344,8.146508386932073e-12,-5.568373763532638e-18,-1.2870421173602423e-17,-3.485148951391877e-17,-0.002227052871429005,-0.0483894278776619,-3.071929120319036e-08,-1.6543568610716313e-11,5.6781924371335605e-08,0.03147582447272937,0.04414515713518974,1.249886885073598e-08,-6.017307066896413e-08,3.1128404485115796e-08,-0.04429290046328216,-1.1124783361993463e-07,-7.428112049771098e-13,-3.038608969262285e-13,0.05013876070974764,-0.010927612104754495,-0.3112494591939098,0.12556482223031112,-0.40501839460327743,0.06601833890658679,0.41936418791036806,-3.2972311578337396e-08,-1.3394399190709697e-11,-1.1897512706999667e-10,-0.23306837808357903,-4.098856469441284e-10,0.3241694364318278,4.659810503950469e-06,-1.1686329163290923e-05,0.0014847513651533883,0.3216547605682906,0.09238288168424616,-1.703416013340325e-06,-0.05945111399750113,0.014847362284144483,-0.0004883253759202007,0.12853570963371438,0.00021559374727309126,0.00020891303600867884,-0.15306867409590522,0.09227364985035967,0.05415753492829261,-0.19630175584525497,0.0030958579453959573,-1.3560601053072536e-05,0.0001345196611476556,0.000261504578415777,-0.15608686976052205,-0.08074533907682879,-0.004884279099952808,0.00023857283809432616,0.004570418438484987,0.004341824617290074,-0.0019393848007154576,-0.0033567899304225123,-0.16636521263659507,0.07599239486711885,0.0016892752253662125,-0.0016712465854478947,0.10516737362360726,0.002356806503551143,-0.007762706706639316,-0.07085183719616492,-0.05743219040337398,0.041381462107592644,-0.06920909119772525,7.462111574912862e-15,0.031988958932318914,0.02147658780318786,-0.13817552116903217,-0.01741151803272745,-0.11108903066330214,0.025047638891521416,-0.011326874908312572,-0.003520505261459032,0.027266506276901102,-0.017172127153955045,0.017065968851392888,0.1825827552982304,-0.07452842832024321
74,-4.8931848948116894e-33,-1.0090915485379461e-30,-4.013839274253762e-30,3.048389956289792e-14,4.551071676118167e-14,2.3920573616429264e-14,9.489834578292653e-05,0.002088520277114034,5.156081684890878e-13,-0.0031094440099725183,-0.00017517262876140367,6.250295512665459e-13,4.0460148452515215e-17,1.4551887336873076e-18,6.680984149820529e-18,-6.917512351087036e-05,-0.0016109571177811283,3.059695617211437e-07,-1.280664924573206e-10,4.386070554654709e-07,0.37428417589545937,-0.5586487325945211,-2.9348977005216464e-10,4.0712061848526324e-07,4.5475967644401954e-09,-0.2907781841725816,1.4696529796950243e-09,-1.7984268019014916e-14,-5.5492788262643964e-14,0.0009873399026039142,-0.00209959132273986,-0.010841977879169963,-0.00037619288712857114,0.01828224852012457,0.00082271653707377,0.009038240455258138,-5.051022046863553e-09,-5.50045933982081e-13,-5.551012635637314e-12,-0.03115139157671958,-2.6130653687070004e-11,-0.045429108240399925,1.3232226649335124e-07,2.5578876692296406e-08,0.00010088084910373987,0.02328410725766974,0.005923986467728802,3.7784001119042485e-07,0.009944929151598206,0.0019309062222943147,-6.560504041239066e-05,0.02963046850181587,0.00011386703160491039,-7.022366806626891e-05,0.09076118889495914,-0.029427705938588664,0.24526147026013176,0.01972020270064157,0.0004239704007304799,-0.00013967462827439164,-8.866033812490086e-05,-0.0001101314228442241,0.06159264835314954,-0.15993621827179136,0.011775042870107198,-0.016664177424976494,0.0035555711077498997,-0.0018270827218541139,-0.018185383349816883,0.022440376470569214,-0.2888465274209029,-0.369230623894779,-0.00017158021767788378,-0.0012305019128997497,-0.16986271706782588,-0.00703879747053334,-0.023820827603672177,0.06526516397195131,0.09716328912189164,0.07709957386211383,-0.0316575802161354,-1.2596509887996893e-14,-0.0355970959963373,-0.005650650433649689,-0.0830740537692221,0.15330467080564988,0.1531337088337565,0.11031658308420937,-0.005248601196988798,-0.059193487083048876,0.06299672282977185,0.024172396246755604,0.017840591294389585,0.07516783197908677,0.0811136397401809
75,7.007454756099144e-33,1.4410482048483486e-30,5.6914878145525934e-30,-4.354536222861302e-14,8.536767937384368e-15,3.9403922043901304e-14,-0.00013611799336637638,-0.0029870894198132806,-4.915533828744175e-13,-0.0005945010976976369,-3.5257692346331034e-05,-1.871525192017724e-12,7.707228434015681e-18,1.6842966142485029e-18,-1.7266272532942875e-17,-0.00012349767114901896,-0.002730635197968555,-4.4622657594959785e-07,1.547345137049993e-12,7.483601083242496e-08,-0.5366150163706639,-0.10588766496696966,3.2292610607789906e-09,6.669899810429908e-07,8.919836722294532e-10,-0.48764429538969334,6.7777204687830604e-09,3.5880766225714393e-14,-2.0632369687884402e-13,-0.0013868323124980946,0.002508505076518344,0.01633724636878742,-0.002689300470599582,0.0020085732711504906,0.0012044532266209731,0.015227442231175402,-1.520442260791905e-08,3.90737026128843e-12,3.603321418236933e-11,0.04341848325188357,1.381958271387421e-10,-0.008949756283242644,-1.836785042083258e-06,-1.3579854010662843e-07,-0.0005170911940320936,0.03941727452798903,-0.031225786629926824,1.528979571749604e-07,-0.011549555830892913,0.00588439344495464,0.0002627409319840441,-0.09400025365745525,-0.00027151796171633323,-1.0245507912211414e-05,-0.0772110286091302,-0.03360691416905279,-0.03116589706290849,0.18709900540525773,-0.00407713448892892,-4.945942954058721e-05,0.0001578343598523405,0.0003693412543096894,-0.21446610737883562,-0.15171971165374154,-0.028388164672771082,0.010154959019855478,0.01763058377180324,0.021627764564587575,0.013437915632835407,-0.01681784089632739,-0.12540413394542468,0.28310231675852965,-0.01237011089051461,0.0027634307162968997,-0.4034583845836808,-0.01047757254000106,0.004317174154885139,0.0026000559478346168,0.021649162107111996,0.005374892303512531,-0.0019590149878665306,-9.433491202999758e-16,-0.0032235852168404034,-0.041555915363442476,-0.02654135249431777,-0.04322063891003389,-0.1117981889064208,-0.0027970999690989664,0.06102554684631621,0.014926307858127874,0.12321832399620748,0.06169798398747284,0.017913492551611617,-0.024958235225708503,0.1860212393146375
76,4.317769232742926e-33,8.864883260009429e-31,3.482982730624113e-30,-2.678584349748824e-14,3.749625980763106e-14,-3.751161760993053e-14,-8.386888990677693e-05,-0.0018374625019006085,-2.604316255041524e-13,-0.002576414764347019,-0.00014698200115212406,-1.5669300219898486e-12,3.425039410576298e-17,2.9706812733342905e-18,-1.2895489609325572e-18,0.00011078209100841418,0.0025763916826521713,-2.7675707926043546e-07,-8.505530945801943e-11,3.5693907048246767e-07,-0.32984846578365584,-0.4622618134563136,-8.388210711690375e-10,-6.327332339460665e-07,1.0154116411728722e-09,0.4630323414771837,-1.011959835742862e-09,2.7553854927897713e-14,-5.846956172339129e-14,-0.0008486768869632052,0.0006025279221759724,0.010484021849072316,-0.0030487207769508235,0.013591408198390194,-0.0009535267502864004,-0.013721024317912051,-2.3768972569257685e-09,2.6163029969406715e-12,2.600978971954774e-11,0.026890386250925807,1.0008985601448178e-10,-0.03805543745153924,-9.573737179318171e-07,1.1661267641721512e-06,-0.00041873437361831606,-0.03743104620298194,-0.026700633454196068,5.728620423141257e-07,0.014294173244412352,-0.0028965601400173808,0.00023101113744280439,-0.06777952229146207,-0.00013826421388784705,-0.00010367006616974052,0.06135517100804804,-0.06126445938541523,-0.01983086337478095,0.2333293594550498,-0.004224248221422456,-7.357528562634877e-05,-0.00012932935734119065,-0.0002576876728145205,0.15728221247533983,0.08718366988781809,-0.013772683324778217,-0.0016342093779818576,0.010087302450982638,0.007922958444703105,-0.008539940317729196,-0.008411220274409206,-0.39234124054406966,0.18362157496411116,0.004976480064076709,-0.0032230158781541714,0.24958984086745895,0.007709835787940115,-0.01106579028647674,-0.11439203322255641,-0.07672279288277224,0.05553244956731388,-0.08543837302595031,7.42048882279194e-15,0.03757636454306772,0.023741733092946627,-0.13856031421181308,-0.017324948575238384,-0.11465242243703577,0.036527470936499135,-0.01817069396158257,-0.004163285701920102,0.028202369115493904,-0.02105574908280247,0.018350442902171502,0.1875267914795305,-0.07577180530395346
77,4.406934711680596e-35,9.594622036253154e-33,3.8183584111659997e-32,-2.899690457819923e-16,-4.3299430765112053e-16,-2.2886027545431593e-16,-2.8511626071060184e-05,-0.0006549109540337499,-2.827230309717363e-13,0.0009747358736272566,5.292802985855551e-05,-4.835836515553884e-13,-3.767241936792346e-17,-1.2434704867774168e-18,-4.27526573896652e-18,2.0284874839704335e-05,0.0005032348259606979,-2.8827533743091055e-07,1.3024718275656498e-10,-4.154121468711599e-07,-0.34597806778371537,0.5160018014657095,2.298896375332099e-09,-3.90256105956803e-07,-1.5065432521336208e-08,0.2686849544170215,-6.825967124844253e-08,-5.649344519427553e-14,-2.0611673562314342e-13,0.009307524563847515,-0.022655730588154174,-0.04780517210517725,-0.007444410349292988,0.08235224506724362,0.006874149341432065,0.04248857720561531,-1.4565029372229477e-08,-5.604854956741226e-13,-6.2662390400597714e-12,-0.05981237875165629,-3.160917979465461e-11,-0.08679178099732333,-4.7761893735260237e-08,-1.37898332874008e-07,0.00012276792997926688,0.04476809427102819,0.0071937389752192524,4.952175600807509e-07,0.012365164550779472,0.002963395001790102,-7.77346480479822e-05,0.035195563182269615,0.00013585522782201222,-8.532430974177055e-05,0.1078909349808613,-0.035653698489445496,0.28946012423497675,0.024358642702323786,0.00044314528571547503,-0.00014974672549707049,-9.606695029719262e-05,-0.00011535707242670358,0.06428228415875603,-0.17827652966125104,0.01230156840487171,-0.017537565330463436,0.0038331925335913313,-0.001795590298578796,-0.01894529292872524,0.023446762160962063,-0.30120600517319446,-0.3848058848161078,-0.00023933067154763887,-0.0012523880609565375,-0.1772070017848129,-0.007375436880192714,-0.024305875542416693,0.06701530766875999,0.09875559666322795,0.07852108001494229,-0.03206112079595036,-1.273858594778711e-14,-0.03594274275286488,-0.005719404130623256,-0.08316350691911116,0.15333408795083633,0.1533259654273344,0.11297942793627704,-0.005179806111576873,-0.05985301989344642,0.06306596849885139,0.024485139644846002,0.01795517102843986,0.07537607712192299,0.08131060995866904
78,-6.313104462735967e-35,-1.3711341601337095e-32,-5.414599589487613e-32,4.143043599271491e-16,-8.10793581602283e-17,-3.739667126306981e-16,4.087810016209731e-05,0.0009366301508820512,2.9076655738541804e-13,0.00018636236828808555,1.0725082060500501e-05,1.256198431410157e-12,-7.426099524313165e-18,-1.1292635269068251e-18,1.3791128675328046e-17,3.78317873911708e-05,0.0008585135974957038,4.186371888935737e-07,-5.1390382432184e-12,-6.956078370186342e-08,0.4955510260676369,0.09753371526218158,-5.7437426401201e-09,-6.217202772387753e-07,1.2573485987797105e-09,0.4503692364184455,3.443106355303643e-08,1.5477328599683313e-13,-5.421321307403559e-13,-0.01272568379751806,0.012552766788514613,0.0758764071633474,-0.013685987590314808,0.010178417160234477,0.010944777510115765,0.07116111702499273,-3.5163498581462014e-08,6.5156240228478396e-12,5.594319462145267e-11,0.08249248284351315,2.0532284336670864e-10,-0.017129615464299846,-3.509993877671844e-06,-6.415717988874882e-07,-0.0007216093428439197,0.07555214108280192,-0.04297123310157929,1.862795503618515e-07,-0.016657738874428108,0.008319696619449042,0.0003267883207652344,-0.11674260885837623,-0.0003374655710871386,-1.0384645062183054e-05,-0.09607869229750357,-0.039525777348308665,-0.030128219105697948,0.21140712412657064,-0.004589036141006574,-5.361678711442389e-05,0.00018036108301301115,0.0004197857409579547,-0.24383860922006206,-0.1712815078752692,-0.029954831605469273,0.010653834059883228,0.018527772699914992,0.022694998187394316,0.014052724356311552,-0.017465781760882607,-0.13010993316130717,0.29306516046024267,-0.01282364169954976,0.0028572361011466488,-0.4184154804148816,-0.01097681609446036,0.004369442688512333,0.003296572776614551,0.022361443513032462,0.005551104051920748,-0.0019222664427367745,-9.407671718248067e-16,-0.0033453606267771895,-0.04177241491093272,-0.026641705199903276,-0.04312174227267347,-0.1118523070067168,-0.002612648271476962,0.0621592089883972,0.014989929191237995,0.12314335177275698,0.06229396604288602,0.018007951867985192,-0.024856535338816425,0.18616235467424253
79,-3.890376203057241e-35,-8.437510060771511e-33,-3.3141835466605533e-32,2.548442516648356e-16,-3.566805905416199e-16,3.5680824348554123e-16,2.517964685392607e-05,0.0005760502528842405,1.5100292101675327e-13,0.0008077706507339036,4.449480920102362e-05,1.0151088623137628e-12,-3.175553687375921e-17,-1.643065225209135e-18,5.9031380497055715e-18,-3.269157740343425e-05,-0.0008065983988687959,2.594104716852405e-07,8.015662996632786e-11,-3.3572412058851527e-07,0.304590849213814,0.4267561215243929,-5.794926766648046e-10,5.928281589931046e-07,-4.289850264675964e-09,-0.42789306262810034,1.7470810142286554e-08,1.183856926047086e-13,-7.761344241218867e-15,-0.007515276262939624,0.0019252364178591515,0.049070421394033586,-0.01924354975329604,0.06386439095090508,-0.009820429168253314,-0.06585284339877848,1.9876753030820175e-09,4.011212210641521e-12,3.8538027734228087e-11,0.0518450725996555,1.4365824846360205e-10,-0.07268032221185343,-1.419231430964207e-06,2.4426479368610958e-06,-0.00057940519897327,-0.07175961268152822,-0.036736593647020664,7.624849800300267e-07,0.020646750952063884,-0.004446650601735215,0.00028926312232839996,-0.08354502889492856,-0.00016623927310524428,-0.00012894173503318965,0.07890785321415092,-0.07346844099568028,-0.025854003867843398,0.266725116575576,-0.004791052239921177,-7.810629569394234e-05,-0.00014990186599363246,-0.0002980728107117247,0.18164414594806086,0.10010981061727973,-0.014436037971055153,-0.001777036841420015,0.010500192835397878,0.00819075300329431,-0.009033297623865857,-0.008784177467220244,-0.4091769640111753,0.1915674170991101,0.005216504110731175,-0.0033368427550840743,0.26010049338418517,0.008102466711874607,-0.011312087765314062,-0.11756322371882864,-0.07809048366773627,0.05658409598337991,-0.086619947461071,7.513936789433494e-15,0.037966639655256075,0.023888966570406008,-0.13859075847346866,-0.017284345279243676,-0.11487724071625227,0.03739549431935397,-0.018655361311594287,-0.0042219249508170156,0.028316995796740622,-0.021311545779676335,0.018450505377031048,0.18786274588821375,-0.07577176255728268
80,-8.029815090029963e-20,-1.2006439015531442e-17,-4.758627794708316e-17,0.36160204651660977,0.5392455835633051,0.28029562382888723,-6.176739545009956e-06,-0.00012368978098771852,8.188251136351935e-09,0.00018834107065930766,1.1502254660368591e-05,5.884899767623015e-10,-8.855302633709684e-17,6.987801743832998e-16,-9.90045766911089e-16,5.225168546155672e-06,0.00010868584823066784,-8.419571565624335e-05,1.433254747763511e-07,-0.00014327479099513334,1.2966315433138877e-05,-2.0759193291811077e-05,2.9633778807075356e-06,-0.00010180381588756813,-1.1527765876393426e-05,-1.5137495469829404e-05,-8.606612256853025e-06,-2.1032129607733897e-12,-3.59867899969882e-11,0.004307065958629281,-0.050166010909209524,0.013064643869568966,0.002788308324083274,-0.00947377615533384,-0.0005466539846214091,-0.002318237893467948,-5.41996706119286e-06,5.873672569508955e-11,2.9530916951230373e-10,2.4726303079773562e-05,7.373462531174168e-10,-2.473018091387196e-05,-0.0002241281408347001,2.587461714553743e-05,-0.0010046879590518407,5.233602626456523e-05,-0.03601927964535623,-2.2758721409012356e-05,-0.19426737421280105,-0.39498881214896714,-4.605996377566692e-05,0.008963099680508377,-9.650714696372242e-05,0.0003737774980551635,0.009558973872407138,0.001028622425733863,-0.004118884422445015,-0.0069419631437827,0.0020831941496852464,0.00011675732620229869,-0.0002308240099540313,-0.00021283091376995928,0.11534580753614732,-0.18325761771360194,-0.012124898850710223,0.019310642337643312,-0.008919685115334777,-0.005178889171246774,0.0075985391774256,-0.014553417501010312,0.028215228518046656,0.03854294182162588,-0.028705746417733616,0.010217398215765283,0.0009937396578867475,0.004857365212887967,0.04617533028532868,-0.11422242365462505,-0.18395129978047225,-0.16581940586918323,0.03817892903944944,-1.2634672283615844e-14,0.025566720174900463,0.005627190754685892,-0.08581131599623824,0.1798923237257865,0.13775371596099734,-0.3074846617306418,-0.05181976071212009,0.05576043667904029,0.07199233685230973,-0.03195939683813656,-0.0012639945597263458,0.046529974456967896,0.06854696539597788
81,1.1521155975344424e-19,1.711867014717192e-17,6.768012925075783e-17,-0.5174963963066493,0.10230415585680472,0.47104952276279266,8.130203373603364e-06,0.00016159452643012024,-8.343684384625788e-09,2.968319491449802e-05,1.9016328121406974e-06,-1.7865006384241187e-08,-1.94043065780102e-16,6.736681368150356e-16,-2.6507908810821796e-15,7.099314184865965e-06,0.0001448280848817948,0.00012425510697997258,-1.4242148192240401e-08,-2.667721582212193e-05,-1.4850554567110107e-05,-2.2550301521512573e-06,-1.0939652130527769e-05,-0.0001695131906794584,-1.2323591206018772e-06,-1.2565948095468024e-05,-6.875692640099099e-06,-2.5522440591983974e-12,3.11588192279018e-11,-0.0011819389309280053,0.00729578646163795,0.0020297694902980854,-0.0011971929621694896,0.002607831129685335,0.0007475253380467388,0.004935379775019477,2.1337677342193873e-06,-2.7397139090196593e-10,-1.5142779654350722e-09,-0.00017272933168190662,-4.149516017970617e-09,0.0001311848222290567,0.00020714940847691628,9.740557416253718e-05,0.006530650631117232,-0.00027198603875447185,0.29545580652322684,-8.813725385537723e-07,0.24864202020057527,-0.14395387168417595,0.0005471752012309494,-0.1603962264669503,-0.00035934969785130226,-6.0711002065396304e-05,-0.02395215103744964,0.013316633109776304,-0.012973288403085282,0.03606461736259073,0.0005854718789719414,6.252515832883668e-05,5.7212848422987946e-05,8.467908156766654e-05,-0.054469270838902815,-0.05315666696538913,0.054669531900470685,-0.019051382236039353,-0.02657750240068096,-0.030631381601692587,-0.014633705272168214,0.014616176634538507,0.026059441900752402,-0.05389153365447779,0.029716318544744536,0.0013260235895273499,0.11542200537580388,0.014194915022983211,-0.04921284026943326,0.2510763845168159,-0.14993535849123862,-0.03772364966792865,-0.013771960046581376,-1.0234226307799005e-15,0.020089696637676326,0.0071191656786228205,-0.019111729609996388,-0.055565289175168,-0.09569175068830278,0.0580222946280044,-0.322689309743418,-0.010889314579324674,0.15999534268699914,-0.07536030071133495,-0.0008031274320256062,-0.036090619725745454,0.1729157097301893
82,7.093289265123063e-20,1.0512840475581542e-17,4.138357953204211e-17,-0.31856134667793085,0.4459142415394145,-0.4470314785624876,4.956579889835793e-06,9.828405902286374e-05,-3.5807401677810007e-09,0.00013927864903212834,8.615558497268792e-06,-1.7708723849542416e-08,-4.3973466397819527e-16,1.0470632520880895e-15,-3.785385504570344e-15,-6.718951942963758e-06,-0.00013867045562938342,7.509585881671911e-05,3.030693004244952e-08,-0.00011699140851974544,-8.823005729344592e-06,-1.2810330723150844e-05,-2.2785266354937923e-06,0.0001625779696716947,-7.882658551575565e-06,1.2497131282927647e-05,1.3785481100679986e-05,-3.2150027165034082e-12,8.471098499307193e-12,-0.00023439394751815292,-0.002043357267015394,0.0034232716506319718,-0.0009122334054249899,0.002947902918527099,-0.0005880772694702461,-0.004100562473653636,-2.4065009026563947e-07,-1.1814156545072238e-10,-8.218475380207957e-10,-1.7983961522622716e-05,-1.8073607012888476e-09,0.00021092464404423453,7.784794978425462e-05,-0.000203669914463399,0.004384419222062196,0.00021732828934949118,0.25865606004670577,-1.621078313913063e-06,-0.30372856923235636,0.1197518621199295,0.00023949759858303058,-0.13160964263839703,-0.0004353208115502703,-0.0001388966322257293,0.06238900849083355,-0.007062830023483245,0.005026789436362647,0.06018265303486025,0.0004805163311390749,0.00021487078990203016,-5.029819169674563e-05,-9.43713277774288e-05,0.04763753395347165,0.03600809670261706,0.02584626297350832,0.008212241384932487,-0.01084661957855741,-0.0019223966997452032,0.023611612704275364,0.004447508257808515,0.04331613541851657,-0.023347244341671874,0.03827301560454278,0.009563733126195387,0.0023466377556913063,-0.023122376127520113,0.05145962436297293,0.3148969529801624,0.1821340446521354,-0.12911212881777645,0.12608236947114357,8.748979879120349e-15,-0.031468256875809224,-0.004032148855613191,-0.17118599227160838,-0.03481967745714223,-0.1053169180481566,-0.17072825434887362,0.12922196596581584,0.009765878716559748,0.016175150981972437,0.03240087254058383,0.0034963130546079944,0.1640715270441814,-0.08665185576410456
83,-1.2753038291824407e-24,-2.163393630294299e-22,-8.590264847856074e-22,6.522716595191093e-06,1.0704870927190244e-05,7.357713359453241e-06,2.5314928877864702e-09,5.255754757556454e-08,-6.111306683932547e-12,-8.871279336108535e-08,-5.256131002094403e-09,-3.6174465517113983e-13,8.266864901766014e-20,-5.138541758330991e-19,1.2247965914172868e-18,-3.1506991067711045e-09,-6.803830661401354e-08,8.234302122782207e-08,-1.599664444820641e-10,1.5694078897243443e-07,-1.1671518864428061e-08,2.0826162996383636e-08,-4.258839993520482e-09,1.4668766200680487e-07,2.0021849728220304e-08,2.0232261619833805e-08,1.8529466954333284e-08,5.96944458993196e-15,1.5830053902125242e-13,-9.62487231484477e-06,0.0001176803911726696,-3.382708128781687e-05,-7.091688513915864e-06,2.7046546931740367e-05,1.8686337355644345e-06,9.275718763430486e-06,2.8156693070870936e-08,-2.1748160958936687e-13,-1.180232592163573e-12,-1.1670420525003532e-07,-3.1345965014357953e-12,2.317901007482462e-07,0.06621544456276714,-0.008546120548390412,2.912348013342374e-06,-3.504229836185209e-07,3.820017560905799e-06,2.647647532180183e-07,0.002181922732486381,0.004563763173056219,-5.765254812563506e-07,0.00038907040115998017,3.0001064838505797e-06,-5.879228235978649e-06,-0.00033638888522861667,-4.166960419716536e-05,0.00016740898856585105,-0.006018618131110092,-0.3962657074600551,5.677713864522148e-07,8.24840134315574e-07,1.973606873232416e-06,-0.0014473525588163075,0.004742467038127297,0.007343376174934779,-0.0051422426848348945,-0.005980508174959844,-0.014483236867118316,0.017939674762972924,0.7850747265107272,0.0009685173142125759,0.04136223416063443,-0.008482472060093674,7.375681691142006e-05,-0.0023807508656216256,-0.2695398587626733,0.0009573000932920027,-0.03423527753068804,-0.008109434941988384,0.002644686516017442,-0.007090706573461266,-9.647308368663972e-16,0.0006075915124727522,-0.005269838632451966,-0.017563823806841777,0.013497629710169151,0.0008048977929573096,-0.009524667621733571,0.0038375202652497385,-0.00013816890065223273,0.01639598327339097,0.004575570878482176,-0.3798288033055656,0.01622319500402776,0.01594551885110884
84,1.8301380787464258e-24,3.088733419589582e-22,1.2207577440893252e-21,-9.336144166059123e-06,2.0321890386796915e-06,1.2364302599030123e-05,-3.3492897987641505e-09,-6.902777593352117e-08,6.236833422143604e-12,-1.4171402271379796e-08,-8.800881467727348e-10,1.482413982440283e-11,4.603824693929045e-19,-7.331708532216024e-19,3.2570147809561544e-18,-4.255567927700201e-09,-9.009886225773699e-08,-1.2264744335381352e-07,1.480469349365036e-11,3.029191062136132e-08,1.3479818793830603e-08,2.3632080239494032e-09,1.6182718487681383e-08,2.4382899440566264e-07,2.3569169237358852e-09,1.6633006806771806e-08,1.4753736412492862e-08,7.214820171907668e-15,-1.3801052072116535e-13,2.621759504076096e-06,-1.662876911470248e-05,-5.516485358543271e-06,3.0775100445584693e-06,-7.546861925739057e-06,-2.456918920282123e-06,-1.866604457537616e-05,-1.1566845066847334e-08,1.6060571067026046e-12,1.0240252205789536e-11,7.871090615117173e-07,3.0820579871053614e-11,-7.957043647896152e-07,-0.055738362718338895,-0.029203732139355735,-5.792637353974635e-05,1.7174146661781256e-06,-0.002766940616343671,3.301857661707404e-08,-0.002155212980606311,0.0018670459517200252,-7.968157051854513e-06,0.002593216152897814,6.602492968320903e-06,6.032411948503908e-07,0.00016058866470103496,-0.0002661429376117547,0.0003370526509460219,-0.007432410775563512,-0.41658020548134767,6.026098573259723e-06,-8.972611716910734e-06,-8.841807961197145e-06,0.0047375842552725,-0.0021175471409227544,-0.006258584071984367,0.004993083027835417,0.005941982439948298,0.01364935113018148,-0.0085676514735745,-0.5864030303358967,0.0026898468182728146,-0.03002444416140519,-0.0016024541387935885,-0.0012152674290608354,0.01678279670138218,-0.57326688325625,-0.007894521420905451,-0.0018381002994678364,-0.00829806622402133,0.013017706245409594,-0.011250622662470107,-4.894070605155553e-16,0.0005507268803998279,-0.0051738956602846485,-0.014102888363365622,0.0026792879690822643,-0.01024595537459081,0.027415541205361136,-0.019655575943133774,-0.004249077579447477,0.02082669427860186,0.0016588590411198971,-0.38127454883299855,0.011717348317030953,0.021694350225000752
85,1.1277564815823625e-24,1.8988446255310967e-22,7.463323439870414e-22,-5.747538150517939e-06,8.852567812601975e-06,-1.1732786808758638e-05,-2.042292083738289e-09,-4.199277894341393e-08,2.676505853384866e-12,-6.576965056423821e-08,-3.946866616233862e-09,1.471567598404859e-11,5.766878602082508e-19,-1.1173041311738719e-18,4.531341887052554e-18,4.014962589748326e-09,8.601910611159026e-08,-7.43248165809737e-08,-3.438355961994349e-11,1.2855060552139017e-07,8.01652881236886e-09,1.2936020113031685e-08,3.4291000395502965e-09,-2.324045687230358e-07,1.3798774945220857e-08,-1.638240202420602e-08,-2.9697160237629885e-08,9.059628712159745e-15,-3.847845193518548e-14,4.534708196675894e-07,5.9662788229803445e-06,-9.386208766006208e-06,2.2944173579730056e-06,-8.207161390383697e-06,1.9492671110439343e-06,1.5545016954089246e-05,1.0263346801020785e-09,7.57059534078027e-13,5.962191417019067e-12,1.0549349732423263e-07,1.493991139743023e-11,-1.1552627454388004e-06,-0.019751558898764218,0.05669478090072858,-4.14330362458999e-05,-1.3762853956641913e-06,-0.002493507980557644,4.732729437586575e-08,0.0031967889433575625,-0.0007359438580420591,-4.449656912851568e-06,0.0022933160173153723,7.7636239878011e-06,1.5370356960029807e-06,-0.0011416791066965672,7.65708005757339e-05,3.722702735848739e-05,-0.00883028638047609,-0.4729940021094224,-4.385337665507538e-06,-6.408498353246418e-06,-3.619553714977627e-06,0.0016747044367620657,-0.005724020849021213,-0.000869744789886888,-3.0117341685419948e-05,0.00015576161478083104,0.000640203291852296,-0.008257875512781126,-0.16147298463309376,-0.004481524846823589,-0.00896687957641872,0.008252910816307997,0.0004954440066101184,-0.01617601476405215,0.7682763412817788,0.004120051458083359,0.016350628792971143,0.026492896284572454,0.005056541973629063,0.0006024275723901459,-5.4793773414612215e-17,-0.0036600490838996163,-0.006086901146934778,-0.02288244509568656,0.0029976918971164565,-0.011954149067059152,-0.0010778740415979648,0.02966467550375793,-0.003154144696118761,0.012707019574789856,0.010147982282783899,-0.39013765207742085,0.023953090199781746,0.006200716468024118
86,-1.3967653928768893e-17,3.0101301995002962e-18,-1.848307436838848e-17,2.0391075480008005e-11,-4.883912814881434e-12,-3.943981542739133e-11,-7.148858096987061e-12,-1.6044751976109345e-10,6.068758599178189e-07,-3.208984513775608e-11,-1.8901392643605605e-12,1.1852140357799836e-06,1.7197074161601285e-14,-2.688715662728773e-14,1.0776583057628111e-13,-1.2852716059545624e-11,-2.9297957468936584e-10,-0.006607077737983113,1.3949455927378157e-07,0.001404711601852152,5.2751002361454e-09,1.136365089788269e-09,0.00041000763529053485,0.008635665152342514,4.313563656301579e-05,1.1465000468735985e-08,0.0002542045981679165,4.1188774346667154e-11,-2.2523987122404275e-10,3.660312421144785e-08,-4.307587270606712e-07,6.408862862192311e-08,5.187145647709072e-08,-2.3120773448481802e-07,-3.947617730688158e-08,-4.5188179074345975e-07,-1.0542987573526805e-05,1.1179610147161273e-09,4.208568012154802e-09,3.494037095316045e-08,8.38835572353251e-09,-5.501629290167247e-08,-8.715763409458217e-08,-1.6569951430016955e-08,-0.003130567423216096,2.2283865537281718e-07,-0.0007913087321767844,2.200427712765688e-06,-0.0010527348563502438,0.00039524784335908476,-5.341522853743677e-05,0.003094941744212397,4.157457816386788e-05,-7.506349563870775e-05,0.0005438022379427601,-0.003131856739381913,-0.0020256783645415956,0.0035374199890785933,3.4988936691212426e-05,0.0004947154822154324,7.004131483307736e-05,-2.3551210908812332e-05,-0.005375628538245421,-0.0028240909902608213,0.404870539153592,-0.14486416363281918,-0.2553610993803828,-0.31056582549035333,-0.1957991367867872,-0.01611100861793131,-0.016717363257144166,0.051387303614583435,0.14904004170052482,0.2142250978751726,-0.060476203466412824,-0.007632698345757374,0.1711243584166914,-0.20694015616256808,0.2461249307962476,0.0014859155642218903,0.09931590931539577,-5.66973369586922e-16,0.032650263679637026,0.21803236507516444,0.015323193464720147,-0.08693129842928796,0.04100954310814862,-0.023296388199604327,0.03430100899843158,-0.1469853420188702,0.2299120931165576,-0.5095170549299355,-0.002385718980702422,-0.03911738723109882,-0.04398131829439468
87,5.469780405729376e-18,8.180274626922691e-18,-4.240523965979161e-18,-0.0004268230365209253,-0.0007004765044970588,-0.00048187277702509726,1.84712786653643e-07,3.827375352978962e-06,-3.5348282389461696e-07,-6.435962057436917e-06,-3.819773041141369e-07,-2.0668582846670474e-08,1.808868004546493e-15,-1.1356520963910751e-14,2.4486080731252852e-14,-2.3066746037784632e-07,-4.972340208868116e-06,0.002674968160376547,-4.010351872573862e-06,0.004109272767401331,-8.399950975322995e-07,1.4904152917324496e-06,-5.946282141927425e-05,0.002191660527848479,0.00019868612676090814,1.474988587989611e-06,0.00011417611908111546,2.321156574233735e-11,2.2479782603637208e-10,-0.0007231189673564784,0.008871257288154797,-0.0025668664503295077,-0.0005435460116140985,0.002103836107869615,0.00014691783462341255,0.0007397201756734164,2.9736152501182565e-05,-2.2145377454421628e-10,-9.09117971097805e-10,-9.607559146129638e-06,-1.8475698519613457e-09,1.093700703826268e-05,0.00010230401454058976,-1.1839099128001954e-05,0.001594257264634114,-3.762276822850901e-05,0.039939008814744895,3.7842292975513114e-05,0.29504382281524694,0.6887835130392176,9.55609659392636e-05,-0.03823516300052652,-2.940484919387009e-05,-0.00020102741676743572,-0.09166605509652022,0.08028847151132647,-0.07736917518812829,-0.025892717881350124,0.007430522382696121,-0.00016882112442675158,-0.0002844012618895955,-0.00045742403051572694,0.2619679383406777,-0.338648190222364,-0.0010122538082046847,-0.001462243972629932,0.001758600992556578,0.002617482587726166,0.004322182056170725,-0.016620845411034545,0.031746318779641194,0.043220128399860225,-0.018247138716786265,0.0074124111505164715,0.002274349304215861,0.005496722848214519,0.04860633764995086,-0.10653661467915755,-0.19626743603491836,-0.17277449576202947,0.05179125294869924,-1.1353351430366731e-14,0.03734710168178347,0.006334009304898783,-0.07939060062591947,0.17144055104936415,0.11448988920362545,-0.27374096954401944,-0.029837527457401335,0.07789501461965102,0.06687283583468008,-0.03693512586998804,-0.001186094641650037,0.030875723527448936,0.056397217943869024
88,-7.823035244640266e-18,1.509436528615804e-18,-7.194433507901124e-18,0.0006144075492302829,-0.00013366957772838973,-0.00081454511493733,-2.4456172351825183e-07,-5.029738969760637e-06,3.575711067498323e-07,-1.020024991040984e-06,-6.350809976670355e-08,6.867304856761728e-07,1.0457501713227762e-14,-1.601514669100506e-14,6.566625622170136e-14,-3.1515121017416904e-07,-6.662540855462669e-06,-0.003926927684816962,3.8112269414822033e-07,0.0007614507549587137,9.68550354674188e-07,1.6286755148480718e-07,0.0002236101206588356,0.0036330223380677045,2.1558456386983153e-05,1.2317322651693537e-06,9.582017880153156e-05,2.5920930536800374e-11,-1.8271715069666734e-10,0.00020076184771402128,-0.0013123227281746674,-0.0003972760198002285,0.00023602731229632973,-0.00058884602123933,-0.0002006253045625593,-0.0015633970079492637,-1.0638177811428054e-05,1.0251165245808397e-09,4.566073737776113e-09,6.564492656996226e-05,1.044455306143252e-08,-5.8267320081967356e-05,-9.527862809582561e-05,-4.560410119769461e-05,-0.009468100003095559,0.00018541837877043227,-0.31235239946120485,2.6678360006146184e-06,-0.36147954789948955,0.2339085490669832,-0.0016574204871052905,0.49083319137061304,0.0012082478962819807,-7.014011485284513e-05,0.1301854257945429,-0.32397989809639277,-0.18679038780369975,0.13195301080307706,0.0023481415377494025,-7.8051909275703e-06,6.967384162234316e-05,0.00021696728619978572,-0.12431045234549508,-0.10918886897098568,0.017004401165918604,-0.007277840534437798,-0.011509260200533675,-0.013956427068075844,-0.006710724090785209,0.018408123694325897,0.03033912303820651,-0.06510356007968524,0.025862937123908022,0.0008189592959300382,0.1225447386680089,0.016588057232751814,-0.04565354086179041,0.2425876434359379,-0.13323335611106787,-0.03733181054022484,-0.006242599288974602,-1.128315936956636e-15,0.01751458366027191,0.01994984272394612,-0.01616173030146759,-0.05592945469677128,-0.07763363057869227,0.0564914735705403,-0.3180567719038492,-0.019461830277766917,0.1563646477742076,-0.09729591976195616,-0.0008994190952000723,-0.035750676578385494,0.1485843104577997
89,-4.810715265733838e-18,6.7140043906553536e-18,6.65312041448655e-18,0.0003760192453615435,-0.0005792397217482519,0.0007685182646385907,-1.48227796623247e-07,-3.0413166346891803e-06,1.54018769806657e-07,-4.759468544711859e-06,-2.8611760955667676e-07,6.856465982453923e-07,1.3391714280995865e-14,-2.4721336329506285e-14,9.240216337259333e-14,2.965403993310389e-07,6.34250258101831e-06,-0.002386973265297903,-8.459001594522035e-07,0.0033573807606230707,5.720617951917207e-07,9.20429346726408e-07,4.5303839559173725e-05,-0.003505479458802033,0.0001365831392690373,-1.2183877917795415e-06,-0.00018806494590512413,3.303856006569932e-11,-4.681534981590751e-11,3.928482730897135e-05,0.0003637657241897795,-0.0006749092906974026,0.00017770865190896247,-0.0006533825308175653,0.00015633485429224938,0.0012869586640058444,1.5360995317340886e-06,3.9862595603667736e-10,2.2488382156174373e-09,7.126018152352755e-06,3.558071485046609e-09,-9.236762723672105e-05,-3.572198517696958e-05,9.5856072951038e-05,-0.0050740688376389575,-0.00014622479087645894,-0.2717629938519742,-3.1410231615158847e-06,0.4368923113321751,-0.19693783935064116,-0.0013606624739317989,0.4028135092604626,0.0007968238215768721,0.0005205661064753132,-0.4127820938925793,0.05239251252766599,0.10357955955345803,0.24356091351374556,0.001486019281148395,2.2938929560518948e-05,-7.96268355653001e-05,-0.00017792246797214035,0.11458255850848043,0.07344427053638597,0.010024511735357136,0.0015560144932148968,-0.006858666949050987,-0.0036668198819639303,0.01026758614848883,0.0054777782738098316,0.048318161542969314,-0.02563272627240589,0.028157374294874454,0.007847756631914737,0.00046956359425837053,-0.025313654551277372,0.0470309691703593,0.29405158421763666,0.1869649470859516,-0.13969819870697356,0.15283003723095884,7.965595267064454e-15,-0.042872662174786566,-0.009372807252186638,-0.16579019407175896,-0.03750625474222556,-0.08938046301172135,-0.15457861882907148,0.107849193534483,0.011730397349033781,0.012446823508431829,0.03407342101797797,0.0032584415599103077,0.1369132025844727,-0.08135731337495791
90,2.423883787537436e-25,4.303353593929114e-23,1.7097603409051482e-22,-1.2980988473981517e-06,-2.1312409817941467e-06,-1.4682944991268822e-06,-4.366336126666039e-05,-0.0008781766173789996,6.703528760805694e-11,0.001470544646193686,8.954764854599539e-05,1.7315117220443465e-11,-5.050256077787356e-19,9.924142924256443e-18,-2.1460840939615236e-17,5.293270078105546e-05,0.0011033955816281708,-1.459885314677558e-06,3.1561168726617282e-09,-2.9366958905426897e-06,0.00010252750006273763,-0.00018015036529757205,2.1841743931176881e-07,-3.6338032323118213e-06,-1.1492044628149273e-06,-0.00016471674958316382,-3.0477191527070845e-06,1.329291851368893e-12,1.0333394701630313e-11,0.04763375388807002,-0.5745642199648283,0.16204860734817556,0.03318932873735649,-0.12456467676162196,-0.006418650049096532,-0.026364483805750717,1.4567887991817573e-06,-2.8197109441188213e-11,-1.653524976401698e-10,7.877942980269998e-05,-4.977222502537543e-10,-0.0007851602194282017,6.438121414746439e-05,2.501353102865394e-07,0.000982870541570905,0.0001432700848603405,0.04552409434063234,9.84712041858495e-06,0.12521871752947464,0.14490384523803784,-6.594990511800235e-05,0.041060351997924766,0.00023817155609812948,-0.00033300736814185225,0.12832179384363046,-0.09583967171369055,0.22674853752792976,0.04853929835199724,-0.0027921831459073476,0.00040271762825012524,0.00042929391775636296,0.000656325888728113,-0.3749361998458533,0.472199861915344,-0.016007397351530908,0.029762351549490803,-0.0150556224518968,-0.010471950013364519,0.0056536812356016795,-0.0160069345163368,-0.0018453029143719207,0.002678885703404937,-0.02498264703444301,0.008115502268849627,-0.01232849946199612,0.005396203567159601,0.02501354378112416,-0.07004981849270522,-0.09045842465719331,-0.0895111254269342,0.01172414787741218,-1.2940633362724887e-14,0.001285426707208313,0.001058922125634809,-0.08587587386065501,0.17111846436333136,0.14841381105923798,-0.20245283900593258,-0.04306629237320014,0.011410436903965121,0.06925944077331017,-0.010614038387316716,0.007070004311535469,0.060416346336795636,0.07609214484148959
91,-6.639014106354697e-36,-1.4421314449628364e-33,-5.6943120831192244e-33,4.3576933730476366e-17,-9.401111001322361e-18,-5.745139212264306e-17,0.012689545162776093,-0.0007346198113347855,1.8585633339794185e-15,-0.00018558639213476713,0.0026457432026667786,-2.035674255687212e-15,-3.406399476849543e-18,2.7844887213248285e-18,-6.505970195394613e-18,0.01657945078466236,-0.0009326661875880224,-6.060545639490472e-11,1.0266352065356905e-13,-1.3862048959350768e-11,1.0298230882460654e-05,2.2776889383712686e-06,1.282135794051657e-10,-5.515256266748219e-11,-2.0779769915649633e-10,1.47546911928559e-05,-1.6520563963565364e-08,2.0164535303476952e-14,-2.047200532270641e-14,0.065613017838749,0.009489666487838739,0.013956462571595475,0.009627440599084868,0.003011234134148178,-0.08081405243906908,0.016324705911503198,8.927082926798222e-10,-9.953429191426977e-13,-1.1352597740981752e-11,0.014164641387713672,-5.4426036286275e-11,-0.0035349821088599786,3.150344535756768e-07,-6.669630229054052e-08,0.00026696610962975026,0.0257419418167007,0.017200467644437018,-1.4531152860594025e-07,0.008954736663288356,-0.005522732675199486,-0.000373939985554592,0.15067760451921083,0.00048332348311629135,3.3167396654419396e-05,0.3079832495278338,0.6124078051758319,-0.14241205442697452,0.3505382787802117,-0.006581619323339356,-2.2196920563582505e-05,0.00018553441861526634,0.00039024451411068283,-0.2253082616045051,-0.12307126949940725,-0.003471987994940384,8.811606577016516e-06,-0.001301682531590536,-0.0029187262863033573,-0.0045765117057648495,0.007846807519385405,0.0939423935583366,-0.2260739967082407,-0.009120647606375348,-0.0028089675981712264,0.23903115934944832,0.0018203705154154835,0.03026807157095082,-0.1825712748654084,0.06971325237613837,0.021111590365411288,0.00020242639772093303,-1.2435228383201081e-15,-0.007062233928083355,-0.05189464847405903,-0.028056496697790187,-0.04453741979710313,-0.1217983858505394,-0.04218071357721907,0.19532351415108073,0.021966208705989105,0.12911169932074454,0.0903438896984922,0.02188972109429879,-0.027255805536448675,0.20354784330132422
92,2.8000979482846286e-28,4.990641814842074e-26,1.9936485573678294e-25,-1.5028251505800267e-09,-5.053716520836305e-09,-2.9902266753699087e-09,-1.76000770441155e-11,-3.8096071892942656e-10,8.156660992594774e-14,1.0807625704133523e-09,6.235121693157488e-11,-4.430383294870499e-14,-4.0849170744007876e-21,1.725447960290578e-20,-4.8778458795507717e-20,3.586993126819198e-11,8.046163218708819e-10,-1.434480283313082e-09,3.967461607561528e-12,-4.122912198586357e-09,2.1037113556239644e-10,-5.259027881360236e-10,1.5125600602086546e-10,-3.715742130932335e-09,-8.783107310845391e-10,-5.815299602414228e-10,-9.168937088943058e-10,-3.609110895966494e-16,-7.123447089668145e-14,6.322770114357712e-07,-8.189962261798111e-06,2.5900138938692134e-06,6.017483391794195e-07,-2.8056276950008793e-06,-3.1442104527119815e-07,-2.631832930968115e-06,-2.567683980928906e-08,-8.453823935120752e-13,-3.699256101134592e-12,2.1479572748381236e-07,-8.937621554162528e-12,-1.8323694349152006e-06,-0.7760022513715988,0.22773505312535225,1.6919021806511778e-05,-1.586425261984495e-07,0.0008757864555811229,-1.339734760793521e-08,-0.00012887739853178757,-0.00019652216955417186,2.2989924318126677e-06,-0.0009301874478295962,-2.862787831406816e-06,-7.114386563228306e-08,0.0002352386133215291,4.625202416138517e-05,-0.00011812311509697859,0.006518136031833763,0.3970831004603323,-4.945826363095986e-06,6.427865318328552e-06,5.222472471272836e-06,-0.002548893341311641,0.0030454287649482577,-0.00025065429945809493,-0.0005348945739873959,9.394533153170916e-05,-0.0006993218924560195,0.0009901939557935616,0.05950747790608412,-0.00140205496933103,0.003638371011359675,-0.0010974131213775905,-0.00035559712839607126,-0.002656382617187609,0.001096340853842295,-0.0010222353770799907,-0.01173365500989582,0.005150739938444343,0.009785829471247568,-0.0074349774283224805,-4.532210607922369e-16,-0.0010555052593873295,-0.0062064611550460905,-0.01865023086764644,0.00690279128626591,-0.007180957942076698,0.008114756852945684,0.008157557736422672,-0.0030447619697293793,0.0167630607483426,0.006755489809530847,-0.4275760440790381,0.018354703868135275,0.015001324701883052
93,-6.769529849589194e-28,-1.1950183813784058e-25,-4.715524695901577e-25,3.6133087595600405e-09,-2.272049303213651e-09,-4.602342749068253e-09,3.36342276616499e-11,7.176335450193771e-10,-9.780596004497233e-14,3.9559083721493886e-10,2.340822195496283e-11,-3.0679267149513944e-13,-1.4438517629984805e-20,2.4853465530325988e-20,-1.1244138917740332e-19,4.341964523403129e-11,9.513182294607535e-10,2.8098031820351605e-09,-1.165926471365424e-13,-1.4409369439291865e-09,-3.0390546207430694e-10,-1.2983180410935836e-10,-5.56020361170413e-10,-5.939118383220419e-09,-1.5456592569755498e-10,-3.8960318083831025e-10,-4.5570382244157593e-10,-5.487152730234072e-16,5.807445241365308e-14,-2.3579139800432205e-07,2.108949731637961e-06,3.9458098707310846e-08,-3.345629468030736e-07,1.2574096755439843e-06,3.788762397836997e-07,4.308225656238778e-06,1.9332145992470937e-08,4.615419012816594e-13,9.935752002328097e-13,-2.8899268074695476e-07,1.736094411806746e-12,1.0531939826977679e-06,0.5947583043652046,0.5528310255269598,2.2542142831287983e-06,5.708413181042636e-07,0.0002295801960794296,-5.157856490213698e-08,-0.0008471027269923438,-0.000662292750260145,1.1573650735738559e-06,-0.0005849892133828529,-2.260744437200012e-06,8.107430871516991e-07,0.00028595588956429447,1.9564778814520607e-05,-9.807937912147512e-05,0.00626465521456476,0.3895375316556067,-4.465184724820699e-06,5.337235026410191e-06,4.073243806143692e-06,-0.001897245714892118,0.002308901949694598,-0.0014764551022317847,0.0003703568383527709,0.0011439865048263728,0.0017794106699535648,-0.001402833029680331,-0.0622461031381595,-0.0012856615450627165,-0.0026664586944651052,-0.00043461259707356606,-0.0004570332038392214,-0.0011679163010467136,-0.017963891143827123,-0.0017086064247610051,-0.008816258647909183,0.005324002110896308,0.010607985429022299,-0.007710319406659993,-5.092484122544738e-16,-0.0010828511587896337,-0.006200531515425534,-0.01841397852720444,0.006018445664638462,-0.008096276382492927,0.011114240384243232,0.006430433203266969,-0.0033801088945571408,0.017079603078271586,0.006554484848529163,-0.4275508044532598,0.0180484362192145,0.015385001844170574
94,-4.735462984237141e-28,-8.341143552531351e-26,-3.2751734208618264e-25,2.5245198909026575e-09,-4.649707019944868e-09,3.0680915930558527e-09,2.2710519309737377e-11,4.829414004499078e-10,-4.829615590904895e-14,9.171677012227674e-10,5.3452105495191177e-11,-3.1144988508014647e-13,-1.73571720612662e-20,3.48191835859762e-20,-1.4578814769924047e-19,-2.957632760135037e-11,-6.637842419707897e-10,1.8861447226226694e-09,1.3393026605328998e-12,-3.7186650963401076e-09,-1.9294792140023692e-10,-3.8472703012570853e-10,-2.180320859394696e-10,4.917767308434101e-09,-6.686074356144922e-10,3.025351267868216e-10,1.4166091805704415e-09,-7.984012003610655e-16,1.701586585289907e-14,-1.856050630488889e-08,-5.907534513538472e-07,8.166991120991828e-07,-1.8624297017083247e-07,8.273672277546441e-07,-2.0577105523717067e-07,-2.5038821656432083e-06,4.347820844607602e-09,2.5816330355617065e-14,-1.5171301303557957e-13,-2.3547698156614675e-08,-1.682192624806819e-12,1.058557687033586e-06,0.19026680553899908,-0.798983285993402,4.363686456212777e-06,-3.902784703574469e-07,0.000226887046586114,-4.1813246165093634e-08,-3.4582717319082295e-05,-0.0008627555403659904,1.4592138180870088e-06,-0.0005750836644173185,-1.961004910078683e-06,7.833928733724964e-07,0.00014042162354376624,5.009260315363956e-05,-0.00011872970599321603,0.0058825109353327215,0.3686115301329803,-5.100416650081432e-06,5.408972313759119e-06,4.3972971441645514e-06,-0.002102909084017762,0.002049032203274842,-0.0010043495708160336,-3.150153217337883e-05,0.00067460585686191,0.0007279219785310789,-0.0011641017264863076,-0.02452899980244432,-0.0017251703388821375,-0.00078867913448467,0.00011168603048077197,-0.0003413888401238853,-0.0032807797117990678,0.06624521804971123,-0.0009271004122186825,-0.007921796402930734,0.0073236476801036175,0.010012961007694268,-0.00696760621501769,-3.692595675241681e-16,-0.0013210311993757527,-0.006242884063507494,-0.018928140569317364,0.00611321216906753,-0.008105591991891752,0.009080210474137498,0.009452567339389813,-0.003275997033193096,0.016586229592721755,0.007045570573144212,-0.42738867966464905,0.018759235782291245,0.014459247373960323
