,0,1,2,3,4,5,6,7,8,9,10,11,12,13,14,15,16,17,18,19,20,21,22,23,24,25,26,27,28,29,30,31,32,33,34,35,36,37,38,39,40,41,42,43,44,45,46,47,48,49,50,51,52,53,54,55,56,57,58,59,60,61,62,63,64,65,66,67,68,69,70,71,72,73,74,75,76,77,78,79,80,81,82,83,84,85,86,87,88,89,90,91,92,93,94
0,-1.1527929706039318e-16,-2.1164264767635613e-16,-2.007836329577347e-16,-2.851832118389329e-16,3.8884812511985784e-16,9.284088594853425e-17,1.276468897832748e-16,2.0170607257583524e-16,1.2999092384386997e-17,2.93723473804724e-16,1.0827097355195955e-12,4.260382153171259e-12,0.2928835045458261,-0.11557264985012237,-0.007932117517437944,1.569083931156951e-16,3.3687663212994753e-17,4.189468700539427e-14,-1.1028233584808462e-10,-1.654751893371835e-14,1.308207548295922e-16,-3.762533445631582e-11,-5.441623028048061e-16,-6.192431452344783e-13,-6.831286991957806e-12,0.006051587549974057,1.7167419076905894e-17,-1.1378382852507017e-11,-5.6853407514742375e-15,1.4714808834548656e-16,-6.806642064772991e-15,7.528658778144833e-15,6.741099372710292e-15,0.2238111373058717,4.81062380846409e-06,2.6461017258234483e-15,-0.10762269047797951,-1.601810077434561e-13,-0.6983373965364728,-0.11425452066501383,1.653596276250442e-14,6.24882156805747e-16,1.5746036199404418e-13,-3.413703762209301e-14,7.315416581090596e-06,0.00970218685965262,7.36002113422557e-08,-1.643747056276781e-11,-5.089977132002844e-07,-2.199790007354222e-08,0.0001803965081581068,-7.217543661984504e-06,2.938028779819564e-06,-7.040430361188558e-05,-6.565296338166987e-08,2.5818807307076333e-08,-0.004809895204018629,1.2417022571365046e-08,4.339414488006892e-05,-9.388374190634848e-08,-1.434252357186398e-08,1.6256249758296163e-06,-3.881683955739421e-06,0.06722484235777286,-0.010495661591791964,-0.0049529397647310154,0.0027350961780541103,-0.007438685009081258,0.00970985022330966,-9.599137679115089e-05,0.0001373743941791266,6.22681118042181e-05,0.004077046620722011,5.094279528884235e-06,-0.006016624621177687,-0.0005346648455287402,-0.0017891983017945595,-0.0009278404113981717,-0.0014626466337889048,0.0011657592715933588,-0.0007393994173024226,-0.5773502691896297,-0.00018701290535003788,0.00035940771792997817,0.002325416430682642,0.004633690411443812,0.0022676876201280895,-0.0002191416208411272,0.0007076624321149439,0.0015664628702350837,-0.0007033800768587189,0.0007785971994663398,-8.548441129012052e-06,-0.00042495757872162174,-0.0002621656794372194
1,1.8216154063614594e-16,7.527842861349667e-17,-2.5229088144080014e-18,2.149283462248906e-16,4.2248479945533295e-17,-2.863357169699677e-16,1.2820518107924876e-16,-9.855425984303848e-17,-1.4737621773617966e-16,-2.851658726237411e-16,3.734000706356064e-12,2.7426604286197732e-12,-0.06415810048873095,0.26499815220427697,0.17399890160104306,-3.195284405443555e-17,-1.0201032049402426e-15,4.766911198474692e-14,5.3919736037833466e-11,5.2607194754520796e-14,-4.3829455118531354e-16,-7.544801200005948e-13,7.483641123473364e-17,-2.66367977660987e-13,4.912352295858424e-11,0.009684455264612469,1.7317369338532068e-16,2.1885092073820818e-11,-1.3038649399294016e-14,6.880115395028256e-16,-1.0425537733690198e-14,1.3191105798663709e-14,6.6491596565776565e-15,-0.07102636720966718,-1.9754350732004684e-06,1.546580340399482e-15,0.4981259197408285,2.8114146669770466e-14,0.21916718277274985,0.5079079858302757,-4.07422141920862e-15,-2.401063518809263e-15,-5.594146129584944e-14,9.071154304402757e-15,-8.198127325897786e-06,-0.006784881035273535,-6.625342945294025e-08,3.198126430923859e-12,3.612528945377936e-07,1.4589730262422436e-08,-0.00015592658057381425,6.256953226277303e-06,1.1721295264253424e-05,5.373437135237172e-05,5.091384583208968e-08,-8.330892250060087e-08,-0.011021329454053328,-4.008125425220819e-08,0.00016318782927966403,4.0575598122471735e-07,5.475887602583724e-08,8.263224335378354e-07,1.6504765377738105e-07,-0.021292788417940633,0.0024836846716618367,0.0002413204838532291,0.006594215966654012,0.03524922364668979,-0.02853592177968799,0.00022526873261451586,-0.00045192204730159754,-4.027201854019985e-05,-0.0015448114064172311,-7.311392068194698e-05,-0.0015677003700032702,0.0007252144552882295,0.0010725361702831036,0.004725577263750396,-0.0009742857885558818,0.00022340542170401031,0.00013498572602913846,-0.5773502691896226,0.0006486361918846807,-0.00031261313551121536,-0.003721786745582321,-0.0009522381187503881,0.001618995492989489,1.5951214842597045e-05,0.0013315206122300105,-0.0005924551350260409,1.842254179209638e-05,-6.579500240592036e-05,-3.1197636518737794e-06,0.0004117105557817135,0.0004890807668846988
2,4.1184719907181417e-17,-1.994745920441602e-16,1.5587290481774394e-16,-5.204203255595533e-17,-3.077833038697793e-16,-6.163296501774451e-17,-1.0969792471890104e-16,1.6957432957931098e-16,-1.9224570134843757e-16,-1.0129235576866635e-16,-4.8167352825401415e-12,-7.003088145785317e-12,-0.22872540405709438,-0.14942550235415628,-0.16606678408360384,-4.286568059958321e-16,8.246886367797749e-16,-9.17909424688641e-14,5.636493747854443e-11,-3.646282197105573e-14,-6.664503923822354e-17,3.838520597048473e-11,2.1505762939125235e-16,8.8568459094036e-13,-4.2290168478601226e-11,-0.015736042814584614,8.033352003889349e-18,-1.0506665412716222e-11,1.8949346213659213e-14,-8.216687106866754e-16,1.7506885618223294e-14,-2.0757091681663636e-14,-1.3488016423894616e-14,-0.15278477009620725,-2.8351887435015027e-06,-3.938962249483913e-15,-0.39050322926287423,1.3228275206118092e-13,0.47917021376372304,-0.39365346516524086,-1.1727804094688078e-14,2.152297503018708e-15,-1.018776632715604e-13,2.5135728032065236e-14,8.827107441192932e-07,-0.0029173058243836853,-7.346781269713294e-09,1.3239612531152945e-11,1.477448182440847e-07,7.40816976573746e-09,-2.4469927602625783e-05,9.605904375800688e-07,-1.4659324045317463e-05,1.6669932266488646e-05,1.4739117158340196e-08,5.749011535165979e-08,0.01583122465805689,2.7664231661771952e-08,-0.0002065819741610892,-3.118722386978076e-07,-4.0416352678591534e-08,-2.4519474091881668e-06,3.7166363029972833e-06,-0.0459320539396182,0.008011976920086756,0.004711619280862492,-0.009329312144698738,-0.027810538637642886,0.01882607155642722,-0.00012927735582417643,0.0003145476531234659,-2.1996093263961493e-05,-0.002532235214323591,6.801964115280727e-05,0.007584324991259894,-0.000190549609749531,0.0007166621315616425,-0.003797736852317564,0.002436932422413253,-0.0013891646933571747,0.0006044136913126248,-0.5773502691896251,-0.00046162328652602587,-4.6794582451120225e-05,0.001396370314796986,-0.0036814522929373085,-0.003886683113237303,0.0002031904060001995,-0.002039183044375558,-0.0009740077352947827,0.000684957535153078,-0.000712802197082482,1.1668204781205086e-05,1.3247022957121571e-05,-0.00022691508744100136
3,-1.8896502341839406e-16,2.9646226214486116e-16,4.592032439760126e-17,4.1262830432135965e-16,-3.5858404503805535e-16,-2.7325970826500706e-16,-6.035416674970096e-16,-9.206139815789628e-17,-3.328593345477647e-16,-7.158033151947676e-17,1.301056310267356e-10,1.1060388057314058e-10,-0.6109608928649752,0.2669153744387523,-0.6559162966215656,-4.502272640442368e-16,5.325893860067162e-16,1.097538622927753e-12,-5.33269378273405e-12,7.581459237902865e-13,-3.0137408317013133e-16,-1.660453010266022e-09,-1.7925955770098772e-16,-2.8520914930049918e-11,1.394363439014462e-09,0.1289581060699516,-2.6079314818394824e-16,-2.018644327957606e-10,-1.9979589490920855e-13,5.261347748946603e-15,-1.2990988175180846e-13,1.6650208157370508e-13,7.559436634943624e-14,0.02314074139319905,-3.5985784638680343e-07,7.55376540418228e-15,0.05928523013474209,-1.066852433499339e-13,-0.30097222162656234,0.08313790318271845,9.190645426126572e-16,-2.74404338145624e-15,-2.567782276850844e-15,-1.1085740459007066e-14,4.6752261597269966e-07,0.0005952760565095989,6.469808951391201e-09,-7.623712582879697e-12,-4.266636894171308e-08,-1.271684923454314e-08,6.924789915154034e-05,-2.8271749562709358e-06,-2.8164707429052763e-05,-0.00010902010181015155,-1.4559455157525887e-07,1.9332336916017728e-08,0.04532026186537324,7.126337044490938e-08,-0.0006424723059351967,-9.954145233397982e-07,-1.3423723239998826e-07,-4.827418668952093e-06,3.303172950724198e-06,0.06434744059035209,-0.014108831384240692,-0.008790848616552728,0.012858678599255373,0.014732260049778801,-0.0038264441848824804,-2.1749796485579186e-05,-3.4564299576021694e-05,9.906145216817296e-05,0.006081067010419888,-1.3084752860198473e-05,-0.008661860711599642,-0.0015088033819243545,-0.0030976129076434366,-0.0020421786870163353,-0.00224298711512668,-4.637949139042871e-05,-0.0006493141499361589,-3.1554322469830366e-15,-0.00014155010550539123,-0.00020952679508549123,-0.00010093936301523987,0.0050348703212362966,0.0036841677287940337,-0.00029838296370836704,0.004080795940830649,0.004449362574226521,-0.0008532027715077068,0.0007713944971867308,2.383416176759789e-06,-0.0009870088414696717,0.0003869476068002528
4,4.074616739088824e-16,1.5680644525062767e-16,1.0339531808979688e-17,-9.248223619100529e-17,2.900921309325778e-16,-1.3449068051432697e-16,-7.386666671986796e-16,5.451490583765667e-16,3.680081635489298e-16,3.2479804281866483e-16,1.3850168549536683e-10,1.424744858376344e-10,0.6005256022741952,-0.19942504270829833,-0.6869676508947073,-4.507345510399974e-16,1.4753330132965567e-15,1.339159411795139e-12,-4.882640201488249e-10,6.785189804619732e-13,-3.8373185249495907e-16,-1.7770694071199728e-09,1.5044478248525825e-16,-3.036635249015814e-11,1.3776765382158548e-09,0.13511602805518724,-1.4942169995060588e-16,-2.1724911513622965e-10,-2.0768414044700698e-13,5.808432015741409e-15,-1.3646467098113863e-13,1.7367615348451034e-13,7.98754785290361e-14,-0.024001236822593724,-1.627289098343525e-06,8.801648691313965e-15,0.12785984957370355,-1.005054602865709e-13,0.23095990073125222,0.17987681087729981,-6.041439007808676e-16,-3.997357308166473e-15,-3.0270292920692296e-14,-5.47662786690243e-16,-6.109259705846941e-06,-0.010049346493346862,-6.25297963234173e-08,5.0263378066874646e-12,5.237001851063049e-07,1.278745720167387e-08,-0.00015342430334377936,6.097952853505821e-06,-3.191450573674547e-05,-1.5477000719852788e-05,-5.6251456134135666e-08,-1.486054165851506e-08,0.05276505596563887,5.352516724801001e-08,-0.0007093174500673417,-8.568139297497039e-07,-1.1309694745778739e-07,-7.400321202521133e-06,9.624341597869167e-06,-0.050543467064154496,0.003954319106933125,-0.00019774073339665904,0.008071047380510607,0.027842998294234433,-0.020959842198726576,0.000147881110409024,-0.00027755676161411984,-1.284188885344019e-05,-0.0012968469712543531,-2.213402738048492e-05,0.002295633119152081,-0.000531218476020653,0.00018658853278268858,-0.00033084980607751005,0.0004707861308195732,-0.0022163577827303102,0.0007337848553981664,4.661597361705647e-15,0.00021566122973958933,-0.0008958371221078347,-0.004502624317429409,-0.003681387902057561,-0.0005824036222385995,9.938171635285075e-05,0.0027713787806101908,0.0015245243784522944,0.0004891122614132859,-0.0007100277545283293,1.8581134643209417e-05,-0.00017794569358319524,0.0008861513684488497
5,1.9102158913184495e-16,-2.6367807917106065e-16,-1.3169180791611914e-16,-1.292865907300856e-16,1.8775041903444677e-16,-3.216152632301091e-16,2.0842086300076573e-16,-4.3919170312277017e-16,4.97485836235185e-16,3.067606235488178e-16,1.674582217081461e-10,1.6298372797692235e-10,0.33514134167402987,0.8698534501046762,-0.005825254192823681,-2.1889535756661422e-16,-2.2899019761525838e-15,1.6096699676958346e-12,-2.5215869933314383e-10,9.36976795412205e-13,1.7899069483167158e-16,-1.7794130305118937e-09,5.488670977433129e-18,-3.116289437030053e-11,1.497663446218988e-09,0.14497065206857632,-2.0964523936364219e-16,-1.8765809375018075e-10,-2.2345695064623619e-13,5.9767800423333055e-15,-1.4556625559910195e-13,1.8610473498586333e-13,8.462321349233708e-14,-0.009040750512349921,-1.1068309907675259e-06,7.878660317795353e-15,-0.18953414259657203,-1.0192557861078974e-13,0.06401758135711538,-0.25016712500015176,-6.214436826464848e-16,-2.016566879913512e-15,-2.0402808178162493e-14,-3.316504122790278e-15,1.2611064609372032e-06,-0.002605406409426655,-4.1773952387101944e-10,2.5651740381815334e-12,1.2173068341825564e-07,-4.127837076971065e-09,3.9043474863150983e-05,-1.6393203586673477e-06,-4.687436366515038e-05,-8.687149612884375e-05,-1.2553698995755633e-07,9.546879470237986e-08,0.06982395746271355,1.1078280937550825e-07,-0.0009606950033956206,-1.4558315927135494e-06,-1.9380926024064206e-07,-8.708154875314229e-06,9.355568028435023e-06,-0.014152934903081506,-0.00032012987418109356,-0.0006164199523462901,-0.003471754835526823,-0.03428402334852515,0.029392871210863977,-0.0002502019329428574,0.0005218181989063427,5.953180763012816e-05,0.001498678009119559,0.00010774261871723235,0.005150733480997126,-0.0018572056078742464,-0.0017821283119248432,-0.009046806506278536,0.002278461782497975,-0.002632211147239156,0.000481284489540124,1.7082981661296217e-18,-0.0010232917706034885,-0.00029888382214565234,0.00254219247539268,-0.00189016911201087,-0.003628484452146654,7.042861358844696e-05,0.0003076109448379121,0.0026307334313545143,0.00045395508883383246,-0.0005848408405890101,2.4492511062981162e-05,-0.0009617882579887236,-4.5133607906006e-05
6,-1.646978253245443e-16,-1.2570244255125195e-16,-4.167040039761629e-16,1.4605424233887464e-16,-5.472794092588176e-17,-1.5807023805092005e-16,-1.1307970222991248e-16,-2.9795776774800216e-16,2.0549006265869673e-16,1.180968022376452e-16,-6.269612575043253e-10,-4.499939369789161e-10,0.041138311764799124,-0.07917315107102049,0.11819554867227951,-2.1063626485323197e-16,5.075993319634954e-16,-2.4020170802090986e-12,7.897775030229343e-11,-1.1992615208700946e-12,3.484538121511237e-16,-1.032428105010839e-09,-5.167690966244661e-16,-2.145724799860202e-11,2.081896250058299e-09,0.37659521280470176,-7.701800506393944e-16,-6.334200342826374e-10,-5.515670836137014e-13,1.3725617295571242e-14,-3.807172195121024e-13,4.999652601882866e-13,2.3424336883422096e-13,-0.6278408983168761,-1.6400453446752805e-05,1.7987752964502914e-14,-0.18366543025853743,1.1924804008440705e-13,-0.12257267716862341,0.1551422281279849,-5.4456799577102704e-14,-9.563729321480808e-15,-5.314369306068274e-13,5.469245953982532e-14,-5.582703799198592e-06,-0.009446703029926786,-6.114585108854368e-08,-3.5912165242871595e-12,4.088598863772915e-07,-5.269074323882446e-08,0.0002449084239531279,-1.019368852069142e-05,-0.00018885008044924485,-0.0006468787706107972,-9.020445828864321e-07,9.97710251968126e-08,0.3057314668423731,4.587660715651343e-07,-0.004322819946141893,-6.530628100946213e-06,-8.79717742770845e-07,-3.2955398509101056e-05,2.2883400509703636e-05,0.4596158033475035,-0.10225994830148427,-0.06502844690935583,0.10249028462997169,0.14963127173866417,-0.06080198223012221,9.550223574931415e-05,-0.0007908329436292156,0.0007033354766757955,0.04500480922127174,-0.00019486810475565077,-0.0705555243293158,-0.010279751824273792,-0.022452292010741243,-0.007946801284117821,-0.01950721880810101,0.0012570800449949976,-0.005314286189370097,-2.5575901510893468e-14,-5.43247526658383e-05,-0.0016859873424595686,-0.004803594012103272,0.040426437285737034,0.03245757168104928,-0.002322907270966899,0.03269510743904908,0.03318527384976695,-0.007124046639737212,0.006501988098460624,1.7157535716776056e-06,-0.0070191670353389685,0.0034408175244957256
7,-6.543408722482409e-17,-1.015657441122356e-16,-1.0901816847247499e-16,1.5189817413878817e-16,4.2020266392821144e-16,5.600564921154643e-16,-9.99475532503966e-17,-3.497844390591265e-16,8.713996669755313e-18,1.0250651385553864e-16,-6.340334533128021e-10,-6.44216200614767e-10,-0.08052317598158691,-0.04452772337186016,0.12103778169916003,3.406865779811745e-16,1.73806494128656e-16,-2.932396193205596e-12,4.230901231281072e-10,-8.914549759763311e-13,3.67986724646315e-16,-1.3473767750695377e-09,-1.1579922112388012e-16,-2.674025477225857e-11,1.9339910303929514e-09,0.4213351610856954,-1.393490060056198e-17,-7.772098582869478e-10,-5.920366866786989e-13,1.5478774057947766e-14,-4.322955755255032e-13,5.518220582948337e-13,2.862385328913995e-13,0.44339623936689343,4.910408196845779e-06,4.12075565737617e-14,-0.3644717881109913,-8.298554909153603e-13,0.08087578145229297,0.30671667623502125,3.880821467633942e-14,-1.6234484878518268e-14,2.712181299255685e-13,-7.976392089170582e-14,-1.8686964923346432e-05,-0.04872527937567968,-2.2375797143469846e-07,2.616572036264279e-12,2.570154683220963e-06,5.4996430687342365e-08,-0.0008204868615398596,3.2662539253900106e-05,-0.00019361751969053373,-0.00013196112037083937,-3.842167916945966e-07,-1.2490462488087213e-07,0.33033593529584715,3.163772376359163e-07,-0.004432611631448051,-5.193868044369666e-06,-6.859869594877893e-07,-4.69400317772894e-05,6.253774986070864e-05,-0.34934680927486655,0.025713493741865576,-0.004324379651503777,0.07500464664812095,0.28168269749303276,-0.21481335108411825,0.001563486956885161,-0.0030464180908875127,-0.0001611947041350409,-0.010826411867879714,-0.0003491260009127564,0.007590127918805336,-0.0019359443550475916,0.003379479599125928,0.011469065507330518,-0.0006155261531299526,-0.014265230250093809,0.005175293338854827,2.8637209579654415e-14,0.0036204208875239017,-0.007241708805196638,-0.04290715336909499,-0.02640043801301611,0.002482263166729229,0.0005992644713300076,0.024133657814367663,0.00991162896466873,0.0031386816725821084,-0.004821078035866534,0.00011694226706393895,-0.00014584450904278428,0.007804839231847465
8,-2.428970123240172e-16,-3.1079899906544366e-16,1.7996108400565515e-17,-2.1583290964194426e-16,-2.404095073152931e-16,-1.0660169223019874e-17,-1.3824724927905971e-17,-1.9027062444706892e-16,6.299137623519268e-16,8.431856723064874e-17,-7.654146529676459e-10,-7.024402954658559e-10,-0.05462949726213095,-0.12811349158801313,0.09139567746400074,-2.613176998241924e-16,5.917513565568479e-16,-3.3448853833385025e-12,5.463901830774863e-11,-1.1641207900973731e-12,8.17017480272932e-17,-1.5118255441371127e-09,-1.0053170308062914e-16,-3.12717019571741e-11,2.4404566844887805e-09,0.4959947148236123,-2.633185424024076e-16,-3.129490780296314e-10,-6.951934281211787e-13,1.8287204367868596e-14,-5.065601204869163e-13,6.515919878978063e-13,3.3085563177881385e-13,0.10181418437987294,-3.576291726169472e-06,3.9164175070906705e-14,0.4534438819692055,-6.145281004988948e-13,0.02081564386710074,-0.3747091556506752,1.116074612351017e-14,-1.4081390867516401e-14,-8.882408058171586e-15,-4.0856497246658385e-14,-5.258688683654653e-08,-0.010879349994832473,-2.9514858787075483e-08,1.1118415683791851e-12,4.872888382426719e-07,-2.5073046702282968e-08,0.0002856265954155283,-1.1869212066699734e-05,-0.00024159566623275535,-0.0004752218451167626,-6.722694544058631e-07,5.772538346611728e-07,0.3962350909878073,6.32919523684049e-07,-0.005445737263425376,-8.297361217334864e-06,-1.1036081140491331e-06,-4.952508874428501e-05,5.313949463511189e-05,-0.08974817054038574,0.004518614008809935,0.004003841009325009,-0.054023604512173855,-0.33734269075201606,0.27569920489425803,-0.0022430248055095832,0.004710933319034702,0.00040403615774861114,0.008105956230409384,0.0009221992222757838,0.047799613436643344,-0.012771122367182296,-0.011736610564318094,-0.07263621914436631,0.020773594239246865,-0.017944793791016107,0.003426709502809051,4.436934808178671e-15,-0.009051081309244806,-0.0005704617438632095,0.03047855663121588,-0.014877617130462952,-0.03397664460008715,0.0007234169667532683,-0.007143964495611862,0.014234611117708827,0.00396568329543148,-0.004550612790515073,0.0001705722455175537,-0.006728984854581294,-0.0025689786265381868
9,2.0233510311942765e-15,1.806824833167433e-15,1.6964111285240478e-15,1.7574620214270074e-17,-1.8595882859950948e-16,-5.599172245142548e-17,-1.715248283225591e-16,1.2679463881450007e-16,2.619950620421647e-16,-3.784838715760845e-17,3.790665738829915e-09,1.9750204173030317e-09,-0.0010551815508316356,0.02218630320482183,-0.029917870779998877,6.079388350789176e-17,-4.426398843726719e-16,8.554491939880216e-12,-1.9836016461422696e-10,5.042750236449692e-12,1.5381332347823145e-16,3.042847142350128e-09,-1.6272707827123101e-16,5.816756489299251e-11,-5.04227035279846e-09,-0.3093003078713485,2.5332664238326715e-16,1.2512509482940908e-09,5.932630933666235e-13,-1.4967964925523997e-14,2.9496416492407295e-13,-3.9042033294822937e-13,-1.0480963689418875e-13,0.4591927407934275,6.9933385334242106e-06,1.0532707995567515e-14,0.12874760191663892,-5.430938534959708e-13,0.19810504074984037,-0.1291048095964687,5.119550966871344e-14,-3.5209202059183307e-15,3.5967510911966695e-13,-4.743676696297141e-14,-3.624278195253056e-06,-0.012094504433086259,-5.432311512070787e-08,5.1839771934701444e-12,5.702903174226792e-07,-3.070135998170433e-08,0.00016974660970716743,-7.199258704928908e-06,-0.00020096878175660836,-0.0006120704927690212,-8.981846443235793e-07,1.8901170970011146e-07,0.39232259592214475,5.437509232327785e-07,-0.0054942573667035735,-7.911387410852875e-06,-1.0613497800840929e-06,-4.428297136855756e-05,3.3970241880183256e-05,0.5894836609682645,-0.13480746485604034,-0.08727183866524238,0.13848693061048653,0.19610221687918442,-0.07543274415252094,6.0653911078533726e-05,-0.0009475692023436925,0.001015339823126181,0.06515471180305944,-0.00024210802732050417,-0.10195973894815491,-0.015383867045956642,-0.033412483793061665,-0.012783000890268223,-0.02919988928931288,0.0016920287622813402,-0.008080310699134098,-1.611050188689925e-14,5.645124302106053e-06,-0.002666766209399582,-0.0076992722760336404,0.062227101734617256,0.050052507744325035,-0.0033514970452505526,0.04912167910840835,0.05067110427464823,-0.011278716600738474,0.010238471269475411,2.2295159956460224e-06,-0.010988142020471757,0.005443896841597277
10,2.122519632599018e-15,9.027026979221885e-16,1.8880730000253305e-15,-6.751685712386187e-17,6.48244378616155e-17,-4.8692423141734886e-17,-1.0426254949553672e-16,3.1671199060074337e-16,2.6907167115483853e-17,-4.730565500578135e-16,3.4696655067851805e-09,3.883988960467853e-09,0.015528175860891221,0.01930148463421223,-0.03131323127290304,-2.0048213898536865e-16,-1.9388418358502275e-16,1.1840259286563314e-11,-2.5879042112186948e-09,2.187913652368097e-12,-4.197726761169743e-17,4.437291375368201e-09,9.012770986627155e-17,7.8712265732884e-11,-3.754913698894986e-09,-0.34464561804698796,1.4702380266773167e-16,1.8267180546545423e-09,5.934087135415007e-13,-1.7517441523080988e-14,3.435712780563555e-13,-4.1756996363290456e-13,-1.6233219705425208e-13,-0.3208295311387812,-7.3645856068418214e-06,-1.7191787290624935e-14,0.24814158100878334,3.5367538041078107e-13,-0.15193759256865666,-0.26712908858959833,-3.517588868620289e-14,1.4990437412547422e-15,-2.8056066116521443e-13,2.326978879160496e-14,-3.817166304068335e-07,-0.022728731725374453,-3.7705718557190114e-08,-2.960517647964529e-12,1.215385886451737e-06,1.13898054479333e-08,-0.0003600959684798684,1.4268650516943682e-05,-0.0002121696971906151,-0.0002681063076971834,-5.251902693159102e-07,8.217177546427429e-08,0.42568447165541884,4.447252523615483e-07,-0.005716461614339996,-6.901907824217768e-06,-9.130342519282912e-07,-6.042143052427872e-05,8.081790073289811e-05,-0.451220442700356,0.032299387749390895,-0.00652581425982909,0.09966847457037681,0.3690595657372997,-0.28055455187188516,0.002032670614466803,-0.003961106034585994,-0.00020554827834217885,-0.014907240041150219,-0.00044148739495858917,0.011834644045483128,-0.003244891918760046,0.0045920457918929,0.015876833070565165,-0.0008109914383697812,-0.02180403005174468,0.007919089071862343,5.3866785373011434e-14,0.005912507679715511,-0.011505396880668374,-0.06742281594880684,-0.040696060873711845,0.004033294163487534,0.0008710279197505255,0.03636581395628475,0.015362640967401121,0.0049131223551232926,-0.007545880681139699,0.00018182187771698105,-0.00014789477392545454,0.012387288521406121
11,2.3063120049284975e-15,1.0134979136228232e-15,5.288962768569855e-16,1.4605611069305092e-17,-3.477202158910865e-16,2.0700851693968307e-16,-4.357601990478599e-16,-1.0469943137568187e-16,-2.6036048554353257e-16,-2.5221501311434337e-16,4.319043381543823e-09,3.926943596546169e-09,0.01267841429069435,0.03004269128562076,-0.032389240115408925,1.7110797319093458e-16,-3.156279538623202e-16,1.300986748095819e-11,1.2745711015579188e-09,3.235459730529154e-12,-7.948767857876491e-17,4.635210086777254e-09,1.7746663257074287e-16,9.181844288174318e-11,-5.196384951972001e-09,-0.4045397422066839,6.637402405517143e-16,-8.955425467476743e-10,6.702351265587952e-13,-1.990688141432945e-14,4.0092450019989467e-13,-4.948281715142582e-13,-1.8468698144829973e-13,-0.07176653580736944,-1.8933681457299253e-06,-6.0793767327300216e-15,-0.2854820206566444,3.515639530121936e-14,-0.04582067000326005,0.35371710104151194,-9.00604319479365e-15,-3.838912719202095e-15,-6.403737576805211e-14,-4.18180776351692e-15,-1.2400341335518847e-05,-0.026101292971288888,-1.3763781049967795e-07,-1.6625789153225244e-12,1.3098745148285694e-06,-4.305094384852292e-09,-5.6576771486735825e-05,1.8001882364487452e-06,-0.00025007649125343117,-0.000498490649841803,-7.744095114286482e-07,3.8429736165100515e-07,0.5026781170082856,6.876361098969285e-07,-0.006872025382631258,-9.705796820617122e-06,-1.2891736307856423e-06,-6.452753924638836e-05,7.157594643727113e-05,-0.11633524312598166,0.00206703331763096,0.0016263432499487704,-0.06334226183573445,-0.4383983925530371,0.3628483470001507,-0.00298970327728088,0.006283257777992273,0.0005873525867907587,0.012429192676671657,0.001253864713511715,0.06820935357525823,-0.018941174954326092,-0.01761362512880305,-0.10809408735447759,0.031097040857656924,-0.02725423291281996,0.005224464607712962,-1.8632996432813138e-14,-0.014443213356083479,-0.0007520782829267248,0.04807581222294893,-0.022870682240450375,-0.052514912956372534,0.0010087105464116092,-0.010077115139184618,0.021869825001203817,0.006301143158075007,-0.007153597442939709,0.00026563878981655505,-0.010563336128026088,-0.004211030113280061
12,-8.681691614382716e-12,-1.238289733330442e-11,-7.408854968362327e-12,-3.726146011013731e-17,-8.76939819888756e-17,-5.148136357955032e-17,-5.124372277631346e-17,6.00992557715612e-17,-9.392230341924923e-17,-6.653254432405277e-17,-4.93023232558634e-07,-1.1636967642759016e-07,-3.829155204632609e-05,-0.0002594687821168891,0.0003451885210606238,1.0960173993197838e-16,-2.483858459680875e-16,-6.018791713120218e-10,5.4671650575329735e-08,-5.59232397615007e-10,-5.123303783300798e-16,-1.1255497998516562e-07,-5.445994576654405e-16,-1.9732443496971004e-09,2.3039332148361806e-07,0.007642100276662304,-3.772547472419639e-15,-7.447699022147122e-08,-7.527272781445561e-12,1.7098891738985571e-13,8.844553752657488e-13,-4.300224866486924e-13,-3.4904277672246457e-12,-0.010613562699673411,0.00012274865592412418,-8.192508260641269e-13,-0.0031598947737525485,1.3489441031166074e-11,-0.006549752940037784,0.0030748989661953524,-4.588519368771389e-13,2.2759171968253873e-13,2.1499732790588452e-13,-9.05591700059092e-14,4.081212567231859e-05,0.016637760639601734,4.495325985941624e-07,6.251535536428203e-12,5.371255808919796e-07,9.373235582907361e-07,-0.004644760635294516,0.0001893420007863491,0.0014926793772577047,0.006706437673685333,8.169954309057439e-06,6.543123476747733e-07,-0.11159248659142865,-1.8830017304781862e-06,0.0034548666834979406,1.9576713870647312e-05,2.7759157279566318e-06,-6.121452303403767e-05,0.0001659317850439695,-0.22348037798204168,-0.09402404782333112,-0.1194076640153113,0.2119368579218906,-0.008533375014199575,0.21367977232094137,-0.0031773148742410646,0.0044782750232121235,0.004329012578045142,0.2806244293048219,0.0006981516153143598,-0.4155498087848308,-0.0887544806895627,-0.18177114283496532,-0.12567932869059822,-0.15723465912697177,-0.0023602525153670955,-0.04934984314725311,2.072032454411859e-13,0.00115886739234609,-0.020666049347195736,-0.05400673718329059,0.4130065805243467,0.32902619266303207,-0.013693163042874951,0.2781436651640799,0.32576856679568117,-0.08719971963611571,0.07673702953380536,3.989335396467006e-05,-0.08271896712131643,0.04143975236449374
13,-1.3686798419877294e-11,-1.5113072231030694e-12,-1.1611349230739637e-11,-1.830229967972494e-16,1.759089391710434e-16,-3.3483275158556345e-17,-2.512191450305797e-16,-5.16263171852622e-17,3.4863414559624355e-17,-4.2569578837918145e-16,-3.7450764936018105e-07,-5.166389718414928e-07,-0.0001585319287442482,-0.0002749658324796836,0.00039684690534886095,-5.626616801260901e-17,-2.2574335746082806e-16,-1.0871096446380696e-09,4.521201016365582e-07,-8.492074648399137e-11,-8.220739544929337e-16,-2.4378978250933176e-07,-7.283290391032194e-17,-3.6512319055926436e-09,8.4600557474966e-08,0.010048975078488048,-6.9966336640470785e-15,-1.3144950440355225e-07,-4.88861478615624e-12,1.8154153096621988e-13,2.801769245313782e-13,-1.3270539223281173e-12,-2.1305997166604374e-12,0.010575126639155663,7.596435557510809e-05,-2.41007043398222e-13,-0.010603835141112372,3.821463891137057e-12,0.012176220649707433,0.016749498918736352,2.885123093406523e-13,2.3128989807234884e-13,2.3234678580162816e-12,7.923396499104129e-13,0.00022750639067952748,0.7427695898877047,3.0739327308325896e-06,-2.591440049605589e-11,-3.950276960215847e-05,-1.0930428033438413e-06,0.014537580876221685,-0.0005812839805915763,0.0013701042302943862,-0.0018645082606713454,-1.3338131899014423e-07,4.930514367551003e-06,-0.0051631101223881745,5.948056901422393e-07,7.208161476642175e-05,-3.140022395246179e-06,-4.407801131883426e-07,-2.337876831235408e-06,1.672493029501466e-05,0.01875762652869438,-0.04046445066985776,-0.03620489315348857,0.07185357557580228,-0.019995201975701624,0.06251536123565123,-0.0009653098340577692,0.002041978867407953,0.00037358574321371877,-0.03003804817709604,0.0009385895875459405,0.10684375853412768,-0.036981704213799975,0.0021988307926963002,0.0027968558796081797,0.010252426055164928,-0.1467993835485364,0.052349457785827454,-1.066962290391141e-13,0.04888842430269032,-0.09118994695143895,-0.48793687551583775,-0.28006041671587034,0.018268192532059774,0.004181669947515124,0.20589090902987667,0.11179562946668278,0.03790679646265526,-0.05738199884227788,0.0013594223066897405,-0.0008858792923301185,0.09607125004462287
14,-1.492645710914709e-11,-6.619296323078817e-12,4.6275463211511875e-12,-2.583977072833668e-17,-3.726910758723295e-17,-1.4000796291072066e-16,1.0156963032968558e-16,-3.637993217738036e-17,3.682647619807411e-17,4.4590547126977976e-17,-4.951543970866966e-07,-4.604445799341152e-07,-0.00013730383404870808,-0.00033622798614930027,0.0004145631630887047,1.2402404541861365e-16,-9.311797100436373e-17,-1.1151253132487236e-09,-3.586110822220351e-07,-1.5822420606571098e-10,-5.181070870257172e-16,-2.1122612205145792e-07,-2.1974614966525513e-16,-4.497145185884437e-09,1.781770777919388e-07,0.009971401384200055,-7.925918603852909e-15,1.5159099726901297e-07,-2.1299267467578144e-12,1.8202122945159883e-13,2.798445718626136e-13,-1.3698329159048486e-12,-2.339961963088665e-12,0.001650884917352295,7.605311344160776e-05,-6.772781352820232e-13,0.005606184965812951,9.911216598955346e-12,0.002098781034059986,-0.009410104545354568,4.529361334233e-14,3.058635329450151e-13,1.46115554570252e-12,7.119678990484571e-13,7.51865542788994e-05,0.0359692293556949,8.42686644815775e-07,5.635594915185518e-12,-8.37327360308085e-09,4.0136754671944267e-07,-0.006922022539425687,0.00028192148647754464,0.0018532725105913218,0.00324497721880645,3.0782128859733515e-06,-8.22743038735824e-06,-0.13837271003135704,-3.6707895287343418e-06,0.0032044981503687735,2.9184591923035283e-05,3.9365701033732106e-06,-4.445630188980005e-05,0.000137760496915638,-0.03492211880501471,-0.16612896958555745,-0.16272910572521174,0.3369303061163846,0.15802934764796467,0.0811149134021197,-0.0023918293801441174,0.005083274383099934,0.002735978313358285,0.08888603237709598,0.0020623538438531135,0.23082490183274754,-0.10252421853750572,-0.10498276163601673,-0.5707267109267586,0.16551870511505384,-0.17371008530758744,0.03369786645975247,-4.271413686555534e-14,-0.11517074603779655,-0.004120972311056405,0.3425745332766055,-0.15130064546898603,-0.3456959885445199,0.0023197989717147543,-0.007977507877205895,0.1599024675120707,0.049240560196750584,-0.053997312184981515,0.001952904181985928,-0.08103254996954085,-0.0332964583026745
15,1.3549277150643512e-14,1.6379609062808466e-15,1.7645755468000302e-14,1.4657680524771395e-16,-1.24593277604004e-16,5.499826349451407e-17,2.498123031096266e-16,5.645134516986939e-17,-2.5514891494789457e-16,3.8853207173604274e-16,1.5500706026880117e-08,2.202046682990808e-08,1.0747592692833843e-05,1.8980906981619946e-05,-2.8000503101903182e-05,2.2877505557610023e-17,-5.206622776500818e-18,5.857303662166317e-11,-2.9392111110615335e-08,5.051297774776882e-12,-1.009381982518542e-16,2.0232458671103952e-08,1.6272114525246438e-16,3.109286910613279e-10,-8.182696503153762e-09,-0.0015162617463380082,3.420482811092671e-16,1.7529401497960154e-08,6.800226546398457e-13,-2.433347527546833e-14,-4.3014700848094575e-14,2.053997905159097e-13,3.698539839454007e-13,-0.0030843687244551986,-2.308232458325133e-05,5.324336783541067e-14,0.004575172618709051,-9.836702244089646e-13,-0.0061084583407844855,-0.009452330465627358,-7.684576535633307e-14,-6.309833891838788e-14,-6.595289567727728e-13,-2.5215362039308555e-13,-0.00013908864387946523,-0.6633481517590276,-2.0018827483582767e-06,1.3135543324180459e-11,3.6604825507447045e-05,1.1414754703442725e-06,-0.019069186953621156,0.00076835787340493,-0.0020978315315809556,0.003608232750046296,3.080986276677124e-07,-9.33847876873056e-06,-0.09553843045743501,-2.318096036659208e-06,0.0020715209252322587,2.3752243504440972e-05,3.187176255771429e-06,-1.6127767693743143e-05,6.33278112039412e-05,0.03957246130082067,-0.08010407141406631,-0.06686595737306163,0.12350118711125556,-0.03260660696848487,0.10107357631248493,-0.0015437303548159343,0.003242769958413381,0.000531132032174219,-0.04081615785040291,0.0014455313177032104,0.13946506060410294,-0.047118857961364814,0.0027364976768706004,0.0033836891050344916,0.011989385553562657,-0.16856711910737276,0.05851222411952767,-1.2449786880605742e-13,0.049005998135221426,-0.09153590905697825,-0.512149066419109,-0.30375341081981067,0.019791221920322427,0.005573993469754741,0.24452940495708728,0.12620946856082976,0.038168485609926736,-0.058654407513151915,0.0014192872006862384,-0.000902670979517856,0.09781809194044493
16,4.361145657723057e-08,1.0661985151884809e-07,5.756684684139853e-08,8.963116192593599e-17,3.0611967048302766e-17,-5.0282834744728335e-17,-1.4055465157724483e-16,1.2457889447072667e-16,2.1093026154651207e-16,-3.2556926882943e-17,9.287496967875287e-05,-9.4242221697363e-06,6.673745218248517e-07,2.6320428170162416e-06,-3.5439404427523254e-06,-1.1111189689072002e-15,-2.035223494624166e-16,5.156404057424724e-08,-2.2465952548946766e-05,9.879005983209282e-08,3.3455497212683356e-14,5.994402645040496e-06,7.348602116418778e-14,7.766771930013865e-08,-2.1691295822658344e-05,-0.00016578469563129235,1.7852419724931337e-13,9.919797668658965e-06,5.863423914783686e-10,-1.0140903003124175e-11,-6.423914636696857e-11,-3.1641479838930083e-13,1.9746804166282269e-10,0.00019935185901315952,-0.004425457984183668,3.6271495624927397e-11,0.00010562452990331017,-5.428406288123399e-10,0.00013635433688336836,-0.00012138151560369389,2.408668423236707e-11,-6.470763253011298e-12,1.3334783453729809e-11,1.3945121226813592e-11,-0.0003644409228798124,-0.009501197875855,-3.5437510193698274e-06,-1.7130419878697664e-10,-1.5584100023701238e-05,-1.574056011691938e-05,0.03909105159886645,-0.0015852995318723952,-0.01546275711954969,-0.08059632161517394,-9.699540622236858e-05,-5.074669644959475e-05,0.0228552316364945,6.489923791061448e-06,-0.012537961351084956,-8.123632962017227e-05,-1.2487650862632711e-05,0.00037524799266071447,-0.0006950086503186398,0.09885391600019279,0.18994978673295435,0.20152495162260944,-0.22078253768506056,-0.04169749853590934,-0.22727566970985272,0.0030782383302150767,-0.0008906794195874383,-0.0036057734881896567,-0.241981235698318,0.0017277657471637929,0.5113708479611742,-0.036104899980211484,-0.011654244370313616,-0.30762387453830814,0.02953655547381753,-0.09763011284075375,-0.01861925714674626,8.373665476515233e-14,-0.00048292486124141675,-0.03981580819163429,-0.05186962004390835,0.37287324736115857,0.2703895561916307,0.01596688493908825,0.08397078928737063,0.2881566766661274,-0.16043289412072592,0.12431793132574914,0.0004128649753289186,-0.14931657391312297,0.07201818564791074
17,9.679215965500378e-08,-1.623476471366952e-08,1.0147113778798847e-07,-2.4540302356483276e-17,5.026715054487877e-17,-7.720267265986256e-19,1.1973733119163197e-16,-1.3842479016613802e-16,-2.4604126735059114e-16,8.113303925996162e-17,4.718952448492068e-05,9.467552784713731e-05,1.364864351817485e-06,2.849026415341769e-06,-3.990344025041952e-06,-5.487837397776894e-16,1.603625993910162e-17,1.395028663587583e-07,-0.00010631075574090595,-1.246389572159785e-09,9.002491521533413e-14,2.1901991403619246e-05,-3.709261652616353e-15,2.448844682137303e-07,-4.2501788450126415e-08,-0.00020064839553500128,5.394026170804715e-13,1.6368825264786545e-05,2.900249999113352e-10,-8.133050564934712e-12,-8.18853489067497e-12,5.286093457072107e-11,5.670233368990117e-11,-0.000219380750705924,-0.0008399326343663522,-6.686811609243945e-12,0.0002825683520909306,8.736522691301076e-11,-0.00042322625246003564,-0.0005208817956111794,-1.184858807702218e-11,-2.2086627874494454e-12,-5.6363920719256756e-11,-1.2891816866214056e-11,-0.0013967242859356912,-0.04086208861437108,-1.615368813124226e-05,4.854736039238763e-10,-1.3989511169604914e-05,9.614444599934318e-07,0.07085841615281246,-0.0029094970108021487,0.03216418081121733,-0.008201648291268706,2.3364570296165935e-05,3.871048663137474e-05,0.013489259333933459,5.691211788768744e-06,-0.0027704385064681544,-0.0001245005984576568,-1.638401198615687e-05,6.0032144501454995e-05,-0.00025583972701111933,0.0447618455027191,0.20950673905041176,0.1420423379045737,-0.2802103036728542,0.03150588048975407,-0.10214297682191854,0.0022167774127537787,-0.0053055068395615355,0.0021493379114220098,0.32572060224359317,-0.00421853152809213,-0.3018209008017574,0.03255193401579831,-0.12523225628470744,-0.4729019140138207,0.07537053786176351,0.09650942806280788,-0.023533164760801143,3.7476401075539674e-15,0.09170819362856256,-0.1759357239033027,-0.33412618325764365,-0.04458388381471854,-0.10497589333154177,-0.020876974729331393,-0.4273666748801396,0.004095647754778258,0.07210204551602703,-0.09026614262887216,0.0017270350662834566,-0.011264468329376734,0.1491098393693426
18,1.0201782429168656e-07,3.6091434058883806e-08,-8.400259638169833e-08,4.000020439576488e-17,-3.671056892191409e-17,4.446396388595602e-17,8.674943572604116e-17,-6.322017320153166e-17,-2.5872379440016215e-16,4.6170411077997126e-18,7.807231553890292e-05,7.83206769573126e-05,1.3495906255005418e-06,3.4030885003610527e-06,-4.479708440343222e-06,-6.8712007952742725e-16,-1.5342995016825126e-16,1.469517823469345e-07,0.00010337728904284299,-6.47479594986305e-10,9.458653848433657e-14,1.6893086333270762e-05,1.1302451160103928e-15,4.430084190247657e-07,-1.3224904170796315e-05,-0.0002194946680332576,7.416062806449475e-13,-2.146663015551642e-05,-1.1555355929744605e-10,-8.67622227181102e-12,1.1287349102777205e-12,7.888459314737069e-11,7.10130324488537e-11,-6.092344035518976e-05,-0.001363304829884362,2.705692088613547e-11,-1.578962112574387e-05,-3.247150345428499e-10,-0.000181730432181524,7.201168410529134e-05,-4.631719763113209e-12,-1.0480617402996171e-11,-4.361425231885764e-11,-2.6418918589335177e-11,-0.0009708586226771564,-0.019861639114492843,-9.587310424899658e-06,-2.9860664441650826e-10,-2.348735683004153e-05,-3.0714330546629513e-06,0.07818168817037412,-0.0031516621044434387,-0.031420120996784935,-0.012348295536299098,-1.169338638310113e-05,0.00011164037676198989,0.026685290634297882,3.226633600636355e-05,-0.0048976858867185915,-0.00017125725887221266,-2.301237202854525e-05,0.00023021904968475678,-0.0004370094172039291,0.07179248074901905,0.27448811402575274,0.21655920824127742,-0.35213137063355937,-0.008671198166666597,-0.12950310213383617,0.0020358631723316413,-0.006723678939094265,-2.2070022015347208e-05,0.023849766754741153,-0.001812203776731615,-0.3109317216354991,-0.05359628744289542,-0.04758307114906374,0.0941797395029257,-0.042347645060604296,-0.22668233183663763,0.053599069803323615,3.23420990691115e-15,-0.21859100899629008,-0.011052142502351757,0.25014997741616846,-0.23364509889609725,-0.23898103939273285,-0.0034096982417960537,0.4441246738879909,0.3119667974192309,0.08983227379951804,-0.0940001060393045,0.0032438109493362504,-0.14409753260602565,-0.03955794492209544
19,-9.639936196508689e-05,-0.0007857633371746474,-0.00042398454487584586,-2.5557985976892255e-17,-6.505431743905697e-17,-2.675044648936388e-17,-2.2182000646036664e-16,-2.9755080254599146e-16,4.618541724204134e-15,-1.2425855735558157e-16,-0.015001022990546082,0.007553643928186486,-1.114510156713933e-08,-3.6276140150803964e-08,4.990669030299647e-08,1.6317125013847522e-13,2.58608330845431e-15,-6.790562844768665e-07,0.006200986925208424,-1.5139375345989506e-05,-4.64840523916927e-13,-1.8004973286586544e-05,-1.1323258070040806e-11,6.122509088862312e-06,0.0017507461560185486,5.32289096766048e-06,5.853890294280919e-12,-0.0010667544250755777,-4.1676957666817886e-08,5.219242728537726e-10,4.0808053234163055e-09,1.575779315502882e-09,-9.933561599036251e-09,-8.42383389794912e-06,0.14175240830148342,-1.3482781361146959e-09,-9.003807112586655e-06,1.8610236247507377e-08,-3.8367624558046537e-07,1.6685152397323317e-05,-1.0292800641038174e-09,1.3211082472740578e-10,-1.0826074685531124e-09,-7.553612945119997e-10,-7.365239390050937e-05,0.004660754188390663,-5.084802615770937e-06,2.782445802632314e-09,0.00012631022798272417,0.00022642324432957855,-0.14531687198375273,0.005908709856147009,0.10000674402880926,0.8663228164036457,0.0010094525222313975,0.0010091397951255676,0.00547674829028562,3.955823480952338e-05,0.06823244945145543,0.00012169098003312629,2.943789046524096e-05,-0.0016020400923038253,0.002259129694634019,-0.0025825217807255176,-0.042122661745230994,-0.09258996209795381,-0.15380890029938446,0.07266127379028448,0.05316944726939197,5.92172612084674e-05,-0.009070243424157931,-9.839695620982743e-05,-0.029209179545312384,-0.005055037675613963,-0.029800092180148806,0.05128817944520278,0.10886459963117719,0.025788678341453115,0.12963125088051944,-0.12262336743871947,0.03636787457863308,-7.720457146530235e-15,-0.005876340016441466,-0.052579757131025945,-0.0037458644909120022,0.019762352681947263,-0.022617833224359896,-0.000722181560007523,-0.05615057491449391,0.04335849197235411,-0.19648270326840567,0.12410664563449557,0.0009405225498467412,-0.17796846811232991,0.08054570421493447
20,-0.0005645185029235965,0.0003030762517544145,-0.0008023915930633399,4.8976941150503765e-17,-2.2801538997404682e-17,7.653632727077052e-20,1.786169107585883e-16,-2.247201363310932e-15,-1.514394989778339e-15,1.721251511037003e-17,-0.003477269141467735,-0.015560635452927818,-1.6908413746656606e-08,-3.964810487317131e-08,5.561793175374654e-08,3.42342376433042e-14,6.362673389918458e-16,-1.558546981147382e-05,0.021859811878346007,1.0425619576779418e-06,-1.0182720603244484e-11,-0.001902964435437915,1.3412948132333138e-12,-9.86209798052294e-06,-0.0006193521936722213,6.143770467243814e-06,-3.195936796328085e-11,-0.0018632021644186519,-2.2871220806557204e-08,3.5079287858973444e-10,3.609144337003875e-10,-1.6893857008784252e-09,-1.2742752812444162e-09,8.552834138253787e-06,0.0037357491716321343,9.394598963702626e-10,-1.972298479284081e-05,-1.0536857378083459e-08,3.925704580212749e-05,5.074426327881213e-05,4.972762150181523e-10,-8.453999826931447e-11,1.6934419578676789e-09,1.4662879773380907e-10,0.023348837772886002,0.012741738536501308,0.00027307226799797664,-1.6090789212817856e-08,0.00010371525686172253,-5.086233439271503e-05,-0.5794642426637422,0.024049222073832918,-0.6381376336576872,-0.018179965395513906,-0.00040328595907184405,3.5100923239339463e-05,0.0019106907674215777,8.176488932446864e-05,-0.0013814622086971448,0.0004292176770374495,5.412454779677883e-05,0.000441339764567563,-6.724337943801848e-06,-0.007320337736760238,-0.08365371699322455,0.03851089328155694,0.025668900272883658,-0.06504157000919251,-0.06757848033937923,-0.00011924560222277242,-0.0007599792610851614,-0.0032037641482646133,-0.24135110419102646,0.004164489267746519,-0.12480130136362563,-0.02467015517103129,-0.017937878738245226,-0.011265697960404863,-0.0007955548330885107,0.05537122179731328,-0.039615925021349405,1.692042100539948e-14,0.1112257983405674,-0.2263463126000727,0.002670030114025707,0.12748119083703838,-0.17487854764384267,0.009254983778459791,-0.00913479055492886,0.05730971506669718,0.09296016882715889,-0.0992057876886323,0.0017566865119556768,-0.030804834590117923,0.15411860375709321
21,-0.0005782100895996357,-0.00014826770843763464,0.0008515729416151679,-4.8983601297777704e-18,-1.8601119023337128e-17,-2.991025020937841e-17,4.0055435545706007e-17,-2.133628984828067e-15,6.395088636541943e-16,-1.8727357952853684e-16,-0.009665864649218748,-0.011340712084459276,-1.807669301997658e-08,-4.691139626278009e-08,6.419832690631261e-08,9.076260438648862e-14,1.275895631077788e-15,-1.633258221176659e-05,-0.023021882603788537,4.098078188974904e-06,-1.0575813668937569e-11,-0.000984492410912801,2.6093664599875142e-12,-4.158315809861246e-05,0.0008707438312698547,6.993160057606982e-06,-6.320704218958077e-11,0.0024031285575939194,2.808054966349045e-08,2.718600327165628e-10,-1.4062404332769934e-09,-4.292753152209089e-09,-1.9299198352492542e-10,3.6552427702183415e-06,-0.0012891839864404198,-1.0715480527067656e-09,-8.878495798278598e-06,1.020976046144235e-08,2.6532648819547753e-05,1.8193872049380024e-05,2.8229294134524976e-10,3.5334486335233274e-10,1.1333388126059831e-09,9.745840148463991e-10,0.008663511295768927,0.010711130741194773,6.180518588665509e-05,1.180115442455438e-08,0.0002632943528271105,-1.1972138667048011e-05,-0.6249438541348137,0.024736721419667342,0.5703484654153907,-0.16620680243997243,-6.878795326856367e-05,-0.0014458413093741372,0.0027340160098970525,-0.0002939592726349258,-0.0019968569909682202,0.0008850412466082765,0.00011696039563935981,-0.000568521760412539,0.00044733531314535815,-0.015470643403966268,-0.14801583886015152,-0.028322078187520486,-0.05345068037735079,-0.10393778104951376,-0.14218544090930882,0.003507138380171709,0.001178288601349896,-0.0024858325660970654,0.05308474588082584,-0.002183723651565417,0.03011700249991692,0.10682178881576543,0.0016813965550210772,0.043363633407618014,-0.09604996169890798,0.044769094430353755,-0.0027727909707624034,7.508969221840132e-16,-0.2786375332689944,-0.022489618950143887,-0.02127585691935925,-0.04590840886047655,0.06323123906565664,-0.007881533780724207,-0.11416817258220958,0.14677543182218689,0.10848347941972307,-0.10019244499492651,0.003051620801431589,-0.1682929927209444,-0.018819893084802777
22,0.08733726718453891,0.6497898768438325,0.24995728611191792,-4.05815476366546e-18,1.4098840392524155e-16,-9.419025507354652e-19,-7.535588877728523e-16,1.4750672559031114e-14,-1.435181417135105e-13,6.253173639017013e-15,0.32002639365129354,-0.15725666694938029,1.2301534433879305e-10,5.503502172571147e-10,-7.951921450359095e-10,-3.5796074639098596e-12,-5.339734407848643e-14,1.028028561698035e-05,-0.08405369699458541,0.00022383070879209148,7.1401848101139276e-12,0.00012242601751851772,1.6938809871481417e-10,-6.421714319524483e-05,-0.015695313451028977,-3.84695900053955e-07,-6.31327628730525e-11,0.006906916691224314,2.570632243475907e-07,-3.31185720492192e-09,-2.2772481949099896e-08,-8.849579088035512e-09,4.831054964752106e-08,7.02938230372203e-06,-0.3768173738606615,5.053473711558794e-09,-8.263235328305943e-07,-5.9220390553868315e-08,1.3202738301293072e-08,1.5553734208954575e-07,3.1773263909168487e-09,-3.8320971392879727e-10,3.173794077457209e-09,1.9401477888714626e-09,0.0008722000540522653,-0.0003409776775316335,1.3293379353780529e-05,-3.995504114378447e-09,-7.282408945990484e-05,-0.00012888968912475916,0.019024966253727116,-0.0007571016551119459,-0.02015898400932088,-0.14933954201531233,-0.0001010788468134749,-0.00023384198851342992,-0.0017309262862805373,-7.83816778929986e-06,0.02317977391284537,7.366384214708795e-05,1.197667217783062e-05,-0.0007281464711662228,0.0012924235168397511,-0.01674690766369609,-0.07143662892190943,-0.10394031957863563,-0.08418718719664356,0.060625470625294935,0.0705132791871465,-0.00028989255320126093,-0.0072742294892459885,0.00014348212986859765,-0.009192321187213196,-0.004448221080505856,-0.07249420403860303,0.05905361936438259,0.11429785050960345,0.06755615593867147,0.12998461190287805,-0.1115831150828952,0.0395361818219889,-1.426004767475971e-14,-0.008499649175786293,-0.058723776249130534,-0.0014254640208287335,-0.01099598656360142,-0.04704423018340917,-0.0021170352269899314,-0.07885932770912506,0.009816840971869759,-0.2119483376011835,0.1298874759089794,0.0010237613080344037,-0.1916610016453175,0.0865481591245719
23,0.4848249312342653,-0.23753518630705334,0.4482965060619125,-2.5780463996391376e-17,-2.5902786129954928e-17,2.4473141341055924e-16,-2.6196942158597355e-15,7.208505698946377e-14,4.4463647891198487e-14,-1.7816590844448853e-15,0.06975800961290084,0.30545208538608715,-1.0439464561075235e-10,9.644617043260151e-11,-1.330323829855415e-10,-7.104799686301792e-13,-1.4554680755304834e-14,0.00024073652888544325,-0.2804287951900937,-1.4689692503528062e-05,1.5879543472899898e-10,0.018915229449272073,-1.908863317424405e-11,9.40922819707287e-05,0.0053347482087192696,-2.6378657917920447e-07,3.104262668063307e-10,0.011439234570458012,1.339092682146709e-07,-2.1003226169012455e-09,-1.893615582555095e-09,8.667828615003695e-09,5.700189452787654e-09,-6.364319753561944e-07,-0.00694049548361891,-3.420754247648989e-09,2.5011320933450574e-06,3.264719592511915e-08,-5.8746689475183265e-06,-8.383283244193475e-06,-1.4538401673732222e-09,2.5632122459821597e-10,-4.5755097227305675e-09,-3.2281625412702e-10,-0.025632359121826112,-0.003000830136877416,-0.00027828794704931045,2.311341482690852e-08,-5.2074797310929474e-05,3.124334028433743e-05,0.18142996608776557,-0.007467762094154922,0.2050707773858184,0.013448920077958466,5.359149160405151e-05,-5.4533071103689323e-05,-0.0020374098064172004,-8.84026677261211e-06,0.0013209792478842295,0.00012502740078912817,1.6093800009626985e-05,0.00010228991328730015,0.00010691969367512225,-0.01468969297173682,-0.10065269877253542,-0.001279706959190235,0.06164544866838737,-0.05647336616761385,-0.03886827794316444,-0.0003174567167692167,0.0001200704710919658,-0.003035905009735012,-0.24477053671623603,0.003725361253384729,-0.07864648158155482,-0.01865784969535922,-8.262958982926992e-05,0.04176374134573093,-0.009112446850696431,0.05607638253519114,-0.039593461226256565,1.7837438251155535e-14,0.11202795706601876,-0.23450434353244398,0.0277007658021306,0.14023881685301054,-0.16589037785097374,0.010098133819695345,0.011100047765936117,0.04747946747792929,0.09595652324704658,-0.09986158302568604,0.0017210346879885426,-0.03418569326461127,0.15529002799760003
24,0.4996277006239732,0.116895101432139,-0.4787063424492911,2.813527949706403e-17,-3.529387925654126e-17,-3.737391082095882e-17,-2.6564813982065755e-15,7.358199148812107e-14,-2.6009499574260828e-14,8.938462551640288e-16,0.19622887405198633,0.22378885573396717,1.880468881910875e-10,1.9670571514899761e-10,-4.3542947285933635e-10,-1.900047166321562e-12,-2.6965312914886205e-14,0.0002538121897242014,0.29726730540467605,-5.8163174405949364e-05,1.6592019800555395e-10,0.009784782595416732,-3.749531354921804e-11,0.0004054885707742908,-0.0074200665988034195,-2.9105349575892964e-07,6.212258751377878e-10,-0.014842121833872892,-1.670532331916108e-07,-1.6210137192289403e-09,7.614044789873065e-09,2.2504784835243135e-08,5.197392697205314e-10,-4.843198839869255e-07,0.008151327332377683,3.8379244820068754e-09,1.2603066627981912e-06,-3.087528133258211e-08,-4.0335378916885725e-06,-3.3244736207884984e-06,-8.385916167504471e-10,-1.0032694670272615e-09,-3.0594701669662077e-09,-2.3589427153400415e-09,-0.008634590464604434,-0.0025829150586596725,-5.1647484718553586e-05,-1.7193867779512347e-08,-0.00015900963107535286,1.2324039341355166e-05,0.19583059855708396,-0.007567468840546103,-0.18178422706515743,0.058293478071578246,2.5334505770139123e-05,0.000277119353224182,-0.003024296649820588,-1.5464455873416822e-05,0.002495056460064701,0.00018922721167332948,2.480284088059947e-05,-0.0002973505949398961,0.00037265466282232273,-0.023522646564951576,-0.15307299977011818,-0.05763639784748354,0.011295118727330973,-0.08223576256618186,-0.08987512697136138,0.002425257268900382,0.0016125876746690279,-0.002275492164177634,0.02935899879881223,-0.0014895253982387094,0.05190993050489387,0.10711517972551068,0.014802341982997765,0.06101743012637154,-0.09176942258089126,0.06775028598823456,-0.007625492073357707,-1.0573234428740472e-15,-0.28937077692954477,-0.02649820591404326,-0.0353886004537519,-0.02749828248229254,0.08120418320998617,-0.006157721007085724,-0.14928744776599515,0.11186423506262537,0.11168160648018782,-0.10131033167443372,0.002997490459577652,-0.1731734214143168,-0.01618105784120654
25,-0.08868877384707331,-0.6597796594750236,-0.2536844369986415,9.528796572302948e-18,1.1255608977257193e-16,5.138253742450509e-17,-7.296852627894875e-16,1.3569085983996093e-14,-1.3263743921417552e-13,5.788184516442922e-15,0.3031490773911816,-0.14893743245986713,1.4706086663663873e-10,6.212095955848162e-10,-8.92830594354592e-10,-3.3842287899887644e-12,-5.03310270694186e-14,1.0108684443599052e-05,-0.07929748190008105,0.0002150866560610434,7.004219199519289e-12,0.00010481873076617602,1.6274296652865787e-10,-6.16350843273446e-05,-0.015356165446175535,-3.920586291373681e-07,-6.043900675330812e-11,0.0067519523830845245,2.5252086876400044e-07,-3.256918615697463e-09,-2.2430396034108296e-08,-8.701192309837273e-09,4.7697626977503776e-08,6.9953700291731145e-06,-0.3743571949835074,5.011054866900667e-09,-7.974644127668594e-07,-5.878921463789714e-08,1.3059147759684533e-08,1.0743380774898458e-07,3.1531344066735844e-09,-3.8123274193609257e-10,3.15156468936296e-09,1.9270575642896764e-09,0.0008704778128579664,-0.00035196308235698024,1.327233818493076e-05,-3.993194766893734e-09,-7.294944675619295e-05,-0.0001291898661676725,0.019329319036270415,-0.0007697321831703494,-0.020135106184356086,-0.15142576306220923,-0.00010349998857567888,-0.0002365253127631147,-0.0017448922900865976,-8.032440770022782e-06,0.023008516889479597,7.348178643401648e-05,1.1918349463697233e-05,-0.0007245680111066556,0.0012876178699182117,-0.016760675188796044,-0.07142810907336666,-0.10384715822509676,-0.08392572877967806,0.060521541955949575,0.07046875330565532,-0.00028997927599046485,-0.00726184218721502,0.00014396200020668488,-0.009112991223176384,-0.004442907239356112,-0.07253941844169008,0.059041164970146234,0.11423928236005557,0.06763113121659184,0.12991074722450535,-0.1115053683098762,0.039529127655537594,-1.4350429914353155e-14,-0.008504732047407412,-0.05872715507299163,-0.0014109458033099963,-0.011076210197504696,-0.04708690452168314,-0.0021201824122277896,-0.07886677348073527,0.009736486942512095,-0.21194329097072095,0.12987041341629496,0.001023715130205161,-0.1916520189899151,0.08654124815992903
26,-0.49226916513631214,0.24115580272872952,-0.45489769426103294,-4.000576301452136e-17,-1.0688739141831658e-17,2.2907408015914125e-16,-2.287166105101671e-15,6.660031703144733e-14,4.1195587514780514e-14,-1.6824329683687678e-15,0.06649287742760801,0.2912064837395491,-5.869431539696917e-11,1.886095741148541e-10,-2.6420642588393607e-10,-6.736796332644696e-13,-1.3944066053348382e-14,0.0002321075443497725,-0.2676439895500976,-1.5238466432487552e-05,1.530346160508465e-10,0.018423993154978554,-1.9129032328500453e-11,9.38044849747445e-05,0.0051970695390430345,-2.7495217762965175e-07,3.051889248323514e-10,0.011178666370348424,1.307898713440227e-07,-2.0649320939673107e-09,-1.8162277727105727e-09,8.614185253009692e-09,5.578234655215342e-09,-6.573744068286578e-07,-0.006690152785856312,-3.38327721177213e-09,2.5433062615111797e-06,3.236742955472851e-08,-5.950109110750498e-06,-8.492296581930548e-06,-1.4456979122965843e-09,2.531095238895761e-10,-4.548704560770926e-09,-3.246564193235783e-10,-0.025607988192450328,-0.003026587437988549,-0.0002781335773568469,2.304897996261574e-08,-5.2191969945439744e-05,3.1301950906451546e-05,0.18256675897676844,-0.007515602938033731,0.2069143629193852,0.01324314566233552,5.4484091777550067e-05,-5.5523757292059414e-05,-0.0020432892940329926,-9.246538739522417e-06,0.001310564968679041,0.00012426130391106642,1.5997079940763837e-05,0.00010111703259919187,0.00010683380778813688,-0.014693832852651712,-0.10060699995483516,-0.0013821830821949886,0.06167016177149048,-0.05642755715149,-0.03879590973870781,-0.00031668513397331094,0.0001235360880364992,-0.003033441661107614,-0.2445829858215367,0.0037204531366942135,-0.07847278514123457,-0.01861841611062443,-4.152167611267751e-05,0.0418976959297824,-0.009148234727107218,0.05605590464391695,-0.03957896736506942,1.766819363369743e-14,0.11202225967953078,-0.23450802899348097,0.02777485962642796,0.14022139541198145,-0.165830965981984,0.010091733960020298,0.011158079939577108,0.047454741610688765,0.09595774551445005,-0.09985471543684495,0.0017207686426413873,-0.034192416228017115,0.15527357913795564
27,-0.5073063393884334,-0.11867876133444895,0.4857658255272117,6.370809231638437e-17,9.373145930501495e-17,2.5156610089019226e-17,-2.579381780165323e-15,6.806004751809634e-14,-2.415661793034742e-14,7.662080045615067e-16,0.18706690765592177,0.21333804114198743,2.213155674888174e-10,2.975705581301775e-10,-5.670918956941433e-10,-1.8120167427908547e-12,-2.5900757166098363e-14,0.0002443413046606385,0.28370935980748874,-5.501078573091459e-05,1.596841265597584e-10,0.009603379577435914,-3.5418333710343574e-11,0.00039421151736379086,-0.007244987086718517,-3.0334390318947427e-07,6.048018018665129e-10,-0.0145258988492941,-1.6334505248735106e-07,-1.6048908284809165e-09,7.457885199226892e-09,2.2174400048156797e-08,5.886212980446974e-10,-4.838765615642675e-07,0.007836287122795795,3.797331745570852e-09,1.2681387500602515e-06,-3.061191166741851e-08,-4.075546555269627e-06,-3.3376824611543138e-06,-8.316183092129428e-10,-9.954070056956049e-10,-3.0410632097345216e-09,-2.3433155088157075e-09,-0.008632320722121159,-0.0026009758377159822,-5.167482824004375e-05,-1.71395430961759e-08,-0.00015935414959940584,1.2347924446067147e-05,0.19704294939795725,-0.007615251993998701,-0.1835011880377986,0.058921513898390565,2.5547560683680187e-05,0.0002813127121600784,-0.003030998733110207,-1.454615304115035e-05,0.002518236678173897,0.00018691708472147613,2.4499266358675446e-05,-0.0002960471468446387,0.00037218750990033783,-0.023511690406231318,-0.15290293078268852,-0.057639061916891755,0.011436705009435657,-0.08209213974209513,-0.08964955415579219,0.0024197277491289928,0.001610530543592326,-0.0022736084546419034,0.029229738422641562,-0.001485746877394541,0.05190865741150179,0.10704569614353476,0.014828072109941267,0.06100476284979473,-0.09170502034593617,0.06778511612681498,-0.007638610743952247,-1.0054166397033148e-15,-0.2893733217864077,-0.026505956302908817,-0.03543622731474201,-0.027429323286914446,0.08122512425595067,-0.00614724973937583,-0.14932700679567387,0.11173841753847882,0.11167868468104981,-0.10129955024107276,0.0029968403944542945,-0.17316434750014878,-0.016167958852279295
28,0.001446706304791523,0.01076552939175995,0.004144966293624927,-4.6387361273539216e-17,4.130706780393253e-17,1.9703962756619266e-17,3.009177622587008e-15,-5.689482564813755e-14,5.364635344841232e-13,-2.3730184642693877e-14,-0.7378461996137353,0.3645569445262386,7.580207154171605e-10,2.1505614608062037e-09,-2.9956773297509943e-09,8.650361208554883e-12,1.368534162182514e-13,-9.4791676854372e-07,0.21856956640892242,-0.0003336342097546387,-1.7030447706772386e-12,-0.0010104580694532603,-2.5406464408643186e-10,0.00010329881494632254,0.006610097530881689,-4.1232021652911614e-07,1.1143778127510336e-10,-0.0035530758118578368,-5.098915298558555e-08,4.018777664436682e-10,6.754694804708528e-10,1.333323156193715e-09,5.6082887122020165e-09,3.7385814374755717e-06,-0.1834176287108053,1.9843944145190684e-09,2.6749519646880677e-07,-2.696841937259771e-08,2.0011793622964097e-08,-1.3370569824727849e-06,1.3491862027015783e-09,-2.3361267112089997e-10,1.4675017375100299e-09,8.925842518153689e-10,0.0008755004915445975,-0.0006422525195363905,1.3304655165676107e-05,-3.831376463852961e-09,-6.778209960256382e-05,-0.0001206487050108909,0.02698798762602366,-0.0010854058259402628,-0.021146979341922927,-0.19918881302625716,-0.00016815645257171587,-0.0002903626480611397,-0.002069329986647433,-1.3398997234756401e-05,0.01612164637127249,6.260952936870752e-05,9.237276668217492e-06,-0.0005716087011483427,0.0010722593315737573,-0.01659834172705976,-0.06888051384137622,-0.09771600580225603,-0.0734025584195185,0.05550445096746118,0.06698326804136268,-0.0002775430080762699,-0.006679370547000596,0.0001560446635160496,-0.006045842989139494,-0.004176772884269141,-0.07250556602252108,0.057918099543002234,0.11079741689900242,0.06912609057923125,0.12613199451999368,-0.10799780020973232,0.039015282519482504,-1.3970260602072587e-14,-0.008681183262685618,-0.05877672943985136,-0.0009776138093978786,-0.013580574753924157,-0.04800317099317572,-0.002205091214493032,-0.07836138625525362,0.007225733228793425,-0.21158088503829145,0.12907608690352784,0.0010193031067237904,-0.19105673870970372,0.08615225973828891
29,-4.864658703301841e-06,-3.9681263689139624e-05,-2.1452552883602464e-05,-4.834324977775303e-18,1.3068464623690275e-17,8.398933658057304e-17,-2.7178235869755255e-16,5.191550228260914e-15,-5.525226586582359e-14,2.254462897696711e-15,0.11573922180090705,-0.05909353737015789,-2.1041596358034352e-10,-6.101413565145595e-10,8.727912483203253e-10,-1.3161622690747094e-12,-2.0001092672949315e-14,2.0062023860143614e-07,-0.05769030771467629,7.925316727281688e-05,3.562440552215376e-13,0.0003600245074299195,5.953905562496141e-11,-3.80287227948472e-05,-0.0028706698541015193,3.410637303956079e-07,-4.0562722801477475e-11,0.0024241351644860767,3.707631511078491e-08,-2.776131953190107e-10,-5.710166604335773e-10,-1.148286361780542e-09,-5.894560000029443e-09,-1.4057763886611063e-05,0.8138863063950993,-3.372283100731034e-09,4.325233098012295e-06,6.736164494369015e-08,1.2694659054563253e-07,-5.994324751389382e-06,-3.746034891897192e-09,7.043828288874497e-10,-4.9994977501144144e-09,-4.967390630355742e-09,0.003324339820972876,-0.0015430446567081951,4.5408646285158375e-05,-2.340548713117625e-08,-0.00015826921541904352,-0.0002597778928527554,0.051634601507018006,-0.002069735467624504,-0.03807287009637964,-0.33386252670495126,-0.0002702589078716648,-0.0004894794317572799,-0.003229866442460861,-1.97743959077095e-05,-0.014300288267958558,8.685562692411539e-05,1.2856196721804821e-05,-0.0007462352175411844,0.0013188378223953003,-0.018830612535000967,-0.07727625540828927,-0.10822254730459263,-0.08014726881323539,0.05993888827568045,0.07220033172445839,-0.00029844464163983163,-0.007171280504142024,0.0001631702009049545,-0.006244657048794556,-0.004453409150523437,-0.07397865718557556,0.058601034830159444,0.11105199270782794,0.06828003427825749,0.12066485118642327,-0.09850513224948404,0.056705859998997854,-1.1937560833938006e-14,-0.00852917322727401,-0.05778295967934869,-0.0009847141588959136,-0.014185832759981339,-0.050038710747486885,-0.002264764586565546,-0.07633976440119472,0.00460139284927206,-0.20829257361693554,0.12798821193459192,0.00102298646444396,-0.1891474462913693,0.08525947857933285
30,0.008002153593369614,-0.00392000786079374,0.007392316442124841,1.0346526329236686e-16,-1.0774375999083892e-17,-3.775341549226928e-16,1.0222011707751097e-14,-2.702888448510066e-13,-1.608109809989648e-13,7.443553104379884e-15,-0.13563866359349144,-0.5937473667266996,1.4666045042110945e-09,2.8371465893713557e-09,-4.0761413386685834e-09,1.5954407746840355e-12,3.6909476522674015e-14,-0.0003108178655350886,0.5379030388890956,-4.789052261447874e-05,-2.092179589444854e-10,-0.013229099582903182,-2.0297027138851662e-11,7.27624561823844e-05,-0.003773248874979106,-4.788656930219846e-07,-3.5862379555273565e-11,-0.006271638869976881,-7.88993369989689e-08,3.1256644941608725e-10,3.4169969776255345e-09,4.879876543342905e-09,-2.8404399230510485e-09,-1.2931962039050056e-06,0.012895764891556197,-6.480993872027994e-10,3.2859202668110063e-06,1.1093706077626444e-08,-7.113897282541638e-06,-1.0218255818908965e-05,-8.148455405902428e-10,5.601882460154347e-12,-2.4377589970110934e-09,-4.683330411793011e-10,-0.020063485643154563,-0.0034137358428090055,-0.00022178053264813673,1.514908350905186e-08,-5.1601620610319296e-05,3.0249851324807952e-05,0.1982339817287925,-0.008182896871847407,0.23367414532076297,0.007968945255791955,7.758800933600925e-05,-7.132357606497989e-05,-0.0021109331845888244,-2.1167635991684795e-05,0.0008000583320863367,9.243365461234312e-05,1.1944540491665309e-05,5.792071585222432e-05,9.679516296588369e-05,-0.014362047943512644,-0.096287796107023,-0.004631624715558801,0.06072100441229532,-0.05393397393630381,-0.03607838167009821,-0.00026933757907574203,0.00025195693640860686,-0.0028976510513334824,-0.23361016206164975,0.0034685222793205688,-0.07137122636037257,-0.01680618876189171,0.0011460882344462016,0.04557045050150122,-0.010469461614903752,0.0550651527415925,-0.0388309872909182,1.7555663165641606e-14,0.11173103307330073,-0.2344379991225439,0.02993034612725802,0.13875139541936496,-0.16281421964982337,0.009676632709399686,0.012528244818409612,0.046445557241526776,0.09593597420660833,-0.09949046643162154,0.0017080217845727081,-0.03437239588725512,0.15445735229376628
31,0.008246652140267286,0.0019292189634291673,-0.007894051539397724,-7.772100286651433e-17,-5.425171343061179e-17,1.3788947447666174e-17,1.047205330858679e-14,-2.7193748704270126e-13,8.905819239126215e-14,-3.3668305084764775e-15,-0.3818520725589262,-0.4350635033687027,9.858410567708887e-10,3.1797276327912247e-09,-4.138929054762956e-09,3.657583727806334e-12,5.044269952313821e-14,-0.0003504718964174577,-0.5702291592625429,0.00014185548782953857,-2.3179256920098903e-10,-0.0021529354713482494,9.413728636395554e-11,-0.00033198944493528483,0.004166504454174713,-5.576360764992045e-07,-4.5315137381234923e-10,0.006645656337042435,8.578575870129812e-08,-5.109750396756894e-10,-3.1455057799328723e-09,-3.934939238501395e-10,5.274864921785378e-09,-1.2579261972274948e-07,-0.016442240540398067,8.367773738110666e-10,1.2909035744713252e-06,-1.0582863524252394e-08,-4.6957355748951295e-06,-3.376425243836506e-06,-3.042053046030621e-10,-3.883700019899996e-10,-1.6078557706706787e-09,-1.0710351186487583e-09,-0.007781229635019607,-0.0028335848977876707,-5.256787191103154e-05,-1.057690557872252e-08,-0.00014702521927772728,1.0309882672061683e-05,0.21268587868944144,-0.00826365931218332,-0.20834049249302541,0.070101121524967,2.940348487803978e-05,0.0003740736894068376,-0.003056106999998867,1.5097206230879141e-05,0.003225983604963095,0.00010152996275956173,1.3287319868014163e-05,-0.00023908307397405308,0.00034433097127341516,-0.02238301054102974,-0.14270242102152836,-0.056002615620056734,0.015582713565774566,-0.07530053934578299,-0.0799935061078102,0.002174392083690731,0.001480971163685398,-0.0021751762804154977,0.02361532307109525,-0.0013192545892116902,0.05050044680644437,0.10308858987420612,0.015558303322449571,0.05996109629681932,-0.08851434944344215,0.06815771005213066,-0.008013035713963852,-8.733384774596476e-16,-0.28923646963280836,-0.02676525205496255,-0.03674345770527427,-0.024943580844664755,0.0811166940673681,-0.005666416444573508,-0.14871797447478047,0.10688728075197682,0.11147061024281782,-0.10075918930408942,0.002966979954275164,-0.17259276821256003,-0.015660099249621973
32,-7.065556289957438e-07,-5.259017320752894e-06,-2.028615171969091e-06,1.918531032024832e-16,1.5321839187419409e-15,-8.383483136595816e-16,-7.479946823944367e-14,1.86036775116526e-12,-1.6352793480286002e-11,7.974163890763242e-13,0.018577012337376166,-0.009170006960469462,-4.5382654968650013e-11,-1.4938519621975002e-10,2.1765769570751244e-10,-2.426416603762081e-11,-8.671943508036342e-13,-0.000804438475566978,-0.004023748418881388,-0.007024093425655363,-5.287051000658243e-10,0.007958171396617475,-5.299097765661556e-09,0.0024081604312416135,0.6490444870709042,-1.4500351395145833e-08,2.3451802829316426e-09,-0.2964492684863046,-9.48220120777724e-06,1.1685480347508192e-07,7.492475489706191e-07,3.2070837545575285e-07,-1.366010269303034e-06,-7.085748476126835e-08,0.0037735318833212943,-7.907655424976872e-08,8.902842741571158e-09,5.583340565609997e-07,-5.777202553674504e-08,-1.3564549800807302e-07,-3.223064460995767e-08,-7.03736489746536e-10,-1.7842824371031013e-08,4.019388238142875e-09,-0.018727148893548637,8.597246646292017e-05,-0.0002455774613048705,1.6776841741336312e-07,0.001099673201843012,0.001813323756877382,-0.00534317177638854,8.559816660446022e-05,0.008262307932575094,0.02963268438706859,-0.0009316525547821993,0.0007150974719485237,0.0007631242328256272,-9.045766129691078e-05,-0.0052130685362916426,-0.0006473020753892704,-0.00013152280231083668,0.006947159874518162,-0.009794334737296911,0.025783660794707664,0.15471660705117946,0.28825741416684575,0.3964176157665503,-0.1990064960165222,-0.1547104198851157,0.0007589733879059368,0.022412427623551025,0.0003959457407446472,0.11364281394859589,0.009934570889016774,-0.012869427525380731,-0.008499623590793556,-0.05652418963184373,0.09696662139890923,-0.0024409998959967205,-0.03278154101928134,-0.12799103467864179,-9.994542978811781e-15,-0.01620037791460702,-0.06654286494189873,0.012726148364406316,-0.09121550981270178,-0.04856726259836192,-0.004006747415741349,-0.05368671166812059,-0.05470460240759782,-0.21898681884501145,0.10286604922893881,0.0007464921404382251,-0.17616655642900822,0.07475229844294262
33,-3.9169895727432475e-06,1.9202793683283707e-06,-3.6203526696599037e-06,1.0750794264804778e-15,-4.932071252852525e-16,-1.3977791570176738e-15,-4.398530953297771e-13,1.0650041582959548e-11,6.062834919388053e-12,-3.1370060134126176e-13,0.00467813371831161,0.02041881431125205,-1.6510682367349539e-10,-4.0007306633452357e-10,6.353363678226848e-10,-1.634794763209761e-11,-6.750831355447925e-13,-0.006313123331007051,-0.022411328818563357,0.003091044790254346,-4.030024311406659e-09,-0.6357933510788016,2.338000503347643e-09,-0.005156091921725011,-0.17716205557368214,-1.0883200534327335e-08,-1.3120233856903003e-08,-0.41823913300713605,-5.002918235903603e-06,6.971352566007688e-08,9.958193547338248e-08,-2.1102654984909315e-07,-2.1453544588740802e-07,4.2297377443215584e-08,-0.001078496205644305,1.0199722173801413e-07,-2.3231870077386526e-07,-8.85673948947807e-07,1.0018340343852303e-06,3.0339029524983912e-06,3.0985702521908424e-08,-9.483072179906447e-09,9.402341781397882e-08,5.263607271750832e-10,0.28313958314970267,-0.00011214291907010833,0.002952426468107803,-3.5864742816875267e-07,0.00017202105765443693,-1.0374352187586592e-05,-0.004504916885033398,-0.0001761575710442037,-0.00511009369191802,-0.0019095880755334981,0.0006900219849884708,0.00017038565093930138,0.000382959349080207,-0.0003304866176999919,-4.20264378791974e-05,-0.0011916506433610646,-0.00015261589111856714,-0.0013860769491279813,-0.000595432908887006,0.01298884908516587,0.1438254992169441,-0.1036488194137099,-0.021626048469503292,0.05999186728021868,0.06525389266767742,0.0019783963576017857,0.005296853840409096,0.003436753777392849,0.288963790555483,-0.007693292960384792,0.21531770656397556,0.060239085039115195,0.03681220473636458,0.1494428868169566,-0.056483325426433854,0.004924902594211483,-0.015881505742602647,1.444913923636645e-14,0.09910098350127175,-0.22712415874085076,0.09607717205293613,0.06088297071249886,-0.024587179534103942,-0.010732455504347456,0.042047970036885554,0.006834316907656571,0.09113114138696152,-0.0818291645221281,0.0011359612315594882,-0.04027669726732394,0.11846119226470156
34,-4.0292493074468375e-06,-9.440934539374125e-07,3.8544294776642746e-06,1.1080241176839928e-15,3.092882752427519e-16,1.5349525483541985e-15,-4.2656968296549124e-13,1.0339510497451665e-11,-3.116281858193448e-12,1.3588189236802407e-13,0.011567809920565336,0.01341987016461501,-1.2076127454401601e-10,-3.5060584417735796e-10,5.306015174381059e-10,7.77264493921221e-12,3.1033332495181406e-13,-0.005437540309245625,0.015811520895521767,-0.0012946966278573001,-3.4865648743687598e-09,-0.4037797258848384,-9.61001023624448e-10,-0.012821876365608532,0.24886512625459797,-8.03377038475508e-09,-2.0470732807254837e-08,0.531716106855622,6.157358777218943e-06,4.804491519867756e-08,-2.7918539723844907e-07,-7.180985852338897e-07,5.920273538420074e-08,-9.145097173705944e-10,0.001249222415888177,-1.1188916679485484e-07,-1.3206130839987892e-07,8.515274776460705e-07,4.779831092378266e-07,8.534292399790422e-07,1.630897215507294e-08,2.4716716742380347e-08,5.517411065721413e-08,4.738152616447517e-08,0.04934641624434139,0.0002808735273025641,1.7993986084100583e-05,2.894342630141603e-07,0.0008820853124385795,-0.000246242668663982,-0.028823432821941525,-0.0007653547925331561,0.02027308374729915,-0.006425968015860859,-3.553544202414537e-05,0.0016511919150199027,0.0011617695547358853,0.0009208441861556391,-0.0016559110006343547,-0.002917880497275833,-0.00038269946290299866,0.0019302837000215942,-0.0008049188802603086,0.03755536232821843,0.33710492808090897,0.0440175646898784,0.13501778402979783,0.2221321425931748,0.3204714732466566,-0.008103885070024734,-0.005143296963704388,0.002337449599504678,-0.20834728374695824,0.0053861988475284615,-0.040185092808890224,-0.08345981125803686,0.037197451340607715,0.004365593648879307,0.04991534664798176,0.06465844909612899,-0.004969046724788312,-3.651204526355507e-15,-0.27834508732719043,-0.034698130263530184,-0.07412860578925529,0.06691636303964398,0.05160685997341945,0.014864805764747276,-0.06706066368513729,-0.08480770955595598,0.10341202850099242,-0.07708280471715775,0.0016726872142574303,-0.14300758484984902,0.003307567639171574
35,5.792571861365263e-10,5.178003834431602e-09,3.925636772453102e-09,-3.919213244750502e-18,3.1643558061208186e-20,-1.3703752933877082e-18,-3.6447298494919514e-17,-3.8476354443941126e-17,1.8464149463536125e-16,-1.0873074194022672e-17,-0.0005683374406889222,0.00029868563108309976,1.6760721088673173e-12,4.946460352874302e-12,-7.228359302034548e-12,6.311321997935446e-15,1.414464455150996e-16,-1.2764980994438084e-09,0.00044110053870665734,-5.55576557932911e-07,-2.365581715781654e-15,-3.4915662935511374e-06,-4.1254138641803783e-13,3.78142214108241e-07,3.2289572162682605e-05,-5.8760788799362895e-09,4.001501426284328e-13,-3.7126580666342154e-05,-5.909524003017103e-10,4.285455168568719e-12,9.963821362896711e-12,2.0254107289815788e-11,1.1611254471649006e-10,4.4858710247859563e-07,-0.026965187283831932,8.328139805001287e-11,-1.9681990229939634e-07,-1.915985003544987e-09,-6.605656580381167e-09,3.4599000016627727e-07,1.1012445741076093e-10,-2.1212405290146685e-11,1.556386645496551e-10,1.71989504551981e-10,-0.00020579254015793154,0.00013234486216454555,-2.9699018604140794e-06,1.2290860828758992e-09,1.4005965450775026e-05,2.5428514840995266e-05,-0.006113566652261719,0.0002466226506347641,0.005121799308197662,0.05438613494866325,5.080145870379157e-05,7.835346399846386e-05,-0.010760182621806828,5.631631890749766e-06,-0.7572917347143999,-4.0885738606434436e-05,-5.85586150348227e-06,-0.0004159642936267749,0.0002916820389943884,-0.0006767114928273623,-0.0012017998805064112,0.0009569651104566085,0.003057334666765066,-0.0038290739523433306,-0.004950912269801046,2.2318308600567147e-05,0.0005659127747508752,-2.7665323676207012e-05,0.0014525194918768144,0.0004393765389697026,0.02353745232657979,-0.023150152624960063,-0.05595296124334242,-0.04957645967280251,-0.17086979489773174,0.268248193319344,0.5087806173012476,-4.2284503198838515e-15,-0.004604562244668569,-0.031548383569788334,-0.0008591035099539476,-0.02292295637136815,-0.07849224394449215,0.0006086032356888597,0.07595314058441037,-0.07337063534655418,-0.11668491938245604,0.0822067866099195,0.0008317571426782433,-0.11784804731313885,0.05274173748187322
36,-2.416808503024131e-13,-2.36747525404668e-12,-2.516876550068017e-12,-1.399283633524185e-18,-1.9311200748912693e-19,-4.1336895551292704e-18,2.582451355824241e-17,-2.3960253718494195e-17,-2.4072960264595438e-17,2.627047067374443e-17,9.723892017404965e-06,-5.2592025629559895e-06,-4.633822274962468e-14,-1.3915902081641238e-13,2.0769356720130457e-13,-9.899175395435543e-17,-1.6441100013797543e-16,2.824804705077173e-11,-1.1710740990008855e-05,1.3534351231647972e-08,1.5616993044668415e-16,1.1726037827831258e-07,9.860127930622795e-15,-1.3016638468870537e-08,-1.2550897169298707e-06,3.4686431627251017e-10,-1.3902837276151239e-14,1.9536904188560723e-06,3.233361431215494e-11,-2.274323090589953e-13,-5.952861734402614e-13,-1.2231597677914302e-12,-7.80749460409129e-12,-4.7885906703531966e-08,0.002982187216095582,-6.96485817143508e-12,2.921089618566833e-08,1.8340340725005312e-10,1.1064673815651518e-09,-6.353040147408245e-08,-1.0877492994149965e-11,2.143957713672602e-12,-1.6230601081534246e-11,-1.9824658984363417e-11,4.016734764064184e-05,-3.391790718235491e-05,6.078096342139272e-07,-2.0756268969309096e-10,-3.6800679316629426e-06,-7.22804466877795e-06,0.002000573392688903,-8.106985197620273e-05,-0.0018310026819421828,-0.021979196093046362,-2.2320422419873118e-05,-3.13282487994937e-05,0.009579832991183415,-3.0300603598625246e-06,0.6479373687074494,2.613999041316737e-05,3.709656956676825e-06,0.00045812057407801615,-0.0004659954789380138,0.005245201329972869,0.021735019274913628,0.03121638804152762,0.024230407202263105,-0.019091822489398554,-0.023235077210644394,9.738809961886719e-05,0.002362236975563929,-6.682796791859696e-05,0.0029579522109800557,0.0015364354985700566,0.04184743709695726,-0.03814637493194705,-0.08594243856061383,-0.0702595862435154,-0.22098522477478363,0.33097366504977993,0.5869324144682474,-6.544737282320137e-16,-0.004146366526778226,-0.02849287574011574,-0.0008554526546211946,-0.024607823113556887,-0.08403814051278488,0.001159573913153465,0.10234633496795038,-0.08674475830743414,-0.10608161719877153,0.0772018164401382,0.0008183912064439077,-0.10991777214612933,0.04911192372497401
37,7.4214958186005325e-09,-3.987636739776431e-09,1.0548876737400923e-08,1.5936882512842602e-18,-7.746543487436648e-18,1.717993101124887e-17,2.1499025140677075e-14,-5.402053690943711e-13,-3.385385380982152e-13,1.7222216695199355e-14,-0.0003856645098844927,-0.001735528336917681,2.287616578222428e-11,5.651079270101639e-11,-9.186638587497384e-11,1.3099077070318716e-12,5.231831381702365e-14,0.0006857460020610876,0.0029694477422337155,-0.0003727137367335694,4.3345898384097867e-10,0.10948099536788161,-2.7849387327911684e-10,0.0009130109184321613,0.0360497495369929,3.6560324144820616e-09,2.3008957401918586e-09,0.12187653263245253,1.5292835207171509e-06,-2.0506308992683906e-08,-3.3978657745453205e-08,7.296560349908171e-08,8.511010723815533e-08,-3.236692707026336e-08,0.0008732950710293785,-5.431744175288738e-08,3.1962661510460557e-07,5.733434762779847e-07,-1.7969654429232917e-06,-6.864616917605242e-06,-2.1027201735636556e-08,6.663523149552078e-09,-6.93572596561673e-08,-4.5606319209912633e-10,-0.7635811638906522,0.001105475264265275,-0.00926951331457499,6.558864463019748e-07,-0.002143062767636381,0.0006179634130914399,-0.05292285847443844,-0.001997998882388719,-0.03594627608220595,-0.008950474507396389,0.002683773792930298,0.000821206750684925,0.0007489503931864965,-0.000946518826281922,-8.383812715601305e-05,-0.0028776871912036066,-0.0003714040068841008,-0.002480488723331563,-0.00095884466414475,0.017779006223506484,0.19258136804186207,-0.13535000935981403,-0.027484388345106945,0.07468625619325954,0.08095892419840214,0.002443790698821402,0.006524396760654231,0.0040417399966377,0.33317134605797977,-0.009358248826451665,0.24383164771367138,0.06746799855848785,0.040784818397567126,0.16339179547840657,-0.06076504675790394,0.005251806512671305,-0.016714139830959023,1.2722243208157492e-14,0.09871438194672896,-0.22640063944434516,0.0979890940825505,0.06312725333606008,-0.025479092409240362,-0.012268952107590471,0.04557164806367435,0.007227894910877609,0.09098651112218607,-0.0823360429717727,0.0011554315589984829,-0.04046048898335744,0.11895533370117942
38,4.19112509503226e-09,3.1220226634430156e-08,1.2069189527132323e-08,-3.190460902027088e-14,-2.607813061390968e-13,1.4006582187334954e-13,4.343911550891455e-13,-1.0433589649619624e-11,9.089871045099772e-11,-4.589009986524555e-12,-0.005203502329829505,0.002580129476466489,2.3826169730024636e-11,8.36667090990362e-11,-1.249955776737584e-10,1.0356428226127868e-10,3.9296130883151296e-12,0.0017955545079359596,0.00026731164911738376,0.015321390334532056,1.1981469714417884e-09,-0.007557673685692407,1.175102601477922e-08,-0.005640258551663947,-0.6361090072419736,3.919558752927593e-08,-6.222335298265006e-09,0.29089401750057486,6.1170089988283625e-06,-6.200882828664518e-08,-3.2560136741784346e-07,-2.0209187690206625e-07,3.196291532147111e-07,-3.245383066537364e-07,0.016170307831636144,-1.7604535889218786e-08,-3.1004642292554814e-08,1.848484997471031e-07,3.344830378814991e-08,2.4457714604009717e-07,-4.726711431430349e-09,2.3151124530673928e-09,-7.621252878781491e-10,4.861197578644417e-09,0.011138056352126027,8.995850480220245e-05,9.99417876616411e-05,8.877488433299666e-08,0.0008526399670886917,0.0012593958494890331,-0.005618720573073825,0.00018531747725512754,0.009731203821272454,0.039833686574047754,-0.0008112653789911487,0.0006123555965223094,0.0008612846208001737,-2.784982351707176e-05,-0.006022494682420069,-0.0005576337151673084,-0.00011347280566867362,0.0064960522192977505,-0.009282891295454974,0.02676815245855511,0.15892242442927543,0.2962496018366549,0.40407150173139733,-0.20398191676039373,-0.15984193173289823,0.0007044494286417819,0.023077449536791084,0.00037321264117194566,0.1140626562839992,0.010538626901139036,-0.00913084842604927,-0.014356717762536908,-0.06815896815611953,0.0951280497284455,-0.012562013089664465,-0.025589408430146537,-0.13893693818973968,-9.077394590934429e-15,-0.016798615430393075,-0.06710208728833311,0.013539124410897989,-0.09614037057894552,-0.04770103546376721,-0.003799661792306142,-0.05036443237564781,-0.05874369884474794,-0.21899711256068632,0.10013952109328371,0.0007174119189143609,-0.17413887489264823,0.07343763801794531
39,2.3247011951200827e-08,-1.140245824591865e-08,2.1498590590647255e-08,-1.7825423685344765e-13,9.578195662206292e-14,2.5591593764395473e-13,2.395735951206972e-12,-5.5709479711804896e-11,-3.147848368045368e-11,1.6795090740237276e-12,-0.0015443368787173074,-0.006469713544395875,9.623331386946406e-11,2.4608143538694664e-10,-4.014442060668752e-10,7.978617724565567e-11,3.3816129581320702e-12,0.01181795617984833,0.008379018532298395,-0.005604438871862902,7.66096283618505e-09,0.5127199541832094,-4.317903498502053e-09,-0.0014818027052790972,0.137099127763833,3.819860469541489e-08,3.3938706566674833e-09,0.28527504189309216,3.656588992632517e-06,-8.876773425266582e-09,-1.654767598330925e-07,-2.685080087180486e-07,1.0586944703352251e-07,1.4782612636930943e-07,-0.0020827359317409874,3.8365954349179935e-08,-5.992428396130513e-07,-5.21831212629704e-07,2.217856640049019e-06,6.402734513976984e-06,2.9356851874762e-08,-2.9188667564556427e-09,9.030346190426706e-08,8.138193958475509e-09,0.5737248973596942,-0.00025081105463712613,0.006508935022553695,-5.439557378121943e-07,0.0010679316844417642,-0.00033141140281785724,-0.0023625815341829994,0.0012078920720299186,-0.009741442955512032,-0.00044041795806467525,-0.00022888933467083098,-3.5352469904891484e-05,0.0004029815367172385,1.9750144625799342e-05,-7.257125579229943e-05,-0.00047858474332766266,-5.962089223852919e-05,-0.0008586764787483553,-0.0003319955953786161,0.012553699257414152,0.13552274031736528,-0.09100173271351615,-0.02460744947854799,0.06358042630341347,0.06824824821354834,0.0017054373194591579,0.004629557144083321,0.003543170207487795,0.29678246204557074,-0.007395897183035461,0.2174445821948564,0.06050180472867189,0.03724364011494869,0.1472474749601671,-0.05672511397744241,0.000955478352315206,-0.013156445816268923,1.2547670292114585e-14,0.09835156442836811,-0.22712785648991302,0.0998898356970255,0.0530785948281003,-0.012305246326997506,-0.011112952730862335,0.041523042946393106,0.0029863544365037963,0.0909421334683579,-0.08010556463327476,0.0010761789731660325,-0.04066692867838072,0.115105290144263
40,2.392846730607542e-08,5.607690420919994e-09,-2.285006239340935e-08,-1.8329501296193454e-13,-4.6649246990205514e-14,-2.673895120392592e-13,2.456729398832199e-12,-5.7296218350899276e-11,1.711406792121309e-11,-7.811829158898732e-13,-0.00370021782165658,-0.004538100034204013,8.34450350588866e-11,2.3946454444929877e-10,-3.790172312239629e-10,-6.163780350181024e-11,-2.5220735853215746e-12,0.01172827332085626,-0.004278357377637984,0.0029362760756236534,7.625701043117126e-09,0.39504269038429307,2.2161081979919574e-09,0.018830803871569466,-0.2440658354079525,4.568773665071565e-08,2.803748221259747e-08,-0.5218585512866729,-6.5581502992881635e-06,2.7257039791174377e-09,2.685028832464529e-07,3.519873573023138e-07,-2.3370277193135632e-07,5.879999257447719e-09,0.0018590830676109725,1.0456057985878579e-08,-1.4503611922623137e-07,4.221011488976036e-08,5.049352844758825e-07,2.7363031922455213e-07,3.5481862571353494e-10,2.0842971523614826e-09,1.0391749694268951e-08,1.0594333421395661e-08,-0.024752895635182102,0.0004995514301404854,-0.000636991746122055,1.7854844735606295e-07,0.00046275672460787044,-4.987379893582256e-05,-0.04223423983259402,-1.5142204049392197e-05,0.029607182080508977,-0.010455814621648915,0.00013594013128349577,0.001307608616295056,0.0013338976507553252,0.0006862175052792156,-0.0018239971912144826,-0.002668377988688482,-0.00035021925404246076,0.001746452379479213,-0.000960368166465499,0.039213800483056005,0.3493386418392097,0.04629790319464351,0.13535347365240663,0.22891475782563916,0.3285257506797732,-0.008236392630904373,-0.004951756293936055,0.002648967143664694,-0.2088479260891238,0.005374766361350932,-0.041621596737712215,-0.09397052694320499,0.03776529214278712,0.001988874535321644,0.05911486318418068,0.06252666268190539,-0.005003476571423221,-4.863423338136242e-15,-0.27714747631212455,-0.03515645609621979,-0.07611880301429189,0.07350058552387516,0.04809354016288088,0.015524153118734294,-0.05772278419007429,-0.0985462404952314,0.1024161093180639,-0.07472492173541294,0.0015534408293324006,-0.13999941004796473,0.0049434525808163265
41,-1.0258017333739e-12,-7.645494537268147e-12,-2.9651473381537552e-12,1.2977638226755264e-10,1.0605410637025629e-09,-5.706364208901218e-10,-5.996944903638223e-11,1.3881452827809585e-09,-1.2000993022784795e-08,6.282815610734682e-10,0.0001053755437198889,-4.849772095393698e-05,4.986849106236284e-13,2.2383745192383975e-12,-2.5995799864999472e-12,-1.0839614033047494e-08,-4.368680139699608e-10,-0.07811415540299145,-0.0002880435555249459,-0.657173528320553,-5.337093926246509e-08,-0.004754955555370483,-5.165614028010431e-07,0.2552619105192709,-0.004331951785958293,-1.4750642041278343e-10,3.1305083852159673e-07,0.0021493950043199725,0.00011438781392784406,-1.924163800305685e-06,-1.3557218434580988e-05,-3.865333181468417e-06,3.0210140332765262e-05,5.653487908555544e-09,-0.0002929555602039465,1.8815139749120999e-06,-8.044079531673815e-11,-1.2081204965432996e-05,2.757270591927668e-09,7.870582968705735e-09,7.1820565022198e-07,3.4965288862849006e-08,2.999010980808726e-07,-6.088994162164969e-08,0.0013126192675703867,-8.26189430874698e-06,0.0003566427184611513,-2.2133124666221874e-06,-0.013856387285719344,-0.02358914389989471,0.0005861691856335196,0.00027350787731464485,-0.0008693164603503747,-0.00281326279180278,0.007791768191842138,-0.005316527374399934,-0.0001275677238540341,0.002058043914302224,0.0008025708602185828,0.0033669283153122476,0.0007697690384726903,-0.029621663787077375,0.03507289905495311,-0.008386162737353927,-0.05309123543197199,-0.12463507193523672,-0.17719374566101107,0.08079818907252173,0.053456220779887945,-0.0035859094455311944,-0.002689611814886153,-0.0007315534626844628,-0.07530317979293462,0.00963592382795026,0.06772490359881274,-0.1569260374815851,-0.2866262227661874,-0.038293281766252955,-0.24271054923213004,0.16923593474914056,-0.3340510187891666,-2.3535348018970307e-15,-0.032165523998255445,-0.07761743560570028,0.0262010987153128,-0.17800310304811723,-0.006364101782744548,0.008679157550591059,0.061633388364637796,-0.13025073899462492,-0.20830142929080486,0.021793459845814996,-0.00012959869135434118,-0.10777100956879646,0.03302819348483726
42,-5.691906148354707e-12,2.792801977153815e-12,-5.2681290681820114e-12,7.251948533362172e-10,-3.8971065909618915e-10,-1.0367733124578383e-09,-3.290957413768996e-10,7.3429549462860175e-09,4.135763419481818e-09,-2.2755720430042406e-10,4.966836350959111e-05,0.00018270288181013178,1.8708705980546615e-12,4.44338542628881e-12,-6.303186751457624e-12,-1.0459640541004675e-08,-4.55662811834186e-10,-0.49463471008431886,-1.9810007403826208e-06,0.2315441084397932,-3.2745937902738444e-07,-0.0024475536597379777,1.827835876686016e-07,0.4432944628654877,0.001916833838203721,-2.355838009368258e-10,5.677366693801587e-07,0.004050462208458916,-6.899459480685366e-06,-1.3273123484974873e-06,2.5311599596941856e-06,1.1506509274370731e-05,1.970297663852275e-06,-3.1359389079583596e-09,5.764584784631387e-05,-2.479508343608623e-06,1.7212186929385896e-08,2.0975264956605858e-05,-7.397013163027571e-08,-2.2770557813179948e-07,-6.992179093911312e-07,2.303108828317334e-07,-2.001082900360007e-06,5.97151277234476e-08,-0.02155189393112176,7.826543137816262e-06,0.008518508588824367,3.4817010637550886e-06,0.011987700147248601,-0.0059045132321229946,0.001713325393600174,0.02407335167634686,0.0003003424218785337,0.00047493903459944035,-0.02031190067361827,-0.0031690694326255934,-0.00010316743776854363,0.009273600227899918,5.526452782932625e-07,0.0168838328853256,0.0022036632223697513,0.015052177220660172,0.009192707990258321,-0.016551163510307172,-0.26645731271424056,0.39829911799496726,-0.05290980513647351,0.14284521716882048,0.15520441232766913,-0.011338478935854846,-0.025390318632798958,0.001488531740964497,0.018600317376958782,0.013536030899108707,-0.0015582056717580585,-0.01925521196753937,0.022388820947911,-0.04489446557831335,-0.01025340828573569,-0.08684332351048693,0.06566710401647556,9.734535909602202e-15,0.07373751716128212,-0.2155220204282049,0.1615836184527407,-0.15043281990508983,0.29698270054613296,-0.001890532697084659,-0.011589092600596594,-0.10129555855154497,0.08225936100236719,-0.029707061594325023,-0.0005824365155193148,-0.046785672457883794,0.018862794521808945
43,-5.86120803703856e-12,-1.3737684365368544e-12,5.584558058122437e-12,7.451177238206214e-10,1.898864739263612e-10,1.0913319195364143e-09,-3.3696819982180024e-10,7.543658838343221e-09,-2.212949732645528e-09,1.0583117681526964e-10,9.692368155043998e-05,0.00014351025022288661,2.509082313080148e-12,6.219991819555996e-12,-9.097914637975419e-12,9.63760003250139e-09,4.0980473328599085e-10,-0.4988171821412957,0.00017269626936477315,-0.12966165334222438,-3.310641500488925e-07,0.011613722523887145,-1.0015486959949871e-07,-0.48719869014390493,-0.0021514435687700066,-3.1218961682032486e-10,-6.242100944154935e-07,-0.0038586324676305682,1.0918921443599165e-05,-1.536715719251181e-06,8.950174247679736e-07,1.031895870037855e-05,2.4064526297819357e-06,-6.940092175498008e-11,-5.880521518328583e-05,2.853668000596796e-06,7.644769415088346e-09,-2.276423191080713e-05,-3.0890781240746253e-08,-6.130320425185892e-08,-2.710751879073028e-07,-6.062952254366264e-07,-9.224727515853924e-07,-1.0659520685820205e-06,-0.0041514027979254724,-2.073552671941321e-05,0.007912433177886279,-6.684874752237328e-06,-0.011653097315158295,0.005755909326513827,0.00328193297791057,0.02060389170173446,-0.001729770763749641,0.00045997856577753603,0.002442432670982463,-0.016884932752631157,-0.0001863352968337594,-0.009429325031090627,0.000293814221428449,0.018045696257993984,0.0023541938194764386,-0.008480285522983392,-0.004586394003202485,-0.013406113659898345,-0.13976090864310903,0.015587930875858946,-0.07846411745366898,-0.076392041557754,-0.1259924705585696,0.005241653600793022,0.014945032809475558,0.00725514124798503,0.15805837910626064,-0.005466184620200747,0.02403054081489418,-0.23268730158884945,0.013740598869746313,-0.023902850667641518,0.22856171619381196,-0.03356866375407997,-0.011591496633607824,-4.871531442777821e-15,-0.23680557866948246,-0.04727698676650588,-0.09871007146091244,0.20330575473343834,-0.06029465696955951,0.00817556090592037,0.2202868100939978,-0.3758857345228627,0.07211963088684141,-0.00820855996950807,-0.0016549045751341016,-0.05281434030963047,0.04766264843773843
44,9.86955499277742e-15,7.35805586001281e-14,2.8669809555030267e-14,-1.3390695900655087e-08,-1.0931698623768997e-07,5.890683928762e-08,1.9501111649772701e-10,-4.3414265249809505e-09,3.70849261934894e-08,-2.0169361390282084e-09,-5.818292632645416e-05,2.5172258648884996e-05,-8.407792260737752e-13,-3.4711514268299996e-12,4.481006925839681e-12,2.778859691519343e-08,1.1896566080977567e-09,0.0778469432372373,0.00029384438799216886,0.6528575115347961,5.4466173533892614e-08,0.004814831455606873,5.248465109170363e-07,-0.2533383194611046,0.017091548702291362,-1.0255048909998873e-09,-3.229702705672912e-07,-0.008089749974705053,7.191180059272745e-06,-8.546171499131324e-08,-1.8293669189266852e-06,-4.3282579204170687e-07,6.749888941063066e-06,1.1204780838388585e-08,-0.0005675853861480687,1.0108012225314362e-06,4.852412467512504e-10,-7.666326169153815e-06,2.0490275008916336e-09,3.3622677644591977e-09,3.4755557161234817e-07,-2.7067138690080112e-08,1.8395512376673343e-07,-8.682182132447099e-08,0.0010722786136046286,-9.348927026250818e-06,0.0002803956611979808,-1.8214127993292512e-06,-0.011329814931948297,-0.01849586128630043,0.0006584328104064582,0.000223333717754606,-0.001005979167079331,-0.0033910552303954514,0.007009803621033744,-0.004750413787666099,-0.0001394284220038281,0.001557104849291177,0.0008876536697744785,0.0030564437115275208,0.000693848484531332,-0.02775216119902222,0.03304938199259039,-0.008745889513375819,-0.054761462192291124,-0.13041960970348362,-0.18338440750500545,0.08352488949531285,0.05541774075446179,-0.0034748665073327926,-0.003078084039477663,-0.0007196716459628996,-0.07750147456211133,0.00915018824379243,0.06789450250020479,-0.15699885465028254,-0.28572177136247123,-0.04086611728626524,-0.24434962826577994,0.1718289202119822,-0.3351681572962186,-2.0745434169716594e-15,-0.03239359845509763,-0.07779603292422402,0.026304818113131092,-0.1783992719567088,-0.005569806942337695,0.008767257903623595,0.06361250684944826,-0.1304376813849465,-0.2081063605495301,0.01978094174429496,-0.00014955622344392405,-0.10586847984486727,0.03191420341569419
45,5.478690194830368e-14,-2.6888395338579758e-14,5.078105377504932e-14,-7.480193128355356e-08,4.018219465265792e-08,1.0660006054982294e-07,1.0627520939148478e-09,-2.2705352382532024e-08,-1.2682796164809252e-08,7.214892184704083e-10,-3.39028189022594e-05,-0.00011921636845629774,-3.3809299095071892e-12,-8.41754106758973e-12,1.2893823859878865e-11,3.2534142275175115e-08,1.4667390236190531e-09,0.49817340520999226,-9.601687678959392e-05,-0.23334105775725672,3.356506938509923e-07,-0.007142485034075812,-1.8767624378357896e-07,-0.44973915186836555,-0.004426038459577542,-1.0325218123113838e-09,-5.840586220353631e-07,-0.00847509997303468,-6.70356384229883e-06,-9.94869811070251e-08,1.311263497288645e-06,3.0407716895850464e-06,-1.2251614840177574e-06,-5.453832883193065e-09,8.637597505972082e-05,-5.090790504285431e-07,2.624551009916643e-08,6.287922598871353e-06,-1.064144323673515e-07,-3.203393330362125e-07,-3.5908516623424983e-07,2.8603811865494714e-08,-1.0171159912766855e-06,-7.676448914623211e-08,-0.029759256514500985,1.138105772583538e-05,0.006301702137531409,1.8389724330071002e-06,0.008770706746269391,-0.003853645437644483,0.0015639583236051649,0.020147628786578494,0.00043632721293485895,0.00046449562860789744,-0.01713472722782932,-0.0031844852954141718,-0.00010671077745284925,0.0077096320487203725,1.743583690875542e-06,0.015349192858771793,0.001998252802047592,0.013885435617173177,0.008240506852457646,-0.016305924656687208,-0.2612473152145884,0.3881697494593064,-0.05085197015173868,0.13680656834034707,0.14852817577993585,-0.011068621045173432,-0.024814123219984562,0.0014317843302769058,0.012051126045843522,0.013384230885489536,-0.007115011682595441,-0.021539540492806323,0.022080637350941425,-0.048809219676965075,-0.007807575467922997,-0.0879598291598166,0.06713682352329073,1.009042597370331e-14,0.07318852550238142,-0.21507066315908865,0.16208189300386547,-0.153653216344974,0.30183041253815657,-0.0015707148232782745,-0.012052010973970743,-0.1031859364662753,0.08197461392797845,-0.028347457934768394,-0.0006222936353679489,-0.04679187350928478,0.01635756920000243
46,5.6417636324596235e-14,1.3225266413510658e-14,-5.3588421765921886e-14,-7.6759422163606e-08,-1.9610344319140768e-08,-1.127718314256806e-07,1.0827136086100783e-09,-2.321567283221724e-08,6.643929039089079e-09,-3.3335322512628487e-10,-6.015975907323482e-05,-9.615416213693414e-05,-3.8519296276299585e-12,-1.0088256550233347e-11,1.5376253313155446e-11,-3.244279972432701e-08,-1.4412346510689533e-09,0.4957403628175212,-0.000138008963879873,0.12904275454825445,3.3504070936551244e-07,-0.01932285807620959,1.0172470216207643e-07,0.4835555826459301,0.00712003296852904,-1.2315219634233911e-09,6.276346042742156e-07,0.014639855167986526,9.484718697202707e-06,-3.6457704737096653e-07,-7.0332858170704e-07,2.368546938765554e-06,3.111567687653164e-06,-2.2943467170095716e-10,-8.35723983535613e-05,6.674926943603989e-07,9.649956251307173e-09,-7.0967924277233485e-06,-3.7912988214914433e-08,-6.313329569582982e-08,-1.5304445358346544e-07,-2.2788780361807026e-07,-6.132551121770466e-07,-5.188581162223316e-07,-0.003571148692068371,-2.8075026403626462e-05,0.006075022527528154,-4.106588247435909e-06,-0.00854323553735929,0.00362876275090867,0.0037775440891484138,0.01749120658081842,-0.0021612214570430493,0.0006165750991276856,0.001459956712862759,-0.014221814084176417,-0.00020596543448698834,-0.007839681913160593,0.00031963353379825483,0.016443497076683772,0.0021479686331791715,-0.0077667291253086775,-0.0038008523679593943,-0.014093489588992904,-0.14676379267981035,0.01772299841817647,-0.08095092041341474,-0.07873968492279072,-0.1297720598803778,0.005217848680269566,0.014506526800030822,0.007105676343204567,0.16201024148414103,-0.005350861983747404,0.025105098882064115,-0.2302098406319361,0.012471768750034378,-0.02426162852994544,0.22846456871701085,-0.03561155282699601,-0.011576885158240341,-4.128457948338664e-15,-0.23582417044856196,-0.047478109348068016,-0.09860053968020481,0.20440896802825625,-0.062004974845959064,0.00773519429569052,0.22298370252674804,-0.37789554176459444,0.07148326982115244,-0.00651877413757062,-0.0017287581942778188,-0.05043272959977514,0.048645200569768586
47,-1.3231542885907804e-20,-1.3592625005025315e-19,-3.9279346898411223e-17,0.08806749306403239,0.6548222414108782,-0.2517312316305721,1.3345928635839214e-06,-2.7482862860808387e-05,0.00021100967483131324,-1.2351078019128299e-05,-7.302601114951158e-09,3.0961634933725376e-09,-4.503695538797257e-16,-1.2721640267289585e-15,1.8298210576441648e-15,9.328477060421477e-05,4.448374368326842e-06,1.7967215222195774e-05,8.507989736994945e-08,0.0001672229882410702,2.9935553893931367e-06,1.758220541853016e-06,2.4245082767610435e-05,-9.465556453347483e-05,1.1894977005232362e-05,-1.632504643098115e-12,-1.4752956834268478e-05,-8.63553164175816e-06,0.04839627539879962,-0.0008421874594581946,-0.005136135264759969,-0.0014682072003496466,0.009705141363882215,7.598337188809452e-11,-4.1950168325871325e-06,0.0003825986762928009,-6.248471507327294e-12,-0.00180115634443803,1.3544742701230165e-10,6.231787644448504e-10,0.00012012888390300527,1.3203271116157413e-05,4.110778426099189e-05,1.7543307401823027e-06,9.025957850830906e-05,-1.0408265414242338e-05,0.007872713496230848,-8.224276228991973e-05,-0.22731428503045997,-0.38319043507275063,-0.00014781888201817345,-0.0006321878174850568,0.000143939593823776,0.00041844300651410545,0.008616562765135997,-0.011905121539317722,2.2307742947315365e-05,-1.4968870939179344e-05,-0.00013003804373058143,-0.007941773229230254,-0.0018143041511107098,0.12567051549106084,-0.1675937979272622,0.0005467250177772874,0.0033737674210527575,0.014898106414591737,0.020302200625567608,-0.007467854097608126,-0.0026149831587938426,0.012660888185933498,-0.018825678029461675,0.004124208437019201,0.012201946605979312,-0.04432573972984432,-0.029810305945120245,0.13768587689696965,0.28258830730024587,-0.13753583659956897,0.0045307399122881935,0.16940995984171592,-0.0854114675517684,-4.564450340482636e-15,-0.05250558775399395,-0.08778083628612124,0.0037067854342694197,-0.03019738759860745,0.011869712361272943,-0.012968882060763218,0.14820696880564288,-0.012017049340403886,-0.17820787329033547,-0.14826168628830866,-0.0017498652254890389,0.0729958927532183,-0.06337605728165989
48,-9.616367365676751e-20,-6.021731862482727e-19,-1.1464422669729087e-16,0.4885740526797115,-0.2393583352336939,-0.4515201647218996,7.110617737971331e-06,-0.00013964411020926844,-6.981722317091683e-05,4.258729085900215e-06,-4.803517626350601e-09,-1.7014028585344555e-08,-1.2684650314041623e-15,-3.3154091449151976e-15,5.371963419610716e-15,0.00012906649682805336,6.302032688595267e-06,0.00011486951697253916,-4.007263593780098e-08,-5.962701478135885e-05,1.3182754496111605e-05,-5.21006086398917e-06,-6.8644806817976795e-06,-0.00016802126307121916,-2.6403421314625867e-06,-1.950892905649035e-12,-1.1874121884073516e-05,-6.1724932795576285e-06,-0.003531488156754362,-0.0005569842203336173,0.0009359477854041027,0.004108642391754128,0.000717728245240005,-4.226378908488742e-11,7.791592569164236e-07,-0.0006181493439411745,5.45588242349519e-10,0.004222686634660229,-3.777707748017508e-09,-1.9475741580869254e-08,-0.0001086375675205709,5.125320573962966e-05,-0.00029000646043352983,2.7407396414172254e-05,-0.0036522521223859386,1.222650288527837e-05,0.27074348946072413,0.00026679951408022106,0.26341352460268747,-0.14609117262155505,0.007116527886954916,0.17819772281836824,0.0001346598742024356,-3.4176339182914576e-05,-0.04273217784822358,0.007533775705220003,6.713309948219204e-06,-0.004319597750816911,1.2306919085092831e-05,-0.03362432418021921,-0.00431795168888912,-0.053000875686215476,-0.05128214682445716,0.0020994541132923505,0.03509774863994592,-0.05362616434772194,0.009195062548853748,-0.01984311484132388,-0.02001882305542747,-0.017307671386138132,-0.044403110957195575,0.01340439223107742,-0.03387490865879716,0.04543893690762585,-0.0008615235397402592,0.1706543190016899,-0.21293202417591692,0.03218963343233875,0.29110692099850166,0.1595344728318434,4.082219418276475e-05,7.355086406070773e-15,0.01863152484328269,-0.15125683500536374,0.0009369009470559267,-0.046668374718132594,0.05804753433478943,-0.11692737826413727,0.08141843299657436,0.03220353435347775,0.0453803619810249,0.0997907185250693,-0.003396106836449823,-0.023571908537067712,-0.19156773886851222
49,-9.692086660021341e-20,-6.349523009278924e-19,-1.278018213956852e-16,0.5035184110702707,0.11772615079259609,0.4821550213005308,7.311484426355632e-06,-0.00014422408899911904,3.592595874414627e-05,-1.9616217514407093e-06,-8.108790519405814e-09,-1.3999300096926463e-08,-1.2819351299197062e-15,-3.770674833900354e-15,5.988996825224698e-15,-0.0001372872763266652,-6.642974181920677e-06,0.0001145826308641615,-3.661393526588692e-08,3.299387070834875e-05,1.365165766017769e-05,-9.284544755952507e-06,3.853979816986582e-06,0.00018016720185234458,4.856934216096088e-06,-2.3895928175686636e-12,1.2611961522185247e-05,1.4649359365264209e-05,0.005160242394924981,-0.0006835925400562674,0.00033029981376117616,0.0037323640118444934,0.0005497018508460371,-2.908788183771267e-12,-8.56100795227686e-07,0.0007040327944270708,3.2269472264419696e-10,-0.004591155187735838,-2.3626240767843224e-09,-1.1932929470792265e-08,-4.087717192422347e-05,-0.00010854693932093986,-0.00011253205827070459,-0.00014400594232511833,-0.002593032103789015,-1.2418499241390906e-05,0.2585480733083933,-0.0004413506326245596,-0.26885714625312385,0.159047208286823,0.006370561046936686,0.16420205521354048,0.0002527491147964567,7.596050403881539e-06,0.01959000821329694,-0.07027204652118749,1.7162903138133285e-05,0.00529079302103731,-3.2041603419741434e-05,-0.043403383640169796,-0.005496706660788247,0.039690342703609695,0.04785033284828332,0.0021326703916296767,0.026450811399151324,-0.014773353250126898,0.018007482658616618,0.0026847160831389746,0.011547664550620456,-0.00827697418693679,-0.045785907290060705,-0.024153671510506312,-0.056798165159466216,0.011137918487950982,-0.02069276612537984,0.3269609480323769,-0.10148213109681639,-0.08325599042600267,-0.15611260474937916,-0.18347381834863322,0.008305045455652653,-6.111717616819839e-15,-0.1467278353137206,-0.0693447642226482,-0.0010503722966715278,0.0426860244399807,-0.028480145856652834,-0.013926344751064785,0.054091500354998295,-0.14743813840038356,0.014117287128413376,0.13109959844764996,-0.007027473163040308,0.14960728296623413,0.117084451628833
50,1.2812613090944439e-23,1.3319741622411016e-22,4.026109768987287e-20,-9.026388537407924e-05,-0.0006713601776478839,0.00025844453069224404,-0.00010944674857503312,0.002185408701887997,-0.01662737459281799,0.0010035956229723286,3.594077093624528e-10,-1.432341210812208e-10,3.9195768643365855e-17,1.423021483404777e-16,-2.0892872598787373e-16,-0.006829774161034714,-0.0003391964262855215,-1.3838318214542508e-06,-7.527953751269819e-09,-1.3468325919020664e-05,-0.00011453422134114424,-1.7664419522065893e-07,-0.0009064270100435448,1.0009985385352359e-05,-2.566383397185074e-06,-1.5831968811060102e-12,0.000460457263257531,1.0950237042191787e-05,-0.7684212148094905,0.013659632209034659,0.07460706308759349,0.021989392711612765,-0.12456952933988515,4.5327913481292705e-12,-2.0953998147024312e-07,-0.0024853798995531744,2.0163294397463515e-13,0.007631839059185316,-6.031855428249552e-12,-3.516740633010633e-11,9.995742382254956e-06,-3.636043568348594e-07,-0.00020956288387181447,-0.00013994866432026114,1.8430127565564988e-06,2.598713814082415e-06,-0.0031055215756439058,-8.728716740743923e-06,0.06097457336608415,0.06479916636343316,0.00011341036096911235,0.0011507902545396461,-0.00010468881200634905,-0.00013578542971609753,0.09792200045460461,-0.0579970221144895,-2.2669453572574213e-05,0.12704203586756344,0.000125603664390248,0.03981324240736455,0.0046437511512352585,-0.30985528430375237,0.3469281237315472,0.0013008720356484436,0.007459968383477153,0.019509628097235054,0.024996281158100174,-0.009292896186461227,-0.004600806721848901,0.013503687782367792,0.0010628972380695863,0.004379566514832339,0.010969777462405694,-5.012765037894767e-05,-0.020828581504939696,0.0901876304618338,0.17199337838554482,-0.07494986598607063,0.014853553331091804,0.08013720492047795,-0.023364590051910373,-4.860749899287105e-15,-0.05343836286094999,-0.0851109598107284,0.00020064319002892396,-0.0016586382186687789,0.008529325580674,0.0022170373825990282,0.07858321085576618,0.00016950969370087873,-0.16640855518162456,-0.153426853768203,-0.008890497728194986,0.08821087796671061,-0.0669930107025096
51,9.405978694452775e-23,6.172155018616121e-22,1.1707707804162587e-19,-0.0004989662405419747,0.00024443873257754207,0.0004609949016556017,-0.0005792447818637387,0.010982025039005399,0.005364272477090199,-0.000336850198666687,2.1857318168149836e-10,7.604756425426312e-10,8.877664084930938e-17,2.5188496782951963e-16,-4.156845648997887e-16,-0.010152018326457405,-0.0005129038219756336,-6.628687414764146e-06,3.155025764009406e-09,3.4631639675394113e-06,-0.0004912033979984499,5.567361467627261e-07,0.0002401990148492451,9.671504991890978e-06,2.3197212640356487e-07,4.284865435691274e-13,0.0004511905807085394,1.2587335673876125e-07,0.012717062525627695,0.008665951894531504,-0.007148641012147294,-0.04993724165532117,-0.01912765957977055,1.4483195572935676e-11,-2.338630122278581e-07,0.00789393692799923,-3.631781640989854e-10,-0.046102681418218605,3.3609227878005233e-09,2.2274953487914414e-08,3.405658073443363e-05,-4.943413812773984e-06,0.002138150169842278,-0.0004281435602020326,0.005307450061188946,-1.3783504673587629e-05,-0.5194837995327579,-0.001467688520011342,-0.28073962995719615,0.11227772067118098,0.010616567980674153,0.2678515925779262,0.0004845022159302144,0.00029189547689575745,-0.473158171798776,0.04746525842568197,2.254924071382229e-05,0.3199198636832754,-3.164149107488607e-05,0.1829339915739996,0.01821780089061785,0.15637971026593347,0.1915564950266837,0.0018781019557139512,0.029071979171975,-0.0411322682257674,0.007473336904997125,-0.014500490417622436,-0.014917748928620155,-0.007268367599308709,0.005640718425119788,0.009833486737622386,-0.018624983647171956,-0.003362544766562869,-0.0008618214801904982,0.10374648319075304,-0.11942663689096768,0.01830908062000494,0.15823567836155836,0.09171661889219045,-0.00508966042668283,6.9272627712537816e-15,0.011031340162061498,-0.13785331072610765,-0.018586508845071396,-0.01638452489576911,0.009652364962454592,-0.02588445821974402,0.04642050270404581,0.02306524035120684,0.03986296536813794,0.10761322852497078,-0.010234429612850876,-0.017345402499927304,-0.1965612514006416
52,9.472572422737494e-23,6.473709849573203e-22,1.3052695952552318e-19,-0.0005142314059067831,-0.0001202252899243117,-0.0004922815717083864,-0.0005940429021059669,0.011316698067421678,-0.00266024651621677,0.0001506064441964716,3.543306703523798e-10,6.418516631975068e-10,1.038455637979658e-16,2.9051759854603023e-16,-4.516662680704332e-16,0.01083530147004482,0.0005442204093140811,-6.672243298877493e-06,2.126903115948303e-09,-1.949240189705519e-06,-0.0005051037129612612,7.68134146953971e-07,-0.0001228612547010637,-1.0387381147614713e-05,-5.020776789681349e-07,4.2060180608324756e-13,-0.0004838535301180774,-1.3403178050891367e-06,-0.019799200811202275,0.008939785149623467,-0.010384327213642552,-0.04821754898725032,0.007934765294923206,3.293400568136948e-12,2.9073640180020276e-07,-0.00869215032043518,-2.795009082490834e-10,0.04929679892548144,2.6989575371711165e-09,1.8129831187801958e-08,1.867074079382902e-05,2.5383079721065253e-05,0.00045623420832902555,0.001102021878150151,0.0046127293375845735,1.117596149667319e-05,-0.5002635308362076,0.0020332865297869934,0.29190981087960577,-0.13158647480652758,0.009923706558405075,0.23717983312497046,-0.00028933774338394785,0.0003727656072872251,0.19859538395193418,-0.3799246812234405,2.8598325787475823e-05,-0.3502430767586637,-4.8246733273053204e-05,0.29392604941980716,0.02950377913611861,-0.11982845417660039,-0.2018473797562518,0.001483177170196055,0.017932969947925766,-0.008591629434046642,0.010356481089508747,0.00553240819076497,0.011515028567877336,-0.004152507832191411,-0.004334931121250836,-0.01692048373423282,-0.03645649448705442,0.004892233557672416,-0.011332563683162173,0.1752876029394974,-0.05307509742411451,-0.04142637209003918,-0.09030132639161505,-0.09085015996244566,0.004125887456379747,-5.6210025965992845e-15,-0.13116147153571647,-0.07020555706523716,0.011144731390080152,0.006366718698494957,-0.011763203386362607,-0.026716960392949397,0.017768004105004544,-0.05360676892600708,0.0066672189546540025,0.1339110804687892,-0.012499104580209149,0.15869603097330987,0.11168599540150934
53,-1.0552239182926339e-26,-1.111610408315802e-25,-3.5235640904102956e-23,7.899139175480108e-08,5.877256583681251e-07,-2.2669583896276282e-07,0.00445018808680849,-0.08587683415181396,0.645866346364941,-0.040345251458920484,8.72749315685724e-12,-2.9291239682424847e-12,-1.5536694579898377e-16,-2.5471185148331494e-16,3.44947168303009e-16,0.248280173462401,0.012904379674376546,7.359455606643999e-09,8.302563759799102e-11,9.240377119183569e-08,0.0017952508973046817,2.446271755227104e-09,0.013616558376787755,-1.721623723732953e-07,1.1112425276023262e-07,4.1247134096519774e-13,-0.0052761209305831535,-1.1822558715389408e-06,0.10528539993894034,-0.007241129286574795,0.09307773022417798,0.024434789106466584,-0.4075903062225497,7.120151982788903e-13,-2.569171677886915e-08,-0.03244425252340448,-1.0685772894337157e-13,0.16195688049150944,-2.005231497488411e-12,-2.3041964506299027e-11,4.2446554927425295e-06,-3.53623625819938e-06,-0.00480498092020816,-0.003696344271800933,-1.3267748935777902e-05,-1.143251796549792e-06,0.002772187961024393,0.0015936368743583271,-0.028333015235867277,-0.005657423562984439,-5.665909721717926e-05,8.361767054388106e-05,0.00011344053163293816,-1.2013127007454397e-05,-0.18740038283023144,0.12865334805432807,-6.9587710792826346e-06,-0.3676855927959656,4.1118245333372644e-05,-0.03070680381365922,-0.0029670219958891986,-0.032119769406883186,0.14887609405702515,0.0001890614896584064,0.001154970305047851,0.0006263895410068678,0.0007007928067845315,-0.0002758197451452886,-0.0007526821267674235,0.00012591371913938559,0.023167248952910086,4.8168456197352894e-05,0.0006591581024014325,0.053026692679564384,0.0032699956896703524,-0.018711200713021202,-0.05318016375288318,0.03477526162674619,0.01696489656302272,-0.057864576076585655,0.057507253517041404,-5.199340314238143e-15,-0.053371561150233435,-0.07984671175823162,-0.003844315768133275,0.03286702050496281,0.0025051756699116484,0.018603729371209844,-0.039591096009513146,0.013617341346976328,-0.14758087850078636,-0.149240180913373,-0.01626701393350913,0.10102693828609427,-0.06681144153407532
54,-7.867904613008099e-26,-5.423766998785308e-25,-1.0249716678589304e-22,4.368665890148796e-07,-2.141500209672428e-07,-4.034172276163472e-07,0.02631635830475439,-0.48195588549530527,-0.23516893422630034,0.015176668834880922,7.2689667700718365e-12,4.716327495312491e-12,1.192799840794877e-16,-2.3342136431936796e-16,2.371624459084969e-16,0.4458346489247843,0.023309836719036827,4.4401556810581414e-08,-8.258338386801447e-11,-4.1386628450289656e-08,0.010177028310020625,-2.5618211963826352e-08,-0.004947232700257038,-4.4938882193174935e-08,-1.3490569631955163e-08,-3.713681208034628e-13,-0.00939394587314049,2.2222660986865847e-07,-0.011269407071732681,-0.0671474942988726,0.03276471082835128,0.3172237149110389,0.14523223440343927,1.2494304076589403e-12,-4.547412387244975e-08,-0.05883093954626524,2.0383681716382836e-11,0.2895882816701838,-2.800464102971425e-10,-2.3795639135340562e-09,7.741147304797272e-06,-6.626598142187399e-06,-0.00850477432136517,0.0024897822985446923,-0.0006753821633233738,1.5785826510983067e-06,0.07680405907332827,0.004401042989162925,0.02866705122964068,-0.009691257009118213,-0.007225243655069534,-0.1842967801101468,-0.0003245819707419736,0.00026271171775405503,0.023723050600138202,-0.14300160186601651,2.370186892135517e-05,-0.034999755576233894,-8.387995620024866e-05,0.22363456602404344,0.023175207535640077,0.2516314686960586,0.17531346160506164,0.00024692067382981765,0.002770754169366723,-0.0022818228246637567,-0.000314693121988338,0.0013436403013512442,0.0009456356238138517,0.007016911701580495,0.0616471299673631,-0.00027475683996203197,0.003395822974112674,-0.05925795329493632,-0.00017290525223950733,-0.002610268169473092,0.015506369435984442,-0.001775178248898571,-0.037243296534109294,-0.011703359327484371,-0.009731502927538584,6.377989668579755e-15,0.0022417969816862305,-0.12022373082590572,-0.040356166940937306,0.021702352640517432,-0.049408199986249034,0.08988698647709106,-0.007997767306944159,0.006753698785612144,0.0331520018417264,0.11442395397737722,-0.01772778422581596,-0.009441407972391283,-0.19594813227356578
55,-7.916682377910415e-26,-5.658911459421994e-25,-1.1430249226490973e-22,4.502740418834184e-07,1.0543744279866269e-07,4.3079148776906426e-07,0.026971750636225575,-0.49668046032734503,0.11630927209009709,-0.00683403306388889,-3.6745989726429496e-12,3.672066593501833e-12,-9.415603521164346e-18,-2.969333092861613e-16,-3.3494224107597883e-16,-0.47592542270533295,-0.02478956988595372,5.2223704995749596e-08,-9.700466712731328e-12,3.708022572382456e-08,0.01044750499337025,-2.523974384011369e-08,0.002500350767341373,4.2766791330431925e-08,3.5806017085297275e-08,-1.779095407578893e-13,0.010063168482325848,-1.2914725543782433e-07,0.028441255197669584,-0.0649991738054055,0.08281140220277201,0.31176577028275404,-0.0822855397449415,-1.4177811522402635e-12,4.806802352359843e-08,0.06361049891770633,2.044129853024213e-11,-0.3080799541070053,-2.623077715957506e-10,-2.185894536052959e-09,-7.747528881415636e-06,7.125066353730667e-06,0.0011696995281341137,-0.004116831716023445,-0.0006250615957859942,-7.608769031207623e-07,0.07297815883619332,-0.005050901541375476,-0.028072798585794596,0.013023149942157124,-0.006045920708648944,-0.15135041286106798,-8.294701461962774e-05,3.1067555243649994e-05,-0.1399147790693036,0.08407964502431899,1.912420663449814e-06,0.03298926441795209,3.033389481886634e-05,0.28279087514745577,0.029720181740972875,-0.2055607301037827,-0.16661716585415087,4.190786361197729e-05,-0.00013897118999896797,0.0019046435551341272,-0.001248071281187193,0.0032541971647702095,0.003017844999741972,0.0037052044999534065,0.0480065572468299,0.00016953083505485066,0.0012834174971856497,-0.005369928832679448,0.0022992825344178066,-0.049097885901121775,0.022619696614232937,0.016236754650641328,0.013846700167618632,0.04244033504888059,-0.002266486219251977,-4.766035023856898e-15,-0.11189860209391506,-0.07056067235303118,0.02465935853596631,-0.037937739554850844,0.009821590991890046,-0.033772088481586096,-0.024306975199313078,0.06773700909943373,-0.002360711428801616,0.13251717456057677,-0.018407731093242452,0.16516831948296598,0.10130399456052565
56,2.459744617188836e-29,2.6286106323401986e-28,8.747424530363569e-26,-1.9608741735840389e-10,-1.4594572646331036e-09,5.644729014915438e-10,-0.0043938157594181956,0.005837157576293933,-0.04313053704956287,0.03983607112435584,-8.055562012181306e-13,3.080591579981106e-13,1.9588600847127023e-17,2.930813995482539e-18,-5.930375131629188e-17,-0.016731126251414936,-0.015496436612752911,-1.2941281370063276e-09,-1.54539531477871e-11,-1.5569701420700784e-08,-0.00028808186989066274,-4.1763073896397807e-10,-0.0022046229955595686,4.095171124643038e-08,-3.466197907883008e-08,-4.10247559278931e-13,0.0008593860280497587,6.232260153618945e-07,-0.06224367341986316,0.009319121252115379,-0.19223268717578243,0.00587784903276347,0.30323461189112694,-9.487336754034168e-13,3.749593729498651e-08,0.07589795792053206,5.589457250791104e-13,-0.1223602917848558,1.5063412733406268e-12,-3.217768415932079e-11,-3.824471384313132e-06,2.570098887061659e-06,0.07941155404371104,0.7486376215381932,-1.053023247476727e-05,-8.216428007861453e-07,0.0018882293202844454,-0.28401392861814456,-0.020251166660471998,-0.008158654293149529,2.833586180843742e-06,0.0011149607988966124,7.716652610882596e-05,-4.839495053283669e-06,-0.11531417691650438,0.08322523324106287,-2.4505505595841976e-06,-0.2257284426558413,1.5054376950110266e-05,-0.02011187330328096,-0.001988652239467178,0.004506684897555871,0.0612603291514076,7.247221773584974e-06,5.490630442167955e-05,-0.0006141140551132367,-0.00012622770923252579,-0.0007522463211280466,-0.00028451290303181285,-0.0009766373904624365,-0.0459511589955121,0.0009058894236303245,-0.004889149516925652,-0.10964343564362161,0.009158370250956711,-0.04952215770041559,-0.09668826819689277,0.0565442396295122,0.013709160779683784,-0.08606465016941295,0.07267857464442011,-5.364499380053087e-15,-0.05413582952448965,-0.08056597500162826,-0.0048291023378971365,0.03962275542052141,0.0008877546027741919,-0.04026628733441248,-0.06432511659851364,0.015894524126462847,-0.14652532038080585,-0.1500855113364849,-0.01782064163998608,0.10452452933496273,-0.06846371911758474
57,1.865058251429006e-28,1.3517801596005833e-27,2.5453163599085576e-25,-1.0849526710182028e-09,5.320522231452983e-10,1.0012699395890913e-09,-0.02957465628694319,0.03238115330591933,0.015754722506819464,-0.013653760944881759,-5.706600596040436e-13,-5.830779986302639e-13,4.3973326144327e-18,-9.895545265183899e-18,-7.754057653766411e-17,-0.03012519098932372,-0.025479643583384882,-7.466715065645416e-09,1.536998819901303e-11,5.989916419885307e-09,-0.001645110831453362,7.480810833778106e-09,0.0008005379987597507,4.870394203996686e-09,3.7148310370580757e-09,2.9096611931033106e-13,0.0015184598608337094,-1.6360614805859686e-07,0.010664573993868,0.15289972291928794,0.014298058124483877,-0.23519847653837833,-0.10578481993881457,-2.716799405827672e-12,4.776624731995564e-08,0.13147255087892307,4.0902565897751555e-11,-0.19776474956038972,-3.9910243763454946e-10,-2.9327355656913443e-09,-7.66746986043345e-06,4.398643791714719e-06,0.5603808972001464,-0.25342842621338046,-0.0007427270537199614,1.8312038364155411e-06,0.0771724466973322,-0.5118209241075113,0.03553939180401384,-0.013145051222522372,-0.003392941908716676,-0.08561413270250345,-0.00011914620225894371,-0.0001129779055623227,0.13138028663793136,0.02274103334946274,1.6944748767649103e-05,-0.04778191866570129,-6.266259001976566e-05,0.1888100926576963,0.01974418711836967,0.17524747242352495,0.11323255383694686,9.759482365319028e-05,0.0010127255454472997,-0.0008947170351471877,0.00024158954107830784,-0.0008713379487206807,-0.0009576536041350849,-0.0011508113874264347,-0.016134981899713404,0.0004315015959426583,0.006086941415021962,0.016811758457424032,0.0005397232683986985,-0.049850813839529245,0.06295707704655859,-0.008004514599917611,-0.09037128997832958,-0.03851421434138351,-0.010778530343288592,6.297854137134482e-15,0.0009926105780160603,-0.11981704418452506,-0.04566530145481548,0.03044228897720973,-0.06303517826942431,-0.019792921116144294,-0.023828250344461458,0.0027680265243123104,0.03231379793814161,0.11759779744879473,-0.019600301774409107,-0.00847050384297519,-0.20098432689971119
58,1.874713374429222e-28,1.4031195223835135e-27,2.8390406511194873e-25,-1.1183076069903134e-09,-2.6216055811764827e-10,-1.0691702127504904e-09,-0.02969387646933475,0.033437529142301387,-0.007689398424514877,0.008235564804896952,1.1008384390765549e-13,-4.4294581570630584e-13,1.8253228318957183e-17,4.16372749458634e-17,1.249007363171916e-16,0.03206635661907708,0.02954458139866792,-8.329102754097297e-09,3.450569173965448e-12,-5.4814965398562534e-09,-0.0016902017570202457,7.195935362486454e-09,-0.0004019316215984018,-2.7206913622450996e-09,-1.2745186585413223e-08,7.151887630112214e-14,-0.0016325209909285304,9.316703302819723e-08,-0.018101123411980814,0.1344198314932432,-0.09570853209300997,-0.2214265801254809,0.05750353560070263,-1.4494733737874673e-13,-4.997219577829929e-08,-0.13590684702827213,3.400097895370146e-11,0.23256603818907748,-3.714213153756633e-10,-2.636807761790309e-09,4.464940439328648e-06,-7.4313571057553165e-06,0.5684855653947071,0.14823467550482,-0.0007123615772512912,-1.314764727628456e-06,0.08049192517529268,0.5478092894477251,-0.03882327589196236,0.017502939987786136,-0.00442236084051784,-0.11002434071391919,-3.719638200786425e-05,9.926063838818366e-06,-0.10203915232443785,0.06858669297269848,-9.539568282727787e-07,0.04357146127824148,2.133052880210762e-05,0.14429772032763893,0.01526007459030789,-0.1117509493162401,-0.08310806367135225,-5.6829471088207236e-05,-0.0006547185467823469,8.905573060618209e-05,0.0004831587094457995,-0.0030584632729310354,-0.0027830852586890765,-0.007413487501055348,-0.09793308337988299,0.0015163669129233278,0.015683354311263366,0.013519585269431117,0.005062698020451281,-0.08565402087210613,0.029600040028852387,0.029285976969193505,0.041515112881474255,0.07176235841005348,-0.0034241435610539495,-4.863770121154803e-15,-0.11090028063236776,-0.07157901749389041,0.02772544877266683,-0.046962927756382486,0.014723012752465197,0.0825713494551592,-0.030399288101171106,0.09180010443314313,-0.003989347152520383,0.13419901303177573,-0.01961393640287909,0.16932355953677203,0.102225225317255
59,1.8039829350652105e-28,1.9282314235433587e-27,6.421909338078473e-25,-1.4396734796284045e-09,-1.0713688834559162e-08,4.143739877877713e-09,-0.004252030029729388,0.08751983279812249,-0.6562354393111248,0.03844335680813263,-2.2403787162325006e-11,7.936418793003425e-12,4.901340847403727e-16,2.1822996493240404e-16,-2.903675367577818e-16,-0.2518616760876504,-0.012078670168221263,6.820392868221578e-08,3.809755547246477e-10,6.611616202943832e-07,0.0001886985318248909,9.025775058043006e-09,0.0015357001021859577,-5.437360028119061e-07,1.825565429479285e-07,4.270018692425414e-13,-0.0006159300117042323,-1.3883718707862547e-06,0.11718000413781249,-0.007166908963929337,0.09123367166873617,0.01787120417999242,-0.35203394657419457,4.902183384349451e-13,-1.6292361864221304e-08,-0.03357297616025777,-1.2878329298487597e-13,0.14155004296431134,-2.3180077058890575e-12,-1.9344800392432128e-11,3.380378130698153e-06,-3.1188856666584116e-06,-0.015078459651657303,-0.10733172088907136,-1.2775021876158517e-05,-1.2400271344685853e-06,0.0028229688515501823,0.04079882740581391,-0.030642146098562122,-0.007741982393847603,-6.172926244264255e-05,3.664106354322849e-05,0.0001190364151780191,-7.721518056835846e-06,-0.1953452031186503,0.13329209667798653,-6.522399035704739e-06,-0.38136767922835946,3.8745280296380645e-05,-0.03296912990901126,-0.003210727771893365,-0.024150695613939788,0.14334312572256883,0.0001540528404713226,0.0009613496188177307,-0.00011739220744599314,-0.0003707065432925314,0.00023120221912494528,-0.0006132488182884961,-0.0003766727051899064,0.033211693139140665,-0.00027904469751215615,0.0009180412601926062,0.07708999315672896,0.003566084406600323,-0.019435289785392787,-0.05735961400250694,0.036673512156305474,0.01740488975970509,-0.0601646460121718,0.058961274882079195,-5.25840764063472e-15,-0.0531709767719372,-0.07944662928141775,-0.003900797765896286,0.03346994262781955,0.0024494930112272414,0.027128673014514704,-0.04146163892478804,0.013823681308990567,-0.14689879840063239,-0.1490237322421273,-0.016353547319985156,0.10095397163299072,-0.06662462694418061
60,1.368007193423725e-27,9.924082917543696e-27,1.8685271146547126e-24,-7.964677736883196e-09,3.905715134377038e-09,7.350106143979325e-09,-0.02485604851366308,0.48988688092939797,0.2389217388613034,-0.01456212802070299,-1.669585438325094e-11,-3.719566381055729e-11,-2.550748909258214e-16,2.637874213067385e-16,-4.0398096478178843e-16,-0.45300247143978045,-0.022110185596805408,3.253686026856446e-07,-1.679449261473028e-10,-1.6535498542290022e-07,0.0011146410114915013,-3.978780506992185e-08,-0.0005407946635335392,-4.6073096880013717e-07,-1.8234346401246837e-08,-3.4134576684470466e-13,-0.0010345862310679145,1.8769427613871105e-07,-0.010455797408045975,-0.06939735698850438,0.024986048331648032,0.2789395888739573,0.12737540178658283,6.854685942802496e-13,-3.268453551528848e-08,-0.060570062181596884,3.221824442918043e-11,0.25233511042260753,-3.912205934843845e-10,-3.113934760812172e-09,5.503546988491935e-06,-5.600137430569043e-06,-0.08505312673028714,0.03725102269252491,-0.0008527689170103163,2.0432786593774143e-06,0.0944291310626359,0.07512002915567753,0.038027065660246835,-0.013381712194753167,-0.007878601145721895,-0.200959620546071,-0.0003578750423713592,0.00028678374901411574,0.02910560154073388,-0.1594845034973491,2.3214567669612023e-05,-0.04439455320111649,-8.3613279628768e-05,0.2173454748199502,0.022531936040529978,0.24998342794476394,0.17222891432115017,0.0001801742595339253,0.0016538793797478849,-0.0005276300372726707,-0.0007644728515738165,0.0023914251144246325,0.0019615879872981255,0.008671614101042304,0.07372569305406737,-0.0008520705034382912,0.004022182465343484,-0.07117981485501569,-0.00023367728142901847,-0.0012237374443873133,0.015295739829574532,-0.0018552042477418538,-0.038894215807815075,-0.012772480655784844,-0.00976701609014007,6.2675211525123874e-15,0.0020534605740819088,-0.11938284137150924,-0.0405387635683651,0.022180734816390595,-0.05009746703067952,0.10900695060132212,-0.008339461544143523,0.006525379828870143,0.03292521471635853,0.11411157049276446,-0.01777601688486882,-0.009245762421788036,-0.19504266381543187
61,1.3750456187645125e-27,1.0299930930967361e-26,2.0841333181998174e-24,-8.209439692347678e-09,-1.9247444778909196e-09,-7.848177788103348e-09,-0.025498503079222443,0.5046885380838795,-0.11846120392401738,0.0064218748291468754,-1.1097023429243713e-11,-3.159728322114408e-11,-8.937248771276787e-17,2.5058546133851697e-16,2.7777799981463585e-16,0.48305544391877253,0.023219952427379318,3.24783398411116e-07,-1.124076492228526e-10,9.29671954715419e-08,0.0011703660225686715,-4.9114382573864373e-08,0.00026396511093220484,4.904347117274047e-07,4.60047638455541e-08,-1.643591655778523e-13,0.0011346470033146907,-6.348470272230763e-08,0.025173776342903364,-0.06588823895055801,0.07622073472149883,0.2734186312744869,-0.07148564035532756,-1.2910635103651807e-12,3.2387586097203707e-08,0.06485036808243104,2.914859918386837e-11,-0.27177977568938316,-3.4601301207852915e-10,-2.766169561231373e-09,-7.536668565917003e-06,5.4490127334087105e-06,-0.07844642554679755,-0.02425864607011114,-0.0007739515363710963,-1.1157715674098941e-06,0.08924805209698523,-0.08078093406700035,-0.03746739336470174,0.017268386691011352,-0.006469229253480713,-0.16161333460529,-7.588294674878758e-05,1.946095506350419e-05,-0.14864631769201123,0.09788317307360142,1.1614975932002067e-06,0.04397116175321632,3.250104674060389e-05,0.2825552207367114,0.029734692678767008,-0.20800785763239588,-0.16595459402578167,-1.3054468302642393e-05,-0.0009111560472029105,0.0025896347092599884,-0.0020110827952657794,0.003942031211264311,0.0033407077090552247,0.005564287001288445,0.06987801193385923,0.000799362942420516,0.0010889965923102341,-0.00855913979997477,0.0025366302864279974,-0.054139523806660365,0.025038445835562355,0.017013269618872607,0.014825687967104722,0.044453532573266855,-0.002441215411928413,-4.685630065299762e-15,-0.11116659298677797,-0.0703747767554504,0.02482378693195679,-0.03866297592885583,0.010101930722404444,-0.04941313293165491,-0.025250759596601377,0.06977366313948674,-0.0024034330680743955,0.1323370079004642,-0.01848125266744965,0.1647804383026791,0.10076850968264037
62,-4.3948811736095796e-32,-4.7735360485282125e-31,-1.6730727157978492e-28,3.750440352636614e-13,2.7920049484068795e-12,-1.0840779491698382e-12,0.07937019595761673,0.0035610216582874416,-0.044143315022529814,-0.72064868173871,-1.511908605013041e-13,2.3547822114759536e-14,2.80132680773113e-16,2.712521266802953e-16,7.93610291466188e-16,-0.01437332807531034,0.28256407546640033,6.847074290886229e-12,1.9405480241199676e-15,-1.0792611541240375e-10,-1.0326221449363752e-06,-1.2156355205997224e-11,-2.2802968218598076e-05,-9.218401710754773e-10,1.6259699277167528e-09,3.3278262778899627e-13,8.07081241880399e-06,-1.0271815350301234e-07,0.013905748932891501,-0.012619541456909624,0.2661768588634203,-0.05728974971540883,0.0544535801787421,-3.425744786935642e-14,7.548406399088679e-10,-0.11618934028194569,-1.4781571330333304e-14,-0.020952413684437378,2.2156146508151993e-13,5.9106249226374786e-12,-4.212767170264953e-07,3.5509604741426434e-07,-0.003471524342422265,-0.04903503016170401,3.001297575619508e-06,3.0741862157586325e-07,-0.0006263386409686527,0.01704065293901906,0.007728995827254436,0.0012832539055259097,-3.22400942252634e-05,-0.0013323100909702608,-4.06930082194044e-05,1.856558761098222e-05,0.06197781789838245,-0.04949555000431745,4.022456808935802e-06,0.1372113075615947,-2.4006869815018924e-05,0.004337563757707463,0.0003359089247163054,0.03881855322427677,-0.08811262695233875,-0.00023990074996989736,-0.001457300815893138,-0.0020779262591757064,-0.0011945185600241391,-0.0012312391356618438,0.00039374007888231567,-0.002272513702145363,-0.128710332555696,0.0018976761019355469,-0.011651317921807928,-0.30470385956666113,0.01586139920967191,-0.08421228432378362,-0.14590781002419978,0.080705345042194,0.009117461117612247,-0.11887111166890951,0.0899468211717739,-5.486495720948832e-15,-0.054690674847932594,-0.08183894049646258,-0.006224168335872798,0.04791975413281173,-0.0010284748772079343,-0.1128379812361105,-0.09201435301421801,0.017408433663088165,-0.14802554199016035,-0.155066421401522,-0.01950458093677363,0.1081063693910447,-0.07226616480175631
63,-3.395776309993944e-31,-2.5955989702831495e-30,-4.869486989997727e-28,2.075780076927044e-12,-1.0181965226045638e-12,-1.9141653637542003e-12,0.5456443408695848,0.029260342020589993,0.015426280989865095,0.2482339227313327,-2.0312451555876954e-13,-7.42437594461508e-15,1.1608228290332145e-17,4.683941826040669e-16,1.3819006471978759e-15,-0.02424353586748621,0.4775086165129405,1.719993395254918e-11,-1.6596435069221867e-13,7.316112625514341e-11,-2.214261041022766e-06,-4.0020971683325597e-10,1.2955922130141916e-06,2.365571710511634e-10,-1.1659783635683507e-10,-6.082548003920378e-14,-3.633760756676067e-07,7.555520944331707e-08,-0.01120771111017056,-0.26026048169852817,-0.10100677930379519,-0.02987907042382093,-0.022548016801225583,9.536096769608672e-15,2.6706608191990177e-09,-0.2062811010336063,-6.385045738549286e-12,-0.04029571799539957,8.276682267494499e-11,7.239182144189394e-10,-7.487061400358468e-07,7.117540601477677e-07,-0.03512049500190528,0.017051223404234105,0.0002106181231662872,-6.173354819349961e-07,-0.024599888038692397,0.04028641850498152,-0.01130711102721594,0.004004607899515575,0.004612305474312752,0.11901598019492492,0.0002673306943064292,-0.000498235991433416,0.14262783620769995,0.22673197771885462,-2.309386554401573e-06,-0.005468131043362444,6.095798696092079e-06,0.025600543688029134,0.002906903195785121,-0.03358015589810797,-0.03163426257007176,-0.00013644045313545905,-0.0016723636936341803,0.0012209688732106674,0.0009409638276409919,-0.003712532916626715,-0.003363473838650788,-0.011996049547392933,-0.11863542235829733,0.0013224525430624277,0.009146694441079694,0.11643968568551193,0.0014172216281308433,-0.10730524799935698,0.12004391208917549,-0.015520115018483839,-0.1531512241534773,-0.07022880702687843,-0.01193791180679371,6.590432522621407e-15,0.00020956044143218797,-0.12006472577185907,-0.05196065942994155,0.04066973158604639,-0.07876281581210887,-0.15989250236596245,-0.04256866649167752,-0.0021867143030687088,0.03152321717493678,0.12110940172873794,-0.021721571984564668,-0.00823845766851181,-0.20860070742327816
64,-3.409240953545232e-31,-2.68000494826652e-30,-5.4322131905516345e-28,2.139622086087259e-12,5.020622955743841e-13,2.043676163485763e-12,0.5425389518403029,0.0286157626349045,-0.009124150349576384,-0.15069233555122263,2.1343436286475441e-13,-2.846480926320941e-14,-4.939463278326008e-17,-5.848097626956876e-16,-2.0137767750106204e-15,0.027365473320988373,-0.5376705183542002,-1.1522020059013304e-10,-1.0979442821940332e-13,-9.124246970386388e-11,-2.095561481215294e-05,-2.678020748077365e-10,-2.6366735570616875e-06,-4.908176327553329e-10,7.804715631738567e-10,1.3503507193141707e-13,-1.602826422392568e-05,1.5422914637535427e-09,-0.0005697893713242999,-0.18715333000941603,0.07467538884957184,-0.04973140609665902,0.015739820076619032,2.0205016428532218e-13,-2.6570420309481606e-09,0.21448936764385654,-5.3360954748949336e-12,0.03890663743064293,6.742338272779624e-11,5.565193925333187e-10,9.339698575346041e-07,-5.323936140599615e-07,-0.04144078975814526,-0.00891941403465106,0.00016127175950729706,1.7237974607768615e-07,-0.019085500075255276,-0.03316586596577637,0.006877837704528761,-0.0031004775707648598,0.0020844250653774144,0.05256445665676333,4.5791985080711876e-05,-4.964021397283076e-05,0.05837305398896933,-0.009421159116047718,-2.319740407569148e-06,0.0006575604932070864,-1.059173559389396e-05,-0.11977084403080608,-0.012490580132344158,0.09221557588268477,0.0783993960940565,-0.00016307731484824909,-0.0010790319248033195,-0.0024006480160381565,0.002667500310247247,-0.010764769659136765,-0.009883745035847841,-0.020551193765936553,-0.27079658577649085,0.003057463666702711,0.03258476001174432,0.03574234030971379,0.008068715179220736,-0.12500248923773455,0.03730648863312229,0.043533229151317555,0.07393347144697099,0.10647378148446042,-0.005547331363175618,-5.039917337003442e-15,-0.11136207965233505,-0.07278597222006296,0.031625467016255196,-0.057938042237579195,0.0205222888458304,0.22468331862984273,-0.03603087588076205,0.11891729030710348,-0.0041617879845523755,0.1397188247233564,-0.020933604914034783,0.17551423661882792,0.10631830816902942
65,2.3911082082131532e-34,2.6437858326654133e-33,9.771497520486503e-31,-2.1904975171661415e-15,-1.630924109464554e-14,6.3667503494709965e-15,-0.013340993347876431,-0.0006331436452616259,0.007623026307498872,0.12034676025693383,2.9985501619087237e-14,-5.703418048754518e-15,-3.1348393015105285e-17,-6.475373365048447e-17,-1.4540457070284792e-16,0.0025079645039104937,-0.04737325798082302,2.2455266241313575e-12,-1.2799067384778735e-15,5.019153519645579e-11,1.0708908122619165e-06,7.586416516344455e-12,9.31268383536065e-06,6.838043743969285e-10,-1.4602080188828824e-09,-7.886361941799324e-13,-4.159609618682284e-06,1.7353969041180428e-07,-0.02606087151561994,0.02836103132303311,-0.6547000543507768,0.14858056150845905,-0.20981473995841665,3.848232454108272e-13,-1.3651687507023721e-08,0.2860172780893736,-5.268233742037493e-13,0.08181332053121786,3.603701152907553e-12,4.1685907867151204e-11,2.06145225632566e-06,-1.4327412121887722e-06,-0.028402156943422883,-0.21475583352609523,1.2814031707199166e-05,4.2686675197479747e-07,-0.001825548263007424,0.08329097026144862,0.010831812529330161,0.0028997629213515556,0.00011870204981919986,0.0023772320429130116,-4.600216835420696e-05,1.547792462912948e-06,0.09021854227120947,-0.05722641137175715,4.956948665655206e-06,0.1823327783594074,-2.9170045335001246e-05,0.011209559780314468,0.0010329676216372693,0.04360663767868513,-0.10519727395992004,-0.000266885941933884,-0.0016180563959900833,-0.0022450892817286214,-0.0013195885879585352,-0.0012637447147083574,0.0004875591825280904,-0.002363305963075517,-0.13731992472209503,0.0020017781768136935,-0.012424729150082107,-0.32662359637522803,0.0165837628128714,-0.08775787488514318,-0.15139687376563082,0.08330317148853988,0.008736969170723252,-0.1223500622215136,0.09178342235090442,-5.37694266075882e-15,-0.05469170325609935,-0.08190026104807945,-0.006361868073801225,0.04878851664938796,-0.0011987095902799482,-0.12058634575532806,-0.09492605129527144,0.01752617939058548,-0.14812179371346523,-0.155598462406382,-0.019662793802508946,0.10838959166251891,-0.07262963836144898
66,1.885852271711614e-33,1.5216264343761975e-32,2.8445620071969683e-30,-1.2126607238531915e-14,5.948889785029501e-15,1.117190711736675e-14,-0.09020031325934912,-0.005017212475965992,-0.00263045296531508,-0.040922076224953384,3.574999973468092e-14,4.002051654233244e-15,-1.8811983507302774e-17,-8.473553444140823e-17,-1.8035000821716374e-16,0.00408662433973511,-0.07745241491607825,3.8371006586092876e-12,8.600145127988855e-14,-2.306481560340191e-11,2.444397492830296e-06,3.0117562292775094e-10,-9.25831898885559e-07,-1.1440520519370565e-10,1.5520804898635134e-11,6.953633507751686e-14,3.6761431603580837e-06,-1.3573086564306855e-07,0.022497908142135464,0.5375813346750772,0.21461276676798413,0.11703565745690285,0.07154571464360421,9.79524974488289e-13,-1.7618107301885266e-08,0.3804445665832917,-1.6448894039325776e-11,0.1193034557006548,1.825058186699844e-10,1.4813109164989083e-09,3.5391706264709125e-06,-2.1653255488989774e-06,-0.18539460084261108,0.08248213923242725,0.00040890600416048376,-1.1588390152351346e-06,-0.04592592906844945,0.1700436495360848,-0.021662413420430914,0.007844103870669571,0.007038210758523212,0.18147586086593878,0.0004042378421465138,-0.0007300086643511986,0.20160270105416989,0.33545916326793274,-2.6469036470239336e-06,-0.0020466151399602768,7.696990116955003e-06,0.043448880937577004,0.004855279910607015,-0.04489207668053193,-0.04221777029355629,-0.00015170369496456582,-0.0018540732518188428,0.0013833304230246053,0.0009677907225390726,-0.003854005748347796,-0.003475982936029943,-0.012671707537558103,-0.12488656102785876,0.0013803434670774477,0.009244681844314463,0.12285060806851335,0.0014834123146195458,-0.11150110972183383,0.12418916090177184,-0.01610274853934983,-0.1581264321212943,-0.07291104806022429,-0.01197056610583734,6.6347460975128224e-15,0.00010420663067458664,-0.1200804596902499,-0.052453230678520917,0.041518087400613295,-0.07999841844276008,-0.17146728259238941,-0.04404540897922969,-0.0026807434021939185,0.03143645741709415,0.12135286391686345,-0.02188776902615348,-0.008170545756700058,-0.20913969557658108
67,1.8908197854753232e-33,1.5630678211320634e-32,3.173661853724361e-30,-1.2499568116162396e-14,-2.9352528834482053e-15,-1.1924354756652655e-14,-0.09042485115362792,-0.004960667762032355,0.0015789953449845597,0.02531052701076823,-3.670323336758022e-14,7.0102240741369805e-15,3.043646176283759e-17,8.002509111129211e-17,3.1889626552911223e-16,-0.004791460769943746,0.09040027286358933,3.72927223353711e-11,6.642863207846493e-14,3.266802172080382e-11,7.222574846525326e-06,2.3939239308774723e-10,1.8431024270422256e-06,3.48408510893127e-10,-7.691754397296805e-10,-3.654975762802964e-13,9.628820976645586e-06,-2.370036652230444e-08,0.005122616984287637,0.46630674602033845,-0.17245278075331685,0.1788267516677036,-0.05372153682968669,-1.6782069904942085e-13,1.9735982651888292e-08,-0.5301480516063044,-1.064763000049755e-11,-0.15372715590212574,1.2536598183104546e-10,9.53139179761388e-10,-3.0803107425396597e-06,3.4360890403519812e-06,-0.15253867148200717,-0.046068678434661094,0.00026816264020063834,4.6525451275887913e-07,-0.031206270237748072,-0.1614713435084929,0.014883290801649912,-0.0066017880705615045,0.0025334547142911814,0.06340827252653942,3.1348920827957964e-05,-7.309122923304463e-06,0.06365091752056316,-0.042198341678020654,-2.897753817749781e-06,-0.005171414433713942,-1.3013350894991193e-05,-0.1609402581068056,-0.016830284578203954,0.11377220621889829,0.09628246447694967,-0.00017694784555481467,-0.0011478853157357856,-0.002664590412553769,0.0029221162188280297,-0.01165316549432323,-0.010701806895823639,-0.022105894048133224,-0.2908248780058515,0.0032326928672933384,0.03447866819280959,0.03928031438486078,0.0083914983064635,-0.12959691803255502,0.03859808913178314,0.0449755529003131,0.07703241982173877,0.11005916447674656,-0.005826842858251085,-4.741927841559845e-15,-0.11130933349911472,-0.07285147029137083,0.03198233658032384,-0.05904437814705075,0.021035127294292435,0.23949975731161655,-0.036692096583646056,0.12175511081363362,-0.004120288847763678,0.14030779651425873,-0.021068124523242568,0.1760053675495996,0.1066276936547274
68,7.427434867983322e-34,8.214185760072438e-33,3.0379810745944434e-30,-6.810339043670153e-15,-5.070564420842097e-14,1.9796136867820956e-14,-0.06229927840125493,-0.0030388222829295713,0.03645558325043168,0.5651648286159731,1.6320305116731723e-13,-3.7085885478619265e-14,-1.518343657052094e-16,-3.482841688166585e-16,-8.0260343437721e-16,0.011963162527696105,-0.22134712415916832,1.194629561443891e-10,1.6188400477298679e-12,1.5621288073038322e-09,2.7147455594272025e-05,3.849211290398237e-11,0.000220599511368118,-5.121880142976312e-09,5.303444941858497e-09,6.21470220681642e-13,-8.483669023592439e-05,-2.1578245111306613e-07,0.028017013947866567,-0.02016037442942288,0.49279577022908677,-0.10471753925895032,0.09239828697148018,-5.980611267444795e-14,1.266982168344882e-09,-0.2126178484895218,9.436095703187373e-14,-0.035024248332972456,-1.0859333189145983e-12,-3.664664264050915e-12,-6.991549211396635e-07,5.669311608674558e-07,-0.003370677765788104,-0.06602789574950516,4.587925932443758e-07,3.540320057128884e-07,-0.0003716347115898959,0.022429015747576712,0.008828268284185528,0.0015031663319042268,-0.00010204715089011312,-0.0031902883865027876,-4.887708869517152e-05,2.835233258354467e-05,0.06504466508837807,-0.057963468040867126,4.150778689352646e-06,0.1494721859305655,-2.5023293514014462e-05,0.0033584294644054004,0.0002228855375312783,0.03935951518159065,-0.09355882908545579,-0.0002489966787448724,-0.0015153566693119772,-0.002125514050647865,-0.0012300986717276312,-0.0012542187669975437,0.0004122114191622843,-0.002338117399310194,-0.13180828715349974,0.0019340682349139814,-0.011886870893696602,-0.31139233495045016,0.01610102758534936,-0.08551432440511474,-0.14761248074815153,0.08156623181359496,0.008889530540941607,-0.12010857048382495,0.0905883049434029,-5.500845818875398e-15,-0.05471580645041211,-0.08188715398751341,-0.006280089497037981,0.04824540563370716,-0.001106460045654542,-0.11559841218895564,-0.09303224052884773,0.017447409209718642,-0.14815246329093265,-0.15535292856224892,-0.019567703986815236,0.10825165888417937,-0.07242447205867601
69,5.86589198257823e-33,4.736462536047609e-32,8.853977423424244e-30,-3.774548708872974e-14,1.8518448456411634e-14,3.4795035627866276e-14,-0.44186370802908914,-0.025139251391301624,-0.01323748054802382,-0.20159759210883002,1.9855837994261384e-13,4.9414245289685704e-14,-9.502977578707892e-17,-4.254577373301603e-16,-1.0795205748311583e-15,0.02143718008699348,-0.39495383886027924,7.496606027893995e-10,-1.7084554174693683e-12,-6.147898554824652e-10,0.0001655067870538567,-1.1395362295339217e-09,-8.160073701150532e-05,-3.6266180728277e-10,-4.466813954032501e-10,-1.0766464911742147e-13,-0.00016331820016121158,1.2999950545706708e-07,-0.018823893638460806,-0.4330823701323005,-0.1665175278949174,-0.04368804819121118,-0.034541935136699196,-1.17609608341041e-14,3.6115520543405776e-09,-0.33546043763394057,-6.831845449261412e-12,-0.05926416311311229,8.633364357709693e-11,7.422282357015748e-10,-1.1090508409755798e-06,9.949598155264537e-07,-0.039930055080666625,0.019743965107612685,0.00021321881017413393,-6.059247900124531e-07,-0.024648780050708096,0.04595113931944729,-0.01111796680485951,0.003916684191104322,0.0041512658804172585,0.10698180659302467,0.0002342580361048777,-0.0004124853707326074,0.11124503749251356,0.18917016655504487,-4.111342394476229e-06,-0.0026135443711539953,1.2351439193794918e-05,-0.0010329216191456647,0.00010033629681526906,-0.04892306557561909,-0.040633719642018465,-0.00015139574319137744,-0.0018400183831258463,0.0013429737041085416,0.0009954625231739925,-0.003914624642424091,-0.0035387444170117016,-0.01269452514676846,-0.12528038806589945,0.0013776063823098964,0.00939404824968236,0.12280580875835913,0.001462660035906174,-0.11058252440039076,0.12336112886000267,-0.015951607511878792,-0.15651348245355168,-0.0718067553771502,-0.012051514094587712,6.7163166495172795e-15,0.0002203361281040445,-0.12003972610853719,-0.052294841724631766,0.04118361628251856,-0.07959958625664604,-0.16722621241160202,-0.04355411761693256,-0.0024072101533647214,0.03152197685041689,0.12131476136027762,-0.021826200725801676,-0.008299211676128267,-0.2090168703780225
70,5.874821422502904e-33,4.8595401905790347e-32,9.867036415291672e-30,-3.8861631772810616e-14,-9.125681735908325e-15,-3.707162930228141e-14,-0.4258349082636061,-0.023873280092733234,0.007480072583479775,0.1181046826940198,-1.622777368255555e-13,5.3345460851801105e-14,4.8913269536419214e-17,3.8928663649078355e-16,1.565253823930172e-15,-0.02276372239047865,0.4208048560247813,8.560136554488906e-10,-4.494219617543886e-13,5.500661811492198e-10,0.00017243399115532981,-1.0392974682982068e-09,3.86092611690252e-05,-1.2965161368848957e-10,2.1809539150317924e-09,2.423589061870531e-13,0.00015948746788343603,2.2246647748484567e-09,-0.0007575891197392204,-0.3531711056342921,0.13635424440509308,-0.08599631156841939,0.026899267040267717,2.960966613876952e-13,-4.03631544261695e-09,0.391649841876854,-6.762668212223684e-12,0.06486591182012312,8.361748541340457e-11,6.801031401272953e-10,1.5026758173560087e-06,-8.76416900723189e-07,-0.058125472055264804,-0.011024360378040977,0.0001954998976046263,1.9376796024510945e-07,-0.023003648421503674,-0.04331001414772802,0.00784054538880592,-0.0035712027166429306,0.0024687868650302173,0.062326102627955855,5.9283930761045997e-05,-7.415090161685705e-05,0.07082346954378729,-0.0018183198146880402,-2.1270610695923162e-06,-0.0010123792917691753,-1.2492444674062193e-05,-0.12411720259916639,-0.012942635950945292,0.10085961586817685,0.08476083451220345,-0.0001653691954450745,-0.0010786592673983236,-0.002497106893288117,0.0027379671758759635,-0.011014159569634089,-0.010114513812313698,-0.020947637648907058,-0.27623531428494197,0.003106898746826402,0.03315774775351489,0.03597473130697532,0.008170940407356077,-0.12614286370456754,0.03733451075029256,0.04407073832930038,0.07534767947434595,0.10785406727956126,-0.005622800838360937,-4.939225324739086e-15,-0.11142893650061399,-0.07283705086804933,0.0318075589865819,-0.058392466102353706,0.02080244234739142,0.23024125065735843,-0.036156035554224426,0.11992301388998727,-0.004154444418061863,0.13996916992584915,-0.020976870536863635,0.17580917885713238,0.10658422621372894
71,-6.274855946867594e-31,-6.814598584529243e-30,-2.3877426400853983e-27,5.3529444615617916e-12,3.984202237922309e-11,-1.5469021724817438e-11,0.0004448420583589741,-0.009469438144217707,0.07093525583502047,-0.004019736331724166,3.5911972541900466e-12,-1.2362082657433118e-12,2.13556146442116e-17,-2.2776933813767677e-17,3.926372016245376e-17,0.027233880746967167,0.0012512021956739671,-1.1185523672305782e-08,-1.0243221495137293e-10,-1.1527046832383883e-07,-0.008535662255675763,-2.764326724904242e-09,-0.06487689708870482,1.4812126794748748e-07,-9.212446823491031e-08,-4.853487716271611e-13,0.025083653549821575,1.2124768837675024e-06,-0.11394989084533264,0.009112056039578043,-0.11728030145602435,-0.043142807004085015,0.61520762432233,-1.5067488200000217e-12,5.846763846973967e-08,0.03779521141767304,2.5891356674049536e-13,-0.2426836308157822,-4.8926730183044024e-12,-9.664077368088863e-12,-7.515753389594135e-06,4.817948269916129e-06,-0.04501579476707199,-0.4765345542476029,-7.766502836726414e-06,-1.0737729140693373e-06,0.0019618372646481065,0.1792510634576086,-0.02643425116152677,-0.011393065865347982,-6.321832575961085e-05,-0.0002968541809868401,9.583147411064164e-05,6.707888188677418e-06,-0.15458458566391475,0.10326902476493961,-3.0171719504166235e-06,-0.29565173250149734,1.8695284796920618e-05,-0.028426197905109744,-0.0028327640141872067,0.00977807720606202,0.07691519357177065,-4.2531275255503256e-05,-0.00015491296984996815,-0.003643212093462826,-0.005507097642976767,0.0026728222942232404,0.00015338472166986122,-0.002771758541438797,0.07793749221541857,-0.0018168992147529982,0.0020726397953277965,0.18521280589808078,0.0047528213507239,-0.021982178318260444,-0.07389218377900936,0.043929188761715594,0.018946423649529014,-0.06856691441878572,0.06401676642198313,-5.151378464242003e-15,-0.052148436434266116,-0.07734579224274782,-0.004016964114323708,0.035391344913659056,0.002250372208017046,0.065025266463542,-0.04851207476155376,0.014560347939311767,-0.14317931845619178,-0.1468105048378314,-0.016549345100042436,0.100065897436092,-0.06510165456597801
72,-4.84684663587426e-30,-3.7039542764752713e-29,-6.948943627173764e-27,2.962207838217801e-11,-1.4529227084281767e-11,-2.731721297033093e-11,0.0025871077878226395,-0.05296081833679889,-0.025829687136801283,0.001529206804118144,2.7234888002651173e-12,7.202861796784818e-12,-6.624359070960224e-18,-1.0906143646199304e-17,6.222553520242304e-17,0.049069399154238864,0.0023162563975847733,-4.983014419264565e-08,5.7834725567207e-11,2.6457779314870122e-08,-0.04846273473870584,1.9540438068042295e-08,0.0235477893293441,5.119497615569961e-08,9.647510958667291e-09,5.035977372203447e-13,0.044802389859480034,-2.4939311564622066e-07,0.01132826730022858,0.07927606790149397,-0.054908820281086616,-0.46687060045324447,-0.21574542535734,-3.4630041305130926e-12,8.612392429038582e-08,0.06946612681824405,6.009836259960269e-11,-0.43811392716683034,-6.05669174441603e-10,-4.286031487295048e-09,-1.6642597389965133e-05,9.968755273032756e-06,-0.34789262223985246,0.15833877745915678,-0.0010934889526073948,2.759309813882222e-06,0.11442929771979331,0.3235719020339285,0.05347402819690893,-0.019923975066835607,-0.007152616111117088,-0.18244129901389586,-0.0003349235487037543,0.00026054996077152956,0.034376249410290736,-0.1533955613394919,1.3775552272155634e-05,-0.055681011829846014,-5.434895807543991e-05,0.12678527332896722,0.013178970999447912,0.15977885650618903,0.10451294333048054,-0.00017584109457405915,-0.00404659140669067,0.008090090094654213,-0.0028767397099231486,0.007229630336670021,0.006697381736074202,0.015696065652177214,0.12415863055851824,-0.0035324308681683888,0.006694953006124802,-0.12111997278639812,-0.0004897514992362322,0.004883662633412563,0.013862980516107124,-0.002093585726944011,-0.04482458977555513,-0.016768995463886556,-0.009752179643670714,6.0487889373561205e-15,0.0010818966645155328,-0.11495256391455876,-0.0406058812516563,0.023589130431187277,-0.051986780336073325,0.19096400288500612,-0.009635148537375349,0.005666014865034963,0.03171859022534532,0.11186911841245638,-0.01776152325754531,-0.008011941617456064,-0.18890641432192434
73,-4.866058329018634e-30,-3.824456719006005e-29,-7.751921973224912e-27,3.0532924426316116e-11,7.165439687173832e-12,2.9163211761901436e-11,0.00265501221407528,-0.05455367603664881,0.012822239190487373,-0.0006661152799918184,2.6134746419505734e-12,6.203800143310533e-12,2.2497360692361455e-17,-2.1474691650501345e-17,6.1043467646088895e-18,-0.05227189216771676,-0.0024057764708853616,-5.0182465632290565e-08,2.976403948390905e-11,-1.8868180523984645e-08,-0.049808162426326345,2.1967252784908178e-08,-0.011886884710277665,-5.021728216700866e-08,-2.9548526887548912e-08,2.563386224617851e-13,-0.04792709338699726,1.7075559201023658e-07,-0.03575083141126444,0.07761115254017231,-0.11572967636979269,-0.46124316916683306,0.12479784051975898,1.512421754202463e-12,-1.0129969523467925e-07,-0.07723064569030315,4.5375710226419833e-11,0.45179337080239207,-4.757401827776352e-10,-3.533798450464535e-09,7.730503012713942e-06,-1.3308999338088196e-05,-0.3695688568427348,-0.0914074471766674,-0.0009491267959573556,-1.830208487380917e-06,0.10695226664753357,-0.34668228170638415,-0.053325609708698686,0.02415137798522965,-0.005556255985958158,-0.13792700835647007,-3.149396930580285e-05,-1.8743547245276492e-05,-0.12470656607877242,0.10444843983561715,-1.6014159725961542e-06,0.05967666100303004,2.8251779815464106e-05,0.18781599992164308,0.019885693303333996,-0.14623585989959967,-0.10974491103053223,-0.00026700427339087287,-0.004412095398301341,0.005469143756896085,-0.005427932050145081,0.00679946950939208,0.004502400562644371,0.014021517190267195,0.16863310105597593,0.0037352069274078,0.0001299997222216776,-0.02369464235597187,0.0034981665322317223,-0.07455373064159526,0.03483224639201985,0.019905200525529982,0.01849045395629386,0.051769584805956156,-0.003063645083281653,-4.545919268883796e-15,-0.10730788756902522,-0.06932867620315879,0.02501958326114846,-0.040853234148335645,0.010906108033432328,-0.1185477935830217,-0.028697024598149982,0.07685563293594136,-0.0026145202999430005,0.13030120875005266,-0.018610822585758035,0.16156417650340085,0.0970068298326271
74,8.104217991525356e-34,8.960337568765081e-33,3.3116733282179135e-30,-7.424465241521404e-15,-5.526818873340097e-14,2.1574594600480775e-14,-2.2598429402307205e-05,0.0005053103331201147,-0.003780640243921389,0.00020421373936754542,-4.1624814777782736e-13,9.60345489991667e-14,-6.708560062968317e-16,6.32903404846393e-17,-7.957685625706881e-17,-0.0014464108712202671,-6.223814411910262e-05,-6.091043205630378e-08,-3.7799137860059543e-11,-5.661214283655861e-07,0.08920031533301852,2.2301398272814624e-09,0.6785184605033312,3.564924232061966e-07,-4.91298143459318e-09,6.937556409119639e-15,-0.26135878879288704,2.6626087030913985e-10,0.0007462605432263964,-0.0001753009985822834,0.0025053763361438026,0.0018582263184484585,-0.021434522738161127,8.227191998592664e-14,-3.3889638348239587e-09,-0.000513978408929018,-4.773557238668308e-14,0.008102555239153476,1.4354303554193964e-12,1.038878044964065e-11,3.3699424264976637e-07,-1.1751911493285913e-07,0.00572715709066196,0.05545895171517608,5.3849815174119975e-06,4.98759830723698e-07,-0.0011009665432330118,-0.020489490885741736,0.012563682189938091,0.002518237531564111,3.82583528044163e-05,0.00019953361126879874,-5.9886319979101337e-05,1.1152746527298091e-05,0.10927372590288148,-0.07310083997042598,7.665962880176723e-06,0.228570819704265,-4.362403024611631e-05,0.015535585806857061,0.0014287515517458211,0.07818080299987079,-0.15251757853866585,-0.0005621847191765181,-0.003153397611717586,-0.012112640511908778,-0.018013538584554904,0.008660253684559168,0.0021677228885530636,-0.008578145415236901,0.18302208945435458,-0.0055775938962152405,0.004851447750134725,0.4407298970655393,0.007493988635273806,-0.02756208296026114,-0.112863514817886,0.06121437216298112,0.022663780051260726,-0.08994138254958897,0.0778002804698818,-5.232286835538052e-15,-0.052994397012538594,-0.07863962111810537,-0.004855033458517273,0.0416422954197922,0.0016079459730963244,0.1564499312807918,-0.06559025381114492,0.016483751493726276,-0.14500717836792884,-0.15174122591363975,-0.01796532136607746,0.1038267195364594,-0.06789833881403204
75,6.390558973162634e-33,5.156657651205945e-32,9.639971652966296e-30,-4.1095848600110124e-14,2.0158729489176132e-14,3.7863213101415956e-14,-0.0001306999883811105,0.002825470895248675,0.0013773225480611963,-7.827905736263804e-05,-3.9667006331688836e-13,-1.264918652960548e-12,2.444439660195576e-16,-3.6264171613640586e-17,-4.526289431859228e-16,-0.0026246576401713407,-0.00011958669746312617,-3.5212800462089323e-07,2.2827385401271583e-11,2.0435806169196437e-07,0.5074578956964004,5.789635794238402e-09,-0.2466205790647814,6.20047806199949e-07,-2.3243238730317168e-10,-1.45429474847526e-14,-0.46755437892962126,6.174933332934933e-09,-0.0001592731185007982,-0.0012396587120811996,0.0023055767947655677,0.015522083096189191,0.007340944479606626,2.4118087794585677e-13,-4.017648536405406e-09,-0.0010315067252833774,-1.1215528632784882e-11,0.015007437849088978,1.3410566936944946e-10,1.0815990068883184e-09,9.529857672195873e-07,-3.216299202444199e-07,0.041369013442049955,-0.01869671501320411,0.0003016409316877186,-7.364606809446313e-07,-0.03403774206912218,-0.037475847495963104,-0.013260712013058366,0.004311615477303285,0.0037308164568280104,0.09529493635044847,0.0001681103464443902,-0.00014111272639510397,-0.006709113273546159,0.07218602959495438,-2.194748454256401e-05,0.0050782275892483275,6.887843566194748e-05,-0.19726527117120052,-0.020335698763750416,-0.2082211598007351,-0.1510351059962401,-0.0010892445846102388,-0.018333881969127937,0.029259647953266944,-0.00796748633532602,0.01879523533974867,0.018081090359958953,0.03168539086604036,0.23802752896069698,-0.01004496347203293,0.012992601695602412,-0.2342749785508711,-0.0010945803882094374,0.019747599211285473,0.009931511054532624,-0.002608698803883119,-0.05955846362016781,-0.027089172221693297,-0.009778648221780588,6.252113138126828e-15,0.00025717931005803975,-0.11362345418240755,-0.04353511607020773,0.02848012781902902,-0.05890163913745331,0.3855358731446407,-0.012821971519270253,0.0033652780106685006,0.030599473253584513,0.11221088607680109,-0.01871879081458041,-0.0074139345155216805,-0.19069392475529487
76,6.407320820385944e-33,5.29701252605959e-32,1.075513940692534e-29,-4.235933871075721e-14,-9.948304838924082e-15,-4.0407825633814606e-14,-0.0001341557338886401,0.0029092771625133644,-0.000684414377962462,3.3358353463894826e-05,-4.876057705887972e-13,-1.1395286522383535e-12,-1.226180261281371e-16,-7.156221435594453e-19,-5.296512461834758e-16,0.002781558787190625,0.00011897255092218947,-3.6135986855790254e-07,-3.122990252218405e-12,-1.0699435354927354e-07,0.5212060386794677,-3.577273846673198e-09,0.1242480587358398,-6.630750492826097e-07,1.5571733877425682e-11,-7.404015222559786e-15,0.4997487994318997,-7.975296250443138e-09,0.0009174704054720743,-0.0013264797536445762,0.0033723118253285865,0.015421476494422453,-0.00431922162773295,8.226705714752101e-15,5.444876819273112e-09,0.0013400308578275187,-9.461517583218154e-12,-0.014331988639152415,1.1523412320893107e-10,9.516381004653543e-10,6.023249939623517e-08,6.415735735292209e-07,0.04255137071802409,0.011058872514498906,0.000273078021521787,3.572682971497628e-07,-0.032149714469035084,0.040136305576973876,0.012982642086076572,-0.005879981724539106,0.0031750316279208738,0.0798084697626448,5.528475293277996e-05,-3.371185606474454e-05,0.0800254913792992,-0.03737949664727176,-6.06550222760565e-06,0.0005629033187729179,-1.1746118059662162e-05,-0.22154584938826702,-0.0230922841078262,0.14000469224993126,0.11921008605322875,-0.0008655787265711104,-0.01259277226126069,0.011891443689054884,-0.013429954817689218,0.01321576901665776,0.006849427532362076,0.034135804869454806,0.4026891358588192,0.010887580168521769,-0.0022732705896208287,-0.060577277746437556,0.0057459987744971274,-0.12278004095685034,0.05824232373358437,0.026825429593566652,0.027657954813209942,0.07056630797501467,-0.004762288849344475,-4.548442595472086e-15,-0.1072188467982773,-0.07047857066058935,0.02753258629574417,-0.04829012054040634,0.013765288338917103,-0.284968232263538,-0.037085325895097755,0.09585887328367793,-0.0028126139391600677,0.13484805470689323,-0.019837925828740423,0.16609248291211393,0.09889856066585175
77,-7.143631136979167e-36,-8.05933821909296e-35,-3.149850647610485e-32,7.06174929861989e-17,5.257824430587289e-16,-2.0681523018357816e-16,6.805930775482069e-06,-0.00015824331953708906,0.0011853069779473894,-6.165403402740697e-05,2.1957844515019463e-13,-3.4952146205027925e-14,6.209107981942903e-16,-5.78013628361614e-17,7.511377268872467e-17,0.0004516453229508256,1.839707027448618e-05,5.721135793230567e-08,4.258236289996841e-11,5.345401743689289e-07,-0.08214263885720192,-1.881341142247078e-09,-0.6269848828575265,-3.44886410340229e-07,1.4581812017924748e-08,7.309550876439549e-14,0.24156358210550957,-1.7784805898686985e-07,0.01680793615691797,-0.0013829029136170792,0.01779258036786662,0.0070051004128870884,-0.0973728973821261,2.596131709887518e-13,-1.0174955340940734e-08,-0.005601386912679695,-9.588804719156534e-14,0.038241493149176534,2.1573925567568255e-12,1.2979567476835515e-11,1.2454587013325347e-06,-7.187722540940079e-07,0.010500704201665278,0.10632702775791572,6.662847219374895e-06,6.232547941679034e-07,-0.0013668919848930287,-0.039626490950191336,0.01565518269777272,0.003721345236448547,4.962157875390937e-05,0.000323845962493681,-7.20546898536491e-05,1.1175272819352484e-05,0.13008147471213585,-0.08691769796056703,8.463775311121915e-06,0.26978624144906105,-4.832529734629442e-05,0.018876750059682434,0.0017526352831340683,0.08312172591827718,-0.17004373849110035,-0.0006016007922176843,-0.0033879557689937482,-0.012721979537867573,-0.018942235499065346,0.0091122469798576,0.0023259052411249773,-0.008982308795915566,0.1909320120592404,-0.005852939303543111,0.005057648796513009,0.4593225282994286,0.007692886678732141,-0.02799101699117985,-0.11563385533474883,0.06245322875139383,0.02291270924195401,-0.09143083968332746,0.07875254238691515,-5.2081855493133454e-15,-0.05306061635342075,-0.07874112942662537,-0.004915553846513754,0.042061730295782904,0.0015472277956476116,0.16314163844380938,-0.0668185366080816,0.01665036094463821,-0.14503465824989722,-0.15191407081823421,-0.018069619306495862,0.10409131423018131,-0.06807570125626422
78,-5.765565356666175e-35,-4.923051795431573e-34,-9.170989106314446e-32,3.909872928566358e-16,-1.9179559557878122e-16,-3.5983295921840167e-16,3.9263273354148534e-05,-0.0008859492371614845,-0.0004320076080238086,2.3791450810695384e-05,2.3625488175949925e-13,7.90966542989512e-13,-2.2638188796371413e-16,3.5592480898949255e-17,4.8606847515239e-16,0.0008263457121266596,3.7013703713073585e-05,3.3068464639513156e-07,-2.606113045395971e-11,-1.9213297144361873e-07,-0.46845100102738213,-7.474652352923817e-09,0.22797925898165464,-5.795694424843526e-07,-7.830702504403868e-10,-7.716631175955104e-14,0.4318579299006096,3.484941661587303e-08,-0.001532435632046961,-0.01187530046645369,0.008841405995574696,0.07351270559901307,0.03406959482373777,6.395004016508762e-13,-1.417959910886509e-08,-0.010343921437512931,-1.7577927169553703e-11,0.06933891877944592,1.9859070741501046e-10,1.5419968095879877e-09,2.920714206975821e-06,-1.5455852167072797e-06,0.07843247498480634,-0.03554211664861036,0.00042008955973194944,-1.0352103905083052e-06,-0.046537415077615586,-0.07203879429094734,-0.018993674534688258,0.0064133296276247375,0.004608660582145204,0.11769661852492794,0.00020882880867642225,-0.0001735020068550705,-0.010090276392117231,0.09048247609503535,-2.4706330958093884e-05,0.010317345456358491,7.843254666576571e-05,-0.2222836355888925,-0.022923517694482417,-0.23667975487289392,-0.1707597140398673,-0.0011582665721645569,-0.019409052257767026,0.030842013375209545,-0.008356665123132458,0.019662977261716848,0.01893149384325934,0.032879653034298705,0.24664954870766506,-0.010526003610435378,0.01345852632113014,-0.24254855715228102,-0.0011350869649330048,0.020791414412773504,0.00963204278656885,-0.0026201321910069944,-0.06061882999675376,-0.027838222672238358,-0.009762623204086487,6.287614217059986e-15,0.00014005010315954055,-0.1135648993243044,-0.04373476833276117,0.028825308516377643,-0.05939603932062742,0.3998470900098532,-0.013086440613525348,0.00323930650527433,0.030480352917044783,0.11224700808685326,-0.018799546958125773,-0.007275963682589365,-0.19078241053234632
79,-5.77211016511394e-35,-5.031289770296687e-34,-1.0232963118197607e-31,4.0300588370586606e-16,9.470405464740034e-17,3.8378209296545023e-16,4.03117491311033e-05,-0.0009121071941674338,0.0002145650595400457,-9.92878482443389e-06,3.0302999849824413e-13,7.240160867080393e-13,1.1305359023630763e-16,1.1178653466610111e-18,4.703498716878288e-16,-0.000870116945156845,-3.476018416285439e-05,3.3937474031913993e-07,7.304986818253395e-13,1.0087820089828247e-07,-0.4811996922433912,1.1358990499327174e-09,-0.11462325206742519,6.194884546725611e-07,3.5502104446784146e-09,-4.084265774131909e-14,-0.4618672945627967,-2.3688647164668646e-08,0.005304820789336107,-0.011622524882780282,0.01802230710618613,0.07269904416278804,-0.019781946893224538,-1.842215482364034e-13,1.7287733550684217e-08,0.01162397177990521,-1.4236228053999833e-11,-0.07061982745100162,1.6584935018602028e-10,1.3318910170053008e-09,-9.608757493699084e-07,2.2340688744305954e-06,0.08215390586257405,0.020790042222687127,0.0003760885352588177,5.494867906315636e-07,-0.043835609294465526,0.0771459330261539,0.018699289435964345,-0.008460047447777622,0.0038728775610505223,0.0971948766578966,6.159884260449539e-05,-3.428953112471249e-05,0.09637101770594976,-0.04909439551535966,-6.386136145471193e-06,-0.004454905523766504,-1.493485205289462e-05,-0.25339470778415246,-0.026437659004296676,0.16228096040944848,0.13683571545410617,-0.0009104878908773094,-0.013205083771617639,0.012368566466388885,-0.014030329238070646,0.01369598099669594,0.007025631579791345,0.03563028128879023,0.4201299691156923,0.011411845147435278,-0.0024459858642957664,-0.06322723966345468,0.005912741593067408,-0.12631020671850016,0.05991691397129069,0.02734771079336703,0.028312871457919147,0.07188547065226063,-0.004860828256226121,-4.592157259381784e-15,-0.10720108152026452,-0.07060901610463383,0.0276917382664345,-0.048795872003225105,0.013951346823609318,-0.2970575459582127,-0.03771866069912665,0.09723215326883004,-0.0028682400321788297,0.13512431997272042,-0.019934673772092473,0.16641037518052215,0.09891934743219225
80,1.4697933419137738e-20,1.4791667087157646e-19,3.9288075759369144e-17,-0.08806838217327703,-0.6548936605525236,0.2518734431760729,1.4508696763807606e-06,-2.9801658252614967e-05,0.00022862407735839443,-1.3415598107803605e-05,-6.922034133535294e-09,2.9266885549638173e-09,-2.463905703922889e-16,-1.254155775461045e-15,1.6537157674534345e-15,0.00010046323749550337,4.805504305598289e-06,1.7305475762370087e-05,8.205715666502894e-08,0.00016109657136281424,3.112367133144898e-06,1.694156426542427e-06,2.5182656500633265e-05,-9.118358283739508e-05,1.1633563642502314e-05,-1.6055375880798969e-12,-1.5223099426055727e-05,-8.468997977282164e-06,0.049169642917577173,-0.0008559633937096297,-0.005210844995113933,-0.0014901662269128887,0.009828897903400495,7.538904509581711e-11,-4.163341157858335e-06,0.0003851303073593453,-6.299831657193972e-12,-0.0018091898626164148,1.3525212187032023e-10,6.22846533965703e-10,0.00012102352158620884,1.34161026344898e-05,4.131656465108506e-05,1.8688463897666392e-06,9.008617473853654e-05,-1.0395026905082242e-05,0.007874424376673074,-8.228007889041982e-05,-0.227047867654673,-0.3822594663798337,-0.00014746785282967467,-0.0006242325329296532,0.00014395650305131468,0.00041812976972433103,0.008423692854496966,-0.011796204043443365,2.2353610405998778e-05,-0.00027169272170601583,-0.00013028070430087866,-0.008021327684842471,-0.00183810386761369,0.1263286205078299,-0.1683453096761207,0.000544575401588555,0.0033613162893614246,0.014876167247709179,0.020274160354795026,-0.007455633564667034,-0.002605705310328914,0.012678168494630328,-0.018853432205190725,0.004133779684375312,0.012194742422871248,-0.04438085370855137,-0.029813541715799752,0.13772444831147213,0.28268700529215185,-0.13761238966719436,0.004494839462469674,0.16953105225045179,-0.08551667213563631,-4.580547899258411e-15,-0.05250285260891614,-0.08778405015867582,0.003713554638576099,-0.030248547684311476,0.011873055183898796,-0.012987709009160376,0.14829403273493685,-0.01204370764530443,-0.1782274746374365,-0.1482426048005109,-0.0017497816472970243,0.07296128364916034,-0.0633636760211251
81,1.0435612748014027e-19,5.977799933737257e-19,1.1465793339114966e-16,-0.4885852591049086,0.2393878097276721,0.4517841692965353,7.725773817393004e-06,-0.00015129052465352407,-7.54921593773497e-05,4.6155228361985525e-06,-4.581165058399104e-09,-1.6207587744539574e-08,-1.3216240998449747e-15,-3.2029105572135513e-15,4.95113342287005e-15,0.0001397460700963157,6.842525695632261e-06,0.00011061549468590625,-3.909361678569671e-08,-5.7419373061891655e-05,1.369219227076927e-05,-5.1171712879747744e-06,-7.112784374547496e-06,-0.0001618213700028181,-2.571317042093276e-06,-1.925821790404976e-12,-1.2333289760054216e-05,-5.983963254925384e-06,-0.0035463034683947564,-0.0005657343568429208,0.0009434404475666611,0.004159051994124179,0.0007360944555216156,-4.1988406317658835e-11,7.745796376608669e-07,-0.0006256863378456505,5.435182751631826e-10,0.004265746196051603,-3.767988836486261e-09,-1.9444617057807024e-08,-0.00010939150510533332,5.1841727848733094e-05,-0.000292023185980685,2.7773766009905032e-05,-0.0036502273209095912,1.2207478848044917e-05,0.2709812154687297,0.000267812918007423,0.2630001198069812,-0.14563035209990075,0.007084008022728206,0.17738435465117797,0.00013355525338896415,-3.482552105848589e-05,-0.041692274398872874,0.007376090153058975,6.669225689467723e-06,-0.004964799588163624,1.2375833539917288e-05,-0.03399298904471782,-0.004369155708919347,-0.05332038813672413,-0.05164530550979447,0.0020976691091117664,0.035073232450037864,-0.053595716955720435,0.00919105266871552,-0.019834261963531347,-0.020008576734398577,-0.0173352395530838,-0.04446975135605706,0.013429220340438773,-0.03389200638529539,0.045502951735916654,-0.0008621960077050219,0.1707288759327824,-0.2130379624567423,0.03220094290916496,0.29126004158896834,0.15960475596263785,5.3288231373799645e-05,7.302622829964142e-15,0.018646669090205337,-0.15128070173603386,0.0009766304425778865,-0.04671869153274318,0.05813354356921443,-0.11704089163049626,0.0814575491575803,0.03220439090790112,0.0453910715546764,0.09977036373106542,-0.0033959718252036656,-0.023582658512741474,-0.19154514862638333
82,1.0530868999692136e-19,6.371139992248472e-19,1.2779122890869762e-16,-0.5035235670998963,-0.11773900852940156,-0.48242751302517256,7.94242406803709e-06,-0.00015622701732359207,3.873663769588453e-05,-2.1209434480190213e-06,-7.716965276391113e-09,-1.3355735556850538e-08,-1.32050545948619e-15,-3.748433751409429e-15,6.040567275921771e-15,-0.00014868786445041738,-7.216603555633655e-06,0.0001103901435771102,-3.51883634733733e-08,3.177866161535057e-05,1.4175779169323158e-05,-9.029879453419168e-06,3.9810604725348484e-06,0.00017352925238997563,4.747244841056567e-06,-2.3599531895388904e-12,1.3104476452439117e-05,1.4329395788311279e-05,0.005183213368261201,-0.0006927161010602896,0.00034039721532717746,0.0037809488508452945,0.0005427740130146822,-2.9010849345317613e-12,-8.518240574621582e-07,0.0007123639816714056,3.22109540874337e-10,-0.004637348446136776,-2.3605966488488686e-09,-1.1937042954894726e-08,-4.114063453052863e-05,-0.0001095244424788976,-0.00011300513986990016,-0.0001450062472936785,-0.0025952089808019907,-1.2393616237691765e-05,0.25879171526973965,-0.00044280274459278614,-0.26845282478345517,0.15855310591770558,0.006341188273498965,0.1634817220812979,0.000252972650335444,6.94370116747087e-06,0.019128136598872008,-0.06937049234150056,1.710683002930468e-05,0.005997156801114839,-3.1954353603242755e-05,-0.043987598470545654,-0.005570281270548444,0.03993406047881715,0.04822537391867742,0.002131779724373092,0.02644408582436792,-0.0147791745426669,0.01800799981658461,0.0026720061416024687,0.011532817405187488,-0.008284841832070263,-0.045837032988694175,-0.024186703137757372,-0.05680483787965376,0.011144593421341243,-0.02070131482518366,0.3271165552352821,-0.10153738083077406,-0.08330749746461069,-0.1561673278648947,-0.18358593623097036,0.008308993791279659,-6.008938208644e-15,-0.14675703635354378,-0.06934194610481445,-0.0010750016564620587,0.042748877817697484,-0.028505884689559363,-0.01390717311980709,0.05415607156235388,-0.1475847342016244,0.014132137048588116,0.131085570789071,-0.007027707241237286,0.14957985356019207,0.11708710529317784
83,2.0660565102576554e-25,2.2432004081914186e-24,6.9650561232171e-22,-1.498343027021807e-06,-1.2197379247227117e-05,6.574524485815664e-06,-5.742084334274365e-10,1.2217976900746317e-08,-1.0074757806071708e-07,5.728714836794268e-09,5.079898337750138e-12,-2.1299456307105913e-12,3.6221501806767645e-19,1.4816871507220664e-18,-2.0856810976809273e-18,-6.25841650965813e-08,-2.8832781040063755e-09,-1.694607202771018e-08,-9.083675310093298e-11,-1.6458955260404435e-07,-2.7540282479071835e-09,-2.2441999902048624e-09,-2.3598016238569373e-08,1.3054333816470359e-07,-1.8740032211123013e-08,4.0270860071378474e-15,2.0269723731964567e-08,1.8046794111779196e-08,-0.00010725779303722123,1.835827555278805e-06,1.2400444548352197e-05,3.36657869506344e-06,-2.6511336880322884e-05,-3.0608990476442336e-13,1.8305444088673653e-08,-1.3464303456161974e-06,-2.1307015016432423e-13,8.312769127557391e-06,1.3950027747088718e-12,9.980199105984128e-12,-0.051173440687115504,-0.006190160205181217,-6.352899282194865e-08,1.7613579316519817e-08,2.687149858061593e-06,1.1486149831688926e-07,-0.00039695497526593304,6.697955668926627e-07,0.0025828114275120275,0.004520096179877875,-2.894317872177818e-05,-0.0007917976268198867,-3.5317062209044085e-06,-7.856748080460856e-06,-7.16282484763778e-05,0.00054904548557755,3.2801394864671443e-07,-3.533466552913433e-05,4.232286047289033e-07,-0.042231315194945,0.39271658052292213,-0.0024897712794910536,0.0047725172236505724,0.00010598443121150312,0.0024091945033601256,-0.006779053057809644,-0.0023581032971990656,-0.004928025195709137,-0.013564619468972191,-0.7837702643109341,0.06305848838974946,-0.26845743988307297,0.00933588210789697,-0.036710840392499236,-0.0008089245646790643,-0.01786616772759669,0.02949240266206485,-0.002804087711994337,-0.002612024769074636,0.007695951907961956,-0.0012696204665815455,-3.9746290221515127e-16,-0.011538309469028035,-0.021017997688389252,-0.0015841681460889918,0.000686794150080968,-0.0025535473690333926,0.001963155699265991,-0.0001864294341838839,0.007224116249297471,-0.015465777511388019,0.0020599456771519,0.3825170909689403,0.022331400366159666,-0.016334749393321156
84,1.5682640281242875e-24,1.0262620743018282e-23,1.9388155695042997e-21,-8.306154641945216e-06,4.457449238696094e-06,1.1792085584894259e-05,-3.005146299718024e-09,6.1004120296592e-08,3.3103712317828564e-08,-1.9628777976411297e-09,3.3616875724700202e-12,1.2150392193004454e-11,1.4203231803785838e-18,3.746857269658821e-18,-6.141829274296838e-18,-8.647034079474073e-08,-4.079425493118514e-09,-1.0343101623328337e-07,4.296557560749075e-11,5.7851133711066265e-08,-1.176729593448947e-08,7.193136159908093e-09,6.570677038337116e-09,2.313062557553383e-07,3.945172290553839e-09,4.802956969278548e-15,1.626324742382327e-08,1.2699071013921153e-08,6.803621192009604e-06,1.2329494028012143e-06,-2.180357004949501e-06,-1.0196958257473007e-05,-2.2097359198495395e-06,1.5982297499247032e-13,-2.3955822548642877e-09,2.032766600118384e-06,-3.3785747825556856e-12,-1.703665393807993e-05,2.6714305662404103e-11,1.5230878258394334e-10,0.043435499031718026,-0.02224042540722121,1.174211466760354e-06,-9.330034730005996e-08,3.085139706495765e-05,-1.0257841653766856e-07,-0.002475950143749395,-1.5693281633553677e-06,-0.002242470926462818,0.001963081545178545,-0.00011953330016800797,-0.0030340517570578607,-3.513017680899281e-06,-1.1990356961478587e-06,0.0007436455280973737,0.00029735336735976504,8.339195677103402e-07,4.2792655183688654e-05,-3.826273648080525e-06,-0.043745809556309315,0.4122221345820246,0.0038718004534639026,-0.0010914577259483185,-6.534407833580357e-05,-0.001954234593714402,0.0064819043201190625,0.0018818538394614617,0.006100318007162106,0.013494657237184234,0.5861711676058339,-0.047262732602004066,-0.5727448595711078,0.005525837586803293,0.02601753573306325,0.00309467283453446,-0.018627126202735902,-0.017094498918523708,0.012447957096477611,0.021949927500143667,0.009725332244428552,0.00393955767066279,1.5392873140875868e-16,-0.00786210702865423,-0.024134479272913015,-0.0017240102115479267,-0.0006690804329585491,0.0004291315984437031,-0.01629588541346899,-0.005003150203250119,0.011311992553923489,-0.005246962727367074,0.013673870569088375,0.38389135973535593,0.017278955421770933,-0.02336555213166848
85,1.5757313735034767e-24,1.0782739360206083e-23,2.1777556167606017e-21,-8.560330819076891e-06,-2.1936244026240408e-06,-1.2591115500075817e-05,-3.0911324796513088e-09,6.302662457832894e-08,-1.7325980629893258e-08,9.191439572969857e-10,5.646323043720871e-12,1.0019747462799784e-11,1.5703786290371682e-18,4.3512461044368225e-18,-7.059529955672424e-18,9.167682377603676e-08,4.2864618834842955e-09,-1.0329260280073349e-07,3.90388602577144e-11,-3.3036267266657004e-08,-1.2195100165737337e-08,1.2661804184501691e-08,-3.844060393375295e-09,-2.4688102916820145e-07,-7.768138747163486e-09,5.870753953555341e-15,-1.703706691215475e-08,-3.0718765554085345e-08,-1.282838400074678e-05,1.5142593982956244e-06,-6.511319273954436e-07,-9.287999871126754e-06,-2.0106061186433734e-06,4.762790334464649e-15,4.457348847788094e-09,-2.371549846069971e-06,-2.149297631514817e-12,1.7919566896630596e-05,1.8003204592494426e-11,1.018297269095647e-10,0.015588583125008548,0.04429475486624982,5.05573789906494e-07,6.558461661022087e-07,2.347268814533068e-05,1.3149490267689565e-07,-0.002418602112345033,2.9494974300563803e-06,0.0029325613118439714,-0.0010370716883500968,-0.00011435022421340972,-0.002962649864791281,-5.244339305546887e-06,-2.1740376408922594e-06,-0.000190870011801158,0.0014285557965428954,6.684129866112487e-07,-0.000133337669185016,-2.9692480482500904e-06,-0.04939325703407731,0.4663334987357488,0.001022932178505618,-0.004841032000424708,-3.669591118481018e-05,-0.000498489711865525,0.00032962824175519463,3.922448982105733e-05,-0.0009670503197573944,-0.00016201647710512986,0.1623677066133011,-0.01180504473272021,0.7700193327851521,-0.01172819036880584,0.008801858054475352,-0.0006789956598338404,0.012613119169206,-0.009567744842845623,-0.00022541339382031478,-0.026461229712657512,-0.02660494287937358,0.00566047794907924,-3.862278255393153e-16,-0.01734878800194319,-0.01963484033357848,-0.0019237785799034364,0.00644144704178711,-0.00625235563878834,0.016908946810600307,-0.010480445451429494,-0.0050487059954549785,-0.006238380422911856,0.01690571311798891,0.3926569408516265,0.027879624071444793,-0.004898568565220779
86,-1.3459282179685944e-17,7.23857289384973e-18,-1.9167940801686462e-17,1.8519384070361225e-11,-1.0901132297015297e-11,-4.055131803576661e-11,-6.487109059881162e-12,1.432145780308837e-10,8.769883607753078e-11,-4.847580707899174e-12,3.384973307275394e-07,1.224648467191253e-06,5.424145370991108e-14,1.3738807269619956e-13,-2.1486744437232236e-13,-3.162851640915562e-10,-1.3778757366088416e-11,-0.0064161087584698445,1.480117267164505e-06,0.003304392798001346,-4.284213542967539e-09,0.0001387591684619265,2.6285432748426946e-09,0.008951440784307572,9.924198433668004e-05,3.478895416250335e-11,1.1527932167737536e-08,0.00025541228860453453,2.0982622673959446e-07,3.0206821355525137e-09,-4.471495129054072e-08,-1.0475352046742788e-07,4.681946426765051e-08,3.242206358405985e-10,-5.3094798479319065e-06,2.399301995107755e-08,-2.124140288518165e-09,-3.3709158588995633e-07,9.628484038282144e-09,3.152222419267061e-08,1.9832814298408076e-08,-1.6144823299847495e-09,5.91437906682095e-08,4.906374181840854e-09,0.003095265928629652,-1.509334678430294e-06,-0.0006840913561486653,-1.6764185655535283e-07,-0.0011888597218176723,0.0005594211997549783,-0.00025622053180877164,-0.003313476278462855,-7.7024443907409e-05,-9.078138762084215e-05,0.0035848850880949084,0.000616930170802885,3.780972296072918e-05,-0.001893816373540846,-6.013038571242454e-07,-0.004298369936462088,-0.0005557727652539129,-0.0056517121003901915,-0.004166185570509605,0.01437655715262394,0.2589106475392457,-0.44974597040036296,0.07255297420472943,-0.23809247508223302,-0.26842181709763935,0.021042234027489202,0.04881169049233846,-0.006746705173752511,-0.14814825812347096,-0.03115723113687654,-0.1783464557983932,-0.18678902245907367,0.11601737716429372,-0.17248643001395234,-0.01962905421222237,-0.19079040004986209,0.12059042227050834,5.0471035568332974e-15,0.0754165629278923,-0.22289230980537522,0.20514891088833828,-0.23051474647844203,0.44997598642491665,0.06554903038835157,-0.03493837709594771,-0.19804039281410837,0.08605884280797899,-0.03174758016912487,-0.0007677385918014594,-0.05168508313682707,0.018008642795182994
87,-1.3295967132209968e-18,-9.91605829217589e-18,-3.936647609414694e-18,9.793287205405609e-05,0.000798073615361377,-0.0004305713657898145,-4.082227607082113e-08,8.672391338658e-07,-7.311221438195125e-06,4.165013067783508e-07,3.0775730648518144e-07,-1.26787026555412e-07,7.956453326322204e-15,3.2234154646084764e-14,-4.3178570830947465e-14,-4.568711745435524e-06,-2.1086914636963605e-07,-0.0005843824367226321,-2.3030488257190554e-06,-0.004939241743210507,-1.891214397244778e-07,-3.7619134183025e-05,-1.6881212516754983e-06,0.001973936752013726,-0.00021611510352039152,2.0536744002802205e-11,1.4737677499676985e-06,0.00010794374454464658,-0.007980831787662991,0.0001341730235572559,0.0009343500323066824,0.00027016829683612306,-0.00201671197178176,-4.710241050681797e-10,2.494893863145547e-05,-0.0001028784426882416,2.2316368582686797e-11,0.0005723506498648175,-4.774739085994774e-10,-1.963102746970816e-09,-3.937732239099389e-05,-4.341733662141287e-06,-1.4484679299024633e-05,-5.101739324415754e-07,-0.00031538677606760424,1.6620414873677964e-05,-0.007675790727348591,5.799287168877581e-05,0.3412495298265175,0.6592133637139654,5.401038222655079e-05,-0.0005251250147746068,-4.041950480429401e-05,-0.00031151406787816586,-0.1185857446149868,0.08101128970930789,1.9118802178599905e-05,-0.06387245564412426,-0.00010269936238059427,-0.040911753234295134,-0.010414897153319004,0.2959845512323364,-0.3217722006688534,-0.0005915857400414325,-0.002957555721293742,-0.0019509441951340183,0.000146854267739687,-8.212672676229873e-05,0.001440986275231863,0.01470057150185685,-0.022247138769387737,0.004872735341912633,0.005719082880430154,-0.05019381020040904,-0.022850009129478523,0.11928343383320346,0.25133498028757967,-0.1380579541681363,-0.01598917567991927,0.17981213599252474,-0.11281422286218344,-4.5062569728406705e-15,-0.04862457567220881,-0.08146734017449558,0.0042365269641981874,-0.042916628772862675,0.008641303943270687,-0.013284401337121082,0.15172273284762844,-0.025184358938952364,-0.17118289706142847,-0.12655754201565847,-0.0015287982255725544,0.05188541990003384,-0.05309348442737035
88,-7.381663434753553e-18,3.623040080696623e-18,-6.989481171295489e-18,0.0005464887376474844,-0.000293431343655781,-0.0007768304918951968,-2.1865116151389896e-07,4.428507628844207e-06,2.428432317255275e-06,-1.4414059635364847e-07,2.0133757550863187e-07,6.928163174388015e-07,3.2486640449207056e-14,8.246878519499064e-14,-1.295156305391379e-13,-6.390210326615375e-06,-3.0192428616888183e-07,-0.003715484789078344,1.0755632104751538e-06,0.0017513223644343827,-8.376927213761933e-07,0.00010929954067519178,4.80015804192899e-07,0.003488672324206691,4.811301743428196e-05,2.231261758774277e-11,1.2011946662767847e-06,8.482873005692952e-05,0.0005841217282289028,8.929656896266548e-05,-0.00017130142345235004,-0.0007612236941400853,-0.0001495822435160164,2.4525650823331815e-10,-4.412270651019209e-06,0.00016594701877756327,-1.9251908840384784e-09,-0.0013321089501229086,1.037263399827594e-08,4.1443067333362906e-08,3.588837932888836e-05,-1.7169533287088223e-05,0.00010236989047081619,-1.0587735313778154e-05,0.0057937619099355355,-1.746713443925698e-05,-0.25285964576918424,-0.00017722722647816263,-0.3769762936239351,0.2367787826637072,-0.01892831646732956,-0.4716075861463379,-0.0004757647513649535,-0.00026987992559336974,0.38056859902071755,-0.0021423896655695,-2.1130149422294185e-05,-0.1879727134256622,3.875744114472709e-05,-0.17622050829566538,-0.023651107289827656,-0.12824240561771177,-0.10796051721971632,0.00027865141074237245,0.007678585328274872,-0.016303364528116877,0.004291390824243022,-0.00943114050862602,-0.009181010265684185,-0.02173463915009352,-0.054879844071879666,0.015804222086116836,-0.03032150416151509,0.054104865875606936,-0.0014020774960223181,0.16431351100900815,-0.2071220070429623,0.02741489459849673,0.288244988380052,0.1459832386848226,0.0074936647737387976,7.170613267300003e-15,0.020921903668676387,-0.1489222384856918,0.014035155369005887,-0.05365552257090385,0.08077552098041525,-0.12401576301127573,0.08160769792627576,0.01731499015352735,0.04748473519203437,0.08169516023890651,-0.002997191581963099,-0.02673154551548159,-0.16659160072587129
89,-7.603287970910982e-18,-1.783213803899398e-18,7.051427884193735e-18,0.0005599231546135307,0.00014348034521177315,0.0008246977406346014,-2.234785077586146e-07,4.5464700757048995e-06,-1.2389541535582895e-06,6.585509927996329e-08,3.4191262260400835e-07,5.736148995089178e-07,3.609278259613643e-14,9.651935602176209e-14,-1.499898546826673e-13,6.759336176233612e-06,3.1656366672054926e-07,-0.0037289356501410526,9.915512927054354e-07,-0.0009747877858601784,-8.622177360072859e-07,0.0001973821329831572,-2.672221070658553e-07,-0.0037644564874009818,-8.854914160194371e-05,2.7780298082123843e-11,-1.2687696697156387e-06,-0.00019737493967189392,-0.0008499368074121218,0.00010889675362116586,-6.008545384883633e-05,-0.0006875805345530018,-0.00011549239789915813,1.2120279887459865e-11,4.7866335225707455e-06,-0.0001880458996691482,-1.0274378956536178e-09,0.0014407497611327296,5.590511333566385e-09,1.9254745446690816e-08,1.3463610426482529e-05,3.6439805192485096e-05,3.989900584338895e-05,5.715151415572317e-05,0.0030492049760582787,2.0507559930519792e-05,-0.24029815947432945,0.00029505029561743053,0.3831257530231885,-0.25466734663011054,-0.017469711675600158,-0.43392947217045413,-0.00013437438290438592,-0.0003039598613375034,-0.1130711257250958,0.36182157635581524,-2.1389601290429494e-05,0.21027837429531906,2.7948901766500164e-05,-0.24407254696352956,-0.03148434951256213,0.09640609044370918,0.10387141315105061,0.00043622833506915123,0.008061179493478789,-0.008328501701508841,0.008909290437478503,-0.0022123109463047766,0.0021634345902144707,-0.009225079392416213,-0.05196346633238728,-0.026274063815701677,-0.04301256581342429,0.012060987878092318,-0.018158810219988726,0.30426174372265186,-0.10104908115591937,-0.08506236489276113,-0.13496642015236832,-0.18171245593064747,0.005883771731474772,-5.573425484072437e-15,-0.1451450455118903,-0.06459020432838464,-0.007174658277393483,0.0549372067799441,-0.027866590048284495,-0.01116586417760276,0.07220167659043633,-0.17717142861547,0.01868109280823195,0.11252260301331032,-0.006305972929007778,0.12359393436220409,0.1093426778695509
90,-4.1841790478829553e-26,-4.59620457341357e-25,-1.5018745537169675e-22,3.22901782825293e-07,2.632538295654488e-06,-1.4230943665330845e-06,1.0477971760140422e-05,-0.00021683865489973127,0.0018248380317974259,-0.00010671419847293192,-5.965859562740029e-11,2.457129791169414e-11,-1.1856198070230047e-17,-4.177490585490538e-17,6.253695302369313e-17,0.001099388015352441,5.249639513773406e-05,3.1019534513898536e-07,2.1061796527118944e-09,3.389881458084987e-06,2.5396223831578423e-05,6.681088175629221e-08,0.00022505775642810095,-3.91258954449836e-06,1.1845660807781857e-06,1.4003447888096345e-12,-0.0001779376200360697,-7.97088480836002e-06,0.5965533255265967,-0.01006869147662123,-0.0674597839255641,-0.02026073904366465,0.14048349775797092,-1.9066792561017487e-11,1.051316924660539e-06,0.0045771212811403965,2.787738991479389e-12,-0.020912784583135214,-3.7027342463023625e-11,-1.565262052396117e-10,-3.0577846417716964e-05,1.2123721545627497e-06,0.0007943215376936169,0.000896564452569487,7.0151529607872305e-06,6.389222460801141e-06,-0.010683687990637394,-5.176705306849237e-05,0.14585301952267987,0.1433625205120877,0.00022391791227778025,0.002264846033898962,-0.00019495964820098537,-0.00023613235628316455,0.16363012240830138,-0.10141078673012408,-3.086991618749699e-05,0.1961582995858834,0.000172299996843239,0.05834545040600803,0.0068223374658948725,-0.40784871747596885,0.4374962599334384,0.0015276090705376992,0.008671699265121822,0.022414560077469697,0.028351314269688368,-0.010436387648854866,-0.005158385889122727,0.01510808772970202,0.0011875533344597366,0.004783301085053395,0.011863287843864777,-5.566631033232595e-05,-0.02232188396148816,0.09611417471054375,0.18228387314057629,-0.07889621368391606,0.01550554936501218,0.08327290073564247,-0.024112312817101002,-4.89890507324211e-15,-0.05356057323210231,-0.08533855802101058,0.00020365887999638285,-0.0016983515763014248,0.008730936232033791,0.0023873322441618607,0.08234781915568457,0.00017538308315613057,-0.16699734552681103,-0.15461227580761952,-0.009011112695506186,0.0888152017690682,-0.0674378697121302
91,-6.277564086562247e-36,-5.354322661351528e-35,-9.915277510012751e-33,4.250028738712979e-17,-2.2850337032884207e-17,-6.022611860285727e-17,0.01252974032370189,0.0007371714085216746,0.0004264904319026663,0.006306582831005205,-9.3539594991776e-15,-2.3901228784221348e-15,-4.2129427463524424e-18,2.059981698889621e-17,4.970377275867287e-17,-0.0009811494011689808,0.017446363576840023,-4.599451600817127e-11,1.266764540811083e-13,4.1674833506343194e-11,-1.0059145844731521e-05,1.0812055617632979e-10,5.4675377802818045e-06,3.531828521703586e-11,4.94863495583954e-11,1.8752488194861495e-14,1.576220164301025e-05,-1.995730072780977e-08,0.003015519887152052,0.06704502838274919,0.029393938552178173,0.007801923914537844,0.0069497885290934645,3.996565569659417e-15,-1.293736206828731e-09,0.08644011467886406,3.538829163970839e-12,0.017869532599939904,-5.252686388525234e-11,-5.126588141025476e-10,3.470203695775858e-07,-3.1988120717000784e-07,0.013327624902001992,-0.007437655551225943,-0.00016065023179414933,6.958355122819797e-07,0.01990038063973905,-0.028269410438769935,0.013316410935260722,-0.0053849561037017215,-0.007484478046598967,-0.1946926319591329,-0.0005114799895713923,0.0012226645378693335,-0.4226363864793699,-0.5446722477815679,-2.4536471079252755e-05,0.024372125847597875,8.205019653557021e-05,-0.3680291549662294,-0.0387589760312701,-0.19727961660951435,-0.1149846676196027,-0.0002808449689164568,-0.003247354061179764,0.002243006133586573,0.0015690587445101785,-0.005911289685897679,-0.00530620882265883,-0.018864872002956782,-0.18510582763406913,0.001856666439494163,0.0121877045697914,0.1769167210883935,0.001834142436424122,-0.13584061261740327,0.14852621000211877,-0.01874545561953082,-0.17862363172130907,-0.08066868621734603,-0.013225885173378539,6.684480785830304e-15,0.00021983995427377916,-0.11991550767464973,-0.054329026005543686,0.04402885552871925,-0.08501476014395057,-0.2134595730986687,-0.05037498527675729,-0.0026647590597831763,0.03157520594453274,0.12313858240095578,-0.022569499666795396,-0.00840066366569876,-0.21143106688872543
92,-3.002550425356571e-28,-2.4126457153967044e-27,-5.833321574957403e-25,1.8478772920685355e-09,4.712667535702323e-09,-2.585213422471867e-09,1.5323643639764024e-11,-3.2629943563592065e-10,1.078282343138593e-09,-5.91768589572279e-11,-1.03943488899635e-13,-1.3875414631015144e-14,-1.7593325895735312e-20,-6.298959273696613e-20,9.425440250774029e-20,7.650472665055696e-10,3.382427181068365e-11,8.801555199156417e-10,2.212402821458086e-12,4.0243227542758526e-09,1.1881736005999702e-10,2.8734468226315056e-11,5.67016483705358e-10,-3.528904622621415e-09,8.553818202931038e-10,-2.389663334600647e-16,-6.508712119354068e-10,-1.1322472663349376e-09,8.120657298965667e-06,-1.161356558457487e-07,-1.1523266045394447e-06,-5.619998820737666e-07,3.0138630098345147e-06,-2.4656179552760456e-13,6.316187802959022e-09,4.2645375527904407e-07,7.973755677662397e-13,-1.5183896328990801e-05,-6.243889991892121e-12,-3.564170686593989e-11,0.7778724823649329,0.22828552123773113,-1.0586907290826972e-06,-1.2185311501441377e-07,-7.724675355617554e-06,-9.40894558503071e-09,0.0007076858653092298,-1.566177484588086e-07,-0.00023099412572632442,-0.0004050809624584508,4.6871672560273294e-05,0.001210532467912443,2.1344216561742487e-06,1.7080904036014148e-06,-0.00011841381419106492,-0.00045787659713033483,-8.556305282821399e-07,3.488383378794306e-05,3.0226237054108936e-06,0.04251334667217107,-0.39569548007169825,-0.001726844129318545,0.002027873046448504,-4.5172870179469375e-05,-0.0005587137897135802,0.00016625467558230373,-0.000684943075640832,-5.117078154124152e-05,-0.0007288208246558219,-0.04430183360836316,0.004929921810305903,0.003970960268056039,0.0014931087770272702,-0.0022053755247272142,0.0008117806896394853,-0.012600013977396693,0.002287557576964086,0.004198062252347511,-0.0046413458408898385,-0.004780558848563026,0.003433621169652777,-2.789369795304025e-16,-0.0126330455162915,-0.021904703132973487,-0.0019364641923200008,0.0026802357309539913,-0.003455327778811444,0.0028605354452923273,-0.007543207138814222,0.0054365068616562505,-0.00944547707130507,0.011268349130812318,0.4247194044053354,0.023819673949627574,-0.015219442565806322
93,-7.233082846161786e-28,-5.063080934324123e-27,-9.87222916527988e-25,4.055624926718201e-09,-6.495536472914256e-10,-4.266496398812954e-09,3.7102784580121775e-11,-7.804618331752244e-10,-1.7114778458156656e-10,1.035619098368391e-11,-8.516554622363394e-14,-2.3988180173207386e-13,-4.948655756346877e-20,-1.3466101002819877e-19,2.249707882258015e-19,9.394889677492411e-10,4.2718664838073037e-11,2.7663245034173344e-09,-1.29495624539706e-12,-9.60475781595489e-10,3.1525159835323753e-10,-3.481797696258754e-10,-1.0144308595076495e-10,-6.113544080146046e-09,-1.33211569341919e-10,-3.6538016824224184e-16,-4.217176986981104e-10,-4.259166416079035e-10,-1.622738674633897e-06,-7.659206811278368e-08,4.026853647914187e-07,9.922371632616057e-07,-5.640065355164588e-07,2.1902447686329364e-13,-7.634884337878273e-09,-7.132700858285954e-07,9.991263174639072e-14,2.5348804919602527e-05,-1.6815785502011248e-12,-1.2875095873413565e-11,-0.5947897901089256,0.5547347810052248,7.959810771674718e-07,-1.5642091505304952e-07,-3.4678787793287687e-06,-3.2626897937647124e-08,0.0003993176088054035,-4.877984964292828e-07,-0.0007381148456752041,-0.0006933593990201484,3.67652222483447e-05,0.0009595922103507598,2.087792271330552e-06,2.303088475287033e-06,-4.716214901742629e-05,-0.00046772289837883254,-8.085586114495489e-07,4.030577793787515e-05,2.6574173358062687e-06,0.04190383659407975,-0.3895250977701778,-0.0012286115875543855,0.0015488594605134608,-5.727582503702704e-05,-0.0008639241382542603,0.0010840297961164467,-0.0003911135417288344,0.0006911923077240315,0.0011096073026999268,0.04990607910642263,-0.002646805098188757,-0.010797338976619317,0.0011499590382195897,0.002095501997436619,0.001058393317967236,-0.012487946703406971,-0.0008230927207582168,0.005158393772094533,-0.0032160749451575405,-0.004803970098714127,0.003782955497256979,-3.0023920587696367e-16,-0.012435952627070396,-0.022085049372132733,-0.0019457200227200064,0.0026210568804445095,-0.003286856925443725,0.0017617452074068036,-0.007880747842372388,0.005629206054214418,-0.00878690828268811,0.012034967724936525,0.4246962470808018,0.02353388280697738,-0.015591918523705653
94,-7.5176888425361e-28,-5.404696157878725e-27,-1.104572409262174e-24,4.2905933589603955e-09,1.581695620796837e-09,3.5221326425387297e-09,3.947972041045501e-11,-8.331159902340615e-10,3.323025929963235e-10,-1.74161690879759e-11,-1.2467787398304592e-13,-2.1831849988658312e-13,-5.581356715570118e-20,-1.5873731825529057e-19,2.623845344969276e-19,-7.703264739677681e-10,-3.4445878051073155e-11,2.9120447232102228e-09,-8.860908378395419e-13,1.163196100826663e-09,3.4099215220674933e-10,-4.941716543276287e-10,1.5583251111133632e-10,6.112726693742274e-09,3.967875779397282e-10,-5.376849983623167e-16,3.5067449369769647e-10,1.849962617032216e-09,1.1701028900795378e-06,-1.226011624572702e-07,6.843757105816808e-08,9.023960558401162e-07,9.952083449294701e-08,4.7146518935562984e-14,-1.588696555918612e-09,4.938681404041312e-07,2.386247490782075e-13,-1.1592980855331118e-05,-2.4329948007087917e-12,-1.667698696538419e-11,-0.19076445341965376,-0.7985361803161548,4.5842510164195495e-08,1.8583947753003943e-07,-3.8327763127006254e-06,-9.695645082841338e-09,0.0003631947627615137,1.3665491383220522e-07,-0.00023767792154537053,-0.0008452646830964537,3.522670362122674e-05,0.0009145078068166374,1.8427395133351312e-06,2.072137005837243e-06,-0.00010908501546161328,-0.0003671621871798174,-7.977257635278271e-07,2.7576445795228638e-05,2.65392315253167e-06,0.04007664777003487,-0.37237758070122057,-0.0013911281794872108,0.0013571068296365412,-5.3970206077351615e-05,-0.0007536874111200974,0.0006886231948707174,-0.0005018321988643687,0.00027715224715889726,0.00027792517733248354,0.020761017919872483,-0.0002520373388592277,0.054386468307766445,0.0003578463222664568,0.0008746472516814907,0.0008531945327782462,-0.010967823027609052,-0.00019381854380421057,0.004463131724459104,-0.005556244102212483,-0.006450045471010365,0.003819473780062557,-2.9927497931914813e-16,-0.012874269030232801,-0.02186224663304674,-0.001951263246349149,0.0029430920599756365,-0.003597849648681239,0.0034081801713304436,-0.008070099512114674,0.004847444657960643,-0.008887775195332098,0.012102098721901069,0.4245752907941077,0.02401950492678566,-0.014722225935337509
