,0,1,2,3,4,5,6,7,8,9,10,11,12,13,14,15,16,17,18,19,20,21,22,23,24,25,26,27,28,29,30,31,32,33,34,35,36,37,38,39,40,41,42,43,44,45,46,47,48,49,50,51,52,53,54,55,56,57,58,59,60,61,62,63,64,65,66,67,68,69,70,71,72,73,74,75,76,77,78,79,80,81,82,83,84,85,86,87,88,89,90,91,92,93,94
0,2.22657627193517e-16,-4.389277493042436e-16,3.481203207320755e-16,1.2239300547414416e-16,-1.142677071471099e-16,5.173676433841491e-17,-2.373273585700958e-16,-3.5942522849184495e-16,-4.816869616197947e-12,5.091456825801201e-16,-8.881590011523403e-16,-0.07306412301898084,-0.30702098985303045,-0.0017987205034958138,-8.276591519146644e-14,1.1520239234334723e-10,4.635638282348247e-17,-4.415817735991782e-11,-7.353563819301197e-14,-4.0450080973462006e-16,3.800107029870109e-16,6.371179377963838e-17,-7.21667725522722e-10,1.42099876477102e-11,-0.22897704442717032,-4.760230398777995e-16,4.814734636276097e-12,4.065627904469722e-15,-4.945709924975791e-16,0.12194793082180884,3.5337127759722185e-15,1.0302338941733004e-07,6.857548528909105e-13,-9.201815023445617e-12,-0.6909990640387172,-0.1323930804602042,4.6822015435361504e-14,-0.0054079150149858295,-1.4752601764573058e-05,-5.8027076082210584e-11,1.516220604913907e-12,-8.101676187730357e-10,1.0423285044983088e-08,-5.087946616320759e-09,-4.593922732702817e-05,2.7598902698081302e-05,-4.5857783390667834e-09,-7.250033406437028e-05,-1.6124902828009743e-05,0.0072059390853952505,2.0767200250501067e-06,-4.056219463553625e-07,1.2743025408687426e-07,8.006062574728478e-08,-6.875871268310257e-08,-4.2080168644259895e-10,-0.0663216730573064,1.6681823268946233e-09,-1.3069270087777683e-08,-0.00012868791545253086,0.0004644567561343418,0.0017654309385042696,-0.013132941539205457,0.0007187948695634642,-9.959867355868583e-05,8.386805134795679e-05,0.003203940461298672,-0.004187414033676234,-3.787751718946379e-05,-0.0019706359445377827,0.004559717901458691,-0.0020114076530441576,0.0009328808264949413,0.0016570692325506545,0.0005255649546957786,-0.00024247626196955178,-0.00013417399776785617,0.001171620299416575,0.004696982367382582,0.0016736652849495724,-0.5773502691896242,-0.00251751937985309,-0.0014026209902209717,-0.0011547517266796224,0.0001824148152519424,-0.00029341713226426066,0.0008314665743202944,0.0003579368748579001,-0.00023907107939372945,-0.00033036352502161816,0.0004039424789050393,0.00014674264757654062,1.555869199176074e-05,1.3137355496550323e-06,4.974275527137646e-05
1,-4.73735932731501e-17,-7.594903527271914e-17,-8.67510000146534e-17,9.838244819974644e-17,2.9366138588487067e-16,9.747551928357584e-17,-3.581269932078429e-16,-2.1571753674891102e-17,1.4311842957848857e-12,4.420512522408862e-16,-2.789097763256899e-16,0.31032809432842057,0.0921318730433281,-0.00786671444797546,2.375405834750969e-14,-1.3780594558714344e-10,-8.409455838660695e-17,1.4241334677580551e-11,9.942481453559582e-14,3.1727491214682207e-16,-1.108296673656183e-16,-2.562736482750513e-16,1.4057939567548845e-10,-4.75753875217995e-11,0.06793944627942827,6.420740004697725e-16,-9.025910608422091e-13,-8.582305875238388e-16,7.559244082404105e-16,-0.49273786230122607,2.632976201264009e-16,-3.158609776292681e-08,-1.94920466158954e-13,2.711507896995749e-12,0.19650375172356174,0.5192280615019433,-1.20404745204999e-14,0.06026474730130536,6.121182622609446e-06,2.943254341425429e-11,-8.965646999300278e-13,5.922685757629363e-10,-8.848357063976351e-09,6.024929903960429e-10,3.0855160397727274e-05,-3.125221211669736e-06,2.503846633825569e-09,3.0902038810967606e-05,9.6680861811919e-06,-0.004553881806838522,-1.2411403717471113e-06,2.418291421016182e-07,-5.8149668056439765e-08,-9.738720298843709e-08,-3.2685395628672805e-08,-1.1397449770350998e-09,0.01837578929587183,5.82578460963977e-10,-2.2417059602652418e-08,3.318102834454936e-05,-0.0001574547032205606,-0.0029695973056600555,0.04490524374255731,-0.002368199462856578,-0.00015821090818980634,3.321682256943075e-05,-0.011021302438996444,-0.00075081066936378,-0.0001910805161640004,-0.0005882936856302306,0.0016829509756436773,0.00045781766390726636,0.0008158974751109117,-0.003235638296506792,-0.0038993182772231513,-0.00021282689771687113,2.552770134950343e-05,-0.0022884639697055334,0.00016004850371680208,-0.0031168938250768553,-0.5773502691896265,-0.0002951826745787854,0.0016532978257914758,0.00128732647626054,7.184793337933478e-05,0.00076748941253321,-0.0002074473784119472,1.6536325433369304e-05,0.0003602443725159208,0.0009467876803152623,-0.00034278793979753607,0.0002167682375475635,-4.772505201621627e-05,2.7477947293251624e-05,-0.000872307546664378
2,-3.7482654296396756e-16,-2.59899206304547e-16,1.8233334192878078e-16,1.2574770215125055e-16,2.7904928221089003e-17,-1.820463829977085e-16,3.639600250902878e-16,-1.9181453838268068e-16,3.3856548752896592e-12,-7.789015863215208e-16,6.457279668805058e-16,-0.23726397130944055,0.21488911680970235,0.009665434951472072,5.963134494581009e-14,2.260781145369598e-11,-3.687637564701435e-16,2.9922405009730175e-11,-2.6052265186434296e-14,3.224602425335166e-16,-1.0548317231314685e-16,1.1614144375923792e-16,5.810979309018283e-10,3.3366360033502465e-11,0.161037598147741,4.592464746151379e-16,-3.9118916380993274e-12,-2.762733682658792e-15,-2.135115291212462e-16,0.3707899314793764,-3.4030829470714954e-15,-7.143729234655995e-08,-4.906887669596224e-13,6.489936383347935e-12,0.4944953123151492,-0.38683498104175007,-3.4559555262393676e-14,-0.05485683228633603,8.63141914120523e-06,2.859496616300673e-11,-6.19823784645895e-13,2.1789940997325433e-10,-1.5749280060739004e-09,4.4854537458377835e-09,1.5084066929522063e-05,-2.447368148693017e-05,2.0819310057785125e-09,4.159829525854563e-05,6.456816648218347e-06,-0.002652057278611733,-8.355796532871415e-07,1.6379280442001798e-07,-6.928058639573519e-08,1.7326577138645676e-08,1.0144410797743499e-07,1.5605464051869804e-09,0.04794588376152997,-2.2507608306391194e-09,3.548633035135577e-08,9.550688710867218e-05,-0.0003070020529119973,0.00120416636714595,-0.03177230220327875,0.0016494045932896803,0.00025780958174971184,-0.00011708487391798863,0.00781736197767773,0.004938224703081216,0.0002289580333534873,0.0025589296301902404,-0.00624266887715828,0.0015535899891826537,-0.0017487783016274998,0.0015785690639258908,0.00337375332251721,0.00045530315968888874,0.00010864629642026094,0.0011168436702501117,-0.004857030871252257,0.0014432285400715656,-0.5773502691896267,0.0028127020545025906,-0.00025067683552485164,-0.0001325747495357604,-0.0002542627486356067,-0.00047407228025469713,-0.000624019195946926,-0.00037447320030906844,-0.00012117329310995067,-0.0006164241552828155,-6.115453912100793e-05,-0.0003635108851282196,3.216636002613437e-05,-2.8791682842121953e-05,0.0008225647913908607
3,9.667706085662471e-17,-1.043313911106281e-16,2.773608913819052e-17,-1.771656648809598e-16,4.537233089834414e-17,-4.427643866920642e-16,-4.854288356430462e-17,2.2117243679066237e-16,1.809693740270238e-11,-1.0556899455335538e-15,2.192230213703305e-15,-0.20479161786116087,0.7111949640223539,0.588211947492535,2.1998363672428668e-13,-1.4182704207831296e-10,4.052158002983086e-17,5.449620085726063e-11,1.366654637922503e-13,-2.0928964368167736e-16,1.1624837039982965e-16,-8.350989761816788e-17,3.5520473490142414e-10,-1.4453990685928045e-12,-0.033625490603978445,-4.585096894877891e-17,-7.468373707755877e-13,-8.788231386126456e-16,-2.2930918168849274e-16,-0.0597913723093036,6.254542158592848e-17,1.6668717717550936e-08,4.439932476072483e-14,-9.078729673012296e-13,-0.3015609862634881,0.06330090079972939,1.0583386713602401e-14,0.04373069641228998,-6.949595178720492e-06,-2.482255800644512e-11,5.762763545565693e-13,-1.8032281256640453e-10,3.286872261882616e-09,-2.9022311822978723e-09,-2.3359974483167185e-05,1.9654845557359568e-05,-2.3984515758050074e-09,-5.104749615828234e-05,-9.153499921340156e-06,0.004168160589701914,1.1771393219821656e-06,-2.2964675137270123e-07,8.465940725986894e-08,1.671977269408884e-08,-9.047196424991365e-08,-1.2465351249770257e-09,-0.06403486536863644,1.8999468169870498e-09,-1.6287786280159305e-08,-0.00012561573313182333,0.0004307167134159914,0.0005910170020340994,0.004522102420656667,-0.00021297004752991142,-0.00014680507711787368,1.87430368521918e-05,-0.01948379151578729,-0.00689659186494261,0.0007669447555428155,-0.003172047214532665,0.007298569193688726,-0.0033707617266994466,0.0016574398622939079,0.0014031319535607063,-0.0004515444131923955,-0.00041804114034410674,-0.00018551833608097896,0.0007790864780415329,0.006052091400990288,0.001393903571835327,1.92526257091887e-15,-0.003839301765423769,-0.0002428924487651528,0.00029097477271880116,0.0013285720826991896,4.56840445863481e-05,0.0008400621469450274,0.00044132202003023936,-7.616494964161977e-05,7.64587995179015e-05,0.00018642682097855953,-7.120126035523177e-05,-0.00027688558088986745,-0.00010385815320114957,-0.0011683749632389613
4,6.248131023948786e-16,3.1578808855464796e-16,-2.6643816025992724e-16,-3.3614470549366247e-16,7.338786078099831e-18,3.431959084758142e-16,-4.852790402661894e-16,-5.151232585619422e-16,-1.4760711285417565e-11,1.7077918061539935e-16,-8.304372012371386e-16,-0.4962749635310695,-0.554006031598416,0.5825227620940869,-1.7378656470719991e-13,3.4285748361181734e-10,-7.596368911737683e-17,-5.098371586583301e-11,-7.713902134099624e-14,2.0487048664772594e-16,-9.985046635022808e-17,2.5043997770426804e-17,-6.81146511820745e-10,1.5377953631105675e-11,0.020807132700409025,6.82510407065948e-17,1.789560152250498e-12,9.301838575831773e-16,3.3860732726780967e-16,-0.13718928627929033,6.083086332659099e-16,-1.1673344724340609e-08,-1.1426582207829426e-14,4.4012324945466887e-13,0.22663493484886604,0.1745313113214966,-6.407691478872373e-15,0.04916948765354647,7.076677126685199e-06,2.5052066872513513e-11,-6.476075135532855e-13,6.190719499174739e-10,-8.41580729711363e-09,2.9619125470772464e-09,3.5217848520940365e-05,-1.5778936871874276e-05,3.185611131936682e-09,5.0223974234543526e-05,1.2799933695976537e-05,-0.00648264210981301,-1.6396589834032581e-06,3.189608865740907e-07,-9.56144938682239e-08,-1.0530466647924344e-07,1.9620107412336357e-08,-5.84232202950931e-10,0.04968182103403962,-8.249917247554197e-10,5.32287965675707e-09,9.457362886030505e-05,-0.00037113017013121744,-0.0025156514081256264,0.027680114635579605,-0.0014803671916246678,2.9713564433834952e-05,-0.00013138312324866147,-0.025233766747075902,0.0007112523690132653,0.0008349970527276584,0.0004185931154231272,-0.0010241392734451494,0.0003608933560984386,-7.553885082473951e-05,-0.0016502302500917053,-0.0014210447894950958,2.538467527774732e-05,6.0518504653629594e-05,-0.0014219013890812396,-0.0027880917486046335,-0.0017678051894764143,-1.612760715495176e-15,0.0008650107796333272,0.0024143649438773712,0.0024851397216931995,0.0009881153005791672,0.0006056463125096821,-0.0007461303299530331,-0.00024304702237493383,0.000380965216536077,0.0006996115005735975,-0.0005796882488461957,-0.00034525909911286066,-0.0003066103404260623,-0.00010637051586965897,-0.0012627822092844136
5,-2.4794863308629875e-16,-2.908592587898862e-17,4.0926806454988676e-16,1.1837290857194528e-16,-9.204832290780784e-17,-1.1084233879587588e-16,-1.471285666632043e-17,1.423856042785278e-16,-4.9967158873657126e-12,1.063721000465164e-15,-9.87612962476368e-16,0.741753598951189,-0.17434033656361508,0.5576410770942132,-6.30440687148509e-14,-2.369385296102956e-10,-1.8512284714908907e-17,-1.697206730920469e-11,2.127355750902375e-13,7.237547894368147e-17,5.0789630238825076e-17,3.1754587213980863e-17,-4.792775444879637e-10,-4.094868617396194e-11,0.0046565080991988975,-8.755891344876836e-17,1.3136148600914535e-12,3.812356076860154e-16,-1.3179380123300064e-16,0.1755415851601321,-1.098679473658643e-16,-2.9839081715913063e-09,4.1684741135547284e-15,4.244205117093552e-14,0.07642853726414864,-0.26169957200355043,-2.6254651013939588e-15,-0.011439338274921907,1.2568647530622583e-06,-2.452244515600119e-13,7.604761893714004e-14,3.4679051646527473e-11,1.51863138926835e-09,2.267505594357993e-09,-4.126046222819147e-06,-1.176651617281785e-05,1.3669830435036236e-10,7.058726120201121e-06,-3.627929532780716e-07,0.0002482636148152233,4.3785127493171006e-08,-8.11538629941187e-09,-1.3350925001717324e-08,4.312808316674058e-08,7.195388124609099e-08,1.209620866850206e-09,0.018174264417517575,-1.7766205493803958e-09,4.239056440509772e-08,3.7799770680366626e-05,-9.929740763988201e-05,0.00271001556029092,-0.05150368284020193,0.0026953015046301287,0.00031011061787282137,-0.00019084216567266234,-0.005454305547316156,0.002075352163267802,0.0011783001263471638,0.0014905064941249122,-0.004095976311954998,-0.0004884708241846339,-0.0015912018554641197,0.004311847546709878,0.005771958669519962,0.0004145895398685964,1.3707981783675746e-05,0.002877171812444431,-0.003089318786614761,0.00412029597583678,-5.785477762843177e-16,0.0014165980167822382,-0.0007177982708221551,3.906705796146517e-05,0.00085401919568314,-0.0008590435940519023,-0.00035038204478249856,-0.0002746641873013373,-0.000307861597170502,-0.0010862796636139551,7.044146055829748e-05,-0.000750097335811695,-0.00021543200127877862,-0.00015891881527250017,0.0003927785399085465
6,-1.545054110884039e-16,-1.0881944718828879e-16,2.6470417607267756e-16,8.392620471394144e-17,-6.240331028995883e-17,-5.601572469703593e-16,1.8605612931881705e-16,-2.4471313157909573e-16,-1.1815050655555293e-10,4.4379537463121377e-16,1.6250110178783568e-16,0.011348244116094449,-0.06764201826421579,-0.03206509802194465,-3.680663348579141e-13,2.8135754721322187e-11,-4.978735592259754e-16,2.7457495980276714e-10,1.7557041425529987e-13,3.050731383644525e-17,-3.5139243342464653e-16,-3.103078795263373e-16,3.794532750324441e-09,6.50296434059627e-11,0.5853942496251765,2.3977076011752695e-15,-2.1322272367884367e-11,-1.9641787972732037e-14,-2.867393916371634e-16,0.07154356361977836,-1.480753960762583e-14,-2.5000565866321264e-07,-2.2205998395813273e-12,2.713032579676947e-11,-0.10973883360955793,-0.015232502266350841,-9.127359421730758e-14,0.518591836575576,-1.0753194427842507e-05,-3.83343180323443e-11,5.725507508758217e-13,1.7391463193263386e-09,-5.114605275864259e-09,-2.3948003113738585e-09,-7.404394408578592e-05,6.94479195991091e-05,-6.5765911677274445e-09,-0.0002603466033136415,-3.3442458259428596e-05,0.015078827198880257,4.286221236004156e-06,-8.338841158064573e-07,3.777294609707815e-07,-1.520994727399316e-07,-6.709241900035701e-07,-1.2227633697649326e-08,-0.456687841927421,1.161787670014623e-08,-1.76344945686742e-08,-0.0008999677874116216,0.003000586664333984,0.004337614797010483,0.011552630660760023,-0.00047002990070761804,-0.0005890805187853302,-0.0010103475903331337,-0.36870948968481215,-0.07340505306106261,0.01694964993973875,-0.031661485935519595,0.07049715103329154,-0.041271851039166696,0.014837244864925306,0.023516030311388228,0.006663699310450955,-0.003611612444801317,-0.0019338160577692016,0.012331086682207613,0.05198355659597308,0.02238378771799836,1.3230465244076348e-14,-0.03871545478361024,0.005910878942889902,0.015335242482852165,0.023730114434941146,0.0006281179076540776,0.005886380828138366,0.003503186034478642,-0.00016693097641774926,0.0006947947854780723,-0.00015365257124520004,-0.004914945639203768,-0.005586313035127742,-0.002307401795835421,-0.019165989282697814
7,7.620431967172967e-17,1.0029905339554602e-17,-1.666931818457171e-16,-2.1860565667932654e-17,-2.0431371517107707e-16,2.0751265353688551e-16,-1.1684889841021324e-18,4.019513331021485e-16,9.749655199627699e-11,-3.038975330483672e-16,-5.4456343187176895e-17,0.03038905033103137,0.054204988421906915,-0.0332002767980067,2.958077356326452e-13,-1.837309427052285e-10,4.73867496174091e-16,-2.3255986531353399e-10,-5.616661419090803e-13,-2.5647649106503615e-16,-1.5569483461356412e-16,-2.847427158167657e-16,-5.083533401218133e-09,2.846423012322873e-10,-0.4791343006758643,-1.5627669903730181e-15,2.487155215714345e-11,1.565362907711336e-14,6.050033905509927e-16,0.27398464426093144,1.1295167315707043e-14,1.973185256450005e-07,1.8130936627176761e-12,-2.2418936273694837e-11,0.10582336400403168,0.1490376391612903,7.630934432317622e-14,0.5405415826534307,2.4144292874151e-05,3.976792490178727e-11,-5.893687980424744e-13,4.009728238927287e-09,-5.233590025140623e-08,2.120849172820693e-08,0.00022214608417523647,-0.00010350994182890908,1.927967993162385e-08,0.0003150339158005197,8.844333032892905e-05,-0.051092915836779815,-1.1266479242855051e-05,2.182435239839184e-06,-6.658035240966448e-07,-9.758521269866596e-07,1.3832006945541984e-08,-8.960792822096606e-09,0.3576662842266961,-5.853315080289443e-09,1.0298291837245653e-07,0.0006708310703705584,-0.0028129235746358525,-0.021398724123840442,0.2309159370495106,-0.012367944675063766,0.0004888463240994763,-0.0020413942593049206,-0.4194401694697999,-0.01755715695598394,0.016978686986861332,-0.005575415499045432,0.010389370705489065,-0.012149358291062926,0.002747915252366992,-0.0038346455530703562,-0.005859461848638045,-0.0005670358488365722,-5.197690158808171e-05,-0.007698714498527887,-0.015630238566969958,-0.0063921385014970465,-1.4670809882344408e-14,-0.003119654800063934,0.028480249615400067,0.033781555228440126,0.020949716162537862,0.0060309160906255625,-0.006692683055353309,-0.0017957683524834828,0.003879001980961964,0.006755096052225572,-0.006499167752432847,-0.006619153463309514,-0.005810171276952347,-0.0022566952566276215,-0.020873161050059007
8,-9.613202429837242e-17,1.687955412169342e-16,-3.33797921323552e-16,5.246713327721783e-18,4.249671164422216e-16,1.9184136364646977e-16,-1.6243145558883104e-16,1.857765383695343e-16,3.327602476108696e-11,1.979091540802722e-16,-2.184408684528794e-17,-0.050540284777442594,0.01765009855301662,-0.037360350679381024,1.1557235046506372e-13,2.430316333274438e-10,2.2406943678987157e-16,-6.527653087713272e-11,5.893763262404914e-13,1.3479937596180405e-16,2.458665543395163e-16,1.3347051152801328e-16,-3.541087425111539e-09,-4.889510883057212e-10,-0.16348991307191751,-5.767510606935057e-16,1.7537121084021624e-11,5.502892699904754e-15,4.928993018876859e-16,-0.551470829987174,7.228469669965414e-15,5.904889857638751e-08,6.816105587058837e-13,-7.853151017891544e-12,0.040842852246783586,-0.4809917828234075,2.666798438392165e-14,0.2600247701706513,7.89897471501349e-06,-2.003622911399962e-12,8.837024878362303e-14,1.81511959988088e-09,-3.2364638985527613e-09,1.8402257101692176e-08,-1.349623045916742e-05,-9.0404047511695e-05,2.69805534737487e-09,4.303211110073062e-05,2.1882272319673644e-06,-0.0011485002869014425,-3.0072260280170215e-07,6.15988116398902e-08,-1.2197853296101868e-07,2.4880205759707125e-07,5.767617017902434e-07,8.06813830840826e-09,0.13762530530756675,-1.642536823672156e-08,4.506789534502605e-07,0.00028798923520280975,-0.0007456203665264308,0.02859416952799171,-0.5435527515749128,0.028441279095680654,0.003380142699131598,-0.0025694399864022483,-0.18235651410015308,0.006597473955651738,0.01859183725785117,0.009884379799742798,-0.031174943987225395,-0.015304296770216155,-0.015158466031629311,0.05411744712853738,0.06733966470070618,0.0039421152816241705,-0.0002463271969872843,0.035446192162206916,-0.027250810017191967,0.052388751055175736,-6.691213108047886e-16,0.008338601442736727,-0.004524660638540496,0.006796216373028699,0.016846182874816262,-0.009494486078150592,-0.003618045746236172,-0.0027354156943473072,-0.003323846875317537,-0.01197069337757835,0.00017369701379784977,-0.01039523344544145,-0.004233346246446517,-0.002566764898341257,-0.001227566943362669
9,-8.003987124089668e-16,-1.2388522102224984e-16,1.575344922262332e-16,4.181958573559657e-15,2.5883925400830325e-16,3.2485983036468545e-17,-1.684474293073211e-16,1.5680236374718561e-16,1.2859148677123774e-09,-4.427099518872795e-17,-3.230293218907854e-16,-0.0009123832407838181,0.00872638856275816,0.002328381023753354,2.8054642498517017e-12,6.022128208589572e-11,1.8679110822497372e-16,-1.2878927620372202e-09,-6.697352494078834e-13,-8.190664384151409e-17,1.515250718680945e-17,1.2780053760116865e-16,-6.953843077845251e-09,-4.0252330303145124e-10,-0.4248924745841296,-3.662883418905458e-15,2.4417812682039084e-11,3.93873412962924e-14,1.5668055351745097e-16,-0.04244650550308035,1.933230702205739e-14,1.7671534766458578e-07,2.1504858893996535e-12,-2.3417400781019508e-11,0.18966868933110348,-0.002237263780488279,4.135771738150263e-14,-0.3946046556405838,-7.160740542035907e-06,9.695757800233636e-12,-3.430763256884023e-13,-2.4683280326642706e-09,1.961408250656965e-08,-1.0248836697747482e-08,-8.890930385831935e-05,6.511702686904789e-05,-7.982974997528796e-09,-0.00022969172349808918,-3.983737532228723e-05,0.021472297349528147,5.073750830431131e-06,-9.825189352257397e-07,3.9656013431930443e-07,2.8581935053027876e-08,-6.955544125130921e-07,-1.0524084851770603e-08,-0.5870376076935853,1.3717683742543144e-08,-5.053457815902486e-08,-0.0011496348338078065,0.0039410927160151545,0.00628144590098204,0.013276112215525519,-0.000502486440439883,-0.000869166290573973,-0.0012535120802836294,-0.4867059059946432,-0.10349819136387943,0.022419591868608573,-0.04509193380954605,0.10096487901841877,-0.061473228519760045,0.02218680413333208,0.03439223999517516,0.009708937618398103,-0.005210639561319215,-0.0028006986770451065,0.01911315082068372,0.08009939709023427,0.03521524905672639,2.2259146816622013e-14,-0.058768276153944594,0.009572439095520517,0.02479989020816536,0.03590751179854306,0.001009210070705705,0.009231264711780509,0.005550762098503288,-0.00022794006800055082,0.0010517615457402167,-0.0003227850279278244,-0.00746394568614319,-0.00911205127128196,-0.0037823749380324506,-0.030508067073179778
10,8.800009214039805e-16,-4.671080727027783e-16,-2.9245904992971895e-16,6.4824732032844894e-15,1.5871750320244339e-16,-1.376723469827299e-17,-6.599890532886801e-17,-3.334789932661661e-16,-1.0657356880155709e-09,1.8714942135913454e-16,2.3489695033736237e-16,-0.0026405497697758297,-0.00708238562240117,0.0027111670748636582,-2.2359187199806815e-12,1.5975476306283507e-09,-9.505413496710728e-18,1.1129440536529848e-09,4.066397887758037e-12,2.1645029242020048e-16,3.202320672068081e-16,9.236034762047501e-17,2.1347610123027193e-08,-1.3614919742496715e-09,0.3485600852275371,2.9470594523312854e-15,-6.084429324930195e-11,-3.1539588372465374e-14,-1.0592574761815555e-15,-0.17468981915851445,-1.3280470411476085e-14,-1.2207375088692267e-07,-1.778933283687875e-12,1.9900157108421265e-11,-0.1635285313789432,-0.1542982433992429,-3.830953082729985e-14,-0.4115767761345219,-7.589166735295085e-06,-1.561291828188071e-11,4.574109812674507e-13,-2.3814706990816974e-09,6.1929771967698256e-09,2.1437977395641328e-11,7.967052780710052e-05,-4.66252210680491e-05,4.599640251548111e-09,0.0002255402946090514,4.78487363425913e-05,-0.038443854702875147,-5.988476811148466e-06,1.1442933484043314e-06,-4.566576259399964e-07,-7.497179343487412e-07,9.916766078551177e-08,-6.287002355459253e-09,0.4635700728465352,-7.237222453021147e-09,1.0740864257976654e-07,0.000869319705953017,-0.003652216591757127,-0.02794606538797152,0.300625806840507,-0.01610477081454223,0.0006651912967438608,-0.0027161826268107076,-0.556751233047191,-0.022636195743938086,0.022532321484986836,-0.007089740997341263,0.013084106673603262,-0.017774806748364753,0.003953448702331818,-0.005886169185224126,-0.008575019730434194,-0.0007281322981463095,-3.644240126751311e-05,-0.011675877966956526,-0.024047527978420156,-0.009552158516168006,-1.043367622187831e-14,-0.004625863112860155,0.04484556033565789,0.053792456730584554,0.03169448075579865,0.009619389692159204,-0.010628990816225377,-0.0028367331400388197,0.006221856809153297,0.010461007643881,-0.010253452443292796,-0.010059812850747689,-0.009468946458429927,-0.003697479915828851,-0.033239282555677874
11,1.509610009103017e-16,1.2407601761067088e-15,2.041179341792965e-16,7.363889857633597e-15,-3.0864519181210996e-16,1.0656442785356337e-16,1.5639359883481372e-16,1.0008859652063943e-16,-3.6285038134731564e-10,-4.754163918546577e-16,9.018049247572922e-18,0.004760776114226417,-0.00234941357643438,0.0035815365552751806,-9.265313070122373e-13,-2.459915601265032e-09,6.436392392880131e-17,2.8008045232246427e-10,-5.00623035896382e-12,1.1055249122212355e-17,-3.806585442958795e-17,9.097041983427027e-17,1.7117973503623168e-08,2.221770727757228e-09,0.11928846919557079,1.6569478558085698e-15,-5.2051298082322394e-11,-1.2366048596441998e-14,-3.13164035699852e-16,0.36732874441655294,-1.1296366920613545e-14,-2.7315892874364652e-08,-7.353066804451598e-13,7.213896997559546e-12,-0.05925625454166803,0.4272147878010953,-1.5050922214666916e-14,-0.18630140376388388,-2.5596543006587355e-06,7.486739034077186e-12,-2.042746972202151e-13,-1.08467439653292e-09,2.6798863297336494e-09,-3.1064684616887524e-10,-1.1825960871930138e-06,-3.1484063665992534e-05,6.593270247336665e-10,4.0837698048870824e-05,2.2164236047859332e-06,-0.0009993818580644675,-2.935913741792301e-07,5.8497041337608725e-08,-8.956392707098751e-08,2.2787520781785439e-07,5.929179555660076e-07,8.20309525612093e-09,0.1774066686941394,-1.7434038696551914e-08,4.831312559788907e-07,0.00036837773383397923,-0.0009846873671592632,0.037024721728476,-0.7092305955052959,0.03710108677290717,0.0044761977502849335,-0.0034696785979939464,-0.24319401044951028,0.010066075536601536,0.025237570591094893,0.014366071994993948,-0.045208810540897384,-0.02283674509369382,-0.022740591396689564,0.07935762083072627,0.09913127149653544,0.005699908617447951,-0.00034523403627794027,0.054725978619628385,-0.04207686273638904,0.08211128798002856,-1.3075404356854656e-14,0.012628809717742917,-0.006970075036994168,0.011078714412232332,0.02564602757744121,-0.0152064994803297,-0.005777846493870312,-0.004382959057325546,-0.005343267891624461,-0.018637626740570866,0.00024506669886220005,-0.015828199540041082,-0.006905693928784121,-0.00418015397488548,-0.0021896406527789933
12,7.122426428289458e-12,1.7798510013019493e-12,6.22293906001267e-17,-3.1262595187222615e-11,2.850803115750175e-16,-1.963045696567464e-16,-2.5761307540058914e-16,5.691127398708234e-17,-2.7535264609617604e-07,3.8343143266861866e-17,1.1997070892689912e-16,3.7610879116918605e-06,-5.3944790981699224e-05,-7.556942198498342e-06,-4.4487830706414957e-10,-4.481835706411555e-08,3.22183830748015e-16,1.1857507326472208e-07,1.0677228851091493e-11,-1.299262656661559e-16,9.218148144818107e-16,-6.96524756965288e-17,-3.1124966227227443e-07,4.836836667105917e-08,0.00979469897695226,1.3986953563866202e-13,7.187507654227294e-10,-1.5341143220827182e-12,7.809464190123842e-15,0.0008698523844681376,-4.2705419077935964e-13,-2.296386247321491e-07,-2.1692227877215787e-11,1.3713267177747346e-10,-0.0065964395627277845,0.00019829704500692234,8.78703998253588e-13,0.00929017758260187,0.00039273194512257304,6.617609032299233e-10,-7.6484041857319e-12,2.8291715470566607e-08,-1.403212291228587e-07,1.2752253817250637e-07,0.0011974219341418647,-0.0011305114669657701,1.340465883110271e-07,0.0034122871717440916,0.0003741324664971916,-0.0321544235456436,-4.933135343798222e-05,9.798605459961127e-06,-4.000213916472222e-06,5.484933489178137e-06,5.633314486329368e-06,1.6001039489046024e-07,0.160267057867108,-4.5755251600331444e-08,-9.966759869993378e-07,0.0005893061279742386,0.002236925777193096,0.025439826206066177,-0.01655163269526382,0.001648373326250757,-0.0052500745393809865,0.004914899295362979,0.17681977363907048,-0.28547128424189194,-0.00868658181285495,-0.14565414131682458,0.3525661009850433,-0.2933444012960109,0.11775594799734886,0.129482550942533,0.019325967515208785,-0.02050055812858702,-0.01074400653509495,0.11757046748662227,0.5268757597879906,0.2377444311512687,1.5960727224084505e-14,-0.3381361384739955,0.06396294806824787,0.18244919362339482,0.1825778343407994,0.00782794020950356,0.07041889641246699,0.043533930704661335,-0.0013700624405590658,0.0060733700659125105,-0.001692752903793095,-0.03516613317107942,-0.07374976024963235,-0.031181926453814728,-0.22026271813173928
13,-5.916017254081505e-12,6.3055798072260444e-12,-7.710696441089538e-17,-3.790900282899119e-11,-1.896663601872888e-16,-3.2467130736005406e-17,4.1839580015820124e-16,3.189608776837644e-17,2.2995263873547564e-07,-1.2920051991962374e-16,-6.94102013122875e-17,1.1893371936078112e-05,4.563580256169619e-05,-1.1923419124193811e-05,3.4990679726228617e-10,-3.265880939852584e-07,-7.651871553619307e-16,-1.0556038169085824e-07,-6.017188625126785e-10,1.176469990470389e-16,-8.30177705157339e-16,5.883831806318535e-16,-2.091655894862141e-06,1.340185998589233e-07,-0.009357608028760928,-1.0867238656158911e-13,3.6514248495918224e-09,1.2587560508851977e-12,8.945644946361077e-15,0.004640113665600242,1.721678404307089e-13,-1.1520213608370408e-06,2.0008227755468562e-11,-1.5714746171973256e-10,0.007138643504624081,0.00561100552919966,-5.056682202015115e-13,0.014014574287506878,-0.00024577096427169507,-5.237428709854938e-10,4.472295053616456e-12,-1.2449129221513334e-08,7.52049364625844e-07,-3.181206209281146e-07,-0.003974731026504452,0.0017665446128075804,-3.381186347497821e-07,-0.00478997361071735,-0.0015112436502962134,0.7504634462121629,0.00019327428271129755,-3.754660373543197e-05,1.0325589464563407e-05,1.4478217607466556e-05,2.3944525354717817e-06,1.5727009267442822e-07,-0.002156332781527962,1.350052717644032e-08,-9.187548628354069e-07,-1.4142822187443247e-06,-6.404797400292725e-05,-0.002022679872651801,-0.012323335926999052,0.0005559661550917957,0.0007327691391331619,-0.0003688638357280042,0.0232503793683672,0.06317931310435963,-0.004333084445947508,0.028156881158460156,-0.06290493820367414,-0.046607972148819225,0.007588678687433521,-0.059363545665074485,-0.0520842017851552,0.0023256970105826496,0.0025881211295099914,-0.07940654809498127,-0.1753347620312286,-0.07060451959350246,-2.2116836857731766e-14,9.440072204209809e-05,0.3170309728709058,0.39762983505838934,0.15743909553619673,0.075004911039138,-0.08244421681875243,-0.022224158876054705,0.04978755147991409,0.06928317437360025,-0.07386382939524436,-0.05246460837034595,-0.07667258985392589,-0.03050580790139403,-0.2403746788577708
14,-1.9706247656253225e-12,-1.164234385576778e-11,-2.5566051986407927e-17,-3.8747588834308336e-11,-5.71844745969392e-17,-3.841602109733132e-17,-7.8861060355987e-17,-1.156330795349808e-16,7.806362502726674e-08,2.0343853371676406e-16,-2.3370481375852025e-17,-2.2005617782664096e-05,1.4768374949099228e-05,-1.731564112580481e-05,1.5647598206308442e-10,5.106328185717659e-07,1.4073248636001597e-17,-2.21116929389796e-08,8.035164472730851e-10,-7.685112217977642e-17,-4.336035454822521e-17,-8.01444697353703e-16,-1.792409442984944e-06,-2.004873938992737e-07,-0.0027510204916459894,-6.98947864462317e-14,3.4650663675593557e-09,5.569900518162015e-13,1.0597600436632684e-14,-0.008018886468328157,4.042756210071537e-13,-8.951068094257293e-07,1.2000521316799853e-11,-7.028408924690561e-11,0.001971715727982229,-0.011048310563186574,-8.051834129884747e-14,0.004199844331189668,-6.386635844037662e-05,-1.4043796932926022e-10,3.9660807538082414e-12,-3.890401375886834e-09,-4.104579831189085e-08,-3.065621940496762e-07,0.0004330765240535318,0.0016891940786096576,-3.536259092924738e-08,-0.00045400244773857994,1.5229752239164448e-05,0.0004187316009734513,-1.60157159647962e-06,2.5759627979611465e-07,1.6790596839858582e-06,-3.2248360964084983e-06,-5.306413275363328e-06,-7.785856236682426e-08,-0.051712013731423145,1.3678027379755298e-07,-3.695763864598664e-06,-0.00022044708756458652,-0.0006556667190582105,-0.02161907210074599,0.19844386747740256,-0.010741010267494333,0.0011993274443389368,-0.0028287875809984457,0.05610027866971885,0.08307533766183677,0.022193276299606997,0.06632964418771434,-0.1945490635525862,-0.09644133619613941,-0.12161620881137222,0.3268044943138921,0.43110863312956804,0.022067459766528012,-0.00019076951154271056,0.3402802205753018,-0.278708082928042,0.558625993245529,4.5214201023966454e-15,0.08266355252721244,-0.0495100760075862,0.08334789623829582,0.13508695493648556,-0.11928161205035284,-0.045080236439583844,-0.035002073871127484,-0.04287770886274712,-0.12451956483001096,0.0016607111942852758,-0.08770382044713632,-0.05602813585606965,-0.03420199602753234,-0.016290304022847736
15,3.4153472597174267e-15,-5.0848755775152324e-15,5.4566823974052635e-17,6.089901597910933e-14,-3.7496943598771865e-17,-5.736351629960834e-17,-3.8331493118342217e-16,8.464278199579505e-17,-5.457134654560034e-09,-1.1122305402903384e-16,-9.26578647474711e-17,-4.2243352099312984e-07,-1.5843635396745222e-06,4.9532879511087e-07,-1.0949500614509474e-11,1.1172757323061576e-08,9.16182831242173e-18,5.213678822648944e-09,2.6426946009043036e-11,-3.702326323515613e-16,1.8959051636419316e-16,-2.985387941138977e-17,1.3458445481306196e-07,-9.374382457802906e-09,0.0012864928358802012,8.047568702998724e-15,-3.304422058886466e-10,-1.0849911639131879e-13,-4.613320753733288e-16,-0.0008733696253650115,-1.902752955927734e-14,1.6250649948863017e-07,-2.486462832558803e-12,2.0343537797885007e-11,-0.0015279176344208478,-0.0013055170603155889,7.672599325298725e-14,-0.004027035203197151,6.551228579155055e-05,1.246314441936754e-10,-1.0027509382480529e-12,3.4832394183611058e-09,-2.5914772955339527e-07,1.1548084945350717e-07,0.0018492764130402975,-0.0008388023945059617,1.3897188137361072e-07,0.0030941826911290364,0.0008771901430492596,-0.6543580208257074,-0.00011057012473388366,2.1248282514067428e-05,-7.0727701830539766e-06,-1.5751013441678345e-05,-4.443158670975579e-06,-2.3354336725934349e-07,-0.09945739306071087,-3.5607111688160054e-08,3.2811377521111095e-06,-0.0003580866078673849,-0.0008011310305544971,-0.008274212147365711,-0.04696574368332114,0.002123970998119007,0.0023901348775404495,-0.0009358331969864594,0.055753241165697714,0.11998093731124243,-0.010151989962101642,0.05096804729109539,-0.11070310045524409,-0.06506685992927391,0.010420386174821765,-0.09077237787214926,-0.07842470715705778,0.003972999356657893,0.004243142173399931,-0.09548689306037177,-0.20653048304562846,-0.07991434012349637,-1.109204059281536e-14,0.0001206515612652357,0.3483149896430239,0.42392778936724823,0.20410905116334938,0.07661701106741221,-0.08452013615127638,-0.0223006278617522,0.0499273456293286,0.0796790484103322,-0.08023800875142174,-0.06748912837815556,-0.07750896368889842,-0.030550455920611386,-0.25928854045802235
16,-7.733062968809154e-08,-2.2381386082857416e-08,-3.102964625582852e-17,2.462546352107289e-07,-7.305796767242416e-17,4.483929915030203e-16,-1.8344323985939704e-16,2.4969749532699357e-17,7.519765811203154e-05,8.886454129448865e-17,-1.0213916350772945e-16,-1.3291431445659008e-08,2.8888518118284104e-07,1.3977861099760098e-08,9.340791422461701e-08,1.8112455257081804e-05,-6.395245235335202e-14,-1.5883467706182096e-05,1.0390284761982234e-08,-4.347672607859371e-15,-1.1000998276417249e-13,-9.327025067991587e-15,0.00014852908876575313,-7.571010856435597e-06,-0.0001997898754493411,-1.2219978842150195e-11,-2.0770927781745588e-07,1.2090096381587136e-10,-1.1785094206613665e-12,-1.0754886957736112e-05,2.8252695218405468e-11,4.11019141408331e-05,1.153156053936222e-09,-6.528491542850535e-09,0.00020638727657087584,2.531041594913604e-06,-4.6929104766322886e-11,-0.00015486157422771877,-0.012825519465456191,-2.2498265779404962e-08,2.7564463121436963e-10,-9.308459190527036e-07,5.390475587452916e-08,-8.843766986269465e-07,-0.015420402515816794,0.015566852839131392,-1.9304856098497784e-06,-0.05561373304608849,-0.0038986234325796387,0.016326086890824872,0.0005246665691608543,-0.0001057817754479647,5.240844866974216e-05,-6.64269201144169e-05,-4.571784239347803e-05,-1.5075687907439199e-06,-0.03210457775348892,3.064082116245284e-07,6.576674886664699e-06,-0.0013648846513536553,-0.014929571212430808,-0.08251636523908908,0.007376427485490133,-0.0028809698491853194,0.015000288805932176,-0.009882762946806765,-0.07549733005582847,0.42143811868463615,0.0042892596687261406,0.18460108560138605,-0.40239815319890043,0.2535660362898875,-0.02411837766263569,-0.1383064706036366,-0.06974899727061838,0.01937161607642568,0.009880790459691072,0.07177222056755542,0.5369217044915391,0.20844087197132127,2.174220232127282e-14,-0.0482848011689651,-0.05692430073967203,0.14340517700824681,-0.22940767207975962,0.009526991147320774,0.13680243303847428,0.08653322258322993,-0.003130188388319138,-0.023586702067247195,0.026199113351817998,0.08181460794898651,-0.1368677523960011,-0.06206330716353257,-0.21536827863541266
17,6.464628165306449e-08,-7.13119535737332e-08,3.0847489843744805e-17,2.675831336588643e-07,-1.4757806035245258e-17,-2.1492309632560412e-16,1.0624388059437834e-16,-1.2752369209097158e-16,-6.1008441033004174e-05,5.590221358849277e-17,1.3456551652093661e-17,-4.480476363557105e-08,-2.41509701704772e-07,4.666839720697747e-08,-6.835386320345273e-08,8.438928391288152e-05,4.740568029884213e-14,1.3449808132924267e-05,1.1656185841027123e-07,4.172256727282553e-15,1.2141851519824615e-13,-1.0675893151993814e-13,0.0003109980840238061,-1.7820046191524278e-05,0.00017902823642612702,8.308647766058291e-12,-3.8901307581953275e-07,-8.589280562771934e-11,-1.1684449029280649e-12,-8.666739779578838e-05,-4.923215899208699e-12,7.700051450627821e-05,-9.737189068830928e-10,7.900108492196732e-09,-0.00019815390254263285,-0.00013185542710260977,1.3191080264215369e-11,-0.00032009608568998486,0.0030222641085502744,9.990704842962383e-09,-7.277333820917065e-11,5.346508079295772e-08,-1.4549315624769827e-05,5.474014614510301e-06,0.042995428554077494,-0.015788343160899648,4.448428195413325e-06,0.008812120113464404,0.009994259679952208,-0.047825605088393945,-0.0013252321707360767,0.00026432110289866423,-2.8296279416809773e-05,3.1844751304755044e-05,1.6099489764428133e-05,9.258942892477679e-07,0.01086625605399301,4.0335436368863675e-07,-2.5182633441978494e-05,0.0009441589938923204,0.006747423574093881,0.059206493414451486,0.004399814274840762,0.0015692434111727036,-0.01066475198574379,0.003147691640338412,0.029033721379033834,-0.3228841549625019,0.04757333413674638,-0.1101922528655126,0.20166672319422693,0.41066831086860245,-0.09712512736906852,0.2113336614185875,0.23590710664392717,-0.0008966760896483492,-0.008798756706252665,0.045482825920324294,-6.997041752013417e-05,-0.06749067764808368,-1.0577693937828777e-14,0.1714775888669815,0.07811404083832453,0.3057629526452339,-0.5552046590820509,0.12248201345136425,-0.1325584689181118,-0.04380807189834853,0.09800271897051609,-0.035825880266107155,-0.036264041813652274,0.16541555690533247,-0.1374781884843887,-0.0606682030451337,-0.11158922955819749
18,2.1308344525964058e-08,1.251658315739584e-07,2.867018475878276e-17,2.4553147260394364e-07,-1.639782497927211e-17,-5.029862128298874e-17,1.6739418133840397e-16,3.84492921385685e-17,-2.130356551429876e-05,2.9415304737721726e-17,-1.2237048409324138e-16,8.724334175318502e-08,-7.940906516821467e-08,7.397268036034199e-08,-3.496916139437751e-08,-0.00013415403055489107,2.321749393875443e-14,2.3202552260780452e-06,-1.6697130625525353e-07,2.264049642869687e-16,-1.6714611980966123e-14,1.52450522234325e-13,0.00027937774432343793,2.595799834365422e-05,5.4596804312571315e-05,7.1476013671045214e-12,-3.910830924779377e-07,-4.707170993051438e-11,-1.2524593331924658e-12,0.00015073026942130757,-3.2155419901737814e-11,6.791345161182689e-05,-8.061676791732325e-10,4.5476865060625694e-09,-5.7282982100050194e-05,0.0002468393348773669,-3.36944811981196e-13,-8.007099839190701e-05,0.0009933954985526876,3.4669893509347447e-09,-1.5080688038222142e-10,3.6042196817626063e-08,1.314022076798112e-06,9.499946479838091e-06,-0.013129730829122131,-0.04111463685581239,7.681963934644367e-07,0.002005955268556576,-0.0008379500787034161,-0.0002367956188497837,0.0001030847879820852,-1.9348584749623287e-05,-2.6178550820287245e-05,3.8892133545641206e-05,5.3950797431254015e-05,7.702985198831267e-07,0.012224603302361919,-1.3177246543408939e-06,3.460350627194697e-05,0.0006006194172555274,0.003358100284555402,0.041066587295463815,-0.045121860284294414,0.00355990478470089,-0.007140388767788806,0.01068021544977186,-0.010239613979863086,-0.07874592321169567,-0.08900125889146634,-0.08740719470194092,0.2625922788181794,0.16026801047679856,0.02953311937627263,-0.44034146556116127,-0.48931796655974935,-0.034064962974369895,0.004074772817705407,0.13986337278578512,-0.23345362548225249,0.4960320409741326,-4.877964497923652e-16,0.07516830233021085,-0.08260943101453976,0.09244669655737241,-0.08607817703724625,-0.21758959973050493,-0.08088222265326221,-0.0693289071385248,-0.08509412350262455,-0.10633014362997742,0.006017885749145691,0.02229751188448719,-0.10572537175665861,-0.06821132415005593,0.005925635688530187
19,0.0006643348397348957,0.00022604916718409958,-1.880860057147908e-16,-0.0014729353588501387,2.5108141772503125e-17,-9.466774094990421e-18,-5.549944377300121e-17,-3.638548561823884e-15,-0.016299614741640097,-5.795404237617416e-15,-1.4854192695853065e-16,6.330227433010021e-11,-2.099302104065647e-09,3.759655436639014e-11,-1.565658879230483e-05,-0.005145760342676767,1.0799019390601133e-11,0.001696166947255682,-3.593064817098408e-06,5.319489273063555e-13,1.2887129043018607e-11,3.3002710572390786e-12,-0.029581810840456288,0.000957628098848145,7.26658532780345e-06,8.449721822336828e-10,2.9019733796645952e-05,-7.623563595186304e-09,1.333228057918765e-10,1.9363238398446233e-07,-1.5338217773606226e-09,-0.003769805321553939,-4.6676371161964945e-08,2.1612492056399587e-07,-1.670335265350813e-05,-9.661665404849436e-07,2.1437507793399123e-09,-2.857587998743652e-06,0.3601890319517429,6.435403525825144e-07,-8.328404418373538e-09,2.6632454416473402e-05,9.932240860135737e-05,-4.552341234765236e-05,0.08459536931040602,-0.10706957704591029,1.1174745988605175e-05,0.8143776974476971,0.01645443327139195,0.006432861183219277,-0.0023235857837722077,0.0004846678365825422,-0.0005985425627592434,0.0005700534891470049,0.0002794158881364591,1.0418253114755717e-05,-0.00035549101294413707,-1.8582200874449847e-06,-2.0569095343577528e-05,0.004110817286423272,0.050886491711268814,0.14833490000991498,0.009993616218319882,0.0037464186962442242,-0.022052468536159303,0.010404208075032742,-0.002675242065857253,-0.06346072543898726,-0.011663412302247851,0.006630737686830237,-0.07016515460888605,-0.05510560928171463,-0.049517135450420725,-0.03778687897319518,0.004404184718760456,0.008312766222778215,0.005065027268330125,-0.08029344671679403,0.01858838819405579,-0.013236199458668597,1.7274885553741331e-15,0.17095004163712127,-0.12470469944670944,0.010667125372379366,0.05271768610049224,0.008285897459465019,0.1734906730706104,0.11855110529054111,-0.004887680691533143,-0.006158711543904555,0.03897705376202247,-0.021906460703887756,-0.17176593849873123,-0.08500435737504329,-0.0882704493622833
20,-0.0005619730589561222,0.0006469674440706927,-6.960381391941189e-17,-0.0015244711269550072,-1.1750767086347187e-18,2.003729442763851e-17,1.0488369927986372e-16,2.8064820628477167e-15,0.013114318777143343,-7.136883498250853e-16,-5.591540830079172e-16,2.232660969701011e-10,1.7365397250689773e-09,-2.8277986049402284e-10,1.0730516516850257e-05,-0.01825877606700351,-7.572867589072964e-12,-0.0014265456070279492,-1.9250537963421233e-05,-5.66715750222924e-13,-1.6108826097423608e-11,1.779129778966511e-11,-0.04219503901188258,0.0020495690223822183,-6.159630697088731e-06,-5.329947614506618e-10,3.886868160051075e-05,4.966854176340101e-09,1.3031349233635228e-10,3.477724634479754e-06,-9.661296336529115e-11,-0.005099946709147978,4.432529777220616e-08,-3.8749359929859533e-07,1.291625859723233e-05,7.885840331842031e-06,-4.0698672465843346e-11,2.457677797983014e-05,0.013208094457048574,-1.4521114121831872e-07,1.5954720767767124e-10,6.148899303265688e-06,0.0003811301202845852,-0.00014079498973148087,-0.7967854642570363,0.2661774519040266,-9.033434684381167e-05,0.11760343732876391,-0.15704805071615002,-0.004495667041970244,0.021012171096075078,-0.00421931564706213,0.0002213160845771771,-0.00017855958603315403,-4.242574116111086e-05,-5.308210369693612e-06,-0.0005403278525702024,-3.635598963206498e-06,0.00016181863797410897,-0.0027335520311991394,-0.008085427098492236,-0.10783963247621027,-0.007653395410203442,-0.002713138450624696,0.015725908320578973,0.001624802648076412,-0.005937669682787041,0.11651958977505206,-0.10029767372410339,-0.006387588584672159,0.07506674919446091,-0.21452554864683943,0.021126934862164683,0.02285537771723318,-0.025325519369183487,-0.012134626057404787,-0.0005208297540553822,0.060652935076659274,-0.0029243722826166295,-0.06725450497268144,-4.637639578794469e-18,0.0523392471602941,-0.15115568667595453,0.07547700823755772,-0.09822229271806594,0.1413072419513422,-0.15367755977724648,-0.06012360077601466,0.13353312509837492,-0.07600385750821678,0.010610517771138165,0.036291294797936906,-0.17051209207055798,-0.08308915487203593,0.07943872576138823
21,-0.0001825310874461534,-0.001062542806615099,2.724173209669107e-17,-0.0012617138450002714,1.3788287478461067e-17,-5.4720721706805485e-17,-5.2299617097569174e-17,9.315605567066173e-16,0.004602963237594534,7.876998955458488e-15,-2.9529443510326737e-16,-4.583398346376568e-10,5.890264505248212e-10,-4.508813205020601e-10,6.291589751404725e-06,0.02776776424536288,-4.148760834471469e-12,-0.0001496615669283322,2.7272923471137907e-05,5.438558397647073e-14,4.317781609589902e-12,-2.5161359264775056e-11,-0.03584817940533843,-0.0026403177787358146,-1.9219409773173096e-06,-5.962673658481133e-10,3.622651732002681e-05,3.202233994178957e-09,1.2168758390086847e-10,-5.909570826497428e-06,2.05290707344565e-09,-0.004234028260288545,4.4656287867051964e-08,-2.476146706631081e-07,3.7825876975408e-06,-1.3655935284692588e-05,2.7693357191422004e-10,4.488367429206278e-06,0.013156172261404787,-4.22173702666239e-08,4.5256246157533294e-09,2.227274910956927e-06,-2.0630722204759372e-05,-0.00024086617708056108,0.2782374544288171,0.8140419347403025,-1.5951844049744303e-05,0.07503181793065652,0.016659421776876293,4.694286489314959e-05,-0.00210476451226647,0.00040365404066262017,0.00032758651728421366,-0.00037616016728758207,-0.0004444743591395278,-6.1667770431394485e-06,-0.00040476087992968033,1.0092438235542943e-05,-0.00025163326324075403,-0.0021851752960236016,-0.006171868218568732,-0.09308521131127678,-0.004429545331233646,-0.0025525764084489973,0.015290747532802918,-0.02075577062799601,0.011108418546241582,-0.06136866494447716,0.18058404232344838,0.017798501802531362,-0.07211034721218512,-0.049795045904347024,0.10334275462783689,0.06765276095968292,-0.037634766937172805,0.01661577531598877,-0.006213805253795306,-0.2006311772027026,-0.008144243680950456,0.010423984325008451,8.779430096514548e-16,-0.04938288073603134,-0.05258402313921272,0.045810920736628506,-0.046256176685288516,-0.2617332406687982,-0.09632782279169545,-0.09452950314305629,-0.1162315566621189,0.012052413226113785,0.005024814385618105,0.050048357166396225,-0.13435751334941923,-0.09372183615501559,0.03516425581256816
22,-0.536382137355636,-0.13160488310878654,-2.2736508950130243e-16,0.43322724846738436,-2.6660789540074335e-16,8.521524333882453e-17,4.287563970847543e-15,9.885136564575775e-14,0.3135662196284714,1.235453489901381e-13,-3.978816077774299e-15,3.0409920523960525e-11,1.4558867777857585e-11,1.4882136388999015e-11,0.00022582152465104097,0.06779862272959578,-1.5747173188698295e-10,-0.015066485336959807,3.642169121326856e-05,-5.732364241951512e-12,-1.3380700645931966e-10,-3.3835798990103464e-11,0.1985276280463762,-0.005845756694413873,-9.594556717589e-07,-4.607848460106506e-09,-0.00013305705639137135,3.635996056027503e-08,-6.159030165206128e-10,-4.192870864527245e-08,5.541830795820127e-09,0.010218045576540942,1.4476422276630218e-07,-6.333446636201773e-07,5.452332111390535e-06,4.783024080333667e-07,-5.2046659206773435e-09,7.262934935188714e-06,-0.3945901177185274,-8.384291901091288e-07,1.1872322311220878e-08,-2.7053172152768434e-05,-7.647664293040159e-05,3.3305356151630195e-05,-0.013778299228676474,0.020926521946572393,-3.2058753852283754e-06,-0.043288741711577594,0.0010839861614731707,-0.0012010448613335603,-0.00010160695884260044,1.3483022114506206e-05,-3.48844037064595e-06,0.00015046816455061685,0.0001264608734805176,4.024062184254723e-06,0.0025053934071466574,-9.601012532072473e-07,-1.3045758588026752e-05,0.0029869922593243345,0.03787449731701201,0.12809819992426533,0.007362243699319758,0.003348816561316484,-0.0199482695310021,0.010008851580881812,0.0038848257800325353,-0.0992579859135085,-0.009854222333458383,-0.010572146735017218,-0.030848860227837366,-0.061627876639457735,-0.05159805601007111,-0.027153820213029044,0.011124053844072257,0.006282776396326349,0.004064589445295625,-0.08903754454158223,-0.02234525450812299,-0.02651491206344009,4.450413635386719e-16,0.18594702033981575,-0.12968193940780595,0.005850320615993705,0.06328349006054404,0.008710577044487891,0.18769609377460922,0.13011990640699428,-0.0058144905131817795,-0.005071045803913448,0.040494893148597326,-0.02684146403513894,-0.185468071482043,-0.09238586372625744,-0.08604027496281885
23,0.4299941294358222,-0.35694869483094244,-2.722173091238332e-16,0.42491963876106154,1.9283536963391405e-16,5.0187811115630156e-17,-3.523060599748045e-15,-7.760542770700575e-14,-0.2390777448807302,1.485760756882538e-14,-1.1738586980307933e-15,9.921147667506639e-11,6.552202948968074e-11,2.5683812515620588e-11,-0.0001466087036611644,0.227712245575417,1.0461392187426834e-10,0.012007621013461575,0.00018428341706356363,5.7905815283863585e-12,1.5868443948497015e-10,-1.7226179291393786e-10,0.26763521762919384,-0.011845806545545953,4.6776487549721353e-07,2.75077743243779e-09,-0.00016830364072668538,-2.241019862498297e-08,-5.704151872153248e-10,-4.347253149559977e-07,3.6034194428223305e-10,0.013024884598180117,-1.307591073155425e-07,1.0905841092714883e-06,-1.5662860532184109e-06,-1.2303970246305617e-06,5.3269007806693025e-11,-4.081588062553436e-06,-0.020761431818365286,1.6837667571504945e-07,-5.8057425009294697e-11,-6.439513970471494e-06,-0.0002539572995411673,8.472719709471378e-05,0.2556025021791331,-0.0787620469125143,4.047510740325087e-05,-0.023089370626315588,0.020249195104337932,0.0028229994601140485,-0.0029447546419830092,0.0006271627149632692,9.664642001679421e-06,-5.36622172467327e-05,-2.359525572386514e-05,-2.0535233269242896e-06,-0.0016467744686617495,-1.6878307875419422e-06,8.497632641486058e-05,-0.0019069195572993143,-0.007078122914794075,-0.088584676470003,-0.006125719863730924,-0.002269177248748682,0.013552251759917689,0.0007524373505890334,-0.008154792901323267,0.13204646263510542,-0.08601684673833754,0.004907110066607882,0.047520931985818284,-0.22727858679654026,0.02727905984587729,0.005179427603177397,-0.04088976162011524,-0.010664415540775083,0.00020372479542277077,0.06103704926209868,0.006354648543339505,-0.06080957868140902,-1.1875687438280303e-15,0.03629235782700896,-0.16192343008093296,0.061784209301283415,-0.06453246104875908,0.14384216604100555,-0.15685799846445467,-0.062790220152077,0.1382135626360716,-0.07597528151998541,0.013326679845633474,0.02657480704883188,-0.17436302876479995,-0.08562513122621952,0.08874275301917943
24,0.14052039902254687,0.5898244280609646,-1.8456277557214336e-16,0.35383142260173955,1.7117853262563206e-16,1.02676051541645e-16,-8.113959872229401e-16,-2.548112621585248e-14,-0.0844302482239135,-1.631388095487992e-13,6.998159058694045e-15,-1.4581128758381463e-10,-1.1674791965685438e-10,7.536456838303526e-12,-8.656330196682065e-05,-0.34834818494253134,5.7700258495445145e-11,0.0012588667549478514,-0.0002626628311439144,-5.623721533985402e-13,-4.296505165244967e-11,2.451001528798779e-10,0.22866110001349588,0.015333314803079784,1.105283254530851e-07,3.109500619848533e-09,-0.00015767229038259138,-1.4582961190711096e-08,-5.350544311310187e-10,6.792576491819623e-07,-7.09735870104746e-09,0.01086545337861218,-1.332349945178373e-07,7.03082257179495e-07,-3.0714585284061194e-07,2.0203861550843272e-06,-6.599731370737932e-10,-3.0142574786830263e-07,-0.016715792456498586,4.7989366574341355e-08,-6.148347243071583e-09,-2.3798964591190423e-06,1.2930615350737906e-05,0.00014555884655245726,-0.09212026707266392,-0.25108964364479713,7.21955485223677e-06,-0.011200498195899836,-0.0023830037970556687,8.26462739095784e-05,0.0003268561749372563,-6.645731661166369e-05,-5.284280189150959e-07,-9.08906501069739e-05,-0.00018102283197973492,-2.1924944449924824e-06,-0.0012741903266195987,4.806175844826352e-06,-0.00013061567228738805,-0.0014742882336665339,-0.004854462995996286,-0.07386653860304378,-0.000485913589988594,-0.0022029516035527333,0.012581210649284242,-0.017746850119448654,0.00928885933177163,-0.04517317888633992,0.1556658816733862,0.0226439496153517,-0.08360823212391148,-0.055575438240218815,0.09806896364400586,0.09044436091560075,-0.004535656701153187,0.017231797671810156,-0.005895177453371088,-0.21088722308474364,0.010429561555658532,-0.019184694382923577,-2.688194787004539e-17,-0.05528411567850964,-0.04926142850871261,0.04372473371014747,-0.042297360325809684,-0.2684658894924238,-0.09887017975587087,-0.09853734264025268,-0.12091142883790044,0.019067669266728454,0.004796951117882134,0.04882262840848913,-0.1385495658723632,-0.09740408882981906,0.035736792103173654
25,0.5446129868231234,0.1335643845730951,2.05539448675853e-16,-0.4389853425565827,-2.85549173365483e-16,-1.4863878198139477e-17,3.912294222769977e-15,9.113599471058913e-14,0.2979571821719066,1.1600363165500993e-13,-3.666259905752704e-15,2.8743779633118208e-11,1.9020138755173165e-11,1.4548056666181401e-11,0.00021717953155421388,0.06439326482730051,-1.513927796970701e-10,-0.014695139786131397,3.4859580011405786e-05,-5.570262774103795e-12,-1.3020837148283675e-10,-3.236267510528222e-11,0.18807055862967992,-0.005684270075005356,-9.670119797108997e-07,-4.5471515323642e-09,-0.00012841060988749207,3.589143466975452e-08,-5.968167097945643e-10,-4.1384339870172485e-08,5.486323582066094e-09,0.010025767396307922,1.4404162295765417e-07,-6.331592951436567e-07,5.4591364076675285e-06,4.816024330689444e-07,-5.154440945144017e-09,7.196655001448713e-06,-0.3938942187324446,-8.359296314387531e-07,1.183072388802294e-08,-2.70231476920313e-05,-7.692222168307613e-05,3.3696098861733874e-05,-0.01315645885069667,0.020015914799107252,-3.1059702584446282e-06,-0.04694269042840582,0.001268521048469891,-0.0012193543610823328,-0.00012584739003924036,1.8284065105527523e-05,-1.7954100248818273e-06,0.0001488689299518283,0.00012595779186835631,3.9986935139767705e-06,0.0025107884160804395,-9.585269354788434e-07,-1.2956485938661764e-05,0.0029803977813822606,0.03775167220837394,0.12793457867579666,0.007350135869003649,0.0033449453888957704,-0.01992698713065864,0.01000071518943487,0.0039011172397758445,-0.099278770917241,-0.009850617562516357,-0.010613519446886401,-0.03070841959593333,-0.06156205272655094,-0.05158446313019108,-0.027108287097197068,0.011168484254531406,0.0062700759377704255,0.00405919975577691,-0.08901414635245725,-0.022465309928678307,-0.026572405469547526,4.0957950174354045e-16,0.18583949353093515,-0.12963548763096078,0.005792232723940278,0.06336729550412849,0.008709783407521772,0.18769520171175236,0.13012488381856696,-0.005815109072178109,-0.005046202967452055,0.040485911199723945,-0.02687488734570849,-0.18546642828307028,-0.0923923493087482,-0.0859865641313166
26,-0.4365350064919988,0.3621966113943718,2.08755526923062e-16,-0.43040678335911187,2.1447380126770642e-16,3.216129591778041e-17,-3.2006137818946655e-15,-7.173863107958033e-14,-0.22800934721045063,1.2050898773523646e-14,-1.0374968139089142e-15,9.406176515103022e-11,5.796512451377094e-11,2.5785778876959435e-11,-0.00014190876217032503,0.2173482422929808,1.0118474334472222e-10,0.01176718649940389,0.00017800088176310442,5.632174485041415e-12,1.543438493705822e-10,-1.6632088385150781e-10,0.2562723929219954,-0.01155960851996234,4.841064314651206e-07,2.7147769826259463e-09,-0.00016340227567559234,-2.219331210803325e-08,-5.523267059499164e-10,-4.4270550995931276e-07,3.433850728747859e-10,0.012822631053116967,-1.2952068783001398e-07,1.0790853273018988e-06,-1.6050950960313196e-06,-1.247933890198189e-06,7.409460704457187e-11,-4.188728218959822e-06,-0.020432741943409848,1.6907473243315976e-07,-7.334103535988425e-11,-6.424227911922061e-06,-0.00025484848657412876,8.525915542029867e-05,0.2583850840100426,-0.0803436061557473,4.078100083022875e-05,-0.025055017523929534,0.02090118791564533,0.0028329161790729986,-0.0030315174377008947,0.0006445114532721853,9.360538474502052e-06,-5.3495866909251215e-05,-2.349119748803274e-05,-2.042872468849828e-06,-0.0016460396898240839,-1.6793032750195881e-06,8.461338077282413e-05,-0.0019024263710638895,-0.007111343689925163,-0.08843601032290985,-0.006114794602569492,-0.0022655146759077904,0.013532429690477125,0.0007485876395736145,-0.008149841604824426,0.1319923652924011,-0.08590013549556785,0.004929205337343277,0.047437178297125064,-0.22717201351138272,0.0272847778477404,0.005129694400089495,-0.04088969068128364,-0.010656949198592508,0.0002048070277858489,0.06103087729589465,0.006346707060114438,-0.06080425377779633,-1.0786654725260869e-15,0.036170985100850685,-0.16190604913639997,0.06169490680258449,-0.06433479064905182,0.14383702651162786,-0.1568521055669411,-0.06279409692913047,0.1382198904146413,-0.07594005398607086,0.013330397946725135,0.026508525627283855,-0.17436126325299373,-0.08563160849317983,0.08878220032207701
27,-0.1426602310576753,-0.5985094144091063,7.092761867806186e-17,-0.3584166130272076,1.3387265761964339e-16,7.142406313798293e-17,-7.519652673866879e-16,-2.366715342046923e-14,-0.08053516707722892,-1.5139865926239037e-13,6.40906970767049e-15,-1.3770059148977386e-10,-1.1302504594300297e-10,8.988860795320926e-12,-8.320776731736528e-05,-0.3324975822515421,5.54694384321268e-11,0.0012761807533447948,-0.00025343983730158765,-5.183203535145484e-13,-4.086660979811205e-11,2.3639538278434555e-10,0.2189452317454135,0.015045529634171093,1.1720953574889406e-07,3.0545807587475246e-09,-0.00015327466797434222,-1.4404286140272605e-08,-5.190720448973281e-10,6.973699957578823e-07,-7.017460707590023e-09,0.01069490252479205,-1.317593837649481e-07,6.943191456673042e-07,-3.2345577221657587e-07,2.0631634617116626e-06,-6.401267546744115e-10,-3.466962821230855e-07,-0.016485424752669196,4.857145190612528e-08,-6.141214107860009e-09,-2.369473767355817e-06,1.2763571532783783e-05,0.00014626950259392772,-0.0926161895701976,-0.25437328791680913,7.327041069363673e-06,-0.01259949390867118,-0.0023287945099116163,7.923079053096211e-05,0.0003192355353820515,-6.487085167597496e-05,-1.4942517446608967e-06,-8.976062389790802e-05,-0.0001795263612450768,-2.1741517863603033e-06,-0.0012739387123573036,4.773313553116094e-06,-0.00012982236063022702,-0.0014695954938375002,-0.004873590607433297,-0.0736999401230352,-0.0004707554772614139,-0.0021988128133438164,0.012555634225324132,-0.017715401766584732,0.00927500813492128,-0.045074479823963065,0.1553988130859462,0.02263544172726856,-0.08355637940489978,-0.0555362854122329,0.09799241162549047,0.09047566303183738,-0.004386832364228628,0.01721725152720754,-0.005890214351557638,-0.21083743606038088,0.010471713733515945,-0.019312465734756704,1.3794006754461764e-16,-0.05532020540934853,-0.04922162846135119,0.04368256790532907,-0.042216203544072545,-0.26845646714416366,-0.09886556702007838,-0.09854231154186323,-0.12091701833753878,0.019099777383494075,0.004793118610704159,0.04877701748276059,-0.13854923688195286,-0.09741124595069071,0.035748111210723243
28,-0.008870718913800004,-0.002176824140922968,6.219513370882773e-17,0.007170747686930772,4.739304575346082e-16,-1.0713836592020177e-16,-1.6341941375088455e-14,-3.7236097923264457e-13,-0.6661101843525776,-3.4872116698206065e-13,1.2165608561569445e-14,-7.265964948447507e-11,1.3833691027369343e-10,-3.8379295603448375e-11,-0.00032405445968213285,-0.1490466958747969,2.2912038925300665e-10,0.009209153764970562,-6.484484052543147e-05,4.734424322140435e-12,9.925074384688426e-11,6.157692209183531e-11,-0.4970662409433674,0.005053935707209721,-8.281613328643213e-07,-4.671814589910813e-10,0.00019247100802913865,3.911991829394831e-09,7.187213596802964e-10,-1.5617527591243204e-08,1.5265493601186875e-09,-0.00503614364879367,9.209376033650501e-08,-6.3156898195708e-07,4.031531132632019e-06,4.014339522527329e-07,-1.1340411033685988e-09,3.662868854392466e-06,-0.2536862130778399,-5.182043735067948e-07,7.1772778198166315e-09,-1.7580543882762653e-05,-4.820455243768627e-05,2.0349180480138512e-05,-0.0066625801261152124,0.008131448724047897,-3.3153765528879105e-06,-0.1507065479585656,0.005458204254252888,-0.0017821791728426205,-0.0006621159071085337,0.00012234252326770909,5.044537084176945e-05,8.736824507471887e-05,0.00010423130781198175,2.951487797383255e-06,0.0025896291992184234,-8.860995707775788e-07,-8.972212912456803e-06,0.0026670933706052736,0.03205456099428578,0.11958588413893857,0.0067613566756574706,0.0031438970707111454,-0.018807700848939887,0.009553681754594416,0.004290802724266027,-0.0982312904707396,-0.00972048162967098,-0.011837999798484728,-0.025419763954156575,-0.056542226978563676,-0.05095659129756247,-0.02571615838620461,0.012687175042035672,0.005702014434318198,0.0038331957929802923,-0.08699492565840061,-0.026029578894988307,-0.02794327628773014,8.468943614556859e-16,0.18002678831832988,-0.12702337192563323,0.0038225982922689807,0.06561400731158887,0.008697808657925741,0.18751747139136918,0.13025773155474635,-0.005838213335759602,-0.004028360324226732,0.03997353938462529,-0.02788296489463217,-0.18519805675960657,-0.09256839573642657,-0.08414254532683041
29,1.765081883197034e-05,6.008661119081003e-06,-1.6137463435071997e-17,-3.921540763893107e-05,-6.478961674199914e-17,-3.3713347264556016e-19,7.996440757568606e-16,2.011584281523955e-14,0.05706172781069119,2.6314116009137374e-14,-6.308025177802798e-16,9.619289847621415e-12,-1.7861645711804278e-11,6.04345384989592e-12,3.735825940276199e-05,0.018936966803891064,-2.6116198678345044e-11,-0.0017629492601257746,1.0867499666910877e-05,-7.391731561220226e-13,-1.6109216336865175e-11,-1.0196924639565022e-11,0.12953246232887944,-0.0014562721026500954,5.910419989533891e-07,1.5126781623387975e-10,-7.65600237872606e-05,-1.4698888660761088e-09,-2.8278047561089545e-10,1.896980117428576e-08,-7.880283452632774e-10,0.003739421872484194,-5.65290824932284e-08,4.117035249957321e-07,-6.354781187886219e-06,-7.659679423971813e-07,9.507826915511755e-10,-1.2945233999531539e-05,0.6988875389125724,1.0449692112230083e-06,-1.2545054870983277e-08,5.6594781115472915e-05,0.0004287538153967634,-0.0002949983899017884,-0.06072453087763972,0.06637424768270683,-0.00012765179840623227,-0.524340754514501,0.023153830035038007,-0.004386854098450364,-0.0029002027239225267,0.0005494467450057586,0.00016090746301901566,0.00018436158371973226,0.00017735578559944511,5.3932120971472936e-06,0.00327286151720415,-1.3926060265230766e-06,-1.3450048522817153e-05,0.0034353738145234264,0.006963834974098111,0.14929395159507125,0.00836969011520311,0.0038928763513707567,-0.022833642054729698,0.011200294406819508,0.00498696917359375,-0.1097041531545132,-0.011256236826169585,-0.013100271490032752,-0.027974624678622127,-0.05909092771540645,-0.05302756714476293,-0.027468119846481034,0.013503778646452611,0.006237573448922831,0.004157459995863114,-0.08692049994941987,-0.025780297833810667,-0.02700947565607744,-1.0945301935373693e-15,0.18363190112865352,-0.11735644359148636,0.007474642920754515,0.0672117162005013,0.008821955412847693,0.19107820313197926,0.12989623207379175,-0.005819215740152314,-0.003939223353761237,0.03498317876116574,-0.028496548893136395,-0.18582158484533112,-0.09217478486399948,-0.06659698709638845
30,0.007095892326009457,-0.005885764681780126,4.804519159870741e-17,0.00698666853580748,-3.2115544788818446e-16,5.783507041020169e-17,1.269102666884878e-14,2.813275899863149e-13,0.46390755555905433,-1.535363986613963e-13,9.133924831747016e-15,-2.072867362171587e-10,-2.5532347555703694e-10,-2.433078052333761e-11,0.00015794811417434024,-0.4361331594069297,-1.1733844803071884e-10,-0.0040982208794342586,-0.00022598732499299525,-4.612866738237417e-12,-1.266387190660463e-10,2.1536189465417774e-10,-0.4920713121750955,0.007660575151917124,9.241120743020669e-07,2.1017171610973176e-10,0.00017730043784515724,-6.662518703797111e-09,7.012494430888822e-10,-5.647140006785124e-07,-8.46750598377313e-10,-0.0032365913077687567,-3.3432497586731677e-08,1.8186187696326076e-07,-2.982887737307036e-06,-1.5815120703894716e-06,1.72882616927473e-09,-7.106304820926512e-06,0.04401101888382,2.4069111851751294e-07,-1.6966269164790208e-09,-8.307652470140464e-07,-0.0002123649571929372,7.086752740856106e-05,0.2978402687683336,-0.10449589166035392,4.129245457525377e-05,-0.07849386005960533,0.037491702320002235,0.0028170335650442024,-0.005194418422676914,0.001070035939046488,-1.3709190966756984e-06,-4.668600665875522e-05,-1.9142110563691656e-05,-1.6147785485486305e-06,-0.001565872476316604,-1.322462031090184e-06,6.911203190653205e-05,-0.0016976133324795037,-0.008538453516926952,-0.0812597923296557,-0.005620716506458084,-0.0020858863762636395,0.012551559053064234,0.0005916392991923053,-0.007823421913533028,0.12780307637887958,-0.0801971740806431,0.005457388670296201,0.04435302628778768,-0.21910251914550036,0.026984768951206828,0.003291175560560871,-0.040086236001277614,-0.010305041193593486,0.0002241792295136512,0.06103895951355303,0.006103707776285518,-0.06007545811752818,-6.052487005938992e-16,0.031045988400442127,-0.1600746833138182,0.05863256794420432,-0.057503274991379714,0.14354952765451834,-0.1565002315432529,-0.06290490906604829,0.13838822014180777,-0.0742294739670457,0.013290202199446611,0.02408183641109854,-0.17409619804241966,-0.08580861006567618,0.08971148843412523
31,0.002319017583150944,0.009726215863299378,6.134825732389906e-17,0.005818704575649952,-2.30888228724504e-16,-1.331566857422153e-16,3.5288610013123586e-15,9.115442512951886e-14,0.16391399561217398,5.633186201117117e-13,-2.4337359319606992e-14,3.1425514845004067e-10,1.807121037684974e-10,2.4823949057113305e-11,0.00012968207414128848,0.6675679707489849,-8.605947254970655e-11,0.002253981650884903,0.00033936211773920316,2.2358178228051162e-12,9.229817729343441e-11,-3.226149293800116e-10,-0.4208768161998651,-0.004425857078858796,3.5049001199038914e-07,-7.212560023941649e-10,0.00015248210305421174,-1.7104665303424807e-09,5.890208966929529e-10,1.0245193242693318e-06,-1.1151914012245772e-09,-0.0028338461268290474,-1.8432032345544652e-08,1.3657548869430646e-08,-1.1363012484737196e-06,2.746811214272641e-06,9.569242542000217e-10,-1.9682144305881535e-06,0.029762372919248412,1.1541585538073355e-07,-4.9452268903958575e-09,1.1991478468146481e-06,2.3035539068729734e-05,0.0001273209085386378,-0.09983719211675092,-0.3043239688255707,7.394866270301909e-06,-0.05099631275347657,-0.0010722816481296806,-7.268084875446927e-05,0.00014544615024286261,-2.916873845573768e-05,-3.143444158823094e-05,-4.756257266640315e-05,-0.00011871090726601701,-1.4489745401462303e-06,-0.0012094886831216089,3.3953846917947665e-06,-9.595073796313091e-05,-0.0012590108477931556,-0.005708249248913646,-0.06584191593540374,-1.4028351110019392e-05,-0.0019895452950453025,0.011333019939985721,-0.01617846154829175,0.0085292692212159,-0.04068230660549719,0.14227824674701392,0.02178844499634898,-0.07972005260140003,-0.05215644709851607,0.09408894466962917,0.08961650810356299,0.0004376444458214483,0.01633055907981365,-0.005620735090682111,-0.2069238581452001,0.011725575076926653,-0.022980192575644494,7.018827983513473e-16,-0.056499680302486324,-0.04730264422524656,0.042143633302402776,-0.03914970592621769,-0.2678364431564005,-0.09859386296050107,-0.09867459699251789,-0.12106714549739063,0.02008270469580799,0.004578364866455095,0.04670447239206111,-0.13836829577336954,-0.09760981223885996,0.03595674386070486
32,4.331639337744707e-06,1.0634432247267764e-06,-1.3218424266780996e-15,-3.5237792100839526e-06,4.290319190336469e-16,-2.423506570431426e-15,6.095179491015389e-13,1.2923830615354206e-11,0.01843435548906403,6.156447401827938e-12,-2.7445406319615057e-13,1.6971490177112889e-12,-9.631014770776702e-12,2.2980666551433313e-12,-0.005833690128359698,0.003389020368280904,3.99239354329852e-09,0.5208066318741416,-0.000977102773201928,2.0388652143713673e-10,4.804861670021202e-09,8.641896665345775e-10,0.016582029464649855,0.18939450139885747,-1.4822188463735914e-07,1.4628989283327951e-07,0.005088497975586569,-1.0300131664436833e-06,2.2093554457651338e-08,2.176591661888503e-09,-1.3056097063916389e-07,-0.4440380583865039,-1.936302510627906e-06,2.0179401545915174e-06,-2.446038760748687e-07,-2.0252554110686913e-08,1.1930516480552172e-07,-5.567655072620056e-07,0.013607235572507925,3.291735865659093e-06,-6.67556032128426e-08,-5.270199062629019e-05,-0.0013586185138365764,0.0010915144995964847,0.02585225442615206,-0.017798309494224143,0.0007332400751491298,0.010391132934323354,-0.09072840302895584,0.0003557097443710249,0.01228244467275131,-0.002467187427072433,0.0008104340231877355,-0.00281507881699138,-0.0013067758724728646,-5.462226595395347e-05,-0.0026673051991048654,6.2410803635740515e-06,0.00017404547636239287,-0.01616457986068483,-0.03365151688728979,-0.46215377222343507,-0.030306006671133385,-0.011181258692490944,0.060279217266916305,-0.022787613310073142,0.00818703614742472,0.07008997919935919,0.007193299649240396,-0.04046644503095098,0.19259855811132587,0.21903421179983557,-0.008941182244527153,0.031229159469646103,0.059562306471963464,-0.021852964345617523,-0.007662776419676981,0.020544708597390736,-0.1389280932221836,-0.06544205664824743,-1.994469555439242e-15,-0.11414656881209818,-0.06938974078715958,-0.09118250771322256,0.11433689637560163,0.007878630163187567,0.15230350424914918,0.13640578867771963,-0.006850868737885713,0.036507492069253,0.049705442581852534,-0.05478114322887779,-0.1649342314527299,-0.10023969406124932,-0.13815180486512393
33,-3.4728914467324263e-06,2.8780344227104556e-06,1.0628843822135059e-15,-3.403394030568214e-06,1.2748178450754227e-15,-3.440523673308495e-15,-5.038921736404845e-13,-1.0698842939402065e-11,-0.014862105091964273,1.0787638418530105e-11,-5.253368485480411e-13,7.513541595518575e-12,1.3819345110322798e-11,-3.3500891385684346e-13,0.0050749080289755315,0.014789369606659237,-3.4686036318090937e-09,-0.4965117689622086,-0.00477477259240899,-2.065380832101542e-10,-5.579164682748958e-09,4.348307758147807e-09,0.01449047840458208,0.3794657071496991,-1.8680013088045086e-07,-8.031799644231479e-08,0.004951908374740597,6.63875815741741e-07,1.6596401678629864e-08,1.7330578924083222e-08,-2.3442009201146636e-08,-0.4581678819994766,3.565971507477898e-06,-3.1113478315788824e-05,1.5314339117180372e-07,8.529249081932091e-08,2.6893336630108844e-08,4.217179799969422e-07,-0.01141797621532832,-2.4462664537223577e-06,-9.091246167503503e-10,4.7164825080404136e-05,0.0016987713373251498,-0.00034859627461168735,-0.05946928157099015,0.011836940207792586,0.00010869334469729272,0.004935514331976133,0.3093797782636048,0.00017735437011975902,-0.03891768017590108,0.007439254174784488,-0.0007266446166368065,-5.710677617532855e-06,-7.184583861484957e-05,8.267244647842277e-06,0.0007895373843620905,1.4621695104020614e-05,-0.0005505547856642635,0.00478665125768255,0.009276965574619864,0.14745599539596835,0.010698860360073064,0.003680129009872524,-0.019356559589906754,-0.01042420511647648,0.006268603753443559,-0.057826226139057725,0.17696729473097206,0.02135771614265575,-0.06592025508275239,0.20433584660791165,0.007686367710510037,-0.061065555084390086,0.008757321878603848,0.0037942241355142744,-0.0005033718325065406,0.06714015025570443,-0.0020536034597712716,-0.019991923941732288,4.494622499283057e-16,-0.18921544463161727,-0.08498231396974391,-0.0616113988700094,0.18215813622316077,0.12960199867219926,-0.14936918878301791,-0.06522259902933862,0.14301415747615043,0.0015718866000645044,0.020912366202097347,-0.06484661718117504,-0.1567050037182752,-0.0919560708679754,0.06111807597941984
34,-1.1343028138458734e-06,-4.751123488808574e-06,3.4241132089869276e-16,-2.8301771253307185e-06,-1.983560245931125e-15,-2.419184429651796e-15,-1.594779181163464e-13,-3.3797578100493333e-12,-0.00491002218814819,-1.988519202437592e-11,9.38578477288581e-13,-1.0058863370788262e-11,-3.978173774854768e-12,-1.6921169092171594e-12,0.001485682712894494,-0.02004220433248779,-1.018054686409274e-09,-0.11785010261496666,0.006301236627206284,-3.0857610402949636e-11,4.2395903668142836e-12,-5.714833786879797e-09,0.008236187276338406,-0.5893652851462098,-1.5006705035771868e-07,-1.0293604972099272e-07,0.004670087086243738,4.797244599291142e-07,1.5465039795758885e-08,-1.0077196058642493e-08,2.1593634182803858e-07,-0.38315432108677355,4.001680941545924e-06,-2.2209575909135255e-05,3.3005448510398477e-08,-6.526663652773153e-08,3.369955503322918e-08,2.1486737066017877e-09,-0.0047424374260918905,-9.856712326871699e-07,1.104003745314162e-07,9.927523254702533e-06,-0.00028727668142214846,-0.0010271430868709073,0.017380577659550322,0.018728692046876824,0.00014547988198932764,-0.0026498141239909207,-0.04199662031270869,-8.783760903235521e-05,0.0053345557566096494,-0.0010260217225534162,-0.0011449614199572629,0.0012829116652443905,0.0020385682518094606,2.0984914773112424e-05,0.001227415162244226,-4.9165918076280134e-05,0.0012501036080762042,0.005969082035024918,0.013327035860304098,0.21230595485583412,0.010830439181702754,0.005806109904656035,-0.03357599310554751,0.047985951931681314,-0.027130652904098038,0.1666423974444716,-0.43215989034275026,-0.021835968906947462,0.12086451220146302,0.1317115899355437,-0.07865701081573491,0.005139897547953041,0.16090930205146045,-0.0274374693234261,0.00625469159696743,-0.0017354589627487894,0.05072857863708055,-0.13500151862630924,1.0511315861834138e-16,-0.10268085267269113,0.018931200260534752,-0.022994140730879693,0.07440137054557681,-0.23696702147276788,-0.09240376478985403,-0.10161116355951708,-0.1253377192516551,0.05144645594652985,0.004206121093952244,-0.04070940332855842,-0.12556131807151275,-0.10415604885364979,0.003529781138121913
35,-1.2451374061014293e-09,-5.876071502464893e-10,-5.198862542513554e-18,7.58021147303539e-09,-4.855185107837541e-18,-2.0135410124611294e-17,-2.913543644399623e-17,-5.4450298103031614e-17,-0.00016153732406324763,-1.1905688228060114e-16,1.3261207923514875e-17,-4.0550492919765854e-14,7.362393051163439e-14,-2.972127008268024e-14,-1.3899255052527776e-07,-7.693314456434804e-05,9.59280706730797e-14,1.0273834885257223e-05,-5.644624290030339e-08,3.737419130086635e-15,8.146947376125304e-14,5.228269699379224e-14,-0.0009773028373474806,1.1916941833256244e-05,-9.256178176717305e-09,-1.357527079722462e-12,8.038298560665531e-07,1.4787509399643312e-11,2.9450334060362556e-12,-3.991654563044512e-10,9.977639338996315e-12,-6.0006138091197305e-05,8.042505905203985e-10,-6.089933625692768e-09,1.5066848078102328e-07,1.9614559034660432e-08,-1.6402099513441607e-11,4.0196198465695127e-07,-0.02026957011569682,-2.7318134058961196e-08,3.1042495685363854e-10,-1.7153939075144482e-06,-1.5677581737789477e-05,1.1299318740658929e-05,0.002893573101222147,-0.00321925852925231,5.4573803972305035e-06,0.03309592750927298,-0.0013348041787844662,0.0003551731829568514,0.00016514132904717983,-3.0997880305874557e-05,-1.0669277553475195e-05,-1.7846321448798425e-05,-2.595115210989832e-05,-6.66265345857252e-07,-0.004016234478487078,2.6356420023209714e-07,3.1433135250975027e-06,-0.003281497787779696,-0.7526159223000103,0.051656685882205636,0.0025318555923136946,0.0011830377294535007,-0.005090431299141378,0.0013933171307480825,0.0005247892688532859,-0.0030819678978411366,-0.001097559225392423,-0.00014476426124983516,-1.3790398609428908e-05,0.007572442408619691,0.007628740315928789,0.001751223022443449,-0.0009824891886911372,-7.006468404141799e-05,-0.00011963665988677483,0.03566666436182772,0.013264035575680242,0.02509497686088076,-2.589341310885354e-15,-0.04432016619699136,0.24101369298765604,0.10654292909336435,-0.014564627412427826,0.010873465726558828,0.25448019485096407,0.11743151411984791,-0.0052122569183718215,0.002791736849266106,-0.1282106467719571,0.006546342330084951,-0.18876053601731846,-0.08097417793973076,0.467027768082444
36,3.0778536974653625e-13,2.0135508462023734e-13,-6.5494416026052035e-19,-5.133689637054051e-12,3.602308364112712e-18,-1.587012857796467e-17,-1.3077109086245694e-17,-3.5234941434861627e-17,1.597772988042972e-06,-1.0799294847364213e-19,2.81625093643969e-17,5.963500747444919e-16,-1.0588003429806499e-15,5.095144159937479e-16,1.8050403674688015e-09,1.0905410890793224e-06,-1.3088994675869784e-15,-2.084879161144069e-07,1.0216726608536852e-09,-1.4389442815801595e-16,-1.2480643306458308e-15,-8.635905170884718e-16,2.562474460271371e-05,-3.386367927229138e-07,4.98548008281095e-10,4.230345877872736e-14,-2.922354260323065e-08,-5.152391265217017e-13,-1.062871326213841e-13,2.8666842051289372e-11,-4.3612598451280144e-13,3.3099293793169036e-06,-3.9428915474718495e-11,3.1018122994168564e-10,-1.214340909690826e-08,-1.702427558944709e-09,9.705517630632681e-13,-4.193425637176547e-08,0.0019817670988219824,2.418556791735957e-09,-2.60701715961216e-11,1.7490115784346485e-07,1.907957572906527e-06,-1.4360512431862036e-06,-0.0004496524201328561,0.0005083629222470267,-7.679267302110271e-07,-0.006603747922091371,0.00024602795412549406,-8.743923438518124e-05,-3.0107977856109082e-05,5.605305404776997e-06,2.2213744802127e-06,5.065724117220135e-06,9.894844124097761e-06,2.2653591259793343e-07,0.0030999166733750782,-1.1742664986764517e-07,-1.5639933544220285e-06,0.0024533269744196995,0.6501186176909562,-0.06724275236400921,-0.003488575831994978,-0.0016267224276769901,0.008195278917327032,-0.0033669394049171044,-0.0014590110560135543,0.030716724676138448,0.0032617636140936006,0.003701775494762627,0.007978798068566361,0.021708661671098656,0.020230173316667915,0.008700698680096808,-0.004360873804490454,-0.0018030690230152232,-0.0012328145361130075,0.05736543326998478,0.020011068300134313,0.033701536652909446,2.7641834493813227e-16,-0.08770391265187528,0.2983619126971315,0.12196445102229606,-0.030398900113975103,0.011202813097798022,0.2644587976744032,0.1160052449999344,-0.005141387779009991,0.003923501823312245,-0.15403464421328342,0.013267990478689949,-0.1897343756767542,-0.079624328740678,0.5509177616548193
37,3.896223643194658e-09,-4.4775406277475325e-09,1.1070124406303976e-17,1.0477090649479351e-08,-7.888908620505003e-18,7.044012729629259e-17,1.4327491257419347e-14,3.150773868505735e-13,0.0006906364062839088,-4.454289468090566e-13,2.1208270412751688e-14,-5.284058119033091e-13,-9.492406939205784e-13,2.771477060043335e-14,-0.00031316913612153404,-0.0010005548313606674,2.117555620893138e-10,0.04920311850953505,0.000418552837658665,1.6953705158338564e-11,4.747467529463637e-10,-3.7695532805758283e-10,-0.001897979477826107,-0.05432922869331982,5.629182126785698e-08,1.2733324672028206e-08,-0.0009361058449645092,-1.1959325675132435e-07,-3.1085998058410107e-09,-7.552254784105672e-09,5.4925457238835795e-09,0.14219880393301032,-9.580158878735911e-07,8.75506333321282e-06,-7.812437897670604e-08,-4.832743401282221e-08,-9.118935038784874e-09,-3.151961415778773e-07,0.007716721074830882,1.4264088304052916e-06,4.914340122770952e-10,-3.4005696444129963e-05,-0.0016395054338114393,0.0003633975384635441,0.09245610641524182,-0.01907322185543901,-0.0001373604307131267,-0.014987319113489717,-0.7356556876509672,-0.0014795437597257528,0.0897377371400357,-0.016768895359430373,0.002564989194128229,0.005646641190406103,-0.0003637434442689149,6.494236828649248e-05,0.001610724450154629,5.2049564813249796e-05,-0.001654928525706737,0.009953142822511245,0.017819986655920356,0.24313582357269012,0.017372839654309618,0.005979007138931379,-0.03029630404639882,-0.015226107059791615,0.008999308127836838,-0.07671716125140961,0.25220502050945276,0.02783631048700785,-0.08500313115980532,0.23960344772168116,0.008947583578229069,-0.07444561206301278,0.010607629036804064,0.004836769219519951,-0.0006313571264128236,0.07353838113060014,-0.002227200311453816,-0.021265911631530736,-2.1881860298408193e-16,-0.2132427224902573,-0.08907793626636801,-0.06361361536483978,0.20663585067534562,0.13092090794822758,-0.15116989987457197,-0.06528002418122464,0.14309304094561404,0.0016851323394711268,0.021796474068209233,-0.07329867691596635,-0.15744861143574304,-0.09194250982161167,0.06347759393010005
38,-2.57163510201703e-08,-6.3066391509388415e-09,2.2084644058615664e-13,2.1246187077366944e-08,-7.360485023027782e-14,4.612786219643281e-13,-3.5038855087854822e-12,-7.171224401519473e-11,-0.005709741967687289,-3.1008172414253146e-11,1.4560738032256365e-12,-3.0977848147352567e-13,5.434550977105038e-12,-1.3868659560857116e-12,0.01265294675381041,-0.0006273848504710193,-8.794183610419754e-09,-0.5100414581807394,0.002725538286912363,-2.724459332253557e-10,-5.832394410864751e-09,-2.4769538322597893e-09,-0.007413167902370084,-0.18626021541420834,2.441683385016401e-07,-4.9013587243535176e-08,-0.010673329146882087,2.8188754730170254e-07,-4.083292821136237e-08,1.844399551054545e-10,-1.3845120978344967e-08,0.4384033621715459,-2.5211686725062436e-06,2.181253323340728e-05,-4.0365723302804306e-07,-3.397283004766654e-08,-4.212794468647348e-08,-5.222034250685584e-07,0.027120039437522784,1.3637940592960566e-06,-4.079273198601226e-08,-2.1777225836436833e-05,-0.0005474757789207309,0.0006781846795298585,0.005315987992490374,-0.011981677036495266,0.00035826762014403693,0.02130671294007518,0.02684355801157518,0.0006037629355287214,-0.0024636999390355613,0.0003463894074032684,0.00036797951820866754,-0.0030090589211846553,-0.0011922572439290492,-5.41617646809447e-05,-0.0028824113147431713,2.374306684927369e-06,0.00026773314972245354,-0.016316003615887108,-0.036183606048997986,-0.4795844672637079,-0.03142175474354804,-0.011674439984263632,0.06327548091258221,-0.023480902074159572,0.00786286249033325,0.07896689230497964,0.003014784008478774,-0.04083078398521075,0.19860631803170636,0.22103200542042248,-0.004363601745677071,0.037203274210367884,0.05706209629400417,-0.022309700755337943,-0.008196799369991289,0.027231321330853906,-0.1450257007281037,-0.06617054012717184,-1.3068110264755794e-15,-0.12721824126494083,-0.06263731066167065,-0.09745837941861556,0.10715992753822745,0.007688051883147117,0.14933383840663372,0.13684338061692225,-0.006927649120474235,0.03869344126979774,0.049598322986691964,-0.05244637852688426,-0.16267631133751126,-0.10081904955291894,-0.14150997021557932
39,2.0615288636418945e-08,-1.7073089359235314e-08,-1.771921120089154e-13,1.995403916823441e-08,-2.0492821547571778e-13,5.082691166881582e-13,2.807577715471449e-12,5.746102782524935e-11,0.004582709158788695,-5.979789631682714e-11,2.9892959164145776e-12,-2.632954402302425e-12,-6.267505721020321e-12,5.808345555930847e-13,-0.010236522195471094,-0.0049306751675199595,7.111184021271697e-09,0.4372697758307681,0.0088390806463821,2.7915802187429786e-10,7.454210105502034e-09,-8.177358125957731e-09,-0.003320941150692161,-0.3170727977089452,3.625040614168433e-08,-1.1201879985299435e-08,-0.009203410888787775,2.0452189704182334e-07,-3.537828815509472e-08,5.595687890304523e-08,1.663766736613077e-08,0.3014399122750519,-3.2055560857178473e-07,5.728438415807133e-06,4.2556816614466665e-07,2.0854149443544657e-07,-6.490144514614565e-08,1.1284078607959903e-06,-0.01653617396856351,-2.733998160108302e-06,2.521074375492134e-09,5.55196289175344e-05,0.0022178586953408995,-0.0005319841027835206,-0.11428068234089198,0.026933689633217017,-5.834398513082468e-05,0.014649751187916317,0.5525240292063747,0.00039616612215041087,-0.06856306460097987,0.012975217921279399,-0.0015983996173897835,-0.0015866962877804332,6.239052830954172e-05,-7.046489071745053e-06,0.0007138612725636153,1.9880401583881677e-06,-0.00018915402893483575,0.0036773755091431062,0.008122141370754735,0.13354515673770176,0.009717714826625088,0.0033364291335053306,-0.018071402626729995,-0.0087756153822576,0.0061483246588199475,-0.06729918639420134,0.1645990037988046,0.02047984250614511,-0.07138771161710918,0.212008413461423,0.006269566472788652,-0.05912811661904029,0.00832877024851003,0.005372534121567994,-0.0003719594184294681,0.06337823275445961,-0.001455174165994064,-0.014778387907977836,1.3550219657156513e-16,-0.1898634630282211,-0.07579790584809792,-0.06975961885610647,0.18427372156096417,0.12777093664256184,-0.14778381102896987,-0.06540159521083162,0.1433657346399297,0.007163184910543266,0.020683159967700825,-0.06574318718993653,-0.15459788958568613,-0.09244386770813434,0.057926039811878716
40,6.734284079274904e-09,2.8203485858285337e-08,-5.771508755124559e-14,1.663007944350111e-08,3.3596469602657936e-13,3.966053184463098e-13,9.190657325446578e-13,1.8813887615738668e-11,0.001505388724108531,1.0949656199665311e-10,-5.3599391459436155e-12,3.3898357562160224e-12,7.554770939189837e-13,8.760270757223083e-13,-0.003261041163536022,0.006429169366397528,2.2690095347491156e-09,0.11553937553343246,-0.013818281081338065,2.7250002193823337e-11,-1.0910292300258684e-09,1.2732896954010213e-08,-0.00023230984905943427,0.5773213043405694,1.1739724344383882e-07,7.046732114212636e-08,-0.009200116171830872,-1.3644963368130163e-07,-3.395510244343743e-08,-8.726831697974813e-08,-6.749236892056444e-08,0.37622158375756665,-1.844697406646083e-06,1.5140669689169771e-05,1.4802108087343782e-07,-2.3980651155329476e-07,-5.482230180252063e-08,2.6410920058689596e-07,-0.006190807005944931,-8.274794099279629e-07,3.480813928324236e-08,1.2221841946221548e-05,0.00012188828448948165,-0.0006634137181282502,0.010076234585986539,0.03886000462859895,-4.441635535568728e-05,0.002142364654940059,0.02787445579707555,7.82544314451777e-06,-0.0033955786867020557,0.000634654684988847,-0.0010162094663469763,0.0008390151302035506,0.0018024390301385016,1.6777108192908865e-05,0.0012630015775355152,-4.56921867412003e-05,0.001180148518318777,0.005788344974894386,0.013380589494688662,0.21386618618747513,0.01068013893954548,0.005853673836966665,-0.034056185865648674,0.04953555465304844,-0.027920907261650533,0.17098007228373116,-0.4463311761681376,-0.023691003054026417,0.12686093922244585,0.13295911281113504,-0.08927113785622419,-0.000938024476923903,0.16371085406013364,-0.02879703032679835,0.0069747627944268635,0.014179305642939436,0.05365782988642087,-0.14098737233983755,5.451814512012721e-16,-0.098328904342608,0.024946210570118425,-0.02755869333826226,0.07639055745307512,-0.23374094739026585,-0.09143200227482895,-0.10180090433305605,-0.12562490321874592,0.05263473048282805,0.0038068073686423278,-0.044664505069440245,-0.1240613147096668,-0.10464285904104426,0.0009826622666375417
41,6.297713434600391e-12,1.5437753111191906e-12,-8.980664434415077e-10,-5.434035018350404e-12,3.0135266264371154e-10,-1.949740850984242e-09,4.795275983704175e-10,9.45653568020822e-09,0.0001441323842577081,3.77954861094381e-09,-1.8688130270496446e-10,5.275522877100426e-14,3.691506179350117e-13,-5.152599177571319e-15,-0.5405483197819367,0.0001111068923534712,3.8440745205262654e-07,-0.0038734260303751877,-0.13671587577661679,3.484820430295068e-09,4.0726954585700754e-08,1.2784949198192504e-07,8.23841154062351e-05,-0.0007865495148846541,-2.3761251485225443e-10,-2.909471330313437e-06,0.43811160122045223,1.5628525104288576e-05,1.6228798918485815e-06,1.5922533820158673e-11,3.902346166536031e-06,0.0029702439948040707,9.96373300221789e-05,-0.0005020162538289839,1.3934613591705375e-08,1.5325810349089744e-09,-1.3869450899656432e-06,3.353214048438757e-08,-0.0009833637451388496,-4.569035782335128e-05,1.2488850836541043e-06,0.0006480442974627321,0.012939401003109925,-0.013482728728483764,-0.002459096283691292,0.001586934901272266,-0.013232269886743185,-0.0008804459942814128,0.010924516080235454,-3.2882279035400744e-05,-0.010843853410350289,0.0033976275449279472,-0.004646539016500378,0.018814033422211898,0.005643020374818392,0.00031072066001792845,0.000703703233930181,-3.646299754869603e-05,-0.00018884690207543293,0.03300393370557762,0.010255765629008285,0.20805371821511376,0.014209237210010084,0.00211019898600557,0.00676675249296218,-0.008752382498470991,-0.005647902924552064,0.10254443397787696,0.0345547200545636,0.021395457371171087,-0.014892694874214527,-0.12838598342934668,0.1371901054323853,0.16480039753472406,-0.14994542211189552,0.0142031761193031,-0.011158210917675571,0.15073899978061178,-0.21351070022352056,-0.030499278816243015,-2.970752870145816e-15,-0.23934459469359187,0.1333893820469782,-0.21615558377716582,-0.25731343037085785,0.00361031431072813,0.07083962124959986,0.1462402106954236,-0.009106099423552545,0.06179694879252514,0.027811992797015475,0.08765605283100751,-0.09547137219282423,-0.11337211963506977,-0.188305757081881
42,-5.048169086149384e-12,4.178530086073766e-12,7.20954424633481e-10,-4.716656873665826e-12,8.323405747015743e-10,-1.9958938590794345e-09,-3.8385126269925996e-10,-7.569053382568651e-09,-0.0001156577986290939,8.147428861446509e-09,-4.1969485537482613e-10,5.042472621247325e-14,-2.4279253499923517e-13,6.175947259713908e-14,0.4352705467027964,6.0541362967975414e-05,-3.094139006833128e-07,0.0038700654873781173,-0.35826687675378216,-6.660694930496479e-09,-1.7914529677481333e-07,3.3907004025847604e-07,6.88408050967145e-05,-0.002552926537651788,3.2066094569849503e-09,2.5948848960714406e-06,0.4220600699000985,-2.608383939286813e-05,1.685928868441712e-06,-1.1668911977224275e-09,1.1201346512584055e-06,0.004828433010315191,-3.023071844004095e-05,0.0002609542225903141,-1.226207192501133e-08,-5.7496179738133586e-09,6.539121591692239e-07,-3.778707061384669e-08,0.0007770471828767249,4.193508325776578e-05,2.2971700580433244e-07,-0.0006901257064703922,-0.01831514157913207,0.001358194526311314,0.005349287023433489,-0.0012746841369042378,-0.0051864750732779925,-0.00027567526037666643,-0.027437290196852492,-8.95073512914174e-06,0.01955925503941078,-0.006002259035378686,-0.005617970116162646,-0.019136449795667084,0.003519768738178816,-0.00020478825201217048,-0.000474257155598509,-0.00026676391895473435,0.007719908265892086,-0.016834197510949035,-0.007017566063210959,-0.17038484917589233,-0.01277417624419513,-0.004892084389141637,0.013907725640766515,0.050760211767342,-0.005061012080029662,-0.29745107163127205,-0.3095695890515066,0.0002827408974906346,-0.26554601596415583,0.00810949900993283,-0.011951018251102574,0.05298099717498224,-0.09428077669551863,0.060311852446247025,0.006336719358551106,-0.08294875079690939,0.04329138170192107,0.1468032404791407,-2.652778689122901e-16,0.03336869486372727,0.18398539015522128,-0.23790644809130573,0.0020862177403187373,0.0755637443010748,-0.09745802598016895,-0.06903652951993043,0.14998587903843696,0.12476608913133606,0.0012682435884679817,0.002305029713639376,-0.09122104344720108,-0.10272930414975331,-0.020552179415843475
43,-1.6492813186790377e-12,-6.905567744368227e-12,2.345869879182076e-10,-3.975727286820026e-12,-1.3669588747592783e-09,-1.6145471913740753e-09,-1.2589744522922254e-10,-2.483616355238174e-09,-3.77584533780706e-05,-1.4343696032147999e-08,7.294003783058275e-10,-1.2400601443859593e-13,-1.6074463587912998e-13,-6.635063722193469e-14,0.14029279003470402,-0.00020697884274327615,-9.987142136417464e-08,2.0066605262362745e-05,0.5952923740944451,3.486634985984125e-10,8.703182512377811e-08,-5.614330601413487e-07,0.00010143882825472785,0.004603035384287047,1.5381820213705256e-09,1.141231267653979e-06,0.35880717308585225,-1.4406121703193737e-05,1.4229957050719213e-06,1.2516556757189364e-09,-4.131874081342445e-06,0.0028156952647131455,-4.606467417946157e-05,0.00011285595108167841,-3.5863650216264427e-09,4.651190759948804e-09,3.099366479192572e-07,-5.849386540841016e-09,0.0002851987964687992,2.515874310899823e-05,-2.345230570914837e-06,-0.00027183751952164546,0.002952698285943885,0.017307162885921372,-0.0009500883900317848,-0.0014751934011383112,-0.005282624745540566,0.00032175963365281633,0.002260352416163626,1.3739623365997513e-05,-0.003176741667962942,0.000997272529137888,0.01488258085672462,-0.007248892187235717,-0.01338458777421637,-8.639067559511761e-05,-0.0003354819575188263,0.0002935131156917004,-0.00695993698169805,-0.006879046772496919,-0.004303710552012197,-0.08646362215593743,-0.005066113668499585,-0.0030717973512650676,0.012279043097678032,-0.015910268852328952,0.011813920725966596,-0.07420344095104026,0.18356333205841205,-0.011776766224264342,-0.026551206384429264,-0.11927923942811106,-0.24698671287883928,-0.14432929648788762,-0.02092896854682493,-0.00361167260432043,0.01705368802963358,0.37669953794394717,0.11689030334049562,-0.20766521591610324,-1.1599894172923648e-16,0.16521774684030768,0.1745955946630935,-0.1204929047569739,-0.01355354453296599,-0.1367424151547304,-0.059173774084951336,-0.10498783819193852,-0.13117771251803856,0.04623740610089599,-0.013246390802271397,-0.07306758424280199,-0.07778991890620263,-0.11501810026476536,-0.05301786361833877
44,-6.060952113660046e-14,-1.485721792296528e-14,9.25314565919772e-08,5.853057337727645e-14,-3.125323054627603e-08,2.037943357593093e-07,-1.5391331857747323e-09,-2.9191383281846365e-08,-8.83257656467835e-05,-1.1070410892760303e-08,5.751099404395958e-10,-5.164970019865899e-14,-4.4541714417160953e-13,2.7189482931240416e-14,0.5373260791280579,-0.00010836199563952089,-3.901043547385787e-07,0.013992186922692187,0.13586905565555987,1.3564135777989436e-09,6.133030217368938e-08,-1.3043993730404375e-07,3.541428209694221e-05,0.0047399197923611545,-7.746727349031998e-09,-7.940410601947611e-07,-0.43542747185173153,1.4968749627485614e-05,-1.7347371512312295e-06,7.87904866631832e-11,7.032660343571919e-07,-0.012897024661775535,3.3317198531356014e-05,-0.00018976454442177948,1.995944553233467e-08,2.1578969042772157e-09,-6.19292727493559e-07,4.0126708658976604e-08,-0.0014132977459329712,-3.549314048127468e-05,9.049818267099129e-07,0.0005299251641754948,0.010761965742148362,-0.010767901889783693,-0.0024823192122144884,0.0017272805232498567,-0.007619293666256735,-0.0012087169379616553,0.010428568220786742,-4.187835934887262e-05,-0.010000768638892469,0.003127124782007395,-0.0040965085444238354,0.017615545255723265,0.005304058035439366,0.0002852547352083269,0.0007534492034100601,-2.87236861709132e-05,-0.00032913521932410975,0.03178904556952587,0.010856844503382255,0.21676051024501153,0.014801387451891823,0.0025205180292805695,0.004186797846232867,-0.008846146586572543,-0.005732995795242518,0.10515637231058755,0.03769662903919042,0.02214602547235852,-0.014470955562555654,-0.13261965115420435,0.13911127866458975,0.162902972051315,-0.1484872156847954,0.013513346178351728,-0.01108927859144408,0.14995320513554886,-0.21276084648872776,-0.029219023188490473,-2.7303888697835397e-15,-0.23824179409803925,0.13595619131280118,-0.21693205630331341,-0.26047361139649633,0.0035292028831692894,0.06882599889808096,0.1464748327438586,-0.009159906588070832,0.060679605368333986,0.02706033371278184,0.08968453769024125,-0.09357776257915311,-0.11364670763602912,-0.18790755458956662
45,4.8589216945541795e-14,-4.0200777094210465e-14,-7.438491127541617e-08,4.080304924345501e-14,-8.576874696419223e-08,2.0307880976013198e-07,1.2303224991671283e-09,2.3330974506127803e-08,7.133664915860984e-05,-2.5760595151434243e-08,1.3734900223018599e-09,-2.1786850401706262e-14,3.2589129904894306e-13,-7.391053169402615e-14,-0.4360317769108402,-8.83124530733457e-06,3.162357861921935e-07,-0.012465051511996103,0.3599752591955058,7.192452488806334e-09,1.9313298558036046e-07,-3.472658175957008e-07,-6.14321228679607e-05,0.00854003410762179,-6.65955854539241e-10,1.4556261607217772e-07,-0.42882419615664463,3.946296980093417e-06,-1.671893479117883e-06,-2.0161640279135636e-09,-7.81523011344655e-07,-0.008406293274361723,-3.046679845441107e-05,0.00018716798938120982,-1.8858327847915328e-08,-8.84821560873195e-09,5.342532555433812e-07,-5.5145602943242796e-08,0.0009902841938117255,2.6887300652458487e-05,1.017393040765829e-07,-0.0004694880575552947,-0.013602960169703533,0.001537168426139709,0.006989698902088543,-0.0016749412662833013,-0.0010959292737407636,-0.0005043096388558993,-0.035616326598984074,-1.4894213589826315e-05,0.017521085853390916,-0.0051720529066676246,-0.00458698430907608,-0.01687533932140328,0.003127023348883442,-0.00019193910882661237,-0.00047662918963595365,-0.00024134243939364486,0.007077681247658287,-0.016799386089969486,-0.007022688460464975,-0.16953959142642927,-0.012698894108522422,-0.004730638936583314,0.013302135463938046,0.04943438347682159,-0.005047912042819494,-0.2895295519266248,-0.30590848659581293,-0.000529572712382191,-0.2577147708965998,0.004985731869976427,-0.012115463418239896,0.0526000557745972,-0.09122254095177368,0.05882512408217426,0.0062765508831621915,-0.08770976908981491,0.04468996847042924,0.14979502947428194,-5.587085311977343e-17,0.039653328477532654,0.18794562091103098,-0.2398469513627144,-4.059950107188831e-05,0.07413579809722821,-0.0959551660456609,-0.06910865578328361,0.15012331557323214,0.12553422083618426,0.0006942619354998675,0.0035274980114530876,-0.0894264129573262,-0.10294450367057541,-0.021710858859576524
46,1.5873859299691305e-14,6.644593138893254e-14,-2.4176973550820606e-08,3.59914275208416e-14,1.4094292784617633e-07,1.6690833723517563e-07,4.0394454389129233e-10,7.665209566210918e-09,2.309002400465279e-05,4.400691742246547e-08,-2.3284619143152607e-09,8.882852820675301e-14,1.5825142843794155e-13,5.380947746222946e-14,-0.139443334225841,0.00014274658868857116,1.0137935558136182e-07,-0.002382415608520452,-0.5917368139023269,6.094203237429668e-10,-6.565985434153989e-08,5.698779692436217e-07,-0.00013240702338847084,-0.016147425905800962,-3.2862082757967646e-09,-1.2748614289116153e-07,-0.35667274029724966,5.824013002136992e-06,-1.3992202462902785e-06,2.834292154586281e-09,-1.2607357882504688e-06,-0.010666070933435237,-2.376397171173838e-05,8.97555776599796e-05,-6.072152538944576e-09,8.720783168398807e-09,2.7078552197368016e-07,-1.0590152144402827e-08,0.00036225807204790173,1.4157508893151445e-05,-1.2870586031625732e-06,-0.00016476761286980722,0.0019268726018898275,0.012303416579261083,-0.0010654014005896753,-0.0020756042399593987,-0.0017670902062406116,0.0002711382886613299,0.0017607000643971938,1.3301183753487468e-05,-0.0025799033481427687,0.0008115567030963609,0.01208148908725652,-0.006231471654948485,-0.011981326824088168,-8.145655549797551e-05,-0.0003515315319466884,0.00026929447992402945,-0.006444419495068909,-0.007075340138373569,-0.004470769321676354,-0.08898498863828513,-0.005171636100725147,-0.003024996040763535,0.012205432496718682,-0.01709691088386571,0.012264170720211477,-0.07500677313520031,0.19192951345288947,-0.011206413091072332,-0.02646632028166976,-0.12110056825240427,-0.24497719576989224,-0.1448356996767002,-0.022669112838514464,-0.0035535867314467973,0.016683750905829194,0.3788036123523917,0.11746596505261245,-0.20710320277351282,1.331119176327657e-16,0.16953631405608,0.17600299208212733,-0.12130537869598369,-0.013764461541442998,-0.13401700037953462,-0.05819934776490049,-0.10505285327747566,-0.13129991899302632,0.04482199970725889,-0.01364011806512672,-0.07267518761754777,-0.07645606527726453,-0.11523787091620032,-0.05352472409908297
47,5.0393993158870875e-18,1.9194226804592612e-19,-0.540534821664011,-4.8942914279758714e-17,0.13254970280908449,-0.43564793526605106,-9.211237634026643e-06,-0.0001620175823830123,-1.3167242974162606e-08,-4.195269602722536e-05,2.3734824782043585e-06,-6.8595476202110554e-18,-9.941189723238444e-17,1.8834657545194586e-17,0.0001413473906916218,-3.176149743315311e-08,-1.6221765982971265e-05,9.665360062474815e-06,5.1477948008850785e-05,9.822593246351615e-06,0.0001958963823935468,-4.575298395567465e-06,7.711690650510268e-08,5.424912043738599e-06,-2.6679319751370265e-11,-0.0012210834832200742,-0.0003854583300246467,0.007971522509899109,-3.947102674551718e-05,2.83765826278126e-12,0.0008130549403952246,-3.582203664765752e-05,0.01727199766278094,-0.08084420157303546,4.995489193493332e-10,9.117884306717937e-11,-0.00017202983954736617,4.100268037166222e-09,-7.97740338037805e-05,-0.0018633427116758567,6.455230517077977e-05,0.017078285814413532,0.2043854885417197,-0.21531372048727432,0.0004629908285831541,-0.00028672690470109974,-0.3017639242256052,9.189688117594126e-05,-0.0031048933529071497,3.238506646130629e-06,-0.009273600726031606,0.003511588314105678,0.0022716915238550953,-0.06286444718263669,-0.024409792224430925,-0.0015020641038798702,0.00028819013916394,0.0003777950608281741,-0.004772927118335849,-0.16419893139500122,-0.00022515129958434029,-0.044726118796299376,-0.002649928192984068,0.021180618002746548,-0.18571158365056553,0.02032942904142152,0.000499148499394534,-0.05896564715710465,-0.012962478872839283,0.01201624782764732,-0.03890673870059366,-0.05441907571735198,0.033688611056552444,-0.21387449197626796,0.18149747017365322,-0.036422455101572104,0.018372628694271836,-0.05122363207699852,-0.017243229698779075,-0.012451399670498608,-8.884539231626603e-16,-0.07979680969355733,0.0644800976681285,-0.046033426874481795,-0.025034871554986512,-0.008005781581591464,-0.08914129557106232,0.17397347397649263,-0.01645748455336099,-0.25552022156428195,-0.04540080429260442,0.09178408804064889,0.0671936511153552,-0.1391012381325622,-0.02801030825250474
48,-4.039159366018326e-18,1.3586047016742178e-20,0.43324413586450256,4.161526488396096e-17,0.35951791979164177,-0.42724160934619354,7.2216279494109474e-06,0.00012690214790438354,1.0660787006642929e-08,-0.00010239695382730766,5.868431679804057e-06,-1.7072989988468358e-16,-4.634468496201577e-17,2.079447071548932e-17,-0.0001147490969057639,3.8343547469158045e-09,1.2324622184467507e-05,-8.375515498721177e-06,0.00013715271095862916,4.8609763793263725e-06,0.00010084040806863582,-9.482753657361045e-06,-5.1558805417637575e-08,8.38603674482564e-06,1.0350955409817465e-11,0.0008137400753479258,-0.0003835891676689506,-0.005081023465043244,-2.23308513228022e-06,-2.7163890672114284e-11,0.00028058923401353986,-1.1494401908555336e-05,-0.004281080927264128,0.038520263869039874,-4.635594689799959e-10,-2.555074106875615e-10,6.249027250659534e-05,-4.7627723301922996e-09,7.093915390449113e-05,0.002054468497057835,2.3918108795322063e-05,-0.02410654951940378,-0.37408031021136234,-0.018926525087060126,-0.0005348041245799105,0.00012718103947055413,-0.2118506019796813,4.829636731658524e-06,0.009159055079089764,-3.3185917520047055e-07,0.048830207024974065,-0.017621160570803908,-0.0009116339413908237,0.07058110893284537,-0.020848801724648702,0.0006667659816531508,5.458021239319922e-05,0.0015256234796373579,-0.041876545247270816,0.0003655616782875288,0.000813597419495714,0.0203015575867317,0.0020915744412074895,0.01350274564866245,-0.06071260217335218,-0.07382663887812736,0.0005231879709804415,0.09169606203949744,0.048232703957376145,-0.07487485424125048,0.053943494486300515,0.010998948570999034,-0.270773194371605,0.14945503444395045,-0.13688993667474428,0.025221596204741268,0.016962587417376426,-0.13437938295943846,0.023147880340255868,0.01594575489786404,6.288661219838319e-16,-0.028581319613348883,0.07114471023836133,-0.05162558650897685,0.02786795512546654,-0.061671446312958914,0.06315769797451583,-0.07619128795315239,0.16298429657239757,-0.2601682458377674,-0.04854715114172722,-0.010041238555948667,0.0683299396784993,-0.12105147613983654,-0.03234735688418281
49,-1.3200858592660055e-18,-2.513080652928913e-19,0.14159681467629373,1.2332789500091832e-17,-0.5940377413470291,-0.35578611986853836,2.396686075898014e-06,4.216695152655092e-05,3.434368890766148e-09,0.00017227702734677594,-9.840357663605678e-06,-1.2459522736094533e-16,1.0278663342529455e-16,1.600479498444808e-16,-3.662500631554331e-05,3.424823040381907e-08,4.179799268523253e-06,-1.8899040248378635e-06,-0.0002253422683204972,4.4917182387921605e-06,9.084899894833186e-05,1.649536719853507e-05,-1.020063002723648e-07,-1.6681458997106827e-05,-7.090033106097318e-12,0.0003045828230699219,-0.00031611778999441964,-0.001997282343788577,-4.201675253182924e-06,3.109386936792193e-11,-0.0010521619441453928,-2.9969826601593516e-05,-0.00911367799047917,0.01881728076984118,-1.2973663303517133e-10,1.8878960246875526e-10,3.3586136737283165e-05,-5.025311262179702e-10,2.104621257420784e-05,0.001482979779754876,-0.00016375089033875853,-0.011280692035767826,0.09620918195846433,0.37961353913678564,4.834839957871926e-05,0.00021344638849420182,-0.18414731804398105,-2.9267587261080364e-05,-0.0016073137290838063,-1.572436082138558e-06,-0.011965111493682587,0.004168088489492337,0.005298051203247305,0.03163467710861907,0.08550622389804677,0.0003126034666932435,4.208342263561878e-05,-0.001879690083546178,0.04502413491509079,-0.00608087441537201,0.0004108067235330028,0.005726419694219257,0.0007907951299051571,0.012113582391859057,-0.05195951986859437,-0.021358047361767215,-0.001913547530594421,0.011014575691197976,-0.030159267499435385,0.04428688817440009,0.014329189248879352,0.10746624282641627,0.2918438008813318,0.13353823626247505,-0.07590413946220681,0.019288828037799473,-0.04603521722370108,0.07638787860395577,0.04687393774806784,-0.0492722255164674,-2.558412562872148e-16,0.17472246126047242,0.05676754161059221,-0.03702668869494934,0.12132789952489803,0.09635504916699596,0.03520845130069323,-0.11459831957153813,-0.14821316627879497,-0.20909521331051822,-0.03970430932071478,0.0267662358708357,0.03646675386301671,-0.13703612570753645,-0.026020466723348176
50,-5.152056452355238e-21,-1.9471489335575194e-22,0.0005531716877063578,5.451269761684809e-20,-0.00013573137874692485,0.0004470520361738616,0.0007566406755040483,0.012900623050374989,6.312440281841618e-10,0.0032522968206269015,-0.0001903333248773621,-7.494341427977151e-18,8.861446102275552e-18,4.3911371071676015e-18,-9.47706334071703e-06,2.239686192424892e-09,0.0006199924971765489,-1.2137103138837727e-06,-3.708052206832695e-06,-0.0006257169964184061,-0.012120699350290722,0.0001643429344946428,-1.696438447645815e-08,-9.641462552667764e-07,-7.39962708151661e-11,0.018845065461928524,4.390679128029746e-05,-0.10987434052250626,0.0008518947321567213,2.5425662942004837e-12,-0.009955710684412757,-3.787373286868573e-05,-0.17700092781744942,0.7777222753026466,1.6319653597281368e-10,3.0196886956793826e-11,0.0014648112140254496,6.867894703232203e-10,-1.4563688251149653e-05,0.002021026153861184,-0.00013169242501199097,-0.0012805443870116471,0.016482519123098074,-0.006517415932893643,-8.512190137571123e-05,4.489404436480004e-05,0.0016168289376445103,-3.5447376162378726e-05,-0.00706147182713951,-6.204117607218474e-07,-0.05369816641355929,0.01766470387850171,-0.05289604279271333,0.10303498029713964,0.012726630206212949,-0.0009519792828172291,-0.0008400948308899212,-0.00021943165513517817,0.03774563351843464,0.34530718492622686,-0.002917723071286564,-0.0061452036791546025,-0.0006434152326379841,-0.020940743170175503,0.26806545901115103,0.05541348133275554,0.0011586728348803072,-0.0566796708902931,-0.016708189914933405,0.018991037878215523,-0.026609945994341785,-0.028059845869032995,0.016090751632143192,-0.14866623097126333,0.12473898501606558,-0.03210935329631724,0.01632939642053984,-0.036574404740012605,0.004304966164892267,-0.004295100307500885,-4.699850196003265e-16,-0.03406728942045241,0.03177100705011064,-0.009949079155862827,-0.00839865997689116,-0.009065637485184725,-0.1026265367097484,0.17477852345307412,-0.01725058149493963,-0.14275987848600338,-0.019898266196050635,0.03177293015862477,0.08240428568873238,-0.13933253873048845,0.0031844288962586745
51,4.120690522936278e-21,-9.105489227757946e-24,-0.00044243193444473195,-3.810667614708008e-20,-0.0003670571278471711,0.00043583949390453217,-0.0005726465001321329,-0.00974274235411078,-4.6094517699161637e-10,0.008074712300790437,-0.0004771294540258247,4.24334173089433e-18,-3.2977291633127424e-18,2.156688125197629e-18,6.673423070909403e-06,-5.779455115217086e-10,-0.00043446265019001727,8.016763795766735e-07,-7.90616388610641e-06,-0.0004850803085154082,-0.009520998897822224,0.00035721501242740494,6.805360547374638e-09,-7.111838032556749e-07,5.941628188195007e-12,-0.009376760369891091,2.1808206763228014e-05,0.048448385505859615,0.0004164708342407846,9.251909452142455e-12,-0.006510655007012171,4.1598783798229715e-06,-0.014626239287980234,-0.11517418211392594,1.829585330171669e-10,1.2073648957569286e-10,4.9095038364505146e-05,2.770820469898947e-09,-4.50219193880308e-05,-0.009029285897055352,-8.7302929854986e-05,0.07555848656833657,0.35524088349482563,0.03774414926363527,0.0014688146341249205,-0.000390079808566552,0.07346429325489569,-0.0001137017472589108,0.06603399017768044,3.84223463317292e-06,0.5212718107294207,-0.1733464939821941,-0.1736357015697392,-0.4859996854372892,0.05041071149955214,0.006213508344922151,-0.000453160112575897,0.000573785279169041,0.11210879582846879,0.23597581768013948,-0.00030149260947015007,0.042346036622898466,0.002893253675313064,-0.018243306495807958,0.2541504898566026,0.04087528931376209,0.0008214431666227709,0.0447100442206545,0.0365403005693587,-0.0035268005491505125,0.044620804917283284,0.002330020326286994,-0.14484949738783498,0.06513862911139152,-0.06017569927815868,0.0102290724069795,0.01643647340008016,-0.07233929828561898,0.009509472199067321,-0.0008437708904228641,8.753009447373775e-16,-0.02140218768428096,0.032376364538177986,-0.01299432822244495,0.0031286284473905214,-0.07442276103126043,0.07860635640245849,-0.07608374720605889,0.16223663582342895,-0.15640112646683382,-0.020469052657359123,-0.03256821683703277,0.08324520022871112,-0.120732214840662,-0.020566506689755328
52,1.3467497182155686e-21,2.4879334958941856e-22,-0.00014460074425834995,-1.1641954428103144e-20,0.0006065006983417937,0.0003629615810681202,-0.00018716635858938844,-0.003187775477637288,-1.4914319630317462e-10,-0.01335185497805404,0.0007874450703282617,7.8237346479771e-18,-6.074077438252015e-18,-5.068387381268594e-18,2.1492030335590506e-06,-1.6637337047710514e-09,-0.0001424769707581309,2.086886111745602e-07,1.3128810671647404e-05,-0.0004085499523059964,-0.007952567306029229,-0.0005939486067370629,9.274448102360611e-09,1.6425618071129775e-06,5.210187282616439e-12,-0.0031508901254541834,1.7561663553975543e-05,0.0170246852719663,0.0003429589008341083,-9.419862273058788e-12,0.01238074978138467,6.21531349830949e-06,0.07046493437992433,-0.04427904362229761,2.808430682534547e-11,-7.946158308025232e-11,5.2037228591626785e-05,-2.964038434401179e-10,-8.906104609603453e-06,-0.007985737373095868,0.0008801289293322907,0.04754726626686038,-0.11079331333201885,-0.2937174268141804,-0.0002938539223230408,-0.00024781102902137814,0.059917565881419,0.0004170472478917473,-0.009877424538725177,-9.68812328109616e-07,-0.084324295313039,0.02694170336735299,0.6652980663662642,-0.29068740313917873,-0.36657754144340626,0.002410207581073924,-0.0003367881246578226,-0.0049831004221277606,-0.10620424594415447,0.1747518572827999,-0.00030420407050544646,0.027371840629815403,0.0017692791121631172,-0.012752317935882995,0.19770447439190383,0.03736206683355565,-0.0010960597881637748,0.0033004897498514225,-0.022693633597698815,0.010413966277725303,0.0012227634081512133,0.05882070453568884,0.16707688526141062,0.061886877241681015,-0.028342810007134005,0.006604266084458602,-0.02789174426927219,0.021438443759426072,0.01796769315946817,-0.013627441173084167,5.786160549804441e-18,0.08271535413992084,0.022741883218736852,-0.014211612174509227,0.0589343877934379,0.11759856460488899,0.044150628557537874,-0.11394437589620432,-0.14806128232148202,-0.11706878991560432,-0.012937659099996376,0.0068927217712882955,0.047313830696675156,-0.1370179289303926,-0.011874446926565982
53,4.50374205527215e-24,1.6886923848936449e-25,-4.840521325925938e-07,-4.2690865254674097e-23,1.1882680001376465e-07,-3.9357908887930684e-07,-0.032301996175784504,-0.5329560449851077,5.183676539721394e-12,-0.1306983467504943,0.007924207936029356,3.803913455898921e-16,1.5804859321420363e-16,-5.928459286455088e-17,8.419369013849168e-08,-2.937980458354372e-11,-0.011159585164974289,4.1348037484621393e-08,-7.078382165354223e-08,0.023028621827958607,0.4301499625374326,-0.0027286640075091977,1.413167824888513e-09,8.030844409659596e-08,-8.318355966019409e-13,-0.08033725900679094,8.556264941014232e-06,0.347198642350304,-0.008793757179801043,1.2965758127943645e-14,0.019110293290408222,-3.5003560735127513e-07,0.07998712615215216,0.02764750495845274,-1.7648981296916114e-11,-4.7580965919653965e-12,0.0018174311145214125,1.804176647264975e-09,1.3435457442256604e-05,0.0572610547421495,-0.002480752552085162,-0.2759932725709493,0.03647720241113318,-0.01679682460732884,0.0002546875516566252,-0.00010608737617226378,0.0146624987105576,6.4051326175711e-05,0.02686332009804845,-3.048687562211684e-06,0.19489514868378963,-0.06784821370917092,0.17184312412954048,0.20596633373611714,0.14462195942535866,-0.0012578788685951412,0.0003908095005358078,0.0018872489557162067,-0.07711054023208266,-0.16451147913015066,0.001373409764680878,0.02992493908068871,0.0015400348772758184,-0.021220341302933276,0.1982075299293019,-0.007528811112890393,0.00021611378987354443,0.002236615556527061,-0.0025326192099808767,0.00544171036870946,0.007096949657761103,0.016647443494172378,-0.011813974940404499,0.03644182047286126,-0.031955155155260824,0.002895347141158054,-0.0011524962080778477,7.394389248513952e-05,0.026809355207041006,0.007171382556070639,-3.4883679319973012e-16,0.034272956533231404,-0.01595459056827264,0.03512720877228231,0.01116254728686798,-0.009981972533155256,-0.11398883989306573,0.1744007978642693,-0.018121082429790866,0.05030500884450859,0.01529724123577312,-0.05361740475526397,0.09762774195943688,-0.13858014793783088,0.04076623702585716
54,-3.606609958575044e-24,3.6315074303393466e-27,3.8762892028603253e-07,3.415997041487062e-23,3.2115802107620916e-07,-3.793914188046995e-07,0.02589560710730732,0.42711475828988654,-4.4337056842120815e-12,-0.3545755145891938,0.021596748641372288,-1.2061024121864222e-16,-2.369023156377954e-16,-3.6007802428060785e-17,-3.796455433489782e-08,1.8838907442971004e-11,0.00894295167850295,-4.482951640878715e-08,-5.7566916658649016e-08,0.022403691485664432,0.421808971119304,-0.007412367037763273,-9.857605736846948e-10,-1.1240622354788731e-08,-5.309911469198123e-13,0.06474778691237826,-7.505475755998558e-06,-0.2772760463418905,-0.009022656216286817,6.924215505248237e-14,0.05389259585857717,-3.9815999489149264e-07,0.23157991692529176,0.02792651707988799,-1.6427101762995095e-11,-8.28268196638356e-12,-0.001038336315976142,1.569986396507222e-09,1.5988557603823053e-05,0.05041726972915393,-0.0011669663144743192,-0.2810538241270888,-0.016118220608530673,-0.014639106844506084,-0.00026924964467971087,7.473886896201809e-05,-0.0062465178887269185,1.4892349513067467e-05,-0.02754077664237256,1.668984607861778e-06,-0.20180163944798626,0.07149336371313418,-0.02241830582240195,-0.18712550154421262,0.159015633213976,0.0015279204996709198,0.0004798833955744304,0.0006021529181844107,0.09951263913157588,-0.1968557433678255,0.0017530239289394686,0.03004807093730723,0.0014710941219403474,-0.020991802562244512,0.1862046653544388,0.10697256170076037,6.285866933363012e-05,-0.009588524794618391,0.010772241416982844,0.07344924977188728,0.021949867362092347,-0.005139258718721261,0.03631912340492711,-0.01625617429981905,0.015967599389342807,5.492391328098328e-05,0.004482541778239553,0.021182006924562645,-0.009769859186239089,-0.019808553711400133,9.360519040269564e-16,-0.004591675116018437,-0.020545086019818616,0.03477311480612302,-0.02870775963187618,-0.08816545247954859,0.09678578437927389,-0.07612043804110658,0.16091849309741776,0.013584303865614496,0.016696757664504763,-0.05799904705252558,0.09876646876880563,-0.11957330016310594,-0.004736150922505941
55,-1.1793960266175857e-24,-2.1093926230931113e-25,1.2675996014969057e-07,1.1044576539881825e-23,-5.309574942167248e-07,-3.1643416634845025e-07,0.008455137349839067,0.1396563733526163,-2.461229381002263e-12,0.5858133269680789,-0.03563236085123786,-4.2782233911631243e-16,1.337646829541416e-16,2.401756464224728e-16,-1.0411249706128033e-09,-7.52588881888992e-12,0.0029205090315530266,-1.7821958942295903e-08,-1.9077548701586038e-07,0.01871453778848587,0.35125678052777526,0.012278753119411368,-5.906919160380545e-10,-8.751865868773734e-08,4.452128634035206e-12,0.020610749427321707,-2.149719695511843e-06,-0.09177072746379272,-0.007419637564023019,-4.82772756787827e-13,-0.0876393697363863,2.2455804704749126e-06,-0.37160445524255065,-0.09103425100361105,-1.4884214390338748e-11,-5.215248635214263e-12,-0.0008539652136498865,1.4307877838267458e-09,1.2057369935752409e-05,0.045804825210941584,-0.003645758104952491,-0.2311515930456844,0.020849355561538448,0.011768053026045527,4.9962851664052e-05,2.3558685763936597e-05,-0.0019813835063979706,-9.99512608509383e-05,-0.00036167069534084314,1.667567532739507e-06,0.0009235127318094589,-0.00043657938447921944,-0.19324569709406242,0.012940437172319606,-0.27589030633943085,-0.000958125992346778,0.0003593689928979755,-0.0004988000569087491,-0.2026561766503169,-0.1463294859255626,0.0013293539668778201,0.024116387598303188,0.0012088262331610411,-0.01625747477742188,0.1505125622024393,0.04973886678141549,1.9415985787585604e-05,0.0060640499355459196,0.0032113490484273685,-0.041031677580033656,-0.011728993633331358,-0.013439781379248701,-0.02808413843708183,-0.01842712024292751,0.01537960108413971,-0.0033912964797915726,0.0004460546037412852,-0.040900934793901896,-0.020448560298463318,0.031029545103234753,-1.4201274258182348e-16,-0.041769604764290716,-0.022855543430715955,0.014613653487466712,-0.030100671568129456,0.1404582110279329,0.054711018523121206,-0.1130731338448765,-0.1474711562924381,0.028418392216417433,0.021625682756078707,-0.02158249847806654,0.05865028558794519,-0.13630185522634017,0.006217896543062218
56,-1.117100280866295e-26,-4.156387372978166e-28,1.2018207623281478e-09,1.0212006329320716e-25,-2.9522690061438123e-10,9.936382750650598e-10,0.03260946457506224,0.035631353483363014,-6.351547964629932e-13,0.008709615510687892,-0.008452182850556217,-4.662201848268566e-17,-1.208570415547238e-17,1.1219242647529705e-17,-1.1828328257738575e-08,4.684324038146433e-12,0.0018028223567240335,-1.408127820908002e-08,1.8641233931143944e-10,-0.027033673475804303,-0.02888769440833941,0.0004430968365221852,-6.711930677986286e-10,-4.272599917059823e-08,5.5868644848293e-12,0.15930409917518323,-7.260090160110791e-06,-0.251308903788083,0.0012808768837366295,-7.443040163854183e-14,-0.04121443871054135,3.0200391047016087e-06,-0.04872641729717849,-0.0699117240330731,7.48099521606549e-12,5.996279011946123e-12,0.6123374376125634,-1.253171403844803e-09,-1.0999838712319923e-05,-0.12316031719927034,0.1584468110529809,0.21210263959995132,0.0012636977526342455,0.0010343486952120796,0.00012426881428934507,-5.22201064906357e-05,0.004570184447212153,3.799006230907337e-05,0.02475116297035728,-1.8268405327449463e-06,0.2747650472364554,0.4281123102153453,0.10451434873564501,0.12147995924270223,0.07906409689068035,-0.0007262911071293356,0.000276256255726384,0.0010785235858837422,-0.04899763500359608,-0.11612559543584111,0.0009504828621434241,0.014055439040114063,0.0006605100730393412,-0.009253503694709089,0.07121916671709597,0.12030497448331182,-0.000239837103267057,0.023949382943779858,0.018869021483147296,-0.003952702912999765,0.017471030992380607,0.027365091245937775,-0.040582055157692754,0.08236004925912827,-0.07091519025188361,0.012049287827852221,-0.004312738901975724,0.015684236793085175,0.028815453628547857,0.008594723478660858,-2.5889245016250003e-16,0.0491070403292712,-0.025622173144278868,0.0435272120753605,0.05271268361704107,-0.010320420865611057,-0.1155127477165449,0.17447705910607628,-0.018186888934141162,0.09381017483958043,0.02216558243460194,0.037911836804298646,0.1005747821916438,-0.1391208213384748,0.04732311744627726
57,8.949996105314798e-27,1.3770593572030781e-30,-9.628737759397758e-10,-7.918771652719847e-26,-7.970490787164198e-10,9.287042760871177e-10,-0.02623503224546064,-0.028547364811331893,4.983575194215524e-13,0.023717456008949193,-0.021422475738015177,-3.761590153829894e-17,4.091088506368696e-17,3.403486657647227e-18,8.083540371021169e-09,-3.9361448233478535e-12,-0.0014447985314628867,1.225913939596776e-08,7.283868326715207e-10,-0.02384123422451107,-0.02847450123347698,0.0011995581739205868,4.955014316966951e-10,1.7834253187918866e-08,-2.2486399871460624e-12,-0.1326317920151435,5.97514386571334e-06,0.19959199040858264,0.001572108920091127,-8.031764157946823e-13,-0.10911022299039567,-1.1547551380988287e-06,-0.17303787072895188,0.0077871268076696145,4.837855199879008e-12,-4.470335302018987e-12,-0.491460305237726,-1.5255061160426012e-09,-7.207491931882417e-06,-0.08350992273070187,0.4127422078681449,0.20119722165205148,-0.05298230948366523,-0.001321613887652423,-0.00028147044914751554,8.083933473818453e-05,-0.012325673473836205,1.4328180205349038e-05,-0.01127929783437212,4.563402749244869e-07,0.006103976374593754,0.5058412119505517,0.001200082698080501,-0.03851042389614414,0.02185071799604814,-0.00010726046496050148,0.00040902635004563527,-0.0014060927878298932,0.18945922060679088,-0.17133961420422716,0.0013998008853017554,0.0211479131261312,0.0010328301319716359,-0.014597680013932069,0.1273982139595859,0.02550166997516729,0.00011843020999127253,-0.006140909527492391,-0.00011467844028880063,-0.009443344576252632,-0.01019858375406321,-0.004023328148985717,0.0570645770876533,-0.03357110009013312,0.03204077944347245,-0.005283036104373367,-0.001375641414983646,0.050035453072073556,-0.0154962793445456,-0.02419622983252295,1.0555464351209432e-15,0.0022597778759719366,-0.03174776063427169,0.04416540766771826,0.006508194659387806,-0.09096071336653823,0.10049382249958339,-0.076278434105096,0.16113629784956343,0.05581214454013388,0.024318750636201574,0.05434558992745899,0.10194627281681508,-0.12006564230847268,-0.0017111333013828478
58,2.9268988420164247e-27,5.070820080531542e-28,-3.148895434484556e-10,-2.4632172021732863e-26,1.3183875091304263e-09,7.78861732000063e-10,-0.008454761318461968,-0.009344405045797463,2.3368811507803036e-13,-0.03915106506043304,0.03598312315042834,8.411196601304686e-17,-3.8233971592460426e-17,-2.158078696896817e-17,1.9093653486653765e-09,1.5993609409363025e-13,-0.0004718734715189608,4.25750037887389e-09,2.3414243008417306e-08,-0.021674764649512554,-0.023605560464301116,-0.0019820163227979547,2.330746368493737e-10,3.134371280780021e-08,-4.927886935211926e-12,-0.03976847626184766,1.808253084340998e-06,0.06702069729459526,0.0012328511932587574,1.217996204110991e-12,0.1755652792702299,-2.702468243220957e-06,0.2677960737061708,0.082568267655075,1.6809974587047463e-11,1.4892447138597766e-11,-0.16159867108361295,-9.605527330175676e-10,-8.622285914351935e-06,-0.14576451322039224,-0.6667552314836164,0.1646392194562284,0.006270420197378835,0.03745676879575085,2.564022419899478e-05,4.2048682062370106e-05,-0.00860277567395432,-8.938698662930307e-05,0.007327718685139488,9.861401935452732e-07,0.13387767594188424,0.38174179852847195,-0.1599371168706759,0.034603698495628464,-0.14159283735050143,-0.0007975078170673178,0.00023567319445475454,-3.150644844687027e-05,-0.10525358874627894,-0.09867892476471511,0.0008057591056564657,0.012923324764297658,0.0006439504691265186,-0.008867070192038948,0.07875830996007445,-0.02535248855281693,0.00016691507891342902,-0.0219963642344486,-0.00596007700470383,0.10399429249587142,0.0282562488582185,-0.026896613994868476,-0.09307229187607018,-0.025038627947868593,0.014298105589298421,-0.0008889829853426608,0.012956269972341805,-0.04589679871625203,-0.02847362436812226,0.03847697322097435,2.1064502622435607e-16,-0.06381533048985746,-0.031701957886069,0.0200487211447185,-0.017148951510303663,0.14424123457066415,0.056653330574809445,-0.11314438147785363,-0.14764769507680453,0.06125838604996391,0.02811115529906272,0.05665683989128049,0.06084233570635945,-0.13680523397924776,0.009527120591101676
59,-8.200647215649526e-26,-3.050794911376046e-27,8.822733542302506e-09,8.501990280484376e-25,-2.1673175765936424e-09,7.300631887521442e-09,0.030744843147226884,0.5417074068512517,-3.0439637833714814e-11,0.13280563108144344,-0.007497043884042909,-5.156564597857567e-16,-5.156945531838052e-17,1.3960746685467591e-16,4.319314803845163e-07,-1.0319146188877184e-10,-0.0012406267314046065,8.827153619098253e-08,2.903070827095512e-07,-0.021452059565637973,-0.4371107541013058,-0.00031899388508182456,1.8150454641874551e-09,1.0463844774827132e-07,1.6878651265352813e-12,-0.08117238049386172,5.803746315206015e-06,0.30801096056209637,-0.000820462248849537,-6.264724132628293e-14,0.019888955016433205,9.263456467568288e-07,0.07593980656978758,-0.0011273357605041628,-2.0816490054175957e-11,-5.096261807526871e-12,-0.08327285781132278,1.5723846607758702e-09,1.1996245022977316e-05,0.058682702876599345,-0.02368895058245227,-0.24093547939136667,0.03456992694643689,-0.015724541529617945,0.00026141700332442516,-0.00010899381948877082,0.014495568578119135,6.659981294782607e-05,0.02645364399276476,-3.1107232778380546e-06,0.17865878622864376,-0.1347791507186074,0.1773872544159551,0.20849751244290213,0.148942413797145,-0.0012622311527387864,0.00042835037654173684,0.001948589974801366,-0.07980993396368259,-0.17984710562634243,0.001511957183173866,0.03179772517527217,0.001664994056243377,-0.0214809586704598,0.2002401656503458,-0.029978985557849624,0.00022606539646176434,0.0020549614330432355,-0.004908297041838169,0.0055072254881100915,0.0069747198782543944,0.017144214859151234,-0.00908967471057239,0.03850320503553303,-0.03369445359025067,0.00326364354698917,-0.0015718938163199227,-0.000297025782882381,0.027475395352001417,0.007470326758113334,-3.4667373156752735e-16,0.03526121476395247,-0.01674994550364398,0.035942785108316194,0.006465472860360089,-0.00998964739456893,-0.11426265423181804,0.17438191421732266,-0.018140818274437552,0.05308329684973459,0.01590824077593221,-0.06937373887943883,0.09785262274521206,-0.13843659884348256,0.04150033571557651
60,6.570237410713513e-26,1.1440590980622874e-29,-7.068627171211723e-09,-5.903090916495625e-25,-5.8511905494972406e-09,6.8129278961214946e-09,-0.02464464124133682,-0.43415060217683177,2.3997389336397297e-11,0.36041276939176975,-0.020594429637498298,8.392414558562971e-17,1.5157986211539256e-16,-1.1751901193588807e-16,-3.573904839853138e-07,4.0861789424121447e-11,0.0009942690131272518,-5.407016763321439e-08,4.828300179940463e-07,-0.02147780454638235,-0.4288086636098113,-0.000834453056323434,-1.0414294566700817e-09,1.651724490557129e-08,-6.406912660104683e-13,0.06565724849412789,-7.6156772714371995e-06,-0.24417689663095885,-0.0011409008571297008,-2.4130495482840527e-13,0.054470637081097714,-4.825875011731215e-07,0.2034033765839935,0.027727320040399996,-2.0307393478252834e-11,-1.1581963535325943e-11,0.06710586522778211,1.2765317155572005e-09,1.563006420368245e-05,0.04713364559595078,-0.05767824742681864,-0.2497726547904755,-0.029447125064629657,-0.01494805154358386,-0.0003224491835938499,8.948046572272017e-05,-0.009060937411271518,1.8347726561397105e-05,-0.031631258553375896,1.63212982710669e-06,-0.24569117182161063,0.01596206886246162,-0.019099828487582786,-0.1820226205491076,0.1692911228493035,0.0014499451176102813,0.0004945978844219461,0.0007834605651803326,0.08451579887463326,-0.20442686104979085,0.0017644572675579169,0.02865173101166479,0.0013645546797388598,-0.02061801373547749,0.17928266023473852,0.11745312650224568,1.3618142605853229e-05,-0.012472719479849893,0.010699572458251589,0.08691787625505801,0.02476538117402949,-0.005629086114093276,0.041745001083783755,-0.017650121902901696,0.017268730864910882,0.00029488479333117563,0.0046280858938338885,0.021555392765895836,-0.00987037217577856,-0.02004377176611751,9.333714289228195e-16,-0.004732942208226098,-0.021368318296301314,0.03557906974135139,-0.034713368428439306,-0.0883730963404987,0.09705132787261019,-0.07608584270658814,0.16081600205812727,0.015596290131377186,0.017298550680982832,-0.07371958325063235,0.09897120575410324,-0.11941791748301943,-0.004449231879980146
61,2.1486310452306995e-26,3.720406842519731e-27,-2.3116381341703918e-09,-1.773331313804215e-25,9.678441770285867e-09,5.715574304748781e-09,-0.008050426911874606,-0.14193014203860974,8.988229549105417e-12,-0.5954184756505387,0.03390948077529784,4.0932573564895383e-16,-1.365546837649105e-16,-4.6380409797292595e-18,-1.3170876128779952e-07,9.106586612069489e-11,0.00032822607554102795,-1.2742190567697221e-08,-5.59943143032533e-07,-0.017618512750739664,-0.357103740842136,0.0013537606829372572,-7.990983714706364e-10,-1.2864769244228405e-07,3.791007611097639e-12,0.02067718897704758,-2.721672559252894e-06,-0.08088961471487585,-0.0008658949444571245,-1.2332904474942865e-13,-0.08843905371052103,1.7953783765191079e-06,-0.32776348341470385,-0.0791129007843002,-1.3840673361223177e-11,-1.9404016567451355e-12,0.021626573357077353,1.2684820927061745e-09,1.0751352342052194e-05,0.05353512308942127,0.08947344078581707,-0.2038827808717912,0.023080337726730786,0.022043500780998346,5.842542619486257e-05,3.231979272020329e-05,-0.004192570053827499,-0.00011487831501333479,-0.0011720087775543855,1.7468116963220926e-06,-0.0153727642147986,-0.05406275538760133,-0.2182366348921306,0.02115981681402139,-0.27262853558664796,-0.001048764044911824,0.0003782391791017709,-0.0003608889365985602,-0.2060733322887098,-0.15510620114874787,0.0013713739068507774,0.02384233824638017,0.0011783616276422706,-0.016331675712781536,0.14851298152855383,0.05832365791656495,4.942910482662111e-05,0.009962420798638218,0.0055709959112142625,-0.06300846666543389,-0.017772860847606854,-0.014889484054022024,-0.028087609589555952,-0.021144618622682135,0.017447159061702605,-0.004158563643288266,4.907380791494693e-05,-0.04286029869480548,-0.02105767835791601,0.031954689974655906,7.600127050990928e-17,-0.044292027439916615,-0.0236566907506704,0.015127314720699801,-0.0357460355019526,0.1409091761370556,0.05490419597161982,-0.11303634136856563,-0.1474194700859075,0.03051295573351884,0.022253031264460828,-0.033168956712386746,0.05881213282705567,-0.13616824573393144,0.0065545996242677
62,2.1348350373530582e-29,7.881507526871624e-31,-2.2990450138610626e-12,-2.399624586600664e-28,5.653805272588151e-13,-1.995477500562667e-12,-0.592146950655046,0.035118250291298975,-2.9649930722436676e-14,0.009083910260680474,0.1522532526790427,5.492970134580437e-17,-3.443651693108464e-17,-1.1721231768475052e-16,2.4516472168187046e-11,-8.567812777181976e-14,1.3894434676609402e-05,6.602317232028629e-10,3.6745678264994503e-09,0.48238555997766674,-0.02511996722191513,-1.4293315136493949e-05,8.250555584072556e-11,8.34939771794089e-09,-1.525281434026875e-13,-0.21696605007089712,-8.259704606148759e-07,-0.04556068501732591,-1.9256292953343038e-05,-8.96114870008596e-15,0.06902668955377227,-1.0165580945842314e-07,-0.014179180225898903,-0.000388514257065044,-2.1209277030696307e-12,-3.421291873523746e-12,-0.039172017180954165,-1.9668797610083132e-10,-2.063683892504674e-06,0.1865873257653421,-0.022104844317149725,0.03137089480818451,-0.006890077089778831,0.002306112940564659,-7.572646342411042e-05,3.06930619047061e-05,-0.003440726018738706,-2.1040908356197784e-05,-0.010089425032300621,1.3334824364843009e-06,-0.07857965080364819,-0.005746969123487408,-0.06155128430710529,-0.10798942105781359,-0.0462579045637918,0.0008641409941199171,-0.0001404916620595014,-0.00035254862463124153,-0.01064620532457477,0.06119800639000714,-0.00046501432553907815,-0.01756051987945644,-0.0010012885065757702,0.013565704378176745,-0.15082654447043636,0.25058497363163135,-0.0008012224622368975,0.04904640461443143,0.042118492415819025,-0.021764302289793584,0.026350053344906952,0.03897870109239561,-0.07242160809281536,0.132253869898646,-0.1132438071428561,0.022109289469402677,-0.008291420883262254,0.03443702940658025,0.030439381171196822,0.009859131239938953,-2.937649556868954e-16,0.06532970084740455,-0.036208323298080165,0.0525496303474316,0.1018795413102162,-0.010903274846073095,-0.11714229890780262,0.1749649023757216,-0.018145251523923836,0.14242222047345687,0.029612126011021752,0.15036398129917056,0.10376961333209646,-0.1398734788725359,0.05422664358056411
63,-1.7107282684690829e-29,-2.2766147084103575e-32,1.8423133747868422e-12,1.4555168545625954e-28,1.5237874581159761e-12,-1.7028447928181017e-12,0.47789912520257916,-0.028380791791978097,1.351507550611475e-14,0.02331910320549136,0.39144790043040517,6.044880150533498e-16,-4.841948817377844e-16,-3.611457930848957e-16,1.692657668709011e-10,-7.980649820683302e-14,-1.3229119266886858e-05,-6.05453130445484e-10,3.246503448168541e-09,0.4571911476396261,-0.023726555612074516,-1.1045130985752511e-05,-7.747170052690419e-11,-6.987110525184594e-09,3.709761907402401e-13,0.20575753821373752,7.798860392693831e-07,0.0436407815034955,2.9583351091862988e-05,3.708634594451157e-14,0.16504471126324743,1.965267175547122e-07,-0.03426533355869822,-0.007118979594968811,-2.266971895437853e-12,-2.430573236859726e-12,0.03602231840008865,-1.6193505580574292e-10,-3.0847794749087617e-06,0.2042808645326128,-0.04275481760977892,0.03780815303929384,0.007737265939641225,0.0019520423685611276,9.471691440856923e-05,-2.8835841572966575e-05,0.00285570616006004,-1.0984458631938617e-06,0.010216348588040904,-1.0842360487443453e-06,0.06623933734290109,-0.06573743813995771,0.020672616822699098,0.14092930265746442,-0.1797138196875221,-0.0017598528166797428,1.0391997402070241e-05,-0.003324672144091487,0.20505479241535224,-0.007480208225811057,-5.005109864712582e-05,-0.0028438024875850113,-0.00012644585262274277,0.0020260808190456234,-0.016018647047464436,-0.10503672722715733,0.00017335521273970477,-0.0012181432196309207,-0.016467057997482888,-0.1221612437997974,-0.05350374073497527,-0.002702728691209539,0.08150795267497779,-0.05535903883905462,0.0520879547487401,-0.012207399622788566,-0.009082039146602805,0.08411422872036836,-0.022255775456718915,-0.029258776328573585,1.3122902844189022e-15,0.01041726182615421,-0.04425947771440458,0.05446764877343056,0.05028627400726704,-0.094142371341856,0.10460332710739993,-0.07643190927773683,0.1615613707615562,0.10434690421446605,0.03276213692505703,0.19353004644221214,0.10541967826934939,-0.12073177606649432,0.001550702768227592
64,-5.594032242063832e-30,-9.375681471430176e-31,6.024351920309022e-13,5.381033235506067e-29,-2.5219207896730554e-12,-1.4567679847601182e-12,0.15295237303108777,-0.009040245664665927,1.8206647062695948e-14,-0.038870519186901514,-0.6527961957861484,-1.0240074543161044e-15,5.690609213714707e-16,4.118352224094706e-16,1.1822582988837378e-10,-2.4386601020415055e-14,-9.2871319552061e-06,-1.6282227722576194e-10,3.063316464373394e-09,0.3949388135069441,-0.020558815205970978,-3.495492253329881e-05,-2.5325118949000688e-11,-3.184738989629099e-09,-1.442178316173716e-13,0.05778339180632393,2.158273239353492e-07,0.01131703287805476,2.2385509172703566e-05,-3.667353457163816e-14,-0.2454508210364447,-4.9498405055479425e-08,0.0505008264038645,0.007193681148901901,-2.4468288707278417e-12,-3.285056081633594e-12,0.01352318156710329,-1.5672731155940383e-10,-1.945067167507759e-06,0.1587572777815676,0.03468372582751793,0.02764188178697459,-0.0031711490929898054,-0.004674194001604907,-7.434727485974361e-06,-8.502178521492188e-06,0.0011161074161214844,2.8979898174072712e-05,1.2608383076649797e-05,-5.793336046899784e-07,-0.005887868013838231,-0.02552546818621219,0.0577475799005991,0.0004086664167984767,0.13195209896796323,0.00034364849871686414,-0.00014057860777253795,0.0006091893700437516,0.07829854722184744,0.05505592943446645,-0.0005719511664662298,-0.010668901871992983,-0.00052443442000629,0.006761848535918004,-0.06367220352585294,-0.12971181309435634,0.00032377398057246103,-0.05504675803545926,-0.01794739954472863,0.27219545172899706,0.07410755010604547,-0.041760196957913005,-0.16590104363967048,-0.032251434470053936,0.012745778605952805,0.0021099621233998827,0.02716961030523419,-0.0498549003228637,-0.03728424906529685,0.04619600030754103,2.880716180631356e-16,-0.08743758155427024,-0.04126502879457897,0.02585477877716228,5.217355813988145e-05,0.14827722218808545,0.05888774182268224,-0.1135769484395808,-0.1480986081960089,0.09783857707535681,0.03505899545978572,0.15103538784148646,0.06313344136658212,-0.13749947044471605,0.013002236400207192
65,-1.2458120950200049e-31,-4.5651353009584425e-33,1.3429490037502576e-14,1.326115609215545e-30,-3.3079545321158165e-15,1.3164965518514324e-14,0.09875849394252659,-0.006063107198970616,8.41965137927132e-15,-0.0015873516044324226,-0.025714407258529266,-4.890412660431943e-17,5.468721493306342e-18,6.2899431891474585e-18,2.2494260426093543e-11,1.575043088658774e-14,-6.494276306205076e-06,-5.906660190388843e-10,-7.270924315767231e-10,-0.08310210401773942,0.004520870735721944,4.2147705423067433e-07,-1.2827362409128622e-10,-1.5614787314838675e-08,-1.8546470671091896e-12,0.5438156316386071,3.912761172408928e-06,0.17611635575323548,0.00012010074325564565,3.3584542307407006e-14,-0.1653591067256254,-9.856439761092482e-07,0.045041879271672566,0.025961355619968752,5.104594163725541e-12,6.682076261735166e-12,-0.18165820780577693,7.237536737171609e-10,8.734258393241689e-06,-0.4581658710317957,-0.01442658866741248,-0.1325943707753573,-0.0012814403137047028,0.0005761593847068698,-8.089158010202955e-05,3.4524898226727755e-05,-0.0031333933700567946,-2.8285598290038413e-05,-0.013856782760220098,1.617187630353743e-06,-0.12795409351384204,-0.11108355482948294,-0.07974313288524616,-0.1223650337065869,-0.08305030130070001,0.000873588525891808,-0.00017967605972311968,-0.0009885116381059592,0.02734921279824948,0.07790029892128304,-0.0005997474237674471,-0.02101483007449217,-0.0011858492538082384,0.016073540233657757,-0.1757174434424943,0.26969168739886434,-0.0008714621570669826,0.051845218166510165,0.04533900830038595,-0.02097819983511561,0.028443529508711592,0.04027082961438935,-0.07671446213570315,0.1385014117960201,-0.11858174073198359,0.023456250965952535,-0.008571538297505704,0.03607449006427,0.03070513011742205,0.010085098416854663,-1.936534359068261e-16,0.06702022666154453,-0.037245270910358404,0.053430970047395054,0.10691703645878269,-0.010929078500234748,-0.11737211761475065,0.1750161095941921,-0.018138273959765628,0.1473209535410997,0.03034538728203412,0.16140457226457133,0.10406981505382297,-0.13992515903917455,0.054962599202807653
66,9.9840618448526e-32,2.4753955795820103e-34,-1.0762515086083036e-14,-9.578445133641598e-31,-8.893983923817578e-15,8.779322192162544e-15,-0.07947475714036159,0.0048831947931885274,-4.841415275351946e-15,-0.003991749078216174,-0.06477343538415646,-1.067947055113616e-16,8.913778453704137e-17,4.5699029371566924e-17,-4.0275041318470315e-11,1.1525852488706112e-14,5.093864646058935e-06,4.982800417765247e-10,-4.81605089337689e-10,-0.07204929481652295,0.003862262799455761,2.297273627082744e-07,1.0679553135825609e-10,1.2352615197893414e-08,3.109719812163758e-13,-0.45386156487486845,-3.2267954725726144e-06,-0.14649631621141113,-9.740629629951586e-05,2.587070391490643e-13,-0.35396761066697546,1.798084385557513e-07,0.11756772642362803,0.008058483889668398,4.989331366288078e-12,9.059645003313515e-12,0.14529566568504798,7.701015933666939e-10,6.403691021410066e-06,-0.40136223365908374,-0.09848998704875615,-0.11632087764291289,0.023707882200712745,0.0009405678192749941,0.0001732731831773858,-5.238523468390978e-05,0.00647105958775451,-3.3555844750799263e-06,0.014454779908163191,-1.4628625712830634e-06,0.07511460454361449,-0.193551588907533,0.026629202781523427,0.18863011992274892,-0.24687763819510933,-0.0023178863199686314,-1.0171924407827029e-05,-0.004490084374870909,0.2752961933470484,0.0006874024912797838,-0.00013498894054966883,-0.00499015146591759,-0.0002361968625793218,0.0035496805761329976,-0.030281209004078734,-0.10832642234707351,0.00016183123187658147,-0.0005894315061349823,-0.016748341980954547,-0.1280291525880733,-0.055587702826767824,-0.002488488804053542,0.08221082649314537,-0.05583332465656249,0.05256614130724398,-0.012393254990355453,-0.009552035067809292,0.08678523465876233,-0.022750797171919492,-0.029573168779890534,1.021766945976751e-15,0.011128590284685243,-0.04534963276870819,0.0553612021782316,0.054186815884768307,-0.09436917747152591,0.10489539421432398,-0.07644118089131623,0.1615883448524405,0.10867629885800435,0.033503868058470304,0.2054146096444096,0.10571795294346943,-0.12078251075069174,0.0018934552603749625
67,3.264391963441883e-32,5.29221152435153e-33,-3.518932172455755e-15,-2.9511266820905957e-31,1.4730351342796222e-14,8.029636732134674e-15,-0.02558541177380489,0.0015668242027564944,-4.3305658766075885e-15,0.00671669069708975,0.10898205279635284,1.7223593840396587e-16,-9.847404363138797e-17,-5.0178184759893515e-17,-2.2189293033541433e-11,-2.778581030992996e-15,2.822158781620249e-06,1.4146092728971075e-10,-5.724907786500313e-10,-0.06630008788439282,0.0035899336272110388,1.0772089427968406e-05,3.3629377038801595e-11,4.700927673657937e-09,1.8090515981546313e-12,-0.13439173920020667,-9.759938514834003e-07,-0.042909370434058645,-4.451396604739568e-05,-3.4748140183803324e-13,0.6069313103504056,9.413679047008382e-07,-0.19105472444754776,-0.040183014973423366,1.1809358192252498e-12,2.8458839848115025e-12,0.03998131953017226,5.874645309899497e-10,6.978403774547209e-06,-0.3694541136616198,0.22004630139127018,-0.10627420444586123,5.8034238018509294e-05,-0.012808457533714365,8.965073608724997e-07,-2.027790939665343e-05,0.003519249460264556,4.519070945332725e-05,-0.0006940578282550901,-8.409428758441116e-07,-0.029444831786698832,-0.116487880635566,0.08851507136998772,0.0036138785525763875,0.1524332967441107,0.00038210983548079425,-0.00018018407124577667,0.00041144156918389047,0.11977454008018394,0.07120177250159647,-0.0007184616520992324,-0.01333552513920516,-0.0006579588737159966,0.008533383860277783,-0.0800452987216327,-0.13882127918835743,0.00033666758233194283,-0.05869298374505466,-0.018925145317642913,0.29235325196738315,0.0798020685774805,-0.043367830778517656,-0.17431117399052526,-0.03259834658437025,0.012175336462213094,0.0025780501316335,0.02882214590984228,-0.05048594185041929,-0.038188243078826886,0.04707342284414062,2.0728056410611297e-16,-0.0900387856227143,-0.04223857649182208,0.026430187752015857,0.0017767687840568327,0.14871634721131138,0.05909896834505513,-0.1136221558045125,-0.14813055623857477,0.10160612115330986,0.03576868095191973,0.1607097260184618,0.06335024948775966,-0.1375455261709652,0.013370863343015082
68,-3.8732484440531925e-31,-1.41917707984162e-32,4.175298103879953e-14,3.914000109396681e-30,-1.0284730523431594e-14,4.1092474448102555e-14,0.46470506972947395,-0.02907596201175409,6.623902001170232e-14,-0.007473525956080611,-0.11908358063981225,-8.817726728164613e-17,-3.395263388790015e-17,1.3112761070553134e-16,1.0303222789956928e-09,-4.0680414681395096e-13,-0.00017709374451232697,2.1774236275851177e-09,-2.2732984088719735e-09,-0.3754234319418837,0.020741613347350835,-2.8515194145929955e-05,1.900064913048723e-10,1.7611967372678488e-08,-1.7862906061177553e-13,-0.41392971826591035,-1.3998200416809904e-06,-0.079248705816683,-0.00019997861617665943,-1.481723833911373e-14,0.11978217317007857,-1.2417017263740192e-07,-0.022961628980590516,-0.0011027421323171606,-4.2975229500969535e-12,-6.122061087875607e-12,-0.05224233523432079,-3.095490563719545e-10,-3.622898208648267e-06,0.3378524563352954,-0.03448872177182017,0.05198913746395619,-0.008567755630005771,0.002634949059228778,-8.813185452193376e-05,3.528102228511172e-05,-0.004006954797581619,-2.2989925682199136e-05,-0.011613575082690777,1.4853823892822347e-06,-0.09133704710020128,-0.010644943826546297,-0.06800476736263386,-0.12196209464750844,-0.040373720531608676,0.0010049181588330243,-0.0001617023827402301,-0.00017719975412330637,-0.025818951771830263,0.07020616039644363,-0.0005359054132492201,-0.01882673409399803,-0.0010656228611879614,0.014464976815964575,-0.15917186764195665,0.2522744065166975,-0.0008164606973919431,0.04990183310835022,0.04254175743143989,-0.024044538434891884,0.025981097377006445,0.03936755157407268,-0.07304263045874257,0.1335163840666722,-0.11429159553784518,0.02231582231725942,-0.008525842947144008,0.03535235117193385,0.03043758538493453,0.009844898035827996,-2.732602146958224e-16,0.06594310085636569,-0.03664279503612133,0.05291845658888247,0.1038230874978638,-0.01095166291205367,-0.11717114090840115,0.17499225471412608,-0.01814439682517929,0.14435477046081807,0.029914041208674035,0.15513341753081622,0.1038981647292296,-0.13990277483290325,0.054471368422574364
69,3.1059585877197676e-31,7.727697231119728e-34,-3.348170661687109e-14,-2.784727583250491e-30,-2.767509476306301e-14,2.7215666223600952e-14,-0.3811069344925103,0.023879476001770258,-4.503541227671797e-14,-0.019782340024237507,-0.314480231549975,-5.197719911277862e-16,3.6180571779317773e-16,1.9149792243746745e-16,-9.750928631863588e-10,4.991595569496191e-13,0.00014889807154176026,-1.8468356846774774e-09,-2.5690533070041843e-09,-0.3800825336737011,0.021058842616980385,-0.00010803863193049705,-1.4966278239445006e-10,-1.2050628143553455e-08,5.314244183118176e-13,0.3496463067673827,1.1964969881964862e-06,0.06906694350222169,-0.00010883490477960301,4.361204168632173e-14,0.2811499748949829,2.7537775959266254e-07,-0.05401073454492907,-0.010733238172102148,-4.192926619927655e-12,-4.5973523702700106e-12,0.04539718869019054,-2.527748152615813e-10,-4.567385306215999e-06,0.3384945587332586,-0.058341638643769164,0.05620344078904522,0.00790807657065053,0.002218195088125385,9.701651215798053e-05,-2.9330497777423134e-05,0.0029237493788523018,-1.490391844562395e-06,0.010108658462372093,-1.0382593765144386e-06,0.06428206156668875,-0.0721814094603137,0.01956824652408133,0.1333174444968282,-0.16387004307801709,-0.0016215800331351102,-2.0348432974962675e-05,-0.0028815723624835625,0.16784089420357176,0.005355630136545866,-0.00015510567830268244,-0.004128186192479011,-0.000184957900979611,0.0028922554755825185,-0.022802400383556597,-0.11645333234031921,0.00018538977922813988,-0.0010870329773868235,-0.017967011243046106,-0.13015446003084782,-0.0566742594901851,-0.002698037717366018,0.08356692242862068,-0.05729076675732919,0.05383968711634756,-0.012799773327413567,-0.009586612842741118,0.0859633269497453,-0.022643787298018195,-0.029584260172683202,1.1296572345607153e-15,0.010816682550845821,-0.044860819120662795,0.05496170888562221,0.05239593190538295,-0.0943287540420424,0.10484183192457697,-0.07644244964697579,0.1615884586877712,0.1066376533398565,0.033162857510075874,0.20054705077263665,0.10557782894451076,-0.12075264186978946,0.0016683845955670262
70,1.0148999163610686e-31,1.644676199360253e-32,-1.094049464650388e-14,-8.432219695649936e-31,4.5797309997035975e-14,2.491565200031469e-14,-0.11993705969219509,0.0074853260463573065,-2.8165781213837845e-14,0.032162090957416095,0.5121672213384173,8.067959738988128e-16,-4.742440291919811e-16,-2.5215288383247564e-16,-3.24245444628613e-10,6.136969365002591e-14,5.0603436167843694e-05,-5.948927157601825e-10,-4.324347991497457e-09,-0.3094331818380459,0.017101930966099833,0.00020980690210584157,-5.395525870542632e-11,-7.334628897083142e-09,-2.2947336799852636e-13,0.09810816385074246,3.3453634118986476e-07,0.017561582068664074,-9.833580562320683e-05,-5.541376053613408e-14,-0.45774301856077554,-7.839294890552883e-08,0.08633185101827977,0.011990947588745757,-4.506882079641108e-12,-5.75033935026211e-12,0.01881786286640941,-2.524800023585016e-10,-3.296050825065897e-06,0.2874791642779256,0.041622300039785315,0.04539409086137484,-0.004445676286351838,-0.005659071486228354,-1.2094749471620678e-05,-8.884302065971975e-06,0.0012010224506921814,3.2769578599337175e-05,-0.00042352180297626355,-6.045621999164686e-07,-0.01067442376698078,-0.032004138883513035,0.0642136852815957,-0.004231169648835276,0.1468374536776595,0.0004304276725984347,-0.00015713458681691593,0.0007561896761735427,0.07532811018702498,0.06187309199379663,-0.0006309964289164037,-0.011571172522928472,-0.0005682030513582826,0.007357229475413795,-0.06891738849133854,-0.13484539864346662,0.00033149661537933736,-0.056200324624672005,-0.0185691789607552,0.2771263762309214,0.07533100157133624,-0.0422868897080236,-0.16817379398160612,-0.03275915237211362,0.012922631046661246,0.0021363983308369736,0.027611235031044404,-0.04985709885681261,-0.03762449278598751,0.04643617324829268,2.48998289712212e-16,-0.08823841233294925,-0.04163356895963993,0.026085057451395836,0.0007702789325474538,0.14841371643252618,0.058986613164559804,-0.11359848807320519,-0.14812548423405725,0.09923848849498225,0.035324183662095575,0.154771696234081,0.0632214006544336,-0.13752747039165278,0.013124437364074051
71,3.046231647193772e-28,1.1246571845185483e-29,-3.2805324247581985e-11,-3.0988469215499836e-27,8.06733357361361e-12,-2.8456047358427544e-11,-0.0032030877297231563,-0.058380014136715834,5.599780588529714e-12,-0.014311424670574195,0.0007775679818894932,4.4845077495507156e-17,-3.5900692429241513e-19,-1.4396350694181244e-17,-7.287774308638671e-08,2.835928561775111e-11,0.05315738678620511,-4.002049782518177e-08,-4.912115258591313e-08,0.0021713233876203913,0.04711255384606019,0.01305012892143636,-1.370386444535927e-09,-8.264591037415932e-08,8.287186320941899e-12,0.09560948823793715,-1.3596470748590789e-05,-0.5004697348334999,0.04260422975239643,-9.450157221680196e-14,-0.021827556057885385,4.3945922100266855e-06,-0.10154195499410752,-0.11088876077684444,1.4064620293602444e-11,7.987333703330111e-12,-0.3933115376369886,-2.4877615760678478e-09,-2.2206213767395746e-05,-0.06415970623128146,-0.09431122142450718,0.41887681327854875,-0.004977081970153925,0.00502523663193206,0.00017099373392135688,-7.067371698570775e-05,0.004903343742576077,5.084137505132559e-05,0.014907747260862442,-2.296323751676075e-06,0.04635529364636484,-0.3512368222217103,0.13378269868877204,0.14893080305024187,0.11213193063606802,-0.0008501553149071905,0.00041601210138522086,0.0014460768406540196,-0.05717442691385731,-0.17177677088813198,0.0015336928740102178,0.03065346839448404,0.0017623193121866917,-0.015907004150021525,0.151409455496357,-0.1438748562647042,0.00023573509685843305,0.0012048877428276746,-0.016527525195434316,0.00306005371904595,0.004995746060556332,0.018737905495221793,0.004046365995835914,0.04611042106094333,-0.0401397355938539,0.004796363655181755,-0.00362957735556119,-0.0019160618769193906,0.029984044525224747,0.008648551111603713,-4.698390355229494e-16,0.03882660540306295,-0.019803204676356538,0.03895541209346796,-0.015075488634960808,-0.009993840358491334,-0.11519879682672952,0.1741851924564566,-0.018244946076272427,0.06408952990513116,0.018224612069082147,-0.1388343221416298,0.09845820793462558,-0.13760985008413593,0.04422439723373286
72,-2.441070638283544e-28,-3.2366977392955227e-31,2.6288213681006062e-11,2.2007156007465397e-27,2.174331139424488e-11,-2.43127974973952e-11,0.002567525647783851,0.046790690886837245,-4.4197922489578e-12,-0.03884987978329492,0.0021490251173827595,2.16374274083039e-20,-1.7031784605972595e-17,-2.582948849250061e-18,5.866037056811125e-08,-1.3937401260212209e-11,-0.042611125974866264,2.9987492977694715e-08,-6.88010465165949e-08,0.0022873701788522697,0.046256305669885846,0.03537291247500008,9.44243460637423e-10,1.987638746914678e-08,-3.0568502387464283e-12,-0.07695957915617925,1.1518313089779712e-05,0.4000102098741358,0.04239887931172064,-1.2267872140542272e-12,-0.0649289046048912,-1.474553555215097e-06,-0.34442496675620465,0.0010649115432475793,1.0368959260901942e-11,-6.944491593960407e-12,0.31448578810755007,-2.8238114996661723e-09,-1.5875569864697663e-05,-0.08622073968222285,-0.25723382831626157,0.39230700323636614,-0.0818996573157623,0.0007441787981851728,-0.0003985289480947965,0.00011478517625480983,-0.018623345346265693,2.054210645371185e-05,-0.03519671901097558,9.962510721146839e-07,-0.3215816978921046,-0.21448423047139673,-0.0065627536244273876,-0.10681134624393875,0.146021416655095,0.0007352732714754415,0.00036398309761296395,0.0010931167846927232,0.008790251303084277,-0.15587941893930735,0.0011437540647300313,0.012236426197794546,0.00038665160052995493,-0.012156023442996032,0.0902257341666804,0.14817491206560854,-0.00024210714252334895,-0.025121865459954772,0.008769768237456572,0.14243533447960052,0.035490243951590845,-0.007832977570432909,0.06546877310948042,-0.02370690397825036,0.022828506252156905,0.001370349057681272,0.004894648429390117,0.022772507042210188,-0.010208043827810412,-0.020839568452771424,1.1388472445609246e-15,-0.005404651258862735,-0.024508429290895486,0.03854083184308814,-0.0611442383672688,-0.08898966710219046,0.09787172702835902,-0.07586731836861724,0.16018603025530662,0.023733956584692146,0.019570444720078448,-0.14282215388117528,0.09946886972898818,-0.11853128547477725,-0.0033364242692922237
73,-7.982188383796198e-29,-1.3380139406006224e-29,8.596181944885495e-12,6.4855128195832e-28,-3.598568021561204e-11,-2.079309633138276e-11,0.0008388455175818478,0.015295409633235214,-1.5799165337118167e-12,0.0641773852342185,-0.003532736268457312,-4.617201867035334e-17,1.1780711014622817e-17,2.2691792216439146e-17,2.125450979678191e-08,-1.915570062977324e-11,-0.013923914182229834,9.134834166102802e-09,1.00993960050845e-07,0.0018265265910544129,0.0385221313422233,-0.05845111823898568,5.144254967864005e-10,7.365046039950985e-08,-8.729067728200151e-12,-0.024691788035159243,3.4770167590052544e-06,0.13170457082975806,0.03517554255570651,1.9425754574074514e-12,0.10426877052449669,-4.6904559200398e-06,0.5343025719072964,0.15366869184302706,2.839378431327598e-11,2.2300762235904185e-11,0.10393201881780129,-1.939601485476023e-09,-1.8196366284926794e-05,-0.022960135840097314,0.4331389476764583,0.3333695830923831,0.005589993658802302,0.05674866800273492,4.5081585057937444e-05,5.683465629204582e-05,-0.012915270162159214,-0.00012253259635454527,-0.004701242418815001,1.4104749461597227e-06,-0.08063382765829144,-0.24575448195030491,-0.22261524596408422,0.03941545494027089,-0.17489241726103252,-0.000985579323242525,0.0003076898781167129,0.00017149269877482043,-0.14888823871919654,-0.12957087141475443,0.0010275953463107384,0.014488874470204057,0.0006408529127767292,-0.011287587902481798,0.09280030530676052,0.0872793732782744,0.0001756892331633434,0.027736314645457484,0.015931105328894385,-0.1637018633207007,-0.04566535151911499,-0.02099954405006218,-0.026483728930163944,-0.03290484040873692,0.026337161953640734,-0.0074961937847294454,-0.0019286472258418757,-0.050530231249449054,-0.02334975871112476,0.035458238390919834,7.817521964222724e-17,-0.05433431149397764,-0.02670226101705269,0.017039708986978007,-0.06036869037639918,0.14235924347587295,0.055523474723411105,-0.1127493711397881,-0.14704314640074875,0.038862599010770986,0.024609082976823002,-0.08485879491383039,0.05924683865692479,-0.13538725040889307,0.007831198332667929
74,-4.2215249844362405e-31,-1.546912167032358e-32,4.5506853510520756e-14,4.019273063371993e-30,-1.1209118923677849e-14,4.4617488447451386e-14,0.0001626258203756235,0.0031126538813576817,-8.444064272864957e-13,0.0007625138488235142,-3.894906854899538e-05,-3.666823625906956e-18,-2.9406802244814396e-17,2.2564996247029964e-17,-4.196213823247329e-07,9.62955858192533e-12,-0.5601638435079456,-1.8944591703861245e-09,-1.3694022861487052e-07,-0.000127398664194246,-0.0025133151705447505,-0.13745501170327826,-8.327791284951124e-12,-8.974270916966356e-12,-8.801445490061764e-13,-0.0017920233788559455,2.395542277471565e-06,0.017213828754302076,-0.4519687289564258,3.832254934079014e-15,0.0003042344619486801,-4.768752250546101e-07,0.0022841226330474764,0.009695147639547213,4.4919591878848395e-13,-5.755921691990805e-13,0.046687378356137954,5.847009146514533e-11,1.18623452469016e-06,0.0005027868411374154,0.011564618467504383,-0.01653806357245526,-0.008370236876611807,0.0029018990225707407,-0.00011951939972047306,4.909074381210304e-05,-0.005170070627566232,-3.566106004606955e-05,-0.014567996088915498,2.1748392490514495e-06,-0.09728839037577533,0.07344908194330753,-0.10218716602466713,-0.17111780689042488,-0.12049784499766865,0.0012516536077636334,-6.854072987376421e-05,-0.00181210351490651,0.09124349743064333,0.04188589306807977,0.00010207006666685242,0.00644575167010023,0.0009354895142568522,0.011614989259437051,-0.08465638224429287,-0.4263067008287219,0.00018580377916496728,-0.0007178406533207663,-0.04450779733798045,-0.007997858913533069,-0.0022548374895345973,0.021213145037928725,0.035241011912073406,0.0602496115295427,-0.052196414603371676,0.008012878036099612,-0.008594087694938798,-0.00552034437613631,0.03491878810503675,0.011100602323431382,-3.164695445562582e-16,0.04541439383219938,-0.026128008884310338,0.04523309853824824,-0.06450546773944087,-0.01000297710267833,-0.11742942821557385,0.17482750268238728,-0.018434340493499644,0.08694171349170339,0.023024420740438957,-0.2936309345266003,0.1010230899647243,-0.13823414085389335,0.04980702164187262
75,3.383182180794805e-31,8.391772791953813e-34,-3.646971441303226e-14,-2.9716581956351785e-30,-3.013821576825624e-14,2.974551715809697e-14,-0.00013036003361528145,-0.002494914284566823,6.717013204187674e-13,0.0020719372918363787,-0.00010956237560520199,1.1598196079274683e-18,2.289792024067899e-17,-1.7060643490708978e-17,3.3648702091290925e-07,-9.29329491068045e-12,0.44906099173664227,1.6786736669922383e-09,-3.689676475844748e-07,-0.00011663134722638809,-0.0024525098291586275,-0.3726755365860672,-1.2094771818428086e-12,-1.8909872753222835e-09,3.927152153934212e-13,0.0014317489787533826,1.3688019334530153e-06,-0.01335795432045636,-0.4432597137453967,1.344441382609672e-13,0.0012606518094227914,2.1243472102984076e-07,0.012388729025112786,-0.00298745703270949,6.778086056058197e-13,1.9966821535367015e-12,-0.03738769924650291,1.5431016912441083e-10,-2.3013443743343267e-07,0.0045423293019332,0.03075952209756044,-0.011336996869638682,0.01628994465762344,0.0021597079683847117,0.00014719349185219504,-4.457965620818591e-05,0.005022652609216363,-1.5952554961704856e-06,0.01630425211909893,-1.3294184726648023e-06,0.12586397484146575,-0.0052290431171750345,0.02814858410847766,0.15215198481423853,-0.09085175374600074,-0.001428258635280409,-0.0004126870448729717,0.0002019704084426115,-0.15291423952700633,0.1579963144691782,-0.0018514879248472261,-0.04708136665295883,-0.002903234687403507,0.02182877056147437,-0.23521799104573873,0.18308475853461237,-0.0008846411856034015,-0.05286120483690488,0.0012629494327910773,0.25727082897931525,0.05584315004187018,-0.012826496222606823,0.11787283598996187,-0.03703183363619052,0.03488209339372497,0.003771178885155491,0.004770750327065714,0.024795405045974946,-0.010807351395870406,-0.022271716322814036,1.3953820103704464e-15,-0.007006256940934463,-0.030984889399347647,0.044701288309548996,-0.11996397188438604,-0.09060148205257487,0.09989555920138798,-0.07570866920479866,0.16005639497383123,0.040925148751678526,0.02426743656580752,-0.29646820979102645,0.1017940535508173,-0.11885051026991485,-0.0009773941043271406
76,1.1061616145399124e-31,1.793241516395169e-32,-1.1924155867783142e-14,-8.730641124927032e-31,4.99150652573293e-14,2.7207975525471883e-14,-4.259443245976728e-05,-0.0008154695372487026,2.2814594711356883e-13,-0.0034217159643378245,0.00017925643829863058,2.5168886120887552e-18,6.532629139835722e-18,-8.564144530399083e-18,1.0971765076796636e-07,-5.882398798220525e-13,0.14672481493028333,5.695963133789205e-10,6.130341016512121e-07,-6.888574298400645e-05,-0.0020693577083044593,0.6157839546859843,1.5432104396013583e-11,2.9019901397425934e-09,4.4944577396073773e-13,0.0004831786601354879,1.3602896748304499e-06,-0.004221825903889425,-0.3691662777930759,-1.6239549382103244e-13,-0.00195855068447663,2.614998728880706e-07,-0.01802038049365726,-0.006601205619792656,-1.5919922621920893e-12,-2.0136316475691475e-12,-0.012282503687116236,5.251169957824201e-11,6.719069557539046e-07,-0.0027641041424171136,-0.05115030532255804,-0.010933414851355263,-0.0036513429178469097,-0.01016747687435551,-9.473742896092347e-06,-1.692620958005616e-05,0.002575532299834459,5.043214244078187e-05,0.0017679231735747438,-1.0317903243494543e-06,0.017155770094558973,0.02656244988114948,0.10100571026088385,0.006928153772214202,0.21443451034069333,0.00048515891428984383,-0.00023704385801219565,0.0007959818098657258,0.15672057451526386,0.09103984113542961,-0.0010280485871848465,-0.024661932365145106,-0.00145247306837053,0.012023014878502084,-0.13411682690789797,0.13143932277636927,0.0004371432091838252,0.06805913036320617,0.03849436643023956,-0.3934036568388146,-0.1097207552404952,-0.03408598511658124,-0.02003713133329574,-0.05859688819986377,0.04566144577969662,-0.014789674701257144,-0.006741006739421225,-0.06613801669839776,-0.027874868969443082,0.04251187052158437,3.309153625762501e-16,-0.0749060775925941,-0.03297041237676257,0.021058224772134204,-0.11479715340331771,0.14612669950290713,0.0570527278842986,-0.11295651127883845,-0.14746637911929153,0.05630732048341341,0.02946296234399966,-0.20114056832935928,0.06110021521371302,-0.13591021597526845,0.010497553211479053
77,4.012102952425384e-33,1.4594948331472005e-34,-4.3291437822586397e-16,-3.743832034276258e-32,1.0688867043324689e-16,-5.60660814389517e-16,-4.905901946035885e-05,-0.0009758137479414749,4.968348678508673e-13,-0.00023884996452343642,1.1559232239194422e-05,1.5389445629661639e-18,2.5922491205322208e-17,-2.0582559812957426e-17,3.951992364510565e-07,-1.1023447454801527e-11,0.517336052602306,5.982448291055543e-09,1.3057799891298228e-07,5.401837175489852e-05,0.000790723453189405,0.1269534758434027,1.9763077244327177e-10,1.194660533584246e-08,-1.702358192449965e-12,-0.014407207323382298,4.960975416310353e-07,0.0787260789686994,0.4174494380957994,1.0229071370275575e-14,0.0032520731598621264,-9.189588178265071e-07,0.015318414601996334,0.021231079569171224,-1.6946407655104275e-12,-1.636522235173664e-12,0.08864412535845803,3.649909165034396e-10,3.952152221822275e-06,0.009060941179731781,0.021535060465948944,-0.06827386250082663,-0.007739202519625258,0.0022484063289951346,-0.00014133576214787771,5.805651932028137e-05,-0.005780747927668088,-4.24088242182407e-05,-0.016748471954709437,2.5249862634826917e-06,-0.10641770948437236,0.11237833808488074,-0.12060836511204086,-0.19618768861694197,-0.1388247782698931,0.0014160381261140254,-0.00010778926072170886,-0.0020691396539472403,0.1029634321388658,0.059149201828338556,-1.4852164436704236e-05,0.004492279728739564,0.000866491609179132,0.013765235821591571,-0.1030879892542565,-0.4474323878694076,0.00018156478090802753,-0.0008597148945523955,-0.04659477114873369,-0.008866094704129461,-0.0028161489933560572,0.021385113507393094,0.03757393076557637,0.06127017282906418,-0.053067274151946085,0.008249151379764466,-0.008964922828242404,-0.005789854533541721,0.03527525584739003,0.011281481198395723,-1.3266257504147796e-16,0.04588564402837297,-0.026594569342982353,0.04569372047237666,-0.06819453717000672,-0.009999347024779282,-0.11757443884926597,0.17485108263972368,-0.018446289133168006,0.08862357275546029,0.02337826036079795,-0.30513111340186627,0.10121366961727259,-0.13828665304968701,0.050212881147562255
78,-3.2154873307888644e-33,-1.1679860426762238e-35,3.4695761013280164e-16,2.7988156045429993e-32,2.8642036871348147e-16,-1.7709709561584442e-16,3.9324315571986204e-05,0.0007821487070157735,-3.962786867147901e-13,-0.0006497247810402692,3.321026115368266e-05,-9.282228018368036e-19,-2.099847126425623e-17,1.5379945417175803e-17,-3.168617252383242e-07,9.815992170762214e-12,-0.4147029913546397,-4.866741460829701e-09,3.470801523971484e-07,3.1372411311966464e-05,0.0007587982795341596,0.34416989007898485,-1.3661558895241953e-10,-2.926152614065427e-09,7.700011712750165e-13,0.011590857861812078,-3.516083156060468e-06,-0.06339844252560842,0.40921388947219745,2.6295027151188943e-13,0.00983565245795873,3.887213477973907e-07,0.05500331768626822,-0.00306268267094516,-1.0543876895246251e-12,2.5242593868546077e-12,-0.07093765184514682,4.962085163584432e-10,1.8515455898430225e-06,0.015407092685099984,0.05811695951174599,-0.06008310844035052,0.025411694698498282,0.0018895835715999354,0.00019316542043162544,-5.80965122485563e-05,0.007153418875412962,-3.4098345370223877e-06,0.02057684962429586,-1.5082236995570556e-06,0.16386652658346004,0.016397009767393503,0.030807139904626437,0.1719715380032511,-0.10974111447664259,-0.0015924713392730084,-0.00047381507652125254,0.0001243409397836119,-0.16483170067312475,0.18276782674670444,-0.002085362821583801,-0.05164787311632243,-0.0031554572065458394,0.02445950183919936,-0.26028613759682,0.18545465928555332,-0.0009328565969994772,-0.05491529243867258,0.0006854087617699146,0.26571950312301174,0.05732459567078231,-0.01320006550440028,0.12176299434724026,-0.03802411313197212,0.03577801716956299,0.003948758436636295,0.004756165121039282,0.024936837804919555,-0.010852163146803073,-0.02237296239563001,1.5246359163355425e-15,-0.00713014824571152,-0.031463712156767035,0.045155735015200094,-0.12434157083353489,-0.09071179920112915,0.10004702856417423,-0.07570293188700646,0.16004108294727623,0.04219915592193283,0.02461494448100613,-0.3078970591417268,0.10197252920854512,-0.11888904469578068,-0.0008023938705327613
79,-1.0512306909601065e-33,-1.6467926452686135e-34,1.1343031528053745e-16,7.651503333751054e-33,-4.748259273326584e-16,-2.1805847688901097e-16,1.2849624057798815e-05,0.00025563097798765756,-1.3262408314854697e-13,0.0010726473666758138,-5.4032405447328604e-05,-1.0577380864451257e-18,-6.555180615280322e-18,7.214055875979907e-18,-1.0341408046625207e-07,1.7005900250939003e-12,-0.13549972258095128,-1.5820197771147261e-09,-5.773715310595169e-07,5.727842955163999e-06,0.0006572807479039421,-0.5686818854765173,-8.001350219441783e-11,-1.1496126871623878e-08,1.5317601308231742e-12,0.003718578766819605,-1.950611860392207e-06,-0.020987122223912753,0.3408340154308834,-3.788140365101274e-13,-0.015688193400473976,8.322160770679908e-07,-0.08413340097652557,-0.02570420416976158,-5.153649281900754e-12,-4.559404110435302e-12,-0.023381503745922183,2.9366684977597727e-10,2.9323593420449463e-06,0.0011005541914996847,-0.09743591689865377,-0.05224289599998748,-0.003939450721291753,-0.01632809973104946,-1.3495746166607718e-05,-2.3445155377576968e-05,0.004021968282691999,6.465546906723094e-05,0.002371459962254373,-1.2249331029861388e-06,0.026470779751192466,0.05255164170476812,0.1274464005424625,0.003974740735440169,0.2444919938030255,0.0006038248939064224,-0.0002802626653653637,0.0008379389621513898,0.1806571832157588,0.10859205777257042,-0.0011898957428294068,-0.02769998884532556,-0.0016143343837894519,0.013840054308395612,-0.151701275948821,0.13457712199508184,0.00045636785832911574,0.0710551965686466,0.04016512820802381,-0.41048267561457363,-0.11448734805307637,-0.03505405911598344,-0.01952982734777148,-0.060501691141633264,0.04709366427985181,-0.015329835815401462,-0.007101128347892074,-0.06728369938430322,-0.028205796153786492,0.0430277706822213,2.8593765192352234e-16,-0.0764191442392666,-0.03343301869663442,0.02135695354570446,-0.11884364743520826,0.14639523082305742,0.057166765854026774,-0.11297075270720527,-0.14748766389447365,0.05759723654476042,0.029820973545558963,-0.20980701469338492,0.06124524018783116,-0.1359606397141349,0.010694655409049944
80,-5.050205296303335e-18,-1.9542918771296446e-19,0.5406091401260417,5.638787282554339e-17,-0.13262743063096413,0.43659134507445413,-1.0014653990360016e-05,-0.00017569758715770174,-1.2528358949586048e-08,-4.5374440691348644e-05,2.5740443537080112e-06,4.034167561600943e-17,-2.4750433374073403e-16,9.445509894496563e-17,0.0001361882814127077,-3.06121216271403e-08,-1.686313185201434e-05,9.448296133283697e-06,4.956372636212134e-05,1.0465193807725853e-05,0.00020831259925642182,-4.742639684990044e-06,7.643285890404995e-08,5.314467293459528e-06,-2.6182402371897735e-11,-0.0012398696455494566,-0.0003712453923700111,0.008080020804138388,-4.0291261545220897e-05,2.830606298292441e-12,0.000822525888405442,-3.503223598777055e-05,0.017437545375551457,-0.08156685369554918,4.971797371314278e-10,9.08780993165023e-11,-0.00017332350969446423,4.089478624275591e-09,-7.948745164948851e-05,-0.0018651315368151838,6.465657556214331e-05,0.017079848018772985,0.20416209594488494,-0.2148916592703345,0.00046250584050636345,-0.0002863392685026616,-0.29938986967402076,9.172662597488049e-05,-0.003097823345577298,3.235144632025894e-06,-0.009222571651054133,0.0034964384254098863,0.00236768735879831,-0.06310884658140643,-0.024459892684740372,-0.0015143614467758627,0.00028987275142595216,0.0003813975122947707,-0.004836905958191934,-0.1649141790931886,-0.00022006156199089134,-0.04475406310969964,-0.0026491691420043447,0.021272520951334833,-0.18632576319261127,0.02027746913463926,0.0004976231286895019,-0.058954577154843764,-0.01295281540627567,0.012007710406795364,-0.03892367296940461,-0.05446145970233972,0.033721964890474444,-0.21392628080373147,0.1815427259776529,-0.03644146688654851,0.018383253222701443,-0.051226251995186024,-0.017288443272446802,-0.012464135647361827,-9.395995177014804e-16,-0.07987175382258513,0.06453697577887671,-0.04609512395840678,-0.0250775452915039,-0.008003539220254296,-0.08911149117139668,0.17397166757414734,-0.01645590657860288,-0.2556500346758167,-0.04540641199846812,0.09186525685267728,0.06716004253530583,-0.13909960277985234,-0.028062874029855692
81,4.047924232514402e-18,-2.3000524501650957e-20,-0.43330964392977434,-3.415096982637108e-17,-0.3597355926028805,0.4281829872141738,7.82726763484589e-06,0.00013719272820843893,1.0136928065240612e-08,-0.00011089034158295207,6.371066150585451e-06,1.929779694282091e-16,2.632285716805123e-16,1.4421435179169472e-16,-0.00011049706082935988,3.937218547386946e-09,1.2772740522719194e-05,-8.17848650352869e-06,0.00013208348801146486,5.359263747040939e-06,0.00011059163128479794,-9.846055391385176e-06,-5.0235394140652196e-08,8.184436352019823e-06,1.0388578111158111e-11,0.0008231947505599896,-0.0003695358869187889,-0.005129791331521911,-2.6216603607442565e-06,-2.69855903339417e-11,0.00028657543459051707,-1.0996565638583636e-05,-0.004271614602548756,0.03864567853987669,-4.614687731317727e-10,-2.543240752030693e-10,6.249332603663892e-05,-4.748338038981191e-09,7.074907620626138e-05,0.002059714804557731,2.397742260984458e-05,-0.02412507495535238,-0.37338634993042324,-0.018856306659716993,-0.0005366900134063696,0.0001278629835915167,-0.2098327767220664,4.889042306973669e-06,0.009000658566456224,-3.4308958316639703e-07,0.04762613452921872,-0.017216369234368083,-0.000564676849041579,0.07151140638947695,-0.020954993497982983,0.0006671751518418641,5.526357708329457e-05,0.0015352882688134486,-0.04210105346683152,1.801549893389175e-05,0.0008143552669107655,0.020249950850056823,0.0020906623187943903,0.013579592354012524,-0.061145441687354585,-0.07397389400402281,0.0005222128109759288,0.0917249719305193,0.04821397432474436,-0.07496692897763488,0.0539279684662691,0.011010253967174814,-0.27091920124096475,0.14956135294047157,-0.13699024683737013,0.02525699990912622,0.01698289112962283,-0.1344590336473132,0.02316810904914405,0.015979219282801202,6.472544410207574e-16,-0.028584918477181243,0.07121331034186308,-0.05169220759568147,0.02789892024204942,-0.061643810231554796,0.06312448670214232,-0.07619137617050091,0.16298562467727565,-0.26028005084419703,-0.04855850927561993,-0.010009155315345145,0.06829692357113776,-0.12105094859241493,-0.032360100699205474
82,1.3229160143442365e-18,2.66814206300757e-19,-0.14161628472725585,-1.277051429873501e-17,0.5943861088285539,0.3565566103215035,2.5941759235530224e-06,4.55262700288219e-05,3.2653653587571746e-09,0.0001863162594364615,-1.0669598805109956e-05,-3.6293265431423035e-17,2.082850786095914e-17,-1.2032102561019595e-16,-3.526988683693005e-05,3.272019606419806e-08,4.326530260149472e-06,-1.852543576402214e-06,-0.00021708833763382072,4.911597258131454e-06,9.899865875373216e-05,1.7099983470240423e-05,-9.917380737271095e-08,-1.630483705553515e-05,-6.908444478675669e-12,0.0003077793597586717,-0.0003044663094999915,-0.0020145654394732935,-4.5236593049443504e-06,3.084309102633978e-11,-0.0010639603056168264,-2.9349004557199307e-05,-0.00918108540959009,0.018868558718015092,-1.290416024657771e-10,1.8762415474927124e-10,3.356783483296167e-05,-4.996049292056616e-10,2.097447799000639e-05,0.0014875838430288995,-0.0001643286260066871,-0.011293123930187563,0.0960500844257152,0.37859435883459197,4.863931435534364e-05,0.00021338165814463426,-0.18246791178153324,-3.0165528868044244e-05,-0.0015875486939399277,-1.5704758285416073e-06,-0.011794365834676994,0.004113805929113856,0.003922589533336416,0.03217985311989344,0.08619855156082276,0.00031230130605328397,4.259278625915463e-05,-0.0018901382071372774,0.04524288249048425,-0.00634604322749054,0.00041130407923715485,0.005685317160034851,0.0007904175168490484,0.012178432421933104,-0.05230142267065284,-0.021439267977595374,-0.00191327473570344,0.011016778989652464,-0.030147663619673363,0.04432865670383462,0.014343164582268397,0.10751113953162544,0.29196357372602,0.13360925795745382,-0.07596388526557882,0.01930703439387682,-0.04607642957775605,0.07648792325692802,0.046919071031443736,-0.04933404926250864,-1.887783502441456e-16,0.17484613060420484,0.056829450387014986,-0.037063385728770055,0.12140021819630442,0.09630843984378003,0.03518906924663653,-0.11459937407613038,-0.14821329777642586,-0.20920213257994666,-0.03971734630303408,0.026784740921068268,0.03644271302319612,-0.13703511155005585,-0.026039592589157903
83,-9.599071151913476e-23,-3.96589542653577e-24,1.0306410165421678e-05,1.0378949155069754e-21,-3.503375220193189e-06,2.2757394429976828e-05,4.364618572213996e-09,7.908823499628252e-08,1.004291087520136e-11,2.840545857551544e-08,-1.560019846630496e-09,1.6026509577726363e-20,1.6627188797032716e-19,-1.942636118782178e-20,-1.418993631640342e-07,3.478814406029126e-11,1.6114062910395407e-08,-1.525605937653081e-08,-7.166715682493097e-08,-1.2865719910296606e-08,-2.6543122733509186e-07,6.312231124454148e-09,-1.5838841556404144e-10,-1.1952750741237304e-08,1.1406134480548263e-13,2.980152029865755e-06,1.078771571337982e-06,-2.1844647291594907e-05,1.1103698693587302e-07,-1.82958104274942e-14,-2.7960757666689326e-06,1.544576504578475e-07,-6.714371129699467e-05,0.0003275853678662121,-3.3380792081118014e-12,-6.792931664644439e-13,8.143533125507219e-07,-3.687996198114702e-11,6.60859790000052e-07,1.3982425256227768e-05,-4.467303033577588e-07,-0.00015210366886414975,-0.0022509499982672006,0.002384331315746927,-6.798973932270703e-06,4.197519638329235e-06,0.003431305443684557,-1.7553885722342042e-06,6.67448435591517e-05,-9.265023377442267e-08,0.0002253069559827757,-8.283515001911343e-05,-4.255360141740851e-05,0.0035099555172350217,-0.00012110170602769517,0.39377387896936905,-1.785728157497225e-05,-0.07695886682498843,-0.000274153989995892,0.008482149230688196,-2.3154606995808643e-05,0.009519901858513672,-0.023604116296150942,-0.4573615866161232,-0.03744095011076938,-0.008488054248057313,-0.0001410394186482017,0.0297575971899158,0.0021845634136431397,-0.016716063782692536,0.06424646735397008,-0.01643663333127641,-0.004015435662964036,-0.09107395474040977,0.06207500097077647,0.6647914789725711,-0.2297952710806356,0.0005245409543843371,-0.005753495753350007,0.004864617802321129,-1.5435318047688744e-17,-0.015769990036247527,-0.07957553184408546,-0.02819710360536083,-0.011282438863820587,0.0006146672030729008,-0.005407850326752931,0.010517117991812005,-0.0006715347367475616,0.04440189661277589,-0.32102763198237133,0.006048033004139444,0.011628584465372155,-0.023135780686826493,-0.04108210964682569
84,7.693838571291206e-23,-1.0884683167149045e-24,-8.260723864695255e-06,-6.701436488437115e-22,-9.502525588624384e-06,2.231828356489141e-05,-3.4224632908816585e-09,-6.195806190295576e-08,-8.132006819681353e-12,6.934828884448292e-08,-3.858257077214226e-09,6.354484133258311e-21,-1.1816312305030282e-19,4.168304405272667e-20,1.1521053836321538e-07,-4.3214523274734026e-12,-1.2250168013749822e-08,1.3214558162709998e-08,-1.91183029190977e-07,-6.3171547822826e-09,-1.3559572281282728e-07,1.3073572513911786e-08,1.0588764749803126e-10,-1.838314190233593e-08,-4.575087757575997e-14,-1.994063493916474e-06,1.0739778198306957e-06,1.400140233630314e-05,5.080253985706438e-09,1.5550957855561205e-13,-9.223609063963637e-07,4.717463349765923e-08,1.746068741171215e-05,-0.00015912096864853658,3.077582903551204e-12,1.801021319724785e-12,-3.06998630676527e-07,4.1825804452910945e-11,-5.844663882280482e-07,-1.504685627079523e-05,-1.4835955331843733e-07,0.00020514093194371654,0.0038642246893352654,7.920633057056352e-05,7.570081455251325e-06,-2.021691919405702e-06,0.002291313091365613,1.1538743712811753e-07,-0.00015561131593479246,2.595969439164192e-08,-0.0008056641421708465,0.0002878882988966813,2.3080193449294424e-05,-0.003300121225100961,0.0030530263262448566,-0.3176242570006777,-1.0864226624993416e-05,-0.221886212679276,-0.0009002420474257514,0.0038368801209451636,-5.968458877025812e-05,0.005634547630162166,-0.023957153051359648,-0.4578182878968185,-0.047164194438980546,0.0022572867266603654,-0.00014086724506833174,-0.02770651360016304,-0.006282225429946187,0.03703791264203881,-0.052153118049081376,-0.005892441112009083,-0.06299119380484977,0.03334390235399773,-0.03577600096619717,-0.4932537314941623,-0.5164733699663874,-0.008857103320576742,-0.0020611501693779347,0.0075265515820261515,1.622644966809927e-16,-0.010879102175680354,-0.07941504076667037,-0.028723189358326108,-0.005116934096884827,-0.003232545322237573,0.004632942183700075,-0.004996051273114769,0.011166330057858238,0.044239417679218115,-0.32263957753213024,-0.007312899650030386,0.011775780746580046,-0.02198351199591157,-0.041574713157941014
85,2.5145289379486905e-23,6.162502108423044e-24,-2.6998597866190915e-06,-1.8103699360239315e-22,1.570156076950369e-05,1.8586696905132853e-05,-1.1359541913682982e-09,-2.0589568796219668e-08,-2.6204243955774607e-12,-1.167601363278778e-07,6.4741506249414e-09,-2.2523850609505142e-20,-5.154586712145078e-20,-2.8940880984088105e-20,3.6787064931700466e-08,-3.741442274490383e-11,-4.155117816847212e-09,2.9935330906916798e-09,3.14531910665075e-07,-5.863591084960886e-09,-1.226904934284864e-07,-2.278605753838593e-08,2.0733428407220825e-10,3.673890389841137e-08,2.914248444935677e-14,-7.457622426888642e-07,8.879728615876757e-07,5.4944580185594446e-06,1.1286632314430396e-08,-1.764478016205237e-13,3.601316649493406e-06,1.2848909161716662e-07,3.532910126850868e-05,-7.705040559998414e-05,8.673634982729852e-13,-1.2990937147278197e-12,-1.6236082777363266e-07,4.790620080444838e-12,-1.7452680651321797e-07,-1.0653309687195551e-05,1.100308820784227e-06,9.482667061768542e-05,-0.0009132893431469504,-0.004002428534431751,-4.3809187553546326e-07,-2.9554997366791186e-06,0.002056445403605396,5.95572043533716e-07,2.311874954501161e-05,4.344386614391031e-08,0.00018013495679965958,-6.200025742160659e-05,-9.542673879648466e-05,-0.001316233123314972,-0.004814066837639322,-0.10513524491076962,-9.908416644594679e-06,0.386908807702544,0.0020870722277819085,0.0037804579219352166,-4.376623001770886e-05,0.006570724279472058,-0.024251593655809943,-0.4648673169752676,-0.049409285907583894,-0.004009443355303258,0.000156733623446854,0.0006365528954494862,0.004190426369347439,-0.019565397034159927,-0.009123903428897856,0.01975873453076554,0.06106215380934338,0.05258323311235029,-0.023567567603997055,-0.14724933232875428,0.6830666245263322,0.017170661666186852,0.0006906562114594664,0.0013183859782626016,1.5866482911973483e-16,0.021562517963887685,-0.08353518030083365,-0.028073168839215817,0.010687754619769703,0.008577491805497562,0.0029782764389567587,-0.00849640485564523,-0.010811137587913236,0.05293842170295754,-0.331192640920025,-0.0028346648450103965,0.00946020707915686,-0.023096783102385242,-0.04208715579647621
86,-7.07287604702223e-18,8.111804166607263e-18,1.0911822749081823e-11,-1.6269919567339557e-17,1.7441695705695998e-11,-8.16084593536235e-11,-4.453715584582126e-12,-8.698884504695475e-11,-4.1377911374624063e-07,1.3336130961107217e-10,-6.904018400582967e-12,1.8750977962329272e-16,-2.743090381370801e-15,7.401452658055426e-16,0.0033162498695535982,7.32759954563768e-08,-2.3807129867939088e-09,0.00014767611608550635,-0.0038073852220266917,-7.155876228243894e-11,-1.987052298909774e-09,3.6352098377103343e-09,9.379701575440875e-07,-0.00014118329337002962,2.0642786798923572e-11,-2.633311568811162e-09,0.00903916509052851,-7.980066367371173e-08,3.496390190308179e-08,8.270068514785575e-11,1.974932866251416e-08,0.0002667081006612119,8.613677529436323e-07,-5.493140526209994e-06,8.649232020055475e-10,4.3588906622936105e-10,-1.816084534011767e-08,3.2415726573939487e-09,-5.4702972855998525e-05,-1.350103923012781e-06,-4.855330413589449e-09,2.6998544695149887e-05,0.0009261156182110587,-0.0001090480711877305,-0.0005993188121955953,0.00014579107952005082,8.559983948573835e-05,5.4544820209670756e-05,0.003580149508944144,1.951253306130221e-06,-0.0017434962659590408,0.0005107685064670891,0.0005158870232679716,0.0025119692037370287,-0.0006025833160861091,3.349718213440417e-05,0.00016233980906601569,5.3074908080775296e-05,-0.00170600354133577,0.00558625628194416,0.002599273786374036,0.0830863966499743,0.006451269299172379,0.002400153100025163,-0.007428031207875385,-0.03435847752267828,0.0037479002570810958,0.3193955376558337,0.23396827522313413,0.0006598802153351508,0.3487054185532952,-0.03466127447732085,0.12642638774601336,-0.13337692769964563,0.2579953828193033,-0.08777950500417474,-0.010985462724211128,-0.27445974281701546,0.11478337187674216,0.2835863037278914,-9.228541601254968e-16,0.32524359373218653,0.2957586447060696,-0.32101996490698564,-0.0005245714325205308,0.08129660154512379,-0.10688197415726829,-0.07032445750572786,0.15237231400638504,0.2659371055451705,0.0010252387623503139,0.03470685702895908,-0.09382489819873797,-0.10391922439010284,-0.030870806212996805
87,8.174562699199321e-18,2.0037875774951277e-18,-0.0006747841157502093,-1.0256527331564287e-17,0.00022959480474634016,-0.0014959525783816894,3.185023690524638e-07,5.7611545467945754e-06,5.013726096054596e-07,2.0914960552096927e-06,-1.150416671048054e-07,4.028709201606751e-16,3.7480939167210766e-15,-3.2282823099382865e-16,-0.004076624892735086,8.371625083011531e-07,1.1605329914594583e-06,-0.00017439679548003677,-0.0010574538637993787,-9.678960149071793e-07,-1.998652455655408e-05,4.6582588360007655e-07,-1.0461355360390279e-06,-6.850526233917361e-05,2.1205021021100037e-10,0.0002277970298281778,0.003833778238734456,-0.0016982593398821046,8.789090294927593e-06,-1.1342199705722514e-11,-0.00022808964364933777,0.00024764434366169853,-0.005612239859345137,0.02762526913113961,-1.8459745031030287e-09,-2.8679235017735153e-10,7.19662101283624e-05,-9.805784506722116e-09,0.00021521471047339485,0.0014821290095752098,-4.637645493382009e-05,-0.017886833806182424,-0.31756305443875066,0.3637463544719862,-0.0002232148098138286,0.00020273577003185943,0.6036178062722206,-2.7422734134246036e-05,0.01874576245156741,-2.206393818785395e-07,0.13540037305599276,-0.0452879744410348,0.07616169404844111,-0.20646864454270297,-0.05131216715767756,-0.003922599651504444,0.0005365794833328189,0.0008079407560312146,-0.010495795118652432,-0.23715632411536078,0.0013073312500401612,-0.026016501664285412,-0.0011912959646424887,0.02781226645632609,-0.2296034542267972,0.018000938382227178,-4.593669303848341e-05,-0.04147468904769785,-0.0043664609277812355,0.013217328699426673,-0.03253587981088986,-0.0599916772171439,0.0450787002272383,-0.19499943193731753,0.16777737363432293,-0.03729335782451616,0.01727509292912264,-0.04206737080292156,-0.033311677878910304,-0.014454759667237254,-1.1831341793653068e-15,-0.09573914349531372,0.0632667358117372,-0.0507155933016158,-0.041119466582877726,-0.006741796997219018,-0.06817015990518605,0.16098852260681804,-0.01493582187013997,-0.24245246477452018,-0.040188176268864007,0.09555311631104231,0.05697846063733252,-0.1288498315661929,-0.038367450672534456
88,-6.5527461528099074e-18,5.4175126973626015e-18,0.0005440163851618961,-3.75219831560631e-18,0.000626389942984084,-0.001475723543337292,-2.5040064528826027e-07,-4.52506270093294e-06,-4.0339851891454825e-07,5.140808998824689e-06,-2.8638586001713656e-07,6.955096112093872e-17,-2.80819359650336e-15,6.384906705964468e-16,0.0032890728555170926,-9.91910249460469e-08,-8.844809625548699e-07,0.00015035057015958583,-0.0028011811001504433,-4.964755811342344e-07,-1.0629387549265216e-05,9.72763801138349e-07,6.983733977531069e-07,-0.00010664788997378606,-7.786483028058481e-11,-0.0001524259996014266,0.003804588622730042,0.0010874302973925573,5.316417327940838e-07,1.1236484998683401e-10,-7.837180269032164e-05,6.81503897730222e-05,0.0014176647314728128,-0.013312632803570526,1.6069188318527365e-09,7.898519683415436e-10,-2.6702885870277537e-05,1.0609851386720013e-08,-0.00017256854886174905,-0.001608189778699313,-1.65450171879103e-05,0.024406974402715605,0.5564803508577872,0.021011402466201697,-0.0001872147257768036,8.29597805774702e-05,0.402569858255559,5.966904909793149e-05,-0.048325011078541036,-2.7911894079965142e-06,-0.3610533706086759,0.12166259139027415,0.12695159549531687,0.26959509274936994,-0.04911487189425457,0.0015124848250183053,2.3809861929839654e-05,0.0030492205731338633,-0.07599817680381353,-0.013321481953294707,6.993731595734859e-05,0.0015947209797919485,0.0009085636835854078,0.017703532135494946,-0.08253978744411684,-0.08103533090542893,0.00022705645773930165,0.07213483060063146,0.025541357407735474,-0.08017782151060543,0.03654111516159268,0.01507926891379253,-0.26622825145143447,0.14831223083938425,-0.13723954775755365,0.029959786970377513,0.018497592172632037,-0.139847080255287,0.02903414692319278,0.026509354688548845,1.0112375506327742e-15,-0.02059896337286435,0.07478510260433462,-0.05772332043499604,0.03400602074548842,-0.04823122895886588,0.046542956369322985,-0.07092914639952502,0.1524036204194311,-0.2416017306665401,-0.04576592917183286,-0.008494293930515496,0.05861343480843538,-0.11317027503376714,-0.026594883151914026
89,-2.1409333941477704e-18,-8.957825745782852e-18,0.00017676428129084664,-4.088684123548517e-18,-0.001028958160463789,-0.001221719083790225,-8.250792082698151e-08,-1.4928849671178027e-06,-1.3073517123374668e-07,-8.587786264904414e-06,4.768447489556621e-07,-5.74581205619651e-16,-1.2301012113375665e-15,-3.657931252126877e-16,0.001056113798024816,-9.043246681950755e-07,-2.978300663282336e-07,3.397897451927401e-05,0.004631291080388187,-4.5285215517578566e-07,-9.467936329130743e-06,-1.6799404675767476e-06,1.4151004153842234e-06,0.00021251004895409754,3.5686090032779255e-11,-5.665307827367181e-05,0.0031570588969648677,0.0004244059163002649,9.625336433808631e-07,-1.3276698479079063e-10,0.00029436123300701655,0.00018132775048467417,0.002955053904750046,-0.006447052436420679,4.883651987773131e-10,-6.124138264442517e-10,-1.4200918816032887e-05,1.5801008958868008e-09,-5.8050372075596666e-05,-0.0011398109339630508,0.00011491016939342555,0.011193759748512382,-0.13587931443871676,-0.6107008179241209,0.00013364763151835267,-0.00017595651803322583,0.3525985515360867,-0.00021399356214339872,0.009941745827007936,1.1807032940525144e-06,0.08105633567226289,-0.026662832960562693,-0.3710166651030441,0.12824281236691237,0.2017431524955361,0.0007092587178837286,2.709994159687231e-05,-0.0037216634959650573,0.08156992829966081,-0.016789786897754604,-4.198879768395516e-06,-0.004063656424928639,0.00034243025380788396,0.015810851021998033,-0.06875953964492229,-0.027097129140702305,-0.0010580760851063976,0.006799164523101318,-0.0169041214199219,0.045842302893724526,0.015504482279907578,0.09934251574387831,0.2670181007626066,0.12063023863013966,-0.07371497969819796,0.018959713162906223,-0.046195962092370355,0.09328987476319048,0.05405512329067765,-0.05926588213838542,-2.6249767817897174e-16,0.18108622985370415,0.06080318703987398,-0.03703061631029288,0.12003802355202996,0.07562509013948616,0.026477395387688042,-0.10651274668412465,-0.1377654604172035,-0.1977713284386131,-0.03810247359306431,0.020894244018400104,0.03056012263973169,-0.1271597921693369,-0.024618544771290354
90,1.0894724753980266e-23,4.456692982292249e-25,-1.1709185872102123e-06,-1.2680548544959178e-22,3.985884883625693e-07,-2.601198179129184e-06,-4.145629162922014e-05,-0.0007291233141052975,-5.7173423738686795e-11,-0.00026054868535060953,1.4773237086801196e-05,4.767255166488396e-19,-1.2734849581882872e-18,1.4232264384799814e-19,1.155811695623032e-06,-3.011048391297434e-10,-7.475951080683138e-05,2.4615644971041237e-07,6.580801839497699e-07,0.00010344446838058836,0.0020830941072034342,-2.8817797728885487e-05,4.689745529097932e-09,2.9486913285593407e-07,5.650164448281624e-11,-0.006480737600554634,-1.8575538538185344e-05,0.043890982085869376,-0.0003564609661548637,-3.3344905136494783e-12,0.005478273437181465,3.0104147406698178e-05,0.11602537862480833,-0.5417932742166156,-2.796970534984952e-10,-6.303802723849482e-11,-0.0013170263167171826,-2.73876535593313e-09,4.4602835639127045e-05,-0.0044678803303472465,0.00025108024339615695,0.004623377366031041,-0.18435861573709705,0.13493306690090795,-0.0007053642082890552,0.0003381413392375442,0.038955622584391586,-0.00012286460271658555,-0.029456250287272185,-1.5491457648913032e-06,-0.2307554107682216,0.07768622255720739,-0.16893649936209332,0.2220413556269878,0.022320395112834235,-0.0017872918045822308,-0.0011561207287195878,-0.00035693295393556624,0.05875336126068255,0.47846321650037726,-0.003927409799060604,-0.007790274364377672,-0.0008105141565361958,-0.02638504710052338,0.3325171466562259,0.06671387484049246,0.0013843218046352887,-0.0653311108388638,-0.01989705961131497,0.021709140038224422,-0.030266033700235923,-0.03048217920687289,0.017416747089961018,-0.16461105279667607,0.13768574970820152,-0.03632333261248773,0.01833018733588321,-0.038389797933967955,0.004495784084363444,-0.004440759360494439,-2.97032654248201e-16,-0.0362809032108492,0.032597450446599154,-0.010127307215590279,-0.008973932337023878,-0.009121799279126987,-0.10336450064302134,0.17499570176157792,-0.017268981060280776,-0.14819892408583693,-0.020355393889266025,0.033888289425978116,0.08267677360948233,-0.1394290054635264,0.00325155486533885
91,-1.8780702257861456e-34,1.1549357980834833e-36,2.0264810745948118e-17,1.3249013961652188e-33,2.32246065142603e-17,-4.516056240887648e-17,0.005754739340190011,-0.0003715166192904002,1.097706377246921e-15,0.00042931086025943906,0.006623401652549151,1.0431717059434433e-17,-8.10762348257168e-18,-4.190573878107928e-18,3.133034562301184e-11,-1.754164505284681e-14,-4.734429450446568e-06,9.370950100716949e-11,1.1589804836923738e-10,0.016096475024876274,-0.0009232746580649946,4.822169926925592e-06,9.897026302005052e-12,8.6644134620223e-10,-7.524387742797397e-14,-0.027652095725964224,-1.1136184678033e-07,-0.0061491688457431335,1.0044154255217924e-05,-8.461222942041717e-15,-0.03181777496924213,-4.000574755490183e-08,0.006909056495190541,0.0014305582645167745,9.260908781157873e-13,1.1043237269510547e-12,-0.007122197969700884,7.509957187040348e-11,1.2580974522880777e-06,-0.08317271920599903,0.013499525324020916,-0.016256129568212124,-0.0028219129303625797,-0.0008342695338626444,-4.689577250414375e-05,1.447309503302352e-05,-0.001246671457812419,1.0051849095849287e-06,-0.006115172388342011,9.510724914927074e-07,-0.038318679642527345,0.042556164055523836,-0.014009487979179006,-0.15328094435084486,0.32833069813260224,0.002573133962174136,-0.00043022770990292885,0.008391554238440034,-0.6801846181985464,0.1784356991727137,-0.0014901417933826896,-0.015611505485670382,-0.000656083140070295,0.010281882671458272,-0.07016460191652067,-0.28379557141389156,0.00042851727795321855,-0.002015216689437026,-0.04063270335871667,-0.230516255555765,-0.097712365923027,-0.003724819974624897,0.11354475044487107,-0.08633435155886503,0.07994222983666456,-0.021450155481337912,-0.015445393994205588,0.1027397718488492,-0.026526557261072836,-0.03334183357779148,1.2903152809775118e-15,0.013713142593114925,-0.04911903292136728,0.058445887007517766,0.06734815541023799,-0.09622029626584105,0.10731979885114644,-0.07663344206457377,0.16189268021551995,0.1220556040797053,0.03591307917912175,0.255844123757849,0.10660847624311044,-0.12082205894218685,0.0017944418263413566
92,3.136964909750582e-26,1.2356841445400781e-27,-3.3714602504304924e-09,-3.3114829139853088e-25,1.0049150113150368e-09,-1.1092640101763288e-08,-3.565252393563929e-11,-6.656256290164233e-10,-1.3347701837016867e-13,-2.2073906478500713e-10,1.1704969073570082e-11,-3.2142667861069794e-22,-3.1181360104382383e-21,5.239907556907214e-22,2.4942425710901177e-09,-6.209181121196325e-13,-2.7717923180527537e-10,4.285349266232487e-10,1.1280183915975238e-09,1.9668986327827211e-10,4.168680451036915e-09,-1.0695622100293574e-10,6.190564601590905e-12,3.6047440991920746e-10,-7.789469274104544e-15,-1.267102155710692e-07,-2.7532946993242876e-08,1.0421157671862721e-06,-4.424992180710524e-09,3.4997012292023443e-15,1.5070907041994622e-07,-7.96629902191905e-09,4.374080496948428e-06,-2.2786850689036227e-05,4.409009363590915e-13,1.1400438803068357e-13,-6.497903736745168e-08,6.979101156880179e-12,-1.1004790467840272e-07,-2.27168434849256e-06,5.933481521481609e-08,3.0989809930436315e-05,0.0005630833769948898,-0.0005337835883485257,2.176241128456256e-06,-1.292187091766715e-06,-0.00043860184749191947,6.424433301853122e-07,-3.638249958878953e-05,5.568358821355446e-08,-0.00014654592790616693,5.2423613092241406e-05,1.0871620130337707e-05,-0.00361228358442532,0.000979715248743135,-0.6601063044069053,-2.2164642291079867e-07,0.18527970551145168,0.0012866610175966016,0.002011069654440391,5.149774814033195e-05,-0.003529792247038916,0.0198823186670297,0.37810725520067695,0.04651620806915795,6.8726635923665505e-06,-2.198334059144412e-05,0.01719238483953329,0.0015582470179233718,-0.010959055498834278,0.03771183550672968,-0.009953183529914098,-0.0009213528224238264,-0.050694089243721555,0.034361523019851334,0.39169051692895535,-0.09310783588548627,0.006667294309637138,-0.005949495646763165,0.007240770341874054,3.270157912545435e-17,-0.009563521256333968,-0.1140511445662133,-0.035522194048623335,-0.010034123475556503,0.0019679872345052998,-0.0016566309638225986,0.003338167602127611,-0.0009810053959433017,0.08107939571005515,-0.43791307600235085,-0.001410487737232928,0.01158755681787469,-0.023120075657240783,-0.05447421358331582
93,-2.5437568011334453e-26,2.5743501735177603e-28,2.7338959037492e-09,2.3123774252826136e-25,2.957444858934386e-09,-1.0897479447772882e-08,2.853393824656068e-11,5.324237582596312e-10,1.0877622491113772e-13,-5.541348284421619e-10,2.99628622999233e-11,2.684847959330058e-23,2.4200452019479755e-21,-7.921616143905482e-22,-2.0354627732442835e-09,1.9766874724605544e-13,2.1788389223387854e-10,-3.648874809826322e-10,3.2265597552285255e-09,4.4684290169753504e-11,1.0456113789379255e-09,-2.1119672527124655e-10,-4.030786638829913e-12,4.5705076844252846e-10,4.814937296322388e-15,9.285645036883721e-08,-2.7850579139243823e-08,-7.462512706820805e-07,1.0823739986112774e-09,-1.3479260257866726e-14,7.074812140745555e-09,3.470968556938073e-10,-1.9682699340019264e-06,1.4227769186453205e-05,-3.8138955076154127e-13,-2.0834321363412718e-13,3.6367798311804845e-08,-6.794142336871952e-12,9.281010892089733e-08,1.9766666152859585e-06,4.129055425403156e-09,-3.0678226258284196e-05,-0.0007134985174930529,9.257469982955519e-05,-2.1430415233859993e-06,7.458449721658328e-07,-0.00014168057797763598,-2.58177548914697e-07,4.916856463273534e-05,-2.947379263767296e-08,0.00023784075809723021,-8.413272288434127e-05,-1.6463643613703285e-05,0.0029233449604976116,-0.004802941278006474,0.5189724877460109,1.0134390028567174e-05,0.4722269615584048,0.005046321645025365,-0.005326172445646124,1.601993149097083e-06,-0.007074574509387284,0.01895376283260892,0.3661521283052242,0.036896976865694396,0.008050219117016357,-1.7694610585399746e-05,-0.019625911381655863,-0.004472181291142457,0.02187494961940186,-0.033733245470525024,-0.003749491982108455,-0.029509341570590365,0.020453585509125804,-0.020455167313501384,-0.3076858981353251,-0.2386314407599402,0.002638109471890274,-0.004115451816955599,0.008320300234878406,-6.729102636148566e-17,-0.0063994736291284,-0.113762771148841,-0.035678538334583496,-0.006525261784078572,0.0005502110882264241,0.0026314134603773577,-0.0033030971284352083,0.003596612065639408,0.08086349470089295,-0.4377984875662638,-0.00804389041949376,0.01160057292498306,-0.022653023463135975,-0.05458935083987085
94,-8.447277820384451e-27,-1.997552449457681e-27,9.078831563863162e-10,4.553954673171677e-26,-5.25777034909081e-09,-1.018496711227336e-08,9.584732270283666e-12,1.7900249603961194e-10,3.570712838516765e-14,1.015424160454971e-09,-5.462478096640156e-11,3.92725073512945e-22,9.879520325124092e-22,3.3296171311901674e-22,-6.635880588032756e-10,5.675160163273666e-13,7.439311007619194e-11,-9.408904200551662e-11,-5.689647570231397e-09,6.798283455303015e-11,1.4776586678298788e-09,4.1009665612065163e-10,-5.794280778904597e-12,-1.0736225349503107e-09,-7.146604172765612e-16,3.411013588562959e-08,-2.5676008050355222e-08,-2.837338129892661e-07,1.549918793531075e-10,1.3362378199743101e-14,-1.7576011435049956e-07,-5.792764011964117e-09,-2.2106163112167066e-06,6.2578120580187465e-06,-1.1151128977845218e-13,1.1600693120393474e-13,1.688663491028861e-08,-1.0968933753122976e-12,2.8318278787747323e-08,1.1767675032591153e-06,-1.0524598742337754e-07,-1.2558449025033253e-05,9.3742555812043e-05,0.0006496248484183358,-1.049971743099485e-07,7.166975871824024e-07,-0.00019234350407488815,-2.745485742991132e-07,-4.480570187144896e-06,-2.5136050303173825e-08,-4.368113256520595e-05,1.4749154970154021e-05,2.4003933045552083e-05,0.001021437737213168,0.004624095488735668,0.16678032899031292,8.384519731269372e-06,-0.7332262391246589,-0.00706681007058272,-0.004152511750210981,1.1848847519679734e-05,-0.004766851647597223,0.014158138284478953,0.2726033230744004,0.027155453449221146,0.0029053500343594082,0.00017270806935282558,-0.002138028608972482,0.0025647557684119835,-0.01000823279717377,-0.007813599352895257,0.00725886682707765,0.025674299226398693,0.026083157996395514,-0.012067865458402546,-0.0976189378831783,0.3645657736381712,0.012762516155288369,-0.0030763878139302226,0.00585183287018594,6.88828291238974e-17,0.00674536515760223,-0.11382420250902897,-0.035139082343094846,-2.6649989132260935e-06,0.004616407476510131,0.0018027365481210124,-0.0040505465528078224,-0.003989053329740296,0.08257728013519132,-0.43601184319855124,-0.005665174839097818,0.010807853776504539,-0.023043875246527987,-0.05421348756994505
