,0,1,2,3,4,5,6,7,8,9,10,11,12,13,14,15,16,17,18,19,20,21,22,23,24,25,26,27,28,29,30,31,32,33,34,35,36,37,38,39,40,41,42,43,44,45,46,47,48,49,50,51,52,53,54,55,56,57,58,59,60,61,62,63,64,65,66,67,68,69,70,71,72,73,74,75,76,77,78,79,80,81,82,83,84,85,86,87,88,89,90,91,92,93,94
0,-1.4950365107692409e-16,-5.58000271433463e-17,3.4038843260749426e-16,2.7639025387767836e-16,-4.2769216982808266e-17,-8.624879250817292e-17,-4.5147529036158214e-17,2.0664247873581408e-16,-3.250312103508974e-12,-4.1723643614791307e-16,-3.495889483794728e-18,-0.30585595415521905,0.07558526586681627,-0.0039021538972027242,1.522092663961486e-11,4.894018606121373e-14,3.94829565850997e-18,-1.3757638906814668e-16,2.301638916902469e-10,4.388644534517997e-17,-4.2555928078607595e-11,-5.41493484865768e-14,-2.1975770855775032e-16,8.994225154454534e-14,-3.7898273961139404e-17,-7.33584943126219e-12,-1.3403085668825093e-10,-1.026139517769896e-15,2.539689569916607e-15,5.418509974258036e-14,-0.09094717370365661,0.20810101988663976,-1.1328393090053123e-15,-3.550495630429165e-14,-1.1966275302141549e-13,-0.6983597691370377,0.10551532276214792,5.1480474157615624e-12,-2.7051013939258485e-13,4.307119221211892e-07,0.10983478174769404,-2.4191155168942807e-14,-1.1897992026068165e-12,-4.9225661965522614e-08,7.001010131459236e-06,-7.519100443008111e-08,0.000199478277519142,0.006737293520380417,0.0001106444683889543,1.9982679980705326e-08,-2.210715256687774e-09,-8.004120031999113e-10,-3.247268009713273e-05,1.6189542465003944e-06,3.28833975857955e-08,1.1113249286396203e-08,5.3808749488568275e-09,-1.4967154282007946e-07,-5.218205224221445e-07,0.06686978561693657,-0.012404488073031607,-6.537567397718411e-06,3.95001796532342e-05,-9.815886510867694e-09,0.0011987781393796872,0.011479401977821175,-0.0014693869271194088,-0.00013288627639836297,0.00018930844363464956,-0.00029116062290799455,0.006759135968680176,0.0031664515676510007,1.7371534883988298e-05,-0.0022217167125795547,0.0003059368798290904,-0.0008333244813259174,0.0024749805807284786,0.0031463005743195384,-0.0035829396951847737,0.00014021687384228873,0.001758599022226125,0.0020331366030632595,-0.0008890548725365182,0.0009021793434117035,0.5773502691896263,0.0008829572308244287,-0.0004505022150192615,0.0003311196542992525,-0.001653372204971822,-7.069187675219688e-05,-2.8225794170840647e-05,7.241998499559491e-05,-1.1958024296403544e-05,-0.00032286076875087796,5.571973151258504e-05
1,-2.1535916025971404e-17,-3.204943216094466e-17,-3.6153305210494605e-17,-1.3523406253308523e-16,-1.0778795443134791e-16,-1.7221793355779684e-16,4.5078289867841686e-17,1.2293748644699318e-16,8.905989087932016e-13,2.4835995964305835e-16,3.9852526727179625e-16,0.0897345087457198,-0.3102491836535939,-0.019060491225749633,5.74158605547527e-11,-1.4195483541447532e-14,3.844655913846819e-16,-2.402753444781162e-16,2.1998497959386867e-10,2.72408438687922e-16,1.1676686391416756e-11,9.508084543354069e-14,-1.1174696268528614e-16,-7.856065177064757e-14,-2.352222499602645e-17,-5.1243993301229666e-11,-6.999729069622504e-11,3.8692477182085507e-16,-1.1311740298026647e-15,-2.0224954183858217e-14,-0.0015290585014874722,-0.08481318249908783,6.970192095033211e-17,-5.832220882947658e-15,2.3640803203778358e-14,0.22211076463172214,-0.5089846240765997,-1.8334086260189205e-12,9.313128166695676e-14,4.42720744180953e-05,-0.49370058469001915,5.6217442978497815e-14,6.80781229510702e-13,3.0466012572542114e-08,-4.307302809430979e-06,5.0050726892979463e-08,-0.00011598973340990729,-0.0043800774049928964,-8.127982606210815e-05,-1.0542852480069004e-08,1.3403144264947758e-09,4.2078612130939577e-10,8.665383250231024e-06,-1.0588664297945769e-06,-4.152954589964024e-08,1.524152243353384e-08,-1.0266171046996449e-08,-5.811351325174656e-08,1.249576925075774e-07,-0.022339202532117176,-0.00852246790757483,4.778741992740502e-06,-1.8783435144133535e-05,-3.2338697759354586e-09,-0.0010553480083971376,-0.044663510895718427,0.0016131454853683625,0.0014167911966340245,-0.0009261692467489543,0.0009840705364950965,0.0001384718242679879,-0.004939687077367342,-8.495051449403557e-05,-0.0027405898929770954,0.0008552676036385729,0.0006492718573380131,-0.00028656146481695143,-0.0006025657449761926,-0.0009081290753877715,-0.002127346961192188,-0.0017972407307093393,-0.0029199792439396255,0.001259034588185921,0.0010180970713574227,0.5773502691896238,-0.00017556290508437036,-5.8417554850195066e-05,-0.0005051574558114108,0.0021506657892734083,0.00015591746338994243,0.002894002688763882,0.0013176332421013252,-0.00011478145137394514,0.0006978798964877625,-0.00017896778600408062
2,-1.3225222846202184e-16,2.5159802163618626e-16,-1.946652787193888e-16,2.1966604626530126e-16,1.3221290794155585e-16,3.8006040417321104e-16,-5.6029520726150085e-16,1.0096787378539788e-16,2.35940778350115e-12,1.155438176529713e-16,-5.195811765129768e-16,0.2161214454094987,0.23466391778677803,0.022962645122951965,-7.263878305775479e-11,-3.549105159358392e-14,-8.536202336351218e-17,2.940500111178686e-16,-4.5015064272920266e-10,-3.301803133032021e-16,3.087728724554318e-11,-4.1054365522348107e-14,4.667934460520034e-16,-1.1073668905157815e-14,5.745635323407478e-17,5.858010293957114e-11,2.0402780675042102e-10,1.0925489593138127e-17,-1.4342093272434695e-15,-3.4700668027487624e-14,0.09247623220513906,-0.12328783738755594,1.369668225572859e-15,4.1114363357037207e-14,9.595678294676399e-14,0.4762490045053167,0.40346930131444214,-3.3143579378085307e-12,1.7704816646089473e-13,-4.4702786340830605e-05,0.38386580294233513,-3.1734811284807324e-14,5.092518083972948e-13,1.8759648368489373e-08,-2.693707318859316e-06,2.5140278134307296e-08,-8.348854410186088e-05,-0.0023572161153689025,-2.9364642324878797e-05,-9.439827132461696e-09,8.704006561819938e-10,3.796258398190662e-10,2.3807296844758756e-05,-5.600878172151465e-07,8.646147658391241e-09,-2.635477045454134e-08,4.8852967157026085e-09,2.0778505509766834e-07,3.968628303035355e-07,-0.044530583084767414,0.020926955980620696,1.7588254048489227e-06,-2.071674451271465e-05,1.304975644642043e-08,-0.00014343013098197055,0.03318410891790314,-0.0001437585582478195,-0.0012839049202355987,0.000736860803114299,-0.0006929099135866704,-0.0068976077929603094,0.0017732355097114987,6.757897960975925e-05,0.004962306605561743,-0.001161204483467834,0.00018405262399072102,-0.0021884191159284474,-0.002543734829387114,0.004491068770623768,0.00198713008734967,3.8641708456566894e-05,0.0008868426408505273,-0.0003699797156389698,-0.0019202764147768685,0.5773502691896271,-0.000707394325725879,0.0005089197698688505,0.00017403780152061427,-0.0004972935842861283,-8.522558663744518e-05,-0.0028657768945930277,-0.0013900532270990653,0.0001267394756740543,-0.0003750191278046986,0.00012324805448824251
3,5.103618794176226e-16,1.2571860698977335e-16,-4.160748049204858e-16,2.8157282605724247e-16,-5.629887842466168e-16,-2.9558276392350765e-16,5.414934587232469e-18,2.601808759088977e-16,1.1283127367051717e-11,1.481436346810487e-15,-1.1486393679696864e-15,0.7041130398081735,0.17719037376126873,0.602378146561724,6.93999951913108e-11,-1.3158082074697609e-13,3.4792738394318315e-16,7.341001001394098e-17,-2.299064069400653e-09,1.1367483019115638e-16,-9.017941189068841e-13,1.4282118147394397e-12,-1.5847102233601557e-16,-1.6394518870199587e-12,9.081471769143898e-17,-1.4656583932405878e-10,-7.216693965472642e-10,-4.919787085087199e-16,-6.812549949819024e-15,-2.9955828992475617e-14,-0.06457931911544207,-0.0013237858085693114,-1.1578817633599553e-15,-3.421843018470218e-14,-3.7053117646635984e-14,-0.3001199375762931,-0.05867479820903611,5.413366771429043e-13,-3.6784610973122933e-14,8.849773261257943e-06,-0.08257253668148039,-1.3290712340648187e-14,-3.745251188660705e-13,-1.685072150679334e-08,2.421475078438353e-06,-2.5836091264928963e-08,6.604327983109897e-05,0.0022267715571630082,3.992199045965733e-05,8.747474310058837e-09,-7.880005698152147e-10,-2.785748029603783e-10,-3.967080964244668e-05,5.531636022525177e-07,7.315069292333678e-09,3.3138201677302126e-08,6.140018603395366e-09,-1.5101502818947627e-07,-6.759714871005035e-07,0.06886533895633226,0.014266251169847172,-1.433657009285295e-05,5.945990964530489e-05,-6.043890472736955e-09,0.0007229053322796781,-0.017357959287933458,-0.0017879908364371389,0.0004757193440425221,-0.00012823115315447277,-2.1388169664116485e-05,0.009740253618789826,0.004803501618998386,1.8628699260197084e-05,-0.0035948350070947777,0.000627316940406873,-0.000864316030852086,0.0037536193100231444,0.005372277451666354,-0.0038028946243178685,-0.0004828846218025121,0.0014804714648260823,-0.0001816528941828008,8.882701311830134e-05,0.0007098497437019256,8.374296077894957e-17,0.0009180086199368121,-0.0005538027008377299,6.086832231092867e-05,-0.0029134954766662953,-0.00012614034005934788,0.0020385377558734805,0.0010361045041982267,0.00018071285522388487,-0.00018696515279183757,-0.0005044524827117402
4,-2.5904757559861742e-17,-4.363337259858984e-16,3.5250939293131265e-16,-1.509268860514247e-16,2.6196047018087667e-16,-6.215859791119486e-16,-2.0692905900987456e-16,1.8055339622150897e-17,-1.2341525356806935e-11,-8.575111064188069e-16,-1.6880351591231426e-15,-0.558709808553548,0.4791483785047933,0.5889409785217106,1.378569129366286e-10,1.1401066850637296e-13,-5.293502391824413e-16,3.2259707125346156e-16,-1.4217239299442702e-09,5.666439835477022e-17,-1.1190640190034726e-10,1.2577030502464024e-12,1.87493212636913e-17,-1.4264319883900216e-12,-6.2351817857671e-17,-1.5623826725976822e-10,-8.471485639400715e-10,-5.606409286871376e-16,-3.730856677481918e-15,-7.335497862251586e-15,-0.05349132425742355,-0.051260859322876155,-1.2663994087739038e-15,-3.488676073095266e-14,-2.7623042270728093e-14,0.23233218975793865,-0.12690509105329734,-9.647748405202369e-13,4.982859352040398e-14,8.569002259742725e-06,-0.17607689352469164,4.836617577711041e-15,7.325680573855947e-13,3.6545617498259953e-08,-5.623808216069979e-06,5.921834504521356e-08,-0.00018629421243859185,-0.006618868251105327,-0.00010143210271535726,-1.4913728709856398e-08,1.8020335482747977e-09,6.943507353849043e-10,4.270292556059812e-06,-1.571527864739887e-06,-3.804963023553838e-08,1.688559297335951e-08,-2.020447517206844e-09,8.753186866073785e-08,1.6691208481547022e-07,-0.04563043384179938,0.03519800593954597,-3.321022741110281e-06,-5.64995088491489e-06,1.014161089980614e-08,-0.0013760119589139787,-0.03763239448582953,0.000840963024145304,0.0007123594660772324,-0.0004655811967144134,0.000497718562871047,-0.002547664943135694,-0.0009283776206517651,-1.2720484741803167e-05,0.00047313780515477157,6.645929037182215e-05,0.0006691768106750222,-0.0008541903958155787,-0.000542986332149181,0.002940966666576859,-0.0007427577964409224,-0.0018365383476645265,-0.004035027587043355,0.001774047334899233,-0.0009759507008494074,-8.573934097394369e-16,-0.0007653008830681614,0.00030710595613113174,-0.000572046342785665,0.0001792201224465953,2.0327716858162686e-06,0.002090792359489733,0.0008992908408492499,0.00020357433305312792,0.00042893434658177414,-0.0006107916669028981
5,8.322272199534364e-17,-6.090312900804e-16,1.540792213762852e-16,-2.0161426914455964e-16,1.420210649874039e-16,3.680405233951775e-17,3.131066291465346e-16,3.017863824650278e-16,-5.8698958272711006e-12,-4.807675977919564e-16,-1.3531394604104246e-16,-0.1882125650272636,-0.7602760436361292,0.5233056831763385,3.960957383523052e-10,4.3157946708841594e-14,1.2005921917060869e-15,-1.0739287536255656e-16,-5.831864108527609e-10,-7.144060459596858e-17,-8.144704374242609e-11,1.5572352921480994e-12,1.5245529836000137e-16,-1.6130473552868457e-12,7.570735566167912e-17,-2.2380937314742392e-10,-9.126785684360995e-10,-8.504434955817424e-16,-5.622123416300558e-15,-1.6357878003681263e-14,-0.0533049062290979,-0.030908618225032443,-1.4794570348672198e-15,-3.514401427374102e-14,-2.998987342484804e-14,0.06298774244230185,0.2022240727958492,-4.289249847911891e-13,1.9918099039884457e-14,-2.0290924826647393e-05,0.24421943619901545,-3.706570057489038e-14,9.923846519376701e-14,3.4983511481940492e-09,-6.740265846393607e-07,2.6020467281878386e-09,-3.956867007687461e-05,-0.000868103950910905,2.4071246211764828e-06,-2.4300890286968943e-09,2.3174522412348065e-10,1.8287219990330402e-10,-7.4554562852622445e-06,-1.8188731600690403e-07,1.924296992419765e-08,-5.404422833286818e-09,1.3548906155857173e-08,1.801533379328753e-07,-3.49289344253283e-08,-0.007380808334348312,0.04957910794261104,-1.1373017543013553e-05,2.5311600508839576e-05,1.5473967166147845e-08,0.0004717763100629734,0.04125041309556357,-0.0020451964844003944,-0.0018106222198878941,0.00118486412804678,-0.0012567688251610338,-0.0027994028143166335,0.008013394961112492,0.00014058371823825222,0.005491169632088131,-0.001501456871274541,-0.0005256203754656706,-0.0003206828971488521,0.0005898791536256282,0.004650260442010341,0.00319999455006945,0.0015533561443519038,0.0014991672650088528,-0.0006124765337209779,-0.0028783534858644977,7.115875109283786e-16,-0.0004305998395804379,0.000418741763932301,0.0003935307766004097,-0.0038437080572608687,-0.00028066486453781576,-0.0032668943879725675,-0.001589942356472629,0.0004230147306066282,-0.0009023636013748666,-0.0002692378251481658
6,1.0750304321791574e-16,-2.329309499383511e-16,-2.0955897219962993e-16,-5.253111790170673e-16,-2.1293222861240832e-16,1.5810895672382024e-16,-3.1634866820497467e-16,2.2471212925941066e-17,-8.500738025255915e-11,-5.518916668992869e-18,-3.053814568897542e-16,-0.06693948307715525,-0.006211627022634026,-0.06785992325421235,-3.027655047661318e-10,2.928968685459705e-13,4.814463173275745e-17,-1.1114891985222369e-16,9.049159193533752e-10,-1.0836230667359155e-16,1.59682181695138e-10,6.189869788964048e-13,-1.7284471008384579e-16,-3.7092867998124485e-12,6.726034449738941e-16,-4.3836470068598137e-10,-2.931717535887745e-09,-6.688219581106199e-16,-4.657372618551145e-14,-3.803378409890994e-13,-0.07036914823733835,-0.7213939064371176,-2.1272365326304067e-15,-6.935276258299244e-14,2.0118568886170421e-13,-0.12721702317054387,0.22407974442914022,-1.4023963936723096e-11,6.760449431928464e-13,-2.897641715638681e-05,-0.1789500412886646,-1.390280282936446e-13,2.615888851709541e-13,-9.239317435149074e-09,1.6619601680468107e-06,-2.25705656255694e-08,1.4172014739698946e-05,0.001271032302365159,6.895550840170387e-05,2.0114884984988923e-08,-7.374634660924906e-10,-1.032144407954587e-10,-0.00028490153626437877,4.992784847839805e-07,-2.6442533832684007e-10,2.8168215691418165e-07,5.628856058112917e-08,-9.521781860726418e-07,-5.348900174138867e-06,0.514128168922825,0.21587279785515323,-0.00013618683494541462,0.0005093413594599181,-2.266168276583774e-08,0.004222325965488694,-0.19972975878014823,-0.015599668764769588,0.004619179165988327,-0.0013828502171418574,6.305852167848367e-05,0.08294325773381038,0.04564010750490915,0.00021191002617120748,-0.02966876847611588,0.005208037719082379,-0.006999273978210517,0.033148940944534744,0.04938073435393525,-0.02866081351254484,-0.004424643576495395,0.011261934534532492,-0.008080736328924466,0.003654000902326906,0.0037710243183566665,3.0843132391872216e-15,0.007181316957942662,-0.004552029627547159,-0.0002677026490742609,-0.028265236900652437,-0.0012701413081627672,0.02106253948835845,0.010646892928505155,0.002201067308121448,-0.0013451132867660011,-0.00589490083024673
7,-6.597386517908787e-17,4.5822415077774556e-17,1.5234625859618806e-16,-2.999765413109121e-17,4.8251185516740825e-17,-2.994290992513707e-16,1.6881931450727097e-16,-2.95023502462728e-16,9.037323859959934e-11,4.57401547005011e-16,-1.415431817051778e-16,0.05723238876464458,-0.02632471346064126,-0.06950713791837128,-2.9823107606980405e-10,-2.511437056535473e-13,1.1259969756208688e-16,-2.083611411294539e-16,1.4899082866263707e-09,4.949521228154013e-16,-2.873721609279612e-10,1.7410035461356638e-13,2.7608959930669458e-17,-2.589274445776375e-12,1.0093207940175433e-17,-4.542084422682357e-10,-4.238427098507031e-09,-4.698552525013691e-15,-9.88137378100105e-15,1.149306175906545e-13,-0.5445012505929916,0.24195760106820863,-1.0083851017687538e-14,-2.836550362971306e-13,-4.802772578579115e-13,0.08022283163603001,0.3904812979718098,7.35904745128164e-12,-3.8069459296927786e-13,-3.518609368621071e-05,-0.3324460569647644,-1.3601438768794014e-13,2.7759706676811087e-12,1.8427607233571928e-07,-3.13437361127645e-05,3.1686103275266287e-07,-0.001211861346905995,-0.04459139221422691,-0.0006396652914085301,-8.22696248781491e-08,1.0292716993193993e-08,4.294881737962529e-09,-4.915369801291813e-05,-1.0517561158790714e-05,-2.669868577426159e-07,1.9624935080305799e-07,-2.30519069426497e-09,5.051296563329165e-07,2.559133244324402e-07,-0.29862889085965477,0.34131989160433,-5.4529362205445086e-05,5.4724230053155216e-05,7.967412648141882e-08,-0.01172100245928604,-0.393608863688659,0.0054414292021562095,0.008008098499260253,-0.004923897951457995,0.004991763468705787,-0.0070463712245320215,-0.0029562371550648334,-0.00012861563628433428,-0.0032941378478375826,0.0021962170923098575,0.005208720796635499,-0.0018864797844910742,0.003503481764746589,0.020820152250405,-0.009207958919165279,-0.016312840821356134,-0.04105036723474619,0.01804593310459727,-0.007321634614771207,-3.2982108724044763e-15,-0.005909223056546083,0.0019559971133621488,-0.0057936591386903965,-0.0017303630941408377,-0.00011567693687496265,0.025035526282470036,0.011316967268207469,0.002156600643426632,0.004360182151800646,-0.006838819947937636
8,1.3665799862948856e-16,1.5022353270830174e-16,2.0062120804974883e-16,-1.173691933189047e-17,-2.3128955335370772e-17,5.938469596566017e-17,-3.2649290763704326e-16,4.4074025212336496e-16,4.092752288050555e-11,1.831231446730903e-16,-2.681704360603283e-16,0.020846866925090666,0.05651696292715932,-0.07545123667704097,-6.849535882502094e-10,-9.59956624894356e-14,-9.686353322108102e-17,-8.510403135062704e-17,1.4152599598170514e-09,-6.647217016624696e-16,-1.61881835758462e-10,1.2272617405332898e-12,7.615977925049562e-17,-3.3775252128835542e-12,4.936513024763084e-16,-1.2266225390105265e-09,-4.9048828775383975e-09,-3.3420649774570477e-15,-2.88644506023127e-14,-6.821698744094697e-14,-0.5594704866117054,-0.15606096245537393,-1.255419471075093e-14,-3.342119299536363e-13,-3.4589821511898847e-13,0.018264513996471256,-0.3902656398637923,-3.6387900044247997e-13,-1.2202172554612009e-14,3.215847183439609e-05,0.3661876381055156,-1.0847986969076898e-13,9.48527692044839e-13,3.505272512712489e-08,-5.930528235564059e-06,3.6679722012601454e-08,-0.00030367606814561503,-0.00692212257750205,3.312852701399894e-06,-1.6618961726958088e-08,1.937992647571056e-09,1.347842636610473e-09,-8.446884784296819e-05,-1.4522355777435819e-06,1.3885888053416254e-07,-2.0305422489262808e-08,1.1388731396306956e-07,1.4532848742763992e-06,-6.238233796074003e-07,-0.028919385103945823,0.4378715784948051,-0.00010568298530342992,0.0002467946467426101,1.3097487092640888e-07,0.005122335815356413,0.39541128090487704,-0.020037116478486078,-0.017158296827011664,0.01128032738675478,-0.012010450508666344,-0.02331898733063056,0.0775155669696586,0.0013406646127641984,0.05161624836352258,-0.01430224059343761,-0.005576125489753898,-0.002001528615013458,0.006883973068877022,0.04317580488785247,0.03126459990682362,0.016548978632789747,0.017225664771815145,-0.007114522422085541,-0.02732069797419469,1.5821544918634266e-15,-0.0036566412600855646,0.003883347114767882,0.004271500903150574,-0.037985806794840926,-0.0026937206078757095,-0.032361260331518156,-0.016007645147284866,0.00408009880516556,-0.00921793324810465,-0.00233420740531629
9,4.650352503114389e-16,3.769755417428978e-15,-5.245124521561621e-16,1.3411623444438827e-16,-8.786312390480103e-17,4.74554647338821e-16,-1.9991959947395733e-16,-3.4112541011133857e-16,9.971536550691232e-10,2.9629970220070643e-16,-3.1932409557338304e-16,0.008578878150216547,-0.00011846815031747268,0.010281260749099184,1.886660430145913e-09,-2.398854777374199e-12,1.114060504683863e-16,2.0112750099927827e-16,-4.458193051810585e-09,4.234215116711833e-16,-7.938853139626205e-10,-3.7405895920072156e-12,-2.133286791820606e-17,1.7803009973084498e-11,-3.8759596972252677e-16,1.02944827812945e-09,7.350909602906071e-09,2.3569989796288212e-15,1.0498919214190736e-13,6.711566005257875e-13,0.06599260534366609,0.5330556021873983,3.023284090807642e-15,6.776128710769209e-14,-2.0385868932295479e-13,0.2030567105662482,-0.15600156293477616,9.128657766299661e-12,-4.1278340547000017e-13,1.2936185468699658e-05,0.14997531806706604,2.005736957831732e-14,1.3141687682877865e-13,-5.7095072939151995e-09,1.2985235727887241e-06,-1.8060306316030966e-08,2.5372622677178777e-05,0.0019359309798676128,7.018341938646493e-05,1.0577543055407582e-08,-5.358234959453977e-10,-7.380495339198937e-11,-0.0002121968777844625,6.077344620225796e-07,2.3831306724954848e-08,2.4407854199812197e-07,6.36384466559005e-08,-9.710288645329472e-07,-6.106844180765374e-06,0.6621129994424348,0.28441130154302935,-0.00017328476366430785,0.0006156033069302998,-2.1499934325934694e-08,0.005888146876823037,-0.2611898730831334,-0.022410697109826988,0.005973826776470406,-0.0016312740408374554,-0.00022491334849944703,0.1197547499813629,0.0672275578559494,0.0003320187485249239,-0.04272677797721098,0.007440706612490382,-0.010447064907014454,0.050260306768961316,0.07641889656321453,-0.043834019927383464,-0.006298867403425872,0.01747575206421819,-0.013028090755000672,0.005891574401570467,0.005408694073751451,1.061650229372041e-14,0.011305478312500465,-0.00721574746921724,-0.00048659086010070167,-0.04368126468178407,-0.0018870006923509249,0.031334449295597276,0.016609612565956132,0.0035505630157694557,-0.002118697260103876,-0.009463831953254417
10,-5.327888223675465e-16,4.137434206677868e-15,-4.923870045854497e-16,1.3474757096023728e-17,-1.8617825920793286e-17,1.8407868120191342e-16,-4.115434596379055e-17,-7.76179937288324e-17,-9.871728025800083e-10,2.552854610345063e-18,4.3289717010307494e-16,-0.007841440450373811,0.0017118420953004345,0.011133258683636682,1.3512835269214066e-09,1.9039791259116084e-12,3.202934382779447e-16,-1.3054703254955216e-16,-8.522866465598597e-09,-1.7404252933021403e-16,1.4017534904941663e-09,-3.575469661712958e-13,-2.6928486163761817e-16,1.193977771178076e-11,1.1272127051897895e-16,6.364878421379631e-10,9.73552675942272e-09,1.0013785576254373e-14,2.1295652274408947e-14,-1.884628786656314e-13,0.4142871632822694,-0.16624305573823495,1.1075073051137478e-14,2.536399390801259e-13,4.1678834132935715e-13,-0.14880145888804,-0.26504017132538005,-4.095991255481133e-12,1.9348151391593473e-13,2.5511817842532097e-05,0.2882424307967895,7.81834827054769e-15,-4.6791942046205015e-14,4.3903790046049416e-08,-1.103820125787353e-05,9.570873779624885e-08,-0.0006799126881528536,-0.027733274755422106,-0.00034037543490133686,-3.498613693775628e-08,4.031804182138551e-09,2.1217099455010516e-09,-3.6433480562496916e-05,-6.504334441331014e-06,-1.6378414468278884e-07,1.5412885822144748e-07,1.0917646698392436e-08,7.073180298853759e-07,3.1941168107060436e-07,-0.3847071972160857,0.4471725985431476,-7.269235097599751e-05,7.670648831515996e-05,1.0382963566849416e-07,-0.01538257550179075,-0.5163092571048227,0.006866091815303833,0.010381710346405443,-0.006371403388756618,0.006449127309785612,-0.010622200827278532,-0.0018284916018920482,-0.000139944398821653,-0.0037448203370269045,0.0029285176015310193,0.007573181603574719,-0.002658559737824526,0.005911927957521484,0.032322976045687575,-0.01337950367281269,-0.025234067927113572,-0.06465331150526911,0.028431536025311743,-0.011462415169544845,1.0757672781019605e-15,-0.009319653523305977,0.003061857130335401,-0.009291198212819266,-0.0032603231274178123,-0.000246992335296075,0.037152617882330694,0.017735213329212487,0.003466291603924827,0.006954705525585729,-0.010977486907090795
11,-1.8451382415909044e-16,3.956473533996282e-15,-2.2687079373010226e-15,-8.717284049110374e-17,-3.2379336041998954e-17,7.407382869875933e-17,-3.334224075660153e-16,-2.651580435856556e-16,-4.1230514700927147e-10,9.781380107844042e-17,-1.2466037238140466e-17,-0.0030752919443270584,-0.006100005271450028,0.013253803534221668,4.93715604847982e-09,6.911621253569597e-13,2.011223932683157e-16,1.733099865878396e-16,-7.075570727970847e-09,6.566395594754679e-16,6.981039961872226e-10,-8.482957662217355e-12,2.0493288761302474e-16,1.317089557384979e-11,-7.187627767308783e-16,3.968726983232157e-09,1.03197777325141e-08,8.829542070052815e-15,5.4099469091472334e-14,1.0098987623090647e-13,0.42733221530237936,0.12424792756617482,1.657127657579192e-14,3.3444544844200855e-13,2.776896921407973e-13,-0.040971860642473594,0.23849535112541762,7.525328954926298e-13,-1.9790490822316367e-14,-2.0287099055138604e-05,-0.3419237226919584,-2.4751206942937174e-14,8.955849588925506e-13,5.607069325666549e-08,-9.461555637771838e-06,8.900786541490543e-08,-0.0004064616072789427,-0.012602316390477387,-0.0001234132724990931,-2.2978171542191372e-08,3.0722391061327244e-09,1.525517417734313e-09,-9.302469508075755e-05,-2.846432047138242e-06,5.0432211741729046e-08,3.4338325361775535e-08,1.0982762828612307e-07,1.5411233001449745e-06,-9.505461524316212e-07,-0.03593120352301197,0.5678452119362817,-0.00013823797558102602,0.0003142896288630772,1.5701141735110152e-07,0.006375075033867819,0.5137973404688031,-0.02812053769993178,-0.02327206092747626,0.015379534044057737,-0.016438176296255488,-0.03234360025974311,0.11170169645873919,0.0019057919367734032,0.07511494283290923,-0.02089119771730982,-0.00826245421386567,-0.0027090139510409033,0.01104747168083169,0.06692358902539032,0.04682199382318943,0.025809885214070055,0.027049836374536732,-0.011174088387888493,-0.04181500080882269,5.479283777865066e-16,-0.005787791870159035,0.006198516898198639,0.00686700680235842,-0.058488321211607984,-0.0038944074068336487,-0.04790425225506263,-0.024942904246565867,0.0065314041811758644,-0.014722136050924291,-0.0037171416150521635
12,-6.000453519064378e-12,-2.171923195795629e-11,4.774108989332289e-12,4.224640813103649e-17,-1.8994054806340674e-16,2.365070975497688e-16,1.1507820428869706e-16,-1.5886743920829427e-17,-2.2898914403154174e-07,3.04775160093895e-16,5.923764387763405e-17,-5.254224122407123e-05,4.679431240265497e-06,-7.38264232798915e-05,-2.2013230902847054e-07,4.0246178442849504e-10,2.7207771940305893e-17,-2.2424396343415705e-16,5.981044534823696e-07,4.467096187589779e-16,7.851880406155246e-08,3.203525553885234e-10,2.2000611006747947e-16,-1.6641981571001064e-09,3.6653127033094544e-15,-3.05286358120011e-08,-3.624095878610322e-07,-1.375866669503004e-13,-4.610388893508535e-12,-2.2322085164821235e-11,-0.001708871195849175,-0.012403599873727904,1.0296629638645493e-14,-1.5162880721497129e-13,2.7649673451693223e-12,-0.006904787979809413,0.0035577516625636707,4.136122816457043e-11,-2.8756580003144203e-12,0.0001840920669270785,-0.0036552976679066537,2.2108411387336237e-12,-3.1316755840972364e-12,2.5663099092628175e-07,-3.721093418949865e-05,5.144835218018321e-07,-7.434418788397807e-05,-0.005255722963024839,-0.0009330825461257385,-3.803473128848921e-07,1.4886413818031965e-08,1.9552729325903463e-09,0.004380809550646687,-4.3722636378531195e-06,3.8786514081505893e-07,-3.6663064924913424e-06,-3.876766525129544e-07,8.449818382724172e-06,3.0062933383059365e-05,-0.19291523912130215,-0.0795887016738318,0.00019202144965086,-0.0017976851664759138,2.2786357041456065e-07,0.018516955399063333,0.07477412572059777,-0.083212872379777,-0.0035359512713686795,0.00775966416536963,-0.013121955516511583,0.4758738870764687,0.3090302409250716,0.0022136317393525555,-0.16724128959491577,0.026631768926911676,-0.056116222842165074,0.2956480797627508,0.5088940134422961,-0.28386174303033884,-0.020370833319538734,0.12326968144089745,-0.09479792995842204,0.043019784163723734,0.02456945935505504,2.012370978206872e-14,0.08591963940333716,-0.05633093477613897,-0.004518436849119846,-0.2852147070080366,-0.009171712599554729,0.15389823812829093,0.11369286524493098,0.0285342938035831,-0.016445999853112285,-0.07458921638274882
13,6.061676884159161e-12,-2.417488518934958e-11,7.264222379095674e-13,1.7315067683051378e-16,-2.3848090712882696e-16,-3.6561951387368447e-16,2.859917254589121e-16,-1.0533921848086039e-16,2.1277070232435305e-07,3.107679701436706e-16,5.2128727568490214e-17,5.3691855847164444e-05,-3.4137214345446694e-06,-8.949675071814448e-05,-6.833388649717671e-08,-2.9528093600544426e-10,3.292052670593875e-16,3.293154551877182e-16,1.106207553306982e-06,-3.3164097623428093e-16,-1.3366137402107468e-07,-1.7157552040703735e-10,-7.189816180828924e-18,-1.1009668839962114e-09,9.06063610596039e-16,2.8077840146188017e-08,-4.453115811860666e-07,-4.85105868614296e-13,-9.106433414995947e-13,5.545995139681265e-12,-0.012148595236932302,0.0046719848835120705,-1.0682448082475325e-13,-1.0343403859154148e-12,-2.4294961962173276e-12,0.008135896153201481,0.008513973847389477,-4.0192943252001755e-11,2.7299200942248816e-12,-1.4546366588488843e-05,-0.011791044714381839,2.18930753238331e-12,-4.6226459518783326e-11,-3.3899314001638487e-06,0.0005785692904006808,-5.855373407250987e-06,0.0210339499732254,0.7452568725493608,0.01125527914788372,1.5053775302353376e-06,-1.8913430599995487e-07,-7.694544656799484e-08,0.0007698019338938507,0.00017618478454984996,4.553278413421319e-06,-2.8931434328493977e-06,3.315855086599135e-07,1.2433777165659454e-06,9.113746433720414e-07,0.018971888179024045,-0.015945465344239674,-9.898934554330308e-06,1.0111471975126073e-05,-1.7983657338716032e-08,-0.00398055364385152,0.027926789201009692,-0.006973524451544566,-0.0070325917665844135,0.004401202090398675,-0.004482175202408728,-0.09024915569939373,0.07809378696708565,0.0012594764069700276,0.041460628403652264,-0.0016641462751032909,0.03319410066538962,-0.019508195856939435,0.04159334061527747,0.23250228104532708,-0.0498873463733644,-0.168763359954998,-0.4686522439246016,0.20649292680535564,-0.0849734951227367,-2.8054003534599237e-14,-0.07171686025269455,0.023671388148747412,-0.07433746016398654,-0.03815616538641224,-0.003853118996771343,0.17256859011388018,0.12076991179668355,0.027868930473095525,0.05405540763009455,-0.08695927490284366
14,2.5833800814390367e-12,-1.8558623823970452e-11,1.673266748601331e-11,7.091760412571489e-17,-1.1019247452579553e-16,-1.6724478371505056e-16,1.3575415447423966e-17,-1.1364530108287303e-16,8.183100155729784e-08,3.1610701145446365e-18,8.667271961729484e-18,2.1385720105640044e-05,3.3572302227796036e-05,-0.00010501917630694546,-7.792746992413483e-07,-1.0465371761380682e-10,-4.7781925860136616e-17,4.892476603991205e-17,7.145475619487748e-07,-1.0048817941594816e-16,-5.374994209261213e-08,1.0665946679863074e-09,8.480584605112069e-16,-8.753639385661137e-10,1.3053686911486203e-15,-2.7300761963581546e-07,-3.8333819715297554e-07,-3.891516979579898e-13,-1.5996310519335936e-12,-1.8325942974085595e-12,-0.01015224419092069,-0.0030215794651734717,-4.020147726261233e-13,-3.791191477487631e-12,-4.806086001707806e-13,0.0016186403506904105,-0.004782152292576644,-1.0514362112727345e-11,6.483581798717663e-13,3.675235867182952e-05,0.009106049016786542,2.549064406658917e-12,-2.715172234803121e-11,-7.824430000347732e-07,0.00010028229220801623,-6.785585438370571e-07,0.0032127151156564108,0.018588834198705224,-0.0012256903627349016,2.4615966615291484e-07,-2.938297394965904e-08,-1.9278647791785263e-08,0.000866264852479871,1.60300588146573e-06,-2.9127287894886963e-06,1.33088513356512e-06,-1.204816943227595e-06,-1.1585995587114674e-05,-3.352634668796879e-06,0.0034668873500415614,-0.15180461321496616,4.543421989319978e-06,-0.0003662946029788438,-4.883564746370653e-07,-0.013997107011180539,-0.16868354319333884,-0.07539723837472895,-0.032110907712745045,0.02429356640127836,-0.028385793065385807,-0.07722372288367578,0.41716274866509645,0.0061273329956083745,0.31207836542783035,-0.08954072361636037,-0.039057858611080284,-0.004482814143264872,0.0866754689944169,0.44919659751572627,0.24587519647612283,0.17528688982457466,0.1889405031359119,-0.07799910290411245,-0.25791842343448795,3.0124341166959006e-14,-0.04454647584317816,0.049092597746339464,0.05507621690698235,-0.37202706472243735,-0.01508478598102176,-0.2280326755607249,-0.17013040224845646,0.05217189591457734,-0.11513082985998326,-0.029433261323418253
15,-4.75291680962651e-15,3.0903570943205486e-14,-7.860404884938769e-16,9.889426968492991e-20,4.209901976111339e-17,-1.2389749122843909e-16,1.7351700913401614e-16,1.5126097538191053e-16,-6.7419953330413865e-09,-1.9970264343804083e-16,1.5754089070897196e-16,-2.6298240209862683e-06,1.7118332129770707e-07,4.975586991458041e-06,3.145599040223923e-09,1.2525024855643979e-11,-9.608709613480578e-17,-1.7343417245256833e-17,-5.733828371858647e-08,2.0459598199842717e-16,8.894911039003721e-09,1.0144621431817924e-11,-1.9434183128678612e-16,7.79206659760074e-11,8.914437163223727e-17,-2.6857484170508734e-09,4.894243233960803e-08,5.152602801545784e-14,1.0844549273850628e-13,-7.616281498223148e-13,0.002271737375048966,-0.0009478123818734694,1.6176594082861193e-14,1.7699151730939037e-13,4.38164549415866e-13,-0.0026440235345090136,-0.00244122905657926,8.47411697063069e-12,-5.86076700735867e-13,4.1932343446225125e-06,0.004269040257648119,-6.97887629575502e-13,1.8627868186715772e-11,1.7522988095928944e-06,-0.0003391096881383391,3.3083297386545848e-06,-0.016235706824526748,-0.6621230878182014,-0.008997070449946468,-9.513661602935225e-07,1.162717513718392e-07,5.2313275740119196e-08,-0.000783174919254102,-0.00015625983257707495,-5.119674301617807e-06,4.858172647645845e-06,-8.214011426960939e-07,-9.572609372185628e-06,-1.6949433024693607e-05,0.06544313299636842,-0.07892495499044656,-5.121890262292387e-05,0.0001593424919325357,-2.7472030713708933e-07,-0.009323217223338436,0.05804676757472571,-0.012394816317909113,-0.013196468791443946,0.008191120209367306,-0.008293930441803406,-0.13575616481715938,0.1225572427611203,0.002039670116045904,0.058314048667080835,-0.0023147330626422406,0.0446381499092926,-0.023790398419726244,0.047002135429700366,0.2604983822988637,-0.06312772576500915,-0.1861627349422445,-0.4991685768608209,0.21974521939485578,-0.1006534384159537,-6.487137574137569e-14,-0.07329821171153961,0.023800761224758632,-0.07462662049701764,-0.0448274608481045,-0.005949826527032445,0.2204051483169713,0.13167444489026703,0.02794027785939038,0.0550107861908407,-0.08823086264346597
16,6.851827135018961e-08,1.5632030453247803e-07,-2.586233116591954e-08,-1.6642832822426886e-16,-2.0958958032616082e-16,8.423351704308333e-17,-5.678200103419035e-19,1.3232433140148743e-16,6.640272126988116e-05,2.8667890734816095e-16,-1.186869947603942e-16,2.7713617639155824e-07,-4.172846370157456e-08,4.580523292055545e-07,2.9015561338004175e-05,-8.830763917186218e-08,-1.748024758225355e-16,-2.065489285998249e-15,-0.00011178259895148027,-6.315269923677611e-14,-1.0913077835347488e-05,-3.10522956709416e-08,-2.2760465953481788e-14,2.2732551945407608e-07,-4.732875560863564e-13,-1.9900807202611254e-07,3.2077062127146396e-05,1.2266127386708992e-11,3.826348319349296e-10,1.6199647967291727e-09,3.5312214471021614e-05,0.00024973067627130223,-3.3063553931167997e-12,-1.2774645443345401e-11,-1.5514990447151585e-10,0.00020663686271105456,-6.868705156058924e-05,-2.0514922831904995e-09,1.3999236445068534e-10,-0.007040454296525161,6.633578608011439e-05,-7.376189113330547e-11,6.77458529725658e-11,-5.278518739197263e-06,0.0006590528455959564,-8.893558767499824e-06,0.0009174584906891033,0.0026183771405930176,0.01091988982944939,7.882527893290923e-06,-2.6982887329821866e-07,-4.4813747523605224e-08,-0.06908046185368678,4.899631202866588e-05,-1.0784753707670127e-05,4.594663529853771e-05,2.9199399202169503e-06,-7.572418556868438e-05,-0.0002134716422250491,0.045672512990035774,0.018948009085282706,-0.0007837178976628012,0.010574323055726744,-1.7261082548159972e-06,-0.06824440130156495,-0.016934848169198984,0.15803906178138025,-0.007654543083873936,-0.007548322667495346,0.019056095430269603,-0.572674984535763,-0.355043155287246,-0.002023875338348612,0.21173901495081723,-0.046048000701488616,0.0009916520657732636,0.0844707112941729,0.45782413382887605,-0.26022580603153644,0.07340583726360717,0.17706755173546893,-0.07855658440480653,0.03739629503318257,-0.009897040603408597,4.504906411783176e-14,0.15417155678703423,-0.10873533640613078,-0.00810469726247314,-0.2130421989991703,0.0096193047882872,-0.1295335556823922,0.10625955748761315,0.05628550737977512,-0.0337421957739042,-0.13690986872344765
17,-6.526775321213407e-08,1.7285109796200547e-07,2.0789302244660837e-08,6.320114077199902e-17,7.708274285011482e-17,7.369170208959152e-17,2.2122916152847433e-17,-1.0002732112650005e-16,-5.6106915310950244e-05,-1.8401987476152055e-16,1.2323285508235246e-16,-2.990093522565491e-07,-1.3732989548060072e-08,5.850448487849508e-07,-1.6697901170342562e-05,5.6764895426239475e-08,5.912443661703965e-17,1.6592493294102638e-15,-0.00019093156620539562,4.141048225420644e-14,1.71331840835003e-05,6.22240332567532e-08,4.7199502945525297e-14,1.4464695772949748e-07,-1.5369994969518774e-13,-8.782625362289163e-06,3.4114950017831146e-05,3.7491006777357356e-11,7.524605363508105e-11,-2.815815403245497e-10,0.00023955298579272425,-8.810764660668373e-05,5.372707230935452e-13,5.691043040137193e-12,1.0550561365247673e-10,-0.0002414821004597413,-0.00018055805459043145,1.452135900918912e-09,-9.684922182053046e-11,0.0001338763521063933,0.0002888917765123841,-4.2812186622284595e-11,6.83630049045934e-10,3.5677042776014946e-05,-0.004618180214961256,5.315685483693897e-05,-0.04933803086510459,-0.03947821913394727,-0.03012418244097993,-9.069394605106817e-06,1.3226569831218336e-06,3.430961387952999e-07,-0.000896909910430513,-2.2492913151886436e-05,9.341673157163313e-06,-2.9421879578980704e-05,4.636824150278289e-06,6.33153964816443e-05,0.0001410212862121959,-0.00785068185588344,0.009303157359495379,0.00045234141345008866,-0.0011201211785931942,1.521995800530543e-06,0.06203946581273914,0.012059284942834385,0.022579329639236135,0.038729611161791744,-0.021678816134880874,0.020045872686856387,0.4084362129413647,-0.33806308673527197,-0.005701024008752837,0.020558270698514045,-0.051551144353770846,-0.14644703205083076,-0.0016819543428415913,-0.042150187167381704,0.05544439656238756,0.2516919817733412,0.02147721292329303,-0.31751990683466497,0.144378494465465,0.03537841323423308,-5.05259556428488e-14,-0.1166854890027806,0.046252612715267725,-0.14344476275907836,-0.03552965292347659,0.01831265567723372,-0.6480357805814877,-0.00475902194709864,0.05530800115393357,0.08544725452001749,-0.15014673281865473
18,-2.586172612843943e-08,9.284838880186651e-08,-1.5204840819309695e-07,1.7291357728710956e-17,-7.228316151194974e-17,-8.44970064081224e-17,1.4747898334241576e-17,-2.653508511636045e-17,-2.1140159305961063e-05,-3.018285947873418e-16,-6.837979964377655e-17,-1.3038495581523237e-07,-1.6657476440975175e-07,7.129557224358726e-07,0.00017003317702563362,2.213815082949978e-08,3.6516373057253315e-17,4.911154679076561e-16,-9.12775479618616e-05,1.5776029781419292e-14,5.946418951303278e-06,-1.9150056924446047e-07,-1.5184219366690207e-13,7.646961595043562e-08,-1.0195727028141562e-13,3.136574655328265e-05,2.6843303289571253e-05,3.014020388292445e-11,9.065518213030012e-11,4.138791996593288e-11,0.00021541601744407127,6.0216157662342695e-05,2.881576068813661e-11,2.4172500164699106e-10,2.3101671813595772e-11,-6.952708251586668e-05,6.625746630197284e-05,4.696398417208509e-10,-2.8303617114103846e-11,-0.0008241431547536761,-0.00018684102471777257,-8.005017768506716e-11,6.994020152357006e-10,1.2832052124057622e-05,-0.0013503920165970405,5.023338401986191e-06,-0.04592200135107214,-0.008792369774045563,0.0334458292955375,-4.0656410592128e-06,3.7833646683930645e-07,3.2511671831213545e-07,-0.006735553021186168,4.6469673954417446e-05,4.8202198637329015e-05,-1.8478293840824145e-05,1.2555262559428613e-05,9.742783408359152e-05,2.852487219889612e-05,0.0036058369083540537,0.03092469408673228,0.0001930661254805101,0.0009410879474887783,3.0829379499741705e-06,0.03986057452224715,0.058450156241660854,0.1528732538243492,0.09048414747642514,-0.06501106138731877,0.07326756576774202,0.14876080940490666,-0.5185068417895226,-0.009585060818360101,-0.32991982060418135,0.09428938172744972,0.05269091784650926,0.04111539500196481,0.15161804121680147,0.46252568036411507,-0.10498298175355648,0.12378550765700565,0.13090648891702733,-0.051941784209325055,-0.14650264345910977,4.4057827503295615e-14,-0.08248001056002432,0.0947217203265376,0.10604651840797505,-0.23120693654544697,0.016201717892700775,0.2747426386675122,-0.13939550950832533,0.10268114231571351,-0.2045395174665759,-0.06041265390056375
19,-0.0006194034648918389,-0.0009170844156174311,5.2183352332721915e-05,-7.36501293781149e-18,3.218326362956609e-17,-1.0347439168040263e-16,1.3126033169238876e-16,-3.105493297363346e-15,-0.01526078325389941,1.5636648214161076e-16,3.0281559861913857e-15,-1.971602138054953e-09,4.1428079099013824e-10,-3.873492957403185e-09,-0.0014758629033848668,1.5412634685171892e-05,2.8609591470013243e-14,4.1336758780133447e-13,0.017182996104395408,1.1091761284062497e-11,0.001183988948811567,6.424355202642227e-07,2.8741897459925383e-13,-2.516659349814868e-05,5.2218518055529706e-11,0.000361805449575867,-0.002300535133534785,-8.944965241129815e-10,-2.5516417795078112e-08,-9.402478229771297e-08,-1.325292340433984e-06,-9.270820319917985e-06,3.5109402747635336e-10,1.9194320916098253e-09,6.900510895092267e-09,-9.027132302570202e-06,2.2206243434487622e-05,8.021610072832423e-08,-5.379947419650448e-09,0.21507021286660027,-1.6546948432146077e-06,1.9425845622853765e-09,-1.0175129571069893e-09,7.448726421801965e-05,-0.007679241473047739,9.16327269540992e-05,-0.033552337691287244,0.0009627473465343368,-0.061183064528873406,-0.00013019909231803988,3.523363490375491e-06,8.914348001979514e-07,0.8701437152558908,-0.0005683380949442839,0.00019317186017618835,-0.0004507319847364412,-1.4189342424163867e-05,0.0005348442568321225,0.00118875401115602,0.0009388398302283282,0.0012233048113585194,0.0030182355818572544,-0.05125264050167235,1.010735777125159e-05,0.14962486023313634,-0.0038887960025409734,-0.11354345549209145,0.03918996751173675,-0.012364250626712335,0.0016949476650663419,-0.02000070812952992,-0.008993684953386693,-0.0013586326257326252,-0.022647254008382786,0.022261359671427658,0.07705137981195424,-0.1903317420557533,0.037081648247346465,0.007406702924346179,-0.01551386147706451,0.10248529389222692,-0.01017111518299336,0.007626392733505666,-0.047544133367645756,4.1360428497366203e-14,0.18026817261456132,-0.14296879226114675,-0.009348088157514225,0.05683598295704907,0.00030283992098184884,-0.014816109916112423,0.02390901940042022,0.07620406435660379,-0.046734851038876875,-0.16796786825722637
20,0.000558717471254575,-0.0010304989970044104,-0.0003613125248077546,1.0955763826562808e-16,-1.7935986755055774e-16,-1.3022260331167557e-16,-1.9041060438750585e-16,2.4501735487912437e-15,0.012096938888260099,-3.939807568678041e-16,-4.099918457742134e-15,2.2908234827846112e-09,3.176099326596499e-10,-5.201373357863521e-09,0.008661149731147297,-8.887221191552435e-06,-2.2643034530243256e-14,-3.345746503268866e-13,0.028830477424783674,-6.5867852915021415e-12,-0.001901371215512937,-1.3800162814782091e-05,-1.0783303737586201e-11,-1.7278164168528787e-05,2.0024835570465845e-11,0.0013477760608733029,-0.0024361358323579216,-2.6363422722457933e-09,-6.22225999049606e-09,1.0893701646742025e-08,-8.224218417183873e-06,2.9616364133066217e-06,3.255402547183229e-10,2.339956874597661e-09,-4.4767746959247015e-09,1.70599810572868e-05,9.191274962281807e-06,-5.267802386386253e-08,3.475582307807911e-09,0.007710805691423545,-1.856224119947348e-05,9.84191407107657e-10,-1.3976881443836159e-08,-0.0006979330173234375,0.08389307347225146,-0.001034990916713079,0.6291394955275035,-0.026608278915118414,0.5804765110135511,0.000140689812052591,-2.314314229528265e-05,-4.742719268726016e-06,0.06936008345885973,0.00029612600767296016,2.7278172689688536e-05,0.00023491250550968458,-1.844119304824332e-05,-0.00023535353744242855,-0.0007556806019050105,0.0007800411539652873,0.00025832295751205755,-0.0014835647840616812,0.0020528261620946587,-3.1398456657316064e-06,-0.11112599339147068,0.002326513234857562,0.03272295559794011,-0.0009426050508991208,-0.007571054484500495,0.013884645745077771,-0.10445941287592592,0.09172076789293895,0.000900803495361843,-0.2300930455197248,0.07475494944512505,0.03434003948180455,0.01785626436141405,-0.07179127617096345,-0.03702798168480019,0.02115368081031944,0.164776385148004,-0.019393493905857345,0.015791511832921764,0.05053576121859785,-2.909818327123463e-14,-0.13476469835721944,0.0628016645802376,-0.18897562192782158,-0.027103650821785858,-0.008765838581644423,-0.053942644399731336,-0.1250292343020512,0.07527727966753853,0.09019083695030533,-0.17953705022483482
21,0.0002046274777077645,-0.00027453307983925227,0.001148310425555162,-4.297566871202081e-17,-2.487651126758459e-17,-1.6307891370882106e-17,-9.985955160245031e-17,7.689145765829572e-16,0.004369904194947572,-1.449942953269134e-17,5.94319363154491e-15,1.0702545115188557e-09,1.1704670536994254e-09,-6.5302662001048824e-09,-0.03084729337898096,-3.890573035693147e-06,-8.131761333593985e-15,-1.2079893357176528e-13,0.0068506899673786235,-2.803371038894326e-12,-0.00046601833960945786,2.8557300602938196e-05,2.2856883651189852e-11,-2.9862801677899775e-06,2.8640517988196673e-12,-0.0029940152182869576,-0.0013335226131356646,-1.7712379271602936e-09,-2.7108440664967493e-09,4.416487440538101e-09,-7.761909372691648e-06,-2.1730673529771967e-06,-1.7207981736912079e-09,-1.2862764193420154e-08,-9.063184135196025e-10,6.197965606740966e-06,-8.674058288496833e-07,-1.7230975897270315e-08,1.0138334963149851e-09,0.003856252043260724,9.045772669447137e-06,1.9972982669877846e-09,-1.4410116723439035e-08,-0.0001278675929046465,0.008761600298881272,0.00010864250903547189,0.5883441488599028,-0.007116673627853115,-0.6322226971902782,5.667248723440753e-05,-2.421990647359314e-06,-4.63159968201409e-06,-0.017854391679396245,-0.000705912987689065,-0.000633795995386703,0.00018862743864310033,-0.00010512136057796023,-0.0006605639071982075,-0.0001360084157061949,0.000352532491332829,0.0003222760726564935,-0.0008499970825524386,0.0011752541752684585,-1.6403115455675255e-05,-0.07772031879161788,-0.004183879331725521,-0.1366042051618774,-0.1289894543652974,0.08919550387835995,-0.09730516026288444,-0.01578692754736187,-0.031638745755326575,0.0036285005055766138,-0.004399112640484717,-0.009022635727155158,-0.04393450975022461,0.028589642149467225,0.09442411790640882,0.04788072881664197,-0.10683858739756966,0.003669984680737313,-0.018886918088919586,0.011513310714517253,0.13673411066859595,5.0384817627967024e-14,-0.09758951275295578,0.12419635468723257,0.13879404538836787,0.1287657725126572,0.007601063208942416,-0.0598284184316504,-0.011904335450046433,0.1387362681794995,-0.23939930330333536,-0.0824892995398236
22,0.5186909683643146,0.47159368851307853,-0.0318805993853641,-8.527603543328724e-17,-1.6687903157280143e-16,-2.1997000639846133e-16,-3.791386389807087e-15,9.703275372290771e-14,0.309343213898863,-2.965203257295744e-15,-6.958808909455324e-14,-1.2808824919143137e-10,-1.4591630294188458e-10,-6.545722217013493e-10,0.020065867690382648,-0.0002314108635460912,-5.590009877051293e-13,-7.856002214326083e-12,-0.20964957509191723,-1.6826869153531666e-10,-0.011108487204882654,-6.524926505713066e-06,-2.8506770361490925e-12,0.00022143010484196836,-4.6331531869211743e-10,-0.0023386056242693577,0.012616614080423147,5.136803990859518e-09,1.2863278399296446e-07,4.032464944189949e-07,2.0314413847258385e-07,1.7303835835040897e-06,-1.3602068185164639e-09,-6.5154165755000174e-09,-2.1660315175242452e-08,-5.7356788312962955e-06,-3.4998808177918806e-05,-2.0962426127061495e-07,1.3758879191704673e-08,-0.38185452928776936,-7.547988478596381e-07,-3.009324022251948e-09,1.0921563169141895e-09,-5.425260828669853e-05,0.004328572670189548,-5.342914586402443e-05,0.013354456276303108,-0.0005150480630701586,0.010064245621198373,6.886109246904589e-05,-1.8695593004535398e-06,-4.2355661601677985e-07,-0.11742690434279264,0.00012249531676173086,-2.0096655499376474e-05,-5.4918891936363226e-05,-4.505164641521449e-06,0.00022683949509608381,0.0005813184449673213,-0.003569523523694807,-0.00114539332819459,0.001982102718045334,-0.029023703791698333,5.566921546411023e-06,0.1238023253125696,-0.00211601902165042,-0.11621990420516431,0.0326755016240489,-0.008758617793538469,-0.001623822415393351,0.03442980397045365,0.025790307628682358,-0.0009806963395204507,-0.037433211748569076,0.02451699716717628,0.07490450627727455,-0.20684436464285771,-0.0016106037630038933,0.028866432596381043,-0.021465228682530653,0.09518506236800435,-0.0069701161041924265,0.006321395822655554,-0.04734012221577808,4.419602306419332e-14,0.19318975176696512,-0.1558364369870133,-0.009628516540944853,0.08283014501317901,-0.0005284455912392195,-0.008991335119134396,0.018484866396444574,0.08363598623553911,-0.05109482696987809,-0.18147705570476
23,-0.4433878318935104,0.5021882936186733,0.2092797815503898,1.0307904172999372e-16,-9.40649076829714e-17,1.836091800882688e-16,2.9572013497723854e-15,-7.867517945827442e-14,-0.23230980199943782,3.964386105540432e-15,9.5290554323147e-14,-2.4740166865877e-10,-2.7477151605538217e-10,-1.0169852990070685e-09,-0.11375417626523279,0.00012636497200529267,4.2517642725699367e-13,6.027448687980106e-12,-0.3333121136898982,9.463268744999948e-11,0.01690961500484303,0.00013951452229746004,1.1037036501872135e-10,0.0001441752147740225,-1.6864204954082657e-10,-0.008199286535348464,0.012660336950867608,1.4338870424400688e-08,2.983056911988569e-08,-4.380099462399984e-08,6.209131898410034e-07,-2.349756752869605e-07,-1.2118119088102967e-09,-7.615168036765408e-09,1.329795896907132e-08,-2.6818269370070584e-06,-2.306636497299292e-06,1.3009620783314779e-07,-8.401762513668367e-09,-0.014008155645190796,2.8553386502282866e-06,-1.431671779643924e-09,1.4720225054161789e-08,0.0005055973746892166,-0.048901719781857284,0.0006483281408767032,-0.1958252806794625,0.009322199946238984,-0.18499558453491025,-6.977232473433213e-05,1.2331368115042317e-05,1.9914939431145973e-06,-0.014107948837626423,-7.464874274801582e-05,-1.4471908151046757e-05,3.219112401851021e-05,-6.2331571781312894e-06,-0.00011245701375292336,-0.0003540991048915298,0.0013140278217006589,-0.0009981080441730716,-0.0009542935940002344,0.0014410986863749174,-2.1009792323389978e-06,-0.09028837662376284,-0.00021664242934945463,0.021961303881621208,-0.007553940182999086,-0.0019449219867171217,0.007070159469918748,-0.13153085004669307,0.11363428215992205,0.0014434653246276137,-0.20685640600336952,0.07132797320288248,0.04238379955190618,0.01884517785717184,-0.06918269984115279,-0.05042069325983626,0.00023654789422754359,0.16816048267142064,0.002810261227918116,0.006047399418193284,0.052276728079723736,-3.481137752378419e-14,-0.13704701152779294,0.06561429308951418,-0.19490368147351886,-0.020039488300603106,-0.009293876752148617,-0.0045793309158277335,-0.12815888165677258,0.07852043317964655,0.09063464300253737,-0.1835362459379871
24,-0.16338325833601033,0.13458471803532,-0.6691557875824081,1.167460825369231e-16,-1.1363949732590922e-16,1.7132980499558473e-17,9.735741917128712e-16,-2.8305776979656307e-14,-0.08441687706649592,-5.920394978117639e-15,-1.2894793530092673e-13,5.6810089939742575e-12,8.22868701377144e-11,-4.906451395395993e-10,0.40606595017551145,5.569992544539495e-05,1.5390632520678634e-13,2.1869941210066355e-12,-0.07910838923147398,4.055052558858511e-11,0.004152553070382012,-0.0002897774272455649,-2.347951494477017e-10,2.458909158135665e-05,-2.35112388108528e-11,0.018242298134474647,0.006921923852325482,9.660736274050469e-09,1.2740665248803817e-08,-1.8656659133263965e-08,5.803116446885737e-07,1.79730904675634e-07,6.298179958917481e-09,4.0981417300608716e-08,2.701807734423421e-09,-9.606431250835287e-07,-2.7832061550789046e-07,4.283521628639347e-08,-2.465732040600143e-09,-0.004658142905559892,-1.3943143261248523e-06,-2.9398936115669014e-09,1.5279885678557533e-08,8.241741677795393e-05,-0.0037785277619682696,-8.547305109463276e-05,-0.18374236249423337,0.0025406887986256068,0.20110594768888526,-2.7656313377738158e-05,9.347556255993247e-07,1.9683151230755246e-06,0.011394808541114394,0.00015927556819248645,4.9396402428124976e-05,2.127030614154837e-05,-2.503052630388762e-05,-0.00026919200671285897,-6.578194294214445e-05,-0.00027352929970899385,-0.0026140195790397267,-0.0005252651858225362,0.00010271417034873819,-8.733212759327897e-06,-0.06218863157650346,-0.008094172430692433,-0.12786673133833115,-0.11235208802014099,0.07814218660091861,-0.08565907455591242,-0.030022231584515988,0.02405391546748897,0.004030070402110656,0.017222661026358672,-0.013597377897442727,-0.042377016788734234,0.023174917653816456,0.08138409157406203,0.012441652557511895,-0.09965971842103881,-0.004633436767535151,-0.02568115390975009,0.014301461519132072,0.14963243632757314,4.9253814710010995e-14,-0.09982893867476611,0.12903453438629703,0.14360905715056704,0.15137151175297078,0.004896523765625517,-0.07028917289498816,-0.0036354982365035225,0.14512004521994418,-0.24517391250503714,-0.08614449789109431
25,-0.5266724323948533,-0.4785139416944506,0.03235775344182794,-1.756032050292282e-16,-1.105013526776892e-16,-1.4352377372662677e-16,-3.4124652736487945e-15,8.93481596028684e-14,0.29356483520405,-2.790342933386616e-15,-6.556235912166912e-14,-1.1648061928754201e-10,-1.3966768753398542e-10,-6.040488766972391e-10,0.01901308641557023,-0.00022210969677468107,-5.314893982900311e-13,-7.481817644513323e-12,-0.19851291358839182,-1.6146556874218161e-10,-0.010904427767348054,-6.648479226391876e-06,-3.0136584411894887e-12,0.00021437212077790187,-4.493220401517457e-10,-0.0022818577798591234,0.012343064766162027,4.9736625528555064e-09,1.2649386972847734e-07,3.980461598889269e-07,2.1146922687996498e-07,1.7417795485617388e-06,-1.3464357671810943e-09,-6.4624889715234486e-09,-2.148506310609101e-08,-5.687501696776598e-06,-3.485171986353091e-05,-2.0826324943201163e-07,1.3671424418510492e-08,-0.38012830552659443,-7.3677238173494e-07,-2.996980628408963e-09,1.0869964097458423e-09,-5.4099222263146485e-05,0.004302329030846057,-5.3160973616584326e-05,0.012904095874725621,-0.0004981478257967775,0.009990947250561027,6.90168431760005e-05,-1.8640701231831374e-06,-4.2181283242061654e-07,-0.12002425831726767,0.00012402734721857946,-2.0539877752889013e-05,-5.372915641439203e-05,-4.4228461259508815e-06,0.000225614270240485,0.0005785781285638015,-0.003577681874397274,-0.0011515356824299602,0.0019761317343965413,-0.02889468474738443,5.545996159634088e-06,0.1236018113564282,-0.002109957241366673,-0.11610038251827647,0.032626713082827934,-0.008741353400293469,-0.0016295256294005232,0.03456745885474706,0.025880520764714834,-0.0009785851707890569,-0.0373953865447473,0.024490962007987685,0.0748448012021085,-0.20677697202291165,-0.001727791998384196,0.02890429864911743,-0.021479869398346133,0.09511392186515631,-0.006942464850635683,0.0063080376029332735,-0.047318687923797946,4.3881032081139653e-14,0.19318050251017668,-0.15583868155509623,-0.009628120051646668,0.0828751125570574,-0.0005301909614551902,-0.008929414670873215,0.018467580401669535,0.08364165216239425,-0.05109612147137822,-0.18147227410597214
26,0.45015326383243465,-0.5094503277388882,-0.2123748148547227,7.502748064343127e-17,-1.0124513386046249e-16,1.872698014006719e-16,2.7771265284059334e-15,-7.269174011663168e-14,-0.22150470482974163,3.85576373308325e-15,8.914910902874978e-14,-2.420782247585996e-10,-2.6329704658667534e-10,-9.535040590306814e-10,-0.10856397760034653,0.00012270644846263816,4.0587496462245554e-13,5.762011293569148e-12,-0.318220375315542,9.180824082424603e-11,0.016469006395211157,0.0001345791631562311,1.0639667635358672e-10,0.0001386411434776286,-1.6079901205140307e-10,-0.008013975460683075,0.012388926881100734,1.4054656161447258e-08,2.8885700673074934e-08,-4.4446915921261095e-08,6.430111506491748e-07,-2.400992249066562e-07,-1.1925331326804158e-09,-7.516122212414484e-09,1.3219205293994287e-08,-2.7121997466622537e-06,-2.289091813392911e-06,1.2948701186174084e-07,-8.363917230694093e-09,-0.013552264796437343,2.9080899034765772e-06,-1.424843116704021e-09,1.470777833014761e-08,0.0005065000288015442,-0.049067843648757395,0.0006501887065591213,-0.19764105459856987,0.009401762462291106,-0.1867075673019708,-7.004767012118497e-05,1.2381455407212128e-05,2.0033586862006295e-06,-0.014924148438922535,-7.524438036924062e-05,-1.4719107106555247e-05,3.171734289662849e-05,-6.166803397137158e-06,-0.000112134310820317,-0.00035265001181911766,0.0013119499670642912,-0.0010017769989493727,-0.0009523773732132666,0.0014661859189985479,-2.0996460681636307e-06,-0.0901594395529235,-0.00022318882563685135,0.02192783061408343,-0.007584597893040875,-0.0019168623513426335,0.007035472512793032,-0.13148811290998255,0.11362994452489071,0.0014445741509651268,-0.20663817869265758,0.07126538398040781,0.04237031613604791,0.018856717786764433,-0.06917823932400913,-0.05043743992729541,0.0001623749497173793,0.16811271451603088,0.0028891251958020414,0.006011166264791132,0.05226789162289771,-3.471519150841137e-14,-0.13704163550635678,0.06561775685125316,-0.19490849655429326,-0.019999099571645904,-0.009288305206338799,-0.004401668939849842,-0.12814383803022114,0.0785264498197356,0.09062620053023143,-0.18353052601129433
27,0.16587874837308933,-0.13653427117145878,0.6790659884399686,1.0203273251386218e-16,-9.602038603161406e-17,-6.996264550517563e-17,7.389930885463908e-16,-2.6181608949221957e-14,-0.08048715117551042,-5.3167704954594426e-15,-1.1879394986835679e-13,2.582572431865065e-12,7.503149716881796e-11,-4.479419979845849e-10,0.3875213202143505,5.3858155146022065e-05,1.47006661062474e-13,2.090652434309896e-12,-0.07552278199520272,3.919681614597201e-11,0.004056639424335804,-0.0002795812046798711,-2.2643838590418052e-10,2.3478240020028332e-05,-2.1925152714378915e-11,0.01786469032297793,0.006785948411146063,9.477548811699352e-09,1.2388388436388667e-08,-1.8813142148421944e-08,6.007885970550789e-07,1.8656335437005648e-07,6.2232493776841856e-09,4.056344724143163e-08,2.6931091657953907e-09,-9.716033860677952e-07,-2.619893332825533e-07,4.2642196824655265e-08,-2.4559862801076215e-09,-0.004513814890952556,-1.418754611157155e-06,-2.929642963932017e-09,1.526585415587781e-08,8.259286034291937e-05,-0.0037958722077504905,-8.565814506216424e-05,-0.18543369333633072,0.002560657603013941,0.2030086135745208,-2.7766655079509146e-05,9.396998814033705e-07,1.979988939571296e-06,0.011256148164417347,0.00016163121429663775,5.149202773271262e-05,2.073925772490826e-05,-2.4675441755942228e-05,-0.0002672950573995528,-6.56621891977411e-05,-0.00027583216862112346,-0.0026197200908028885,-0.0005237611605277308,0.00010872896092477223,-8.690600819093692e-06,-0.06207462627522129,-0.008097072039935222,-0.12769480251760393,-0.11217605002166944,0.07802065299840091,-0.08552679976432462,-0.030036484164192783,0.024230514422876864,0.0040279175113006925,0.017280257853055172,-0.01360371079650465,-0.04234916509175963,0.023150666745169926,0.0813024311611835,0.012320563700889612,-0.09958038564317284,-0.004664751100146642,-0.0256988908811294,0.014307892912977748,0.14961512452571854,4.898656111949657e-14,-0.09982392271468045,0.1290376183810012,0.14361154690458294,0.15138916799827667,0.004882849261256938,-0.07028645556861655,-0.0036082619118470915,0.14512823127266175,-0.24516226378894487,-0.08614633821544297
28,0.008584694818701714,0.007811022719815858,-0.0005278626069147316,4.3048008097790943e-16,3.1320006107139743e-16,4.622502574563215e-16,1.517338854591079e-14,-3.6685954912865384e-13,-0.6807895977243367,8.257695330008814e-15,1.8453179954523588e-13,4.759565231989998e-10,3.113856456820612e-10,1.989804572795475e-09,-0.04681954171883364,0.00036022125064534864,1.179277788293611e-12,1.5705960816687223e-11,0.502172762261551,2.642675508930452e-10,0.0022880931218972646,-1.426839333111586e-05,-1.3188322115904886e-11,-0.00024123916675769782,4.537582295841036e-10,0.0014900222907234765,-0.0061490290385426945,-5.998914061262958e-09,-1.954956259280227e-08,3.492455019301721e-08,3.0721038559135963e-07,1.4589666967574885e-06,-3.68055947726134e-10,-2.6069802751672225e-09,-8.52943286875904e-09,-2.550557938481142e-06,-2.026736188532037e-05,-1.0261745116164748e-07,6.835607995630436e-09,-0.21843728324117756,-1.371414771344882e-07,-1.6886828875633687e-09,-3.1162596378203316e-10,-6.215577640917685e-05,0.004739560304210608,-6.0690928741289776e-05,0.005719478035557774,-0.00022489729952318013,0.010253542514903225,6.557297714409735e-05,-1.8709419081985082e-06,-3.9746485790804574e-07,-0.18518485390369271,0.00015555382717463462,-3.1886247297442696e-05,-1.232734616328944e-05,-1.1870540219304693e-06,0.0001748041673032208,0.0004608269967938686,-0.0036823695023656755,-0.0012620963828140323,0.0017033622996518085,-0.02320342428279658,4.6368210554550134e-06,0.1138217192956381,-0.001830771694076251,-0.10904286482429393,0.03044965635621989,-0.008109260272877247,-0.0016179252743251675,0.03879376512401745,0.027431750999897205,-0.0009048465320656094,-0.034678077781646846,0.022968136217913854,0.07166097032555623,-0.20236972457068855,-0.005274282639676723,0.0299512822571977,-0.02154495777569387,0.09209426912198429,-0.0060519594361971695,0.005858791548507489,-0.0464140861072303,4.276808082234827e-14,0.19265330092136865,-0.15583703010650649,-0.009596300449434925,0.08340951533069997,-0.0005325481799973061,-0.006798116114853877,0.017993607278485334,0.08377645688693697,-0.051073179999193696,-0.18106831993172123
29,-2.294021648477574e-05,-3.402019825051245e-05,1.9337738745762284e-06,-1.1504052097711457e-17,-5.395059971650994e-18,-1.0576063176912055e-16,-1.142748228591872e-15,2.66159986636209e-14,0.07956892430413214,-8.82823446272132e-16,-1.902581532863324e-14,-9.026196704568336e-11,-6.066105864287887e-11,-4.366210765930129e-10,0.008274672731508847,-5.806703846222041e-05,-1.4212387492658352e-13,-1.9641310817433442e-12,-0.10161488108441913,-4.2124733963905694e-11,-0.0006209182593155489,3.364510046754611e-06,3.067490687479131e-12,7.052620360298543e-05,-1.313662122008708e-10,-0.0006373677272388991,0.0031723895571002386,2.9193466231865058e-09,1.1234507636089388e-08,-2.4880748164752294e-08,-3.688559986056904e-07,-2.0562736095023473e-06,3.073261558760434e-10,2.672691100746712e-09,9.582644649093743e-09,1.5609392172601325e-05,7.124563081880697e-05,1.5677116190809192e-07,-1.0855807075366941e-08,0.782941544346546,1.9470230603696545e-06,9.354967178777597e-09,-2.5305508337053667e-08,-0.0003575294875791758,0.019636830657183565,-0.0002727500844134455,0.015761167796915325,-0.0005441610425657705,0.02726383955519518,0.00023589347010785855,-7.0637313776049726e-06,-1.2781759905944418e-06,-0.40640687494243793,0.00037690695354368324,-6.594769428867088e-05,-2.15727652908295e-05,-1.885226848868092e-06,0.00024340317921761918,0.0006152241100790529,-0.004493866243650726,-0.0016050555416985317,0.0021767611691097346,0.004776276364144423,-1.9015217586604106e-05,0.13163244646204872,-0.0020757375614110325,-0.12010195312846818,0.03389092053440111,-0.00901169037333779,-0.0017960039735436637,0.04122899268764955,0.029436358784524726,-0.0009776702688422464,-0.0362570295745024,0.023945290617474066,0.07403708011897084,-0.20257350764631504,-0.004995650234697259,0.027856479543615562,-0.021857014127378758,0.07845134509597632,-0.006501006911108433,0.006270662998868325,-0.04584476060716694,4.367506149006886e-14,0.1931003160231506,-0.15448872849896111,-0.009504489551557955,0.08200611732619134,-0.0005693930567099375,-0.0069173722796859235,0.0018351455750177292,0.08291131589427615,-0.05102922415038582,-0.18053566875992672
30,-0.007317359175601088,0.008277412838774811,0.0034513567060644366,-1.0761825374445802e-16,1.896255298714283e-16,-1.3861142674673241e-16,-1.1744502942310808e-14,2.861231472376517e-13,0.4513780882984306,-1.2545590092427943e-14,-2.8583378053341957e-13,3.0417242890240217e-10,5.032449775862115e-10,2.377741395986513e-09,0.21835329161968972,-0.00011049152269561357,-8.001458174627942e-13,-1.0812805831492668e-11,0.6363883571805464,-8.796596362263934e-11,-0.012138290485382517,-0.00018171205956386683,-1.4800946896070653e-10,-0.0002193622018514451,3.4486600356514114e-10,0.004409194967510404,-0.006099961668152445,-5.235065872726051e-09,-3.5787058361792667e-08,-8.818310402690825e-08,1.0404809467404863e-06,-4.537189819920922e-07,1.9994287290596648e-10,-1.2678894954795072e-10,7.089459562686908e-09,-2.58342334275532e-06,1.217598826287126e-06,7.878751218887077e-08,-5.182431067538714e-09,0.029360335438942738,3.850650452447405e-06,-6.516822139959024e-10,1.09081259829489e-08,0.0004380736099199958,-0.04555645315838001,0.0005898894530361344,-0.22454816447953801,0.010557805730322684,-0.21169070921115943,-6.920645370333277e-05,1.1842543300165046e-05,2.0613478561758356e-06,-0.03476115237487937,-8.657559960833613e-05,-1.9872257434738734e-05,1.4940585268365e-05,-3.4746981678672167e-06,-9.768898391675077e-05,-0.0002919155240076644,0.0012223013013814461,-0.0010506643403115305,-0.0008653945976330417,0.002547970728688397,-2.010778998450424e-06,-0.08377861077120581,-0.0004062832406268364,0.020940324524602375,-0.008570684911239789,-0.000894292749151328,0.005717623875993118,-0.1273841895344996,0.11060018724735578,0.001448847730020906,-0.19569387959348358,0.06787293289294126,0.04092763872298211,0.019540588984313385,-0.06848391662673,-0.050630737402777425,-0.0020924831763756463,0.1654169783960083,0.00532650946611937,0.004857569041579407,0.05157324229896692,-3.653401286151958e-14,-0.13672129786808115,0.06570811738066266,-0.19496423611543828,-0.018706899844556934,-0.008891576242790643,0.001184488525957735,-0.12696800623410465,0.07867674452006598,0.09025117414310742,-0.1830932364302774
31,-0.002696410378277772,0.002218372278416057,-0.01103571879064197,-2.305820184731605e-16,-1.2714217219036727e-16,-1.176587117400019e-16,-3.948546044009702e-15,1.0229883115179632e-13,0.1640600370911568,2.349155444204615e-14,4.998892665486478e-13,-9.015149939821964e-11,-2.460234039403909e-10,1.4813227077531377e-09,-0.7796194910249279,-6.280752049969771e-05,-2.891579468058576e-13,-3.914476953077346e-12,0.15107309588519324,-4.650421190590376e-11,-0.0021789284304499,0.0003736907519671157,3.0851146837503376e-10,-4.81431949616537e-05,7.985330232311677e-11,-0.007465872748250836,-0.0024812730060392893,-2.952829398737896e-09,-1.1749115244135656e-08,-2.9293941958796167e-08,9.783097322535339e-07,2.740027835505239e-07,7.882069417558998e-10,9.262697429575027e-09,1.9967277523457644e-09,-9.466951050349536e-07,1.0577366761444955e-06,2.6691576526366383e-08,-1.6382019163307342e-09,0.00933825410745095,-1.7963840300153215e-06,-1.7491059966643056e-09,1.1309723760249422e-08,7.39830201134708e-05,-0.003826862071847271,-7.315209972861573e-05,-0.20997723673388216,0.0028395921389886697,0.23094343842911055,-2.741332549389726e-05,9.817890209899376e-07,2.024487277352354e-06,0.006571644825926477,0.0002102605436168675,0.0001101101766236956,2.5195752555274073e-06,-1.1329024466647249e-05,-0.0001896076161840299,-6.057486965720279e-05,-0.0003210725619309027,-0.002652698258317186,-0.00045715507374405947,0.0004188265322289438,-6.85222138450307e-06,-0.056540167793296264,-0.007899645074730855,-0.11835723164661566,-0.10327377935135892,0.07184534264300262,-0.07877762645195509,-0.029897088447026102,0.029106962052005296,0.003859790575505212,0.018724205221600138,-0.013556073766429522,-0.0408341288645159,0.022299223452516993,0.07812243125402162,0.00845536042922385,-0.09568388780863611,-0.005633932048169534,-0.026136091151422108,0.014445071192548753,0.1475343371854295,4.8903243187426367e-14,-0.09952933781765425,0.12906583847162525,0.14362002654650394,0.15033756624314965,0.004340846111215049,-0.06916050121194839,-0.0027610859115240896,0.14532448082472593,-0.24445797329855,-0.08608998662200933
32,-4.192208317450208e-06,-3.821202568706227e-06,2.5797894724792964e-07,1.2420156865723956e-15,1.923421965879957e-16,-1.830306073938917e-15,-5.474967604085503e-13,1.2187356243241058e-11,0.018163585331878715,-1.0172757000684341e-13,-1.960279966597276e-12,-1.7407946702802955e-11,-5.9923191230306925e-12,-2.8894029637813582e-11,0.001354284244542556,0.005645866326359778,2.7473520637521543e-12,8.172921829580441e-11,-0.009616856694866038,4.054492318496658e-09,0.47996131302244244,0.0006545761606052497,4.442490530433403e-10,-0.00815614304767208,1.724002373866463e-08,0.09442092722038288,-0.5184003320334116,-2.682385219344626e-07,-4.4844322277997074e-06,-1.1715489205675239e-05,2.9784737626989395e-08,-1.4916982317021057e-08,3.122980100398874e-08,1.1465922661061514e-07,3.821242081180314e-07,3.149232734530548e-08,6.475879859371148e-07,2.5317469512640405e-06,-1.5843861062276845e-07,0.007406612590948227,9.607774434070441e-08,-1.9505425835616248e-08,1.076488160453694e-07,0.001482285641259796,-0.051694142084784636,0.000782573232903957,-0.005687272633161389,0.00028861953187890013,-0.0016383538260366219,-0.001503607076187974,2.9377978569805507e-05,5.422998867459161e-06,0.023078430481339524,-0.0010365032180093938,-5.4767767641176915e-05,0.0014452720637449,0.00011861902517571187,-0.0023067824293154255,-0.005359245095869294,0.003662757775238229,0.0003511326048175804,-0.013088374554179228,0.011084029019035069,0.0001343004568465417,-0.44179011806131374,0.011824979451998093,0.30488942360569893,-0.08569681685768656,0.02186442380979414,0.006025750697548078,0.15581818769272868,0.02245663907159334,0.0022602696843366673,0.11355151644108787,-0.05627963753304245,-0.09200840887740232,0.01885582845478167,-0.12032520054957126,0.07485264543494562,-0.008545205138317734,0.06275618040037823,0.02735355655389024,-0.012906073404758175,-0.0129289574236982,4.0366326560932574e-14,0.1642365997379843,-0.1629481659686828,-0.00858917997709201,0.08233580782526442,0.0013167396964616053,0.06961604420987555,0.11833572634500243,0.09296034367994206,-0.048513555130480196,-0.1631252976194406
33,3.5824384167044597e-06,-4.046961720659346e-06,-1.6895332630078026e-06,-1.0058210182482159e-15,-7.547082579770281e-16,-1.9199945574818414e-15,4.87861619586523e-13,-1.0876942129922373e-11,-0.014816609336810503,3.940568102242781e-13,7.85746552575786e-12,-3.828736941233267e-12,-1.8376293846626085e-11,-1.1731719134901945e-10,-0.007731993103588789,-0.0054577934055303,-1.0146057176729783e-12,-3.6495323801723895e-11,-0.024718900980942198,-3.911242599066916e-09,-0.5421128751802543,-0.0031685219999462643,-2.3942287721152584e-09,-0.003518584262021215,3.1540105576676257e-09,0.29557082201720075,-0.46622576358733486,-5.054502608463294e-07,-1.3918326880026675e-06,2.3026418322198586e-08,1.4647186222672746e-08,2.7526513855032676e-08,4.316274721508968e-08,2.4703659945829074e-07,-2.987296886310679e-07,4.183859491803969e-08,-4.902472065619438e-07,-2.7173338702334805e-06,1.73819322086019e-07,-0.005758253129759984,-2.1141500254304997e-07,1.5863848324543063e-08,-1.5504861939689242e-07,-0.004058646491627602,0.30965266515826856,-0.004558517817778892,-0.017748712993979947,0.00034905472287461315,-0.012450828566611026,-1.0562025239231852e-05,-6.321347606744072e-05,-5.1380524430404165e-06,0.0002762946705297448,-0.0005617277906281481,-1.6463016186332387e-05,-0.000565277018403583,9.735123346630973e-05,0.0004071890471035852,0.0018968493212384806,-0.0010637284812913229,0.00016232284715879383,0.0020898276091650893,-0.0021608358993325,4.128719887199766e-05,0.1706087588439146,-0.005235881061951278,0.007771521489233178,-0.04612219145598516,0.037956898163215146,-0.043892783095491224,0.09154538005297776,-0.08553731912199362,0.0006958031673327447,0.2974477797746905,-0.09089832220467549,-0.042916769899183464,0.05246882594835841,-0.027855228024823774,-0.042919069257649343,-0.07323005247121156,0.05967259724833838,0.08574223050205322,-0.034640484269454354,0.014002203099112025,-2.7413807713017962e-14,-0.12187581897550501,0.06587902487960448,-0.19411982154933988,0.026860722750154033,0.011288463341234,0.18509156025806445,-0.03884898490901894,0.08379115602995822,0.07436161384731932,-0.16108838636911907
34,1.3180453188279971e-06,-1.0815448304055294e-06,5.3901850681913135e-06,-3.489091838362475e-16,2.1703207193042712e-15,-5.307078234866768e-16,1.7094903679877555e-13,-3.80856762307784e-12,-0.004959114641799818,-1.0168933588468924e-12,-2.0463557177786153e-11,5.228954245964439e-12,8.93197804327388e-12,-6.288946938492331e-11,0.02340366823661604,-0.0017597923843040424,-4.333207666932767e-13,-1.406558644890246e-11,-0.005055066597483069,-1.2637688217929514e-09,-0.14094763353909548,0.007100851143315161,5.586432743603949e-09,-0.0005013513755158974,1.443803755425733e-10,-0.6536738944256145,-0.2497154761308276,-3.407727657500884e-07,-5.610301144412122e-07,1.2324824699286525e-07,9.858448431240367e-09,1.1083757278376313e-08,-1.912417351280199e-07,-1.160857198302574e-06,-4.912987732375721e-08,1.5830954469398432e-08,-1.5629607450280216e-07,-8.674823414894011e-07,4.812988716594327e-08,-0.0016837025265348732,5.1336041274456205e-08,4.818409313048895e-08,-1.9100171204400076e-07,-0.0004623560429972489,0.004241524896680166,0.0009737650081057622,0.019554957585561767,-0.00033159249084660535,-0.0205689632649424,1.743056702833748e-05,1.1753305043359565e-06,-6.742063089907557e-06,-0.0032378224716452728,0.0006518495283995166,0.001609086108084012,-0.0005976792577166195,0.0004637591247723415,0.0027704038383816157,7.998540194780132e-05,-0.0004388054323207416,0.0012471646703785236,0.002061383554005018,-0.0016239272505733425,7.965714865225534e-05,0.176154191388823,0.007937856725780788,0.31741050345086064,0.29243401438001804,-0.204014896421494,0.22388977761649445,-0.007670440760835309,0.16484215200396402,-0.004838107665721786,0.0550780280708741,-0.004524265832993478,0.028455056454812246,-0.008695290802725639,-0.04711579548810693,-0.12043801409462662,0.07824293833204371,-0.03013160277051937,-0.03655241371735302,0.016685863983449976,0.028616274120013108,4.3543991850873984e-14,-0.08546978944448633,0.12710566039865806,0.1418398721186069,0.06425757031244408,-0.016942104480408688,0.0016630054356287262,0.033769642047231194,0.15040083311980948,-0.2102639723518283,-0.08071310516844935
35,2.17202236684847e-09,5.242370144518174e-09,-2.5079114158080655e-10,1.0264630569285977e-17,1.8584027381025832e-17,-9.54774822450559e-18,7.22904535094349e-17,-7.569884065335625e-17,-0.0002999135842490605,-8.096512040113092e-17,-7.976611195408579e-17,5.222174923019956e-13,3.5914424799514997e-13,2.8597057307293386e-12,-4.5046555375074084e-05,2.9171701823618873e-07,5.537917622518365e-16,7.900661305010956e-15,0.0006214371872398192,2.0950239484734612e-13,4.8469341929816685e-06,-2.3402681632654175e-08,-2.105963841958412e-14,-5.845347839958459e-07,1.0799679711233786e-12,7.0713553969745895e-06,-4.0224066741790025e-05,-3.5534049089368073e-11,-1.5331443080789593e-10,3.9009253194133096e-10,7.740551587253564e-09,4.656253225675477e-08,-5.302462399053493e-12,-5.1713141691089955e-11,-1.9448937196165958e-10,-5.446693411670469e-07,-2.2191243822001244e-06,-3.6795931756116507e-09,2.590858578404499e-10,-0.02450555154520788,-7.486918907139567e-08,-3.209673204443546e-10,1.0705352526689285e-09,1.8824391398846298e-05,-0.0011525460532181553,1.551074492652256e-05,-0.0011687079879760353,4.536638359367482e-05,-0.0020817341710628805,-1.4768543535396814e-05,4.3191353566988513e-07,8.515632225100858e-08,0.03787672033181059,-3.137739521272641e-05,6.667345888274895e-06,2.9998997506764083e-06,3.5292966567993725e-07,-9.929845841875078e-05,-0.0003972927373660228,-0.0010043829480718303,-0.0006845071907948883,0.0010031940143593854,0.7556584389361682,-0.0005381494985331565,0.011282505258922848,-9.980459084788544e-05,0.0007146118132087444,0.0004737801861626118,-9.974709482632541e-05,-1.618055318418422e-05,-0.003626433257184495,-0.0018379849637184958,4.509000275923279e-05,0.0051343663288102625,-0.0036601995200264757,-0.01431927936605816,0.08814898788316398,0.0074704391599393636,-0.05513540133933827,0.006736330047045937,-0.3641969563832813,-0.016041749792855838,0.014917580890556639,0.02806888148331827,3.337763103955982e-14,0.17687770198491454,-0.11415822381951443,-0.0068968539445647,-0.05631485989540403,4.079167348210728e-05,0.00197372245106412,-0.4543592554533856,0.0592638263546803,-0.043959239418604,-0.14932924717826732
36,-7.206048059856239e-13,-2.830461637022303e-12,1.13964260499744e-13,4.532227803251393e-18,2.9859717567086342e-18,-1.2768690350776034e-17,6.615657188703474e-17,6.1211591768636675e-18,3.945095995301271e-06,-6.019167885149982e-17,-1.0062028944030652e-16,-1.0519266815361974e-14,-7.401938254797614e-15,-6.515202276083865e-14,8.54152884880401e-07,-5.1070701413980875e-09,6.606933232210779e-17,-6.679682130759582e-17,-1.3226762514105095e-05,-3.4642210069066854e-15,-1.314086183039681e-07,5.659602666601777e-10,5.508549136112286e-16,1.681646439987789e-08,-3.054290622333296e-14,-2.713470106085031e-07,1.7602918348203037e-06,1.4939668393670348e-12,7.211835455849508e-12,-2.1022912728045795e-11,-5.540441987652956e-10,-3.5871649992053406e-09,3.138586071336445e-13,3.421466228478507e-12,1.3477983077610204e-11,6.33654587392388e-08,2.3194539782549437e-07,2.934512362149168e-10,-2.0996943687411592e-11,0.0025731702592792396,9.537796420389723e-09,3.6753289438340585e-11,-1.4897664937452917e-10,-3.1954812397418784e-06,0.00021542136081769642,-2.819570466740611e-06,0.00026694082317383385,-1.1410760941995142e-05,0.0004872167490987372,2.920360876166081e-06,-8.367129888181126e-08,-1.7766067585883524e-08,-0.010411133519581239,7.883008565512946e-06,-1.9514451220157333e-06,-1.1025054511813269e-06,-1.5569240251911348e-07,6.134538407129e-05,0.00027618930543703984,0.0016072679301528602,0.0008218282414714885,-0.001175168144253469,-0.6508894264301349,0.0004654394020317742,-0.03755158544774371,0.0005794372412877362,0.034502277801381945,-0.009551750851997392,0.0025454040262217472,0.0005081427696285809,-0.013810344245888199,-0.009316502299995425,0.00029936830050068136,0.01380357895738952,-0.009366528476031017,-0.031875652693999994,0.1399119147424967,0.009531988889063602,-0.06877098891430157,0.012037290514754693,-0.43622334921931744,-0.01760083577958813,0.01633233589881696,0.04083587413950571,3.4267013229499406e-14,0.17598515515027005,-0.10942273312440556,-0.006587427847321034,-0.08001148004498457,0.0001838278617474248,0.0036392645399480443,-0.5282657815169077,0.05643636861871962,-0.043308258725559164,-0.14611087117351013
37,-5.395837001700246e-09,9.927088123201455e-09,3.4870374184769294e-09,-2.4857936167884745e-17,-2.6100952580412493e-17,1.8244647846277763e-17,-1.8891104258618202e-14,4.34090054088921e-13,0.0009263243758347156,-2.119152498634894e-14,-4.3600364146046125e-13,3.7617595524473196e-13,1.850527600275706e-12,1.3167167709273213e-11,0.00071193947973677,0.0004614772035265845,6.498865834681046e-14,2.432417919293426e-12,0.002577205999892989,3.272825463126121e-10,0.07361350596610565,0.000379501641965186,2.832291062659166e-10,0.0005102541348645883,-4.5347095295326994e-10,-0.059383710798367954,0.1091977348813905,1.1292185877178567e-07,3.551962040655003e-07,-6.930578629656536e-09,-6.337076945212499e-09,-1.3152472147374064e-08,-1.4594861409869826e-08,-9.635506379242019e-08,1.2381599342491712e-07,-3.715813291537622e-08,3.6578589767199045e-07,1.361690086459024e-06,-8.907089927704132e-08,0.004327679309096764,2.1988915184444048e-07,-1.3720122965066623e-08,1.9022619564931777e-07,0.007665051001592543,-0.7547854876297525,0.010277778890950886,0.09060349217472896,-0.003257455739397099,0.07211989598376956,3.055988767799583e-05,0.00017142298090260682,1.7876330737701454e-05,-0.008450878541643777,0.0051927022798751495,-0.0010195708018946416,-0.00333395706816853,0.00036095959714726257,0.0009867991089901793,0.004193096366887445,-0.0016836792301510378,0.0002770404350816728,0.003594838388179896,-0.004207451906096003,8.022854161770193e-05,0.24257060264226685,-0.007156658167625584,0.010038634561708604,-0.06079465142529088,0.04988080421219794,-0.05755889553406853,0.1106287624228827,-0.10519910654749418,0.0008667113533690245,0.34927304685959637,-0.1062183109734705,-0.04940581938444647,0.05775128338814692,-0.02955701879922635,-0.04535014217139665,-0.08200419289166265,0.06256915992086631,0.0883408959833215,-0.03567449923101743,0.015200409563801098,-2.4597575693141834e-14,-0.12295336179181472,0.065901342034952,-0.19402741924946693,0.029044705082820723,0.013791170192384463,0.20815680496270395,-0.04049867721331254,0.0836935720600188,0.07485321231395022,-0.16190191089722433
38,2.4886636888083095e-08,2.2721844005174633e-08,-1.5377697906682265e-09,-2.0591381207605359e-13,-1.8063596719591118e-14,3.0082615037362264e-13,3.1537511316618576e-12,-6.76904964901525e-11,-0.005457157701268841,4.80695539991471e-13,9.006466814983316e-12,7.18814892463824e-12,5.896970027227162e-13,-7.7774579996987e-12,-0.0005012101375776549,-0.012225418406064696,-1.0650925790345697e-11,-2.9425628189386134e-10,0.0006835762794806369,-8.910843746850634e-09,-0.46988501505487984,-0.0009623440365121835,-6.886823612942032e-10,0.014175349204042636,-2.7943834905928073e-08,-0.09300022131295352,0.5090375864712368,3.999774751737178e-07,2.827161509143406e-06,3.889459923294439e-06,-2.8248658249918633e-08,-1.2526537859611108e-07,3.4939040642261646e-09,5.2069882401489916e-08,3.62077350163612e-08,2.2038285187498057e-07,1.902469623844154e-06,6.34133014501621e-07,-4.119363896026559e-08,0.020676682485268577,4.9703933616578306e-08,-1.0098689242268018e-08,5.618304422608238e-08,0.0004656377689325671,0.01492024771111932,-0.00017803051051298532,-0.01156016385447547,0.0004784960320125695,-0.006679462456170854,-0.0009710603465899379,7.506840472485834e-06,2.584173923807729e-06,0.033102093343243114,-0.0011632156944808133,-1.1100873640222347e-06,0.0014275759284566964,6.624152397705133e-05,-0.0021667160149330886,-0.00512347257765214,0.00390117516356415,0.00040915523151034293,-0.01269551360754576,0.012379088321517288,0.00011802701068055331,-0.45457888086094295,0.012091670813817831,0.31388638376086053,-0.08818770998412717,0.022227299808083696,0.006664050228673561,0.1538333352729636,0.022560627180155716,0.002372464611092345,0.11261587004847354,-0.05790032815732688,-0.10057176838975523,0.03572494333607014,-0.12703769961906675,0.0776605094034665,-0.00612404156205512,0.058916130242127364,0.02944502625500481,-0.014169692986813389,-0.010055423148533714,3.954873699323623e-14,0.1613920488378784,-0.16330976553340348,-0.008524376888775565,0.07966540947322742,0.0011224403994097034,0.06998487822806766,0.125058788220193,0.09362925689994557,-0.04815057241495716,-0.16101892958156436
39,-2.1267916937282483e-08,2.397856919227709e-08,1.0030813561028061e-08,1.7616098181320088e-13,1.1450677930700893e-13,3.2839622033428057e-13,-2.6840363873552106e-12,5.7610787870933075e-11,0.0045511466317540595,-2.039088660165266e-12,-3.925418142112703e-11,-8.438052391050158e-13,6.48421681006654e-12,5.228989521522858e-11,0.002537541686220553,0.010634796812919955,9.167491283384307e-13,4.952159788521789e-11,0.009279791943977005,7.743272452997612e-09,0.457389815681457,0.005444803999564643,4.24741255734042e-09,0.009261853710190133,-1.4401415017605399e-08,-0.22940173591029353,0.3456436668593764,2.9742975759503165e-07,1.912418601766797e-06,3.843893770194579e-06,-8.655749979862838e-08,5.5435835654515624e-08,-5.344779568007584e-09,3.105749680691168e-08,-2.1741826550174084e-07,2.4948267833094976e-07,-6.468284641247134e-07,-2.132746987580744e-06,1.3831990420244154e-07,-0.008823759691076516,-5.651553201738075e-07,1.9317166048034583e-08,-2.0723538801778552e-07,-0.00650811446431709,0.5611317172830309,-0.007910929982603038,-0.030180291432454476,0.0005946090364142714,-0.020181524197644605,0.0001385651090085155,-0.00012355820811409284,-1.196278085516801e-05,0.004247102887182274,-0.0022815590137230985,0.00034735583027357367,0.00041103801747668277,-1.483996707229785e-05,0.00027710691249318886,0.0011497433940634448,-0.0010065987555488256,0.00019067899766390606,0.0019342141091166145,-0.0018941265287988486,1.970601912616417e-05,0.15953592532897576,-0.004719229964111648,0.0003316142175568215,-0.03838667471477484,0.03327780826128828,-0.03952442093303728,0.0954373805398289,-0.08955641589907522,0.0004886983386325919,0.3036428395646328,-0.09352454456227846,-0.04467227335947558,0.05156138076088909,-0.02282268195470059,-0.041007167733658326,-0.0732450151255023,0.048778156745679015,0.09052277679472336,-0.037154739205603395,0.010208311205882045,-2.515890730711259e-14,-0.12008183629865454,0.06593196194787829,-0.19413002550114378,0.028686908425843545,0.011345788386144863,0.1845883480642912,-0.03088252908239409,0.0842560686293345,0.07276232048257501,-0.15861278770791687
40,-7.828171472676847e-09,6.402232569777949e-09,-3.199046013966219e-08,6.48025893259747e-14,-3.6297954089330734e-13,8.734400533718461e-14,-9.822947890144576e-13,2.1090447705974843e-11,0.001573029338318709,5.873885295054273e-12,1.1427267244442644e-10,-2.5622250188045146e-12,-3.187015593947439e-12,2.8140188309785496e-11,-0.007532065758196876,0.0038239705967272404,8.391151466292982e-13,2.8160118141875327e-11,0.0020350478182357894,2.786179645472903e-09,0.13810809198049726,-0.01563322389373762,-1.2484020410046088e-08,0.0023093187245032732,-3.5324828593448387e-09,0.6405948271109827,0.2445676505164791,3.042986649457305e-07,8.709294864637484e-07,1.2029636601099924e-06,-8.344649513647077e-08,-2.108330487653529e-08,5.290327659086616e-08,1.7017945154043502e-07,-3.0302758279977264e-08,8.172915620653582e-08,-1.6812516595585688e-07,-2.467065480611196e-07,1.5713714604677203e-08,-0.0016716842842131787,1.6383188781019998e-07,1.729733181062118e-08,-9.18106369770444e-08,-0.0002899954634012776,0.0015660808173104772,0.0005840630597172406,0.030905080479551907,-0.0004884602508360799,-0.03249103668492148,6.321525971592307e-05,3.5953332286139897e-07,-4.54064366113385e-06,-0.0035142195538982422,0.0004905145144413665,0.0011783077885407808,-0.0005198224423112808,0.0003843961281234199,0.0024843554761773837,0.00016536724988047683,-0.00043049174093503844,0.0013847916079376956,0.0021150991847079803,-0.0016654673681321126,7.194043648472307e-05,0.18084067722466712,0.00839747808214162,0.3263206076587754,0.30057195611189824,-0.20959260973572033,0.22994603648977793,-0.0058898549756584645,0.16485716683860124,-0.005226955815516324,0.05518923457537563,-0.0034757645746960465,0.03307714711225527,-0.010957746406369932,-0.056252140765746875,-0.1287835298812686,0.08950222251605665,-0.03168087099617845,-0.03699469162502749,0.01668479779022203,0.018052465241531947,4.433324159054596e-14,-0.08400316548008324,0.12678648735993228,0.14155487785609078,0.05527941671386416,-0.017591537301624268,0.0074265070008970495,0.036112216687837914,0.15068014838139074,-0.20669905941754899,-0.07999132821468329
41,-6.09435290127964e-12,-5.580441086194561e-12,3.785294725168693e-13,8.371712778910936e-10,7.190964743616725e-11,-1.230295793391371e-09,-4.329005494156937e-10,8.942628860275072e-09,0.0001304328167139486,-5.589200148386754e-11,-1.0204598383650563e-09,1.501790522412114e-13,-1.2888631637149972e-13,-1.4393180648752587e-12,-4.2466594370141815e-06,0.5215599769199624,1.0318732797183392e-09,2.6339838476034347e-08,-0.00023677391939747316,3.886498989739426e-07,-0.00623331280484665,0.02551098964150556,2.0628336059257163e-08,-0.47980734402045316,8.716198797448044e-07,-0.0008464182158644257,0.0037472529214970436,-4.796515979532103e-06,5.0020851164426625e-05,0.0002158792994112398,-3.4625175304399235e-10,1.896276400127191e-09,-8.685718548281486e-07,-3.5189459056644197e-06,-7.93697455344706e-06,-3.2276644438752828e-09,-4.572575782796218e-08,-4.8470054806428474e-05,3.001007555411848e-06,-0.0005128896800601573,-5.800080278264517e-09,2.932553738467671e-07,-1.2157693341792692e-06,-0.011323553872816014,0.006085215436921781,-0.0009345967839025461,0.00032302150833349324,-2.3402303795207375e-05,-0.00011576699514612578,0.02202536952366434,-0.00029487238400182085,-6.110656539973531e-05,-0.0020605960511722635,0.010393855510045215,-1.7409037867757526e-05,-0.008854616642744893,-0.0017448413602069739,0.010252534069045787,0.021877142416416195,-0.0010583428145595397,-3.387305791870793e-05,0.03750010302672853,-0.0022025862867788354,-0.0007763353734087979,0.1997353079355352,-0.006601843845814344,-0.08548994060672364,-0.003799714668738652,0.0038139070766245145,-0.0063364653475062906,-0.14041286369182784,0.003495278472253312,0.0017617328134746032,-0.13659144323927205,-0.003396629957196851,-0.19254063703117977,0.41075800831267195,-0.22398219777726608,0.1195027507596702,0.06720408783517955,-0.0614348003685501,0.0677772869198259,-0.03932103752425375,0.06400036325833598,2.521049378855399e-14,0.07998491438878763,-0.16806014403505778,-0.00570727672179532,-0.04201235552163117,-0.00717647028956116,-0.024278531051522143,0.2462484853749874,0.10751640644913645,-0.035638624305445725,-0.09581310757694554
42,5.2083161303131244e-12,-5.854573665793538e-12,-2.4570874696251586e-12,-7.17178231574859e-10,-4.652378145115562e-10,-1.3305053586929334e-09,3.667008600081688e-10,-7.573303748742486e-09,-0.00011081351149076326,2.701344662979455e-10,5.0271116139789215e-09,-2.4436606261312154e-13,-6.297031229077295e-14,1.4745840945357322e-13,-5.631341325437557e-05,-0.44943703113125677,2.4663896490875027e-10,4.204992244674981e-09,-2.8424843799265358e-05,-3.345206543482875e-07,0.0016708112798514269,-0.2134159684273896,-1.7349292649454307e-07,-0.4981794217868609,9.270936189315015e-07,-0.0027275017057495853,0.004278224895442096,2.3077563167500317e-06,-2.185342292843719e-05,-7.321230254422728e-05,7.993716651848395e-10,-1.4436805681264795e-09,-1.0085628722766445e-06,-6.425223216650858e-06,7.76086622322378e-06,-4.326026405232655e-09,2.8319094148819203e-08,6.223950310052815e-05,-3.92975381963684e-06,0.00034708675012504496,1.5864172601861813e-08,-2.0262258350296525e-07,1.4816863067515764e-06,0.016355351880027864,-0.024209602834900697,0.007278789491225397,0.0014086879534872447,-2.2321016942616864e-05,0.0011196063614535875,0.0046171015336309495,-0.00018606329676217195,-5.508862370114597e-05,0.00034034591445416927,-0.02037125137005968,0.006457281088272685,0.019044890794145137,-0.002709381647405649,-0.0017359298325934623,-0.01715224591088262,0.000844963153347604,-3.51425297169234e-05,0.0012448597714705889,0.0011454846367605716,-0.0006884676122760127,-0.2555526988888054,0.01287773371543704,-0.30492163369400194,0.27742493521860084,-0.1644886312148324,0.1505720403498344,-0.001393228750276391,-0.04782520182223943,-0.0063772912677248035,0.034882509146173295,-0.025189352016549777,-0.011076466880422318,-0.018297823438629606,0.12532569348701383,0.016389551189456758,-0.0028084189124932624,-0.24257084140297855,0.17939238860186338,-0.08708025420917737,-0.0875272802699819,-8.968223945838911e-15,-0.06713507994200046,0.06592089806400081,-0.1882624598732579,0.042992305512986,-0.00571621374537386,-0.020517133321781875,0.16463973119598926,0.09310182047954779,0.02792132126746167,-0.08370717101773799
43,1.9176534010987535e-12,-1.560940799465187e-12,7.831727060496441e-12,-2.634560247075897e-10,1.476577420304461e-09,-3.5388688920061333e-10,1.3405447285172158e-10,-2.7689193903004944e-09,-3.955204119503827e-05,-8.057843434255443e-10,-1.5122947225241094e-08,-7.657549094305994e-15,2.0767822772575188e-13,-1.170455684305883e-12,0.00022051997176869708,-0.16358614129257987,2.249301103948394e-11,1.789375457967699e-10,4.554223808366197e-05,-1.2175475907232657e-07,-0.0003979586962206333,0.6753133610585591,5.518206527973197e-07,-0.14172768348855314,2.6410745640039214e-07,0.004541006148928443,0.00177321614647367,8.183516964649601e-07,-7.675083874523685e-06,-2.4543975750806392e-05,7.22933779788786e-10,-7.441242913558342e-11,4.216214830982098e-06,2.7341677619851447e-05,1.138558205507834e-06,-1.3739452791686097e-09,8.3914561012011e-09,1.9198719692214716e-05,-1.0431498923000667e-06,9.052814176576154e-05,-3.1048859875576745e-09,-1.0312385771737252e-06,3.6237463989603457e-06,0.0060446337514495005,-0.0011095671889590237,-0.01722355736218405,-0.0014296075398321792,2.803199685127361e-05,0.0015615600522867117,0.0012673371846117546,-4.988247311113905e-05,9.46251252896252e-05,0.0003807929476058876,-0.007556537660457102,-0.019073657421750566,0.004355869376688613,-0.003956133372897781,-0.0160685784401364,0.0032455527586478386,0.00020640827877504276,-0.00023763179813513852,-0.0007939404294165536,0.0004531948968392143,-0.00044602020824485597,-0.07550586529009029,-0.0018118605474052518,-0.13172332471860018,-0.11062920768721696,0.0814301389079654,-0.09232954460305656,0.031920677138634806,-0.10435794637340043,-0.006108373934262798,-0.017688258453503757,0.02987129626841311,0.11530454192653584,-0.05866882854126034,-0.2449961985719944,-0.27252577781389486,0.2793572959948833,-0.05748313624305115,-0.03763483305711125,0.012184864506410832,-0.250970901227773,2.5113076996506887e-14,-0.04082002894869931,0.11505625964601843,0.1306452511620098,-0.20347454006732654,-0.0058001415779013075,0.1382029436504305,0.07608927505517221,0.15409825624307913,-0.10159404117619206,-0.055865314653336495
44,5.865173657432155e-14,5.3972655823940064e-14,-3.667968887593518e-15,-8.624951593320527e-08,-7.326529961401127e-09,1.2727483148662422e-07,1.395732068951416e-09,-2.7691199145340825e-08,-7.809922660733127e-05,1.5802695992556845e-10,2.810802997597141e-09,-2.398085005631132e-13,1.355924460306635e-13,1.7214082067277463e-12,9.816615931074075e-06,-0.5183212233195883,-2.600551975941594e-09,-6.159181729759111e-08,0.0002546861804266623,-3.9408537152280736e-07,0.015523773647397973,-0.02546370061420216,-2.148116730590238e-08,0.47677945044924513,-8.883773471747903e-07,0.002870519679452833,-0.01430946436781161,-2.666976616099892e-07,6.978455129803363e-06,4.8620276439287984e-05,4.349618711860394e-10,4.155486786166135e-09,-2.63739708441271e-07,-1.4948468915913391e-06,-3.951623256602285e-06,-7.048268871344742e-09,-7.700911317374857e-08,-2.9920883048241322e-05,1.8745703117321319e-06,-0.0008508661436452295,-6.272353378504494e-09,2.2770171164299755e-07,-1.029050504959697e-06,-0.009430879167881519,0.005749586426657877,-0.0007870446944505434,0.0004944417704974458,-3.023774345119922e-05,-1.1658760844558501e-05,0.016280965744348504,-0.00020767325687697256,-4.5336925233815745e-05,-0.0025461741220776106,0.009545086025890062,-1.8870662183477943e-05,-0.00842686056562326,-0.0013930983175153963,0.009544797339698746,0.02054699090235274,-0.0011213311890117066,-3.999995465986323e-05,0.03556701989055661,-0.0023858594607418424,-0.000703207689426814,0.208318076486167,-0.0068739310141212465,-0.08789756675641247,-0.004224757516402292,0.004715631517537658,-0.007703511629678338,-0.14304017619276876,0.003650049123898859,0.0017569438669868562,-0.1389940138572903,-0.0018109059710921685,-0.18991420713923826,0.4127691571243077,-0.22383359173469314,0.11952809212299115,0.06703792034958314,-0.06324601250412915,0.0680657995789234,-0.03958750421750681,0.06559902905791948,2.4483468532911546e-14,0.07781974987052202,-0.16819330220972317,-0.00563885633579009,-0.04430250034735877,-0.00705320980526614,-0.026304099183418247,0.2467960274250884,0.10778516138007276,-0.035227940085126086,-0.09396116803501878
45,-5.013523606451276e-14,5.609957598741851e-14,2.366561550079586e-14,7.399453863218465e-08,4.793058146006642e-08,1.3684716189886843e-07,-1.1735138421028471e-09,2.3270682387660098e-08,6.72545441695228e-05,-8.482588369323703e-10,-1.522677392977329e-08,2.7566950780730553e-13,-9.460642049925771e-15,-8.577866883971749e-13,3.06174139583144e-05,0.45138762373995284,-1.41877832628759e-09,-2.9800793564013958e-08,-8.200107319921357e-05,3.4226334003860854e-07,-0.010477999602221804,0.21514022600069643,1.7896068889598668e-07,0.5038202335509987,-9.439552432826739e-07,0.0068419876079172165,-0.010123460831601408,9.009575211068993e-07,-1.1116063444966948e-05,-5.154572439683759e-05,2.51643586409153e-09,-2.211323320109383e-09,2.9657142874028057e-08,-8.182037058875107e-07,3.580676016609331e-06,-8.501773819712354e-09,3.6391678995049734e-08,3.097523795205989e-05,-1.9767151499297778e-06,0.00046400491848518874,2.450276819537226e-08,-1.5089596810572667e-07,1.0715680471453422e-06,0.012420986327961112,-0.03219791643380949,0.005408046425111632,0.0018285152698141018,-3.141712631713131e-05,0.0013918128483744285,0.002013844239855487,-0.0001143634340514734,-3.695781542372067e-05,0.000266748517511735,-0.016559715228603455,0.005199905014439308,0.016483436371822032,-0.0023012638799022314,-0.0018768012700195237,-0.016160495482250577,0.0008436865877402614,-3.733549268010076e-05,0.0003722910552537028,0.0011541749799888247,-0.0006174140538068928,-0.25261607803753783,0.012662004975915192,-0.29692264576812794,0.27096794068531965,-0.1610186544040264,0.14770186109299133,-0.002634530500082276,-0.044890178640985906,-0.006298124574735286,0.027888236152497248,-0.0226290621822258,-0.00866405853891926,-0.021545722235091474,0.12813350299749116,0.017346594683811244,-0.0012728630721506478,-0.2472823743123008,0.18031273906669593,-0.08769761469046843,-0.08873619991953695,-8.470142857102858e-15,-0.06566038585871267,0.06588351081786538,-0.18804352576072625,0.04279428297695647,-0.005864591964804799,-0.025091008787018722,0.16755411139851875,0.0932422769107664,0.02676250670791643,-0.08160704008847655
46,-1.845983445440782e-14,1.4920366900140633e-14,-7.534770076261293e-14,2.71478362147271e-08,-1.5226223422931992e-07,3.642165105716728e-08,-4.273976494991604e-10,8.476578542633302e-09,2.403450256532165e-05,2.5873156957736497e-09,4.6762167925383735e-08,4.18013104043522e-14,-1.7330850298767188e-13,7.951083143024096e-13,-0.0001445371812267522,0.16254615989388563,-3.061619936666897e-10,-6.6831749233988175e-09,-7.102321391278592e-05,1.2326571939393424e-07,-0.0023664128556658125,-0.6711521495095362,-5.607886059644687e-07,0.14102405923765612,-2.641206633115221e-07,-0.01743480221543836,-0.0066445445230075865,3.10905918168896e-07,-3.892496219502912e-06,-1.77215590381469e-05,2.375994737246129e-09,4.0586906998336287e-10,7.82819921859071e-07,7.2480678880366245e-06,8.299916450027069e-07,-2.7819345314494767e-09,1.0515037991379869e-08,1.0139855866457118e-05,-5.801389735517368e-07,0.00011092002944990672,-5.7770958225027845e-09,-5.916449156781282e-07,2.3481737912934115e-06,0.004562290530426697,-0.0010740717792470406,-0.012285716380964918,-0.0018861359728999535,3.483823994829534e-05,0.0020404007875666013,0.00048813140592439007,-3.0950689897459114e-05,7.200317117325922e-05,0.00042971891466999886,-0.0062070648611473106,-0.015538059271064811,0.0038628225691931554,-0.003430708283777107,-0.0146087465111527,0.0027241858267177464,0.00021340263190374473,-0.0002575190263306314,-0.0010494639133189101,0.00047836503729179944,-0.0004074280557464063,-0.07836556342504379,-0.001928491989398968,-0.13677631205124396,-0.11514521006311788,0.08451792798744139,-0.09567994975814752,0.03211309639766228,-0.10701326783654194,-0.00587884690956198,-0.01859938313505716,0.029785488711172453,0.11456117186124294,-0.05944414741236328,-0.24638907196331958,-0.273085690352473,0.2775296702631589,-0.05747591723661648,-0.03746680204262816,0.012028055889213799,-0.2535821185078349,2.46116562917769e-14,-0.03966191727344099,0.1147601476770987,0.1303603770836795,-0.20662764319152319,-0.005251687267215731,0.13823763156984128,0.07615804062785135,0.15410878639854603,-0.09872321234884222,-0.05511341476963836
47,-6.088292710749842e-19,-1.6548100822964742e-19,1.1952176459028887e-20,0.5227410317841025,0.032118496504679295,-0.4748710246838334,8.74047041339655e-06,-0.00016041215265206758,-1.0889541888907177e-08,6.344156093339418e-07,1.0610859039350989e-05,-3.593798342184708e-17,1.3072693870156716e-16,7.7791786825845625e-16,3.4008518494126154e-09,-0.00013084762045712263,-8.055155181532233e-06,-0.000168664151632493,8.698770806589096e-08,-1.671001732689022e-05,9.469455589285424e-06,-9.336394458070967e-06,-1.2421094544614275e-06,0.00020880417336890532,-2.317805266196651e-05,2.9965090168969144e-06,-1.7490466588723716e-05,-0.0018264369371787743,0.01655162053814269,0.05927332099863212,-1.789010561024884e-12,2.713324601522018e-11,-0.00020338207063634603,-0.0006565199563696388,-0.001331601385709391,-8.603203301889059e-11,-1.2515917167964327e-09,-0.005765750755158255,0.00034450236622857546,-1.4285979816029113e-05,-3.9950504285485634e-10,1.3614206182470859e-05,-2.9898881493338027e-05,-0.19262423446244778,-0.0027368759501618773,-0.013735371005917119,-8.288821287610064e-05,-1.4534214824350566e-06,-9.894620200023952e-06,0.3882750854085281,-0.006139453562003777,-0.0009229736388720942,0.00028400305574609455,0.021598828934367834,-0.00029668807062847223,0.017477945382949386,0.009309956046363362,-0.04808219390444106,-0.10619332870367051,1.3859043099622825e-05,-5.481231150771131e-05,-0.20124614419751694,0.00023159276003309766,0.005462327806740456,-0.02363993706776733,0.001169731823469133,-0.0015711769598486284,0.04004615501405537,0.005930585105050505,-0.02631140996167027,0.037215572893740737,-0.00742594952564215,-0.005499174849149122,0.07992841491164686,0.04355278998861359,0.2778358741255216,-0.005540931248639564,-0.058638120843199464,0.02047617549004351,-0.08791426294832,-0.03626624815107046,0.00853556646221277,-0.017525939074486768,0.2147207332719503,-1.0422961862596894e-14,-0.10688362368965725,-0.18057086199307484,0.0036400326489800542,-0.18233614512729177,0.016418287547879558,-0.052418172387594095,0.04697302836128183,0.1297744245852292,0.0019015218396156352,0.06847661124482185
48,5.20368084158029e-19,2.557892633049938e-19,-8.729973281597484e-20,-0.44675413446344175,-0.2107805160262845,-0.5056937806602663,-7.1258889640712965e-06,0.00013052488346157535,9.410052658843511e-09,-3.665120907251679e-06,-6.117720936863402e-05,2.450391214001383e-16,-1.0459745376973547e-17,-3.0504344324322e-16,5.522464808475475e-09,0.00011382782685184195,-6.765616747578056e-06,-0.00013900893755228977,-4.285880104064688e-08,1.2707771095109163e-05,-7.085602716933396e-06,7.745924610483435e-05,5.8719200747680906e-06,0.00022103876917109488,-1.1375204330119568e-05,5.866842001207214e-06,-9.550356248796002e-06,0.0009343006643124107,-0.007081222758076378,-0.01689750424693437,1.1740562135232872e-11,-1.90142993435868e-11,-0.0002870458044759014,-0.0015227603873153338,0.0013097644537159916,-1.36301681354508e-10,8.602667080197777e-10,0.008284491117462708,-0.0005084132407438743,1.056669943041536e-05,8.236927136229403e-10,-9.312423014338405e-06,5.2924498534695456e-05,0.35990800825508695,0.006569353982759004,0.155188109874894,-0.00012983593311469832,2.484182231425548e-05,2.1352740712564067e-05,0.1718178274082956,-0.004759545815555621,-0.0010251551110287047,-0.00011620319922244958,-0.10559162520989272,0.013954724543699585,-0.03657993174066664,0.010912715528426428,-0.005086307426024793,0.05700766422343752,-0.00012602698464542637,-1.4234407049330268e-05,-0.0630190944769797,-2.9177321495929934e-05,0.004390469596663958,0.0392732637299115,-0.002109797898393701,0.04011676334757817,-0.07603545580251896,0.010737071835575228,0.018257995011326435,-0.020314378715694918,0.012737495997588503,-0.015412234744565477,-0.09077366115952588,-0.14672226400582453,-0.17916029836868336,-0.23500903476365967,0.013488017353595998,0.019077607238569404,0.10919188988108823,-0.0652142516165079,0.013992458666706804,-0.02118303626143475,0.2348044811193062,1.7400824854638662e-14,0.07943489380837696,0.06042301012763289,-0.1605648595042479,-0.15359758751571623,-0.03152898109061916,0.07960828857949939,0.047914383925991705,0.10088915875309377,-0.0744422835548813,0.10999294437363132
49,1.9172746689439934e-19,-1.2216792280978917e-18,2.753231576773525e-19,-0.1646250917811007,0.6740054868178493,-0.13551876928262946,-2.6210511366146617e-06,4.8039855938098744e-05,3.370391667069286e-09,1.155501565083658e-05,0.00019412481386592685,1.4118363697017342e-16,3.3450322077483634e-18,2.0580948916993492e-16,-3.164481560084334e-08,4.1004284429649554e-05,-1.7224307108674075e-06,-3.6797041513223896e-05,-2.660510867090286e-08,4.65955283708102e-06,-1.8949339129992395e-06,-0.00024169888790322083,-1.8437849399807966e-05,6.196312459479363e-05,-2.888185832511475e-06,-1.7355204817838405e-05,-7.621088036943135e-06,0.0003325327163008319,-0.002510139230934536,-0.0057034038323809655,1.0671982366388547e-11,-4.893193055328796e-13,0.0010926784583821646,0.00596123284770498,0.00014351462581085593,-4.637611721962177e-11,2.7416525961742977e-10,0.0025238457859242114,-0.0001288833991432316,3.0546050399987727e-06,-8.503140257161131e-11,-7.688601263682951e-05,0.00017011580603430956,0.1418432809723606,-0.004207124014986552,-0.40782550309182874,0.00017869256241035236,6.671256472511162e-06,-0.00011082998596595908,0.0523141195304633,-0.0013350551503834307,0.001350638429980048,-5.6375961117985425e-05,-0.041435659439321496,-0.041675878194058255,-0.009054269730159437,0.016786727813132212,0.08956751130944827,-0.030657345106585004,-3.745314504481933e-05,1.3366909421763133e-05,-0.015577645995694932,-3.72663959560501e-05,0.003043135136985733,0.012999274722992971,-1.6625594371047373e-05,0.019955194446132547,0.003156013232801096,-0.01438043204470216,0.0240175417548972,-0.015957081862471995,0.024603266622347693,0.02598811172042486,-0.020878950148040996,-0.04074812448205691,-0.15139732436309564,-0.06846291614527164,-0.08238550861785741,-0.06329935342732142,-0.356621858392481,-0.012851973672483726,-0.0035141653942348224,-0.006733783740197495,-0.11650899853140007,-2.288518025756115e-14,0.060414459648525765,0.0905388412175467,0.10756160739244106,-0.16688709056180914,0.046482115104422524,-0.11571504437771439,0.017833923364898936,0.15746668027266122,0.1466344627274648,0.011458638740049926
50,6.187149973902221e-22,1.6230899209650848e-22,-1.1824024499301674e-23,-0.0005353642987873099,-3.2921157526897226e-05,0.0004870467034168625,-0.000718929436680952,0.012775293193165482,5.358174000766607e-10,-4.96365257976064e-05,-0.0008124319580690007,8.872115417652121e-18,-7.702155621306318e-18,-7.411581148484325e-17,-3.008333671850337e-10,9.350139806721798e-06,0.0006179633715759498,0.012435081059493761,-7.623120317287613e-09,0.0006395928050424706,-1.2965489144576896e-06,7.694566776893967e-07,4.366510879433015e-05,-1.883845284288524e-05,0.0007383976486730803,-7.768185410047883e-07,6.426585413333536e-06,0.028929074587588106,-0.23674816241226004,-0.7561493706668148,-1.7366576006425931e-12,6.5529911945796355e-12,0.0023020993457448543,0.005928595281005521,0.010060330903862534,-9.90084720883605e-13,-1.1699817856144592e-10,0.028936522918183556,-0.0016756578710759396,-1.3290613859819694e-06,-1.1665781274091512e-11,-1.9196934202854303e-05,-1.1997202617932348e-05,0.032530721878669386,0.000754953426616132,0.001872869363106058,-1.6233469841663153e-05,-1.565282078093069e-05,-8.77023705922463e-05,-0.030437706573741022,0.000202815750394822,6.446223301715305e-05,9.160706621456701e-06,0.07171026565475942,-0.0029769680254702353,-0.004453419735269538,-0.10323774576851434,0.13645352091618432,0.25856366023821187,0.0002719395776981994,0.0001023192811639969,0.36464158285281845,8.963460602566524e-05,-0.004245405205574026,-0.03723062483941666,0.001334172574098986,0.0004725383224129361,0.019138841255089672,0.008957570183663034,0.0029852357334357454,0.030726375404332422,-0.0057247835591642555,-0.006205566106476356,0.059918534000208544,0.04424905776040754,0.1674099953414975,-0.024464479550124804,-0.017782519633377715,0.0020821851593174926,-0.05290947574723863,-0.018290693369226552,0.0036787796613010374,-0.0004626338282575786,0.11418033221856075,-1.395199154503977e-14,-0.12152949570379865,-0.17721387308523948,0.005261291955786405,-0.09881120671102071,0.006574730421360411,-0.028403100174067775,0.008484215153236172,0.1285900171954088,0.006232360658624366,0.08231483964389802
51,-5.2730658702539e-22,-2.685485757831481e-22,8.646667729986438e-23,0.0004562380650928229,0.00021520991051643152,0.000516240005412332,0.0005671329951005006,-0.01004540205143342,-4.011688685434346e-10,0.00029292955313474736,0.004743451100112554,-1.0906700886407273e-17,7.566193431211337e-18,4.157905686667552e-17,-1.702102864532906e-10,-6.612627961120001e-06,0.0005705466069860181,0.011342419472216925,3.6691479571380336e-09,-0.000449018697770301,7.046414282319046e-07,-4.4827084928843e-06,-0.00021130987759328308,-1.2549549156028885e-05,0.0004965538884002573,-4.3488136855267743e-07,2.65672653509484e-07,-0.009827744997254518,0.054400907417376666,0.04150059128036788,-2.747223547854644e-12,6.311867927320555e-12,0.004611684268538874,0.020260759062050236,-0.010646069133944773,5.400536177629386e-11,-4.216697312372933e-10,-0.06141208896174631,0.003710075242631405,-5.134614447887716e-06,-4.838532186567855e-10,2.2682235007998942e-05,-0.00013909052221331198,-0.44241622791488705,-0.009880988462856783,-0.14538414771954497,0.00039080032521952477,9.934218711914366e-05,0.0006435231106845608,-0.11778225340079736,0.0052967212353914285,0.0012382717690121944,-0.0003730542913992928,-0.4910284533971657,0.2338685942556269,0.4925724239783649,-0.10130792186224478,0.08565893068899681,-0.06936129267591624,2.9863145014749577e-06,7.035661733546935e-05,0.24972406791402618,-0.0003836710923801405,-0.002816239443790732,0.02241540066155974,-0.0012969160610199683,0.03526855066430869,-0.030888655533573523,0.01030908340401349,-0.022980700830557522,-0.009621635923862948,0.008701648264025029,-0.011375702902307005,-0.039552933218921574,-0.041567853580640975,-0.10727120420818025,-0.13065498314371657,-0.0013143767644912348,0.010657780562750576,0.06011961207566047,-0.021788357389692044,-0.004586547932786859,0.0014821678429465235,0.13759484029192673,1.893456363909974e-14,0.09148575371283937,0.058966432583799945,-0.15318959477759575,-0.09002439597174224,-0.002161554390601628,0.045497974698489575,0.01833215699585739,0.09877343651996572,-0.08135619515923433,0.12524759601414878
52,-1.9429167173995723e-22,1.2454262870114242e-21,-2.7269642286371487e-22,0.00016812071825944341,-0.000688174027974036,0.00013834560593570326,0.0002089521150645935,-0.0037047219671600727,-1.4489037538390664e-10,-0.0009292813088089209,-0.015141839403075728,-6.17293783391762e-18,6.540678323491073e-18,-3.988441563880326e-17,1.4455633022390782e-09,-2.3978333209824404e-06,0.00014838318013700495,0.00304358794001504,1.884648046554276e-09,-0.00016527393816461385,2.1139410635428506e-07,1.4057036677748867e-05,0.0006744822222664369,-3.535947746566087e-06,0.00013331092335713263,1.729919345670411e-06,5.98590227868534e-07,-0.0035375266311937193,0.01977907555078499,0.013426416532202218,-2.2505070766462104e-12,8.483238448350501e-13,-0.014249154522765633,-0.06825832836675573,-0.00021003494592197413,1.9477860945709868e-11,-1.4331193707680976e-10,-0.017528818860541747,0.0008283140963461678,-1.6373484400356062e-06,-2.373929582616083e-12,0.00039448682140727183,-0.0005733915398597637,-0.1780067477581859,0.003095407038310931,0.3953465453742276,-0.00032008084806219467,4.909683571919232e-05,0.0005422878961697216,-0.038506955880821106,0.001680590720683094,-0.0020253268650061496,2.4430634101881193e-05,-0.18728976939450032,-0.6931823838036572,0.10052542651279009,-0.1295522343268236,-0.3179309348944557,0.13832285617881837,4.693847055922178e-06,4.275762995863505e-05,0.07045977361167452,-7.543030226166135e-05,0.0037918727081101664,0.007249040533467621,0.00014213950554610837,0.01618351258505964,0.010128510632478287,-0.010498658306427424,0.009108773591268812,-0.008551780132423338,0.015413272036842113,0.016983073078787717,-0.008300314451901636,-0.01880560325106961,-0.08196474721552759,-0.03323665334746414,-0.03079195293705251,-0.01662652277510612,-0.19866073127146133,-0.0035209809509251055,0.005271605728121717,0.0013984698565843955,-0.047430566984839495,-2.6842708051877292e-14,0.06772865456106374,0.08533337739480587,0.10214472019585356,-0.07948844771124304,-0.0013342323238536666,-0.0664693270147397,0.0057650360187135544,0.15387606894519842,0.16530832668920348,0.018147619024449918
53,-5.371845504138247e-25,-1.3557662408987804e-25,9.965202446657561e-27,4.68499186739011e-07,2.882700957535172e-08,-4.269865447721763e-07,0.030044017480445148,-0.5155569905351661,-4.179268454957348e-13,0.0019721729404726922,0.03150003914168196,7.379055986408803e-17,7.295318196522199e-18,5.456309744726525e-16,4.026281823442971e-12,-3.6083137256735826e-08,-0.02430583687503941,-0.46854219002708003,1.1097325115871551e-10,-0.010803981957250379,4.570402785042429e-08,-7.960674890966557e-09,-0.0006546202092000809,2.9192635882300063e-07,-0.0098599431318257,7.497802356679476e-08,-1.0571757254950301e-06,-0.07635805429885237,0.32917548285557274,-0.059825271300752984,5.336533714424022e-13,-4.438160601799548e-12,0.0032018243854555466,0.02253875756540248,0.059212858706135144,2.962359290682601e-12,-2.6873211735167706e-11,0.30542298469789747,-0.01839994469196014,-3.19851784555861e-07,-2.304361140326615e-11,-0.0007441756250465936,0.0021771304854014913,-0.03881020937783525,-0.0008769621286080497,-0.0009929313105033115,5.07294360987989e-05,3.6906665767970365e-05,0.00017848119176451798,-0.007848568988894697,0.0005257606256684254,5.0512389092758115e-05,-0.000189140543661463,-0.1739987465638794,0.011509960981097717,-0.23714377420147004,0.2738497654974025,-0.08908560145250498,-0.08358919014570092,6.167352473298989e-05,4.8598712297934236e-05,0.17565403081249864,-0.00020906587462342477,-0.004291342622110112,-0.0016693195169568053,-8.056746480870725e-05,-0.002536853135394676,-0.025098689578879896,0.0010798768301857847,0.036858524595949925,-0.0016958026126583049,0.00014095237637882458,-0.0004463039612699233,-0.003698991636601013,0.01781968981534976,-0.06097484935510288,-0.02898880138932687,0.03625423948475545,-0.020493058576243454,0.01665142039470091,0.007909864122813429,-0.002611405686280143,0.0198729731808674,-0.05445133080787964,-1.655095053105745e-14,-0.132966377435726,-0.17036617983124167,0.007239790404720393,0.04163114256037596,-0.010714648880398503,0.01404954705167109,-0.03952164791744869,0.12536805647978486,0.011072324343749345,0.09490062772523045
54,4.583173354269841e-25,2.4167044790349214e-25,-7.332688167508683e-26,-3.9969869887520013e-07,-1.8841306525596804e-07,-4.5120877735886413e-07,-0.02568022728849643,0.44042284780734353,-1.0372172462991438e-11,-0.013239778458496484,-0.20813440898520846,2.417246795648764e-16,-1.9784208400811193e-16,-2.0452805133047564e-16,-7.261874786723141e-12,8.304191576364644e-08,-0.02598372419235259,-0.49895310316846525,-1.2573607027412889e-10,0.00924931381221495,-3.722191449435651e-08,3.5878326635794236e-08,0.0043681204130503895,-5.1024543133057526e-08,-0.010467883304923873,-2.6743967846404406e-08,6.834444819672066e-07,0.06563866410936357,-0.2738525507766714,0.0921799189048632,6.930763497415317e-13,-4.695384127634096e-12,-0.035703948855489796,-0.1339375089688698,0.06601277250168754,-5.6250285999293e-13,-1.4755494832461032e-11,0.32504161590091407,-0.019334159051759926,-1.663335735560112e-07,1.311070871435062e-11,-0.00014717987442291642,0.0006328688925927308,0.04725050236844975,0.0012954944230719396,0.011931116637037782,-8.631457910257687e-05,-4.295160806499648e-05,-0.00020850051830685975,0.01560313802737867,-0.0007704295359807276,-0.00016791336610113864,0.00023200397172721223,0.2061812399451789,-0.07484100329589899,0.1462753777426133,0.04551403429796936,-0.037727645590146484,-0.3067677162923659,3.447791358806543e-05,4.981517067226718e-05,0.18486180673766284,-0.0004106366427109207,-0.005469418408764472,-0.0008267086968790623,0.00010219165952166456,0.010105600179516148,0.03571232560384852,0.001286213870851109,-0.059536505925607996,0.0011343669203256778,0.0012187745566784633,0.00037294940891501494,0.02574755465991711,0.09101227342876866,-0.012029030328439855,0.025674800211569013,-0.017585205612927507,-0.0009517479800522883,-0.008266287513569037,0.03345187155760197,-0.026462204049780346,0.02834945267861343,-0.015387372029711117,2.1449390475442424e-14,0.10468498033746881,0.05735861108383358,-0.14348092971186102,0.010865194619177683,0.032381628408383274,-0.0041672240045555016,-0.019207460382360927,0.09513312765053872,-0.08788810819231992,0.1400616333706202
55,1.6887157708057516e-25,-1.0884730683929507e-24,2.312511582955191e-25,-1.47282344402615e-07,6.023912582608951e-07,-1.2087231161448062e-07,-0.00946149981605938,0.1624915894643332,-2.7016325593959643e-12,0.042013662215210974,0.6645429005851518,1.0879150528728887e-16,-1.791413046753362e-16,1.4634922510501782e-15,7.29748822061909e-12,2.918224095919212e-08,-0.006795601450877431,-0.1339468924254352,-4.498639077061981e-11,0.0034043642215422624,-1.2749695124848523e-08,-1.060142954982412e-07,-0.013958858137943075,-2.027165176515691e-08,-0.002821743215485208,-9.25242769891392e-08,2.1394604230620458e-07,0.023546565818973162,-0.10127948331282241,0.03692227750057474,-2.813754127270304e-13,-1.4059502971849283e-12,0.10364127954650608,0.43166409560077573,0.001107675383658057,-3.2044743835423175e-13,-3.670295381393128e-12,0.08861443367643301,-0.004165580348526744,-3.88267300077273e-08,2.3881519564861736e-12,-0.0011300868467416024,0.0011804527450688872,0.01909816674757212,-0.00012760887981876648,-0.0336648099611722,3.7225747204703517e-05,-1.756514840975007e-05,-0.00012359037803932307,0.005457938351862747,-0.0002641334760475013,0.00023456880503879433,4.1891764060343256e-05,0.07440507477388285,0.18569578979196869,0.044434571025421976,-0.04312037122674731,-0.38399658937802716,0.09567642197538394,1.1433103140668338e-05,1.8876290771077253e-05,0.04374854317554522,-5.5731207318257965e-05,0.0010287954739883107,-0.0003800514114814298,9.164782561425415e-05,0.0029773331100971493,0.01050902137044444,-0.0005081911840787982,-0.014321421979855302,0.0018396398546216342,-0.0021139681290973937,-0.0015101145849926523,0.006212205108407726,0.011420618779520044,0.01855353949183447,0.016819752439532182,0.03547705970418259,0.041131501738294614,0.044104930086333226,0.00832618779062263,0.015268676690576102,0.01097202845531592,0.0408772742568918,-3.043519320785242e-14,0.07507979487433364,0.07881202686196268,0.09524581887556531,0.04215491171411051,-0.05809174226712235,0.01161286467317746,-0.00933648350589131,0.1485594791091535,0.18376667190884857,0.025300522840061245
56,1.3233445541985218e-27,3.20566092151954e-28,-2.37805519732719e-29,-1.163125874568186e-09,-7.161611302416174e-11,1.0628422580439964e-09,-0.03133961742105485,0.03455535025345165,-2.044892461046105e-13,-0.0012874571607717393,-0.0021407821811239938,-5.783245813722951e-18,1.6908714647888592e-17,-4.992909655329979e-17,-7.654108764545786e-13,7.928291431942298e-09,0.02905248695539253,0.03152985931522824,-2.5087479332918757e-11,0.0017469773220238187,-1.3541018022046659e-08,1.5496121395322474e-09,0.00010422822333918885,-7.866347349024105e-08,0.0015952754985934334,-4.1128822436572395e-08,4.7234452528309176e-07,0.15121856598701014,-0.2330077203642158,0.07960969167476506,-2.835017579205211e-13,3.063342766725219e-12,-1.4139485879749135e-05,-0.020417546546490636,-0.1276775078690975,3.7174183424224613e-13,1.6906364724651098e-11,-0.26656297657014916,-0.5807753049200014,1.905893821756603e-07,-4.273317947171058e-12,0.033374041377668716,-0.5397846517490141,-0.022077527287682846,-0.0005399354017295474,-0.0010166943253192967,3.1299127002872154e-05,2.311434242034447e-05,0.00011138002254516354,-0.0018943933292570898,0.0002725779642030152,2.5492186703262557e-05,-0.00011455899288159545,-0.10885889299512669,0.008145728997580934,-0.1427949973251481,0.16534192916632898,-0.06258346130902209,-0.0663396315591706,1.538119987985443e-05,2.0087868069666244e-05,0.0730305523335443,-0.00012656243792518414,-0.0021573936729826415,2.8453507899205044e-05,9.412748056189449e-05,0.015914007264260423,0.05171988123322899,-0.0005480041212994111,-0.0892972584390348,-0.0117685783670954,0.0051782031822542075,0.0007519332409245095,-0.0461686125934684,-0.09274793280050785,-0.07250099543780707,-0.021295923669828194,0.04576223393786813,-0.0245028501781645,0.027740003949877457,0.013476248384621853,-0.003954298529552622,0.023754281281896394,-0.09106647935279497,-1.709225006102417e-14,-0.13502215397491565,-0.17005589674255622,0.007326002025553132,0.0716117379812645,0.019985788653882716,0.018736658801540147,-0.048473728153803304,0.1261384816618625,0.011867896897848205,0.09804653520396617
57,-1.1297897296684453e-27,-6.157155145102995e-28,1.7632057588978264e-28,9.929778077384255e-10,4.678877034252442e-10,1.117691442445028e-09,0.026978737454416635,-0.029502675882952845,9.167990412135512e-13,0.012812552318511396,0.013878426702909803,-1.7061786122124676e-17,5.1522188050074013e-17,-5.616855422347113e-18,1.0872096086536232e-12,-1.1467243517656353e-08,0.02894368743838285,0.03368045049840184,2.493472708882186e-11,-0.001494711699324578,1.1310181997175982e-08,-6.106415370851236e-09,-0.000706105528544866,3.4967629819149916e-08,0.0016913634938352164,2.502752001419495e-08,-3.234809259361832e-07,-0.13801956388987982,0.19385388896046565,-0.08375449441511794,-2.666547280250332e-13,2.967288623892692e-12,0.07291557873590136,0.09065067157105412,-0.14787849752508608,-5.915820396953776e-12,5.0451877771587046e-11,-0.20424038420804042,0.5162029810036503,6.097711223949924e-07,5.307230351764035e-11,-0.24368223482464904,-0.5688130736639619,0.05988805012720651,0.0014278765443814095,0.017232461276229193,-7.189052327167061e-05,-2.7941370689885172e-05,-0.00015073872449166523,0.017141381910951915,-0.0008042746718861338,-0.00017798482736862008,0.00013318147723661187,0.135232083407773,-0.050185871009675004,-0.020618725910440786,-0.08358844387702255,-0.03770586969439558,-0.2505807201310983,2.287632133704591e-05,3.238197741782729e-05,0.121029330189773,-0.0002963536562988506,-0.004006376985197423,-0.0005564466324154076,6.380893527108673e-06,-0.0022761999298643145,-0.005852061931869269,0.0006435465662570225,0.011099107827622447,0.0040703741613284895,-0.0017141790216016386,-0.00025800902285463313,0.006711689209455716,-0.01760566681915355,0.06456747924931573,0.07135448954186889,-0.021306821529809998,-0.003433610015767544,-0.030837124480314025,0.04544939256546732,-0.03101413045290627,0.033911088571965654,-0.0552006740432627,2.1859782813761914e-14,0.10796461727482214,0.05728240281966239,-0.14318849289942556,0.03670596339288571,-0.009415512479587804,-0.022333470750281754,-0.027124142293415587,0.0957540210748205,-0.08991696385767975,0.1443348816834577
58,-4.162912968033572e-28,2.6985219395547683e-27,-5.5613656673264614e-28,3.6589731174111925e-10,-1.4956546254762876e-09,2.9921270998004677e-10,0.009816595446587615,-0.01089826172459831,2.558676352947531e-13,-0.04096235651313305,-0.04433506315898935,2.3867240335150456e-17,1.0712935347037057e-17,-1.012910361358244e-16,-8.095723166057831e-13,-4.1303712049144385e-09,0.008618328656241068,0.008992101682452541,9.05414393243505e-12,-0.0005508733148427525,3.984007489070624e-09,1.7305193042300882e-08,0.0022566767631115978,1.2750133283534655e-08,0.0004546684519057911,3.470967322746881e-08,-1.1318211102463952e-07,-0.04643163368421478,0.07337649068684544,-0.033470110316218875,3.782739365611474e-13,9.225903607970579e-13,-0.20154972959017542,-0.31372851049754064,-0.03741270021622754,-2.38640604084795e-12,1.6387886432881046e-11,-0.05114864454794202,0.19109104051521372,1.873043005560898e-07,1.9114133838376855e-12,0.7644518422479064,-0.16032831909143838,0.025022313444912053,-0.0003081207477590933,-0.04972781375410443,4.476620846302333e-05,-1.3783631176429248e-05,-0.00011125659442783782,0.00612928984609869,-0.00028109448605645687,0.000285171454865968,2.2914585506150404e-05,0.05692916892802872,0.15754304323867327,0.018747738316671796,-0.01661760622356222,-0.20369710366557137,0.045916237868279475,6.362143195982921e-06,8.10532132242775e-06,0.02131390641800299,-2.821243814524305e-05,0.0003076486506314603,-0.00018973558046640846,-3.582313791494894e-05,-0.006150600203811642,-0.018533318504568817,0.0004186975204594059,0.03139600576139453,0.0017456684033540035,0.001404687783435841,0.0015125092957923151,0.000822438287491298,-0.005244052437795175,0.04560088288935199,0.027206949496159295,0.047807435325267135,0.05158414408227934,0.09712864483884558,0.010530032049148848,0.017032507983298206,0.012721206722803257,0.05713108662775163,-3.132625438894711e-14,0.0766780179459114,0.0781859422483432,0.09486999044729659,0.06615415808819222,0.12100303200288758,0.028999438746080596,-0.01215260006165642,0.14909289455872138,0.18812536203085678,0.026824861526951807
59,9.713379423161583e-27,2.351351999363737e-27,-1.7448476375556963e-28,-8.53853043403808e-09,-5.258549826404081e-10,7.802949743177166e-09,-0.02852204602214516,0.5239166808355418,-2.0602772451780562e-11,-0.0019421077665683524,-0.03217061360263142,-1.3377509911226425e-16,-1.103366738256778e-16,-4.255692956355732e-16,1.5578916329751196e-11,-4.7244358222736194e-07,0.022785034189244137,0.47614189040171284,4.1058513552851875e-10,-0.0012140118548869994,8.541327653103837e-08,-3.874827906315085e-08,-6.689674508039918e-05,1.022107902689146e-06,-0.0011128376333319917,9.171984613811591e-08,-1.1211406356861251e-06,-0.07748615862466203,0.2957977836971901,-0.028888536090528064,5.130718601292627e-13,-4.105053907661365e-12,0.0024492793524525914,0.01970863751801911,0.05971517334807032,2.8603781315395067e-12,-2.0807791418392263e-11,0.2713635451802944,0.06621845027975835,-2.502621157241567e-07,-2.195118489691714e-11,-0.005304590109534786,0.0769273838919716,-0.04015926319372415,-0.0009118536141050925,-0.0009904698550564923,5.225165408618523e-05,3.8259528008318695e-05,0.00018518445722553718,-0.007031630390686001,0.0005276673460523146,4.909129170957943e-05,-0.00019414819980775695,-0.18030185536868276,0.011709937048445498,-0.24332820665167598,0.2846272555587965,-0.09527890048527857,-0.09362100441053273,5.515121565337545e-05,4.7176260727647694e-05,0.17063623624646576,-0.00021841640530059162,-0.0042991558972931875,-0.0001353519858720855,-0.00017132550242477936,-0.005242463640843057,-0.037459758727177495,0.0008923650032576378,0.05541857862423608,-0.0018334739826141994,-0.0002800710497306746,-0.0003249304686162629,-0.0009183253076575895,0.03123379880015845,-0.06946180189309718,-0.030067832612002725,0.03729905726664333,-0.020939023043047306,0.018224641534100968,0.008305932801838079,-0.0027067859325853173,0.0202167786352094,-0.057022099797786586,-1.661407302397278e-14,-0.1331880630787447,-0.1701270271864189,0.0072963628225201395,0.043811714548130126,-0.015626534466615914,0.015265385335971117,-0.04038196179453646,0.1250453162951499,0.011114884542100443,0.09496922009084807
60,-8.292800778130456e-27,-4.521899444673606e-27,1.2936309229623966e-27,7.2895760660558734e-09,3.434778632009579e-09,8.204513621212827e-09,0.024376054313736902,-0.4476456353354493,2.722178158745936e-11,0.012649022660837159,0.21150818335466312,-8.175108294802201e-17,1.0548192696548759e-16,2.5811038978876533e-16,8.252209909571082e-12,3.0740978260887754e-07,0.024600493271146752,0.5071641735211945,-2.0601855860593403e-10,0.0010179911534612786,-5.355596747658748e-08,2.20409791347542e-07,0.00048513294824666515,5.253234346383239e-07,-0.0011536922587796789,-8.09168601557274e-09,5.70781648338864e-07,0.06686603879806234,-0.24101019819190933,0.07990319464167168,6.811511621539493e-13,-4.2747236391475574e-12,-0.036111457013091645,-0.1171620288787046,0.06831372903502014,-2.463634836436069e-12,1.2994714977383187e-12,0.28217981456135394,-0.08675186708411214,2.8019110909890928e-08,2.9624465489864194e-11,0.033675376365713224,0.07937415361030177,0.0622290576907144,0.0016343242108512194,0.016732779845120387,-0.00010079759551403181,-4.74421120196704e-05,-0.00023472852875564012,0.019653252418270255,-0.0009542734789463833,-0.00021034611111338966,0.00025212481969758954,0.22814035902470492,-0.08462934977877776,0.14378632415738257,0.06152812020294862,-0.04004216164320115,-0.3053257710691905,3.5556648579385236e-05,4.835617793752126e-05,0.17979494693756531,-0.0004021336875619583,-0.005439409733987092,-0.0019395006401866656,0.00018005043046389637,0.010362933817934027,0.04382641460829816,0.0008995874007344509,-0.06966496998635922,0.0012286711412849189,0.0012386117506078336,0.0010182393926712625,0.031089731087636584,0.11083444280714022,-0.017682629109021204,0.02664048059599741,-0.017789529122646006,-0.001137087360468388,-0.008367173874618586,0.03424341255359727,-0.026786039400027696,0.028748765222810328,-0.01696615791806428,2.146173042550784e-14,0.10474867740328411,0.05726477981361864,-0.14304768780774005,0.011945291101153612,0.039196303218713376,-0.004020947549822946,-0.01977334145057819,0.09481853429723108,-0.08787629799391604,0.14003812451904998
61,-3.055557381859559e-27,1.9809382124933644e-26,-4.080292332326444e-27,2.6860325555874996e-09,-1.0979599713374476e-08,2.1964474423049164e-09,0.008981688957683656,-0.16506385595052717,8.794615666216171e-12,-0.04007202252725733,-0.67530939383565,-2.6353173734754765e-16,9.344340098654507e-17,-1.578756582233348e-15,-7.118331801182019e-11,1.126758648263877e-07,0.006359972665466659,0.13630104096961615,-1.0199541750001571e-10,0.0003820187458126076,-1.7186734998169736e-08,-6.877140371677899e-07,-0.0015537117842582594,1.427255753476119e-07,-0.00030858378953607624,-1.378074805810793e-07,1.6273366109047796e-07,0.023709339342816604,-0.08941099658349887,0.03216997658653525,-1.8188240394946534e-13,-1.2424204050082144e-12,0.10392160565267353,0.3799548170629621,0.004737290257278493,-9.612086468632054e-13,1.7241525492161787e-12,0.07629024720048581,-0.029684993931583005,2.2733916444731906e-08,2.5650983469972167e-12,-0.10702921442006119,0.023372918483603292,0.024989804838544207,-0.000223235159297071,-0.04639573597261095,4.75253727456127e-05,-1.947210339274017e-05,-0.00014273271216144005,0.006751348088859001,-0.00032123542783670466,0.0003003569923457336,4.242373300461481e-05,0.08189413128287451,0.2105234487931654,0.042956579890401296,-0.04074277544812334,-0.3857155317283417,0.09467504468750305,1.1773653588996803e-05,1.8158955561524636e-05,0.042873794334812226,-5.4801776219040005e-05,0.0009542121406978086,-0.0007552548833498175,0.0001043091490371365,0.0035392333720000364,0.014332203739724526,-0.00014521876380350253,-0.021497105184647525,0.0023186944492641576,-0.0033982022803759585,-0.0027820546212691494,0.007559416635846886,0.014971877645443566,0.019447473251754128,0.017644384901986634,0.03668503591356257,0.04222587831321712,0.04785176611802473,0.008537062904324409,0.015458668843885193,0.01113685015083327,0.04256017594136616,-3.054225919024914e-14,0.07520496779418809,0.0786669267251119,0.09500019242065849,0.04426324874482303,-0.08440598718504588,0.012785917696190486,-0.009594709951191037,0.1481945301372622,0.18393709030449867,0.02535232338071366
62,-2.5113026836982253e-30,-5.809288381543862e-31,4.354571675454076e-32,2.2248346042542316e-12,1.3714268280442372e-13,-2.0418371505451246e-12,0.5703433554944335,0.03247605808221321,-3.9792419532504093e-13,0.023533091267253784,-0.0013162689560248545,3.3481300985513394e-17,-3.7029146714414364e-16,5.757800375688304e-17,2.9532017644728825e-16,-1.2665384188113893e-10,-0.5292384372194169,0.026817576197670015,3.53907160297749e-13,2.1554904777928947e-05,5.584716952464622e-10,-6.751775282379072e-12,1.6377146473871155e-06,3.0932450643700954e-09,1.5648401463826812e-05,8.63308857660525e-09,3.646759393197848e-07,-0.20782227339842776,-0.04269230118863988,0.004791449075969053,-2.7680487360360293e-13,6.937645055073886e-13,-0.010029813579510478,0.010126880479610651,0.2107363163023767,-4.3679499433884047e-13,2.1310653495767233e-12,-0.03312172616554285,0.04577616507174068,2.626217267700818e-08,3.874778447405332e-12,-0.0031238465809302124,0.034338935971217156,0.00992963282153241,0.0002473243322049094,0.0003734736750969774,-1.699681538995371e-05,-1.2990994974229795e-05,-5.964487324168798e-05,0.0023888164797337902,-0.0001529004539134476,-1.6750554072533714e-05,7.188383153516528e-05,0.06126630571062184,-0.00570523992744344,0.10813252242910645,-0.08779422474499579,0.026448714490836998,0.025227144080168577,-5.412869249327667e-05,-2.9875297675075847e-05,-0.1077628326732752,8.272199442873689e-05,0.0022138453343620236,0.0023181944015343023,0.00030064374185562604,0.03700978138317591,0.14172866929654934,-0.002622377091346457,-0.23650028000097212,-0.023294164891690942,0.010934680845092443,0.0021727207214462868,-0.09591570575976946,-0.225341951079846,-0.08113987020680263,-0.011184436090523293,0.055767269156957774,-0.029047779520774815,0.039028982399939315,0.019643104217057387,-0.005513884143263495,0.02796445740396905,-0.1322708534248395,-1.768077682789692e-14,-0.13817667362494113,-0.1711459431729245,0.007138553831144614,0.10477253743148227,0.05511271658222812,0.023122445531270047,-0.05819665436879531,0.12726363025325377,0.01207296503625803,0.10183989732178896
63,2.144874426681601e-30,1.2071412220179223e-30,-3.260496888592722e-31,-1.90017305755609e-12,-8.95146985368848e-13,-2.129654120447148e-12,-0.49394340833820444,-0.02819864047047614,-3.56852666698986e-13,-0.23484186007871266,0.01469259211128351,1.6343657959689294e-16,-7.414842175448906e-16,4.4190006120050986e-16,1.0110715152212144e-14,-2.5084596952138756e-10,-0.5397464201289739,0.027314352125540522,-3.6115184640396713e-13,-3.339628710327192e-06,-6.191551253174417e-10,1.2962277362201618e-11,-2.0793927306343185e-06,-3.5211242220337767e-09,3.0656575095629725e-06,-8.524627292132459e-09,-3.925276145831771e-07,0.22014763242016608,0.046777201378313794,-0.0038873776170907084,-3.232009336835619e-13,7.910166831917864e-13,-0.11239821136043202,0.0341014057844593,0.22697940610089384,5.54559718982139e-13,-1.9262193865823206e-12,-0.04279297820021957,-0.02795826701569511,-2.4889811739824794e-08,-6.339992366367979e-12,0.017486206789096743,0.043519968732507144,-0.015390361719564998,-0.0004326782774668105,-0.003717784611258058,3.342909771470512e-05,1.959399331181604e-05,8.692074952781308e-05,-0.005448434027788743,0.00026584346092904876,5.7598952866714406e-05,-0.00012020121544881742,-0.09365087758128518,0.03684462239762713,-0.1944295276705445,-0.2171408742282339,-0.0058526331637370225,-0.016505082357723903,-3.081250323735867e-06,-7.408225469612408e-06,-0.02645005585218185,2.7990653263275425e-05,0.0003203857372530386,-1.9917096107700275e-05,-0.0001287607000581419,-0.019016711600803635,-0.06249177058508547,-0.0003447849271026952,0.10709351666158004,0.007693011395380046,-0.005490002113382985,-0.001074718275669583,-0.01796990534980815,-0.15572909617841071,0.15929075156281616,0.1253911636662703,-0.025661308356842875,-0.006301685540643314,-0.0580265193308044,0.05899397633277833,-0.03613328888464231,0.04009947663960186,-0.10170849627783338,2.249777185693523e-14,0.1116508454321136,0.057125379766580754,-0.1434732006715762,0.06665193164920526,-0.06385088606365955,-0.044290498190687186,-0.03597818716797584,0.09659534112851484,-0.0926569732175971,0.14938073914621872
64,7.903197312467962e-31,-5.1541597458537106e-30,1.0287855885320806e-30,-7.001778971412435e-13,2.860766952354915e-12,-5.694440333318534e-13,-0.17833944212883102,-0.010132298672963449,-1.1038191648812652e-13,0.7403153945893973,-0.04584316173973373,-5.585555647041531e-16,-1.242203920935263e-16,2.4621007017065875e-17,-3.915885539251402e-14,-1.0691788686563803e-10,-0.15927910444778648,0.008008572334700696,-7.162287355886925e-14,-5.24657447839434e-06,-1.8048889838101726e-10,1.6202135292997994e-10,2.270843077104771e-05,-1.0645171883776832e-09,4.362174481798266e-06,-3.729013838140276e-09,-1.1319596731004662e-07,0.06393047304032375,0.0126599668857848,-0.00018415789674224134,-6.646293213759912e-14,2.392014053927939e-13,0.2782864156162621,-0.058073406881195916,0.07974641455376257,2.1415548873303285e-13,-7.300802752297168e-13,-0.012443936998579727,-0.011037579791117393,-8.773617815325711e-09,-6.276161520917439e-13,-0.05057382818097589,0.010804086331516145,-0.005143201348697176,2.2841309276074464e-05,0.008468803629015973,-8.465623059119908e-06,5.432147033218636e-06,3.517849413563939e-05,-0.0015113483209597575,7.304507827546332e-05,-5.7693364723919494e-05,-1.639276183480864e-05,-0.02340104868084848,-0.051486009475195084,-0.02256349999355493,0.020631989367654067,0.16936490581048447,-0.046181338933736965,-3.3403051262942243e-06,-1.0437775947796753e-05,-0.020342600493753457,2.695582694950379e-05,-0.0007431682818645194,0.00012110044492671796,-0.00019701746529919285,-0.017137673708719398,-0.053511665987358716,0.0015552776612602261,0.08618320236074876,0.0015269859844052446,0.005685778870453947,0.005186852786623532,-0.005668447794429168,-0.025025799912921004,0.07634203025343408,0.03868815197807464,0.06099755527656791,0.0629674715589571,0.15623512797248854,0.012836745228579974,0.01898707586871978,0.014508926813631657,0.07514207045266882,-3.251440568790226e-14,0.07923492534513173,0.07866339501969405,0.09519415812728348,0.09212262327298544,0.33472855822226694,0.04843357643374111,-0.014991840537126192,0.15018924537170114,0.1938157062245591,0.028140138147515394
65,1.4554946315012095e-32,3.199193103579959e-33,-2.426871202045773e-34,-1.2995242017688746e-14,-8.023398740604175e-16,1.200932033084784e-14,-0.09510592467983772,-0.005614659416476253,6.808774358013606e-14,-0.0037617403538487177,0.00022003473814697012,-1.9378055131803397e-17,7.491218525010954e-17,-4.435935107567282e-17,-4.723880546010387e-16,1.519644271833681e-11,0.0890519463915394,-0.004700201886732791,-2.0658916013566e-13,-7.601824123341879e-06,-5.026804680753862e-10,1.512273218514138e-11,8.150385826552207e-08,-3.1374463760701557e-09,-9.838953907463623e-06,-1.6212104482260733e-08,-1.0413569055695837e-06,0.515147341122266,0.16267336445390976,-0.03524892087570775,7.868405850979112e-13,-2.4733465588020343e-12,0.024588702625337716,-0.021657313374697094,-0.5218376690681831,-1.8611610924092063e-13,-5.704038901967965e-12,0.15471247360424972,0.1514781336808398,-6.402783924557757e-08,2.5526672275323463e-12,-0.007879465043554254,0.15909637246091274,0.01225732686166766,0.000309233916804779,0.0002759126004057292,-2.0723489953023443e-05,-1.6233265001841396e-05,-7.517463907156023e-05,0.002305652523360925,-0.00018119666759282044,-1.746301464264395e-05,8.729886065703577e-05,0.07644587200133558,-0.005041933146581114,0.1255467355988884,-0.13856417318969527,0.036613363799432835,0.02896735171763925,-6.202264142682929e-05,-3.524421895576959e-05,-0.12711939693162866,0.0001011487229832323,0.002656195704002954,0.002578308921613878,0.00032583055527780235,0.0395678403797363,0.15256792189636226,-0.002850329278669765,-0.25423273368236204,-0.024618499524386606,0.011614673330284642,0.0023397377859167593,-0.10127611582578018,-0.2390590327130137,-0.08282353606634701,-0.010458917737855497,0.05687283534861907,-0.029532226691302257,0.04044442294175517,0.020219010878661722,-0.005651043530578838,0.0283728316171571,-0.13647381799645347,-1.7877276265921935e-14,-0.1385332050516626,-0.17124291015617177,0.007112279455192662,0.10817739248576294,0.05947468189891075,0.023757988321905416,-0.059184701009955404,0.12732210636844302,0.012083235628784019,0.10218379168015367
66,-1.243428811721075e-32,-7.207906673381027e-33,1.8401148141430454e-33,1.1101713893873596e-14,5.229450982427643e-15,1.2362685911435714e-14,0.08192461039714768,0.004843875196918511,5.3675289851148707e-14,0.038648979878832215,-0.0024944989500089473,-7.700550303340006e-18,9.645165375141813e-17,-9.580796790221634e-17,-2.897287369026616e-15,6.726260345061576e-11,0.08816251738995168,-0.004639152192469742,1.944480530438898e-13,3.1048862071611164e-06,4.86305259242761e-10,-1.1816801437101121e-11,6.702710510551269e-07,3.060056426665811e-09,1.6271355069118067e-06,1.4565648757343863e-08,9.576281737269514e-07,-0.47349017337293525,-0.1489057981381809,0.03008769127410284,7.176428407858408e-13,-2.2473957956325384e-12,0.22963978970149806,-0.09342158958405264,-0.44704883669709783,2.079785338839826e-12,-1.6817909505778537e-11,0.12641593796084358,-0.17410525298151747,-2.0331800925275368e-07,-1.9386847294971837e-11,0.07775169029464503,0.18292604483439484,-0.030194287548055466,-0.0007966479445152719,-0.0077789467759938,5.47569356212202e-05,2.9841766120685234e-05,0.0001362899842750881,-0.009903541906100021,0.0004763542844955123,0.00010376449779846563,-0.0001781784204446383,-0.14290274925119648,0.0564884913253507,-0.2636916123444259,-0.3035655622188191,-0.005991433708290864,-0.0187654651794361,-5.594025507630157e-06,-9.993829021322733e-06,-0.03589214174621102,3.837222108418145e-05,0.000510785613191306,4.472100513614517e-05,-0.0001344460564167542,-0.01988986005817455,-0.06511063617957719,-0.0004371873498577245,0.11165550076518595,0.007835195242207002,-0.005700571884353785,-0.0011207005258244151,-0.020234265116513994,-0.16704557063915043,0.16616163681448667,0.12954057104171945,-0.02592638254957127,-0.0065615967309126605,-0.06001231829542072,0.060078888302809115,-0.036539174668505446,0.04060566362401356,-0.10557907731376262,2.2801598344849545e-14,0.11191337222963176,0.0571091720161872,-0.14347435174251885,0.06917253809315647,-0.06758253667428575,-0.045907418811135386,-0.036728708214160716,0.09666443832009212,-0.09285158679966034,0.14978402465770957
67,-4.581671855286437e-33,3.006388705021949e-32,-5.810277794916558e-33,4.090754106803002e-15,-1.6707702999113783e-14,3.2990379662450363e-15,0.0297639817149956,0.001754031624985293,1.7032131074577347e-14,-0.1236956836101745,0.007918647136758048,1.0925837997303891e-16,-1.8890213310826823e-17,9.068632328646434e-18,1.21688357908316e-14,2.99283067010423e-11,0.02651528336505545,-0.0013842685118893151,4.961366015260928e-14,2.2074825622588923e-06,1.559715060171533e-10,-7.170930000293163e-11,-9.642404661959642e-06,1.0048773597955145e-09,-1.2726183191559546e-06,5.895720288025618e-09,3.182149463708401e-07,-0.15696121326393395,-0.048966200392253655,0.008758181172821788,6.953095346441246e-14,-8.151842257865339e-13,-0.6833750709467251,0.22061575774841732,-0.19974570714866358,7.454653552984705e-13,-5.177417148131517e-12,0.04069519807174456,-0.05844673747146107,-5.9332100979957083e-08,-1.0444576307230627e-12,-0.22087127463830783,0.04643058803975525,-0.009734329225581883,7.859884075534289e-05,0.017505863569443614,-1.634592144783765e-05,7.946489773030238e-06,5.516910906022102e-05,-0.002622623561240123,0.00012387166035612192,-0.00010850947049239571,-2.0921006502134448e-05,-0.03382385356574686,-0.07974583895364318,-0.026825525599752213,0.025776166321583065,0.2147945660912585,-0.056797263202062964,-4.501825971182822e-06,-1.2656172884479055e-05,-0.025416695237756064,3.400795197663986e-05,-0.000860116561494519,0.00015710150696462952,-0.00021526297925369276,-0.018375519959421067,-0.057465892893163596,0.0016818625788957982,0.09237714654389255,0.0015071989625397037,0.006156280424572242,0.005593687546948606,-0.00638248146703602,-0.02724271888447867,0.07976144885675193,0.03995937432760508,0.062390721065188816,0.06418140007729058,0.16262129954943638,0.013086310792132447,0.01918830530971169,0.014695489737868541,0.07707319724388476,-3.2845987445967547e-14,0.07951576661402388,0.07872333007413984,0.09518903493211305,0.09490907521127671,0.35830443114125593,0.0505267511072125,-0.015287208706108805,0.15023759730793446,0.19435310583432944,0.028261334760173132
68,4.5247624419231156e-32,9.938424118917961e-33,-7.54068236857726e-34,-4.040273159177086e-14,-2.4946355081232236e-15,3.7342323708880816e-14,-0.4475481148540301,-0.02695018464350614,3.3662057973462644e-13,-0.018702135607349166,0.0011387676102697902,-1.1119889625992825e-16,4.970880242804632e-16,-4.6869499167577143e-17,8.089146280966036e-14,-7.446683240747633e-10,0.41438841105777163,-0.022321552542098295,2.8884259040697558e-12,-0.00017802756575882313,2.010468794326471e-09,-1.8514770083822096e-10,-1.1538750659369652e-05,1.1769492922106749e-08,-0.0001555750427833777,1.7760535616049104e-08,6.58651443394386e-07,-0.38985647969662196,-0.0730810314063524,0.008181717939382818,-4.936785120219253e-13,1.1751371844760126e-12,-0.015897367524029773,0.018371145025533803,0.38427555601143126,-5.349466482597767e-13,2.722433067962554e-12,-0.055507257442605845,0.06443116724898586,3.344640720295865e-08,4.651986055369865e-12,-0.004700068263189094,0.04473307529583359,0.011519839019305752,0.000286533885541553,0.0005254093050605576,-1.953915015963816e-05,-1.4738067805123248e-05,-6.77518377909649e-05,0.0027153799944485183,-0.00017535231964208646,-1.9835859975874684e-05,8.153195725885407e-05,0.06953630494832609,-0.00724984836608168,0.12313675919576317,-0.08678358080816509,0.029977217298907417,0.03251359764470501,-5.6597199785196355e-05,-3.1875992289881755e-05,-0.11505011488870547,9.372147510447434e-05,0.002408041777501222,0.0023971474012133643,0.00030654093014234666,0.03761071518426038,0.1443592583556274,-0.0026972700827211545,-0.24079136228993903,-0.023662523088443195,0.01110713305063358,0.0022158057663932487,-0.09771980021580581,-0.23050929680749857,-0.08097914563011802,-0.010605046122728255,0.056094895543893575,-0.02922057777721485,0.03928622392264813,0.019907764582121477,-0.005586987518226006,0.028133527333620182,-0.13388637650297416,-1.75843294825772e-14,-0.13830633400684006,-0.17122257665327817,0.007138720024972589,0.10603462682498821,0.05600173606432953,0.02317019415718134,-0.05856930468395593,0.12730940201801805,0.012067397337415856,0.10199188136532632
69,-3.8688348316629265e-32,-2.2440916563493778e-32,5.7251155381927236e-33,3.454565525608204e-14,1.6277944078274628e-14,3.848615245612373e-14,0.3966994501150234,0.02394828330849494,2.415691993599752e-13,0.19056335601708105,-0.012549125047847986,-1.592043635790403e-16,7.946650490766535e-16,-5.112947149618906e-16,-1.1204139750750438e-13,1.226469504023637e-09,0.441523069202196,-0.02386440362989579,-2.840767810884862e-12,0.0001482036132351563,-1.7497308361043223e-09,6.504410847758567e-10,7.279556906458793e-05,-7.115329373410916e-09,-0.00017874782160360087,-1.5021659317165377e-08,-6.507285914762645e-07,0.3739426913043562,0.07404219385353034,-0.005195007216174448,-5.216709815164532e-13,1.2178703480740004e-12,-0.1891809139100453,0.05448525945259026,0.3786796762665614,6.224074539163965e-13,-2.1603699678972885e-12,-0.06380936356136142,-0.031194946238613384,-2.8005899504166524e-08,-7.06204785588283e-12,0.020811682140663652,0.05146133625271543,-0.01612082619770836,-0.0004470680282230363,-0.0039614160834492715,3.338337836526245e-05,1.9098216818193607e-05,8.576949416334803e-05,-0.005598032859974955,0.0002726478611164671,5.907450676667849e-05,-0.00011540320904910252,-0.09133195732119413,0.03543265574953985,-0.173735802594403,-0.18301099191976952,-0.0023465054303312767,0.009342625453172482,-4.331345819514256e-06,-1.0056187156729325e-05,-0.036354824775909685,5.59099277349108e-05,0.0006644610693097309,-2.0198840743558347e-06,-0.00013917956410694523,-0.02020566463713271,-0.06671395330260892,-0.0003916897518959905,0.11417614453168673,0.007977471767517931,-0.005749852319198643,-0.001130929168931593,-0.0191219816708326,-0.16299398778074214,0.16480118143109704,0.12836877806119298,-0.025951971407829094,-0.006435795092511546,-0.059606621627421585,0.059701556855088336,-0.03640334563990015,0.04041134350801652,-0.10407576589605838,2.2672605872627433e-14,0.11186420342071361,0.05712627441115231,-0.143498657872457,0.06814510731908492,-0.0671971102790551,-0.04555327841906281,-0.03640932131349492,0.0966060943248376,-0.09282522900382308,0.1496211877095557
70,-1.4243313045743347e-32,9.346808986989448e-32,-1.8056808500408188e-32,1.2718373952483146e-14,-5.194459987950141e-14,1.0255214656691275e-14,0.1399127036412299,0.008410943801617235,7.242278931641815e-14,-0.580642935545143,0.03784456772104219,5.523686121046623e-16,-1.3476311250721423e-16,6.225442368327369e-18,7.873508993782634e-14,4.355153122778254e-10,0.12512874722474818,-0.006672751189485845,-1.013469947070623e-12,5.480968609327894e-05,-5.975822315381004e-10,-1.7272151667509288e-09,-0.00022511443161073885,-2.456730757468744e-09,-4.5847054326048e-05,-8.811179525265998e-09,-2.039182258438386e-07,0.1182578527515631,0.021288475425461834,0.0002760430518943778,-1.2588553016308463e-13,4.115546724443279e-13,0.5138995091055995,-0.0982925357654029,0.14680429623196886,2.697292663413085e-13,-9.21431633645398e-13,-0.02077288839040699,-0.014205070817676196,-1.1034001598482847e-08,-6.973955261226071e-13,-0.0675614913011126,0.014420174870598566,-0.006053202608651687,3.170031338904051e-05,0.010180562920411607,-1.006031929502104e-05,6.078512968099532e-06,3.993694414350222e-05,-0.001750623661084471,8.423638462590027e-05,-6.808854251058342e-05,-1.787449985591998e-05,-0.026125126725706906,-0.05816312266233454,-0.024315607869752866,0.02142137319080027,0.18189143393213705,-0.04954778840358368,-3.6610704970449465e-06,-1.1048563388292776e-05,-0.021679338023133543,2.8576619711767913e-05,-0.0007820971036290442,0.00013161123968600348,-0.00020252743451949266,-0.017511760625386327,-0.054698626259303336,0.0015951011474101618,0.08804013804984837,0.001518063473431262,0.005836415470519269,0.005315049548277017,-0.005883854758381417,-0.025656902423559003,0.0773810663626188,0.039068985116388094,0.061469603372551175,0.06337764313682932,0.15832705682470294,0.012910637902028746,0.01906318266538721,0.014568309994070765,0.07580642398812401,-3.2811249200152146e-14,0.07933500990929813,0.07869768790149105,0.09523530735241054,0.093026295546384,0.34219993876290933,0.0491263890251338,-0.01508656772458739,0.15024440221792779,0.19405967678991304,0.02817469974642066
71,-3.583564706770302e-29,-8.292567680831955e-30,6.2168192888093255e-31,3.174681237184631e-11,1.957488893290604e-12,-2.9135610526463665e-11,0.0029700438788194078,-0.05650798689785226,4.119824637797198e-12,0.0002070483772033332,0.003481591866950671,1.510955230072686e-17,3.0723589733072806e-17,3.750370116355144e-17,-4.325702517329712e-12,7.533079595850433e-08,-0.0023537448173315827,-0.05138952779601611,-1.2481598688009588e-10,0.05149632782594636,-3.889492589556245e-08,8.133384098901596e-09,0.0031250132466798266,-2.533100925481169e-07,0.0469328393985002,-7.750415206830859e-08,1.2801040514275174e-06,0.09071340964844446,-0.4692608435528893,0.13846324458697284,-7.312204858593061e-13,5.9477333771957555e-12,-0.0052320811930006966,-0.03390675351623707,-0.07417110975143082,-1.155363915424478e-13,3.355518950446667e-11,-0.4328571889643173,0.40592677376686115,3.8242579902685536e-07,-1.2765934853093827e-12,-0.020933129807706143,0.3445159670700206,-0.027405836736995485,-0.0006705221036682513,-0.0005035658975686025,3.907103369043054e-05,2.9702229984326784e-05,0.0001432000739327145,-0.0016894660425399901,0.00033278208125532663,2.6536024281099343e-05,-0.0001460161860961761,-0.13974177312129968,0.008502339646217072,-0.18244808486809858,0.22246330986081492,-0.08360742534963878,-0.09645860024460912,1.1145593059859755e-05,2.7202858376208577e-05,0.09861723983070933,-0.00018219902795311773,-0.002926787313202834,0.007361840989252926,-0.0005915230348249632,-0.01797767587511003,-0.09368593041407204,-0.00015062326719751808,0.1401407659714304,-0.002370404104744734,-0.0022849923523217677,0.00029182986145778137,0.011939540722448376,0.09139916863771608,-0.10527745087933434,-0.034149142959282404,0.041187174387127753,-0.02255202103017988,0.024655104822821926,0.009772086972140914,-0.0030314506944213054,0.021401359137341595,-0.06692466844493944,-1.680842487648965e-14,-0.1336198292079969,-0.1687000422853935,0.007608780763011123,0.05226327183596501,-0.038053186534556485,0.020209622874314458,-0.043471045017467215,0.12330130298084564,0.01129909232371444,0.09472192348072273
72,3.060702691538771e-29,1.7223701917078893e-29,-4.6532310743190815e-30,-2.7114315551709917e-11,-1.277334555985672e-11,-3.039085687374211e-11,-0.0025384768848498948,0.048289600784731185,-4.493814142667768e-12,-0.0013234171955970075,-0.022828700342949027,2.523883267563651e-17,1.323630061331051e-18,-3.8612554200756745e-17,-3.1220610481509313e-13,-5.091587089810221e-08,-0.0025648561796423343,-0.05476242474275055,8.071131350685506e-11,-0.04403458470226281,2.832779530616377e-08,-3.965106464013916e-08,-0.020819382184662793,2.9570637229488414e-08,0.04990518455596531,3.558974893650218e-08,-9.170789523785542e-07,-0.07787994317863041,0.39510648399934944,-0.15479075736370113,-8.410730816038677e-13,6.613146945811685e-12,0.043315922989133386,0.19764970264553886,-0.07474161306089505,-9.473728214825606e-12,8.29762563006258e-11,-0.49114974242184417,-0.2940281369222458,1.000185926739882e-06,8.222354874910654e-11,0.1559780850592586,0.36224773958033635,0.08928425849421526,0.002139822063533711,0.02609588188479604,-0.00011069424509959941,-4.5177430164649484e-05,-0.00023572686316471883,0.02568870040889102,-0.0012053129528292199,-0.00026889614174215655,0.00022890595680405298,0.21830551767181078,-0.08522080183417481,0.09014847803363692,0.08806252868570245,-0.03300345727837658,-0.19823914996328648,3.0957279947799726e-05,2.776894756403766e-05,0.10458602753191279,-0.00023890962052496945,-0.003558620864397197,-0.00697792481601651,0.0005340957312558838,0.0104337397108818,0.07812003323612855,-0.0011124266580143478,-0.11082360133545933,0.0016052952157856622,0.0012043798703092856,0.004019266200259967,0.05424170221834999,0.19673928461530824,-0.042455223178826905,0.030242352063929386,-0.018423338136000812,-0.0018305718663747742,-0.00854026738195226,0.03705462751585273,-0.02783360897432428,0.030069081757996798,-0.023200831106221592,2.1392937467471137e-14,0.10450624852385833,0.05674585633207619,-0.14066582612128636,0.01623686262588965,0.06824490322389687,-0.0032593350429961,-0.021796789813490355,0.09311609739502283,-0.08729399520733945,0.13911741598747834
73,1.1277537610797579e-29,-7.354796725686735e-29,1.4682269217904666e-29,-9.99093259920619e-12,4.082181892852685e-11,-8.126794883047129e-12,-0.0009353417875553288,0.017802272818058875,-1.5154890432711213e-12,0.004184981162075182,0.07287630971741607,2.968950622835147e-17,-7.258407998631623e-18,1.6227425226754371e-16,1.4133614039822594e-11,-1.8481793115048736e-08,-0.0006584999558616834,-0.01472718955311166,3.524873102714344e-11,-0.016218778594394793,9.648981950165328e-09,1.1987951897232943e-07,0.06649988624255553,1.2773465982221663e-08,0.013455882575449224,8.07064925801068e-08,-3.0398714555395725e-07,-0.028149059443593145,0.1458653556133542,-0.06058955438671892,5.838956548488941e-13,2.088199830151675e-12,-0.12546946079303012,-0.6302853461126754,0.0069509374834073505,-3.194723919954439e-12,2.74418346465285e-11,-0.13624685840710063,-0.11363488616831424,3.13676484237774e-07,2.777067187994254e-12,-0.4878382296090151,0.10227155699397958,0.03524223082018585,-0.0004392891120989945,-0.07013065896978034,6.199631136372756e-05,-1.871395859097894e-05,-0.00015229285688229282,0.00849651033379767,-0.0003899212348411823,0.000396901461317074,3.0516060692955985e-05,0.07721036014881237,0.21329631246595449,0.024853364198974524,-0.02054914290698482,-0.2649082048010265,0.06148966702596911,1.0264731839909793e-05,9.847880994870181e-06,0.026298532828119964,-3.2645548841490617e-05,0.0003970815248393527,-0.002440701074617456,0.0001517537526001044,0.005861369321049835,0.031253614891504945,0.0016176214255208012,-0.0538628026318992,0.004414807289128529,-0.009224548264533424,-0.008598511631291501,0.013455323889534377,0.030802448402281572,0.02264235755620884,0.02081356767128094,0.04114942339980579,0.046190686658116584,0.0628679783419037,0.009311077026436613,0.01608212689104567,0.011707546333060752,0.04888204424015166,-3.032697736405043e-14,0.07534102099378541,0.07779615731822961,0.09361587002694385,0.05234353758140445,-0.20238206937801936,0.01755047087991449,-0.010536326778752204,0.14617944709657557,0.1836478213578809,0.025451277129086573
74,4.932060959460616e-32,1.0841749481902288e-32,-8.226191381205902e-34,-4.403580642469618e-14,-2.719700535439138e-15,4.069630684921239e-14,-0.00015049950264819787,0.003012446609973941,-6.404046135150024e-13,-1.1059803850511624e-05,-0.00018693163628309947,-5.425925970938065e-19,-5.003477047009773e-19,2.4284588575587316e-17,-2.0662169228900383e-12,4.233985073513553e-07,0.0001158298993631723,0.0027353023962134806,-1.7136953180938464e-11,-0.5415215491539498,-2.881922383658937e-11,2.852763664101406e-08,-0.03282155184170831,-9.514312191745768e-07,-0.4924949660758097,-2.509427165793393e-10,-2.1469307231347757e-08,-0.0016361362270579506,0.01518314037964107,-0.008527423663060097,2.1837731090217257e-14,-1.60195047852659e-13,0.00022059108925856938,0.0011997728196363104,0.001652491733158352,-5.602100922197643e-13,2.2333065761750628e-13,0.01337223066329221,-0.045702531030985656,5.116189888298292e-09,5.26078622286718e-12,0.0025455333272080107,-0.04070185274409364,0.015823054714142228,0.0003925011322005542,0.0003416070378005223,-2.6705804097071218e-05,-2.0804572185429953e-05,-9.591326677282112e-05,0.0035745271274014666,-0.00024081789479900924,-2.4259351331543264e-05,0.00011373458010066297,0.09802505146491303,-0.0068366847467879336,0.16430384264433576,-0.1865357552020453,0.036562546388979024,-0.0021449701191797194,-0.00011678006233635623,-4.561054434075031e-05,-0.1652160009078929,7.238870382737272e-05,0.003201467742982893,0.025425802933141835,-0.00156636531011398,-0.047994874826201316,-0.22272786854406987,-0.002876417794094808,0.33518224803015345,-0.003467428835914207,-0.007069665783062952,0.0018160719762033714,0.04216935291337012,0.2301429340053064,-0.18472216733848768,-0.04271169377467269,0.04979994890534689,-0.026097942418738182,0.038796291718730745,0.01316419611649698,-0.0038651466007740194,0.02443636057538884,-0.08836736869694614,-1.7355837757902163e-14,-0.13706620174036638,-0.16998889138644166,0.007748505177849966,0.07077377969628576,-0.09016072009091738,0.031003852065900627,-0.05069345158090464,0.12438907629678476,0.011898779330394668,0.09773155555629477
75,-4.2135087331053186e-32,-2.4425971194937424e-32,6.235382134806423e-33,3.761982734136202e-14,1.7721134601193247e-14,4.18944617024154e-14,0.00012865627486068437,-0.0025750385806836734,5.949393661627206e-13,6.770593088809018e-05,0.001218264404749147,-1.2613964421599158e-18,1.0191011101179565e-18,-2.1156652497039495e-17,2.417038333841028e-12,-3.6324513558985295e-07,0.0001317896685130705,0.0029244351961671563,1.8425925948093452e-11,0.46319053435256763,3.815426416972745e-09,-1.8928354765067775e-07,0.2188275023870905,-9.997053126406885e-07,-0.5239945684598944,-2.125324977878228e-09,2.9567671832853002e-08,0.001383781994376878,-0.013262564345375495,0.006561807637903813,1.531571854701722e-14,-2.0707942593578147e-13,-0.000844320403205627,-0.006883573892368398,0.0009441575887568433,1.313448358766976e-12,-8.096276011625841e-12,0.01783342837144297,0.037186443123045324,-9.936531368234812e-08,-1.3013125130202873e-11,-0.018397484519968345,-0.042464945911431115,-0.02386997959688021,-0.0006347255053524636,-0.005830249116583339,4.278500857787138e-05,2.2997912522503022e-05,0.00010818692636866508,-0.0077596318402372725,0.00038026310628739435,7.997003960571421e-05,-0.00012936049224727898,-0.11006932793724264,0.036855991809011654,-0.11429885843091933,0.01514873159155761,0.025952588007374818,0.26225394616602155,1.547796295176928e-06,-4.7233482636155217e-05,-0.17207631883615085,0.0003928320290067555,0.00440127639807603,-0.018412099933185277,0.0013433893242750911,0.008721542549518119,0.15226130551585043,-0.006165738562248773,-0.196825408046499,0.0023983751165390574,0.000913115996375131,0.01103661879832354,0.1063198894279356,0.3901842208808487,-0.09885619861205971,0.03778591229072087,-0.01968887828084241,-0.003385436665653946,-0.008534742530899869,0.043466203819306194,-0.030526254341107065,0.03348314306518426,-0.036950514591347204,2.1373265714455223e-14,0.10588186246106464,0.05616815135789948,-0.1398849823309663,0.025812808372714078,0.13203048248945762,-0.0013330204612738506,-0.02656005491614054,0.09332627271525719,-0.08831928715525512,0.14168047688192742
76,-1.5525352666114344e-32,1.018766131959291e-31,-1.9688346644185752e-32,1.3861959265473577e-14,-5.6616865534192225e-14,1.1180645695624965e-14,4.7400016138108e-05,-0.0009490030694266451,2.1090031927728672e-13,-0.00021273934172809486,-0.0038852529893518453,-1.5216605348211905e-18,8.4604976842262525e-19,-1.795264228572972e-17,-1.5550186451023133e-12,-1.338185046734682e-07,3.352289764347221e-05,0.0007874673532588095,5.2135475623248796e-12,0.17055079609878027,8.845478600405337e-10,6.034544001230167e-07,-0.6985398719068628,-2.7031776176596346e-07,-0.14112214828018074,2.5635631396413925e-09,1.1279521574850174e-08,0.000524426404492849,-0.0048594437269007225,0.0024906583043586097,-3.249429194364121e-14,-7.245517487562894e-14,0.002416466572657181,0.021300217554087723,-0.000863412233467445,4.644430249447933e-13,-2.8424301379892233e-12,0.005072379610650919,0.013933845802241591,-3.3107243925651106e-08,-1.1096734802896658e-12,0.05750355830226616,-0.012086952608556509,-0.009438228808820715,5.292719049149755e-05,0.0159971376151888,-1.5511638209820076e-05,9.243658849912965e-06,6.0866124230795054e-05,-0.0026815941903350366,0.00012913792274760018,-0.00010526553513192418,-2.712542623651659e-05,-0.039713741079547,-0.08860098800689754,-0.03672694278951447,0.0401416887994194,0.288791660177877,-0.0729338747245385,7.332282330813174e-07,-1.920797566375205e-05,-0.037195959165863594,5.635625372267375e-05,-0.00126916546494427,-0.006246724677145033,0.00024256257732947872,0.010793365862753219,0.06929235805183406,0.005851483373786261,-0.12770288766147467,0.009137013449734766,-0.022660084401146845,-0.022060555552843794,0.026858635964925808,0.06733131175071945,0.028778250684313195,0.02759378221700613,0.05107051732020301,0.05502557733757074,0.09546650457718833,0.0111053879510027,0.0176770908761347,0.013183301455259165,0.06240241724792844,-3.1508103967456967e-14,0.0773750933264495,0.07795832524562253,0.09368528320543519,0.06998797981058229,-0.47233755409209527,0.027966896989172974,-0.012772027814498946,0.14696557279011693,0.18824624037654772,0.026651386092991135
77,-4.655360359880672e-34,-9.630380700800868e-35,7.421855868903371e-36,4.189079524389937e-16,2.593156778877199e-17,-3.915695105704386e-16,4.53379384907482e-05,-0.0009444646225935355,3.7635996409650327e-13,3.519216090455388e-06,5.900638666240891e-05,-8.537459713740992e-22,1.8992300999577566e-19,-2.31773287265665e-17,2.2448647623386377e-12,-3.987593387204459e-07,-3.350960327798433e-05,-0.0008553345701946099,2.5866704106893336e-11,0.500241498807793,4.042207920716285e-09,-2.7089487283050275e-08,0.030251493243669766,9.089309038682757e-07,0.4548418051129086,1.1674689888880533e-08,-1.959619519210927e-07,-0.013637247045213132,0.07377002000296769,-0.023831665870998216,1.157387810907957e-13,-9.127052074166952e-13,0.0008443932143460424,0.005414357844955112,0.01141895655332589,-5.268108265973152e-13,-3.730554872329889e-12,0.06727641217822533,-0.08944301854710585,-4.0039867940959154e-08,5.3286103996092994e-12,0.004786967519304195,-0.07748190030273173,0.019072210206709607,0.0004741564166030228,0.0004035982897672495,-3.1815032903089303e-05,-2.475771323443871e-05,-0.00011458310553537598,0.0038988143162859367,-0.00028363701345686745,-2.7979320236775968e-05,0.00013400874001215013,0.11663027254439134,-0.008042962787695984,0.19147461523573878,-0.21878061401405036,0.0462152099758222,0.005614485191716892,-0.00012645768049899885,-5.12171705197281e-05,-0.18553084055098729,9.259343272356832e-05,0.0036779985143138585,0.02676541035430483,-0.0016383154734592466,-0.05021781714830953,-0.2322347289592105,-0.0030807379881525776,0.3495569269866944,-0.0035451549255618737,-0.007428779187991732,0.0019275806359589198,0.044431093186899376,0.24046880874433987,-0.1905647771727237,-0.043318531867815764,0.05042488129544328,-0.026342104079243443,0.03984570647575281,0.013418284567068554,-0.003926781780803111,0.02465963571951497,-0.08991618463789615,-1.7447239683746546e-14,-0.13725517349074903,-0.17002006094953126,0.007751829025686071,0.07213328718691142,-0.09407865850082164,0.031797229713724826,-0.05121594711741246,0.12447723487341399,0.011958492357477516,0.09795303719801765
78,3.977713232953562e-34,2.368784058735178e-34,-5.722548267106108e-35,-3.579281496214648e-16,-1.6861857827315796e-16,-3.9453037858421867e-16,-3.875617793616236e-05,0.000807322616364817,-3.356094955153908e-13,-2.060219319616541e-05,-0.00038241216403357,2.9230293965167073e-19,-1.950695449799155e-19,2.0166358196240262e-17,-2.3150984000278563e-12,3.4145446387833533e-07,-4.0609047076664693e-05,-0.0009186788866846245,-2.4308234106112066e-11,-0.42777693836956737,-6.66902774299462e-09,1.788499238025738e-07,-0.20218054897380405,9.213912084595666e-07,0.4837795646391414,-4.731955641312756e-09,1.3906091468831322e-07,0.011711500404461131,-0.06215835004453231,0.02567303849748377,1.2547267642946536e-13,-1.0373581066183408e-12,-0.006559103209514081,-0.03129472078845341,0.010984345883896737,2.3364333230657285e-12,-1.7277111997797632e-11,0.07844526073068946,0.06808801437930885,-2.098557346602209e-07,-2.1823672752305738e-11,-0.03503350412028125,-0.08114875779310574,-0.03360116498765251,-0.0008701442899233193,-0.008599750202000794,5.5469107405957555e-05,2.8518054455099698e-05,0.0001362576015196367,-0.010598567810905077,0.0005141632594822653,0.00010943830620901441,-0.00015816831259246253,-0.1366754717940771,0.046795293724433695,-0.1300529488218142,0.008752609822395997,0.030711313296843193,0.2980078222972807,-7.824619676169527e-07,-5.3017522214192195e-05,-0.19341633017619103,0.00044166295770649836,0.005019150194055066,-0.019261418478985656,0.0014035196627847353,0.008579119956006197,0.1577421383952149,-0.006543952326272835,-0.2031635678572681,0.002458302425514066,0.0008850372570642355,0.011555504997607097,0.11019183524908994,0.4045663100068188,-0.10305267082415087,0.038341271647259215,-0.019767227143157852,-0.0034915978522875634,-0.008510489095719187,0.04393940966787661,-0.030720420520238424,0.03373759710622586,-0.037959535313894996,2.155539434212845e-14,0.10598650764927138,0.056127245044049534,-0.13981221102738192,0.026537688650529762,0.13665696163657123,-0.0011810231236897817,-0.026915902306002246,0.09338020881613285,-0.08835946261578875,0.14188219323804427
79,1.4656702153696785e-34,-9.679578488461694e-34,1.8091102600738497e-34,-1.3188822630521172e-16,5.384929669804277e-16,-1.0492735165999631e-16,-1.4277862895600658e-05,0.0002974807693867783,-1.2079720566677204e-13,6.422160214895814e-05,0.0012179085043615204,5.538487290448875e-19,-2.682984465242817e-19,1.022279384821055e-17,6.629322725493063e-13,1.2577156919902878e-07,-1.027303067211418e-05,-0.0002475926980926011,-7.80653391739743e-12,-0.15751163843041951,-1.907872843853642e-09,-5.693213172349823e-07,0.6451345356335066,2.4808830557375633e-07,0.13015748112107736,-1.2180839162988215e-08,4.642618112981982e-08,0.004234274578175429,-0.022942675984957982,0.009982478759033934,-9.941007608079137e-14,-3.32591528095554e-13,0.01892175490941204,0.09942796674295634,-0.0014347808047820657,8.084694705450028e-13,-5.8628389023551596e-12,0.02186381215584757,0.025952336530657802,-6.761327935996252e-08,-1.4388543241460777e-12,0.10956890295985972,-0.023019035325057308,-0.013273684201703214,9.686555932977534e-05,0.02344881179210684,-2.2078927692692143e-05,1.1511077816290258e-05,7.841919508354759e-05,-0.0036262659350258415,0.0001727600802551973,-0.000147906098529362,-3.162834147585612e-05,-0.04917153605570287,-0.11324592270173905,-0.04143593432761012,0.044719925544701306,0.33190947562895917,-0.08328429357075051,-3.4740768355338784e-08,-2.145375085690235e-05,-0.04215178702982821,6.332801433077486e-05,-0.0013944150970509517,-0.0065287802519585604,0.00024919462607711333,0.011151685622241014,0.07210760751860809,0.006165899401290901,-0.13317208775541622,0.009486672983718284,-0.023658619731589208,-0.02305871301303708,0.02787459651457841,0.07013576082694606,0.02918269113495905,0.028090795554452107,0.05179765318186081,0.055664990494739754,0.09786652384607926,0.011244899431565987,0.01778693812285729,0.013298900184644982,0.06337268161680651,-3.1472300790773546e-14,0.07751791742464297,0.07795245458576569,0.0936625357254442,0.07129309696688736,-0.49235698243350096,0.028737391909552046,-0.012945784965390724,0.14704408727303112,0.1885561355921838,0.026772522730279986
80,6.183231451769634e-19,1.7985478805863264e-19,-1.2774287323046971e-20,-0.5227910411078246,-0.032134867826013686,0.47525026108727353,9.503720671166456e-06,-0.00017395668835752196,-1.035251043691209e-08,6.867519873681721e-07,1.1466456310424584e-05,-1.0599317691827246e-16,8.87110439136879e-17,5.301080226615096e-16,3.3025828127147256e-09,-0.0001260625111742239,-8.703755942171569e-06,-0.00018169151933454265,8.408192169717105e-08,-1.7372010744656388e-05,9.240770507523562e-06,-9.0045829892352e-06,-1.2867351898147142e-06,0.00020112793040293566,-2.3925429741136924e-05,2.9333209848862347e-06,-1.7122898054393538e-05,-0.0018553624394645827,0.01678623618283432,0.060011778319694474,-1.8114876889491866e-12,2.690162417379699e-11,-0.0002056062533837543,-0.0006621974878505041,-0.0013413045445085877,-8.520231307997751e-11,-1.244488387563068e-09,-0.005793813543787605,0.00034612457851089306,-1.4206876591309838e-05,-3.9864751916085606e-10,1.3633557508013443e-05,-2.9901182355829473e-05,-0.19249452648101165,-0.0027355515945351495,-0.013718563499029595,-8.25603393769458e-05,-1.4451389470236084e-06,-9.674878551141409e-06,0.38686194714510974,-0.006118575348963735,-0.0009183711016850096,0.0002835446608440456,0.02152218667435124,-0.0002903916752029695,0.017495654527398288,0.00950230042876454,-0.048361236016410104,-0.10673391005567087,1.3358780600082e-05,-5.5040475598372915e-05,-0.20204529563487555,0.00023147790565384722,0.005494887126568065,-0.02359667276605772,0.0011687034175705473,-0.0015827135563878142,0.040078872811753756,0.005943897716241074,-0.02634454046636389,0.03720721777943272,-0.007427098595224529,-0.005508594945098259,0.07993524181002595,0.04354725220374135,0.2779429938859726,-0.005479227016249037,-0.05870762062695453,0.020509146768156062,-0.08794850683027396,-0.036293731522317685,0.00855359696137262,-0.017537319128040768,0.21484404587066788,-1.0621513396217859e-14,-0.10685019875247834,-0.18057586219275526,0.00363711389081204,-0.18243826262272667,0.01642984098084605,-0.05244858071875416,0.04704263783568689,0.12977491642141556,0.0018925795713530802,0.06844487948365542
81,-5.28537072150636e-19,-2.4121106022236256e-19,9.259869365997793e-20,0.4468028683263512,0.21089183053318303,0.5061087039685236,-7.726735843347537e-06,0.00014115312942337803,8.942786830259183e-09,-3.973877273252783e-06,-6.61697708980555e-05,-2.2755002134410625e-17,7.86517874562338e-17,-4.732585712816957e-16,5.206876037867738e-09,0.00010961473867636617,-7.3649921087652625e-06,-0.00015090172615878534,-4.1933992945412384e-08,1.3172046137896763e-05,-6.930147311797024e-06,7.459803639298935e-05,6.087500496235179e-06,0.00021288580275027116,-1.1875144399227238e-05,5.713427276384501e-06,-9.282830886948039e-06,0.0009443451194788856,-0.007137551903375972,-0.016948595580167508,1.161767471253222e-11,-1.8900173454212384e-11,-0.0002913980559917356,-0.001541568246854729,0.0013199078209390625,-1.3533908306129692e-10,8.572792406574047e-10,0.008340681429604358,-0.0005117901248250544,1.0527872390974613e-05,8.204118384270666e-10,-9.331172770958795e-06,5.298797888267179e-05,0.359558649138138,0.006567942013751505,0.15486356801875048,-0.0001301576509198146,2.457844882890769e-05,1.998287481054286e-05,0.17099064260090313,-0.004741452999035161,-0.0010195243863735702,-0.00011545283940607051,-0.10434760886865807,0.013447282231963965,-0.037548264766469476,0.011103494344613414,-0.005230601343855326,0.05718829008298334,-0.00012610407324755297,-1.4361782227269293e-05,-0.06347210113270202,-2.848085525475281e-05,0.00441933093017878,0.03926623303202237,-0.002109419354302223,0.04008925969836162,-0.07606850082091504,0.010708208981560451,0.01832474692368033,-0.020327641042680276,0.01273782299335695,-0.015438549999439182,-0.0908326470454233,-0.14685417264259415,-0.1792430496970323,-0.2351314248977963,0.013517152824314625,0.01908894893244358,0.10924767818085007,-0.06528890573302212,0.014037568941959198,-0.021205973550601706,0.23490838257538185,1.7579562972964666e-14,0.07940755527111103,0.06042582335787529,-0.16057826638025385,-0.1536676007823559,-0.03156600665580554,0.07964479306757445,0.04796546188163382,0.10089169190187419,-0.07442550775235904,0.10995718364780559
82,-1.9471600691318194e-19,1.2261794554509041e-18,-2.9206881387439944e-19,0.16464085013950147,-0.6743490809629703,0.13562700955334123,-2.842510300305692e-06,5.1961125702678985e-05,3.204929813593576e-09,1.25348636548421e-05,0.0002100678078736931,-1.149853950951681e-16,4.002582958600786e-17,2.2551952321347504e-16,-3.017209485963521e-08,3.9500981356133784e-05,-1.8783883658595552e-06,-3.9989411652281835e-05,-2.579788528653334e-08,4.830554266699571e-06,-1.8605562750339661e-06,-0.00023283099402595053,-1.9126241030669707e-05,5.9694516088249096e-05,-3.022370814472493e-06,-1.69693760577858e-05,-7.4479667170215485e-06,0.0003361540570823519,-0.0025306371265437395,-0.005720282255403697,1.0556602039279466e-11,-5.140629918420854e-13,0.0011063151532966433,0.006025402082967121,0.0001438099254720075,-4.6066480221977536e-11,2.733466903735784e-10,0.0025400817543139186,-0.00012965272651916472,3.0460128498352715e-06,-8.418759775663963e-11,-7.717340238816722e-05,0.00017037982776405214,0.1417187064752494,-0.004195851639622585,-0.40701459233588305,0.00017884788739275145,6.556227810362467e-06,-0.00011162113987029178,0.05206835683452718,-0.0013301104003898077,0.0013445037106234504,-5.6393623115322165e-05,-0.0409621280158991,-0.0401759701451837,-0.009252863855727505,0.017033166988043264,0.09018976677502075,-0.0309139414359103,-3.748598343570972e-05,1.3290513708486516e-05,-0.01570219435453735,-3.713014096751543e-05,0.0030602755423371052,0.012997754794752686,-1.705528048668104e-05,0.019944539853768543,0.003133210216588871,-0.014378646890025593,0.024025297408483453,-0.015962590251298866,0.024602780473295914,0.02602263068587768,-0.020896067237552034,-0.04077178854977005,-0.15146728890876,-0.06851020513755904,-0.08246971562305819,-0.06338025110662633,-0.3567792338249062,-0.012868812302149235,-0.0035232761297117094,-0.0067312661846423046,-0.11661355684142695,-2.2893523336680288e-14,0.06039697862154157,0.09054859091080096,0.1075717720360362,-0.16700980328688703,0.04654189661377469,-0.11575894718422718,0.017855880642982935,0.1574721538182553,0.14659047065308195,0.011443971692097063
83,1.1111663140192224e-23,4.478362823943121e-24,-2.865212610845389e-25,-9.61453123405101e-06,-8.099440922146527e-07,1.4214410376602947e-05,-3.988479811280107e-09,7.549473119651457e-08,7.901906895036781e-12,-4.072427619543436e-10,-7.014180994607969e-09,9.52765359118681e-20,-4.8673578475334233e-20,-8.439244768735936e-19,-3.5023054303421865e-12,1.264975714989632e-07,5.998651724948819e-09,1.300309314850341e-07,-1.0229300211829315e-10,1.5995749807215863e-08,-1.421283323399542e-08,1.327788591403915e-08,1.7010606502545085e-09,-3.3217424438512574e-07,3.6603553926549106e-08,-6.231673395028616e-09,4.254405268971205e-08,4.267066465180322e-06,-4.333126190718379e-05,-0.00017814063859521783,7.166336311178703e-15,-1.1797748213175608e-13,6.501430087418449e-07,2.2823479192306966e-06,5.192750000818252e-06,5.646318782801976e-13,7.504356231418295e-12,2.603556470564494e-05,-1.583147901407774e-06,8.61394045837692e-08,3.080916198663089e-12,-8.659169905561688e-08,2.5065247704243256e-07,0.002470149103713364,6.851034038594327e-05,0.0002574685483077803,8.647225588135014e-07,-2.5035744820908838e-08,2.4512151422671726e-07,-0.001889257261614964,0.14443055233090746,-0.021410612227198113,-3.9562366464459515e-06,-7.761769594457291e-05,5.419560046308958e-05,-0.0002625853254341599,-0.00036540230473951793,0.0008271511663541995,0.005987491910353782,-7.763038778273397e-06,1.2001969964743404e-06,-1.008842921418456e-05,-0.00028706896033440995,-0.40427675701604815,0.007006641306618212,-0.0006467791318568223,-0.020536759603897992,-0.30249108105737577,-0.6854363050054287,-0.20240914830086365,0.007546532200110376,-0.007629026106356219,0.2714883336621345,0.01153050034890014,0.011059807718305701,0.035020615803183316,0.013126872280184946,0.006119751885544953,0.0038268293851084086,0.011253624300451659,0.01037343072311991,-0.15386766023369836,-0.3340922194794858,0.001322613590911111,-1.6486419555632989e-15,-0.0031703261575144037,-0.0105005097998766,-0.0025350435163884054,0.013885941245277698,-0.006732723606834161,0.000814096092732815,-0.0149597766970743,0.02347615348573951,0.004353710189828405,0.014666027978317875
84,-9.497349758859066e-24,-6.111094571982967e-24,2.1392931341629812e-24,8.217096886910374e-06,5.308965944068241e-06,1.5136884482210143e-05,3.2533700514790807e-09,-6.146138639053205e-08,-6.833307493882751e-12,2.2900187441263207e-09,3.9327336054656184e-08,-1.008715204060998e-19,1.6775255208532483e-20,5.333244653425017e-19,-5.666384428713601e-12,-1.101513264322346e-07,5.035686310062619e-09,1.0710904739042345e-07,5.0578360698318777e-11,-1.2178996962162737e-08,1.0648666561509363e-08,-1.0211672373707026e-07,-7.654729577795292e-09,-3.5145997112670046e-07,1.791426968655491e-08,-1.2204340690520526e-08,2.321159584410737e-08,-2.1931890918271086e-06,1.8660770791072757e-05,5.138301338711986e-05,-4.7564560490768135e-14,8.272507795332096e-14,9.041375773387165e-07,5.340792613832861e-06,-5.100468561285652e-06,9.036357033682317e-13,-5.209991004494868e-12,-3.735525831806751e-05,2.3291512410698808e-06,-6.421077467772205e-08,-6.0831889162061684e-12,7.323204552019293e-08,-4.739607693529451e-07,-0.004064256877776901,-0.00010556349123785194,-0.001730782925699142,1.2927647407897182e-06,-3.344113783537202e-07,-7.204655574317846e-08,-0.004348457983608459,-0.11920503338346085,-0.06672802751670762,1.408132232787641e-06,0.0014159406690727246,-0.00014978803967689755,0.0007617739961402331,-0.00041063685323424143,-0.0006997338716173585,2.9444704076764154e-05,4.282191373797681e-06,-1.7237492379233518e-06,-0.00983849828561889,-0.00028895746953754383,-0.42499046761308373,-0.0054813930686717395,0.0005904133578361978,0.01288263454678242,0.23226120171378825,0.5054928021864096,0.15404898978380652,-0.0015544368167645676,-0.007184215675904929,0.5714740029059494,-0.011009983539127945,-0.013606169785448385,-0.01268500060424072,-0.005778101586930189,0.011228007932012769,0.004154129822773373,0.033212463596872764,0.008489261301853391,-0.15412967553504422,-0.3356819422969343,0.00498979876221367,-2.7253389629458504e-16,0.0062315668359269345,0.0010803726724642397,-0.011203729444792624,0.016189808697530922,-0.02513907783690808,0.014693205559393616,-0.014872943834491817,0.021936885161796597,-8.666650167254365e-05,0.017015739170035172
85,-3.499332248846422e-24,3.0867075631143974e-23,-6.727043610039688e-24,3.0279938345080846e-06,-1.6979930927191885e-05,4.058460855442162e-06,1.1971425490838655e-09,-2.2630247610185102e-08,-2.449921630341597e-12,-7.258515512331179e-09,-1.2548762528125515e-07,-2.012477483905551e-20,5.321603365211248e-20,-2.512744732411775e-19,3.307659415701098e-11,-3.973354550933194e-08,1.3005261772009993e-09,2.8763526980216298e-08,3.125088907340338e-11,-4.467684080796944e-09,2.8554184257989357e-09,3.2233407955762665e-07,2.431210641058718e-08,-1.0108288468595789e-07,4.7341125544129555e-09,3.6767323535763514e-08,1.882752962019134e-08,-7.755311686441477e-07,6.531352629777738e-06,1.6752208849891962e-05,-4.323365099690058e-14,2.540279513577505e-15,-3.583745136826576e-06,-2.190327547061192e-05,-5.897609810012416e-07,3.318009633993513e-13,-1.6664519512438373e-12,-1.165288459694079e-05,6.097700652282624e-07,-1.8765014656641412e-08,4.890865914264328e-13,5.010877742908857e-07,-1.3800706950312128e-06,-0.0016358970637396458,4.033346803197103e-05,0.0045957768829256165,-1.5853530030147813e-06,-1.2094368833438524e-07,1.257948578714612e-06,-0.0012722923228704012,-0.041040036669430256,0.12280698732608276,5.911971534081796e-07,0.0006636884911243223,0.0006524089397760729,0.00025805536209715975,-0.0005615552367141104,-0.003601540818865309,0.00347321259539357,-3.4024513607413383e-06,-3.3477908816426822e-06,-0.013508970148670441,-0.00033075811887529395,-0.48567526654887194,-0.0006158601626721351,2.0333932176112162e-05,0.006406499570146168,0.05426340818828753,0.14219140663576163,0.03781458754451445,-0.005290247164961602,0.013032916230723451,-0.7576585492108152,0.00044111295083814505,0.005768229058056498,-0.018144661877288075,0.012069831872495962,0.003852243747078854,-0.0027253613152680746,-0.02566875124851463,0.013041172458359201,-0.15944323326250884,-0.3433348058302686,-0.03212733041917063,-2.649997586697432e-15,0.005786768202128414,0.00382846099418725,0.004597565554174567,0.0168716878714075,0.02853152833226441,-0.01054499716824067,-0.017835868852842884,0.025322469092772967,0.013692709614082461,0.011048763433397037
86,9.794444086549949e-18,-1.7834063046153214e-17,-6.3321759056186154e-18,-1.4567788526229733e-11,-1.2924821056378737e-11,-4.3842046088505436e-11,5.700992544750997e-12,-1.1657568452472382e-10,-5.177999941634203e-07,5.668096277033682e-12,1.0468537131248733e-10,-3.2401586689700557e-15,1.147782321417225e-16,1.1387487258419218e-14,-3.3887368240232353e-07,-0.004615844715092268,1.1213992459520867e-11,2.4376831694643655e-10,1.0176505740481584e-06,-3.4661452792035133e-09,0.0001651865551259013,-0.0030295316586985577,-2.4919169172720474e-09,-0.008421774895814662,1.565904299864576e-08,-0.00015186821671653804,0.00025562552530194305,-2.1871577048108288e-08,3.012515088280521e-07,1.595338499147979e-06,-1.0260637370456865e-10,9.68052929085598e-11,-1.0053445351141156e-09,3.0911696050526437e-08,-1.414981897406855e-07,5.521328381987843e-10,-2.1346507495268094e-09,-1.4019951499098739e-06,9.086582727206464e-08,-2.7337125967090067e-05,-1.7339149159869006e-09,9.65347848584232e-09,-8.240079176643185e-08,-0.001149504845606127,0.003256478435699542,-0.0005331497598448883,-0.00022199192536814663,4.1592278123052194e-06,-0.00017272844260717102,-0.00021447439836907623,1.1952896828922418e-05,4.133249538535999e-06,-3.821465566086094e-05,0.0021900168981443336,-0.0007873625917923146,-0.003039517755406761,0.0004946909020904599,0.0005284724241753696,0.004979508662082121,-0.0004526280709258653,1.6839321446198502e-05,-0.0001652865554334986,-0.0004160409025469936,0.00022320499760753514,0.19238525331246073,-0.011559472327710475,0.3867453694091873,-0.3054410416779206,0.1851952191631056,-0.17235102845557795,0.00737859256404172,0.09593215073471707,0.011510296120456677,-0.16276268678035932,0.16233744263857194,0.215783994822534,-0.08073937673637532,0.2427613724625231,0.031065771484875302,-0.008641222748893434,-0.402287797706319,0.24214722871656963,-0.11724839233429156,-0.24365143565864286,-8.568686188325045e-15,-0.07266062787901575,0.06802426427986193,-0.19290396222026596,0.10912192856069682,0.013762285083839794,-0.21270924808450625,0.25483708410754047,0.09513405772694998,0.029071687308983237,-0.08751915855403734
87,-7.904785410854436e-18,-7.338274288425932e-18,4.992142208437013e-19,0.0006291655101549809,5.2991674002476675e-05,-0.0009313624251228324,-2.907070696904003e-07,5.49232390682533e-06,4.36040995101006e-07,-2.920564038072735e-08,-5.023094797327531e-07,2.1966646161785456e-15,-1.116534370866076e-15,-1.528475918626331e-14,-9.378484435509573e-08,0.003920616224222852,4.4098151700176296e-07,9.543675803655102e-06,-2.1325551550159384e-06,1.1494461815360915e-06,-0.00017999399021546744,0.00020155381453515055,1.1970132076284948e-07,-0.0037764583596409033,2.700954104842538e-06,-3.933034793752211e-05,0.0001994280392242532,0.00032372358773323485,-0.0033373075752286376,-0.014017077663211275,1.042204237650605e-11,-1.675646944370347e-10,5.383461919025717e-05,0.00019972077565739746,0.0004300511320648716,3.537091573321638e-10,5.205068198076455e-09,0.0022448460093876734,-0.00013708179737755228,5.890221878404694e-05,1.1378148815205987e-09,-9.079328065333834e-06,2.847091051993418e-05,0.2673068020906255,0.002608357710197155,0.021876363932035157,0.0001809573668666719,2.6344855570717406e-05,0.000204363337044368,-0.7147023141390907,0.010571999170323447,0.00195173439293997,-0.00032046954250823293,-0.14248214628608724,0.0023159128045021115,0.08212364599778042,0.04532761895228284,-0.10960687598868502,-0.217549835745814,-0.0001587985341798381,-8.887071523754699e-05,-0.3169666676617686,-2.3357149431797994e-05,0.010271608603844747,0.0024130205524855136,0.00031503415526386395,-0.0026220368927038465,0.03917389447631226,0.01040688465855946,-0.03308351801817031,0.024597488885558152,-0.005525758973729154,-0.005850115226436584,0.06621311041718646,0.04102422625912265,0.2558329079429611,0.0271794015337484,-0.0739342243643398,0.030101351396977425,-0.08142909082023084,-0.034812969646971094,0.010605645999102289,-0.0178165338103691,0.21449018087923988,-7.0000810883827465e-15,-0.08367685543385844,-0.16912828071982833,0.003118359012821417,-0.17806471122822437,0.016671673359356872,-0.053252738339707374,0.06055855173604402,0.120067824391159,-0.0014774493967041754,0.055065653739066425
88,6.756524691417022e-18,-7.510681480813672e-18,-3.193527611921055e-18,-0.000540860081955765,-0.00034980230898367455,-0.000997637330706081,2.377476895463311e-07,-4.482970317665056e-06,-3.745132286786501e-07,1.6996295488400198e-07,2.9153278916311657e-06,-2.271528996772747e-15,3.2706505685867276e-16,9.63418023975575e-15,-1.5221837360075155e-07,-0.0033903543332006957,3.751433408610328e-07,7.968199922171714e-06,1.0414851276749282e-06,-8.77230949844665e-07,0.00013375014936424265,-0.0016630139193355591,-5.699729920477035e-07,-0.003978436159995847,1.3470885017910749e-06,-7.831083419367509e-05,0.00011287273466179715,-0.00016643347388220657,0.0014370219533265808,0.004039580327870598,-7.641877132670155e-11,1.096815517866963e-10,7.597044136641087e-05,0.00046200626687137146,-0.0004249365727121504,4.852422927517695e-10,-3.2202761873865747e-09,-0.0032216721720711473,0.0002019581462376895,-3.948238046605202e-05,-2.3657931576098872e-09,6.2266624860255945e-06,-4.808694016219601e-05,-0.47833527733165376,-0.005944764098111856,-0.23387422690677254,-5.252938328942617e-05,-9.773695901631036e-05,-0.0004757908654551415,-0.29183611438493146,0.008027439059630465,0.002102550251700717,0.00031770798252182396,0.458536075760033,-0.15301353938371887,-0.31065546244049747,0.049529808657744076,-0.020352298314421095,0.11010945849041784,-4.66819394531641e-05,-3.0508579396547643e-05,-0.1127097627017902,0.00022489994324022887,0.00843215955999514,0.016404841845069996,-0.0010581125034490556,0.01786217330472172,-0.0610718300448125,-0.0035134943984088535,0.03563404631867136,-0.018211098301054548,0.009053629984298208,-0.017966245316564728,-0.08727462847729471,-0.15233817843798692,-0.1726136733369568,-0.23628557101273268,0.025362161557349397,0.016854193017278005,0.10596095924879913,-0.07907850125136777,0.025612699643342052,-0.0254605347203799,0.2184915781393159,1.3734101909602561e-14,0.06153525854056893,0.057574139984316805,-0.15349982792099096,-0.14456000176073308,-0.0343780610330449,0.07663455246044361,0.05360273713922078,0.09485418362390188,-0.06300170678574052,0.09234987530167367
89,2.488303171010507e-18,-1.993028285981617e-18,1.0155270926774802e-17,-0.00019814099490620042,0.0011120269766250388,-0.0002657924826936773,8.695446213086067e-08,-1.640677469467451e-06,-1.3497289491457264e-07,-5.329851839807503e-07,-9.201181665421591e-06,-4.584890062719798e-16,1.2275936398643323e-15,-4.606278730060685e-15,8.759507407548836e-07,-0.001228856283634656,9.510953061076208e-08,2.0991218983804275e-06,6.524018448836237e-07,-3.198315009194869e-07,3.5857917684743157e-05,0.005221796268092694,1.7801669255539918e-06,-0.0011223477769640904,3.4075970391505406e-07,0.00023103784761763972,8.915722807140681e-05,-5.890544490433906e-05,0.0005065772096254486,0.001356515671446921,-7.05017692641675e-11,1.015727773664274e-12,-0.0002883491229733652,-0.001803600656996376,-4.6987555524372274e-05,1.6456829579633147e-10,-1.0165564361364562e-09,-0.0009774856284233014,5.107678607552983e-05,-1.1181747697063997e-05,3.3566257241069514e-10,4.93631230433976e-05,-0.00015048170915685105,-0.18738255134081547,0.007002250187860832,0.6103704662512719,-6.806345894793105e-05,-4.1308804342518485e-05,-0.00020081206885469351,-0.08798355327105048,0.0022341889997094778,-0.0028886166414559735,3.4980022195702044e-05,0.1793612016457138,0.46903728306579784,-0.07003220009196454,0.07288639746444471,0.21377840984871263,-0.07062405067040298,-1.53765197505021e-05,-1.3598832654750773e-05,-0.028668612801873352,4.019626578593457e-05,0.005687504932920583,0.005518865831173213,-0.0001122399069457138,0.009510737875785488,-0.006234456574119019,-0.00904161375061999,0.018922451908592607,-0.012905896557137064,0.016840948721504764,0.02820019723765989,-0.021444393636562593,-0.038745424339837145,-0.14009677786849062,-0.07280643170665341,-0.09414464856570218,-0.0799623792417064,-0.32887066475766447,-0.016372878285943648,-0.0059442913315013975,-0.0051427495545314636,-0.13056115943477556,-1.879353844097863e-14,0.048695691915806465,0.08687248480166872,0.10263561602879509,-0.17449328582973847,0.0501324243073404,-0.10327006828498696,0.02108670299178495,0.1475869707139908,0.12123653749802478,0.006454375736094793
90,-1.74528141240615e-24,-6.764694546877612e-25,4.372672571101495e-26,1.521914649187778e-06,1.2830946887826625e-07,-2.2568035136903412e-06,5.380082222428532e-05,-0.0009879759878031467,-6.624368683294953e-11,5.246380003754795e-06,8.86009161459181e-05,-1.3152033087803444e-18,8.185610808998925e-19,1.6420217895717548e-17,5.6300479491671814e-11,-1.5955862874415722e-06,-7.867363339946954e-05,-0.0016451918465437295,1.6341721326881458e-09,-0.00010792574279263569,3.7320164760101786e-07,-1.9233150874240664e-07,-1.0764557171673725e-05,5.843908693843791e-06,-0.0002268205336484074,3.5343635278513625e-07,-3.5320582658320398e-06,-0.014989663890553562,0.14508377673680592,0.5758408349791501,2.2478988293203424e-12,-9.9924705446899e-12,-0.0020592155856758616,-0.006532730386486536,-0.012168934371321997,7.132197722567056e-12,4.6181846496746373e-10,-0.047931804963230344,0.0028884178178320533,5.355673543074582e-06,2.2955477065312333e-10,0.00012388279697506208,-0.00043708357617696275,0.18059395809599782,0.0030954917363532623,0.008283536642316888,-4.528222756139007e-05,-3.855945760753871e-05,-0.00023644038716621695,-0.10931297248208749,0.000762254265488007,0.00020823840683936,2.0551178118113493e-05,0.17689025229089989,-0.0063089529349486285,-0.00804037315519566,-0.16995891325715662,0.19953768567702998,0.3667078043141976,0.0003394921803996792,0.00013177088836324665,0.47108450934271195,0.00012148658406094941,-0.005749665717887053,-0.04436060321219262,0.0015615522439691141,0.0005387268640301217,0.022027817389439597,0.010295151041535642,0.003427591924774536,0.03392716179370501,-0.006375340217683526,-0.006953363585607304,0.06523148379092342,0.04805654040289153,0.1804644114889652,-0.025779757996897835,-0.018387449083718744,0.0021483025466041547,-0.05624607491445569,-0.018795670530093404,0.003745612980849114,-0.00047092796295866767,0.11946808628986208,-1.3682917644131785e-14,-0.12236169727562524,-0.17762180008693354,0.005271101089848007,-0.10317749066739632,0.007298282193236554,-0.030259809662232063,0.008691902729893446,0.1287821805838743,0.00626762786907146,0.08271202882561965
91,3.274313194880479e-35,2.5588369700766263e-35,-6.485103323689651e-36,-2.946408066093971e-17,-1.9020537719168e-17,-5.34373345998537e-17,-0.008481509894970823,-0.0005282496202770969,-8.267840466103516e-15,-0.005639056769631594,0.00038231892617207765,7.442187829581579e-18,-2.0421099176831244e-17,1.2102724002258269e-17,5.5952809706918266e-15,-5.622234541869174e-11,-0.015519203102180815,0.0008689220742418673,1.5924294796151973e-13,-6.725851008149465e-06,1.260783497672127e-10,-4.161573869262096e-11,-4.602956934317323e-06,5.454540065932172e-10,1.3592331589891063e-05,1.5594220524928037e-09,7.770721546792261e-08,-0.0427780674378764,-0.00955415329858139,0.0007765722680610467,1.067249762770671e-13,-2.704295953220223e-13,0.03131910074681297,-0.010202362033273217,-0.07466552243119277,-2.2369446306278287e-13,6.826810710822292e-13,0.014737204438117407,0.007337563485186538,8.898893333422236e-09,2.835293722110342e-12,-0.007335547941201669,-0.023073451050365974,0.009359333747023961,0.00029600264724911435,0.0025239379750061565,-2.9565937443504095e-05,-1.9662639453096494e-05,-7.884967708170069e-05,0.004011782586321279,-0.00018979320010166525,-4.572691468662162e-05,0.000137570613159032,0.09385572995038247,-0.04711780791332291,0.36257485818471186,0.6078965596929092,0.050089011950317404,0.3920949072700187,-1.2630992733969829e-05,-3.848028372449821e-05,-0.14358458283958717,0.00042142121933254524,0.004939099893652381,-4.296138271905828e-06,-0.0002674233117039889,-0.033895057299032486,-0.11734109565858143,-0.0006840168833105981,0.19839046313572917,0.011545016449840925,-0.008641515428489118,-0.001747760870400004,-0.02605587356803653,-0.2198868151953797,0.21565563173219182,0.15371660782791755,-0.028984373279834216,-0.007131562243246251,-0.0738175960493239,0.06521592939834205,-0.038503281517297996,0.04270780597285036,-0.12135930607283445,2.2843482456131566e-14,0.11389248484811745,0.057288088603611814,-0.14369628505421983,0.07886747441182845,-0.0995467079819122,-0.056891268093934876,-0.03934732331959743,0.09662045425124728,-0.0941339322266736,0.15130963340075082
92,-3.463193933473926e-27,-3.31720695056874e-27,4.056612242740235e-28,3.019865210781368e-09,1.098119511660578e-09,-6.8920297405119035e-09,3.236348438538518e-11,-6.326036140850886e-10,-1.0498119468951314e-13,1.173282653896689e-11,2.0785413775592067e-10,-2.0397683628648364e-21,9.96665088979043e-22,2.0628916446532323e-20,2.265751216447098e-14,-2.2946475871001024e-09,-7.379871964227927e-11,-1.6596710486983116e-09,2.228936551448049e-12,-2.849350396294968e-10,4.1952336295357363e-10,-9.13607029191665e-10,-8.488659275719932e-11,8.67300497842355e-09,-1.0102097514083822e-09,1.6536769672967115e-10,-1.8611689839096337e-09,-2.0717193629989112e-07,2.3955131426436982e-06,1.1474714359043214e-05,-1.778255061873812e-15,1.3603661928476314e-14,-4.0995725732846276e-08,-1.7801605397890322e-07,-5.368023015114613e-07,-3.991733505618086e-14,-1.5223718963587305e-12,-3.7347600291788294e-06,2.3433674899076888e-07,-1.7857796470393402e-08,-1.3091878091513729e-12,3.78735845772036e-08,-2.413371923375253e-07,-0.0036387123618717926,-0.00019904418431442733,0.0002628625588364847,1.2701495839170581e-06,1.8642455631528968e-07,-5.526821900441878e-07,-0.012553071232641917,-0.762017358573543,0.2222279985781429,-2.1515581284402674e-06,-0.0009553433772586751,-0.00013814451110873095,-0.00032797712791210275,0.0002410347978900842,0.0013351162124006473,-0.001478319004184415,2.3118271484065227e-06,2.2055063268668656e-06,0.011154914983431831,0.00026967487024088784,0.39576004087099814,0.0007627611602004655,-0.00010558083678106347,-0.00459300245381245,-0.053813925082679404,-0.12218596093331802,-0.03654431025430364,0.001122854731329261,-0.0013905189457690146,0.015716543677551608,0.0027357082849413547,0.005296218580714693,0.006717708355022389,0.012811563743007551,0.009420787322616931,0.002407323280030253,0.010502980452329216,0.013856362949956624,-0.18341197875307572,-0.39658010370137825,-0.013834559625968974,-1.641729428162787e-15,0.0023415659371332077,-0.0029319667938097088,-0.002632727580532432,0.024105099251388862,-0.0006082917712661332,0.0021916801431923674,-0.019874771392844475,0.02397365880854996,0.006440640513752286,0.014757309379022159
93,3.1394722446137384e-27,8.313739047767894e-29,-3.4896079133146537e-28,-2.7374153337536016e-09,-8.666823498820412e-10,-7.190385257141106e-09,-2.7947953628614884e-11,5.452885985818212e-10,9.488320963251066e-14,-1.1270201001679319e-11,-1.9869197345807456e-10,2.0808682470262e-21,-5.54621340560427e-22,-1.2569366314456605e-20,2.437586924352176e-15,2.0789846148785093e-09,-5.852073142948521e-11,-1.2882428759941648e-09,-1.311918204830433e-12,2.3061775109997876e-10,-3.2914336758473087e-10,1.281445945749933e-09,9.580959337483235e-11,9.048188186707879e-09,-3.925225924289495e-10,2.6269001466726103e-10,-8.422605172724681e-10,1.2436752138300882e-07,-1.2819194616985832e-06,-4.864092015254315e-06,4.307925151938831e-15,-1.0269753306555191e-14,-3.1458954385729814e-08,-2.5254629914737107e-07,4.9993709745118e-07,-1.2668081490175487e-13,1.1438900109938975e-12,4.3035719708041014e-06,-2.7371307183574327e-07,1.3926844643582242e-08,1.6559897310783343e-12,-1.5495855437127918e-08,1.3141080573455848e-07,0.0032243764886259307,0.0002097239175694497,0.002347675886660306,2.344548759832487e-06,-1.1642009710339272e-07,-1.052922851532021e-06,0.012453038358881941,0.5889109986093938,0.5426388162258099,1.7105135178295582e-06,0.0005112651639390903,-0.00024376139517333695,0.00011066417372439302,0.00021375065584592145,0.0008219460837386312,-0.003020993488573043,4.8746401634420275e-06,1.4659113747781778e-06,0.008619834364995863,0.00026338673540405336,0.38202291470070165,-0.0017873318046681224,0.00013961901014388953,0.0018914257496689733,0.05040378811252214,0.10982957278835574,0.03271061745017613,-0.0006223541645997757,-0.0010702088758173902,0.057666578226603336,-0.0012705035796258075,0.0009929583678249118,-0.0019683527933857204,0.009666733386896777,0.010195696583031507,0.0023867645913711686,0.013714816404270042,0.013566838143926792,-0.18334158408391607,-0.3965631934568469,-0.013562689817257249,-1.260176941114931e-15,0.0038774200923004307,-0.0010169102532387245,-0.003882803495131647,0.024455319915188116,-0.0034598833436312567,0.004372034561083961,-0.01986638147837658,0.02375573185458957,0.005853027323533587,0.015076771299713127
94,1.2295732077509547e-27,-1.2079874195352466e-26,2.4500197668917637e-27,-1.0721820321530083e-09,6.393830822712854e-09,-3.910173580812681e-09,-1.0726678490906332e-11,2.092350725643336e-10,3.619250280695338e-14,7.05484202768193e-11,1.2569198102735658e-09,5.586936606378023e-22,-1.0343131181475966e-21,4.528704569581852e-21,-5.561105814891502e-13,7.955407753934845e-10,-3.171071741161871e-11,-7.131312048940154e-10,-6.559100490025688e-13,8.612057831466035e-11,-9.648961081319051e-11,-6.937432437222933e-09,-5.178469321142332e-10,4.606570107530013e-09,-2.4659864199270043e-10,-1.3153131688884053e-09,-9.868942953252769e-10,4.0329947006561366e-08,-3.935466329572262e-07,-1.2693995836325432e-06,3.8150617357678636e-15,-1.2716937938610447e-15,2.206063517181382e-07,1.562175485649767e-06,9.179542373888188e-08,-4.188713496862426e-14,3.7622093805509547e-13,1.4562201910897302e-06,-8.141146431981812e-08,4.3191495928557265e-09,-1.94812996112437e-14,-8.616223559450914e-08,3.614706571007243e-07,0.001046396766576259,-1.0578584998037631e-05,-0.003344420879672702,-3.808217947905851e-06,5.088836939639145e-08,1.2871948391056305e-06,0.0017023743758976908,0.1881926117783775,-0.7975806368603185,9.573420089961294e-07,-5.941287415251735e-05,0.00020999986776824148,-6.482490520376335e-05,0.00013932682195719523,0.000144193491721967,-0.0019868153254656057,3.2287124415481885e-06,1.1427448793899246e-06,0.007600276375133282,0.00023543487717113756,0.3418119031902525,-0.0008198945100355928,3.497382104247047e-05,0.00047000609112721463,0.016276903939269907,0.038724058149548914,0.01040836598669959,-0.0009787206080491798,0.0016652607019522576,-0.12823280759558864,0.0005535937792732619,0.0038297184862965145,-0.0019750931286320306,0.012042067096267865,0.009171667840648745,0.0015414635151950902,0.005857182095753668,0.014066837930337302,-0.18334618490536997,-0.3961237543884423,-0.018047451314926122,-1.536095645225254e-15,0.003692848821039227,-0.0008570759578411864,-0.0019433029181856734,0.02430471243204656,0.0040520035841311,0.0009478685382110394,-0.020129621269072865,0.02415947177419936,0.007503233452159632,0.01434085849975333
