,0,1,2,3,4,5,6,7,8,9,10,11,12,13,14,15,16,17,18,19,20,21,22,23,24,25,26,27,28,29,30,31,32,33,34,35,36,37,38,39,40,41,42,43,44,45,46,47,48,49,50,51,52,53,54,55,56,57,58,59,60,61,62,63,64,65,66,67,68,69,70,71,72,73,74,75,76,77,78,79,80,81,82,83,84,85,86,87,88,89,90,91,92,93,94
0,5.127695183131607e-16,-1.582010149783539e-17,1.291017682997842e-17,2.451605583463858e-16,2.2755821679506455e-16,-2.156118363240271e-17,7.561435133904984e-17,-3.408432319115499e-16,-5.87418451598973e-13,4.1167886700692324e-17,5.383171941361388e-16,-4.064731872851419e-15,4.75562446859252e-12,-2.0485019659520697e-16,-0.012249192813169121,-1.6773653626230354e-16,3.1911083488575196e-16,-0.3083232815298104,-0.06296980434823683,1.4713055069895364e-10,1.2699703618490033e-11,3.809281857876229e-10,-3.2503437876879994e-17,0.003521000499429187,-2.073030460183933e-11,9.705177479576316e-14,1.449213735851213e-16,3.7768690125050536e-16,-2.1792737902346944e-14,1.0379799769813321e-14,5.468258151911795e-12,2.427294927557108e-16,-8.74455552677391e-17,7.400554123093636e-16,6.8631828874561925e-15,-0.2227464499391165,-1.7493718400877302e-07,1.2763990383883383e-16,6.373190568297417e-15,1.8969369599378566e-13,-1.0682550446048204e-12,-0.10462736836919449,-0.6985295150501142,0.10649875397819254,0.05136779881424949,1.73000644328892e-05,-6.029027726816166e-07,-3.536076641813561e-09,-3.797672998860776e-07,-9.432602075228412e-08,-0.00020958152825236795,3.4811061199118086e-07,4.198530648103138e-06,5.024180789410456e-06,4.429906291613714e-05,-0.006027105523623646,-5.208945001457925e-07,-4.8264770964164075e-09,6.599752213767842e-07,0.00015115134216388347,1.1672657429843374e-05,1.0365894522396747e-05,-6.59769059412837e-05,-0.0034926841561146063,0.010410898614418,-0.05913507834172923,-0.018799165086785946,0.02783960058721038,-0.0020790600246200466,-0.009851389536727807,0.00014140038036957088,4.402142219694896e-05,0.0020689650070504087,0.003043813894137053,-0.005647708708661485,0.0036350717908109086,0.0050601631321839785,0.00180178068025667,-0.5773502691896211,-0.00017520020571865481,-0.0006186726630328682,0.0008084310470873695,0.0020237134413515524,-0.0020631728017746678,-0.002036633412720729,0.0012032214696713537,0.0005788185252221243,0.000128460164983937,0.000585312193394466,-0.0005815089335812965,-0.0006013302457348088,-0.0007147312420032151,0.0006888904873753592,-0.00013618607664774216,-0.0002988211100481109
1,5.05481300244051e-16,-8.713483109283679e-17,2.807430553058485e-16,-2.6901162474329816e-16,-1.40578711724994e-16,8.9420987971574e-17,-2.55680264183247e-16,-1.3794319283263106e-16,-1.3208489955807843e-12,2.428554983661941e-16,-5.035782818651718e-17,-1.0585965513122112e-14,5.9705485932669564e-12,-5.072793378477319e-16,-0.024243864352673825,-9.102087289959806e-17,4.647257150752291e-16,0.1032889209301282,0.3055260775721337,3.0727179569194387e-10,2.6539489419037577e-11,3.7789391510848664e-10,-3.900823153826308e-16,0.006660773312185695,3.6385860365021095e-11,-3.408939793522772e-13,6.293178156135452e-18,-5.092653595206102e-18,-4.0339497327413794e-14,2.027815659085082e-14,-2.050712404764129e-11,-2.2818390147518537e-17,-2.54674231098085e-16,1.5785904645557433e-15,1.8108755826631346e-14,0.0701606248932097,-2.2617496058156283e-07,-2.3121814242619715e-15,1.936545849528714e-14,-9.171624692525123e-14,1.6629691966230014e-13,0.4902090612272104,0.22145783029326102,-0.5039253154620471,-0.10448814107224481,-4.362866654628839e-05,1.2356114186302533e-06,2.0648523014240467e-09,4.209445022260699e-07,1.0835996171286406e-07,0.0003351981298202675,-4.6016196177342476e-07,-7.077556888260105e-06,-4.696651430617054e-05,-0.00019146368799708607,-0.015376427868307022,2.299842834105962e-06,1.1144554331426716e-08,4.778286502010055e-06,0.00027908443634134763,2.1301165467169685e-05,7.321981411295963e-07,9.460558435177895e-06,0.0008610668006029147,-0.003580215896578418,0.01895797064451045,0.0064391171254068,-0.009388584473435354,-0.0009093982820894005,0.045727721830701465,-0.00017423145778076632,-2.9342124031346444e-05,-0.0024484281693121805,-0.002179610407513814,0.0021360561238807215,0.0024943413954794237,0.00019194782240454338,-0.0017658359889770612,-0.5773502691896292,0.0007657083064340222,0.00020143021435990637,-5.8311869510260564e-05,-0.0037257882213176676,0.00012134959100484334,-0.0020938116735289263,-0.0005059594285884937,-0.0032214101346174934,-0.00015464097105955262,0.0009699970864886575,-0.0007605277018067051,-0.001605544366243187,-6.697193154764979e-05,-0.000560736612628097,4.123295807765956e-05,0.00067558795890525
2,6.564192246909577e-17,-1.7334612809408153e-17,9.640999190688939e-17,-3.231167688618583e-16,-2.6821146708500114e-16,-2.2401654014950386e-16,-4.663710833089876e-16,-1.04629785489979e-16,1.90818902964422e-12,-5.007569308120642e-17,-2.3359274274982043e-16,1.4500669850465705e-14,-1.0726124871490904e-11,5.869329616143973e-17,0.036493057165842474,-2.1188774327256224e-16,-1.1166804076276544e-15,0.20503436059968305,-0.24255627322389967,-4.5440377723223975e-10,-3.923973814254462e-11,-7.588219759958785e-10,2.795484439384052e-17,-0.010181773811636865,-1.5654923469780825e-11,2.443474379879597e-13,-4.1435078038294136e-16,1.4136961427033503e-16,6.169653755190144e-14,-3.075826740579397e-14,1.503856011362994e-11,-1.9164101361218204e-16,2.167117052699296e-16,-1.8406925270990724e-15,-2.5424300731758728e-14,0.15258582504589036,4.0111214519951916e-07,1.8920679214328285e-15,-2.6475855752740138e-14,-9.881494309701243e-14,9.018571885961078e-13,-0.38558169285803734,0.4770716847568831,0.39742656148383676,0.05312034225799943,2.6328602111713864e-05,-6.327086452576617e-07,1.4712244580965925e-09,-4.1177202466735215e-08,-1.4033940951466613e-08,-0.00012561660156578742,1.1205134951844975e-07,2.8790262403656842e-06,4.1942333516664264e-05,0.00014716462508108688,0.021403533391984583,-1.7789483342805075e-06,-6.318077373070763e-09,-5.438261723475357e-06,-0.0004302357785066237,-3.297382289694909e-05,-1.1098092662847172e-05,5.651634750634376e-05,0.002631617355507473,-0.006830682717826951,0.04017710769728806,0.0123600479613934,-0.01845101611379948,0.0029884583067163674,-0.035876332293932986,3.2831077410570194e-05,-1.4679298165992066e-05,0.0003794631622514095,-0.0008642034866357908,0.0035116525847963633,-0.006129413186296852,-0.005252110954522089,-3.59446912555483e-05,-0.5773502691896273,-0.0005905081007178907,0.0004172424485837747,-0.0007501191775238618,0.0017020747799786958,0.0019418232107530748,0.004130445086248696,-0.0006972620410875986,0.0026425916093959253,2.6180806074969627e-05,-0.0015553092798824325,0.001342036635384784,0.0022068746119748195,0.0007817031735449192,-0.00012815387473964873,9.495311856907528e-05,-0.0003767668488608206
3,5.536446911760827e-17,-3.4829813101857986e-16,3.545278341091642e-16,-4.4385971628939535e-16,-1.19506636624487e-16,3.2158067241804314e-16,-1.6490847197529864e-16,1.7414278262887988e-16,-1.0142125366147623e-10,4.3163025262954977e-16,-4.971180574435083e-16,-5.291966957392501e-13,2.9970020151762255e-10,-2.0355520094186736e-15,-0.43084295164114705,5.538110349315737e-16,-3.0701730668520835e-15,0.7437142021002329,-0.3025648156828049,6.758750554526726e-09,5.758216357838924e-10,4.810146765829495e-09,3.628510049652703e-16,0.23998081542482033,1.4561014244932578e-09,-2.281190088626432e-11,1.0879836234139926e-16,-1.2376971897251337e-14,-1.4905626761627974e-12,6.239403579336333e-13,1.906225693638781e-10,1.4560883161804057e-16,-4.3595895872470777e-17,2.6171244833118243e-14,2.4065014055900616e-13,-0.0239035497931321,-1.7139950344988236e-06,-1.9816953703204962e-14,1.5269501032279845e-13,-1.8574945847030686e-13,-6.189963961421265e-13,0.06049444997835491,-0.30140876495651203,-0.08577987106403384,-0.00838303097926431,5.789157947832474e-07,-9.41242467221329e-08,-1.4583146410867967e-09,-2.225368631488577e-07,-7.140148721118728e-08,-0.00042040548612955555,4.358174004150647e-07,9.515694880586387e-06,0.0001250034884176621,0.0005897098253934407,0.0669478634167125,-5.731979239990877e-06,-1.8800391896171355e-08,-1.717841161430664e-05,-0.0013101719832441644,-9.975649203395243e-05,-2.633035499141364e-05,0.00010012775155591909,0.00304943080650756,0.0013082115280603017,-0.06080300504619419,-0.015386274318033364,0.024594341052870592,-0.004694731877399098,0.017282871770879577,0.0001740095132065731,5.975153017662821e-05,0.003988863931949762,0.005615380016879699,-0.011104046581903329,0.0031879246609189545,0.006345219314179439,0.0012104775088651472,-4.655695663253763e-15,-0.00010687655750756061,0.00014512158477698084,0.0013158452861672524,-0.00026140028451890937,-0.0026876450547250867,-0.000994475351345245,0.0019089079776810512,0.000585290242881894,0.0002654315489228147,-2.170919533390827e-05,-0.0005536319465895764,-0.005104866725981933,-0.0006161890246392453,0.0013607103300215433,7.589964089748576e-05,0.0007577788309420432
4,2.960201460868797e-16,-1.2826597833807392e-16,2.3531243791762383e-16,-8.804436017818985e-17,1.347641828834951e-16,8.542556855061411e-17,-2.352163062988698e-16,2.7864566314918257e-16,-1.0843282764810058e-10,-1.0876764935826787e-15,1.1094846240617235e-15,-5.661276144000013e-13,3.368078821340112e-10,-2.1962174302457425e-15,-0.48943353276968327,3.964195248682354e-16,4.822320866878868e-16,-0.5289689359706319,-0.5535064825614567,7.506321925199716e-09,6.400614505453336e-10,6.495190548411436e-09,3.399440155545957e-16,0.2477382296700567,1.4000013589124903e-09,-2.2518633208004888e-11,1.015796728895573e-16,-1.2650039526805554e-14,-1.537847185878922e-12,6.451814726927518e-13,1.9839972491023746e-10,3.445540118274062e-17,8.305115889649751e-17,2.6841917163698487e-14,2.452248818534257e-13,0.02205861401564714,-1.7378736575252154e-06,-2.0379746499564175e-14,1.5387507880459575e-13,-1.849057808999252e-13,-3.324043333958912e-13,0.12672628067614036,0.2302987549479869,-0.17556222942813185,-0.05269033592558729,-1.0669511582586168e-05,3.029215770548015e-07,1.1435574696075386e-09,1.9213483048842684e-07,3.279304506184785e-08,-0.00017095627230811933,3.511272422663845e-08,4.478177475244707e-06,0.00011859376347198197,0.0005314506299270077,0.07538978462294213,-5.058187677783816e-06,-1.2677702477769311e-08,-1.8078802478626063e-05,-0.0015242010082294865,-0.00011628588898792166,-4.253186513140515e-05,0.00020632109945476298,0.008768386445825258,-0.016153558727114218,0.04029671011354807,0.01662494162023792,-0.022872509480268356,-0.0010491681746260452,0.03460586437811621,-7.598780953650696e-05,-1.785574028786213e-05,0.00028622543620323865,0.00012831327153593516,-0.0008444106849996171,-0.003425430363895299,-0.0031687630037502885,-0.002172463630064462,-1.204420956227939e-14,0.0002275359395261726,0.0013247570911414312,-0.00022433464396262977,-0.004087228006377715,0.001151842350427446,0.002738819429129555,-0.00026507652296723754,-0.0004819103752878097,3.483991210853131e-05,-0.0010967021666491506,0.0005246006879460613,-0.003990925150104526,0.0007390277691838285,5.299239376358743e-05,0.00033388124107573014,0.0013249335051043207
5,2.163539841630681e-16,-2.0101076016542736e-16,1.696396601299604e-17,1.9969270613875868e-16,-3.5804892013807766e-17,6.540881326859179e-17,3.799351511931897e-16,5.3156957506165234e-17,-1.2421131591982693e-10,-7.117819330895752e-17,-3.807420543707279e-18,-6.520096897259745e-13,3.834481289404691e-10,-1.666729461691226e-15,-0.6053972638408176,1.6527589888556755e-15,1.7439279152995696e-15,-0.10261751883121657,0.6640488834494401,9.067579108220798e-09,7.743098624588306e-10,8.166812488281985e-09,6.430323885241768e-16,0.2624131431739443,1.498463957224596e-09,-2.3548382062371016e-11,-1.926813071284411e-16,-1.3302562014059461e-14,-1.627989348292121e-12,6.846543636725158e-13,1.6923502304895436e-10,1.0901483669927408e-16,2.5241868594365914e-16,2.865264678531219e-14,2.594711656758897e-13,0.00758146237012413,-1.7687461485137333e-06,-2.1283508084771064e-14,1.5841609382909265e-13,-1.8464822510366997e-13,-3.7685330092915157e-13,-0.18358873589919064,0.06172922256365408,0.24926530677775968,0.03743593065834548,1.7697659480936264e-05,-5.107989352909425e-07,-3.7577653262898587e-10,-2.6749866013642725e-07,-8.690367738666305e-08,-0.0005699175293147164,5.647979547522647e-07,1.2970033079107241e-05,0.000178512474795926,0.0007832509997210509,0.096926920813505,-8.0330985204467e-06,-2.6815269938692108e-08,-2.4597722241685344e-05,-0.0019193822149820722,-0.0001464500072878179,-4.367626377242043e-05,0.00019109382623094502,0.00735846713590325,-0.010148610473797157,0.00788539882571561,0.005660413791396058,-0.006864861147747925,0.0005454319472026658,-0.045803197131870935,0.00023205519479541564,3.3872760111163793e-05,0.0046679546403449595,0.004057485093727457,-0.004724773362465917,-0.007963432953858103,-0.003529658125195575,0.0011429893977212332,-7.0012550681656016e-15,-0.0012340058760497547,0.0009406860837076469,-0.00011324196455394028,0.002956369951550447,0.0009260153009911852,0.006576926053159177,0.0006490926332765324,0.005457586612515988,0.00031242724542333714,-0.002878213062782052,0.0019347695438334145,-0.001016714831960456,0.0008660146434249213,0.00111743636460277,0.0002557723420825406,4.268517719338589e-05
6,-2.3268705701558046e-16,1.4538058316659055e-16,-1.2818087561785837e-18,2.1941726257806454e-16,-4.971005789269574e-16,3.2687724211859463e-16,5.417436642334856e-17,2.4766608099227234e-16,6.157951554208951e-10,7.412796815891944e-18,1.4299734653685804e-16,1.9342818073152545e-12,-8.083244362794201e-10,1.137577183147873e-15,0.2179853622373677,-1.895815630702159e-16,5.708714030637801e-16,-0.08207517497228795,0.03599266697101141,-4.995556511145889e-09,-4.156497971167982e-10,-9.563147576382479e-10,1.3176516483939464e-15,0.34695463451784336,1.688378983561855e-09,-1.9446605776761656e-11,-3.3356174586883634e-16,-1.4168770552684268e-14,-2.1138088492071005e-12,9.869773642942028e-13,5.034096082656685e-10,4.074129718085954e-16,-5.12877455371218e-17,5.98014026929633e-14,6.049588380910785e-13,0.6198625438927491,-4.564511924258593e-06,-5.357872393851921e-14,4.324809047838396e-13,-1.2905565527779895e-12,1.2147983519907702e-12,-0.1762513559877848,-0.12276367542273693,-0.1461298542796451,-0.04124906955726347,1.9927412185039082e-05,-6.089084742046615e-07,-1.1070765656466482e-09,-8.228203324905696e-07,-2.825374170538365e-07,-0.0018896294713396694,1.8818693227149077e-06,4.306834594341853e-05,0.0005865115850428631,0.0027911047065202056,0.31512977888461186,-2.6862858735045568e-05,-8.667773302572062e-08,-8.0907131280449e-05,-0.006153573441114618,-0.0004683290512199046,-0.00011763006164327337,0.000412794737139628,0.01042457384637708,0.02316503001136199,-0.4257862616632743,-0.11290593277031839,0.17741092010436652,-0.03287579068951706,0.175621743309857,0.0008995913688557662,0.0003699723315871236,0.021252938757406355,0.03369785912001658,-0.07163952358951864,0.03508499426791613,0.05262704110314178,0.0076391044405263505,-1.9980583148962472e-14,0.001113569842984868,-0.0008195906223503126,0.009941884846925132,-0.005396356486930929,-0.021150406963795308,-0.01753258187681312,0.01259569440613784,-0.0038708639541612587,0.0014102825029013433,0.004402242473019528,-0.007060782226219925,-0.034215692307232426,-0.006102282431706278,0.008215472495751261,5.8204483400844785e-05,0.005116725227465181
7,-3.2830100946936487e-16,-2.0176798046850764e-16,5.755584083413812e-17,1.6348434614653652e-17,3.307596801057908e-16,-7.29633264720503e-17,4.900286044582655e-16,3.3295277657205824e-16,6.58861881509772e-10,3.3010348937677375e-16,6.578122116100199e-17,2.0541760978462933e-12,-9.940814282224645e-10,8.35025866620983e-16,0.23568830652716558,1.5823565637440344e-16,4.0734986207732175e-16,0.0426258181091409,0.05265476824571878,-5.379258439237074e-09,-4.4719581528953776e-10,-1.4738572541184364e-09,1.2888783904142398e-15,0.3728868546301791,1.4438642871944595e-09,-1.8585914732743545e-11,1.7970511303420276e-16,-1.4171319517679053e-14,-2.2702668089763503e-12,1.0635370205249705e-12,5.785661527582589e-10,1.4542253885089449e-16,1.3528017470976646e-17,6.323981794705696e-14,6.284454592127937e-13,-0.4523325721730247,-5.414824697636642e-06,-5.376354268418927e-14,4.4624567087944574e-13,-2.7781090561724105e-14,-3.2417428840497904e-12,-0.35916936054706555,0.07726409428460207,-0.282553501534514,-0.11417725682438094,3.987706021754273e-05,-1.2004438000475163e-06,-1.0534215341117296e-09,7.828417198959974e-07,1.3582580932587211e-07,-0.0006337948296298988,7.229106022544666e-08,1.6971613761795352e-05,0.0005055274158664803,0.0022741870010544803,0.3349361677738531,-2.119261519104415e-05,-4.8769913505987514e-08,-7.87712115411205e-05,-0.006825435495138653,-0.0005206986247025862,-0.00020976584024437532,0.001067975369865578,0.0472850757402698,-0.0958020037418081,0.2868534835376657,0.11145775764826599,-0.15593792493465822,-0.007931084261207323,0.34885252474879713,-0.0010932600723324234,-0.00021665952727994428,-0.008799251851592155,-0.009215576850122401,0.0067749523516393954,-0.009458226240053996,-0.018628938437349873,-0.020071755234005482,-6.313008027933256e-14,0.004776517378873843,0.008260938678475396,-0.001933654621568442,-0.03912399752807333,0.007634988860140361,0.0066689648603233155,-0.003903948276952975,-0.01618134847770685,-0.00047406000474475743,-0.0020063841929568184,-0.0001630851171888255,-0.02725182756325545,0.004007381186382243,-0.0026385985173839493,0.0020174579017171834,0.01016156336040876
8,-2.2985762154348686e-16,-1.303182644478132e-16,1.532583259333656e-16,-1.2942411640585997e-16,2.24223207513268e-16,1.9546238007070875e-16,6.650777945158359e-17,-5.767399936929592e-17,7.507229532488325e-10,2.489769692405291e-16,1.6333829099564486e-16,2.347392348079708e-12,-1.0870205986235742e-09,7.376224149890311e-16,0.2712455394092963,-1.7627863359503639e-16,4.130582621383298e-16,0.0002075081808305699,-0.024974087322580392,-6.154997020240188e-09,-5.11940273603893e-10,-1.2999233979815474e-09,1.8261980848700284e-15,0.42728473289973284,1.8240742745752107e-09,-2.3298838858544556e-11,-1.0056525133273904e-16,-1.6147400163717264e-14,-2.6028217665028274e-12,1.2180857265074737e-12,1.4559407897552328e-10,1.5370349100496792e-16,7.09872247991453e-16,7.261355130974912e-14,7.389991980079116e-13,-0.11235813910375514,-6.363415429560082e-06,-6.479608000221353e-14,5.389478797731647e-13,-5.226837546123566e-13,-2.3836732500830197e-12,0.47031833093506226,0.01940366938308372,0.36575954334628674,0.057375346342528485,-2.5283101548775355e-05,5.188553758108024e-07,-5.107299771445892e-10,-1.1357477643612337e-06,-3.5867344115053825e-07,-0.002300553419165455,2.2996893412314576e-06,5.225453854935852e-05,0.0006995919389757255,0.003087275309520879,0.3893261527346413,-3.204274434888976e-05,-1.105110598896115e-07,-9.855897333487669e-05,-0.007727465855099431,-0.0005898641412261392,-0.0001758475980108423,0.000761131174034229,0.029000705247697784,-0.03992364208976376,0.06137415073982494,0.027977053520664208,-0.03702961727484165,0.013838112102329988,-0.4468068797200826,0.0016303389580364553,0.0001980975753136018,0.028108183022308365,0.021305055413671305,-0.015647602591340817,-0.05825316174041704,-0.03111790966504523,0.012317146052032699,-2.274911258557119e-14,-0.010267599393458445,0.003889686743121534,-0.002691147835806396,0.03422628579898649,0.009063953902229341,0.045876788490869,0.002415230933547337,0.042552903409031416,0.00185134178323985,-0.01958046809818906,0.014766154174910643,0.010628320953507485,0.006120933784060255,0.006344436945759147,0.0010562645426181248,-0.0043639953506768815
9,-1.767849342926778e-15,1.2607086987689174e-15,1.4191637366086857e-15,-3.340687746046471e-16,3.6647653690742053e-16,-1.8613767295346718e-16,-1.909816956185631e-16,-5.1297997522353845e-18,-3.3531594379047387e-09,5.40637758796115e-16,-9.906394821401109e-17,-7.32167040538053e-12,1.9138740686137295e-09,-6.899667988729887e-16,-0.09006080922851047,-8.685411311801167e-17,-1.6687577447344909e-16,0.01433687580644627,-0.010222576926393646,5.11896572475527e-09,4.130365746345947e-10,-2.4952675492185346e-09,-1.3222695233588739e-15,-0.3186564980068891,-2.9716380577343808e-09,3.557976636766797e-11,3.162042613905888e-16,2.130719691550782e-14,2.0037705918257236e-12,-7.657808790898333e-13,-8.190435222305244e-10,-3.5404268093518957e-16,2.1290093951276854e-16,-1.1545984176629398e-14,-8.687351535927959e-15,-0.45358384597203694,-2.4590690677700893e-06,-3.416333004110915e-15,1.3581340752559316e-13,5.611280377548632e-13,-2.565772265652985e-12,0.12659055834332036,0.19444622570708422,0.12468862498393157,-0.0036541741132669913,-3.538608932610599e-06,1.837419465360107e-08,2.6531975626375756e-10,-6.94016535711374e-07,-2.5098622968418613e-07,-0.0019883012712558733,1.8553249729496374e-06,4.586316683382267e-05,0.0006808078626027284,0.003230857120683635,0.3963878951606443,-3.1251665434122724e-05,-9.93121139360944e-08,-9.929451465066495e-05,-0.007836298411535266,-0.0005968576890628603,-0.00016615893636467527,0.0006178619757949352,0.017277714416391463,0.023608220060968795,-0.5498034946744905,-0.14301262153800337,0.22625188048001427,-0.04460560120441622,0.2282036541708966,0.0012986260105966806,0.0005169636245041758,0.03084966189590451,0.048747796675442524,-0.10422578084869018,0.050113837569975526,0.081094264284483,0.011675420493741718,-1.1335079879577801e-14,0.001936311647515036,-0.0014657782981531801,0.015623455906826629,-0.008550440596945126,-0.03193866589502819,-0.02537501095857823,0.01815528098318643,-0.005547907314997432,0.002053396996937974,0.006346803711758502,-0.010583487079381282,-0.05115830926633958,-0.009620728017707492,0.012675298910716564,5.316446830019546e-05,0.007937328429802106
10,-1.795960903967401e-15,-4.0714223827921667e-16,2.074057522946619e-15,6.865990387166361e-17,-2.875969777245989e-16,2.869116206524433e-18,-1.3566632551477766e-16,-3.1866670534134106e-16,-3.614651177366494e-09,-1.3980633263948454e-17,-1.262418429257708e-16,-7.683957513187136e-12,3.633213429727724e-09,-3.670955072400873e-16,-0.09654554917653096,-4.580062074045891e-16,-1.6524221212110988e-16,-0.001929318134164132,-0.012103347772494553,5.617639124758068e-09,4.495186481867536e-10,-7.038906313497817e-11,-1.2094435189168142e-15,-0.34122479410099954,-1.2726488320556986e-09,2.4188991380756236e-11,-1.3392657496609364e-16,1.59523888291837e-14,2.1378984823034615e-12,-8.366489838017019e-13,-1.2055987283529353e-09,-1.3665423925414001e-16,-9.74278861350614e-17,-9.356196798295392e-15,4.76063741183234e-14,0.3274729889324898,-2.1630270342862123e-06,-1.21614062269599e-14,1.8279246246173177e-13,-8.457492801674125e-13,-7.990566462183068e-15,0.2485428341912169,-0.15467919971329094,0.2547808604436523,0.03351293482927714,-8.417404878952724e-06,6.87508219317414e-08,-1.4304659628383329e-09,-3.3666147142245635e-07,-1.4893983995309675e-07,-0.001529230463036688,1.283870764836381e-06,3.602838440859124e-05,0.0006575628142393807,0.00298429821843604,0.4238682703267552,-2.8850075072660108e-05,-8.18575464291119e-08,-0.00010083908684877356,-0.0086177096368374,-0.0006574574687490114,-0.0002676406111497622,0.001374781360701945,0.06115738815339664,-0.12437320509539315,0.36981850687124296,0.14423309945210888,-0.20161076638163417,-0.010553524512129273,0.45669571673649917,-0.0014209788177813939,-0.00028293164719255464,-0.011178848219871522,-0.012317278597793843,0.009127568942926828,-0.01484706632027208,-0.028577994859172687,-0.031114979578692987,-5.2617790164784745e-14,0.007879998238429553,0.012940895911939055,-0.0030701164202804666,-0.06163448295708663,0.011596511892053225,0.010397691094457314,-0.005471518692580553,-0.02388967998698121,-0.0005975159599989971,-0.0031750296940248448,-0.00023492527923762058,-0.04096926168025956,0.006173682401042798,-0.004376661924591207,0.003127725248740825,0.01600113369956164
11,-2.0403659654229178e-15,3.747744350427408e-16,4.561028616631742e-16,3.562633776088996e-16,-3.341465254244209e-16,1.2312504930348426e-16,8.467128932364125e-17,-2.0256606380729696e-17,-4.0920277809910645e-09,-1.2572783489335904e-16,-1.6920120029170346e-16,-8.760781057788927e-12,3.5613641558008926e-09,-5.939870924304447e-16,-0.11033225018137906,-3.0182330063434234e-18,-3.2439045929795743e-16,0.004137783904518389,-0.006039512514899366,6.33729360543442e-09,5.07985573843088e-10,-4.296678926171819e-09,-1.5971581783502856e-15,-0.3895624800980983,-2.3893986381559954e-09,4.146731678931091e-11,1.3647816879474945e-16,2.1168771313449952e-14,2.4431710191735746e-12,-9.49570234322427e-13,1.3191797393532712e-09,2.019068098609332e-16,-2.261280692477472e-16,-1.3244631715360594e-14,5.191917497982544e-17,0.07945371314843704,-1.8835604688899451e-06,-6.692881040651872e-15,1.4679870528116112e-13,-4.612680077721829e-13,-5.439973357058836e-13,-0.29497830698446964,-0.04922404009637766,-0.34403805557228473,-0.10193296516615939,3.0707700282927894e-05,-9.097648152389649e-07,-1.059894096756697e-09,-3.449796854248335e-07,-1.7469781667588432e-07,-0.002023047034635671,1.694541320547924e-06,4.749234336096754e-05,0.0007836374913822592,0.0036025976897611596,0.4806168222176201,-3.562523733375134e-05,-1.1088911579716253e-07,-0.00011805323538968173,-0.0096353842095918,-0.0007351808898584546,-0.0002405036501891934,0.0010689698418545614,0.041348745847795805,-0.05761408166389274,0.07567816497341204,0.03793215095715847,-0.049147769413760416,0.016824529010171913,-0.5821546831100544,0.0022241080223117256,0.0002749451690489417,0.03982835943184859,0.030884335071607382,-0.023696933854901285,-0.08400484000183735,-0.04801663638284769,0.01913892512180512,-6.445973866861777e-14,-0.016384527555270985,0.005857408564442783,-0.004380803709830803,0.05411999758766671,0.013668109854834281,0.06725865577801615,0.0036267965001285747,0.06307031344811449,0.0026398897017579034,-0.028830707668763573,0.022126899295902,0.01591642493433527,0.009537029287945536,0.009832246414117224,0.0015884256344365626,-0.007204027558153123
12,9.228338906119502e-12,-8.00044865137033e-12,-6.061473401114994e-12,5.3751565728031323e-17,2.5305861590270583e-17,1.6867165854719282e-16,-2.771853327635309e-17,-1.2600232170765315e-16,3.7251963593779793e-07,2.34637009644782e-16,5.958221735281806e-17,6.028792130084381e-10,1.5261638703823977e-08,1.5372204368457855e-16,0.0014269093969464953,2.2137930727059687e-16,9.786883321343386e-17,-0.00014441240492443614,0.00016026759067777635,-1.4604524677741597e-07,-1.1730151377071295e-08,1.0850952506790935e-07,7.698642081414459e-15,0.008370970419032916,1.1657234269647941e-07,-9.316332345480536e-10,-6.850733913842293e-16,-5.089407905320064e-13,-2.360488956290319e-12,-4.8330318677384915e-12,6.017789531576364e-08,-8.546121041145199e-16,-2.3831069443260887e-15,-9.684324687173665e-13,-1.0516146055706145e-11,0.010420136607513402,0.00010727859429236593,8.951861842611142e-13,-8.325202193297404e-12,-1.5778216118937426e-12,1.6103774462607926e-11,-0.003807745754682646,-0.005086262320050613,-0.008492165893980459,0.031165250293856105,-5.913734829559251e-05,2.2661729607818467e-06,3.5812606969390487e-09,1.161920145551485e-05,3.4770750885159337e-06,0.013975037391547976,-1.764697303622998e-05,-0.00030095121064709925,-0.002224715921047065,-0.010156907090364228,-0.11857022805802535,9.933345834155505e-05,3.9785365690958544e-07,0.00012064060247072231,-0.001134632346534818,-0.00010040149189760661,-0.0006846259968971714,0.0039414476871706865,0.17532218915091455,-0.2876825321353151,0.03782132173090256,0.13469266509340216,-0.14278568393272886,-0.084279036021005,-0.08988700418030679,0.006300778947373545,0.001673192918037907,0.15574916963552066,0.22760678672366458,-0.49519367978116013,0.15997313773308705,0.5377520653738773,0.0790960533890578,1.794711844364767e-14,0.017372784686295446,-0.013453105803195474,0.11846874907100925,-0.058775521697751174,-0.18814066463126355,-0.08326334044048729,0.0787569459217813,-0.000875639146926577,0.010636994395609521,0.014734617138778352,-0.05273877132975595,-0.2950296301769925,-0.07047567263398516,0.09183362958179457,0.00016828609576186778,0.057508219297312424
13,1.0087413992678026e-11,3.869188498168681e-12,-1.0301418442236807e-11,-9.189128709358329e-17,-1.593292308520362e-16,1.0040714069939853e-16,7.407151756097328e-17,3.2391865995423866e-16,4.112666687001431e-07,2.306492787434541e-16,2.1196814943245418e-16,6.107645611651614e-10,-3.6086456211522485e-07,2.97908438891585e-16,0.0016583259238888675,3.361551663286872e-17,2.718471831481872e-16,-4.993159361833021e-05,0.00019360163603797671,-1.8061382581294716e-07,-1.3898861028258678e-08,-3.10368369508392e-07,9.49106604571349e-15,0.010386839234045124,-6.737814920712127e-08,6.069225949925696e-10,1.450825318973121e-15,1.0461565183217749e-13,-1.8385125851710676e-12,-3.811639514259502e-12,1.0650599790215079e-07,-2.730190963032617e-15,-2.76005688028484e-15,-1.209097154222042e-12,-1.4067785634815643e-11,-0.013182893261195667,0.00011179683017294535,1.2993033402753863e-12,-1.0237216016890531e-11,1.814163674721112e-11,3.787522223846702e-11,-0.01954562326517462,0.036550395637408466,-0.15602034287147304,0.7242598655783634,-0.00023169548486495686,9.138097072734551e-06,2.0908196949707076e-08,-1.914122731225743e-05,-4.617232263442644e-06,-0.011058308103731014,1.7916580574739193e-05,0.00022137616884077092,-0.00014881892351069763,0.0013012413100412926,0.0032517959541408696,-2.7407114655838172e-05,-3.622143422463459e-07,-1.2142458563545736e-05,-5.7821986608326194e-08,2.274275653957144e-08,-0.00013406351348905083,0.0009628870913577981,0.04606871632363643,-0.07514780639226254,-0.07070217314345383,0.01780449373573404,-0.008241388432127208,-0.013101821047141462,-0.03948406845770381,0.0012717818608836775,0.00015430178437270055,0.03906700993997346,0.01265513984918685,-0.021066789467298022,-0.14890860348047155,-0.2020341433457262,-0.2091589776216963,-1.992817811937609e-14,0.06731406642751772,0.10097330278279013,-0.02395971164817363,-0.4521216281218461,0.07446732356006361,0.1087042901476586,-0.01146929283844958,-0.08976243174443081,0.0026885103707987245,-0.03993029270104041,0.009281909618446623,-0.2438554712383088,0.045806028773091666,-0.03479229481404967,0.023265451618936325,0.12224368955450668
14,1.147844872756149e-11,-1.4876853087724125e-13,6.158234801167556e-12,-4.178739268730722e-17,-2.007984633349773e-17,1.034032975076246e-16,1.6905737025730975e-16,-7.561838248013307e-18,4.5385944348930585e-07,-1.1911112012419868e-16,1.095230582269201e-17,6.863425915252012e-10,-2.7123826474162233e-07,1.982655500497418e-16,0.0017402785761257032,3.952198829645379e-17,2.657276431271432e-16,-9.150293234784085e-05,0.00016551259059666962,-1.9165981698484024e-07,-1.4812645258484518e-08,5.148592164704764e-07,1.0443669138939472e-14,0.01020591014702369,3.0281652320512775e-08,-1.3372822240583976e-09,-1.0800956743780456e-15,-2.3365762567726137e-13,-2.317499127378344e-12,-4.843079593409137e-12,-1.5731318127212116e-07,-1.3006620769616972e-15,-1.1506006745745195e-15,-1.1324262258579082e-12,-1.2537412676784966e-11,-0.001923021146742395,9.231451572039142e-05,1.1200924946318236e-12,-8.702756525849245e-12,1.4554772258422125e-11,2.264393384173457e-11,0.004895762818950709,0.004117549148851823,0.0006103162757626825,0.05005598864901148,-8.173374300306524e-05,3.1277894277538816e-06,5.103316357818467e-09,1.407014092584001e-05,3.941295409935114e-06,0.017157952784073633,-2.0766953418341215e-05,-0.0003693942650875532,-0.0024338509092732344,-0.0071648579816532745,-0.14017274034507907,0.00011441546387452299,6.2950008865982e-07,0.00014131321833638858,-0.0002630707034499343,-1.1248143849274606e-05,-0.0007769963810324846,0.004545746192127892,0.2009407377764196,-0.3101745975372686,-0.15960258751349612,0.09879463873142842,-0.07822768573301185,-0.069294766806307,0.14054315624259986,0.0047366990619105796,0.0008780885712976287,0.15500708210014116,0.15678174185991534,-0.19185596706498145,-0.3511371032108759,-0.3168214423554237,0.126770220516803,1.7556558802928297e-14,-0.13212056354036766,0.04221471456351532,-0.03471763875956748,0.393129862034029,0.07550936430165167,0.33054577260990237,0.026723959090239835,0.32518239646737784,0.011000286111763983,-0.14793781454735247,0.12455416174379755,0.04406747467554639,0.070035290038336,0.07429179591187288,0.011378067311876372,-0.05669599023723247
15,-8.965163886827162e-15,-5.255036678038265e-15,2.0008384945818444e-14,-3.979667731335137e-18,-1.37541836173784e-18,2.4468343317569796e-16,6.06380238879784e-17,-3.2661305892029795e-16,-1.5191142091689655e-08,-1.6762466923380869e-16,6.027019290559803e-17,-2.9464838974491627e-11,1.9308273621031955e-08,-4.023485236974674e-16,-0.00013205088050631064,-2.0161783988473742e-16,3.5292027579788407e-16,4.446207125658221e-06,-1.7694843167419203e-05,1.3722786951626805e-08,1.0597012329408538e-09,2.6236991343636958e-08,-6.082705949218445e-16,-0.0014169050764410893,8.06955183897462e-09,-6.752847160023911e-11,-1.7844173498053306e-16,-1.2589226913744712e-14,2.482102945528036e-13,5.480814127872647e-13,-1.8528846845931587e-08,4.736847167991231e-16,6.747259575453105e-16,2.3761196613502123e-13,3.1791557495050535e-12,0.005383963950199968,-3.556782279753113e-05,-3.2112428299365275e-13,3.0392731473433807e-12,-6.303303509530566e-12,-1.6305452256855023e-11,0.012339275569027636,-0.027598679986524183,0.1346744334162215,-0.6472601809880953,0.00014955543163116915,-5.963698854113695e-06,-1.519751554120232e-08,2.9257134349038203e-05,7.34659488272188e-06,0.024301929148308917,-3.3530039115011014e-05,-0.0005082330380467979,0.0005282890522027191,-0.006443301632481219,-0.1134463889569582,0.00011153355173021401,1.2224039324802965e-06,0.00011860812802916825,-2.4071807694571148e-05,8.822474057146234e-06,-0.00044659430402151665,0.0024402187529344874,0.10214055171152327,-0.14131560589670827,-0.11835307764721946,0.03051203910853414,-0.014015835303351805,-0.019093738744584986,-0.056710240874866535,0.0017770986602216174,0.00021874858778534362,0.05144366459805683,0.01610218514310283,-0.025877252479390645,-0.18168211919253774,-0.21426635202677466,-0.2230778595997883,1.2304117318228719e-16,0.06726008851495914,0.1013076530806327,-0.024116166030440575,-0.46908720077759586,0.08237648598603811,0.1282683225291779,-0.014440373352177033,-0.10327897377223498,0.0034896441269613486,-0.04672096524214143,0.010425817905963454,-0.2749946266061713,0.046969747884455286,-0.0355157151043268,0.02394552924577458,0.1248685831984731
16,-5.632324958233142e-08,8.108655423454583e-08,4.6487994853466815e-08,-4.393082653744967e-18,5.861235630277865e-17,-2.941313788343298e-16,-2.0967208062776432e-16,8.517957541290529e-17,-5.765919878218689e-05,-5.0056955363859806e-17,-1.0199504608565764e-15,-7.907234288393372e-08,-4.0499217554362024e-05,-3.122669646349707e-14,-1.972233557720743e-05,3.7198868844948136e-16,-1.1865949397017593e-14,1.6103875329779785e-06,-2.434178213269394e-06,1.0056116205729326e-05,8.570987397991595e-07,6.291742159144501e-06,-4.755987490424148e-13,-0.0001945813357056532,-1.3701369092342128e-05,6.737995569021895e-08,9.240110926898834e-14,5.231181071190474e-11,1.3897539797053067e-10,2.7050974075709237e-10,-9.097966123638442e-06,-2.858107972491035e-14,1.5061943417419213e-13,3.2926903851632264e-11,3.0663929466137077e-10,-0.00014787780717796488,-0.0032722826368814135,-2.244814848408711e-11,2.2763451183110462e-10,4.1954857919378185e-10,-1.8979249705305158e-10,0.00035351089711311857,-0.0004985681221496036,0.0034691190801766562,-0.017554512493108316,0.0005221928706413319,-1.9642883889767204e-05,-2.4271586721974354e-08,-8.953010424901676e-05,-2.9106522852824393e-05,-0.08540619283469153,0.00012608536049947677,0.0017985304726254585,0.01832463841601354,0.0845303446520664,0.022495220843165027,-0.0005334867427464477,-6.623429157415618e-08,-0.00044755090914135173,0.020383181092000262,0.0017665983176000859,0.001812381264334436,-0.007405158814863183,-0.26209241402667843,0.2885276583204198,0.07715324964856693,-0.065019582605579,0.04917015589638279,0.10585171559720387,0.0643780590565708,-0.004232303574865383,-0.002238247271095187,0.0072202523216651745,-0.0602031181982623,0.13493776179049302,-0.5285003023059338,0.4508287870084481,0.0776158050539631,7.991097234476396e-15,0.026908404376747297,-0.02105827349433333,0.20830823262382814,-0.05416150023569917,-0.04323983047913788,0.3410729826854375,-0.056550322733407044,0.17557312505158248,0.0018905263143116837,-0.1348028482322033,0.054756033910880596,-0.17744922911022623,-0.09308145395946077,0.15484037547310558,0.004624259252115393,0.0921263990878453
17,-6.414751893238585e-08,-5.175543751373758e-08,9.13647399102968e-08,-8.41217360632066e-18,-5.338641505816516e-17,8.173921372026978e-17,1.5369596725981254e-16,-5.734693552847819e-17,-6.0933588421769915e-05,-4.870733487997471e-17,-1.1900776380237384e-15,-6.397168798590891e-08,6.317518015924888e-05,-2.6462409912687152e-14,-2.1655059747446887e-05,3.546955270833499e-16,-1.749120270172977e-15,1.1509659863720795e-06,-2.7035653643409168e-06,1.2970257013711289e-05,9.76154448298192e-07,9.626795657747845e-05,-7.346176320674597e-13,-0.00021848770208263336,1.1574953613840374e-05,-1.7745210118416843e-07,-2.9819039870308076e-13,-3.4174498307205065e-11,2.8665982345192703e-11,5.6718740726163625e-11,-1.4361761544618077e-05,2.0768334375094804e-13,1.6574760946138467e-13,2.8865539340550426e-11,2.924745895808081e-10,0.000318287989542526,-0.0011165009253031512,-2.476103315318647e-11,1.2740345151831747e-10,-2.7627138580440056e-10,-3.828598313373415e-10,0.0007544091886029162,-0.0017490014160174625,0.008213725189568461,-0.040518489900725964,0.0009475830142997359,-3.613538942751313e-05,-5.7264672832853376e-08,-0.00010094827407750761,-2.3243434267051285e-05,-0.10584590308157696,0.0001329845776430991,0.002250303730773581,-0.0330405786886575,0.012192647923777201,0.015644774650708956,-0.0004133188875679517,-1.0695970785791483e-05,-0.0003760279159591319,0.006694625584418491,0.0003885652793682485,0.001553843215425347,-0.0073431420209245715,-0.2649456786551991,0.26704372501384793,0.12747925899031115,-0.05268789774357962,0.03462368836344948,-0.06002443617474865,0.035510049730492065,0.003959652825042101,0.0016629651177808716,0.09742161043054154,0.2649782208954285,-0.3387790328152257,0.18667470184546553,-0.1321397322655558,0.04218330470888423,-2.7544638947122554e-15,0.1301465332600762,0.19713017600073823,-0.04396274460247195,-0.3133740584612615,-0.05429987653225651,0.017723342510365822,0.12500950507212566,0.4894972452131025,0.0071860921991884555,-0.04247456654621921,0.07274209600643987,0.33997739032076857,0.06998747040442463,-0.029954686358639872,0.030128961617883032,0.16261159933028158
18,-7.317316980360313e-08,-7.673623145754584e-09,-9.562895484616525e-08,8.951405138153114e-18,-5.915129595263554e-17,-1.1651565093379712e-16,-2.836313351039223e-17,-1.927567231905567e-18,-7.062194398431357e-05,-2.045995698901464e-16,-1.391472812375701e-15,-8.077326172157992e-08,3.8142704645589784e-05,-3.2905089628254684e-14,-2.4143013909932243e-05,5.169610711427165e-16,-5.623296677065982e-15,1.5063027533788262e-06,-2.8633984573040744e-06,1.561811467203994e-05,1.1792730759694147e-06,-0.00011426521855015419,-8.741868969790135e-13,-0.00023917640849818297,-2.6073630956951352e-06,1.8770219582518907e-07,2.1579513339291484e-13,1.5367372328433532e-11,1.068604621615133e-10,2.243302602695267e-10,2.1191840173715648e-05,-3.1348022039878705e-15,-7.25583505649816e-14,3.596891110207275e-11,3.5247484356723074e-10,0.0001320000071965791,-0.0014627241817296785,-2.9943854252568876e-11,1.824446669843083e-10,-5.520419892976751e-10,-3.7604632053795945e-10,0.0003243895697309151,-0.0010933421712232116,0.0049395299744752165,-0.026379224396362998,0.0008874260529802086,-3.34576100000389e-05,-4.426502023664171e-08,-0.00012361156486158446,-3.325013314407445e-05,-0.11940658989480087,0.00015452695912910225,0.002504672662587135,0.030555674901117102,0.013879740937646455,0.02577894025120643,-0.000617173835810813,-1.3394294487881103e-06,-0.0005418991893770705,0.009141409099294097,0.0005863254262521957,0.002020576618544901,-0.00895765749356667,-0.3238130812335826,0.3351284482088011,0.1435762877394748,-0.06662250373070248,0.043831555819289825,-0.02436771061695694,0.005125842089959425,0.000891804017699621,0.0006407840526368075,0.026471908641404737,0.053208553927404124,-0.331109996823627,0.10511766847727605,-0.2903639864304102,-0.030014556454699932,1.3473816047250358e-14,-0.24734224967589524,0.07910493694782628,-0.053728165064410284,0.2893878384138194,0.029236996107392204,-0.0034802684142589396,0.012601969095390237,-0.2177213966601914,0.0020740407008441,-0.010701106638387784,0.003969668245000865,-0.5458946803694346,0.10636404440752553,0.11906105296000828,0.02464643347911425,-0.04620221016374668
19,0.00025547564686298415,-0.0006890402088293527,-0.00036572010541905515,5.147558621149024e-16,1.7282193872378804e-16,-2.0395157241524953e-17,-2.4377811805816255e-17,5.462622432058904e-16,0.007046160095904194,-2.3156384195015983e-15,1.4485826824621834e-13,9.325507165183219e-06,0.012712406254567099,3.666216612945733e-12,3.6161182042478126e-07,-7.459807095426113e-14,1.9949622583041553e-12,-2.8695439035678567e-08,5.088905130603483e-08,-0.00039279679118317415,-4.380118288436527e-05,-0.004513945520649847,9.221732421505584e-12,6.225319442492105e-06,0.001368613337722845,-2.432836743785726e-06,-5.696277096608336e-12,-4.87598567729952e-09,-8.2574135691889e-09,-1.4701503228706779e-08,0.0010152018266028698,4.1647571716017204e-12,-1.1418203354612354e-11,-9.750480290114315e-10,-7.502676247669476e-09,-1.132001862207586e-06,0.10649007635643033,4.0691207430672135e-10,-6.227787437110499e-09,-2.5593284408179375e-08,-1.6516598581227175e-10,-6.315122793675769e-05,0.00016821532957225695,-0.001066711416275593,0.005702283959171334,-0.001177321422221709,4.127031100692102e-05,-2.304750517449902e-08,0.000388254778531083,0.0001872978755937448,0.27693284976548344,-0.0006200876666752707,-0.00571282943007624,-0.12536500608940854,-0.8230371816187803,0.012594037815546105,0.0023542695105108077,-2.5383678235205774e-05,0.0014768288634816333,-0.13280889758642492,-0.012538755208202077,-0.0027705895771789504,0.004408164729151658,0.04226380210560715,0.07796900736257512,0.06858214891680837,-0.07078096077501028,0.07393006397786528,-0.15638954355326104,-0.002192952565191209,0.0029784169292719127,0.0031842482724508563,-0.07093174943834407,-0.02117623532668549,0.027059736101306797,0.09795437786855332,-0.01992885955996977,0.013782332825402314,-5.139056262877015e-15,0.024584605807539288,-0.016199747050592263,0.23813944983022106,0.005291377891270879,0.12297826101884736,0.10126967237017115,0.010890871265947392,0.040086956403768616,-0.0055323423799069895,-0.050251082682374194,0.08542664428548488,-0.046317300739494874,-0.05950634996999823,0.16725735742657163,0.011452190512729972,0.09106499258308319
20,0.0003268179921656796,0.00048771909078822975,-0.0007548669374751165,3.7479260097718793e-17,-1.0895437820049814e-16,-9.773588172807447e-17,-4.248079523518839e-17,9.161716688001214e-16,0.007312685092315817,-1.831188426024431e-15,1.4537290777602083e-13,4.634745890977753e-06,-0.011491179244360043,2.017717065325848e-12,3.888748098444856e-07,-1.6211782034771924e-14,-5.00441542505428e-13,-2.639355850642082e-08,5.492567035504766e-08,-0.0007759045523166589,-5.596285094661983e-05,-0.021237048232561846,4.683064171773744e-11,6.741620546380879e-06,-0.0015213272750863127,3.0359186685678454e-05,4.6109504466743945e-11,4.972636663747755e-09,3.419912790531607e-09,6.87777015435183e-09,0.0017193381048232993,-1.753894346284325e-11,-1.4665136020025415e-11,-5.864841436666655e-10,-5.767180543698574e-09,-1.7799180954357086e-05,0.0017360184493868294,4.724557378597367e-10,-7.687683133435207e-10,3.3061158817795385e-09,6.748382625573767e-09,-9.315992371790274e-05,0.00027862172966188083,-0.0016196066819731323,0.008595973026816365,-0.012674521192708448,0.0004852667423263325,8.370228542354808e-07,0.0005218095239369857,5.9195957029235914e-05,0.5459007919555787,-0.0006633079826653306,-0.011670486392627214,0.6610775998431793,0.07803480138341612,0.005882579108280689,0.000414667376791956,0.00013242701449493047,0.00041710942226659304,0.00937456560154154,0.0016423362418303334,-0.0007762039620713636,0.003920863430981081,0.07570985054809451,0.06905628039851724,0.022542864787984417,-0.03186390874555763,0.022613167066965572,0.13399056428865785,0.0031991502188258715,-0.00770871297157519,-0.0029259453163591243,-0.10092176777764672,-0.17612792579983091,-0.1170826667238524,0.004648042401966038,-0.03038879158156032,0.203042038376692,3.995167286651766e-15,0.15358376816378344,0.2470780567899129,-0.050876697758091644,0.028888816618020414,-0.08081593609535499,-0.013156957419928741,-0.08006843167166375,0.0351504059222164,-0.005901218081238785,-0.006125442226726978,0.034287816418808174,-0.04903445384049003,0.07507723707164672,0.009644932275877515,0.02717357592422316,0.13241691133377634
21,0.0003807692221276546,9.502062018448887e-05,0.0009099303387130922,-5.369302419206881e-18,1.596017954068371e-17,-2.6970609666450746e-17,4.2554035330904375e-17,9.234914311324474e-16,0.008833318686048006,-2.4506894739768526e-15,1.7752618240735035e-13,7.360620566762806e-06,-0.00553320267020651,3.062400543721941e-12,4.413967710519343e-07,-4.037038001757796e-14,2.6610997129596943e-13,-3.152640647962815e-08,6.143692673039088e-08,-0.0011483714115302632,-8.156231378067e-05,0.02367337234932462,6.86096736941316e-11,7.6021450980364516e-06,0.0003554737714807679,-2.831366611179224e-05,-3.699874808500977e-11,-1.4677486807605501e-09,-4.9473960522646394e-09,-1.0572657715823775e-08,-0.0023720124809876583,7.153890637057291e-12,1.625076320855257e-11,-9.120688305732966e-10,-7.954467813113152e-09,-1.2920852098676503e-05,-0.003993233654210655,6.932254150590995e-10,-2.665728644350294e-09,2.505415445373573e-08,5.433811324288441e-09,-8.322864362716728e-05,0.0002663510513681262,-0.001563987613601328,0.008462794523558246,-0.008179905371731333,0.00030110235978539975,2.6993603980509436e-07,0.0008144220818387363,0.00021640470101761352,0.6074551227092387,-0.0007881720225570818,-0.012246272658107587,-0.5380414274941457,0.28261162298743814,0.007474849392590761,0.002919597372459593,-5.255379937266631e-05,0.002130960985902904,0.016885729170894103,0.0025765286774198,-0.0024960644983651288,0.006249085419457896,0.12399153446176782,0.09497737901842897,0.06240571188780353,-0.07566225992993414,0.0709718879284752,0.13372329200143382,0.00913909461817807,-0.004014088568036771,-0.0018352967527358397,-0.02486815729607249,0.0780936833182853,0.09328845951299293,0.03608812420020559,0.03097253666252456,-0.09206537334631702,1.2269547964699838e-14,-0.30264073598422025,0.10798181923042155,-0.04859166193455601,-0.03597928447151697,-0.09036868372562497,-0.04225284380871227,0.05963891152543083,0.15540828267688736,-0.0005813424697727808,0.007278870352109776,-0.029162019285290715,-0.08250399080635928,0.09087906957750178,0.12387524499165135,0.030331469486946663,0.015917994909269755
22,-0.3310881914621795,0.5792541766978844,0.21707008911828213,-2.4501032574644493e-17,-2.002694545431791e-17,-4.158736917813798e-17,-1.006934996353631e-15,-3.693599238754078e-14,-0.2184395115754524,6.418760181240097e-14,-4.591207000174487e-12,-0.000221457539802859,-0.2738043881430362,-8.798471778972783e-11,-7.46364717419101e-09,1.7024599795309355e-12,-4.409892115416485e-11,7.947877946414183e-10,-1.4251702716013583e-09,0.005826359938016203,0.0006516792067776583,0.061795157118565196,-1.3382764454240254e-10,-3.0162367537978624e-07,-0.013134207639195301,2.4629682898339688e-05,5.894822502779892e-11,4.641756622490914e-08,6.982352741054229e-08,1.1664883682802769e-07,-0.006739555962354073,-3.055891307595824e-11,8.228230924542187e-11,5.5749811353916985e-09,3.7043351614137995e-08,2.3142037518875567e-08,-0.3797299780833976,-1.8039918953525456e-09,2.3599929524458313e-08,8.521461668292537e-08,1.1283817554755352e-09,1.0548318185107133e-06,-7.046367962559047e-06,6.0693307917008375e-05,-0.0003478798509650347,0.0008173792361873332,-2.471908738219339e-05,9.70874028235167e-08,-0.0001759610302575925,-0.00010326873313948386,-0.04638673369019481,0.00024056455699942968,0.000818010478180151,0.02724693707943658,0.15820208923351825,-0.004455395158782752,-0.00022176159949921842,1.0508931705828557e-05,0.00016018956712204776,-0.009194910809867611,-0.000727703838747583,-0.001725702083277308,0.0046738007371109214,0.10273523767230365,-0.011729114018074676,0.03033441672594415,-0.04172454932625457,0.04807022483999506,-0.1278078081239644,-0.011942680912075856,0.0023773405266204572,0.002701977214534744,-0.0783690836379964,-0.029611264730063928,0.0438044754974297,0.15828564147376467,-0.060837461115081023,0.008029170938724984,-4.7373258479907886e-15,0.023453043897261834,-0.01252703393039639,0.25545949820816444,0.008571750960041246,0.13160277489506986,0.0529157855192066,0.012268796679437142,0.020912826638102545,-0.006179370612489587,-0.03059984788893208,0.0805282010586285,-0.013528176628552989,-0.057627879868888225,0.17758201797877635,0.01296253442151266,0.09693373798934864
23,-0.4013930155356474,-0.38856040962660615,0.4246032889738876,-6.729798660431754e-17,1.2121967616733397e-16,-5.696170198172896e-17,-1.6430982591963134e-15,-4.197304452424602e-14,-0.21480656275734078,5.688329069885912e-14,-4.3664502161670265e-12,-0.00010372578914871668,0.2339863333684943,-4.567336751984867e-11,-9.445320777012415e-10,3.479126721798493e-13,1.0591591630533539e-11,6.679203465956228e-10,-9.961272551268128e-10,0.011011556088345172,0.0007908550622876305,0.2745957763648103,-6.697570404789216e-10,-2.0324218901012142e-07,0.013872453334694433,-0.00029838885698612477,-4.570561849594511e-10,-4.5051023392888935e-08,-2.817479875659171e-08,-5.326278708185778e-08,-0.010824427853767788,1.2129937489042684e-10,1.0036695364740245e-10,3.1200065990386854e-09,2.6663446656978022e-08,1.6490233692725254e-06,-0.0013606172755920242,-1.9917946723245137e-09,2.3137653663310117e-09,-9.535537065611567e-09,-1.635244109745502e-08,1.3906362164328617e-05,-4.296390309592232e-05,0.0002779348380959384,-0.0015154489551696454,0.020039569343569645,-0.0007593242833086076,-1.1895430710452382e-06,-0.0002521740162351293,-8.988565599646328e-06,-0.16805843208371074,0.0002443493345779262,0.003409791817414609,-0.21316182767536324,-0.034535289996061855,-0.0035974685704604423,0.00032076944271820985,-3.988878345017743e-05,0.00028219854712458267,-0.006228621600188489,-0.00042755283019762006,-0.0009875189708708155,0.004341562039933022,0.11810097674841835,-0.01644407613735402,-0.006688017994547062,-0.015757640872701775,0.013913522715634589,0.11413705789995607,-0.0045171833354329,-0.006921963112600663,-0.002545849307232433,-0.10762724461869869,-0.19023972925214164,-0.04106331250807347,0.0013615183700936388,-0.01318587720667838,0.20472161127764948,5.8377109398711796e-15,0.1540210224728409,0.25661142552232596,-0.05019785779663789,0.05280898106253875,-0.07760662843680342,-0.02762304245611526,-0.08332344939236737,-0.008934924174276713,-0.006652231385931352,0.004240682646417007,0.02445663460444073,-0.057008307059285016,0.0745873868967124,0.015483496272535655,0.02681088078148182,0.13057782624843123
24,-0.47052610070932704,-0.0761682402028478,-0.5149727771161932,7.831965262141266e-18,8.217463313449365e-17,-1.849670560994596e-16,-1.5553737770198063e-15,-4.946949395846922e-14,-0.261157520570954,7.180524192208269e-14,-5.368706964855767e-12,-0.0001662330212882432,0.11319494321851885,-6.991750447604201e-11,-6.909630781072774e-09,8.780469102341811e-13,-5.51509480817058e-12,9.624665673182775e-11,-6.567168741096153e-10,0.016452391190807603,0.001163408728371672,-0.3078801464943729,-9.90371083739409e-10,-2.09553914210282e-07,-0.0032624897657869433,0.0002797566230719056,3.692604666732398e-10,1.3327201557681189e-08,3.967848690413717e-08,7.973779688044109e-08,0.015015120137167031,-5.042029028374964e-11,-1.1276103033024668e-10,4.939179862232158e-09,3.7291804303860276e-08,1.2523528230916997e-06,0.020394599008372427,-2.974261977913761e-09,9.246384189154673e-09,-7.898744634774271e-08,-1.3018333806298246e-08,1.2584457980384663e-05,-4.241615658690511e-05,0.00027616741988772123,-0.0015304457545167115,0.012310247173919145,-0.00044616268463327217,-3.256045185161519e-07,-0.00045236661032930234,-0.00011444610806918023,-0.18761771490459944,0.0002993060143918953,0.003441675398561308,0.17141562867438753,-0.0977358504708931,-0.004671973680908208,-0.0003147486601092894,2.266816565113339e-05,0.00012059696793842804,-0.00909943711190455,-0.0006856547421614063,-0.0016703043174029607,0.005764688463372029,0.15457204212034484,-0.011990732172529986,0.01664821124782272,-0.04225507479785039,0.04424048542736605,0.10939030985617836,0.0006672034562822349,-0.0038734284280930987,-0.0016073571274718265,-0.04391882821615812,0.03645359162782003,0.14360171892338797,0.04408160927383649,0.053694727016427246,-0.08842780170775692,1.4101388461339349e-14,-0.31321839249121775,0.11676193480333437,-0.04690035865980418,-0.053663415831665846,-0.09082926178354335,-0.05732418067470662,0.04349881076198334,0.1483567096142853,-0.002141641037281693,0.01616351240378621,-0.031494193543569485,-0.02744683952202624,0.08977342529588363,0.12686323544433706,0.030784214938342328,0.022321994466598386
25,0.3363162660634565,-0.5881707583707746,-0.22030945427992887,-1.1261597090224e-17,-2.7148930158099832e-17,-5.0113333645241965e-17,-1.0361677762645336e-15,-3.4010838169904665e-14,-0.206943460181164,6.044869593894959e-14,-4.342291204779252e-12,-0.0002112420042501129,-0.25869474505778156,-8.393377589855727e-11,-7.849684585245728e-09,1.6218194304915526e-12,-4.187876873373348e-11,8.203518142492027e-10,-1.4708266424708219e-09,0.005750866169823287,0.0006379319623456461,0.05790997001628161,-1.369679237705698e-10,-3.0667866284567913e-07,-0.012849315192517266,2.533971847769538e-05,5.922234450213235e-11,4.542810031884804e-08,6.858990925539204e-08,1.147636811066767e-07,-0.006589583300183786,-3.018286594374617e-11,8.052271242319582e-11,5.513815362215369e-09,3.670321205103413e-08,2.016979654485131e-08,-0.3765680067106429,-1.7916485253821724e-09,2.3407914653964207e-08,8.445426430128103e-08,1.1043699032011734e-09,1.1616350740963932e-06,-7.293546545278166e-06,6.227165215847759e-05,-0.00035622279823579556,0.0008247556139570575,-2.500129584589612e-05,9.654954049574317e-08,-0.0001762205821924893,-0.00010340723196104932,-0.04667245915549083,0.00024120603022072856,0.00082413601352536,0.027286568652884025,0.16005981675426548,-0.0044779894245989445,-0.00022545690222805094,1.0536670562707956e-05,0.00015779375364181918,-0.008875478412040236,-0.0006970677119010014,-0.001720908926311602,0.004668469789431976,0.1027421155374786,-0.01186387255558739,0.03023701388018664,-0.04163264749448861,0.047974632999604305,-0.12757458907822208,-0.011948499510555126,0.0023728073810802986,0.002697771633189268,-0.0783194189582537,-0.029583215061710695,0.04380131653412204,0.15832036156871604,-0.06092082384039819,0.008007201958541276,-4.451028755519348e-15,0.0234460085462523,-0.012518278778749744,0.2554447317970879,0.008583035354454371,0.13155727118301555,0.052775087764761794,0.012276411298540669,0.020876678418093795,-0.006175490301342429,-0.030540347142033086,0.08047749309565873,-0.013476750964002136,-0.05760516799653268,0.1775647356456982,0.012963510641545318,0.09692129420759765
26,0.40769762261569764,0.39449089792816877,-0.4308608679089096,-2.8611487775826006e-17,6.719054299424322e-17,-8.412554003615718e-17,-1.414958631714782e-15,-3.860487015520727e-14,-0.20464266853351884,5.406604748411617e-14,-4.15718590886709e-12,-0.00010081681573495493,0.22305294710287885,-4.4308618843310586e-11,-1.6429836891375854e-09,3.4512149366789576e-13,9.871958266815121e-12,6.903795282500664e-10,-1.0644441673806086e-09,0.010790573082535388,0.0007749731133610273,0.26207454322099766,-6.559666484124887e-10,-2.1172348826422726e-07,0.013511126910308502,-0.0002884614100857199,-4.421739972927155e-10,-4.386477095363849e-08,-2.7293534719052052e-08,-5.1675218077587207e-08,-0.010573410423590333,1.1881187192943536e-10,9.797200404379791e-11,3.09840538895498e-09,2.648315652067891e-08,1.6760533823698576e-06,-0.001352327893651952,-1.980060635215839e-09,2.32275083928378e-09,-9.64011149261302e-09,-1.6279771953170918e-08,1.4032881548983753e-05,-4.335213591173316e-05,0.0002801898039527709,-0.0015273309730383395,0.019989155205624002,-0.0007574341552256954,-1.1868823542635295e-06,-0.00025263728630404677,-9.023184675204931e-06,-0.1688159800473811,0.00024516129933226186,0.0034267215471798693,-0.21503185503391403,-0.03454061231930081,-0.003605614809616369,0.0003216874996155278,-4.022428742033547e-05,0.0002827292774546442,-0.00624418137327088,-0.0004302501349783376,-0.0009878642378313126,0.004338569860823088,0.11807254400106415,-0.016561085045554168,-0.0067111000951723745,-0.0157410636140438,0.013914154104804326,0.11402295113443317,-0.004525955033819929,-0.006914852053162084,-0.002543085702012726,-0.10755837933868043,-0.19010389002320752,-0.04085167007628529,0.0013533630736958361,-0.013150243260087359,0.20466329886517434,6.0796794157849406e-15,0.1540101957839183,0.2566103121728855,-0.05019395601757662,0.05287295871410998,-0.07758004110291031,-0.027641495626409017,-0.08325414806840041,-0.009018474972538562,-0.006648610058421425,0.0042600708549355385,0.024420038793350612,-0.05705545944633805,0.07458005708223388,0.015500583540326698,0.026806938499880584,0.13055097680031
27,0.4779212746641316,0.07733163877046559,0.5225731023131442,-3.993581026334671e-17,2.1150428720211755e-17,-1.4896445269644823e-16,-1.4881243844816356e-15,-4.570609003917838e-14,-0.2488061287878092,6.83119855295438e-14,-5.109826767019249e-12,-0.0001605832510979589,0.10788552158620231,-6.749203984604978e-11,-7.406816378163226e-09,8.517616685882291e-13,-5.506808664581277e-12,1.5387760309945555e-10,-7.49229013764476e-10,0.015984720290353565,0.0011323980178890316,-0.29382517914097833,-9.604640599996157e-10,-2.1943773354064688e-07,-0.003142942312026408,0.00027009312446772546,3.560174720901955e-10,1.2893002255368326e-08,3.89264518372428e-08,7.82457053528663e-08,0.01468538771511214,-4.8915052663315155e-11,-1.0983215712406145e-10,4.895997253616523e-09,3.700977084851906e-08,1.2663212132199431e-06,0.019538452311812136,-2.9507450989413338e-09,9.209807703278358e-09,-7.824360252831399e-08,-1.2967358111066571e-08,1.2659774789126142e-05,-4.270183915290403e-05,0.00027784155983233985,-0.0015396838460831376,0.012290963990651068,-0.0004455101131736902,-3.2570052387425204e-07,-0.0004531585435010586,-0.00011468770826063748,-0.1884505481347133,0.0003002381473072642,0.0034585389761179032,0.1730596266442864,-0.0987156128350562,-0.004680001273194122,-0.00032069148768968286,2.2864204464813702e-05,0.00011595307255717459,-0.009200984506191948,-0.0006972922203263189,-0.0016662238995137693,0.00575631256507855,0.15442154601643,-0.012157177782643025,0.016552359962815007,-0.04215475146692857,0.044149306684315236,0.10922193952850379,0.0006510210144408613,-0.0038712000737534543,-0.0016054296126499685,-0.04396476334665542,0.036285798699710506,0.14357313640356237,0.04407115000390017,0.05374225727403091,-0.08837498519827597,1.3950764970535548e-14,-0.313212483761138,0.11676997537037623,-0.04688973257948843,-0.053717366220337424,-0.09079887932879557,-0.057295463356103575,0.04341178378033328,0.1483125884718758,-0.0021458049369199477,0.016157676465926446,-0.03146565805729587,-0.027305726186429926,0.08975502230706958,0.1268514682069659,0.030781486297663467,0.0223448644539944
28,-0.005484910462855361,0.009606953118345862,0.003605134787621835,5.903313422236519e-17,8.190350198091596e-17,3.1270176835085365e-16,5.160980541872289e-15,1.4438410173915997e-13,0.4962746715139403,-1.6225708171730102e-13,1.086109478254807e-11,0.00041862977794499874,0.6727456936905462,1.6579300048943453e-10,-1.2854687513480196e-08,-3.351460825670889e-12,9.504646454621231e-11,8.321701101255981e-10,-1.6160374920433188e-09,0.0009128533765919782,-0.0002322908539244468,-0.18515973531889365,-3.2815415149207855e-10,-2.877038976296063e-07,0.005543539508875049,6.980687326121717e-05,7.524334098296427e-11,-1.848372316430495e-08,-1.1713073009768029e-08,-8.536694008333521e-09,0.003365212761134127,-5.309489485587744e-12,-3.533060150885802e-11,1.4039344787427804e-09,1.3493370955974852e-08,7.778668586882226e-09,-0.14844693812371468,-9.411813082981957e-10,9.747388061044082e-09,2.846174379958888e-08,-7.821556880292086e-10,4.855346345808046e-06,-1.5456195379885138e-05,0.00011157344537621571,-0.0006148540682457023,0.0015076393057010461,-5.12502326964269e-05,4.312651457128305e-08,-0.00017401350097648937,-9.708501093602778e-05,-0.05512082311673044,0.00023914522160005183,0.0010111677326028153,0.029143257129380075,0.19951671666565313,-0.004886563706011044,-0.0003232074448763826,1.0712759489569371e-05,7.180396162196584e-05,0.0015907365542202428,0.00029746298197366305,-0.0014935884680689446,0.0043328885025288805,0.09984180387616393,-0.01568799082374598,0.02630592967345884,-0.03764742677163737,0.043680169343640725,-0.11626300235995862,-0.01181835283382145,0.0021516539392552755,0.002489912974231115,-0.07539501751526692,-0.02808570432014193,0.04347986680590613,0.15705765751234144,-0.0631031849938728,0.007186383074674743,-4.30674457060333e-15,0.02315729172675428,-0.012198836945165319,0.2546127088420967,0.00885925465721976,0.12881059723846258,0.04753431488588097,0.012432937329402205,0.01988030047733681,-0.00594457614966534,-0.028258752808841124,0.07804670218983648,-0.01181502775596551,-0.056673812783858364,0.1766464871972245,0.012974821807616506,0.096301902507735
29,1.6576606634660865e-05,-4.481999438211754e-05,-2.3857480044133996e-05,-8.108934445816761e-18,2.1192881434702516e-17,6.419235362454466e-20,-3.8220494278925165e-16,-1.2489016135829197e-14,-0.06862443071644118,2.1282788838517214e-14,-1.4670054032511144e-12,-7.806692334576952e-05,-0.1412798020514965,-3.054624651414497e-11,4.349809722058216e-09,6.524480453625738e-13,-1.9301141482562106e-11,-3.245709232678181e-10,6.519575964595268e-10,-0.00029136611021958567,7.446352460009966e-05,0.06756462875483604,1.0388527931290022e-10,2.0334872976993423e-07,-0.0032321490138952787,-3.668012661180881e-05,-3.9032320961272524e-11,1.0891159241289934e-08,8.151918907885868e-09,6.542511361931727e-09,-0.0035481907273119573,4.720152880337536e-12,3.200651011087575e-11,-1.8621393972300912e-09,-2.4158757867618287e-08,3.16736594766179e-07,0.8227741431263106,2.114172093897002e-09,-3.9497337574107554e-08,-2.786971372751151e-07,-1.268094406294755e-08,1.7339328635314895e-05,-4.330444716036617e-05,0.0002747292031552562,-0.0014714203143348418,0.0051931157518927545,-0.00017353581442427094,1.2621792937674435e-07,-0.0003126082366384065,-0.0001720096553895712,-0.08930811002891179,0.00040332324039580344,0.001622545852976818,0.04337598907263657,0.2854216307059658,-0.005896513397112138,-0.0004726405929360926,1.605847844857587e-05,9.693118374821459e-05,0.03787189852071353,0.003945444289048972,-0.001804363633578517,0.005048741935994153,0.11395281894683047,-0.017394551486437728,0.028496349543191996,-0.040983506320078224,0.04747523910611235,-0.1219391861228594,-0.012347700805812685,0.0022308622946204944,0.0025921755783169967,-0.07666978453205113,-0.028132705835674957,0.04245911001611858,0.15215551999832733,-0.06315942906383515,0.007213750429965695,-3.320569132182406e-15,0.02260398211766873,-0.01192571783815184,0.24921420404067843,0.008777725642040135,0.13265253235060628,0.03936640462904409,0.012380005235562956,0.022993380686952763,-0.0060103595552320884,-0.010581721387651975,0.08195531742582733,-0.012497157568006602,-0.05587774594759021,0.17384974906673437,0.012812079593417411,0.09480240359755546
30,-0.0066285662651242375,-0.006412299929374309,0.007001897275326111,6.074688378984711e-17,4.533997659420521e-17,4.4748834827810474e-17,6.297627804665949e-15,1.5694468892615522e-13,0.4210513758799761,-1.1631272863002064e-13,8.725764303429876e-12,8.177210598042122e-05,-0.4551913982378025,4.116297295867821e-11,-2.4218295809782e-08,1.5360901674153595e-13,-3.4462842753540673e-11,7.027358125725319e-10,-2.323548134851733e-09,-0.0033217889586503353,-0.0002386305534563054,-0.5267489535915938,2.2452060150004388e-10,-3.7166097315880837e-07,-0.009892866891220245,0.00034942014767621693,5.137613956883401e-10,3.3001773762744464e-08,3.020504113287747e-08,5.245111294007675e-08,0.006198040950663453,-4.603222934231658e-11,-6.064069648742945e-11,1.6167640100868269e-09,1.3906714916323022e-08,2.1192677305868467e-06,-0.0006563691012521436,-1.1491749975893294e-09,2.9500662129205396e-09,-1.7391997816131806e-08,-1.0386935607725604e-08,1.5625789814536652e-05,-4.9153641176173904e-05,0.0003128240684029734,-0.001697733426539136,0.014748160456585219,-0.000558960420927284,-8.739440392217348e-07,-0.00025071724172371187,-1.416816011237792e-05,-0.17798993110281824,0.00024993779479835494,0.003650172118505851,-0.2421776083962315,-0.03397738389464348,-0.0036652978911168974,0.000302857020347781,-4.512279201677518e-05,0.00027503850391148016,-0.006434389734463897,-0.0004956096357512304,-0.0009704163281096972,0.004109724555171264,0.11377292275045685,-0.019651973434015292,-0.006975421868651041,-0.015148469867927849,0.013951308173237462,0.10811096858349976,-0.00467148923276539,-0.006543595752334909,-0.0024007230024301893,-0.10335635970717467,-0.18188935403082465,-0.03279486928206528,0.001351667524392284,-0.01187319860021968,0.2013544845363643,5.9843555585872685e-15,0.15345729102676314,0.2563034927236678,-0.05001245136455202,0.054568789876093766,-0.07626597538295544,-0.02805628559115973,-0.07924680583896808,-0.010917607077248849,-0.00641088263250578,0.004864075474033944,0.02293546342267991,-0.057985013387529816,0.07420252814813746,0.01610304057525939,0.02662549967064393,0.12937613178598487
31,-0.007770361599210168,-0.0012566911920144218,-0.008492120957622733,-2.0725982185607845e-17,1.5355069714827626e-17,1.8635777601674785e-16,7.081233411944911e-15,1.8222596655802832e-13,0.512046910989081,-1.512062527431015e-13,1.0831061803920938e-11,0.00019226290649494308,-0.22008755661097726,8.385915192836318e-11,-1.6136434878865242e-08,-7.944528349853803e-13,-4.533908677220649e-12,2.1762355125598452e-09,-3.457320504808488e-09,-0.013560530606677782,-0.000830142630803869,0.5909978403359848,9.257410477278158e-10,-4.521635765068617e-07,0.004586925410294768,-0.00035012527482108355,-4.931908539183642e-10,-1.5219383390677713e-08,-1.0388797413249415e-08,-2.0037653632256466e-08,-0.007324794544649334,5.055041795518171e-11,8.377441063429075e-11,1.9420125651090933e-09,1.7362339846566122e-08,1.4595258607529796e-06,-0.042069651128846974,-1.294859904604852e-09,6.478818233640674e-09,-2.2685797942772076e-08,-8.863288606088806e-09,1.3047005933237817e-05,-4.5530718952423175e-05,0.0002937623422803403,-0.0016292668669428698,0.010259342060437271,-0.00037571863334591443,-3.311469095522957e-07,-0.0004255588176772727,-0.0001084186200034916,-0.19704405995393154,0.00030373689312186757,0.003681557268062089,0.19665280365558324,-0.11590278139904972,-0.004669546897682558,-0.00046211195418141646,2.502169994799536e-05,-2.8088481219892093e-05,-0.011832384972513016,-0.0010181627731367863,-0.0014724605714781958,0.005296894583812774,0.1446925415566278,-0.01710274106375541,0.013101167108271966,-0.03789930234895156,0.04013852963875873,0.10105398950088251,2.5753855560011067e-05,-0.0037414196148547953,-0.001507719544586808,-0.04546599097707169,0.02905657722105637,0.140046278891252,0.043518184024248244,0.054787120608990145,-0.08573087929433587,1.458919318101564e-14,-0.3127044186520984,0.11696565500176799,-0.04643397385585264,-0.055086122648731944,-0.08895358979250792,-0.05552469051578222,0.03941188341144649,0.1450484072580981,-0.0022976122417445234,0.015681364320243172,-0.0299852050073502,-0.022845284245344676,0.08893126896769037,0.12623830696686805,0.030624891384171998,0.02315609881215712
32,2.6778708237321536e-06,-4.695899046821844e-06,-1.767819242352988e-06,4.1631442033440183e-16,1.3435146165877326e-15,7.706680677433638e-16,-2.1680099069858907e-13,-4.829931528036253e-12,-0.012965867185138195,1.0421981936263437e-12,-2.667093685454375e-11,0.0035801418738016988,-0.015205090903524416,1.441669447281481e-09,-5.921319566474616e-09,-2.297179165764756e-11,3.5416944817029903e-10,1.0278291466097863e-10,-1.9194942790647115e-10,-0.29599083338737914,-0.029778222247931,-0.002287029755968372,9.88099674472964e-09,-9.93701195083222e-09,0.5718558709399963,-0.0012373953278442935,-3.0329352552246123e-09,-1.9951171476068824e-06,-2.610558844731704e-06,-4.096275339036742e-06,0.3065218425361462,1.026648518717082e-09,-3.4404614578048395e-09,-1.1978656209331607e-07,-5.451109811070065e-07,-3.788844116219635e-08,0.002432181402259159,7.785506278264095e-09,-8.588620339025618e-08,6.548899001475957e-07,3.4798429491632824e-08,-8.761346665337332e-07,2.4996685742936304e-06,-1.9155894944530008e-05,0.0001087237683259935,-0.003324550516744432,-5.9806681090516596e-05,-3.317498552882687e-06,0.0015278693785145054,0.0011273398350986929,0.020124286226726643,-0.00204932112754605,0.0009238987974882241,-0.01068790751544631,-0.029802280294749624,0.0017113479677355941,-0.0013858380723608934,-5.450940606340725e-05,-0.0032111752764824404,0.0010787411614460586,-0.0019262992820021664,0.011087520784790673,-0.01852388430230431,-0.22688804070817267,-0.11078660442261908,-0.14977611053670672,0.15817805748656452,-0.17258152223212817,0.43136072079018006,0.007333782437130001,-0.00831351684148819,-0.007657765803841763,0.07606177469022102,0.040462571704089206,0.034662478964094044,0.08408263048531318,-0.12082063940475331,-0.02427209046823847,-2.278916549488035e-15,0.01669465937024348,-0.00253651419629634,0.26457119852294464,0.016278579598770562,-0.04006686076242497,-0.0764158453171363,0.01483461870088163,-0.03746403409351871,0.005738078771800884,-0.10229298343303266,-0.06532633136597406,0.051148150629480464,-0.025949767950499487,0.15952819336044477,0.014212410530115047,0.08212560553635324
33,3.245184296501523e-06,3.138942903553186e-06,-3.4346278753530693e-06,4.595112794482205e-16,-9.02461626846593e-16,1.4673930406402995e-15,-2.751576465361153e-13,-6.13841045862617e-12,-0.014132068634287683,1.3907348700109682e-13,-5.7126500261085354e-12,0.0050167550994719545,0.017045458418797472,2.0141617683944145e-09,-9.908112874009972e-09,-3.330351631774925e-11,5.36321489335125e-10,2.3863143220696135e-10,-3.675281301546018e-10,-0.5030359756516984,-0.03442955690959089,0.015160208116798485,3.159101395014331e-08,-7.530443502881189e-09,-0.4704042386845725,0.008014839054861044,1.2404769991563587e-08,1.5369623990462564e-06,1.100899448443827e-06,2.1161143886986815e-06,0.39159009177456744,-4.151255693743636e-09,-3.4457280977067514e-09,-6.546456098190803e-08,-5.389407989728764e-07,-1.1211783254431936e-07,0.0016317349913240603,3.756665352419155e-08,5.405404962556371e-09,-1.9910266674906606e-07,2.562379556273893e-07,-1.7297647997558278e-05,-6.731696900293642e-06,1.609943028873648e-05,-6.793064002185394e-05,-0.24377257276253717,0.009245544719140924,1.4833626012283273e-05,0.00035912803634269996,-0.0002951288626964551,0.013055262163973576,-0.0002548059448033881,0.0005419435568258787,0.009564101289310182,0.004425509722234224,0.0007311926725631547,-0.00199262030685619,-3.4070628975801904e-06,-0.0008919384828921962,0.0015299099486010166,-0.001501441386117316,0.0005783622941011797,-0.007650618309220254,-0.1361968715402953,-0.101967669579699,-0.0015902480704883361,0.007491656813883144,0.014602649186722924,-0.16231137944099763,-0.005449300316939578,0.010363351798631994,0.004064877879002827,0.09928210713515205,0.2127796856416241,0.27567748906788464,0.008484875905519487,0.035378019366619495,0.04503004814305191,8.628324935843388e-15,0.1299894132735032,0.2378776514443867,-0.04293686033175418,0.10111461864801402,-0.016420360749991623,-0.03733498829721807,0.1101430611653992,-0.050498865564542694,0.005325959736926592,0.027361662102999416,-0.035962583542782506,-0.07048897528129064,0.056899843408162044,0.03734811892389835,0.018670845052382562,0.07973637798254567
34,3.7983030599581826e-06,6.084388661667532e-07,4.143527349031954e-06,6.550386815426842e-16,-2.191083054625511e-16,-1.6877837934322852e-15,-3.069815810699476e-13,-6.840253495950397e-12,-0.015670675468366625,5.4123338574224e-13,-1.5457687827349076e-11,0.005154959296352432,0.007770047231119043,2.074050690361694e-09,-8.948953509764723e-09,-3.489918054966698e-11,5.654671652062565e-10,1.4359789768657262e-10,-2.6357781454448205e-10,-0.4466749529253825,-0.034577372334332876,-0.024017436831656486,2.4420550963824113e-08,-3.7129847629659142e-09,0.059724117282441654,-0.006925720331671283,-8.654475537828062e-09,-2.8178391890351093e-07,-1.1613942410855533e-06,-2.4113595992507675e-06,-0.5463062203202176,1.902072118252199e-09,4.213037263837425e-09,-1.235099783818394e-07,-8.767123989600319e-07,-1.2326053044014738e-07,0.0035406188979806826,7.091740485708239e-08,-2.2913979584487875e-07,1.4713719869444795e-06,1.5898607208717585e-07,-7.5547670865377544e-06,1.6759010404878167e-06,-2.4160532824159074e-05,0.00014532394952625668,-0.09209253378173826,0.0031981312132768284,2.112173121725661e-07,0.001794750116889519,0.00037102801463647327,0.038469608049598904,-0.00010589972656198429,0.001835308862643919,-0.01965519545460879,0.011783453569336444,0.0018906981296281918,-0.003565869205833966,-3.630290623990457e-05,-0.004308335368494927,0.0037372899912642477,-0.0016088579947084961,0.006202834716559563,-0.014397547247782146,-0.301384603783799,-0.17155526394601273,-0.10873043586996631,0.1290783869387234,-0.11933298450972016,-0.2679031986337174,-0.02508657895842241,0.0026458194325635087,0.0030782492572664216,-0.09720221162305152,-0.26827090378673923,-0.060880383591980974,0.00849300016905091,0.07504153272566676,0.032497505900440635,1.619844160218996e-14,-0.2883898133072519,0.1215726461180067,-0.03789002517412266,-0.09052608183545087,0.008441936483616208,0.014195304053573096,-0.13140409904028572,-0.01706162138444609,-0.007964542645015024,0.025582436999710852,0.04499079445393794,0.124058462007804,0.055182622857131276,0.09289631637061649,0.02280525917691228,0.04971448005407477
35,-1.7746323647995934e-09,7.396744862447959e-09,5.575629361185399e-09,3.475696687439131e-18,-5.5558999396223896e-18,9.964556482201436e-18,5.429603089292578e-18,2.2900972215860783e-17,0.00030165418487892244,-2.0748968787806184e-16,6.3297394115479284e-15,4.464962814042178e-07,0.0008946089347914464,1.7277653842140213e-13,-4.064437462055964e-11,-4.114737639796133e-15,1.1891700083347453e-13,3.3812775761552374e-12,-6.966123648172868e-12,2.6007459880740733e-06,-6.669271052711832e-07,-0.0006691671154605701,-9.214503621342128e-13,-3.1984400266403728e-09,4.485789602886946e-05,4.74166519125872e-07,5.00177292574123e-13,-1.5222719453762425e-10,-1.2697875627794232e-10,-1.0819346363357797e-10,7.0399407442269e-05,-8.491579365713858e-14,-5.841462702240065e-13,4.14738567743134e-11,6.137274690515015e-10,-1.3914942163992465e-08,-0.02874723925263439,-5.848480448384403e-11,1.294522811224763e-09,1.0561798926927345e-08,5.844594362106879e-10,-1.1272687307127995e-06,3.299054709875434e-06,-2.3543206655711696e-05,0.00012999197517758716,-0.00034434742711010656,1.1619824220870355e-05,-9.297757160723455e-09,4.405909822244666e-05,2.5102816404747575e-05,0.017259266662098035,-6.77677621761248e-05,-0.00032576280318353477,-0.012788370043606048,-0.11351402901509478,0.01540215323277138,0.00015745254969757303,-4.526167534045546e-06,-7.242160342999436e-05,0.7497863455243171,0.07440792078690059,-0.0002580686578291323,0.0003475820663795298,0.0035866461082063915,0.0004003105712700972,-0.002189788146771559,0.002629606268732665,-0.003236188432900977,0.02363516837964691,0.0026421837549369326,-0.0005807767827397495,-0.0006076885796345273,0.032881685474968156,0.017724967662865455,-0.04756574757717118,-0.19853867981514897,-0.04107417657639107,0.004963473094234597,-9.619630618274265e-16,0.009409053724831319,-0.005087704464619866,0.10842796130922146,0.0047161028235128645,0.14828701451626444,-0.2365449739410847,-0.009017848185200395,0.08795962940529745,0.002990179193328595,0.49887944785921745,0.12551775363467085,-0.021200101588481318,-0.027501036835087762,0.08290877304527734,0.0064774764369634604,0.045418956198772224
36,6.656952969665313e-13,-4.2769467711257045e-12,-4.5651185263658365e-12,1.469716259892327e-18,-4.028029613973835e-18,6.06071712162693e-18,9.985245349432922e-18,8.855764961026147e-18,-4.6215528986494676e-06,1.5120586017614936e-16,-7.901387650121457e-17,-8.885224253185348e-09,-1.9694006222397666e-05,-3.236548057590503e-15,1.3149102823516261e-12,3.4023400385669874e-16,-2.5788052236207188e-15,-1.217759757758913e-13,2.5722181330207764e-13,-8.04219695752248e-08,2.0692488341270925e-08,2.292843633008719e-05,2.8535217969395043e-14,1.725626196972958e-10,-2.1414622091693166e-06,-2.1113810561599936e-08,-2.2250753191253277e-14,7.31768126774367e-12,6.7861239793979804e-12,6.129742977239288e-12,-4.7603944791834065e-06,5.01852379269477e-15,3.651338176334669e-14,-3.1354963824548898e-12,-5.2647528905883476e-11,1.994291812237282e-09,0.003334226557771286,5.441894520767957e-12,-1.414087218901129e-10,-1.321286052737063e-09,-8.749745577236261e-11,2.2861999038699425e-07,-7.643704100782268e-07,6.000695859114722e-06,-3.394211092672384e-05,7.10229562431242e-05,-2.4166228319879053e-06,2.095151670541909e-09,-1.614084751015558e-05,-9.406408264132343e-06,-0.007643321890241943,2.7707494056277745e-05,0.00014726935066861828,0.006921107548690569,0.06842537617701533,-0.012334412360512472,-8.933064478763015e-05,2.4045567801650246e-06,5.08860212232507e-05,-0.6380232241506046,-0.0633391049102213,0.0005488419305228609,-0.001408752528870178,-0.03170847686345736,0.005130476436060663,-0.009384211076948928,0.013112816931344093,-0.015326681195702681,0.053284096711498995,0.005653182609476196,-0.0011313995834248255,-0.0012426619114134262,0.05329915351139771,0.026077898987884117,-0.06372696292651757,-0.2614298454127191,-0.039068877653845833,0.0047782381181978055,-2.1899256963449945e-15,0.007917577612600845,-0.004316506803797654,0.09258505512545619,0.004284033805861412,0.15459733762701908,-0.2865823211668235,-0.012893672901036027,0.10033575138163196,0.004650386123897559,0.5922157507528368,0.13544089479926924,-0.023083499813089024,-0.024384186847613187,0.07283847424347846,0.00578738424100117,0.03995646166886453
37,-5.527165840035919e-09,-8.246540435235027e-09,1.2787556390808595e-08,5.064244544669878e-17,-7.484462521328657e-18,-1.204324798819006e-17,1.2135601524399344e-14,2.785359305220452e-13,0.0010355277991239424,-9.276928277999905e-15,4.094051473348908e-13,-0.000485412959345428,-0.0018386272693107343,-1.9273437809758161e-10,1.6323535588686415e-09,3.351215933134216e-12,-5.610707710774776e-11,-4.4384161792159754e-11,7.033199708816726e-11,0.07878620870518616,0.005412662453541202,-0.0026646635096164734,-4.9126555716328154e-09,2.254115072119428e-09,0.12146551687301152,-0.0019056623546871232,-2.919218374942122e-09,-4.001608803308189e-07,-3.257330828637343e-07,-6.726694089299202e-07,-0.155727487448996,1.4684616292854451e-09,1.2350613835045982e-09,3.0166511712901595e-08,2.954626073384749e-07,1.4155709109551682e-07,-0.0014131501752036961,-2.3141466543920485e-08,-4.249083950539167e-09,1.9594282601206651e-07,-3.52753942404269e-07,5.0770745015064936e-05,3.2814736095722354e-05,-0.00013579331505386716,0.0006937531699813405,0.7557916218756305,-0.029473028545407166,-6.394304510906749e-05,0.0024820202859544725,-0.0018662802174547377,0.05249685972870899,-0.0012292564880026589,0.0020937009133039698,0.0281978374609949,0.011621279526195651,0.0015515136764303755,-0.0055666498122055935,-1.0276178752685305e-05,-0.0020608753450814363,0.0031383090975844468,-0.0030793318606109994,0.0008995353314502504,-0.011051998934428042,-0.18871563398057958,-0.1334908700042801,-0.001992524230154584,0.009472658226673472,0.018409528604900142,-0.19220593843474054,-0.006413077579421183,0.012052523804683543,0.004757083922288638,0.11247603980746201,0.23733507223749434,0.3025276241207337,0.009281997020096853,0.03615568054338174,0.04615052119632481,7.156619032140995e-15,0.12886650952426834,0.2363245787759703,-0.04272715987942709,0.10219652098361298,-0.01713719035415736,-0.04020269183815897,0.12226121004180106,-0.05372383060706961,0.005994702094749424,0.029344887051523407,-0.03781492410035118,-0.07426304433183088,0.0571650682027614,0.037435680498061334,0.018793607280681714,0.07995060453104506
38,-1.5894203831563596e-08,2.789780874705081e-08,1.0576532663278545e-08,-8.489718027050492e-14,-2.2810507104596717e-13,-1.2375388601617796e-13,1.2509267055884612e-12,2.6886075979080163e-11,0.0038850491022174027,-4.955511054052101e-12,1.1894760146514025e-10,-0.0077804724043714435,0.0034442149061581755,-3.182580423569633e-09,6.331083066109228e-09,4.5473891151650314e-11,-6.393702505379004e-10,-1.4456336868813498e-10,2.7251732087311014e-10,0.2893501876687837,0.036673264289854485,0.0052433635897235955,-2.5959182616389516e-09,2.9743512403169023e-08,-0.5610033756089279,-0.0016453483115585934,-2.525222381771348e-10,1.8948612129642726e-06,1.6332583035473937e-06,1.973157920056036e-06,-0.299949328986688,1.6654183328113022e-11,3.2661750913401536e-09,-3.6312799197505355e-09,-1.627265761920822e-07,-3.233615836473918e-08,0.013297233155500222,1.708576969069898e-08,-5.7680369665833885e-08,4.1113992639443186e-07,3.5851600957761025e-08,-1.4355030641600132e-06,3.0993169669305034e-06,-2.4153480845548217e-05,0.00013655551739126913,-0.007938348497823182,0.0001600449172014681,-2.2617676592243297e-06,0.0012613424403358994,0.0008313242787507211,0.022793326774814264,-0.001548511207639259,0.0007598441897648286,-0.01190410286760804,-0.03985920801812983,0.001960185077268718,-0.0013348188052600873,-4.631927650462348e-05,-0.0029250664922007455,0.0009912617997730462,-0.0017712323753849007,0.010579722590890609,-0.018324771333878612,-0.23414285100676735,-0.11109579223892763,-0.15259460202200173,0.1618623369039707,-0.1764467180195574,0.4407007203725455,0.008010359481771555,-0.00856694368327013,-0.007917496663126605,0.08330947838499705,0.041612266941538904,0.03226047180535734,0.07458692216769452,-0.12350402788519767,-0.026339062841087793,-3.6195230260771765e-15,0.016031521091217284,-0.0016865008703337483,0.26436004726003826,0.016554505075694084,-0.05297862879607414,-0.083770641942154,0.01316424973317634,-0.04116222578901444,0.006312062467284197,-0.10461217948577708,-0.07514886639117228,0.05556792158967995,-0.023127300103126674,0.15714279301185444,0.014231845210786402,0.08045384671606311
39,-1.926185971192099e-08,-1.8611516383496267e-08,2.0457419662961266e-08,-1.030146548589632e-13,1.5498357154710698e-13,-2.440739091739229e-13,1.5037719243006639e-12,3.2317455004750934e-11,0.0044038391908738286,5.451543195682098e-13,-6.199952142295404e-12,-0.009632057316542432,-0.005891952025592748,-3.933245030038868e-09,8.91244995170194e-09,5.874291601715349e-11,-8.76138798474321e-10,-2.3496708039172196e-10,4.03358503851718e-10,0.41375457002991756,0.023320178965011405,-0.0016941134004743574,-3.080074794324532e-08,3.035631751050409e-08,0.337248337600933,-0.011174491501381795,-1.6126524215401253e-08,-1.1408062546044272e-06,-1.1844038939663173e-06,-2.0202905417585496e-06,-0.22338246168555093,1.3039460878957077e-09,2.3059820872600556e-09,-7.806045473333884e-08,-6.320272252647316e-07,-3.520649230075682e-07,0.002730666282754641,4.9979683109651846e-08,-7.126386416591471e-08,2.2175130735284742e-07,3.9463440230302965e-07,-4.214105925837483e-05,-1.7411572662028877e-05,4.9333359259750445e-05,-0.00022661891298191345,-0.5944958135846846,0.022895726671120126,4.40065343847916e-05,-0.0004796156655741749,0.0005719597539868743,0.010361880110993066,0.00022094135075806517,-0.00041257965314643586,0.016859236863317927,0.003918760190486325,0.0006887054500487383,-0.0002832067390828652,4.6219925548641443e-07,-0.0005836169193659608,0.0013649055732283966,-0.0006303691212800388,0.0008169495458919325,-0.006663405311468968,-0.1279840678305137,-0.08936209351964257,-0.004326830399648798,0.012001405036425154,0.007559348817843418,-0.16495509776202247,-0.005255266892919868,0.010357459907986942,0.00406559478922028,0.10286594112261492,0.21959018669166863,0.27668739749640436,0.008550714167709805,0.038872110332727514,0.031315788926558674,6.1465414822573985e-15,0.12909112870193382,0.23793872675853933,-0.042572820458573454,0.10372645190610665,-0.010810638310328323,-0.03544903872088056,0.11313081088995106,-0.05108132232916324,0.0055798063833596015,0.02767532403725259,-0.038810641054920963,-0.06705838795830228,0.05536322249558693,0.03921039768015649,0.017965801161537565,0.07558261819677703
40,-2.2564737898115757e-08,-3.585464615810478e-09,-2.4496728185113754e-08,-1.205815280755504e-13,3.1248181223012397e-14,2.822120069702082e-13,1.76369786161423e-12,3.789861329242835e-11,0.005091981530641566,-1.6049393666004254e-12,4.418004345130179e-11,-0.011131448640131767,-0.003430316383141657,-4.548962072611837e-09,9.515464626047652e-09,7.37557910229671e-11,-1.156174572490116e-09,-2.2228674691300793e-10,4.0573513579920994e-10,0.43744910847088736,0.03298494914758025,0.012021009958169357,-2.4853710449227893e-08,3.3635325501165225e-08,-0.059743298639866244,0.01355736094427019,1.7828916565001926e-08,2.3940624386735504e-07,5.922873897759732e-07,1.4301561055240267e-06,0.5374517327521078,-2.496781292304339e-09,-5.410885410154864e-09,1.526598038386823e-09,-1.1983833084824516e-08,-1.4695966638778846e-07,0.004209929698089262,-4.370992918896628e-09,-1.8356271616379178e-08,3.024433268482296e-07,2.3789873578004218e-08,1.8505279727030633e-06,9.333920706460125e-06,-5.836833699477562e-05,0.000323518410458464,0.053390326255229575,-0.002294314238945995,-8.833511694602036e-06,0.001706650267110415,9.061319946270218e-05,0.05233868607519109,-0.00041696450898633976,0.0013699432374885258,-0.028316030373715394,0.01845508969444818,0.0022024651455184157,-0.003488476633494775,-3.435169888252357e-05,-0.0038874612678816284,0.0044815496420384845,-0.0016832825053438689,0.006201652355569805,-0.015198287431714568,-0.31554201574365015,-0.17451523459274187,-0.11081231335,0.133043659999761,-0.12262408158033368,-0.27814567256547423,-0.02537020707093527,0.003306245068331199,0.003295740829929093,-0.09112417599234549,-0.2711450177369663,-0.06700999362547924,0.006197900654557002,0.07534449130976939,0.04188468719365369,1.3898904723346491e-14,-0.2863409993514772,0.12112884088657215,-0.03677516134067845,-0.09218136450698018,0.015844144051625417,0.018008039043607683,-0.13518335244515645,-0.030941697222551672,-0.00772317104336688,0.02521068493442185,0.04899250468473483,0.13175680239205684,0.05199055977685497,0.08978312946884082,0.022019681845701744,0.05171742425651246
41,3.892250964578468e-12,-6.839523142956465e-12,-2.632325421173342e-12,3.4517423771880366e-10,9.287839890257171e-10,4.96613401346147e-10,-1.722115256485322e-10,-3.562339270808645e-09,-9.881506014860927e-05,5.910711204347019e-10,-1.3377676503119672e-08,0.3323343825380484,-0.00022409456092722954,1.391847757828534e-07,-2.6200057847629346e-11,-1.5499500715237342e-09,1.655041664062538e-08,6.564640933397741e-13,-4.35015703906817e-13,0.04785917366930038,-0.5836295016023929,0.00030366555061179444,-5.585837573950378e-07,-1.255897039677648e-10,-0.002843137906442223,0.22405310516241825,2.739997093640593e-07,2.5812420838757425e-06,3.520318162955882e-05,7.60975220952342e-05,-0.0023202719057947765,-4.559839832726039e-08,-6.635210832194237e-09,2.907938339409414e-06,1.353073676332285e-05,2.6670292015134876e-09,-0.00023470799482980161,-2.25700473376436e-07,1.8741057098179302e-06,-1.2735741040442086e-05,-3.67675377215854e-07,1.8546739327769282e-07,-1.4197645898491662e-07,1.4399604854505196e-06,-8.500222414559617e-06,0.0020498388969671993,0.00213690255552722,3.8310227039388406e-05,-0.013369820733948996,-0.013480024851384572,-0.0026347966785559506,0.022862728241423616,-0.006937479984474194,0.0013886759585930298,0.002933736569589722,-0.000269016142279286,0.003863280409853284,0.0004282665923633347,0.01655403462765183,-0.0011750931422379951,0.009618576228874848,-0.03713278962192529,0.036084421693374266,0.08343542801877085,0.06665036435363478,0.06407108935382694,-0.053399844101823496,0.07010694526558102,-0.2053666121832765,0.0016868006331289325,0.00017075835808914595,-5.3439205646019325e-05,0.12447494719553379,-0.04515429194031686,-0.0696049068651352,-0.23035652545964788,-0.1406299355958931,-0.06323398169490312,-3.187029348823841e-15,-0.002803239412713223,0.020978815232430444,0.24069405521767134,0.015236112059286355,-0.3360627470426902,-0.18792847951568412,-0.0737506874668505,-0.1062759308610402,0.010216041257603014,-0.07029450954267148,-0.26077449223318455,0.14490888674863725,0.051568837470819105,0.07972411145994714,0.013047927692178591,0.02996835936622617
42,4.717189576119351e-12,4.549018570928584e-12,-5.050064451727761e-12,4.1941659994072805e-10,-6.285608688365604e-10,9.802195442890175e-10,-2.0566047729626583e-10,-4.252407618424299e-09,-0.00011707536867474634,-1.8369688135593124e-10,3.630984232300171e-09,0.4069428652819121,-6.826872487204371e-05,1.7007528223245944e-07,9.744903904093495e-11,-2.0331116092926693e-09,2.51517684143533e-08,-8.794501456614655e-13,9.345073610854334e-13,-0.027233388078451732,0.3900872509072402,1.57427111819313e-05,3.7901832163795357e-07,-2.006250575609275e-10,0.0067656543675726055,0.4182799941867797,5.645561489227533e-07,1.4792261325759505e-06,1.1833512584538676e-05,1.3559827572416825e-05,-0.004349988516705756,4.483421079724579e-08,-2.4787001813474672e-08,2.4159253559489994e-06,1.7005100791986218e-05,9.49506110435655e-09,-0.00011245937215943034,-1.156843270953283e-06,-2.7986726624992307e-07,7.687988491665811e-06,-3.7811523884124085e-06,1.4368146914904657e-06,5.320437330073695e-07,-1.0357762409548112e-06,3.7583256433495045e-06,0.020337762891305237,0.003898910319130069,0.00010090911223947254,-0.010903693215664962,0.016582950051874903,-0.002865586242452215,0.00841222917531955,-0.01647914592196514,-0.0003923811864684925,-0.0006028854229383414,-0.00022452997687761933,0.035353172195200365,4.5519378796120265e-06,0.0026304579764478662,-0.0024864591034904327,0.021063769024856037,0.011852850394079939,0.023503954570583904,0.16178313344693016,0.31295140881835604,-0.1484235985241592,0.20006449889559383,-0.28239469108946874,-0.06389217036330457,-0.004878966318401393,-0.0061590555539474305,-0.0016095526749976676,4.105174108265561e-05,-0.010974063529160295,-0.03967854528854348,0.004034738695630147,0.11658199508889573,-0.3106365048284411,6.6460298494575355e-15,0.09616046474348873,0.22253450863543006,-0.030100131336408226,0.1316389228749717,0.13488586807921685,0.048211165781040094,-0.009172996833290736,-0.031249723082443358,0.0007521815935995901,0.015498663761827505,-0.07123671441936873,0.09441670214732381,0.009511251374792574,0.08239988850886794,-0.0018004992875546156,-0.036566513082618726
43,5.528224408845475e-12,8.678714930992102e-13,5.945415756012752e-12,4.908615682031201e-10,-1.2519732943333133e-10,-1.161258648773588e-09,-2.4118299882724345e-10,-4.987244837737279e-09,-0.00013705144238048135,9.082511903101764e-11,-2.4859314647877526e-09,0.4740931109366841,-0.00014973809800339282,1.9824000760444282e-07,7.463545709721361e-11,-3.258598005861144e-09,5.074686033616862e-08,-1.2858777573534205e-12,1.6829652120223934e-12,-0.001527471816340777,0.06980215333570523,-0.00016041359728247834,7.254406315338117e-08,-2.760747733709948e-10,-0.0034147156688949256,-0.5233152898031871,-7.142559483725792e-07,8.46350935341799e-07,1.1270036091529939e-05,1.562037549809909e-05,0.003939501378773367,1.831244062522459e-08,5.525205569850636e-08,2.1045539699426748e-06,1.4205114810612222e-05,6.819847275080083e-09,-0.00016840878151589927,-1.148716591158043e-06,4.738840018353044e-06,-3.1802869849987576e-05,-1.2335616792153534e-06,5.265295560522773e-07,-1.1349614295855329e-07,1.8422040970171368e-06,-1.1295166677241529e-05,0.00664842450716397,0.004488780269982016,8.068992613155582e-05,-0.01650591940361412,-0.004359336140645527,-0.00463981018343711,-0.006270202965236566,-0.021650530293217413,0.0020140481853234454,-0.0007467215844402866,-0.00029848911422248014,0.02211482397431709,0.0002136800759130127,0.027379111882716665,-0.0008732364583004693,0.0034760862124294774,-0.010515880934895068,0.0009838051920022456,0.11694607249343644,0.11496422716209095,0.03658113319736028,-0.021487382937125623,0.02717894880928007,0.07779596725234282,0.015181741534686486,0.016185920534010793,0.0020678930991531977,0.26334024911253895,0.12043529401303493,-0.03290961936246417,-0.037607028459794904,0.04896273953575095,0.25462090822959194,1.0511470407513333e-14,-0.2218160929600258,0.10807774975917289,-0.003950821401359091,-0.09845918722688629,0.17771813847385923,0.0675912745047925,-0.006097394798737279,-0.36241490990733616,0.013320104060913126,-0.017653417054800575,0.09320725268538198,0.21578999077569297,-0.03320828615349223,0.005727703442053113,-7.914684559058618e-05,0.09827043382930482
44,-3.746257154306371e-14,6.593390197473698e-14,2.6193628951124857e-14,-3.556035574692664e-08,-9.581537349941913e-08,-5.093512529287243e-08,5.584703689534279e-10,1.1096679459625202e-08,6.121536989711197e-05,-1.7403725973121528e-09,3.730861687548249e-08,-0.3303961351276201,0.00020110961689251438,-1.4145648669938392e-07,-1.0604218235588883e-10,7.779742696741273e-10,2.239343986473937e-09,2.756118885152374e-12,-6.046927474493915e-12,-0.053298833333890704,0.5787156563775102,-0.00041908151176062316,5.680992867640612e-07,-8.12683762267429e-10,0.014235207777571977,-0.22197462240426577,-2.9679653449523574e-07,-4.4225829697767873e-07,-1.7036724631354673e-06,-1.5537501695432275e-06,0.008116528549997842,4.11477164581075e-09,1.1103664404270635e-08,9.53008347926849e-07,6.2387168754024664e-06,3.0507776308311197e-09,-0.0004665505214194132,-2.5788231068332323e-07,1.3966740259077106e-06,-9.792746759952825e-06,-3.5773810394378436e-07,2.0853239264389388e-07,-1.8395800784244003e-07,1.7738237077055877e-06,-1.0388724264388958e-05,0.0021922293079528424,0.0017941805532320119,3.290556224371517e-05,-0.011529162541129935,-0.010981171118185551,-0.0029573196126253193,0.01843470873402092,-0.006701495026432251,0.0015553050473247586,0.0035139069522276732,-0.0002970058784004556,0.004204726016190518,0.00037226577035724283,0.015409575680596458,-0.001099507639523453,0.008738138805813726,-0.03500692363204767,0.034552980006854694,0.08717207433460882,0.06858270690356627,0.0664273663787487,-0.05601503395722465,0.07264422354189584,-0.2126749970816278,0.0015676013777866985,0.0004942465872163418,0.00016286350697923468,0.12302771178943901,-0.04554156982241926,-0.0706506975723661,-0.23289772008447585,-0.14022721531941945,-0.06358543870039632,-2.288814927360004e-15,-0.0029603720966971626,0.021308094092925188,0.2402927612543401,0.015158875097241755,-0.33918912463599965,-0.18674526557225865,-0.07401657822494742,-0.10698230354625902,0.010076764316577605,-0.06817570528971932,-0.26181629502159254,0.14550090635262714,0.05340461306613401,0.0776208000592206,0.012988967853897741,0.028560045330817456
45,-4.54149501759637e-14,-4.366400310065282e-14,4.952218893631771e-14,-4.327105119253644e-08,6.471696668268438e-08,-1.0042665975215273e-07,6.60394656579407e-10,1.3110943870409461e-08,7.416737821145838e-05,7.865558894813254e-10,-1.59623483232057e-08,-0.4093656861100092,0.00013422528255203523,-1.7448832950178364e-07,-2.780378565995359e-10,1.0512841494028327e-09,-2.114590304052465e-09,5.976687633901596e-12,-1.0057058321106609e-11,0.019619205120219866,-0.3952343792834314,-5.557301100655554e-05,-3.865780404121219e-07,-8.369190008922017e-10,-0.012584260296862174,-0.42646723241018963,-5.895788610140973e-07,-8.183493791584569e-08,2.4067286333728527e-06,5.04342802569729e-06,0.006769886231486416,2.2482785497511993e-09,1.9636254006896763e-08,9.179369787858072e-07,7.41646925154061e-06,1.4912617017717418e-08,-0.0001495985640401802,-5.865799075257947e-07,8.614310160758546e-07,-2.3055266253940238e-06,-2.2065967093666378e-06,2.0557331105301593e-06,7.916324256029714e-07,-1.7962428379038489e-06,7.303361393660623e-06,0.02904391215539198,0.0024757582491166646,7.559791430350593e-05,-0.009772541746347228,0.01259627170146659,-0.0028956904798479676,0.006344739549516321,-0.014794815775616345,-0.0006356517975515638,-0.0006424188066494751,-0.00022781913783553176,0.030956999954910996,1.7575094653719802e-05,0.003682410752293722,-0.002256902534113776,0.01866474684025488,0.01051279392858419,0.022225492784626964,0.15886616318479418,0.30379127089002755,-0.14249026127930972,0.19199804492590933,-0.27188870429196094,-0.05740193150453806,-0.00444910769411798,-0.00612094572720973,-0.0016571211246971973,0.00015500454540943111,-0.01542597770967978,-0.046898852129888285,0.003470951024101191,0.1176535951634262,-0.3159226222046691,7.52771757952387e-15,0.0955272948852267,0.22194289603068612,-0.029788105272580103,0.13155316697248093,0.13726805187506266,0.049620061919165154,-0.012079573848872262,-0.0320155258559042,0.0007363978295255042,0.014737471070025755,-0.07052977972812875,0.09787937949837462,0.008293973670985565,0.08323525140940823,-0.00229705774264763,-0.039296180481323495
46,-5.322020279182982e-14,-8.19863400910699e-15,-5.6089312291764284e-14,-5.056428409773934e-08,1.2739214921609192e-08,1.2037441990400828e-07,7.716671222481272e-10,1.5320357654441202e-08,8.604301232627393e-05,-5.197906563498371e-11,1.8257506220236356e-09,-0.4712254089143798,0.000193187997922225,-2.010617655320894e-07,-2.701627876464833e-10,4.1954534708802426e-09,-7.182719114263792e-08,6.483740454064243e-12,-1.1309856136818877e-11,-0.0071436743739415245,-0.06968843664103605,-3.202062307532525e-05,-6.945451502881979e-08,-8.944769507683272e-10,0.0050156461967499144,0.5189008253080883,7.07979444173593e-07,9.922490494458626e-07,1.0286485312084322e-05,1.965752921029646e-05,-0.015496647488431471,3.5603615764336905e-09,-1.4299632567149487e-08,1.390959646557407e-06,9.158409916519808e-06,8.906170285023473e-09,-0.00022285059166841177,-5.934070509254809e-07,1.8814578762991193e-06,-1.386505410473605e-05,-1.24968816283791e-06,4.687276004796475e-07,-2.6666776610430045e-07,2.7551517505959974e-06,-1.6318879936293797e-05,0.005392879799571378,0.0035348223198693987,6.730469958209266e-05,-0.014263871468638374,-0.0027855801620862313,-0.005360741185395257,-0.0033729293828131924,-0.018867358003514828,0.0024204952081556858,-0.001032956316229137,-0.00033369495326221986,0.02071755584774986,0.000193777667354374,0.02423295032091217,-0.0010223773800087442,0.0043007902924813565,-0.010155039515793478,0.0025278001181494726,0.12347654175683917,0.12161537238727507,0.03610146219187957,-0.020911817824059296,0.024837149990790487,0.08078743258367817,0.015473687693080275,0.015753791275288413,0.001924723880403507,0.26366468471825183,0.1262983304270401,-0.031726525936993884,-0.0385187993493912,0.04818900324209626,0.25717755256332087,1.1377626492227919e-14,-0.2205272034906697,0.107724058262631,-0.0034912475469217946,-0.09805292189721512,0.17962525724893824,0.06716280441657188,-0.0030288412877100255,-0.36444834895172085,0.013463296446462531,-0.018454937177860953,0.09217776119592815,0.2151385990728855,-0.03533923362123752,0.0035244416585495974,-0.0006547445637256501,0.09921112900354498
47,5.840375561017422e-20,-6.788777312072655e-19,5.6115606615283585e-19,0.33381024028926803,0.5837401077494238,0.2186188270041039,5.5236427173614076e-06,0.00010160632146339765,5.639199799057269e-09,-1.0229705189689625e-05,0.00019979673561337934,-5.1954689176512846e-05,3.472414376788465e-08,-1.0616333995779662e-05,-5.734892936660378e-14,-4.140658689140812e-06,9.300239048797865e-05,1.752989137248916e-15,-3.848889595450955e-15,-1.4495085980705829e-05,0.00014497001234237762,-1.4542932431117487e-07,2.6602049914812664e-05,-9.064745667685702e-13,9.721156733562827e-06,-8.27993855238606e-05,-2.466421378203917e-05,0.0014447566992249168,0.01907574717047547,0.03950144611947294,7.059064155793165e-06,-2.3522571491067373e-05,-1.9918560864940113e-06,0.0010067180506708737,0.0036368392527785106,6.367308084491682e-11,-2.5738020849499506e-06,-1.4172780159816441e-05,0.0002785957561823819,-0.0014553427797050235,-3.375538846742511e-06,7.624932177026232e-08,-9.681125980185798e-09,8.586140667172997e-08,-5.533182039054507e-07,0.002989739640270904,0.07649403889317216,0.0010789035394948112,-0.1711151364422538,-0.2299552596062951,0.0010360371782754782,0.3436678252517221,-0.006617802374183615,-0.00031416225044513007,-0.00047524083895290317,4.218743210217779e-05,-0.02262221070302338,0.0022951412792389797,0.0016274008224897495,0.0007007949181892543,-0.006698630045826738,0.13466695586308502,-0.13691620583614272,-0.0034787401718717236,-0.01289890696228713,-0.0065454075745676995,-0.01878266865036374,-0.019767191832400242,0.030425793810166267,-0.001323348179416794,0.026197942479161823,0.013474772277105104,-0.15470339955773918,0.08177701421351716,-0.022294703168147134,0.0328402838981648,0.004814085714012661,-0.009681954662274665,3.1985050593362114e-16,-0.018580083444713912,0.04988824329830219,0.17379743612939805,-0.005476192848092852,-0.13305680572613682,0.24333768785430787,0.06829160439881113,-0.1019812891288615,-0.0164955872642085,0.19088122877784755,0.017558027640057528,0.0537969054627423,0.17696842562216578,-0.1222646373290382,0.0013239133700219611,-0.09032341333353447
48,7.081796797132242e-20,4.555577589400502e-19,4.1451221983035536e-19,0.4046318517526097,-0.39153791572137114,0.4276649004773514,6.310139116672032e-06,0.00011577644777001212,6.8714468848168436e-09,5.644019988286056e-06,-0.00010881320928453231,-6.422008668193568e-05,2.8609184105497776e-08,-1.1033009520322133e-05,-1.1079246245876726e-13,-5.873617092794878e-06,0.0001265213003019723,2.9876696939629366e-15,-5.599134224026463e-15,3.3589080422982957e-06,-9.89148389998443e-05,-3.46427921144476e-08,-9.4751450119125e-06,-1.0258807872741111e-12,-6.331255323120874e-06,-0.00015801569506601875,-1.3949488131517166e-05,0.0006815509632232054,0.004907021728458621,0.003875194345493435,3.1105422672810182e-06,2.1984236014575994e-05,-9.730225068678301e-06,0.0007568622247452365,0.0044958431043689755,1.7225501959820733e-10,-1.4691663036959285e-06,-0.00026857412665696757,-0.00028116138454721724,0.0026577810112222307,-0.00043454790252597347,2.261647910022569e-07,8.54319789449921e-09,-7.656276858098265e-08,3.989337487670329e-07,0.008584544799073359,0.21295954830222527,0.004310017954952354,-0.07740449098978007,0.3295852279938431,-0.0011583575978148597,0.14308038919919286,-0.0717231303899453,0.00017924279240203838,0.0001963791220552397,3.355008134108105e-05,0.11231337498173151,-0.000718991400852942,-0.03269188619461627,0.001016310222895824,-0.009688437803835047,-0.05022937760814958,-0.05074181926230703,-0.02180243648007642,-0.04680552110713968,0.014606937809799514,-0.06200643799587691,0.005905622793467291,0.011636369003958733,-0.0012501731920817047,-0.06669235452865653,-0.01871513651107173,-0.18416229834736247,0.12449193158091695,-0.044679169095678595,-0.10071676346271938,-0.0008121117173771941,-0.04565559812269288,4.784597040838698e-15,0.027094287251500555,0.12636142893296243,0.006913542392958435,-0.03966230777592193,-0.06569733963280772,-0.14714300899238617,0.005068265439093381,-0.0896411487560378,-0.029885945622874853,-0.13764789465163024,0.2753162565567336,0.04731934266789062,-0.10577436232478088,0.08718091323282504,-0.042036144125428096,-0.22210855189745068
49,8.299916011957374e-20,8.944410431842183e-20,2.151130216562363e-18,0.4743334994043112,-0.07679785231857197,-0.5186784867114931,7.441404655470611e-06,0.0001365783023367706,7.968803692303123e-09,7.649997761190661e-07,-1.4194132628484567e-05,-7.412336665714611e-05,3.78800591648446e-08,-1.3152317438828799e-05,-1.1410608255800922e-13,6.689961171652633e-06,-0.0001421981743998774,3.435244315682195e-15,-6.268422447974561e-15,-3.5021316252389668e-06,-1.7835480368076274e-05,-4.862858617701362e-08,7.356161716464107e-07,-1.1561791767819986e-12,2.86929651186772e-06,0.00019079112052636777,9.498743364663285e-06,0.0009294752643752963,0.008035061838504378,0.010116754606521314,-1.609908012360186e-05,8.644399604935258e-06,2.25426034921757e-05,0.0006363449742605156,0.0034299975474080782,1.4797954999859868e-10,-2.0430080077856384e-06,-0.00026955048949304394,0.0010107049366961216,-0.005652111843848238,-4.224884668151807e-05,2.1640714678980315e-07,-1.3478488635342392e-08,6.0274801303766e-08,-3.917142577153658e-07,0.00869265663791951,0.22405315099190456,0.00286106506665792,-0.21475197296876686,-0.12983749285452756,-0.003281400418673852,-0.22528169584231983,-0.17527169036954218,-0.00019240349798268496,0.00017702022481014666,6.0123552711806526e-05,0.04141248138064707,0.0007085110625967857,0.035392810607420194,0.001361359260065784,-0.012893778118424126,0.025331958669432008,0.06085297869913268,-0.025759202454148054,-0.037514838520121344,-0.0007638023118196777,-0.03694100962994087,-0.012346353926890203,0.00579754374549308,-0.0037054813251537633,-0.03594069052806941,-0.007837074167075566,-0.2647591216809298,0.08569609437077895,-0.06566046818364189,-0.09598039471708765,-0.010120712191201515,0.03750961302427262,6.5285413245042884e-15,-0.09614524539354394,0.08281415284412548,0.04152327712076228,0.03258474334389042,0.14498418626895668,-0.05181412236130986,0.11820058718420753,0.012252235909924816,0.002574195091962742,-0.03730958891130926,-0.25090976874012655,0.0036016833656343696,-0.18951290414800034,-0.15868047690965423,-0.048346202710282574,0.12517422803092743
50,-5.78596074557372e-23,6.913213010797864e-22,-5.774964115684335e-22,-0.0003420667514727095,-0.0005991207010365037,-0.0002248004243389933,-0.0004629750000544557,-0.00825091327896988,-2.9177869224904603e-10,0.0008197758292292819,-0.015453498817792772,3.836755129447863e-06,-2.7267245313746815e-09,0.0004246160111816569,1.0999156368400634e-14,0.0002994487156094043,-0.006385618222664475,-4.448886598185298e-16,9.169145229968218e-16,1.553258238068639e-06,-1.3585079620290815e-05,2.067680262598729e-08,-0.000947733978690728,-7.860027309599271e-13,-4.108800690367439e-06,1.4460227323644894e-05,0.0006471767146317973,-0.027228066111966345,-0.341698094017836,-0.6946622679837628,1.0212099918289613e-06,-1.3594554812965639e-05,1.8656717176716721e-06,-0.01159302311991704,-0.03284129475277065,-1.4641685231460711e-12,-1.2862044533044163e-07,-0.0005907854338683512,-0.0003900809806969783,0.001059624305053842,-9.955887968881766e-05,-3.6158330892503606e-08,3.4048627101732737e-09,-3.4825058549730476e-09,1.4530902011207645e-08,-0.0015887036594905686,-0.0427858802130397,-0.0006092721379678715,0.026281651088439648,0.09129159587474917,-0.0011214224932177205,-0.07216953735069653,-0.043876964741971204,2.450113741319938e-05,0.00014848325466824754,-4.4537059250950945e-05,-0.061268174306602176,0.000457080789499341,0.10589409274911323,-0.01555320590934738,0.1571111613329729,-0.3471405861598279,0.29311720093892696,-0.030901448964831393,-0.01987110748009542,-0.008318679680183422,0.006265246555008752,-0.006190051570167338,0.031679003525402795,-0.0010755467030578124,-0.012967592661914992,0.010689475910974732,-0.10015606184058043,0.04631574516854221,-0.010272153971437077,0.027901539898688255,0.020543914578756005,0.001739373181220762,9.527843330606982e-16,-0.020463540108940574,0.05129087654861981,0.1550076105784157,-0.006051697534011817,-0.04140935916817633,0.13937527014344686,0.05238130719720972,-0.04696482937389684,-0.01185292252888091,0.10452556758477008,0.022610415379296662,0.018498092326008176,0.16363641840043822,-0.13344610074723082,-0.006591935388085443,-0.08971693820157732
51,-6.993180802512123e-23,-4.617013848774317e-22,-4.301989624990116e-22,-0.0004133039536318305,0.0003998512064235599,-0.00043664473455689413,-0.0005120998683658859,-0.009091201649678112,-3.008129841416309e-10,-0.00047029944289326756,0.008777242425040065,3.7147496013967786e-06,-1.9702517972443963e-09,0.00040806058769989403,1.0497890693082399e-14,0.00046654581452211784,-0.009636244047352558,-3.4116507469948036e-16,6.576095484071537e-16,-3.2391867550957865e-08,5.656876669905125e-06,4.895348793505473e-09,0.0003911420160667205,-9.561848447210092e-14,3.1924980287892133e-07,9.393145438440076e-06,0.00043873866461965677,-0.008594133118843425,-0.04256823660545832,0.0017608400405453495,3.889103312616524e-07,-3.3031222650512052e-06,2.2417664442542075e-07,-0.007862527311616706,-0.04255266206722667,-1.1975065176034343e-10,8.567965673000275e-07,0.0021021220835743203,0.006225373600507287,-0.039099114361513816,0.0028347233179886575,-4.770233618434203e-07,1.9731047888789814e-08,1.36676569797612e-07,-9.384476404949425e-07,-0.020263830078898124,-0.5358479212989246,-0.011849896853598678,-0.08454223260710894,-0.3140879553312591,-0.0026008106534467887,-0.10994205881490644,-0.10653502468461337,0.0003487711807108382,0.00045756641690843834,-0.00015962903980079764,0.39712787098439517,-0.006423981263626509,-0.28681254098209713,-0.035114154296572476,0.35441825992611525,0.20859502536929833,0.16915995691958585,-0.024214255897269332,-0.03696680390479374,0.015433844405274918,-0.0097499992639436,0.038766101850458604,0.009522106040384231,-0.0005299858952058186,-0.0027712700927899144,-0.009473825993862683,-0.10105835078404665,0.05224282948133924,-0.024761996695250428,-0.05800166870502673,-0.015549630909626362,0.004706002950886447,4.419176294970439e-15,0.016753511384649235,0.1092515407783015,0.011296331074028169,-0.05082010938365789,-0.04358370160149478,-0.08139601873779645,0.03797300477531554,-0.04504528915008385,-0.017868528597387735,-0.07412290189998287,0.14518300839415796,0.018804302654207516,-0.11007657509404387,0.07169647954600927,-0.04678660491426456,-0.2090861559502802
52,-8.196882577568924e-23,-9.071676810746568e-23,-2.191344257015562e-21,-0.0004845015287079726,7.842751767659418e-05,0.0005295806170468888,-0.0006004667113610545,-0.010662194240749894,-3.5098106698668233e-10,-9.215222546045686e-05,0.0017128777158749112,4.327087295540501e-06,-2.4981613251926727e-09,0.00047990489814371757,1.1431346562059532e-14,-0.0005646631181691643,0.0116422735925239,-3.7100649478788036e-16,7.169854338597534e-16,3.9667098611269016e-07,9.241172193646119e-07,7.290146295150014e-09,6.538261248723872e-05,-1.3261267922855108e-13,-5.178079373266666e-07,-1.0532954852852846e-05,-0.000512888640437299,-0.01050162141962464,-0.05800032518330268,-0.01768935948449947,2.1408972204598226e-06,-2.208464911533571e-06,-2.5117591937974526e-06,-0.0028436742505626514,-0.016263857572199964,-1.1912408408085365e-10,1.0742879966569324e-06,0.0021866419547019876,-0.010635489238983458,0.05418120589273269,-0.0007531057154677315,-4.964674664531453e-07,3.1083546699031664e-08,6.618061046713607e-08,-5.17899092843766e-07,-0.021289163784685875,-0.5662337523397765,-0.003764103150871991,0.07338182898803647,0.20922828825185932,-0.0031329171894123676,0.21210145104144124,-0.13379291127811915,0.0006590467894475506,0.00036289145295362595,0.00030349158166807143,0.14868333151123872,-0.003172370287080354,0.5118438304404211,0.022459589844103744,-0.22420971479019086,-0.025857223222460507,-0.29981748209245523,-0.0033312243272038133,-0.01728266963597976,-0.0006131327122862753,-0.009652591437635156,-0.0007237078579414344,-0.002389931390441008,-0.002427777466236624,-0.016386352211863776,-0.005519486190377699,-0.14532678476144828,0.04872140139096109,-0.030175758618830654,-0.045386489543602394,-0.01391821848209689,-0.0063154135503440305,5.664213205500308e-15,-0.07749658218977525,0.07780493130901929,0.045834938682374156,0.03965653690391524,0.05537007222506153,-0.030002353505514733,0.03682549905434004,0.024987675122794976,0.004357324127039131,-0.01825883605642516,-0.12464675841846627,-0.011304375179016257,-0.17805634341434778,-0.15530237369686486,-0.05162209732290713,0.10224532471726873
53,4.8865025496136105e-26,-6.0076985849725e-25,5.079550973216242e-25,2.99264667679118e-07,5.248332204133426e-07,1.9759776720885066e-07,0.01912130067722084,0.32893006289326016,-1.7288864653301635e-11,-0.0318394915225019,0.5763018651015744,-2.2253630790069773e-08,-6.52077684942092e-12,-0.006938719512429765,-5.62950496924867e-16,-0.010699867809034513,0.21548430697876647,6.552409818898533e-16,-1.674199549956877e-16,-2.5278825875388885e-08,1.306764882455214e-07,-6.048595153080721e-10,0.012235522849179347,1.4668527648762501e-12,4.7345814768886215e-07,-6.129143006488294e-07,-0.004661432471116543,0.05013534365278827,0.20512714431454662,-0.055959977457726774,6.25811328740223e-08,-1.2824684886377617e-07,-1.97462109100174e-07,-0.08015933708442151,-0.3700615078432384,6.7744093986052164e-12,-2.4397189874966563e-08,-0.004006919726424289,-0.025045135924122063,0.1378740231106332,0.007067406779764114,4.3744524913300755e-08,-3.497750238694675e-09,-1.346486719523204e-08,1.0895120809760822e-07,0.0019421542258987903,0.05255548002740664,0.002634788056344688,0.10356327485799356,-0.0850348389520609,0.0015378253675612079,0.009927913702177788,0.10657632426589364,0.0005916530888614175,0.0003514250925180659,0.00012185844638825624,0.2685310679632037,-0.005678652671930328,-0.038944920708777274,0.02927378289707069,-0.295162752569448,-0.06987010854260307,0.13596060816891944,-0.006463890994918905,0.00017905744414404312,0.0008748067392221518,0.0259064984358715,0.01885057475673689,6.155293565094157e-05,6.0843100988684836e-05,-0.048886101861572134,-0.0036386049860863408,0.03242434958634904,-0.024934703529285885,0.008441427482761147,0.0026117895446047795,0.03495027928003942,0.014852913788116533,1.0209528814892722e-15,-0.02207934930336077,0.05125603230682206,0.12644549337990177,-0.005637881131275749,0.08241147094857444,-0.056212306145301476,0.0005620922021542618,0.039685551635283985,0.002841001995502219,-0.049500869917173417,0.016672357782135543,-0.03079634484238707,0.13102333255083504,-0.13618199502271702,-0.015642877852431108,-0.08110000200740908
54,5.912023846482614e-26,4.0086389269885735e-25,3.836933803087839e-25,3.619938748246362e-07,-3.498412380990238e-07,3.8240601684349494e-07,0.023204230656462932,0.39885765759566527,8.115727186336053e-12,0.021365594515926647,-0.3856605465563294,-6.278755374175469e-08,-5.167730378303095e-12,-0.008427921982378966,-8.656076951561775e-16,-0.021248731168969772,0.42267398420336927,2.484734084758879e-16,-1.006457768229543e-15,-1.7142946644092597e-08,-1.1109778834722755e-08,-4.2900726928649607e-10,-0.008204803329177878,1.7296170772963479e-12,3.6186930510253944e-07,-3.6716916264645174e-07,-0.00897383743307318,0.0609963809840693,0.22782287254489839,-0.1240286059199438,1.6008133939636465e-07,-1.328360520796677e-06,-2.7394295004780517e-08,0.053777957395871115,0.24642299322092137,8.257453484980391e-12,5.3250430143979125e-08,-0.007005814960005657,-0.055144555556713395,0.2711612890200896,-0.010442064016008041,7.823591909846336e-08,-5.808979518774693e-09,-3.068956369801903e-08,2.3786481129254937e-07,0.003483926401612949,0.09435857018729357,0.011267451973289239,0.20661760314997032,-0.03771508719212942,-0.00043133372431541103,0.02951321960747407,0.005339254717955691,0.00023535182747072144,8.177347429546468e-05,4.214955623500082e-05,-0.003670501470936711,-0.0013195695790409045,0.23681657545405335,-0.00894118314478925,0.09096207451133209,0.24689381723158974,0.17719026154223189,-0.006653201990422296,-0.0007171639452563381,0.005596439722315462,0.05740801151290189,0.05058600315817839,0.002148404806286559,0.00021109825195656616,0.07207213172227002,0.005627922305482626,0.020411109742714723,-0.04706282896579865,0.003943420960411481,0.007021101914527813,-0.03175714686918776,0.06392573471224278,3.4754850057744114e-15,0.004659085519948435,0.0872542729009335,0.01638356569780998,-0.060040162985859326,-0.007648034609284474,0.017227202734548745,0.0681521182819697,0.019447788952074815,0.0037617362733787852,0.01964575927142492,-0.04383091251300713,-0.019321938440211153,-0.11103637756727819,0.04902107530363569,-0.05040348973881817,-0.18396366619884744
55,6.931339314790868e-26,7.819832887406722e-26,1.9147565517655216e-24,4.2443819476243793e-07,-6.80439992883357e-08,-4.631194872368947e-07,0.02720076621691432,0.4677066719460067,-1.2743769212031577e-12,0.004238923938406841,-0.07666459527853924,-6.722573467561694e-09,9.637419094673472e-11,-0.009918683361948939,-1.4276517329581904e-16,0.02573857877803086,-0.5123283561776698,-6.944729341847545e-16,6.822240737218105e-16,-2.8591214879296902e-08,7.802252748907972e-08,-6.510485955993448e-10,-0.0015560447856301236,2.0409209934710775e-12,4.858371626741125e-07,-3.8929326825638217e-07,0.01096041396986226,0.07114504072853321,0.2721820138459695,-0.13232061996268468,1.0636259486511208e-07,-1.336204939483633e-06,-4.234804490774902e-11,0.008133899522175187,0.048508215255743864,6.302430599468487e-12,-9.613793834197414e-08,-0.006934735442966485,0.07116507466257285,-0.32765518462713333,0.005852182618768863,8.147032222649132e-08,-6.225909354694888e-09,-2.946369920703156e-08,2.3102073430601247e-07,0.003636855801558577,0.09863052239403952,-0.012655781959525029,0.17741224483349127,-0.09447994444872398,0.00147677154835734,-0.013834440196295527,0.11114389070548421,0.000477172109277517,0.0002650168151595396,-6.378087627448786e-05,0.14738848667560273,-0.004488131649206825,0.0424930378888819,-0.021138012713887,0.21350128211085276,-0.16189054455982319,-0.23486250750657214,0.007449527344291499,0.00526787633460618,0.0007868922673019203,0.029515977464847402,0.01993558654803837,-0.0024151307675955337,5.5500156914416926e-05,0.011965138330647383,0.0008112237095153611,0.028311758717396995,-0.0008792462168702197,0.018136011340068904,0.027154864451668533,-0.01667426165060588,-0.05755316300038999,4.6287738628434505e-15,-0.05524297167649109,0.07123828539187278,0.051000375739317226,0.04453319872244388,-0.06523739992750548,0.012089985396291391,-0.06179643528497994,0.027388613242755266,0.000818569685114543,0.013925498975417632,0.05888780511754385,-0.024352594228834398,-0.15484720197362895,-0.1466591908774547,-0.05356675040349693,0.06798570529608379
56,-1.1705668564188964e-28,1.4815561219957344e-27,-1.2701673434403434e-27,-7.429172112749556e-10,-1.3046017470314911e-09,-4.941772205114654e-10,-0.019941829918432484,-0.022052512469330765,1.3151951398353442e-12,0.03530187372024652,-0.03877273674849093,3.4053467921731553e-09,-2.3238246850934234e-12,0.001121339834380365,1.483501168032781e-16,0.013497630620334461,-0.014583539780897893,-6.817650169783679e-17,2.2102100141183702e-17,6.817930040886176e-09,-2.8859386651962372e-08,1.8928182280868488e-10,-0.0019892362471831447,-1.0385123339828928e-12,-4.4405369229980944e-07,2.798587893697464e-07,0.0007696597203601976,-0.09560575480940903,-0.1378948421404942,0.06073509241612718,-1.1240313118892456e-07,5.650434878777834e-07,1.1914393859481475e-07,0.16575079525248118,0.27464784259481556,3.1747564650691956e-12,-1.4792462912831606e-08,0.3787086145160028,0.05329379874328287,-0.11277839892029023,-0.6698358047113538,2.7643320988913693e-08,-1.4281635222120562e-09,-7.452931839120993e-09,6.112307665863884e-08,0.0012567891618273886,0.03446887648605004,-0.2427978526590689,0.05791652403740812,-0.055426755323912835,0.0010488631649344731,0.010727236648785539,0.0691723369949604,0.0003507110727563162,0.00019733326000839665,7.479961176919058e-05,0.1626446167085608,-0.003405913837863076,-0.029634929973662197,0.018318160510520924,-0.18472113188845116,-0.012938369443987253,0.06064684707384741,-0.0019212717947302764,-0.0017868393502736921,-0.00329488932427282,-0.047318897153240745,-0.039018804738650444,-0.00406756241323244,0.0006473976136644141,0.10103337624590202,0.0069007621862341335,0.04149609100819671,-0.011777642563737313,0.013501847027321687,-0.0020567584171052545,0.03824376311417907,0.018196526419025794,1.411630304083764e-15,-0.022704258730780264,0.052565204108862104,0.12491158550377779,-0.006089819329992331,0.10825574040490787,-0.09761064160473203,-0.0572236315043557,0.05816596715224222,0.002058324816659862,-0.08154533330392136,0.013318477045442768,-0.040942310574618675,0.12908919256445903,-0.1394245120422524,-0.017520138246861876,-0.08252036812421064
57,-1.4171763091428683e-28,-9.868018772034728e-28,-9.73902462431859e-28,-8.993050881889317e-10,8.676200741452489e-10,-9.509980080072205e-10,-0.024424592162075952,-0.0267320215672155,-4.409115969598752e-13,-0.023020511803003327,0.025978800551525474,7.307092152658568e-09,-3.781005853933537e-12,0.0013629152614055317,2.2313966012239426e-16,0.02335045664551553,-0.028664334625056086,-1.5738953313241547e-17,1.0532697803616335e-16,6.116832774692976e-09,-7.509445795074478e-09,1.7403998041034583e-10,0.001327573637127738,-1.2251180364644535e-12,-5.078700585890007e-07,2.403841476742191e-07,0.001452981558549249,-0.1267869071195213,-0.15740404031302538,0.09488420768374832,-1.8072667346982681e-07,1.2183655993860536e-06,4.2795389868433065e-08,-0.12437085467956432,-0.16989160146523558,1.2229291667206028e-11,-1.4606961265242412e-07,0.4614473211208613,0.10197226262917557,-0.19023646378228634,0.43653795160125225,7.851326183359561e-08,-2.5624837895946846e-09,-2.437871035412338e-08,1.7673257489658254e-07,0.0034471474942384516,0.09286870126361688,-0.48583973792344887,0.04141565165885225,0.025896606525801343,0.0026434623722155783,0.0007623245603765689,0.1474557557357444,0.00028482238478218003,6.941531422231048e-05,4.3098829724804955e-05,-0.011048387088149883,-0.0016376917013014726,0.21625598582545116,-0.00512727807584465,0.052316394996121375,0.16169806368433115,0.11343842777822283,-0.003739500815128595,-0.001484152249540784,-4.4146796197372566e-05,-0.007052437727360066,-0.004825805323908952,-0.0015147886415355948,0.0003066303709104354,-0.014919652830020023,-0.00013512679170556879,0.04383038244922983,-0.018010162375241483,0.017884298089028503,0.03457209970856483,-0.03629756098717817,0.08006860783169362,3.4210038437928194e-15,0.0032440580129707076,0.08619871716260318,0.017705934601560627,-0.06499050585052718,0.002152971323363925,0.04739373410572451,-0.03436756336613282,0.038745686112599716,0.003170568263296705,0.04752816065789456,-0.09479973559886216,-0.029925451470309977,-0.11413837485872722,0.04808111747693702,-0.05279513026892834,-0.18805199314818385
58,-1.6615996423841727e-28,-1.9082606650875473e-28,-4.7497857743198e-27,-1.0544601567436757e-09,1.6698395891876134e-10,1.14734284104271e-09,-0.02848955503594748,-0.031358320682919195,2.22193668412462e-13,-0.0036933003470098515,0.005246226527118531,3.80618758896059e-09,-1.1438692707192556e-11,0.00160384976147886,1.0103927239158861e-16,-0.032016732945594276,0.03462810478380325,2.4604154010082463e-17,-5.404143101773748e-17,8.318374586152769e-09,-2.1740825910112798e-08,2.282333276800253e-10,0.00025611462019347676,-1.460358330710466e-12,-5.882583768798362e-07,2.862069039564685e-07,-0.0017833858970286312,-0.13949310373823293,-0.18931248415891352,0.10605686920413389,-1.8223233924912647e-07,1.297252044094694e-06,5.872917823758436e-08,-0.01625870781747091,-0.034005216253673205,1.5479490789801653e-11,-6.674215552241244e-08,0.5376299261293924,-0.17315698988807973,0.22966044901921018,0.09165109741970724,8.297504369526992e-08,-8.15151131095927e-09,-2.3022224722288017e-08,1.8257245532552205e-07,0.0035895468903578477,0.0956877507356904,0.5910986953156323,0.11659468966364772,-0.07811414269450734,0.0007171430121116699,-0.02019340692179051,0.05694600998140386,0.0002195750357803385,0.00012688030958857697,-5.9476401778171765e-05,0.07568303993621522,-0.0023134197860618386,-0.015159757228265935,-0.013919825084340377,0.14040132014514373,-0.09111837366430016,-0.1145825685333531,0.003962332478987176,-0.0006023587612478535,-0.00526914660652562,-0.06730232898671877,-0.05697840958731977,-0.005423558698333844,0.0006881303862525397,-0.013430065153603355,0.00021205095456488512,0.0918349457218368,-0.07383745456687466,0.022358168768302475,0.033075962071901825,-0.017165410155493194,-0.07076768319672258,4.439491629970212e-15,-0.05347788716207085,0.07164171590378808,0.053009574187761754,0.047852897336009774,-0.09230080525047893,0.016378367547765123,0.033558533299170766,0.023494595577343128,0.007718308650327002,0.016332022805082738,0.10481265107019537,-0.025300519903895098,-0.15537134028690505,-0.15034322344615067,-0.05503605529032838,0.06696362277248863
59,-8.587850160273243e-28,1.087399694863234e-26,-9.327856398735426e-27,-5.453861194472298e-09,-9.576570595553922e-09,-3.6278145924048656e-09,-0.018165216112024943,-0.3345089465947005,2.9077310774433214e-11,0.030037207657419553,-0.5850642020167747,-1.7934961006111958e-07,1.6285294128633366e-10,-0.0007831725011908918,-8.172016520961057e-16,0.00999734526266026,-0.2180000151430123,-7.029767776282742e-16,-1.4644095536137686e-16,-8.567070452041442e-08,6.91825519689402e-07,-1.2999255226369837e-09,0.0014093774482290512,1.3016026354264441e-12,5.681064612649955e-07,-1.07252996834485e-06,-0.0005797859732485885,0.050610345679268746,0.18939687875833272,-0.02616750042921325,2.207688257929312e-08,3.2684517710316424e-07,-2.3433978169415273e-07,-0.08024868257943021,-0.3214032450200821,6.31250408338576e-12,-1.9079516109930312e-08,-0.05631155425758476,-0.024545934984589814,0.12166160847894104,0.09976037646729677,4.4901169319113446e-08,-3.750571127675796e-09,-1.3665511433281529e-08,1.1101636412837288e-07,0.00199226793416926,0.05388400304926431,0.03593656514942517,0.1057235975013713,-0.08977863032078717,0.0015999889382184327,0.012397275646322639,0.11010876048783984,0.0006060451312431301,0.00035638458655507183,0.000126460328247666,0.2772860336836065,-0.005836379128031105,-0.04314248445495476,0.030539405893951082,-0.30793331493373427,-0.06218769396246588,0.13141459195685798,-0.0056253866493581545,0.0014349340125272103,0.0018748517967968619,0.03639405797497053,0.027634945880441946,-0.0008917339337640255,3.304012597669072e-05,-0.07041926559856448,-0.005712381251822578,0.03706211756401965,-0.029837918719517555,0.008549305668329297,0.0020275829769158572,0.035136078853654655,0.015052646577603806,1.1385341976468473e-15,-0.021983799156364538,0.050978165338881117,0.125357608739548,-0.005622814961048989,0.08440951544499513,-0.059342287547448636,0.006025935174130038,0.04096947849608145,0.0036137900614658844,-0.052022167323315785,0.016713923986833256,-0.031544190540681985,0.13007413652574193,-0.13563491851727147,-0.015703005144463242,-0.08063125275170821
60,-1.039696744633276e-27,-7.24249872020762e-27,-7.153933774489237e-27,-6.601846715807247e-09,6.368581609381697e-09,-6.981331626519202e-09,-0.0220263294082443,-0.40546309624584903,4.353559316515982e-12,-0.02026092384422046,0.39177256087773044,-1.4883092956280463e-07,1.43729126026227e-10,-0.0009484143932410256,-3.9170043107511507e-16,0.02022634462194303,-0.4292606220909773,-1.9796626299019597e-16,7.150586782333081e-16,-1.0619045425623692e-08,-2.417019604199082e-07,-5.430554389078992e-10,-0.0008826997086347193,1.5062681019761883e-12,3.308964294898681e-07,-7.300544383939202e-07,-0.0009808161229178495,0.06182722836508106,0.19925928220448427,-0.10777880354147382,1.2795673418095435e-07,-1.0467164686744317e-06,-3.5192242199627805e-08,0.05575203610656949,0.2146109995641915,1.2136708425899113e-11,1.475957535498429e-08,-0.0704311428904386,-0.05314090972354827,0.23558297325763086,-0.06975337011449201,9.394665129447965e-08,-6.766714230104439e-09,-3.587948308957297e-08,2.746534725182684e-07,0.004150394995620569,0.11194795340190551,0.07842325435245398,0.22345870159282774,-0.03224085762585879,-0.000648495500885335,0.03609100997365509,-0.005560523771497568,0.00021464360384806198,6.579232536464848e-05,4.690274928563175e-05,-0.01665628721529737,-0.0010432574229862286,0.2450029083872885,-0.007949374488450766,0.08095409288944597,0.2440821082542185,0.17478597415517996,-0.005837417441528361,0.0012116361261655132,0.005734619278645433,0.06796060991066592,0.05737494226222625,0.0022328686306508213,0.000228768513570193,0.086142700525221,0.007023431441561997,0.022765924311026295,-0.05508462704611669,0.0033984481109653676,0.006315933588798884,-0.031762097360551224,0.06421794614824372,3.5165044292610293e-15,0.004336226796502605,0.08628555058398577,0.016426755689851778,-0.05965675258824754,-0.007267555511115319,0.017580937783341855,0.08246954125466553,0.019746856560842442,0.004819854528365465,0.020071487713918968,-0.04537525196711028,-0.01956680378011788,-0.11033702908825313,0.048054712902136386,-0.05012638518831259,-0.18201008790516782
61,-1.219004171172265e-27,-1.3997852318946805e-27,-3.486665769136011e-26,-7.74077215643964e-09,1.2249802481567967e-09,8.420601868272419e-09,-0.025819041825632452,-0.4753414781969067,1.6208355274416178e-11,-0.004070590009578021,0.07734217673041587,-2.455750737699805e-07,7.53357211851587e-11,-0.00107141951929556,-1.4130050989050334e-15,-0.023903481612636703,0.5193012408700589,7.103780233098572e-16,-1.0003460913894764e-15,-3.246086228655657e-08,-1.4184915889603637e-08,-7.253887793171192e-10,-0.00020407177980708252,1.7806557706653288e-12,4.6247797439238177e-07,1.374636263936236e-07,0.0012539945763973702,0.07123773172904563,0.23828632531498994,-0.11570589958507864,2.293134245117936e-08,-1.1089745963489628e-06,8.522648885484012e-08,0.008478017533718435,0.04337230969684194,1.0333043977626681e-11,-1.1999758935865885e-07,-0.08117415603670979,0.07595020010319038,-0.2854930611141794,-0.007804493647500909,9.852191641441959e-08,-7.025477084274958e-09,-3.1833836407036666e-08,2.4968408860388775e-07,0.004377378427320431,0.11848106611111558,-0.09358101985245977,0.17790757375883373,-0.10239246884073241,0.001646858996262946,-0.020774262093843487,0.11992258847186463,0.0004729107162670773,0.0002621418822932112,-7.404286728156771e-05,0.14707067262533918,-0.004529682845367671,0.02991046752864061,-0.02237363417392942,0.22590762621519608,-0.16581483627494578,-0.2338041057637379,0.008006712169782954,0.00696827931361355,0.001725231170081709,0.044545459979173516,0.03152574452769794,-0.0019277294691811084,8.743035472133269e-05,0.016959781356413108,0.0012102139611194311,0.027512160680866263,0.006621051507155427,0.019660752240912197,0.029513849742563485,-0.016783686137809513,-0.05799929826479715,4.568141520009475e-15,-0.054515625860533455,0.07086534866503937,0.0507710982021894,0.04428461607659249,-0.06702407943990082,0.013453458378657955,-0.07855973125638982,0.027856182064859576,-0.0002987031641404772,0.015073514175390457,0.06085463005853136,-0.02470653157653561,-0.15402130889482135,-0.14558582215465335,-0.05344503773520936,0.06673056610802239
62,2.1566394656299186e-31,-2.815382984879135e-30,2.4597036294060453e-30,1.421098348982829e-12,2.49958079303869e-12,9.582231869374364e-13,0.36271702502087344,-0.020590415507137298,5.904679575951904e-13,-0.6417822035671974,-0.034625487378355795,-6.111920049534721e-10,8.848080847930722e-13,3.220572418554973e-05,8.171070893763396e-17,-0.25007355783967494,-0.012222073967438888,2.648218861678026e-16,8.778084567054194e-17,-2.490952616598366e-10,5.86715477749915e-10,-1.0355572676184844e-11,-2.112498849088572e-05,-1.8236350258654555e-13,3.965542749917004e-07,-5.6227442704982385e-08,1.804478292031841e-07,0.13156918715764832,-0.026683065544896176,0.008506941603606336,-5.710508789651688e-09,7.132904582240059e-08,-4.925468391189283e-09,-0.24104722561929826,0.045883243001156884,-1.1694182227782606e-12,-5.70858189551852e-09,-0.03227561885227556,-0.11029507659785949,-0.019679851687600974,0.04190765812900524,-1.1248310499548881e-08,9.347225287988222e-10,4.296144151302406e-09,-3.506347840295349e-08,-0.0005080054333176917,-0.013864464054328536,0.013413265973310166,-0.04187652284089497,0.02895151848919915,-0.000468934136505659,-0.003457470674389854,-0.03550615611226853,-0.00023354784115333277,-0.00014672123590771393,-4.590890000236418e-05,-0.10240622915853644,0.0021902395098358203,0.0040580719626887056,-0.010034673566883827,0.10112382200408995,0.06201825218658485,-0.0692368329664293,0.004966017205611771,-0.003907402943766751,-0.008192640545280683,-0.13478425883908138,-0.10794231001762969,-0.00891113156158427,0.0013252482673836523,0.2842100449050908,0.01976914291055958,0.04864275348093666,0.006962441490798323,0.018906476086661263,-0.008395914389148626,0.04349988712663568,0.023837147200695102,1.2043080992032761e-15,-0.02291482493202202,0.053835182764083146,0.12646852668941294,-0.00770364462705666,0.141924175066084,-0.1469631459393414,-0.12813419092761968,0.07955428698481551,0.0007901619553729791,-0.1199047236726799,0.007324489986634611,-0.05251728810971083,0.13554281936832305,-0.1442580519208252,-0.01862025994893031,-0.08784994897109871
63,2.6121333219827913e-31,1.869362826542704e-30,1.921474651407292e-30,1.7210831619519785e-12,-1.6557866858427696e-12,1.8270733354529462e-12,0.4473697070684679,-0.025479645627017537,-3.7439079665822707e-13,0.427476637202532,0.023144804173442234,-9.142101907838853e-10,1.492773164848558e-12,3.5160578923762914e-05,-9.319484009690547e-16,-0.4469792363991715,-0.021794637341585467,-4.907455224323104e-17,-4.827921886838672e-16,-4.2600299298137483e-10,1.1646300757258993e-09,-1.6144176078076562e-11,-1.6635543257163117e-06,-3.044392208034067e-13,6.268507328874671e-07,-8.389035747828939e-08,-1.622422893236501e-05,0.20948274038419204,-0.04470131668157666,0.012121341792026797,1.2112392123831355e-09,4.2879497210062516e-08,8.918853553625198e-09,0.2064090267309129,-0.043976070116595954,-2.059669211684799e-12,-1.4991945377037802e-08,-0.034889625107492946,-0.20132034868590185,-0.04060772954989816,-0.02897095745885682,-2.4621055626431372e-08,1.8743233545661607e-09,1.2188566211552777e-08,-9.724168056533133e-08,-0.0011143201396870976,-0.03044124880529329,0.04133557632020333,-0.18456543932559177,0.04886805076000937,0.004094765780693645,-0.04501810502639452,0.19703890484997663,0.0001459918358398107,2.7487842306733124e-05,-9.73263978909499e-07,0.012800067816291285,-0.0011953641737948977,0.007781150512883129,0.0009070171246228694,-0.009224316694438375,-0.047372979479884565,-0.03471765548042705,0.0020322354185272583,-0.00207353476873233,-0.00793687984500713,-0.09614673198339706,-0.08165140967615764,-0.006369303607582993,0.0004092626510489076,-0.1278406142520301,-0.007721891308976281,0.07165976171050355,0.020573629450860876,0.03491263040775723,0.06807859360624031,-0.04162211131883818,0.10001892168442698,3.3850216035782668e-15,0.0024365249812735583,0.0856278268943668,0.018911870192318395,-0.0719381894757567,0.014677322067811964,0.08330683036789488,-0.16495931921435272,0.06186016134378794,0.0021977717357240974,0.08066029514714812,-0.15612315394710968,-0.042450885589416294,-0.1173032683162532,0.049383863962084655,-0.05560894078617189,-0.19630598632532945
64,3.0625782281652107e-31,3.5688414130838146e-31,9.095077493224051e-30,2.0179335084768666e-12,-3.136959979117455e-13,-2.1825534431426135e-12,0.5188001333241358,-0.029491709485440526,-4.747523973979234e-14,0.06874906398977725,0.00359540337048595,1.3309918467531467e-09,-1.909665677701284e-12,-2.5222960699638928e-05,8.661098868270925e-16,0.577021077109334,0.02824887378921575,-1.6868474194437773e-17,1.4873811567184914e-16,-3.1626946625690723e-10,8.1075922626086e-10,-1.367210963366893e-11,6.162267023897802e-06,-2.6649766413071846e-13,5.605140810649733e-07,-7.654938109927599e-08,-2.670617198053478e-05,0.18686219126419223,-0.03909630491071318,0.011110320358240203,-2.5232391158756728e-09,5.649023734412876e-08,3.741884098577734e-09,-0.0009301973526249609,0.0018975678833740193,-2.2616874359567156e-12,3.673341966259936e-08,-0.02726227724784716,0.2279731277537544,0.04367439590027282,-0.008490109539390858,-2.2872627569656924e-08,1.982419906982451e-09,9.17921391285785e-09,-7.330519007555445e-08,-0.0010228871580394614,-0.027761074878545917,-0.03191179983998192,-0.08187169487581539,0.037703265227660106,-9.158112446112037e-07,-0.0028123303753362946,-0.015374706550799217,-0.00019316491655647209,-0.00012172440247714115,1.0657232871661466e-05,-0.06763986790560338,0.001777153493693312,-0.02936656664018112,0.006920055392471566,-0.07002690827570439,0.07236761350421289,0.11237637616238297,-0.002717081778357576,-0.008414202062658216,-0.011995443810668876,-0.17911954398798624,-0.14497818489200562,-0.008503225875970973,0.0014246249983385453,-0.04460295365120957,-0.0005485213977533273,0.16549834093525478,-0.16262366896195,0.0263359993617799,0.039000303915610955,-0.018927295799846918,-0.0885766584939584,4.441505431061682e-15,-0.053171590237330466,0.07300451384358345,0.053912648762455266,0.05367783882434905,-0.12789015728658135,0.023066520151732915,0.15515560357717656,0.017087322119644886,0.01600729779030911,0.020471623954365848,0.160406631026068,-0.02539505636259613,-0.16408518942233583,-0.15659143046646,-0.05779959859646397,0.07157649138221354
65,-1.2129748216232558e-33,1.6348738957248984e-32,-1.4690185829056862e-32,-8.301498289837539e-15,-1.463451829109875e-14,-5.741142849728719e-15,-0.06054697411952462,0.0035645671277113647,-1.0631497789451196e-13,0.1074107063277059,0.00602151132592867,9.638014826908388e-11,-1.647915267135637e-13,-7.995241039587164e-06,1.71718746511045e-17,0.04111569657044402,0.002087045198040712,-4.0165240891057005e-17,2.110906864542789e-17,2.1509127410440757e-10,-5.347259059034602e-10,1.07878260605769e-11,9.629703576759977e-06,7.008076140798191e-13,-9.48052928940276e-07,1.0699812893178788e-07,1.4805133714701964e-05,-0.32254754076692743,0.09863393166296516,-0.03807175300019485,5.160628447061741e-08,-3.795922268727288e-07,-1.0289781072879168e-08,0.5967415402721861,-0.1805526926964862,-1.4902147593727321e-12,3.465499540102883e-08,-0.08918069008006989,0.28058483260711875,0.07819918965817817,0.19123772461910135,-1.6368545212949688e-08,1.1625293033247868e-09,5.832289688663295e-09,-4.758452311872046e-08,-0.0007430661416804818,-0.02034340317150251,0.07045688555120677,-0.055264126727168544,0.03981935874914482,-0.0006404565680552641,-0.00582259526115997,-0.047666537795642235,-0.00030543191466039457,-0.00018883295552689366,-6.110941457222108e-05,-0.1353748300934089,0.002880177128803098,0.008404793240223505,-0.013604763214960897,0.1371166348457088,0.07028631254160528,-0.084800263172501,0.005769280054606467,-0.004130619377553379,-0.008727002848229583,-0.14436048102390286,-0.11548398524915887,-0.00943804296762903,0.001398339116281561,0.30432140539789665,0.02118186111113581,0.04927569477806081,0.009143087096441254,0.019470590527127147,-0.009101530503122547,0.0440478496011778,0.024451281380392775,1.19189218679331e-15,-0.022897999167609005,0.05387840308504271,0.12651240347743453,-0.007880286603359822,0.14551969980434104,-0.15224219807946274,-0.13596423315531098,0.08180829821830686,0.0006375842551080368,-0.12400152384129798,0.006598056254948671,-0.05371722020407506,0.1362279288644786,-0.1446107614252605,-0.018687692074199666,-0.08834248889500528
66,-1.469566579854879e-33,-1.0801448894072383e-32,-1.1762347111199262e-32,-1.0056973398735783e-14,9.634076200052201e-15,-1.0784075077902943e-14,-0.07416331400849438,0.004374760852652442,6.357583320474339e-14,-0.06988784152680973,-0.0039221356110520095,1.2625321287024454e-10,-2.5840269636878993e-13,-7.848419310100783e-06,9.928788230802105e-17,0.0707995462995035,0.003582649549143646,2.537386473432307e-17,1.0344500578817562e-16,3.0963029429378986e-10,-8.307744121122455e-10,1.471031220723583e-11,1.1801896744993233e-06,9.30159790438912e-13,-1.2621607603656105e-06,1.4037867209839187e-07,3.0471987348098503e-05,-0.43013750240717524,0.13134033161996386,-0.0479812434343656,4.9162410258434244e-08,-4.0043597575643765e-07,-3.285594273297584e-08,-0.38797384355025644,0.12302697359522632,-5.434989389298154e-12,8.852049925090775e-08,-0.13936412937773038,0.33787663946649327,0.11028186573488614,-0.14731990932172992,-4.975838490302115e-08,3.0360561945674946e-09,2.1983743091594028e-08,-1.7224192563556927e-07,-0.0022312889567281595,-0.060711498680558716,0.17301142315276444,-0.29476144606011273,0.0719713750166342,0.006533511322189805,-0.07378222846100853,0.315590506635962,0.0002549422182705118,6.096480483884616e-05,-2.9565985600665523e-06,0.031261510568326864,-0.0021439521878482497,0.015411937595926444,0.00026649043593068215,-0.0027614300065033986,-0.06267983362383224,-0.047659046383610154,0.0024924690561076972,-0.0019758304287792803,-0.008365052393286236,-0.10026125039973564,-0.08537152981446205,-0.006665583967386329,0.00040590386215152855,-0.13603004886503853,-0.008287990395594714,0.07288419229374093,0.02429171107094247,0.03613233330436541,0.0705247142908661,-0.042006539320529036,0.10158180255804562,3.4581623211928722e-15,0.002314995626047034,0.08560711894978199,0.019073592876252245,-0.0724397485325878,0.01583419507248384,0.0859897341327141,-0.17570893820066785,0.06362882504065198,0.0020409488621222346,0.0831453974699399,-0.16111042336407477,-0.04338823781460048,-0.11752357305713179,0.0493379767135187,-0.05582655838456747,-0.19683357284825626
67,-1.7229180719126477e-33,-2.0241520971355526e-33,-5.340885127954708e-32,-1.1791014669405162e-14,1.7834186720548824e-15,1.2593057814965057e-14,-0.08646603188272947,0.005095566087551568,6.075246049824917e-15,-0.010844942623868195,-0.0005905864324866701,-2.2712498094162647e-10,3.432835509855193e-13,7.937310587351213e-07,-1.6817401558069495e-16,-0.09819375078487147,-0.005024032785932804,4.543071812014038e-17,-3.029493221935631e-17,3.0871132398889006e-10,-8.043318603878151e-10,1.5466904816663152e-11,6.939323848065071e-07,1.0282644743161988e-12,-1.382733353465606e-06,1.539299416286934e-07,3.699224691988431e-05,-0.4711698718140372,0.14494416109186722,-0.054141796877127696,6.320177705424245e-08,-4.842528418325933e-07,-3.0351489449570637e-08,-0.00029006894890745667,0.0018375119570848122,-4.63560172243946e-12,-4.485449590389116e-08,-0.17439095188885492,-0.5506892978781551,-0.16098985205145672,-0.016475118336733152,-3.20243046611346e-08,3.191876736417593e-09,1.0983928501034073e-08,-8.80650768156524e-08,-0.0014096759159017184,-0.03792422030553002,-0.17696468757885356,-0.07022783273823503,0.043703291919588334,-0.0010483015983598451,0.009896946231901611,-0.07172929611891003,-0.0002927250559946917,-0.0001663557238484975,1.881225205960339e-05,-0.09071944428119237,0.002673339261290244,-0.04298558091818457,0.010090643745899236,-0.10206134169264378,0.08871347223451555,0.1378334580834552,-0.0034426407107389775,-0.009341726998892769,-0.012869489284688807,-0.193177452655802,-0.156110380047324,-0.00890130098571766,0.0015082258116011686,-0.049625686632807135,-0.0007372948529833186,0.17397407883900107,-0.172057271865465,0.026929064632980764,0.039991521267581945,-0.019185956666120225,-0.09019953267028462,4.3341874963786314e-15,-0.053054103578152025,0.07304658832239116,0.053876672820239536,0.05415120102966634,-0.1316081613218223,0.024256092814377454,0.16733895715291763,0.01656115747963698,0.016918349448600222,0.021333479144608012,0.16570103923141138,-0.025482583246220523,-0.16496291456222573,-0.1569348157762904,-0.05805858214081863,0.0718733881989545
68,-3.769400257980821e-33,5.082457744317026e-32,-4.569742383188791e-32,-2.5809570696981892e-14,-4.550014496155658e-14,-1.786062553418166e-14,-0.2846736501077002,0.017095793973462493,-5.244927402729205e-13,0.5027124089835804,0.02875712481435721,1.5798771050190163e-10,-2.8971574616503197e-13,-0.0001287795475812717,2.8931177722311804e-16,0.1967297891720865,0.010235145374591548,-3.5633059502068414e-16,3.049813968402983e-17,-9.55217771112237e-10,3.6154122517595525e-09,-3.1271590318947324e-11,0.00019819462808365256,-3.0616901062929336e-13,7.370996604822409e-07,-1.1593513781178901e-07,-8.956543349639785e-05,0.24230545944578466,-0.04487629514031962,0.014707258778855103,-1.0624914878389976e-08,1.3461642284869442e-07,-1.2973978747932662e-08,-0.4460517003458915,0.0771259180968623,-1.350154834536699e-12,-1.3830406778931577e-08,-0.0469946992620867,-0.20431772664330175,-0.03368923241572995,0.05678986127796182,-1.248253300631412e-08,1.0229011579286424e-09,4.67207740972129e-09,-3.816091946212623e-08,-0.0005636713225826021,-0.01538378637170721,0.0181737778467705,-0.045195881041819506,0.03176771508091547,-0.0005163501734976191,-0.0039045938245160887,-0.03882779110624452,-0.00025277987570953615,-0.0001581831008171805,-4.993587615960818e-05,-0.11124627914133385,0.0023751813624389405,0.005348346580738243,-0.010994329867902108,0.11079939550027307,0.06472300280533752,-0.07369343060395252,0.0052041802158978604,-0.003979619425323783,-0.008358489796053891,-0.13778204235928773,-0.11030068132052454,-0.009079516527074429,0.0013491463407246,0.29090905885282153,0.020237812811363626,0.04883379853887543,0.0076694801272578755,0.01908451948095157,-0.008671781493771923,0.04374583214745649,0.024056468514378492,1.1502620832694815e-15,-0.022923168473031882,0.05387570899072152,0.12661464970173567,-0.007765298745515975,0.14327447610898628,-0.14886206870314062,-0.13068752916289259,0.0803396705130562,0.0007397455991480245,-0.12139376965243748,0.007121587686750231,-0.05294207958040231,0.13599792494328444,-0.14451495349275983,-0.01863535018825111,-0.08808619207825011
69,-4.571507714958298e-33,-3.363153770679622e-32,-3.658445671489143e-32,-3.1301092430007987e-14,2.999953121873648e-14,-3.361703516868859e-14,-0.36136491974906415,0.021771017220740794,3.20355258839544e-13,-0.3515450327094392,-0.020224226092905247,1.7559422886074512e-10,-6.460545309162554e-13,-0.0001641332006937283,6.432585300157084e-16,0.37773911916342934,0.019784696182254518,1.0247674163074921e-16,4.953696721063702e-16,-9.80644231868998e-10,1.6960927262242601e-09,-3.395862450586487e-11,-0.00013778536990073558,-4.634295802625014e-13,1.0247028815247393e-06,-1.4321070941345777e-07,-0.00017845979689452054,0.3412874081662696,-0.06852057668429014,0.017578568927191857,3.487763071843764e-09,5.003317304992035e-08,1.4411264331114074e-08,0.33199301816533705,-0.06555074399107783,-2.0817586562388638e-12,-2.6327345022050202e-08,-0.042225965611184905,-0.3143597335416036,-0.05744737036058361,-0.03191316426438794,-2.3604951487408337e-08,1.7264571318454098e-09,1.1212371552689533e-08,-8.886250052325061e-08,-0.0010654014055477713,-0.02906619050319014,0.04388575201572525,-0.15131387135253374,0.03893687008698539,0.0029772472538557838,-0.03504251326510972,0.14051664935623076,7.490264708901966e-05,5.914131106651755e-06,-4.622421732361096e-06,0.005876510946319422,-0.0006590163721270509,-0.017941355535955977,0.0018329438951631145,-0.01863436968345074,-0.060393206080647105,-0.04273459106590516,0.0023630272080331868,-0.0021819984569542337,-0.008481957635609825,-0.1026836979946706,-0.08719564182363496,-0.006682610237417218,0.00042080535999675404,-0.13451005517669218,-0.008162141014761825,0.07369315088535018,0.022307970563467377,0.03589588926988167,0.06999966160847061,-0.04193192485489431,0.10108166518351581,3.543832234827797e-15,0.002446261492800518,0.08553821603585338,0.018881870069250264,-0.07233135869568143,0.015221258238075673,0.08536402435355729,-0.17178064333191653,0.06310365057951058,0.002187730685948622,0.08254597106974801,-0.1593316241979523,-0.04312895273826691,-0.11748527741734709,0.049609051978714236,-0.05573665797312274,-0.19677332575806492
70,-5.35409596728246e-33,-6.290460753067532e-33,-1.6607709672963042e-31,-3.665866848021352e-14,5.542269562195227e-15,3.9136793244895236e-14,-0.4072315620293884,0.02448074729502063,1.9910654365035352e-14,-0.05457450222159061,-0.0030801021118326112,-1.501942947151059e-09,2.4488764899311944e-12,-0.00012807073966972492,-7.677836528472388e-16,-0.44990391599181384,-0.023463506095325493,-1.0221412304487421e-16,-7.496945802912119e-17,-1.2577359263658824e-09,3.2869668205977904e-09,-4.12018299930463e-11,-3.075254970148951e-05,-4.669012534340489e-13,1.084922776814634e-06,-1.5608906978691958e-07,0.0001542276541223374,0.35961231905526875,-0.06907784936938152,0.01860535016554758,-4.1533412863314406e-09,8.480294427898755e-08,7.88794570401229e-09,0.008670179487560065,0.0028828701158340755,-2.939544948296486e-12,5.970349299426059e-08,-0.03396443949525806,0.4123776517349146,0.07189863646426592,-0.01420995737244649,-2.811175704876894e-08,2.409766972445526e-09,1.111794312025783e-08,-8.868284403610304e-08,-0.001254577074900801,-0.03401471404272791,-0.040658600183633015,-0.10380820188457797,0.045488252812896944,0.00039931483320315177,-0.006541742155931256,0.003303384335292622,-0.00018370181967598261,-0.0001231185451626925,1.3690324655814598e-05,-0.0697864609556654,0.0017305214884528915,-0.023497757783251406,0.007371178473546284,-0.07456909780427806,0.0798707577171786,0.12116569183196196,-0.002991558390745523,-0.008659800951224407,-0.012146610112228782,-0.1819583446634065,-0.14716146646144548,-0.008566554527038361,0.0014482007952210743,-0.04493799480164075,-0.000525570495643509,0.16782429585532613,-0.16597401404764656,0.02635938335651634,0.03899251475553193,-0.018976157798090334,-0.08942054592084893,4.46729501382425e-15,-0.053209883213534634,0.07309584775067826,0.05395556288228654,0.05399361204837196,-0.1293374681696049,0.023110472348576,0.16031009670679935,0.016695833016122756,0.016300214703235477,0.020437630746349838,0.1628456868182408,-0.025313821163237347,-0.1645426523355849,-0.15695123608057454,-0.05791729638857081,0.07193582244588279
71,3.078262233937477e-30,-4.0178565257869195e-29,3.510146023825764e-29,2.0280946905752053e-11,3.567055370670266e-11,1.367217396825801e-11,0.0018982451983812001,0.03621170197895746,-4.218377853696094e-12,-0.0031334183441680467,0.06344815264331871,3.0210228487710735e-08,-3.7925237063348925e-11,0.03312091570887266,2.8348800567710245e-16,-0.001045930514119828,0.02365721138653985,1.0789118474639543e-16,3.588844165274505e-17,2.175640794113861e-08,-1.394288393024471e-07,5.681702540149133e-10,-0.05828788128358706,-2.167362327551049e-12,-5.282075519245401e-07,6.099300304524487e-07,0.022098103884244207,-0.061213354270705726,-0.29284883944690443,0.11605328991084224,-2.0926527666505836e-07,9.8649759604173e-07,2.4499721509043357e-07,0.10060689158257367,0.5639010352667039,-7.189785910200616e-13,-2.8791492155031316e-09,-0.24036943848926945,0.040312906443148874,-0.20494893571258344,0.4242825993723778,2.99619413825252e-08,-3.1968131649105294e-09,-9.825190568772003e-09,8.094890471734142e-08,0.0013367326564155473,0.036197983969343185,0.14993329138689737,0.07835305985519211,-0.07331304235207463,0.0012418597692930506,0.015363045125571302,0.0835604097935831,0.0004447149258080206,0.00025109451675810657,9.624876874141919e-05,0.20930586396482725,-0.004338734881365806,-0.04199164759957851,0.023897454507451964,-0.24099881265205014,-0.017376157799731964,0.0704260422421788,-0.0001444362708595345,0.007506212485966966,0.006492583323207207,0.08310962106741014,0.06703752221970855,-0.005429510379309484,-0.0001020991914372716,-0.16640500001961206,-0.015056637651379982,0.05673233895213384,-0.0511050185943273,0.008785995565746704,-0.00048413468384798404,0.03515427501836153,0.015359634358535386,1.1986611270971213e-15,-0.02153352829683598,0.04957651399581059,0.11968108093138088,-0.005327056126601941,0.09044708176264013,-0.07090577875126391,0.03072659652411112,0.045490424196248845,0.007038351517436818,-0.061183267549163735,0.016755771700730452,-0.03406750995153238,0.1236850396630479,-0.13211799478496428,-0.01597906840002187,-0.07750494682667883
72,3.728365634071953e-30,2.6678581943609726e-29,2.7411202750506786e-29,2.4561833825748962e-11,-2.362988666841457e-11,2.607681135230932e-11,0.0023020274579544846,0.04390499026786231,-1.6851219879297037e-12,0.002124170306557567,-0.04251594547967286,2.6653568625058553e-08,-3.572126954906342e-11,0.04025350557934955,2.891911974549585e-16,-0.002144493371573752,0.046764170396099834,6.284425835381215e-17,-4.811236099102404e-17,1.6550497135494106e-08,4.209077145029765e-09,3.876284184865109e-10,0.03906602718021135,-2.5909852756641793e-12,-4.665656815798251e-07,4.36978315138721e-07,0.04284621978571996,-0.07454652077896909,-0.33779370793832275,0.19142070306680767,-3.4177685307223603e-07,2.3316037506453066e-06,8.939876056145038e-08,-0.063089694824787,-0.3726534942880723,1.9005923219393097e-11,-2.543413903726865e-07,-0.2893323735252554,0.08535193117281548,-0.41911559420833466,-0.26684658033110914,1.0664889946970696e-07,-7.2857449820602546e-09,-3.922964087382756e-08,2.907563609170543e-07,0.004623525976897671,0.1234587399370197,0.30384534723232354,0.19724061551873842,-0.006327824664448321,-0.0010261113608258867,0.04255688324003235,-0.03335852213484604,8.527661737342489e-05,-1.5342402947916e-06,4.2651509659076134e-05,-0.04698979313204309,6.319255692873397e-05,0.1827458753862996,-0.0025605641084320975,0.02630906181469114,0.149213596402947,0.10494892115297891,-0.00012829229246529074,0.010688398457096968,0.005574722376743812,0.10998337261804507,0.08239532103594846,0.002283921445542149,0.00028950682081775695,0.14462986092624333,0.012956433663576366,0.0327895627950198,-0.08884253629429398,0.0009829308385852764,0.003123062837834058,-0.031076590266098245,0.0633179201592797,3.262967598886567e-15,0.0026991254016464285,0.08127137110659925,0.016638608887747156,-0.05648506500221737,-0.005930192206020587,0.018380157518985894,0.1425898050699315,0.020613362557469823,0.009470944621243114,0.021144734488972004,-0.0498278030306881,-0.020198684460222386,-0.10608103284444743,0.042262456994367335,-0.04828624960555323,-0.17012926609496729
73,4.371262274525436e-30,5.092006991802686e-30,1.29793066375863e-28,2.8797991112096767e-11,-4.475740441059276e-12,-3.114883044914023e-11,0.0026982427271702303,0.05146547752629479,-3.1949754591300512e-12,0.0004319578765599459,-0.008368002327135408,3.94532278626882e-08,-3.2877909488240735e-11,0.04713384907264085,3.9657629224036606e-16,0.002468404006893863,-0.05645996803350247,-2.307644821023601e-17,1.6346318876407532e-16,2.0721942221307527e-08,-3.7276577677921685e-08,5.075913392970411e-10,0.0075107920230636695,-3.0464276494115998e-12,-5.937518448726999e-07,4.4169152685449166e-07,-0.052190235144132936,-0.08696377223845092,-0.4000221096358889,0.2123919691592218,-3.2653340810205823e-07,2.4944807365533366e-06,8.852221682377512e-08,-0.007381735201240457,-0.0698606619428309,2.2235755172016588e-11,-3.583576678920447e-08,-0.3403632623802222,-0.06897915076239339,0.5038887998844388,-0.06556411180222668,1.1712379856167531e-07,-6.914957346255042e-09,-2.7363779771123957e-08,2.1615985162464044e-07,0.005151610311921412,0.13888177656038872,-0.36623657403372073,0.12037198784763953,-0.09140650869304785,0.0015740624412183928,-0.03338955679843439,0.10455850006825666,0.0003023689549981688,0.00016447068538808166,-7.714835516774019e-05,0.09622141134716242,-0.0031227213797716652,-0.015181327319851766,-0.017981731235950937,0.18135939241566326,-0.12066990577921338,-0.1525449318931287,0.008286454210966306,0.013962515939933052,0.006306742574062041,0.11408166851033341,0.08588328887011502,0.0007350760989866122,0.00023980339923961505,0.040519553290748016,0.0031114067732950896,0.022289092575442225,0.040219638008174075,0.025682141988707434,0.038821169868062576,-0.016949844316778873,-0.05783390081486754,4.231031046978808e-15,-0.05079821524251029,0.06884990829701347,0.04946144714099858,0.04191409597887433,-0.07224212150293484,0.01878272591522772,-0.15041214429759953,0.029303147882340515,-0.00545446059199382,0.01944991884587956,0.06692636850946027,-0.025771117604035047,-0.14804719900767022,-0.13870312026634257,-0.052302885255229296,0.058997854735883516
74,-4.110641464262928e-33,5.540411927705074e-32,-4.979084714533302e-32,-2.813423212076477e-14,-4.959531085891184e-14,-1.9455899462459687e-14,-9.620559730177945e-05,-0.0019309336908439583,4.816136328238651e-13,0.00015718288802538054,-0.0033785826120557166,1.5162899550109963e-07,-8.707613904993816e-12,-0.345264030389225,1.0019142344772124e-15,2.139949992121984e-05,-0.0012293157757806582,-5.146841801836184e-16,-1.1678661984255319e-17,8.123197416779794e-08,-6.092555438097157e-07,6.90489726786401e-11,0.6044657214620164,6.799254848190139e-14,1.765021474374632e-10,3.3213004986009326e-07,-0.22737933593032117,0.001055277837054316,0.008492262161405618,-0.006491063861472016,1.4688811249624462e-08,-9.289481207069111e-08,-2.6988135913173813e-09,-0.0019023885355202521,-0.018658001505880213,-1.3398168614988706e-12,5.303519700860946e-09,0.027792828592885503,-0.001680800128189151,0.00591536315869726,-0.048123576300279476,-1.757484268248702e-08,1.609623722662348e-09,6.8663353393902384e-09,-5.608910884485303e-08,-0.0007914969025088845,-0.02156017045300575,-0.01620154083589076,-0.06591023196450664,0.04661463815553723,-0.0008687694580153957,-0.005178250668603261,-0.06348502902683917,-0.00039583600205818733,-0.0002475009780489031,-7.75657683445167e-05,-0.1703878442152284,0.0036854260139727417,-0.0012486355255581158,-0.016092522425944823,0.1621223200804514,0.10066602586760989,-0.13597997257861794,0.015314736264087232,0.02262177567600294,0.017818267735115648,0.1955756915429675,0.16227611425638613,-0.01690583371582169,-0.0004470105693829056,-0.40635132692311865,-0.038398915395492526,0.10642075779435259,-0.10623741750134527,0.009347492860537187,-0.007260221039255989,0.03967311200905236,0.019129071044207184,1.1529048529432238e-15,-0.02205301371304719,0.05118691001726511,0.12189741857653473,-0.0063507313569334525,0.11481352019639982,-0.1036715925261728,0.09567177446111882,0.059248542343494436,0.015846448554547816,-0.08773170616038277,0.016983455996635685,-0.04248196673521682,0.12935082431206418,-0.13774392234186564,-0.01719015407992673,-0.08199936615272709
75,-4.980303464400849e-33,-3.660507660020145e-32,-3.985477511815786e-32,-3.408434613266932e-14,3.264922059621996e-14,-3.655692353111073e-14,-0.00011674981195406002,-0.002343091550090819,3.956172823045367e-13,-0.00010869480800706603,0.0022695989142153023,1.853725882408928e-07,-1.1996505094956338e-11,-0.4200369252215355,1.215634075681414e-15,7.459604049216756e-05,-0.002482711882638608,-6.158141645882388e-16,-2.370438480459093e-16,-5.308206401837109e-08,4.062276137329582e-07,-2.7506073765336414e-11,-0.4059052553448272,8.688562707794233e-14,9.47119803096166e-09,6.119874969752629e-07,-0.4423034313476889,0.0012782692698317137,0.010982666331387444,-0.006868920934790215,1.7696708052132793e-08,-1.0401123159611007e-07,-3.985984733393728e-09,0.0007932644893030589,0.012167084127599025,-3.8437039120892395e-12,2.353924466948492e-08,0.03387307142615791,-0.0031284499275562993,0.013420134793527633,0.031148626034657168,-3.42253199160293e-08,2.6876446726825525e-09,1.473720253282747e-08,-1.1483014376377124e-07,-0.0015249520098544022,-0.041308288292794836,-0.03443558082297153,-0.1166512819724646,0.02878676056981755,-1.5091316641461984e-05,-0.014011506566895274,-0.020929933267279245,-0.00024582879493681144,-0.00012315193853625888,-2.5903937239826363e-05,-0.04010821913541476,0.0017725878581147437,-0.16506200986111688,0.009764373576171853,-0.09920640135804495,-0.20694084438628765,-0.14962864414075724,0.016290937592249977,0.034404456844462604,0.004350125705363476,0.20566271360506394,0.13696009732305783,0.0021321531053994426,0.0004265080942319783,0.28831034553750856,0.027549315864948014,0.058390020277629004,-0.17673901230816144,-0.005490984105722212,-0.0054826446610873394,-0.03275020737057235,0.07112521241108255,3.0371583028597373e-15,0.001837623841353931,0.07902416420880495,0.017180873346326522,-0.05860401264497827,-0.0010166645667859476,0.021001044423980823,0.30037021643973105,0.023595345234209572,0.021489067048128117,0.024707851359226776,-0.06727110081074548,-0.022805440327349616,-0.10514819886355513,0.041380113022746925,-0.04857591140555601,-0.16991192585536805
76,-5.8387858873569744e-33,-6.857379856399026e-33,-1.810010880260019e-31,-3.996040543562587e-14,6.0417864019985244e-15,4.267424453402033e-14,-0.00013678322003883914,-0.002745196176155802,5.299283920311706e-13,-2.32956107272311e-05,0.00044657609019311287,2.1637820015876046e-07,-1.4250495373131617e-11,-0.49152057959350637,1.3772855344979042e-15,-0.0001646163262108904,0.0030311937575499223,-6.996118662317312e-16,-2.57935919596371e-16,-9.028584277376234e-09,7.40569562781228e-08,1.4905721349645783e-11,-0.07795430913076873,1.0029130291880369e-13,1.4724685911191562e-08,-7.655259495898528e-07,0.5375490352735756,0.0016014433453148073,0.012921935494695991,-0.007568566520999254,2.3477911837315846e-08,-1.0973659601354771e-07,-1.234108999915142e-08,-8.734662023448899e-05,0.002010337526247583,-4.049668305272874e-12,1.7666322667637286e-08,0.03956353067654868,-0.0009576613973416566,-0.015897990073787494,0.006457750534007597,-3.7056802512465927e-08,2.8303106796831522e-09,1.3752105388868048e-08,-1.0977057692336739e-07,-0.0016602124903681544,-0.045128995861709494,0.04113153558605156,-0.10765797018937899,0.05492538001163424,-0.0008591976754627092,0.003729218160692597,-0.06893768748439387,-0.0003820303144721167,-0.0002258502451621512,1.3036196859477604e-05,-0.12024346975290727,0.003416626532807498,-0.0760116563181789,0.012977788150645464,-0.1313999012861173,0.09085556576302346,0.15630079664898297,0.0057511211378531634,0.02995883714441823,0.01786132780107862,0.2851796075827227,0.22053247176891017,0.007748300105073474,0.0006275150937256626,0.100406448850614,0.007942161376636354,0.008159791950396096,0.12812961814511012,0.041810792159820906,0.06394565167759854,-0.0192281492433584,-0.06758162685920306,4.36019593390011e-15,-0.050059432136624386,0.07005919695516652,0.05009528716266582,0.044873236230318136,-0.09418929271873976,0.033853597336169876,-0.33902144056989425,0.034024662266556954,-0.0188555766551637,0.032092246520269485,0.08939501197457173,-0.02962830090904544,-0.15511150791264228,-0.14207138536849698,-0.05488247340476911,0.05964257587379871
77,3.7604333414334575e-35,-5.244869234905701e-34,4.950425157871292e-34,2.676708704379697e-16,4.734952430966402e-16,1.9456913651645363e-16,2.8977771671795908e-05,0.0006053374445581467,-2.6143819661796863e-13,-4.682472203485811e-05,0.0010589137565286406,-1.429261890255142e-07,1.0650114948285838e-11,0.31872847141175226,-9.476172395892674e-16,1.3775745295177976e-05,0.00036858488481534136,4.555129717361169e-16,1.8673830629348922e-16,-7.774187594781468e-08,5.785358871252399e-07,-1.2345146854059703e-10,-0.5591439624392257,3.4195353704364833e-13,8.123790487901424e-08,-3.9005262745142e-07,0.21040446334005905,0.009218313776825459,0.04581089575141202,-0.019005799002871235,3.839290749977906e-08,-1.8006553304528282e-07,-3.8769771292482534e-08,-0.015200319256515526,-0.08872426483820559,-1.2304754400852928e-12,5.837696469905337e-09,0.05350920635903474,-0.006919680996665274,0.031659241243530915,-0.09344482340269822,-2.1177704711886e-08,1.993859509488761e-09,8.171851846713817e-09,-6.682809314484588e-08,-0.0009531423043438488,-0.025950080839355034,-0.03222018955610611,-0.07730330867408439,0.056130837536881605,-0.001034577384630251,-0.006924957014510093,-0.07502663524275746,-0.0004617419274143068,-0.00028639606988952333,-9.119880400249329e-05,-0.2001822602598559,0.004314880638996106,0.0019211785082925356,-0.019221266294344425,0.1936614701796796,0.10935031251038234,-0.1516367314500938,0.016476247408139917,0.023756917974414697,0.018650741104365955,0.20395487129967435,0.16934604563700512,-0.01773140145051952,-0.0004714852761081101,-0.4233922475017475,-0.040060800698036504,0.1099862252298188,-0.11017814618812956,0.009399074021969036,-0.007712209073322612,0.03991900457993424,0.019367411983116,1.3055279974677532e-15,-0.022093199438194756,0.051319233922427605,0.1219324546787824,-0.006414964899742449,0.11637522755331073,-0.10590452343260777,0.1002843444075293,0.06021054614980872,0.01647613720042811,-0.08952773892398334,0.0170022336607665,-0.04307102543510631,0.12942815410014558,-0.13803905601701016,-0.017315596455907932,-0.08225613520217832
78,4.5568685448711657e-35,3.437858811944684e-34,4.1084286923636475e-34,3.2434896604987725e-16,-3.0863450555115234e-16,3.5642644680929893e-16,3.516778455620274e-05,0.0007346239029427378,-2.5655308011751554e-13,3.3226369668688106e-05,-0.0007127769909822522,-1.742036388893796e-07,1.3723350246448966e-11,0.3875598076225085,-1.1317505406196082e-15,4.863257963287503e-07,0.0007682831445491489,5.227731779361307e-16,2.256969220508942e-16,4.756082652181261e-08,-3.7657647217547237e-07,-2.3355434806860838e-11,0.37514371742559977,4.072451121294891e-13,7.181364196565154e-08,-6.368784131896253e-07,0.40869538888671436,0.011240538446175596,0.05304597928735594,-0.030411444534939228,5.962204116013901e-08,-3.8239967461794036e-07,-1.7438639856354656e-08,0.009310937673864055,0.05847875568026075,-5.83487897341135e-12,5.275039559462847e-08,0.06479728670049563,-0.014161817159499674,0.06572489880968224,0.05953644436538339,-4.6011587602893606e-08,3.5169884506421215e-09,1.9238193820384217e-08,-1.484875462038371e-07,-0.002037850014484201,-0.05503093236474864,-0.06692370755768964,-0.14203241385870358,0.031242005900653593,7.392277129340125e-05,-0.01878421564774806,-0.01947284126309183,-0.0002711279033018532,-0.00013219978259509647,-3.1501836234770024e-05,-0.0391712204593913,0.0018970486145744217,-0.19253558272555252,0.01067528497674604,-0.10848799787318979,-0.23435275423543245,-0.16923902373216979,0.01754521913194237,0.036202705664733284,0.0042721972684713885,0.21298134131982194,0.14117252433054714,0.002114391275930837,0.00043664906480575706,0.2987421226966454,0.028610342182773484,0.0603310743440678,-0.18315825983648648,-0.005933813806122146,-0.006075607735554161,-0.03285773560227681,0.07163210874049375,3.1475856639252724e-15,0.001725841690341546,0.0789153807774069,0.017312335717075533,-0.05870981284678709,-0.000670138094947435,0.02115914719259499,0.3117666298918223,0.023861579723729404,0.022369052942993167,0.024941133912896533,-0.06845496276059752,-0.02303269023305887,-0.1051041759545654,0.04112851239836666,-0.048632657853718765,-0.16983986603728543
79,5.342179263379674e-35,6.257550091319476e-35,1.7474588426778517e-33,3.8025039485301366e-16,-5.507152220865372e-17,-3.9472780236251965e-16,4.120220455318897e-05,0.0008606795776832117,-3.2182416458176386e-13,7.628105743056904e-06,-0.00014084528645437458,-2.0370927434481377e-07,1.602268179569021e-11,0.45366652535174823,-1.3272578003635891e-15,7.662955991347118e-05,-0.0009665499347237192,6.906298463908902e-16,2.4698337389041705e-16,6.119179162481074e-09,-6.398035089825652e-08,-7.644306827252947e-11,0.07211906357664986,4.791279847493524e-13,8.603940792059162e-08,6.353986507557208e-07,-0.49711691491553706,0.013026813974288929,0.06257002184917299,-0.034310761823674346,5.829533959423564e-08,-4.194180195604716e-07,-1.4974665296844846e-08,0.0009336108851594469,0.010797634972426001,-6.456472666211037e-12,1.9247079686581523e-08,0.07596867893043432,0.008741681898660137,-0.07886520193867753,0.01358269754607358,-5.006062473023228e-08,3.6269197116004798e-09,1.7035633835108186e-08,-1.358523772479054e-07,-0.0022338790353470675,-0.060616939934526874,0.0802752241731463,-0.1253365193454029,0.0667675035546526,-0.001058215744319162,0.007012008127916507,-0.08294092418369818,-0.00043535300073794993,-0.00025626766349902196,2.0438434237541696e-05,-0.13718735978881502,0.003930055177120569,-0.0802153209932945,0.015429890916532548,-0.15616864441918288,0.10736686295763799,0.17997666569534518,0.005551499185912823,0.031157463707059203,0.018728736573659928,0.2980009157342469,0.23062509789124896,0.008257746377839992,0.0006559109991041706,0.10465702026944472,0.008283513303405408,0.007202174721709727,0.13439506855751263,0.04297749881021539,0.0657491738596572,-0.019370838122033652,-0.06819238862741261,4.335549926823837e-15,-0.04998714498400185,0.07018343449191143,0.05020836159978456,0.045019603175756324,-0.09564915007891878,0.034877181073606114,-0.35253473939223423,0.03440481916265286,-0.019815974154574725,0.032950895674848255,0.0909572273870491,-0.029935291031940356,-0.15548487591715823,-0.1422990055441487,-0.05507418272845449,0.05948893260059678
80,-6.22797798330885e-20,6.895307387098265e-19,-5.543279342686469e-19,-0.3337097844953215,-0.5837923767392965,-0.2187396567234094,6.018185466341746e-06,0.00011040936254062791,5.367111342947262e-09,-1.1099423484734615e-05,0.00021616865333944576,-5.0051483805447994e-05,3.343534966159907e-08,-1.1061211893427837e-05,-5.660341290577097e-14,-4.455927960852056e-06,9.971330674357858e-05,1.8624384602144126e-15,-3.564264339333298e-15,-1.4008745016215936e-05,0.0001396518350757385,-1.4118941436978767e-07,2.7583684703705938e-05,-8.926016984898108e-13,9.520455165985901e-06,-7.979402892957473e-05,-2.5327977428088587e-05,0.0014728333918755353,0.01942646492908309,0.04021204584040674,6.884128760023039e-06,-2.3970340501219003e-05,-2.1075468793814156e-06,0.001018565694595078,0.003670576050873394,6.354012894979713e-11,-2.5555439963400527e-06,-1.3641888191813458e-05,0.0002791770611335044,-0.001457445748063237,-3.2972261412985717e-06,7.630016800893625e-08,-9.66483622588868e-09,8.561664721646038e-08,-5.517884150237781e-07,0.002992442875645817,0.0765702684739046,0.0010798779654406603,-0.17097225659281648,-0.22970815035460038,0.0010336187358123703,0.342924427143236,-0.0066648393915545515,-0.00031390780852125905,-0.000474856890863266,4.2285432990765806e-05,-0.02243227094584151,0.0022813191618687246,0.0014303896671449656,0.0007329217319947649,-0.007022883449988321,0.13540631302943532,-0.1375518605821053,-0.003426316453896747,-0.012879532893490683,-0.006534612987935279,-0.018822732549826145,-0.0197757992475056,0.03039893186015274,-0.001323418223754454,0.026248154906536245,0.013497335808882772,-0.15475182217256248,0.08181333333178202,-0.02231563039500986,0.032822446862659,0.0047807653154506215,-0.0097021380247857,4.349566617165691e-16,-0.01857615209198176,0.04988404709178785,0.1738291984786809,-0.00547372514229168,-0.1331989579293252,0.2434403245206965,0.06830037561829913,-0.10205576668833631,-0.016509538664272988,0.19097554396437064,0.017526846172664718,0.05385228520893426,0.17697890464599605,-0.12223386337673142,0.0013287843604628544,-0.09031462988515253
81,-7.554484663660083e-20,-4.626109317725934e-19,-4.0202727468077206e-19,-0.4045139189535512,0.39157870374174747,-0.4279101414294369,6.856219745986043e-06,0.00012545947733306055,6.538395229087463e-09,6.142831121561771e-06,-0.00011810918001925153,-6.183590356072927e-05,2.7748202147915934e-08,-1.1460305768108269e-05,-1.0794896270288462e-13,-6.365405875493864e-06,0.00013666081066295225,2.9998999964802286e-15,-5.517328837284069e-15,3.1761827466364255e-06,-9.52546383981745e-05,-3.4088321801713555e-08,-9.878938411786596e-06,-1.0119725994592324e-12,-6.147277541611736e-06,-0.00015219335161202287,-1.439811607920268e-05,0.0006905898533600406,0.004952849546829452,0.0038769539750616927,2.962297692270813e-06,2.235251381730329e-05,-1.0041210245752581e-05,0.0007649515569660368,0.004539284518237483,1.7160786654882207e-10,-1.464430621613393e-06,-0.00027073327188361864,-0.0002869618812430638,0.0026938104526186488,-0.00043720094195750874,2.2642532028635885e-07,8.434562379674707e-09,-7.639931469885702e-08,3.984446958911548e-07,0.008600524778461396,0.2134497928709789,0.004319717333634471,-0.07734952733867782,0.329150067533924,-0.0011547221175120554,0.14268388036883703,-0.0715791544145712,0.00017799882709778516,0.00019532771453439302,3.390168073221741e-05,0.11137332962137692,-0.0007136712811052665,-0.032034684388391056,0.0010883586219462642,-0.010415357604236264,-0.05063566577080001,-0.05107262637240659,-0.021775481058556416,-0.046777848603317136,0.014587733369744876,-0.06205201045125302,0.005826566652861039,0.0116318878682693,-0.0012515621963959066,-0.0667740569739094,-0.01874063667874246,-0.1842583221285967,0.12457708199280089,-0.044706563555302774,-0.10076522118018527,-0.0007824663094890322,-0.045746788115829155,4.968518133266369e-15,0.027114305458123104,0.12639241404245302,0.006904455533668711,-0.03963325411704237,-0.06570998608446312,-0.14721458992238964,0.005022237053758634,-0.08969547753760018,-0.029920321273453655,-0.13772033656798444,0.275462014868879,0.047361752664653325,-0.10575870131531606,0.08720243044448679,-0.04203312026937762,-0.22211181201070324
82,-8.85062879635225e-20,-9.07289709247067e-20,-2.1633747223249625e-18,-0.4741908502519182,0.07680475458586787,0.5189653858310581,8.081380948250109e-06,0.00014792882697452136,7.587437907841652e-09,8.635045780411785e-07,-1.6022471462416016e-05,-7.141505776007383e-05,3.66523119347278e-08,-1.3654814697464108e-05,-1.117335266841536e-13,7.2852846506460925e-06,-0.00015445019297543708,3.263005884169847e-15,-6.171917033120931e-15,-3.438672817071348e-06,-1.7202735748560515e-05,-4.835752670124965e-08,6.689097069769494e-07,-1.1418058623355873e-12,2.7966014365847007e-06,0.00018372997798323976,1.0018226463493916e-05,0.0009405910286543615,0.008098412935701798,0.0101421671439767,-1.577078073493558e-05,8.771268446407369e-06,2.3037312041763258e-05,0.0006395852789464971,0.0034481157429226412,1.4767018464945594e-10,-2.035862308562117e-06,-0.0002717961182321378,0.0010210701066692201,-0.005703726179721072,-4.1666618147864984e-05,2.1684129807890432e-07,-1.3472226692160804e-08,5.983801726654248e-08,-3.889261819977158e-07,0.008712162059865303,0.22457933187468587,0.002865045901469905,-0.21456522307227904,-0.12964267765080353,-0.0032682260214603846,-0.22465776076350127,-0.17470931502330891,-0.00019343634803796253,0.0001758949468901653,5.9499118875583565e-05,0.04114883507261546,0.0007044053755685707,0.03427399099685673,0.001315578064873465,-0.01243682030062667,0.02540638643300952,0.061404571690657474,-0.025774653869889076,-0.0375268091113139,-0.0007594349252319573,-0.036978372867960976,-0.012357376429251542,0.005817497381469893,-0.003705292944294437,-0.03596213659082685,-0.007842988089697992,-0.26487476734474286,0.08575135922615319,-0.0657054719438252,-0.09604365646821225,-0.010110905506127532,0.037587982181755124,6.4727994506756135e-15,-0.09618110561302282,0.08282296784405399,0.041513848485536915,0.03256430367917335,0.14510854498303213,-0.05183282468739531,0.11830036028842625,0.012201794599607645,0.002599104283160638,-0.037333733031726136,-0.2510500154916231,0.003639774100460118,-0.18951634167579604,-0.1586728500147575,-0.048343523069174194,0.12520412395202293
83,-6.715961724743637e-25,1.234384289445631e-23,-1.742330922770086e-24,-3.9700818358362e-06,-1.0696257872445969e-05,-5.671421055109636e-06,-1.6391732168011932e-09,-3.110527240802193e-08,-2.7437547851529245e-12,4.646936283792542e-09,-9.376615650951421e-08,3.294230396234562e-08,-2.4269096536547094e-11,6.645351666790134e-09,6.041833334184149e-17,2.66477810944637e-09,-6.205754763126279e-08,-2.0940076411605214e-18,4.5036509562436915e-18,1.4031033110212338e-08,-1.3966920875795385e-07,1.5680049931929076e-10,-2.5497212611278675e-08,1.5913892933299777e-15,-1.445636647695456e-08,1.1326344813482533e-07,3.4013765021959876e-08,-2.208101947274473e-06,-3.2255188409954015e-05,-7.05986099794081e-05,-1.3865389891246813e-08,0.024287266421411352,0.0021476649845453668,-2.4565806566697054e-06,-1.0384111327412786e-05,-3.751114305091517e-13,9.888677347284446e-09,9.939027009035408e-08,-1.0795293098652758e-06,6.479136704098801e-06,1.5414954759188072e-07,-7.887452690768389e-10,7.848520691483726e-11,-7.033464469931145e-10,4.784081629392422e-09,-3.1793436273052175e-05,-0.0008218896164096601,-1.4096856553960933e-05,0.003684382787549654,0.002480847084190818,3.2004871024261913e-05,-0.0051502415043025865,0.0037014436622447773,-4.5846624031343656e-05,5.350687376299278e-06,8.701024049468385e-07,0.006475301410158702,0.3922477917485935,7.791680424356036e-05,2.1829326617166978e-05,-0.00020682417174796867,-0.0032572538015715265,0.004112486276834758,-0.0006176819742240659,-0.0012184277272145798,0.0011532741306583697,-0.0018471844684181554,0.0014426607668707057,-0.009337258761646174,-0.0003961867146325992,0.07012147208428499,-0.7843863810319647,-0.00771255347198566,0.0005255088352113565,0.004948245664506885,0.01304767693876903,0.0008725724146989026,0.000351241874524497,5.99743784677804e-16,-0.005753678914608611,0.02063277931199711,0.026441207896158742,0.00255830625791222,-0.008231653254308748,0.02154930094133093,-0.008738018707059881,-0.0018225065163491158,0.26605547061586454,0.016536467271162435,0.0035708265476152366,-0.00033911943824320846,-0.06909489209121186,-0.05590709056161895,0.3752669830658198,-0.05756275447216823
84,-8.143190585366382e-25,-8.282801111296278e-24,4.727579254154046e-24,-4.81215029292038e-06,7.174044675873943e-06,-1.1094220266473663e-05,-1.871389009374816e-09,-3.5421054818013275e-08,-3.336468737764589e-12,-2.5544617564489834e-09,5.086463006283679e-08,4.0598788112767055e-08,-2.010964178708411e-11,6.909809565492888e-09,1.1411161005509972e-16,3.773239835184919e-09,-8.426177060330094e-08,-3.538586942019754e-18,6.569265137157122e-18,-3.08528909262554e-09,9.502707064550117e-08,3.932978846182556e-11,8.883046693820484e-09,1.797891901433301e-15,9.16453393737327e-09,2.1579572172954395e-07,1.9371389445659973e-08,-1.0808787522628247e-06,-8.93746861555077e-06,-8.161954110525106e-06,-5.786772758409879e-09,-0.021308135456777663,0.009990773744280812,-1.892491503888465e-06,-1.2638226483262058e-05,-8.368792795589661e-13,6.1359901564494566e-09,8.124384568661417e-07,7.209513388240805e-07,-8.58364998167662e-06,2.04350151899433e-06,-1.6750663677264455e-09,-3.9132944597474125e-11,4.434761325328389e-10,-2.075541506574878e-09,-6.544948458641687e-05,-0.0016502757251000738,-3.501159519361325e-05,0.0028732706683803834,-0.003044434830808238,5.945221895313064e-05,-0.003017805202190565,0.004638858885344894,-5.464449563073971e-05,-4.580432580468193e-06,1.087486184229507e-06,0.00487002808023134,0.4096269246693224,0.0006296832597328502,1.719553854302735e-05,-0.00016296957464572727,0.0028196295841301767,0.00013086947311982994,0.00033073743613219736,0.0012922507671304252,-0.0013295771855358059,0.0025990188775980223,-0.001383932468616848,0.005344313327958342,0.00010566405155133827,-0.05121713347567276,0.5887865914982776,-0.03927855216204831,0.013005211192625913,0.0034239306642138596,-0.0011504993994445756,0.0006182017446477857,-0.0020945112269443755,8.123214400767363e-16,-0.003363753140265253,0.024211025810779465,0.01883466223644426,0.0005513615137174513,-0.005561335321530027,-0.014520200862496077,-0.027395133917446947,-0.0021606183116914227,0.5694516523425882,-0.01271814668920625,0.02637449175598214,-0.00038636692514385824,-0.08262229374471322,-0.04524055044408841,0.37455399959734814,-0.06526509718451137
85,-9.543701008584814e-25,-1.6259772605353323e-24,-3.7320155112833445e-23,-5.64101333611148e-06,1.4069470512259805e-06,1.3454533968313522e-05,-2.2060679336512647e-09,-4.1769146327895244e-08,-3.8678929040410144e-12,-3.3973642003608755e-10,6.493453592636148e-09,4.684189664252853e-08,-2.652988545049422e-11,8.229362749674504e-09,1.1797598593390324e-16,-4.275839573983186e-09,9.413681238660332e-08,-3.8785096158934805e-18,7.39036056015135e-18,3.5123191517895e-09,1.6996660961117056e-08,5.477619195489445e-11,-8.817022981837619e-10,2.0302644408921957e-15,-4.351732886682011e-09,-2.597065312683555e-07,-1.2175085510339598e-08,-1.4617383590252397e-06,-1.4305859096322523e-05,-1.9617133399136357e-05,3.309849239525425e-08,-0.008028747893043996,-0.02210470146752747,-1.6435417770581783e-06,-1.0058796616100871e-05,-7.500872706658728e-13,8.252689911634935e-09,8.210392957259269e-07,-3.448934667114584e-06,2.1838393833481703e-05,3.718223840050885e-07,-1.6626928884329512e-09,1.0335953249475362e-10,-5.208980883533293e-10,3.645989404937772e-09,-6.782075442514097e-05,-0.0017598514109469613,-2.6908803155208424e-05,0.00443087039870081,0.0014061465370192217,8.754987078270732e-05,0.00047865734177213024,0.00622641950003693,-5.6107384192182554e-05,-4.290292914830952e-06,8.345074884048304e-07,0.006593523115110266,0.4588184043079792,-0.0003989592703696536,1.546224253693559e-05,-0.00014775671458911992,0.0005466816445100465,-0.003663265104647733,0.0003624263051733666,0.0004110080679039617,0.00013053981463975904,0.00014500766005278316,0.00018259013531932633,0.002840297491163657,0.00035272715006679536,-0.014783370513178814,0.16464708375045348,0.0564626975671363,-0.020021184047888704,-0.0035360308133434897,-0.005437108303428144,-0.0001318175367866147,0.004443360708919889,1.0882129232023024e-15,-0.010426118313609742,0.022092222094219346,0.02037757630763112,0.005495662888359627,0.01679683343674622,-0.007891032344729378,0.028272949396650707,0.0128615236310872,-0.7709257761978302,-0.0038822591656375504,-0.030342776953355195,-0.005944047937518507,-0.09121021148405874,-0.061000779393811926,0.38231866898176836,-0.04436227960680797
86,1.0030845233011164e-17,1.486394203285654e-17,-2.386771713384075e-17,9.631558659374163e-12,-2.2201528825700555e-11,4.877921911063411e-11,-3.6289074416716648e-12,-7.429738305601659e-11,-6.629515501714646e-07,-6.6673397098899285e-12,1.3976321091761187e-10,0.0047395783462681786,-1.7169363201400436e-06,1.9996258963201443e-09,5.193936288861211e-12,-1.2618398886316346e-11,2.630231681780132e-11,-1.240164629508598e-13,2.138412234593307e-13,-0.0003506153151222453,0.007086543652324149,1.0982460968480996e-06,6.86536059688088e-09,2.573696634338916e-11,0.000343698132367533,0.010885164259930188,1.492074496080784e-08,2.250139095586953e-09,-7.333450597314197e-08,-1.6259971851287278e-07,-0.0002588178854697475,-7.871596828780861e-11,-6.944259981712261e-10,-3.90535396788063e-08,-3.5587474496161626e-07,-1.1565673270632747e-09,9.537003520762141e-06,3.0401067518775315e-08,-5.192319788217376e-08,1.577042291470491e-07,1.7811717450208132e-07,-2.1825951469811636e-07,-9.45232793993621e-08,2.3302619376509108e-07,-9.674091043512157e-07,-0.003130097218200271,-0.0002687880737522978,-8.809247778312408e-06,0.0017200967352160135,-0.0022582609744060253,0.000593298248727798,-0.0012202719880133389,0.0030806804285832845,0.00015192779343058745,0.00016628534410310396,7.194001813961883e-05,-0.0076639125278766315,-4.1424827804637145e-06,-0.0010633327360016509,0.0007419336668594664,-0.006137270350498499,-0.005698252430284452,-0.01516619512834524,-0.12826417050104838,-0.3323615348135377,0.21911213085760287,-0.2719444351775697,0.39518502919292714,0.19567022406854204,0.017590240379365043,0.03499368242137574,0.007665343602236624,0.1558060296928618,-0.1434049665739934,-0.2123718837693153,0.01428573753074417,0.15929483962868005,-0.4404562568361785,8.385224301604454e-15,0.09835069766158776,0.23244951472989772,-0.03162255886823341,0.15990661989516647,0.23580257061615464,0.1397851677332436,-0.08565087737086452,-0.0724333683915218,0.016270785065544482,0.03839576587990164,-0.13382336674994186,0.19083502956521547,0.009550028990310098,0.09392478657214808,-0.0026900634054316842,-0.04447438942839252
87,5.046948661112019e-18,-8.908285812933264e-18,-3.775942143097638e-18,0.00025947791245916073,0.0006998404233250906,0.0003714149989934185,-1.1759853964321655e-07,-2.2261942156896087e-06,-3.4315663728066187e-07,3.374206673325226e-07,-6.794244780790022e-06,0.0024336719531648453,-1.4695862323420977e-06,4.6105170000483236e-07,1.626215410974867e-12,1.9383135852990123e-07,-4.501690345143694e-06,-4.517551525177067e-14,9.284909486543499e-14,0.0004366276598813207,-0.0043638714875684995,3.936982491229138e-06,-1.815971902906629e-06,1.605416376059349e-11,-0.00018546588108049093,0.0017347379692268503,2.4340721209877363e-06,-0.00015523741172550175,-0.0022912643034242444,-0.005046323670359761,-9.995298561734496e-05,3.286763812844423e-06,2.8290969615374605e-07,-0.00017566260640293298,-0.0007310277316243802,-3.099260452661149e-10,1.9059213038268228e-05,3.445339458610335e-06,-7.43638553428768e-05,0.0004567150598103674,2.1274476597162218e-06,-8.077890069083596e-08,2.090839087504577e-08,-2.829384923277839e-07,1.7954651049744551e-06,-0.0022595192167527583,-0.047318601081671414,-0.0007542042713241044,0.2545003804228236,0.3353097628122989,-0.0004385309158422065,-0.5830734798281848,0.044792879266927536,0.00014117889161215116,0.0002445474126333486,-1.5232010631365028e-05,0.036199729073946384,-0.007816988927874172,-0.17641097767721753,0.012670935180578331,-0.12847204932072376,0.34414105023928515,-0.2779445188581421,0.022408462756519795,0.003816354850134257,0.0016539421319214718,-0.03196080135203296,-0.016800182042474063,0.00648856306612831,-0.0008181169441690768,0.03315066814620902,0.0165391257721805,-0.1364078883462242,0.08022490413313231,-0.030761325070485103,0.007055776718850296,-0.009011554604403216,-0.013097628621369407,1.4672289222617893e-16,-0.01807828998294224,0.04574785503590029,0.1714787145220673,-0.0045963725151734365,-0.16048266776579637,0.2229325787659913,0.058675433115949756,-0.11933745765666898,-0.0159858626110107,0.18119518598700926,-0.008718728021584776,0.07305762622882948,0.16245493908281392,-0.09374350960536332,0.003778017755450326,-0.07387682621555405
88,6.118006317164969e-18,5.85776374177964e-18,-6.947302327019688e-18,0.0003163713379698643,-0.0004721631071536177,0.0007308309259180114,-1.3476633439223202e-07,-2.5446214467299605e-06,-4.156683833691444e-07,-1.8778639856097274e-07,3.732878702103367e-06,0.0029908957073377616,-1.2028755863527493e-06,4.808408303074264e-07,3.1456653686605464e-12,2.7839504616108934e-07,-6.202811626027882e-06,-7.813637086835166e-14,1.3741538136754252e-13,-0.0001023340119710329,0.0029629704380914486,9.136947848953485e-07,6.541987801583683e-07,1.7365030557322125e-11,0.00012396479129669666,0.0033064293541159853,1.3942062067353159e-06,-7.359721569838035e-05,-0.0005936426754393289,-0.0005016296124508321,-4.6498833233441745e-05,-3.0919299456547693e-06,1.3870469345458975e-06,-0.00013312177208511363,-0.0009086876955441009,-8.547382928339901e-10,9.388332839005472e-06,5.945277463132354e-05,7.215263762873114e-05,-0.0008037586214920334,0.00016681998562882724,-2.822981382236835e-07,-6.136340396938494e-08,1.2023452485108726e-07,-3.6663547115421457e-07,-0.007228599793307789,-0.12745747542008143,-0.0028606497282083554,0.13104244879250848,-0.46608073150188356,0.004226607125628792,-0.2354141242009048,0.19252137861458146,-0.0007840077343012269,-0.00069822085063474,6.351705385625584e-05,-0.5028841601551709,0.0016616990829424615,0.1380667730198306,0.026525365592291416,-0.2684465286832951,-0.1480537254257895,-0.1052390330104534,0.005351956504483,-0.006793508293392828,-0.0007517517816762982,-0.054699538856202615,-0.03431736538089608,0.006357518318283809,-0.0013131874134683684,-0.07729215908506817,-0.022277289533374333,-0.18008076481929444,0.13142997243630947,-0.05103382923931211,-0.10330139447002865,0.012597229738745578,-0.06921515028070471,4.8664644996774164e-15,0.029067412114264685,0.13107784768860367,0.0021727815311999334,-0.02484411959233849,-0.0470109723518098,-0.14075409956607426,-0.002641538781091449,-0.10339892338690412,-0.03205596834935687,-0.13623571455608136,0.26362411357424376,0.0638574421051287,-0.08780977973157182,0.09028382260563414,-0.03555088784533763,-0.19670586660551287
89,7.170783055338498e-18,1.0739267952136858e-18,7.235605350956854e-18,0.00036870978596276156,-9.207237099124148e-05,-0.0008811910549606028,-1.5792662108559835e-07,-2.982948305696348e-06,-4.85028618161796e-07,-2.6196876372517665e-08,5.024052813954066e-07,0.003473179085040333,-1.60284867965368e-06,5.695723363321498e-07,3.2581097150458797e-12,-3.1664808414523556e-07,6.965558181372756e-06,-8.590881726403832e-14,1.5542037300077312e-13,0.00010418015182748641,0.0005385869922317173,1.29210113002962e-06,-4.498476992567447e-08,1.9768309986508678e-11,-5.443923990393467e-05,-0.004022168435965454,-9.56217247764674e-07,-9.964862696499643e-05,-0.0009636060860596367,-0.0012911524820294167,0.00021845432955614323,-1.2100306488078226e-06,-3.194501314986395e-06,-0.00011152620589888414,-0.0006922853740990157,-6.955555891270524e-10,1.3561699709963428e-05,5.9377291993895125e-05,-0.00026548165319904626,0.0017341025599374854,1.8314918990119874e-05,-2.0775089963361315e-07,1.2818165095734419e-08,-2.928473404619067e-07,1.9374880205920356e-06,-0.006220681053523771,-0.13368769061504832,-0.0019399829702133348,0.31826802154894623,0.17546838020781427,0.008714476220643572,0.3434710136238989,0.3987427736260522,-0.000510048508754458,-0.00070177006968754,-0.00023929533310352663,-0.25440831661927066,-0.0028863118780135186,-0.4455501009528173,-0.007679914822435952,0.07503944444255703,0.05266522381874074,0.1535493817019448,-0.005355916966676313,-0.013809640431585309,-4.681262330045976e-06,-0.04354182242193091,-0.022482002130068176,0.008974346590877032,-0.0022231339192707827,-0.03749105045492026,-0.008574192072823861,-0.2405095001170769,0.0982314565839316,-0.07257817165961256,-0.10547729381734762,-0.0033032598281330454,0.05242591612684969,6.615459179112499e-15,-0.10141118517116114,0.0836663253664719,0.03540379929937235,0.02362691105368757,0.15758490540512674,-0.04685529874606258,0.12013507811774457,-0.028541807908555223,0.006743614368961087,-0.039812137044086336,-0.2447972997759707,0.03160006945413859,-0.16688201324617224,-0.13239935251963114,-0.04067608168725184,0.12586184991430016
90,1.796833204778933e-25,-3.4046797738813725e-24,4.899298054569666e-25,1.0997819540192554e-06,2.9735770666803375e-06,1.5827697052884293e-06,3.95490815999017e-05,0.0007286652897068796,4.2668900487090155e-11,-0.00011288991321334287,0.0022075253078858706,-7.571548441286332e-07,6.061657328403095e-10,-8.278656995103497e-05,-3.947098213887512e-15,-6.167857356912663e-05,0.0013725572076058385,1.7935128169307597e-16,-3.9189775166513734e-16,-5.255763277942098e-07,4.616743551705432e-06,-8.003385875779926e-09,0.00031805457169573824,5.919522505859951e-13,2.548490860143933e-06,-8.076886330173584e-06,-0.00035684582553728496,0.017068694109361102,0.25335830512390806,0.5677141568144572,-1.1524678621551996e-06,1.290897082577887e-05,-1.805515023438927e-06,0.01651591293647352,0.06353339016157088,-4.2003233974146305e-11,8.087889675295095e-07,0.001442333549268454,0.001758497559780639,-0.012473400551492956,-0.001423158651958568,-1.3092887477596083e-07,9.765998531611188e-09,-8.817874307797285e-09,3.57928003592975e-08,-0.005557279503367938,-0.14722956478137475,-0.0018225591385894382,0.04906178816086601,0.1681636596148524,-0.0018965825973077722,-0.12680227331998292,-0.07353060795594207,3.83029127632125e-05,0.0002243198143975851,-6.270223358355374e-05,-0.0943011490432281,0.0007191453385739766,0.1535318683622901,-0.021632752828070836,0.21850897160659305,-0.43279840306178163,0.35382149732001106,-0.03660500593491947,-0.022926724450254274,-0.009399260281228646,0.007110169142857315,-0.0070148744488556,0.03481892452558345,-0.0011785149296633188,-0.014125209263495336,0.011680183435269003,-0.1076644720177533,0.04939495798998136,-0.010863953787283285,0.029461118844345466,0.020931598658027118,0.0017748750373950822,6.415039627296431e-16,-0.02051200943377948,0.05147144649297058,0.1556923076547363,-0.006129430260170721,-0.04266304433940003,0.1459670270343707,0.055725681834834194,-0.04887670358917338,-0.01269954192262748,0.10923986174348811,0.023387136060384353,0.01915299098210473,0.165206270496567,-0.13455921887726505,-0.006661980825171819,-0.09048190644771087
91,4.6013547609183726e-36,5.384928106454458e-35,-2.2098886281810934e-35,3.275599740698045e-17,-4.8407028367898444e-17,7.684363123156015e-17,0.009524832362196013,-0.0005921665179371654,-1.3926787257141341e-14,0.014458933916101325,0.0008601623679517373,-9.984913791836705e-12,4.077204764946149e-14,9.233856020228581e-06,-4.2612345422039414e-17,-0.022305268109448235,-0.0012127621262190765,-4.913302070162353e-18,-1.763533062763212e-17,8.825720569220721e-11,-1.531869365785089e-10,3.4056112589344367e-12,1.2317507435704027e-05,7.571623083360794e-14,-1.4651859683710808e-07,1.8994488235791666e-08,2.3447718920793652e-05,-0.049166796196599014,0.01107737735832044,-0.0030296250503607934,-7.315658152798162e-10,-9.476857565696402e-09,-2.761393116126135e-09,-0.07899143757468477,0.018029787650642115,1.0706374025109323e-12,1.0371148487021597e-08,0.012769782761270993,0.11510632612850655,0.02485374713403072,0.017377006934232116,1.9600038097735015e-08,-1.7578547101407216e-09,-1.3344577368682595e-08,1.1019830698130764e-07,0.0009070617701405373,0.025055621947078454,-0.042768177594348845,0.37020701175466425,-0.10069297780337344,-0.012495230087513744,0.11446851679381055,-0.634042064363815,-0.000832752418124282,-0.0002724579338565257,-3.651900922869341e-05,-0.0993215723338402,0.006432539026254304,-0.2825331641053375,0.011967619743331291,-0.12154779004796484,-0.1480316763945337,-0.08743611469412405,0.004400018507795046,-0.003599835199494432,-0.01280718705908498,-0.1578726138777783,-0.1332744190227706,-0.009051748272376125,0.0005634221184244256,-0.17617980272067058,-0.010815127812759883,0.09200956267252071,0.027085380366661062,0.042343631172786333,0.08211684651938043,-0.04377268273585659,0.10602151695577032,3.5085289335770417e-15,0.0024280881292816406,0.08519964678835826,0.018858361686319682,-0.07412140276045533,0.016461809800427562,0.09741596694753923,-0.20678020110779105,0.07052187103799525,0.002699728476710556,0.09354427928178692,-0.17453117485932385,-0.04739951149477334,-0.11920211077438107,0.05014215030605627,-0.056729693521909215,-0.19900010717173144
92,3.9537348693679544e-28,-4.2082720578990905e-27,3.246627699233896e-27,2.4191529662759473e-09,3.6759616566585685e-09,2.1312686802847538e-09,2.3675127281792886e-11,4.62574407041937e-10,6.496627245523334e-14,-5.2762633643756015e-11,1.112494070806482e-09,-9.974704969487737e-10,7.320043404257331e-13,-1.891468117230664e-10,-2.872097484991251e-18,-4.036288729255372e-11,1.0057734649165343e-09,1.0054790903807675e-19,-2.1622827481898588e-19,-5.093262385295275e-10,4.779207893890151e-09,-6.720049807645797e-12,8.838431913843624e-10,-3.2877142433564945e-17,1.5141411898967214e-09,-6.17146136706827e-09,-2.2056255034085584e-09,1.5849028338134485e-07,3.8006830227398912e-06,1.4818395465221579e-05,-7.533457371369569e-09,-0.7809833972333389,-0.22779409978090237,2.127644496372275e-07,1.775980358716383e-06,1.7180476989628367e-13,-1.4231112120739296e-09,-1.4245895069839658e-07,2.454431620186262e-07,-1.3770898528688933e-06,-2.519043535482982e-07,4.89992798370668e-10,-1.700703231131065e-11,8.981887450216715e-11,-7.966326586354245e-10,1.9909773976514015e-05,0.0005142804347216541,9.972202969604576e-06,-0.0022898707610393403,-9.257745266023829e-05,-4.7828129612830746e-05,0.0016128889184330053,-0.00390747107442712,5.096410874251158e-05,1.7273109691068706e-06,-1.4548101103292e-06,-0.006114112237843808,-0.4005761685691877,-0.00011664193872739581,-3.0403312252625212e-05,0.0002890011928114153,-0.0008375776239323953,0.0008732950713123617,0.0003627575700961821,0.0007204946150852941,-2.5522248823653265e-05,0.0009067617547352033,0.00025729237629180756,-0.0006578840471000955,6.0084516012840356e-05,0.002416408925174034,-0.017797325067593534,0.008303972056798075,-0.004331258847336308,0.002128515164067825,0.002886354115271203,0.0004919000717669446,0.0011559189299398232,8.629413858783474e-16,-0.006750047717664387,0.022771761885484222,0.022535265252022096,0.0031982185749231777,0.0017256248798750622,-0.00035846598432306943,-0.0023774449759591484,0.004196932935016314,-0.007881253569972525,9.425102166030052e-05,-0.0014715102815911437,-0.0029021999175473383,-0.08595577693433017,-0.05716149891850696,0.40248194448982827,-0.05827218318101916
93,4.422060266479182e-28,2.4123451195472802e-27,1.2091717111618995e-27,2.705447173457206e-09,-2.10480468451123e-09,3.889241517113289e-09,2.6360766487790982e-11,5.148224169689885e-10,7.573771875284641e-14,2.220131367448809e-11,-4.5886731689924734e-10,-1.1936192739656506e-09,7.030696721660456e-13,-2.06003837475158e-10,-5.299257349636893e-18,-5.0465786831562827e-11,1.2008344620325562e-09,1.8720564913675935e-19,-3.5733874600630165e-19,5.68079195096533e-11,-3.2574134429903847e-09,-2.003065504318909e-12,-2.6048711563752647e-10,-1.3180406537724817e-16,-1.130645491077326e-09,-1.2282922223819835e-08,-8.25932500367273e-10,4.2998563048080856e-08,-9.146003573289683e-07,-7.672465529628613e-06,-3.3411283643941155e-09,0.5930835940747147,-0.5591409108001822,2.872161162917388e-07,1.3825293759257084e-06,1.3883602040933957e-13,-1.6299294963763883e-09,-6.24492079931822e-08,3.5631463253097114e-07,-2.220726452354871e-06,-1.4114967489386333e-07,4.375049871659853e-10,-2.1846100559462316e-11,1.379919955788984e-10,-1.079461449705652e-09,1.7903358140479954e-05,0.00046454190526663537,8.84810781212653e-06,-0.002297348852259288,-0.00030850898323310743,-4.625488352966693e-05,0.0016954215539265723,-0.003834079855191917,5.025762251809343e-05,1.3328415011204973e-06,-1.439361875237916e-06,-0.006130536842970396,-0.39691081585286697,-9.761197006664151e-05,-3.042150101746252e-05,0.000289163925754615,-0.0006225795804431297,0.0007208128093426646,0.00039506560842797906,0.0008036662559485917,-0.00010720066783596463,0.0010519275596912255,0.00016337543753547115,-0.0001652453316212227,7.755465853768374e-05,-0.001596753167839851,0.027643919662072306,0.007457609845158898,-0.003986047545767426,0.0020597633355865595,0.0024015636029101786,0.00048172113528363093,0.0010903218540807623,9.524999410292083e-16,-0.006688099382048525,0.02288176617211661,0.02228981622456123,0.0031432651434496403,0.00186363210593202,-0.0015383665621758948,-0.0028691757973612585,0.004217439868574509,-0.0008184687413150645,-0.0008541331122785742,-0.0008489800276288594,-0.0029148088545125107,-0.08640199950460553,-0.05684182041245045,0.4024046174163296,-0.058467262434948895
94,5.064602229507734e-28,2.481540469231472e-28,1.5010640151696394e-26,3.0988645915159985e-09,-2.1500144735854609e-10,-4.022992791231428e-09,3.101505455725105e-11,6.063853012720376e-10,9.012833974633516e-14,-2.5086001953072563e-12,5.968010254969232e-11,-1.4425499389727555e-09,9.248372400213553e-13,-2.5409590585436894e-10,-6.294475731001287e-18,4.232909209029297e-11,-9.593957189339867e-10,2.365645063971142e-19,-4.685063709377626e-19,-2.007819207450332e-10,-5.740516996396639e-10,-3.9734419951073786e-12,1.3139570680478076e-10,-2.835733476886333e-16,2.933775918834363e-10,1.6130025508896433e-08,5.172149730025759e-10,1.4252032334001865e-07,1.5400582200981564e-06,1.0484588648823064e-06,9.242958025220276e-09,0.19289482178391643,0.7967924716351,1.8614363737069937e-07,1.1771919114890526e-06,1.3175728400015302e-13,-1.2924378468441545e-09,-4.8015724258764134e-08,7.758050814095875e-08,-5.27921570762583e-07,-2.0119617443540714e-07,4.157114999186884e-10,-1.5825317525838528e-11,9.816342737743091e-11,-8.33926487347067e-10,1.6927662410669955e-05,0.00043774643972008443,8.729701437565337e-06,-0.0021791284813250872,-0.0001557241595596216,-4.4354302186180094e-05,0.0017366111226091733,-0.0036940611266954634,4.9104989893701964e-05,1.3449571072157554e-06,-1.4212123982565042e-06,-0.00594516000119049,-0.3865132878087285,-0.000124004340989541,-2.9934400289996406e-05,0.0002845035677318861,-0.0006897109713642097,0.0006357708680784696,0.0003893669261804656,0.0007692470707148144,-6.49784480761374e-05,0.0009742067945682713,0.00020743694888571504,-0.0002669605730026551,8.128827355545136e-05,-0.00038616896744007677,0.013610056734895213,0.009695719583826447,-0.004756461787745269,0.001901821877295151,0.0023416569376357257,0.0004654332780050262,0.001241150862086042,9.370136275123914e-16,-0.006849225444518855,0.022819875148202714,0.02234102376337526,0.003256142120795111,0.00234938798715084,-0.0012764834824871472,-0.001547395100032107,0.0045449767048021845,-0.032072818242920444,-0.0005655671955440029,-0.002179154393799446,-0.003033100943439598,-0.08650557926547447,-0.057194875661023305,0.4023482935944802,-0.057957280945490255
